Crime ID,Month,Reported by,Falls within,Longitude,Latitude,Location,LSOA code,LSOA name,Outcome type
ad0c770fe85b52540efd0e105de20ee884a7d052cec99d5d8a4b8cfcf0bff2a9,2016-12,Norfolk Constabulary,Norfolk Constabulary,,,No location,,,Suspect charged
b0f86bdd7648532ad5e19c6425522c4d09f1e35ca61f6260bf024e7a85a74c62,2016-12,Norfolk Constabulary,Norfolk Constabulary,,,No location,,,Suspect charged
a3a41bfa809fb72fbc11a4af8c4e33650d4db941268ba60cf24dbad7d6394f2d,2016-12,Norfolk Constabulary,Norfolk Constabulary,,,No location,,,Suspect charged
df8a75f3c0916a671d2011ca3671e052422ac06dcaa524f52994b9f1cef9b6df,2016-12,Norfolk Constabulary,Norfolk Constabulary,1.289781,52.635640,On or near TALBOT SQUARE,E01026823,Norwich 007B,Suspect charged
87ecdf8ff0193d340e492552e493b72e1eca1f2b18e23f68834262d5732997cf,2016-12,Norfolk Constabulary,Norfolk Constabulary,,,No location,,,Formal action is not in the public interest
000a5cca2b6e2462606da530bc818a01cc14c30f73971712577eac5c2ff1f0ff,2016-12,Norfolk Constabulary,Norfolk Constabulary,,,No location,,,Suspect charged
875aaca05b277f4c77623c1cf87728f602a122dc00047a8b85645cc0dabb7767,2016-12,Norfolk Constabulary,Norfolk Constabulary,,,No location,,,Investigation complete; no suspect identified
6cce7be21d1edbdd9d98756f4ba6980e5778dcb598d03f135aaaf9d4438894d9,2016-12,Norfolk Constabulary,Norfolk Constabulary,,,No location,,,Investigation complete; no suspect identified
e6a4e52c8fedc40358667b2bd34346f2260de98b95c417aa2a5e7bdb0b915319,2016-12,Norfolk Constabulary,Norfolk Constabulary,1.727724,52.614551,On or near Petrol Station,E01026595,Great Yarmouth 005A,Investigation complete; no suspect identified
b0cb8f2d416b9f04e43b3ca7948f6e70114cfcaf0da81186d0fc359933ef3319,2016-12,Norfolk Constabulary,Norfolk Constabulary,1.268998,52.629129,On or near Supermarket,E01026837,Norwich 009C,Investigation complete; no suspect identified
56be2912dc86629573b7658ce8db8fb1dc71cc59ae9ecce4aaad3e84af717137,2016-12,Norfolk Constabulary,Norfolk Constabulary,1.249229,52.623441,On or near IVORY ROAD,E01026858,Norwich 010A,Investigation complete; no suspect identified
7987fa4ecfd5f046ccb31d75ef4615371d6d9ba635457547688ffa6496fbb18a,2016-12,Norfolk Constabulary,Norfolk Constabulary,1.212811,52.940486,On or near ST ANDREW'S ROAD,E01026771,North Norfolk 001B,Investigation complete; no suspect identified
84dcef190b311e6968a9e33b4cfe341d6ea2ceb78757dc4090ad7c3d8bf57a0a,2016-12,Norfolk Constabulary,Norfolk Constabulary,1.279774,52.634470,On or near GOLDSMITH STREET,E01026827,Norwich 007F,Investigation complete; no suspect identified
2e1e4f7e319ed40485a014d4665e4c83f162c70d3f75b326bd2eb7c16d064c6d,2016-12,Norfolk Constabulary,Norfolk Constabulary,1.211905,52.637644,On or near HANCOCK COURT,E01026794,Norwich 005D,Investigation complete; no suspect identified
a241278821c16e08b1b5fe0e90211e879b1931d67f641d1cecc28b0ff89e42ec,2016-12,Norfolk Constabulary,Norfolk Constabulary,0.630009,52.442027,On or near WILLOW CLOSE,E01029928,Forest Heath 001C,Investigation complete; no suspect identified
62f7dbb14f14d5251f0316ded52fb469a84eae03108ac85fee37fab8d0151cde,2016-12,Norfolk Constabulary,Norfolk Constabulary,1.300607,52.930658,On or near HANS PLACE,E01026735,North Norfolk 003B,Investigation complete; no suspect identified
830f9e06c72273a0918d291e3c7c75301b4b89024538dccc544d1fca570ab515,2016-12,Norfolk Constabulary,Norfolk Constabulary,1.288894,52.639388,On or near GREEN HILLS ROAD,E01026831,Norwich 002D,Investigation complete; no suspect identified
e4795769eeb0c5fb9695efb69999d539f9ca50814ae8f5d329367142e77caad8,2016-12,Norfolk Constabulary,Norfolk Constabulary,1.710838,52.567986,On or near OXFORD AVENUE,E01026619,Great Yarmouth 011C,Investigation complete; no suspect identified
1bf71dc251e4921a36797e522bc697347e6aa432dfebacb506107ba8f85efb7b,2016-12,Norfolk Constabulary,Norfolk Constabulary,1.016535,52.518139,On or near QUEEN'S SQUARE,E01026449,Breckland 011D,Investigation complete; no suspect identified
e696388a5fa6badf4b311e98a7388696aaed0e59bbb1e7417209f1aa1dae839a,2016-12,Norfolk Constabulary,Norfolk Constabulary,1.729779,52.604835,On or near DENE SIDE,E01026624,Great Yarmouth 006C,Investigation complete; no suspect identified
579f3e3b7ad4870ffdaf18f9feeee7c98179a7b48cbfd7d258fce44a71f3cc5b,2016-12,Norfolk Constabulary,Norfolk Constabulary,0.846779,52.800389,On or near CROWN ROAD,E01026442,Breckland 002A,Investigation complete; no suspect identified
679efd3f298c66606565ae10717aa31df27a7cfab57aa6df2ce407e771e01b17,2016-12,Norfolk Constabulary,Norfolk Constabulary,1.299245,52.645503,On or near DE CAUX ROAD,E01026842,Norwich 003B,Investigation complete; no suspect identified
b69101f03852a16e9d7d12d1d7a0c510f00a306003959255a550f6a0cd203815,2016-12,Norfolk Constabulary,Norfolk Constabulary,0.740294,52.418200,On or near MONKSGATE,E01026465,Breckland 015A,Investigation complete; no suspect identified
dd950f6da055c29fb92078f485f8d8388cd27eaafa3393abb50c2272bd4a09d9,2016-12,Norfolk Constabulary,Norfolk Constabulary,0.862179,52.837176,On or near WHITELANDS,E01026745,North Norfolk 011A,Investigation complete; no suspect identified
13e40984d9ee39121ca1d53dbc651cbe564f86d53227b62f36bf98b410638bb8,2016-12,Norfolk Constabulary,Norfolk Constabulary,1.283558,52.609614,On or near SHERWOOD ROAD,E01026820,Norwich 013E,Investigation complete; no suspect identified
2b32ae449ab4521ca008c84904fe1cf1414aee0319ad6b3cf7b25a24fc7130f9,2016-12,Norfolk Constabulary,Norfolk Constabulary,1.733022,52.619844,On or near SALISBURY ROAD,E01026639,Great Yarmouth 004B,Investigation complete; no suspect identified
9915a5d0b37f24a02c2aa7665bda76a01efc9c516618614d84a622ae4130fddb,2016-12,Norfolk Constabulary,Norfolk Constabulary,1.225807,52.638929,On or near HUMBLEYARD,E01033436,Norwich 005H,Investigation complete; no suspect identified
f36153d3fbad67166e0cd6ccf91966b3d6d5df2a95c9ffffe41a4fbd0a5e01af,2016-12,Norfolk Constabulary,Norfolk Constabulary,1.285139,52.628943,On or near GRAPES HILL,E01033437,Norwich 011H,Investigation complete; no suspect identified
8ea3fb171dd1c989c0ed69733445d5a4c85a6e9a3358501418dd2fa21d03ae17,2016-12,Norfolk Constabulary,Norfolk Constabulary,1.111285,52.570049,On or near Parking Area,E01026870,South Norfolk 005A,Investigation complete; no suspect identified
87070e8062708c7db3bb8af93cd76fb034aab54020537f2e953a1f918c993709,2016-12,Norfolk Constabulary,Norfolk Constabulary,1.275648,52.624754,On or near WARWICK STREET,E01026839,Norwich 009E,Investigation complete; no suspect identified
fb94d8e95a2f024e65be72eb9216fd85c726efd044c38dc776ada5f5857a6fb3,2016-12,Norfolk Constabulary,Norfolk Constabulary,1.290758,52.629569,On or near Parking Area,E01026823,Norwich 007B,Investigation complete; no suspect identified
8691da9e7aa4aef8176a606af87f86a4b4e7a4e9f45ed87d29940ec7325ba3c9,2016-12,Norfolk Constabulary,Norfolk Constabulary,1.733979,52.614939,On or near MIDLAND CLOSE,E01026595,Great Yarmouth 005A,Investigation complete; no suspect identified
09954081b3a5373b62faaab375a16e2af5dce74ca0b69f70efb1cc57ec7724d3,2016-12,Norfolk Constabulary,Norfolk Constabulary,1.728357,52.569854,On or near AVONDALE ROAD,E01026610,Great Yarmouth 010A,Investigation complete; no suspect identified
605f3ce889be056a42e8f88d0f14498d5da6b32669fb9345033afebcec170c29,2016-12,Norfolk Constabulary,Norfolk Constabulary,1.213308,52.940167,On or near CROMER ROAD,E01026771,North Norfolk 001B,Investigation complete; no suspect identified
c03902e83435736eeff202570939efb7f28718be16aceb4d12d9c9b9e45d75c4,2016-12,Norfolk Constabulary,Norfolk Constabulary,1.285656,52.650027,On or near GEORGE WINTER COURT,E01026800,Norwich 001D,Investigation complete; no suspect identified
bab4460811119428cc80a15bb9ccfe5ef3c283577f83d3d5657fcf96fa75895e,2016-12,Norfolk Constabulary,Norfolk Constabulary,1.555502,52.531474,On or near THE STREET,E01026944,South Norfolk 010D,Investigation complete; no suspect identified
bbefe7026b01b915f1177db8e2ea8ece0280fe573271196242621629a3f2e0f8,2016-12,Norfolk Constabulary,Norfolk Constabulary,1.117236,52.570710,On or near KIMBERLEY STREET,E01026945,South Norfolk 007D,Investigation complete; no suspect identified
9787b3ed2296a3a6294e3227c00e9c1d263e9ecba947c9d3c7b15ee586c4c241,2016-12,Norfolk Constabulary,Norfolk Constabulary,1.145610,52.635053,On or near MILL ROAD,E01026896,South Norfolk 002E,Investigation complete; no suspect identified
00577ae3c35cdade1c1427346ba555ebda26c85ef08bf9fd22e86036791151c8,2016-12,Norfolk Constabulary,Norfolk Constabulary,0.981461,52.718672,On or near PRIMROSE SQUARE,E01033042,Breckland 001F,Investigation complete; no suspect identified
86c58fdcd18cb777c24cc82cb48394d6f3ca125fdcc735f98863aabd45ec8a18,2016-12,Norfolk Constabulary,Norfolk Constabulary,1.268998,52.629129,On or near Supermarket,E01026837,Norwich 009C,Investigation complete; no suspect identified
c8b30527199424d20d8fa9617dce89796010bfaa3f07a83d57faff98af7c97e3,2016-12,Norfolk Constabulary,Norfolk Constabulary,1.318035,52.612277,On or near THE STREET,E01026937,South Norfolk 006G,Investigation complete; no suspect identified
083994aa8594257785e62bc2ef0f6e2003b61d3be3afec91f6fdca6c4d2d4a12,2016-12,Norfolk Constabulary,Norfolk Constabulary,1.281503,52.629331,On or near CHESTER PLACE,E01026835,Norwich 009A,Investigation complete; no suspect identified
69893a24dbe1d9f51dbed65683cd26e5fa446fbf05d2bb6a1fd731cfc20a7a32,2016-12,Norfolk Constabulary,Norfolk Constabulary,0.402528,52.756081,On or near NORFOLK STREET,E01026698,King's Lynn and West Norfolk 011A,Investigation complete; no suspect identified
815d9259902fa95101ec841d5b30809d285f3cf5d9ba4aeeed20181284ecef5a,2016-12,Norfolk Constabulary,Norfolk Constabulary,0.403251,52.756291,On or near LITTLEPORT STREET,E01026698,King's Lynn and West Norfolk 011A,Investigation complete; no suspect identified
c33e49d0b70d6b279f8b14aefe3c7b5dce14621d56dfdb62e13c58d44295081d,2016-12,Norfolk Constabulary,Norfolk Constabulary,0.391359,52.741300,On or near PROCTORS CLOSE,E01026704,King's Lynn and West Norfolk 011D,Investigation complete; no suspect identified
f9dc9ac6cd958ac7328c418c5449ac0800e2bfe22d9b7f989b36fce73bca56c0,2016-12,Norfolk Constabulary,Norfolk Constabulary,1.727724,52.614551,On or near Petrol Station,E01026595,Great Yarmouth 005A,Investigation complete; no suspect identified
e4221603e18f20475d2b46706578dce8e640fabb93024502a2fc929329c85566,2016-12,Norfolk Constabulary,Norfolk Constabulary,1.289821,52.638346,On or near BAKERS ROAD,E01026831,Norwich 002D,Investigation complete; no suspect identified
3941a81beb4134d5923c8c38bffeae6e0b9a94172722b767059d48c7a2b8c336,2016-12,Norfolk Constabulary,Norfolk Constabulary,1.564146,52.807904,On or near SUNSET WALK,E01026786,North Norfolk 013D,Investigation complete; no suspect identified
49d235a94a057929a2d8cab6bf5d36b7759ccafb3bbf3a9ebbb5b9fd17856ad5,2016-12,Norfolk Constabulary,Norfolk Constabulary,1.285656,52.650027,On or near GEORGE WINTER COURT,E01026800,Norwich 001D,Investigation complete; no suspect identified
fa78fed7154ecf6abaec4f5676a95dc5fe8d9f76176039a05ce36595a81a7af9,2016-12,Norfolk Constabulary,Norfolk Constabulary,1.285656,52.650027,On or near GEORGE WINTER COURT,E01026800,Norwich 001D,Investigation complete; no suspect identified
0529753858db61bf573318c6871995ab452d165e11d97357dc1b0abfaccda2b1,2016-12,Norfolk Constabulary,Norfolk Constabulary,1.254293,52.787621,On or near NORWICH ROAD,E01026499,Broadland 001A,Investigation complete; no suspect identified
f966602ca0cca5ddfda7b0f12bb0205f89acb1cb49e06d98f7b010dbf1ffb166,2016-12,Norfolk Constabulary,Norfolk Constabulary,1.263540,52.762329,On or near MILL ROAD,E01026501,Broadland 001C,Investigation complete; no suspect identified
f4961060a5a4348d3fd3be0e135cd114d826f86c51f6b753b964f8df3820a133,2016-12,Norfolk Constabulary,Norfolk Constabulary,1.710110,52.576832,On or near KING'S ROAD,E01026603,Great Yarmouth 009C,Investigation complete; no suspect identified
973e33450beba1789e8a55802b72386c661221f1cdb3ff695a2e92e65eb892a9,2016-12,Norfolk Constabulary,Norfolk Constabulary,0.734862,52.420494,On or near GUILDFORD WAY,E01026467,Breckland 015C,Investigation complete; no suspect identified
8254e1c9c05c0776294c1f6cc7df1bb84d41151274aecc61d9e58721e027840b,2016-12,Norfolk Constabulary,Norfolk Constabulary,1.291049,52.627726,On or near Parking Area,E01026822,Norwich 007A,Investigation complete; no suspect identified
6a2b9f82741a46d52f612f2ac8c0766d8cda95daf7aeeb263d82ed497b6281b1,2016-12,Norfolk Constabulary,Norfolk Constabulary,1.308888,52.624000,On or near Supermarket,E01033441,Norwich 014D,Investigation complete; no suspect identified
4a77dd4273f8947ced5497c620fb35a96f284d2b0a401de4afb69e8f8701cc88,2016-12,Norfolk Constabulary,Norfolk Constabulary,1.263468,52.743931,On or near TOWN CORNER,E01026534,Broadland 004B,Investigation complete; no suspect identified
c61f9381f598d0be117a0792fcd6ad6aac5ea32f2145810cc56fb4838633b6e9,2016-12,Norfolk Constabulary,Norfolk Constabulary,1.292444,52.630754,On or near CHARING CROSS,E01026823,Norwich 007B,Investigation complete; no suspect identified
f7b6e638a996b9c86e0e4d1f8ca2e069baac27a1851549eaf86fa0b50930893a,2016-12,Norfolk Constabulary,Norfolk Constabulary,1.308681,52.630661,On or near LOLLARDS ROAD,E01033438,Norwich 014A,Investigation complete; no suspect identified
30fef4707050ce2db5b4e12de2c162d21ba59abc57c67b6c9d93f48537386297,2016-12,Norfolk Constabulary,Norfolk Constabulary,0.918653,52.730856,On or near CHURCH ROAD,E01026462,Breckland 002D,Investigation complete; no suspect identified
e6856ef3500685bbee3764d171f406d9fd8850d159614e7fea1ddff769b94ff8,2016-12,Norfolk Constabulary,Norfolk Constabulary,1.638658,52.702754,On or near JUNIPER DRIVE,E01026637,Great Yarmouth 002D,Investigation complete; no suspect identified
ed63fb67953c2829d7f2e47c1d394702bf07ca5b7cf382c19ada02eb9c090b96,2016-12,Norfolk Constabulary,Norfolk Constabulary,1.298411,52.932311,On or near Petrol Station,E01026734,North Norfolk 003A,Investigation complete; no suspect identified
c271ec22b721623044d325fcaef01884457b1df862cf16e80462efd935c9fc07,2016-12,Norfolk Constabulary,Norfolk Constabulary,0.750343,52.414936,On or near EARLS' STREET,E01026468,Breckland 016A,Investigation complete; no suspect identified
73c26e4de2b0e2e2e29ce6ffc06aaf044709d76248bf7c9eaae82773837a5bfc,2016-12,Norfolk Constabulary,Norfolk Constabulary,1.284666,52.658905,On or near VULCAN ROAD SOUTH,E01026530,Broadland 011A,Investigation complete; no suspect identified
3aa42cdf04e8a818707c321f09a9900f146dd61a17a56da5fec4bb780e74105d,2016-12,Norfolk Constabulary,Norfolk Constabulary,1.290782,52.625350,On or near MALTHOUSE ROAD,E01026822,Norwich 007A,Investigation complete; no suspect identified
76ce9705f6def9eebcc3a01706f8bee685a5b43cdf5399b32e920e6f10814fc0,2016-12,Norfolk Constabulary,Norfolk Constabulary,0.946630,52.678932,On or near Petrol Station,E01026426,Breckland 005B,Investigation complete; no suspect identified
7e29088e0a714014ff799a1c9b89792db7be68f7f4497ce260b406aef1707a26,2016-12,Norfolk Constabulary,Norfolk Constabulary,0.416047,52.709796,On or near MAIN ROAD,E01026723,King's Lynn and West Norfolk 014D,Investigation complete; no suspect identified
b267660a7af7fcabe7ab91c574a3de5481a18b659c0401f6bb9b8f5093d8f3c7,2016-12,Norfolk Constabulary,Norfolk Constabulary,1.300898,52.644090,On or near MAURICE RAES CLOSE,E01026842,Norwich 003B,Investigation complete; no suspect identified
1046522aef191d202220e77b11563079fffb2ad16507b3666b6c9f7e461ab563,2016-12,Norfolk Constabulary,Norfolk Constabulary,0.750343,52.414936,On or near EARLS' STREET,E01026468,Breckland 016A,Investigation complete; no suspect identified
87e417b1d967ae31e2bffb863ef90aa5f8f0960905877f06b6ce4f98712604ab,2016-12,Norfolk Constabulary,Norfolk Constabulary,1.241628,52.638758,On or near Supermarket,E01026867,Norwich 006E,Investigation complete; no suspect identified
1b0d6a62116703e7da82057d6ac9180940cf6675b9c47a13882a2a14a92be7c9,2016-12,Norfolk Constabulary,Norfolk Constabulary,0.752882,52.414392,On or near Parking Area,E01026468,Breckland 016A,Investigation complete; no suspect identified
f47ed42bda04bbbf2902d945c4342237ed4a8ed32c3d8ebd84aa463234789729,2016-12,Norfolk Constabulary,Norfolk Constabulary,1.282713,52.658311,On or near JUPITER ROAD,E01026530,Broadland 011A,Investigation complete; no suspect identified
2f6df8ebf7565de5fbe05d0a556255aebc4fa7c32b8b059dcf34d284fad35210,2016-12,Norfolk Constabulary,Norfolk Constabulary,0.931836,52.666385,On or near LUXEMBOURG WAY,E01026432,Breckland 005D,Investigation complete; no suspect identified
f9af49d7982acad69016996f6b515819265de503538b8108354b0faba800c18c,2016-12,Norfolk Constabulary,Norfolk Constabulary,1.315589,52.633850,On or near TRIDENT DRIVE,E01026850,Norwich 015C,Investigation complete; no suspect identified
e89903bd94e1d8c913ea9e0740a6bc9962534f51084c4332fa213067c421174e,2016-12,Norfolk Constabulary,Norfolk Constabulary,0.734711,52.408789,On or near LONDON ROAD,E01026476,Breckland 017C,Investigation complete; no suspect identified
d7ed588c9d9439a429d51540b747e37ddb97f948cd6a1f93e151661ed4c689c7,2016-12,Norfolk Constabulary,Norfolk Constabulary,1.295335,52.645028,On or near PELHAM ROAD,E01026843,Norwich 003C,Investigation complete; no suspect identified
17c2357e44068811acb98374fa8df70726a08244b12de87f62f3fd60ad41aae0,2016-12,Norfolk Constabulary,Norfolk Constabulary,0.735238,52.408992,On or near LONDON ROAD,E01026476,Breckland 017C,Investigation complete; no suspect identified
a66a031fd3b8d2fab80735cccd44f1d9df38d36a3077a049fe9cbc7c747b8775,2016-12,Norfolk Constabulary,Norfolk Constabulary,1.293790,52.626634,On or near Shopping Area,E01026822,Norwich 007A,Investigation complete; no suspect identified
3958ec43d83b1391ffbde4a11db7cb1a96b21fb656ba407005d4204b6a8c14b7,2016-12,Norfolk Constabulary,Norfolk Constabulary,1.308888,52.624000,On or near Supermarket,E01033441,Norwich 014D,Investigation complete; no suspect identified
2dc30e7dd4f2894d9b65bd896f3767bc12db37c3e87e4261ed5c45fdffb2e476,2016-12,Norfolk Constabulary,Norfolk Constabulary,1.282061,52.632832,On or near DEREHAM ROAD,E01026824,Norwich 007C,Investigation complete; no suspect identified
faaa9a8c4f98c9727da7f9004935e34a002e1179f6d88eba7a079963a08ff654,2016-12,Norfolk Constabulary,Norfolk Constabulary,1.014090,52.519451,On or near QUEEN'S ROAD,E01026449,Breckland 011D,Investigation complete; no suspect identified
b79002d46ca3fd07936325e6121387d2e6e985e3ea64cbabe87fd7d7a106bf8c,2016-12,Norfolk Constabulary,Norfolk Constabulary,0.400959,52.759071,On or near GEORGE STREET,E01026689,King's Lynn and West Norfolk 007C,Investigation complete; no suspect identified
ee9a190cfb5be953b54a95f5d9da8c751a3387c8ffcf8c88c712ed040187017a,2016-12,Norfolk Constabulary,Norfolk Constabulary,1.718885,52.600582,On or near STAFFORD ROAD,E01026633,Great Yarmouth 007B,Investigation complete; no suspect identified
229fb8544cb361fb220b66108706d15c7a6ab409eb65a1b1dcd56f02a5c479a4,2016-12,Norfolk Constabulary,Norfolk Constabulary,0.378214,52.601545,On or near LONDON ROAD,E01033038,King's Lynn and West Norfolk 017G,Investigation complete; no suspect identified
e9246e1eb604e1faf259fd4f287512d85a270ea093ffffd9a2be196cad96fa3e,2016-12,Norfolk Constabulary,Norfolk Constabulary,1.297659,52.620311,On or near GORDON SQUARE,E01026853,Norwich 011B,Investigation complete; no suspect identified
111830604bbc7c166bdf33bea1a8ac119d4ab9365514f66a475f8c3dc22fd512,2016-12,Norfolk Constabulary,Norfolk Constabulary,1.290782,52.625350,On or near MALTHOUSE ROAD,E01026822,Norwich 007A,Investigation complete; no suspect identified
06cb44509c4ccb1d1dbeb02f67b333e70901ca5cfa1213d53415b228283d954e,2016-12,Norfolk Constabulary,Norfolk Constabulary,,,No location,,,Investigation complete; no suspect identified
7f92985db858712fa4ae4d9ede6eef995e054d802712515aec75335d8fbb9b68,2016-12,Norfolk Constabulary,Norfolk Constabulary,1.039568,52.409711,On or near THE STREET,E01026873,South Norfolk 014A,Investigation complete; no suspect identified
c5ad90d4ceb3e4321429633f66d790e02376a53f0e1a91b9bbedac63c1b4f64a,2016-12,Norfolk Constabulary,Norfolk Constabulary,1.284509,52.635517,On or near HEIGHAM STREET,E01026827,Norwich 007F,Investigation complete; no suspect identified
8eaab70e1406056950ebb5ae51c0cd3c35a67820a8d12b7e54d3213884a660cf,2016-12,Norfolk Constabulary,Norfolk Constabulary,0.857882,52.955232,On or near NORTHFIELD LANE,E01026763,North Norfolk 002B,Investigation complete; no suspect identified
10bdf00466c7616436a5d37962eafbb2f43816464de929d1394549a6dd488108,2016-12,Norfolk Constabulary,Norfolk Constabulary,1.436057,52.633733,On or near FROGS HOLE,E01026505,Broadland 014B,Investigation complete; no suspect identified
c85223658e03bd369a24214c34ad70067528ffec20c53e84ce7cccb0782821e1,2016-12,Norfolk Constabulary,Norfolk Constabulary,1.034616,52.657924,On or near CHURCH PLAIN,E01026480,Breckland 006B,Investigation complete; no suspect identified
c2ef9725f3a8f43f4ea45375f71007fc90ecd6c75b91fa1e97c2b85df5e3d7bb,2016-12,Norfolk Constabulary,Norfolk Constabulary,0.750761,52.412445,On or near Parking Area,E01026468,Breckland 016A,Investigation complete; no suspect identified
4db55406ee0bcbe22b18a9ea59fb29bfe432dd9f294a5acbf841b8b10d95e3eb,2016-12,Norfolk Constabulary,Norfolk Constabulary,1.336883,52.645798,On or near WOODFORDE ROAD,E01026809,Norwich 004G,Investigation complete; no suspect identified
5945f7e3494bf5242a35f70631797afa0a139dbb9876379e065ff3bae159b6e0,2016-12,Norfolk Constabulary,Norfolk Constabulary,1.428498,52.607222,On or near CUT LOKE,E01026930,South Norfolk 008F,Investigation complete; no suspect identified
41d41f672de06b2a6926f2668e48891bc980696a83e95b99cad21ac32ef8a933,2016-12,Norfolk Constabulary,Norfolk Constabulary,1.289457,52.622464,On or near KINGSLEY ROAD,E01026855,Norwich 011D,Investigation complete; no suspect identified
f34a39d24eaca24bf8d07c43c5518cc494a8a0e321e05ecb024ac2ff675839cf,2016-12,Norfolk Constabulary,Norfolk Constabulary,1.312060,52.638787,On or near BRITANNIA ROAD,E01026806,Norwich 004D,Investigation complete; no suspect identified
02210c06da7636dc669301e7ac4eb9111336861d14fcd287e3e5833557be1263,2016-12,Norfolk Constabulary,Norfolk Constabulary,0.385732,52.750315,On or near CHURCH CLOSE,E01026705,King's Lynn and West Norfolk 011E,Investigation complete; no suspect identified
32d7aa0ec507f2113a5a6d7f6d87d7b27cd965543b4d67d3df95d670b37df766,2016-12,Norfolk Constabulary,Norfolk Constabulary,1.246200,52.639613,On or near JEX LANE,E01026867,Norwich 006E,Investigation complete; no suspect identified
f0a3864dd7ad51afa697a07f7de890c74feb4f25a0d7ec99b50f86882bf400e3,2016-12,Norfolk Constabulary,Norfolk Constabulary,0.752882,52.414392,On or near Parking Area,E01026468,Breckland 016A,Investigation complete; no suspect identified
72586e2f5d8da3394486d8c4f336ec050c669597fca962a599a9de89d2ab31dd,2016-12,Norfolk Constabulary,Norfolk Constabulary,1.272437,52.732513,On or near Bus/Coach Station,E01026534,Broadland 004B,Investigation complete; no suspect identified
e6fb4792a090a0afed356154da68886cf094aec758149a93748ad7b2b3911c3b,2016-12,Norfolk Constabulary,Norfolk Constabulary,1.480896,52.538451,On or near BRIDGE STREET,E01026879,South Norfolk 008A,Investigation complete; no suspect identified
3b8c2efa25a13a4dc90df2200e6575d270ad8c1b0e178636437b56cd189bf279,2016-12,Norfolk Constabulary,Norfolk Constabulary,1.292796,52.397653,On or near THE COMMON,E01026900,South Norfolk 013B,Investigation complete; no suspect identified
77cce6a8f18e8d217f0a210cf0c495b45fa191dc55b0272324ec9c5991f1a463,2016-12,Norfolk Constabulary,Norfolk Constabulary,1.038227,52.947266,On or near THE STREET,E01026739,North Norfolk 002A,Investigation complete; no suspect identified
e5c8593b7b40119c8dbdcb08a58f8ded2758c1f86a450eefc6da71e55d4106f8,2016-12,Norfolk Constabulary,Norfolk Constabulary,0.398120,52.751917,On or near TOWER STREET,E01026699,King's Lynn and West Norfolk 011B,Investigation complete; no suspect identified
202d198015d374940cd2d21af27ebfccd17fed3b8d1ec08bbf0ad362946031d6,2016-12,Norfolk Constabulary,Norfolk Constabulary,1.735426,52.600708,On or near Conference/Exhibition Centre,E01026626,Great Yarmouth 006E,Investigation complete; no suspect identified
a0522764141627547343499ef1985c6b4535b164b528641b9976b9387d4ecc86,2016-12,Norfolk Constabulary,Norfolk Constabulary,1.440804,52.860609,On or near BEARS ROAD,E01026752,North Norfolk 007D,Investigation complete; no suspect identified
69d1a2cf5811a2189a158d72bf0183e03bb978f9b14a98309700ced72c17717b,2016-12,Norfolk Constabulary,Norfolk Constabulary,1.295601,52.642466,On or near TEMPLE ROAD,E01026846,Norwich 003F,Investigation complete; no suspect identified
16a6984343d2e5d85e415ff4e705afce8d380b84ef620f7c8f2c5e019039f250,2016-12,Norfolk Constabulary,Norfolk Constabulary,0.755535,52.908724,On or near WEST STREET,E01026646,King's Lynn and West Norfolk 002B,Investigation complete; no suspect identified
9565998106dc7704b408d7c7ccb91b2d5b02a035a845db75d8f1e83a934e4026,2016-12,Norfolk Constabulary,Norfolk Constabulary,1.338402,52.436135,On or near CHURCH ROAD,E01026894,South Norfolk 012C,Investigation complete; no suspect identified
af93a5956cd5f2aa8d5b68cc1bd277fb43d820175ddf2948c28f2cf255468eb5,2016-12,Norfolk Constabulary,Norfolk Constabulary,1.284988,52.621995,On or near BRUNSWICK ROAD,E01033434,Norwich 011G,Investigation complete; no suspect identified
27e0c296d6d8033c19bde5bea0283434a7a3ce61e6f095384d5ffbba2c44581a,2016-12,Norfolk Constabulary,Norfolk Constabulary,1.504020,52.664497,On or near Sports/Recreation Area,E01026504,Broadland 014A,Investigation complete; no suspect identified
ef55288b99eb033226d5a9bb1cf1dbd887009979cef03119caabe4cc6aa6d869,2016-12,Norfolk Constabulary,Norfolk Constabulary,1.729195,52.600572,On or near FRIARS' LANE,E01026625,Great Yarmouth 006D,Investigation complete; no suspect identified
ad34471319eb86d996b2d6a252e29601b9677e6ee445e320891151a2995f533e,2016-12,Norfolk Constabulary,Norfolk Constabulary,1.104802,52.380585,On or near SCHOLARS WALK,E01026889,South Norfolk 015B,Investigation complete; no suspect identified
b067d1e1a0f9cd4033f59569d62de1085e44219a39d494cb91219c9d6a933274,2016-12,Norfolk Constabulary,Norfolk Constabulary,1.292642,52.629265,On or near Supermarket,E01026823,Norwich 007B,Investigation complete; no suspect identified
0af329a1912601419415a7b962c90323aa641cbd221ce396a834f135f2b0f71a,2016-12,Norfolk Constabulary,Norfolk Constabulary,1.388492,52.813064,On or near SAMPSON ROAD,E01026760,North Norfolk 010H,Investigation complete; no suspect identified
51e4f4776118123853baab87763c61e90ea63626f8e68e7a29046eaaab2e6c24,2016-12,Norfolk Constabulary,Norfolk Constabulary,0.943919,52.681301,On or near COWPER ROAD,E01026426,Breckland 005B,Investigation complete; no suspect identified
3d400950652c6e00c48c84923327191a52530e885976ded4406d6748a526028b,2016-12,Norfolk Constabulary,Norfolk Constabulary,1.180705,52.599446,On or near QUEEN'S ROAD,E01026907,South Norfolk 003C,Investigation complete; no suspect identified
177a6801aaf485cf23f732cec200e52bc7b74d3f25ba21f1bdb3198816e04cc7,2016-12,Norfolk Constabulary,Norfolk Constabulary,1.261346,52.643487,On or near ALBERTINE CLOSE,E01026828,Norwich 002A,Investigation complete; no suspect identified
3c53ab805af1d0bb14bbf0b917c148beea19cb2abce5c4c45cfb75de919f0d95,2016-12,Norfolk Constabulary,Norfolk Constabulary,1.033491,52.480312,On or near HARGHAM CLOSE,E01026421,Breckland 013A,Investigation complete; no suspect identified
252eb0e84f9992b276c1b11943831c27def3a782ae60cb3f44518d06781e80c5,2016-12,Norfolk Constabulary,Norfolk Constabulary,1.117865,52.499485,On or near HUNTS GREEN,E01026877,South Norfolk 011A,Investigation complete; no suspect identified
7aefdfb1c965ca0fd5de673ca2a8d73b9a93f2eb65926084ab9c639de2726561,2016-12,Norfolk Constabulary,Norfolk Constabulary,1.722283,52.589627,On or near COMMON ROAD,E01026600,Great Yarmouth 007A,Investigation complete; no suspect identified
7b5edee30341d7426cd2c6bba37f3b799cfb72565fb3489da1f5d4d68967b87d,2016-12,Norfolk Constabulary,Norfolk Constabulary,1.185309,52.653489,On or near WILLIAM FROST WAY,E01033538,South Norfolk 001G,Investigation complete; no suspect identified
f18f95b01b37007c5a69a1b8fcd6f5dd649198c1b757480ae321ab52bf19855f,2016-12,Norfolk Constabulary,Norfolk Constabulary,1.306945,52.665227,On or near SYWELL CLOSE,E01026542,Broadland 009C,Investigation complete; no suspect identified
9755e5e0f499f0c2e9c6671f5aba8a0b7ef392582f0e3e8c32c653ae21f2dec9,2016-12,Norfolk Constabulary,Norfolk Constabulary,1.235759,52.638568,On or near WILKINS COURT,E01026793,Norwich 005C,Investigation complete; no suspect identified
d8c4283437bf9de0875a8820d8733c958c39db16ffba1ae823386773089d4f78,2016-12,Norfolk Constabulary,Norfolk Constabulary,1.186357,52.396742,On or near SMITHS CLOSE,E01026887,South Norfolk 014D,Investigation complete; no suspect identified
d964f66bd8ffba095afa2e4444f81139dcefd821780a987c20db3073bba823b4,2016-12,Norfolk Constabulary,Norfolk Constabulary,0.435990,52.578448,On or near BASIL ROAD,E01026727,King's Lynn and West Norfolk 018B,Investigation complete; no suspect identified
224fd1aa75dca6c01e7293d71371b3e7ba33a51be972d4a1746265426948af68,2016-12,Norfolk Constabulary,Norfolk Constabulary,0.736674,52.418167,On or near WINCHESTER WAY,E01026465,Breckland 015A,Investigation complete; no suspect identified
83eb3e314984f83dd15c48b1972b102adb5849433d8446742722fbd940402697,2016-12,Norfolk Constabulary,Norfolk Constabulary,0.736674,52.418167,On or near WINCHESTER WAY,E01026465,Breckland 015A,Investigation complete; no suspect identified
17985d569fb39338c71379b7e9690bf9291b6f5342784cffbae208dc5d97c34d,2016-12,Norfolk Constabulary,Norfolk Constabulary,0.736674,52.418167,On or near WINCHESTER WAY,E01026465,Breckland 015A,Investigation complete; no suspect identified
a92d5f432dccdd512145afe4a8f77cefede1a3a41d526d043ba188f73850ff84,2016-12,Norfolk Constabulary,Norfolk Constabulary,0.736674,52.418167,On or near WINCHESTER WAY,E01026465,Breckland 015A,Investigation complete; no suspect identified
d7dde4d09db5f908b398081c2f9e6e8402b48375162e48a2de7175bfbd1d43a1,2016-12,Norfolk Constabulary,Norfolk Constabulary,0.736674,52.418167,On or near WINCHESTER WAY,E01026465,Breckland 015A,Investigation complete; no suspect identified
394ca08dc07d3f8bb66c2e2c01d8a6f49797ff9aa1cc3e69cf1a56c2891540a3,2016-12,Norfolk Constabulary,Norfolk Constabulary,1.287626,52.642382,On or near EDMUND BACON COURT,E01026830,Norwich 002C,Investigation complete; no suspect identified
03da78ea19f93f3a008be52991b42824748bf24b9fa9fe00cc121f85abe60389,2016-12,Norfolk Constabulary,Norfolk Constabulary,1.295750,52.619690,On or near TRAFALGAR STREET,E01026853,Norwich 011B,Investigation complete; no suspect identified
0dca3164c85861f6f72148edb630cce620f35453dc2b627e2088be947821b06e,2016-12,Norfolk Constabulary,Norfolk Constabulary,1.294726,52.640863,On or near SHIPSTONE ROAD,E01026846,Norwich 003F,Investigation complete; no suspect identified
b86c7ec6c99103cebcf7738a902d157d93f268fefebf977e3e531ca4ecada812,2016-12,Norfolk Constabulary,Norfolk Constabulary,1.109003,52.577016,On or near POYNT CLOSE,E01026922,South Norfolk 005D,Investigation complete; no suspect identified
f06f939e31f5c9c5f904d2f7052406ebe15b5f116aa5f9e1262bb36d155e4f20,2016-12,Norfolk Constabulary,Norfolk Constabulary,1.294057,52.639820,On or near HEATH ROAD,E01026846,Norwich 003F,Investigation complete; no suspect identified
40bff6403bef456d7df3a2525085e20621dc3d2cc3494b75681e6ca46eea99a0,2016-12,Norfolk Constabulary,Norfolk Constabulary,0.942560,52.679366,On or near WRIGHT'S WALK,E01026426,Breckland 005B,Investigation complete; no suspect identified
3ac80d5bcf8e73a2510dfdc24adb16bdb8d034561295b7d1bf232b5379f798b3,2016-12,Norfolk Constabulary,Norfolk Constabulary,1.310986,52.650212,On or near TEMPLEMERE,E01026802,Norwich 001F,Investigation complete; no suspect identified
eeaf452e2a45eb7e0c0fe485db9ac5181e8d08932d037bfe9b1bccb17f4ca912,2016-12,Norfolk Constabulary,Norfolk Constabulary,0.397982,52.754258,On or near Supermarket,E01026698,King's Lynn and West Norfolk 011A,Investigation complete; no suspect identified
f9dad56939bbbe6c8022b80f0281705ed60b4d0e8d970618a1333f7872000652,2016-12,Norfolk Constabulary,Norfolk Constabulary,0.225245,52.726938,On or near SCHOOL LANE,E01026719,King's Lynn and West Norfolk 013C,Investigation complete; no suspect identified
af64cef0f460f15e28c3273197700267fb31815d7b785fef7bf80594d3f85821,2016-12,Norfolk Constabulary,Norfolk Constabulary,1.301375,52.625307,On or near KING STREET,E01033440,Norwich 014C,Investigation complete; no suspect identified
fc39ae48638bea9d34e7b5dd4696dd501808895d57bef25b851c8e96b5ff15d9,2016-12,Norfolk Constabulary,Norfolk Constabulary,1.238920,52.703486,On or near ST HELENA WAY,E01026537,Broadland 004E,Investigation complete; no suspect identified
57eb9fc89f821affb90d04bb2aa139badf89a1366df4492b102ff15efb8338de,2016-12,Norfolk Constabulary,Norfolk Constabulary,1.300178,52.401791,On or near OLD MARKET PLACE,E01026902,South Norfolk 013D,Investigation complete; no suspect identified
cefb34f4426ab54c79dccb253e4e715a7d198918e0c63aca022cb429bffefacd,2016-12,Norfolk Constabulary,Norfolk Constabulary,1.239757,52.705793,On or near LILAC CLOSE,E01026535,Broadland 004C,Investigation complete; no suspect identified
b109a278c3616002bb4b0138a42f9212d952be8e4103e0cdb60ef8cf23038aac,2016-12,Norfolk Constabulary,Norfolk Constabulary,1.145498,52.708009,On or near THE STREET,E01026525,Broadland 002D,Investigation complete; no suspect identified
9ed658234bc89223d57ac37bad8cfa24baffdd892e05ffcafd296821de1e8629,2016-12,Norfolk Constabulary,Norfolk Constabulary,1.293222,52.641300,On or near WATERLOO ROAD,E01026846,Norwich 003F,Investigation complete; no suspect identified
9842667281eeaf2b255c3114dfb82d3dc98b33f35f2aa50c4565888be04fe543,2016-12,Norfolk Constabulary,Norfolk Constabulary,0.822608,52.571703,On or near HARVEY STREET,E01026488,Breckland 009C,Investigation complete; no suspect identified
3a3866bd232b75f87e71c938c7fee35839b443c6a7805893e06cdc919e8d9985,2016-12,Norfolk Constabulary,Norfolk Constabulary,0.742458,52.411361,On or near NEWTOWN,E01026474,Breckland 017A,Investigation complete; no suspect identified
1f31c04dffcdbe1fdb38cc5c22b206e2f21dbe773826e5edf94c918f2a194ab3,2016-12,Norfolk Constabulary,Norfolk Constabulary,1.713352,52.556169,On or near GALAHAD ROAD,E01026612,Great Yarmouth 010C,Investigation complete; no suspect identified
3b80bdf82f3622527f9518a7b81e155e515c4cb35b16cd3bb9e231bf49c37464,2016-12,Norfolk Constabulary,Norfolk Constabulary,0.399779,52.751902,On or near Police Station,E01026699,King's Lynn and West Norfolk 011B,Investigation complete; no suspect identified
6b4cdae98bce872e0a125850eb06b7c3cc8adf09caca65f4252920ddf3a8b2a5,2016-12,Norfolk Constabulary,Norfolk Constabulary,1.264794,52.653249,On or near Petrol Station,E01026531,Broadland 011B,Investigation complete; no suspect identified
ccb01f5fa77395bd3aea89c3f9a7fb0f3b1e0a7c3aac5a75c5813b5401752c58,2016-12,Norfolk Constabulary,Norfolk Constabulary,1.454765,52.773925,On or near Sports/Recreation Area,E01026740,North Norfolk 012A,Investigation complete; no suspect identified
72c969c9be4c75f5a12c0c50437451a3af9b7f2f28c96672b6b824117f9be2a5,2016-12,Norfolk Constabulary,Norfolk Constabulary,0.845132,52.956293,On or near BASES LANE,E01026763,North Norfolk 002B,Investigation complete; no suspect identified
c4bfb192a9d3989e2d884e588c0fe01c0f2430ba6390922bdd57b1c03bb909b4,2016-12,Norfolk Constabulary,Norfolk Constabulary,1.336625,52.640660,On or near HOLMES CLOSE,E01026803,Norwich 004A,Investigation complete; no suspect identified
aa0dbe85dc2a10e9c0ce7444e97fb8f19c040b31f91ddd1ea58d36a1e8a6efe8,2016-12,Norfolk Constabulary,Norfolk Constabulary,0.733504,52.421370,On or near HEREFORD CLOSE,E01026467,Breckland 015C,Investigation complete; no suspect identified
1fd72418cb8f8c0bed19a0a5811477110a1edcc067e7b5e2c71c2d6af7924512,2016-12,Norfolk Constabulary,Norfolk Constabulary,1.294439,52.629377,On or near Shopping Area,E01026823,Norwich 007B,Investigation complete; no suspect identified
22ae17c2a880f1d60bad5fcba00fa43fbf9768cf4ff0ef9df5bf2333d8bd31c3,2016-12,Norfolk Constabulary,Norfolk Constabulary,1.295876,52.627061,On or near Parking Area,E01026822,Norwich 007A,Investigation complete; no suspect identified
5919bcb681741ae4fefde3d7378d53e9f18deab6c12375b641ec1420b1bb4959,2016-12,Norfolk Constabulary,Norfolk Constabulary,1.297025,52.633100,On or near FYE BRIDGE STREET,E01026823,Norwich 007B,Investigation complete; no suspect identified
64286a3bbe83af875e7a8bd792efb5dd7ca677e5509d2dcec8ee788b855ecd35,2016-12,Norfolk Constabulary,Norfolk Constabulary,1.082299,52.625171,On or near Sports/Recreation Area,E01026947,South Norfolk 004C,Investigation complete; no suspect identified
aa81adba6600846b0540783787fac74b9a66153a89783ef1240e1ef4bb9237c6,2016-12,Norfolk Constabulary,Norfolk Constabulary,1.402030,52.743541,On or near MARKET CLOSE,E01026767,North Norfolk 012B,Investigation complete; no suspect identified
3fac8da8077ff044b5b8b13cca1140ca4802cfb82467417ddfeb9ffb2ab2776b,2016-12,Norfolk Constabulary,Norfolk Constabulary,1.302583,52.929245,On or near ST MARGARET'S ROAD,E01026735,North Norfolk 003B,Investigation complete; no suspect identified
73137d27f789a24b70421ce179019332da56576b2e0ea93235665c5a761f02e1,2016-12,Norfolk Constabulary,Norfolk Constabulary,1.324268,52.692110,On or near ORCHARD ROAD,E01026550,Broadland 005B,Investigation complete; no suspect identified
5b79693226aa28c48d6953cee9f8b61886c0c651df205051bf271280b05eea2a,2016-12,Norfolk Constabulary,Norfolk Constabulary,1.263366,52.667813,On or near HALDEN AVENUE,E01026527,Broadland 010B,Investigation complete; no suspect identified
5679e098bf0cab53ad1877f0d864355977b9a85373d15f65c5b250495f8601de,2016-12,Norfolk Constabulary,Norfolk Constabulary,1.602519,52.500296,On or near HADDISCOE ROAD,E01026943,South Norfolk 010C,Investigation complete; no suspect identified
caf352e2ef402f56e41c0936103a67d18a9f0d1609d7b8cd4cb31d0bea83eec8,2016-12,Norfolk Constabulary,Norfolk Constabulary,0.395433,52.752106,On or near HIGH STREET,E01026699,King's Lynn and West Norfolk 011B,Investigation complete; no suspect identified
2d6882931405c9b80c1a903bccc1b55cf24be8765afb4c29826590d6ea553558,2016-12,Norfolk Constabulary,Norfolk Constabulary,1.592093,52.639533,On or near CROFT HILL,E01026609,Great Yarmouth 002B,Investigation complete; no suspect identified
98ba571a3fe1cd0cb9a3b4a3606318374657dd8885abf590ce2c63312dbca784,2016-12,Norfolk Constabulary,Norfolk Constabulary,0.398564,52.755154,On or near OLDSUNWAY,E01026698,King's Lynn and West Norfolk 011A,Investigation complete; no suspect identified
7b4c1c5a7b84b9a81b0110595c8df77ab49207d3094585e26c68c80e75a4cffd,2016-12,Norfolk Constabulary,Norfolk Constabulary,1.629717,52.701886,On or near TRELAWNY ROAD,E01026638,Great Yarmouth 002E,Investigation complete; no suspect identified
21b6a335aeee57a611d9836f4d9cfabcfe73a718ee703d7e12d7aaf25c34b283,2016-12,Norfolk Constabulary,Norfolk Constabulary,1.130466,52.571818,On or near MEADOWSWEET ROAD,E01026945,South Norfolk 007D,Investigation complete; no suspect identified
3ed840f0436285cd3c3a17873defa5297213cc9f052923acd67cdcff78167f05,2016-12,Norfolk Constabulary,Norfolk Constabulary,1.300355,52.620587,On or near KENSINGTON PLACE,E01026816,Norwich 013A,Investigation complete; no suspect identified
ce2662fe39a5d4c65dbae2df6abbf529bd00b868ee6cb9d5c337b3b98a7cb139,2016-12,Norfolk Constabulary,Norfolk Constabulary,0.689512,52.654636,On or near ADMIRAL WILSON WAY,E01026459,Breckland 007E,Investigation complete; no suspect identified
cf486fba7fd7c4609680e1e556c7ad49d8588ea4f8923c15f6b041f573fa147c,2016-12,Norfolk Constabulary,Norfolk Constabulary,1.726337,52.608137,On or near Shopping Area,E01026597,Great Yarmouth 005C,Investigation complete; no suspect identified
6a95e992e3550a6292076ec276eb39a279c952307289e3ea345edae522b2fe70,2016-12,Norfolk Constabulary,Norfolk Constabulary,1.292294,52.645877,On or near WILD ROAD,E01026843,Norwich 003C,Investigation complete; no suspect identified
74c02eb0b252c95e7814f9a09449983701a5ebd15db2919678c9ca9d4e41c16b,2016-12,Norfolk Constabulary,Norfolk Constabulary,1.248942,52.621560,On or near WYCLIFFE ROAD,E01026860,Norwich 010C,Investigation complete; no suspect identified
ef5ad0a08ffd4664ddbf09eb6d2cf39d3e2ae0708f11e6726f0a5226a7bd6f4c,2016-12,Norfolk Constabulary,Norfolk Constabulary,1.196075,52.702698,On or near Parking Area,E01026535,Broadland 004C,Investigation complete; no suspect identified
6f3bbe6a8e9dbdfbdd5755bc9762e1935ffc96c79576708c2af9724f6c0954bb,2016-12,Norfolk Constabulary,Norfolk Constabulary,1.695022,52.574391,On or near MULBERRY GROVE,E01026587,Great Yarmouth 013C,Investigation complete; no suspect identified
1478c7b1dc77745c43ed5f5463816d8acec7bc2e2d50bba611851a076ee908b2,2016-12,Norfolk Constabulary,Norfolk Constabulary,1.289004,52.623133,On or near ST STEPHENS ROAD,E01026855,Norwich 011D,Investigation complete; no suspect identified
722492f9216e06e5d4c68822b1c24bddb722b4679ff9b6afd2bfee4f3e89a9c9,2016-12,Norfolk Constabulary,Norfolk Constabulary,0.400221,52.754293,On or near ALBION STREET,E01026698,King's Lynn and West Norfolk 011A,Investigation complete; no suspect identified
610c9bfe253e94d8c28375973d6fce9224990e55a9a015b91ccf6b3165e6dfdd,2016-12,Norfolk Constabulary,Norfolk Constabulary,0.646189,52.393790,On or near Park/Open Space,E01029928,Forest Heath 001C,Investigation complete; no suspect identified
097510ef94638d260542da0fcc6022680294d4111a79832f4be61dda0c1211ae,2016-12,Norfolk Constabulary,Norfolk Constabulary,1.292730,52.628858,On or near GAOL HILL,E01026822,Norwich 007A,Investigation complete; no suspect identified
abd7eca304899dca20ce4aed052b6829633be6a89c8a9f241929b0c4ad4e0656,2016-12,Norfolk Constabulary,Norfolk Constabulary,1.731738,52.644683,On or near NELSON COURT,E01026594,Great Yarmouth 003F,Investigation complete; no suspect identified
d17f4d6413b51ce6a94deb63435d9aaf541d41bb9d957d2a53b69bc94575407f,2016-12,Norfolk Constabulary,Norfolk Constabulary,1.726672,52.577481,On or near Supermarket,E01026630,Great Yarmouth 010D,Investigation complete; no suspect identified
3d336d64c1652f4ab53273075bb3099e0d1ef86c0ece1b045cff99a720876b12,2016-12,Norfolk Constabulary,Norfolk Constabulary,1.294071,52.631357,On or near Parking Area,E01026823,Norwich 007B,Investigation complete; no suspect identified
d9ec4b67f5e83faad6464a842347f4bc7ba3cd29348c4c77c598dd3971142e44,2016-12,Norfolk Constabulary,Norfolk Constabulary,1.286260,52.629298,On or near UPPER ST GILES STREET,E01026822,Norwich 007A,Investigation complete; no suspect identified
1542da6b818ede53af7ef75c1365065d439bb60552c3301efa74414048dfa25c,2016-12,Norfolk Constabulary,Norfolk Constabulary,0.683133,52.650195,On or near Petrol Station,E01026455,Breckland 007A,Investigation complete; no suspect identified
7cdac18a7a19f7eb4f078a41a0b30f14118f59af08667697f3d5b1844b25ecbd,2016-12,Norfolk Constabulary,Norfolk Constabulary,1.025930,52.521191,On or near MORAR DRIVE,E01026449,Breckland 011D,Investigation complete; no suspect identified
8f236167af6c7df0d788eb6134ce2b1f5938843cc15b78fd207f8f0c31b5a55d,2016-12,Norfolk Constabulary,Norfolk Constabulary,1.299998,52.644502,On or near THE ERINS,E01026842,Norwich 003B,Investigation complete; no suspect identified
567b43eb19be82dc31d2f55ba15415a256b4838d2398a7a866904b23957d40bc,2016-12,Norfolk Constabulary,Norfolk Constabulary,1.024922,52.824190,On or near THE STREET,E01026729,North Norfolk 008A,Investigation complete; no suspect identified
b8d80d40e04bec578c5659bdb108168ea9dd5d315f09cf9699a3262d35ea7dc2,2016-12,Norfolk Constabulary,Norfolk Constabulary,1.293790,52.626634,On or near Shopping Area,E01026822,Norwich 007A,Investigation complete; no suspect identified
032813c4220a7810ecd0ef16a0cb3728b70385f990b1b773f1a5d30dc0428e18,2016-12,Norfolk Constabulary,Norfolk Constabulary,1.303216,52.628943,On or near Nightclub,E01033438,Norwich 014A,Investigation complete; no suspect identified
3a5e55e22efc69623942197bd9f9b21f20d9db6f3d787e047e7fd42691ef81cf,2016-12,Norfolk Constabulary,Norfolk Constabulary,0.485186,52.931873,On or near BISHOP'S ROAD,E01026683,King's Lynn and West Norfolk 001D,Investigation complete; no suspect identified
a2d63e440b7e575fa273b51d705e7dde05d40fcd3c50c60687859be227af6606,2016-12,Norfolk Constabulary,Norfolk Constabulary,1.306971,52.643444,On or near MALTBY COURT,E01026844,Norwich 003D,Investigation complete; no suspect identified
e6e8e20e3ad5f6dead054fd473fb129280c8043c4681aa01e948aea99d30131f,2016-12,Norfolk Constabulary,Norfolk Constabulary,0.225209,52.673862,On or near HARP'S HALL ROAD,E01026721,King's Lynn and West Norfolk 013E,Investigation complete; no suspect identified
4cc37ddfe96f2f5352c6efc3cd43c16fb438ca5594298e43f30022b0720b3559,2016-12,Norfolk Constabulary,Norfolk Constabulary,1.119983,52.557436,On or near PARK CLOSE,E01026884,South Norfolk 007A,Investigation complete; no suspect identified
eabb2da3dda6f53881210b453427c1986b5e3df84ae6fafadeadbb71a55903fd,2016-12,Norfolk Constabulary,Norfolk Constabulary,1.441815,52.633835,On or near BREWSTER COURT,E01026505,Broadland 014B,Investigation complete; no suspect identified
230d3d530553b23e114bb42fc87da1484639f2f2becb43a847d191e994ba9853,2016-12,Norfolk Constabulary,Norfolk Constabulary,1.303539,52.612638,On or near NETHERWOOD GREEN,E01026817,Norwich 013B,Investigation complete; no suspect identified
81fe2b1f74e2918e01d2b5d84be9ed6dc9fb31bb16259e6d259931b8047ab832,2016-12,Norfolk Constabulary,Norfolk Constabulary,1.438020,52.876879,On or near MARINA ROAD,E01026750,North Norfolk 007B,Investigation complete; no suspect identified
5c0b1f49c90083653d5517d0500145bee6f656d9122108bca6b8a26863212d34,2016-12,Norfolk Constabulary,Norfolk Constabulary,0.571803,52.961896,On or near STATION LANE,E01026645,King's Lynn and West Norfolk 002A,Investigation complete; no suspect identified
10b4791862c0608781761e58da0172450b0735a065e57d8fb309f9701772ce2b,2016-12,Norfolk Constabulary,Norfolk Constabulary,1.436057,52.633733,On or near FROGS HOLE,E01026505,Broadland 014B,Investigation complete; no suspect identified
33ddd70f3c8c15462a820197249adddc3c54e262026c3c8056b1984d6f03d1d9,2016-12,Norfolk Constabulary,Norfolk Constabulary,1.342206,52.643858,On or near GOODWOOD CLOSE,E01026569,Broadland 015A,Investigation complete; no suspect identified
77ac49433b8643caebf5ef7e656f278339f09d8291d32f16f7e627ea387e62ff,2016-12,Norfolk Constabulary,Norfolk Constabulary,0.733504,52.421370,On or near HEREFORD CLOSE,E01026467,Breckland 015C,Investigation complete; no suspect identified
9d9e6b5f142e953fb0fa2657796b18f2dedaf677e889507543858579e6b80847,2016-12,Norfolk Constabulary,Norfolk Constabulary,1.277098,52.624588,On or near ROSE VALLEY,E01026839,Norwich 009E,Investigation complete; no suspect identified
c8075366546f56d320bd7b417b88f44ff27f2d22bb6d7cd955b43ae25dbaacca,2016-12,Norfolk Constabulary,Norfolk Constabulary,1.181375,52.654090,On or near ALEX MOORHOUSE WAY,E01033538,South Norfolk 001G,Investigation complete; no suspect identified
1390183456c9a468c527037077ec4ffbccb050ee0f315371981eaa767cac6192,2016-12,Norfolk Constabulary,Norfolk Constabulary,1.240165,52.627970,On or near EARLHAM ROAD,E01026861,Norwich 010D,Investigation complete; no suspect identified
dcaf57866da0f643d107f591d45f0551123a1a3d4fe701a6074871bdc9745291,2016-12,Norfolk Constabulary,Norfolk Constabulary,1.288773,52.609613,On or near HALL ROAD,E01026820,Norwich 013E,Investigation complete; no suspect identified
84c28ab302a33ac6bd73ecc9454cd8407a122bfabd3fb9939b9cb55c8a794d36,2016-12,Norfolk Constabulary,Norfolk Constabulary,1.339604,52.643463,On or near REDFERN CLOSE,E01026809,Norwich 004G,Investigation complete; no suspect identified
e3718911fe9f68a9f28eaf09244502ab8d8ec6e8ca2e482167051ad149c59778,2016-12,Norfolk Constabulary,Norfolk Constabulary,1.339604,52.643463,On or near REDFERN CLOSE,E01026809,Norwich 004G,Investigation complete; no suspect identified
457e82a39b9bdddf982f7ca762ba116174234333003f1bd8c0fa39bd98f67548,2016-12,Norfolk Constabulary,Norfolk Constabulary,1.728803,52.603427,On or near ORFORD CLOSE,E01026625,Great Yarmouth 006D,Investigation complete; no suspect identified
d8bed502890ca858e609d9db6a9643adc0c636046a0ec8ccca61347c6ea165e4,2016-12,Norfolk Constabulary,Norfolk Constabulary,0.400221,52.754293,On or near ALBION STREET,E01026698,King's Lynn and West Norfolk 011A,Investigation complete; no suspect identified
c40bc16ec46d270559e9617e0089ea52ae51b82841602ad2d905a43e2e2807a7,2016-12,Norfolk Constabulary,Norfolk Constabulary,1.721506,52.613893,On or near SCHOOL ROAD,E01026596,Great Yarmouth 005B,Investigation complete; no suspect identified
b291ee7edcb8807bb3b6f8ecc0999068bc3eb03576ffaa22ce9b119b5530f3ef,2016-12,Norfolk Constabulary,Norfolk Constabulary,1.654347,52.568531,On or near STATION ROAD NORTH,E01026616,Great Yarmouth 012D,Investigation complete; no suspect identified
69aaf59f5f7414f3e24dc87fe8692a423402f1ae42a36a2d966272c1a1f0817c,2016-12,Norfolk Constabulary,Norfolk Constabulary,1.178036,52.596244,On or near PRIORY ROAD,E01026907,South Norfolk 003C,Investigation complete; no suspect identified
217cead6debaa9f016a62af9f45da64b3546fc85bd1856c9be2b9716049eb428,2016-12,Norfolk Constabulary,Norfolk Constabulary,1.543398,52.636692,On or near NORWICH ROAD,E01026498,Broadland 018B,Investigation complete; no suspect identified
ca4ebdde1fcb5b14803c59e064367e573156918e3f3cab44bfe096ac7d80fedd,2016-12,Norfolk Constabulary,Norfolk Constabulary,0.364974,52.638389,On or near LOW ROAD,E01026717,King's Lynn and West Norfolk 016F,Investigation complete; no suspect identified
32223a4132fc52d19eb4e739258f14e7ffb5b8efac3613f7f06c44cfd05d648b,2016-12,Norfolk Constabulary,Norfolk Constabulary,1.185090,52.396497,On or near THE STREET,E01026887,South Norfolk 014D,Investigation complete; no suspect identified
b3b809356741e88d6ed89820ecba95404d681231b05d62a5da82f4bdb7b37938,2016-12,Norfolk Constabulary,Norfolk Constabulary,1.242767,52.633376,On or near DOUGLAS HAIG ROAD,E01026796,Norwich 005F,Investigation complete; no suspect identified
91f55a6c69cf400944079bfaa525c6d511b4aa07e13078885c51bf2cae03c389,2016-12,Norfolk Constabulary,Norfolk Constabulary,1.283275,52.634049,On or near ORCHARD STREET,E01026824,Norwich 007C,Investigation complete; no suspect identified
7b70e84b1fbb182ae9ef5169b259017ca1c5766b470d2d0fd3de2a3d5f0ceac9,2016-12,Norfolk Constabulary,Norfolk Constabulary,1.262991,52.633018,On or near Hospital,E01026863,Norwich 006A,Investigation complete; no suspect identified
4a0e3c2749be601ff02142c5dfe5bc2412617297340a8805e4d9672b48d048a9,2016-12,Norfolk Constabulary,Norfolk Constabulary,1.276761,52.653880,On or near BOLINGBROKE ROAD,E01026832,Norwich 002E,Investigation complete; no suspect identified
b4efa981c6d3d995af12b927a1e9d0fa5534828e5c96e95c7524ed5ab86d965e,2016-12,Norfolk Constabulary,Norfolk Constabulary,0.434631,52.790647,On or near HUGH CLOSE,E01026692,King's Lynn and West Norfolk 005B,Investigation complete; no suspect identified
a0a8e1f1fa14f4207f3f6bee67c3a34689bbf78ecd0b5aba097177b8d9cd0502,2016-12,Norfolk Constabulary,Norfolk Constabulary,1.268998,52.629129,On or near Supermarket,E01026837,Norwich 009C,Investigation complete; no suspect identified
6c181eff3f495ed8e6407be436bec3ffed2c8010a3cf3974b5674bdf34f60389,2016-12,Norfolk Constabulary,Norfolk Constabulary,0.688555,52.648669,On or near A1065,E01026455,Breckland 007A,Investigation complete; no suspect identified
f07d4325eb9a4c4ac01dcfcbe1ce647a7135896065135858e592499a441bfcdc,2016-12,Norfolk Constabulary,Norfolk Constabulary,0.728232,52.407446,On or near CAXTON WAY,E01026478,Breckland 017E,Investigation complete; no suspect identified
44aa79d0a0b8de37ed658ce5c2773f8f7effc280eeff456ab0a329a6a70239a4,2016-12,Norfolk Constabulary,Norfolk Constabulary,0.942823,52.654008,On or near DEREHAM ROAD,E01026485,Breckland 006E,Investigation complete; no suspect identified
1141df696055c843ab1ab1e0374163aaf73b9e2053208ce90b3598df68f9898e,2016-12,Norfolk Constabulary,Norfolk Constabulary,0.767752,52.423801,On or near BENBOW ROAD,E01026473,Breckland 016F,Investigation complete; no suspect identified
7d92e9ba00b97f5e2e78fc28b840c2f0a57e9c255f9f079b8edb338dc742b1d1,2016-12,Norfolk Constabulary,Norfolk Constabulary,0.688825,52.648016,On or near Supermarket,E01026455,Breckland 007A,Investigation complete; no suspect identified
da23891497e56173d53b1ad5034dc51d47dede235d6b34b44549989d544aaaa6,2016-12,Norfolk Constabulary,Norfolk Constabulary,1.125575,52.576102,On or near Petrol Station,E01026933,South Norfolk 007C,Investigation complete; no suspect identified
40f4238251d72b14963330fecaa92eb6782fb93f2a2fd2e7894befeae1eaed26,2016-12,Norfolk Constabulary,Norfolk Constabulary,0.411995,52.765950,On or near LADY JANE GREY ROAD,E01026690,King's Lynn and West Norfolk 007D,Investigation complete; no suspect identified
955b7b1e11413c9121a9d013584666621fccc10e912e037ab74f65177a36243e,2016-12,Norfolk Constabulary,Norfolk Constabulary,0.212830,52.727736,On or near PIGEON STREET,E01026719,King's Lynn and West Norfolk 013C,Investigation complete; no suspect identified
26111754a5f23d733ced1fb1a56e7444cd2aa965714425bf24946fcbca54f416,2016-12,Norfolk Constabulary,Norfolk Constabulary,0.732619,52.669611,On or near THE STREET,E01026445,Breckland 002C,Investigation complete; no suspect identified
5933f96697eb1d11d22e62dccfca2d4d1876ad8b78a6cd1145eed976fe682380,2016-12,Norfolk Constabulary,Norfolk Constabulary,0.688825,52.648016,On or near Supermarket,E01026455,Breckland 007A,Investigation complete; no suspect identified
2d81f81c2ffc6e806529a07fc24aeade1e661b476f64076427a6715bf1311d0b,2016-12,Norfolk Constabulary,Norfolk Constabulary,1.278347,52.636146,On or near OLD PALACE ROAD,E01026827,Norwich 007F,Investigation complete; no suspect identified
a82ed11b9f231236dc3f939505f2e0c9cf3d2ae4e864ff08e37a21521a2d640e,2016-12,Norfolk Constabulary,Norfolk Constabulary,1.317564,52.668132,On or near Sports/Recreation Area,E01026541,Broadland 009B,Investigation complete; no suspect identified
6996351217b8fd7fcc9dd07642ef1b67bad359169913c31e74a5134126bff5d0,2016-12,Norfolk Constabulary,Norfolk Constabulary,1.221052,52.618086,On or near Hospital,E01026883,South Norfolk 002C,Investigation complete; no suspect identified
3bf437fb3e9293f995b78683ea69c5cd1f27c6f66a81fd4d3d26f954088292dc,2016-12,Norfolk Constabulary,Norfolk Constabulary,1.303539,52.612638,On or near NETHERWOOD GREEN,E01026817,Norwich 013B,Investigation complete; no suspect identified
5f06d56c9dfefd1f6688a07bcb25451bd814cd73f6d6d999662cdf7407516e31,2016-12,Norfolk Constabulary,Norfolk Constabulary,1.306521,52.612411,On or near Petrol Station,E01026817,Norwich 013B,Investigation complete; no suspect identified
28213dacf75e1c46e9b5807e44cdaf9e113ad20ffb264b3602d69e706b9a4bc2,2016-12,Norfolk Constabulary,Norfolk Constabulary,0.664016,52.779682,On or near RUDHAM ROAD,E01026718,King's Lynn and West Norfolk 004D,Investigation complete; no suspect identified
13f5d43e8af6179732181c62259326838ed9c0d59b7f85b8cc16732a10668180,2016-12,Norfolk Constabulary,Norfolk Constabulary,1.434802,52.556978,On or near THE MEADOWS,E01026880,South Norfolk 008B,Investigation complete; no suspect identified
2598a758bfb33e8007599f9cd0df0114bd849a591e6470dddf26a9e3085d7936,2016-12,Norfolk Constabulary,Norfolk Constabulary,1.310364,52.636505,On or near HEATHGATE,E01026848,Norwich 015A,Investigation complete; no suspect identified
4372786c25d64641c8f104199af20167ceacb5d3394e01ff94ab7a8a1d6b1585,2016-12,Norfolk Constabulary,Norfolk Constabulary,1.727034,52.578441,On or near Supermarket,E01026630,Great Yarmouth 010D,Investigation complete; no suspect identified
27ce3b26b939c6b3aa1020032b3963ce9c1702d09db959785b9c8e1d758c94b3,2016-12,Norfolk Constabulary,Norfolk Constabulary,1.292417,52.627050,On or near WILLIAM BOOTH STREET,E01026822,Norwich 007A,Investigation complete; no suspect identified
2e0b3ecd0a57779b2d357ae7bee167b63b2efd0482230eda88b28485523e2e8d,2016-12,Norfolk Constabulary,Norfolk Constabulary,1.306521,52.612411,On or near Petrol Station,E01026817,Norwich 013B,Investigation complete; no suspect identified
ee939d6e9be288efb7a8dae98890c90f933d2a01f5e4e75910cf82884e23abca,2016-12,Norfolk Constabulary,Norfolk Constabulary,1.426528,52.591081,On or near BEE-ORCHID WAY,E01026930,South Norfolk 008F,Investigation complete; no suspect identified
1a32adadd90fd826849719f06b3a8aec4df658d51ddc5c5159bbc665d3affeec,2016-12,Norfolk Constabulary,Norfolk Constabulary,1.427899,52.554174,On or near COOKE'S ROAD,E01026880,South Norfolk 008B,Investigation complete; no suspect identified
566e8822af9b4a1ba6188093a6b4785b79a59ebb23127343a6fe845a1a40c856,2016-12,Norfolk Constabulary,Norfolk Constabulary,1.282116,52.635547,On or near RUSSELL STREET,E01026827,Norwich 007F,Investigation complete; no suspect identified
1b1824376cba37067c177d73cd44cf999e6577ed321c7845c478b208c894491d,2016-12,Norfolk Constabulary,Norfolk Constabulary,0.752025,52.415976,On or near Supermarket,E01026468,Breckland 016A,Investigation complete; no suspect identified
d5c9f14384f569d4ca4a860017f9cd74b2cde93d64ef366003ef3a73eb5acabf,2016-12,Norfolk Constabulary,Norfolk Constabulary,0.858740,52.554918,On or near HMP WAYLAND,E01033040,Breckland 010F,Investigation complete; no suspect identified
219fa334007182948122604cd2e26d5ab9ca97d401bd1176c38fe35d7fea2585,2016-12,Norfolk Constabulary,Norfolk Constabulary,1.100536,52.381785,On or near STEGGLES DRIVE,E01026932,South Norfolk 015F,Investigation complete; no suspect identified
c7469214c8da9920e6ed567bcbe991e1e0fc006a0e151916072b0f57fc66ef05,2016-12,Norfolk Constabulary,Norfolk Constabulary,1.317564,52.668132,On or near Sports/Recreation Area,E01026541,Broadland 009B,Investigation complete; no suspect identified
03e7a38b9818c018473ca4fef9855f4960130053f0b8cd00ec883a263b8ee986,2016-12,Norfolk Constabulary,Norfolk Constabulary,1.269920,52.651183,On or near BOWERS AVENUE,E01026833,Norwich 002F,Investigation complete; no suspect identified
77140d9c746866ed5408db739cd0e0ead700313065652500a012cca7c57c9af1,2016-12,Norfolk Constabulary,Norfolk Constabulary,1.730006,52.596382,On or near ORDNANCE ROAD,E01026622,Great Yarmouth 006A,Investigation complete; no suspect identified
a324f661d173049729c177d538b0c75ee4d921378e48bf9aa1b2fb904f032186,2016-12,Norfolk Constabulary,Norfolk Constabulary,0.186233,52.670631,On or near CHAPNALL CLOSE,E01026685,King's Lynn and West Norfolk 013B,Investigation complete; no suspect identified
697f1aab0ccbebbc25992b580620f143dc74ce4af1f421fa79760b4360d7be7b,2016-12,Norfolk Constabulary,Norfolk Constabulary,1.117291,52.576276,On or near SIR THOMAS BEEVOR CLOSE,E01026946,South Norfolk 007E,Investigation complete; no suspect identified
831c03dd2c934fb0ac0a5213e16b33a0d00c9b041d7b96995779b78fc2a71171,2016-12,Norfolk Constabulary,Norfolk Constabulary,0.402734,52.754431,On or near BLACKFRIARS ROAD,E01026698,King's Lynn and West Norfolk 011A,Investigation complete; no suspect identified
d058c887f05a469ccabb3b341cc468e75b7064cecdc26bf0fd7495250674a583,2016-12,Norfolk Constabulary,Norfolk Constabulary,1.237927,52.707075,On or near BARRETT-LENNARD ROAD,E01026535,Broadland 004C,Investigation complete; no suspect identified
d2691d1127b283b4e9d4fabde8da44713e4145e95510a164524229df7d953dea,2016-12,Norfolk Constabulary,Norfolk Constabulary,0.393458,52.742561,On or near ST VALERY LANE,E01026706,King's Lynn and West Norfolk 011F,Investigation complete; no suspect identified
5a0d0d486f14981c3ec9b2aad5c14bab2352bccec69975082dd5e9e4e072888f,2016-12,Norfolk Constabulary,Norfolk Constabulary,1.249157,52.794138,On or near Parking Area,E01026500,Broadland 001B,Investigation complete; no suspect identified
847f97fe00b0586352412ca9ded858c2177e57a3021e5b39c5ed9122fec13839,2016-12,Norfolk Constabulary,Norfolk Constabulary,0.414993,52.762518,On or near Sports/Recreation Area,E01026690,King's Lynn and West Norfolk 007D,Investigation complete; no suspect identified
77cb645fa82d0e057c595708f475a4bfcc87e3b06f798c09e3fd4a6285f71a37,2016-12,Norfolk Constabulary,Norfolk Constabulary,0.414993,52.762518,On or near Sports/Recreation Area,E01026690,King's Lynn and West Norfolk 007D,Investigation complete; no suspect identified
c2160d4c8deac0ba775d7aa3ee2f4cb3eb85f9eaff1e134325fce776ac01e67c,2016-12,Norfolk Constabulary,Norfolk Constabulary,1.735962,52.604055,On or near STANDARD ROAD,E01026626,Great Yarmouth 006E,Investigation complete; no suspect identified
d6236cc73e49df49341d05ca37dd5ed8d49c80fcf63db28ee1bd03a55b899639,2016-12,Norfolk Constabulary,Norfolk Constabulary,1.555402,52.592953,On or near WHEELWRIGHTS CLOSE,E01026539,Broadland 018D,Investigation complete; no suspect identified
16d90d6b3f948cda4f5f447e7f08165544f0106c1ebc60156c6f58607c3fe7ff,2016-12,Norfolk Constabulary,Norfolk Constabulary,1.011717,52.521185,On or near B1077,E01026449,Breckland 011D,Investigation complete; no suspect identified
4d191005cd1c9b753b9252b65d180a577c790ec369e2cdef6c58b62bda322611,2016-12,Norfolk Constabulary,Norfolk Constabulary,0.211758,52.641250,On or near THE LOVELLS,E01026660,King's Lynn and West Norfolk 016B,Investigation complete; no suspect identified
890a582216415653d4da22fd6871389478164d56e870404d89e40de2f24c3227,2016-12,Norfolk Constabulary,Norfolk Constabulary,0.780971,52.648819,On or near BRACKENWOODS,E01026446,Breckland 004A,Investigation complete; no suspect identified
4019acadd4b69dbe715471f2fdf0b5e5b39aadc0f847fc40760a375dce846bec,2016-12,Norfolk Constabulary,Norfolk Constabulary,1.304757,52.628217,On or near PRINCE OF WALES ROAD,E01033439,Norwich 014B,Investigation complete; no suspect identified
7839a24fb76791608b544c951147e91c87b581eb809dcae465f3d26f5643e896,2016-12,Norfolk Constabulary,Norfolk Constabulary,1.289771,52.625864,On or near Shopping Area,E01026822,Norwich 007A,Investigation complete; no suspect identified
73ffd849bc6cab36b3a78c1369fbb1a1c9fd103aa754df70b1ec12a17970a95b,2016-12,Norfolk Constabulary,Norfolk Constabulary,0.446984,52.756772,On or near Hospital,E01026714,King's Lynn and West Norfolk 010D,Investigation complete; no suspect identified
aadfe8572e55179a0f3417eb01f092f1423a0c633d2061630bb386a23bbd1c86,2016-12,Norfolk Constabulary,Norfolk Constabulary,1.289771,52.625864,On or near Shopping Area,E01026822,Norwich 007A,Investigation complete; no suspect identified
eea21cb0f1aef66ca7473617b3622443e8cd9a1e86337a69bd61ee53f327b581,2016-12,Norfolk Constabulary,Norfolk Constabulary,1.287335,52.634377,On or near BARN ROAD,E01026827,Norwich 007F,Investigation complete; no suspect identified
0f6d19f4e52f537ccf2067db6748316314eddd8faaeed28c8209604c9f3afa28,2016-12,Norfolk Constabulary,Norfolk Constabulary,1.287926,52.654461,On or near HARMER ROAD,E01026798,Norwich 001B,Investigation complete; no suspect identified
b6d45ffce1bbd19ec75babad3d9098decc5e80a3e420efd9a376efe617a03fc4,2016-12,Norfolk Constabulary,Norfolk Constabulary,1.017271,52.518111,On or near CHURCH STREET,E01026449,Breckland 011D,Investigation complete; no suspect identified
e0d56797da9cfd1b3014e858368ff83712792d28ad18bbc70549ac966f82b751,2016-12,Norfolk Constabulary,Norfolk Constabulary,1.536494,52.823249,On or near BEACH ROAD,E01026740,North Norfolk 012A,Investigation complete; no suspect identified
35e8bf513c07499ec6958d247cc0bd8f4e59c74d02a4522332144bfe9d09f825,2016-12,Norfolk Constabulary,Norfolk Constabulary,1.298411,52.932311,On or near Petrol Station,E01026734,North Norfolk 003A,Investigation complete; no suspect identified
89039c3cd5cc8e2af686b56d10bc2b236849e2a6633c9e468c4428370484c410,2016-12,Norfolk Constabulary,Norfolk Constabulary,1.311602,52.629599,On or near MALVERN ROAD,E01026850,Norwich 015C,Investigation complete; no suspect identified
d1737ce65efa35c48bb176ef1a66bc3e0702b3f3522caa8011abc13aad00b21a,2016-12,Norfolk Constabulary,Norfolk Constabulary,1.190071,52.693669,On or near Park/Open Space,E01026564,Broadland 006C,Investigation complete; no suspect identified
a6293da55c25531c6f5c48f13f9c83090214598a41baf9860ae30afdaac94ec9,2016-12,Norfolk Constabulary,Norfolk Constabulary,1.290758,52.629569,On or near Parking Area,E01026823,Norwich 007B,Investigation complete; no suspect identified
e60c5255dd67cf1a5090fa133b48a5070b8fa851f8580a301f8c36c0bb1c2f5c,2016-12,Norfolk Constabulary,Norfolk Constabulary,1.536704,52.658884,On or near CARGATE LANE,E01026504,Broadland 014A,Investigation complete; no suspect identified
20118de1ebc05d37368591d22196de3ccbc47cebbf546e5307341326eb23f1db,2016-12,Norfolk Constabulary,Norfolk Constabulary,0.942560,52.679366,On or near WRIGHT'S WALK,E01026426,Breckland 005B,Investigation complete; no suspect identified
c48e2c0bfaf53f1aec9d40d381f273f25571fc957a978a13287c3813701c9ee3,2016-12,Norfolk Constabulary,Norfolk Constabulary,1.212255,52.942021,On or near GEORGE STREET,E01026770,North Norfolk 001A,Investigation complete; no suspect identified
505c1266f7b73ff356364ed83f762ef79881af760d4ab21ba51b73f5abab5d72,2016-12,Norfolk Constabulary,Norfolk Constabulary,1.102644,52.908532,On or near BARRETT ROAD,E01026742,North Norfolk 004B,Investigation complete; no suspect identified
ceb605c1e0c9d7495f8bfd7f13760b9416412fd43a851348049df680fb07b25f,2016-12,Norfolk Constabulary,Norfolk Constabulary,1.273362,52.632741,On or near CONNAUGHT ROAD,E01026840,Norwich 009F,Investigation complete; no suspect identified
20322f947af3fc78534bf1031572ede7e68b4349efe559311595ee56a8e2ecf3,2016-12,Norfolk Constabulary,Norfolk Constabulary,1.330158,52.645052,On or near DELONEY ROAD,E01026805,Norwich 004C,Investigation complete; no suspect identified
2e9f55d26ec90c72a568df82591d4200f23b107e55522c4470177ba6c4b7cbcc,2016-12,Norfolk Constabulary,Norfolk Constabulary,0.214510,52.642772,On or near Sports/Recreation Area,E01026660,King's Lynn and West Norfolk 016B,Investigation complete; no suspect identified
664b207efca3274e0359be9f29b5b8fa5e9bc01c2235d6e2469414e195b168d1,2016-12,Norfolk Constabulary,Norfolk Constabulary,0.629992,52.543183,On or near Park/Open Space,E01026424,Breckland 012A,Investigation complete; no suspect identified
6477154ee38278508c88c969f7c8d7cfa2be891c3661751ab4a5b52cede5755e,2016-12,Norfolk Constabulary,Norfolk Constabulary,1.715463,52.607966,On or near MISSION ROAD,E01026635,Great Yarmouth 007D,Investigation complete; no suspect identified
dec46a554834833f16ca9995cf50394e6a0f252910b565c3ee74a9afb8e38992,2016-12,Norfolk Constabulary,Norfolk Constabulary,1.302256,52.407373,On or near BECK VIEW,E01026901,South Norfolk 013C,Investigation complete; no suspect identified
53b0ef2f051af12e6e4f607bc765d47e1b1aa127fd2ac9ca6f066347f63f4d71,2016-12,Norfolk Constabulary,Norfolk Constabulary,1.090759,52.906234,On or near WHITE LION STREET,E01026742,North Norfolk 004B,Investigation complete; no suspect identified
a6b99b0888d72edfa36f23718e723ca7c4da15f28125767b224b7b1864f802da,2016-12,Norfolk Constabulary,Norfolk Constabulary,1.291382,52.639643,On or near ALMA TERRACE,E01026831,Norwich 002D,Investigation complete; no suspect identified
e77c9af777c6c36a5ecbdf5c58c6a28b2956f5f0aa7443f06be24f45d8ff2147,2016-12,Norfolk Constabulary,Norfolk Constabulary,1.270799,52.635626,On or near GRANT STREET,E01026866,Norwich 006D,Investigation complete; no suspect identified
1fe1240a00534667311f0e82cfeac5d362af5ddd81c15178a7d0be30bcc2d08c,2016-12,Norfolk Constabulary,Norfolk Constabulary,1.220411,52.630677,On or near DODDERMAN WAY,E01033435,Norwich 005G,Investigation complete; no suspect identified
1621aed0410bff041a63ba2f7919c1399202469684c219ec91e53f8526b40369,2016-12,Norfolk Constabulary,Norfolk Constabulary,1.721117,52.585284,On or near HUMBERSTONE ROAD,E01026600,Great Yarmouth 007A,Investigation complete; no suspect identified
b19e10adca219aa59b5d7bca1e70a3e22e0fc46064dc5f14caa347faec33c3d4,2016-12,Norfolk Constabulary,Norfolk Constabulary,1.298836,52.629857,On or near UPPER KING STREET,E01033438,Norwich 014A,Investigation complete; no suspect identified
223edeb4acacc08a4c41b2fe9c2874f4b76786992a28b0eb54e4c48430de94cd,2016-12,Norfolk Constabulary,Norfolk Constabulary,1.301148,52.620916,On or near BER STREET,E01026822,Norwich 007A,Investigation complete; no suspect identified
f5743d424875a7b2f6d2729fde8ff30abe6ff84402c9a8f77e44599efc356c75,2016-12,Norfolk Constabulary,Norfolk Constabulary,1.294760,52.620473,On or near GOLDWELL ROAD,E01026853,Norwich 011B,Investigation complete; no suspect identified
f62e5f0967a2a5c9f731691dbe2c29ce90b6e7447efe1d5c251019cc875b3f25,2016-12,Norfolk Constabulary,Norfolk Constabulary,1.162244,52.653757,On or near CARDINAL CLOSE,E01026895,South Norfolk 002D,Investigation complete; no suspect identified
7301ce0ffa27d542d771fca0a90d799539b29a2a7b4264f5fa87371b497ed9ff,2016-12,Norfolk Constabulary,Norfolk Constabulary,1.693482,52.586276,On or near SUNNINGHILL CLOSE,E01026582,Great Yarmouth 008B,Investigation complete; no suspect identified
160d3675f122558d2fb2c413f2f711ab66b7f0e40fce32c73050f5de16840948,2016-12,Norfolk Constabulary,Norfolk Constabulary,0.685670,52.648879,On or near LYNN STREET,E01026455,Breckland 007A,Investigation complete; no suspect identified
7cbae841803b0bf8e6e3e8c0cc7baac5d1568f5b846ca938c073d5c1bbd9a106,2016-12,Norfolk Constabulary,Norfolk Constabulary,1.480083,52.528744,On or near CLAY COURT,E01026912,South Norfolk 008D,Investigation complete; no suspect identified
cbd598a39e7dd98e91da39a3bac84ff7c2cb23f58b62a2c833ca3d8c6821b185,2016-12,Norfolk Constabulary,Norfolk Constabulary,0.395450,52.737836,On or near SYDNEY TERRACE,E01026704,King's Lynn and West Norfolk 011D,Investigation complete; no suspect identified
89320b2bb23774fe2d8a6f58d9039aa849dd1c1f5cb5b79b912112a8664becf4,2016-12,Norfolk Constabulary,Norfolk Constabulary,,,No location,,,Investigation complete; no suspect identified
d35914f7691b63935a95b1b43df2630953053eb3f5351ee2bc9da39d7b868160,2016-12,Norfolk Constabulary,Norfolk Constabulary,1.315827,52.656138,On or near RECREATION GROUND ROAD,E01026555,Broadland 012C,Investigation complete; no suspect identified
dfc310c2f4b6f1964a37a95e33be2f56afa0b7fd177875b838c0bbfa8229dd0f,2016-12,Norfolk Constabulary,Norfolk Constabulary,0.411207,52.753567,On or near PRINCES WAY,E01026668,King's Lynn and West Norfolk 009C,Investigation complete; no suspect identified
e92c0a887d5b5057ffd0113ffaa9e9e48ab91cfb13404f96db5d34c1a206ae79,2016-12,Norfolk Constabulary,Norfolk Constabulary,1.274975,52.635925,On or near NICHOLAS MEWS,E01026866,Norwich 006D,Investigation complete; no suspect identified
49f0fe25c5ab774c811c1c036f80b7c681c6a94677c15fd8ce9b054fba4cf4ab,2016-12,Norfolk Constabulary,Norfolk Constabulary,0.944895,52.686142,On or near CEMETERY ROAD,E01026431,Breckland 003D,Investigation complete; no suspect identified
da3d8353888a1c97129381b10225c3a4ee59f8f8e93a0919519731eeb3f6a64f,2016-12,Norfolk Constabulary,Norfolk Constabulary,1.235480,52.631579,On or near WILBERFORCE ROAD,E01026796,Norwich 005F,Investigation complete; no suspect identified
fb143204393ba619d311dfbec65906d68ff9488355a0145264af0c461ac77566,2016-12,Norfolk Constabulary,Norfolk Constabulary,1.476207,52.846949,On or near THE PADDOCKS,E01026752,North Norfolk 007D,Investigation complete; no suspect identified
f4e405d39976b89b00498524b98ab567ab2e6d45429b3e6259cdd73f6a04aa52,2016-12,Norfolk Constabulary,Norfolk Constabulary,1.094416,52.952704,On or near Park/Open Space,E01026741,North Norfolk 004A,Investigation complete; no suspect identified
d63531fc36d3aba5e84dd0b55076a8c71ca040176f2f51428fc1b5ff5ccdd60f,2016-12,Norfolk Constabulary,Norfolk Constabulary,0.414993,52.762518,On or near Sports/Recreation Area,E01026690,King's Lynn and West Norfolk 007D,Investigation complete; no suspect identified
8589e880473ea3b2bd1824e4001a352faddf1f3f194f33649708100b440e72f3,2016-12,Norfolk Constabulary,Norfolk Constabulary,1.301938,52.670233,On or near KILN CLOSE,E01026544,Broadland 009E,Investigation complete; no suspect identified
b1450a57ad779f195fe10df1d47f4dd800443c16900fc85900549e2ab98c5f17,2016-12,Norfolk Constabulary,Norfolk Constabulary,1.174734,52.596126,On or near FIRS ROAD,E01026906,South Norfolk 003B,Investigation complete; no suspect identified
9b0f852ceb50772092b68db1e8aa6cd8d626feb3c93a2602481eda29a5743212,2016-12,Norfolk Constabulary,Norfolk Constabulary,1.290087,52.630469,On or near ST LAWRENCE LANE,E01026822,Norwich 007A,Investigation complete; no suspect identified
ec576e7f81ad973a69cae181bdecd08e0db8320e67a513ac7920709026a4be62,2016-12,Norfolk Constabulary,Norfolk Constabulary,0.499637,52.874581,On or near LODGE LANE,E01026701,King's Lynn and West Norfolk 003D,Investigation complete; no suspect identified
4394d8ba6ea5070150434baa1c51af738cf14df1b312a83a553e73500a4eb695,2016-12,Norfolk Constabulary,Norfolk Constabulary,0.746063,52.412806,On or near Parking Area,E01026474,Breckland 017A,Investigation complete; no suspect identified
5fca9b6f30b6dab560c4af3fb2b240007ea443a8c7858806c17de6b7ae3a6382,2016-12,Norfolk Constabulary,Norfolk Constabulary,0.349174,52.631510,On or near WEST HEAD ROAD,E01026717,King's Lynn and West Norfolk 016F,Investigation complete; no suspect identified
f191ede7e44a35aff5c6b0986e8828b167292ef3ae51f171112e33f66d342a4e,2016-12,Norfolk Constabulary,Norfolk Constabulary,0.408674,52.740958,On or near HARDWICK ROAD,E01026706,King's Lynn and West Norfolk 011F,Investigation complete; no suspect identified
3f143456ac7ff8648d7a3c098001c03367a13b94c7ac5b71f4465e7bb0aca4e2,2016-12,Norfolk Constabulary,Norfolk Constabulary,1.242580,52.638840,On or near Supermarket,E01026867,Norwich 006E,Investigation complete; no suspect identified
e224cad0484f1daf13ded992fd693b8d81c82dbf28dc0499e253d34ba9a5f4bd,2016-12,Norfolk Constabulary,Norfolk Constabulary,1.314785,52.631822,On or near CAMP GROVE,E01026850,Norwich 015C,Investigation complete; no suspect identified
6dad7b81b34ebf24f10b2ebf4f28c5f4877afb927a6fa764cc69e55eace47134,2016-12,Norfolk Constabulary,Norfolk Constabulary,0.779624,52.376823,On or near BARNHAM ROAD,E01030094,St Edmundsbury 002A,Investigation complete; no suspect identified
73bbbc807942fb092d81c0d3c36e221654084f07b9e00285cc783856a238d29b,2016-12,Norfolk Constabulary,Norfolk Constabulary,1.294877,52.627539,On or near Bus/Coach Station,E01026822,Norwich 007A,Investigation complete; no suspect identified
268fc55fec26e60b6449d63355f4fef5c88cf46e8fcb74a3613cd8e43b297a04,2016-12,Norfolk Constabulary,Norfolk Constabulary,1.699735,52.696085,On or near BEACH ROAD,E01026607,Great Yarmouth 001C,Investigation complete; no suspect identified
1676daf5201890c27a98c872174934f106376913f2f9dcb7d82f0e74d895bbd6,2016-12,Norfolk Constabulary,Norfolk Constabulary,0.434791,52.769864,On or near CASTLE CLOSE,E01026671,King's Lynn and West Norfolk 006C,Investigation complete; no suspect identified
049be164d36743749c4e8534f64b78eee4339dda953fa0264fd34de045b81f62,2016-12,Norfolk Constabulary,Norfolk Constabulary,1.734685,52.608143,On or near BERMONDSEY PLACE SOUTH,E01026598,Great Yarmouth 005D,Investigation complete; no suspect identified
f9a85e52a086faa441887893c71b2d4704d3ffb74b8dcea4785ffa470dea32de,2016-12,Norfolk Constabulary,Norfolk Constabulary,1.297610,52.401270,On or near MALTHOUSE COURT,E01026900,South Norfolk 013B,Investigation complete; no suspect identified
3d6f6fe6c55ece870ecd0e83fe063cccefaf6e84439cfa3b43cd6f09c4e528ba,2016-12,Norfolk Constabulary,Norfolk Constabulary,1.220699,52.656714,On or near MYRTLE AVENUE,E01026924,South Norfolk 001E,Investigation complete; no suspect identified
92f59df3b8c18cb1e996110151ac7d2527d9016bfd74c798ba6085a55149b555,2016-12,Norfolk Constabulary,Norfolk Constabulary,1.517990,52.776176,On or near ELLIS CLOSE,E01026775,North Norfolk 013B,Investigation complete; no suspect identified
c5036f270c3aa7e1cf92b8aa96d3e0af9384be1c19b0c6505b6369921576ac4c,2016-12,Norfolk Constabulary,Norfolk Constabulary,1.298836,52.629857,On or near UPPER KING STREET,E01033438,Norwich 014A,Investigation complete; no suspect identified
800481c09ceb355e3272f8bdd44580a31ada786aab64b6ac3845564517567a58,2016-12,Norfolk Constabulary,Norfolk Constabulary,1.235286,52.554437,On or near BROMEDALE AVENUE,E01026915,South Norfolk 009C,Investigation complete; no suspect identified
690eb057e5d4027870af14c6f9e1afa5dce5dc27b859343000093ffbc41c6e7c,2016-12,Norfolk Constabulary,Norfolk Constabulary,1.251763,52.631897,On or near FILBY CLOSE,E01026865,Norwich 006C,Investigation complete; no suspect identified
be2b1c604cda5af116ef298407faf967207e54ca3a9e239150c6bfb084e684fc,2016-12,Norfolk Constabulary,Norfolk Constabulary,1.295166,52.628430,On or near CASTLE MEADOW,E01026822,Norwich 007A,Investigation complete; no suspect identified
8a796fbf1fa5f200a5a926052b0f403e091f281ab79fb8227f9427772fe7ec34,2016-12,Norfolk Constabulary,Norfolk Constabulary,1.710210,52.569112,On or near CAMBRIDGE AVENUE,E01026619,Great Yarmouth 011C,Investigation complete; no suspect identified
37b13daa9b1ca47650488f492e8252229cd29ec540985e62e03e961f775a5f4a,2016-12,Norfolk Constabulary,Norfolk Constabulary,1.167122,52.767517,On or near JUBILEE CLOSE,E01026523,Broadland 002B,Investigation complete; no suspect identified
b17ec3530632fd66665276444249e08d14b2c07d0639114db1e172189e9504fa,2016-12,Norfolk Constabulary,Norfolk Constabulary,1.255743,52.633343,On or near IVY ROAD,E01026865,Norwich 006C,Investigation complete; no suspect identified
f31cfddfaf420d3187a01ce8d41fcfb43e60314c2c8a6e8cdd8a5a8ed54a0f71,2016-12,Norfolk Constabulary,Norfolk Constabulary,1.722067,52.606571,On or near RIVERSIDE,E01026635,Great Yarmouth 007D,Investigation complete; no suspect identified
1d8847eb35fb604e7e8e39231b33e4ad35779fe8060fde441cc2c565a0406f6a,2016-12,Norfolk Constabulary,Norfolk Constabulary,0.552036,52.744361,On or near ROSEMARY LANE,E01026665,King's Lynn and West Norfolk 012A,Investigation complete; no suspect identified
758a04c41b7264555cd11483a2693b45ad6609ee8e147302429f070c8f298aff,2016-12,Norfolk Constabulary,Norfolk Constabulary,0.743852,52.416985,On or near ABBEYGATE,E01026465,Breckland 015A,Investigation complete; no suspect identified
daf14bdbbfb84df64279582ea5822c4e3d44c62c4a4f2aed9214d57cdc0ef9b3,2016-12,Norfolk Constabulary,Norfolk Constabulary,0.744029,52.418186,On or near PRIORY PARK,E01026465,Breckland 015A,Investigation complete; no suspect identified
eee3df9022b5765d0fd564f9807d6432972a603e2b669a2bc8593438c8397cad,2016-12,Norfolk Constabulary,Norfolk Constabulary,1.292730,52.628858,On or near GAOL HILL,E01026822,Norwich 007A,Investigation complete; no suspect identified
2dbd074039dd0d5da7b84b3f91fe8b234e6d14af23f6e10346dc9f0ff6b773c8,2016-12,Norfolk Constabulary,Norfolk Constabulary,1.693482,52.586276,On or near SUNNINGHILL CLOSE,E01026582,Great Yarmouth 008B,Investigation complete; no suspect identified
67e77a7c4d39129c87bfc7b586b20ced06e8d638e0f9457c77b7ed65c8901961,2016-12,Norfolk Constabulary,Norfolk Constabulary,1.231968,52.633860,On or near JORDANS CLOSE,E01033436,Norwich 005H,Investigation complete; no suspect identified
f54d700c10e504d022e08f5a7e93a6f2cb69a27e5aaa1449f45d028ed8e4ba71,2016-12,Norfolk Constabulary,Norfolk Constabulary,1.730257,52.622432,On or near ALEXANDRA AVENUE,E01026640,Great Yarmouth 004C,Investigation complete; no suspect identified
bcd896011c2823e543994ba4fa0babe01906dae6dccd7d389fbf86248ba26b43,2016-12,Norfolk Constabulary,Norfolk Constabulary,1.725609,52.586698,On or near BURNT LANE,E01026601,Great Yarmouth 009A,Investigation complete; no suspect identified
ae4ca04c1c09108ed9acc639781e4132fd13a7621f0ce2ad53f164bfaaab8f9e,2016-12,Norfolk Constabulary,Norfolk Constabulary,0.414993,52.762518,On or near Sports/Recreation Area,E01026690,King's Lynn and West Norfolk 007D,Investigation complete; no suspect identified
7b6e8d5891dd8541ded895d3ca7cb9808766fa7850702f79b352a36ff35bae6b,2016-12,Norfolk Constabulary,Norfolk Constabulary,0.741953,52.423603,On or near MUNDFORD ROAD,E01026466,Breckland 015B,Investigation complete; no suspect identified
ca951cbcbc3d919a7624ea84135ac71bf70dcdc71c63aa30fe75215b93398104,2016-12,Norfolk Constabulary,Norfolk Constabulary,1.182497,52.664231,On or near LINNET ROAD,E01033538,South Norfolk 001G,Investigation complete; no suspect identified
ae6ce2a735f42b966b9dd883bfd80258ed16e6cc7ff1d0f3d8605ef8255e7623,2016-12,Norfolk Constabulary,Norfolk Constabulary,1.292730,52.628858,On or near GAOL HILL,E01026822,Norwich 007A,Investigation complete; no suspect identified
e00674ad541f354030ac0554f1b75763f43ee6a716f217c4fb97f00e41e25335,2016-12,Norfolk Constabulary,Norfolk Constabulary,1.011415,52.510104,On or near CLOVER ROAD,E01026422,Breckland 011A,Investigation complete; no suspect identified
7e2c92ff22ed6ae7af38b9bb90f31ebdf1ebcd93c636e3c7e256ba0ce1668c2f,2016-12,Norfolk Constabulary,Norfolk Constabulary,1.728495,52.606765,On or near Shopping Area,E01026623,Great Yarmouth 006B,Investigation complete; no suspect identified
a419f59a6cba96ff3e35953d5c774c65fb3c355274522214b2d43cf83507ce80,2016-12,Norfolk Constabulary,Norfolk Constabulary,1.730421,52.620709,On or near GARFIELD ROAD,E01026639,Great Yarmouth 004B,Investigation complete; no suspect identified
fe6027cf3cf8e603a989649b0db78e706d3a97656f6fff3d8cc1da9565514a13,2016-12,Norfolk Constabulary,Norfolk Constabulary,0.487775,52.938365,On or near Bus/Coach Station,E01026683,King's Lynn and West Norfolk 001D,Investigation complete; no suspect identified
4539ac2e24afe95aee5b89b945389bbdd357573c79f21c0a03cb3c724e337885,2016-12,Norfolk Constabulary,Norfolk Constabulary,1.280715,52.621961,On or near LEICESTER STREET,E01026856,Norwich 011E,Investigation complete; no suspect identified
3a6d6852adb8ba4dc91d4133102697c17e9d2bbb21895877fb4a4b08759a3712,2016-12,Norfolk Constabulary,Norfolk Constabulary,1.301229,52.621399,On or near FOULGERS OPENING,E01026822,Norwich 007A,Investigation complete; no suspect identified
65ac24a5f846afa7068fb3787ae4cf247e5c525770b09a6bcd30973d7f1ca1d4,2016-12,Norfolk Constabulary,Norfolk Constabulary,1.297848,52.632250,On or near WENSUM STREET,E01033438,Norwich 014A,Investigation complete; no suspect identified
9d6ed5f8da44f24d5b2a019527d7287fc8609dac31dae64a15a0072e6a05152f,2016-12,Norfolk Constabulary,Norfolk Constabulary,1.306386,52.637075,On or near MOUSEHOLD STREET,E01026848,Norwich 015A,Investigation complete; no suspect identified
987a010aa3e650e269bd9368827267c7dc4e0769688fca0c1988865fbc4a390d,2016-12,Norfolk Constabulary,Norfolk Constabulary,1.303216,52.628943,On or near Nightclub,E01033438,Norwich 014A,Investigation complete; no suspect identified
6838f4ff435981854d34131da1a3f5a7ea37dd065a6a7f7bedf1372988a37848,2016-12,Norfolk Constabulary,Norfolk Constabulary,1.163306,52.651669,On or near PARKER'S CLOSE,E01026895,South Norfolk 002D,Investigation complete; no suspect identified
8fad73c7a8d40c5ce3803babe38b1aed551fda6403102bc6919cb08b90a942c7,2016-12,Norfolk Constabulary,Norfolk Constabulary,0.745079,52.412127,On or near STAR LANE,E01026474,Breckland 017A,Investigation complete; no suspect identified
022908f335a2ca67b2020561482f9649eb3aac721258ada5db7dbe8adf2ac00d,2016-12,Norfolk Constabulary,Norfolk Constabulary,1.735962,52.604055,On or near STANDARD ROAD,E01026626,Great Yarmouth 006E,Investigation complete; no suspect identified
04a562613920756c6c289d2667e4c5f73d17dbbbc1e87c6fb0ca1c53c8a913de,2016-12,Norfolk Constabulary,Norfolk Constabulary,1.298518,52.644094,On or near HALCOMBE COURT,E01026842,Norwich 003B,Investigation complete; no suspect identified
c3d6d07cadeede611f4724a569737d6a5ded58adb944e9e9408425d86965b683,2016-12,Norfolk Constabulary,Norfolk Constabulary,1.292730,52.628858,On or near GAOL HILL,E01026822,Norwich 007A,Investigation complete; no suspect identified
bdc0be3060ddb7365336c9f4773fc1404e0be8e925b009f41492133f7dc045bb,2016-12,Norfolk Constabulary,Norfolk Constabulary,1.732069,52.607785,On or near SUFFOLK PLACE,E01026598,Great Yarmouth 005D,Investigation complete; no suspect identified
7a29e81a12382fb7b2fe4cf3c347547ff2e7eee0f9f52b1c38e306d8a7283a2c,2016-12,Norfolk Constabulary,Norfolk Constabulary,0.682858,52.645705,On or near Sports/Recreation Area,E01026455,Breckland 007A,Investigation complete; no suspect identified
2e61581217a708078cd4de75843388e6f7e2726da9c836e13e68364f16917915,2016-12,Norfolk Constabulary,Norfolk Constabulary,0.689551,52.646363,On or near THE PIGHTLE,E01026456,Breckland 007B,Investigation complete; no suspect identified
1a1d13b6c607c875ab27a342e706cf5b2cf3269da66be0101d593199582b6864,2016-12,Norfolk Constabulary,Norfolk Constabulary,1.292730,52.628858,On or near GAOL HILL,E01026822,Norwich 007A,Investigation complete; no suspect identified
f8c24785cc5983d5fa980975f8bd722c90060567fc47746dfd1a939a81eb6104,2016-12,Norfolk Constabulary,Norfolk Constabulary,1.298836,52.629857,On or near UPPER KING STREET,E01033438,Norwich 014A,Investigation complete; no suspect identified
def9fcec5c1d30a5816a0f7be79dacc439537d9d4defcce72cb0aaddb6e506f3,2016-12,Norfolk Constabulary,Norfolk Constabulary,1.725366,52.587318,On or near MANBY ROAD,E01026601,Great Yarmouth 009A,Investigation complete; no suspect identified
c9d935f58523b83afab182ae7c8ef4b97e9efef5b427ef6fd29dd1e1b0f4271c,2016-12,Norfolk Constabulary,Norfolk Constabulary,1.574644,52.617755,On or near LOW FARM ROAD,E01026539,Broadland 018D,Investigation complete; no suspect identified
3e48c4e3bb1b9acdefb2b34ec28d000380a2443cba8d06b7b73bd60ac0b16aeb,2016-12,Norfolk Constabulary,Norfolk Constabulary,1.308925,52.923214,On or near CLARE ROAD,E01026779,North Norfolk 003F,Investigation complete; no suspect identified
9e13067781708436ecf992ad3e5bba76f73241d8653d6736f2202e4a6c15026a,2016-12,Norfolk Constabulary,Norfolk Constabulary,0.684346,52.703024,On or near LITTLE LANE,E01026694,King's Lynn and West Norfolk 012D,Investigation complete; no suspect identified
ff88a4cdc6a34ab0784861c8510f09fe36c68c34c2d4747ad2c597a02e80acda,2016-12,Norfolk Constabulary,Norfolk Constabulary,1.271160,52.652740,On or near MITRE COURT,E01026833,Norwich 002F,Investigation complete; no suspect identified
d5666a57fd7f7087df18fa16def8556fdf87035430bf516146ed96371a9b0917,2016-12,Norfolk Constabulary,Norfolk Constabulary,1.287517,52.632069,On or near ST SWITHINS ROAD,E01026822,Norwich 007A,Investigation complete; no suspect identified
77d783496d963e131155cbbc3d5f377c396ce3f213df80e0744a8e2517c812c3,2016-12,Norfolk Constabulary,Norfolk Constabulary,0.768831,52.416375,On or near CAMPION ROAD,E01026471,Breckland 016D,Investigation complete; no suspect identified
b5f28d40eaa854e17f6493c7713a3b83a1b4720ae59aef9ed565db35059e7861,2016-12,Norfolk Constabulary,Norfolk Constabulary,1.719282,52.603529,On or near STATION ROAD,E01026634,Great Yarmouth 007C,Investigation complete; no suspect identified
5823b1b24936d1e3069795d50dc6a3d5ed8c613d9e0dd928b5d29688b9953843,2016-12,Norfolk Constabulary,Norfolk Constabulary,1.246457,52.635298,On or near CADGE CLOSE,E01026868,Norwich 006F,Investigation complete; no suspect identified
7a27ca5115f208204ed5df7b00c08d7d39b2e99376c56e833359eee8264fc198,2016-12,Norfolk Constabulary,Norfolk Constabulary,1.221052,52.618086,On or near Hospital,E01026883,South Norfolk 002C,Investigation complete; no suspect identified
1d08f69520483c5a0051c6fb431197b320d5dc5fb906a45fd29d7a0961cf2f7c,2016-12,Norfolk Constabulary,Norfolk Constabulary,1.246457,52.635298,On or near CADGE CLOSE,E01026868,Norwich 006F,Investigation complete; no suspect identified
26d051e11fbadced1a657d8dd47ed973c58c1d09eab682bb7d9eba0de1aeb5aa,2016-12,Norfolk Constabulary,Norfolk Constabulary,1.246457,52.635298,On or near CADGE CLOSE,E01026868,Norwich 006F,Investigation complete; no suspect identified
89c58a8c773757bce11e033a3a4a102623f3364588ea4510a3d5d17429330800,2016-12,Norfolk Constabulary,Norfolk Constabulary,0.925342,52.539657,On or near BELL ROAD,E01026419,Breckland 010A,Investigation complete; no suspect identified
fe8480169271ca47d952a8c4b2c88cb41680ae798c48311c2a3d6b9fd5e9a497,2016-12,Norfolk Constabulary,Norfolk Constabulary,1.706301,52.590120,On or near JAMES WATT CLOSE,E01026581,Great Yarmouth 008A,Investigation complete; no suspect identified
7cc4e2aaf53cfe0d4798efb7eafaa10f313d4a74d4f009585d699bc0d3e68c94,2016-12,Norfolk Constabulary,Norfolk Constabulary,0.729660,52.420326,On or near ELGIN WAY,E01026467,Breckland 015C,Investigation complete; no suspect identified
411db925d5aa597cf2b65a8abcf82464daee44b336b24466281b0958fd55a40a,2016-12,Norfolk Constabulary,Norfolk Constabulary,1.712651,52.596919,On or near GAPTON HALL ROAD,E01026633,Great Yarmouth 007B,Investigation complete; no suspect identified
6e46fa72ac1fc55baff0254bc625ca61b7c49ec2876e229d7442f1bc44721917,2016-12,Norfolk Constabulary,Norfolk Constabulary,0.822452,52.571104,On or near GODDARDS COURT,E01026488,Breckland 009C,Investigation complete; no suspect identified
3ad1bcf49ec607c0656fec81b834ffc7566ef99276808a1b1724e47555177245,2016-12,Norfolk Constabulary,Norfolk Constabulary,1.699735,52.696085,On or near BEACH ROAD,E01026607,Great Yarmouth 001C,Investigation complete; no suspect identified
ed5fa74bfb783ff6d8053cbc774621a27ba9423e293b5bfaac88837697255bd8,2016-12,Norfolk Constabulary,Norfolk Constabulary,1.637359,52.712759,On or near DAMGATE BACK LANE,E01026637,Great Yarmouth 002D,Investigation complete; no suspect identified
2e3d45aad59bb1ad9799290158d2d9d4ae77912107c6ec1712c3ee06d292d4f1,2016-12,Norfolk Constabulary,Norfolk Constabulary,,,No location,,,Investigation complete; no suspect identified
bdd3398fb73b6003ffc8aa84e91c8875c9e7187e10d4cf29f0530ea5efb3a424,2016-12,Norfolk Constabulary,Norfolk Constabulary,0.905674,52.853177,On or near MANOR CLOSE,E01026788,North Norfolk 008C,Investigation complete; no suspect identified
aec64e23a2dea58a4a598e2a8c886a0ddb4919f4dbcee7baaba2eb49beaa0ca6,2016-12,Norfolk Constabulary,Norfolk Constabulary,0.251280,52.664234,On or near HICKATHRIFT FIELD,E01026684,King's Lynn and West Norfolk 013A,Investigation complete; no suspect identified
d6d6e9d11cfc9eda398509acb1c9016fa575f82cfeb1561b1f51287eff0ac14f,2016-12,Norfolk Constabulary,Norfolk Constabulary,1.283125,52.653353,On or near HARRY WATSON COURT,E01026797,Norwich 001A,Investigation complete; no suspect identified
636b886dc12e214695d0a38a14a0ad1590b77a07e02affa1905d8a8fbddbf571,2016-12,Norfolk Constabulary,Norfolk Constabulary,1.288556,52.631537,On or near ST MARGARETS STREET,E01026822,Norwich 007A,Investigation complete; no suspect identified
0489498f6a31c16228f67b28303942aa4647c45b19b8a422b798ac6d076fdf2a,2016-12,Norfolk Constabulary,Norfolk Constabulary,1.718644,52.573344,On or near ST CATHERINE'S WAY,E01026604,Great Yarmouth 009D,Investigation complete; no suspect identified
8e46a80551755c7c1f0e34d4ca8655a298e5faa41ed0d810af08c2cfa6e80707,2016-12,Norfolk Constabulary,Norfolk Constabulary,1.255988,52.796802,On or near GASHOUSE HILL,E01026503,Broadland 001E,Investigation complete; no suspect identified
300ebdcf21bff11cf935a32923aff5a5c14325b6495ce1387337b8ba86f06a44,2016-12,Norfolk Constabulary,Norfolk Constabulary,1.519931,52.776334,On or near ALLEN MEALE WAY,E01026775,North Norfolk 013B,Investigation complete; no suspect identified
c4e2ad605fbbd94e94996b6b218a5560f2174470e425e9587ea4a3ebdac57ca9,2016-12,Norfolk Constabulary,Norfolk Constabulary,0.847591,52.830054,On or near MARKET PLACE,E01026747,North Norfolk 011C,Investigation complete; no suspect identified
017e5507e55ee42087c190f3031ddade977d51c37fe346e05bd9162c8f67e177,2016-12,Norfolk Constabulary,Norfolk Constabulary,1.263540,52.762329,On or near MILL ROAD,E01026501,Broadland 001C,Investigation complete; no suspect identified
fb4759c8f3e171df42c10443f0035f7780a7178ab240ea5d57bb0e8469f70a31,2016-12,Norfolk Constabulary,Norfolk Constabulary,1.294439,52.629377,On or near Shopping Area,E01026823,Norwich 007B,Investigation complete; no suspect identified
ec2309bfb473308b3aaf03f8b1bad329ff4c433a6588cffd610309b7f55685ff,2016-12,Norfolk Constabulary,Norfolk Constabulary,1.728990,52.612236,On or near FERRIER CLOSE,E01026595,Great Yarmouth 005A,Investigation complete; no suspect identified
d4ab64131d5c5b70b43a67e7b12c0b0023ad6b79e0ce15f911782c19c1d96a2e,2016-12,Norfolk Constabulary,Norfolk Constabulary,1.298579,52.638030,On or near BULL CLOSE ROAD,E01026826,Norwich 007E,Investigation complete; no suspect identified
08253225eb4319871d48e2a2ca17213de6dfb79bfcd8fada20135dc9651b3f07,2016-12,Norfolk Constabulary,Norfolk Constabulary,0.323440,52.686885,On or near MAGDALEN HIGH ROAD,E01026696,King's Lynn and West Norfolk 015A,Investigation complete; no suspect identified
0bf170582628734c476d4301ae9c76871d590d1a0760126a25b4adbda5a561e9,2016-12,Norfolk Constabulary,Norfolk Constabulary,1.688294,52.673829,On or near WAPPING,E01026629,Great Yarmouth 001F,Investigation complete; no suspect identified
b0193d0e22a45f971009c6786811bf464a3d8aec7c2e9ed0a6cec96e3f7d6b4d,2016-12,Norfolk Constabulary,Norfolk Constabulary,1.699735,52.696085,On or near BEACH ROAD,E01026607,Great Yarmouth 001C,Investigation complete; no suspect identified
db2e604d406beaffc6a081e60bce3fd49b23d34db8bb4dfc74ecae75ffd78279,2016-12,Norfolk Constabulary,Norfolk Constabulary,0.385060,52.590563,On or near NIGHTINGALE CLOSE,E01026679,King's Lynn and West Norfolk 018A,Investigation complete; no suspect identified
907c64ec1f62a347b9631839d5225c26bad4e354648501c9aedaf2177b3296ad,2016-12,Norfolk Constabulary,Norfolk Constabulary,1.297848,52.632250,On or near WENSUM STREET,E01033438,Norwich 014A,Investigation complete; no suspect identified
5c77e6ba11500be3b6e8d6c2736e7b9a723b5e58759809abe618aa7f8d8c39a9,2016-12,Norfolk Constabulary,Norfolk Constabulary,0.170933,52.649909,On or near Petrol Station,E01026660,King's Lynn and West Norfolk 016B,Investigation complete; no suspect identified
9476db63e89c63e5ff0094b1d7bab4e7564a0c45c837672dfd62be4f465d0d91,2016-12,Norfolk Constabulary,Norfolk Constabulary,1.708820,52.585157,On or near SWALLOW CLOSE,E01026581,Great Yarmouth 008A,Investigation complete; no suspect identified
c2f5f26eba2b216f5eae6277668ed7ae540447e39f8ccd23182ecd57927ed9fa,2016-12,Norfolk Constabulary,Norfolk Constabulary,1.249069,52.630262,On or near GIPSY CLOSE,E01026868,Norwich 006F,Investigation complete; no suspect identified
84029a25fc1b4bdc7fdc1cfc39f9f17ce371d584c92d89e9f57cc45317e1218a,2016-12,Norfolk Constabulary,Norfolk Constabulary,1.276362,52.645186,On or near A1024,E01026828,Norwich 002A,Investigation complete; no suspect identified
994397ffb737a6a9ba7656520d70fa2ad998e02350e6de768581f1dd8335184c,2016-12,Norfolk Constabulary,Norfolk Constabulary,1.717267,52.576437,On or near LADY MARGARET'S AVENUE,E01026604,Great Yarmouth 009D,Investigation complete; no suspect identified
56c0909af4c63230f63004bdb9ced5fcc1a5cd01fb6368b2c0204095a8e78fb6,2016-12,Norfolk Constabulary,Norfolk Constabulary,1.271552,52.631262,On or near EDINBURGH ROAD,E01026840,Norwich 009F,Investigation complete; no suspect identified
7f914e57e3dd3b78dcf8d814920c8b6c0c11981cb6b142efa6fd369becffc147,2016-12,Norfolk Constabulary,Norfolk Constabulary,1.732043,52.650340,On or near EASTERN AVENUE,E01026592,Great Yarmouth 003D,Investigation complete; no suspect identified
2837d4cd74cd46e10b1629ca32fdcbda63966fdf50f72131e5631e5d96553a30,2016-12,Norfolk Constabulary,Norfolk Constabulary,0.222262,52.603244,On or near RANSOME'S CLOSE,E01026715,King's Lynn and West Norfolk 016D,Investigation complete; no suspect identified
6e4944212aa25a6f9d9a1138fd80fb23510bba04f8e6f6927795bcc8192f9803,2016-12,Norfolk Constabulary,Norfolk Constabulary,0.944878,52.669614,On or near THE SYCAMORES,E01026427,Breckland 005C,Investigation complete; no suspect identified
35185cabbafe20ba80e25267118b534f249fc0a0ea13567e151f6b72272194d0,2016-12,Norfolk Constabulary,Norfolk Constabulary,1.295876,52.627061,On or near Parking Area,E01026822,Norwich 007A,Investigation complete; no suspect identified
c6167f82c47182b2a434e7116d624b1f2eec8ef6e781d7a58e70c906a3a652f2,2016-12,Norfolk Constabulary,Norfolk Constabulary,0.400222,52.753772,On or near OLD MARKET STREET,E01026699,King's Lynn and West Norfolk 011B,Investigation complete; no suspect identified
16d8503329aeafc15e1e7fe9f37d2348036473e86afb3b7e03e939301f34154b,2016-12,Norfolk Constabulary,Norfolk Constabulary,1.721259,52.609592,On or near QUAY MILL WALK,E01026597,Great Yarmouth 005C,Investigation complete; no suspect identified
9889b132aeb9b3e9929350fee4a8d2dc8e141ed1c963cdeede52a1f7162628a0,2016-12,Norfolk Constabulary,Norfolk Constabulary,1.296084,52.930280,On or near WEST STREET,E01026734,North Norfolk 003A,Investigation complete; no suspect identified
e03a961c04cf558634809714badea60ed7757a74c759ee27ebdb00a686578d37,2016-12,Norfolk Constabulary,Norfolk Constabulary,0.233781,52.607002,On or near CHURCHFIELD ROAD,E01026659,King's Lynn and West Norfolk 016A,Investigation complete; no suspect identified
d890e8fa30a8459262e166a715f995bba833bfdd018ada13cee1aa4504dd507a,2016-12,Norfolk Constabulary,Norfolk Constabulary,0.376930,52.602111,On or near Shopping Area,E01033038,King's Lynn and West Norfolk 017G,Investigation complete; no suspect identified
5711d5c5a31b9a9bad846bec23da810363febfbaf1ae7a13ef8120412bf3b94d,2016-12,Norfolk Constabulary,Norfolk Constabulary,1.018107,52.801908,On or near HINDOLVESTON ROAD,E01026729,North Norfolk 008A,Investigation complete; no suspect identified
44f505ee6dc20c3961991ebfb78c0331681406e69bf8f74a849a1092d037d54b,2016-12,Norfolk Constabulary,Norfolk Constabulary,1.235480,52.631579,On or near WILBERFORCE ROAD,E01026796,Norwich 005F,Investigation complete; no suspect identified
584ab71513c891ab4edbd6d8e58c98539031bca19bbe5683dabd9486e3d2d92c,2016-12,Norfolk Constabulary,Norfolk Constabulary,1.098988,52.581109,On or near WESTWOOD GARDENS,E01026871,South Norfolk 005B,Investigation complete; no suspect identified
fce46a6fcf1caf8ca7520558116928e044cea69938eadafebd20ca33104e88c0,2016-12,Norfolk Constabulary,Norfolk Constabulary,1.296591,52.605709,On or near MANTHORPE CLOSE,E01026818,Norwich 013C,Investigation complete; no suspect identified
e849af18dda1407f13371a755a1a2575edb1ea63a82943f85de2f1b117b84097,2016-12,Norfolk Constabulary,Norfolk Constabulary,0.860310,52.832689,On or near MERVYN KING CLOSE,E01026749,North Norfolk 011E,Investigation complete; no suspect identified
2b709206a3236baf6b6650e7d9190330a0f9b2eb0a7338ef51da68e769a6a606,2016-12,Norfolk Constabulary,Norfolk Constabulary,0.386835,52.607450,On or near GLEBE ROAD,E01033037,King's Lynn and West Norfolk 017F,Investigation complete; no suspect identified
c93cfe7ffbb27f927d4a01a79e7357b5410a2324fad10b25c7a1b837c1d5fd8f,2016-12,Norfolk Constabulary,Norfolk Constabulary,1.344751,52.572780,On or near OAK AVENUE,E01026926,South Norfolk 006C,Investigation complete; no suspect identified
d189210468c0ca80fe0a8741bba31abfbdd2806a77f9c2571e41ede1f96b081c,2016-12,Norfolk Constabulary,Norfolk Constabulary,0.222262,52.603244,On or near RANSOME'S CLOSE,E01026715,King's Lynn and West Norfolk 016D,Investigation complete; no suspect identified
804f1f969667bb62e8d75a3564b5003bc95bb66833c91e2175eee4213afff6bd,2016-12,Norfolk Constabulary,Norfolk Constabulary,1.725458,52.615873,On or near ALDERSON ROAD,E01026596,Great Yarmouth 005B,Investigation complete; no suspect identified
6373ea0d5a86ade06856877be4ead975ce64a36dcfbd1494737f17e1628f889b,2016-12,Norfolk Constabulary,Norfolk Constabulary,1.389559,52.875539,On or near Sports/Recreation Area,E01026738,North Norfolk 007A,Investigation complete; no suspect identified
3938e91ce63a5665c8898e3dd8504cd2bf6885121a6a2052935f583d725dcc50,2016-12,Norfolk Constabulary,Norfolk Constabulary,1.297158,52.629958,On or near BANK PLAIN,E01026822,Norwich 007A,Investigation complete; no suspect identified
a4ca5d4657061e1a19241cbf269a94a4dc814631a292e2e5cd7e28551642a4dd,2016-12,Norfolk Constabulary,Norfolk Constabulary,1.726769,52.608879,On or near Parking Area,E01026597,Great Yarmouth 005C,Investigation complete; no suspect identified
7d0d5a3a00401503acbdf1e367cb8320af833427a520b5eeadd214b2ad6f6ba0,2016-12,Norfolk Constabulary,Norfolk Constabulary,1.299853,52.403150,On or near BULLOCK FAIR CLOSE,E01026902,South Norfolk 013D,Investigation complete; no suspect identified
cfdf6f01d229e0d5160e0448e829af1990508a8e253aeb94bf8fa0be71ddc211,2016-12,Norfolk Constabulary,Norfolk Constabulary,1.300392,52.403081,On or near THE THOROUGHFARE,E01026902,South Norfolk 013D,Investigation complete; no suspect identified
f813ee80f9c942ebca4973593d48ddba211dd37ed69a3ee7639b93337508db12,2016-12,Norfolk Constabulary,Norfolk Constabulary,1.730421,52.620709,On or near GARFIELD ROAD,E01026639,Great Yarmouth 004B,Investigation complete; no suspect identified
af11eb89a61d48f16a6726b8757969d67f4e3994e75281fd0b2bb7cfee58d037,2016-12,Norfolk Constabulary,Norfolk Constabulary,0.735607,52.407590,On or near MINGAY ROAD,E01026476,Breckland 017C,Investigation complete; no suspect identified
4b00e6b79a8b3871fb861a950219f1702f0b41710cb5657ff2ac0f128d5470d5,2016-12,Norfolk Constabulary,Norfolk Constabulary,1.185309,52.653489,On or near WILLIAM FROST WAY,E01033538,South Norfolk 001G,Investigation complete; no suspect identified
36fff9edd8891e52287bafa648f2ed67df30179bbf92ac1d19c28665d42c7610,2016-12,Norfolk Constabulary,Norfolk Constabulary,1.235480,52.631579,On or near WILBERFORCE ROAD,E01026796,Norwich 005F,Investigation complete; no suspect identified
b4fe9be8581b1dbb3ee370036ff7ec91c55e7d506d5a8426f459fb12325de4ef,2016-12,Norfolk Constabulary,Norfolk Constabulary,1.293246,52.626082,On or near Shopping Area,E01026822,Norwich 007A,Investigation complete; no suspect identified
7d20e02408e87411829f10d8c2eaddc3d8ae65a7d273c3a921b07b179596defd,2016-12,Norfolk Constabulary,Norfolk Constabulary,1.307471,52.621279,On or near Sports/Recreation Area,E01033441,Norwich 014D,Investigation complete; no suspect identified
2fe307c0bf445049aac87f7e67164b2da077c60f8a5407fa6885e6e8aa132faf,2016-12,Norfolk Constabulary,Norfolk Constabulary,0.225209,52.673862,On or near HARP'S HALL ROAD,E01026721,King's Lynn and West Norfolk 013E,Investigation complete; no suspect identified
0b6aca2c1140e8d523e68d5e59374614475a59a9fb9901d13426c412ffc20a5d,2016-12,Norfolk Constabulary,Norfolk Constabulary,0.373322,52.604476,On or near TOWN ESTATE,E01033038,King's Lynn and West Norfolk 017G,Investigation complete; no suspect identified
163609004fe36edb9314158dd8b6fd0776f02e00613a90ce89dbc846371c7a6c,2016-12,Norfolk Constabulary,Norfolk Constabulary,1.108582,52.664018,On or near Sports/Recreation Area,E01026524,Broadland 002C,Investigation complete; no suspect identified
b20172cae3ff02bd8b7a34b308f1d980989dbd80dd463b3e11e2510b0eb24636,2016-12,Norfolk Constabulary,Norfolk Constabulary,1.729219,52.613533,On or near MAYGROVE ROAD,E01026595,Great Yarmouth 005A,Investigation complete; no suspect identified
1baa0e0586780177e531f6c628a019c141a3919ad19890578ecd49f776f84f6c,2016-12,Norfolk Constabulary,Norfolk Constabulary,1.713807,52.568873,On or near ST EDMUND CLOSE,E01026619,Great Yarmouth 011C,Investigation complete; no suspect identified
1d1dfeee377a9c4213a3c876df3dcddfaa0137ddaf7f51f8ac650b445a783a4e,2016-12,Norfolk Constabulary,Norfolk Constabulary,1.719837,52.606758,On or near BEAVANS COURT,E01026635,Great Yarmouth 007D,Investigation complete; no suspect identified
7a4f028ba29d6dc75248ba6b48be28cf9044e0a2522ae4eca3e2542752f32fb5,2016-12,Norfolk Constabulary,Norfolk Constabulary,1.723972,52.599432,On or near SOUTHTOWN ROAD,E01026633,Great Yarmouth 007B,Investigation complete; no suspect identified
5b0ce9ffa34837dbe5b512bd20b7f9327e42f5b1c6ad2759399a9cbc6633fda9,2016-12,Norfolk Constabulary,Norfolk Constabulary,,,No location,,,Investigation complete; no suspect identified
7aa96fa3332303daff40898601119b614742ded1e66d37ba5ded20fb90d48069,2016-12,Norfolk Constabulary,Norfolk Constabulary,0.386485,52.609444,On or near Parking Area,E01026686,King's Lynn and West Norfolk 017C,Investigation complete; no suspect identified
ef419ed7eb1ec55558211d3e03caee6dbe49e658c386a49283daced6e478f6ab,2016-12,Norfolk Constabulary,Norfolk Constabulary,1.295913,52.630892,On or near Parking Area,E01033438,Norwich 014A,Investigation complete; no suspect identified
1a2f3c7c68097d1c2e8bce6fb113d65019aeeee00687e28b92c5617e50bba562,2016-12,Norfolk Constabulary,Norfolk Constabulary,1.326673,52.786691,On or near NEW ROAD,E01026789,North Norfolk 012D,Investigation complete; no suspect identified
6092bd36c4e1d9816bee0ce8c2fda66f8deaac95d1a620524819f3bfa97a5bea,2016-12,Norfolk Constabulary,Norfolk Constabulary,0.391986,52.674020,On or near SCHOOL ROAD,E01026722,King's Lynn and West Norfolk 015C,Investigation complete; no suspect identified
c6c7eb2ffa8b66c7b70e4d83f32932980e962f6f4591d8e87a7e378a2ac6ea11,2016-12,Norfolk Constabulary,Norfolk Constabulary,0.204938,52.642016,On or near RACEY'S CLOSE,E01026660,King's Lynn and West Norfolk 016B,Investigation complete; no suspect identified
5356ded402e4770a679f4ed0a46dc1bc2713a59561fcfc83a555a98f6756cd1b,2016-12,Norfolk Constabulary,Norfolk Constabulary,1.283545,52.608652,On or near TUCKSWOOD CENTRE,E01026820,Norwich 013E,Investigation complete; no suspect identified
1b8520dee9f5ecca57ea4c4f9eb6e7c76549ad5a6ba2a680ece977e4c1b876e1,2016-12,Norfolk Constabulary,Norfolk Constabulary,0.729096,52.944530,On or near Sports/Recreation Area,E01026646,King's Lynn and West Norfolk 002B,Investigation complete; no suspect identified
fc1be58dffbdce972bbc014b0929de6fdc4718971ce36ca0e9b3fd0ee2eb8d84,2016-12,Norfolk Constabulary,Norfolk Constabulary,0.370146,52.605016,On or near ELIZABETH AVENUE,E01033038,King's Lynn and West Norfolk 017G,Investigation complete; no suspect identified
f349b88ee65d55be1faa2b90a8b44f3200736e1f247a0aee3c3aa8e47b7058fd,2016-12,Norfolk Constabulary,Norfolk Constabulary,1.250348,52.627367,On or near PRIMULA DRIVE,E01026860,Norwich 010C,Investigation complete; no suspect identified
b78fadf8ab44c53db47400c5021cbfb68bc8b0918a1433d8f9cbcb27fbecbdb5,2016-12,Norfolk Constabulary,Norfolk Constabulary,1.294877,52.627539,On or near Bus/Coach Station,E01026822,Norwich 007A,Investigation complete; no suspect identified
d6f1e8d024c84e0a85a73aa5c8b9cc775bbe4def3ae5534deff1120ebf3be6b4,2016-12,Norfolk Constabulary,Norfolk Constabulary,1.121525,52.722286,On or near Park/Open Space,E01026524,Broadland 002C,Investigation complete; no suspect identified
f44fafbed4738d335c5a5882fec0db8758f0c49d7e0451424b1a61457b8373a2,2016-12,Norfolk Constabulary,Norfolk Constabulary,0.431121,52.714370,On or near MEADOW GROVE,E01026724,King's Lynn and West Norfolk 014E,Investigation complete; no suspect identified
18c1ea0a41ce54dbfe3cb0afdca136fa59901d5dcf6441ef77364d5b22a24d7e,2016-12,Norfolk Constabulary,Norfolk Constabulary,1.303437,52.630502,On or near HORSEFAIR LOKE,E01033438,Norwich 014A,Investigation complete; no suspect identified
4887b6acf15b5518bba1c9f42e2b0b7e51a78581aae2350f353121b68d1dae4a,2016-12,Norfolk Constabulary,Norfolk Constabulary,1.504924,52.777094,On or near STEPPING STONE LANE,E01026776,North Norfolk 013C,Investigation complete; no suspect identified
2451df891eb9b6252b8057660e173db71462e81647df55c0fab51dbe1c70b7dd,2016-12,Norfolk Constabulary,Norfolk Constabulary,1.193585,52.362685,On or near Park/Open Space,E01026935,South Norfolk 014F,Investigation complete; no suspect identified
44616d1a188e829bb597d656374888c17daf0e07075b5e9d88b4733e326ed58a,2016-12,Norfolk Constabulary,Norfolk Constabulary,1.297243,52.637564,On or near MAGDALEN CLOSE,E01026826,Norwich 007E,Investigation complete; no suspect identified
e5b21711c75b3285407ca8feb6f1a57418e1e2a0b025ea42b7d44ca31f7ccd92,2016-12,Norfolk Constabulary,Norfolk Constabulary,1.255988,52.796802,On or near GASHOUSE HILL,E01026503,Broadland 001E,Investigation complete; no suspect identified
acf68f708604313d1679ed457eee9e27e6785be30ca689b183aa32fcf1fa819b,2016-12,Norfolk Constabulary,Norfolk Constabulary,0.366726,52.604032,On or near JAMES SCOTT CLOSE,E01033038,King's Lynn and West Norfolk 017G,Investigation complete; no suspect identified
26d744252e5b14348c4db4191e608bb92734bbacdf2486c6a040dc76252307b5,2016-12,Norfolk Constabulary,Norfolk Constabulary,0.926432,52.687985,On or near BYRON AVENUE,E01026428,Breckland 003A,Investigation complete; no suspect identified
891772eb1b9b46339823e236c381441e3d93b7d226ba34d42c6377b5d4832b6a,2016-12,Norfolk Constabulary,Norfolk Constabulary,1.185309,52.653489,On or near WILLIAM FROST WAY,E01033538,South Norfolk 001G,Investigation complete; no suspect identified
f69309930ea3dc4acaa1b032fb122e52307d7081ac167929f14ab3cd4fe56277,2016-12,Norfolk Constabulary,Norfolk Constabulary,1.733400,52.627577,On or near JELLICOE ROAD,E01026641,Great Yarmouth 004D,Investigation complete; no suspect identified
81289906f47177cd2d688994ae45132c254d21d3b94c8b679cbca0e5eddbadbc,2016-12,Norfolk Constabulary,Norfolk Constabulary,0.347509,52.729516,On or near EAU BRINK ROAD,E01026713,King's Lynn and West Norfolk 008D,Investigation complete; no suspect identified
4b7e42319d0e48927a7da058857faa509c5246d13f1a33d42b41cb63d895d4b9,2016-12,Norfolk Constabulary,Norfolk Constabulary,0.851203,52.665188,On or near HULVER STREET,E01026438,Breckland 008B,Investigation complete; no suspect identified
7c6c3398649572db5a5e9099830309582a5285c8fc5b4fe335c5252329d555a8,2016-12,Norfolk Constabulary,Norfolk Constabulary,0.748913,52.413000,On or near TANNER STREET,E01026468,Breckland 016A,Investigation complete; no suspect identified
bef9ba1e49508f804eefe9195382a03a983441c1125f81d6477b11b45dfb2c14,2016-12,Norfolk Constabulary,Norfolk Constabulary,1.734623,52.617644,On or near Sports/Recreation Area,E01026595,Great Yarmouth 005A,Investigation complete; no suspect identified
b5924fb33ef4aaad5bbbed92777567b6783a3b02130a9ea96f4e292c26c75af4,2016-12,Norfolk Constabulary,Norfolk Constabulary,0.209201,52.641550,On or near GAULTREE SQUARE,E01026660,King's Lynn and West Norfolk 016B,Investigation complete; no suspect identified
83eaa3ccb0f348911147e73481a030960265c0c8b8d226c4ceec1e6b617c5a8c,2016-12,Norfolk Constabulary,Norfolk Constabulary,1.202581,52.645181,On or near BAWBURGH CLOSE,E01026925,South Norfolk 001F,Investigation complete; no suspect identified
ec0486717c9efb316aa26f42201af36d10c693f4a6e47343e7c58c1a10756df2,2016-12,Norfolk Constabulary,Norfolk Constabulary,1.052639,52.941348,On or near BRIDGEFOOT LANE,E01026741,North Norfolk 004A,Investigation complete; no suspect identified
5ca9e235fdaf59f314e847b4933ceb741f00335acf4cb12fe455cb339809b693,2016-12,Norfolk Constabulary,Norfolk Constabulary,1.119983,52.557436,On or near PARK CLOSE,E01026884,South Norfolk 007A,Investigation complete; no suspect identified
c2f682556594e23cde83142a48b6a61adac29f967429257f54be961bcf3b9394,2016-12,Norfolk Constabulary,Norfolk Constabulary,1.348251,52.532334,On or near HONEYPOT LANE,E01026875,South Norfolk 006A,Investigation complete; no suspect identified
695ae800030074a92b81c97b16d27efc619bfd3cc88fdf386ab65fda1cc91a84,2016-12,Norfolk Constabulary,Norfolk Constabulary,1.426286,52.871534,On or near TRUNCH ROAD,E01026751,North Norfolk 007C,Investigation complete; no suspect identified
1d66f85504f9c053001b50957c3103e9f5a8bc92040b98c2f4bb31057300dba1,2016-12,Norfolk Constabulary,Norfolk Constabulary,1.109067,52.382928,On or near HEYWOOD AVENUE,E01026889,South Norfolk 015B,Investigation complete; no suspect identified
b85309b8f2877efa8321703e4eddbfaafef3d3ad7980b4adf1f5b3cc47cb9e2d,2016-12,Norfolk Constabulary,Norfolk Constabulary,1.291218,52.624268,On or near Supermarket,E01026822,Norwich 007A,Investigation complete; no suspect identified
c5cfc1fb62b774b38822ddca722394f833957e86d8be4145f84ea0073c3dfb36,2016-12,Norfolk Constabulary,Norfolk Constabulary,1.294439,52.629377,On or near Shopping Area,E01026823,Norwich 007B,Investigation complete; no suspect identified
f72f383277d847dea8e52784d5bf2ebd04fef85b903f9f3cc27089819a738a94,2016-12,Norfolk Constabulary,Norfolk Constabulary,0.744374,52.411658,On or near ST MARY'S COURT,E01026474,Breckland 017A,Investigation complete; no suspect identified
ef519bfb3b2055609e8cdeabc3eec194044fdcf7800a2cc1e309b23ed2e5fe76,2016-12,Norfolk Constabulary,Norfolk Constabulary,0.688825,52.648016,On or near Supermarket,E01026455,Breckland 007A,Investigation complete; no suspect identified
0d27bbf5262f2dd3b6233f49e81b33c1b14b45f872e10c775a0ddd5d24ea2cfb,2016-12,Norfolk Constabulary,Norfolk Constabulary,1.276284,52.622992,On or near Supermarket,E01026857,Norwich 011F,Investigation complete; no suspect identified
fb518a64c51fbf2e512b9b2bfac4270e648a5ce2c7c3314f8526810db8f7b7a3,2016-12,Norfolk Constabulary,Norfolk Constabulary,1.302466,52.624683,On or near ABBEY LANE,E01033441,Norwich 014D,Investigation complete; no suspect identified
f7aa4ba0be97a8f32e393f30934a9c72fd41f78928c67acf4af5c1497c738282,2016-12,Norfolk Constabulary,Norfolk Constabulary,1.207516,52.555436,On or near ST NICHOLAS'S,E01026913,South Norfolk 009A,Investigation complete; no suspect identified
2b6c6524e1feb65ab59f6a49632b976929ce6478e2821da947f7bb83dad3e4ac,2016-12,Norfolk Constabulary,Norfolk Constabulary,1.294851,52.632495,On or near CORNCUTTERS CLOSE,E01026823,Norwich 007B,Investigation complete; no suspect identified
fc0092fc0d8b774c5aa5a84e44d59f8a079928d883683166bb5cceded8293555,2016-12,Norfolk Constabulary,Norfolk Constabulary,1.290782,52.625350,On or near MALTHOUSE ROAD,E01026822,Norwich 007A,Investigation complete; no suspect identified
b4866b576ca469c50b0d947eca81b4e28526559577911248c32def378fd2fc76,2016-12,Norfolk Constabulary,Norfolk Constabulary,1.302466,52.624683,On or near ABBEY LANE,E01033441,Norwich 014D,Investigation complete; no suspect identified
e7e8a186e6968ec5c2c22f9b042a000f1447f2e3db20cdb78ccc8a5ea0506dc7,2016-12,Norfolk Constabulary,Norfolk Constabulary,1.301557,52.629493,On or near Nightclub,E01033438,Norwich 014A,Investigation complete; no suspect identified
f735860b7b722419341329deb31a6cedbbd63f9b55839adf425b4eea5efa1a5d,2016-12,Norfolk Constabulary,Norfolk Constabulary,0.752689,52.418128,On or near WINDMILL CLOSE,E01026469,Breckland 016B,Investigation complete; no suspect identified
41add8c12157f7655de6da533bc588150cdf2388bd2bcbbb256db9d2789e2f28,2016-12,Norfolk Constabulary,Norfolk Constabulary,0.740755,52.405474,On or near STANIFORTH ROAD,E01026477,Breckland 017D,Investigation complete; no suspect identified
5bb978e86e085d8b0876b9a1b07580fde7a5b74ba8d17439b4f2356fb323115d,2016-12,Norfolk Constabulary,Norfolk Constabulary,0.431589,52.753124,On or near HIGHFIELD,E01026663,King's Lynn and West Norfolk 010B,Investigation complete; no suspect identified
94cdec89845361c35cfe2f955971e35ec7ab271c10757cdd791424fac3050e66,2016-12,Norfolk Constabulary,Norfolk Constabulary,1.736086,52.607937,On or near Nightclub,E01026623,Great Yarmouth 006B,Investigation complete; no suspect identified
2fae3e276f147562a67a824aec2c50b4848046734c05610c69d4c3e20a2d7f90,2016-12,Norfolk Constabulary,Norfolk Constabulary,1.293521,52.629744,On or near EXCHANGE STREET,E01026823,Norwich 007B,Investigation complete; no suspect identified
617869cc26b024c10a6a9d5b43026d948170d03b8055bca9d627ef0a21e1c933,2016-12,Norfolk Constabulary,Norfolk Constabulary,1.295166,52.628430,On or near CASTLE MEADOW,E01026822,Norwich 007A,Investigation complete; no suspect identified
01c2d943c5ea1201270e0b7303f20befcf42cd3ba03346fbef9b8e7ac8c8d889,2016-12,Norfolk Constabulary,Norfolk Constabulary,1.111285,52.570049,On or near Parking Area,E01026870,South Norfolk 005A,Investigation complete; no suspect identified
531264fcef18f04e9f62b0484ea8458c935094148f60e771a0bc4a936861864b,2016-12,Norfolk Constabulary,Norfolk Constabulary,0.393997,52.756451,On or near TUESDAY MARKET PLACE,E01026698,King's Lynn and West Norfolk 011A,Investigation complete; no suspect identified
422dec0845063182118854aaedb913e85c6202b30e0d6cb4b5fb8160036dab36,2016-12,Norfolk Constabulary,Norfolk Constabulary,1.149372,52.604718,On or near HIGH GREEN,E01026896,South Norfolk 002E,Investigation complete; no suspect identified
25c9c5a339d4400a264c536369d67e959c72b51232c055d4117983f9fb2479b5,2016-12,Norfolk Constabulary,Norfolk Constabulary,1.291149,52.626896,On or near THE CHANTRY,E01026822,Norwich 007A,Investigation complete; no suspect identified
8c1eed9d72acaabdcb5fd5f578a76a99dfe23aa2d7378d256777cdb101965dd4,2016-12,Norfolk Constabulary,Norfolk Constabulary,1.731961,52.574400,On or near Parking Area,E01026631,Great Yarmouth 010E,Investigation complete; no suspect identified
501b66832efdbf4d2213e92091d24c6620d456c8185a00a7ac43927407ad2806,2016-12,Norfolk Constabulary,Norfolk Constabulary,0.939975,52.681633,On or near QUEBEC STREET,E01026426,Breckland 005B,Investigation complete; no suspect identified
85c18ea01e37df5511174082bb4bad980f73a5e126781b2e5b33e32010fb7471,2016-12,Norfolk Constabulary,Norfolk Constabulary,1.295166,52.628430,On or near CASTLE MEADOW,E01026822,Norwich 007A,Investigation complete; no suspect identified
330dd9809be427d8579967cba67b8edc3a693facbbe53a0c9600ca29346a6ba4,2016-12,Norfolk Constabulary,Norfolk Constabulary,1.691206,52.675025,On or near RANWORTH DRIVE,E01026627,Great Yarmouth 001D,Investigation complete; no suspect identified
a08dd71b8b910cf08703fb3aaf12bd03a3f501dde9e2c08e27d7403f332954bd,2016-12,Norfolk Constabulary,Norfolk Constabulary,1.284606,52.575274,On or near Park/Open Space,E01026937,South Norfolk 006G,Investigation complete; no suspect identified
9fa3b7277f5f7243c0052d05f3ad839ae143d624fe4e5abdfe5b9a4c8a96efb4,2016-12,Norfolk Constabulary,Norfolk Constabulary,1.720918,52.600347,On or near ALBANY ROAD,E01026633,Great Yarmouth 007B,Investigation complete; no suspect identified
f40dd0c5c2426a13d93e78d7281b714c27154a334f89bc7c41baacdb3e0972ab,2016-12,Norfolk Constabulary,Norfolk Constabulary,1.354382,52.633719,On or near Sports/Recreation Area,E01026575,Broadland 016B,Investigation complete; no suspect identified
be9e8a20314a5776377d8a739da90dd5f8a40710c3da0e84d5b3e84e33ae8db0,2016-12,Norfolk Constabulary,Norfolk Constabulary,1.730490,52.601206,On or near TRINITY PLACE,E01026625,Great Yarmouth 006D,Investigation complete; no suspect identified
cfb87f5583770ddb34841e9ebd952e537f24eb2710cfcc9ace3bfa533dfd1e30,2016-12,Norfolk Constabulary,Norfolk Constabulary,1.297740,52.930729,On or near WEST STREET,E01026734,North Norfolk 003A,Investigation complete; no suspect identified
98e86715118c581e93b4e9bf695ef8131c80843771af103078ff91736f96b565,2016-12,Norfolk Constabulary,Norfolk Constabulary,0.766241,52.417767,On or near THYME CLOSE,E01026471,Breckland 016D,Investigation complete; no suspect identified
5228bcf3ef92262ba92e1341cb8dff60d2d904ad7b053541178edc07ff5a6086,2016-12,Norfolk Constabulary,Norfolk Constabulary,1.292417,52.627050,On or near WILLIAM BOOTH STREET,E01026822,Norwich 007A,Investigation complete; no suspect identified
2b4d2c1efb0dce807c2cd57d9d5dfc106efa1ef0468bc223ab37a3b397146647,2016-12,Norfolk Constabulary,Norfolk Constabulary,1.294071,52.631357,On or near Parking Area,E01026823,Norwich 007B,Investigation complete; no suspect identified
f0eb4250994e36474ee9330b799db7c09e3ec5a8f316ac0a3200d19ac40a414f,2016-12,Norfolk Constabulary,Norfolk Constabulary,1.306923,52.624010,On or near ALBION WAY,E01033441,Norwich 014D,Investigation complete; no suspect identified
e579c151d87e168ce67329b0bcd340d5182a432c9b5c9ce3f1db3821b0feb8e4,2016-12,Norfolk Constabulary,Norfolk Constabulary,1.306923,52.624010,On or near ALBION WAY,E01033441,Norwich 014D,Investigation complete; no suspect identified
9f17e13ed7b9257af5613622f09e6119918707e0e316695c228af5619cf1a746,2016-12,Norfolk Constabulary,Norfolk Constabulary,1.279903,52.636786,On or near CLIFTON CLOSE,E01026827,Norwich 007F,Investigation complete; no suspect identified
62ae4abf04629a108578e5ee7e3ba224842d73a0d76101431e5f2f39197c6556,2016-12,Norfolk Constabulary,Norfolk Constabulary,1.280486,52.637868,On or near CAUSEWAY CLOSE,E01026827,Norwich 007F,Investigation complete; no suspect identified
1f81d1c160f71a52b1b3d50955db29d9b151989d6ff7ce33313a3340e260ea22,2016-12,Norfolk Constabulary,Norfolk Constabulary,0.946630,52.678932,On or near Petrol Station,E01026426,Breckland 005B,Investigation complete; no suspect identified
dbcc290eb14fde7984f58555475b45044a77d0f5f48b7abeb8a0dc986e536b7c,2016-12,Norfolk Constabulary,Norfolk Constabulary,0.556183,52.461362,On or near NURSERY LANE,E01026648,King's Lynn and West Norfolk 019A,Investigation complete; no suspect identified
ec7e9cd95eded8b0ff07dcc54d373586ef55ea559e986b7d7c9fcfc951771260,2016-12,Norfolk Constabulary,Norfolk Constabulary,1.733889,52.606594,On or near SOMERSET PLACE,E01026623,Great Yarmouth 006B,Investigation complete; no suspect identified
f5a99b3e9f8dc4cc8c18d63ad18639cabe6d6d2d2041cfd72204d98b36bf1144,2016-12,Norfolk Constabulary,Norfolk Constabulary,1.295166,52.628430,On or near CASTLE MEADOW,E01026822,Norwich 007A,Investigation complete; no suspect identified
80ba50cf214036a4816fa52876ab0321b42c984f8ec5028e98788237c0f6fbd1,2016-12,Norfolk Constabulary,Norfolk Constabulary,1.299046,52.626370,On or near NORMANS BUILDINGS,E01033440,Norwich 014C,Investigation complete; no suspect identified
7159017b6f7a35a893180d50dec3ebed63e9ed922a6a526a9b57661f54b60788,2016-12,Norfolk Constabulary,Norfolk Constabulary,1.719282,52.603529,On or near STATION ROAD,E01026634,Great Yarmouth 007C,Investigation complete; no suspect identified
b282be0867aaac99a0f0f2e3bc923dc17a40e5ebee4ba151d20e104a8e3fa963,2016-12,Norfolk Constabulary,Norfolk Constabulary,0.692993,52.704734,On or near DE WARRENNE PLACE,E01026694,King's Lynn and West Norfolk 012D,Investigation complete; no suspect identified
05fb710c67069f7aecef6b0f65f489a3552d9e3165c189d5d01b9b4220e71f37,2016-12,Norfolk Constabulary,Norfolk Constabulary,1.309259,52.623234,On or near KOBLENZ AVENUE,E01033441,Norwich 014D,Investigation complete; no suspect identified
4f93b693334de10a75406f96b54d840b59b2c567041602826ea55dbff70c9113,2016-12,Norfolk Constabulary,Norfolk Constabulary,0.702312,52.819964,On or near GROVESIDE,E01026695,King's Lynn and West Norfolk 002D,Investigation complete; no suspect identified
71a3a3eff3280e0895db5052d1f22b3339e61096245baf48c76de822c2c994fb,2016-12,Norfolk Constabulary,Norfolk Constabulary,1.302038,52.620567,On or near SOUTHGATE LANE,E01026822,Norwich 007A,Investigation complete; no suspect identified
db4a57fbb562501c465d983e2b2b48247aed0c8ddb00b5ef7b4810328880627a,2016-12,Norfolk Constabulary,Norfolk Constabulary,0.437412,52.770619,On or near REFFLEY LANE,E01026672,King's Lynn and West Norfolk 006D,Investigation complete; no suspect identified
d3a384d07b1b16b3af1f04670683f61edefac22217254e2b554e3fa97e7f7ae0,2016-12,Norfolk Constabulary,Norfolk Constabulary,1.279969,52.635499,On or near DEVONSHIRE STREET,E01026827,Norwich 007F,Investigation complete; no suspect identified
bf509cf88a16b4c4a8f4b51f39ec08d2ee6a947659c9e29d46e9b59bccd2bc95,2016-12,Norfolk Constabulary,Norfolk Constabulary,1.713352,52.556169,On or near GALAHAD ROAD,E01026612,Great Yarmouth 010C,Investigation complete; no suspect identified
ae2656d9892839f0331787ef57d0a6dccafa689e5d41bb63e218417ccf41b6fb,2016-12,Norfolk Constabulary,Norfolk Constabulary,,,No location,,,Investigation complete; no suspect identified
551b2acb03a1869937797874e3dcb599e76613ee5811b6d5a215c3e0f0443aa6,2016-12,Norfolk Constabulary,Norfolk Constabulary,1.727499,52.582879,On or near BULL'S LANE,E01026632,Great Yarmouth 009E,Investigation complete; no suspect identified
8be0fbc034be43b49997a3e70ffe6f0cc4af3fafe7faf71dcbadcdf87704a287,2016-12,Norfolk Constabulary,Norfolk Constabulary,1.727820,52.606813,On or near REGENT ROAD,E01026623,Great Yarmouth 006B,Investigation complete; no suspect identified
b72bf610f7af726201e944596910a703e8a6c3ce3874833d6c6435063b2c9ca1,2016-12,Norfolk Constabulary,Norfolk Constabulary,1.294877,52.627539,On or near Bus/Coach Station,E01026822,Norwich 007A,Investigation complete; no suspect identified
04d8177b2bddac3710c451605fbc770193c1fbb46ae4ed512d31a1b67af5a4ae,2016-12,Norfolk Constabulary,Norfolk Constabulary,1.293246,52.626082,On or near Shopping Area,E01026822,Norwich 007A,Investigation complete; no suspect identified
82eb2b72fd6191bc116c4c155ae9a4eca451863d8c91869929730abf86cdec23,2016-12,Norfolk Constabulary,Norfolk Constabulary,1.288114,52.612842,On or near Sports/Recreation Area,E01026818,Norwich 013C,Investigation complete; no suspect identified
cc4eb8442ea978d03acd419fd642fecf4acc5348df8ecf5f154408025d4c9958,2016-12,Norfolk Constabulary,Norfolk Constabulary,0.408671,52.751649,On or near Sports/Recreation Area,E01026667,King's Lynn and West Norfolk 009B,Investigation complete; no suspect identified
97337645499495fed6a671cd15ebdb0a4892c2505327a4b8c9148191402a3fe3,2016-12,Norfolk Constabulary,Norfolk Constabulary,1.290782,52.625350,On or near MALTHOUSE ROAD,E01026822,Norwich 007A,Investigation complete; no suspect identified
1791e0a4f6783498151344983823ae02b68b2330c9fcdcad85ad6e751d50eec6,2016-12,Norfolk Constabulary,Norfolk Constabulary,1.278172,52.637950,On or near WATSON GROVE,E01026825,Norwich 007D,Investigation complete; no suspect identified
6a7516dcba6328050862eb4595fb80760f7b859e63d993e2fb6fa7074f353e52,2016-12,Norfolk Constabulary,Norfolk Constabulary,1.295876,52.627061,On or near Parking Area,E01026822,Norwich 007A,Investigation complete; no suspect identified
997ee4a588826f3b9fdf5e730460d5773054af94083e8c6d4f295a2016edd5a6,2016-12,Norfolk Constabulary,Norfolk Constabulary,1.234560,52.605496,On or near LOBELIA LANE,E01026881,South Norfolk 002A,Investigation complete; no suspect identified
cbef21f012b417e6c33a5d3741e315844b026fd7f0c586775645e7fde2dfa38e,2016-12,Norfolk Constabulary,Norfolk Constabulary,0.414971,52.766151,On or near REID WAY,E01026690,King's Lynn and West Norfolk 007D,Investigation complete; no suspect identified
952a3c6889a451eff644eb8e7c7a95f9738e72e88718b0564675a3480814d985,2016-12,Norfolk Constabulary,Norfolk Constabulary,1.721694,52.606187,On or near BRIDGE ROAD,E01026635,Great Yarmouth 007D,Investigation complete; no suspect identified
bd4d0e65cfe836e2c9c0aa4cc41a59b650acf4616c6d8d913325321a20914631,2016-12,Norfolk Constabulary,Norfolk Constabulary,1.290679,52.624175,On or near Pedestrian Subway,E01026822,Norwich 007A,Investigation complete; no suspect identified
d3c4d3d7e823740005c880cb29212905cd57bddf4c491e28d4fad657ac166cb4,2016-12,Norfolk Constabulary,Norfolk Constabulary,1.710126,52.569681,On or near GIRTON ROAD,E01026619,Great Yarmouth 011C,Investigation complete; no suspect identified
3a4f011d730279960e2ee2467b8844c0f19ed28ea0d5a1da7963a6a25bd6ccc2,2016-12,Norfolk Constabulary,Norfolk Constabulary,0.731170,52.418349,On or near DURHAM WAY,E01026467,Breckland 015C,Investigation complete; no suspect identified
e9d5bfdf13bc2d37c69f66b2d71dc7e948c3df16fafd2bfde57ea318dbd0725d,2016-12,Norfolk Constabulary,Norfolk Constabulary,1.730497,52.598858,On or near CAMDEN ROAD,E01026625,Great Yarmouth 006D,Investigation complete; no suspect identified
30464e6c08a737087c3df738d4b63afd25c455e6c6e3b9b60d9ef892c1efebfe,2016-12,Norfolk Constabulary,Norfolk Constabulary,1.104270,52.381381,On or near BRUSHMAKERS WAY,E01026889,South Norfolk 015B,Investigation complete; no suspect identified
1dc3e91cbe44627927ffa29b3e5eabea5aaec629f0b322eac2d37886a4d90e0d,2016-12,Norfolk Constabulary,Norfolk Constabulary,1.104270,52.381381,On or near BRUSHMAKERS WAY,E01026889,South Norfolk 015B,Investigation complete; no suspect identified
c3878c3016ae219fd3483a4d93c8476ad228a91c6d7762d2949c953eae487f6e,2016-12,Norfolk Constabulary,Norfolk Constabulary,1.104270,52.381381,On or near BRUSHMAKERS WAY,E01026889,South Norfolk 015B,Investigation complete; no suspect identified
2e1a0e6eb595f1f413c36301726e2c54a437345cb07142f14baebec875e3a8b3,2016-12,Norfolk Constabulary,Norfolk Constabulary,1.104270,52.381381,On or near BRUSHMAKERS WAY,E01026889,South Norfolk 015B,Investigation complete; no suspect identified
04f8138fed2572abafaebb3c27bd26fe6046d9fd3abca41d49ef54862fbfd2b3,2016-12,Norfolk Constabulary,Norfolk Constabulary,1.104270,52.381381,On or near BRUSHMAKERS WAY,E01026889,South Norfolk 015B,Investigation complete; no suspect identified
29f14129b045e83895935eea9de8fe62e5ba57536c86d6fd6c285424e1e704dd,2016-12,Norfolk Constabulary,Norfolk Constabulary,1.104270,52.381381,On or near BRUSHMAKERS WAY,E01026889,South Norfolk 015B,Investigation complete; no suspect identified
b1c43ba8526695bf8ebf2037e0112805e039c8306ef49431759ad8aa3cac6925,2016-12,Norfolk Constabulary,Norfolk Constabulary,1.104270,52.381381,On or near BRUSHMAKERS WAY,E01026889,South Norfolk 015B,Investigation complete; no suspect identified
153dc75ebd85aca64c9346401b30f56c80cdc3a317901244998d0d17804b6a7e,2016-12,Norfolk Constabulary,Norfolk Constabulary,1.104270,52.381381,On or near BRUSHMAKERS WAY,E01026889,South Norfolk 015B,Investigation complete; no suspect identified
89e80908b173c9b1959d561c1f198b38179bd8e1392f0060c0c57c1281a5ac1d,2016-12,Norfolk Constabulary,Norfolk Constabulary,1.104270,52.381381,On or near BRUSHMAKERS WAY,E01026889,South Norfolk 015B,Investigation complete; no suspect identified
9a597c8e057b69a0a0e39e1ffcf1d5dc230a515e9a938dc4ede3fc81176d283e,2016-12,Norfolk Constabulary,Norfolk Constabulary,1.104270,52.381381,On or near BRUSHMAKERS WAY,E01026889,South Norfolk 015B,Investigation complete; no suspect identified
5660958b79ea7fda78e4f8497f34ff789e5aa405bbdecf7914b0806d59be3f1f,2016-12,Norfolk Constabulary,Norfolk Constabulary,1.104270,52.381381,On or near BRUSHMAKERS WAY,E01026889,South Norfolk 015B,Investigation complete; no suspect identified
6aba1fb5f2bb420bbad017638e896de24570b7bfabb3b4c9ffc3b6a085d98ea2,2016-12,Norfolk Constabulary,Norfolk Constabulary,1.104270,52.381381,On or near BRUSHMAKERS WAY,E01026889,South Norfolk 015B,Investigation complete; no suspect identified
e0d9cdc70cafff4e4fe8c99c17979c2b2957edb144b703e3f69b6df31149fef2,2016-12,Norfolk Constabulary,Norfolk Constabulary,1.104270,52.381381,On or near BRUSHMAKERS WAY,E01026889,South Norfolk 015B,Investigation complete; no suspect identified
ff3482a5789e1231cf9217326f5c50b307a40be5618520f2b2f651c6c4515246,2016-12,Norfolk Constabulary,Norfolk Constabulary,1.289435,52.652890,On or near WOODCOCK CLOSE,E01026798,Norwich 001B,Investigation complete; no suspect identified
ee77f2635ee35b8784f3fb3e3852668637451192d61723ebfe0133b487764eb8,2016-12,Norfolk Constabulary,Norfolk Constabulary,1.731738,52.644683,On or near NELSON COURT,E01026594,Great Yarmouth 003F,Investigation complete; no suspect identified
7dac11dd4b53e6f173ca77f70ab92929fbe00d0834017748963a4cac2fa7da9a,2016-12,Norfolk Constabulary,Norfolk Constabulary,1.304757,52.628217,On or near PRINCE OF WALES ROAD,E01033439,Norwich 014B,Investigation complete; no suspect identified
d8d45e792c25ce9af2c5a1805ca3df7f593c20c6bcc31c721c512451afdcb2f3,2016-12,Norfolk Constabulary,Norfolk Constabulary,1.294860,52.625929,On or near WESTLEGATE,E01026822,Norwich 007A,Investigation complete; no suspect identified
1418a1b5505a3937c83e91b859d1f9548b4b929d74b32126762768c7116714a7,2016-12,Norfolk Constabulary,Norfolk Constabulary,1.299998,52.644502,On or near THE ERINS,E01026842,Norwich 003B,Investigation complete; no suspect identified
1ad9743b1f7dc1da718922710e46740a08853055848407d2919fbf50a5a96205,2016-12,Norfolk Constabulary,Norfolk Constabulary,1.293950,52.629354,On or near Shopping Area,E01026823,Norwich 007B,Investigation complete; no suspect identified
884872257fe91851d2fa9037a12a99002674cfe2312c8455faa5f20d3bf13446,2016-12,Norfolk Constabulary,Norfolk Constabulary,1.735870,52.609914,On or near EUSTON ROAD,E01026598,Great Yarmouth 005D,Investigation complete; no suspect identified
bd12824892cb1da57da637da6b3eac72ac096f3216770193970ad309e9957c09,2016-12,Norfolk Constabulary,Norfolk Constabulary,1.728085,52.606112,On or near KING STREET,E01026623,Great Yarmouth 006B,Investigation complete; no suspect identified
e4c3b9ccc44fab123051222cc70d7287156b31d8df94d901c92cd2151888aa3a,2016-12,Norfolk Constabulary,Norfolk Constabulary,1.286127,52.617673,On or near Further/Higher Educational Building,E01026852,Norwich 011A,Investigation complete; no suspect identified
a81b2671428b00399e57237f4e62517e83025d3bd6a163a264766f793e64e30a,2016-12,Norfolk Constabulary,Norfolk Constabulary,1.708134,52.569870,On or near THE WILLOWS,E01026620,Great Yarmouth 011D,Investigation complete; no suspect identified
91efd1ebb88ad38417a30fe544dcac362d987642278868e47c3378c2b4daff68,2016-12,Norfolk Constabulary,Norfolk Constabulary,1.293246,52.626082,On or near Shopping Area,E01026822,Norwich 007A,Investigation complete; no suspect identified
a98d1d498a89d3d7a0734b5a69d6dd9c9a41c579df5bee2a7740fae9e5b9f68d,2016-12,Norfolk Constabulary,Norfolk Constabulary,1.223643,52.621163,On or near COLNEY LANE,E01026882,South Norfolk 002B,Investigation complete; no suspect identified
8b470d670308b9acf33a181dbaa7a75672ae9ab4027d24eceb9adeaff6f9ede0,2016-12,Norfolk Constabulary,Norfolk Constabulary,1.731691,52.599864,On or near ABYSSINIA ROAD,E01026625,Great Yarmouth 006D,Investigation complete; no suspect identified
5c97036a230ee2850839de1712924f1147a2acce4a78404b80cd0d0a3b22cc60,2016-12,Norfolk Constabulary,Norfolk Constabulary,1.305389,52.623073,On or near WHERRY ROAD,E01033441,Norwich 014D,Investigation complete; no suspect identified
fbea1b59471a86819ae3dbafc48164461945e64cb4d397091ee8cffbb7689a5b,2016-12,Norfolk Constabulary,Norfolk Constabulary,1.292730,52.628858,On or near GAOL HILL,E01026822,Norwich 007A,Investigation complete; no suspect identified
fb9c128da5cb804960d6f56bd9d7a9d775635d990a3e646906981693c1dca76a,2016-12,Norfolk Constabulary,Norfolk Constabulary,1.301283,52.629186,On or near Nightclub,E01033438,Norwich 014A,Investigation complete; no suspect identified
1adf413601873c1b749c4c5d3bedd5fbc5d763a8b73fa5d03fa0460a43edb6ee,2016-12,Norfolk Constabulary,Norfolk Constabulary,0.399566,52.754765,On or near Parking Area,E01026698,King's Lynn and West Norfolk 011A,Investigation complete; no suspect identified
953329fa5551f849dc86481f4d281df129b48f20139c7c5d07dfff4e921f0f00,2016-12,Norfolk Constabulary,Norfolk Constabulary,1.729814,52.539730,On or near ST ANDREW CLOSE,E01026588,Great Yarmouth 013D,Investigation complete; no suspect identified
545f4368e51dfa74597d02b0e78ac317fff4b05a9a26d1dc03946b392961fc3d,2016-12,Norfolk Constabulary,Norfolk Constabulary,1.729425,52.578600,On or near Supermarket,E01026630,Great Yarmouth 010D,Investigation complete; no suspect identified
21e90c55dbbc6904b80b4dc8717c234e0e33e65b00f95fd5fd3eeb7cb1515453,2016-12,Norfolk Constabulary,Norfolk Constabulary,1.049245,52.386484,On or near CHEQUERS LANE,E01026873,South Norfolk 014A,Investigation complete; no suspect identified
14ae0d939592cc778d2ac78c9d78e49b721809e8c1c9fdd050695ecde21b31bf,2016-12,Norfolk Constabulary,Norfolk Constabulary,1.122885,52.369433,On or near CUTHBERTS MALTINGS,E01033541,South Norfolk 015H,Investigation complete; no suspect identified
0183398d36b593562ce2308e080c042f0ebc80adde6798f0e45a77233c1f1fe7,2016-12,Norfolk Constabulary,Norfolk Constabulary,1.268998,52.629129,On or near Supermarket,E01026837,Norwich 009C,Investigation complete; no suspect identified
34f768c916cd0b2d35ca9c0d599221836afe2307d891633338987b3fa3aabcdb,2016-12,Norfolk Constabulary,Norfolk Constabulary,1.308681,52.630661,On or near LOLLARDS ROAD,E01033438,Norwich 014A,Investigation complete; no suspect identified
120592db727e958efad413f0f1b28b4d3b04d6c0431bcaa851e62f58d74382c3,2016-12,Norfolk Constabulary,Norfolk Constabulary,1.277353,52.646174,On or near HANSARD CLOSE,E01026829,Norwich 002B,Investigation complete; no suspect identified
79996a4cb60447191261510f39742caaec718c4fd52c2cd3c3ca158f53d8b271,2016-12,Norfolk Constabulary,Norfolk Constabulary,1.210334,52.645663,On or near DEREHAM ROAD,E01026925,South Norfolk 001F,Investigation complete; no suspect identified
93c2954b172ee81d59f4f31803f2b47d755377fef4869f6ce4b01e58dd69d3cc,2016-12,Norfolk Constabulary,Norfolk Constabulary,1.706932,52.693305,On or near SOUTH ROAD,E01026607,Great Yarmouth 001C,Investigation complete; no suspect identified
0df2b01ba566c0d5a05ec09ebf9f5036755002a0fdf3051cfb4ec973fce14841,2016-12,Norfolk Constabulary,Norfolk Constabulary,1.297848,52.632250,On or near WENSUM STREET,E01033438,Norwich 014A,Investigation complete; no suspect identified
6bccd9449db7967a354f952ab95343be2bdb05a90d8ba729ad2d825eda23a50a,2016-12,Norfolk Constabulary,Norfolk Constabulary,1.282061,52.632832,On or near DEREHAM ROAD,E01026824,Norwich 007C,Investigation complete; no suspect identified
c197ab3542a7bdb12f9ed8232b79bc92b0da7f357c6e6a344b9467616c8d8b95,2016-12,Norfolk Constabulary,Norfolk Constabulary,0.944384,52.869803,On or near NORTH LANE,E01026788,North Norfolk 008C,Investigation complete; no suspect identified
a1e49ae9e729aae339c1126b2461655fb8ed53b5b63d72b97bb68da1f651d185,2016-12,Norfolk Constabulary,Norfolk Constabulary,1.208648,52.932316,On or near LABURNUM GROVE,E01026773,North Norfolk 001D,Investigation complete; no suspect identified
8a672e0e33b37f24ed0e7539bec49ec9d00a16ad56392d2802a841423d6331c3,2016-12,Norfolk Constabulary,Norfolk Constabulary,0.734711,52.408789,On or near LONDON ROAD,E01026476,Breckland 017C,Investigation complete; no suspect identified
2038fba7271137a9a89a9e275edbeaa52161625ac091a7546b4a1092ca9af0c2,2016-12,Norfolk Constabulary,Norfolk Constabulary,1.726744,52.606154,On or near Parking Area,E01026623,Great Yarmouth 006B,Investigation complete; no suspect identified
ed1103eafb0e1e3dd986c1497686c837d3aa64a94211893cb918ad5a5d1e2c39,2016-12,Norfolk Constabulary,Norfolk Constabulary,0.858740,52.554918,On or near HMP WAYLAND,E01033040,Breckland 010F,Investigation complete; no suspect identified
7eb5edc4bb744b0c9b9ba3a3766522044302107eb049e20f5976b0ce3b67af13,2016-12,Norfolk Constabulary,Norfolk Constabulary,1.289626,52.629834,On or near FISHERS LANE,E01026822,Norwich 007A,Investigation complete; no suspect identified
d440a7a5799304c02170874f1bae968aef7752815af472229a58fd9c6ac143b8,2016-12,Norfolk Constabulary,Norfolk Constabulary,1.715891,52.566640,On or near WADHAM ROAD,E01026617,Great Yarmouth 011A,Investigation complete; no suspect identified
a69115ebb7bcc7578d629003cd5c64ec2c30d2a17cc642a9f59c494a400d2ed2,2016-12,Norfolk Constabulary,Norfolk Constabulary,0.740294,52.418200,On or near MONKSGATE,E01026465,Breckland 015A,Investigation complete; no suspect identified
d717a0edd71b0f03f37252b5f42a13461844810690d7a227e9a73f6d211bde9a,2016-12,Norfolk Constabulary,Norfolk Constabulary,0.247057,52.699516,On or near STOCKSHILL SQUARE,E01026721,King's Lynn and West Norfolk 013E,Investigation complete; no suspect identified
a81ca0888fc2ff29a3389a059517b14de90b55bdbac5feaa26ab278d8085af34,2016-12,Norfolk Constabulary,Norfolk Constabulary,0.827258,52.571475,On or near GABLE COURT,E01026488,Breckland 009C,Investigation complete; no suspect identified
45ed97f239bbf69f83af597278e65b06e9d0616173701211f74c0b36ee57b58b,2016-12,Norfolk Constabulary,Norfolk Constabulary,1.302678,52.640632,On or near SILVER ROAD,E01026841,Norwich 003A,Investigation complete; no suspect identified
46bdd1623d04bddea5770efc391b273bbbb2a13dbefebc0868643cce593aa771,2016-12,Norfolk Constabulary,Norfolk Constabulary,1.300319,52.629726,On or near Nightclub,E01033438,Norwich 014A,Investigation complete; no suspect identified
305591a61dd6fd1658ab1905feea4965df4a144683e1ef7f6b3e4dd9cfdf5d9c,2016-12,Norfolk Constabulary,Norfolk Constabulary,1.279011,52.599380,On or near OLDHALL ROAD,E01026821,Norwich 013F,Investigation complete; no suspect identified
1a2734a35375a5db7715ea563bfa78d5798614f6d82d3bc58e6fa75430f62f1b,2016-12,Norfolk Constabulary,Norfolk Constabulary,0.692368,52.651784,On or near COUHE CLOSE,E01026459,Breckland 007E,Investigation complete; no suspect identified
6e1b786515b66e9eb5a24f3c04ea856c680bd1351d52349f6d3ac1a2ed9745bc,2016-12,Norfolk Constabulary,Norfolk Constabulary,1.276442,52.652378,On or near CHAMBERS ROAD,E01026832,Norwich 002E,Investigation complete; no suspect identified
7b21748fe44afd1b529addfbae029af6584a24bc51fdba567384e9b717270af6,2016-12,Norfolk Constabulary,Norfolk Constabulary,1.344905,52.626729,On or near BARBER PLACE,E01026577,Broadland 016D,Investigation complete; no suspect identified
b16a8421a1c48a86c937cd09cd127a39165f3f6aa759d4dad1481cac62353e8f,2016-12,Norfolk Constabulary,Norfolk Constabulary,0.685239,52.648852,On or near Supermarket,E01026455,Breckland 007A,Investigation complete; no suspect identified
66c168a185590eb940a9d414fcf8ce44f7291fa2f2bf341787aa8dbb146ec329,2016-12,Norfolk Constabulary,Norfolk Constabulary,1.291969,52.659646,On or near Sports/Recreation Area,E01026799,Norwich 001C,Investigation complete; no suspect identified
33fb4dfec5af1fe41651a0237b960ffc03944fca7f992da50c8facacbc27c521,2016-12,Norfolk Constabulary,Norfolk Constabulary,1.289835,52.656450,On or near BLACKTHORN CLOSE,E01026799,Norwich 001C,Investigation complete; no suspect identified
e72e21072f389f008ed33edbf849979bb201b7ec3dbc7dda0463f4078f5e5877,2016-12,Norfolk Constabulary,Norfolk Constabulary,1.307984,52.634746,On or near ST JAMES MEADOW,E01026848,Norwich 015A,Investigation complete; no suspect identified
b0c77e4f477e2f8280a4310c92dcce952e319c7306e6cb9789d5e172f59fc9c0,2016-12,Norfolk Constabulary,Norfolk Constabulary,1.303625,52.638294,On or near MORLEY STREET,E01026848,Norwich 015A,Investigation complete; no suspect identified
a292e4db222d2211793fe801da9e4616d1f4cf90f202bdb525e93870cb5f988e,2016-12,Norfolk Constabulary,Norfolk Constabulary,1.004375,52.512990,On or near ST EDMUNDS GATE,E01026450,Breckland 011E,Investigation complete; no suspect identified
59ebde3377c7acc4a82e1c4c8b6707cd5b4b4ac24cd37d06b556f32ee138de84,2016-12,Norfolk Constabulary,Norfolk Constabulary,1.295876,52.627061,On or near Parking Area,E01026822,Norwich 007A,Investigation complete; no suspect identified
485e9ccbd377aec3f7ece1950279e1ac645e85b07461dc861bcf204938fb0e51,2016-12,Norfolk Constabulary,Norfolk Constabulary,1.299419,52.626414,On or near STEPPING LANE,E01033440,Norwich 014C,Investigation complete; no suspect identified
096668a6865d3accbae979c50e2bed5d9e4739d7d298e54fb62c620688634648,2016-12,Norfolk Constabulary,Norfolk Constabulary,1.270243,52.649177,On or near BULMER ROAD,E01026833,Norwich 002F,Investigation complete; no suspect identified
d69cff837cac56ee74390ab8822730b95032a741c8a7304219fb3588ff0f9d47,2016-12,Norfolk Constabulary,Norfolk Constabulary,1.258652,52.624755,On or near CORIE ROAD,E01026859,Norwich 010B,Investigation complete; no suspect identified
a007fb32d1d4ff693b6310eb2eeeb0930ee398f7c7bec77b04252f6b134e5433,2016-12,Norfolk Constabulary,Norfolk Constabulary,1.301269,52.401833,On or near Parking Area,E01026902,South Norfolk 013D,Investigation complete; no suspect identified
f0ca4d0c96d816f8a093fe93d231e107b3e3d91a4b7cf04a3eb188f372cae147,2016-12,Norfolk Constabulary,Norfolk Constabulary,0.941805,52.678476,On or near BANYARD PLACE,E01026426,Breckland 005B,Investigation complete; no suspect identified
7bf061f04e9f6f20b6329c598dc9b2ac2673625faa219c577cd58278e634ffe6,2016-12,Norfolk Constabulary,Norfolk Constabulary,1.308932,52.629089,On or near ROSARY ROAD,E01033438,Norwich 014A,Investigation complete; no suspect identified
5b2519da22beadefe0e19a2e91eda00bfcb751a57ca979899f01bdecd3307dc3,2016-12,Norfolk Constabulary,Norfolk Constabulary,1.310720,52.631827,On or near GAS HILL,E01026850,Norwich 015C,Investigation complete; no suspect identified
141bbb1476b6f3d3c615b6203fb7f78cf7097662457513cd7023800002d8bd32,2016-12,Norfolk Constabulary,Norfolk Constabulary,1.732894,52.619030,On or near WALPOLE ROAD,E01026599,Great Yarmouth 004A,Investigation complete; no suspect identified
e232d43f7b5b187e8904367dd364220ae630569b883eeec554ad13d3da535eb9,2016-12,Norfolk Constabulary,Norfolk Constabulary,1.729676,52.643912,On or near JUBILEE TERRACE,E01026594,Great Yarmouth 003F,Investigation complete; no suspect identified
15b8c53fd480d94b03418e80a3de091f903f4de67008d88368ee232a7bfc7266,2016-12,Norfolk Constabulary,Norfolk Constabulary,1.279903,52.636786,On or near CLIFTON CLOSE,E01026827,Norwich 007F,Investigation complete; no suspect identified
6fbec22e3c198009942dad0e9b179716696245c3caa3b07d56e97095c84495e8,2016-12,Norfolk Constabulary,Norfolk Constabulary,1.330917,52.643555,On or near PORSON ROAD,E01026805,Norwich 004C,Investigation complete; no suspect identified
baa991b8a05f9b22c405d01d8ea2dc97c94322503d330ae7ecdca00efba76184,2016-12,Norfolk Constabulary,Norfolk Constabulary,1.719550,52.567487,On or near POUND LANE,E01026617,Great Yarmouth 011A,Investigation complete; no suspect identified
1396b6a9af15aad8d02b0f2b5530cb84f4e7819b98ed42fb133ef7bcaa981452,2016-12,Norfolk Constabulary,Norfolk Constabulary,1.269367,52.672701,On or near Airport/Airfield,E01026797,Norwich 001A,Investigation complete; no suspect identified
9023ea0b10ec7de6701518bb3989c45f80cd30b2edc6f5c48dedfac51b747058,2016-12,Norfolk Constabulary,Norfolk Constabulary,1.251578,52.627612,On or near SALTER AVENUE,E01026858,Norwich 010A,Investigation complete; no suspect identified
7d7d368215824ae8a5a4a58b1cf8d442b1ac6bbbbd74344f581a0c00cd5acd9e,2016-12,Norfolk Constabulary,Norfolk Constabulary,0.844575,52.833660,On or near BUTCHER'S LANE,E01026746,North Norfolk 011B,Investigation complete; no suspect identified
9baf2ff97d87719d5a2f73d4c27929ddf08d89ae8dcceeda32eb0e64ecc34dfc,2016-12,Norfolk Constabulary,Norfolk Constabulary,1.733230,52.599554,On or near NELSON ROAD SOUTH,E01026626,Great Yarmouth 006E,Investigation complete; no suspect identified
be1e7134f32de1a30e8f9b0809dec7b04533bc69474c51841172f6a278bbf3ec,2016-12,Norfolk Constabulary,Norfolk Constabulary,0.426479,52.749695,On or near RALEIGH ROAD,E01026666,King's Lynn and West Norfolk 009A,Investigation complete; no suspect identified
b9777c8cfe71bb124d2ffa173ac4349d1290dcaff800a5302c42c7d33d925b6f,2016-12,Norfolk Constabulary,Norfolk Constabulary,0.538008,52.561180,On or near WHITTINGTON HILL,E01026651,King's Lynn and West Norfolk 019D,Investigation complete; no suspect identified
a9fd82a053556862d44adcd4a3c6660709062df5212c10f9e01f21004e8b4fac,2016-12,Norfolk Constabulary,Norfolk Constabulary,1.733732,52.609091,On or near SOUTHAMPTON PLACE,E01026598,Great Yarmouth 005D,Investigation complete; no suspect identified
c9807b4e2f277d28926557b760cd5b1adb560da082cb64cf0b39d4e41a09467b,2016-12,Norfolk Constabulary,Norfolk Constabulary,1.251166,52.607919,On or near Shopping Area,E01026810,Norwich 012A,Investigation complete; no suspect identified
6ddf8babff1702bc5899ce4838c3199302d917da90dcdbbff159f39fcdd4a514,2016-12,Norfolk Constabulary,Norfolk Constabulary,0.409947,52.768591,On or near MARINERS WAY,E01026690,King's Lynn and West Norfolk 007D,Investigation complete; no suspect identified
9e744ac8d561dd36542c1425898fcd559d45433e014011c8dfb12c6c4a15907a,2016-12,Norfolk Constabulary,Norfolk Constabulary,1.728518,52.604074,On or near TOWNSHEND CLOSE,E01026625,Great Yarmouth 006D,Investigation complete; no suspect identified
53d78f2afb0b8fd2afe98d0c4cc618228ff487e8a4aad977a2c68650ad287a65,2016-12,Norfolk Constabulary,Norfolk Constabulary,0.404210,52.756487,On or near GAYWOOD ROAD,E01026698,King's Lynn and West Norfolk 011A,Investigation complete; no suspect identified
fe475149f33ab80f74a967c75bf1d9d5ac8a55fd00d40abe8ce4e3df341ecbea,2016-12,Norfolk Constabulary,Norfolk Constabulary,1.302351,52.614524,On or near LAKENFIELDS,E01026817,Norwich 013B,Investigation complete; no suspect identified
6809c38ccd2ae7ff2e5bbded8a9a3a024c2173b871941a3b6527a7607fb2d38a,2016-12,Norfolk Constabulary,Norfolk Constabulary,0.904764,52.852237,On or near THE PASTURES,E01026788,North Norfolk 008C,Investigation complete; no suspect identified
d564b2cbf5b354f00890513ebdc966bf96ac7e3926d74e70ac49766de0462a7a,2016-12,Norfolk Constabulary,Norfolk Constabulary,1.249108,52.645532,On or near HELLESDON MILL LANE,E01026864,Norwich 006B,Investigation complete; no suspect identified
f3a186633a918d5aca73c7536276a26ce3702a1d09909c0f08c33845375d765b,2016-12,Norfolk Constabulary,Norfolk Constabulary,1.240102,52.620327,On or near SUFFOLK ROAD,E01026860,Norwich 010C,Investigation complete; no suspect identified
9bcb75a85874ea8b2684c9fc9a3bce4c5115732c34a0980c5add8dea6d488306,2016-12,Norfolk Constabulary,Norfolk Constabulary,0.498301,52.846159,On or near EARL CLOSE,E01026654,King's Lynn and West Norfolk 004B,Investigation complete; no suspect identified
02df39fe253fb0ad436e32725e90df7dc502a4706a71781b118b3506fb495c79,2016-12,Norfolk Constabulary,Norfolk Constabulary,1.300355,52.620587,On or near KENSINGTON PLACE,E01026816,Norwich 013A,Investigation complete; no suspect identified
83d6335bdb5ebfff08c01a5073c084c712d67c00c178ea7c30b502d6b1f22e06,2016-12,Norfolk Constabulary,Norfolk Constabulary,1.735028,52.601063,On or near WELLINGTON ROAD,E01026626,Great Yarmouth 006E,Investigation complete; no suspect identified
06b54905cde2d610346d7daf8220105898cfd0cca9fce2ca436ac9c7675ef4dd,2016-12,Norfolk Constabulary,Norfolk Constabulary,0.873520,52.494362,On or near WRETHAM ROAD,E01026491,Breckland 010E,Investigation complete; no suspect identified
bf57f8c06a27efaddde56b6ea9ea16e6c080c7dc8a2c0a9e4dee2750b5e237f4,2016-12,Norfolk Constabulary,Norfolk Constabulary,1.301463,52.928413,On or near VICARAGE ROAD,E01026735,North Norfolk 003B,Investigation complete; no suspect identified
4deccb27318d517d5f66200acb09355813fdf20300b9f1f94cdc842932eeb68e,2016-12,Norfolk Constabulary,Norfolk Constabulary,1.292417,52.627050,On or near WILLIAM BOOTH STREET,E01026822,Norwich 007A,Investigation complete; no suspect identified
4a3be1d2dd7bfe95a5feb4ba2217ad1b64b93702a53b8d36836b524ed1d4155b,2016-12,Norfolk Constabulary,Norfolk Constabulary,1.300288,52.641094,On or near CHURCHILL ROAD,E01026845,Norwich 003E,Investigation complete; no suspect identified
888585060c4e1b56d0df2a106cbdae1b66f8d524b3651b518786297f062240e8,2016-12,Norfolk Constabulary,Norfolk Constabulary,1.259348,52.634117,On or near GUARDIAN ROAD,E01026865,Norwich 006C,Investigation complete; no suspect identified
ecb015c32a2bc9257eccacf427071ba428d20c45aa3a8efd37078ee77f7b6533,2016-12,Norfolk Constabulary,Norfolk Constabulary,1.292730,52.628858,On or near GAOL HILL,E01026822,Norwich 007A,Investigation complete; no suspect identified
a9b0aad2228cb96422925607583fabddebebecda312fca9398c35312c93c2a2e,2016-12,Norfolk Constabulary,Norfolk Constabulary,1.298836,52.629857,On or near UPPER KING STREET,E01033438,Norwich 014A,Investigation complete; no suspect identified
f685bf2951d629c0fd604e1687316f61d86a412fdf6a050f27448ada6e60b3c2,2016-12,Norfolk Constabulary,Norfolk Constabulary,1.458364,52.797978,On or near EAST RUSTON ROAD,E01026740,North Norfolk 012A,Investigation complete; no suspect identified
d7de445057a92a1dc668ebc0af444529eb5b8ee14cf39c68089a48383dd8dea6,2016-12,Norfolk Constabulary,Norfolk Constabulary,1.309074,52.403755,On or near LOVAT CLOSE,E01026902,South Norfolk 013D,Investigation complete; no suspect identified
7c61d6c23a37ce83e40f93e4298b39b5d054b56867e1790a6dde6bbe64903165,2016-12,Norfolk Constabulary,Norfolk Constabulary,1.284115,52.641895,On or near CLICKERS ROAD,E01026829,Norwich 002B,Investigation complete; no suspect identified
cd6fb2b0b0cc29d85ac0fd48844371d7f7a30e5db90783516a0d47cdef53069e,2016-12,Norfolk Constabulary,Norfolk Constabulary,1.696004,52.671916,On or near SHARPE WAY,E01026628,Great Yarmouth 001E,Investigation complete; no suspect identified
0ebc05726255cedcf3c832ca2a83f23170a08348a95e3283f33c0c3105654ff2,2016-12,Norfolk Constabulary,Norfolk Constabulary,1.220986,52.485928,On or near WELLESLEY ROAD,E01026939,South Norfolk 011E,Investigation complete; no suspect identified
dcbe7b6863aabe46d17f7cfe37b9c47a644de01265d11a75bc2533f04b409458,2016-12,Norfolk Constabulary,Norfolk Constabulary,1.177832,52.664158,On or near FAIRWAY,E01033538,South Norfolk 001G,Investigation complete; no suspect identified
9ce32357f1da2e5e18b18af8bbf24b0f362b2566ff4c6093e34f61f9361d5530,2016-12,Norfolk Constabulary,Norfolk Constabulary,1.202027,52.941605,On or near LINKS CRESCENT,E01026770,North Norfolk 001A,Investigation complete; no suspect identified
91f11471e67c3fa25a28073430a8986479e59111d6005294127e20b2f6076be8,2016-12,Norfolk Constabulary,Norfolk Constabulary,1.725179,52.611034,On or near FULLER'S HILL,E01026597,Great Yarmouth 005C,Investigation complete; no suspect identified
9ce16202f4ebad72842c06e164a101c53e4c2ea4c773f3a2f5c162ccc987d023,2016-12,Norfolk Constabulary,Norfolk Constabulary,1.715463,52.607966,On or near MISSION ROAD,E01026635,Great Yarmouth 007D,Investigation complete; no suspect identified
243446bcd3fd19f704bda61eabd5f6e6d6f27aac08860330379ec43a5bfdc825,2016-12,Norfolk Constabulary,Norfolk Constabulary,1.297025,52.633100,On or near FYE BRIDGE STREET,E01026823,Norwich 007B,Investigation complete; no suspect identified
c75b7fc4831ddb853ef1071bcb21c07f01587a2a08f68c032887e8b2ef3c8f6a,2016-12,Norfolk Constabulary,Norfolk Constabulary,1.735471,52.602101,On or near SULTAN PLACE,E01026626,Great Yarmouth 006E,Investigation complete; no suspect identified
77832ebafb490821f1e4f0ec5b903eb3307e35924886a540b3ef233aa1e5c9eb,2016-12,Norfolk Constabulary,Norfolk Constabulary,1.706903,52.694718,On or near THE CRESCENT,E01026607,Great Yarmouth 001C,Investigation complete; no suspect identified
8213c835633baaa922715530d6911f324e2549817a8e5cd9e8b2ed6e17884146,2016-12,Norfolk Constabulary,Norfolk Constabulary,0.387973,52.557505,On or near MANOR ROAD,E01026679,King's Lynn and West Norfolk 018A,Investigation complete; no suspect identified
dc7fe47c3f414361989f6c902c1e1c90a3caa90b67fffb695ea28789c4a4dc90,2016-12,Norfolk Constabulary,Norfolk Constabulary,0.395000,52.752861,On or near GRANARY COURT,E01026699,King's Lynn and West Norfolk 011B,Investigation complete; no suspect identified
7fda62f37ddf27076de1d0b76dc372646747ec4990c12deeff7eb175b1aab4b4,2016-12,Norfolk Constabulary,Norfolk Constabulary,1.279121,52.634038,On or near PORTWAY PLACE,E01026824,Norwich 007C,Investigation complete; no suspect identified
44afb38438c323c080d9590dbac3e25e8878898e7a9e72420f7e596d0436d98c,2016-12,Norfolk Constabulary,Norfolk Constabulary,1.134537,52.582952,On or near VERBENA DRIVE,E01026933,South Norfolk 007C,Investigation complete; no suspect identified
95bb53ec26fd26b566e8dd30f441c0a3037a63eb3f20648cce947b208058fddc,2016-12,Norfolk Constabulary,Norfolk Constabulary,0.318854,52.605600,On or near Sports/Recreation Area,E01026717,King's Lynn and West Norfolk 016F,Investigation complete; no suspect identified
b71d2935bfc906b422a03e6d784a8183059847ef897b1350930bc7ccca280b17,2016-12,Norfolk Constabulary,Norfolk Constabulary,1.243178,52.632735,On or near HUTCHINSON ROAD,E01026796,Norwich 005F,Investigation complete; no suspect identified
98d0e89e986907589f44d4699e23efd60eeb23d156fa22dc52bbe263be77a869,2016-12,Norfolk Constabulary,Norfolk Constabulary,1.109502,52.373437,On or near A1066,E01026891,South Norfolk 015D,Investigation complete; no suspect identified
53e9797a694eb1524458168548dffc89a2469e170a324480a472e3eed1df0cd3,2016-12,Norfolk Constabulary,Norfolk Constabulary,0.503672,52.850200,On or near HAWTHORN DRIVE,E01026653,King's Lynn and West Norfolk 004A,Investigation complete; no suspect identified
fd5725e1994e2fe9ef829732ef36477f407951cb3f47b202bb82e1ec172bb034,2016-12,Norfolk Constabulary,Norfolk Constabulary,1.305389,52.623073,On or near WHERRY ROAD,E01033441,Norwich 014D,Investigation complete; no suspect identified
2340077302e609454235643466c6bbc61b4438f93c8c93808cee447c40010175,2016-12,Norfolk Constabulary,Norfolk Constabulary,1.283514,52.628358,On or near UNTHANK ROAD,E01033437,Norwich 011H,Investigation complete; no suspect identified
097b3e7d46cd7744e1066394f9a87ed48808696f9fcc0e0ffe7563dadb36198b,2016-12,Norfolk Constabulary,Norfolk Constabulary,0.392392,52.739615,On or near HILLEN ROAD,E01026704,King's Lynn and West Norfolk 011D,Investigation complete; no suspect identified
7d1610935772fc3a7fcd746ba3a72047a806f130004b899ec26304ca70690f07,2016-12,Norfolk Constabulary,Norfolk Constabulary,1.118359,52.573433,On or near Sports/Recreation Area,E01026946,South Norfolk 007E,Investigation complete; no suspect identified
0a96ba5705bc4256198099dd2d40499fddde5683fcf07a2b4725fd23bc7c25c8,2016-12,Norfolk Constabulary,Norfolk Constabulary,1.108789,52.376676,On or near MARKET PLACE,E01026891,South Norfolk 015D,Investigation complete; no suspect identified
322c02d1910d0bb59535e7a41493da803436ddff6a827aa123408feac624408d,2016-12,Norfolk Constabulary,Norfolk Constabulary,1.728518,52.604074,On or near TOWNSHEND CLOSE,E01026625,Great Yarmouth 006D,Investigation complete; no suspect identified
a3c5953f504c594da4d14cacbfc50766662635cceca24a3616e2c106d3e33115,2016-12,Norfolk Constabulary,Norfolk Constabulary,1.705801,52.567415,On or near GORLESTON LANE,E01026619,Great Yarmouth 011C,Investigation complete; no suspect identified
5997a34d5966809d0ba8a1ff6680cac7d6a88b83006e32871b737c3424774d71,2016-12,Norfolk Constabulary,Norfolk Constabulary,0.396193,52.754339,On or near Shopping Area,E01026699,King's Lynn and West Norfolk 011B,Investigation complete; no suspect identified
c63d4d7e94a910b7f05334b0f43f924bf07799361489b8f00c033126e5a0ca96,2016-12,Norfolk Constabulary,Norfolk Constabulary,1.295166,52.628430,On or near CASTLE MEADOW,E01026822,Norwich 007A,Investigation complete; no suspect identified
d50646675a4ec500bc1aa3ec8c13f843a2026142ae25a9bc87a8fc3ee67d7ae5,2016-12,Norfolk Constabulary,Norfolk Constabulary,1.275557,52.630458,On or near EARLHAM ROAD,E01026837,Norwich 009C,Investigation complete; no suspect identified
9a309eee1b37679e7020d168e22e33c0e2a19ca578ea1fab5bf93fc1f71ed870,2016-12,Norfolk Constabulary,Norfolk Constabulary,1.280476,52.632786,On or near Parking Area,E01026824,Norwich 007C,Investigation complete; no suspect identified
62b6f832bcee031c3522cf68bd416089eeee37c7dc637c9b707fc5690ae49b41,2016-12,Norfolk Constabulary,Norfolk Constabulary,0.417952,52.756010,On or near KING JOHN AVENUE,E01026668,King's Lynn and West Norfolk 009C,Investigation complete; no suspect identified
58a2f420634b9299edceb9736d6764d6c4fe1f871daa44d2e46cfef96d02dfb1,2016-12,Norfolk Constabulary,Norfolk Constabulary,0.761153,52.417769,On or near TEASEL DRIVE,E01026470,Breckland 016C,Investigation complete; no suspect identified
7eb9d810590ff9c2f19984adfc89a5d59e17aeedfbf3582fdde63daff34a6ba4,2016-12,Norfolk Constabulary,Norfolk Constabulary,1.729376,52.609471,On or near CONISTON SQUARE,E01026597,Great Yarmouth 005C,Investigation complete; no suspect identified
30953a16da81d2a7ec214a8c7632c0d132b553b5af354a93879a9643fa5b51e4,2016-12,Norfolk Constabulary,Norfolk Constabulary,1.730006,52.596382,On or near ORDNANCE ROAD,E01026622,Great Yarmouth 006A,Investigation complete; no suspect identified
7308e8d0f7f95130225f379794e9e50cf8207c6566ca9f89e0cdb02f0967d4e2,2016-12,Norfolk Constabulary,Norfolk Constabulary,1.726442,52.610067,On or near FULLER'S HILL,E01026597,Great Yarmouth 005C,Investigation complete; no suspect identified
9ee996825be794d7ceb73248635d67c320955a8c327bb9d16290e3db46ecf47d,2016-12,Norfolk Constabulary,Norfolk Constabulary,0.382428,52.608708,On or near STOWFIELD,E01026686,King's Lynn and West Norfolk 017C,Investigation complete; no suspect identified
9c77d752332b133da8fae2a6cb771da3832a3949c5fae7191f20a1108242d17e,2016-12,Norfolk Constabulary,Norfolk Constabulary,1.722067,52.606571,On or near RIVERSIDE,E01026635,Great Yarmouth 007D,Investigation complete; no suspect identified
07f16e1078a2e0a4b1ea5a1cdf6ccafcde6e15b42d141b46a4a20823b745fe14,2016-12,Norfolk Constabulary,Norfolk Constabulary,0.280596,52.677080,On or near LOW ROAD,E01026696,King's Lynn and West Norfolk 015A,Investigation complete; no suspect identified
1ff41e5f08f0c6be44ea35d9905774f273af192f205d6e4782786f511e424ebe,2016-12,Norfolk Constabulary,Norfolk Constabulary,1.726112,52.606705,On or near REGENT STREET,E01026623,Great Yarmouth 006B,Investigation complete; no suspect identified
18d61e1e59c1640be902ee18484c81a4b51a1ba0870d51f3d41e27289d11a4c0,2016-12,Norfolk Constabulary,Norfolk Constabulary,0.851878,52.803477,On or near HALL LANE,E01026442,Breckland 002A,Investigation complete; no suspect identified
aceffe795212d0509cad898961e84a158cd81f028cf0c6fa4955b5dc957453a2,2016-12,Norfolk Constabulary,Norfolk Constabulary,1.727481,52.603864,On or near SACKVILLE CLOSE,E01026625,Great Yarmouth 006D,Investigation complete; no suspect identified
f0af51d6a39f087ea15a00da6a79b7c003d4bb2f6fa4adb4b3671792dd5d19cf,2016-12,Norfolk Constabulary,Norfolk Constabulary,1.290984,52.628241,On or near Norwich Police Station,E01026822,Norwich 007A,Investigation complete; no suspect identified
07efb384a74c355af8dae5af03f53942091a97d6588e04a14f4acbc0d75b7282,2016-12,Norfolk Constabulary,Norfolk Constabulary,1.727888,52.583982,On or near BACK CHAPEL LANE,E01026632,Great Yarmouth 009E,Investigation complete; no suspect identified
3b67c1c947da81c5e84d27f279b10fab71edc40cfc62d6603d7a68b2bc73ef75,2016-12,Norfolk Constabulary,Norfolk Constabulary,1.296348,52.638641,On or near WALL LANE,E01026826,Norwich 007E,Investigation complete; no suspect identified
32846fd4783e7fe22ca132c240f95b8e1dbd6a45199d3c9617db93c9772a3e58,2016-12,Norfolk Constabulary,Norfolk Constabulary,1.297058,52.636283,On or near Shopping Area,E01026823,Norwich 007B,Investigation complete; no suspect identified
1f16be2aaccbfae663bf6ac9a6797d3c6f1f3f255efb9e9d0d66ef3c9d391e4d,2016-12,Norfolk Constabulary,Norfolk Constabulary,1.714511,52.606152,On or near EMPRESS ROAD,E01026635,Great Yarmouth 007D,Investigation complete; no suspect identified
1e918b7328ab72ac972ef474975b038c9cd96e6041e30ead285ca2388e4253bb,2016-12,Norfolk Constabulary,Norfolk Constabulary,1.302466,52.624683,On or near ABBEY LANE,E01033441,Norwich 014D,Investigation complete; no suspect identified
e7b01b13394bc26b5fb0c3a0416edd6368bf6c5289af1117fef746887b4fa993,2016-12,Norfolk Constabulary,Norfolk Constabulary,0.174766,52.685139,On or near WISBECH ROAD,E01026720,King's Lynn and West Norfolk 013D,Investigation complete; no suspect identified
88a47568b8d62bafea3138261c73cba3bb7b84a6e45d5d4ac010b8069cb63bf4,2016-12,Norfolk Constabulary,Norfolk Constabulary,1.724344,52.607642,On or near Parking Area,E01026597,Great Yarmouth 005C,Investigation complete; no suspect identified
75d1975e17e763984c8fd77b7a75a535069f8d61a1deb05f6630ca9c88bcb6ef,2016-12,Norfolk Constabulary,Norfolk Constabulary,1.735664,52.613563,On or near SANDOWN ROAD,E01026595,Great Yarmouth 005A,Investigation complete; no suspect identified
7455406f567250486b2c5408290eaf0b8158a5429dd1e108a72d35f331050a08,2016-12,Norfolk Constabulary,Norfolk Constabulary,1.274975,52.635925,On or near NICHOLAS MEWS,E01026866,Norwich 006D,Investigation complete; no suspect identified
3d852585e024d0638cba628f89f5017cbf83a0f4138dc4de9f0f60c78fa7b469,2016-12,Norfolk Constabulary,Norfolk Constabulary,1.695676,52.711457,On or near HILLVIEW DRIVE,E01026606,Great Yarmouth 001B,Investigation complete; no suspect identified
3fdc172b907250ae25834f4ee21c64d9e4ee127ba3748dce6e655ac8f60a0d90,2016-12,Norfolk Constabulary,Norfolk Constabulary,1.292924,52.630255,On or near ST JOHN MADDERMARKET,E01026823,Norwich 007B,Investigation complete; no suspect identified
b15be726832041b66c9d083cac0cc63f1f5b51b067a3cd55f25766f84908a4af,2016-12,Norfolk Constabulary,Norfolk Constabulary,1.298827,52.634066,On or near HANSARD LANE,E01026823,Norwich 007B,Investigation complete; no suspect identified
9b2f00dcdd186fda45d169229b06d384f7de10cd5b38928c89d9eafe8bf15733,2016-12,Norfolk Constabulary,Norfolk Constabulary,0.229827,52.618729,On or near Petrol Station,E01026661,King's Lynn and West Norfolk 016C,Investigation complete; no suspect identified
6e6b93162218f74c20f811ab12d80032c9017c615d0fd8eeda5e6b1e25e7264b,2016-12,Norfolk Constabulary,Norfolk Constabulary,1.290087,52.630469,On or near ST LAWRENCE LANE,E01026822,Norwich 007A,Investigation complete; no suspect identified
6fe38a80bcacf149956f3fc292c9c0211ed5157a0f5b7a499e4d93726015c19b,2016-12,Norfolk Constabulary,Norfolk Constabulary,1.735909,52.604471,On or near Nightclub,E01026626,Great Yarmouth 006E,Investigation complete; no suspect identified
a76f0c5bd68144796f7e39a25b79a7b7bb1e7d07791ae38493dd71b32c5e9cc5,2016-12,Norfolk Constabulary,Norfolk Constabulary,1.657979,52.579338,On or near BREYDON WATERS,E01026614,Great Yarmouth 012B,Investigation complete; no suspect identified
d3ab1a424d843c3bbc79975a53f0c8ab06875c245d332621dfbfde731a0e3262,2016-12,Norfolk Constabulary,Norfolk Constabulary,1.728870,52.602831,On or near NOTTINGHAM WAY,E01026625,Great Yarmouth 006D,Investigation complete; no suspect identified
7198420d52c6759a288308d367d8400bdb581dbfcfe13677ac40801d5761a889,2016-12,Norfolk Constabulary,Norfolk Constabulary,1.736217,52.606350,On or near MARLBOROUGH TERRACE,E01026623,Great Yarmouth 006B,Investigation complete; no suspect identified
688482fe19a2b156d414f6e192898e26b846030d4e7b85188f57ac1a706745b0,2016-12,Norfolk Constabulary,Norfolk Constabulary,1.269601,52.622754,On or near HIGHLAND AVENUE,E01026838,Norwich 009D,Investigation complete; no suspect identified
f15a7d9476253bda628b01bff8506e9b366fab553419c633e3ec104156f8e6f9,2016-12,Norfolk Constabulary,Norfolk Constabulary,1.333997,52.647111,On or near BARNES CLOSE,E01026805,Norwich 004C,Investigation complete; no suspect identified
f5d5b8952fc7ee5c92b428b6ab197cd24b9795bcb74f475d84c6793ea1e65a3f,2016-12,Norfolk Constabulary,Norfolk Constabulary,1.726672,52.577481,On or near Supermarket,E01026630,Great Yarmouth 010D,Investigation complete; no suspect identified
a009175376c06fd4e413acf10eeca6db7383f523479525b16d780681d57ad7dd,2016-12,Norfolk Constabulary,Norfolk Constabulary,1.285091,52.637560,On or near BARKER STREET,E01026827,Norwich 007F,Investigation complete; no suspect identified
31b50e8bbb36c182f7ead2ec6cd0a7c8e46d2fa40464f60971ae5c0218eab858,2016-12,Norfolk Constabulary,Norfolk Constabulary,1.711221,52.572165,On or near HERTFORD WAY,E01026620,Great Yarmouth 011D,Investigation complete; no suspect identified
3fe949db374e312cc4a9469c3b908dbdf437fe943533ba36ccab55e2e77d2470,2016-12,Norfolk Constabulary,Norfolk Constabulary,0.394550,52.605658,On or near HOGARTH ROAD,E01033036,King's Lynn and West Norfolk 017E,Investigation complete; no suspect identified
009b03bd9c47667042ab314b2fa37709075d53beda3d0d97143a49713780cfa5,2016-12,Norfolk Constabulary,Norfolk Constabulary,1.302641,52.628968,On or near PRINCE OF WALES ROAD,E01033438,Norwich 014A,Investigation complete; no suspect identified
7dd6ce80296d8ae0b92aaef383b8b2e83cad19819d49a3caff8bee55f4455dee,2016-12,Norfolk Constabulary,Norfolk Constabulary,1.699735,52.696085,On or near BEACH ROAD,E01026607,Great Yarmouth 001C,Investigation complete; no suspect identified
676ca6829a0a1b29149f92fcc57d9c3a9cff98e5a17c34d79be671fcc8b18ba1,2016-12,Norfolk Constabulary,Norfolk Constabulary,1.699735,52.696085,On or near BEACH ROAD,E01026607,Great Yarmouth 001C,Investigation complete; no suspect identified
e89ee6d82044fafd19e8a9412fad1b80b156b51cfafed6c01c5bf7d79fe158fc,2016-12,Norfolk Constabulary,Norfolk Constabulary,1.699735,52.696085,On or near BEACH ROAD,E01026607,Great Yarmouth 001C,Investigation complete; no suspect identified
88d3b48e46c70c06d68dba40548f0d2f200534b3fee20dcb563e45588c7822f3,2016-12,Norfolk Constabulary,Norfolk Constabulary,1.699735,52.696085,On or near BEACH ROAD,E01026607,Great Yarmouth 001C,Investigation complete; no suspect identified
459cd2594da5f9245d381ca73e5a8012f63b2339dfdb3d8404e8f80f86b4acfc,2016-12,Norfolk Constabulary,Norfolk Constabulary,1.699735,52.696085,On or near BEACH ROAD,E01026607,Great Yarmouth 001C,Investigation complete; no suspect identified
016a77b97b0624a19442dc4e45973d3cb7ee60b19c36fd2d67dbc205375180e4,2016-12,Norfolk Constabulary,Norfolk Constabulary,1.699735,52.696085,On or near BEACH ROAD,E01026607,Great Yarmouth 001C,Investigation complete; no suspect identified
41a6dfdd24cd9aaa3e29a23c22c1346fe0c3c0eb60c6206aec717dba4d0cb7c3,2016-12,Norfolk Constabulary,Norfolk Constabulary,0.186233,52.670631,On or near CHAPNALL CLOSE,E01026685,King's Lynn and West Norfolk 013B,Investigation complete; no suspect identified
642b70339bfdfcf7acaa9c2248519f562162ba0d7d92766e133482eb1547022f,2016-12,Norfolk Constabulary,Norfolk Constabulary,1.295910,52.640281,On or near Supermarket,E01026846,Norwich 003F,Investigation complete; no suspect identified
e4b7373b378165e2119a9a895f4ff9518e15d410367014c616c1084251298555,2016-12,Norfolk Constabulary,Norfolk Constabulary,1.731157,52.619111,On or near ARUNDEL ROAD,E01026599,Great Yarmouth 004A,Investigation complete; no suspect identified
b7c0f143364b461c672069126d9d38df682888f33386cee7c6a496d8d2726dc7,2016-12,Norfolk Constabulary,Norfolk Constabulary,1.283136,52.621731,On or near BEAUMONT PLACE,E01026855,Norwich 011D,Investigation complete; no suspect identified
eeaa03cb8e149c128748728947351dc7133c3b746faf47d90d529823133e771b,2016-12,Norfolk Constabulary,Norfolk Constabulary,1.247859,52.637265,On or near DARRELL PLACE,E01026867,Norwich 006E,Investigation complete; no suspect identified
2bf48f651f714d94aacda5aa9fe19ee6e57b12ee7bea91d816ebad9d356a25e5,2016-12,Norfolk Constabulary,Norfolk Constabulary,1.732491,52.600765,On or near HAVELOCK PLACE,E01026626,Great Yarmouth 006E,Investigation complete; no suspect identified
7e2032e5b5da399b4ce3c507fd89bd706cd795ead23ab88203808557732fe7f2,2016-12,Norfolk Constabulary,Norfolk Constabulary,0.731658,52.415055,On or near HALING WAY,E01026474,Breckland 017A,Investigation complete; no suspect identified
fb7ed4cea04738521a5b5bf1344e0aa9584188fb6b409009f6325407ade3d1d4,2016-12,Norfolk Constabulary,Norfolk Constabulary,1.277707,52.614354,On or near DANIELS ROAD,E01026811,Norwich 012B,Investigation complete; no suspect identified
4edbb20da20a333a71c7bc867fc942fc15eb064fd96a92433d9b438082ebd73a,2016-12,Norfolk Constabulary,Norfolk Constabulary,1.294439,52.629377,On or near Shopping Area,E01026823,Norwich 007B,Investigation complete; no suspect identified
388cca98c0709e2492e17d121aca98f58045a29451a682ea79f67dfa880834a3,2016-12,Norfolk Constabulary,Norfolk Constabulary,1.297158,52.629958,On or near BANK PLAIN,E01026822,Norwich 007A,Investigation complete; no suspect identified
01f3b6b76222acf0ab407db3a6f560672b331065ff0885e9d17932d37cbf1c76,2016-12,Norfolk Constabulary,Norfolk Constabulary,1.292730,52.628858,On or near GAOL HILL,E01026822,Norwich 007A,Investigation complete; no suspect identified
eba7dae8289d91d15ce8458c0b1cefebad99a4695a647e6b2d3ea189d2d3a7eb,2016-12,Norfolk Constabulary,Norfolk Constabulary,1.135614,52.548407,On or near LONG ROAD,E01026885,South Norfolk 007B,Investigation complete; no suspect identified
d67df8020eb9166e187c9b73e2f3b999b035c27cbbef547b22d5182e2b6a897a,2016-12,Norfolk Constabulary,Norfolk Constabulary,1.297158,52.629958,On or near BANK PLAIN,E01026822,Norwich 007A,Investigation complete; no suspect identified
8c4c9dc655b537a84706eb52c209b48d66ed74a37322d1b3ac0412388b49985d,2016-12,Norfolk Constabulary,Norfolk Constabulary,1.731623,52.601503,On or near ALMA ROAD,E01026624,Great Yarmouth 006C,Investigation complete; no suspect identified
39ffcd034e90f8715f30a13e745ea3d673176cfcc01a4cad5ec6c8541b7d7240,2016-12,Norfolk Constabulary,Norfolk Constabulary,1.249069,52.630262,On or near GIPSY CLOSE,E01026868,Norwich 006F,Investigation complete; no suspect identified
bdab1fa570b9bcfc65f2c7433d70ed40f605388e6d47036f4c8901b6e2340ba0,2016-12,Norfolk Constabulary,Norfolk Constabulary,1.317599,52.637562,On or near Prison,E01026806,Norwich 004D,Investigation complete; no suspect identified
25bfb614f3de24b784e4b76690fc11dccb6e4238b7226dc082d7d6c27efd10ce,2016-12,Norfolk Constabulary,Norfolk Constabulary,1.317599,52.637562,On or near Prison,E01026806,Norwich 004D,Investigation complete; no suspect identified
b79fb05aa60648bc5badb5dd5f7e9e81085d6f51622de2f9791da716c033914b,2016-12,Norfolk Constabulary,Norfolk Constabulary,0.769339,52.421435,On or near PETER DRIVE,E01026470,Breckland 016C,Investigation complete; no suspect identified
23f2afdec87ffe4eff77c65c16ae94d8f5c9b669273c9cc89bd20835c188433c,2016-12,Norfolk Constabulary,Norfolk Constabulary,1.317599,52.637562,On or near Prison,E01026806,Norwich 004D,Investigation complete; no suspect identified
0e834378f2d74fed2f70eb7107a39ad6fbd47ac3d97995605a66bfc75d30a6b0,2016-12,Norfolk Constabulary,Norfolk Constabulary,1.733230,52.599554,On or near NELSON ROAD SOUTH,E01026626,Great Yarmouth 006E,Investigation complete; no suspect identified
8e4a2ff01bb542418c5fee66a4f6433d8eb48cd06e94da4a0a8a522ecae5a735,2016-12,Norfolk Constabulary,Norfolk Constabulary,0.490304,52.570017,On or near CHURCH ROAD,E01026728,King's Lynn and West Norfolk 018C,Investigation complete; no suspect identified
76bf9fc27455a30921dda14e5504f6ecb6864011265f7368230b2e726839cc09,2016-12,Norfolk Constabulary,Norfolk Constabulary,1.181375,52.654090,On or near ALEX MOORHOUSE WAY,E01033538,South Norfolk 001G,Investigation complete; no suspect identified
22ae471460a1125ce8726b426bc8bb0761138a106210be7d3c6df64a15447781,2016-12,Norfolk Constabulary,Norfolk Constabulary,0.397961,52.753890,On or near Shopping Area,E01026698,King's Lynn and West Norfolk 011A,Investigation complete; no suspect identified
6a2626b619383d2a62a5b119543368e07a1aa7aaa10ba49aa43f5c4cea70f612,2016-12,Norfolk Constabulary,Norfolk Constabulary,1.259306,52.536114,On or near HIGHER GREEN CLOSE,E01026920,South Norfolk 009E,Investigation complete; no suspect identified
7632f93ed4bd3f08af189df04ba04d66005c0f6ca5c9d26d51e20b294a8ead77,2016-12,Norfolk Constabulary,Norfolk Constabulary,0.842103,52.774648,On or near LONDON STREET,E01026442,Breckland 002A,Investigation complete; no suspect identified
8b98cfc04b14478b58b3f95381f2d20ed90b802a21562a7ee7f3ca86d2e9ac21,2016-12,Norfolk Constabulary,Norfolk Constabulary,0.733412,52.409889,On or near ST MARTIN'S WAY,E01026476,Breckland 017C,Investigation complete; no suspect identified
0b1602cb9735a5902afe55359e816c8bb9684a7d495572d8a278c1b4b1a43cf0,2016-12,Norfolk Constabulary,Norfolk Constabulary,1.734666,52.624739,On or near BEATTY CLOSE,E01026641,Great Yarmouth 004D,Investigation complete; no suspect identified
570e383a73ce6b84b4cfc034a68f655dbe344adc5cb39cd907adc35a0cd0cfda,2016-12,Norfolk Constabulary,Norfolk Constabulary,1.289771,52.625864,On or near Shopping Area,E01026822,Norwich 007A,Investigation complete; no suspect identified
d696ab36090eb06ab6f99acc181dd39cef190dad7a6fe193e1614d863858d971,2016-12,Norfolk Constabulary,Norfolk Constabulary,0.295360,52.754913,On or near LYNN ROAD,E01026713,King's Lynn and West Norfolk 008D,Investigation complete; no suspect identified
258f9284790191f9bbd6cef2b1d4762aa64d1bed1a05acfb9a5af5489e19ece0,2016-12,Norfolk Constabulary,Norfolk Constabulary,0.189722,52.676213,On or near BURRETT ROAD,E01026720,King's Lynn and West Norfolk 013D,Investigation complete; no suspect identified
7d41105428a29342dbd74e538a8a88915899fa7407f2aeb25ccaad0a84cf13bb,2016-12,Norfolk Constabulary,Norfolk Constabulary,1.292417,52.627050,On or near WILLIAM BOOTH STREET,E01026822,Norwich 007A,Investigation complete; no suspect identified
c5c8a9ce2b57c3231ba7e414e8cc012343087a9281dc4451418af088d485eea0,2016-12,Norfolk Constabulary,Norfolk Constabulary,1.251156,52.623316,On or near LOVELACE ROAD,E01026860,Norwich 010C,Investigation complete; no suspect identified
624531ae41b0180b098e6f14a70a0841d9c8b09cd63d1e4a29fc6403f6b4e2c9,2016-12,Norfolk Constabulary,Norfolk Constabulary,0.446984,52.756772,On or near Hospital,E01026714,King's Lynn and West Norfolk 010D,Investigation complete; no suspect identified
97d615e2990ff88698a1c536a5c0a70ad7f6e38009d3a30bc3bf1d9bc328b491,2016-12,Norfolk Constabulary,Norfolk Constabulary,0.579507,52.714776,On or near CHURCH LANE,E01026694,King's Lynn and West Norfolk 012D,Investigation complete; no suspect identified
9db1fd64872edb933068c6c07bec9f927d58bf082cc22b820c5e93d3d1d76b21,2016-12,Norfolk Constabulary,Norfolk Constabulary,0.687917,52.553868,On or near B1108,E01026424,Breckland 012A,Investigation complete; no suspect identified
e360bc45bae7b381f7a02c464f666e72b29626f7e0e817ab5413c50104011e75,2016-12,Norfolk Constabulary,Norfolk Constabulary,1.251741,52.836489,On or near SCHOOL ROAD,E01026737,North Norfolk 006D,Investigation complete; no suspect identified
474f4a60b0bc6bccf31cb1878abccf4c69163f546b2360dc0af5986385b05190,2016-12,Norfolk Constabulary,Norfolk Constabulary,0.233378,52.609536,On or near CHURCH DROVE,E01026659,King's Lynn and West Norfolk 016A,Investigation complete; no suspect identified
014ffa1823127251c82fd258629f791d9b7513324272dd08b5f7d58ef3b5b3a8,2016-12,Norfolk Constabulary,Norfolk Constabulary,1.287181,52.630937,On or near TEN BELL LANE,E01026822,Norwich 007A,Investigation complete; no suspect identified
db019c4558dbb0c89f3a62e96b67e93d7b779942d13f82483092f59e7651de1f,2016-12,Norfolk Constabulary,Norfolk Constabulary,0.735607,52.407590,On or near MINGAY ROAD,E01026476,Breckland 017C,Investigation complete; no suspect identified
fee08eb9436dcd06568d1f73fb747eb826593061142ce0f5c37e78c8f7429778,2016-12,Norfolk Constabulary,Norfolk Constabulary,1.264731,52.629786,On or near FAIRHAVEN COURT,E01026863,Norwich 006A,Investigation complete; no suspect identified
e11800312a702d53dbdddeac0c678e108c61e964750f4b8861433734ceaab216,2016-12,Norfolk Constabulary,Norfolk Constabulary,1.270471,52.648460,On or near BOWERS CLOSE,E01026833,Norwich 002F,Investigation complete; no suspect identified
4e93f66251459e63fb958cec663b27d1371cada7bb1bbe4f1e238b7fc2cd2e24,2016-12,Norfolk Constabulary,Norfolk Constabulary,1.303708,52.640963,On or near CROME ROAD,E01026845,Norwich 003E,Investigation complete; no suspect identified
4ccd5439737be7f750db15da6a97c4ba8b50e1f846e390c1864146f6070721b2,2016-12,Norfolk Constabulary,Norfolk Constabulary,0.973611,52.681234,On or near LARKS PLACE,E01026430,Breckland 003C,Investigation complete; no suspect identified
a05bdee6c16d5d0afbba849a0d4750d5bc74e6717eb1d6452ff2991999039c74,2016-12,Norfolk Constabulary,Norfolk Constabulary,1.304757,52.628217,On or near PRINCE OF WALES ROAD,E01033439,Norwich 014B,Investigation complete; no suspect identified
a18833f73bcba9f1ade5ff02bfd57e36593dc7ecd72a546024976bc4ee647c72,2016-12,Norfolk Constabulary,Norfolk Constabulary,0.732130,52.417697,On or near COVENTRY WAY,E01026467,Breckland 015C,Investigation complete; no suspect identified
17c346e5012af5bce23d16c829fd36ed90aae9d1c84fde5ba378d05de801b1fd,2016-12,Norfolk Constabulary,Norfolk Constabulary,1.700570,52.583814,On or near KINGFISHER CLOSE,E01026583,Great Yarmouth 008C,Investigation complete; no suspect identified
d3692a06e3ba2ba3b9be8436880d4205bfbf537e50fe617b14a283e0b6253d54,2016-12,Norfolk Constabulary,Norfolk Constabulary,0.393323,52.738491,On or near BELOE CRESCENT,E01026704,King's Lynn and West Norfolk 011D,Investigation complete; no suspect identified
357f64693f174ac6505e89f5a7b7786e9983fef8e806603d828349a899319a4f,2016-12,Norfolk Constabulary,Norfolk Constabulary,1.714676,52.574261,On or near Supermarket,E01026604,Great Yarmouth 009D,Investigation complete; no suspect identified
b9c57b96f844c3bc39662c66f6d4c597c8a5988515d7626e082bd3634b353e7d,2016-12,Norfolk Constabulary,Norfolk Constabulary,1.692211,52.692191,On or near CHURCH FARM CRESCENT,E01026605,Great Yarmouth 001A,Investigation complete; no suspect identified
45be339b4372bde29ca842759afb07c9bb0ce572ddf994e49f9b5b130ee9ce11,2016-12,Norfolk Constabulary,Norfolk Constabulary,1.293222,52.641300,On or near WATERLOO ROAD,E01026846,Norwich 003F,Investigation complete; no suspect identified
dbf7a9a108a13bc789d90edf8db7621578b162c34d24d7fd95b71425d52c2a84,2016-12,Norfolk Constabulary,Norfolk Constabulary,0.735607,52.407590,On or near MINGAY ROAD,E01026476,Breckland 017C,Investigation complete; no suspect identified
d4fdcad46c3723a56653a74c8ebfebab8dcbc6c209e6181ff9ceb6f58135b603,2016-12,Norfolk Constabulary,Norfolk Constabulary,1.221052,52.618086,On or near Hospital,E01026883,South Norfolk 002C,Investigation complete; no suspect identified
466c58943044c94656f5b33cc484fd55d7089798ce16af3ef6071f0dfb9b8380,2016-12,Norfolk Constabulary,Norfolk Constabulary,1.482415,52.478092,On or near Sports/Recreation Area,E01026898,South Norfolk 010A,Investigation complete; no suspect identified
9e48c7a1cd51fe752b07bb4806a5250d30772339d1f6336a18b7ea56b2b19b87,2016-12,Norfolk Constabulary,Norfolk Constabulary,0.735607,52.407590,On or near MINGAY ROAD,E01026476,Breckland 017C,Investigation complete; no suspect identified
a263999c117dbc002cb54e74cbfd0afc6840fe27117e0660b57f5ba92d0e0086,2016-12,Norfolk Constabulary,Norfolk Constabulary,0.431416,52.751347,On or near PLOUGHMAN ROAD,E01026662,King's Lynn and West Norfolk 010A,Investigation complete; no suspect identified
54a6770f18ac8de1bc88f2058922c7b449e4c036eabd8b6af803f636d02cbe34,2016-12,Norfolk Constabulary,Norfolk Constabulary,0.735607,52.407590,On or near MINGAY ROAD,E01026476,Breckland 017C,Investigation complete; no suspect identified
c7f5666a110b6c0658cdea43fd156270cb2e093eb9aca8ee9cbc8d2cca81c07f,2016-12,Norfolk Constabulary,Norfolk Constabulary,0.870483,52.839691,On or near Petrol Station,E01026746,North Norfolk 011B,Investigation complete; no suspect identified
755738976e3d1f93c1e2f362f563e34d798f33734fc6c30e3822cfa0ee200a24,2016-12,Norfolk Constabulary,Norfolk Constabulary,1.293358,52.622068,On or near Supermarket,E01026853,Norwich 011B,Investigation complete; no suspect identified
4899170e36650c9f717ba99b775e08621724391bb033888b2c77c089edbe4f33,2016-12,Norfolk Constabulary,Norfolk Constabulary,0.420864,52.766013,On or near ACONITE ROAD,E01026670,King's Lynn and West Norfolk 006B,Investigation complete; no suspect identified
1ba4702df050e68e614f5536ed02e511a4662a19089798d21b6b97ef3d257c6b,2016-12,Norfolk Constabulary,Norfolk Constabulary,1.247891,52.630519,On or near CHARGE ROAD,E01026868,Norwich 006F,Investigation complete; no suspect identified
ab4dd5ce561abf5e7f00b46b889bc9dc98b54131e90e06fe6bb6f9ae6db47ffa,2016-12,Norfolk Constabulary,Norfolk Constabulary,0.735607,52.407590,On or near MINGAY ROAD,E01026476,Breckland 017C,Investigation complete; no suspect identified
dc1b0b003b53d5581c5eeeae76fe262e7ad45032319ba9ba1318b731581820c5,2016-12,Norfolk Constabulary,Norfolk Constabulary,0.735607,52.407590,On or near MINGAY ROAD,E01026476,Breckland 017C,Investigation complete; no suspect identified
71d8e1491030cab4657e9bf43693def75e214170e40b7fdaff663d442e01a587,2016-12,Norfolk Constabulary,Norfolk Constabulary,0.735607,52.407590,On or near MINGAY ROAD,E01026476,Breckland 017C,Investigation complete; no suspect identified
78d5f8df7444a29cf8907926c5e334d084955c4698275c8f6367c566bac2054a,2016-12,Norfolk Constabulary,Norfolk Constabulary,0.735607,52.407590,On or near MINGAY ROAD,E01026476,Breckland 017C,Investigation complete; no suspect identified
93bf3638049c6252d8ad2cb47cb6dd97345fbac29a17839a50607f884da87d16,2016-12,Norfolk Constabulary,Norfolk Constabulary,1.296515,52.636145,On or near MAGDALEN STREET,E01026826,Norwich 007E,Investigation complete; no suspect identified
586ba8c16d6a1c89f1f8739034fc40b02503ee49a73e6682910cfff9421718bc,2016-12,Norfolk Constabulary,Norfolk Constabulary,1.729731,52.601662,On or near KING STREET,E01026625,Great Yarmouth 006D,Investigation complete; no suspect identified
0a98c0da848c8a1afb882ac61f246f35edef1b447875cb849673f45950c33ae6,2016-12,Norfolk Constabulary,Norfolk Constabulary,0.993860,52.746813,On or near Park/Open Space,E01033042,Breckland 001F,Investigation complete; no suspect identified
4d44d20a8a85bd1e46fec296729b429300b472923d8ab78af90c6bdf22a59807,2016-12,Norfolk Constabulary,Norfolk Constabulary,1.238399,52.598870,On or near QUEBEC CLOSE,E01026882,South Norfolk 002B,Investigation complete; no suspect identified
25ea1d30f558589f2e836c21f8ae029d49721d5a5fb0400cc5cbbab69a29484a,2016-12,Norfolk Constabulary,Norfolk Constabulary,0.221635,52.599902,On or near Sports/Recreation Area,E01026715,King's Lynn and West Norfolk 016D,Investigation complete; no suspect identified
0de1091b1ff3da0418d128f48924118c6c5b2328aded111ac1e0d4b4414d6606,2016-12,Norfolk Constabulary,Norfolk Constabulary,1.300607,52.930658,On or near HANS PLACE,E01026735,North Norfolk 003B,Investigation complete; no suspect identified
f77c863eb6f3ddc1fc91667e9ed3ca089e44780b9ac9b8aa054bfc5b3f04237c,2016-12,Norfolk Constabulary,Norfolk Constabulary,1.715111,52.653499,On or near MALIN COURT,E01026590,Great Yarmouth 003B,Investigation complete; no suspect identified
fee4bd42810e73a314564cfc67947c7da6d4dbe46859c79828261d1c20b43e3c,2016-12,Norfolk Constabulary,Norfolk Constabulary,0.502675,52.907705,On or near LYNN ROAD,E01026676,King's Lynn and West Norfolk 003A,Investigation complete; no suspect identified
5b3440e8d0227bba63a0b77444eb37faaaa7a851402ea9be1c4cc22bb05257c5,2016-12,Norfolk Constabulary,Norfolk Constabulary,0.375077,52.604153,On or near PARADISE ROAD,E01033038,King's Lynn and West Norfolk 017G,Investigation complete; no suspect identified
4402403c9005c8be19c0176baf9b557b93a9ad6c4127b097d2c0f3889be65def,2016-12,Norfolk Constabulary,Norfolk Constabulary,1.117116,52.643235,On or near THE STREET,E01026896,South Norfolk 002E,Investigation complete; no suspect identified
36fb845ecfc8c6db1744f8c4591ce678091f5a230d4e647b801be90ffa4bfbf5,2016-12,Norfolk Constabulary,Norfolk Constabulary,1.648248,52.703043,On or near HEMSBY ROAD,E01026637,Great Yarmouth 002D,Investigation complete; no suspect identified
0935c51585e6760c6dd485e6b2932d3e5dee27ed485e2fb9246065aa0103d38b,2016-12,Norfolk Constabulary,Norfolk Constabulary,0.767930,52.419831,On or near SPINDLE DRIVE,E01026470,Breckland 016C,Investigation complete; no suspect identified
5becad2a36701fd02ac8c44cca55e1f1f8186fb7b78130cc8fbb0193bd30b016,2016-12,Norfolk Constabulary,Norfolk Constabulary,1.294726,52.640863,On or near SHIPSTONE ROAD,E01026846,Norwich 003F,Investigation complete; no suspect identified
cede2d863f75b96a80c0143525fdc3795304f8771c8c0b3f23c2ef0b25f05a6d,2016-12,Norfolk Constabulary,Norfolk Constabulary,1.251763,52.631897,On or near FILBY CLOSE,E01026865,Norwich 006C,Investigation complete; no suspect identified
8ddc41d583a63c4adf26393e33856bf16b2ce10d7998d9236f79e77680648d29,2016-12,Norfolk Constabulary,Norfolk Constabulary,0.956196,52.678837,On or near DREIBHOLZ COURT,E01026426,Breckland 005B,Investigation complete; no suspect identified
c08df54f94a8c8339fbd58040da4061a42bd521c1a11aaf170af8e0408c9f8fc,2016-12,Norfolk Constabulary,Norfolk Constabulary,1.181375,52.654090,On or near ALEX MOORHOUSE WAY,E01033538,South Norfolk 001G,Investigation complete; no suspect identified
691cb3ef07f118a8a3dced7cd626ced2cbe13ebf9b19f3c5e9ace8813c01fa4e,2016-12,Norfolk Constabulary,Norfolk Constabulary,1.240102,52.620327,On or near SUFFOLK ROAD,E01026860,Norwich 010C,Investigation complete; no suspect identified
988405e4dd6a5472d5f1e075b3cbdaf748eec1cdcbb5cbf52e9478403dcf32a1,2016-12,Norfolk Constabulary,Norfolk Constabulary,1.299419,52.626414,On or near STEPPING LANE,E01033440,Norwich 014C,Investigation complete; no suspect identified
b79db5cddd9f5b65b98019b9b43709074915e4a57b7431b115240ade528ec3f5,2016-12,Norfolk Constabulary,Norfolk Constabulary,1.732787,52.599550,On or near CLARENCE ROAD,E01026626,Great Yarmouth 006E,Investigation complete; no suspect identified
e893b87b32ec36a581084abbf15fd608b199a698151a36e559036d9a2e416874,2016-12,Norfolk Constabulary,Norfolk Constabulary,1.727034,52.578441,On or near Supermarket,E01026630,Great Yarmouth 010D,Investigation complete; no suspect identified
40a7537c20fbfe9607c28ef811cb844c0343ca01e2ae19d86649288398717100,2016-12,Norfolk Constabulary,Norfolk Constabulary,1.280312,52.601970,On or near KIRKLEES,E01026821,Norwich 013F,Investigation complete; no suspect identified
52184c6dfe673925232449ae22165d9cd47c62939bbbdf1ea71dad93cefe1d57,2016-12,Norfolk Constabulary,Norfolk Constabulary,1.290145,52.647969,On or near ELM GROVE LANE,E01026800,Norwich 001D,Investigation complete; no suspect identified
e652f558b4f13d87d4b721c8759f50504cddede9e1fc40b08b47448b5d0ffed5,2016-12,Norfolk Constabulary,Norfolk Constabulary,1.294439,52.629377,On or near Shopping Area,E01026823,Norwich 007B,Investigation complete; no suspect identified
08083da83374c6448ebda9bd6ca4eae11fb25c2c719c4defd5af940bd2144f4f,2016-12,Norfolk Constabulary,Norfolk Constabulary,1.289941,52.627146,On or near Theatre/Concert Hall,E01026822,Norwich 007A,Investigation complete; no suspect identified
1026084eb7eb549e472a10eb67500dc99ad6b70fdbe1bf866a22cfae48e8e9c8,2016-12,Norfolk Constabulary,Norfolk Constabulary,1.233322,52.634183,On or near CALTHORPE ROAD,E01026796,Norwich 005F,Investigation complete; no suspect identified
4ab69686da006d2dd63cd1f938073f57f7e5a05689d992a384b1e0a38f994206,2016-12,Norfolk Constabulary,Norfolk Constabulary,1.290679,52.624175,On or near Pedestrian Subway,E01026822,Norwich 007A,Investigation complete; no suspect identified
8331490f91f95096ee16daaf1015b23c7dbf0efcf6efaaf6b57495f32d549089,2016-12,Norfolk Constabulary,Norfolk Constabulary,1.199594,52.394576,On or near RECTORY LANE,E01026887,South Norfolk 014D,Investigation complete; no suspect identified
835d1e4bbe0ba4a446203e57595307ea2d6bc0a878c496728ae550b4e4fbc11d,2016-12,Norfolk Constabulary,Norfolk Constabulary,0.528898,52.961091,On or near BEACH ROAD,E01026681,King's Lynn and West Norfolk 001B,Investigation complete; no suspect identified
f2e61c038e265c0a97027f51650030a7a32c77f4700a367657ce6fda2e2f351e,2016-12,Norfolk Constabulary,Norfolk Constabulary,1.418245,52.451831,On or near KINGSWAY,E01026894,South Norfolk 012C,Investigation complete; no suspect identified
bc858e3e96dc1e4adf485471dca4bfaa3280921aec4a2ddd6ed1c275c11a84d0,2016-12,Norfolk Constabulary,Norfolk Constabulary,1.302466,52.624683,On or near ABBEY LANE,E01033441,Norwich 014D,Investigation complete; no suspect identified
ccdf314a071e33cc8e6ef9722d254156dab5c2f40b47ff698fcae9a36a2cf005,2016-12,Norfolk Constabulary,Norfolk Constabulary,1.294851,52.632495,On or near CORNCUTTERS CLOSE,E01026823,Norwich 007B,Investigation complete; no suspect identified
e498dc63bbd3b09c876101cc0a3face097d0e5ae4a19496a522e0c73316db323,2016-12,Norfolk Constabulary,Norfolk Constabulary,1.711221,52.572165,On or near HERTFORD WAY,E01026620,Great Yarmouth 011D,Investigation complete; no suspect identified
85f869627b17bfefda4d0d04ee9540f3495c813c5ec0ca8e709db6d426e79d5c,2016-12,Norfolk Constabulary,Norfolk Constabulary,1.237406,52.628234,On or near THE COURTYARD,E01026860,Norwich 010C,Investigation complete; no suspect identified
7f869b021d72b1c3ce0e8e5ac0158692a9cf9670437cb8c03bac82dae8a9b9eb,2016-12,Norfolk Constabulary,Norfolk Constabulary,1.587838,52.640112,On or near MILL ROAD,E01026609,Great Yarmouth 002B,Investigation complete; no suspect identified
cad5a6480b760f4f4e5838c8eefeebb2caa9bb5238128189d4c1d05e35352ba7,2016-12,Norfolk Constabulary,Norfolk Constabulary,1.518124,52.669358,On or near MARCH ROAD,E01026504,Broadland 014A,Investigation complete; no suspect identified
626dacc15d714bb08c8653820ec8c42a902d20b7f1655b9a61d2a1e8372e7edd,2016-12,Norfolk Constabulary,Norfolk Constabulary,1.322987,52.658690,On or near COUGHTREY CLOSE,E01026553,Broadland 012A,Investigation complete; no suspect identified
acaf649e6a7b7e0c12898bca75a079515fbbeaa6bae6adff73b02adaa23d6013,2016-12,Norfolk Constabulary,Norfolk Constabulary,1.547731,52.639450,On or near Supermarket,E01026498,Broadland 018B,Investigation complete; no suspect identified
9a665a355f2dc9a1194482a950b2ba3d01f4632c53fcb0f077e934f82279e0a8,2016-12,Norfolk Constabulary,Norfolk Constabulary,0.949031,52.683827,On or near ALBERT MYHILL CLOSE,E01026429,Breckland 003B,Investigation complete; no suspect identified
c06ac07efa201f0982627ce1357f5ec6633cfe4fb8b9a8bba4875d207b4d3f07,2016-12,Norfolk Constabulary,Norfolk Constabulary,1.109710,52.381616,On or near JENNINGS WAY,E01026889,South Norfolk 015B,Investigation complete; no suspect identified
6117f31e95aea7c5aecdd43e738fe66faaff94db2a7c34a667730bb623d51255,2016-12,Norfolk Constabulary,Norfolk Constabulary,1.299853,52.401971,On or near CHURCH STREET,E01026902,South Norfolk 013D,Investigation complete; no suspect identified
7a7657bf392718873dcb18659dd1e11011695a13d931d2067c742ceaca89a4a9,2016-12,Norfolk Constabulary,Norfolk Constabulary,0.469896,52.750992,On or near B1145,E01026665,King's Lynn and West Norfolk 012A,Investigation complete; no suspect identified
400858f1c5b62d72c5c14ec988f4a6201f2e6b10b959fabdc8fb692c1e8023ab,2016-12,Norfolk Constabulary,Norfolk Constabulary,1.317599,52.637562,On or near Prison,E01026806,Norwich 004D,Investigation complete; no suspect identified
ccb23cee4c5544ca9c0d2b92655c260d387dd8033a47aa0be3b34624e806e53d,2016-12,Norfolk Constabulary,Norfolk Constabulary,0.248941,52.622414,On or near MARSH ROAD,E01026659,King's Lynn and West Norfolk 016A,Investigation complete; no suspect identified
cf1d27a9dfd8d7b20bdfb4112d615b41ea2fbdb27ced4d8397da56d1afd4cfc5,2016-12,Norfolk Constabulary,Norfolk Constabulary,1.244775,52.440668,On or near DUCK'S FOOT ROAD,E01026872,South Norfolk 013A,Investigation complete; no suspect identified
70c49079f006dc86bb10263e1834c4aa3b1de6ea64fe550267d3cbcb35a3fa0a,2016-12,Norfolk Constabulary,Norfolk Constabulary,0.552272,52.522989,On or near CHAPEL LANE,E01026651,King's Lynn and West Norfolk 019D,Investigation complete; no suspect identified
6bc7d4e23e1f5f7353c3cd464e00fac97321a3d5dde5f4b07a671c8e2d9e657c,2016-12,Norfolk Constabulary,Norfolk Constabulary,1.265752,52.625432,On or near CHRISTCHURCH ROAD,E01026862,Norwich 010E,Investigation complete; no suspect identified
80f883b67113c58aa56256c6da5da3a855d6ab72fba1c5532ae4e0b8c885da62,2016-12,Norfolk Constabulary,Norfolk Constabulary,0.408674,52.740958,On or near HARDWICK ROAD,E01026706,King's Lynn and West Norfolk 011F,Investigation complete; no suspect identified
dadfc64f75e99c5dcdeb7d8208002518f5e0da183c44ebe4184958f663493ff8,2016-12,Norfolk Constabulary,Norfolk Constabulary,1.284606,52.575274,On or near Park/Open Space,E01026937,South Norfolk 006G,Investigation complete; no suspect identified
454fd4d96a372892462c212d242e4eb34e3463bfb8bbdc5ded97db9f016c0be2,2016-12,Norfolk Constabulary,Norfolk Constabulary,1.296619,52.610609,On or near MANSFIELD LANE,E01026819,Norwich 013D,Investigation complete; no suspect identified
532c9272184adcf81bd76efadb6aa7abe5c79b946bb13f5ca0a27582d8c7117a,2016-12,Norfolk Constabulary,Norfolk Constabulary,1.721694,52.606187,On or near BRIDGE ROAD,E01026635,Great Yarmouth 007D,Investigation complete; no suspect identified
b7864415310138961b78da111e56cd0177da37e1cf1bb0530af38d8b892732a8,2016-12,Norfolk Constabulary,Norfolk Constabulary,1.509995,52.580701,On or near STANLEY CLOSE,E01026511,Broadland 017D,Investigation complete; no suspect identified
c352b6d89c409b913f3947a1deb1641afb94c9ddca49add3a098290e1f460733,2016-12,Norfolk Constabulary,Norfolk Constabulary,1.718139,52.643177,On or near CAISTER BY-PASS,E01026593,Great Yarmouth 003E,Investigation complete; no suspect identified
614958156c4ef0b98a6155b231a8b57c86cc9f52e3376aeea8500acd6751b47f,2016-12,Norfolk Constabulary,Norfolk Constabulary,1.109522,52.372681,On or near Supermarket,E01026891,South Norfolk 015D,Investigation complete; no suspect identified
1fcb0b8c9058facf45be357503b04df3d70eb57c774575b13f935ab20c643923,2016-12,Norfolk Constabulary,Norfolk Constabulary,1.312295,52.544463,On or near THE STREET,E01026941,South Norfolk 009F,Investigation complete; no suspect identified
c7ebd0042291200d03c81fa8c60327a5cf1bfeee7e8c1ed2ed2df02f9e2f7b4b,2016-12,Norfolk Constabulary,Norfolk Constabulary,1.292195,52.647310,On or near BLYTH ROAD,E01026843,Norwich 003C,Investigation complete; no suspect identified
01928e398ac780836c1efc4b734f747fac50f9fb24705ad45750b37b8668d496,2016-12,Norfolk Constabulary,Norfolk Constabulary,0.374917,52.602843,On or near BRIDGE STREET,E01033038,King's Lynn and West Norfolk 017G,Investigation complete; no suspect identified
5a16409e5ad8ce4e61eaa0bdb647a867b33c5c56a94b3f71563c939b6ede5fb0,2016-12,Norfolk Constabulary,Norfolk Constabulary,1.197347,52.616409,On or near GREENACRES,E01026883,South Norfolk 002C,Investigation complete; no suspect identified
f2bb868d7b45ccd8f2b15db91594a8784c36d57c79a58b28e9e61fa54dffa383,2016-12,Norfolk Constabulary,Norfolk Constabulary,0.542986,52.933698,On or near GOLDS PIGHTLE,E01026681,King's Lynn and West Norfolk 001B,Investigation complete; no suspect identified
c15382412329fdc1abca0898887a42b17f7576ae48fb425024e9ca3d6e275e7b,2016-12,Norfolk Constabulary,Norfolk Constabulary,0.485772,52.935098,On or near SOUTHEND ROAD,E01026683,King's Lynn and West Norfolk 001D,Investigation complete; no suspect identified
6d61185ff4935a0d3a667b4573d033b353d1d448b53ab5bf3d47bfc5bb184713,2016-12,Norfolk Constabulary,Norfolk Constabulary,1.305884,52.627871,On or near PRINCE OF WALES ROAD,E01033438,Norwich 014A,Investigation complete; no suspect identified
0b2d47ff988cf83bcf6eb35562bc2d90dfcb7e3608fd03509311b9cd668bf5d1,2016-12,Norfolk Constabulary,Norfolk Constabulary,0.895020,52.518172,On or near GRAVELPIT HILL,E01026491,Breckland 010E,Investigation complete; no suspect identified
8b3ee3ad63cfd01673900833eb1fae0bf7f217fff351b1859e320769b5fdc3ad,2016-12,Norfolk Constabulary,Norfolk Constabulary,1.240102,52.620327,On or near SUFFOLK ROAD,E01026860,Norwich 010C,Investigation complete; no suspect identified
f72bc81b7bd37a2e0ac6fc7ec0fb651994adeaae661db26c2cd34a79b7a4fcc2,2016-12,Norfolk Constabulary,Norfolk Constabulary,1.017271,52.518111,On or near CHURCH STREET,E01026449,Breckland 011D,Investigation complete; no suspect identified
53d1eb4d48813b4323560aa81ecb50fd27d4fcb801696d4b07614da7977646c9,2016-12,Norfolk Constabulary,Norfolk Constabulary,1.235115,52.556717,On or near BIRCHFIELD GARDENS,E01026915,South Norfolk 009C,Investigation complete; no suspect identified
ac0900f8381ca5f6bea51a24e4f937ad830ec35c101996d334adb4a3e60acdf5,2016-12,Norfolk Constabulary,Norfolk Constabulary,0.934554,52.671408,On or near ALDISS AVENUE,E01026425,Breckland 005A,Investigation complete; no suspect identified
fd660953ac744bf9b3c2d458c4dab216b916fb233b890d7789308c08869a70ce,2016-12,Norfolk Constabulary,Norfolk Constabulary,0.203326,52.602897,On or near LADDUS BANK,E01026715,King's Lynn and West Norfolk 016D,Investigation complete; no suspect identified
8ed12eacea603251e30dfcaf9836a840ac46691cb954f88448ec16b4d23e7e6b,2016-12,Norfolk Constabulary,Norfolk Constabulary,0.720508,52.858655,On or near NORMAN WAY,E01026695,King's Lynn and West Norfolk 002D,Investigation complete; no suspect identified
55a6cfcbfea80b1a03db85489e1d173de92a35490d3b63591888363190d3a1df,2016-12,Norfolk Constabulary,Norfolk Constabulary,1.339782,52.575582,On or near OLD MILL ROAD,E01026926,South Norfolk 006C,Investigation complete; no suspect identified
e94e72ab3363d1867c1df004012b0992d8ff36a77488f62c97b458a81e549404,2016-12,Norfolk Constabulary,Norfolk Constabulary,1.311298,52.657066,On or near ALLEN'S LANE,E01026555,Broadland 012C,Investigation complete; no suspect identified
bce671e1611f956a55887725d40f6aa4a9f668a635e6a99198ac4a1de22ee07b,2016-12,Norfolk Constabulary,Norfolk Constabulary,1.105373,52.376999,On or near BEEHIVE YARD,E01026891,South Norfolk 015D,Investigation complete; no suspect identified
d13b96ecacb88b3ddc1ef5c716c5a663ff1fb304056cb63a2194157669926f40,2016-12,Norfolk Constabulary,Norfolk Constabulary,1.293162,52.639332,On or near STARLING ROAD,E01026846,Norwich 003F,Investigation complete; no suspect identified
3e5f7cf5e9f664f2a9eb13b3104a109ad0186fa2a9c18cf9c6d25eb96009d287,2016-12,Norfolk Constabulary,Norfolk Constabulary,1.733604,52.600127,On or near DAGMAR MEWS,E01026626,Great Yarmouth 006E,Investigation complete; no suspect identified
bccff8ac6f8dec850daf2429bda3e5dc47c93c6d51600d041ab0ea6076114473,2016-12,Norfolk Constabulary,Norfolk Constabulary,1.301148,52.620916,On or near BER STREET,E01026822,Norwich 007A,Investigation complete; no suspect identified
65ca6a76d5ea1d99679cbf4079e96339341a697f2d8e1aa7a24a3c8e40b9844c,2016-12,Norfolk Constabulary,Norfolk Constabulary,1.339686,52.634647,On or near THOR LOKE,E01026572,Broadland 015D,Investigation complete; no suspect identified
7f2a26b21d0ae15a0451dd88915fa423a55860acd202f20e1c9e64963911aef4,2016-12,Norfolk Constabulary,Norfolk Constabulary,1.297243,52.637564,On or near MAGDALEN CLOSE,E01026826,Norwich 007E,Investigation complete; no suspect identified
6513bc4717a896c8429f0b8dd4f04a21b7913c0c82022fbd8e832e0d908fb838,2016-12,Norfolk Constabulary,Norfolk Constabulary,1.357559,52.728927,On or near HIGH STREET,E01026516,Broadland 003C,Investigation complete; no suspect identified
6d4247adaf158fad5683798cd9c8d0d0ae4a2012ac0750c4e3e8b7d6d3b62496,2016-12,Norfolk Constabulary,Norfolk Constabulary,1.727499,52.582879,On or near BULL'S LANE,E01026632,Great Yarmouth 009E,Investigation complete; no suspect identified
688c64f95fef9a474639468db17e1cc7f027dac37b2fab860fa23fd81b5c6b15,2016-12,Norfolk Constabulary,Norfolk Constabulary,0.498355,52.908875,On or near INGLEBY CLOSE,E01026676,King's Lynn and West Norfolk 003A,Investigation complete; no suspect identified
ca6f04c597d486ee7d0719c8dd880422b872da14b13388ccbd871fc9bc674492,2016-12,Norfolk Constabulary,Norfolk Constabulary,0.394550,52.605658,On or near HOGARTH ROAD,E01033036,King's Lynn and West Norfolk 017E,Investigation complete; no suspect identified
e875cdc114aa854d39b363c7e0f58d607c980ddb15331184e9d5666a390ca45a,2016-12,Norfolk Constabulary,Norfolk Constabulary,1.734114,52.602819,On or near NAPOLEON PLACE,E01026624,Great Yarmouth 006C,Investigation complete; no suspect identified
dd881cd03c60a0b85fee40a56bca07e22b0c5411ee91d4570063618856d7e5ea,2016-12,Norfolk Constabulary,Norfolk Constabulary,1.294439,52.629377,On or near Shopping Area,E01026823,Norwich 007B,Investigation complete; no suspect identified
0fa3b13e5ae03d5668b489dc7dc6332cfc6ebfa0d35bd2dccb3c249c9257a037,2016-12,Norfolk Constabulary,Norfolk Constabulary,1.294381,52.626833,On or near RED LION STREET,E01026822,Norwich 007A,Investigation complete; no suspect identified
e28294a0861644e2712fb14f226260df8b47d849243c696d32b6c4b0340788dd,2016-12,Norfolk Constabulary,Norfolk Constabulary,0.191675,52.683910,On or near LYNN ROAD,E01026720,King's Lynn and West Norfolk 013D,Investigation complete; no suspect identified
69a8f93838badd5e21740a68c1dccdf7250b279d82c42576ad00844c8fa64154,2016-12,Norfolk Constabulary,Norfolk Constabulary,1.251555,52.795260,On or near MARKET PLACE,E01026499,Broadland 001A,Investigation complete; no suspect identified
256b862ebc0aabd8b7f62e0efb35af850b6c76041aff64de0d152ee0564b91dc,2016-12,Norfolk Constabulary,Norfolk Constabulary,1.020268,52.665827,On or near MILL ROAD,E01026480,Breckland 006B,Investigation complete; no suspect identified
95d31b7a9cca911ca6b7aac5d420b0033f50652ba991f8bb40be63c7efa19eb4,2016-12,Norfolk Constabulary,Norfolk Constabulary,1.734387,52.598043,On or near SEAFIELD CLOSE,E01026626,Great Yarmouth 006E,Investigation complete; no suspect identified
3633a5560624555bd5aa84c97688adf77237f35e6848c981c96ab3f18dbeedc5,2016-12,Norfolk Constabulary,Norfolk Constabulary,1.722370,52.576897,On or near BALIOL ROAD,E01026630,Great Yarmouth 010D,Investigation complete; no suspect identified
09eb8e3a6148a380883c77d8aa29f7afde69ba64739dce4766a16811db61d47c,2016-12,Norfolk Constabulary,Norfolk Constabulary,0.222262,52.603244,On or near RANSOME'S CLOSE,E01026715,King's Lynn and West Norfolk 016D,Investigation complete; no suspect identified
b51217f5fa7b22c5ba8e2c0afcb87cf24e0acc6927256723579f6e2903b55b11,2016-12,Norfolk Constabulary,Norfolk Constabulary,0.222262,52.603244,On or near RANSOME'S CLOSE,E01026715,King's Lynn and West Norfolk 016D,Investigation complete; no suspect identified
95c821349b57e9268733cb1e181dff049d1e079806338ee14e551243c49e6a79,2016-12,Norfolk Constabulary,Norfolk Constabulary,1.726672,52.577481,On or near Supermarket,E01026630,Great Yarmouth 010D,Investigation complete; no suspect identified
a6c6946fb04e479b26b5c3ed6ad428b93368ae3b61687c94564d133c3a594563,2016-12,Norfolk Constabulary,Norfolk Constabulary,1.289941,52.627146,On or near Theatre/Concert Hall,E01026822,Norwich 007A,Investigation complete; no suspect identified
2c55471655f9e9cf30e32870a4a8f886f9db3918a31d4eaaae7a74c93ce0b958,2016-12,Norfolk Constabulary,Norfolk Constabulary,1.292282,52.638826,On or near MAGPIE ROAD,E01026826,Norwich 007E,Investigation complete; no suspect identified
5561e7492a45965519eb918af12d4c441cfa772c57cdb9717e5a185096c86f88,2016-12,Norfolk Constabulary,Norfolk Constabulary,0.752882,52.414392,On or near Parking Area,E01026468,Breckland 016A,Investigation complete; no suspect identified
b68a7b93dcbfaa4634d97f97f427e9dc923ead406386662683ddcbe493b8e20e,2016-12,Norfolk Constabulary,Norfolk Constabulary,1.247891,52.630519,On or near CHARGE ROAD,E01026868,Norwich 006F,Investigation complete; no suspect identified
0358647e0235f87774fcc814b93cafaff1bad9c3f4ac62a2462bb4bf35f6af21,2016-12,Norfolk Constabulary,Norfolk Constabulary,1.360136,52.735851,On or near LING CLOSE,E01026516,Broadland 003C,Investigation complete; no suspect identified
45b31cd7f498898897bda287f4db44fe505d30e6c2baa67fecfd5c51d99d5d62,2016-12,Norfolk Constabulary,Norfolk Constabulary,1.038227,52.947266,On or near THE STREET,E01026739,North Norfolk 002A,Investigation complete; no suspect identified
0378f2774da655bbea63ebf923f5d16606626e50f3d8895686144e8ea1663035,2016-12,Norfolk Constabulary,Norfolk Constabulary,0.687219,52.651955,On or near BACK TERRACE,E01026459,Breckland 007E,Investigation complete; no suspect identified
2182015b1eb61661c20cef8941923fc63ee08eb12117ce4d17a6be025f9a2128,2016-12,Norfolk Constabulary,Norfolk Constabulary,0.232684,52.712232,On or near CRANNY FIELD CHASE,E01026719,King's Lynn and West Norfolk 013C,Investigation complete; no suspect identified
2bfe46f84b9f8a250f7d3ef759c875074b3ccbd53030b4f3081280d2bc1e0bf4,2016-12,Norfolk Constabulary,Norfolk Constabulary,1.284956,52.631817,On or near GRAPES HILL,E01026822,Norwich 007A,Investigation complete; no suspect identified
a4815633f3d034fac0283384cdfea7d64607eb8a1b8df920bf185c4317a54dbf,2016-12,Norfolk Constabulary,Norfolk Constabulary,1.279113,52.634929,On or near BROWNE STREET,E01026827,Norwich 007F,Investigation complete; no suspect identified
f09aa043cd0d345776ce8077de30c921cc31e158d2a2ea55dfeefac16c403105,2016-12,Norfolk Constabulary,Norfolk Constabulary,1.733105,52.622207,On or near BALMORAL AVENUE,E01026639,Great Yarmouth 004B,Investigation complete; no suspect identified
d84a981564ee83506c5a3e0609145439da442b634e4f5f8306afd580196d7f12,2016-12,Norfolk Constabulary,Norfolk Constabulary,1.550676,52.557369,On or near Ferry Terminal,E01026944,South Norfolk 010D,Investigation complete; no suspect identified
148c4df818548e4cff607f69d7cf8e765ed34bf8482cb66a7bea22bc7a8b791a,2016-12,Norfolk Constabulary,Norfolk Constabulary,1.255988,52.796802,On or near GASHOUSE HILL,E01026503,Broadland 001E,Investigation complete; no suspect identified
1541e5869ea05195915a9d3fa012df7c01c4240d0569166b2eec80d29f1f91ad,2016-12,Norfolk Constabulary,Norfolk Constabulary,1.727724,52.614551,On or near Petrol Station,E01026595,Great Yarmouth 005A,Investigation complete; no suspect identified
f9ab13b2e1909929733dbd7ebf3b8a3e20d2f07576e3f6be26ff67dff0447dd7,2016-12,Norfolk Constabulary,Norfolk Constabulary,1.293950,52.629354,On or near Shopping Area,E01026823,Norwich 007B,Investigation complete; no suspect identified
4fc5c6cd87a5081ef8dbc0b4ccec250d89ead25b775fd131fd923d4baef36e8f,2016-12,Norfolk Constabulary,Norfolk Constabulary,1.018107,52.801908,On or near HINDOLVESTON ROAD,E01026729,North Norfolk 008A,Investigation complete; no suspect identified
a378ce94e751e9c410c7388158c5f928ad6aee9989646ae20f2010bc23130944,2016-12,Norfolk Constabulary,Norfolk Constabulary,0.395659,52.755420,On or near Shopping Area,E01026698,King's Lynn and West Norfolk 011A,Investigation complete; no suspect identified
4a59c54f8d535406692725dfd4df78a35c8698434fe83bb3e195e0254a406a99,2016-12,Norfolk Constabulary,Norfolk Constabulary,1.304757,52.628217,On or near PRINCE OF WALES ROAD,E01033439,Norwich 014B,Investigation complete; no suspect identified
54c8943074296e516dafdc14ac71978755f368a66d97807584268d8685e9c9e9,2016-12,Norfolk Constabulary,Norfolk Constabulary,1.221052,52.618086,On or near Hospital,E01026883,South Norfolk 002C,Investigation complete; no suspect identified
3d63688ed486e5abaaf81033c8a2a61210763dc50268404de243645b9fee625e,2016-12,Norfolk Constabulary,Norfolk Constabulary,1.730417,52.602090,On or near DENE SIDE,E01026624,Great Yarmouth 006C,Investigation complete; no suspect identified
fef8eee2f5367d9f9b0d2393e995f6b1af7edb29aef8887ccceaf505bdf5f68f,2016-12,Norfolk Constabulary,Norfolk Constabulary,0.688825,52.648016,On or near Supermarket,E01026455,Breckland 007A,Investigation complete; no suspect identified
2698af78739edefa42ba173af2a408771c9972206bdc8129bb7f066993b22f26,2016-12,Norfolk Constabulary,Norfolk Constabulary,1.298366,52.663470,On or near GARRICK GREEN,E01026540,Broadland 009A,Investigation complete; no suspect identified
7cbfb51af20def33af3c8393376793950a55dabab98f597895a26b7735d8aad5,2016-12,Norfolk Constabulary,Norfolk Constabulary,1.216400,52.629598,On or near TIZZICK CLOSE,E01033435,Norwich 005G,Investigation complete; no suspect identified
7c320b28465f24e2688ce18731ef799d9fb93ab91217b19f789d218af8780c65,2016-12,Norfolk Constabulary,Norfolk Constabulary,1.036664,52.946848,On or near CHAPEL LANE,E01026739,North Norfolk 002A,Investigation complete; no suspect identified
1595f3234306e83e85144adaa5aeb0b326c79068223178565d763192667752bb,2016-12,Norfolk Constabulary,Norfolk Constabulary,0.629992,52.543183,On or near Park/Open Space,E01026424,Breckland 012A,Investigation complete; no suspect identified
82c3a0c26b017a6b4a20b3322705ebea62215604919d5cb04a83797834d3b2b8,2016-12,Norfolk Constabulary,Norfolk Constabulary,0.972447,52.715490,On or near HOE ROAD NORTH,E01026461,Breckland 001C,Investigation complete; no suspect identified
2880627847439d03c85ed28535026ad6146a63aee09503591906e8a28f54c5e4,2016-12,Norfolk Constabulary,Norfolk Constabulary,1.268234,52.648801,On or near DRAYTON ROAD,E01026828,Norwich 002A,Investigation complete; no suspect identified
19a98cbc15e0264ed52fff11f797fe1b69b0c77b73d8f143f5575838199debdb,2016-12,Norfolk Constabulary,Norfolk Constabulary,1.721120,52.651638,On or near BYRON WAY,E01026590,Great Yarmouth 003B,Investigation complete; no suspect identified
6bd8133103a008545d5a5ee6fcf06805392252c30895c77a54b11540a6785836,2016-12,Norfolk Constabulary,Norfolk Constabulary,1.282713,52.690841,On or near SWAN PLAIN,E01026549,Broadland 005A,Investigation complete; no suspect identified
897af957486d5d76c92e2acb7f741e6721a970559f4e13e877da90ebe8e11fdb,2016-12,Norfolk Constabulary,Norfolk Constabulary,0.503131,52.952231,On or near SEA LANE,E01026681,King's Lynn and West Norfolk 001B,Investigation complete; no suspect identified
c11a2cd50810c2f023708130b56fac24264fe7399f54d1d2117963825af1307d,2016-12,Norfolk Constabulary,Norfolk Constabulary,0.689534,52.647289,On or near CHURCH MEWS,E01026455,Breckland 007A,Investigation complete; no suspect identified
b1e8659468b0ce1f97bddd3c5df3a075de0699175003706fe79676bfa2c97597,2016-12,Norfolk Constabulary,Norfolk Constabulary,1.719076,52.607196,On or near SAW MILL LANE,E01026635,Great Yarmouth 007D,Investigation complete; no suspect identified
dc01452e2e365b81f0e85e40b5199e676354c552be059e2da88cb80059624470,2016-12,Norfolk Constabulary,Norfolk Constabulary,1.279121,52.634038,On or near PORTWAY PLACE,E01026824,Norwich 007C,Investigation complete; no suspect identified
59dd2950f8f00fa2d06073f0f8c41988aa38c80545c8230036b0ca018ab143f5,2016-12,Norfolk Constabulary,Norfolk Constabulary,1.303065,52.628516,On or near Nightclub,E01033438,Norwich 014A,Investigation complete; no suspect identified
933c0b86cec9e004345f51af5f968b2ae5dc7b8100b302ed91ec73cd9c948ad3,2016-12,Norfolk Constabulary,Norfolk Constabulary,0.547699,52.521154,On or near VENTURA CLOSE,E01026651,King's Lynn and West Norfolk 019D,Investigation complete; no suspect identified
6a3fb68472225c35e63548324f111b6507b0ad4c75b125fc45d133063f6ef6ae,2016-12,Norfolk Constabulary,Norfolk Constabulary,0.981461,52.718672,On or near PRIMROSE SQUARE,E01033042,Breckland 001F,Investigation complete; no suspect identified
e3e19efaaf0c05e41c4c43328cfff34c85a0414a686a707ef0bbc0ab5bbf1896,2016-12,Norfolk Constabulary,Norfolk Constabulary,1.298422,52.629266,On or near AGRICULTURAL HALL PLAIN,E01033438,Norwich 014A,Investigation complete; no suspect identified
fb3a264941929aa1fe8d02f9f65e0ed2e8e64ba2c7780456efd74bad9a0a0cb6,2016-12,Norfolk Constabulary,Norfolk Constabulary,0.841801,52.826641,On or near BACK STREET,E01026780,North Norfolk 009A,Investigation complete; no suspect identified
ad9007da090f78e5a6f87946bf691aeabca2e15c56eb649ea24c6c3698fa3b3a,2016-12,Norfolk Constabulary,Norfolk Constabulary,0.374917,52.602843,On or near BRIDGE STREET,E01033038,King's Lynn and West Norfolk 017G,Investigation complete; no suspect identified
66e319acebfdf8f532a6bdf6afe9a887693476d5d4f558beb6fd1e657436697b,2016-12,Norfolk Constabulary,Norfolk Constabulary,1.116485,52.576360,On or near FOLLY CLOSE,E01026946,South Norfolk 007E,Investigation complete; no suspect identified
631423a0fecf70d03351044517d688ae99c0f4282a50c925c99baf6c7eab4447,2016-12,Norfolk Constabulary,Norfolk Constabulary,0.951800,52.679909,On or near BATH AVENUE,E01026429,Breckland 003B,Investigation complete; no suspect identified
a75f575d926d7229a64afce05004fbc45891a96b9dc1f1889fb17b082ead488e,2016-12,Norfolk Constabulary,Norfolk Constabulary,1.077387,52.685904,On or near HEATH ROAD,E01026481,Breckland 006C,Investigation complete; no suspect identified
bb82f82cf737e75f69a7a6b29813598430f77fea70114b8e95e8fa04f27d1851,2016-12,Norfolk Constabulary,Norfolk Constabulary,0.736929,52.792859,On or near OXBURGH SQUARE,E01026780,North Norfolk 009A,Investigation complete; no suspect identified
0c44180b5feaf773c030c1168f2d87706c6047a2ef8c61d2060b86ee7520bfed,2016-12,Norfolk Constabulary,Norfolk Constabulary,1.210334,52.645663,On or near DEREHAM ROAD,E01026925,South Norfolk 001F,Investigation complete; no suspect identified
54cb2fcce6ef3779c3b048a585d772396f9b379b60376c2b51b7a11f7f65de49,2016-12,Norfolk Constabulary,Norfolk Constabulary,1.371192,52.604542,On or near MILL HILL,E01026929,South Norfolk 008E,Investigation complete; no suspect identified
f7b494cd6b97131f239ec5866dab50d2412562652dd71cb845b34afa299b4836,2016-12,Norfolk Constabulary,Norfolk Constabulary,1.292730,52.628858,On or near GAOL HILL,E01026822,Norwich 007A,Investigation complete; no suspect identified
61b13b9cf552a2ad648fa8f35a33973fa76c6db6344620d5c3a88738982ccf40,2016-12,Norfolk Constabulary,Norfolk Constabulary,1.340603,52.667412,On or near Parking Area,E01026561,Broadland 013E,Investigation complete; no suspect identified
876a0efda24cfc6ce100c45350ef0e01bd1a9a0830c40d4cc1d81b6ace327241,2016-12,Norfolk Constabulary,Norfolk Constabulary,0.433966,52.746052,On or near MELLISHAM WALK,E01026662,King's Lynn and West Norfolk 010A,Investigation complete; no suspect identified
66510277b7f36dda8074dfd78e9c91b52aa09736101ffe191300596d8cfb5135,2016-12,Norfolk Constabulary,Norfolk Constabulary,1.270899,52.632224,On or near WINTER ROAD,E01026840,Norwich 009F,Investigation complete; no suspect identified
9741fb2aeda05050cf64fec5907a3091d884abfd618e2b66bbadcd504b85df6e,2016-12,Norfolk Constabulary,Norfolk Constabulary,0.730449,52.412637,On or near MACKENZIE ROAD,E01026474,Breckland 017A,Investigation complete; no suspect identified
4e28a16652e668183e016b52ade79cce38ecdd836ca202072580e8ad61b7833f,2016-12,Norfolk Constabulary,Norfolk Constabulary,1.255988,52.796802,On or near GASHOUSE HILL,E01026503,Broadland 001E,Investigation complete; no suspect identified
6796d6c70751ed277e821f84f6b2670e349133efe323faf9b84d07fc3c700bb8,2016-12,Norfolk Constabulary,Norfolk Constabulary,1.287181,52.630937,On or near TEN BELL LANE,E01026822,Norwich 007A,Investigation complete; no suspect identified
3f37739356a7cdcae1071a0c8b8c3a728bbeabf685029f736874db754bb5862c,2016-12,Norfolk Constabulary,Norfolk Constabulary,1.629717,52.701886,On or near TRELAWNY ROAD,E01026638,Great Yarmouth 002E,Investigation complete; no suspect identified
b9e0321e48a9b9274a5d46f566e532bbaf3239998167fd407d261fa0de139f35,2016-12,Norfolk Constabulary,Norfolk Constabulary,1.504020,52.664497,On or near Sports/Recreation Area,E01026504,Broadland 014A,Investigation complete; no suspect identified
24c0ca39da7965694c10a8848aa47fdb3b931c9f0ed90733024f380b9f63e9ca,2016-12,Norfolk Constabulary,Norfolk Constabulary,1.043285,52.854952,On or near HILLSIDE,E01026730,North Norfolk 008B,Investigation complete; no suspect identified
5d77b3a6e357f55f65471f0327ff5a38582c71b2d959db5e18c50cd725502972,2016-12,Norfolk Constabulary,Norfolk Constabulary,0.248941,52.622414,On or near MARSH ROAD,E01026659,King's Lynn and West Norfolk 016A,Investigation complete; no suspect identified
9d73d5a2af07dcc23c4d43154634f1f1e64512662cc5f8959a3ffe626f4154a3,2016-12,Norfolk Constabulary,Norfolk Constabulary,1.221052,52.618086,On or near Hospital,E01026883,South Norfolk 002C,Investigation complete; no suspect identified
71b2334f97bc07bf73c3c13095a38e97f3a1b16e8d8d8d04396c70e71a788910,2016-12,Norfolk Constabulary,Norfolk Constabulary,1.436739,52.556643,On or near VALE ROAD,E01026880,South Norfolk 008B,Investigation complete; no suspect identified
c4ea43b3e7de383056ea8b24d8abab07860749c7b90ac426fca493adaabb814e,2016-12,Norfolk Constabulary,Norfolk Constabulary,1.299918,52.642067,On or near NORTHCOTE ROAD,E01026845,Norwich 003E,Investigation complete; no suspect identified
5b2752070aa2833681904c58b28c876dc5eed630e2fd3defca4b26ec094f29db,2016-12,Norfolk Constabulary,Norfolk Constabulary,0.379577,52.604080,On or near CANNON SQUARE,E01033039,King's Lynn and West Norfolk 017H,Investigation complete; no suspect identified
0bd91f03327ac68580d24b703843bb74029f3c59fca0073a3ad4ce890d29f2e0,2016-12,Norfolk Constabulary,Norfolk Constabulary,0.379577,52.604080,On or near CANNON SQUARE,E01033039,King's Lynn and West Norfolk 017H,Investigation complete; no suspect identified
6299c6dc9c4be1004c1bf9bf63cabfd162356bfded8b4bf4d92d5259efb637d1,2016-12,Norfolk Constabulary,Norfolk Constabulary,1.225007,52.804600,On or near SILVERGATE LANE,E01026502,Broadland 001D,Investigation complete; no suspect identified
711d92e50fdc27564366c06267bd08a4923509f3944fa259faeb5e12f1eb0878,2016-12,Norfolk Constabulary,Norfolk Constabulary,0.688555,52.648669,On or near A1065,E01026455,Breckland 007A,Investigation complete; no suspect identified
b91b869e866ea756189c9abe596b56fba91da69f8be1b86e4cc8ead4fe2fe9cf,2016-12,Norfolk Constabulary,Norfolk Constabulary,1.382262,52.814465,On or near NURSERY DRIVE,E01026760,North Norfolk 010H,Investigation complete; no suspect identified
9408f3245da8a85fcb97f2006fc610fc1f1fd82d9330693f7e7f638ac07c3f6e,2016-12,Norfolk Constabulary,Norfolk Constabulary,0.370146,52.605016,On or near ELIZABETH AVENUE,E01033038,King's Lynn and West Norfolk 017G,Investigation complete; no suspect identified
f6e659551020cc97c93a0905e80a14fa8d55c9333a1095ce9e8753a0738b6f7a,2016-12,Norfolk Constabulary,Norfolk Constabulary,0.379577,52.604080,On or near CANNON SQUARE,E01033039,King's Lynn and West Norfolk 017H,Investigation complete; no suspect identified
1ada3b4e7a7446f62431242554b6f0e7bfbaf7aa61c362e42a5e73f7f1a34f86,2016-12,Norfolk Constabulary,Norfolk Constabulary,1.713586,52.604301,On or near VINCENT CLOSE,E01026635,Great Yarmouth 007D,Investigation complete; no suspect identified
25701ca90f5a0e62d6b6bdc55bbde5e8afa354c35e3738ff0c67178ca1f7a633,2016-12,Norfolk Constabulary,Norfolk Constabulary,0.438424,52.750250,On or near WINSTON CHURCHILL DRIVE,E01026664,King's Lynn and West Norfolk 010C,Investigation complete; no suspect identified
a64e06c594868dfcb7b376b7df66d76f4e40900eae25050b01b10b72d9faa061,2016-12,Norfolk Constabulary,Norfolk Constabulary,1.322494,52.627639,On or near WELLESLEY AVENUE SOUTH,E01026849,Norwich 015B,Investigation complete; no suspect identified
69217aa5a3404232c932e3139216d13caeda31b7613ba471936fc280d009af12,2016-12,Norfolk Constabulary,Norfolk Constabulary,1.728513,52.607843,On or near Shopping Area,E01026597,Great Yarmouth 005C,Investigation complete; no suspect identified
5cc4a92a12635152396f9659b41b8d2bf31253e59cdaf8f6c5e3ba93e766d48e,2016-12,Norfolk Constabulary,Norfolk Constabulary,1.197129,52.647864,On or near LORD NELSON DRIVE,E01033538,South Norfolk 001G,Investigation complete; no suspect identified
b16b03bdf6a0b871be894bc99691f4366198e707ce11540bf09521e499db3dc5,2016-12,Norfolk Constabulary,Norfolk Constabulary,1.721506,52.613893,On or near SCHOOL ROAD,E01026596,Great Yarmouth 005B,Investigation complete; no suspect identified
a570f8da61d6c103eb2d46e2edca770cac995e8eea25774d404d4c2f7abc9dd3,2016-12,Norfolk Constabulary,Norfolk Constabulary,1.302466,52.624683,On or near ABBEY LANE,E01033441,Norwich 014D,Investigation complete; no suspect identified
e007322c663bca5c239017434a83c512bcda011858a72c02807807f7b7198162,2016-12,Norfolk Constabulary,Norfolk Constabulary,1.296991,52.631671,On or near ELM HILL,E01033438,Norwich 014A,Investigation complete; no suspect identified
b3377c0809e200ef02c2b4cb0d425096b2d830f48f20d60cca1f82c431d20172,2016-12,Norfolk Constabulary,Norfolk Constabulary,1.734387,52.598043,On or near SEAFIELD CLOSE,E01026626,Great Yarmouth 006E,Investigation complete; no suspect identified
81d2f03987df8528b7208f4593619bb44d8d15d27370dff47e363622c43abcad,2016-12,Norfolk Constabulary,Norfolk Constabulary,1.512278,52.668038,On or near OAKFIELD DRIVE,E01026504,Broadland 014A,Investigation complete; no suspect identified
7d0f80b857cf68ac4b817452337ec585c11f0e3a354ec258eb15e838e648b6a2,2016-12,Norfolk Constabulary,Norfolk Constabulary,1.317599,52.637562,On or near Prison,E01026806,Norwich 004D,Investigation complete; no suspect identified
8a63a06d2cfa4856aaf8c73e79c018e667682e13cc4c9cc465dd3410e73523a9,2016-12,Norfolk Constabulary,Norfolk Constabulary,1.292417,52.627050,On or near WILLIAM BOOTH STREET,E01026822,Norwich 007A,Investigation complete; no suspect identified
dcb621ec86a123dc803b6aa944e2fc95de4874f29a64d6deffccd09d1c79976b,2016-12,Norfolk Constabulary,Norfolk Constabulary,1.256906,52.589908,On or near COLLEGE LANE,E01026881,South Norfolk 002A,Investigation complete; no suspect identified
85dd2b57841e1fb0e0e44561d9857e12c494519c13651070d133e479b979172c,2016-12,Norfolk Constabulary,Norfolk Constabulary,1.292642,52.629265,On or near Supermarket,E01026823,Norwich 007B,Investigation complete; no suspect identified
5cfea8a83739e8ee0060a2989685da30d0e00636f173cd0dd0c50251c95458d0,2016-12,Norfolk Constabulary,Norfolk Constabulary,1.289771,52.625864,On or near Shopping Area,E01026822,Norwich 007A,Investigation complete; no suspect identified
0fb54062ed341bf48314bd1296adf360b7092bb1b135fb846102ea630c9f01e0,2016-12,Norfolk Constabulary,Norfolk Constabulary,0.338425,52.589273,On or near WATERMAN'S WAY,E01026717,King's Lynn and West Norfolk 016F,Investigation complete; no suspect identified
b92e47be538e0f9dfea6a39efe2e8dab9094ba6589d71318e63cd55eb8eebcc0,2016-12,Norfolk Constabulary,Norfolk Constabulary,1.299918,52.642067,On or near NORTHCOTE ROAD,E01026845,Norwich 003E,Investigation complete; no suspect identified
30e9fc6d0b6382a8d706081fd11fb5f866917e97a00df99fdbadc9c1f9514a87,2016-12,Norfolk Constabulary,Norfolk Constabulary,1.284279,52.632645,On or near Petrol Station,E01026824,Norwich 007C,Investigation complete; no suspect identified
d0d0cbd473d9f0162362969b80c5d2f29b4fda2fe4807d93a1342fac88a43bcb,2016-12,Norfolk Constabulary,Norfolk Constabulary,1.251156,52.623316,On or near LOVELACE ROAD,E01026860,Norwich 010C,Investigation complete; no suspect identified
5007ed1638f56e5c9971d27b89c72ef0f742504870fd3e6909cef97b3adb8d23,2016-12,Norfolk Constabulary,Norfolk Constabulary,1.148103,52.483197,On or near LOW COMMON,E01026878,South Norfolk 011B,Investigation complete; no suspect identified
a909ca0c707a5c9c249213bdd4db875747598a953b942c6ddc9a2f4b2d5cb577,2016-12,Norfolk Constabulary,Norfolk Constabulary,1.315589,52.633850,On or near TRIDENT DRIVE,E01026850,Norwich 015C,Investigation complete; no suspect identified
ae5a091073efc5b785a05757bd7a226ae64bc4a2a19006ffaa2b668925953317,2016-12,Norfolk Constabulary,Norfolk Constabulary,1.221052,52.618086,On or near Hospital,E01026883,South Norfolk 002C,Investigation complete; no suspect identified
c4e3b2b53dacaf52d174f472f15abe9edb569c2cf893474d073c0ad40efdc8c8,2016-12,Norfolk Constabulary,Norfolk Constabulary,0.735960,52.419938,On or near LINCOLN WAY,E01026465,Breckland 015A,Investigation complete; no suspect identified
48efda3ec788472691b7f973b53effe6932a5f598fec95ea1c34f27858f42d8c,2016-12,Norfolk Constabulary,Norfolk Constabulary,1.278686,52.627836,On or near BATHURST ROAD,E01026835,Norwich 009A,Investigation complete; no suspect identified
9607cfe34a53a4cb33436e1d758291f9154791797f56dbd4161ae51bff5e2a10,2016-12,Norfolk Constabulary,Norfolk Constabulary,1.237406,52.628234,On or near THE COURTYARD,E01026860,Norwich 010C,Investigation complete; no suspect identified
b4645bf41c03f1a06e289d05182adfdb82ff87ea0904eae07fa1e32bdb4d313f,2016-12,Norfolk Constabulary,Norfolk Constabulary,1.324567,52.658654,On or near Supermarket,E01026553,Broadland 012A,Investigation complete; no suspect identified
817c0544b2ec0f82451492431346a4d94a51e7c48e669ae5e80a11dbc8b2bfd7,2016-12,Norfolk Constabulary,Norfolk Constabulary,1.237406,52.628234,On or near THE COURTYARD,E01026860,Norwich 010C,Investigation complete; no suspect identified
e4032fde33954c372757098509ed3e54ca4cebb42dbb1b0aa22b48cab68d6792,2016-12,Norfolk Constabulary,Norfolk Constabulary,1.732838,52.595294,On or near DICKENS AVENUE,E01026626,Great Yarmouth 006E,Investigation complete; no suspect identified
f7b2e24b60a904eaf58107087cc2c92614c8c52291b94ec6b1b9313d062e78fa,2016-12,Norfolk Constabulary,Norfolk Constabulary,1.297665,52.631580,On or near WAGGON AND HORSES LANE,E01033438,Norwich 014A,Investigation complete; no suspect identified
f08ea6e14b252a86e303d36543bee1003aa542c13a41e04a420743ccb4aef811,2016-12,Norfolk Constabulary,Norfolk Constabulary,1.237406,52.628234,On or near THE COURTYARD,E01026860,Norwich 010C,Investigation complete; no suspect identified
0f381f4862ece96bc714a9621437751209c4fa47fe3c097b98cd19e587919f4e,2016-12,Norfolk Constabulary,Norfolk Constabulary,0.748832,52.414297,On or near Parking Area,E01026468,Breckland 016A,Investigation complete; no suspect identified
ea0605195b774e65c8ff3adbe0ce2ef7e8ee903caab315fe77a25152c51dc9d8,2016-12,Norfolk Constabulary,Norfolk Constabulary,1.292706,52.905202,On or near OLD MILL ROAD,E01026766,North Norfolk 005B,Investigation complete; no suspect identified
8c4fd0a6378b40eb44c4a457c259cf59d44e475aaf8e8eb3ce281a4245272eaa,2016-12,Norfolk Constabulary,Norfolk Constabulary,1.736086,52.607937,On or near Nightclub,E01026623,Great Yarmouth 006B,Investigation complete; no suspect identified
2099d71648b0cd97d9e88e77ca276c50e94b752d967f2c9cc46fc33a249f94eb,2016-12,Norfolk Constabulary,Norfolk Constabulary,1.108789,52.376676,On or near MARKET PLACE,E01026891,South Norfolk 015D,Investigation complete; no suspect identified
bece5fe816b0bc67702e3d93f69f22ae8b7a2628ebebc3de243547a6d8923ef8,2016-12,Norfolk Constabulary,Norfolk Constabulary,1.398622,52.819816,On or near SADLERS WAY,E01026753,North Norfolk 010A,Investigation complete; no suspect identified
8c51ebd0a6669060b907c028974e8ae36670f65c1fa976d0b61a0e7652534370,2016-12,Norfolk Constabulary,Norfolk Constabulary,1.715463,52.607966,On or near MISSION ROAD,E01026635,Great Yarmouth 007D,Investigation complete; no suspect identified
462b3b7b24fce9be1dfb7737dead4af7e897e94204ac7176af55990d049c267b,2016-12,Norfolk Constabulary,Norfolk Constabulary,0.596738,52.745090,On or near B1145,E01026665,King's Lynn and West Norfolk 012A,Investigation complete; no suspect identified
57c6c626fa765e9578f1651bab3888af5625598cd2a5fa588e7a5f075944b588,2016-12,Norfolk Constabulary,Norfolk Constabulary,1.291218,52.624268,On or near Supermarket,E01026822,Norwich 007A,Investigation complete; no suspect identified
f269b51d91b0ef444e91e314a4e244e46c95a7421156c1795bb7bfce4dc81bb1,2016-12,Norfolk Constabulary,Norfolk Constabulary,0.752025,52.415976,On or near Supermarket,E01026468,Breckland 016A,Investigation complete; no suspect identified
cd8149fdbc50fa9b4e136153357c6e451f2710294e781176141486c17936de7f,2016-12,Norfolk Constabulary,Norfolk Constabulary,1.127667,52.889386,On or near THE STREET,E01026733,North Norfolk 006C,Investigation complete; no suspect identified
dd2bc9eb67652407e4de6b145e53270ba543417feb0a7ae3dd87699ec6d13563,2016-12,Norfolk Constabulary,Norfolk Constabulary,1.216195,52.644929,On or near GRAYS FAIR,E01026917,South Norfolk 001B,Investigation complete; no suspect identified
43473a2f578ba2c6694f195d92d0c1ce328e14c144b3892184e577af3966fcb2,2016-12,Norfolk Constabulary,Norfolk Constabulary,0.225593,52.729125,On or near CHURCH ROAD,E01026719,King's Lynn and West Norfolk 013C,Investigation complete; no suspect identified
e083cb27092908bdf5a68ad750b683594518fd8d90db357813261cb0e8685f38,2016-12,Norfolk Constabulary,Norfolk Constabulary,1.309837,52.668258,On or near DUNWOOD DRIVE,E01026541,Broadland 009B,Investigation complete; no suspect identified
a09689f05c3f3109cf091464431781cea12b232e6401ebf6d28bd916ed12d08c,2016-12,Norfolk Constabulary,Norfolk Constabulary,1.289835,52.656450,On or near BLACKTHORN CLOSE,E01026799,Norwich 001C,Investigation complete; no suspect identified
9d9500cfcea7d9638bcfafb1eb17826ba1266fd146be2cf42515c2227ce488cf,2016-12,Norfolk Constabulary,Norfolk Constabulary,0.378283,52.598999,On or near LONDON ROAD,E01033039,King's Lynn and West Norfolk 017H,Investigation complete; no suspect identified
30a8a60b1621c01e7bf9c0664c3600c51337447273ad02f54c84a7f456244f76,2016-12,Norfolk Constabulary,Norfolk Constabulary,1.479325,52.535008,On or near OLD MARKET GREEN,E01026911,South Norfolk 008C,Investigation complete; no suspect identified
25652f1446ffc2c65b5f450813d84205be72b20e39d8d9d5a648423f5012b4b8,2016-12,Norfolk Constabulary,Norfolk Constabulary,1.297158,52.629958,On or near BANK PLAIN,E01026822,Norwich 007A,Investigation complete; no suspect identified
7c566b49cc891b6462547b489a1a96443f88d8ce9360d386262c19f33aadb7a5,2016-12,Norfolk Constabulary,Norfolk Constabulary,1.150673,52.712009,On or near STATION ROAD,E01026525,Broadland 002D,Investigation complete; no suspect identified
aac56355a4b7fdf98571523671d0bafe564fb092c0488905790914c25af04303,2016-12,Norfolk Constabulary,Norfolk Constabulary,1.211925,52.688114,On or near ROOK DRIVE,E01026519,Broadland 007B,Investigation complete; no suspect identified
a0806227884988ee99315581e270fc7b49688e36a1eecce74cca398857514c72,2016-12,Norfolk Constabulary,Norfolk Constabulary,1.307340,52.616804,On or near CHURSTON CLOSE,E01026817,Norwich 013B,Investigation complete; no suspect identified
d2d4e91a5d7f5b5ca1ffc5eafbaa961d491633bb736c1ec6451f01c457594e09,2016-12,Norfolk Constabulary,Norfolk Constabulary,1.260442,52.627359,On or near HARBORD ROAD,E01026862,Norwich 010E,Investigation complete; no suspect identified
aebefcd2b30f602bd9c028f84f4fea9631e5bfaff8049158bd2e8a3b2bf161e9,2016-12,Norfolk Constabulary,Norfolk Constabulary,1.717452,52.608947,On or near STONE ROAD,E01026635,Great Yarmouth 007D,Investigation complete; no suspect identified
de31f14a0d26503da53b2035386549b78aeab9353c37d0abf18523870eb5e2c6,2016-12,Norfolk Constabulary,Norfolk Constabulary,1.247891,52.630519,On or near CHARGE ROAD,E01026868,Norwich 006F,Investigation complete; no suspect identified
c2f62be1ba6297c86432130a7f5fab4a2cdcfbe5d95a042ba84b73ebcc4cb8a4,2016-12,Norfolk Constabulary,Norfolk Constabulary,0.191085,52.670641,On or near SLEIGHTS DRIVE,E01026685,King's Lynn and West Norfolk 013B,Investigation complete; no suspect identified
cc8f326a3839cd78a4e160ee957929c3fb5640cc3ff6caa9c1c323a25c69dc79,2016-12,Norfolk Constabulary,Norfolk Constabulary,0.418191,52.718852,On or near CORONATION AVENUE,E01026724,King's Lynn and West Norfolk 014E,Investigation complete; no suspect identified
c1e22b8346c4e131491f1b54a8c20d1665c9fb8fa9c5fcfd34ca033d567c2727,2016-12,Norfolk Constabulary,Norfolk Constabulary,0.406639,52.761824,On or near LOSINGA ROAD,E01026687,King's Lynn and West Norfolk 007A,Investigation complete; no suspect identified
c8d0d80cb8f0810834ce07f14c3468e180b12a795f82215302b1700d69555c30,2016-12,Norfolk Constabulary,Norfolk Constabulary,1.033410,52.621506,On or near BANHAM HILL,E01026947,South Norfolk 004C,Investigation complete; no suspect identified
60b3d6ebb752f31b08160626fb3466cf0cebede8c4ea510fd7a288a40e8300f1,2016-12,Norfolk Constabulary,Norfolk Constabulary,0.683235,52.647504,On or near KING STREET,E01026455,Breckland 007A,Investigation complete; no suspect identified
df4985f3987d8163eeaf7fd9fecc500c9707e8ae8d47d6a2f7c5e0c93d199686,2016-12,Norfolk Constabulary,Norfolk Constabulary,1.711221,52.572165,On or near HERTFORD WAY,E01026620,Great Yarmouth 011D,Investigation complete; no suspect identified
a2ec4859e7129960166327a3b0ccaaadb6e38ca12d387f1e586413390675683f,2016-12,Norfolk Constabulary,Norfolk Constabulary,1.417255,52.678662,On or near WARD ROAD,E01026579,Broadland 008D,Investigation complete; no suspect identified
b0be73bba19b31c023aaef0cd91472b0f1a5c04273a72fe6f8dd54d856fd6d92,2016-12,Norfolk Constabulary,Norfolk Constabulary,1.243274,52.623253,On or near Parking Area,E01026860,Norwich 010C,Investigation complete; no suspect identified
19f22d81558336469b44f2bfa9a074a064e39a6281c4eea9ff611eee42825990,2016-12,Norfolk Constabulary,Norfolk Constabulary,1.620381,52.538805,On or near REEDS LANE,E01026943,South Norfolk 010C,Investigation complete; no suspect identified
4b55159bbd276093a0cfdbcca5de7c5839b369053819b7417b49ed3dfb8b5e79,2016-12,Norfolk Constabulary,Norfolk Constabulary,1.295656,52.622364,On or near Parking Area,E01026822,Norwich 007A,Investigation complete; no suspect identified
3d5476af4cd044c9894e19b1098d9a05cae27a0bc2facef1b6f46b16552ecc80,2016-12,Norfolk Constabulary,Norfolk Constabulary,1.295525,52.607051,On or near HARWOOD ROAD,E01026818,Norwich 013C,Investigation complete; no suspect identified
530fcffee350bf3986688eaf9dfefa5d5ad6c031ddbd05ec0c71a292bde31055,2016-12,Norfolk Constabulary,Norfolk Constabulary,1.295656,52.622364,On or near Parking Area,E01026822,Norwich 007A,Investigation complete; no suspect identified
6d5fec039404bd40ee2bb8a6570823806622e534587397d9aa10201cda6d6d47,2016-12,Norfolk Constabulary,Norfolk Constabulary,0.664016,52.779682,On or near RUDHAM ROAD,E01026718,King's Lynn and West Norfolk 004D,Investigation complete; no suspect identified
cbb977fa66b79f4fcb6777dd4ae2beb18906bd4bc9c303538ef195a35aeff777,2016-12,Norfolk Constabulary,Norfolk Constabulary,1.733728,52.609919,On or near EUSTON ROAD,E01026598,Great Yarmouth 005D,Investigation complete; no suspect identified
223223e6a664ef1c1fb26da1904273adc667e1960fa70692bf5281d68cf4c1f5,2016-12,Norfolk Constabulary,Norfolk Constabulary,1.273605,52.631052,On or near SANDRINGHAM ROAD,E01026840,Norwich 009F,Investigation complete; no suspect identified
77bc1ccb7cdd4d080b48dc4c64ecb03e8f0ac4e0748b6f6608b7432072b47979,2016-12,Norfolk Constabulary,Norfolk Constabulary,1.297058,52.636283,On or near Shopping Area,E01026823,Norwich 007B,Investigation complete; no suspect identified
8cf15f7e0dd3bd1c95883ab13558977d16b8a53fadd3e7a29a0216cc42b6b966,2016-12,Norfolk Constabulary,Norfolk Constabulary,1.295876,52.627061,On or near Parking Area,E01026822,Norwich 007A,Investigation complete; no suspect identified
95d5cc28d185a97ff26279eb4e65c89227b894e3767a169b28b4c42dc6956fc7,2016-12,Norfolk Constabulary,Norfolk Constabulary,1.052715,52.579785,On or near HACKFORD ROAD,E01026948,South Norfolk 004D,Investigation complete; no suspect identified
accb21b2eb85c3f739635f01eef77cd6936325aa33059b6e56dac413a3c202a4,2016-12,Norfolk Constabulary,Norfolk Constabulary,1.297058,52.636283,On or near Shopping Area,E01026823,Norwich 007B,Investigation complete; no suspect identified
a21eafd94f22d558fd2f833ad40a615ba3aca3e03829224c97a2c16a325767cf,2016-12,Norfolk Constabulary,Norfolk Constabulary,1.292730,52.628858,On or near GAOL HILL,E01026822,Norwich 007A,Investigation complete; no suspect identified
32843ee67db52f67e8c1154b216044fee2417bf256ac542019893e32202f46da,2016-12,Norfolk Constabulary,Norfolk Constabulary,0.506714,52.589138,On or near THE GREEN,E01026728,King's Lynn and West Norfolk 018C,Investigation complete; no suspect identified
f3ec811b0aee6e995df9e8f338c0e4281c414524924045ec06cec0426334e509,2016-12,Norfolk Constabulary,Norfolk Constabulary,1.060764,52.855698,On or near HOLT ROAD,E01026730,North Norfolk 008B,Investigation complete; no suspect identified
1a83f6b6bba983e1a9759ab22a261005c99e4f5dbb0fb40580d133c8c14989ee,2016-12,Norfolk Constabulary,Norfolk Constabulary,1.320027,52.611844,On or near OLD HALL CLOSE,E01026937,South Norfolk 006G,Investigation complete; no suspect identified
dee87e7f63db2ba5707759b4d1f9589aa89470fef6aec1586f90d7640c0a0959,2016-12,Norfolk Constabulary,Norfolk Constabulary,1.345953,52.563761,On or near BELLAMY WAY,E01026928,South Norfolk 006E,Investigation complete; no suspect identified
a348d66c04ddf451e2d4051c5d2f5fa051f82b83d20ab02316997aec65e2356d,2016-12,Norfolk Constabulary,Norfolk Constabulary,0.689997,52.651694,On or near NORTHWELL PLACE,E01026459,Breckland 007E,Investigation complete; no suspect identified
1b647526e74310429795d88d945492a363b4efd5f4dd91bee79e54f5b69cfe3e,2016-12,Norfolk Constabulary,Norfolk Constabulary,1.277107,52.635776,On or near ADELAIDE STREET,E01026825,Norwich 007D,Investigation complete; no suspect identified
b6d2ce0abadeeb6d270b8e2a31c6db611f1f306b278c551dc5f41cced6d0d9a1,2016-12,Norfolk Constabulary,Norfolk Constabulary,0.689997,52.651694,On or near NORTHWELL PLACE,E01026459,Breckland 007E,Investigation complete; no suspect identified
e33cfc29a58e30ed0e194410d25b9ae8fab4d0efa1303326833be0ff12e01f32,2016-12,Norfolk Constabulary,Norfolk Constabulary,1.290802,52.621878,On or near REGINA ROAD,E01026853,Norwich 011B,Investigation complete; no suspect identified
bab9a2d72d00c37479ba28b85d035627d5a458f3193177f2256b37c412870c08,2016-12,Norfolk Constabulary,Norfolk Constabulary,0.396621,52.756192,On or near CHAPEL STREET,E01026698,King's Lynn and West Norfolk 011A,Investigation complete; no suspect identified
9c46567825345b745172f772bab539774819e5505d8af6afc92dc44711101bd7,2016-12,Norfolk Constabulary,Norfolk Constabulary,0.771412,52.650563,On or near FARM WALK,E01026446,Breckland 004A,Investigation complete; no suspect identified
83b1276297fce02dac0821dc6eb73038f8995271c6437c20c8ee488a7db4c42a,2016-12,Norfolk Constabulary,Norfolk Constabulary,1.398622,52.819816,On or near SADLERS WAY,E01026753,North Norfolk 010A,Investigation complete; no suspect identified
4d8be6a5cc1520bc9069ac4150c94b951fc59a0e9b3dc939e474fef73d8f8513,2016-12,Norfolk Constabulary,Norfolk Constabulary,1.323764,52.706901,On or near FREYDEN WAY,E01026515,Broadland 003B,Investigation complete; no suspect identified
b7d5c8e79d5bdfbc014ccfee0d5007236a51525f4875b39a01dafae21edece7e,2016-12,Norfolk Constabulary,Norfolk Constabulary,0.202440,52.639670,On or near HAWTHORN ROAD,E01026660,King's Lynn and West Norfolk 016B,Investigation complete; no suspect identified
ea2ed5874d6bab0c5fc01ddbd809b2e3f20081a96ee29001a3353cb44c6bd934,2016-12,Norfolk Constabulary,Norfolk Constabulary,1.290420,52.629983,On or near Parking Area,E01026823,Norwich 007B,Investigation complete; no suspect identified
f507601710b8459707d2b3d9946909615f7ddb6a95787c44ca82d0b4d9e8f7c1,2016-12,Norfolk Constabulary,Norfolk Constabulary,1.732512,52.594594,On or near BARKIS ROAD,E01026622,Great Yarmouth 006A,Investigation complete; no suspect identified
1ca01851e82dfd4bfd42a5835db585ab299c562bfd85ea459115fcaf6ec12907,2016-12,Norfolk Constabulary,Norfolk Constabulary,0.768831,52.416375,On or near CAMPION ROAD,E01026471,Breckland 016D,Investigation complete; no suspect identified
656942eaf95e11e902b3a68b49da0349d8992c03841d9735475fb576139eb6df,2016-12,Norfolk Constabulary,Norfolk Constabulary,1.292432,52.931182,On or near CENTRAL ROAD,E01026736,North Norfolk 003C,Investigation complete; no suspect identified
a0b16733c816b54aa263a23021d569185d98487bb98761274688ee43d9bee6e1,2016-12,Norfolk Constabulary,Norfolk Constabulary,1.185309,52.653489,On or near WILLIAM FROST WAY,E01033538,South Norfolk 001G,Investigation complete; no suspect identified
722745cc6274ab9fa96f8bfcb5d77957aa9d08d64888f15a1cd895460fb03b3c,2016-12,Norfolk Constabulary,Norfolk Constabulary,1.700570,52.583814,On or near KINGFISHER CLOSE,E01026583,Great Yarmouth 008C,Investigation complete; no suspect identified
a0040a5265a57c0dd719447e7b02a9fb2bfdb21d21d02530d66e728ada7efd39,2016-12,Norfolk Constabulary,Norfolk Constabulary,1.720746,52.566451,On or near STANLEY AVENUE,E01026617,Great Yarmouth 011A,Investigation complete; no suspect identified
f84f805821e211f9359d61c2640366e841de14ed2c5b24ae211b9119f0f91834,2016-12,Norfolk Constabulary,Norfolk Constabulary,1.289771,52.625864,On or near Shopping Area,E01026822,Norwich 007A,Suspect charged
699f14882c40932d7f538b0dbed1a6afb9a1def534bee96d9f664b1636c7876e,2016-12,Norfolk Constabulary,Norfolk Constabulary,1.293950,52.629354,On or near Shopping Area,E01026823,Norwich 007B,Suspect charged
699f14882c40932d7f538b0dbed1a6afb9a1def534bee96d9f664b1636c7876e,2016-12,Norfolk Constabulary,Norfolk Constabulary,1.293950,52.629354,On or near Shopping Area,E01026823,Norwich 007B,Suspect charged
09519b919d090f81614e0cb3f15564f1526410d0d4c071b29051b2d4ce941c5a,2016-12,Norfolk Constabulary,Norfolk Constabulary,1.185309,52.653489,On or near WILLIAM FROST WAY,E01033538,South Norfolk 001G,Suspect charged
6f63d29fdbafc2a8da96ad554b49b1344d919137d4f2a33e441bcfa374cce3f3,2016-12,Norfolk Constabulary,Norfolk Constabulary,1.361112,52.727747,On or near CHURCH STREET,E01026516,Broadland 003C,Offender given a caution
9b426d547293299987945ecbaf162128a1717bf56e28044bc4b429f51e9b9a78,2016-12,Norfolk Constabulary,Norfolk Constabulary,1.736086,52.607937,On or near Nightclub,E01026623,Great Yarmouth 006B,Suspect charged
d2b7eca0f132b29f525f559068adc2b2c712abbbaa39d5d122696ad3824506d2,2016-12,Norfolk Constabulary,Norfolk Constabulary,1.508230,52.522560,On or near PRESTON LANE,E01026899,South Norfolk 010B,Suspect charged
1a35db01eab1f4325eb33e2aa1f65ac643a258bbd3ce38640256452c638310a0,2016-12,Norfolk Constabulary,Norfolk Constabulary,1.252525,52.648136,On or near BRAEFORD CLOSE,E01026864,Norwich 006B,Formal action is not in the public interest
9fb628ba6fcdc3e0dacd3aea41774d6c85f0e19b9303b03f4dc3f854f43fede0,2016-12,Norfolk Constabulary,Norfolk Constabulary,1.216195,52.644929,On or near GRAYS FAIR,E01026917,South Norfolk 001B,Investigation complete; no suspect identified
549d52732edade67371881baf269ae4bd0fed94236fec137a68bad6bc0f0f5c5,2016-12,Norfolk Constabulary,Norfolk Constabulary,1.537588,52.710439,On or near LATCHMOOR PARK,E01026783,North Norfolk 014C,Investigation complete; no suspect identified
f868e5cf693aa3a4c1ff66447ca685ff3d91e14149dae5fcf2dcf788f9ee8798,2016-12,Norfolk Constabulary,Norfolk Constabulary,0.788437,52.607683,On or near LEWIS CLOSE,E01026495,Breckland 008D,Investigation complete; no suspect identified
e2007faac213374083acbfc411d14e20627ea7da39dc79698b3f25998d93a3e4,2016-12,Norfolk Constabulary,Norfolk Constabulary,1.274282,52.624081,On or near PORTLAND STREET,E01026839,Norwich 009E,Investigation complete; no suspect identified
a3da881a0c48fcc6e36dce0e8eb204f5015278451966cf3edfc5fc8dd4329fe3,2016-12,Norfolk Constabulary,Norfolk Constabulary,1.292206,52.625221,On or near ST STEPHENS STREET,E01026822,Norwich 007A,Investigation complete; no suspect identified
12af82db5481ae8c2c79a0d4764dacb0a86c5f977915c8eb1d57bff57749a661,2016-12,Norfolk Constabulary,Norfolk Constabulary,1.285681,52.630259,On or near COPEMAN STREET,E01026822,Norwich 007A,Investigation complete; no suspect identified
f27cdf5bf4812745a6ae3f2bc1c3ccf640c7086f6db21b022ac484b136b9b983,2016-12,Norfolk Constabulary,Norfolk Constabulary,1.714676,52.574261,On or near Supermarket,E01026604,Great Yarmouth 009D,Investigation complete; no suspect identified
325cfe724a9642a2a11f7d74776db47aebac967f43630e61d29317863b2908a0,2016-12,Norfolk Constabulary,Norfolk Constabulary,0.750780,52.427867,On or near ANNA SEWELL CLOSE,E01026466,Breckland 015B,Investigation complete; no suspect identified
fc761c8496bfb57a17d9c42e4902c6331197ad500ad2c32c6c906fe5325cf48e,2016-12,Norfolk Constabulary,Norfolk Constabulary,1.289771,52.625864,On or near Shopping Area,E01026822,Norwich 007A,Investigation complete; no suspect identified
91ee123c4f052b30e07cba6f39a942c1333a15d4766d1735e31d34faa445cb4b,2016-12,Norfolk Constabulary,Norfolk Constabulary,1.296348,52.638641,On or near WALL LANE,E01026826,Norwich 007E,Investigation complete; no suspect identified
d1a8cac41e4b351394fb2e2e9a712531b0fae128fe59220b13f1bea9c78c012f,2016-12,Norfolk Constabulary,Norfolk Constabulary,,,No location,,,Investigation complete; no suspect identified
7386fea136a1ed840dc214c5b5ced77c9f0cdc4d9e74fc81c4c8beb85586f993,2016-12,Norfolk Constabulary,Norfolk Constabulary,1.219540,52.637733,On or near SWAFIELD STREET,E01026792,Norwich 005B,Investigation complete; no suspect identified
2224df3033764a824564d8a6fe5e6144a9d9efdeaa0a174940b9b5698631c543,2016-12,Norfolk Constabulary,Norfolk Constabulary,1.309230,52.650054,On or near WINDMILL ROAD,E01026802,Norwich 001F,Investigation complete; no suspect identified
11d34715488a4adae27e6c86518873034db04488cd9348f4f7d2f5333e31bae6,2016-12,Norfolk Constabulary,Norfolk Constabulary,1.298897,52.628317,On or near CROWN ROAD,E01033438,Norwich 014A,Investigation complete; no suspect identified
ee1482a270b05730b1eff0b8ac35cfe24bdfc0d5143f9681605c8dcaf9a5def5,2016-12,Norfolk Constabulary,Norfolk Constabulary,1.700374,52.572028,On or near BUTTERCUP DRIVE,E01026586,Great Yarmouth 013B,Investigation complete; no suspect identified
54255fac3c65081ae8dd6b2d058d0c380afc7059e13be8cc7bf27696173e4166,2016-12,Norfolk Constabulary,Norfolk Constabulary,0.388522,52.531228,On or near LYNN ROAD,E01026652,King's Lynn and West Norfolk 019E,Investigation complete; no suspect identified
56c0620d905c96438d7f09d36779eba8a0737ca2eba4f1217c3d0e22037d83f8,2016-12,Norfolk Constabulary,Norfolk Constabulary,0.931616,52.686948,On or near GIRLING ROAD,E01026428,Breckland 003A,Investigation complete; no suspect identified
04b1140a3483c7876e30296d0cc6f7e88521aae29dff21ddddb3b52a3dc5cee1,2016-12,Norfolk Constabulary,Norfolk Constabulary,1.218328,52.646400,On or near ROWAN COURT,E01026917,South Norfolk 001B,Suspect charged
173d594ddc483e088c885f5f75d709cd0235c63f204804fa9fdca807230dbc0b,2016-12,Norfolk Constabulary,Norfolk Constabulary,0.945212,52.675891,On or near Petrol Station,E01026426,Breckland 005B,Formal action is not in the public interest
6c44070c1856ef8080597d19751411125ccadd5a721f93770f3a988490426281,2016-12,Norfolk Constabulary,Norfolk Constabulary,0.492397,52.748228,On or near Park/Open Space,E01026665,King's Lynn and West Norfolk 012A,Formal action is not in the public interest
6c44070c1856ef8080597d19751411125ccadd5a721f93770f3a988490426281,2016-12,Norfolk Constabulary,Norfolk Constabulary,0.492397,52.748228,On or near Park/Open Space,E01026665,King's Lynn and West Norfolk 012A,Suspect charged
6c44070c1856ef8080597d19751411125ccadd5a721f93770f3a988490426281,2016-12,Norfolk Constabulary,Norfolk Constabulary,0.492397,52.748228,On or near Park/Open Space,E01026665,King's Lynn and West Norfolk 012A,Offender given a caution
9a3d2824ea1f8368b1b6bb71a2ceff9521614c0b23f4fcc023a72c75b89d6c60,2016-12,Norfolk Constabulary,Norfolk Constabulary,1.305389,52.623073,On or near WHERRY ROAD,E01033441,Norwich 014D,Suspect charged
f60c70125a731b4e447f5d6df77cc57b5cee306c78704793bd32dbe93daf5f70,2016-12,Norfolk Constabulary,Norfolk Constabulary,1.292417,52.627050,On or near WILLIAM BOOTH STREET,E01026822,Norwich 007A,Local resolution
b4cd895846a267e8e2a2f695d258d327fe7429cac30fcab7f09d881378bbf3a4,2016-12,Norfolk Constabulary,Norfolk Constabulary,1.732509,52.610524,On or near JURY STREET,E01026597,Great Yarmouth 005C,Suspect charged
6703d305735b797b15a3e7204731d717b89000d6e93aab827aa2ffa8e0326067,2016-12,Norfolk Constabulary,Norfolk Constabulary,1.727501,52.607408,On or near Shopping Area,E01026597,Great Yarmouth 005C,Suspect charged
cf712d22fe362ae837fd57547d81605b0a7ba2ed856a3f5fdeca8135a68303af,2016-12,Norfolk Constabulary,Norfolk Constabulary,1.183178,52.664851,On or near SISKIN CLOSE,E01033538,South Norfolk 001G,Unable to prosecute suspect
f90fcbfc3b4e64a570bdf9bd2f7c4078e6cc4ad5cb282a9945379e457c821049,2016-12,Norfolk Constabulary,Norfolk Constabulary,1.137281,52.579399,On or near B1135,E01026933,South Norfolk 007C,Offender given a caution
5359e4ac30355265058cf13cb12cea3c68112fb644fe6c2962d7408e7a5bdabf,2016-12,Norfolk Constabulary,Norfolk Constabulary,1.314087,52.641554,On or near Parking Area,E01026802,Norwich 001F,Suspect charged
5a7b6498ff74bb7376ac43981f89d46b043934c0425c344cc550f9d508f03777,2016-12,Norfolk Constabulary,Norfolk Constabulary,1.135556,52.576126,On or near PENFOLD DRIVE,E01026945,South Norfolk 007D,Suspect charged
50e3121b6282058b9452dbeacbb4957e03479f6f45e9a019d0b31043a9d84514,2016-12,Norfolk Constabulary,Norfolk Constabulary,1.455773,52.578187,On or near MILL LANE,E01026880,South Norfolk 008B,Suspect charged
a15b0bc39eb6b46d1cadde99cec99a1207d7cdf9ecd7aa5af137c8675ffe9dad,2016-12,Norfolk Constabulary,Norfolk Constabulary,1.727989,52.602202,On or near CLARENDON CLOSE,E01026625,Great Yarmouth 006D,Unable to prosecute suspect
87366f35e7b2781332c31cc35298058ac71d6032b6ca0139457298209aa40f90,2016-12,Norfolk Constabulary,Norfolk Constabulary,1.017159,52.516486,On or near CONNAUGHT ROAD,E01026449,Breckland 011D,Offender given a caution
7e7d8567b428a95b5ded6bd8f08aae60f91fb1f51d18321c35ff30e2f3aa18a8,2016-12,Norfolk Constabulary,Norfolk Constabulary,0.397189,52.754130,On or near Shopping Area,E01026699,King's Lynn and West Norfolk 011B,Suspect charged
77befefcd2913fb8a9e5522e5952d73ea82db4e85ea3d1742f2d916575017ab2,2016-12,Norfolk Constabulary,Norfolk Constabulary,1.727501,52.607408,On or near Shopping Area,E01026597,Great Yarmouth 005C,Suspect charged
d25cab342c74bc1cb07afe626e2176bca9c86453446859d99b3aad169ec59411,2016-12,Norfolk Constabulary,Norfolk Constabulary,1.729996,52.607905,On or near Parking Area,E01026597,Great Yarmouth 005C,Offender given a caution
46a34720a5ceac324d875da63f31057d32a28ba59adb299b2fe3c50eb176d61b,2016-12,Norfolk Constabulary,Norfolk Constabulary,0.765234,52.418824,On or near COLTSFOOT WAY,E01026470,Breckland 016C,Offender given a caution
a52d43ba30bc175a9c5778240e945f0f3a2d6403bdf9469e0bbe35f238c96ba6,2016-12,Norfolk Constabulary,Norfolk Constabulary,1.721500,52.599366,On or near GORDON ROAD,E01026633,Great Yarmouth 007B,Unable to prosecute suspect
6b8ac3277016ff9f1445b2cad48a0a1b1fe523aabfe458219ca7ca218c2a7653,2016-12,Norfolk Constabulary,Norfolk Constabulary,1.735909,52.604471,On or near Nightclub,E01026626,Great Yarmouth 006E,Suspect charged
7980091afa7b62904e95824c705fbdb2320c829c5d48c94d4c5df8f401926ff7,2016-12,Norfolk Constabulary,Norfolk Constabulary,1.137657,52.583013,On or near DAISY STREET,E01026933,South Norfolk 007C,Unable to prosecute suspect
dd43192df9d2bcc7520f8d816caa2b7f6c789615398b3a7061d24cfea604d583,2016-12,Norfolk Constabulary,Norfolk Constabulary,0.649108,52.511364,On or near IMPSON WAY,E01026424,Breckland 012A,Formal action is not in the public interest
32227dd014353c95997034c741c62b07f33a3ed7408e76bfccac2b2440ada0e0,2016-12,Norfolk Constabulary,Norfolk Constabulary,1.488548,52.620900,On or near CLARKSON ROAD,E01026513,Broadland 014F,Unable to prosecute suspect
b3ce08dd2f8946fcd00660e0a31864e5b6532cad535d044e29a3e476769483b1,2016-12,Norfolk Constabulary,Norfolk Constabulary,1.488548,52.620900,On or near CLARKSON ROAD,E01026513,Broadland 014F,Unable to prosecute suspect
bf2d6f03ae9af490e3093ea16c3c0b15069e6d1bd7ae47c9162582695595a498,2016-12,Norfolk Constabulary,Norfolk Constabulary,1.196187,52.614695,On or near BRAYMEADOW,E01026883,South Norfolk 002C,Unable to prosecute suspect
6fca2a6994c52ff1bb9025fe8fb48439221351ff06437ef90923b17a3189417c,2016-12,Norfolk Constabulary,Norfolk Constabulary,1.211925,52.688114,On or near ROOK DRIVE,E01026519,Broadland 007B,Offender given a caution
87590ac733c50b69fd920bc5e037d73ce4bc5047fb3fd46db19332f1570efd9f,2016-12,Norfolk Constabulary,Norfolk Constabulary,1.732854,52.601734,On or near NELSON ROAD CENTRAL,E01026624,Great Yarmouth 006C,Unable to prosecute suspect
22504fe41cf18a78ea6696ed1227153cba83eee3549c6a6eb47ef3be7018a526,2016-12,Norfolk Constabulary,Norfolk Constabulary,0.397961,52.753890,On or near Shopping Area,E01026698,King's Lynn and West Norfolk 011A,Suspect charged
0914ae0bf3daf4be96fc64b838769c5c9844f43a1754f9cda52d92325af4c02b,2016-12,Norfolk Constabulary,Norfolk Constabulary,0.431589,52.753124,On or near HIGHFIELD,E01026663,King's Lynn and West Norfolk 010B,Offender given a caution
d979a1d9cc3000763385e5dec8c443ec358cf717b01d8d0316f19d686965be86,2016-12,Norfolk Constabulary,Norfolk Constabulary,0.397961,52.753890,On or near Shopping Area,E01026698,King's Lynn and West Norfolk 011A,Suspect charged
8b678646a0385fdf80f3d83a594b28c7e210877cfaa616da1232ee3d94ca6ef3,2016-12,Norfolk Constabulary,Norfolk Constabulary,0.224595,52.605268,On or near ELDERBERRY PLACE,E01026715,King's Lynn and West Norfolk 016D,Offender given a caution
ae24bac141e235aa188d39d0aa583b0cdd6da894141d01347b0a847312ea8850,2016-12,Norfolk Constabulary,Norfolk Constabulary,1.293950,52.629354,On or near Shopping Area,E01026823,Norwich 007B,Suspect charged
7e2501d4cb181ddc8f14123b61b9cc83cfbfb084b5970072ce141a486ef5472f,2016-12,Norfolk Constabulary,Norfolk Constabulary,1.719282,52.603529,On or near STATION ROAD,E01026634,Great Yarmouth 007C,Suspect charged
0c46b84b1ab7752c14664c4acb11129389186994b11a97b44c8f040e85ed1692,2016-12,Norfolk Constabulary,Norfolk Constabulary,1.259206,52.669555,On or near SHERWELL ROAD,E01026526,Broadland 010A,Unable to prosecute suspect
c0eb629f2a0aa8352093a82261299692b480832c431d6a7c1488657622b29741,2016-12,Norfolk Constabulary,Norfolk Constabulary,0.396193,52.754339,On or near Shopping Area,E01026699,King's Lynn and West Norfolk 011B,Suspect charged
000a5cca2b6e2462606da530bc818a01cc14c30f73971712577eac5c2ff1f0ff,2016-12,Norfolk Constabulary,Norfolk Constabulary,,,No location,,,Suspect charged
f7009a07fafbecc2078f39b98b7965d5b1d7c14cf3805dbdd5e29e8a1afedaac,2016-12,Norfolk Constabulary,Norfolk Constabulary,1.733309,52.604301,On or near ST GEORGE'S ROAD,E01026624,Great Yarmouth 006C,Unable to prosecute suspect
94d4aadfa55ada786094c53d532201754fdc2c04c5cd7a927838acdd1d1a496d,2016-12,Norfolk Constabulary,Norfolk Constabulary,1.207688,52.943475,On or near THE BOULEVARD,E01026770,North Norfolk 001A,Suspect charged
0f7f566e9299088546aae08b414afcb7e34bf411cc9977a082f5d332c3d1d9ae,2016-12,Norfolk Constabulary,Norfolk Constabulary,1.280878,52.610327,On or near Petrol Station,E01026820,Norwich 013E,Unable to prosecute suspect
da54517e118b4032b897173ee4cfece369f32f2404427e648c5d5392bf8a2847,2016-12,Norfolk Constabulary,Norfolk Constabulary,1.280878,52.610327,On or near Petrol Station,E01026820,Norwich 013E,Unable to prosecute suspect
cd934afd672b2de7eafaaa323db224ba9d6ad4e355c162347d1cb216ec29e651,2016-12,Norfolk Constabulary,Norfolk Constabulary,1.727769,52.603432,On or near DORSET CLOSE,E01026625,Great Yarmouth 006D,Suspect charged
ae704df95a9e7139f2c2832268fa6fbbb30c7e3d4deecc125d9f2984f0256580,2016-12,Norfolk Constabulary,Norfolk Constabulary,1.208887,52.572793,On or near MEADOW WAY,E01026914,South Norfolk 009B,Offender given a drugs possession warning
d3f78df23956890b2005aada1561a3e988b1b3c488327bee81a7f7e1b6ba0846,2016-12,Norfolk Constabulary,Norfolk Constabulary,0.757519,52.414463,On or near NORFOLK ROAD,E01026468,Breckland 016A,Local resolution
e16de0ffcdc40611ffe7d0d065c0e649a0dd1830a2afd4e430ca4d00bf779507,2016-12,Norfolk Constabulary,Norfolk Constabulary,0.769339,52.421435,On or near PETER DRIVE,E01026470,Breckland 016C,Suspect charged
bd52a93724bf9af53392ed04cea3b74581803f16e7a9669acae0526b71a1e5d1,2016-12,Norfolk Constabulary,Norfolk Constabulary,1.441618,52.621168,On or near Petrol Station,E01026510,Broadland 017C,Formal action is not in the public interest
f87082e0f96c3e2e7f50ac234cdb457e910bf09e4adadd66e38217ae4fd98b7f,2016-12,Norfolk Constabulary,Norfolk Constabulary,1.441618,52.621168,On or near Petrol Station,E01026510,Broadland 017C,Formal action is not in the public interest
eda6a0ad2e336c7036106320ce718fb8bcaf43c120935cd79d83c72431484376,2016-12,Norfolk Constabulary,Norfolk Constabulary,1.441618,52.621168,On or near Petrol Station,E01026510,Broadland 017C,Formal action is not in the public interest
d143d46ff06f8172a77032b334043028ffbdca3a13687ef1b2bc491e3532f16d,2016-12,Norfolk Constabulary,Norfolk Constabulary,1.283264,52.630353,On or near PARAGON PLACE,E01026824,Norwich 007C,Suspect charged
4fd0a569ace8d272fd2bfcb10dc15ed0d420386b33aa5a574cbad33b68a5353f,2016-12,Norfolk Constabulary,Norfolk Constabulary,1.303960,52.401641,On or near BRIAR ROAD,E01026902,South Norfolk 013D,Unable to prosecute suspect
ae3215e480581edd30219eab45fae97b8a3492e84c1149fc5b8c5218f2f100bd,2016-12,Norfolk Constabulary,Norfolk Constabulary,1.280664,52.630560,On or near EARLHAM ROAD,E01026824,Norwich 007C,Suspect charged
bbeea18d9dbebbb5e554b4a7b6546298e14a8c1a053f41311e4df61ddec195db,2016-12,Norfolk Constabulary,Norfolk Constabulary,1.293650,52.642278,On or near TRAVERSE STREET,E01026846,Norwich 003F,Unable to prosecute suspect
4e855074165277197cc089227184e88cf7f8a755e0adcc1c05c9a2bd0aa01413,2016-12,Norfolk Constabulary,Norfolk Constabulary,1.251571,52.632900,On or near IRSTEAD ROAD,E01026865,Norwich 006C,Suspect charged
8710503b595619b646d8c483c7493c20250420e213282a8aa767992b68294b51,2016-12,Norfolk Constabulary,Norfolk Constabulary,1.251571,52.632900,On or near IRSTEAD ROAD,E01026865,Norwich 006C,Suspect charged
82d0f7025a9b9b6a0292416b12ce9dba0b95b200e3bb08c8caf5e97a83bc7f3e,2016-12,Norfolk Constabulary,Norfolk Constabulary,1.294439,52.629377,On or near Shopping Area,E01026823,Norwich 007B,Suspect charged
3303bb8feebb34a184adcb3693066c320442513a01bc30b72215274c502c025f,2016-12,Norfolk Constabulary,Norfolk Constabulary,1.296870,52.642431,On or near MAGDALEN ROAD,E01026846,Norwich 003F,Suspect charged
83562d89e3a970c5b83b0e9b3367896a9260a7dfba162f5e7d727def36106856,2016-12,Norfolk Constabulary,Norfolk Constabulary,0.458430,52.837308,On or near STEER ROAD,E01026718,King's Lynn and West Norfolk 004D,Offender given a drugs possession warning
15f4e6a0365b11fd8f754194dfae90a8c4b5429f2b52590729531df1955127d8,2016-12,Norfolk Constabulary,Norfolk Constabulary,0.400662,52.746138,On or near SOUTHGATE STREET,E01026700,King's Lynn and West Norfolk 011C,Suspect charged
e7e8b3e12590bf39f72f86fd062e75186cfba38e54cea39a41438c6752860301,2016-12,Norfolk Constabulary,Norfolk Constabulary,0.400662,52.746138,On or near SOUTHGATE STREET,E01026700,King's Lynn and West Norfolk 011C,Suspect charged
5ac1a63cdb9439f93fdd8983b8d23cc8d4012f4e46250e39ca4c813c7a768a48,2016-12,Norfolk Constabulary,Norfolk Constabulary,0.400662,52.746138,On or near SOUTHGATE STREET,E01026700,King's Lynn and West Norfolk 011C,Suspect charged
866a88b7b82eff7d297b605cc669cb0e7541bc2d065441861aab5ddf915a3b0a,2016-12,Norfolk Constabulary,Norfolk Constabulary,0.759595,52.424145,On or near BURNS CLOSE,E01026473,Breckland 016F,Offender given a caution
1e715deb217dfc38f9e4aefb015eadf42baf39cf01ae7a6c4baf19d18714940c,2016-12,Norfolk Constabulary,Norfolk Constabulary,0.436768,52.759887,On or near Sports/Recreation Area,E01026714,King's Lynn and West Norfolk 010D,Suspect charged
272b5ad9e466741df08e3825c1c77cc1e2173010c37328d8163fb113c6566ffa,2016-12,Norfolk Constabulary,Norfolk Constabulary,0.724340,52.411339,On or near NEW HAMPSHIRE WAY,E01026474,Breckland 017A,Offender given a caution
2583d09902a0f1603b76eb13d2325d2b9be54a1cd6acaae05d9176e4e6e27697,2016-12,Norfolk Constabulary,Norfolk Constabulary,0.756791,52.424480,On or near THE COVERT,E01026472,Breckland 016E,Offender given a caution
44b1028edbb2c6b1a594e6da4225907a69a6cd8a457ba58278d38d15783aedec,2016-12,Norfolk Constabulary,Norfolk Constabulary,0.415644,52.764644,On or near FRONT WAY,E01026690,King's Lynn and West Norfolk 007D,Suspect charged
342eb5b3ef6d71dbad8fda49b552f4dd4da075506279a4400797347fd4bb5a95,2016-12,Norfolk Constabulary,Norfolk Constabulary,1.426243,52.625635,On or near Petrol Station,E01026509,Broadland 017B,Suspect charged
e42813ca0f2252f5cfa6689485fc4470cebc5823e483fabed3392e51e94f1979,2016-12,Norfolk Constabulary,Norfolk Constabulary,1.732509,52.610524,On or near JURY STREET,E01026597,Great Yarmouth 005C,Suspect charged
65af5ecf70f39960fbef115ef27149f9df3b1eebefb2533781c9af70bd017c45,2016-12,Norfolk Constabulary,Norfolk Constabulary,1.727162,52.637308,On or near Sports/Recreation Area,E01026593,Great Yarmouth 003E,Offender given a caution
6f489c71b13ebc2b65f3ab2b5588a1cc077abea863237e4205ef4e0e521ea519,2016-12,Norfolk Constabulary,Norfolk Constabulary,1.298566,52.629613,On or near Nightclub,E01033438,Norwich 014A,Suspect charged
06d9e41271e440cfb3b4b0adf360b530cd1504a54dfa4699c52272526a1b5524,2016-12,Norfolk Constabulary,Norfolk Constabulary,1.127073,52.369853,On or near POLLARD COURT,E01033539,South Norfolk 015G,Offender given a caution
bbc9b8d32619b5f04cebcd5d6e3e55bf7518744319a696d78352e667da697cb5,2016-12,Norfolk Constabulary,Norfolk Constabulary,1.271625,52.653816,On or near EUSTACE ROAD,E01026832,Norwich 002E,Suspect charged
5c709eaf8385466f02b218e96baa1307dddbc74cddfe0dc818f0f6777cb99fe3,2016-12,Norfolk Constabulary,Norfolk Constabulary,1.734910,52.608694,On or near PRINCE'S ROAD,E01026598,Great Yarmouth 005D,Suspect charged
5f52dc5c776b50dd8f44403adfa5920b1587a3e12fbf5434094bcb0c98359ca5,2016-12,Norfolk Constabulary,Norfolk Constabulary,1.275714,52.652731,On or near RYE AVENUE,E01026832,Norwich 002E,Unable to prosecute suspect
27e09077b6935befe797df4cab14a1399f40fd2d382e4a3b6ed1e861af3c9771,2016-12,Norfolk Constabulary,Norfolk Constabulary,1.729425,52.578600,On or near Supermarket,E01026630,Great Yarmouth 010D,Suspect charged
ef7962a928f9e74ea1c3a6ca147514b0dfbfd7f1f33368a3fbe010cd5fbe720e,2016-12,Norfolk Constabulary,Norfolk Constabulary,1.353293,52.636673,On or near ST CATHERINES ROAD,E01026570,Broadland 015B,Offender given a caution
4b66b885efb70320c72ce609bdfcf78713edff1eefcc2388b756c8b50914f339,2016-12,Norfolk Constabulary,Norfolk Constabulary,1.261595,52.624989,On or near KINGHORN ROAD,E01026859,Norwich 010B,Local resolution
ade12ed5dbb4b9e2eb0db6bf7068d56548d506da46024629b32cd89ba98cb1a6,2016-12,Norfolk Constabulary,Norfolk Constabulary,1.210778,52.776055,On or near Sports/Recreation Area,E01026523,Broadland 002B,Formal action is not in the public interest
8b229a9f5594b29b109928f4836d6cfe13cbba09030b3137dbcb8306207a9684,2016-12,Norfolk Constabulary,Norfolk Constabulary,1.481567,52.533512,On or near OLD MILL LOKE,E01026911,South Norfolk 008C,Formal action is not in the public interest
ec0dcc837c2775adb2118f196d3459326990d07d1da84b28bc538ec4dee3d465,2016-12,Norfolk Constabulary,Norfolk Constabulary,0.832163,52.570179,On or near DALE CLOSE,E01026488,Breckland 009C,Formal action is not in the public interest
e95be016d48c817a96f84a5fef9640f7bfaf0a014997b37b5aa0a344d49627ea,2016-12,Norfolk Constabulary,Norfolk Constabulary,1.099184,52.662484,On or near BERRY'S LANE,E01026481,Breckland 006C,Formal action is not in the public interest
5633bd068cc464bd3d6b25483b3cd61798d58568a14896fd19ddcd138b1b5933,2016-12,Norfolk Constabulary,Norfolk Constabulary,1.496602,52.830674,On or near BACK LANE,E01026740,North Norfolk 012A,Formal action is not in the public interest
ba0c0b7a828a3dd28fdf7eb8353ae9d7c5575b27f94546528b9811b0d80bdf9d,2016-12,Norfolk Constabulary,Norfolk Constabulary,1.114417,52.570092,On or near BRIDEWELL STREET,E01026870,South Norfolk 005A,Offender given penalty notice
c3cec3f60afc5cd897174f50865db6986e7d8493b3905baa29363e97987ea2b0,2016-12,Norfolk Constabulary,Norfolk Constabulary,1.249069,52.630262,On or near GIPSY CLOSE,E01026868,Norwich 006F,Suspect charged
b37773d533d233034673bf5754575d66d803f4a993501d2aab15fc3b13bf39fe,2016-12,Norfolk Constabulary,Norfolk Constabulary,1.298836,52.629857,On or near UPPER KING STREET,E01033438,Norwich 014A,Suspect charged
194aa188d7f57a0c3bfffb6bf67a2c5563ef69b01a6d84e1ad5c6d952aecaef8,2016-12,Norfolk Constabulary,Norfolk Constabulary,1.048731,52.932771,On or near HURDLE LANE,E01026739,North Norfolk 002A,Formal action is not in the public interest
194aa188d7f57a0c3bfffb6bf67a2c5563ef69b01a6d84e1ad5c6d952aecaef8,2016-12,Norfolk Constabulary,Norfolk Constabulary,1.048731,52.932771,On or near HURDLE LANE,E01026739,North Norfolk 002A,Suspect charged
194aa188d7f57a0c3bfffb6bf67a2c5563ef69b01a6d84e1ad5c6d952aecaef8,2016-12,Norfolk Constabulary,Norfolk Constabulary,1.048731,52.932771,On or near HURDLE LANE,E01026739,North Norfolk 002A,Suspect charged
bb2809d51654c1537eb44b4784dc69feb07a46a94c7448b7ac73daa0132899bc,2016-12,Norfolk Constabulary,Norfolk Constabulary,1.729402,52.574858,On or near BACK PIER PLAIN,E01026630,Great Yarmouth 010D,Suspect charged
6284ad2c01a0b0ee01ff041e4eededcc6a7461436e2eadf98a77fc1024d7f913,2016-12,Norfolk Constabulary,Norfolk Constabulary,1.723969,52.585122,On or near Petrol Station,E01026601,Great Yarmouth 009A,Offender given penalty notice
c728cbdd88f563680bb972a4d85d9447ebb219cb8b91ec65e584358727f2b164,2016-12,Norfolk Constabulary,Norfolk Constabulary,1.135556,52.576126,On or near PENFOLD DRIVE,E01026945,South Norfolk 007D,Suspect charged
91ff86dcf488c36423e63118129d56e79386769525a0ec0ed107a7d2fc450d25,2016-12,Norfolk Constabulary,Norfolk Constabulary,1.027007,52.745260,On or near PARADISE LANE,E01026436,Breckland 001A,Offender given a drugs possession warning
7453ee26fbb1c795b41499fb5a02f32de586ddfa8c8a74cfe6812247993a6afb,2016-12,Norfolk Constabulary,Norfolk Constabulary,1.295876,52.627061,On or near Parking Area,E01026822,Norwich 007A,Suspect charged
ce4b1e3d19f474a4fd197cc75b638e7fc119bc9a9ff2d3f77c289767b838da35,2016-12,Norfolk Constabulary,Norfolk Constabulary,1.295858,52.627017,On or near Parking Area,E01026822,Norwich 007A,Suspect charged
5a8ca1a46e0bccd4fa73d32e453b271cfa27af771e8cb6fd79bec5633d5330b7,2016-12,Norfolk Constabulary,Norfolk Constabulary,1.295876,52.627061,On or near Parking Area,E01026822,Norwich 007A,Suspect charged
089fb7e60bc69bd54ed414fa7e17ae37e1d9d411091b4ed66c38da46ff9bf884,2016-12,Norfolk Constabulary,Norfolk Constabulary,1.295876,52.627061,On or near Parking Area,E01026822,Norwich 007A,Suspect charged
ba6147f5ba7830c4ce8219249e3c2546b654492bf56748f01a5fa7c92b81129d,2016-12,Norfolk Constabulary,Norfolk Constabulary,1.135556,52.576126,On or near PENFOLD DRIVE,E01026945,South Norfolk 007D,Suspect charged
abc6939fb6558799322857762cbda4c96901b5eb3b256bf51cc803d4b7050c13,2016-12,Norfolk Constabulary,Norfolk Constabulary,1.732894,52.619030,On or near WALPOLE ROAD,E01026599,Great Yarmouth 004A,Offender given penalty notice
77b0d19932f49d2c3028cb16769136325e8e032f17cc4982abfa00b4947baf0c,2016-12,Norfolk Constabulary,Norfolk Constabulary,1.728495,52.606765,On or near Shopping Area,E01026623,Great Yarmouth 006B,Suspect charged
c8d89889b202f40ee4ff252ca1ae1944dc2de64ccdd942e3cc721150009a97b8,2016-12,Norfolk Constabulary,Norfolk Constabulary,1.728085,52.606112,On or near KING STREET,E01026623,Great Yarmouth 006B,Suspect charged
ae17330628ceab5bc49270dccdcb88d0df45a2b9d8cc49d4d077d0adb1443029,2016-12,Norfolk Constabulary,Norfolk Constabulary,1.440804,52.860609,On or near BEARS ROAD,E01026752,North Norfolk 007D,Unable to prosecute suspect
17ba1810aedab7748b423aea80d18a4e219ba28af6995e18b2a40615798666e6,2016-12,Norfolk Constabulary,Norfolk Constabulary,1.295876,52.627061,On or near Parking Area,E01026822,Norwich 007A,Suspect charged
526d8047f4a10c31f42ddec6c6f3766f7b8a35d5288aa1a2d356f599358b2749,2016-12,Norfolk Constabulary,Norfolk Constabulary,0.395044,52.755549,On or near HIGH STREET,E01026698,King's Lynn and West Norfolk 011A,Suspect charged
6b004dcbdea6b7987f91eaec2170559a3852bdbc4d5ab99973678a78b9ba82bd,2016-12,Norfolk Constabulary,Norfolk Constabulary,1.290782,52.625350,On or near MALTHOUSE ROAD,E01026822,Norwich 007A,Suspect charged
cf04e03adcaac71703be905203bd6d663fe065962834c0fd013e7d4fbfbcc80b,2016-12,Norfolk Constabulary,Norfolk Constabulary,1.290782,52.625350,On or near MALTHOUSE ROAD,E01026822,Norwich 007A,Suspect charged
3f9d6cd70f8bf02e2908e859fb297b1ae572da6882613a3c68af092a9ae818fc,2016-12,Norfolk Constabulary,Norfolk Constabulary,0.396193,52.754339,On or near Shopping Area,E01026699,King's Lynn and West Norfolk 011B,Suspect charged
f15e6b2f483b8a10f2e5817c2957782f7a1db06db7053e5ba676bbcb50369852,2016-12,Norfolk Constabulary,Norfolk Constabulary,1.361022,52.640501,On or near GUNNER CLOSE,E01026576,Broadland 016C,Offender given a caution
69208a7724e96447594d358674c4096c0ca64e47033900e40388c81271db6bf2,2016-12,Norfolk Constabulary,Norfolk Constabulary,1.296103,52.625760,On or near ALL SAINTS STREET,E01026822,Norwich 007A,Formal action is not in the public interest
69208a7724e96447594d358674c4096c0ca64e47033900e40388c81271db6bf2,2016-12,Norfolk Constabulary,Norfolk Constabulary,1.296103,52.625760,On or near ALL SAINTS STREET,E01026822,Norwich 007A,Offender given a caution
2d9cc3009bc327e0b09364ec1afdc7a5880a29487f31263a5df8908669170312,2016-12,Norfolk Constabulary,Norfolk Constabulary,0.528664,52.488247,On or near OAK STREET,E01026649,King's Lynn and West Norfolk 019B,Unable to prosecute suspect
0e44dfbaa6a159623fca4e66ddc4b71be78cda9873e476003992dcc3dc0244ba,2016-12,Norfolk Constabulary,Norfolk Constabulary,1.295167,52.636309,On or near Supermarket,E01026826,Norwich 007E,Offender given a caution
02d148d5dbe36a23cd36704b590aecf86746dd175287f234ba71b91bdb4f393a,2016-12,Norfolk Constabulary,Norfolk Constabulary,1.292432,52.931182,On or near CENTRAL ROAD,E01026736,North Norfolk 003C,Suspect charged
e4d33e075d31d5dfa787d3bbd6f62b9c9ea3dad8d2c8fb0fbd54e37eb290e07a,2016-12,Norfolk Constabulary,Norfolk Constabulary,0.438376,52.746735,On or near BEECHAN DRIVE,E01026664,King's Lynn and West Norfolk 010C,Unable to prosecute suspect
3bc606030fec5f824a30e5ba22eefa72e4d1f3c8905eadec84a2b19be2ab0f11,2016-12,Norfolk Constabulary,Norfolk Constabulary,0.391986,52.674020,On or near SCHOOL ROAD,E01026722,King's Lynn and West Norfolk 015C,Suspect charged
57bfd4840405981488c28305336ce2da50ced3132ccfb38a753d4c561b2a36f4,2016-12,Norfolk Constabulary,Norfolk Constabulary,0.859894,52.569935,On or near HALTON ROAD,E01033041,Breckland 010G,Formal action is not in the public interest
d74983170b2251c43f42544806d242171f89dd09382208d96c4c8616bebb362b,2016-12,Norfolk Constabulary,Norfolk Constabulary,1.317599,52.637562,On or near Prison,E01026806,Norwich 004D,Formal action is not in the public interest
2f97b60ddb566ee7d37ce7dbdda74a0e93b05388a598ba4a507c9a4dc4927660,2016-12,Norfolk Constabulary,Norfolk Constabulary,1.339127,52.642056,On or near BARCLAY GREEN,E01026803,Norwich 004A,Formal action is not in the public interest
824a20a07ec5c2d909ba6e47ff66f19e320a76dfcbbf764f394521db3a21037b,2016-12,Norfolk Constabulary,Norfolk Constabulary,1.161657,52.368167,On or near RANSOME AVENUE,E01026934,South Norfolk 014E,Formal action is not in the public interest
9f00a0ab8179b7670bac6b173cd4ff464594339fe178cc19e7729e823199ae6c,2016-12,Norfolk Constabulary,Norfolk Constabulary,0.737125,52.412626,On or near PRIOR STEPHEN WAY,E01026474,Breckland 017A,Suspect charged
0dec76548346c6b64e2f977719c98123929fdd47ed6f121ee4550b02b0eae0e1,2016-12,Norfolk Constabulary,Norfolk Constabulary,1.234857,52.488247,On or near THE STREET,E01026938,South Norfolk 011D,Unable to prosecute suspect
0dec76548346c6b64e2f977719c98123929fdd47ed6f121ee4550b02b0eae0e1,2016-12,Norfolk Constabulary,Norfolk Constabulary,1.234857,52.488247,On or near THE STREET,E01026938,South Norfolk 011D,Unable to prosecute suspect
0dec76548346c6b64e2f977719c98123929fdd47ed6f121ee4550b02b0eae0e1,2016-12,Norfolk Constabulary,Norfolk Constabulary,1.234857,52.488247,On or near THE STREET,E01026938,South Norfolk 011D,Unable to prosecute suspect
f19b613aceaf371014f2c2307be16682039e008f14a683f231615bbaa680c47f,2016-12,Norfolk Constabulary,Norfolk Constabulary,0.366726,52.604032,On or near JAMES SCOTT CLOSE,E01033038,King's Lynn and West Norfolk 017G,Offender given a drugs possession warning
6bcc1607ae825e9df811e783c658faf234988fcc9f040b391a3f2aafe8ac391e,2016-12,Norfolk Constabulary,Norfolk Constabulary,0.400367,52.755855,On or near RAILWAY ROAD,E01026698,King's Lynn and West Norfolk 011A,Formal action is not in the public interest
6bcc1607ae825e9df811e783c658faf234988fcc9f040b391a3f2aafe8ac391e,2016-12,Norfolk Constabulary,Norfolk Constabulary,0.400367,52.755855,On or near RAILWAY ROAD,E01026698,King's Lynn and West Norfolk 011A,Suspect charged
f908c4f8c7aa3cca86c25160b096c754bfde3616e10dc7179618413f23962282,2016-12,Norfolk Constabulary,Norfolk Constabulary,1.295166,52.628430,On or near CASTLE MEADOW,E01026822,Norwich 007A,Suspect charged
95d2a85674f048e858ea23f6ef2b8eff285a615c98b00935153a184012b92ff2,2016-12,Norfolk Constabulary,Norfolk Constabulary,0.400968,52.755195,On or near STANLEY STREET,E01026698,King's Lynn and West Norfolk 011A,Suspect charged
5517ebde650755d0fd0ae8bd14957151122e2b4a16a60fc9e1975be740bc5003,2016-12,Norfolk Constabulary,Norfolk Constabulary,0.400968,52.755195,On or near STANLEY STREET,E01026698,King's Lynn and West Norfolk 011A,Suspect charged
e46aa9b0c1472a2a5b22078a405ae5ae8a0c94ebbbe77d7fa2986651337e0f1f,2016-12,Norfolk Constabulary,Norfolk Constabulary,0.282687,52.734468,On or near Park/Open Space,E01026713,King's Lynn and West Norfolk 008D,Unable to prosecute suspect
8e32c442456abd916901d422b5fbfe0d42d349b18708c2d6890b16d57650eb1d,2016-12,Norfolk Constabulary,Norfolk Constabulary,0.942319,52.680613,On or near Shopping Area,E01026426,Breckland 005B,Suspect charged
693c7dd8a1c2ccfbaea39abd7e86387b98890f6dcf1e4d9340584963b42c91b6,2016-12,Norfolk Constabulary,Norfolk Constabulary,0.282687,52.734468,On or near Park/Open Space,E01026713,King's Lynn and West Norfolk 008D,Unable to prosecute suspect
0d985771747aadfde818aa0c4797c990272ae66ba97a92fdfa3b33117390721e,2016-12,Norfolk Constabulary,Norfolk Constabulary,0.397982,52.754258,On or near Supermarket,E01026698,King's Lynn and West Norfolk 011A,Suspect charged
ba074ce90da0fbb2dc223fd6d74b09edb2c084a6a0c9d97680232464982df02a,2016-12,Norfolk Constabulary,Norfolk Constabulary,1.628102,52.701521,On or near BLENHEIM AVENUE,E01026638,Great Yarmouth 002E,Suspect charged
13eabcc610dfd84faebe01f1b43f39c43054eeff65d128a93069fc75a28d8947,2016-12,Norfolk Constabulary,Norfolk Constabulary,0.397536,52.756119,On or near ALBERT AVENUE,E01026698,King's Lynn and West Norfolk 011A,Suspect charged
56c9ceef3310a65e99c904275fdc18abddb57576566ac7fc1018fafad282aa40,2016-12,Norfolk Constabulary,Norfolk Constabulary,0.800700,52.753350,On or near FAKENHAM ROAD,E01026442,Breckland 002A,Formal action is not in the public interest
3f1b19d78eb11a87dbf73af026ca4b6c64bc7c96135beb0deb65636ec3573bb1,2016-12,Norfolk Constabulary,Norfolk Constabulary,1.366425,52.634429,On or near NEWARK CLOSE,E01026574,Broadland 016A,Unable to prosecute suspect
bda6069f327e5eb335e17050463690c5b80ab864a6096b49d76438dc14ab23ff,2016-12,Norfolk Constabulary,Norfolk Constabulary,0.849398,52.828851,On or near CATTLE MARKET STREET,E01026747,North Norfolk 011C,Formal action is not in the public interest
0b5df957879edc5cbfd213539615b71e2ca67e5ebfcb07bd43fd6ace9de86f38,2016-12,Norfolk Constabulary,Norfolk Constabulary,0.946754,52.680997,On or near MATSELL WAY,E01026426,Breckland 005B,Suspect charged
8f13b0c6570d7a4c539a4b9e7db895e68d1e6ae024de2347a0ee9d1f7301e61c,2016-12,Norfolk Constabulary,Norfolk Constabulary,0.406850,52.758934,On or near HAREWOOD DRIVE,E01026689,King's Lynn and West Norfolk 007C,Suspect charged
54cace7677a1e253a09e5935032a20ef3aa8edaa406ba2402e42b87f1c233bda,2016-12,Norfolk Constabulary,Norfolk Constabulary,0.946754,52.680997,On or near MATSELL WAY,E01026426,Breckland 005B,Suspect charged
41798fa68c194c2a91158a679ef1264f944f85433e44d860a4568c74b21590f4,2016-12,Norfolk Constabulary,Norfolk Constabulary,0.946754,52.680997,On or near MATSELL WAY,E01026426,Breckland 005B,Suspect charged
651da5ec76319af85e662f7431d77c51aa8b35b4e4c07d99992b157b0f5bf0b6,2016-12,Norfolk Constabulary,Norfolk Constabulary,1.233540,52.607088,On or near BRAMBLING LANE,E01026881,South Norfolk 002A,Unable to prosecute suspect
18e21c52d445de5efaa1a97d473c705463d07d6ae275b7faac86e497efab3651,2016-12,Norfolk Constabulary,Norfolk Constabulary,1.240803,52.640795,On or near GRISTOCK PLACE,E01026869,Norwich 006G,Unable to prosecute suspect
828e0a793da6cef5430240fb562df248b724ad543a2530c5b80534d36369bf5b,2016-12,Norfolk Constabulary,Norfolk Constabulary,1.237562,52.608336,On or near HARTS LANE,E01026882,South Norfolk 002B,Unable to prosecute suspect
bdba1d5da21d35cb3c468692a609a09baaff4155d06e52fd0ce7538be5f6c2b9,2016-12,Norfolk Constabulary,Norfolk Constabulary,1.313635,52.624623,On or near CLARENCE ROAD,E01033439,Norwich 014B,Suspect charged
536f4f975e203f58472440ac911042140099dc587afab4c56f490cd3f26db13c,2016-12,Norfolk Constabulary,Norfolk Constabulary,0.728574,52.405127,On or near BURRELL WAY,E01026478,Breckland 017E,Suspect charged
c9b827b4b03ff2bc18d1ab8add717695113bc198a874787f13b2cc371052f38b,2016-12,Norfolk Constabulary,Norfolk Constabulary,0.732066,52.404290,On or near NAPIER PLACE,E01026478,Breckland 017E,Suspect charged
a1ee62855376e86df7f872d931cffc6319839f87ac5e87605dbc49575159c8b2,2016-12,Norfolk Constabulary,Norfolk Constabulary,0.728574,52.405127,On or near BURRELL WAY,E01026478,Breckland 017E,Suspect charged
3df0af70762cacabd87e5f5d44b783347f242a5a16bc9af41bb6019e0fa61a7c,2016-12,Norfolk Constabulary,Norfolk Constabulary,0.935279,52.436774,On or near JUBILEE AVENUE,E01026441,Breckland 014C,Unable to prosecute suspect
2c5efa642234a2a82c215af3b77330b5da7701e5692c3ca61e1f9cc8506dff7d,2016-12,Norfolk Constabulary,Norfolk Constabulary,1.260473,52.795276,On or near SIR WILLIAM'S LANE,E01026503,Broadland 001E,Formal action is not in the public interest
f44ad7b17c025a93e5236e28800f92214f3516ca5e1e5e80a5d0e1c6428f013b,2016-12,Norfolk Constabulary,Norfolk Constabulary,1.294877,52.627539,On or near Bus/Coach Station,E01026822,Norwich 007A,Suspect charged
c83c6be2709fd1f15891981b2a8d6b55189d965745206d1b32250024ea48e6fb,2016-12,Norfolk Constabulary,Norfolk Constabulary,1.161657,52.368167,On or near RANSOME AVENUE,E01026934,South Norfolk 014E,Formal action is not in the public interest
bf4b0fca71efff666d09c8ca0b009c40ae1b190ddec05228f73571575c634aad,2016-12,Norfolk Constabulary,Norfolk Constabulary,0.957462,52.678958,On or near GALLOWAY CLOSE,E01026426,Breckland 005B,Formal action is not in the public interest
e63e141a6cb7a2bb32099af432589fee542d382f0654c7bea556db02860c9734,2016-12,Norfolk Constabulary,Norfolk Constabulary,0.408671,52.751649,On or near Sports/Recreation Area,E01026667,King's Lynn and West Norfolk 009B,Unable to prosecute suspect
cc23367c6e70fd40f297ce7c8939f16a39c4c2274d61f3dca567854f5c12b9a5,2016-12,Norfolk Constabulary,Norfolk Constabulary,0.957462,52.678958,On or near GALLOWAY CLOSE,E01026426,Breckland 005B,Formal action is not in the public interest
36c119383377bb7d0cb183149eb4de6dc178782a4c2e7cb8adfbdef069512851,2016-12,Norfolk Constabulary,Norfolk Constabulary,0.727064,52.423785,On or near Petrol Station,E01026467,Breckland 015C,Offender given a caution
ce176fc10859488391ef80a035a97073964ca8756299a601e85b01d7f6899db4,2016-12,Norfolk Constabulary,Norfolk Constabulary,,,No location,,,Formal action is not in the public interest
20685c6641948a8875b6d61246eb1539dc8f1d5e7abea6e644ddcdee5340eb9b,2016-12,Norfolk Constabulary,Norfolk Constabulary,0.405976,52.747379,On or near GOODWINS ROAD,E01026667,King's Lynn and West Norfolk 009B,Unable to prosecute suspect
4fd09ae09e223ddf525f770288430e0e4731823d6e031dc30542df17f6b5b4de,2016-12,Norfolk Constabulary,Norfolk Constabulary,1.135556,52.576126,On or near PENFOLD DRIVE,E01026945,South Norfolk 007D,Formal action is not in the public interest
6fbe8d5adb46825f6af8d54d96aca7d88d31fd6f39e91b8f9fce2ea71ddeeb83,2016-12,Norfolk Constabulary,Norfolk Constabulary,1.569875,52.755404,On or near THE GREEN,E01026785,North Norfolk 014E,Unable to prosecute suspect
8caae5647e22eb4344ae9b117c4fe287967fd16ec03eeb5ff071d3ab5179ee48,2016-12,Norfolk Constabulary,Norfolk Constabulary,0.692658,52.638217,On or near KESTREL CLOSE,E01026458,Breckland 007D,Formal action is not in the public interest
4f8aab1ebe0c877c4b5784c5af2a79a195511bfbabf1a7f561035d15e3b0287b,2016-12,Norfolk Constabulary,Norfolk Constabulary,1.721506,52.613893,On or near SCHOOL ROAD,E01026596,Great Yarmouth 005B,Offender given a caution
8a170ceca2c843991c7edf18b392943024e1ffdf8fc45fdaf0f0cad98b76e478,2016-12,Norfolk Constabulary,Norfolk Constabulary,1.721506,52.613893,On or near SCHOOL ROAD,E01026596,Great Yarmouth 005B,Offender given a caution
fda8ef8f9c6668cde868222277d62a289f1dce24c95b7874d0859eea98d760f5,2016-12,Norfolk Constabulary,Norfolk Constabulary,0.921620,52.500719,On or near WESTGATE,E01026491,Breckland 010E,Formal action is not in the public interest
ad6ce05d8fc5d8a34281e84f94b17faba230261ef7d9a939aff1fe08bbfa43e7,2016-12,Norfolk Constabulary,Norfolk Constabulary,1.723969,52.585122,On or near Petrol Station,E01026601,Great Yarmouth 009A,Suspect charged
59ad9c650f95e3f9c2418aee9552a736bc1ad17de6218d32ec4e607914b729a6,2016-12,Norfolk Constabulary,Norfolk Constabulary,1.728232,52.569076,On or near CLARENCE ROAD,E01026611,Great Yarmouth 010B,Suspect charged
15317218f55b36dfd860d8bd8468fb018ec4c5a847a8a2e0f85c3cf5c6f5ae94,2016-12,Norfolk Constabulary,Norfolk Constabulary,1.717979,52.561663,On or near Hospital,E01026617,Great Yarmouth 011A,Suspect charged
f2f3b15345caecca8ba2a48a70de098dc9e6bb8135f41f65b9b9c3aa6a26f7d7,2016-12,Norfolk Constabulary,Norfolk Constabulary,0.384762,52.670659,On or near THOMAS CLOSE,E01026722,King's Lynn and West Norfolk 015C,Offender given a caution
7cefa3f571cb6ea135c54c457088e8354cb255ee02e644cf907631c9010bba92,2016-12,Norfolk Constabulary,Norfolk Constabulary,1.310667,52.628187,On or near ELLA ROAD,E01033439,Norwich 014B,Unable to prosecute suspect
7cbbd5e1fedb3e87bb22102b3b299c9754e49056b3b23c8cb693ea2dc4d26027,2016-12,Norfolk Constabulary,Norfolk Constabulary,1.120633,52.370841,On or near Petrol Station,E01033539,South Norfolk 015G,Unable to prosecute suspect
fa16b2c69c5a03b3e1de1f8085987a7714a8c66c345ce0be060a6a4dbce13a64,2016-12,Norfolk Constabulary,Norfolk Constabulary,1.718885,52.600582,On or near STAFFORD ROAD,E01026633,Great Yarmouth 007B,Suspect charged
ce834646f31a5f4569fdeb1fe6ad7588fb97611f54ffd083d0940d3af36752d9,2016-12,Norfolk Constabulary,Norfolk Constabulary,1.733211,52.602109,On or near OLD WELLINGTON PASSAGE,E01026624,Great Yarmouth 006C,Local resolution
57370e5157ec5b4964e1712eb18ef7861307dadd9bd70722cfb7e9355947ec55,2016-12,Norfolk Constabulary,Norfolk Constabulary,1.301948,52.628790,On or near ST VEDAST STREET,E01033438,Norwich 014A,Unable to prosecute suspect
289c2b305cf9c7b210a04482d30ef8149ad462cd8760b585fa8852c870edd26c,2016-12,Norfolk Constabulary,Norfolk Constabulary,1.135795,52.579267,On or near Supermarket,E01026933,South Norfolk 007C,Suspect charged
4ff21436ce2d75e58f903609d47f66aa7b820a772b502ef7533431d4ed1a5723,2016-12,Norfolk Constabulary,Norfolk Constabulary,1.251477,52.662510,On or near HAMOND ROAD,E01026529,Broadland 010D,Unable to prosecute suspect
791c4f72856129c37db686e8416b2210c785a028e964665b48d2b5768fcd75f7,2016-12,Norfolk Constabulary,Norfolk Constabulary,0.395985,52.753255,On or near Shopping Area,E01026699,King's Lynn and West Norfolk 011B,Suspect charged
6fcdcd15796906d344300946ca82764d0d801f27fdc4f2f8cd2d3fb9c49bdf08,2016-12,Norfolk Constabulary,Norfolk Constabulary,0.397961,52.753890,On or near Shopping Area,E01026698,King's Lynn and West Norfolk 011A,Suspect charged
72f05e2e8cb030b149b8894be0f724193fedc5c8f3f6c9ca719eb0aa592f9232,2016-12,Norfolk Constabulary,Norfolk Constabulary,0.376805,52.596799,On or near HIGH HATTER'S CLOSE,E01026707,King's Lynn and West Norfolk 017D,Unable to prosecute suspect
b98870ab60c3aae626d85f15c60eedb9f465ed9e13c4c822b6de9a87021d69e1,2016-12,Norfolk Constabulary,Norfolk Constabulary,1.716266,52.566709,On or near WADHAM CLOSE,E01026617,Great Yarmouth 011A,Suspect charged
6926721e289975a36e8423d56c35d70e2dd3ff010407e6c69b099ecd340918c8,2016-12,Norfolk Constabulary,Norfolk Constabulary,1.220398,52.674943,On or near STATION ROAD,E01026521,Broadland 007D,Formal action is not in the public interest
b3a5d8731344abaaa8add10b134afb0d1075599f54773e2f5fe95c7542ac15f1,2016-12,Norfolk Constabulary,Norfolk Constabulary,1.220398,52.674943,On or near STATION ROAD,E01026521,Broadland 007D,Formal action is not in the public interest
fa6b78bdd3935aec61f2ad502363f2a35ad7211eb47bedd73b1ac136f3046a2a,2016-12,Norfolk Constabulary,Norfolk Constabulary,1.284545,52.626333,On or near MANCHESTER PLACE,E01033437,Norwich 011H,Suspect charged
f52c130948da8b4a051e5d86607d352d6886aad76b8cc69ce89c1883c488b694,2016-12,Norfolk Constabulary,Norfolk Constabulary,1.284545,52.626333,On or near MANCHESTER PLACE,E01033437,Norwich 011H,Suspect charged
1f7671fab463ad2766e7e2f956053aba57a5220210373d540c29c5598d77dab1,2016-12,Norfolk Constabulary,Norfolk Constabulary,1.284545,52.626333,On or near MANCHESTER PLACE,E01033437,Norwich 011H,Formal action is not in the public interest
2e922596e87c9e61cf0af3cc92c1d1d5f1c67b88a4bf4039500297542f06ab37,2016-12,Norfolk Constabulary,Norfolk Constabulary,1.135556,52.576126,On or near PENFOLD DRIVE,E01026945,South Norfolk 007D,Suspect charged
a2e98846a05a97991d8718c2f601ec7946d0d83b4e1512f3267cc8dfeee2cacf,2016-12,Norfolk Constabulary,Norfolk Constabulary,1.730332,52.613938,On or near KITCHENER ROAD,E01026595,Great Yarmouth 005A,Suspect charged
9daf49cf27fc96f84da1d9b1c7fc6be8b6ff0e308dd3c5cbe181b93f164db43c,2016-12,Norfolk Constabulary,Norfolk Constabulary,0.293049,52.755497,On or near Petrol Station,E01026712,King's Lynn and West Norfolk 008C,Unable to prosecute suspect
4070027fa1e79a764195e6b4665fd54a75b2052a23f347a6f2f5b2f41528cc63,2016-12,Norfolk Constabulary,Norfolk Constabulary,0.832163,52.570179,On or near DALE CLOSE,E01026488,Breckland 009C,Formal action is not in the public interest
7b1d79d74c494325b962cee5d631103777fa77f111b553b503ef1910f60a8777,2016-12,Norfolk Constabulary,Norfolk Constabulary,1.308647,52.627470,On or near OLD LIBRARY MEWS,E01033439,Norwich 014B,Formal action is not in the public interest
7b1d79d74c494325b962cee5d631103777fa77f111b553b503ef1910f60a8777,2016-12,Norfolk Constabulary,Norfolk Constabulary,1.308647,52.627470,On or near OLD LIBRARY MEWS,E01033439,Norwich 014B,Formal action is not in the public interest
4e13b8b9daaefd3ce04f3ffd39c3b6153bbe9d8a9198f8738f5b2c7ba5164bce,2016-12,Norfolk Constabulary,Norfolk Constabulary,1.284509,52.635517,On or near HEIGHAM STREET,E01026827,Norwich 007F,Suspect charged
c28e791722527370d0cae0ed3554a57d3a49245ce4677640f83bba783f10a122,2016-12,Norfolk Constabulary,Norfolk Constabulary,1.284509,52.635517,On or near HEIGHAM STREET,E01026827,Norwich 007F,Suspect charged
7a7b2044143cc8322331f31f39a2ce0f76635625412689e24b0be26c493c39a7,2016-12,Norfolk Constabulary,Norfolk Constabulary,0.433966,52.746052,On or near MELLISHAM WALK,E01026662,King's Lynn and West Norfolk 010A,Unable to prosecute suspect
78821d70aab6116c0ffe7fab2a073ed62b072f79752517e70491887ada07ac88,2016-12,Norfolk Constabulary,Norfolk Constabulary,1.731640,52.601871,On or near WELL ROAD,E01026624,Great Yarmouth 006C,Offender given a caution
b1193cb4669246857c9852220ba6188dff6ac81bf2a688488c29a9eeb0571579,2016-12,Norfolk Constabulary,Norfolk Constabulary,1.289435,52.652890,On or near WOODCOCK CLOSE,E01026798,Norwich 001B,Formal action is not in the public interest
c8cc849c5aaefa4946ce463f3722842dd684c388d957c40fe8772c8bc3507093,2016-12,Norfolk Constabulary,Norfolk Constabulary,1.271625,52.653816,On or near EUSTACE ROAD,E01026832,Norwich 002E,Suspect charged
f27309908c481cae564c7fa2c5e2eb3843d34d3ddbb76a06c83ca8e04506a0ee,2016-12,Norfolk Constabulary,Norfolk Constabulary,1.107533,52.377410,On or near ST NICHOLAS STREET,E01026891,South Norfolk 015D,Suspect charged
83e23648fc13fb2b613f7854a1b2a67c131d795b2bba95a470e896a366f45c3f,2016-12,Norfolk Constabulary,Norfolk Constabulary,1.107533,52.377410,On or near ST NICHOLAS STREET,E01026891,South Norfolk 015D,Suspect charged
0de9ef93cf5eeb8d17f76219872c932c12f3b11d87625b20c2dcdc362f44fe08,2016-12,Norfolk Constabulary,Norfolk Constabulary,0.432142,52.755324,On or near REGENCY AVENUE,E01026663,King's Lynn and West Norfolk 010B,Suspect charged
585dbd648ea3d737de6d2098961f098bcde1e99648ff2aaa7ab6dcb1b16c6a8c,2016-12,Norfolk Constabulary,Norfolk Constabulary,1.107533,52.377410,On or near ST NICHOLAS STREET,E01026891,South Norfolk 015D,Suspect charged
ce7ea539dd5a8c595897438c4445de8d94702995bb308a2010a6bd0d0d5c9b05,2016-12,Norfolk Constabulary,Norfolk Constabulary,0.400221,52.754293,On or near ALBION STREET,E01026698,King's Lynn and West Norfolk 011A,Suspect charged
1e11b8626f7522b3b22d12734a144b846b96c178a71507228ac21c0cc1fb3570,2016-12,Norfolk Constabulary,Norfolk Constabulary,1.712179,52.579124,On or near FORSYTHIA ROAD,E01026603,Great Yarmouth 009C,Suspect charged
c8e7e2ce960ef59d7161a4e24beb03f8e0678e65931f7762e349b36b1e8cadbd,2016-12,Norfolk Constabulary,Norfolk Constabulary,1.300216,52.669759,On or near NORMAN DRIVE,E01026540,Broadland 009A,Offender given a caution
209d9fa980da54fc745c146903d643366e2c10b1e4b3d2048f2d7cf9a889ba88,2016-12,Norfolk Constabulary,Norfolk Constabulary,1.712179,52.579124,On or near FORSYTHIA ROAD,E01026603,Great Yarmouth 009C,Suspect charged
59b683c7170865fb3aa38d52610f7cccb25bcf55d093e77d81208bbb9902c581,2016-12,Norfolk Constabulary,Norfolk Constabulary,,,No location,,,Unable to prosecute suspect
8fa0259c9e234b97baf75398f1f86cbfb6b82506f0bb9016982415e0cdf360db,2016-12,Norfolk Constabulary,Norfolk Constabulary,0.823561,52.571374,On or near HIGH STREET,E01026488,Breckland 009C,Unable to prosecute suspect
1f769d03fc43c74cf8a8e701dc9ed0106d68af2a6b0c29a832fd80662efcb889,2016-12,Norfolk Constabulary,Norfolk Constabulary,1.729996,52.607905,On or near Parking Area,E01026597,Great Yarmouth 005C,Suspect charged
28a6ce72847b003abb8f699119b298c7e9de9256e046589c1fab2f11cd5ea87e,2016-12,Norfolk Constabulary,Norfolk Constabulary,1.303181,52.620050,On or near OLD SCHOOL COURT,E01026816,Norwich 013A,Suspect charged
5a2dcda7e3fd3467b491204a5027a4677926d4b212397421b471668a4c44736e,2016-12,Norfolk Constabulary,Norfolk Constabulary,1.715463,52.607966,On or near MISSION ROAD,E01026635,Great Yarmouth 007D,Formal action is not in the public interest
5a2dcda7e3fd3467b491204a5027a4677926d4b212397421b471668a4c44736e,2016-12,Norfolk Constabulary,Norfolk Constabulary,1.715463,52.607966,On or near MISSION ROAD,E01026635,Great Yarmouth 007D,Formal action is not in the public interest
938633d586ebd759fe7c2c5197d900ff0ddcfe1ff9ebf452523ce9b20d142dc8,2016-12,Norfolk Constabulary,Norfolk Constabulary,,,No location,,,Formal action is not in the public interest
9f3ab9cdf26f8b4fb3fb99211d2349a485036f67c463e1d184a033e2a6c8de13,2016-12,Norfolk Constabulary,Norfolk Constabulary,1.309501,52.633301,On or near BISHOP BRIDGE ROAD,E01033438,Norwich 014A,Suspect charged
8afb9d75557a781e96b0dd33af814d96243f7b4990ac14c53d1b85a2d898c671,2016-12,Norfolk Constabulary,Norfolk Constabulary,1.220751,52.646766,On or near UPPER BRECKLAND ROAD,E01026917,South Norfolk 001B,Unable to prosecute suspect
0dc2e459368d75173b88c9b1b42ed1a78cf633eaf573392b8535a7cc1aef08c0,2016-12,Norfolk Constabulary,Norfolk Constabulary,0.812981,52.584773,On or near CHEQUERS LANE,E01026437,Breckland 008A,Local resolution
ab9db6690fa5151be1f47d11b62f50a7b377b4b750187942b6f88b58b7c22b13,2016-12,Norfolk Constabulary,Norfolk Constabulary,1.298422,52.629266,On or near AGRICULTURAL HALL PLAIN,E01033438,Norwich 014A,Suspect charged
264d3fd1980e543aec85e7d90314f486ecccaced6351e47fec906b6d0f1d541e,2016-12,Norfolk Constabulary,Norfolk Constabulary,1.335277,52.660044,On or near Supermarket,E01026561,Broadland 013E,Offender given penalty notice
37e48f95bfc1f34e703683d827ab42f42775d23b6900d2609e8caf802baed9e1,2016-12,Norfolk Constabulary,Norfolk Constabulary,0.402594,52.748122,On or near LONDON ROAD,E01026699,King's Lynn and West Norfolk 011B,Unable to prosecute suspect
40c6218ae75fc1e5e87764700967fb72496e9d73399957944979624c4bfa370b,2016-12,Norfolk Constabulary,Norfolk Constabulary,0.399681,52.755779,On or near NORFOLK STREET,E01026698,King's Lynn and West Norfolk 011A,Offender given a caution
c3d424ce10d5e47ecd81b147513376cf4416c435287260bf0d9314b935d7e3a0,2016-12,Norfolk Constabulary,Norfolk Constabulary,1.298566,52.629613,On or near Nightclub,E01033438,Norwich 014A,Suspect charged
a14d394379a337c99a1f17debedaaafc8df1a462d15a576744655dd1132d109d,2016-12,Norfolk Constabulary,Norfolk Constabulary,1.298566,52.629613,On or near Nightclub,E01033438,Norwich 014A,Suspect charged
65e77a81a27c4337aafd91a0810715f1b22d64515edb880ae8dc4fa117bb4696,2016-12,Norfolk Constabulary,Norfolk Constabulary,1.299303,52.630563,On or near QUEEN STREET,E01033438,Norwich 014A,Unable to prosecute suspect
935cba6739c3d723376c171bc6990c653d70c5d02c6e153f5bb20e28bf67f694,2016-12,Norfolk Constabulary,Norfolk Constabulary,0.939676,52.680921,On or near CHURCH STREET,E01026425,Breckland 005A,Suspect charged
e8a494cf12c5765472e89f2149400f52695a0210c772b229dff836f7191ea225,2016-12,Norfolk Constabulary,Norfolk Constabulary,1.727162,52.637308,On or near Sports/Recreation Area,E01026593,Great Yarmouth 003E,Offender given a caution
a3d32373fff1fc066cbbb66db87a648a2e8fdf1313684e5a1fe14e1daf8c725a,2016-12,Norfolk Constabulary,Norfolk Constabulary,1.292693,52.625018,On or near Shopping Area,E01026822,Norwich 007A,Unable to prosecute suspect
d32ea1e863cc3ca7cd7346b93c39224f42e9c34f65d8ed4e71976fa4293650e7,2016-12,Norfolk Constabulary,Norfolk Constabulary,1.302466,52.624683,On or near ABBEY LANE,E01033441,Norwich 014D,Suspect charged
b770062e685bac6bf8ce75e7bbde24c1334ca0d325d31baeb7400bc762deeded,2016-12,Norfolk Constabulary,Norfolk Constabulary,1.298566,52.629613,On or near Nightclub,E01033438,Norwich 014A,Suspect charged
b4e04c338d75f1cdcd7b94e0b4da4388a8714c113bd42452ceebbc4936b85dc5,2016-12,Norfolk Constabulary,Norfolk Constabulary,1.298827,52.634066,On or near HANSARD LANE,E01026823,Norwich 007B,Formal action is not in the public interest
5685251418ea0c1a25694881324df0117ea801144da161c6a2464ea2469c222e,2016-12,Norfolk Constabulary,Norfolk Constabulary,0.397982,52.754258,On or near Supermarket,E01026698,King's Lynn and West Norfolk 011A,Suspect charged
9179f97df9317fe1a6895e583d1c719ecff9e36367a9ceb3165e11329bb1f78a,2016-12,Norfolk Constabulary,Norfolk Constabulary,1.290782,52.625350,On or near MALTHOUSE ROAD,E01026822,Norwich 007A,Local resolution
a6de8b213aa496acb50475479fa1d621e07ff818788a278ed9e2ef1afcafe56e,2016-12,Norfolk Constabulary,Norfolk Constabulary,1.720365,52.570835,On or near MIDDLETON ROAD,E01026621,Great Yarmouth 011E,Unable to prosecute suspect
0d45248d7c0d0496a96c8c646f3e912c38b3be78530f77d3e7346784f5d8b5fc,2016-12,Norfolk Constabulary,Norfolk Constabulary,1.295876,52.627061,On or near Parking Area,E01026822,Norwich 007A,Suspect charged
9c3a6774779544c9f40679ba0fa58313f23a09aacc744f8a7b0f28041daf1180,2016-12,Norfolk Constabulary,Norfolk Constabulary,1.222337,52.640589,On or near HARRY BARBER CLOSE,E01026792,Norwich 005B,Formal action is not in the public interest
2e5a0ecb64b0357a4724102f8ae94a56195a7300a2c6bc397833f45ed93bfb7c,2016-12,Norfolk Constabulary,Norfolk Constabulary,1.725372,52.612952,On or near RAMPART ROAD,E01026596,Great Yarmouth 005B,Unable to prosecute suspect
524ce0369138220a13a7d3d084afee1bce6396497397d6f88f7bf9a020cde13e,2016-12,Norfolk Constabulary,Norfolk Constabulary,1.294031,52.611167,On or near LATIMER ROAD,E01026818,Norwich 013C,Formal action is not in the public interest
c6f21357e34f2e1d15fe85c15c61ce9d1bb62d1833efd3fae888a72d0f9a4f0b,2016-12,Norfolk Constabulary,Norfolk Constabulary,1.725366,52.587318,On or near MANBY ROAD,E01026601,Great Yarmouth 009A,Suspect charged
a88f85495538b1d42a0adbc9a099ca0809f28218ed02028223d0c8c2a5e8df67,2016-12,Norfolk Constabulary,Norfolk Constabulary,1.682941,52.676164,On or near SPRUCE AVENUE,E01026629,Great Yarmouth 001F,Local resolution
1ff8888f7f7a305904927cc77a41716c5cd82c39d876a46ef53ee05036a8c985,2016-12,Norfolk Constabulary,Norfolk Constabulary,1.719688,52.601168,On or near WOLSELEY ROAD,E01026633,Great Yarmouth 007B,Suspect charged
17afb2d33e2ef24f0534b6c8eb31d4dbd1094ad50db3bea86ca810d0da59434e,2016-12,Norfolk Constabulary,Norfolk Constabulary,0.395433,52.752106,On or near HIGH STREET,E01026699,King's Lynn and West Norfolk 011B,Suspect charged
9aae4134ef75ddb349b9b0da0869f995ff04a054ee7e9273ebc7390e0b7f7112,2016-12,Norfolk Constabulary,Norfolk Constabulary,1.297158,52.629958,On or near BANK PLAIN,E01026822,Norwich 007A,Unable to prosecute suspect
595f96463c698c5bd63698a6425464ecab8b1899dc88da624edaad7689e4c180,2016-12,Norfolk Constabulary,Norfolk Constabulary,1.288894,52.639388,On or near GREEN HILLS ROAD,E01026831,Norwich 002D,Suspect charged
6b91c07d59a78f1cd6e8cc0d8f1e3dedf0e718f3ea5087bb43505b1e4c7505ee,2016-12,Norfolk Constabulary,Norfolk Constabulary,1.295177,52.640364,On or near CLARKE ROAD,E01026846,Norwich 003F,Suspect charged
332377b99d03cffee579cdd4bfa65124478280b73dd60f7510efeb11e29f452e,2016-12,Norfolk Constabulary,Norfolk Constabulary,1.721506,52.613893,On or near SCHOOL ROAD,E01026596,Great Yarmouth 005B,Local resolution
332377b99d03cffee579cdd4bfa65124478280b73dd60f7510efeb11e29f452e,2016-12,Norfolk Constabulary,Norfolk Constabulary,1.721506,52.613893,On or near SCHOOL ROAD,E01026596,Great Yarmouth 005B,Local resolution
cbd89d73556bb1121f2a2b67e98a998e9a6ed4658d57a5c25720dc08e0cf078c,2016-12,Norfolk Constabulary,Norfolk Constabulary,1.119432,52.571705,On or near POSTMILL CLOSE,E01026945,South Norfolk 007D,Unable to prosecute suspect
3294f3ac83401c1954ed0718be40f80f2d10816cb108e7008d33899caef47e9e,2016-12,Norfolk Constabulary,Norfolk Constabulary,1.298566,52.629613,On or near Nightclub,E01033438,Norwich 014A,Suspect charged
fc1b49f6a5bd962ec7ed4fca9ef23138ee4aa2bdf4a47e55d35ec26552c37c44,2016-12,Norfolk Constabulary,Norfolk Constabulary,1.287723,52.639735,On or near ST MARTIN'S ROAD,E01026831,Norwich 002D,Suspect charged
ff49391d72c9c8ea98498ec216ea8363f3926ab98a1b74c05f84af0110ad957f,2016-12,Norfolk Constabulary,Norfolk Constabulary,1.298566,52.629613,On or near Nightclub,E01033438,Norwich 014A,Suspect charged
fc95e6f8114e581e72d91013351914a0d7359ce3e2e5f29ed029ea429bb7bf3f,2016-12,Norfolk Constabulary,Norfolk Constabulary,1.294439,52.629377,On or near Shopping Area,E01026823,Norwich 007B,Offender given a caution
631ba78cef5195881240b2aebafffa9cf3cae63ae2335fe1688cab3fad793ba9,2016-12,Norfolk Constabulary,Norfolk Constabulary,0.395659,52.755420,On or near Shopping Area,E01026698,King's Lynn and West Norfolk 011A,Offender given a caution
93ca8af2787c2ce623b56be0e568b21e4f718f013a8cbc1985938e53e87c01cd,2016-12,Norfolk Constabulary,Norfolk Constabulary,1.733298,52.606595,On or near ARTILLERY SQUARE,E01026623,Great Yarmouth 006B,Suspect charged
b5717c328b3da15770edf1d136e85cee2b4345acc20e96710a75b92a29365989,2016-12,Norfolk Constabulary,Norfolk Constabulary,1.302256,52.407373,On or near BECK VIEW,E01026901,South Norfolk 013C,Offender given a caution
958ae5f23e58ae823af1af3c19b946bf3da34387a722357182f052563c71e3dd,2016-12,Norfolk Constabulary,Norfolk Constabulary,0.755942,52.417935,On or near ORCHARD WAY,E01026469,Breckland 016B,Formal action is not in the public interest
958ae5f23e58ae823af1af3c19b946bf3da34387a722357182f052563c71e3dd,2016-12,Norfolk Constabulary,Norfolk Constabulary,0.755942,52.417935,On or near ORCHARD WAY,E01026469,Breckland 016B,Offender given a caution
76a34d4d760976cb63dc43f044d97f670a4736fd38aff887218cfa15a9391b81,2016-12,Norfolk Constabulary,Norfolk Constabulary,1.302256,52.407373,On or near BECK VIEW,E01026901,South Norfolk 013C,Offender given a caution
607464cf87361f3a06e25bca4cc065143124f72ab10707fa85e1f49f60304fb1,2016-12,Norfolk Constabulary,Norfolk Constabulary,0.378411,52.603546,On or near HIGH STREET,E01033038,King's Lynn and West Norfolk 017G,Formal action is not in the public interest
404d32ab3ffd4c4830c7d65fc748b2dd48725ff2c045d191c4e9b04933b80881,2016-12,Norfolk Constabulary,Norfolk Constabulary,1.733604,52.600127,On or near DAGMAR MEWS,E01026626,Great Yarmouth 006E,Unable to prosecute suspect
2801df04c96237143da2121e5a4b15df623a4db42095a2ee85d8983ae6e59068,2016-12,Norfolk Constabulary,Norfolk Constabulary,1.714947,52.475696,On or near CRAFTMANS WAY,E01030270,Waveney 005C,Offender given a caution
9097b9ae390a1f0fb3f7f7edc51a8bfdbc6410298f301f17405abecec19f395c,2016-12,Norfolk Constabulary,Norfolk Constabulary,1.286127,52.617673,On or near Further/Higher Educational Building,E01026852,Norwich 011A,Formal action is not in the public interest
955964464dacf30d6a2258e34e9f8799bb01f1397fe447b177e5de3ba8eb534d,2016-12,Norfolk Constabulary,Norfolk Constabulary,1.302678,52.640632,On or near SILVER ROAD,E01026841,Norwich 003A,Unable to prosecute suspect
23e166da7d873100ed6e5538fe92e3ae6b23ab2badaa4711360633146b4e3498,2016-12,Norfolk Constabulary,Norfolk Constabulary,1.307885,52.635585,On or near CANNELL GREEN,E01026848,Norwich 015A,Unable to prosecute suspect
a0dee830d4112d52b52ad67639c683e6e8327a505cc6cf1ed835456dfb913cfe,2016-12,Norfolk Constabulary,Norfolk Constabulary,1.328934,52.687095,On or near BOWLING GREEN CLOSE,E01026551,Broadland 005C,Offender given a caution
847b5dc99906048fb95982b40f6c10997272490ebe1cd3b8d0161942ce18286c,2016-12,Norfolk Constabulary,Norfolk Constabulary,1.292417,52.627050,On or near WILLIAM BOOTH STREET,E01026822,Norwich 007A,Local resolution
6b5086d47d36e7bc3bb0851ed042b12739cea3bf418756690ba7eb0928909c13,2016-12,Norfolk Constabulary,Norfolk Constabulary,1.293950,52.629354,On or near Shopping Area,E01026823,Norwich 007B,Local resolution
c8343f0025fadee0884e25218fc0c736502eef0887e24bcab3bbff8b5f59401f,2016-12,Norfolk Constabulary,Norfolk Constabulary,1.185309,52.653489,On or near WILLIAM FROST WAY,E01033538,South Norfolk 001G,Offender given a caution
c8343f0025fadee0884e25218fc0c736502eef0887e24bcab3bbff8b5f59401f,2016-12,Norfolk Constabulary,Norfolk Constabulary,1.185309,52.653489,On or near WILLIAM FROST WAY,E01033538,South Norfolk 001G,Offender given a caution
bdef10096beb046f941e7f6c7c6cba263ceeb88b6dd99e63c28abddb165b7e7d,2016-12,Norfolk Constabulary,Norfolk Constabulary,1.730571,52.563245,On or near MARINE PARADE,E01026611,Great Yarmouth 010B,Unable to prosecute suspect
cc6e3ccec0752bc510a3842dc54d9a0d9429cfdbe9a1da0d64400f909cda6b78,2016-12,Norfolk Constabulary,Norfolk Constabulary,0.393241,52.740228,On or near BURNEY ROAD,E01026704,King's Lynn and West Norfolk 011D,Suspect charged
7cb623ca477b2aa44c2137a232e323a37d21ca0dd213c87ee7ce2b179f0b692d,2016-12,Norfolk Constabulary,Norfolk Constabulary,1.279901,52.651572,On or near MILE CROSS ROAD,E01026797,Norwich 001A,Suspect charged
37848f9ec184737c63adcd3fb547f2286d08004afed44b708ec68d952d91fd65,2016-12,Norfolk Constabulary,Norfolk Constabulary,1.726769,52.608879,On or near Parking Area,E01026597,Great Yarmouth 005C,Suspect charged
1eff007d451ac780e5eb0d02de15d9e27f41f5da9e962a51756ce3aae561b540,2016-12,Norfolk Constabulary,Norfolk Constabulary,1.280650,52.632557,On or near DOURO PLACE,E01026824,Norwich 007C,Local resolution
5ccc304d1a9c779fa1368441677b2304c495070ba3eac43b59e35abf88728a7a,2016-12,Norfolk Constabulary,Norfolk Constabulary,0.400367,52.755855,On or near RAILWAY ROAD,E01026698,King's Lynn and West Norfolk 011A,Formal action is not in the public interest
5ccc304d1a9c779fa1368441677b2304c495070ba3eac43b59e35abf88728a7a,2016-12,Norfolk Constabulary,Norfolk Constabulary,0.400367,52.755855,On or near RAILWAY ROAD,E01026698,King's Lynn and West Norfolk 011A,Formal action is not in the public interest
bb56eda5972ddf798128a11a41d504a941fb25d0c0c836b77e47c9dc5760f450,2016-12,Norfolk Constabulary,Norfolk Constabulary,1.727981,52.580903,On or near Shopping Area,E01026632,Great Yarmouth 009E,Suspect charged
ebfe53395357a1f00bb58147616519c458d9e5e2a72c8c35aad13c07dd95e7f6,2016-12,Norfolk Constabulary,Norfolk Constabulary,1.317599,52.637562,On or near Prison,E01026806,Norwich 004D,Unable to prosecute suspect
63d9c9ea6abd1af43949aebc9fae1623b7ffcf08ec9521d522c5e734754871da,2016-12,Norfolk Constabulary,Norfolk Constabulary,0.487555,52.905991,On or near GONVILLE CLOSE,E01026677,King's Lynn and West Norfolk 003B,Formal action is not in the public interest
c1a8dab2be14b763a5d130815cf4850a560551b3aa1f2cb89fe30fa3bc80a452,2016-12,Norfolk Constabulary,Norfolk Constabulary,1.135556,52.576126,On or near PENFOLD DRIVE,E01026945,South Norfolk 007D,Formal action is not in the public interest
8ce8df35049078388c538eb54cf3bc3904413838f44865bfbd1f182eb0809c8f,2016-12,Norfolk Constabulary,Norfolk Constabulary,1.208698,52.647551,On or near EAST HILLS ROAD,E01026925,South Norfolk 001F,Offender given a caution
53b3b7db314ed1ceca8a1f23e4b21451fe69ab972394f86d552863ce71aeae8e,2016-12,Norfolk Constabulary,Norfolk Constabulary,1.301557,52.629493,On or near Nightclub,E01033438,Norwich 014A,Formal action is not in the public interest
c633ba9479f73f46e1c6e74293477d46863cd7757a5b79417a123a4d8f860df9,2016-12,Norfolk Constabulary,Norfolk Constabulary,,,No location,,,Formal action is not in the public interest
6e6c6e37eaba2b7cbdc4ec578435713cd071f4650853acef8929203d7d5bd589,2016-12,Norfolk Constabulary,Norfolk Constabulary,0.387225,52.730989,On or near ACER ROAD,E01026704,King's Lynn and West Norfolk 011D,Suspect charged
4dae170e1d0e11b1b2fdc878b7711a576ee9618febd296482e272cd587e17469,2016-12,Norfolk Constabulary,Norfolk Constabulary,1.301557,52.629493,On or near Nightclub,E01033438,Norwich 014A,Formal action is not in the public interest
e0113b204d72b61c1b2f33c396f25cca2e7bd8b75433707ae343cdf179ea9bb2,2016-12,Norfolk Constabulary,Norfolk Constabulary,1.292417,52.627050,On or near WILLIAM BOOTH STREET,E01026822,Norwich 007A,Suspect charged
0d93b91676f86bb7be644deae7499f8961ce6fb63f5fe1bc188c7e5173b69be2,2016-12,Norfolk Constabulary,Norfolk Constabulary,1.289771,52.625864,On or near Shopping Area,E01026822,Norwich 007A,Suspect charged
9bb9ada7b442b4c5addac946050a19f77a47d397b778b89558c6c89e8693d364,2016-12,Norfolk Constabulary,Norfolk Constabulary,1.283136,52.621731,On or near BEAUMONT PLACE,E01026855,Norwich 011D,Unable to prosecute suspect
30da0f8e19116b888d3c57516d36718ce89bb1960a480f21b85421381c79d0be,2016-12,Norfolk Constabulary,Norfolk Constabulary,1.305389,52.623073,On or near WHERRY ROAD,E01033441,Norwich 014D,Suspect charged
65516476bf56a4830f7afce06204fcb2df8669e962defe7bdd561694d2119e46,2016-12,Norfolk Constabulary,Norfolk Constabulary,1.251166,52.607919,On or near Shopping Area,E01026810,Norwich 012A,Suspect charged
6a2e703007f78e134fd0a792a45a635759e9bf6cf897ef66ae7e263d1951c023,2016-12,Norfolk Constabulary,Norfolk Constabulary,1.682726,52.586386,On or near MARKET ROAD,E01026614,Great Yarmouth 012B,Formal action is not in the public interest
2e7bffbab7625a66b55e5f235490908165e869a919c2e9ab7098af4dc2b2e4d3,2016-12,Norfolk Constabulary,Norfolk Constabulary,1.726769,52.608879,On or near Parking Area,E01026597,Great Yarmouth 005C,Unable to prosecute suspect
2e7bffbab7625a66b55e5f235490908165e869a919c2e9ab7098af4dc2b2e4d3,2016-12,Norfolk Constabulary,Norfolk Constabulary,1.726769,52.608879,On or near Parking Area,E01026597,Great Yarmouth 005C,Suspect charged
2cd18ac79c569e888b6deafede5c94b8feccffb5cfa40068a77cdfdc7fb7c9d8,2016-12,Norfolk Constabulary,Norfolk Constabulary,0.946754,52.680997,On or near MATSELL WAY,E01026426,Breckland 005B,Suspect charged
2cd18ac79c569e888b6deafede5c94b8feccffb5cfa40068a77cdfdc7fb7c9d8,2016-12,Norfolk Constabulary,Norfolk Constabulary,0.946754,52.680997,On or near MATSELL WAY,E01026426,Breckland 005B,Suspect charged
50eab11d842c2298ec5a48c73cbd921d276f890320660ac9a105660d084381ff,2016-12,Norfolk Constabulary,Norfolk Constabulary,1.735030,52.603869,On or near KENT SQUARE,E01026624,Great Yarmouth 006C,Formal action is not in the public interest
50eab11d842c2298ec5a48c73cbd921d276f890320660ac9a105660d084381ff,2016-12,Norfolk Constabulary,Norfolk Constabulary,1.735030,52.603869,On or near KENT SQUARE,E01026624,Great Yarmouth 006C,Formal action is not in the public interest
b89fe062b22272c69bd80d6b70363fe164495dbb78b44df72d758560d60ff435,2016-12,Norfolk Constabulary,Norfolk Constabulary,1.730332,52.613938,On or near KITCHENER ROAD,E01026595,Great Yarmouth 005A,Suspect charged
b376a44c0e96f329a94ee9d3926eab81a388c94403b7f9b2cb984a70ad02a2aa,2016-12,Norfolk Constabulary,Norfolk Constabulary,1.735664,52.613563,On or near SANDOWN ROAD,E01026595,Great Yarmouth 005A,Unable to prosecute suspect
92f843d4003fd014a207aada85833aea4086a1ac593b14a4c3103c9e1dfe7813,2016-12,Norfolk Constabulary,Norfolk Constabulary,1.261352,52.651500,On or near DRAYTON ROAD,E01026864,Norwich 006B,Suspect charged
b5a0f4e21573bd221884417d2a82bdd6a27d927fd125011a1556a3b987b97bfa,2016-12,Norfolk Constabulary,Norfolk Constabulary,0.847591,52.830054,On or near MARKET PLACE,E01026747,North Norfolk 011C,Offender given a caution
3a591015692fe49b9b500e74eff8b7b36613fe66fb9a278a9e204f5fb8c4e0f6,2016-12,Norfolk Constabulary,Norfolk Constabulary,1.291218,52.624268,On or near Supermarket,E01026822,Norwich 007A,Formal action is not in the public interest
73500273790e0500808fc7ed2f49c7c20519f82fbb954ff0ce278d3aa41e08df,2016-12,Norfolk Constabulary,Norfolk Constabulary,1.297173,52.617978,On or near Supermarket,E01026853,Norwich 011B,Suspect charged
4ed4da440745c107ff04aeca3e7a94403be7d6cafc4d1f11f8bc245eee23ce32,2016-12,Norfolk Constabulary,Norfolk Constabulary,0.403704,52.763439,On or near TURBUS ROAD,E01026688,King's Lynn and West Norfolk 007B,Formal action is not in the public interest
9f9a81112b7be7b8be42dced325f0331dbf1278c8c978cd8895b40a220ec0c2f,2016-12,Norfolk Constabulary,Norfolk Constabulary,1.325393,52.636435,On or near Supermarket,E01026804,Norwich 004B,Suspect charged
4ef2f0874e7240e5a4176c4743cbc91ca5d05bcbcfeb75382388dbe2f516aa9d,2016-12,Norfolk Constabulary,Norfolk Constabulary,1.301557,52.629493,On or near Nightclub,E01033438,Norwich 014A,Unable to prosecute suspect
44cd042580050ac628164871460b843748457d446b3cf2caafca86d9c4018564,2016-12,Norfolk Constabulary,Norfolk Constabulary,1.289118,52.615000,On or near CECIL ROAD,E01026852,Norwich 011A,Local resolution
b5b303bcc5eeba8c927e54fbac7b0b8d949ae7447da64485ae109931eada2c92,2016-12,Norfolk Constabulary,Norfolk Constabulary,1.653528,52.567728,On or near SHARMANS LOKE,E01026616,Great Yarmouth 012D,Unable to prosecute suspect
71474fe4b6776f2e3a83b63accc54aab13adde1a8e69c8721431841962ea4d3c,2016-12,Norfolk Constabulary,Norfolk Constabulary,1.301390,52.627267,On or near ST JOHN STREET,E01033440,Norwich 014C,Unable to prosecute suspect
4056691416f557eff8e2782a661578ff67a2fbc9d9bb918027aed223672acf5d,2016-12,Norfolk Constabulary,Norfolk Constabulary,1.289725,52.649465,On or near ALFRED NICHOLLS COURT,E01026800,Norwich 001D,Suspect charged
1c586f8db46016aac917dc904bd91ae5e35fff91dfbddf019beec338d4a816d5,2016-12,Norfolk Constabulary,Norfolk Constabulary,1.730330,52.610610,On or near Supermarket,E01026597,Great Yarmouth 005C,Formal action is not in the public interest
1c586f8db46016aac917dc904bd91ae5e35fff91dfbddf019beec338d4a816d5,2016-12,Norfolk Constabulary,Norfolk Constabulary,1.730330,52.610610,On or near Supermarket,E01026597,Great Yarmouth 005C,Suspect charged
082437f68dd7323dd1f628cc58638ce7f848e7b20f3faebbc815f6017cec0933,2016-12,Norfolk Constabulary,Norfolk Constabulary,1.728880,52.615972,On or near VICTORIA STREET,E01026595,Great Yarmouth 005A,Formal action is not in the public interest
64188bfa0efe25cc3c083ee4dd321a30650334299ef0ba39ce6e8e84d69ca500,2016-12,Norfolk Constabulary,Norfolk Constabulary,1.293790,52.626634,On or near Shopping Area,E01026822,Norwich 007A,Suspect charged
4e84e96790a816348ff86f84ff68781a6ebd8988971f5df7e95054af4892c61a,2016-12,Norfolk Constabulary,Norfolk Constabulary,0.404477,52.755673,On or near WYATT STREET,E01026698,King's Lynn and West Norfolk 011A,Formal action is not in the public interest
f7e29b884d5ef1155e17019278acd734f4f703a3ebba531b3ef625ed38ff4560,2016-12,Norfolk Constabulary,Norfolk Constabulary,1.292417,52.627050,On or near WILLIAM BOOTH STREET,E01026822,Norwich 007A,Offender given a caution
f7e29b884d5ef1155e17019278acd734f4f703a3ebba531b3ef625ed38ff4560,2016-12,Norfolk Constabulary,Norfolk Constabulary,1.292417,52.627050,On or near WILLIAM BOOTH STREET,E01026822,Norwich 007A,Offender given a caution
c22469ef5286ee6ea0de2f2509ce99453ca4f4678c5970f8f1d4e2f09653723a,2016-12,Norfolk Constabulary,Norfolk Constabulary,1.297173,52.617978,On or near Supermarket,E01026853,Norwich 011B,Suspect charged
4bdd723b06812444a94797389a35fbe72fd3c2bdd2d2f4f7035b3601cc64510e,2016-12,Norfolk Constabulary,Norfolk Constabulary,1.297173,52.617978,On or near Supermarket,E01026853,Norwich 011B,Suspect charged
3d5a9b808d351b691f2825fdd4eb64ae1015f492ced3eafe9220ba81d3a4b557,2016-12,Norfolk Constabulary,Norfolk Constabulary,0.403100,52.765385,On or near WALPOLE ROAD,E01026687,King's Lynn and West Norfolk 007A,Suspect charged
f13966f4eb2d6cd671b80be5bb9f935438322f488d896923c1970658b0e7b7f5,2016-12,Norfolk Constabulary,Norfolk Constabulary,1.289771,52.625864,On or near Shopping Area,E01026822,Norwich 007A,Suspect charged
c4b4c23bb5bab67675a3ca301d6ade3e726562574aa1b0317c12ea0ea2b969e3,2016-12,Norfolk Constabulary,Norfolk Constabulary,0.943978,52.389146,On or near Sports/Recreation Area,E01026441,Breckland 014C,Unable to prosecute suspect
a8666f64c3007d5579975c38b34409e0ab252056847fd1541708b7a368e642c0,2016-12,Norfolk Constabulary,Norfolk Constabulary,0.858740,52.554918,On or near HMP WAYLAND,E01033040,Breckland 010F,Suspect charged
188033f502ecf9ecc4010a50072435529bb0a3e6d4c1b8b2d289157b25ddaba7,2016-12,Norfolk Constabulary,Norfolk Constabulary,1.295876,52.627061,On or near Parking Area,E01026822,Norwich 007A,Local resolution
188033f502ecf9ecc4010a50072435529bb0a3e6d4c1b8b2d289157b25ddaba7,2016-12,Norfolk Constabulary,Norfolk Constabulary,1.295876,52.627061,On or near Parking Area,E01026822,Norwich 007A,Local resolution
0afe3d6d74aa96137978ae1c60ef01f9279572601f8f790d43ef24b199ba4017,2016-12,Norfolk Constabulary,Norfolk Constabulary,0.730449,52.412637,On or near MACKENZIE ROAD,E01026474,Breckland 017A,Formal action is not in the public interest
94b5c3e77844013a5c8ecc3ba8071a2a41ba84f86af42e58d58cd0df30f48e5a,2016-12,Norfolk Constabulary,Norfolk Constabulary,1.279121,52.634038,On or near PORTWAY PLACE,E01026824,Norwich 007C,Suspect charged
6df63be5faeda5243402317c75b7cf291082c0b2d8eeb0122fbc7f603dc9e5d1,2016-12,Norfolk Constabulary,Norfolk Constabulary,1.687294,52.699000,On or near MEADOW CLOSE,E01026607,Great Yarmouth 001C,Offender given a caution
ba5f2b034fef47b8126c90af9a73fa1a0e62cc658627bd9fb621840677af6a88,2016-12,Norfolk Constabulary,Norfolk Constabulary,1.206032,52.943421,On or near NORTH STREET,E01026770,North Norfolk 001A,Offender given a caution
ba5f2b034fef47b8126c90af9a73fa1a0e62cc658627bd9fb621840677af6a88,2016-12,Norfolk Constabulary,Norfolk Constabulary,1.206032,52.943421,On or near NORTH STREET,E01026770,North Norfolk 001A,Formal action is not in the public interest
7dbada68a76f593a9bc1c0fa06118c53def22eec30d9dfebe180a91e771441ab,2016-12,Norfolk Constabulary,Norfolk Constabulary,1.287335,52.634377,On or near BARN ROAD,E01026827,Norwich 007F,Suspect charged
652e4d1c678bf11519c8a84e497ce4599e20cb7dcb71fb2716cdabc70375debc,2016-12,Norfolk Constabulary,Norfolk Constabulary,1.300337,52.637226,On or near BULL CLOSE ROAD,E01026841,Norwich 003A,Unable to prosecute suspect
d6cfa1d30d16c503815857ab08a2740ace792c70fcc1f8556544658d6eb93662,2016-12,Norfolk Constabulary,Norfolk Constabulary,0.397297,52.744498,On or near WINFARTHING AVENUE,E01026706,King's Lynn and West Norfolk 011F,Local resolution
7cb9b902f01dcb085404f3ee7cd2b7c37761fb4cadcffa71cb0fb544ad73b87a,2016-12,Norfolk Constabulary,Norfolk Constabulary,0.413054,52.738441,On or near Supermarket,E01026704,King's Lynn and West Norfolk 011D,Suspect charged
5841aea67c3db258359a2b28328f1207c05287278267f705a987efb905a368ef,2016-12,Norfolk Constabulary,Norfolk Constabulary,1.295166,52.628430,On or near CASTLE MEADOW,E01026822,Norwich 007A,Unable to prosecute suspect
347605c30ea9812c962f0ff0ab3c19c911c62642db015ab3a54899593cbc93a4,2016-12,Norfolk Constabulary,Norfolk Constabulary,1.733096,52.538259,On or near TURIN WAY,E01026588,Great Yarmouth 013D,Formal action is not in the public interest
6301a29af3a60e2fcbeefeb80574ef5c722783ae0d7d46127bd3001b29547d2a,2016-12,Norfolk Constabulary,Norfolk Constabulary,1.298836,52.629857,On or near UPPER KING STREET,E01033438,Norwich 014A,Offender given penalty notice
b079dba7f36b578e7548f33d3f053dd32d4f05fbdeb417f264e22eba5593c19b,2016-12,Norfolk Constabulary,Norfolk Constabulary,1.310130,52.622841,On or near CARROW ROAD,E01033441,Norwich 014D,Suspect charged
d4a8ac9736436a7f493f5fd51b9a80bbb556ff642ea590009e4918081fb894f9,2016-12,Norfolk Constabulary,Norfolk Constabulary,1.295242,52.636711,On or near Parking Area,E01026826,Norwich 007E,Unable to prosecute suspect
ed812258b3bc8d7658e33c5d269bebe5f154728c6b26d91003f52b421e70fe47,2016-12,Norfolk Constabulary,Norfolk Constabulary,1.295876,52.627061,On or near Parking Area,E01026822,Norwich 007A,Offender given penalty notice
ed812258b3bc8d7658e33c5d269bebe5f154728c6b26d91003f52b421e70fe47,2016-12,Norfolk Constabulary,Norfolk Constabulary,1.295876,52.627061,On or near Parking Area,E01026822,Norwich 007A,Offender given penalty notice
26eb669cede25212f653a9d5f86c01b82ff6c19f3c58afa0968fe0774ea7ef5c,2016-12,Norfolk Constabulary,Norfolk Constabulary,1.292052,52.628490,On or near ST PETERS STREET,E01026822,Norwich 007A,Suspect charged
73515e0505c163d90e5e40ff90ba73bf5b2df00eb2268771aeda4c8736c3431c,2016-12,Norfolk Constabulary,Norfolk Constabulary,1.310667,52.628187,On or near ELLA ROAD,E01033439,Norwich 014B,Unable to prosecute suspect
8dda8372f9cd26c728a391539f5b1404f262e7a7157dec629e8fc5dec13fa061,2016-12,Norfolk Constabulary,Norfolk Constabulary,1.301805,52.629441,On or near Nightclub,E01033438,Norwich 014A,Offender given a caution
0d8d5ce7ca1a16c749122411213881f02585e1e3dd4fc16f07168e6894127544,2016-12,Norfolk Constabulary,Norfolk Constabulary,1.734478,52.598427,On or near KING'S ROAD,E01026626,Great Yarmouth 006E,Unable to prosecute suspect
1eece4d3c12c8c806fd30adc3cfd09e6c623caa3fb4f935f8a95b3201a714c95,2016-12,Norfolk Constabulary,Norfolk Constabulary,1.294439,52.629377,On or near Shopping Area,E01026823,Norwich 007B,Unable to prosecute suspect
5c362b331c7eaa426bf2fb179c7a07f71c85dbc774322247e1329b7357390dc7,2016-12,Norfolk Constabulary,Norfolk Constabulary,1.734478,52.598427,On or near KING'S ROAD,E01026626,Great Yarmouth 006E,Unable to prosecute suspect
0f9513d8af3668225256bef7e5f05427ae3d6a770e69e165df307ad505477e51,2016-12,Norfolk Constabulary,Norfolk Constabulary,1.718659,52.602271,On or near TAMWORTH LANE,E01026634,Great Yarmouth 007C,Formal action is not in the public interest
a9f97b3c3142ea5bbe89a6f826a086b8acf6caa5f02034f84b1f172dc82d5bf8,2016-12,Norfolk Constabulary,Norfolk Constabulary,1.732661,52.602586,On or near ST PETER'S ROAD,E01026624,Great Yarmouth 006C,Offender given a drugs possession warning
5b0171718e33fe71eb69d201f38a96d1085079764efe9b8acbb53f1e00876608,2016-12,Norfolk Constabulary,Norfolk Constabulary,1.272903,52.649158,On or near GRESHAM ROAD,E01026834,Norwich 002G,Offender given a caution
12b5559d963977f45d2e6ad03fbf112ac7fb12770d070ee0312d4a2f822b0be9,2016-12,Norfolk Constabulary,Norfolk Constabulary,1.657294,52.586896,On or near CHURCH ROAD,E01026614,Great Yarmouth 012B,Unable to prosecute suspect
a175d0750e0ef9915dc9750f2edcfcb46d4fd40794890154df1d0fd45d048e7a,2016-12,Norfolk Constabulary,Norfolk Constabulary,1.283865,52.645670,On or near AYLSHAM ROAD,E01026829,Norwich 002B,Suspect charged
c188875f5903f575835d678286ab79f74de457c9b0683fa0810296b0c683076d,2016-12,Norfolk Constabulary,Norfolk Constabulary,1.300846,52.610824,On or near LONG JOHN HILL,E01026819,Norwich 013D,Suspect charged
c3a3213dadd744deb854acbc943c3cb62805adca9bac32d09662dfd8a78aba4b,2016-12,Norfolk Constabulary,Norfolk Constabulary,,,No location,,,Local resolution
95f72b5a5d04772fdd75c010e8fd1948ee5d8aca1268eb9451dafd1bcac8d521,2016-12,Norfolk Constabulary,Norfolk Constabulary,1.718644,52.573344,On or near ST CATHERINE'S WAY,E01026604,Great Yarmouth 009D,Formal action is not in the public interest
d63f3257f2f9a9a097d50f7719148625027b9e0cedf663026b03a2551a8aa8d6,2016-12,Norfolk Constabulary,Norfolk Constabulary,1.257909,52.632654,On or near BOWTHORPE ROAD,E01026863,Norwich 006A,Suspect charged
ce87974863922e2916a70106ab5d22f682f98ce060999bd06581329cbe68399b,2016-12,Norfolk Constabulary,Norfolk Constabulary,1.727820,52.606813,On or near REGENT ROAD,E01026623,Great Yarmouth 006B,Offender given a caution
cfdd221395aafc860c653deb5d367da26ac30c2cc468c38b1720732a91d7d4e7,2016-12,Norfolk Constabulary,Norfolk Constabulary,1.731640,52.601871,On or near WELL ROAD,E01026624,Great Yarmouth 006C,Unable to prosecute suspect
5dc3c14e73991f35e25639b32655503f40b3cd334d177dea80228f5ffacfbdd6,2016-12,Norfolk Constabulary,Norfolk Constabulary,0.414993,52.762518,On or near Sports/Recreation Area,E01026690,King's Lynn and West Norfolk 007D,Unable to prosecute suspect
3c4cbf156b3d851e03d33a8fbfc3122e0f57543f26d778d040e612e5429a7e2e,2016-12,Norfolk Constabulary,Norfolk Constabulary,1.257909,52.632654,On or near BOWTHORPE ROAD,E01026863,Norwich 006A,Suspect charged
a916f974c86e7acbc3d4fc5c9fe60a6f6db583873f371904ab529d3d4b1e5388,2016-12,Norfolk Constabulary,Norfolk Constabulary,1.295876,52.627061,On or near Parking Area,E01026822,Norwich 007A,Offender given penalty notice
e0b655c44928dcf59167f7c3e6673a44eaa283885c52234304f95577d2b5a7b3,2016-12,Norfolk Constabulary,Norfolk Constabulary,1.235433,52.629143,On or near SARAH WILLIMAN CLOSE,E01026861,Norwich 010D,Offender given a drugs possession warning
151222d6b2dce590fb0b9496faa4875fb7914b2ff31d8620fd3ff371cafa06f8,2016-12,Norfolk Constabulary,Norfolk Constabulary,1.251837,52.629907,On or near BEVERLEY CLOSE,E01026868,Norwich 006F,Unable to prosecute suspect
e3d069d0115462ba041cee1bdfb52f29951e31c42c2694a8b8c38a0a4f6a2e0e,2016-12,Norfolk Constabulary,Norfolk Constabulary,1.308789,52.652450,On or near CHARTWELL COURT,E01026802,Norwich 001F,Unable to prosecute suspect
2385545feba2e463ecedcd6a54834535ff3536cfe5a5ce82504f9b91293ba879,2016-12,Norfolk Constabulary,Norfolk Constabulary,0.401946,52.747659,On or near JOHN STREET,E01026700,King's Lynn and West Norfolk 011C,Offender given a drugs possession warning
428ecd23a4588c9030de60d64cf9abe0b2ecdf616ca4d98e172c541f42cbda98,2016-12,Norfolk Constabulary,Norfolk Constabulary,1.727058,52.609841,On or near MARKET PLACE,E01026597,Great Yarmouth 005C,Suspect charged
80f0245f748f6b1683a6558e722df3d09cdc44f39058e2b1dcb92950c367d7b4,2016-12,Norfolk Constabulary,Norfolk Constabulary,1.301230,52.624358,On or near MUSIC HOUSE LANE,E01033440,Norwich 014C,Local resolution
457d73e38d5416a1075290fc9a76a050c203f7ba6e1ea72b7c433bf136a6d617,2016-12,Norfolk Constabulary,Norfolk Constabulary,1.298268,52.625061,On or near THORN LANE,E01026822,Norwich 007A,Formal action is not in the public interest
57f31224d4e69dfe6a1b990ac6826062d8743657b1805240c0f2105a3e5ee011,2016-12,Norfolk Constabulary,Norfolk Constabulary,1.287569,52.626069,On or near CHAPEL FIELD ROAD,E01033437,Norwich 011H,Offender given a caution
fda40a9f0344aa3ef8218ff503a72b66ac45e3e041064a755f0fce824f11638f,2016-12,Norfolk Constabulary,Norfolk Constabulary,1.288497,52.605340,On or near GILCHRIST CLOSE,E01026820,Norwich 013E,Suspect charged
3e7412047d61a84a150bcd63a03f73fae5a9ac031ae346297d5d613063a709c4,2016-12,Norfolk Constabulary,Norfolk Constabulary,1.301390,52.627267,On or near ST JOHN STREET,E01033440,Norwich 014C,Formal action is not in the public interest
e1aa5225fee3573ed952d4822b52b1a8ed0a4ad12bdc8f2a9082ca1ec697adf8,2016-12,Norfolk Constabulary,Norfolk Constabulary,1.709302,52.575131,On or near LONG LANE,E01026603,Great Yarmouth 009C,Offender given a drugs possession warning
83eb48d79bb6f2334ee9a0b5f3c34a096714a8a1cf668c63b8cd29f8c90d72b5,2016-12,Norfolk Constabulary,Norfolk Constabulary,1.727994,52.573401,On or near ROYAL ALBERT COURT,E01026631,Great Yarmouth 010E,Unable to prosecute suspect
5900031b23eb7d07f5d956fc44f333683da3d566bf489abf9b9fce15880daeb4,2016-12,Norfolk Constabulary,Norfolk Constabulary,1.292607,52.654961,On or near CATTON GROVE ROAD,E01026543,Broadland 009D,Suspect charged
830916798675f8d68fdad0f0e4968caf1b3c1aa52d171f96838ed105151ef32a,2016-12,Norfolk Constabulary,Norfolk Constabulary,1.287517,52.632069,On or near ST SWITHINS ROAD,E01026822,Norwich 007A,Suspect charged
c6f65c48a18ab0fef5a28e22efa18b01bc6a9b0a7f465465dfd8e73a77a65662,2016-12,Norfolk Constabulary,Norfolk Constabulary,1.317599,52.637562,On or near Prison,E01026806,Norwich 004D,Offender given penalty notice
e19bd0002cc4343a0151d3ba23fc1075c7c29a09ea74b5aa25203c7b6a9d14fd,2016-12,Norfolk Constabulary,Norfolk Constabulary,1.716610,52.599016,On or near THAMESFIELD WAY,E01026634,Great Yarmouth 007C,Suspect charged
cc1419872d0464d6283ab5f55e47df3394bffc908208dc4ffc36a5516e1bc2ce,2016-12,Norfolk Constabulary,Norfolk Constabulary,1.716610,52.599016,On or near THAMESFIELD WAY,E01026634,Great Yarmouth 007C,Suspect charged
6e911fd2a288eef92ebe50b2998f88ad1069fc8bc5dd7a2a30e9fee9e717085b,2016-12,Norfolk Constabulary,Norfolk Constabulary,1.734604,52.599205,On or near SHADINGFIELD CLOSE,E01026626,Great Yarmouth 006E,Unable to prosecute suspect
b6a9ef9b45b83fc7d0fbc6a80b443995d0203d2ac5c7975103a5cce9e9a46327,2016-12,Norfolk Constabulary,Norfolk Constabulary,1.733617,52.610525,On or near Bus/Coach Station,E01026598,Great Yarmouth 005D,Suspect charged
9e72356c9c6948f997f7635672e20dd45f1d6a2357bd18dff282ae30c407ed25,2016-12,Norfolk Constabulary,Norfolk Constabulary,1.300288,52.641094,On or near CHURCHILL ROAD,E01026845,Norwich 003E,Unable to prosecute suspect
a8b86a1ac6f3e8ac296cc0a787b0664c57626de0452d6dfa596488e60c3933b7,2016-12,Norfolk Constabulary,Norfolk Constabulary,1.295876,52.627061,On or near Parking Area,E01026822,Norwich 007A,Suspect charged
1927daf808db8a31f1422ba3bbae940cd1c5c40456c9dd842e20395d385e19bc,2016-12,Norfolk Constabulary,Norfolk Constabulary,1.727011,52.640569,On or near Supermarket,E01026594,Great Yarmouth 003F,Offender given penalty notice
ae3d6144c34ec8b485093d43b83ed9fe8a175da6f140d152454f0c8f84216819,2016-12,Norfolk Constabulary,Norfolk Constabulary,1.299046,52.626370,On or near NORMANS BUILDINGS,E01033440,Norwich 014C,Suspect charged
606c12d1656cf971b5591ed21797624c7f3062dd82ef8ef8b2a6c65b5cbb35ce,2016-12,Norfolk Constabulary,Norfolk Constabulary,1.299046,52.626370,On or near NORMANS BUILDINGS,E01033440,Norwich 014C,Unable to prosecute suspect
0e0b09d904ef55ebd349efe510874e352326d9018f98cbe0df338df731f112fb,2016-12,Norfolk Constabulary,Norfolk Constabulary,0.209201,52.641550,On or near GAULTREE SQUARE,E01026660,King's Lynn and West Norfolk 016B,Unable to prosecute suspect
aaeb4b09be046def2033191d6bf8057a2314740b359036b573397bc5dc1c6417,2016-12,Norfolk Constabulary,Norfolk Constabulary,1.206032,52.943421,On or near NORTH STREET,E01026770,North Norfolk 001A,Offender given a caution
c1453734351139269181ce4e5edbadb08612b23883ef99a4963bdce2dd40f4b7,2016-12,Norfolk Constabulary,Norfolk Constabulary,1.299046,52.626370,On or near NORMANS BUILDINGS,E01033440,Norwich 014C,Unable to prosecute suspect
6895c802b39de8961ea0f928fa419c76edcdc77aedfb4beb0a1df25e8bdd36b2,2016-12,Norfolk Constabulary,Norfolk Constabulary,1.206032,52.943421,On or near NORTH STREET,E01026770,North Norfolk 001A,Offender given a caution
2cfe07caf7ce3511925eadaf3a7efa2fb8860c710ef2b95241ac1d16f901cdff,2016-12,Norfolk Constabulary,Norfolk Constabulary,1.206032,52.943421,On or near NORTH STREET,E01026770,North Norfolk 001A,Offender given a caution
9cc2b706b0090d4bde74466abb75c52d2781d784d223c0e98f1e8bc3bfe06d50,2016-12,Norfolk Constabulary,Norfolk Constabulary,1.279121,52.634038,On or near PORTWAY PLACE,E01026824,Norwich 007C,Suspect charged
2a4a7308bbeec6b57d9757cf45b9f9dd07a740211f9a3727e48e352c7b8eb60a,2016-12,Norfolk Constabulary,Norfolk Constabulary,1.727816,52.617886,On or near VAUXHALL TERRACE,E01026599,Great Yarmouth 004A,Unable to prosecute suspect
a28943d8c4974ea96487ff22275c893fdb129e10528afce793162a5eaaf073f4,2016-12,Norfolk Constabulary,Norfolk Constabulary,1.716610,52.599016,On or near THAMESFIELD WAY,E01026634,Great Yarmouth 007C,Offender given a caution
80619efc813fc52de8fce822c92315d164b5b9bfa9180e25c17a6f4053d98ec2,2016-12,Norfolk Constabulary,Norfolk Constabulary,1.294860,52.625929,On or near WESTLEGATE,E01026822,Norwich 007A,Formal action is not in the public interest
6047eb9346363aef5baa22ffc111b7bfcee2803b5293ce8add0fa5d69bd2062a,2016-12,Norfolk Constabulary,Norfolk Constabulary,0.429627,52.769781,On or near Petrol Station,E01026669,King's Lynn and West Norfolk 006A,Suspect charged
6047eb9346363aef5baa22ffc111b7bfcee2803b5293ce8add0fa5d69bd2062a,2016-12,Norfolk Constabulary,Norfolk Constabulary,0.429627,52.769781,On or near Petrol Station,E01026669,King's Lynn and West Norfolk 006A,Suspect charged
08f731e946b75bf25c76da76e6866ac3b93c25de4cae6a0e1aa78e0d012effeb,2016-12,Norfolk Constabulary,Norfolk Constabulary,1.293790,52.626634,On or near Shopping Area,E01026822,Norwich 007A,Suspect charged
44984f735f68dc51928c81e6ec654217da007c219c88270271cb14bcbfae8d92,2016-12,Norfolk Constabulary,Norfolk Constabulary,1.291389,52.637367,On or near THE LATHES,E01026826,Norwich 007E,Offender given a caution
9b5d0358e7f2df0e51c1e0ccd40195a264b7742ec6c2abf6e73ae687bb55bcd9,2016-12,Norfolk Constabulary,Norfolk Constabulary,1.295910,52.640281,On or near Supermarket,E01026846,Norwich 003F,Suspect charged
7b0c4f75559c99a09d01c9b4042693dc4e1f93c33224f7bfcb4496e643a2393b,2016-12,Norfolk Constabulary,Norfolk Constabulary,1.305884,52.627871,On or near PRINCE OF WALES ROAD,E01033438,Norwich 014A,Suspect charged
ea49c325a1437859e1e3e4ff7755d682032a53787aa8c1be471b01ee85bc8bcd,2016-12,Norfolk Constabulary,Norfolk Constabulary,1.334348,52.626667,On or near YARMOUTH ROAD,E01026577,Broadland 016D,Offender given a caution
b4b5fb1337be0b19d53b5c47ce17638dfb1277cab69ba3e2597434189a87eb74,2016-12,Norfolk Constabulary,Norfolk Constabulary,1.292417,52.627050,On or near WILLIAM BOOTH STREET,E01026822,Norwich 007A,Local resolution
f98eff759e5ed01f657e759237231963187fc31e02715c9d91720e7b6d46fa0b,2016-12,Norfolk Constabulary,Norfolk Constabulary,1.282550,52.620219,On or near ALLENS LANE,E01026855,Norwich 011D,Unable to prosecute suspect
45d7bd5aff6546f56b50054e91906e091ba48b02764bde6ea1555b84d3a6148b,2016-12,Norfolk Constabulary,Norfolk Constabulary,1.291389,52.637367,On or near THE LATHES,E01026826,Norwich 007E,Unable to prosecute suspect
008109ebf793975ac2850749130781c74547b1a4ede02c5ecf573781273d83cd,2016-12,Norfolk Constabulary,Norfolk Constabulary,1.734253,52.606187,On or near RUSSELL ROAD,E01026623,Great Yarmouth 006B,Formal action is not in the public interest
4d111012d0115b48880ac3b1d66093cc3ec0713d38e29761fd0b4e6a5e2c8050,2016-12,Norfolk Constabulary,Norfolk Constabulary,1.728473,52.597986,On or near SELBY PLACE,E01026626,Great Yarmouth 006E,Formal action is not in the public interest
ed816c990d84c5de173c4d3de2c7b54b5f62c9ebdca1bbc0e632f8b72dc959aa,2016-12,Norfolk Constabulary,Norfolk Constabulary,,,No location,,,Suspect charged
cc32215d2696cee929b843d4e8479942148404e51115177ac59c6e317e7dcdd9,2016-12,Norfolk Constabulary,Norfolk Constabulary,1.219540,52.637733,On or near SWAFIELD STREET,E01026792,Norwich 005B,Local resolution
cc32215d2696cee929b843d4e8479942148404e51115177ac59c6e317e7dcdd9,2016-12,Norfolk Constabulary,Norfolk Constabulary,1.219540,52.637733,On or near SWAFIELD STREET,E01026792,Norwich 005B,Local resolution
1b5b7860ee23baf67527ebb452fe2691890fdf6d5718c84aaa006729a8ea999c,2016-12,Norfolk Constabulary,Norfolk Constabulary,1.296870,52.642431,On or near MAGDALEN ROAD,E01026846,Norwich 003F,Suspect charged
2692e3258067cb792d014a4fc4fef009b4f7e4e62ea6fd35e9a95e733f827a94,2016-12,Norfolk Constabulary,Norfolk Constabulary,1.731711,52.600799,On or near MALAKOFF CLOSE,E01026626,Great Yarmouth 006E,Local resolution
4a37865857e488d520cb30b236c014048390fc077a0d83b1956e94c7e3e1e67b,2016-12,Norfolk Constabulary,Norfolk Constabulary,1.701062,52.699857,On or near KINGS LOKE,E01026607,Great Yarmouth 001C,Formal action is not in the public interest
4bcca59699484cc49af3dea6469a171c6b042e99d7d34b5c6eb0ea0133e0a86e,2016-12,Norfolk Constabulary,Norfolk Constabulary,1.228934,52.633016,On or near CRESSWELL CLOSE,E01033436,Norwich 005H,Unable to prosecute suspect
e3acf7d3c1f21d938b88306c68f152eb02a9567674c690a995b782e9dbd8f637,2016-12,Norfolk Constabulary,Norfolk Constabulary,1.285812,52.608338,On or near SCARLET ROAD,E01026820,Norwich 013E,Local resolution
eef372820a7e3d80eca520cb786908c5f088d516713a125ce4d3721bfc04c2e5,2016-12,Norfolk Constabulary,Norfolk Constabulary,1.728654,52.601678,On or near MIDDLEGATE,E01026625,Great Yarmouth 006D,Formal action is not in the public interest
98340dedbd75f9b72054a653885441a50d3b7fdc2a42de889c7c7ec587693ff3,2016-12,Norfolk Constabulary,Norfolk Constabulary,1.285812,52.608338,On or near SCARLET ROAD,E01026820,Norwich 013E,Local resolution
24f8be0e424e3df3863a226989e96d41ae77cac286606fcd7794714bb81e484b,2016-12,Norfolk Constabulary,Norfolk Constabulary,1.727606,52.576660,On or near SUSSEX ROAD,E01026630,Great Yarmouth 010D,Unable to prosecute suspect
41ad86995c64d4ef57135d4e6648cd0d11fb6725bdea48c36a13f5bb840f0085,2016-12,Norfolk Constabulary,Norfolk Constabulary,1.279186,52.635502,On or near DEVONSHIRE STREET,E01026827,Norwich 007F,Formal action is not in the public interest
dc5f58defdab249876a930c1b1a3d5eb26ce33ad511e192ed5bfea2a429f8d86,2016-12,Norfolk Constabulary,Norfolk Constabulary,1.717979,52.561663,On or near Hospital,E01026617,Great Yarmouth 011A,Formal action is not in the public interest
cde9107e6e9479658bae544b3e53b5708888b547433db30b3bafa0a1bac9e48d,2016-12,Norfolk Constabulary,Norfolk Constabulary,1.732838,52.595294,On or near DICKENS AVENUE,E01026626,Great Yarmouth 006E,Offender given a caution
ff234ee0ad8ec35591ab72eae29146e4b22af12da49b00c1185ae7cc7c099fd7,2016-12,Norfolk Constabulary,Norfolk Constabulary,1.299657,52.640572,On or near KNOWSLEY ROAD,E01026845,Norwich 003E,Suspect charged
e19173efe00b0b225740b94babc540d4a14a4aaf0fb6a9e65f00a291a3999210,2016-12,Norfolk Constabulary,Norfolk Constabulary,1.293790,52.626634,On or near Shopping Area,E01026822,Norwich 007A,Suspect charged as part of another case
cb800be29f6f41d0e9ccc48371ab5e4c01425cadb1c62d7a95f04af8ad1ba3c5,2016-12,Norfolk Constabulary,Norfolk Constabulary,1.293790,52.626634,On or near Shopping Area,E01026822,Norwich 007A,Suspect charged as part of another case
79fc00172935e2f056dad4eb32c0da3d7ed3a1c10a4531851cda31b242262cf3,2016-12,Norfolk Constabulary,Norfolk Constabulary,1.293790,52.626634,On or near Shopping Area,E01026822,Norwich 007A,Suspect charged as part of another case
a6015eadc9c30d711fbcba3f4f764d2b791280f5966d165a338092e71b06a8a4,2016-12,Norfolk Constabulary,Norfolk Constabulary,1.294439,52.629377,On or near Shopping Area,E01026823,Norwich 007B,Suspect charged
c87b5e3a32e04a5090f6fcfd23334432d458f667d10885e5319ed1f2846795c9,2016-12,Norfolk Constabulary,Norfolk Constabulary,1.722169,52.561297,On or near KENNEDY AVENUE,E01026611,Great Yarmouth 010B,Local resolution
8e6d23faee6abe38f789026ece414bdfb671973888f260db7d5a92e816edeec9,2016-12,Norfolk Constabulary,Norfolk Constabulary,1.731711,52.600799,On or near MALAKOFF CLOSE,E01026626,Great Yarmouth 006E,Unable to prosecute suspect
b9db54c385a034703eff4e33198f6489a5286b011c1c2768e852111fa2042a11,2016-12,Norfolk Constabulary,Norfolk Constabulary,1.303065,52.628516,On or near Nightclub,E01033438,Norwich 014A,Unable to prosecute suspect
738aba3912bd5ed826f5589f6b595bb06cf6326cb00232db683754d8e6287e11,2016-12,Norfolk Constabulary,Norfolk Constabulary,1.713586,52.604301,On or near VINCENT CLOSE,E01026635,Great Yarmouth 007D,Suspect charged
383aad616fd78357894c58232706b373f2e46f31c2bf9b4122279ee54b81a517,2016-12,Norfolk Constabulary,Norfolk Constabulary,1.295913,52.630892,On or near Parking Area,E01033438,Norwich 014A,Suspect charged
4d6d5fdf27d6b756feca54e3c18240c9a900d6cfa0d2c4a1732ea07e95479d2d,2016-12,Norfolk Constabulary,Norfolk Constabulary,1.295913,52.630892,On or near Parking Area,E01033438,Norwich 014A,Suspect charged
bc8b24baa834f39c668715590702912c28867a19916c1e0697d0105c71a9a300,2016-12,Norfolk Constabulary,Norfolk Constabulary,0.416957,52.740178,On or near SCANIA WAY,E01026704,King's Lynn and West Norfolk 011D,Suspect charged
dcc793c44eec985aac386e9933ffd66964d8e37815b9f04442090b9e4322ae71,2016-12,Norfolk Constabulary,Norfolk Constabulary,,,No location,,,Offender given a caution
10d46c9ee1292f43d4c68aa2fda6d730b07fc709962a0cff386d9d55d7642116,2016-12,Norfolk Constabulary,Norfolk Constabulary,1.295913,52.630892,On or near Parking Area,E01033438,Norwich 014A,Suspect charged
a84288c20354948daff22c0e7b8e65ec9d55a0e6640ef0bc8ed28c3caa0b3f8e,2016-12,Norfolk Constabulary,Norfolk Constabulary,1.293790,52.626634,On or near Shopping Area,E01026822,Norwich 007A,Local resolution
bba1def9a58334b7bf0a8bf91da6e858f22dd692fa6ecf7d6f2f42345972c9b3,2016-12,Norfolk Constabulary,Norfolk Constabulary,1.295369,52.639379,On or near STACY ROAD,E01026846,Norwich 003F,Suspect charged
9300fcc5895cca5e285cfe64b0dd5b5dbb2bda4ae6fd394cf55ee1631486e829,2016-12,Norfolk Constabulary,Norfolk Constabulary,1.185309,52.653489,On or near WILLIAM FROST WAY,E01033538,South Norfolk 001G,Offender given a caution
c72f404d9efc0aa1236dc43d0cb049285023f9cd4b08d53c501f0f57d06d773e,2016-12,Norfolk Constabulary,Norfolk Constabulary,0.397982,52.754258,On or near Supermarket,E01026698,King's Lynn and West Norfolk 011A,Suspect charged
eed0bee271a659ac80647a5a3f486747268671286581735f5d9b67a93ceddba5,2016-12,Norfolk Constabulary,Norfolk Constabulary,0.396193,52.754339,On or near Shopping Area,E01026699,King's Lynn and West Norfolk 011B,Suspect charged
525e00f7a7488cc86838030db49fbd1b82ae82caa9caec1480c69411fe7d694b,2016-12,Norfolk Constabulary,Norfolk Constabulary,1.733728,52.609919,On or near EUSTON ROAD,E01026598,Great Yarmouth 005D,Suspect charged
f9e54ef1fb9cfbb3d18d22e07025912afdf885c1c4219a6cf4dd08e604134ce8,2016-12,Norfolk Constabulary,Norfolk Constabulary,1.382835,52.567398,On or near CHURCH ROAD,E01026929,South Norfolk 008E,Offender given a caution
6a1c8ba1c51bb3b747a21495bccd3bac24010cdd48440d11c82d98eff5ef7efb,2016-12,Norfolk Constabulary,Norfolk Constabulary,1.135556,52.576126,On or near PENFOLD DRIVE,E01026945,South Norfolk 007D,Suspect charged
f7b494565072677493aea520ba1aef0e68a455f68c9cc2edad7ddb842df30e51,2016-12,Norfolk Constabulary,Norfolk Constabulary,1.325272,52.627040,On or near OAK LODGE,E01026849,Norwich 015B,Unable to prosecute suspect
0a532937fc9dcd9c69962e3afabf53b5eafa80cb56db7f21e5812a8216d05b94,2016-12,Norfolk Constabulary,Norfolk Constabulary,1.281618,52.688875,On or near WEAVERS CLOSE,E01026549,Broadland 005A,Unable to prosecute suspect
440dca912d2e5f48ea7c09fabe9dcf3e9383a53f51bbbff6b9b2be7f4e04c382,2016-12,Norfolk Constabulary,Norfolk Constabulary,0.738058,52.413918,On or near Pedestrian Subway,E01026474,Breckland 017A,Unable to prosecute suspect
87bb71f736218ae4f159a469895984e0c2a05a732ae51dab04f444727acbf1e9,2016-12,Norfolk Constabulary,Norfolk Constabulary,1.301948,52.628790,On or near ST VEDAST STREET,E01033438,Norwich 014A,Suspect charged
d6fdc707c46fc69d17f583953f11ab9d1b6bd1524a8671ded37207fd66079859,2016-12,Norfolk Constabulary,Norfolk Constabulary,1.298566,52.629613,On or near Nightclub,E01033438,Norwich 014A,Offender given a caution
65c43b06db6a583e2c70c968af85dac2961ba62b0dc3fc5866fa3ab3c1adedc8,2016-12,Norfolk Constabulary,Norfolk Constabulary,0.406977,52.766070,On or near COULTON CLOSE,E01026687,King's Lynn and West Norfolk 007A,Offender given a caution
9dfbac0b15d892a6fe9bb19ab37d07de86d697d3a60a9cf63bbe7e2af30132bc,2016-12,Norfolk Constabulary,Norfolk Constabulary,0.553414,52.462851,On or near LAKELAND,E01026648,King's Lynn and West Norfolk 019A,Offender given a caution
d918448b16f086b2ad152e69a61f6eb72fde6457d32eae82cc8941a79f96f871,2016-12,Norfolk Constabulary,Norfolk Constabulary,0.787122,52.606742,On or near THE GREEN,E01026495,Breckland 008D,Offender given a caution
eb222b33647a9f22bf10c3e8d5d0a6337eb8cd9cb9a2eb4d8d05088c76cb4b06,2016-12,Norfolk Constabulary,Norfolk Constabulary,1.298422,52.629266,On or near AGRICULTURAL HALL PLAIN,E01033438,Norwich 014A,Suspect charged
b5ba25583148e272ce26846a6b80cab9326aa3bc3441ec44b2d88db612c825e6,2016-12,Norfolk Constabulary,Norfolk Constabulary,1.298836,52.629857,On or near UPPER KING STREET,E01033438,Norwich 014A,Offender given a caution
e20611167672a893362fc83d1fef906907f9ba055dc60fc8cb031fa664f5e225,2016-12,Norfolk Constabulary,Norfolk Constabulary,1.294439,52.629377,On or near Shopping Area,E01026823,Norwich 007B,Unable to prosecute suspect
e20611167672a893362fc83d1fef906907f9ba055dc60fc8cb031fa664f5e225,2016-12,Norfolk Constabulary,Norfolk Constabulary,1.294439,52.629377,On or near Shopping Area,E01026823,Norwich 007B,Formal action is not in the public interest
25fb2634da101756da62c5b0cb7fdef988a3dee8c16ac65a091f9105a2acafae,2016-12,Norfolk Constabulary,Norfolk Constabulary,1.733732,52.609091,On or near SOUTHAMPTON PLACE,E01026598,Great Yarmouth 005D,Suspect charged
f151a5198ef240de3e3d71fa03cb999f7c4ee19cd2725b156b0430b93aa2b62d,2016-12,Norfolk Constabulary,Norfolk Constabulary,1.720817,52.601070,On or near LICHFIELD ROAD,E01026633,Great Yarmouth 007B,Unable to prosecute suspect
3bbb1f06db2256517b40542e0d979ff7a1a3541c7c312a8f5637d0492f31c1e9,2016-12,Norfolk Constabulary,Norfolk Constabulary,,,No location,,,Unable to prosecute suspect
75ae361abe0ee832d2f06f4800ba65418c095e498e30e4ee454fc2dd06b7ae45,2016-12,Norfolk Constabulary,Norfolk Constabulary,,,No location,,,Unable to prosecute suspect
654915af72316877953a4a7a17fda99b81659a3c6058ec2331f72e20527a2b0e,2016-12,Norfolk Constabulary,Norfolk Constabulary,,,No location,,,Unable to prosecute suspect
c7ff8077b9399b9ac4d1cba9b7e4f960073e200798eafb282d3af5e09adac796,2016-12,Norfolk Constabulary,Norfolk Constabulary,1.261352,52.651500,On or near DRAYTON ROAD,E01026864,Norwich 006B,Offender given penalty notice
0abb6a98ac081a6db66171b964470fda5d8b7f8bf9d62572abe95dffdc514361,2016-12,Norfolk Constabulary,Norfolk Constabulary,1.727606,52.576660,On or near SUSSEX ROAD,E01026630,Great Yarmouth 010D,Suspect charged
f6732890f41e594136ba90403c8fd36d5a729f83b70cec8fe32e5538e8488de6,2016-12,Norfolk Constabulary,Norfolk Constabulary,1.421142,52.785046,On or near BARNARDS ROAD,E01026790,North Norfolk 012E,Offender given a caution
a63a4732ee5de69997feb9a2024190cb55e3823f7f8c9cd4b80351a266819cde,2016-12,Norfolk Constabulary,Norfolk Constabulary,1.185090,52.396497,On or near THE STREET,E01026887,South Norfolk 014D,Formal action is not in the public interest
05f3c7f219d6e90f7ec0d7f81e8d934e3202c748eccf4bbf0ef533d1245d9297,2016-12,Norfolk Constabulary,Norfolk Constabulary,0.489989,52.940629,On or near Shopping Area,E01026683,King's Lynn and West Norfolk 001D,Suspect charged
bd185bdb67ba132ea20889b7272bd3c733d80a8df62d0c601e45df364ff14538,2016-12,Norfolk Constabulary,Norfolk Constabulary,0.858740,52.554918,On or near HMP WAYLAND,E01033040,Breckland 010F,Formal action is not in the public interest
bd185bdb67ba132ea20889b7272bd3c733d80a8df62d0c601e45df364ff14538,2016-12,Norfolk Constabulary,Norfolk Constabulary,0.858740,52.554918,On or near HMP WAYLAND,E01033040,Breckland 010F,Formal action is not in the public interest
bc7050203e40a04a18f0ba33e5f5bd5b517e7e5bd271ba063a9ca1606358dd30,2016-12,Norfolk Constabulary,Norfolk Constabulary,1.293950,52.629354,On or near Shopping Area,E01026823,Norwich 007B,Suspect charged
454927c26636542d5b86e543e03697e5372f601fa4ad2f50b5403d37ca8eda8f,2016-12,Norfolk Constabulary,Norfolk Constabulary,0.957462,52.678958,On or near GALLOWAY CLOSE,E01026426,Breckland 005B,Formal action is not in the public interest
7ec3e43ecab1aeb8ad9f8cee4f8b5badb0c45335978273fadaad72f0f481ed46,2016-12,Norfolk Constabulary,Norfolk Constabulary,1.304757,52.628217,On or near PRINCE OF WALES ROAD,E01033439,Norwich 014B,Suspect charged
2a03ff8b48ec63dc35dd05c1f22b7f9926a1cb149d5714e5896e5572a2820065,2016-12,Norfolk Constabulary,Norfolk Constabulary,0.417468,52.720494,On or near Sports/Recreation Area,E01026724,King's Lynn and West Norfolk 014E,Unable to prosecute suspect
9c3d5c54e4c65810a74605a7ca8186f4c27ad0df51de0998b86f416a231cce4c,2016-12,Norfolk Constabulary,Norfolk Constabulary,1.728495,52.606765,On or near Shopping Area,E01026623,Great Yarmouth 006B,Suspect charged
bfe13ec28dfc36ec082a2f90a0db59d36b7b408da2129367b01725bd4ae3eb59,2016-12,Norfolk Constabulary,Norfolk Constabulary,0.735303,52.418595,On or near YORK WAY,E01026467,Breckland 015C,Suspect charged
5efea4d83a6dcbe6e2aeb5bbc1545b09d429c53716f0e4272431ad20e7d172a7,2016-12,Norfolk Constabulary,Norfolk Constabulary,1.300355,52.620587,On or near KENSINGTON PLACE,E01026816,Norwich 013A,Offender given a drugs possession warning
cb2f6ddb6d210a87ad14be2706505e5a98c7f41aacae7e62fc7d4d0a40ab7fd4,2016-12,Norfolk Constabulary,Norfolk Constabulary,1.268778,52.803923,On or near Aylsham Police Station,E01026503,Broadland 001E,Suspect charged
ced86d6e236526f5461a2a8af57e6e8592b9d23dd6ef170a107bd585641d9b96,2016-12,Norfolk Constabulary,Norfolk Constabulary,1.285091,52.637560,On or near BARKER STREET,E01026827,Norwich 007F,Suspect charged
499142c2eb420ab9f22a8f2118fb352bd6e834d4161eebc9e3109d3456e9cf86,2016-12,Norfolk Constabulary,Norfolk Constabulary,1.285091,52.637560,On or near BARKER STREET,E01026827,Norwich 007F,Suspect charged
b1021c76619ecfc0a6e06d2d303ba9971493abbe846eff731d60c1920d957dcb,2016-12,Norfolk Constabulary,Norfolk Constabulary,1.728870,52.602831,On or near NOTTINGHAM WAY,E01026625,Great Yarmouth 006D,Offender given a caution
143a0e029d064bd9a898594fdda45fd6ed9ac05348e2b7ea8144418ca3b6dee8,2016-12,Norfolk Constabulary,Norfolk Constabulary,1.305884,52.627871,On or near PRINCE OF WALES ROAD,E01033438,Norwich 014A,Unable to prosecute suspect
399e9833dc1bd4a166d04fe07568043d5662f910710548c7cb0fd6ebab3320dc,2016-12,Norfolk Constabulary,Norfolk Constabulary,1.254810,52.659189,On or near FERNDALE CLOSE,E01026532,Broadland 011C,Formal action is not in the public interest
bb30d11be1c0f2f0f9feecb5622b67d315059da06eecad2113562f9d62ac2e58,2016-12,Norfolk Constabulary,Norfolk Constabulary,1.293790,52.626634,On or near Shopping Area,E01026822,Norwich 007A,Suspect charged
9dd2217e162a7aa56851b3cee0eff10883a37fe95f0da3d7737ab8efff44b3bf,2016-12,Norfolk Constabulary,Norfolk Constabulary,1.293172,52.637290,On or near ROSE YARD,E01026826,Norwich 007E,Unable to prosecute suspect
cf8aa5d6f602307ba0227c1f55a30e0332210e067866ee654320049f85fd0bfe,2016-12,Norfolk Constabulary,Norfolk Constabulary,,,No location,,,Formal action is not in the public interest
4aa9349a04498e48f61177363dae9083d0b3ac2b5df454359dc534becf40363d,2016-12,Norfolk Constabulary,Norfolk Constabulary,1.289771,52.625864,On or near Shopping Area,E01026822,Norwich 007A,Suspect charged
a05d7aac90f0e0ebd5ca11cd7f4b54c74962a84361006832a5d709af56a0d675,2016-12,Norfolk Constabulary,Norfolk Constabulary,1.293246,52.626082,On or near Shopping Area,E01026822,Norwich 007A,Unable to prosecute suspect
922b6f531cac820ce075b7ceedd14fd51d2a8efb5cc6c77cc65a5c16ca4d3a28,2016-12,Norfolk Constabulary,Norfolk Constabulary,1.288497,52.605340,On or near GILCHRIST CLOSE,E01026820,Norwich 013E,Offender given a caution
9949a1ca5ee8e5da378d501131f74db453100e3281dbfdd0dba6e61f89499ac9,2016-12,Norfolk Constabulary,Norfolk Constabulary,0.396485,52.765869,On or near ESTUARY ROAD,E01026688,King's Lynn and West Norfolk 007B,Suspect charged
2b193aeb594647dd492fca3095e184470d2ebf1b37dcc3fa7a4f413647bd8119,2016-12,Norfolk Constabulary,Norfolk Constabulary,1.317599,52.637562,On or near Prison,E01026806,Norwich 004D,Offender given penalty notice
d2ebd31f8b87ff060ab7c6731c13a683fbf4c838df79aad4db891b5406f2760d,2016-12,Norfolk Constabulary,Norfolk Constabulary,1.235759,52.638568,On or near WILKINS COURT,E01026793,Norwich 005C,Unable to prosecute suspect
e94526ec6065da1379b28d931368fe5d6b42d1e082848391b924f78bcd179a2d,2016-12,Norfolk Constabulary,Norfolk Constabulary,1.317599,52.637562,On or near Prison,E01026806,Norwich 004D,Unable to prosecute suspect
6365ccd5f6288abc3774a089fcebb15c7c2b9ca984f5801d74ba3d45adeee67d,2016-12,Norfolk Constabulary,Norfolk Constabulary,1.317599,52.637562,On or near Prison,E01026806,Norwich 004D,Offender given penalty notice
3bfdf3da7af6a9b9bc9021558c26a87094d9e8d2bcd0af9d984e093fa842daf8,2016-12,Norfolk Constabulary,Norfolk Constabulary,1.299801,52.607346,On or near WEBDELL COURT,E01026817,Norwich 013B,Unable to prosecute suspect
0b7ad27a4b8d38f4b93c17967d2c4241fd29bd5f94857678c794205c18de8ed2,2016-12,Norfolk Constabulary,Norfolk Constabulary,0.800700,52.753350,On or near FAKENHAM ROAD,E01026442,Breckland 002A,Formal action is not in the public interest
955d158f37b619ec17bc90e1e27a1cedcf6e46cb18847e4e465e75842840cf67,2016-12,Norfolk Constabulary,Norfolk Constabulary,0.800700,52.753350,On or near FAKENHAM ROAD,E01026442,Breckland 002A,Formal action is not in the public interest
3679ac298ac0ed50a0235c2d1c4764eeef0b16e5f4356af56f2284bfc41765bb,2016-12,Norfolk Constabulary,Norfolk Constabulary,1.297665,52.631580,On or near WAGGON AND HORSES LANE,E01033438,Norwich 014A,Offender given a caution
b36c2ce24809e07f224289bc1c28b1026fd4e8494c49c3128afacf2106f21183,2016-12,Norfolk Constabulary,Norfolk Constabulary,1.444928,52.708538,On or near PALMERS LANE,E01026744,North Norfolk 014A,Offender given a drugs possession warning
68de03f11a827096b42a6c1785de9f0c7fc57cba392a809bd779b9e3063ef6d2,2016-12,Norfolk Constabulary,Norfolk Constabulary,1.297665,52.631580,On or near WAGGON AND HORSES LANE,E01033438,Norwich 014A,Offender given a caution
f27e66ebcf5259eff01fe694648333494f67f9b62af0e894a153e8e021c9cdff,2016-12,Norfolk Constabulary,Norfolk Constabulary,1.124517,52.698061,On or near WOODFORDE CLOSE,E01026524,Broadland 002C,Suspect charged
e4c29cef7ce0fd6790c43c76c4289565a3491db6b1316cc06e3928ec14fd56ef,2016-12,Norfolk Constabulary,Norfolk Constabulary,1.124517,52.698061,On or near WOODFORDE CLOSE,E01026524,Broadland 002C,Suspect charged
3ba5f5618d2a5e50e305c0db799253fa78e4578535f63879f43ff98e79d83f12,2016-12,Norfolk Constabulary,Norfolk Constabulary,1.119881,52.376635,On or near FIELD HOUSE GARDENS,E01026888,South Norfolk 015A,Suspect charged
652bf624e71d67dac8701f0fb977f9befcd845822c02153187f37f3d788ea1a8,2016-12,Norfolk Constabulary,Norfolk Constabulary,0.810165,52.676825,On or near KIRKHAMS MEADOW,E01026453,Breckland 004C,Offender given a caution
1c53463f13f0c93976b618e5184ea74db660dbace893fbc8419a8181a68eed5c,2016-12,Norfolk Constabulary,Norfolk Constabulary,1.289771,52.625864,On or near Shopping Area,E01026822,Norwich 007A,Suspect charged
e7cd7cb304efa04a733b7eac6cd2079ba2acb8218c5019e93731cd02becd2eed,2016-12,Norfolk Constabulary,Norfolk Constabulary,1.727981,52.580903,On or near Shopping Area,E01026632,Great Yarmouth 009E,Formal action is not in the public interest
6ec957fd7d662d8d9d98b79ee82ecaad8f3b22615007a6955b4da35108c9d4a2,2016-12,Norfolk Constabulary,Norfolk Constabulary,1.335277,52.660044,On or near Supermarket,E01026561,Broadland 013E,Offender given penalty notice
974c16d7a4b9156965122f58114cbbe4bd9d35ee0bb440973ff7ab0908a5498b,2016-12,Norfolk Constabulary,Norfolk Constabulary,1.227177,52.638065,On or near REYDON CLOSE,E01026791,Norwich 005A,Formal action is not in the public interest
07a277ca86417e4406c3d3534cd5d74e3214554bc347021a5baf2b49ec394813,2016-12,Norfolk Constabulary,Norfolk Constabulary,1.294071,52.631357,On or near Parking Area,E01026823,Norwich 007B,Suspect charged
7fba27a8ef29fda3dca92708ae91e855d8aa8e6bce4095818e3c860496336296,2016-12,Norfolk Constabulary,Norfolk Constabulary,1.293950,52.629354,On or near Shopping Area,E01026823,Norwich 007B,Suspect charged
136c336d9a965b9788d021a13b1898c0d4439f1a00c2612cc81b3fd1757fc54f,2016-12,Norfolk Constabulary,Norfolk Constabulary,1.255893,52.788980,On or near JEGON CLOSE,E01026499,Broadland 001A,Formal action is not in the public interest
136c336d9a965b9788d021a13b1898c0d4439f1a00c2612cc81b3fd1757fc54f,2016-12,Norfolk Constabulary,Norfolk Constabulary,1.255893,52.788980,On or near JEGON CLOSE,E01026499,Broadland 001A,Offender given a caution
d260306cf56cb9a0216f21ed262b7a18b828e47bddad53b9040423d55b563da8,2016-12,Norfolk Constabulary,Norfolk Constabulary,1.713586,52.604301,On or near VINCENT CLOSE,E01026635,Great Yarmouth 007D,Local resolution
e3bfe7fb507e6a693b5ac9488b6f84979ab687641b5c6ab15284597bda3108fa,2016-12,Norfolk Constabulary,Norfolk Constabulary,1.717603,52.586338,On or near BURGH ROAD,E01026600,Great Yarmouth 007A,Unable to prosecute suspect
d05ed35112728c8bd5b96bd0900ca64fb3d0a2b60edb029bab0b50df1cbd6751,2016-12,Norfolk Constabulary,Norfolk Constabulary,1.213342,52.648766,On or near STONE BRECK,E01026925,South Norfolk 001F,Unable to prosecute suspect
3740f077b8ff4258b66d6955be9aa15dad93c968258ee806e7a02443cdedb864,2016-12,Norfolk Constabulary,Norfolk Constabulary,1.712526,52.571360,On or near NUFFIELD CLOSE,E01026620,Great Yarmouth 011D,Unable to prosecute suspect
22927dc0701a280a315deed420bb0f5452048ea70eed203ad264f62eff92012c,2016-12,Norfolk Constabulary,Norfolk Constabulary,0.440348,52.750741,On or near BADER CLOSE,E01026664,King's Lynn and West Norfolk 010C,Unable to prosecute suspect
731a0684becc1d15ce1c0b35e71427a9f7f6fdd093fb6b2a81c7f1b8ce7abaca,2016-12,Norfolk Constabulary,Norfolk Constabulary,1.284265,52.644103,On or near PRESS LANE,E01026830,Norwich 002C,Offender given a caution
3da835b5814257954b30c7a7f65bf96c81a29902e6f66998bb6f3e2da16ff5fb,2016-12,Norfolk Constabulary,Norfolk Constabulary,1.282767,52.645818,On or near AVONMOUTH ROAD,E01026829,Norwich 002B,Suspect charged
cf34656bd8f728fe91cbbbe4e0d10df023d1a8b3b59c908c24fe3168bd649431,2016-12,Norfolk Constabulary,Norfolk Constabulary,1.721694,52.606187,On or near BRIDGE ROAD,E01026635,Great Yarmouth 007D,Suspect charged
8f0f37256117510bc7a7a9fc2a91eaa29add6de64f02b8b9ac313d05f29dffd2,2016-12,Norfolk Constabulary,Norfolk Constabulary,1.244863,52.630548,On or near MOTTRAM CLOSE,E01026861,Norwich 010D,Offender given a caution
f82f1c871f3a2b4ca8f882b04f4b8c20699eb959fc022edcfc48d91639a01a2c,2016-12,Norfolk Constabulary,Norfolk Constabulary,1.293950,52.629354,On or near Shopping Area,E01026823,Norwich 007B,Suspect charged
d242f5d05a94de7bd1473037876d2a75c33038fc2ec190bf6f41ca605c7eef55,2016-12,Norfolk Constabulary,Norfolk Constabulary,1.735752,52.609216,On or near PAGET ROAD,E01026598,Great Yarmouth 005D,Suspect charged
9c255867124d8e17d9935637100b8a325ffe1753c710bc58dd21f65bfd02c837,2016-12,Norfolk Constabulary,Norfolk Constabulary,0.395046,52.743167,On or near PORTLAND PLACE,E01026706,King's Lynn and West Norfolk 011F,Suspect charged
538588bed9f605f0afe2b82244e8a480ba07ef4c63b91cec5abd945b3e256750,2016-12,Norfolk Constabulary,Norfolk Constabulary,1.261352,52.651500,On or near DRAYTON ROAD,E01026864,Norwich 006B,Suspect charged
352bf3f11e6f58dd20a9f7b7ec8496b4c4f9c276b0b8d011754ca649c86ea757,2016-12,Norfolk Constabulary,Norfolk Constabulary,0.395046,52.743167,On or near PORTLAND PLACE,E01026706,King's Lynn and West Norfolk 011F,Suspect charged
802ccb1f88d17d72050a12b3c18fe09f05f90372bb3a2b464f6fb9d3c16304c9,2016-12,Norfolk Constabulary,Norfolk Constabulary,1.304757,52.628217,On or near PRINCE OF WALES ROAD,E01033439,Norwich 014B,Suspect charged
ee43e1cb69fd1038af75946c1f14e0b3729474474955c7b13f1bd4c30bb7ea8b,2016-12,Norfolk Constabulary,Norfolk Constabulary,,,No location,,,Suspect charged
77a9757be9e3fcbea5e8bdb9a64ea88a37e9649da8909c1c58bacaf2a3428d68,2016-12,Norfolk Constabulary,Norfolk Constabulary,1.343202,52.649352,On or near BRECK ROAD,E01026558,Broadland 013B,Unable to prosecute suspect
f622cf4add2ae68aaa5262cfb003ff40281972a316846d08f6183d70cb5d6311,2016-12,Norfolk Constabulary,Norfolk Constabulary,1.721477,52.660702,On or near GREENHILL AVENUE,E01026591,Great Yarmouth 003C,Local resolution
e1b79c94754b95ac5b742f8da1372e006182a3ca19529e1cd96a2aabdf1509dd,2016-12,Norfolk Constabulary,Norfolk Constabulary,0.398300,52.751149,On or near TOWER PLACE,E01026699,King's Lynn and West Norfolk 011B,Suspect charged
4aeac695e52685773d9ea27aeb2bd4b2cf2e55b72ef6c31164ec8490ac72493a,2016-12,Norfolk Constabulary,Norfolk Constabulary,1.300340,52.635895,On or near Theatre/Concert Hall,E01026823,Norwich 007B,Offender given a caution
ae6d121ddbdfa38224065a814985b3a26cff9d36284ef0659693985bd62743bf,2016-12,Norfolk Constabulary,Norfolk Constabulary,1.234857,52.488247,On or near THE STREET,E01026938,South Norfolk 011D,Formal action is not in the public interest
68445fbafce0b3a083238d5540c46de065a162a34140c87b9e44d93ab7cc648d,2016-12,Norfolk Constabulary,Norfolk Constabulary,0.399681,52.755779,On or near NORFOLK STREET,E01026698,King's Lynn and West Norfolk 011A,Offender given a caution
68445fbafce0b3a083238d5540c46de065a162a34140c87b9e44d93ab7cc648d,2016-12,Norfolk Constabulary,Norfolk Constabulary,0.399681,52.755779,On or near NORFOLK STREET,E01026698,King's Lynn and West Norfolk 011A,Offender given a caution
520c36075169c467a22030ffb27dadcc7054700cf12879b2d08cc55199d04354,2016-12,Norfolk Constabulary,Norfolk Constabulary,1.297292,52.635071,On or near ST SAVIORS LANE,E01026823,Norwich 007B,Offender given a caution
63516f0c99fb2fa73386c1e28d6fc9b032f14eb639f0b89926dce3a9af3ea7d1,2016-12,Norfolk Constabulary,Norfolk Constabulary,1.297556,52.619532,On or near TRAFALGAR STREET,E01026853,Norwich 011B,Offender given a drugs possession warning
7a4b97559c4914bae14b34d35bef4ca6291b9a53bfd024d9e1bcb5b12383601f,2016-12,Norfolk Constabulary,Norfolk Constabulary,1.109710,52.381616,On or near JENNINGS WAY,E01026889,South Norfolk 015B,Unable to prosecute suspect
c62b902b1f74db2c5c71ff5600afeea01a2e80a05eb089b8c57af72ee26cc98d,2016-12,Norfolk Constabulary,Norfolk Constabulary,1.302862,52.405242,On or near STATION ROAD,E01026902,South Norfolk 013D,Formal action is not in the public interest
8e6e51534fba0aa47a5db5d309e707857e6ac9a0d4f31b5ce1691584530f229b,2016-12,Norfolk Constabulary,Norfolk Constabulary,1.192452,52.395840,On or near CATCHPOLE WALK,E01026887,South Norfolk 014D,Suspect charged
be52393305a719bcac9593d7021e994f81b632e671c142d42974c107ec856bb5,2016-12,Norfolk Constabulary,Norfolk Constabulary,1.731524,52.608144,On or near UNION ROAD,E01026598,Great Yarmouth 005D,Formal action is not in the public interest
be52393305a719bcac9593d7021e994f81b632e671c142d42974c107ec856bb5,2016-12,Norfolk Constabulary,Norfolk Constabulary,1.731524,52.608144,On or near UNION ROAD,E01026598,Great Yarmouth 005D,Offender given a caution
6222da6f53ad07193c2de951f35aa82fc4b7369ec2e1906b78a5435147515af1,2016-12,Norfolk Constabulary,Norfolk Constabulary,1.129006,52.573916,On or near FRITILLARY DRIVE,E01026945,South Norfolk 007D,Offender given a caution
bc20885f3535573f842974fb938505db24603cee6222af382c29567edb77046d,2016-12,Norfolk Constabulary,Norfolk Constabulary,1.254265,52.791813,On or near MANOR CLOSE,E01026499,Broadland 001A,Offender given a caution
d4fe313521a302c9da6417fbd3f1939ee129a7c36c53130477d22abbb72ec437,2016-12,Norfolk Constabulary,Norfolk Constabulary,1.297058,52.636283,On or near Shopping Area,E01026823,Norwich 007B,Offender given penalty notice
c9e9301e2de328ebddbba7380d7ea98b2ac2381ada143dbf9abd9529ce96c373,2016-12,Norfolk Constabulary,Norfolk Constabulary,1.250923,52.657839,On or near Sports/Recreation Area,E01026529,Broadland 010D,Formal action is not in the public interest
f8c7faf34d5593bbdf27f3f3c95de415dc5eb5ccff90e206f1612922782a8317,2016-12,Norfolk Constabulary,Norfolk Constabulary,1.725179,52.611034,On or near FULLER'S HILL,E01026597,Great Yarmouth 005C,Suspect charged
7de922978ceb269c9c302861c178b34a7769b7ddc0489a3d18b81a7b5a3328e4,2016-12,Norfolk Constabulary,Norfolk Constabulary,1.727501,52.607408,On or near Shopping Area,E01026597,Great Yarmouth 005C,Suspect charged
7de922978ceb269c9c302861c178b34a7769b7ddc0489a3d18b81a7b5a3328e4,2016-12,Norfolk Constabulary,Norfolk Constabulary,1.727501,52.607408,On or near Shopping Area,E01026597,Great Yarmouth 005C,Suspect charged
92e3985eacf35d68361ee111f1ddca8298d058ab6ea4349839891c069d1a4787,2016-12,Norfolk Constabulary,Norfolk Constabulary,0.395000,52.752861,On or near GRANARY COURT,E01026699,King's Lynn and West Norfolk 011B,Suspect charged
9aa8ee790c289273940acdc39a1c2d36e7bc9efabfd6759d0101fc888d8efb3d,2016-12,Norfolk Constabulary,Norfolk Constabulary,1.717305,52.574268,On or near EXETER ROAD,E01026604,Great Yarmouth 009D,Suspect charged
87423910c761c7b9b69cfaf8f7f512bec8a048a9705ead14d6669c996586dc93,2016-12,Norfolk Constabulary,Norfolk Constabulary,0.801164,52.585602,On or near THE OVAL,E01026437,Breckland 008A,Formal action is not in the public interest
fd1120cf17c89f7c37251ff8e01c7bb6133e4fae7c1af9a64afc4b518e35e858,2016-12,Norfolk Constabulary,Norfolk Constabulary,0.828138,52.570473,On or near MEMORIAL WAY,E01026488,Breckland 009C,Unable to prosecute suspect
d707367a9a4cfac519bb38960c03c4b271bd5ffbb30d9dfad72f46044740124e,2016-12,Norfolk Constabulary,Norfolk Constabulary,1.293057,52.644426,On or near SUN LANE,E01026843,Norwich 003C,Unable to prosecute suspect
0395c5d4f3e89c0f16d7af2283ac0d0e845bab49f24a1407b6f86c8da7caeb20,2016-12,Norfolk Constabulary,Norfolk Constabulary,0.944205,52.680278,On or near NORWICH STREET,E01026426,Breckland 005B,Offender given a drugs possession warning
f447785a4574ae9c3f87f3a62db55a1ed4d6db839668abfd57da16fb9ea542cb,2016-12,Norfolk Constabulary,Norfolk Constabulary,0.946630,52.678932,On or near Petrol Station,E01026426,Breckland 005B,Suspect charged
0755b0ae257135b6325841cb579183ca64af24207fac6610ad320d9ad3b22241,2016-12,Norfolk Constabulary,Norfolk Constabulary,1.298566,52.629613,On or near Nightclub,E01033438,Norwich 014A,Suspect charged
8ea317e6bfa2cedd09d7c7b81c04c8a71d516a048ba04c107c814c7e6dddfcaf,2016-12,Norfolk Constabulary,Norfolk Constabulary,1.296687,52.618189,On or near NINHAM STREET,E01026853,Norwich 011B,Suspect charged
2bdf8a876b955dec13deabcbaf8565c2066fe2f9282614c4a6de54f525269730,2016-12,Norfolk Constabulary,Norfolk Constabulary,1.719687,52.618231,On or near PATTINSON'S ROAD,E01026596,Great Yarmouth 005B,Suspect charged
00f0491e3593945ca703174615b4c7c1cda756c5cbdfcf26a1412ce5564fa4f0,2016-12,Norfolk Constabulary,Norfolk Constabulary,0.946630,52.678932,On or near Petrol Station,E01026426,Breckland 005B,Suspect charged
f5907f5db094fd6945c87f24af515701d77049a355caeeaaa4ac5aa83bfae0f8,2016-12,Norfolk Constabulary,Norfolk Constabulary,1.261352,52.651500,On or near DRAYTON ROAD,E01026864,Norwich 006B,Offender given a drugs possession warning
999152daf3d6e5fcce5bf4a431651b853575a9864adf7cba74c126391428a729,2016-12,Norfolk Constabulary,Norfolk Constabulary,1.309501,52.633301,On or near BISHOP BRIDGE ROAD,E01033438,Norwich 014A,Suspect charged
20718c93459e0e592ff2e8f30704d51f206e51cba6c46ee6017756e5d2cb824b,2016-12,Norfolk Constabulary,Norfolk Constabulary,1.729363,52.596465,On or near NEWCASTLE ROAD,E01026626,Great Yarmouth 006E,Offender given a drugs possession warning
e9ad375bcfb17e06d45c4a270f5619265a49fb77cfecaf438a0f6bc1f734770f,2016-12,Norfolk Constabulary,Norfolk Constabulary,1.719282,52.603529,On or near STATION ROAD,E01026634,Great Yarmouth 007C,Suspect charged
8c284b017a7b56c09c905f7bc066e69a4f9642de94c0b32bbabe3b2884a75199,2016-12,Norfolk Constabulary,Norfolk Constabulary,1.300507,52.628110,On or near BOULTON STREET,E01033440,Norwich 014C,Formal action is not in the public interest
93d00038e5be35336354707befe8df30643f65533e4a70bcd9bd8875d64a3ae4,2016-12,Norfolk Constabulary,Norfolk Constabulary,0.858740,52.554918,On or near HMP WAYLAND,E01033040,Breckland 010F,Unable to prosecute suspect
ae56d0db45ad899ac92c843967e146ff8467bb9a320696cf6596afb418ef8acf,2016-12,Norfolk Constabulary,Norfolk Constabulary,1.719282,52.603529,On or near STATION ROAD,E01026634,Great Yarmouth 007C,Local resolution
70441a3e47a72a0b77a44496c3865814fda9b1fe95b82b52694dd7c113ca983b,2016-12,Norfolk Constabulary,Norfolk Constabulary,0.931616,52.686948,On or near GIRLING ROAD,E01026428,Breckland 003A,Suspect charged
11faa7d9aa41a59c5143aadbe9206122437f7b7ca8276aa67dad234277597363,2016-12,Norfolk Constabulary,Norfolk Constabulary,1.275050,52.665008,On or near HEATH CRESCENT,E01026530,Broadland 011A,Unable to prosecute suspect
69b30e72fe5293db5b80dc68bc9c257ac8019ac3e539dca6d4a7bd00f3fe5329,2016-12,Norfolk Constabulary,Norfolk Constabulary,1.728898,52.582304,On or near HIGH STREET,E01026632,Great Yarmouth 009E,Suspect charged
5d82e8ba7a1f8d39b183c75e3dabfd54a9e6880e4b55894cc9ab0dfe2a92f2e4,2016-12,Norfolk Constabulary,Norfolk Constabulary,1.293790,52.626634,On or near Shopping Area,E01026822,Norwich 007A,Suspect charged
c46806e4e2a8262d493165f6b8d3e5058e9938fa717e4481c0b143b98aa4f7d2,2016-12,Norfolk Constabulary,Norfolk Constabulary,0.395632,52.754647,On or near Shopping Area,E01026699,King's Lynn and West Norfolk 011B,Local resolution
424b8f943a2edf9f1c6aeb77ed6c8ab11cb09a49e3c39dee05406a780d177958,2016-12,Norfolk Constabulary,Norfolk Constabulary,1.221052,52.618086,On or near Hospital,E01026883,South Norfolk 002C,Formal action is not in the public interest
2e2751ae50ddf66d376a5ab6a0cd82e7c0ac2403f5216e58b0221b25ea73f9f6,2016-12,Norfolk Constabulary,Norfolk Constabulary,1.293950,52.629354,On or near Shopping Area,E01026823,Norwich 007B,Suspect charged
2bed97f41700d67f7e43632fe7d806d9329836f99734a0804a56abd58274cf7a,2016-12,Norfolk Constabulary,Norfolk Constabulary,1.388538,52.826625,On or near PATCH MEADOW,E01026756,North Norfolk 010D,Unable to prosecute suspect
e8dbc30be706fb5c0c576da7cb4157bdc76e307f8f53f6fdea10958d5fe2721a,2016-12,Norfolk Constabulary,Norfolk Constabulary,1.292417,52.627050,On or near WILLIAM BOOTH STREET,E01026822,Norwich 007A,Suspect charged
059826c285c84845d6716ed326e1b3e8f1491c15e7ddb1cba124356357971c43,2016-12,Norfolk Constabulary,Norfolk Constabulary,0.731170,52.418349,On or near DURHAM WAY,E01026467,Breckland 015C,Unable to prosecute suspect
818c8d916a6e48eb1a0001cb7173ab65a3a6315bffab4183ebbccffbbac206d3,2016-12,Norfolk Constabulary,Norfolk Constabulary,0.949408,52.666812,On or near RASH'S GREEN,E01026427,Breckland 005C,Formal action is not in the public interest
c268f6691ead6652db965aaca2ad921c501a0212ed20ee28f47abb2e01bf496c,2016-12,Norfolk Constabulary,Norfolk Constabulary,1.292417,52.627050,On or near WILLIAM BOOTH STREET,E01026822,Norwich 007A,Formal action is not in the public interest
c268f6691ead6652db965aaca2ad921c501a0212ed20ee28f47abb2e01bf496c,2016-12,Norfolk Constabulary,Norfolk Constabulary,1.292417,52.627050,On or near WILLIAM BOOTH STREET,E01026822,Norwich 007A,Offender given a caution
1922bfba3f4175d454a6b3f55f4d56d6c5410210c79561ff318124f73f987c26,2016-12,Norfolk Constabulary,Norfolk Constabulary,,,No location,,,Suspect charged
acbb869648d426cac61c6d5cef24a2f192eda9a8f9f443c26b59221dda0eb921,2016-12,Norfolk Constabulary,Norfolk Constabulary,1.552342,52.640517,On or near PHOENIX CLOSE,E01026497,Broadland 018A,Formal action is not in the public interest
13706c0286fc348faf131699c2fe3b26b756d483d5ecdaf51d034f77f2404849,2016-12,Norfolk Constabulary,Norfolk Constabulary,1.729364,52.582235,On or near SOUTH ICEHOUSE HILL,E01026632,Great Yarmouth 009E,Suspect charged
1233ddfafc413b5991eebf1fc64e331fbe3238d364609cac0bf6e5deb0f0bfd4,2016-12,Norfolk Constabulary,Norfolk Constabulary,0.949408,52.666812,On or near RASH'S GREEN,E01026427,Breckland 005C,Formal action is not in the public interest
18dab9b4f5ef4e3fc8afaa47ba25d6071c08906cfbf2d84bb6d978d9c609bd79,2016-12,Norfolk Constabulary,Norfolk Constabulary,1.285808,52.615191,On or near Sports/Recreation Area,E01026852,Norwich 011A,Suspect charged
e1d3d6dded66abfc309681c3e33b90ad6ecb7adcaf0ec984d4fce893234a486c,2016-12,Norfolk Constabulary,Norfolk Constabulary,1.298910,52.401755,On or near MARKET PLACE,E01026902,South Norfolk 013D,Unable to prosecute suspect
1d1197f9f79f4117b3923335a51c7ded71c19659cab7dca836b184daec5badd8,2016-12,Norfolk Constabulary,Norfolk Constabulary,1.235767,52.630465,On or near BRIDGE FARM LANE,E01026861,Norwich 010D,Unable to prosecute suspect
e81244db23db8f87bd97246776e519ad1b6bc0c6cf53ff0b244922ad84b1d9f8,2016-12,Norfolk Constabulary,Norfolk Constabulary,0.800700,52.753350,On or near FAKENHAM ROAD,E01026442,Breckland 002A,Formal action is not in the public interest
2006a966753aebd051dc125a09769cc722386f6de8db0147f4cf774334ab8d75,2016-12,Norfolk Constabulary,Norfolk Constabulary,0.800700,52.753350,On or near FAKENHAM ROAD,E01026442,Breckland 002A,Formal action is not in the public interest
70937464a627029e448204fb09d0df31d628d155fd943146e05fa535ff596461,2016-12,Norfolk Constabulary,Norfolk Constabulary,1.210778,52.776055,On or near Sports/Recreation Area,E01026523,Broadland 002B,Formal action is not in the public interest
6c6e79882903de9102189bdd2c758ac4d51c2e18409e05c40f396531764493df,2016-12,Norfolk Constabulary,Norfolk Constabulary,0.428276,52.758029,On or near KENT ROAD,E01026714,King's Lynn and West Norfolk 010D,Formal action is not in the public interest
1ae2cfd7a6d870d6164d63e302846481784015610f78395072de10e4e735a249,2016-12,Norfolk Constabulary,Norfolk Constabulary,1.306923,52.624010,On or near ALBION WAY,E01033441,Norwich 014D,Suspect charged
41d53e5e942b195cfb7add7939785594643f9bfb30c713a16abd1e1e7d17df07,2016-12,Norfolk Constabulary,Norfolk Constabulary,1.716610,52.599016,On or near THAMESFIELD WAY,E01026634,Great Yarmouth 007C,Suspect charged
516ee9dc21e51db26541e8078d559f3df5916e6e6adb6a269261ef4208e37b61,2016-12,Norfolk Constabulary,Norfolk Constabulary,,,No location,,,Suspect charged
0535ec332c3923149b7864ee9fdbea8479b73d637445ff332725dcb75dfbdeac,2016-12,Norfolk Constabulary,Norfolk Constabulary,1.728170,52.612846,On or near TOWN WALL ROAD,E01026595,Great Yarmouth 005A,Unable to prosecute suspect
c31112c1e18aa8d486789ef4c3d53136183f088aa0868c762685188a58c0a1a2,2016-12,Norfolk Constabulary,Norfolk Constabulary,1.708512,52.692743,On or near ST MARYS ROAD,E01026607,Great Yarmouth 001C,Unable to prosecute suspect
57f9cfb60f4abec7f6c7fa71946bf6bd312d329a28acaeea5982c89169f8e6b3,2016-12,Norfolk Constabulary,Norfolk Constabulary,1.653528,52.567728,On or near SHARMANS LOKE,E01026616,Great Yarmouth 012D,Offender given a caution
a829efd984dab122edc739e6a84fade9908fd2ba284ccfa9055d5cb9c5251f1c,2016-12,Norfolk Constabulary,Norfolk Constabulary,1.301557,52.629493,On or near Nightclub,E01033438,Norwich 014A,Offender given a caution
72474935073806289c251071db32f87e71e9d200e8877992626e0d96ecad55e4,2016-12,Norfolk Constabulary,Norfolk Constabulary,0.873126,52.830248,On or near BRACKEN CLOSE,E01026748,North Norfolk 011D,Offender given a caution
c1714231c98ef376ed755bd9e9848fb88e1934cdf8ae96815527735a2d0bea5c,2016-12,Norfolk Constabulary,Norfolk Constabulary,1.116330,52.378581,On or near WILLBYE AVENUE,E01026888,South Norfolk 015A,Offender given a caution
a21342d4cf238ea3841133d6734568748266ed113559a7dabee6a97b8407460c,2016-12,Norfolk Constabulary,Norfolk Constabulary,1.727558,52.616760,On or near NURSERY TERRACE,E01026599,Great Yarmouth 004A,Formal action is not in the public interest
3bd64ab77680d5f65c0ca23566b64d79789b580eec142835f39f9476325b86fd,2016-12,Norfolk Constabulary,Norfolk Constabulary,0.946754,52.680997,On or near MATSELL WAY,E01026426,Breckland 005B,Suspect charged
3bd64ab77680d5f65c0ca23566b64d79789b580eec142835f39f9476325b86fd,2016-12,Norfolk Constabulary,Norfolk Constabulary,0.946754,52.680997,On or near MATSELL WAY,E01026426,Breckland 005B,Suspect charged
ea4a2382e45a32748523416e54ff4cbfe1ee47e12d43fe4238c38ad6622089f8,2016-12,Norfolk Constabulary,Norfolk Constabulary,1.709817,52.573541,On or near CHRIST CHURCH ROAD,E01026620,Great Yarmouth 011D,Suspect charged
fabb7e256d377599819b8381cc5156655854c8e796ae1d47fdaeda7705cc6d59,2016-12,Norfolk Constabulary,Norfolk Constabulary,1.293790,52.626634,On or near Shopping Area,E01026822,Norwich 007A,Suspect charged
87be89105ced8f9c4208019fa9fb0433e4054030124346d44199750cf8c52112,2016-12,Norfolk Constabulary,Norfolk Constabulary,1.727994,52.573401,On or near ROYAL ALBERT COURT,E01026631,Great Yarmouth 010E,Suspect charged
6a29175aa1bd7fd78041612bad8b7de29a520cd922aceb81389ea0b425ee5d69,2016-12,Norfolk Constabulary,Norfolk Constabulary,0.733412,52.409889,On or near ST MARTIN'S WAY,E01026476,Breckland 017C,Local resolution
d9b81a8eb55dd08427af7bf96c86775951e16b76fe8a2dd4e70fd31c67dced93,2016-12,Norfolk Constabulary,Norfolk Constabulary,1.260424,52.635463,On or near WATERMAN ROAD,E01026863,Norwich 006A,Suspect charged
1598401edf49833ee1e7d5770dff61c08b31a0bef1c07c0a12f1bcb6897198ce,2016-12,Norfolk Constabulary,Norfolk Constabulary,1.699351,52.691546,On or near NEWPORT ROAD,E01026607,Great Yarmouth 001C,Formal action is not in the public interest
8fa8a0c693105b405cf3939706d28b863c47c2ef1e736ebfde20164b2fe40baf,2016-12,Norfolk Constabulary,Norfolk Constabulary,0.418709,52.770732,On or near HAMBURG WAY,E01026690,King's Lynn and West Norfolk 007D,Unable to prosecute suspect
8fa8a0c693105b405cf3939706d28b863c47c2ef1e736ebfde20164b2fe40baf,2016-12,Norfolk Constabulary,Norfolk Constabulary,0.418709,52.770732,On or near HAMBURG WAY,E01026690,King's Lynn and West Norfolk 007D,Unable to prosecute suspect
9fe299451e72f25225187b2f9a7e64f95171e55d2c677b5db3b00c000057d154,2016-12,Norfolk Constabulary,Norfolk Constabulary,1.718885,52.600582,On or near STAFFORD ROAD,E01026633,Great Yarmouth 007B,Local resolution
c13b0f8a20e0b7f3ad1712fa05581327401c53617bd759af683756fdf0e55cb5,2016-12,Norfolk Constabulary,Norfolk Constabulary,1.293790,52.626634,On or near Shopping Area,E01026822,Norwich 007A,Suspect charged
15eaf423b02f90800ea696ea6d64822eb0ddb5e30eccc0ffc6f6dcef41d08d93,2016-12,Norfolk Constabulary,Norfolk Constabulary,1.238374,52.559695,On or near OLD RECTORY CLOSE,E01026914,South Norfolk 009B,Formal action is not in the public interest
e160b6eb3119b3a64cadb17c39117961fd75995cdd14d890cd187cecbc248668,2016-12,Norfolk Constabulary,Norfolk Constabulary,1.310472,52.632257,On or near WILLIAM KETT CLOSE,E01033438,Norwich 014A,Suspect charged
561514b76a541192eda8f050746e1827d437e36263ef4e5e38d29254d7ca0405,2016-12,Norfolk Constabulary,Norfolk Constabulary,1.727989,52.602202,On or near CLARENDON CLOSE,E01026625,Great Yarmouth 006D,Offender given a drugs possession warning
48ad2f76dae858261b2fa86fb2d93ad6b695042402ea1d0f809bc859e8b3ecfc,2016-12,Norfolk Constabulary,Norfolk Constabulary,1.700865,52.575935,On or near STAR FARM CLOSE,E01026585,Great Yarmouth 013A,Suspect charged
2620a6dd61d2804572021ff23fdb6d6cd76b4bafd0bef94749128e8a51a74248,2016-12,Norfolk Constabulary,Norfolk Constabulary,1.295167,52.636309,On or near Supermarket,E01026826,Norwich 007E,Suspect charged
5827e3fd42fecb1c5fe9d61863dc9f31feb05da17169eccfc8951e199e8e4015,2016-12,Norfolk Constabulary,Norfolk Constabulary,0.398120,52.751917,On or near TOWER STREET,E01026699,King's Lynn and West Norfolk 011B,Suspect charged
13e2f07d8aa03d329a377c0832c9c0dfc10e7de34151739ec325b47f947a6551,2016-12,Norfolk Constabulary,Norfolk Constabulary,1.295167,52.636309,On or near Supermarket,E01026826,Norwich 007E,Suspect charged
beceb7e4444ff711d031878ece7a718961ce601e6718ee5d481c98abb23bdba4,2016-12,Norfolk Constabulary,Norfolk Constabulary,,,No location,,,Unable to prosecute suspect
03bdca47909e135271778fcb907be5c13c015b1a30babbaa9fd343b7ca10a6ed,2016-12,Norfolk Constabulary,Norfolk Constabulary,1.295876,52.627061,On or near Parking Area,E01026822,Norwich 007A,Suspect charged
7442005dfe46679a8ebf9df107f944677bcf68cc58c09fa732d57d9e49da6938,2016-12,Norfolk Constabulary,Norfolk Constabulary,0.397750,52.759478,On or near JOHN KENNEDY ROAD,E01026688,King's Lynn and West Norfolk 007B,Suspect charged
83fcb941a2819f56fe03802b4741b5e168c8e053f38befcc4ee7d5584cda14f5,2016-12,Norfolk Constabulary,Norfolk Constabulary,1.727769,52.603432,On or near DORSET CLOSE,E01026625,Great Yarmouth 006D,Unable to prosecute suspect
caefb861a94e689352b527abb2b52d6731c85231c681ae69e330a85811afdb2c,2016-12,Norfolk Constabulary,Norfolk Constabulary,1.345622,52.644049,On or near ARMSTRONG ROAD,E01026569,Broadland 015A,Formal action is not in the public interest
caefb861a94e689352b527abb2b52d6731c85231c681ae69e330a85811afdb2c,2016-12,Norfolk Constabulary,Norfolk Constabulary,1.345622,52.644049,On or near ARMSTRONG ROAD,E01026569,Broadland 015A,Formal action is not in the public interest
67a54bdef9caadd0c463fe65253fe55b787f3bb5926b5af4cb3fa0a61a5a2c49,2016-12,Norfolk Constabulary,Norfolk Constabulary,1.260442,52.627359,On or near HARBORD ROAD,E01026862,Norwich 010E,Offender given penalty notice
75afde92383505821e33f42c76c546bb291ba83d8aa2b10b30f4f5292791a76c,2016-12,Norfolk Constabulary,Norfolk Constabulary,0.395000,52.752861,On or near GRANARY COURT,E01026699,King's Lynn and West Norfolk 011B,Offender given a caution
ed50e81bf9e9aadbe017620d4ec95cb38ef97c1e232bd2f0771de5ad85327233,2016-12,Norfolk Constabulary,Norfolk Constabulary,1.661719,52.719960,On or near THE STREET,E01026606,Great Yarmouth 001B,Unable to prosecute suspect
0bdd51d3ce8ae53f0c63f7798eba8765e230a589fa2590dddeb3c8c975b1b5e7,2016-12,Norfolk Constabulary,Norfolk Constabulary,1.661719,52.719960,On or near THE STREET,E01026606,Great Yarmouth 001B,Suspect charged
39bcf05af508c25527bdcb31f6fbcc1877587eca1af6f3443162f13a4640656f,2016-12,Norfolk Constabulary,Norfolk Constabulary,1.325701,52.645546,On or near Sports/Recreation Area,E01026805,Norwich 004C,Suspect charged
6ecfc6e28b1485044716b481f324c0d9c06ff5b6c0f5c076267a37c436bb7a86,2016-12,Norfolk Constabulary,Norfolk Constabulary,1.729547,52.594463,On or near BARRACK ROAD,E01026622,Great Yarmouth 006A,Suspect charged
31b4fcb72ebe7ca8adaa0375ece17d8a22d8ed8dc98ef8b0bde21bd9a0134d90,2016-12,Norfolk Constabulary,Norfolk Constabulary,1.325701,52.645546,On or near Sports/Recreation Area,E01026805,Norwich 004C,Suspect charged
31b4fcb72ebe7ca8adaa0375ece17d8a22d8ed8dc98ef8b0bde21bd9a0134d90,2016-12,Norfolk Constabulary,Norfolk Constabulary,1.325701,52.645546,On or near Sports/Recreation Area,E01026805,Norwich 004C,Offender given a caution
38af6b590d79adc71697b1445f245fead01ba94bf521786509cca3c701039fa8,2016-12,Norfolk Constabulary,Norfolk Constabulary,1.386461,52.823410,On or near ST MARY'S WAY,E01026758,North Norfolk 010F,Suspect charged
a297d577914c6eb96c30cb9897c4e1f61e6a7a30b12d389189ec1e200d99d757,2016-12,Norfolk Constabulary,Norfolk Constabulary,1.386461,52.823410,On or near ST MARY'S WAY,E01026758,North Norfolk 010F,Suspect charged
ae84a3921da248987b798c29e2bf6ba0c6b38a7bbb2e88d45ee67c2600181abb,2016-12,Norfolk Constabulary,Norfolk Constabulary,1.311969,52.629769,On or near GUELPH ROAD,E01026850,Norwich 015C,Formal action is not in the public interest
f5c4284c113a45f24041745925663ff8d07f6b6c5f318891a4ac628897be656f,2016-12,Norfolk Constabulary,Norfolk Constabulary,1.192452,52.395840,On or near CATCHPOLE WALK,E01026887,South Norfolk 014D,Unable to prosecute suspect
fb3b4d6739791008a0a81607a4712ef4ea438856c6221943be99ab8f8f37351d,2016-12,Norfolk Constabulary,Norfolk Constabulary,1.296591,52.605709,On or near MANTHORPE CLOSE,E01026818,Norwich 013C,Suspect charged
866f1ef9b526c712b59f25561f356d9f7bd2feec0ea44fe4d147f13a845b4fd9,2016-12,Norfolk Constabulary,Norfolk Constabulary,1.090469,52.903832,On or near SHRUBLANDS COURT,E01026743,North Norfolk 004C,Suspect charged
efe8f8466b7519f8c3b5316f480e4fe1af9efde950944d2a9487e644fe1d53ab,2016-12,Norfolk Constabulary,Norfolk Constabulary,1.716610,52.599016,On or near THAMESFIELD WAY,E01026634,Great Yarmouth 007C,Suspect charged
8456d38432945d2dad02a2f72a396edecc3b6efded5cfa9e0bf57ae5bb4aa788,2016-12,Norfolk Constabulary,Norfolk Constabulary,1.713586,52.604301,On or near VINCENT CLOSE,E01026635,Great Yarmouth 007D,Local resolution
297fe7d0b1101242402b9714beb357486d3a048183e1104aed907836cda498c4,2016-12,Norfolk Constabulary,Norfolk Constabulary,1.727318,52.604733,On or near YARMOUTH WAY,E01026625,Great Yarmouth 006D,Suspect charged
e1c0b62930acc36258ccc2c2458b69aad08bcd4bbd97be9c2582c313c4682685,2016-12,Norfolk Constabulary,Norfolk Constabulary,0.416957,52.740178,On or near SCANIA WAY,E01026704,King's Lynn and West Norfolk 011D,Suspect charged
4a51208c8c8699893aed89077bb40c5da65dcca836b33be8f9c82b4111ef9d75,2016-12,Norfolk Constabulary,Norfolk Constabulary,1.241628,52.638758,On or near Supermarket,E01026867,Norwich 006E,Local resolution
aa2549f81d1fcc533e05972fde3b3fedcd205bf27bbc85c904c83c38f9adee52,2016-12,Norfolk Constabulary,Norfolk Constabulary,1.721506,52.613893,On or near SCHOOL ROAD,E01026596,Great Yarmouth 005B,Local resolution
bde631498f852d3f1c81b58ec13fb4c90d7eede0140b96aa9b6647c23e395e55,2016-12,Norfolk Constabulary,Norfolk Constabulary,0.397982,52.754258,On or near Supermarket,E01026698,King's Lynn and West Norfolk 011A,Suspect charged
6ea5a7ddecba7c7214e1c3dc50a23188dc8e6db02e4bd217c62de5e3c8c04615,2016-12,Norfolk Constabulary,Norfolk Constabulary,1.240165,52.627970,On or near EARLHAM ROAD,E01026861,Norwich 010D,Formal action is not in the public interest
49e58c6e7199336c4d22e94c17da9618cc2b14fe1b60867e2a78da1ccfc80c0b,2016-12,Norfolk Constabulary,Norfolk Constabulary,1.298566,52.629613,On or near Nightclub,E01033438,Norwich 014A,Suspect charged
ad4c6b86dfcbf9c8f9882829295a48bcc0ac97ecf74a852c4231e6fa5aa0fa64,2016-12,Norfolk Constabulary,Norfolk Constabulary,0.405976,52.747379,On or near GOODWINS ROAD,E01026667,King's Lynn and West Norfolk 009B,Suspect charged
7d80a6fb43bbb76779c8cb0e2cc9d675f0a29b8cbd33433125b81a4004217afb,2016-12,Norfolk Constabulary,Norfolk Constabulary,1.240165,52.627970,On or near EARLHAM ROAD,E01026861,Norwich 010D,Formal action is not in the public interest
13bfb44542621a4ce42343cc15de651a39e3b3081c7a1e4ac002dba541ad1420,2016-12,Norfolk Constabulary,Norfolk Constabulary,0.832163,52.570179,On or near DALE CLOSE,E01026488,Breckland 009C,Formal action is not in the public interest
165c6b20439b85636de96967689f2b642d71bfef30f80732597a0c930fa56c9f,2016-12,Norfolk Constabulary,Norfolk Constabulary,1.239044,52.622200,On or near Parking Area,E01026860,Norwich 010C,Formal action is not in the public interest
0cc429a82e4c43562f9b4e01f45544e7962d4705cd105386610dc09380740bc4,2016-12,Norfolk Constabulary,Norfolk Constabulary,1.705121,52.585768,On or near BURGH ROAD,E01026581,Great Yarmouth 008A,Formal action is not in the public interest
44f3dec853037e75c4331f36326912c0fb8ad83c56229dc9e59adbe4ce7ef802,2016-12,Norfolk Constabulary,Norfolk Constabulary,1.728887,52.607724,On or near REGENT BOULEVARD,E01026597,Great Yarmouth 005C,Suspect charged
841528d4485ead90df1697ca2a8ad8e437f73658a503a351fcca3b87a39f05f4,2016-12,Norfolk Constabulary,Norfolk Constabulary,1.300231,52.650153,On or near WALL ROAD,E01026843,Norwich 003C,Suspect charged
841528d4485ead90df1697ca2a8ad8e437f73658a503a351fcca3b87a39f05f4,2016-12,Norfolk Constabulary,Norfolk Constabulary,1.300231,52.650153,On or near WALL ROAD,E01026843,Norwich 003C,Suspect charged
81877bddd84879659be9f0157262f56999401e3cf84effd5096c3860b8786df8,2016-12,Norfolk Constabulary,Norfolk Constabulary,1.304757,52.628217,On or near PRINCE OF WALES ROAD,E01033439,Norwich 014B,Offender given penalty notice
4bff9c0cd95358dec98dd4d034e872822e26ff18943a76b8dcb77c45a07a81f4,2016-12,Norfolk Constabulary,Norfolk Constabulary,1.297740,52.930729,On or near WEST STREET,E01026734,North Norfolk 003A,Unable to prosecute suspect
2134e518d8ccc31e3c247abf4e59a4915c6d7401eaebefbd23ee06b2abb6037c,2016-12,Norfolk Constabulary,Norfolk Constabulary,1.293950,52.629354,On or near Shopping Area,E01026823,Norwich 007B,Local resolution
100126ce6c9c78845de1b40574eeade8db065725924772e64c3186402f4351fb,2016-12,Norfolk Constabulary,Norfolk Constabulary,0.948106,52.680424,On or near RAMILLIES CLOSE,E01026429,Breckland 003B,Local resolution
c2709ce9dc6d16a9b3ad54499e0ef07ed094b2c7fb6fd78cda80e19b6bd7c9db,2016-12,Norfolk Constabulary,Norfolk Constabulary,1.330158,52.645052,On or near DELONEY ROAD,E01026805,Norwich 004C,Suspect charged
350524da3d9cb92fd01a5a85dd12fbf3f47a53258e3dec9c7bdef909fa81c079,2016-12,Norfolk Constabulary,Norfolk Constabulary,0.400434,52.763002,On or near Supermarket,E01026688,King's Lynn and West Norfolk 007B,Formal action is not in the public interest
350524da3d9cb92fd01a5a85dd12fbf3f47a53258e3dec9c7bdef909fa81c079,2016-12,Norfolk Constabulary,Norfolk Constabulary,0.400434,52.763002,On or near Supermarket,E01026688,King's Lynn and West Norfolk 007B,Formal action is not in the public interest
46c9798f1e36b4869c25063a0f1bd3c39c164b72b5d7c736e838aa03aae328cc,2016-12,Norfolk Constabulary,Norfolk Constabulary,0.488408,52.908940,On or near Supermarket,E01026678,King's Lynn and West Norfolk 003C,Suspect charged
0b397c00b7a0ddaad8ddf66e77694cb43a89dce8e861e3afc958de089adefbd0,2016-12,Norfolk Constabulary,Norfolk Constabulary,1.346705,52.637327,On or near SPINNEY CLOSE,E01026570,Broadland 015B,Suspect charged
d51d44ac13a689fa442556721080e1e541d4dc072a420830355828c7ecdbbdee,2016-12,Norfolk Constabulary,Norfolk Constabulary,0.901962,52.675385,On or near A47,E01026453,Breckland 004C,Local resolution
1fc12a6bbfff6bfe5ecd150b40e2766285c7ad769a55eace4e53468af766285d,2016-12,Norfolk Constabulary,Norfolk Constabulary,0.387225,52.730989,On or near ACER ROAD,E01026704,King's Lynn and West Norfolk 011D,Suspect charged
e43671b7463f0eb1566d32314cf3fc39b589e4159c64a2f534ae7bc28de4d3ff,2016-12,Norfolk Constabulary,Norfolk Constabulary,0.423029,52.762830,On or near Sports/Recreation Area,E01026693,King's Lynn and West Norfolk 009D,Offender given a drugs possession warning
fbbd2532520df9eafa16830881408b99a1a530c92cf5fb3160c70c882218024d,2016-12,Norfolk Constabulary,Norfolk Constabulary,1.292052,52.628490,On or near ST PETERS STREET,E01026822,Norwich 007A,Unable to prosecute suspect
42b25535d13c9c1a32909b57f433598ef6b3153f2051da50e6d88710b9cf38b4,2016-12,Norfolk Constabulary,Norfolk Constabulary,1.713604,52.570310,On or near KEBLE ROAD,E01026621,Great Yarmouth 011E,Unable to prosecute suspect
98604ff9a74a7b595ede435b4c36a10373ed0c19feab5955570bc7406f217d88,2016-12,Norfolk Constabulary,Norfolk Constabulary,1.316975,52.648650,On or near HOLLY BANK,E01026559,Broadland 013C,Suspect charged
98604ff9a74a7b595ede435b4c36a10373ed0c19feab5955570bc7406f217d88,2016-12,Norfolk Constabulary,Norfolk Constabulary,1.316975,52.648650,On or near HOLLY BANK,E01026559,Broadland 013C,Suspect charged
1aa481baacaf851aef2fc9e9c816c21ba44db41d874661901fb3d67ed96123d7,2016-12,Norfolk Constabulary,Norfolk Constabulary,1.325393,52.636435,On or near Supermarket,E01026804,Norwich 004B,Suspect charged
65acc27b20392e522f7079208e00a5e08fcbb29facee0d943a1429e9475e6ec9,2016-12,Norfolk Constabulary,Norfolk Constabulary,1.734114,52.602819,On or near NAPOLEON PLACE,E01026624,Great Yarmouth 006C,Offender given penalty notice
05a4b166560b018c5a005db78ab3a860e6a6222b331accf74a09f9b11cd6a78e,2016-12,Norfolk Constabulary,Norfolk Constabulary,0.400434,52.763002,On or near Supermarket,E01026688,King's Lynn and West Norfolk 007B,Formal action is not in the public interest
05a4b166560b018c5a005db78ab3a860e6a6222b331accf74a09f9b11cd6a78e,2016-12,Norfolk Constabulary,Norfolk Constabulary,0.400434,52.763002,On or near Supermarket,E01026688,King's Lynn and West Norfolk 007B,Suspect charged
8fc08acb3ca495c02886a0129587ee9371ed3c6c4d40f1b62d0fa7451877c732,2016-12,Norfolk Constabulary,Norfolk Constabulary,1.124267,52.370484,On or near TAVERN CLOSE,E01033539,South Norfolk 015G,Suspect charged
e050b7e84ee12fb8a62b97e0fb29bbe9d6c837e26c297f88eda2b17d4a7a7534,2016-12,Norfolk Constabulary,Norfolk Constabulary,1.293246,52.626082,On or near Shopping Area,E01026822,Norwich 007A,Formal action is not in the public interest
12590be900e364436d377c1f97d09f935778f5b9370ead586be98e8f9e44c61f,2016-12,Norfolk Constabulary,Norfolk Constabulary,1.717305,52.574268,On or near EXETER ROAD,E01026604,Great Yarmouth 009D,Suspect charged
1f17b54d206e42ab8e4790bcdbd63a1d9a9ef5f08891accf68f0349475477d2c,2016-12,Norfolk Constabulary,Norfolk Constabulary,0.942301,52.682331,On or near WELLINGTON ROAD,E01026429,Breckland 003B,Offender given a caution
d051dbed0b69e77b9f5402825f2ee9aeb01ed90fb844e0a061e171903cbdb50e,2016-12,Norfolk Constabulary,Norfolk Constabulary,1.719687,52.618231,On or near PATTINSON'S ROAD,E01026596,Great Yarmouth 005B,Unable to prosecute suspect
d4d36a586dbed8d2d59258aea9959af423879b64253c87c3440b3167cc11309b,2016-12,Norfolk Constabulary,Norfolk Constabulary,1.225351,52.641370,On or near NOTYKIN STREET,E01026791,Norwich 005A,Formal action is not in the public interest
90f434078121f2f5acb3576728a46d9b9581e068b2489576edbfb288408f22c7,2016-12,Norfolk Constabulary,Norfolk Constabulary,1.275643,52.635178,On or near WEST END STREET,E01026825,Norwich 007D,Offender given a caution
e9fbebcfb2b2d5398f2b7b76aa11b793900136e95366723c7d333ff674d90bb6,2016-12,Norfolk Constabulary,Norfolk Constabulary,1.732825,52.601735,On or near VICTORIA ROAD,E01026624,Great Yarmouth 006C,Suspect charged
dbf9e4859d2221a69581557db4ff3050c98bb534d05cf5c2f52d093a906bba98,2016-12,Norfolk Constabulary,Norfolk Constabulary,1.719282,52.603529,On or near STATION ROAD,E01026634,Great Yarmouth 007C,Suspect charged
4b244981c9607fc0e7635cc7a909ba949e2c2ae54fc75099072dfb375efd3d56,2016-12,Norfolk Constabulary,Norfolk Constabulary,1.276509,52.636871,On or near NILE STREET,E01026825,Norwich 007D,Unable to prosecute suspect
c746b5add77c084fb859037aab33c77bea6aa7c4d57d0c83e0b5f8283819326d,2016-12,Norfolk Constabulary,Norfolk Constabulary,1.710110,52.576832,On or near KING'S ROAD,E01026603,Great Yarmouth 009C,Formal action is not in the public interest
25ab3fcd10d1aed03f7f5dab7cf4ef22f1fadc95f1b568eb23fce1793a244ecf,2016-12,Norfolk Constabulary,Norfolk Constabulary,0.941318,52.681357,On or near Supermarket,E01026426,Breckland 005B,Suspect charged
8878303ff39cb21e6388c070b4626eb572f6d368be207cd77906b29d555bcf68,2016-12,Norfolk Constabulary,Norfolk Constabulary,0.937194,52.680533,On or near WASHBRIDGE,E01026425,Breckland 005A,Suspect charged
37133a76bc64b66e1fcf0dab84709035998968b004e4078ced5a9f15da8877f8,2016-12,Norfolk Constabulary,Norfolk Constabulary,0.720804,52.404074,On or near Petrol Station,E01026478,Breckland 017E,Suspect charged
88c159228a93f1a600e8a7f6d3c91878f732896a61ea56926bbc814f4efafb1f,2016-12,Norfolk Constabulary,Norfolk Constabulary,1.298566,52.629613,On or near Nightclub,E01033438,Norwich 014A,Suspect charged
45322d9059b9296f9a6aaad303a54a645ee4744415bb90a7de1314245a506056,2016-12,Norfolk Constabulary,Norfolk Constabulary,1.735664,52.613563,On or near SANDOWN ROAD,E01026595,Great Yarmouth 005A,Unable to prosecute suspect
20dac9c8348fb116a08088773016e82d2ee0a0b584048c92260fa3d34491dfb5,2016-12,Norfolk Constabulary,Norfolk Constabulary,1.298422,52.629266,On or near AGRICULTURAL HALL PLAIN,E01033438,Norwich 014A,Suspect charged
f350056b2e553db180aa614ff1903e1a06a57358ac70fab61db3dba2474c9081,2016-12,Norfolk Constabulary,Norfolk Constabulary,0.447674,52.774364,On or near LANGLEY ROAD,E01026710,King's Lynn and West Norfolk 005E,Formal action is not in the public interest
f350056b2e553db180aa614ff1903e1a06a57358ac70fab61db3dba2474c9081,2016-12,Norfolk Constabulary,Norfolk Constabulary,0.447674,52.774364,On or near LANGLEY ROAD,E01026710,King's Lynn and West Norfolk 005E,Suspect charged
1b644004873270d28ad79119cdb5693eb51a084634eaaa31d01c4ad60802ac55,2016-12,Norfolk Constabulary,Norfolk Constabulary,0.849451,52.829668,On or near Shopping Area,E01026747,North Norfolk 011C,Formal action is not in the public interest
1b644004873270d28ad79119cdb5693eb51a084634eaaa31d01c4ad60802ac55,2016-12,Norfolk Constabulary,Norfolk Constabulary,0.849451,52.829668,On or near Shopping Area,E01026747,North Norfolk 011C,Formal action is not in the public interest
7f94e38857b9efa9a76e0837ffddaecf1f6523828f6b2aae91b3347a57f74a04,2016-12,Norfolk Constabulary,Norfolk Constabulary,0.395632,52.754647,On or near Shopping Area,E01026699,King's Lynn and West Norfolk 011B,Formal action is not in the public interest
7f94e38857b9efa9a76e0837ffddaecf1f6523828f6b2aae91b3347a57f74a04,2016-12,Norfolk Constabulary,Norfolk Constabulary,0.395632,52.754647,On or near Shopping Area,E01026699,King's Lynn and West Norfolk 011B,Formal action is not in the public interest
5bf6011e50a4a0878f214e293271b5e2c0c0c3a3abe80281972317f48a95bbde,2016-12,Norfolk Constabulary,Norfolk Constabulary,1.293950,52.629354,On or near Shopping Area,E01026823,Norwich 007B,Suspect charged
d779b5aecdbfc969aacce266f3f2848fd50de2f320135f7d31a79a8027a99244,2016-12,Norfolk Constabulary,Norfolk Constabulary,0.424985,52.755354,On or near GAYWOOD HALL DRIVE,E01026666,King's Lynn and West Norfolk 009A,Suspect charged
ad1e1774ad68b55d43b52c0c9da5a113d526ea70a1168c85c9d87db1b8d2a176,2016-12,Norfolk Constabulary,Norfolk Constabulary,0.424985,52.755354,On or near GAYWOOD HALL DRIVE,E01026666,King's Lynn and West Norfolk 009A,Formal action is not in the public interest
ad1e1774ad68b55d43b52c0c9da5a113d526ea70a1168c85c9d87db1b8d2a176,2016-12,Norfolk Constabulary,Norfolk Constabulary,0.424985,52.755354,On or near GAYWOOD HALL DRIVE,E01026666,King's Lynn and West Norfolk 009A,Suspect charged
6f5bd49889984b0f07d20e5886793e4a7a729315b9c680d9d171388eb2e27dd4,2016-12,Norfolk Constabulary,Norfolk Constabulary,0.403810,52.747342,On or near GUANOCK TERRACE,E01026667,King's Lynn and West Norfolk 009B,Suspect charged
6f5bd49889984b0f07d20e5886793e4a7a729315b9c680d9d171388eb2e27dd4,2016-12,Norfolk Constabulary,Norfolk Constabulary,0.403810,52.747342,On or near GUANOCK TERRACE,E01026667,King's Lynn and West Norfolk 009B,Suspect charged
0f8b5450a9ccd1c2d12e434d618a21a933bb1ed00e7c356c8e37fce2b8967c3c,2016-12,Norfolk Constabulary,Norfolk Constabulary,1.730864,52.598136,On or near QUEEN'S ROAD,E01026626,Great Yarmouth 006E,Local resolution
48c6562fe132f39686cdc37ac0b672a10b81d86ab81c62c2705529998f69cadd,2016-12,Norfolk Constabulary,Norfolk Constabulary,1.730864,52.598136,On or near QUEEN'S ROAD,E01026626,Great Yarmouth 006E,Local resolution
d4a71fad7573882efc32223048ca452045b82a574cd9e7c33cc8f53d38dac983,2016-12,Norfolk Constabulary,Norfolk Constabulary,1.730864,52.598136,On or near QUEEN'S ROAD,E01026626,Great Yarmouth 006E,Local resolution
b0618c04923546b0325cdb6ae50d996a1bdc6fca644841a77b4b4a5a8f50a120,2016-12,Norfolk Constabulary,Norfolk Constabulary,1.303418,52.634172,On or near Parking Area,E01033438,Norwich 014A,Suspect charged
e8ee03e0142178d7f448058f05294a1f63a923c7c8e5c1c590a9def74fd5453f,2016-12,Norfolk Constabulary,Norfolk Constabulary,1.316469,52.632008,On or near MONTCALM ROAD,E01026850,Norwich 015C,Unable to prosecute suspect
9119840f108260443beed70b0ee5b16c2bacb5ca6c6c3aadce71381b72c0ce62,2016-12,Norfolk Constabulary,Norfolk Constabulary,1.210778,52.776055,On or near Sports/Recreation Area,E01026523,Broadland 002B,Offender given penalty notice
85747218e7a1c3302d4183368d916dc3ba1c8fd9646ae1f3e3f9efd9374417fe,2016-12,Norfolk Constabulary,Norfolk Constabulary,0.858740,52.554918,On or near HMP WAYLAND,E01033040,Breckland 010F,Offender given penalty notice
615a2bbad549918745d6a075424cc02b1f5936f147974bb321da9588a8494d10,2016-12,Norfolk Constabulary,Norfolk Constabulary,1.241078,52.631731,On or near EARLHAM WEST CENTRE,E01026796,Norwich 005F,Suspect charged
76e43c6b85cb5dd6f47d3823d2dbc973f6dccd54c035d21ea51d295ec92ce548,2016-12,Norfolk Constabulary,Norfolk Constabulary,1.728408,52.579324,On or near WIGHTMANS LANE,E01026632,Great Yarmouth 009E,Formal action is not in the public interest
03ee748ee7d0994c61cccee319148a0ee6efd65d52731040ca7400039cd9129d,2016-12,Norfolk Constabulary,Norfolk Constabulary,1.655616,52.578628,On or near BECCLES ROAD,E01026614,Great Yarmouth 012B,Unable to prosecute suspect
dc967102a40a5fff49d0d67f2f6984ef77c371e4c29f20ed2fa707b67c858ffd,2016-12,Norfolk Constabulary,Norfolk Constabulary,1.221052,52.618086,On or near Hospital,E01026883,South Norfolk 002C,Suspect charged
b1163d71d2010c0f453435281e6ab144eab50e77ac53bac3aa81594d2d6d78e5,2016-12,Norfolk Constabulary,Norfolk Constabulary,1.722283,52.589627,On or near COMMON ROAD,E01026600,Great Yarmouth 007A,Suspect charged
71e721bd5c03cd432739ede3b0f3a8be4abefb40944b9528c396a1e60a65fc40,2016-12,Norfolk Constabulary,Norfolk Constabulary,1.221052,52.618086,On or near Hospital,E01026883,South Norfolk 002C,Suspect charged
e5efd4dd727772e93c59f0c49d85497222cf370d3424d55ea61851c0eb1b954a,2016-12,Norfolk Constabulary,Norfolk Constabulary,1.330470,52.626597,On or near THORPE HALL CLOSE,E01026577,Broadland 016D,Offender given a drugs possession warning
0142cdd7c143e50b42586990c51d23f9df6573db8f018df19704622050a71737,2016-12,Norfolk Constabulary,Norfolk Constabulary,0.858740,52.554918,On or near HMP WAYLAND,E01033040,Breckland 010F,Suspect charged
2f570d2732e165ace71ca41f81080596b2f68b5b89b5f4c7f35b477e35fa1940,2016-12,Norfolk Constabulary,Norfolk Constabulary,1.210778,52.776055,On or near Sports/Recreation Area,E01026523,Broadland 002B,Local resolution
d5db1cc18715d399a5cff43427285a8855d7d48a75f536ffacc7f4afb467c270,2016-12,Norfolk Constabulary,Norfolk Constabulary,1.242580,52.638840,On or near Supermarket,E01026867,Norwich 006E,Suspect charged
acfce5cce7a19f15cae4218ab3f293c24158224086115dfca1923509abb3016f,2016-12,Norfolk Constabulary,Norfolk Constabulary,0.397189,52.754130,On or near Shopping Area,E01026699,King's Lynn and West Norfolk 011B,Unable to prosecute suspect
acfce5cce7a19f15cae4218ab3f293c24158224086115dfca1923509abb3016f,2016-12,Norfolk Constabulary,Norfolk Constabulary,0.397189,52.754130,On or near Shopping Area,E01026699,King's Lynn and West Norfolk 011B,Unable to prosecute suspect
acfce5cce7a19f15cae4218ab3f293c24158224086115dfca1923509abb3016f,2016-12,Norfolk Constabulary,Norfolk Constabulary,0.397189,52.754130,On or near Shopping Area,E01026699,King's Lynn and West Norfolk 011B,Unable to prosecute suspect
acfce5cce7a19f15cae4218ab3f293c24158224086115dfca1923509abb3016f,2016-12,Norfolk Constabulary,Norfolk Constabulary,0.397189,52.754130,On or near Shopping Area,E01026699,King's Lynn and West Norfolk 011B,Unable to prosecute suspect
acfce5cce7a19f15cae4218ab3f293c24158224086115dfca1923509abb3016f,2016-12,Norfolk Constabulary,Norfolk Constabulary,0.397189,52.754130,On or near Shopping Area,E01026699,King's Lynn and West Norfolk 011B,Unable to prosecute suspect
49eb6abd70f8fb69a3067d3e153fd9bc694de65061a52c8ab94bcf701236ecbe,2016-12,Norfolk Constabulary,Norfolk Constabulary,1.676001,52.580677,On or near Parking Area,E01026614,Great Yarmouth 012B,Unable to prosecute suspect
f152690d58b9a63fa6add9e632585ff06fa809efe2951e11a3a6831d0c1ab738,2016-12,Norfolk Constabulary,Norfolk Constabulary,0.858740,52.554918,On or near HMP WAYLAND,E01033040,Breckland 010F,Suspect charged
4ab6dc1e47cad95adb9fc9a3d05e893e7c6862fa682faafa0947a662921fad11,2016-12,Norfolk Constabulary,Norfolk Constabulary,0.397982,52.754258,On or near Supermarket,E01026698,King's Lynn and West Norfolk 011A,Suspect charged
453a1dab664572e3d6d5e1da8d844ac941fe4f10968038ce5c4219ae39985b0a,2016-12,Norfolk Constabulary,Norfolk Constabulary,1.727558,52.616760,On or near NURSERY TERRACE,E01026599,Great Yarmouth 004A,Unable to prosecute suspect
e11a7b2dbfc4e7b9d6600757919745ad613586017c5393e74ada7e68e3590f28,2016-12,Norfolk Constabulary,Norfolk Constabulary,1.317599,52.637562,On or near Prison,E01026806,Norwich 004D,Suspect charged
c2784f5cccb71587fdab32533beeb9c2d665044df40ac404130eaa2f0daab7fc,2016-12,Norfolk Constabulary,Norfolk Constabulary,1.717305,52.607737,On or near ISAAC'S ROAD,E01026635,Great Yarmouth 007D,Suspect charged
459a24003400ffa3ea643e2c834b786454ff6aabf6df87047392ef205047e91e,2016-12,Norfolk Constabulary,Norfolk Constabulary,1.728495,52.606765,On or near Shopping Area,E01026623,Great Yarmouth 006B,Unable to prosecute suspect
f747c87101bcefca3a7e9bb4cc2656bd6418027d923b09cc18f7beb4bfe482bf,2016-12,Norfolk Constabulary,Norfolk Constabulary,1.712217,52.576254,On or near NEW COLLEGE CLOSE,E01026603,Great Yarmouth 009C,Formal action is not in the public interest
a0c0c6e69b190a2e81119df145102c351d4167af369d92c24760d61213297583,2016-12,Norfolk Constabulary,Norfolk Constabulary,1.729996,52.607905,On or near Parking Area,E01026597,Great Yarmouth 005C,Offender given penalty notice
a0b060bf3533cb2b483828314401901d2a12eee5aab7a803c4333de1a7c97f71,2016-12,Norfolk Constabulary,Norfolk Constabulary,1.127233,52.367969,On or near STUSTON ROAD,E01033541,South Norfolk 015H,Offender given a caution
2cc10b26ff448d0447cbe2d85688dc5cc90703c1e77f1fbb170d22b5bcca0e72,2016-12,Norfolk Constabulary,Norfolk Constabulary,0.402185,52.759010,On or near Sports/Recreation Area,E01026689,King's Lynn and West Norfolk 007C,Suspect charged
a0030c14c35a2f9e10c4efcd429369459c6440e39b2d145365ab02758dae8a8d,2016-12,Norfolk Constabulary,Norfolk Constabulary,1.330158,52.645052,On or near DELONEY ROAD,E01026805,Norwich 004C,Suspect charged
1e2680e286552aa8a393dd6cff1d49487b4d7dc340bf45c8da9c48bf4dfab802,2016-12,Norfolk Constabulary,Norfolk Constabulary,1.292282,52.638826,On or near MAGPIE ROAD,E01026826,Norwich 007E,Suspect charged
1e2680e286552aa8a393dd6cff1d49487b4d7dc340bf45c8da9c48bf4dfab802,2016-12,Norfolk Constabulary,Norfolk Constabulary,1.292282,52.638826,On or near MAGPIE ROAD,E01026826,Norwich 007E,Suspect charged
de63018c2a3b81b63e7b7cde8948bb5821270619f5fce69ef5dc6ba0a1610c46,2016-12,Norfolk Constabulary,Norfolk Constabulary,1.308369,52.643945,On or near GILMAN ROAD,E01026844,Norwich 003D,Suspect charged
1a7ea4b250c9aa875ad5b1fe119d36e821cd54ed37485d617d1a8bd81f333648,2016-12,Norfolk Constabulary,Norfolk Constabulary,1.733732,52.609091,On or near SOUTHAMPTON PLACE,E01026598,Great Yarmouth 005D,Suspect charged
430ca9e375a3fc0913cef108cf2508f04f976621778a69c2f8c6ddd1471561d8,2016-12,Norfolk Constabulary,Norfolk Constabulary,0.858740,52.554918,On or near HMP WAYLAND,E01033040,Breckland 010F,Suspect charged
3cbde772e8e2757bc9b6cb1f4c0929c7a5cf9d82e33fa4bf977b8860ecf2b9e1,2016-12,Norfolk Constabulary,Norfolk Constabulary,1.307184,52.628257,On or near ASPLAND ROAD,E01033439,Norwich 014B,Formal action is not in the public interest
e877a8d1874cfab3cc9a4a0ff64a779f8f057211e0b0a8702ee3252b1a59fc21,2016-12,Norfolk Constabulary,Norfolk Constabulary,1.217205,52.636142,On or near BOWTHORPE HALL ROAD,E01033436,Norwich 005H,Suspect charged
2035adb65eb85ee1afe006459b2089e6487aa65508519388907a808c07175f06,2016-12,Norfolk Constabulary,Norfolk Constabulary,1.734671,52.606588,On or near RUSSELL SQUARE,E01026623,Great Yarmouth 006B,Suspect charged
3c9e346aebb62b5178853f37cf2537f47c1419a7d276233910458b1009169788,2016-12,Norfolk Constabulary,Norfolk Constabulary,0.858740,52.554918,On or near HMP WAYLAND,E01033040,Breckland 010F,Suspect charged
c584f30d2b820a42e876abe46133728db6dff02149227ea90b0d5dee3dd7041a,2016-12,Norfolk Constabulary,Norfolk Constabulary,1.210778,52.776055,On or near Sports/Recreation Area,E01026523,Broadland 002B,Formal action is not in the public interest
a7058019eb5fbf133206eb50da2f0c00141ef70f1921cdef3fe6f8dded910d03,2016-12,Norfolk Constabulary,Norfolk Constabulary,1.290782,52.625350,On or near MALTHOUSE ROAD,E01026822,Norwich 007A,Suspect charged
0251e4de2d9bd0804fe4df4414e595fe78d234905b8662f7a2dc84ad6a8638a9,2016-12,Norfolk Constabulary,Norfolk Constabulary,1.277798,52.654103,On or near LOSINGA CRESCENT,E01026832,Norwich 002E,Unable to prosecute suspect
0251e4de2d9bd0804fe4df4414e595fe78d234905b8662f7a2dc84ad6a8638a9,2016-12,Norfolk Constabulary,Norfolk Constabulary,1.277798,52.654103,On or near LOSINGA CRESCENT,E01026832,Norwich 002E,Unable to prosecute suspect
0251e4de2d9bd0804fe4df4414e595fe78d234905b8662f7a2dc84ad6a8638a9,2016-12,Norfolk Constabulary,Norfolk Constabulary,1.277798,52.654103,On or near LOSINGA CRESCENT,E01026832,Norwich 002E,Unable to prosecute suspect
247911563167ddce84e89633fa5ae67cd8b1bf48d23aa23c607adb0b1d94c653,2016-12,Norfolk Constabulary,Norfolk Constabulary,1.735798,52.595192,On or near Theme/Adventure Park,E01026622,Great Yarmouth 006A,Suspect charged
c77a234d21d92dee937312d426b21cb98d5384d1d94a896486b4e696c86c2228,2016-12,Norfolk Constabulary,Norfolk Constabulary,1.301734,52.645371,On or near DENMARK OPENING,E01026842,Norwich 003B,Suspect charged
e767477d2101ba9906d1f30eb31e3e67aa2b8f70c7750121a98cc1b122656579,2016-12,Norfolk Constabulary,Norfolk Constabulary,1.301734,52.645371,On or near DENMARK OPENING,E01026842,Norwich 003B,Suspect charged
b3d07ce66e95cb386f2c0eae2a988d0d083d244a6b19b4ab4f4b96457a3f52bb,2016-12,Norfolk Constabulary,Norfolk Constabulary,1.726672,52.577481,On or near Supermarket,E01026630,Great Yarmouth 010D,Unable to prosecute suspect
32c61702ccb4b69a4e3087de504773f055283f3e08be9bf33e213326243841da,2016-12,Norfolk Constabulary,Norfolk Constabulary,1.280139,52.648625,On or near GLENMORE GARDENS,E01026834,Norwich 002G,Suspect charged
9b85c7223678aae0924d2ad0c93df9df3eea03ee11f9a7818f0489eee293cfbd,2016-12,Norfolk Constabulary,Norfolk Constabulary,0.552670,52.741524,On or near BIRCH ROAD,E01026665,King's Lynn and West Norfolk 012A,Offender given a caution
2e0ed1114589984ec2646454581d41f52bba103f1360ea5adfd27cf1ee021f93,2016-12,Norfolk Constabulary,Norfolk Constabulary,1.728676,52.613406,On or near WEST ROAD,E01026595,Great Yarmouth 005A,Unable to prosecute suspect
e1c7a6eaa6a224295569dcff47dd7f3f2f613265b5317eae414cadd98921880c,2016-12,Norfolk Constabulary,Norfolk Constabulary,1.727820,52.606813,On or near REGENT ROAD,E01026623,Great Yarmouth 006B,Formal action is not in the public interest
d26a32cb9820ce8f51b3a4c06f4ea1a97da7956f25acdde2186872935ef07aec,2016-12,Norfolk Constabulary,Norfolk Constabulary,0.393517,52.755544,On or near Theatre/Concert Hall,E01026698,King's Lynn and West Norfolk 011A,Suspect charged
35ee95852e79cb293658405c3f3c2929a0bcb4eb91211b77db91d80c5c9b2839,2016-12,Norfolk Constabulary,Norfolk Constabulary,1.639925,52.712087,On or near BENSLEY ROAD,E01026638,Great Yarmouth 002E,Unable to prosecute suspect
9434fb91d5b78052e8a5a71552aae20dcb07bcbc9aa1d53c99df5a09f1b32bcb,2016-12,Norfolk Constabulary,Norfolk Constabulary,1.721506,52.613893,On or near SCHOOL ROAD,E01026596,Great Yarmouth 005B,Suspect charged
9434fb91d5b78052e8a5a71552aae20dcb07bcbc9aa1d53c99df5a09f1b32bcb,2016-12,Norfolk Constabulary,Norfolk Constabulary,1.721506,52.613893,On or near SCHOOL ROAD,E01026596,Great Yarmouth 005B,Suspect charged
b9ab7643774e4b0e95f6d7fe70f96cbcfc2bc49df7d658eec1d44f6b4065349f,2016-12,Norfolk Constabulary,Norfolk Constabulary,0.490304,52.570017,On or near CHURCH ROAD,E01026728,King's Lynn and West Norfolk 018C,Suspect charged
79720bdb4b31b709e6ea9be332c4eea8c527cc98657c8411c8a2f60c6fcae450,2016-12,Norfolk Constabulary,Norfolk Constabulary,0.490304,52.570017,On or near CHURCH ROAD,E01026728,King's Lynn and West Norfolk 018C,Suspect charged
54af9a5c651eb717cfd8dab00f2491c960e3e5b4753c4bb9b5a41fcd042f22e4,2016-12,Norfolk Constabulary,Norfolk Constabulary,1.297173,52.617978,On or near Supermarket,E01026853,Norwich 011B,Suspect charged
9a383fdf31f0597996f7352a33963998565975e06e82b7cd26cc6522c626b7e8,2016-12,Norfolk Constabulary,Norfolk Constabulary,1.723208,52.601741,On or near Petrol Station,E01026635,Great Yarmouth 007D,Unable to prosecute suspect
58d6d9e9d468705ad176a479326a709bbe13d6e6f2175aabffc06ffa272b6590,2016-12,Norfolk Constabulary,Norfolk Constabulary,0.952578,52.524636,On or near NELSON'S LOKE,E01026420,Breckland 010B,Formal action is not in the public interest
fc0666a4c2fd7b21165cbe3046a55e8bb2f0b7a5bdb7470c6b04a6f3efbd5c8a,2016-12,Norfolk Constabulary,Norfolk Constabulary,1.292282,52.638826,On or near MAGPIE ROAD,E01026826,Norwich 007E,Suspect charged
fc0666a4c2fd7b21165cbe3046a55e8bb2f0b7a5bdb7470c6b04a6f3efbd5c8a,2016-12,Norfolk Constabulary,Norfolk Constabulary,1.292282,52.638826,On or near MAGPIE ROAD,E01026826,Norwich 007E,Suspect charged
52845d29c01ffcaa385bf86521dd48a33dbfe603c51b779549a9833b892c15a3,2016-12,Norfolk Constabulary,Norfolk Constabulary,1.295167,52.636309,On or near Supermarket,E01026826,Norwich 007E,Suspect charged
b30e7ebbef809119872d2b7f9fd3ec934544c838b90b13665c1598c31b2f260d,2016-12,Norfolk Constabulary,Norfolk Constabulary,1.482588,52.620284,On or near CHAPEL ROAD,E01026511,Broadland 017D,Formal action is not in the public interest
7fad0b20f5d63a271ca3adb1b4cbe8c6c5db940cb9a4ea7b69bc80c165ba0d33,2016-12,Norfolk Constabulary,Norfolk Constabulary,1.286478,52.626100,On or near COACH AND HORSES ROW,E01033437,Norwich 011H,Suspect charged
9b65a8c62e626931f791018533d17732caaac1780bb326772943bda2cb79bf0c,2016-12,Norfolk Constabulary,Norfolk Constabulary,0.488408,52.908940,On or near Supermarket,E01026678,King's Lynn and West Norfolk 003C,Suspect charged
5ed1bceca98990bb89e45b2395a4dc51855c0e0efb544e24fa1ec7f796092629,2016-12,Norfolk Constabulary,Norfolk Constabulary,1.250923,52.657839,On or near Sports/Recreation Area,E01026529,Broadland 010D,Suspect charged
fb3c799e0ba0cc27fc6eeec1178b7476e49502dccf5333dead2054814ecb6ee0,2016-12,Norfolk Constabulary,Norfolk Constabulary,0.858740,52.554918,On or near HMP WAYLAND,E01033040,Breckland 010F,Offender given penalty notice
47176cec46f7959dcee6e08f3eab40af904b1c3ac77ab0607d84fc53d26cc71e,2016-12,Norfolk Constabulary,Norfolk Constabulary,1.297173,52.617978,On or near Supermarket,E01026853,Norwich 011B,Suspect charged
61b73f42f8e82ef2e5f154c960d1512223d8ec118c7559534fb88fad65044142,2016-12,Norfolk Constabulary,Norfolk Constabulary,1.727007,52.573783,On or near NELSON ROAD,E01026631,Great Yarmouth 010E,Unable to prosecute suspect
cbeefae2885e9a9641a5f38520395b84c9225279c507e998dd9d29a4effe32f6,2016-12,Norfolk Constabulary,Norfolk Constabulary,0.948106,52.680424,On or near RAMILLIES CLOSE,E01026429,Breckland 003B,Offender given a caution
430170291ad0b424af52fe2011155a68ba08e1218fa0518955691322cf098ee0,2016-12,Norfolk Constabulary,Norfolk Constabulary,1.708820,52.585157,On or near SWALLOW CLOSE,E01026581,Great Yarmouth 008A,Local resolution
cdc6232b67e7d62b1430d0bd611d4f24d5afd951d8bd98b044b19aec602dbf1f,2016-12,Norfolk Constabulary,Norfolk Constabulary,1.206032,52.943421,On or near NORTH STREET,E01026770,North Norfolk 001A,Offender given a caution
37b68404e46ff37a1f86c03c23a67e1873100a2718d2a71676258038e218d7e7,2016-12,Norfolk Constabulary,Norfolk Constabulary,1.725888,52.606505,On or near HOWARD STREET SOUTH,E01026623,Great Yarmouth 006B,Unable to prosecute suspect
a3a41bfa809fb72fbc11a4af8c4e33650d4db941268ba60cf24dbad7d6394f2d,2016-12,Norfolk Constabulary,Norfolk Constabulary,,,No location,,,Suspect charged
a16d00e600fb2885acc7d17c872e419c42236670b416e7e6ab21a9ea531b2a24,2016-12,Norfolk Constabulary,Norfolk Constabulary,1.730864,52.598136,On or near QUEEN'S ROAD,E01026626,Great Yarmouth 006E,Offender given a caution
74ef2833ca9017e80108efca1c337000b2ed0dca277469747cbc9865d137f211,2016-12,Norfolk Constabulary,Norfolk Constabulary,0.357637,52.732750,On or near PULLOVER ROAD,E01026713,King's Lynn and West Norfolk 008D,Unable to prosecute suspect
3a61a17199d8051e2fa04d1f4ee1d0f3e052fc15e30faf0199ed77cc6def3521,2016-12,Norfolk Constabulary,Norfolk Constabulary,1.219540,52.637733,On or near SWAFIELD STREET,E01026792,Norwich 005B,Suspect charged
2205373a6140f32082651b1da192b8f991155b5650de6adaa950843ab694ff2a,2016-12,Norfolk Constabulary,Norfolk Constabulary,1.721506,52.613893,On or near SCHOOL ROAD,E01026596,Great Yarmouth 005B,Suspect charged
0074600a8401c60843d525ac87e554f2c81ea94b6a94fd5f99dca37e63e86243,2016-12,Norfolk Constabulary,Norfolk Constabulary,1.713586,52.604301,On or near VINCENT CLOSE,E01026635,Great Yarmouth 007D,Suspect charged
e8d07633fe23673e7b065f4d391a4816b960e9bdbd14cf1b9d25e09a2065c58e,2016-12,Norfolk Constabulary,Norfolk Constabulary,1.731747,52.572743,On or near PAVILION ROAD,E01026631,Great Yarmouth 010E,Suspect charged
7214c13be589c093851a9e1c656f07f4710e88abfc61fe7bdf6b77da05b0c3e2,2016-12,Norfolk Constabulary,Norfolk Constabulary,1.206032,52.943421,On or near NORTH STREET,E01026770,North Norfolk 001A,Offender given a caution
c89408a954c5e2e8dd5ab1728b6ee8c06d6b62de1c828537e24e0462bf4a1e8c,2016-12,Norfolk Constabulary,Norfolk Constabulary,1.046145,52.457737,On or near ANDREW'S FURLONG,E01026435,Breckland 013B,Formal action is not in the public interest
1ef1652517892946ed753b0f1d57daa3132819c93e563c1614d136208e69257b,2016-12,Norfolk Constabulary,Norfolk Constabulary,0.769814,52.418690,On or near BIRCH COVERT,E01026470,Breckland 016C,Suspect charged
d2f303f0920f0d05c84122fcdfe3a06912d7f1084857799fee29b12c398ec5b2,2016-12,Norfolk Constabulary,Norfolk Constabulary,1.724629,52.594465,On or near Petrol Station,E01026633,Great Yarmouth 007B,Local resolution
1a94fe5cae18937bdeb30e0a616c86f8fe33686d2698a8f2252d61fd49b0164a,2016-12,Norfolk Constabulary,Norfolk Constabulary,0.396193,52.754339,On or near Shopping Area,E01026699,King's Lynn and West Norfolk 011B,Suspect charged
78516e32fcabd96e2d5bfe14dccba959a5cd4c9ff3e1ca34c06e1c2e4a30b1cd,2016-12,Norfolk Constabulary,Norfolk Constabulary,1.516980,52.635232,On or near Parking Area,E01026498,Broadland 018B,Suspect charged
78516e32fcabd96e2d5bfe14dccba959a5cd4c9ff3e1ca34c06e1c2e4a30b1cd,2016-12,Norfolk Constabulary,Norfolk Constabulary,1.516980,52.635232,On or near Parking Area,E01026498,Broadland 018B,Suspect charged
ad72266993938f9946884e632ada847caf42289c8aecfa7fe8f9a00341e1ee50,2016-12,Norfolk Constabulary,Norfolk Constabulary,1.728723,52.578505,On or near BUSSEY'S LANE,E01026630,Great Yarmouth 010D,Local resolution
73c68b7a995ea43d1faa195d7e3af33c9638b3d35b898fd3295639dfbdb0263a,2016-12,Norfolk Constabulary,Norfolk Constabulary,1.228934,52.633016,On or near CRESSWELL CLOSE,E01033436,Norwich 005H,Formal action is not in the public interest
e6727cf005c8c493e71102a7785a4356e3db31c65c09c0c1a22229d0433fb5c1,2016-12,Norfolk Constabulary,Norfolk Constabulary,1.727347,52.583522,On or near TRAFALGAR ROAD EAST,E01026601,Great Yarmouth 009A,Local resolution
3b0b6edb38b28f597269c111c480ae4e358c5b735066fe956c9be30f5aa3bc9a,2016-12,Norfolk Constabulary,Norfolk Constabulary,0.447674,52.774364,On or near LANGLEY ROAD,E01026710,King's Lynn and West Norfolk 005E,Suspect charged
9ed0ed974ac677228c754f72b1127c63892843300b0c9a1f340a2622d96c46e4,2016-12,Norfolk Constabulary,Norfolk Constabulary,1.723969,52.585122,On or near Petrol Station,E01026601,Great Yarmouth 009A,Formal action is not in the public interest
057cd19413b7abb9f3060a2c29c162c210736e25744c96b3f09d0618dc47da0a,2016-12,Norfolk Constabulary,Norfolk Constabulary,1.731436,52.609370,On or near OLIVER MEWS,E01026597,Great Yarmouth 005C,Unable to prosecute suspect
a13ed488ce4c8cde60620f3a3e6d7fe2246fb800b599995e5cd4814f522d98ef,2016-12,Norfolk Constabulary,Norfolk Constabulary,1.206032,52.943421,On or near NORTH STREET,E01026770,North Norfolk 001A,Offender given a caution
fdbc8aee6e1f58f678d3a414aee9461807dd45a08cc187fc7f6292676fc6a532,2016-12,Norfolk Constabulary,Norfolk Constabulary,1.718885,52.600582,On or near STAFFORD ROAD,E01026633,Great Yarmouth 007B,Suspect charged
09dd098e5abe08711f16490cd784a614944f225c462599a0a113486453c72edc,2016-12,Norfolk Constabulary,Norfolk Constabulary,1.280486,52.637868,On or near CAUSEWAY CLOSE,E01026827,Norwich 007F,Unable to prosecute suspect
3a349d551544ef18d8338d376255bcda8034a986361b53441842cbd2d9148324,2016-12,Norfolk Constabulary,Norfolk Constabulary,1.096964,52.433177,On or near CHAPEL CLOSE,E01026874,South Norfolk 014B,Suspect charged
a993353e8f3881d2ebc4f83a98ec3323e76984669a508a2e14042f7c372524a5,2016-12,Norfolk Constabulary,Norfolk Constabulary,1.308932,52.629089,On or near ROSARY ROAD,E01033438,Norwich 014A,Suspect charged
445ba4c4a51c86e28837dbd0cc6ee10e38186627d5b7f91d10856040b59b6af1,2016-12,Norfolk Constabulary,Norfolk Constabulary,1.284298,52.624820,On or near NORFOLK STREET,E01033434,Norwich 011G,Suspect charged
c8891255ee991f9a0be24c455e2095bc6729082feb3d0693ebce844289387d8e,2016-12,Norfolk Constabulary,Norfolk Constabulary,1.733574,52.607414,On or near ROMAN PLACE,E01026623,Great Yarmouth 006B,Offender given a caution
c8891255ee991f9a0be24c455e2095bc6729082feb3d0693ebce844289387d8e,2016-12,Norfolk Constabulary,Norfolk Constabulary,1.733574,52.607414,On or near ROMAN PLACE,E01026623,Great Yarmouth 006B,Offender given a caution
f6cb2e784933300a1f6ca0bd401f027881df5513c588dbd14c72c8110711cfbf,2016-12,Norfolk Constabulary,Norfolk Constabulary,1.210778,52.776055,On or near Sports/Recreation Area,E01026523,Broadland 002B,Suspect charged
df4eb59820d318f1278ee00da7f3baa844dd7a84c20ab859f84ebe52855691a7,2016-12,Norfolk Constabulary,Norfolk Constabulary,0.396193,52.754339,On or near Shopping Area,E01026699,King's Lynn and West Norfolk 011B,Suspect charged
98d7d693479efd3f23364c175db81836021ad775286359e4c74a931075083978,2016-12,Norfolk Constabulary,Norfolk Constabulary,1.733298,52.606595,On or near ARTILLERY SQUARE,E01026623,Great Yarmouth 006B,Unable to prosecute suspect
3fe5d0c63b94c96851796c71ea06ca2b85630c2afb3206b65a361b78f6cc4e3e,2016-12,Norfolk Constabulary,Norfolk Constabulary,1.295876,52.627061,On or near Parking Area,E01026822,Norwich 007A,Suspect charged
a56cd975b54ab8d0422400ca23955de02892cc73a57e17ac768907962aef7e15,2016-12,Norfolk Constabulary,Norfolk Constabulary,1.728495,52.606765,On or near Shopping Area,E01026623,Great Yarmouth 006B,Suspect charged
159df0ff3e9365dd0bb9273f7502507af8684388fa5d48b05eeef2711f97a80d,2016-12,Norfolk Constabulary,Norfolk Constabulary,1.731220,52.608568,On or near MIDDLE MARKET ROAD,E01026597,Great Yarmouth 005C,Suspect charged
8c4b642bc36ab1591174e995e39625c2e44784380c1f82946100da31d15ffd1c,2016-12,Norfolk Constabulary,Norfolk Constabulary,0.939676,52.680921,On or near CHURCH STREET,E01026425,Breckland 005A,Suspect charged
5b9236460524a73093e08ce7c7d5d2d6bbc740fbf311f76d754003158867c221,2016-12,Norfolk Constabulary,Norfolk Constabulary,0.745367,52.409189,On or near ST MARY'S CRESCENT,E01026477,Breckland 017D,Formal action is not in the public interest
7062900eaa8f6d3f0f567e34f615e60c03dd2ab11bbd4fde960cfa71d918c4d3,2016-12,Norfolk Constabulary,Norfolk Constabulary,1.244757,52.696159,On or near BRACKEN CLOSE,E01026537,Broadland 004E,Suspect charged
7062900eaa8f6d3f0f567e34f615e60c03dd2ab11bbd4fde960cfa71d918c4d3,2016-12,Norfolk Constabulary,Norfolk Constabulary,1.244757,52.696159,On or near BRACKEN CLOSE,E01026537,Broadland 004E,Suspect charged
0e5cd51198545740ca5d32cddf347197b8a1b21265b56e9305445afc9e50ee7a,2016-12,Norfolk Constabulary,Norfolk Constabulary,1.637337,52.704494,On or near BACK LANE,E01026637,Great Yarmouth 002D,Local resolution
c3e11529a089e00fc691a51c0107aea1664ad656bc040ab02c56dd5cd6e65290,2016-12,Norfolk Constabulary,Norfolk Constabulary,1.306156,52.629320,On or near LOVELSTAITHE,E01033438,Norwich 014A,Suspect charged
62eab2d3aa12c09a804c4861308969673ed22584839d95e726d33516e6fd519a,2016-12,Norfolk Constabulary,Norfolk Constabulary,1.306156,52.629320,On or near LOVELSTAITHE,E01033438,Norwich 014A,Suspect charged
7eaa54891d8cb372f7a8469913cde07559272f7df7d5a5507be8e30b3b804c4f,2016-12,Norfolk Constabulary,Norfolk Constabulary,1.293246,52.626082,On or near Shopping Area,E01026822,Norwich 007A,Suspect charged
1c06c0e4a1af70d153fa7c60a054a22b1173fb62ba4dbb06b6e751d20a2d695d,2016-12,Norfolk Constabulary,Norfolk Constabulary,1.280385,52.651325,On or near AYLSHAM CRESCENT,E01026797,Norwich 001A,Suspect charged
36b48335c2587ee3ded085921d3111120594f050fa1aa79bcda86519069e5a73,2016-12,Norfolk Constabulary,Norfolk Constabulary,0.946537,52.674698,On or near YAXHAM ROAD,E01026426,Breckland 005B,Suspect charged
36b48335c2587ee3ded085921d3111120594f050fa1aa79bcda86519069e5a73,2016-12,Norfolk Constabulary,Norfolk Constabulary,0.946537,52.674698,On or near YAXHAM ROAD,E01026426,Breckland 005B,Suspect charged
7d7430ff69c7569c879687396a33b53e4c952d62828b2d5ebb0b0d6387b6ab86,2016-12,Norfolk Constabulary,Norfolk Constabulary,1.310472,52.632257,On or near WILLIAM KETT CLOSE,E01033438,Norwich 014A,Formal action is not in the public interest
f19d8171a91d5d5e0b7dbadf84af1636087756ce655706e29f0f02405412ccfa,2016-12,Norfolk Constabulary,Norfolk Constabulary,1.727602,52.610508,On or near PRIORY ROW,E01026597,Great Yarmouth 005C,Suspect charged
0cdf335dc41e1b51007e5e99e9c3b71d534a65f3ac64d13672b3ccb9f6cbe0e2,2016-12,Norfolk Constabulary,Norfolk Constabulary,1.299757,52.628356,On or near Petrol Station,E01033440,Norwich 014C,Formal action is not in the public interest
0cdf335dc41e1b51007e5e99e9c3b71d534a65f3ac64d13672b3ccb9f6cbe0e2,2016-12,Norfolk Constabulary,Norfolk Constabulary,1.299757,52.628356,On or near Petrol Station,E01033440,Norwich 014C,Offender given a caution
8df658bc95769273ba25753356dce87a60ee55431eb528a933d7b2f7f44a0f64,2016-12,Norfolk Constabulary,Norfolk Constabulary,1.299757,52.628356,On or near Petrol Station,E01033440,Norwich 014C,Formal action is not in the public interest
8df658bc95769273ba25753356dce87a60ee55431eb528a933d7b2f7f44a0f64,2016-12,Norfolk Constabulary,Norfolk Constabulary,1.299757,52.628356,On or near Petrol Station,E01033440,Norwich 014C,Offender given a caution
b605a2a8fc297e63fb88c5c9b7232f44abae59c5e46166048eb85d59c6a957d6,2016-12,Norfolk Constabulary,Norfolk Constabulary,1.261419,52.635930,On or near WINCHCOMB ROAD,E01026863,Norwich 006A,Formal action is not in the public interest
b605a2a8fc297e63fb88c5c9b7232f44abae59c5e46166048eb85d59c6a957d6,2016-12,Norfolk Constabulary,Norfolk Constabulary,1.261419,52.635930,On or near WINCHCOMB ROAD,E01026863,Norwich 006A,Suspect charged
9d08fa39aec36d632720662c36912d662fad10387658623f8fb468f84fb9890b,2016-12,Norfolk Constabulary,Norfolk Constabulary,1.276362,52.645186,On or near A1024,E01026828,Norwich 002A,Offender given a caution
1d15c88459ffdee80da925a2c57467a77b1627f0a36d2e2e543d3ad79d5e1485,2016-12,Norfolk Constabulary,Norfolk Constabulary,1.717439,52.607400,On or near COBHOLM ROAD,E01026635,Great Yarmouth 007D,Formal action is not in the public interest
1d15c88459ffdee80da925a2c57467a77b1627f0a36d2e2e543d3ad79d5e1485,2016-12,Norfolk Constabulary,Norfolk Constabulary,1.717439,52.607400,On or near COBHOLM ROAD,E01026635,Great Yarmouth 007D,Offender given a caution
6c67b8719b0ead97a6748b6b0bb44d9a8c4d808bcfd3c852d0eb04a25774576c,2016-12,Norfolk Constabulary,Norfolk Constabulary,1.280139,52.648625,On or near GLENMORE GARDENS,E01026834,Norwich 002G,Suspect charged
c181cf250c070755f360f5d9aa8523425137b80a6e5ffeac6787007d0d8c58f8,2016-12,Norfolk Constabulary,Norfolk Constabulary,1.295876,52.627061,On or near Parking Area,E01026822,Norwich 007A,Suspect charged
7260e93970f0d9745186d9fb088c0ed9f9137374271fda29734394cc3d1a8801,2016-12,Norfolk Constabulary,Norfolk Constabulary,1.259899,52.625225,On or near BUNNETT SQUARE,E01026859,Norwich 010B,Suspect charged
40a619b07c25bead3c1f1a2d01a17101ab942f2855e7bff14101bf97741c178d,2016-12,Norfolk Constabulary,Norfolk Constabulary,1.290145,52.647969,On or near ELM GROVE LANE,E01026800,Norwich 001D,Suspect charged
ff040baa95ef91f9e182fbfe63a0d459bb752251fdc4ae2953f4d21ea18270c1,2016-12,Norfolk Constabulary,Norfolk Constabulary,1.292417,52.627050,On or near WILLIAM BOOTH STREET,E01026822,Norwich 007A,Offender given penalty notice
1bf356ba6a344d52c9100c0d2070b7b5cdc8bc78902351e576c2209667e49f26,2016-12,Norfolk Constabulary,Norfolk Constabulary,1.730864,52.598136,On or near QUEEN'S ROAD,E01026626,Great Yarmouth 006E,Unable to prosecute suspect
fbf9c76a272fdf96ea630243b893dd113b73a169671ab4d20adf0139ba2ce850,2016-12,Norfolk Constabulary,Norfolk Constabulary,1.301390,52.627267,On or near ST JOHN STREET,E01033440,Norwich 014C,Unable to prosecute suspect
a90335ed2f3ce99d2b7361832e6d138ffcec15558728c46663924561a6eb9317,2016-12,Norfolk Constabulary,Norfolk Constabulary,1.285544,52.650696,On or near JEWSON ROAD,E01026800,Norwich 001D,Suspect charged
c6700c9255657d0f54993ba163233c34e4a44c9ba2766ffffb34c87491d17506,2016-12,Norfolk Constabulary,Norfolk Constabulary,1.732799,52.605603,On or near NELSON ROAD CENTRAL,E01026623,Great Yarmouth 006B,Suspect charged
d83a97a9924be71f24240ad4e0556bcdb9eaca48ff893c926ba93a149e6eeda3,2016-12,Norfolk Constabulary,Norfolk Constabulary,1.716774,52.606360,On or near Supermarket,E01026634,Great Yarmouth 007C,Unable to prosecute suspect
398d50bc5e8be939e0da08187fe14d984a4ac4edbb8cb302815811fe01bf3485,2016-12,Norfolk Constabulary,Norfolk Constabulary,1.728085,52.606112,On or near KING STREET,E01026623,Great Yarmouth 006B,Unable to prosecute suspect
8fd598b55287a2dab0e06871f8792451257e93d5fb54b7398bfab919bc95d08e,2016-12,Norfolk Constabulary,Norfolk Constabulary,1.723253,52.655492,On or near HANLY COURT,E01026589,Great Yarmouth 003A,Suspect charged
95a452b3dbda65b00cbeecb41547971737852dfc40e8d06e70a90dee769533f1,2016-12,Norfolk Constabulary,Norfolk Constabulary,1.246457,52.635298,On or near CADGE CLOSE,E01026868,Norwich 006F,Unable to prosecute suspect
18581e4d8d5073e8e370633669efbcf3d8bb73a6ba0e4b890b4bc227dc6204f7,2016-12,Norfolk Constabulary,Norfolk Constabulary,1.639925,52.712087,On or near BENSLEY ROAD,E01026638,Great Yarmouth 002E,Local resolution
68cd20ebf8ec6c07e66c5a4ddf66dace759e036daf0382803286bd1f259bf3da,2016-12,Norfolk Constabulary,Norfolk Constabulary,,,No location,,,Unable to prosecute suspect
d95e23bdc0a4f965a4ca703458fdfb82fd4cc309d83c0b64d8403948704f28dd,2016-12,Norfolk Constabulary,Norfolk Constabulary,1.292417,52.627050,On or near WILLIAM BOOTH STREET,E01026822,Norwich 007A,Local resolution
fa353e62113e64c6706418a6c20dfb93d1d13b0464fcc48c120ab5f56f11276c,2016-12,Norfolk Constabulary,Norfolk Constabulary,0.823674,52.571066,On or near BEECHWOOD AVENUE,E01026488,Breckland 009C,Suspect charged
53e581c998504bcec4180973f3833b15b2cf83a168a303cb42b60512d0a490f2,2016-12,Norfolk Constabulary,Norfolk Constabulary,1.735870,52.609914,On or near EUSTON ROAD,E01026598,Great Yarmouth 005D,Suspect charged
a18130b9eda3d21f683a60c95de854f2baae3792f37f5973a1b849b599031a30,2016-12,Norfolk Constabulary,Norfolk Constabulary,0.416957,52.740178,On or near SCANIA WAY,E01026704,King's Lynn and West Norfolk 011D,Suspect charged
8fda0ea5debb8b2bdf9bf2a01eae007e5eac6142122af2c57adff7d9482033d2,2016-12,Norfolk Constabulary,Norfolk Constabulary,1.727318,52.604733,On or near YARMOUTH WAY,E01026625,Great Yarmouth 006D,Offender given a drugs possession warning
645267911683526720f04ad156c7cd440cb3943d10206e3ae2630e0fa4531cff,2016-12,Norfolk Constabulary,Norfolk Constabulary,1.219540,52.637733,On or near SWAFIELD STREET,E01026792,Norwich 005B,Offender given a caution
2b1c643de75e9b933c01ba8ec30031c40824ebcc935338f418aebf167b25fc13,2016-12,Norfolk Constabulary,Norfolk Constabulary,1.016535,52.518139,On or near QUEEN'S SQUARE,E01026449,Breckland 011D,Unable to prosecute suspect
444e5540a5d3fd622e853e3ad47d81fb5766657099bc698a55a5079b35831c8b,2016-12,Norfolk Constabulary,Norfolk Constabulary,1.690411,52.697698,On or near HALL CLOSE,E01026605,Great Yarmouth 001A,Local resolution
65543f42d40bb903e29751e43223ee56942f6e443c32ce8fafa29ec02e75adb6,2016-12,Norfolk Constabulary,Norfolk Constabulary,1.293358,52.622068,On or near Supermarket,E01026853,Norwich 011B,Suspect charged
bf0fc8a5b286a356e80e3b6b58c72d83bb5d7b54d095daf068889b43c763d726,2016-12,Norfolk Constabulary,Norfolk Constabulary,0.416957,52.740178,On or near SCANIA WAY,E01026704,King's Lynn and West Norfolk 011D,Suspect charged
e617a72d9937be8d02654a077c142f80f9cb98dff38e0077cec8a9d4a43bd428,2016-12,Norfolk Constabulary,Norfolk Constabulary,1.311602,52.629599,On or near MALVERN ROAD,E01026850,Norwich 015C,Formal action is not in the public interest
1791846af7771fec32077cefd0f6f0f81fb1f5e2f5144f6a8dd2b1200dabffd7,2016-12,Norfolk Constabulary,Norfolk Constabulary,1.729779,52.604835,On or near DENE SIDE,E01026624,Great Yarmouth 006C,Offender given a caution
2a5a21cf19ffbe94c582e3ac10e6537189e63a349d12dd48caa99c2162d09560,2016-12,Norfolk Constabulary,Norfolk Constabulary,1.210778,52.776055,On or near Sports/Recreation Area,E01026523,Broadland 002B,Unable to prosecute suspect
9a7a982115ff0809594d3f2402c83c48133aa1b007b1155c6cfec1e3ba9abbcb,2016-12,Norfolk Constabulary,Norfolk Constabulary,1.480470,52.850647,On or near MILL LANE,E01026752,North Norfolk 007D,Suspect charged
eb72464f03a81225be970d155b3336d4a085cded15edd39f58be4b1c2de02426,2016-12,Norfolk Constabulary,Norfolk Constabulary,1.543271,52.642615,On or near HOLMES CLOSE,E01026498,Broadland 018B,Suspect charged
087e4a5bbdcdf53b69ebe01d3a91e40d0cf656ab1f6de67ec6599e15ad176f4e,2016-12,Norfolk Constabulary,Norfolk Constabulary,1.218328,52.646400,On or near ROWAN COURT,E01026917,South Norfolk 001B,Formal action is not in the public interest
1e9c4df3241f670d865139cfb1e620d9d8fbba9f44240480ad448740e1907547,2016-12,Norfolk Constabulary,Norfolk Constabulary,0.400995,52.760275,On or near BURKITT STREET,E01026689,King's Lynn and West Norfolk 007C,Suspect charged
219e46d007c6689f3394ead9b65eaa996f1c32a734f18ccbefbb371b8cdec19a,2016-12,Norfolk Constabulary,Norfolk Constabulary,1.273158,52.665627,On or near Petrol Station,E01026530,Broadland 011A,Suspect charged
fceaa7f93c52321b620d4eb7060ad3781d3f32af900f2b8343e4c6542cca53d9,2016-12,Norfolk Constabulary,Norfolk Constabulary,1.734114,52.602819,On or near NAPOLEON PLACE,E01026624,Great Yarmouth 006C,Offender given penalty notice
fceaa7f93c52321b620d4eb7060ad3781d3f32af900f2b8343e4c6542cca53d9,2016-12,Norfolk Constabulary,Norfolk Constabulary,1.734114,52.602819,On or near NAPOLEON PLACE,E01026624,Great Yarmouth 006C,Suspect charged
a18c07a86c907959539d2920bc41b0c26788e97d85139e21d2412aa9da706459,2016-12,Norfolk Constabulary,Norfolk Constabulary,0.413054,52.738441,On or near Supermarket,E01026704,King's Lynn and West Norfolk 011D,Local resolution
ef4c59296eb03074999a7e00e161fe032ad30cf25a0e9b4431602ff360d204d7,2016-12,Norfolk Constabulary,Norfolk Constabulary,0.526346,52.658058,On or near LIME CLOSE,E01026642,King's Lynn and West Norfolk 014A,Unable to prosecute suspect
5810c8d5ab0bf1ffad877ac0318a7c6ccc088b27918b845106b25d3f18a7d8b7,2016-12,Norfolk Constabulary,Norfolk Constabulary,1.295167,52.636309,On or near Supermarket,E01026826,Norwich 007E,Local resolution
b4ad726e215fde437673539fa6b58c3639540ee7f02eb5a0ef18c7aba48286bb,2016-12,Norfolk Constabulary,Norfolk Constabulary,1.294174,52.612476,On or near GAMEWELL CLOSE,E01026819,Norwich 013D,Unable to prosecute suspect
4345111b198401d927244fad0f3dbfc7537b2bc73570704710251b26b6374983,2016-12,Norfolk Constabulary,Norfolk Constabulary,1.304757,52.628217,On or near PRINCE OF WALES ROAD,E01033439,Norwich 014B,Suspect charged
f50e0828fdbf30414b75c3b6543a227a14e82313c40b3f71026f00e4d86201f6,2016-12,Norfolk Constabulary,Norfolk Constabulary,0.395000,52.752861,On or near GRANARY COURT,E01026699,King's Lynn and West Norfolk 011B,Formal action is not in the public interest
b6bec78104ea07425491b59aec0db326d0ad10d675343e99b121e0e722529801,2016-12,Norfolk Constabulary,Norfolk Constabulary,1.001259,52.514418,On or near GENTIAN WAY,E01026450,Breckland 011E,Unable to prosecute suspect
24340e13530390437a219f6b3f3bda61c452eeb6611841a09b20417ded26547e,2016-12,Norfolk Constabulary,Norfolk Constabulary,0.395000,52.752861,On or near GRANARY COURT,E01026699,King's Lynn and West Norfolk 011B,Formal action is not in the public interest
24340e13530390437a219f6b3f3bda61c452eeb6611841a09b20417ded26547e,2016-12,Norfolk Constabulary,Norfolk Constabulary,0.395000,52.752861,On or near GRANARY COURT,E01026699,King's Lynn and West Norfolk 011B,Suspect charged
24340e13530390437a219f6b3f3bda61c452eeb6611841a09b20417ded26547e,2016-12,Norfolk Constabulary,Norfolk Constabulary,0.395000,52.752861,On or near GRANARY COURT,E01026699,King's Lynn and West Norfolk 011B,Offender given a caution
c452b0e9745bd8d8fb85ec3b5175bb3135efffd53089c953cea6b1bc0efa7cc8,2016-12,Norfolk Constabulary,Norfolk Constabulary,1.713586,52.604301,On or near VINCENT CLOSE,E01026635,Great Yarmouth 007D,Suspect charged
fe2c6693637eda0c7b9e10c5a29a31747679205cb2cc4e23ee8ecc5ce58175a1,2016-12,Norfolk Constabulary,Norfolk Constabulary,1.057642,52.536041,On or near NORWICH ROAD,E01026948,South Norfolk 004D,Offender given a caution
41dc6099ab4f8acc4a04912724385d267083801ac1bae393e886ade32875075d,2016-12,Norfolk Constabulary,Norfolk Constabulary,1.336018,52.644527,On or near ANTINGHAM ROAD,E01026805,Norwich 004C,Local resolution
41dc6099ab4f8acc4a04912724385d267083801ac1bae393e886ade32875075d,2016-12,Norfolk Constabulary,Norfolk Constabulary,1.336018,52.644527,On or near ANTINGHAM ROAD,E01026805,Norwich 004C,Local resolution
87df7a8352c72e9b266f90147b1345a0763000cf263baec204614f41c639a23a,2016-12,Norfolk Constabulary,Norfolk Constabulary,1.090469,52.903832,On or near SHRUBLANDS COURT,E01026743,North Norfolk 004C,Unable to prosecute suspect
21056efdb97cd91ed4d7f1c10ce16528610917d53036b84957edb2311350de8a,2016-12,Norfolk Constabulary,Norfolk Constabulary,1.512675,52.579677,On or near HIGHLAND CLOSE,E01026511,Broadland 017D,Formal action is not in the public interest
21056efdb97cd91ed4d7f1c10ce16528610917d53036b84957edb2311350de8a,2016-12,Norfolk Constabulary,Norfolk Constabulary,1.512675,52.579677,On or near HIGHLAND CLOSE,E01026511,Broadland 017D,Suspect charged
21056efdb97cd91ed4d7f1c10ce16528610917d53036b84957edb2311350de8a,2016-12,Norfolk Constabulary,Norfolk Constabulary,1.512675,52.579677,On or near HIGHLAND CLOSE,E01026511,Broadland 017D,Suspect charged
21056efdb97cd91ed4d7f1c10ce16528610917d53036b84957edb2311350de8a,2016-12,Norfolk Constabulary,Norfolk Constabulary,1.512675,52.579677,On or near HIGHLAND CLOSE,E01026511,Broadland 017D,Suspect charged
21056efdb97cd91ed4d7f1c10ce16528610917d53036b84957edb2311350de8a,2016-12,Norfolk Constabulary,Norfolk Constabulary,1.512675,52.579677,On or near HIGHLAND CLOSE,E01026511,Broadland 017D,Suspect charged
039f01142de6743052fb38de45807e645b2cd9293736d7d371037758e321cf6d,2016-12,Norfolk Constabulary,Norfolk Constabulary,1.185309,52.653489,On or near WILLIAM FROST WAY,E01033538,South Norfolk 001G,Suspect charged
c4516a85ecd97156ad2e2378e7215b43573630d8991da2e6db012a507945bde0,2016-12,Norfolk Constabulary,Norfolk Constabulary,1.721506,52.613893,On or near SCHOOL ROAD,E01026596,Great Yarmouth 005B,Local resolution
4807834d3bd3febc75e0818e09fba2c02058f067600238901cebc19cf476fff2,2016-12,Norfolk Constabulary,Norfolk Constabulary,1.021900,52.514252,On or near STATION ROAD,E01026423,Breckland 011B,Unable to prosecute suspect
4afc321c2c34fe31f19ee599b4bdd5dd980fb70530902f5f70748ff4d23c06c0,2016-12,Norfolk Constabulary,Norfolk Constabulary,1.085916,52.909868,On or near CHERRY TREE CLOSE,E01026743,North Norfolk 004C,Formal action is not in the public interest
2e046e5be84ebeadfc3fae45c9400ae917b2716b190291e13f0dcbba92a272ee,2016-12,Norfolk Constabulary,Norfolk Constabulary,1.085916,52.909868,On or near CHERRY TREE CLOSE,E01026743,North Norfolk 004C,Formal action is not in the public interest
01886e88cd21b89c6011122e209f7e402a80fbc49b6a067ba14fff9e0ab690d5,2016-12,Norfolk Constabulary,Norfolk Constabulary,1.275245,52.655955,On or near VERA ROAD,E01026832,Norwich 002E,Formal action is not in the public interest
b54878d8ae7576f1b957840924c409232fb2a29d54f7e090b6ebe8ff1dd2fd3c,2016-12,Norfolk Constabulary,Norfolk Constabulary,1.109591,52.573223,On or near TOWN GREEN,E01026870,South Norfolk 005A,Offender given penalty notice
53faf414bb4a449482e1f450fb7ecb0860e7ec6fc1a5e350a3f1acf2fed9171f,2016-12,Norfolk Constabulary,Norfolk Constabulary,1.106512,52.908116,On or near HOLLY CLOSE,E01026742,North Norfolk 004B,Suspect charged
781510d95863d97cb1c282dd572d83d8075f1184b6b75b14b1f8e63f179ab07b,2016-12,Norfolk Constabulary,Norfolk Constabulary,1.291920,52.611388,On or near Tuckswood Police Station,E01026818,Norwich 013C,Suspect charged
781510d95863d97cb1c282dd572d83d8075f1184b6b75b14b1f8e63f179ab07b,2016-12,Norfolk Constabulary,Norfolk Constabulary,1.291920,52.611388,On or near Tuckswood Police Station,E01026818,Norwich 013C,Suspect charged
eddb7c379f2106ac47e686375f66f618b5fb6fba34f81e75a9c19de062ba73b7,2016-12,Norfolk Constabulary,Norfolk Constabulary,1.731220,52.608568,On or near MIDDLE MARKET ROAD,E01026597,Great Yarmouth 005C,Suspect charged
740701bc7b71336dc8af07d1087b7d7b539c3cc6beda960217fd8e81c4242fc2,2016-12,Norfolk Constabulary,Norfolk Constabulary,1.295876,52.627061,On or near Parking Area,E01026822,Norwich 007A,Suspect charged
b0b7d422b58e078ed62cf6a8bb23dafd0b6cdf2d0b78faa9556e0885179ecc4d,2016-12,Norfolk Constabulary,Norfolk Constabulary,1.294381,52.626833,On or near RED LION STREET,E01026822,Norwich 007A,Suspect charged
21e46dc6078bb09087c706cb7774367959bd69fdae6fb4e2a52c8af4748046f5,2016-12,Norfolk Constabulary,Norfolk Constabulary,1.115389,52.571308,On or near Sports/Recreation Area,E01026870,South Norfolk 005A,Unable to prosecute suspect
dfe7f6686f0c473a516ef1f1f20b1b4ff53ed69cd1b764ad15f379e190aafef4,2016-12,Norfolk Constabulary,Norfolk Constabulary,1.733706,52.604792,On or near BATH HILL,E01026624,Great Yarmouth 006C,Local resolution
36ecf1258908a1fb03bce28f1263b8269c72a17b94be298bf2b7b3aecfb832a3,2016-12,Norfolk Constabulary,Norfolk Constabulary,1.306923,52.624010,On or near ALBION WAY,E01033441,Norwich 014D,Suspect charged
2906da24671aa9423c6638980567220babe77e2b8bd570a0af10c850a125e79d,2016-12,Norfolk Constabulary,Norfolk Constabulary,0.414993,52.762518,On or near Sports/Recreation Area,E01026690,King's Lynn and West Norfolk 007D,Suspect charged
d9e35b817dd1ce6dfe9933e73200e7550438e8d141edfdca79a9856dd18d044e,2016-12,Norfolk Constabulary,Norfolk Constabulary,1.300063,52.616512,On or near SMITHFIELD ROAD,E01026816,Norwich 013A,Unable to prosecute suspect
79e14eee3d37081ff70ce92068bb0ccf4c0ea1ec08227b8f739d9812af7acbf4,2016-12,Norfolk Constabulary,Norfolk Constabulary,0.402027,52.747243,On or near LYNWOOD TERRACE,E01026700,King's Lynn and West Norfolk 011C,Suspect charged
79e14eee3d37081ff70ce92068bb0ccf4c0ea1ec08227b8f739d9812af7acbf4,2016-12,Norfolk Constabulary,Norfolk Constabulary,0.402027,52.747243,On or near LYNWOOD TERRACE,E01026700,King's Lynn and West Norfolk 011C,Suspect charged
e7020ccd12e8fc068d779e67d8cda49006e75fb49b152d6ad3507d51078ee732,2016-12,Norfolk Constabulary,Norfolk Constabulary,1.725650,52.615012,On or near ORMOND ROAD,E01026596,Great Yarmouth 005B,Suspect charged
d4be9b3ea131f0712f69f2b2f5e130e18fa6bcca7032f164f652c634ce1bf9eb,2016-12,Norfolk Constabulary,Norfolk Constabulary,0.402027,52.747243,On or near LYNWOOD TERRACE,E01026700,King's Lynn and West Norfolk 011C,Formal action is not in the public interest
d4be9b3ea131f0712f69f2b2f5e130e18fa6bcca7032f164f652c634ce1bf9eb,2016-12,Norfolk Constabulary,Norfolk Constabulary,0.402027,52.747243,On or near LYNWOOD TERRACE,E01026700,King's Lynn and West Norfolk 011C,Suspect charged
e913fbde442dd46810b09b2b7af479056b355dabab61ebc0d0ea5a03dadfdbdc,2016-12,Norfolk Constabulary,Norfolk Constabulary,1.250087,52.637600,On or near DELL CRESCENT,E01026865,Norwich 006C,Formal action is not in the public interest
240e4bf82a9c5d336f23ce0769ec597667a07cf0266989f9a719c6c0e9237d54,2016-12,Norfolk Constabulary,Norfolk Constabulary,1.181375,52.654090,On or near ALEX MOORHOUSE WAY,E01033538,South Norfolk 001G,Suspect charged
240e4bf82a9c5d336f23ce0769ec597667a07cf0266989f9a719c6c0e9237d54,2016-12,Norfolk Constabulary,Norfolk Constabulary,1.181375,52.654090,On or near ALEX MOORHOUSE WAY,E01033538,South Norfolk 001G,Suspect charged
192d0dbf00d74ec445ca9cc09e4d5bf6ad39cf4135f649b8202e31e37366b17b,2016-12,Norfolk Constabulary,Norfolk Constabulary,1.718885,52.600582,On or near STAFFORD ROAD,E01026633,Great Yarmouth 007B,Local resolution
2abfeb3cbb45580dddbf9568aa7e820c2fc6fa76044dd97a12912146d54f2f58,2016-12,Norfolk Constabulary,Norfolk Constabulary,1.717305,52.574268,On or near EXETER ROAD,E01026604,Great Yarmouth 009D,Suspect charged
e4488a299f933490c56a02cc2e9008a8ed2388bc072b9ab9661909e1a7155d2b,2016-12,Norfolk Constabulary,Norfolk Constabulary,1.313717,52.661675,On or near NORTH WALSHAM ROAD,E01026555,Broadland 012C,Formal action is not in the public interest
1e5b9a65e2a199809fc47237d0fb67df18387ef98e535e16a7a09fb8f58ea3c5,2016-12,Norfolk Constabulary,Norfolk Constabulary,1.216671,52.640338,On or near THURSTON CLOSE,E01026794,Norwich 005D,Offender given a drugs possession warning
f5e845e03a8fe7142b7a1ec1f71df6f916fb9fbe6c85dd187876c6d2bbaf3c1d,2016-12,Norfolk Constabulary,Norfolk Constabulary,1.699351,52.691546,On or near NEWPORT ROAD,E01026607,Great Yarmouth 001C,Unable to prosecute suspect
dc4fe883e5d8b7d775589a552b11a7122a8f2d51c7c825d7e7b948ab155bb3dc,2016-12,Norfolk Constabulary,Norfolk Constabulary,,,No location,,,Formal action is not in the public interest
dad1da6106501a3b7a4eac895c2766a5f0bb971a22a467e11252392dabfd16f4,2016-12,Norfolk Constabulary,Norfolk Constabulary,1.723456,52.537295,On or near LUSHERS MEADOW WAY,E01026588,Great Yarmouth 013D,Formal action is not in the public interest
a9b275963e7a9fd383e3f3d8d9198b127d4d98c4f87b96e17a011b8cf08b1a43,2016-12,Norfolk Constabulary,Norfolk Constabulary,1.727034,52.578441,On or near Supermarket,E01026630,Great Yarmouth 010D,Offender given penalty notice
37b523157203547440378188155663c19024fc09db8c354561b74294d9c26935,2016-12,Norfolk Constabulary,Norfolk Constabulary,1.345073,52.915725,On or near CARR LANE,E01026762,North Norfolk 005A,Formal action is not in the public interest
08993f09516a4707ec6489d639b0149be309e5a727f41144961e4c834c66c850,2016-12,Norfolk Constabulary,Norfolk Constabulary,1.727034,52.578441,On or near Supermarket,E01026630,Great Yarmouth 010D,Offender given penalty notice
5c247aa74330cdea1f3168234434af5798fa44840522cbeca3faf6ae00bc7dbb,2016-12,Norfolk Constabulary,Norfolk Constabulary,1.735426,52.600708,On or near Conference/Exhibition Centre,E01026626,Great Yarmouth 006E,Suspect charged
ebf4fbad43cbe1c5011b9e29e149e822d0283a70297b5ed7f24cfbb82cf06a49,2016-12,Norfolk Constabulary,Norfolk Constabulary,1.735870,52.609914,On or near EUSTON ROAD,E01026598,Great Yarmouth 005D,Suspect charged
800839164836ce3c231d2ac2c1135f7ec2ac0cdfcd04e593433b606e346349c5,2016-12,Norfolk Constabulary,Norfolk Constabulary,1.287660,52.629844,On or near WILLOW LANE,E01026822,Norwich 007A,Suspect charged
437d9d460ca3eb0eea8f137cfa5b43e455fd2469189fddbd76485d6442039c60,2016-12,Norfolk Constabulary,Norfolk Constabulary,1.331861,52.642359,On or near GUNN ROAD,E01026804,Norwich 004B,Suspect charged
8abb828ef743ed4050f2aef32a5e8c6e07ec257da077836a1f24fc10e64ee3d7,2016-12,Norfolk Constabulary,Norfolk Constabulary,1.298222,52.612076,On or near SPRINGBANK,E01026819,Norwich 013D,Unable to prosecute suspect
ab0d6537bca450a04bf167b3d74350d1de10309ab154b1ca4e718cffae239401,2016-12,Norfolk Constabulary,Norfolk Constabulary,1.732226,52.603553,On or near OXBOROUGH WALK,E01026624,Great Yarmouth 006C,Unable to prosecute suspect
cb73cb94de68169398eef7e03de327fc90461f0bebd816e4f9b66b5c61e66d29,2016-12,Norfolk Constabulary,Norfolk Constabulary,0.387179,52.556738,On or near TOWER ROAD,E01026679,King's Lynn and West Norfolk 018A,Offender given a caution
15d370bca13094e2bc03df8d0a9c6b1b6b84c06700fbb91985a8cc1f144c981f,2016-12,Norfolk Constabulary,Norfolk Constabulary,1.272462,52.636525,On or near BRIGHTY'S OPENING,E01026866,Norwich 006D,Unable to prosecute suspect
d23ae6e3d70d539ccfdaa469e469fefa73bda399f6d2d407240ead5645907624,2016-12,Norfolk Constabulary,Norfolk Constabulary,1.261348,52.626237,On or near BACON ROAD,E01026859,Norwich 010B,Unable to prosecute suspect
de935a311bb77b91b242676d3aaa7f7a770ba8ed9e4bc44a849daefc1731ad69,2016-12,Norfolk Constabulary,Norfolk Constabulary,1.106644,52.494591,On or near GREENWAYS,E01026878,South Norfolk 011B,Unable to prosecute suspect
1a1285658c33362abf0f3aa35e4d7872656c384abc641bd75cc11db28a49e6ab,2016-12,Norfolk Constabulary,Norfolk Constabulary,0.939975,52.681633,On or near QUEBEC STREET,E01026426,Breckland 005B,Offender given penalty notice
ff2d35040e3ed9e08af6ae013af560aafa42b1f15df7dd6c2f44cb499b31218e,2016-12,Norfolk Constabulary,Norfolk Constabulary,1.478761,52.541294,On or near RECTORY LANE,E01026879,South Norfolk 008A,Unable to prosecute suspect
4caf294e7828702bf9aa219a1d79e2059e7f4a3b6139350c0ab7c871a63e1eeb,2016-12,Norfolk Constabulary,Norfolk Constabulary,1.120633,52.370841,On or near Petrol Station,E01033539,South Norfolk 015G,Offender given a caution
4caf294e7828702bf9aa219a1d79e2059e7f4a3b6139350c0ab7c871a63e1eeb,2016-12,Norfolk Constabulary,Norfolk Constabulary,1.120633,52.370841,On or near Petrol Station,E01033539,South Norfolk 015G,Offender given a caution
fa03131f8992f08d72f79ac0b694ab698055929ab6f87b0173e46f4de16a2b42,2016-12,Norfolk Constabulary,Norfolk Constabulary,1.285498,52.657577,On or near Petrol Station,E01026797,Norwich 001A,Formal action is not in the public interest
124326f08b60b667b6c41438a0b8850a7da4438b710133e0846ff5dba079ae46,2016-12,Norfolk Constabulary,Norfolk Constabulary,1.250923,52.657839,On or near Sports/Recreation Area,E01026529,Broadland 010D,Unable to prosecute suspect
376ae87df5fd46d4b14ba8513720189aa601ec838dd8e32b0435ef88bcd4fa38,2016-12,Norfolk Constabulary,Norfolk Constabulary,1.118210,52.581531,On or near DUSSINDALE,E01026921,South Norfolk 005C,Suspect charged
7bea90951f48536956d2d30539e98af76f7fd6aae93b9c005224f43e6b1f2c9e,2016-12,Norfolk Constabulary,Norfolk Constabulary,1.727501,52.607408,On or near Shopping Area,E01026597,Great Yarmouth 005C,Suspect charged
b9bac7f0a3adc8d3907c65da11640932e02fc44478c62c4010ed637020d63a71,2016-12,Norfolk Constabulary,Norfolk Constabulary,1.734309,52.603379,On or near ST JOHN'S TERRACE,E01026624,Great Yarmouth 006C,Suspect charged
8ac64680ffa4054bced614251b2992467edc9e4fdc88ca30ee90982a4a3abe56,2016-12,Norfolk Constabulary,Norfolk Constabulary,1.727501,52.607408,On or near Shopping Area,E01026597,Great Yarmouth 005C,Suspect charged
8e98e8424be4ca1262afecc2a6c76666fc45e2406b05ccd1c29303b005832cab,2016-12,Norfolk Constabulary,Norfolk Constabulary,1.301948,52.628790,On or near ST VEDAST STREET,E01033438,Norwich 014A,Offender given a caution
4434d43396d5de0d9fc1094c59ab37902f16d8477a5df6c8df9ae99f8ed63c68,2016-12,Norfolk Constabulary,Norfolk Constabulary,1.295876,52.627061,On or near Parking Area,E01026822,Norwich 007A,Local resolution
9a067e33fa2c645998174317001b9a8b6778e0bd556cd5c11861e55a552aba79,2016-12,Norfolk Constabulary,Norfolk Constabulary,1.295876,52.627061,On or near Parking Area,E01026822,Norwich 007A,Local resolution
89e0ea0f0ade75dd2247bd2387d5f59efbd1ae5623b7838eeeae952715c00859,2016-12,Norfolk Constabulary,Norfolk Constabulary,1.277586,52.595138,On or near Supermarket,E01026937,South Norfolk 006G,Offender given a caution
9e19bd7f728e2c9417523b8140ee5b597c0d31c21d23f64842970b06b4a14060,2016-12,Norfolk Constabulary,Norfolk Constabulary,0.397632,52.750596,On or near STONEGATE STREET,E01026699,King's Lynn and West Norfolk 011B,Suspect charged
98f0e242faa7e12fdb6302453504a0c0e273f5709e584efa478a240b3b7e2322,2016-12,Norfolk Constabulary,Norfolk Constabulary,1.302466,52.624683,On or near ABBEY LANE,E01033441,Norwich 014D,Offender given a caution
c7f05d080328475bd276c39daac48b04f7f20e9f2555da1accf71394f548994e,2016-12,Norfolk Constabulary,Norfolk Constabulary,1.731736,52.606644,On or near SAXON ROAD,E01026623,Great Yarmouth 006B,Unable to prosecute suspect
2782cc6a654d40b3d76d283ba2f5be85f2c1cb2e6a2f46701c95c7c25ff37522,2016-12,Norfolk Constabulary,Norfolk Constabulary,1.161657,52.368167,On or near RANSOME AVENUE,E01026934,South Norfolk 014E,Unable to prosecute suspect
1fff7ea2961dd8e24043e8eaabc4bb6acbda04e2c5a6fcb97956288b132ed2ba,2016-12,Norfolk Constabulary,Norfolk Constabulary,1.161657,52.368167,On or near RANSOME AVENUE,E01026934,South Norfolk 014E,Unable to prosecute suspect
55211f5df00ff6c88b28d488a4c1c11ae94a0f53e8c0f567ae63e1b2c699e4cf,2016-12,Norfolk Constabulary,Norfolk Constabulary,1.289725,52.649465,On or near ALFRED NICHOLLS COURT,E01026800,Norwich 001D,Unable to prosecute suspect
c0912362fcafbd7cf05acfd521b9de9d214b0072a3947dc41a21802398331877,2016-12,Norfolk Constabulary,Norfolk Constabulary,1.193664,52.682870,On or near NIGHTINGALE CLOSE,E01026566,Broadland 006E,Unable to prosecute suspect
909d399c01df28b280585f85e3edd28ad3233d5c30ae2993fee62cc72834d88a,2016-12,Norfolk Constabulary,Norfolk Constabulary,1.185309,52.653489,On or near WILLIAM FROST WAY,E01033538,South Norfolk 001G,Suspect charged
b362568a35857919f472683b540dcf542be62701ba003e7374c7e21e6fe1fbf2,2016-12,Norfolk Constabulary,Norfolk Constabulary,1.261352,52.651500,On or near DRAYTON ROAD,E01026864,Norwich 006B,Suspect charged
10450994db78c5bac9965904dc4352dc6184be862139e56e2b22006ecbd756c5,2016-12,Norfolk Constabulary,Norfolk Constabulary,0.849451,52.829668,On or near Shopping Area,E01026747,North Norfolk 011C,Local resolution
882d01090197b95e3dcd717f56e487ddfced10c69a5957596ddeff1d4af1a1ba,2016-12,Norfolk Constabulary,Norfolk Constabulary,1.282076,52.644677,On or near BERNERS STREET,E01026830,Norwich 002C,Suspect charged
e40f37380d33845f36e6d152c3e516b30850d655c19cfd38c80cff5af7b7ba22,2016-12,Norfolk Constabulary,Norfolk Constabulary,0.395632,52.754647,On or near Shopping Area,E01026699,King's Lynn and West Norfolk 011B,Unable to prosecute suspect
6f709cadb68997091f0209962d3fd837e3db87e77359d7c582a2f9c1a264dcae,2016-12,Norfolk Constabulary,Norfolk Constabulary,1.399655,52.703533,On or near PLATTENS COURT,E01026580,Broadland 008E,Formal action is not in the public interest
8c3f157a8ee60acaf20cb73f4f4b091e8ed2ebff59f13e921226c94b9435ec43,2016-12,Norfolk Constabulary,Norfolk Constabulary,1.107125,52.381639,On or near MOUNT PLEASANT,E01026889,South Norfolk 015B,Suspect charged
dd9cea214e23e198f359ecd4f45b6fd83d0a64a8d22520f99d2ff5ae10647884,2016-12,Norfolk Constabulary,Norfolk Constabulary,1.292206,52.625221,On or near ST STEPHENS STREET,E01026822,Norwich 007A,Suspect charged
bdc3cfa4da8c395c40ad6e7f26d24dbc28a8170e3d3e7afb9014445fb1b20332,2016-12,Norfolk Constabulary,Norfolk Constabulary,1.302862,52.405242,On or near STATION ROAD,E01026902,South Norfolk 013D,Formal action is not in the public interest
075b52e11b515ea4eecc32ebf0de724c34148e47cb9f0835e70974c8cba3165f,2016-12,Norfolk Constabulary,Norfolk Constabulary,1.302862,52.405242,On or near STATION ROAD,E01026902,South Norfolk 013D,Formal action is not in the public interest
2cb65f7e06c2e25f413a112712a1f9cef072b9024617ccfd9ffc9d17e0ab1a1e,2016-12,Norfolk Constabulary,Norfolk Constabulary,1.303216,52.628943,On or near Nightclub,E01033438,Norwich 014A,Suspect charged
0bcbd07a02bfc8b551a53cfdf8676d4f157c3f2997da029a054b118a775db228,2016-12,Norfolk Constabulary,Norfolk Constabulary,0.387225,52.730989,On or near ACER ROAD,E01026704,King's Lynn and West Norfolk 011D,Suspect charged
42b9f8c299bcd7c1f756ef2364a20ad43bdfd041cdfd44950ac760884a6c42d8,2016-12,Norfolk Constabulary,Norfolk Constabulary,1.119712,52.581050,On or near CONYERS,E01026921,South Norfolk 005C,Suspect charged
b33f993bddee54a80f5730b40a78359f1a7bfdf72893308e4903f97789fada36,2016-12,Norfolk Constabulary,Norfolk Constabulary,0.387225,52.730989,On or near ACER ROAD,E01026704,King's Lynn and West Norfolk 011D,Suspect charged
f6d0c73a9b5d201150ac151576b940d58bc541aafa4ac92af4205ded5c9a741a,2016-12,Norfolk Constabulary,Norfolk Constabulary,0.429085,52.755792,On or near REGENTS PARK,E01026663,King's Lynn and West Norfolk 010B,Suspect charged
6084d800b8645baafc6fad7d58fe7ede4f1c3c1107a59bcf047ea06d8205cb15,2016-12,Norfolk Constabulary,Norfolk Constabulary,1.235540,52.491331,On or near ST MICHELS ROAD,E01026938,South Norfolk 011D,Unable to prosecute suspect
4e04a1c4679fdc008c6e2193e30ea44242aaee25c5b713813e6251eab6f0f613,2016-12,Norfolk Constabulary,Norfolk Constabulary,1.301283,52.629186,On or near Nightclub,E01033438,Norwich 014A,Unable to prosecute suspect
4e04a1c4679fdc008c6e2193e30ea44242aaee25c5b713813e6251eab6f0f613,2016-12,Norfolk Constabulary,Norfolk Constabulary,1.301283,52.629186,On or near Nightclub,E01033438,Norwich 014A,Unable to prosecute suspect
e6a25cd13018b9afc492b8342a2bca6f738df4a17aec95363adf6aceb76d1013,2016-12,Norfolk Constabulary,Norfolk Constabulary,0.943673,52.884767,On or near Sports/Recreation Area,E01026765,North Norfolk 002D,Offender given a caution
5a3ebfa626a96244c8f338b271b6aa7a9daab97e45476a20b78f209553f87fb3,2016-12,Norfolk Constabulary,Norfolk Constabulary,1.152546,52.501641,On or near BENTLEY ROAD,E01026897,South Norfolk 011C,Unable to prosecute suspect
5a3ebfa626a96244c8f338b271b6aa7a9daab97e45476a20b78f209553f87fb3,2016-12,Norfolk Constabulary,Norfolk Constabulary,1.152546,52.501641,On or near BENTLEY ROAD,E01026897,South Norfolk 011C,Unable to prosecute suspect
1c7c20f8185552d6e2d179fb98acecd326fb172659de1bed0a770f94c32529ec,2016-12,Norfolk Constabulary,Norfolk Constabulary,1.112733,52.574246,On or near ROTHBURY CLOSE,E01026870,South Norfolk 005A,Suspect charged
fa116493ea1d173420879e22a14c6c68a96f39747863d6ea9d42ee833c174729,2016-12,Norfolk Constabulary,Norfolk Constabulary,1.293790,52.626634,On or near Shopping Area,E01026822,Norwich 007A,Suspect charged
3ddfd3466772dee55e5829b034793680fd5bcc18f7eff0b64ca494569eab4ca6,2016-12,Norfolk Constabulary,Norfolk Constabulary,1.729483,52.599439,On or near Parking Area,E01026626,Great Yarmouth 006E,Suspect charged
a15abe0a2325e63d47e9e365828444056d22312658422d88a433143a21856a72,2016-12,Norfolk Constabulary,Norfolk Constabulary,1.712217,52.576254,On or near NEW COLLEGE CLOSE,E01026603,Great Yarmouth 009C,Offender given a drugs possession warning
91896471c4dec022049316aa9e42f5db068b6e743b78498c45d70fdd28eef458,2016-12,Norfolk Constabulary,Norfolk Constabulary,1.284279,52.632645,On or near Petrol Station,E01026824,Norwich 007C,Suspect charged
fd1eeba999ba7fe19962801f87a31db9dc81b3da5f24665aa97b8d4cde1345dd,2016-12,Norfolk Constabulary,Norfolk Constabulary,1.382493,52.665809,On or near CANFOR ROAD,E01026578,Broadland 008C,Formal action is not in the public interest
d6ff7c4d0b8313cffd1c6dbe5983925f06fe309f6eeb8b3507b9f07407cb865e,2016-12,Norfolk Constabulary,Norfolk Constabulary,1.294381,52.626833,On or near RED LION STREET,E01026822,Norwich 007A,Suspect charged
4e97555b3bfce84852f029aa6d51a2c385c2e8e8953f57a5aeaa9bd9165203af,2016-12,Norfolk Constabulary,Norfolk Constabulary,1.246457,52.635298,On or near CADGE CLOSE,E01026868,Norwich 006F,Formal action is not in the public interest
041ab07d1889498a5d241d3d3a0471657994e94b3ee78a864e0bc0ac0d1f930c,2016-12,Norfolk Constabulary,Norfolk Constabulary,,,No location,,,Suspect charged
aeeb2c70def53422c73e0912884726e76d180c0611ff68b2af943ab0f517d066,2016-12,Norfolk Constabulary,Norfolk Constabulary,1.102644,52.908532,On or near BARRETT ROAD,E01026742,North Norfolk 004B,Unable to prosecute suspect
fdf039287efd993e9d0ca6755f82af527181b6488cd51b5655a42aedb0766b15,2016-12,Norfolk Constabulary,Norfolk Constabulary,1.733703,52.616737,On or near NORTH DENES ROAD,E01026595,Great Yarmouth 005A,Suspect charged
f22528169aac071b1880085228ef169abd6c0d0b186edc045f8fcd0f17190f75,2016-12,Norfolk Constabulary,Norfolk Constabulary,0.849381,52.830182,On or near NORWICH STREET,E01026747,North Norfolk 011C,Suspect charged
6e8e8f3e5ae2fb3cc36f949a97e13a3b211060e2869cd5061d078c3ca96d4857,2016-12,Norfolk Constabulary,Norfolk Constabulary,1.728221,52.571037,On or near BELLS ROAD,E01026610,Great Yarmouth 010A,Local resolution
94d2d4d4973c478900300137428e21c8a86708d66f1b7bef80e9c0b05d71d633,2016-12,Norfolk Constabulary,Norfolk Constabulary,1.267199,52.659316,On or near SUTHERLAND AVENUE,E01026531,Broadland 011B,Formal action is not in the public interest
7e7f744905073adfa9df0fa14bf6da8c38387189f01ec1bfb99eda2970a95d71,2016-12,Norfolk Constabulary,Norfolk Constabulary,1.290420,52.629983,On or near Parking Area,E01026823,Norwich 007B,Suspect charged
27028f2edd597f07698a4b86e720b9ac9448db539fb5cea264b120be9b54d34a,2016-12,Norfolk Constabulary,Norfolk Constabulary,1.207347,52.651311,On or near Parking Area,E01026924,South Norfolk 001E,Suspect charged
33def169f3ed24adaa755e42eb3ff4ec9d12a39e5ca14b32e9846bab0872e2be,2016-12,Norfolk Constabulary,Norfolk Constabulary,-1.168405,52.946447,On or near CECIL STREET,E01033408,Nottingham 031H,Suspect charged
b7eed86347c99960850e0a841f86dcc42ba54722369ae176fc30006cdbde5b3f,2016-12,Norfolk Constabulary,Norfolk Constabulary,-1.168405,52.946447,On or near CECIL STREET,E01033408,Nottingham 031H,Suspect charged
df633dee1a3bf70c66841465f8d0fee28beaceaa4be26b2a4f6ea3734ace6999,2016-12,Norfolk Constabulary,Norfolk Constabulary,1.142930,52.404228,On or near AUDLEY CLOSE,E01026874,South Norfolk 014B,Formal action is not in the public interest
02b2a1a7687436f3f89cd960d698fb59aa03f3826bd9f3ada7c4da81715e5e99,2016-12,Norfolk Constabulary,Norfolk Constabulary,1.142930,52.404228,On or near AUDLEY CLOSE,E01026874,South Norfolk 014B,Formal action is not in the public interest
50125212d9e184edf8f6ab4f399bb3c6a7f4cc87ab9b87eace83ecc2189aa5fc,2016-12,Norfolk Constabulary,Norfolk Constabulary,1.734685,52.608143,On or near BERMONDSEY PLACE SOUTH,E01026598,Great Yarmouth 005D,Suspect charged
20bd52606ad97a5b06d247a2ded1b25bab317f7715097a2fccae939f434b205c,2016-12,Norfolk Constabulary,Norfolk Constabulary,1.734685,52.608143,On or near BERMONDSEY PLACE SOUTH,E01026598,Great Yarmouth 005D,Suspect charged
ed98a1df3a35b6ce6b669103a7a79e3dfecc7bdca6bf9606fea780313d492a15,2016-12,Norfolk Constabulary,Norfolk Constabulary,1.732894,52.619030,On or near WALPOLE ROAD,E01026599,Great Yarmouth 004A,Suspect charged
ff7fa6761d9a062b5f1d281c914b4c829b62c5a7b3ba04276baedce22a45ae43,2016-12,Norfolk Constabulary,Norfolk Constabulary,1.731524,52.608144,On or near UNION ROAD,E01026598,Great Yarmouth 005D,Suspect charged
c678bdb64adf06099eab423b4cc3f4dfb5a6dffdb3d2affae5d6285ddde11003,2016-12,Norfolk Constabulary,Norfolk Constabulary,1.031429,52.661018,On or near BACK LANE,E01026479,Breckland 006A,Unable to prosecute suspect
edd7b2ecd49ae702c7a391332c907b06901ddf5c8092c6ca05158b909792bb30,2016-12,Norfolk Constabulary,Norfolk Constabulary,0.849381,52.830182,On or near NORWICH STREET,E01026747,North Norfolk 011C,Suspect charged
2189a81b7b73f10d97986a82d06a8716021f3f7a8d02fbb6ab28b6db29e8fb70,2016-12,Norfolk Constabulary,Norfolk Constabulary,0.849381,52.830182,On or near NORWICH STREET,E01026747,North Norfolk 011C,Suspect charged
0df6d809d26df7abd212afe06f73d8a455bdb83085591af166861dc07307fb6c,2016-12,Norfolk Constabulary,Norfolk Constabulary,1.255636,52.499683,On or near BRICK KILN LANE,E01026939,South Norfolk 011E,Offender given a caution
c46426ab2f31f9b2e2c02e3e436e0f3a706638adc7ef001d6c949f9843bdaed8,2016-12,Norfolk Constabulary,Norfolk Constabulary,1.714910,52.605285,On or near AUSTIN ROAD,E01026635,Great Yarmouth 007D,Suspect charged
2b7f8dde13dabaa3833c6e1d7b77ad74bcee076c5d3c609f1e19f3600c743863,2016-12,Norfolk Constabulary,Norfolk Constabulary,1.292693,52.625018,On or near Shopping Area,E01026822,Norwich 007A,Formal action is not in the public interest
a01604f9e03f7a88fe0f40eb56aa648b1324c9de7367cd9a3f26e0f7bc2095d5,2016-12,Norfolk Constabulary,Norfolk Constabulary,0.400434,52.763002,On or near Supermarket,E01026688,King's Lynn and West Norfolk 007B,Formal action is not in the public interest
d14ae2aafab68bf5beff249ba7978a999efd4ebac2281179bb9c76685d88b569,2016-12,Norfolk Constabulary,Norfolk Constabulary,0.946754,52.680997,On or near MATSELL WAY,E01026426,Breckland 005B,Suspect charged
accaa062864152643462d838a66dc0d22560864d9590fa5337b914a79810003c,2016-12,Norfolk Constabulary,Norfolk Constabulary,1.295876,52.627061,On or near Parking Area,E01026822,Norwich 007A,Local resolution
accaa062864152643462d838a66dc0d22560864d9590fa5337b914a79810003c,2016-12,Norfolk Constabulary,Norfolk Constabulary,1.295876,52.627061,On or near Parking Area,E01026822,Norwich 007A,Local resolution
f5117c8320d5c79956bb279c17d2ed0275e401fc57052dbdb4a0d36cf281edcf,2016-12,Norfolk Constabulary,Norfolk Constabulary,1.708512,52.692743,On or near ST MARYS ROAD,E01026607,Great Yarmouth 001C,Unable to prosecute suspect
1b421b76cd8eed6261aaf6fc18bbc557d0d089371afe5d3291ddf9989d30dbaf,2016-12,Norfolk Constabulary,Norfolk Constabulary,1.262566,52.621347,On or near CAROLINE COURT,E01026814,Norwich 012E,Unable to prosecute suspect
f15eed45e0801a0ac16467749fe97e65505c234b372f8a994eaf02296097d775,2016-12,Norfolk Constabulary,Norfolk Constabulary,1.721506,52.613893,On or near SCHOOL ROAD,E01026596,Great Yarmouth 005B,Offender given a caution
f52c0614940746feff87a1bf492f3de54df39698795ca2c087fa2e4c136c7324,2016-12,Norfolk Constabulary,Norfolk Constabulary,,,No location,,,Suspect charged
32f3557795b9a561f320abea7436360e706953ff2c40fe4714d98ce3ddc3c902,2016-12,Norfolk Constabulary,Norfolk Constabulary,1.276362,52.645186,On or near A1024,E01026828,Norwich 002A,Offender given a caution
e09a0200359aef668a7e0205d54a5bbd15a28aef5e0aa5973f3e9b38935509c7,2016-12,Norfolk Constabulary,Norfolk Constabulary,1.208887,52.572793,On or near MEADOW WAY,E01026914,South Norfolk 009B,Offender given a drugs possession warning
02f4c3d1a2cde121ef9bef4f3f68909f03026423ef1698337a160347b1f69ec5,2016-12,Norfolk Constabulary,Norfolk Constabulary,1.305389,52.623073,On or near WHERRY ROAD,E01033441,Norwich 014D,Suspect charged
c0edb5e492e82939ee6e3c8f1b03dfddff699c4b3fc75197eb562229dddc45d4,2016-12,Norfolk Constabulary,Norfolk Constabulary,0.397536,52.756119,On or near ALBERT AVENUE,E01026698,King's Lynn and West Norfolk 011A,Formal action is not in the public interest
a9fb37e55c82d5878993c55456dacca6c99f59019865f7f9bbc2dc5f76b517f7,2016-12,Norfolk Constabulary,Norfolk Constabulary,1.293790,52.626634,On or near Shopping Area,E01026822,Norwich 007A,Suspect charged
f1cb757d30bbf2548b676ab3233137c05b39fbad028db983ca95efbb50aa0ad3,2016-12,Norfolk Constabulary,Norfolk Constabulary,1.722169,52.561297,On or near KENNEDY AVENUE,E01026611,Great Yarmouth 010B,Offender given penalty notice
f1cb757d30bbf2548b676ab3233137c05b39fbad028db983ca95efbb50aa0ad3,2016-12,Norfolk Constabulary,Norfolk Constabulary,1.722169,52.561297,On or near KENNEDY AVENUE,E01026611,Great Yarmouth 010B,Offender given penalty notice
7ac729a24a97e63e90a6fc9604c51b5f3ca1372edd0b90338efc63eb36a7df7d,2016-12,Norfolk Constabulary,Norfolk Constabulary,0.403100,52.765385,On or near WALPOLE ROAD,E01026687,King's Lynn and West Norfolk 007A,Unable to prosecute suspect
738e830ed9f14468d10e16a32d95a9568b734050349ffd2fe89aec24b9a88a97,2016-12,Norfolk Constabulary,Norfolk Constabulary,1.300063,52.616512,On or near SMITHFIELD ROAD,E01026816,Norwich 013A,Offender given a caution
050f725a001cc4a469e77d2117e9aeb6809077bc1f490e4d42c8f6e06cb9ea9c,2016-12,Norfolk Constabulary,Norfolk Constabulary,0.432784,52.772162,On or near SOUTH WOOTTON LANE,E01026672,King's Lynn and West Norfolk 006D,Formal action is not in the public interest
096dc87eb2fc44686ac8d208fe606d4ccc90e241dd11c0318bada6f99225eed1,2016-12,Norfolk Constabulary,Norfolk Constabulary,1.016535,52.518139,On or near QUEEN'S SQUARE,E01026449,Breckland 011D,Unable to prosecute suspect
7e95ff8f066662e17412a4ff2290fc7b9b1e55b7635329d3af33f54b166a2a0a,2016-12,Norfolk Constabulary,Norfolk Constabulary,1.317599,52.637562,On or near Prison,E01026806,Norwich 004D,Offender given penalty notice
84be76e9d62d41ed10aeb27a730628af7e4cabfd297a5a6d54fa497454f142cd,2016-12,Norfolk Constabulary,Norfolk Constabulary,1.216979,52.633459,On or near FRESHER MEWS,E01033435,Norwich 005G,Suspect charged
8c17ca3a2f7347d3e8e0b0f3bc707eef7528d2031f7dd6e345a30934ecd6a4be,2016-12,Norfolk Constabulary,Norfolk Constabulary,,,No location,,,Suspect charged
fc750e8d72e607b765276f6de7c77c8b416a7503926663ea745e7da367ae23ee,2016-12,Norfolk Constabulary,Norfolk Constabulary,1.639925,52.712087,On or near BENSLEY ROAD,E01026638,Great Yarmouth 002E,Suspect charged
c014657a0f0567f58f9d4a8878402b437782a970c482150fcf7b16bccbfe8c46,2016-12,Norfolk Constabulary,Norfolk Constabulary,1.292417,52.627050,On or near WILLIAM BOOTH STREET,E01026822,Norwich 007A,Suspect charged
e7ccb956887f7f5c3a71f303e9362105d918ce6970fb5f703eb2eaf975a9b8ca,2016-12,Norfolk Constabulary,Norfolk Constabulary,0.396193,52.754339,On or near Shopping Area,E01026699,King's Lynn and West Norfolk 011B,Suspect charged
2fc58025a5abfdac75f5f44018f0e938220361a1de76dc8d57b63b1d36ce960e,2016-12,Norfolk Constabulary,Norfolk Constabulary,1.292543,52.605515,On or near Sports/Recreation Area,E01026821,Norwich 013F,Offender given a caution
9a55c2b8a31c50b9f94490841bd6876c0720d222f87c8f139156fea25a605e64,2016-12,Norfolk Constabulary,Norfolk Constabulary,1.295876,52.627061,On or near Parking Area,E01026822,Norwich 007A,Suspect charged
9a96e9870abb39c01ee72b4ded01d4acc63f3b4515097cd7e9fae284ea1ba902,2016-12,Norfolk Constabulary,Norfolk Constabulary,0.177492,52.673616,On or near JEFFERY AVENUE,E01018073,Fenland 002B,Formal action is not in the public interest
221c4c43fddf5a916ccaaf184e2a17f1f600cb2b32e21a88f6935cdc5cc63c9a,2016-12,Norfolk Constabulary,Norfolk Constabulary,0.397536,52.756119,On or near ALBERT AVENUE,E01026698,King's Lynn and West Norfolk 011A,Suspect charged
da384e81f1347f66dcdae97b7080e57671130a3c72c5dc2fb17b20efe79f3de2,2016-12,Norfolk Constabulary,Norfolk Constabulary,1.289831,52.629226,On or near ST GILES STREET,E01026822,Norwich 007A,Unable to prosecute suspect
e20611167672a893362fc83d1fef906907f9ba055dc60fc8cb031fa664f5e225,2016-12,Norfolk Constabulary,Norfolk Constabulary,1.294439,52.629377,On or near Shopping Area,E01026823,Norwich 007B,Unable to prosecute suspect
5a9768145c596f838621b5ac97817abe1cb8b824aec75dad3c45b29ba174d6f8,2016-12,Norfolk Constabulary,Norfolk Constabulary,1.305292,52.668224,On or near THE PADDOCKS,E01026540,Broadland 009A,Local resolution
81926ef6a8e60c4c64c5883bdebe8b7533b7d1c1bf484943c4663588c188e178,2016-12,Norfolk Constabulary,Norfolk Constabulary,1.297158,52.629958,On or near BANK PLAIN,E01026822,Norwich 007A,Offender given a drugs possession warning
80d4fd47e3152345bfc5be801c9e1a4570635a9d90d86036bc05790b18ecd60a,2016-12,Norfolk Constabulary,Norfolk Constabulary,1.289118,52.615000,On or near CECIL ROAD,E01026852,Norwich 011A,Local resolution
128314f79867d9a9ca996e532382c8c71be6f48c0678e33aaa2a0a014660b3cb,2016-12,Norfolk Constabulary,Norfolk Constabulary,0.396621,52.756192,On or near CHAPEL STREET,E01026698,King's Lynn and West Norfolk 011A,Suspect charged
c3e479bf7fe8f896b06fe02f0b489c38a84831de64320c69107abcd26c499898,2016-12,Norfolk Constabulary,Norfolk Constabulary,1.252671,52.607284,On or near HAVANT CLOSE,E01026810,Norwich 012A,Formal action is not in the public interest
4bd3ad21c4731a34cb0deabc46e723021b3b622e78311f9a07f8cae436a3478b,2016-12,Norfolk Constabulary,Norfolk Constabulary,1.204488,52.939461,On or near HOOKS HILL ROAD,E01026772,North Norfolk 001C,Unable to prosecute suspect
bc414f0f3b54ee9d0820a94829e3382f62d4e9195c75f96d1bf95fe5265d3e33,2016-12,Norfolk Constabulary,Norfolk Constabulary,1.295656,52.622364,On or near Parking Area,E01026822,Norwich 007A,Formal action is not in the public interest
82eb2e7f1e9d257bb2e3255c50b619ae1b3210d53697300ff92d9f30937b7745,2016-12,Norfolk Constabulary,Norfolk Constabulary,0.417605,52.758031,On or near Supermarket,E01026693,King's Lynn and West Norfolk 009D,Suspect charged
63e183ffe8d68716b0849b1887321b38157e47b3065a14456fc994d3021d95d0,2016-12,Norfolk Constabulary,Norfolk Constabulary,0.397982,52.754258,On or near Supermarket,E01026698,King's Lynn and West Norfolk 011A,Formal action is not in the public interest
430ce1b885d91abae58fe76b68ef44e596697355f1c2c4cc517fe3841eddedd0,2016-12,Norfolk Constabulary,Norfolk Constabulary,1.730603,52.609307,On or near THE EAGLES,E01026597,Great Yarmouth 005C,Suspect charged
b3aeec45097ef417ffd3f1ef9308549261c8b9a0237fa1fcc38b61059ff52e48,2016-12,Norfolk Constabulary,Norfolk Constabulary,0.745004,52.418954,On or near Parking Area,E01026466,Breckland 015B,Suspect charged
8b0cbfc69ed4900d545f67bee7f20ece5e2d8e523014effa44c27f8e2237d8a4,2016-12,Norfolk Constabulary,Norfolk Constabulary,0.745004,52.418954,On or near Parking Area,E01026466,Breckland 015B,Suspect charged
d866d3c4f2fb95d5c8bf5c347ce270332deb891b9adeece4f0086e09c37d4234,2016-12,Norfolk Constabulary,Norfolk Constabulary,0.743123,52.412361,On or near Parking Area,E01026474,Breckland 017A,Suspect charged
8ab69e861c7da63cc49471b7e14cbbc118e7fe801c39c5fd6963e54d65829829,2016-12,Norfolk Constabulary,Norfolk Constabulary,1.150937,52.503869,On or near THE FIELDS,E01026897,South Norfolk 011C,Offender given a caution
6fca099049784558ad2093a09418ad6cf270466a897d5cf796d1bd86dc1f840a,2016-12,Norfolk Constabulary,Norfolk Constabulary,1.297222,52.638266,On or near GARDEN PLACE,E01026826,Norwich 007E,Formal action is not in the public interest
8ccc28785287340064d6cbf2fb7df8a1683126cad0c8f62def673fac1401df05,2016-12,Norfolk Constabulary,Norfolk Constabulary,1.295167,52.636309,On or near Supermarket,E01026826,Norwich 007E,Formal action is not in the public interest
cedf55c532111b2a6badcbaa5c5b7527fe40ead626413cd8fd09316ac28fc72a,2016-12,Norfolk Constabulary,Norfolk Constabulary,1.295167,52.636309,On or near Supermarket,E01026826,Norwich 007E,Suspect charged
9ec79e50cb00daf1409cae0f243837a412c1a92245a2311dc2fe14dd7cb47294,2016-12,Norfolk Constabulary,Norfolk Constabulary,1.274019,52.667842,On or near ALKMAAR WAY,E01026797,Norwich 001A,Offender given penalty notice
fcbefe86c76e2f6537bd0e651ca392dd9e50c7c2c33a6db442670294e4f227f0,2016-12,Norfolk Constabulary,Norfolk Constabulary,1.297243,52.637564,On or near MAGDALEN CLOSE,E01026826,Norwich 007E,Suspect charged
e376093bc15c2fbaafa3749481a5d16c7f1ce0265f3e20ada081442cba842179,2016-12,Norfolk Constabulary,Norfolk Constabulary,1.295242,52.636711,On or near Parking Area,E01026826,Norwich 007E,Offender given a caution
65b35dbfb79efc35d15b236123bc1926b246229e829722bff317be530d520138,2016-12,Norfolk Constabulary,Norfolk Constabulary,1.287517,52.632069,On or near ST SWITHINS ROAD,E01026822,Norwich 007A,Offender given penalty notice
65b35dbfb79efc35d15b236123bc1926b246229e829722bff317be530d520138,2016-12,Norfolk Constabulary,Norfolk Constabulary,1.287517,52.632069,On or near ST SWITHINS ROAD,E01026822,Norwich 007A,Offender given penalty notice
7f2a7734f5a2e8770ac6523804cf33cbacc5d0afe72db8fb7f7525815d395def,2016-12,Norfolk Constabulary,Norfolk Constabulary,1.696670,52.585546,On or near EL ALAMEIN WAY,E01026582,Great Yarmouth 008B,Unable to prosecute suspect
a92dfd90e29e9444cee36b919d52ddb8c37dfc72eb3342e0474f9a183fb2e299,2016-12,Norfolk Constabulary,Norfolk Constabulary,0.402027,52.747243,On or near LYNWOOD TERRACE,E01026700,King's Lynn and West Norfolk 011C,Unable to prosecute suspect
d95e23bdc0a4f965a4ca703458fdfb82fd4cc309d83c0b64d8403948704f28dd,2016-12,Norfolk Constabulary,Norfolk Constabulary,1.292417,52.627050,On or near WILLIAM BOOTH STREET,E01026822,Norwich 007A,Local resolution
ac109a50f86b1a97a79b7add3a02010e51a11e6c92e4545337b8c151d96f8274,2016-12,Norfolk Constabulary,Norfolk Constabulary,0.403997,52.765798,On or near ST EDMUNDSBURY ROAD,E01026687,King's Lynn and West Norfolk 007A,Suspect charged
39c82f36c363bc9715aa7683ddf7d69ea996b57444ca274ebb44e76fa8c8ef99,2016-12,Norfolk Constabulary,Norfolk Constabulary,0.485772,52.935098,On or near SOUTHEND ROAD,E01026683,King's Lynn and West Norfolk 001D,Suspect charged
39c82f36c363bc9715aa7683ddf7d69ea996b57444ca274ebb44e76fa8c8ef99,2016-12,Norfolk Constabulary,Norfolk Constabulary,0.485772,52.935098,On or near SOUTHEND ROAD,E01026683,King's Lynn and West Norfolk 001D,Suspect charged
7abbfa4b8d0df632920fee90760bc3fe4ab21beabb0b8d46f035f442576dce73,2016-12,Norfolk Constabulary,Norfolk Constabulary,1.716911,52.580433,On or near OAK ROAD,E01026604,Great Yarmouth 009D,Suspect charged
65147d2195271e104a4b7df829593df37edbaf2aa2d9cb26df729bbf98685b64,2016-12,Norfolk Constabulary,Norfolk Constabulary,1.489350,52.527886,On or near LITTLE MONEY ROAD,E01026912,South Norfolk 008D,Unable to prosecute suspect
48d4129d02f459176c99f36d8c10199efa88462c4d5b3ac16740590c061576f0,2016-12,Norfolk Constabulary,Norfolk Constabulary,,,No location,,,Local resolution
e7f38722937561c3b186a2aaf540a5f470a05f8b3241df349b0e8b90a27afe0d,2016-12,Norfolk Constabulary,Norfolk Constabulary,1.287335,52.634377,On or near BARN ROAD,E01026827,Norwich 007F,Local resolution
086207248d09a8fc300558c68ced52f8f0110baa6fd50346ad82cb08d9600a91,2016-12,Norfolk Constabulary,Norfolk Constabulary,1.303418,52.634172,On or near Parking Area,E01033438,Norwich 014A,Suspect charged
086207248d09a8fc300558c68ced52f8f0110baa6fd50346ad82cb08d9600a91,2016-12,Norfolk Constabulary,Norfolk Constabulary,1.303418,52.634172,On or near Parking Area,E01033438,Norwich 014A,Suspect charged
605d0f1554a8a05f5c9ba1f652f7bb2faa5e0b245952d79c359fb495b68835f1,2016-12,Norfolk Constabulary,Norfolk Constabulary,1.726715,52.572245,On or near NILE ROAD,E01026610,Great Yarmouth 010A,Unable to prosecute suspect
a779f14bd7599aa6718a8c0a1d6125ef2e5a2a1ab31ead70c14a16d1f0bb16e2,2016-12,Norfolk Constabulary,Norfolk Constabulary,1.728654,52.601678,On or near MIDDLEGATE,E01026625,Great Yarmouth 006D,Suspect charged
d7eb2bb27d644a89af501314077838a998b4d6411b122dd6d73480ff1dd8778a,2016-12,Norfolk Constabulary,Norfolk Constabulary,0.796904,52.827753,On or near Park/Open Space,E01026780,North Norfolk 009A,Suspect charged
516ee9dc21e51db26541e8078d559f3df5916e6e6adb6a269261ef4208e37b61,2016-12,Norfolk Constabulary,Norfolk Constabulary,,,No location,,,Offender given community sentence
f52c0614940746feff87a1bf492f3de54df39698795ca2c087fa2e4c136c7324,2016-12,Norfolk Constabulary,Norfolk Constabulary,,,No location,,,Offender sent to prison
8c17ca3a2f7347d3e8e0b0f3bc707eef7528d2031f7dd6e345a30934ecd6a4be,2016-12,Norfolk Constabulary,Norfolk Constabulary,,,No location,,,Offender sent to prison
9a55c2b8a31c50b9f94490841bd6876c0720d222f87c8f139156fea25a605e64,2016-12,Norfolk Constabulary,Norfolk Constabulary,1.295876,52.627061,On or near Parking Area,E01026822,Norwich 007A,Offender given suspended prison sentence
48eae91e8a557f4a31c54dc383e178ecb47174d315e0430fe53feaf8a44c1fab,2016-12,Norfolk Constabulary,Norfolk Constabulary,1.261352,52.651500,On or near DRAYTON ROAD,E01026864,Norwich 006B,Offender fined
221c4c43fddf5a916ccaaf184e2a17f1f600cb2b32e21a88f6935cdc5cc63c9a,2016-12,Norfolk Constabulary,Norfolk Constabulary,0.397536,52.756119,On or near ALBERT AVENUE,E01026698,King's Lynn and West Norfolk 011A,Offender sent to prison
9b5d0358e7f2df0e51c1e0ccd40195a264b7742ec6c2abf6e73ae687bb55bcd9,2016-12,Norfolk Constabulary,Norfolk Constabulary,1.295910,52.640281,On or near Supermarket,E01026846,Norwich 003F,Offender given suspended prison sentence
099a0ed6e651e05fef86c2b43a9a6c64ac3ebe273f6f285431daba1c6b01ab04,2016-12,Norfolk Constabulary,Norfolk Constabulary,0.397536,52.756119,On or near ALBERT AVENUE,E01026698,King's Lynn and West Norfolk 011A,Offender sent to prison
bb58c0e0c0e5e0d9b52f7d471425dbc8615a253ef326399ab9433b6ca2bc551b,2016-12,Norfolk Constabulary,Norfolk Constabulary,1.310667,52.628187,On or near ELLA ROAD,E01033439,Norwich 014B,Offender sent to prison
3f67187556fd7493ff63ef745fee6564996c669c9751cb2a9a3161c10e902da7,2016-12,Norfolk Constabulary,Norfolk Constabulary,1.116330,52.378581,On or near WILLBYE AVENUE,E01026888,South Norfolk 015A,Offender fined
6e21a4e54a7119132be1d152f5d65f66f86fd14879690c8aacac4fd0cecf9d1f,2016-12,Norfolk Constabulary,Norfolk Constabulary,1.293790,52.626634,On or near Shopping Area,E01026822,Norwich 007A,Offender sent to prison
a18130b9eda3d21f683a60c95de854f2baae3792f37f5973a1b849b599031a30,2016-12,Norfolk Constabulary,Norfolk Constabulary,0.416957,52.740178,On or near SCANIA WAY,E01026704,King's Lynn and West Norfolk 011D,Offender sent to prison
50c898ff3e9e6a06b144a496333666e70de7c722f47cdd98f97471d0db4522a3,2016-12,Norfolk Constabulary,Norfolk Constabulary,1.243665,52.642120,On or near WHITE ROSE CLOSE,E01026864,Norwich 006B,Offender given conditional discharge
0fea8540ef2b05646cc762a29e63a6445d94e19476f6d26f77f97f72dae6f6c7,2016-12,Norfolk Constabulary,Norfolk Constabulary,1.293572,52.623339,On or near Further/Higher Educational Building,E01026822,Norwich 007A,Offender otherwise dealt with
9079bf8e722f37b8f6d5c2e354526c0df187fc06111c8553eeb7289f9bf320f6,2016-12,Norfolk Constabulary,Norfolk Constabulary,1.296103,52.625760,On or near ALL SAINTS STREET,E01026822,Norwich 007A,Offender given community sentence
f3bada530ca5e0d5a6fa10cbbc8ca27af8ce2e7c84b3460580dbde1a981a4876,2016-12,Norfolk Constabulary,Norfolk Constabulary,0.413054,52.738441,On or near Supermarket,E01026704,King's Lynn and West Norfolk 011D,Offender fined
7e12bcc69224f03c09379601e05baf31779db1262d0c09362b80fe61c69f3fc7,2016-12,Norfolk Constabulary,Norfolk Constabulary,1.292282,52.638826,On or near MAGPIE ROAD,E01026826,Norwich 007E,Offender given community sentence
ccbd4859e14758ed8776cf6fba9837f347f80cf01cf8e9a2fbe410eeb2eaf108,2016-12,Norfolk Constabulary,Norfolk Constabulary,0.729230,52.719624,On or near Park/Open Space,E01026443,Breckland 002B,Court case unable to proceed
bc8b24baa834f39c668715590702912c28867a19916c1e0697d0105c71a9a300,2016-12,Norfolk Constabulary,Norfolk Constabulary,0.416957,52.740178,On or near SCANIA WAY,E01026704,King's Lynn and West Norfolk 011D,Offender fined
240e4bf82a9c5d336f23ce0769ec597667a07cf0266989f9a719c6c0e9237d54,2016-12,Norfolk Constabulary,Norfolk Constabulary,1.181375,52.654090,On or near ALEX MOORHOUSE WAY,E01033538,South Norfolk 001G,Offender given suspended prison sentence
26eb669cede25212f653a9d5f86c01b82ff6c19f3c58afa0968fe0774ea7ef5c,2016-12,Norfolk Constabulary,Norfolk Constabulary,1.292052,52.628490,On or near ST PETERS STREET,E01026822,Norwich 007A,Offender sent to prison
fbf0e61c2537e0cd92fc5c7778a624653d809b5bfdf8dbdff1871a0ae3690884,2016-12,Norfolk Constabulary,Norfolk Constabulary,0.413054,52.738441,On or near Supermarket,E01026704,King's Lynn and West Norfolk 011D,Offender fined
c48a39f6599fb0aeb297f39a06adc906f14783c2097171b3a67e7f644c7f779c,2016-12,Norfolk Constabulary,Norfolk Constabulary,1.209914,52.645576,On or near Petrol Station,E01026925,South Norfolk 001F,Offender given suspended prison sentence
18aabfdf7dc6a808b23ff5926d219dc1f084cf4a275cab3426e22a2611e68174,2016-12,Norfolk Constabulary,Norfolk Constabulary,0.855744,52.569667,On or near WELLINGTON ROAD,E01033040,Breckland 010F,Offender given community sentence
c57370475e92ba4d7d0d9d81cf31e2fd3c7d80523c04093687bf5d9d48688a0d,2016-12,Norfolk Constabulary,Norfolk Constabulary,0.423990,52.769995,On or near BALDOCK DRIVE,E01026669,King's Lynn and West Norfolk 006A,Offender given conditional discharge
03bdca47909e135271778fcb907be5c13c015b1a30babbaa9fd343b7ca10a6ed,2016-12,Norfolk Constabulary,Norfolk Constabulary,1.295876,52.627061,On or near Parking Area,E01026822,Norwich 007A,Offender fined
039f01142de6743052fb38de45807e645b2cd9293736d7d371037758e321cf6d,2016-12,Norfolk Constabulary,Norfolk Constabulary,1.185309,52.653489,On or near WILLIAM FROST WAY,E01033538,South Norfolk 001G,Offender given suspended prison sentence
1c06c0e4a1af70d153fa7c60a054a22b1173fb62ba4dbb06b6e751d20a2d695d,2016-12,Norfolk Constabulary,Norfolk Constabulary,1.280385,52.651325,On or near AYLSHAM CRESCENT,E01026797,Norwich 001A,Offender fined
f8c7faf34d5593bbdf27f3f3c95de415dc5eb5ccff90e206f1612922782a8317,2016-12,Norfolk Constabulary,Norfolk Constabulary,1.725179,52.611034,On or near FULLER'S HILL,E01026597,Great Yarmouth 005C,Offender fined
9421189cee980edd931f09f689b5318df207805dc33aa461473f19daa08fd0d9,2016-12,Norfolk Constabulary,Norfolk Constabulary,0.729052,52.234792,On or near BYFIELD WAY,E01030144,St Edmundsbury 009D,Offender fined
f06d50821c831d08656c446ddcddd20f09bb5d97abe64022b13396863237e6ef,2016-12,Norfolk Constabulary,Norfolk Constabulary,1.289088,52.633896,On or near NEW MILLS YARD,E01026823,Norwich 007B,Offender given suspended prison sentence
7ec3e43ecab1aeb8ad9f8cee4f8b5badb0c45335978273fadaad72f0f481ed46,2016-12,Norfolk Constabulary,Norfolk Constabulary,1.304757,52.628217,On or near PRINCE OF WALES ROAD,E01033439,Norwich 014B,Offender sent to prison
342eb5b3ef6d71dbad8fda49b552f4dd4da075506279a4400797347fd4bb5a95,2016-12,Norfolk Constabulary,Norfolk Constabulary,1.426243,52.625635,On or near Petrol Station,E01026509,Broadland 017B,Offender given suspended prison sentence
08d391f9e74cb245063a00a9775e5c1044c90813526b96eeb7985f64b42feba5,2016-12,Norfolk Constabulary,Norfolk Constabulary,1.294439,52.629377,On or near Shopping Area,E01026823,Norwich 007B,Offender fined
841528d4485ead90df1697ca2a8ad8e437f73658a503a351fcca3b87a39f05f4,2016-12,Norfolk Constabulary,Norfolk Constabulary,1.300231,52.650153,On or near WALL ROAD,E01026843,Norwich 003C,Offender fined
841528d4485ead90df1697ca2a8ad8e437f73658a503a351fcca3b87a39f05f4,2016-12,Norfolk Constabulary,Norfolk Constabulary,1.300231,52.650153,On or near WALL ROAD,E01026843,Norwich 003C,Offender given suspended prison sentence
e0113b204d72b61c1b2f33c396f25cca2e7bd8b75433707ae343cdf179ea9bb2,2016-12,Norfolk Constabulary,Norfolk Constabulary,1.292417,52.627050,On or near WILLIAM BOOTH STREET,E01026822,Norwich 007A,Offender sent to prison
6404e220a1da42678bbbcd5aedd4b8b68c14acfc4e0b3e82ff1ae775965cb728,2016-12,Norfolk Constabulary,Norfolk Constabulary,0.395044,52.755549,On or near HIGH STREET,E01026698,King's Lynn and West Norfolk 011A,Offender sent to prison
fa6b78bdd3935aec61f2ad502363f2a35ad7211eb47bedd73b1ac136f3046a2a,2016-12,Norfolk Constabulary,Norfolk Constabulary,1.284545,52.626333,On or near MANCHESTER PLACE,E01033437,Norwich 011H,Offender sent to prison
c181cf250c070755f360f5d9aa8523425137b80a6e5ffeac6787007d0d8c58f8,2016-12,Norfolk Constabulary,Norfolk Constabulary,1.295876,52.627061,On or near Parking Area,E01026822,Norwich 007A,Offender fined
9a3cb417a88d2b45d467e989db212da04aae7e55617abd7977b024b90205bafd,2016-12,Norfolk Constabulary,Norfolk Constabulary,0.735238,52.408992,On or near LONDON ROAD,E01026476,Breckland 017C,Offender given conditional discharge
36dede5e6d40a0d13b5fbdd9f01a00e692780b3364600633e3ae781b0aeea027,2016-12,Norfolk Constabulary,Norfolk Constabulary,1.310472,52.632257,On or near WILLIAM KETT CLOSE,E01033438,Norwich 014A,Offender given suspended prison sentence
f52c130948da8b4a051e5d86607d352d6886aad76b8cc69ce89c1883c488b694,2016-12,Norfolk Constabulary,Norfolk Constabulary,1.284545,52.626333,On or near MANCHESTER PLACE,E01033437,Norwich 011H,Offender ordered to pay compensation
592079204f379b9b30476f4fdbc49745bdebe5bba8c4f8b195d58fd4c7df0e97,2016-12,Norfolk Constabulary,Norfolk Constabulary,1.717979,52.561663,On or near Hospital,E01026617,Great Yarmouth 011A,Offender fined
1b5b7860ee23baf67527ebb452fe2691890fdf6d5718c84aaa006729a8ea999c,2016-12,Norfolk Constabulary,Norfolk Constabulary,1.296870,52.642431,On or near MAGDALEN ROAD,E01026846,Norwich 003F,Offender ordered to pay compensation
eb72464f03a81225be970d155b3336d4a085cded15edd39f58be4b1c2de02426,2016-12,Norfolk Constabulary,Norfolk Constabulary,1.543271,52.642615,On or near HOLMES CLOSE,E01026498,Broadland 018B,Court case unable to proceed
50e3121b6282058b9452dbeacbb4957e03479f6f45e9a019d0b31043a9d84514,2016-12,Norfolk Constabulary,Norfolk Constabulary,1.455773,52.578187,On or near MILL LANE,E01026880,South Norfolk 008B,Offender given community sentence
42fcd9584e4a3c9e31333ebad95440504f8949be3ec94dfd8d80a5a5060ea607,2016-12,Norfolk Constabulary,Norfolk Constabulary,1.297058,52.636283,On or near Shopping Area,E01026823,Norwich 007B,Offender given conditional discharge
c596e46640958ff493afa69758adc261d33f4ba55ff6e0b03ef5f92c4d5f06ac,2016-12,Norfolk Constabulary,Norfolk Constabulary,1.289088,52.633896,On or near NEW MILLS YARD,E01026823,Norwich 007B,Offender given suspended prison sentence
1aa481baacaf851aef2fc9e9c816c21ba44db41d874661901fb3d67ed96123d7,2016-12,Norfolk Constabulary,Norfolk Constabulary,1.325393,52.636435,On or near Supermarket,E01026804,Norwich 004B,Offender given suspended prison sentence
c72f404d9efc0aa1236dc43d0cb049285023f9cd4b08d53c501f0f57d06d773e,2016-12,Norfolk Constabulary,Norfolk Constabulary,0.397982,52.754258,On or near Supermarket,E01026698,King's Lynn and West Norfolk 011A,Offender sent to prison
62eab2d3aa12c09a804c4861308969673ed22584839d95e726d33516e6fd519a,2016-12,Norfolk Constabulary,Norfolk Constabulary,1.306156,52.629320,On or near LOVELSTAITHE,E01033438,Norwich 014A,Offender given community sentence
c181cf250c070755f360f5d9aa8523425137b80a6e5ffeac6787007d0d8c58f8,2016-12,Norfolk Constabulary,Norfolk Constabulary,1.295876,52.627061,On or near Parking Area,E01026822,Norwich 007A,Offender fined
39c82f36c363bc9715aa7683ddf7d69ea996b57444ca274ebb44e76fa8c8ef99,2016-12,Norfolk Constabulary,Norfolk Constabulary,0.485772,52.935098,On or near SOUTHEND ROAD,E01026683,King's Lynn and West Norfolk 001D,Offender sent to prison
5827e3fd42fecb1c5fe9d61863dc9f31feb05da17169eccfc8951e199e8e4015,2016-12,Norfolk Constabulary,Norfolk Constabulary,0.398120,52.751917,On or near TOWER STREET,E01026699,King's Lynn and West Norfolk 011B,Offender sent to prison
94b5c3e77844013a5c8ecc3ba8071a2a41ba84f86af42e58d58cd0df30f48e5a,2016-12,Norfolk Constabulary,Norfolk Constabulary,1.279121,52.634038,On or near PORTWAY PLACE,E01026824,Norwich 007C,Offender given suspended prison sentence
6e2332ec27aaf2f0a506d0e7c367479644c80e77a5377760e7194b816ddb01aa,2016-12,Norfolk Constabulary,Norfolk Constabulary,1.732921,52.646589,On or near CLAY ROAD,E01026592,Great Yarmouth 003D,Offender given community sentence
eb222b33647a9f22bf10c3e8d5d0a6337eb8cd9cb9a2eb4d8d05088c76cb4b06,2016-12,Norfolk Constabulary,Norfolk Constabulary,1.298422,52.629266,On or near AGRICULTURAL HALL PLAIN,E01033438,Norwich 014A,Offender sent to prison
d14ae2aafab68bf5beff249ba7978a999efd4ebac2281179bb9c76685d88b569,2016-12,Norfolk Constabulary,Norfolk Constabulary,0.946754,52.680997,On or near MATSELL WAY,E01026426,Breckland 005B,Offender given conditional discharge
7eaa54891d8cb372f7a8469913cde07559272f7df7d5a5507be8e30b3b804c4f,2016-12,Norfolk Constabulary,Norfolk Constabulary,1.293246,52.626082,On or near Shopping Area,E01026822,Norwich 007A,Offender given conditional discharge
7880cffd5ebd0dd9af1223e85b3c842aacb829521aa14668bf2166ca36025a2d,2016-12,Norfolk Constabulary,Norfolk Constabulary,0.796904,52.827753,On or near Park/Open Space,E01026780,North Norfolk 009A,Offender given community sentence
05f3c7f219d6e90f7ec0d7f81e8d934e3202c748eccf4bbf0ef533d1245d9297,2016-12,Norfolk Constabulary,Norfolk Constabulary,0.489989,52.940629,On or near Shopping Area,E01026683,King's Lynn and West Norfolk 001D,Offender ordered to pay compensation
5685251418ea0c1a25694881324df0117ea801144da161c6a2464ea2469c222e,2016-12,Norfolk Constabulary,Norfolk Constabulary,0.397982,52.754258,On or near Supermarket,E01026698,King's Lynn and West Norfolk 011A,Offender sent to prison
6e6c6e37eaba2b7cbdc4ec578435713cd071f4650853acef8929203d7d5bd589,2016-12,Norfolk Constabulary,Norfolk Constabulary,0.387225,52.730989,On or near ACER ROAD,E01026704,King's Lynn and West Norfolk 011D,Offender given community sentence
cedf55c532111b2a6badcbaa5c5b7527fe40ead626413cd8fd09316ac28fc72a,2016-12,Norfolk Constabulary,Norfolk Constabulary,1.295167,52.636309,On or near Supermarket,E01026826,Norwich 007E,Offender given conditional discharge
6047eb9346363aef5baa22ffc111b7bfcee2803b5293ce8add0fa5d69bd2062a,2016-12,Norfolk Constabulary,Norfolk Constabulary,0.429627,52.769781,On or near Petrol Station,E01026669,King's Lynn and West Norfolk 006A,Offender sent to prison
336230f176f15db95afb684a7a5a6992d25871d11e41518c5a5901e299f63eb7,2016-12,Norfolk Constabulary,Norfolk Constabulary,1.292417,52.627050,On or near WILLIAM BOOTH STREET,E01026822,Norwich 007A,Offender given community sentence
5ffb8a013fa1d6b2955127392ebc412bd897028535e3fd5f0e87e9c6243e82dd,2016-12,Norfolk Constabulary,Norfolk Constabulary,0.387225,52.730989,On or near ACER ROAD,E01026704,King's Lynn and West Norfolk 011D,Offender ordered to pay compensation
dd9cea214e23e198f359ecd4f45b6fd83d0a64a8d22520f99d2ff5ae10647884,2016-12,Norfolk Constabulary,Norfolk Constabulary,1.292206,52.625221,On or near ST STEPHENS STREET,E01026822,Norwich 007A,Offender sent to prison
ae24bac141e235aa188d39d0aa583b0cdd6da894141d01347b0a847312ea8850,2016-12,Norfolk Constabulary,Norfolk Constabulary,1.293950,52.629354,On or near Shopping Area,E01026823,Norwich 007B,Offender sent to prison
ca74a9fbe6a2ad1c65093cf2292c6ce016a51c13b5eeb8617cf645f8710cb916,2016-12,Norfolk Constabulary,Norfolk Constabulary,1.119432,52.571705,On or near POSTMILL CLOSE,E01026945,South Norfolk 007D,Offender given suspended prison sentence
3a61a17199d8051e2fa04d1f4ee1d0f3e052fc15e30faf0199ed77cc6def3521,2016-12,Norfolk Constabulary,Norfolk Constabulary,1.219540,52.637733,On or near SWAFIELD STREET,E01026792,Norwich 005B,Offender given suspended prison sentence
7f19b3784a996abb7056279df86d28a122eedbea23dff61761ee464fe8c630ab,2016-12,Norfolk Constabulary,Norfolk Constabulary,0.721636,52.404450,On or near Shopping Area,E01026478,Breckland 017E,Defendant found not guilty
eed0bee271a659ac80647a5a3f486747268671286581735f5d9b67a93ceddba5,2016-12,Norfolk Constabulary,Norfolk Constabulary,0.396193,52.754339,On or near Shopping Area,E01026699,King's Lynn and West Norfolk 011B,Offender given suspended prison sentence
894f2d145bf9fae539e79a23a6534e0c9e03d8c07ede13a5b6b80c7280a9e08b,2016-12,Norfolk Constabulary,Norfolk Constabulary,1.293950,52.629354,On or near Shopping Area,E01026823,Norwich 007B,Offender sent to prison
86600be227096b4ef6ba3fa50ee69b71b6e881bdb6b9068b31928986e514873a,2016-12,Norfolk Constabulary,Norfolk Constabulary,1.343953,52.566965,On or near TRAFALGAR SQUARE,E01026928,South Norfolk 006E,Offender fined
2850921a1fc2d7f21c5faaea48fc5309d6ef00cece9dc299ea3e0f1ed1c61bc4,2016-12,Norfolk Constabulary,Norfolk Constabulary,0.796904,52.827753,On or near Park/Open Space,E01026780,North Norfolk 009A,Offender given community sentence
05a4b166560b018c5a005db78ab3a860e6a6222b331accf74a09f9b11cd6a78e,2016-12,Norfolk Constabulary,Norfolk Constabulary,0.400434,52.763002,On or near Supermarket,E01026688,King's Lynn and West Norfolk 007B,Offender sent to prison
6c67b8719b0ead97a6748b6b0bb44d9a8c4d808bcfd3c852d0eb04a25774576c,2016-12,Norfolk Constabulary,Norfolk Constabulary,1.280139,52.648625,On or near GLENMORE GARDENS,E01026834,Norwich 002G,Offender given suspended prison sentence
7fba27a8ef29fda3dca92708ae91e855d8aa8e6bce4095818e3c860496336296,2016-12,Norfolk Constabulary,Norfolk Constabulary,1.293950,52.629354,On or near Shopping Area,E01026823,Norwich 007B,Offender sent to prison
289c2b305cf9c7b210a04482d30ef8149ad462cd8760b585fa8852c870edd26c,2016-12,Norfolk Constabulary,Norfolk Constabulary,1.135795,52.579267,On or near Supermarket,E01026933,South Norfolk 007C,Offender sent to prison
c014657a0f0567f58f9d4a8878402b437782a970c482150fcf7b16bccbfe8c46,2016-12,Norfolk Constabulary,Norfolk Constabulary,1.292417,52.627050,On or near WILLIAM BOOTH STREET,E01026822,Norwich 007A,Offender sent to prison
bf744f536d55be3178f211ceb5f70a01b6c9316aaa6ec80f3d4fe4fb49a28250,2016-12,Norfolk Constabulary,Norfolk Constabulary,0.503234,52.879226,On or near HALL ROAD,E01026702,King's Lynn and West Norfolk 003E,Offender given community sentence
32c61702ccb4b69a4e3087de504773f055283f3e08be9bf33e213326243841da,2016-12,Norfolk Constabulary,Norfolk Constabulary,1.280139,52.648625,On or near GLENMORE GARDENS,E01026834,Norwich 002G,Offender given suspended prison sentence
ff234ee0ad8ec35591ab72eae29146e4b22af12da49b00c1185ae7cc7c099fd7,2016-12,Norfolk Constabulary,Norfolk Constabulary,1.299657,52.640572,On or near KNOWSLEY ROAD,E01026845,Norwich 003E,Offender deprived of property
91896471c4dec022049316aa9e42f5db068b6e743b78498c45d70fdd28eef458,2016-12,Norfolk Constabulary,Norfolk Constabulary,1.284279,52.632645,On or near Petrol Station,E01026824,Norwich 007C,Offender sent to prison
68a85c68808a4d7f8f631aa99a6283e82f2b24ea9347f6115f235eeeea87e9e3,2016-12,Norfolk Constabulary,Norfolk Constabulary,1.289088,52.633896,On or near NEW MILLS YARD,E01026823,Norwich 007B,Offender given suspended prison sentence
240e4bf82a9c5d336f23ce0769ec597667a07cf0266989f9a719c6c0e9237d54,2016-12,Norfolk Constabulary,Norfolk Constabulary,1.181375,52.654090,On or near ALEX MOORHOUSE WAY,E01033538,South Norfolk 001G,Offender sent to prison
bb56eda5972ddf798128a11a41d504a941fb25d0c0c836b77e47c9dc5760f450,2016-12,Norfolk Constabulary,Norfolk Constabulary,1.727981,52.580903,On or near Shopping Area,E01026632,Great Yarmouth 009E,Offender sent to prison
c2709ce9dc6d16a9b3ad54499e0ef07ed094b2c7fb6fd78cda80e19b6bd7c9db,2016-12,Norfolk Constabulary,Norfolk Constabulary,1.330158,52.645052,On or near DELONEY ROAD,E01026805,Norwich 004C,Offender fined
bb30d11be1c0f2f0f9feecb5622b67d315059da06eecad2113562f9d62ac2e58,2016-12,Norfolk Constabulary,Norfolk Constabulary,1.293790,52.626634,On or near Shopping Area,E01026822,Norwich 007A,Offender sent to prison
800839164836ce3c231d2ac2c1135f7ec2ac0cdfcd04e593433b606e346349c5,2016-12,Norfolk Constabulary,Norfolk Constabulary,1.287660,52.629844,On or near WILLOW LANE,E01026822,Norwich 007A,Offender sent to prison
e8dbc30be706fb5c0c576da7cb4157bdc76e307f8f53f6fdea10958d5fe2721a,2016-12,Norfolk Constabulary,Norfolk Constabulary,1.292417,52.627050,On or near WILLIAM BOOTH STREET,E01026822,Norwich 007A,Defendant found not guilty
fc0666a4c2fd7b21165cbe3046a55e8bb2f0b7a5bdb7470c6b04a6f3efbd5c8a,2016-12,Norfolk Constabulary,Norfolk Constabulary,1.292282,52.638826,On or near MAGPIE ROAD,E01026826,Norwich 007E,Offender sent to prison
65516476bf56a4830f7afce06204fcb2df8669e962defe7bdd561694d2119e46,2016-12,Norfolk Constabulary,Norfolk Constabulary,1.251166,52.607919,On or near Shopping Area,E01026810,Norwich 012A,Offender given suspended prison sentence
86df33d03232f9aec795c355f3cc120dca83b56d3739a814ef5cc56963f18e1e,2016-12,Norfolk Constabulary,Norfolk Constabulary,,,No location,,,Offender given community sentence
d5db1cc18715d399a5cff43427285a8855d7d48a75f536ffacc7f4afb467c270,2016-12,Norfolk Constabulary,Norfolk Constabulary,1.242580,52.638840,On or near Supermarket,E01026867,Norwich 006E,Offender sent to prison
1b5b7860ee23baf67527ebb452fe2691890fdf6d5718c84aaa006729a8ea999c,2016-12,Norfolk Constabulary,Norfolk Constabulary,1.296870,52.642431,On or near MAGDALEN ROAD,E01026846,Norwich 003F,Offender ordered to pay compensation
fda40a9f0344aa3ef8218ff503a72b66ac45e3e041064a755f0fce824f11638f,2016-12,Norfolk Constabulary,Norfolk Constabulary,1.288497,52.605340,On or near GILCHRIST CLOSE,E01026820,Norwich 013E,Offender given suspended prison sentence
26eb669cede25212f653a9d5f86c01b82ff6c19f3c58afa0968fe0774ea7ef5c,2016-12,Norfolk Constabulary,Norfolk Constabulary,1.292052,52.628490,On or near ST PETERS STREET,E01026822,Norwich 007A,Offender sent to prison
2363ee5ffc4dc9a6de956649a76dfff1ec9283892191f85d1ba57b2c2aea9ca1,2016-12,Norfolk Constabulary,Norfolk Constabulary,0.721636,52.404450,On or near Shopping Area,E01026478,Breckland 017E,Defendant found not guilty
6047eb9346363aef5baa22ffc111b7bfcee2803b5293ce8add0fa5d69bd2062a,2016-12,Norfolk Constabulary,Norfolk Constabulary,0.429627,52.769781,On or near Petrol Station,E01026669,King's Lynn and West Norfolk 006A,Offender ordered to pay compensation
909d399c01df28b280585f85e3edd28ad3233d5c30ae2993fee62cc72834d88a,2016-12,Norfolk Constabulary,Norfolk Constabulary,1.185309,52.653489,On or near WILLIAM FROST WAY,E01033538,South Norfolk 001G,Offender given community sentence
709f702c53f1fa383b9c2121ec6903dcc80e6e5defb6d2b8a196f3544db75fab,2016-12,Norfolk Constabulary,Norfolk Constabulary,0.796904,52.827753,On or near Park/Open Space,E01026780,North Norfolk 009A,Offender given community sentence
802ccb1f88d17d72050a12b3c18fe09f05f90372bb3a2b464f6fb9d3c16304c9,2016-12,Norfolk Constabulary,Norfolk Constabulary,1.304757,52.628217,On or near PRINCE OF WALES ROAD,E01033439,Norwich 014B,Offender given suspended prison sentence
0d45248d7c0d0496a96c8c646f3e912c38b3be78530f77d3e7346784f5d8b5fc,2016-12,Norfolk Constabulary,Norfolk Constabulary,1.295876,52.627061,On or near Parking Area,E01026822,Norwich 007A,Offender sent to prison
98604ff9a74a7b595ede435b4c36a10373ed0c19feab5955570bc7406f217d88,2016-12,Norfolk Constabulary,Norfolk Constabulary,1.316975,52.648650,On or near HOLLY BANK,E01026559,Broadland 013C,Offender given suspended prison sentence
ef8c97b664009b4c297ae3017ed297ffbd3822994430e32890b754443df4171a,2016-12,Norfolk Constabulary,Norfolk Constabulary,1.301557,52.629493,On or near Nightclub,E01033438,Norwich 014A,Offender fined
9fa51eae84dce7ff898e4b4fa25697f90e780426855b3a808620a55c6ae98525,2016-12,Norfolk Constabulary,Norfolk Constabulary,0.398937,52.755452,On or near PARADISE LANE,E01026698,King's Lynn and West Norfolk 011A,Offender sent to prison
4aa9349a04498e48f61177363dae9083d0b3ac2b5df454359dc534becf40363d,2016-12,Norfolk Constabulary,Norfolk Constabulary,1.289771,52.625864,On or near Shopping Area,E01026822,Norwich 007A,Offender sent to prison
7eaa54891d8cb372f7a8469913cde07559272f7df7d5a5507be8e30b3b804c4f,2016-12,Norfolk Constabulary,Norfolk Constabulary,1.293246,52.626082,On or near Shopping Area,E01026822,Norwich 007A,Offender given conditional discharge
ad4c6b86dfcbf9c8f9882829295a48bcc0ac97ecf74a852c4231e6fa5aa0fa64,2016-12,Norfolk Constabulary,Norfolk Constabulary,0.405976,52.747379,On or near GOODWINS ROAD,E01026667,King's Lynn and West Norfolk 009B,Offender sent to prison
7e7d8567b428a95b5ded6bd8f08aae60f91fb1f51d18321c35ff30e2f3aa18a8,2016-12,Norfolk Constabulary,Norfolk Constabulary,0.397189,52.754130,On or near Shopping Area,E01026699,King's Lynn and West Norfolk 011B,Offender otherwise dealt with
e9ad375bcfb17e06d45c4a270f5619265a49fb77cfecaf438a0f6bc1f734770f,2016-12,Norfolk Constabulary,Norfolk Constabulary,1.719282,52.603529,On or near STATION ROAD,E01026634,Great Yarmouth 007C,Offender otherwise dealt with
740701bc7b71336dc8af07d1087b7d7b539c3cc6beda960217fd8e81c4242fc2,2016-12,Norfolk Constabulary,Norfolk Constabulary,1.295876,52.627061,On or near Parking Area,E01026822,Norwich 007A,Offender sent to prison
781510d95863d97cb1c282dd572d83d8075f1184b6b75b14b1f8e63f179ab07b,2016-12,Norfolk Constabulary,Norfolk Constabulary,1.291920,52.611388,On or near Tuckswood Police Station,E01026818,Norwich 013C,Offender given suspended prison sentence
e1c0b62930acc36258ccc2c2458b69aad08bcd4bbd97be9c2582c313c4682685,2016-12,Norfolk Constabulary,Norfolk Constabulary,0.416957,52.740178,On or near SCANIA WAY,E01026704,King's Lynn and West Norfolk 011D,Offender given suspended prison sentence
9087c19a708dad7add2865eaebe6e9ce10382dc06069c6ab2b1bdcdaccd59268,2016-12,Norfolk Constabulary,Norfolk Constabulary,1.279908,52.645744,On or near SHORNCLIFFE AVENUE,E01026829,Norwich 002B,Offender given conditional discharge
13e2f07d8aa03d329a377c0832c9c0dfc10e7de34151739ec325b47f947a6551,2016-12,Norfolk Constabulary,Norfolk Constabulary,1.295167,52.636309,On or near Supermarket,E01026826,Norwich 007E,Offender sent to prison
3bceb896963700b18222cd7a661d694eff9938ba366fec0bb6463b55d44c3535,2016-12,Norfolk Constabulary,Norfolk Constabulary,0.397536,52.756119,On or near ALBERT AVENUE,E01026698,King's Lynn and West Norfolk 011A,Offender given conditional discharge
cb2f6ddb6d210a87ad14be2706505e5a98c7f41aacae7e62fc7d4d0a40ab7fd4,2016-12,Norfolk Constabulary,Norfolk Constabulary,1.268778,52.803923,On or near Aylsham Police Station,E01026503,Broadland 001E,Offender given community sentence
542694d4baefc30898bb505267ca3b1445a23bd067afe38193374a82b4798777,2016-12,Norfolk Constabulary,Norfolk Constabulary,1.286127,52.617673,On or near Further/Higher Educational Building,E01026852,Norwich 011A,Offender given community sentence
f5cbee140b52042b1bdca646a0b31fdba69f58c47d499a29441fc8bc98cec57e,2016-12,Norfolk Constabulary,Norfolk Constabulary,0.387225,52.730989,On or near ACER ROAD,E01026704,King's Lynn and West Norfolk 011D,Offender ordered to pay compensation
25ab3fcd10d1aed03f7f5dab7cf4ef22f1fadc95f1b568eb23fce1793a244ecf,2016-12,Norfolk Constabulary,Norfolk Constabulary,0.941318,52.681357,On or near Supermarket,E01026426,Breckland 005B,Offender sent to prison
89b1dba9e2fad422f3f2db3236f2aa8f99c066b0436bcc6bd781fd7709d2f50d,2016-12,Norfolk Constabulary,Norfolk Constabulary,1.337218,52.648054,On or near SALE ROAD,E01026809,Norwich 004G,Offender fined
0375a16ee50525c24a1b3cfa4ff3aaf4f43eb17e41121f0cee0d6b9531dbf156,2016-12,Norfolk Constabulary,Norfolk Constabulary,0.931616,52.686948,On or near GIRLING ROAD,E01026428,Breckland 003A,Offender fined
781510d95863d97cb1c282dd572d83d8075f1184b6b75b14b1f8e63f179ab07b,2016-12,Norfolk Constabulary,Norfolk Constabulary,1.291920,52.611388,On or near Tuckswood Police Station,E01026818,Norwich 013C,Court case unable to proceed
17afb2d33e2ef24f0534b6c8eb31d4dbd1094ad50db3bea86ca810d0da59434e,2016-12,Norfolk Constabulary,Norfolk Constabulary,0.395433,52.752106,On or near HIGH STREET,E01026699,King's Lynn and West Norfolk 011B,Offender given suspended prison sentence
364877a913ca8e79f1e2230b4e9ff126a0cfc69ebc9aa7010c8728dd1e46d8dd,2016-12,Norfolk Constabulary,Norfolk Constabulary,0.400221,52.754293,On or near ALBION STREET,E01026698,King's Lynn and West Norfolk 011A,Offender fined
98604ff9a74a7b595ede435b4c36a10373ed0c19feab5955570bc7406f217d88,2016-12,Norfolk Constabulary,Norfolk Constabulary,1.316975,52.648650,On or near HOLLY BANK,E01026559,Broadland 013C,Offender fined
a6015eadc9c30d711fbcba3f4f764d2b791280f5966d165a338092e71b06a8a4,2016-12,Norfolk Constabulary,Norfolk Constabulary,1.294439,52.629377,On or near Shopping Area,E01026823,Norwich 007B,Offender sent to prison
526d8047f4a10c31f42ddec6c6f3766f7b8a35d5288aa1a2d356f599358b2749,2016-12,Norfolk Constabulary,Norfolk Constabulary,0.395044,52.755549,On or near HIGH STREET,E01026698,King's Lynn and West Norfolk 011A,Offender sent to prison
fabb7e256d377599819b8381cc5156655854c8e796ae1d47fdaeda7705cc6d59,2016-12,Norfolk Constabulary,Norfolk Constabulary,1.293790,52.626634,On or near Shopping Area,E01026822,Norwich 007A,Offender sent to prison
2620a6dd61d2804572021ff23fdb6d6cd76b4bafd0bef94749128e8a51a74248,2016-12,Norfolk Constabulary,Norfolk Constabulary,1.295167,52.636309,On or near Supermarket,E01026826,Norwich 007E,Offender sent to prison
128314f79867d9a9ca996e532382c8c71be6f48c0678e33aaa2a0a014660b3cb,2016-12,Norfolk Constabulary,Norfolk Constabulary,0.396621,52.756192,On or near CHAPEL STREET,E01026698,King's Lynn and West Norfolk 011A,Offender fined
8db7826987a64ccc594581008a69f29bf9cd5fc4064eb8881f3bebe7bd7da005,2016-12,Norfolk Constabulary,Norfolk Constabulary,1.298836,52.629857,On or near UPPER KING STREET,E01033438,Norwich 014A,Offender fined
1e2680e286552aa8a393dd6cff1d49487b4d7dc340bf45c8da9c48bf4dfab802,2016-12,Norfolk Constabulary,Norfolk Constabulary,1.292282,52.638826,On or near MAGPIE ROAD,E01026826,Norwich 007E,Offender sent to prison
615a2bbad549918745d6a075424cc02b1f5936f147974bb321da9588a8494d10,2016-12,Norfolk Constabulary,Norfolk Constabulary,1.241078,52.631731,On or near EARLHAM WEST CENTRE,E01026796,Norwich 005F,Offender sent to prison
d6ff7c4d0b8313cffd1c6dbe5983925f06fe309f6eeb8b3507b9f07407cb865e,2016-12,Norfolk Constabulary,Norfolk Constabulary,1.294381,52.626833,On or near RED LION STREET,E01026822,Norwich 007A,Offender sent to prison
cd934afd672b2de7eafaaa323db224ba9d6ad4e355c162347d1cb216ec29e651,2016-12,Norfolk Constabulary,Norfolk Constabulary,1.727769,52.603432,On or near DORSET CLOSE,E01026625,Great Yarmouth 006D,Offender otherwise dealt with
0888af8fff9645c247d3bede7d72302c773f49c09251a86a730e0c2fe9b9020e,2016-12,Norfolk Constabulary,Norfolk Constabulary,1.249770,52.634928,On or near HORNING CLOSE,E01026865,Norwich 006C,Court case unable to proceed
cd52577f2fd4336cb54c7134b6b53cdcaa79eacd0dc084982b3e946ecc69250d,2016-12,Norfolk Constabulary,Norfolk Constabulary,0.395000,52.752861,On or near GRANARY COURT,E01026699,King's Lynn and West Norfolk 011B,Offender given conditional discharge
b9e0fb2f2384bd5f89d759321261eff826147db17ad2c7667bb3f6aae28d80b6,2016-12,Norfolk Constabulary,Norfolk Constabulary,1.325436,52.634275,On or near CUBITT ROAD,E01026808,Norwich 004F,Offender otherwise dealt with
fa16b2c69c5a03b3e1de1f8085987a7714a8c66c345ce0be060a6a4dbce13a64,2016-12,Norfolk Constabulary,Norfolk Constabulary,1.718885,52.600582,On or near STAFFORD ROAD,E01026633,Great Yarmouth 007B,Offender given conditional discharge
8b4246cdd34df3656f76e55efd16cb5991796b08f2eb63c619f92445fdce75bc,2016-12,Norfolk Constabulary,Norfolk Constabulary,0.735303,52.418595,On or near YORK WAY,E01026467,Breckland 015C,Offender given community sentence
1c7c20f8185552d6e2d179fb98acecd326fb172659de1bed0a770f94c32529ec,2016-12,Norfolk Constabulary,Norfolk Constabulary,1.112733,52.574246,On or near ROTHBURY CLOSE,E01026870,South Norfolk 005A,Offender otherwise dealt with
08b4184e767976cae505e5cb258ac4e186f7ade3335268ac5054758a0cf80611,2016-12,Norfolk Constabulary,Norfolk Constabulary,0.612621,52.465002,On or near JUBILEE CLOSE,E01026492,Breckland 012C,Defendant found not guilty
52845d29c01ffcaa385bf86521dd48a33dbfe603c51b779549a9833b892c15a3,2016-12,Norfolk Constabulary,Norfolk Constabulary,1.295167,52.636309,On or near Supermarket,E01026826,Norwich 007E,Offender sent to prison
1c06c0e4a1af70d153fa7c60a054a22b1173fb62ba4dbb06b6e751d20a2d695d,2016-12,Norfolk Constabulary,Norfolk Constabulary,1.280385,52.651325,On or near AYLSHAM CRESCENT,E01026797,Norwich 001A,Offender fined
b079dba7f36b578e7548f33d3f053dd32d4f05fbdeb417f264e22eba5593c19b,2016-12,Norfolk Constabulary,Norfolk Constabulary,1.310130,52.622841,On or near CARROW ROAD,E01033441,Norwich 014D,Offender fined
a0030c14c35a2f9e10c4efcd429369459c6440e39b2d145365ab02758dae8a8d,2016-12,Norfolk Constabulary,Norfolk Constabulary,1.330158,52.645052,On or near DELONEY ROAD,E01026805,Norwich 004C,Offender sent to prison
ed98a1df3a35b6ce6b669103a7a79e3dfecc7bdca6bf9606fea780313d492a15,2016-12,Norfolk Constabulary,Norfolk Constabulary,1.732894,52.619030,On or near WALPOLE ROAD,E01026599,Great Yarmouth 004A,Defendant found not guilty
0bf666937e178fae3efa0585906533258e015fb26ab5dc3fb2ba1076b17112d1,2016-12,Norfolk Constabulary,Norfolk Constabulary,1.116330,52.378581,On or near WILLBYE AVENUE,E01026888,South Norfolk 015A,Offender ordered to pay compensation
14d7d6a0d7edda079dcaaa0b28841715ac6c46ea1c60f2e07d0c5db0237f7c88,2016-12,Norfolk Constabulary,Norfolk Constabulary,1.247859,52.637265,On or near DARRELL PLACE,E01026867,Norwich 006E,Offender given conditional discharge
c46426ab2f31f9b2e2c02e3e436e0f3a706638adc7ef001d6c949f9843bdaed8,2016-12,Norfolk Constabulary,Norfolk Constabulary,1.714910,52.605285,On or near AUSTIN ROAD,E01026635,Great Yarmouth 007D,Defendant found not guilty
20e925ac140876e38ddafa5e1ef8587a51b7c9b51af8f746870752a5a367d016,2016-12,Norfolk Constabulary,Norfolk Constabulary,1.296103,52.625760,On or near ALL SAINTS STREET,E01026822,Norwich 007A,Offender given suspended prison sentence
bf0fc8a5b286a356e80e3b6b58c72d83bb5d7b54d095daf068889b43c763d726,2016-12,Norfolk Constabulary,Norfolk Constabulary,0.416957,52.740178,On or near SCANIA WAY,E01026704,King's Lynn and West Norfolk 011D,Offender sent to prison
fa2fd17efcf5417c1fb71a775a078df0e13a8896355d9ad8c9834141bd4733ad,2016-12,Norfolk Constabulary,Norfolk Constabulary,0.416383,52.757652,On or near Petrol Station,E01026666,King's Lynn and West Norfolk 009A,Defendant found not guilty
82006ad815dd26607e33ade32aea046badbb7aa948c5d22d36479660ceee9499,2016-12,Norfolk Constabulary,Norfolk Constabulary,0.396193,52.754339,On or near Shopping Area,E01026699,King's Lynn and West Norfolk 011B,Offender given community sentence
b0b7d422b58e078ed62cf6a8bb23dafd0b6cdf2d0b78faa9556e0885179ecc4d,2016-12,Norfolk Constabulary,Norfolk Constabulary,1.294381,52.626833,On or near RED LION STREET,E01026822,Norwich 007A,Offender sent to prison
31b4fcb72ebe7ca8adaa0375ece17d8a22d8ed8dc98ef8b0bde21bd9a0134d90,2016-12,Norfolk Constabulary,Norfolk Constabulary,1.325701,52.645546,On or near Sports/Recreation Area,E01026805,Norwich 004C,Offender given community sentence
ced86d6e236526f5461a2a8af57e6e8592b9d23dd6ef170a107bd585641d9b96,2016-12,Norfolk Constabulary,Norfolk Constabulary,1.285091,52.637560,On or near BARKER STREET,E01026827,Norwich 007F,Offender sent to prison
f186dba84be741b783364f01ae1940f8c06c1993052374437c26d167090602b5,2016-12,Norfolk Constabulary,Norfolk Constabulary,0.288950,52.699640,On or near VICTORY LANE,E01026697,King's Lynn and West Norfolk 015B,Offender fined
f91871cf8028eb835d9051418ddb2ec7cdfc4c8e4b6ffe8ca7ad159e13e035b6,2016-12,Norfolk Constabulary,Norfolk Constabulary,1.723432,52.650126,On or near CHURCH CLOSE,E01026590,Great Yarmouth 003B,Offender sent to prison
ca62bd47d217fa01511c15f933f90d221cde1675326039fd8e608285a42e237b,2016-12,Norfolk Constabulary,Norfolk Constabulary,0.417605,52.758031,On or near Supermarket,E01026693,King's Lynn and West Norfolk 009D,Offender given community sentence
37848f9ec184737c63adcd3fb547f2286d08004afed44b708ec68d952d91fd65,2016-12,Norfolk Constabulary,Norfolk Constabulary,1.726769,52.608879,On or near Parking Area,E01026597,Great Yarmouth 005C,Offender sent to prison
0755b0ae257135b6325841cb579183ca64af24207fac6610ad320d9ad3b22241,2016-12,Norfolk Constabulary,Norfolk Constabulary,1.298566,52.629613,On or near Nightclub,E01033438,Norwich 014A,Offender given conditional discharge
9c3d5c54e4c65810a74605a7ca8186f4c27ad0df51de0998b86f416a231cce4c,2016-12,Norfolk Constabulary,Norfolk Constabulary,1.728495,52.606765,On or near Shopping Area,E01026623,Great Yarmouth 006B,Offender fined
c13b0f8a20e0b7f3ad1712fa05581327401c53617bd759af683756fdf0e55cb5,2016-12,Norfolk Constabulary,Norfolk Constabulary,1.293790,52.626634,On or near Shopping Area,E01026822,Norwich 007A,Offender sent to prison
bc7050203e40a04a18f0ba33e5f5bd5b517e7e5bd271ba063a9ca1606358dd30,2016-12,Norfolk Constabulary,Norfolk Constabulary,1.293950,52.629354,On or near Shopping Area,E01026823,Norwich 007B,Offender sent to prison
525e00f7a7488cc86838030db49fbd1b82ae82caa9caec1480c69411fe7d694b,2016-12,Norfolk Constabulary,Norfolk Constabulary,1.733728,52.609919,On or near EUSTON ROAD,E01026598,Great Yarmouth 005D,Court case unable to proceed
b079dba7f36b578e7548f33d3f053dd32d4f05fbdeb417f264e22eba5593c19b,2016-12,Norfolk Constabulary,Norfolk Constabulary,1.310130,52.622841,On or near CARROW ROAD,E01033441,Norwich 014D,Offender fined
0d985771747aadfde818aa0c4797c990272ae66ba97a92fdfa3b33117390721e,2016-12,Norfolk Constabulary,Norfolk Constabulary,0.397982,52.754258,On or near Supermarket,E01026698,King's Lynn and West Norfolk 011A,Offender given suspended prison sentence
ff234ee0ad8ec35591ab72eae29146e4b22af12da49b00c1185ae7cc7c099fd7,2016-12,Norfolk Constabulary,Norfolk Constabulary,1.299657,52.640572,On or near KNOWSLEY ROAD,E01026845,Norwich 003E,Offender deprived of property
8bc7360c936012160c82fa491f32409971c25309c7efed8aa2d9a095941f58c9,2016-12,Norfolk Constabulary,Norfolk Constabulary,1.310472,52.632257,On or near WILLIAM KETT CLOSE,E01033438,Norwich 014A,Offender otherwise dealt with
c2a2f0f2001913e9868d95c031f53c82bc8d3d9005af6c704b922e3dc54157fc,2016-12,Norfolk Constabulary,Norfolk Constabulary,1.307184,52.628257,On or near ASPLAND ROAD,E01033439,Norwich 014B,Offender given conditional discharge
041ab07d1889498a5d241d3d3a0471657994e94b3ee78a864e0bc0ac0d1f930c,2016-12,Norfolk Constabulary,Norfolk Constabulary,,,No location,,,Offender otherwise dealt with
7de922978ceb269c9c302861c178b34a7769b7ddc0489a3d18b81a7b5a3328e4,2016-12,Norfolk Constabulary,Norfolk Constabulary,1.727501,52.607408,On or near Shopping Area,E01026597,Great Yarmouth 005C,Defendant found not guilty
ed816c990d84c5de173c4d3de2c7b54b5f62c9ebdca1bbc0e632f8b72dc959aa,2016-12,Norfolk Constabulary,Norfolk Constabulary,,,No location,,,Offender sent to prison
36b48335c2587ee3ded085921d3111120594f050fa1aa79bcda86519069e5a73,2016-12,Norfolk Constabulary,Norfolk Constabulary,0.946537,52.674698,On or near YAXHAM ROAD,E01026426,Breckland 005B,Offender sent to prison
20bd52606ad97a5b06d247a2ded1b25bab317f7715097a2fccae939f434b205c,2016-12,Norfolk Constabulary,Norfolk Constabulary,1.734685,52.608143,On or near BERMONDSEY PLACE SOUTH,E01026598,Great Yarmouth 005D,Offender sent to prison
23c22d32a3cd5f11d65dfa8e4cddc9cff673768d22fbd5b32198a68abf204749,2016-12,Norfolk Constabulary,Norfolk Constabulary,0.167383,52.657661,On or near ELM ROAD,E01018070,Fenland 003B,Court case unable to proceed
6703d305735b797b15a3e7204731d717b89000d6e93aab827aa2ffa8e0326067,2016-12,Norfolk Constabulary,Norfolk Constabulary,1.727501,52.607408,On or near Shopping Area,E01026597,Great Yarmouth 005C,Offender fined
830916798675f8d68fdad0f0e4968caf1b3c1aa52d171f96838ed105151ef32a,2016-12,Norfolk Constabulary,Norfolk Constabulary,1.287517,52.632069,On or near ST SWITHINS ROAD,E01026822,Norwich 007A,Offender given suspended prison sentence
0aa9409223d8020009dd82e239654357eb2e2bd783c4aa01ceb88d9cd2e3410d,2016-12,Norfolk Constabulary,Norfolk Constabulary,1.290679,52.624175,On or near Pedestrian Subway,E01026822,Norwich 007A,Offender sent to prison
8989ea382a2115b66e08d44de71388558f41eaf60e56eee135616b8f0a2d7380,2016-12,Norfolk Constabulary,Norfolk Constabulary,1.296103,52.625760,On or near ALL SAINTS STREET,E01026822,Norwich 007A,Offender given conditional discharge
194155e895389238364a96e6d08debce7c0405d3dc7963930b260a3ac4534185,2016-12,Norfolk Constabulary,Norfolk Constabulary,0.734862,52.420494,On or near GUILDFORD WAY,E01026467,Breckland 015C,Offender deprived of property
1f769d03fc43c74cf8a8e701dc9ed0106d68af2a6b0c29a832fd80662efcb889,2016-12,Norfolk Constabulary,Norfolk Constabulary,1.729996,52.607905,On or near Parking Area,E01026597,Great Yarmouth 005C,Offender sent to prison
2db6dee33dd2a2fd30f0a7ef26bccf0835a888059740366d7d689da23a59596d,2016-12,Norfolk Constabulary,Norfolk Constabulary,0.395000,52.752861,On or near GRANARY COURT,E01026699,King's Lynn and West Norfolk 011B,Offender sent to prison
9f3ab9cdf26f8b4fb3fb99211d2349a485036f67c463e1d184a033e2a6c8de13,2016-12,Norfolk Constabulary,Norfolk Constabulary,1.309501,52.633301,On or near BISHOP BRIDGE ROAD,E01033438,Norwich 014A,Offender given suspended prison sentence
b605a2a8fc297e63fb88c5c9b7232f44abae59c5e46166048eb85d59c6a957d6,2016-12,Norfolk Constabulary,Norfolk Constabulary,1.261419,52.635930,On or near WINCHCOMB ROAD,E01026863,Norwich 006A,Offender given community sentence
7260e93970f0d9745186d9fb088c0ed9f9137374271fda29734394cc3d1a8801,2016-12,Norfolk Constabulary,Norfolk Constabulary,1.259899,52.625225,On or near BUNNETT SQUARE,E01026859,Norwich 010B,Offender given suspended prison sentence
9870efdd7cb152ce370f9421320cac036202c607c14addd527e748a65eacd35f,2016-12,Norfolk Constabulary,Norfolk Constabulary,0.929983,52.685981,On or near MACARTHUR DRIVE,E01026428,Breckland 003A,Offender fined
76cc4aa19ed83320afb8eeecf2731e6aa7738f2fb452a975d36d2129c2d3f3d0,2016-12,Norfolk Constabulary,Norfolk Constabulary,1.735664,52.613563,On or near SANDOWN ROAD,E01026595,Great Yarmouth 005A,Offender given community sentence
cf14b86401bea59f2aabfb88a91ea434a6af2a3050cc2a78cb67fe488727aab9,2016-12,Norfolk Constabulary,Norfolk Constabulary,1.293790,52.626634,On or near Shopping Area,E01026822,Norwich 007A,Offender given suspended prison sentence
3f9d6cd70f8bf02e2908e859fb297b1ae572da6882613a3c68af092a9ae818fc,2016-12,Norfolk Constabulary,Norfolk Constabulary,0.396193,52.754339,On or near Shopping Area,E01026699,King's Lynn and West Norfolk 011B,Offender sent to prison
0abb6a98ac081a6db66171b964470fda5d8b7f8bf9d62572abe95dffdc514361,2016-12,Norfolk Constabulary,Norfolk Constabulary,1.727606,52.576660,On or near SUSSEX ROAD,E01026630,Great Yarmouth 010D,Offender otherwise dealt with
312ca7e91b3777637b4ce3a8904a1b51788678a4d802c924ab03efe2c8146076,2016-12,Norfolk Constabulary,Norfolk Constabulary,1.310472,52.632257,On or near WILLIAM KETT CLOSE,E01033438,Norwich 014A,Offender sent to prison
fa116493ea1d173420879e22a14c6c68a96f39747863d6ea9d42ee833c174729,2016-12,Norfolk Constabulary,Norfolk Constabulary,1.293790,52.626634,On or near Shopping Area,E01026822,Norwich 007A,Offender sent to prison
4345111b198401d927244fad0f3dbfc7537b2bc73570704710251b26b6374983,2016-12,Norfolk Constabulary,Norfolk Constabulary,1.304757,52.628217,On or near PRINCE OF WALES ROAD,E01033439,Norwich 014B,Offender otherwise dealt with
9f9a81112b7be7b8be42dced325f0331dbf1278c8c978cd8895b40a220ec0c2f,2016-12,Norfolk Constabulary,Norfolk Constabulary,1.325393,52.636435,On or near Supermarket,E01026804,Norwich 004B,Offender sent to prison
50125212d9e184edf8f6ab4f399bb3c6a7f4cc87ab9b87eace83ecc2189aa5fc,2016-12,Norfolk Constabulary,Norfolk Constabulary,1.734685,52.608143,On or near BERMONDSEY PLACE SOUTH,E01026598,Great Yarmouth 005D,Offender sent to prison
bfe13ec28dfc36ec082a2f90a0db59d36b7b408da2129367b01725bd4ae3eb59,2016-12,Norfolk Constabulary,Norfolk Constabulary,0.735303,52.418595,On or near YORK WAY,E01026467,Breckland 015C,Offender given community sentence
d4be9b3ea131f0712f69f2b2f5e130e18fa6bcca7032f164f652c634ce1bf9eb,2016-12,Norfolk Constabulary,Norfolk Constabulary,0.402027,52.747243,On or near LYNWOOD TERRACE,E01026700,King's Lynn and West Norfolk 011C,Court case unable to proceed
b770062e685bac6bf8ce75e7bbde24c1334ca0d325d31baeb7400bc762deeded,2016-12,Norfolk Constabulary,Norfolk Constabulary,1.298566,52.629613,On or near Nightclub,E01033438,Norwich 014A,Offender sent to prison
8b4e7af9ea27995f59890c2f8b8359dd0cd294ba5932399c0c44eb724c38c698,2016-12,Norfolk Constabulary,Norfolk Constabulary,1.285931,52.621960,On or near THOMAS WYATT CLOSE,E01033434,Norwich 011G,Offender given suspended prison sentence
2bdf8a876b955dec13deabcbaf8565c2066fe2f9282614c4a6de54f525269730,2016-12,Norfolk Constabulary,Norfolk Constabulary,1.719687,52.618231,On or near PATTINSON'S ROAD,E01026596,Great Yarmouth 005B,Offender fined
d48126751e36aeea806c96fd369504f5689d764002917453c1be773b792c5726,2016-12,Norfolk Constabulary,Norfolk Constabulary,1.301557,52.629493,On or near Nightclub,E01033438,Norwich 014A,Offender fined
4bdc7e28a33f4f048f46d0d722696b50f5e53212d045b5cd1f8ec5d1d0f64073,2016-12,Norfolk Constabulary,Norfolk Constabulary,1.324064,52.626318,On or near THORPE ROAD,E01026577,Broadland 016D,Offender given community sentence
