Crime ID,Month,Reported by,Falls within,Longitude,Latitude,Location,LSOA code,LSOA name,Outcome type
9998a6907f22394418ae9d5c88dab1e4387247106b0f912acf04b15d0ae0b549,2018-12,Essex Police,Essex Police,0.024939,51.684318,On or near PEREGRIN ROAD,E01021810,Epping Forest 008D,Unable to prosecute suspect
d565071b85b6dcd22db778a0d2199f4894ca7fae68d2f16eaba8030d79c23e58,2018-12,Essex Police,Essex Police,,,No location,,,Action to be taken by another organisation
6c41160bd284f860de53284ca8e1ff24505fb6257b483f8cfc93f788d2cfbef5,2018-12,Essex Police,Essex Police,,,No location,,,Investigation complete; no suspect identified
37c6080cc535b1f3d5d2a69dd3aca4dba9232dd6228df2191a93fda4ebc0a18a,2018-12,Essex Police,Essex Police,0.363247,51.863456,On or near ONGAR ROAD,E01022068,Uttlesford 007C,Investigation complete; no suspect identified
66ea382e850b204b2bba1c20e8db93181743d5c9306042b4d5cebc516e4bf698,2018-12,Essex Police,Essex Police,0.498548,51.717086,On or near THE DELL,E01021560,Chelmsford 013B,Investigation complete; no suspect identified
0845acfbbc517f58c73252b1b7130bb3afb2174d0e3037bfd4471cf77b2ace97,2018-12,Essex Police,Essex Police,0.599583,51.557500,On or near A13,E01021482,Castle Point 006A,Unable to prosecute suspect
cc6695f1cfbea4427502b66ae6caaa4eb2d5f72f7acf3527bae7b42098a03e48,2018-12,Essex Police,Essex Police,0.070532,51.646743,On or near CHERSTON GARDENS,E01021772,Epping Forest 013B,Investigation complete; no suspect identified
303a6bbb1d7bf682a73dcad33e3af277f08c4f2626bab6a9000c3f5ae7129931,2018-12,Essex Police,Essex Police,,,No location,,,Investigation complete; no suspect identified
1eab2982602979ab2eb18e5725f2db39202c536b95f690934fdcf15e3354cdb7,2018-12,Essex Police,Essex Police,0.600937,51.921327,On or near A131,E01021381,Braintree 007F,Unable to prosecute suspect
0576b8a9ac9019acf9cad14d438e164d105bd7cbccce2496e4b6459c569a9983,2018-12,Essex Police,Essex Police,,,No location,,,Unable to prosecute suspect
9bd1600a903dc66ea3f8bd7ea9b73fb62b55519ceeebc6ca44919402e3fc99cc,2018-12,Essex Police,Essex Police,,,No location,,,Suspect charged
5c2c6bcff649bbc6e989e35841b7aea2753f3409b78b8eb01221154829a05256,2018-12,Essex Police,Essex Police,0.635582,51.951115,On or near HEDINGHAM ROAD,E01021390,Braintree 006B,Investigation complete; no suspect identified
3bb6f4c7d482761db3a5fb5de5c426a6b4f8c40b5decf29d01c2e9a452fb5140,2018-12,Essex Police,Essex Police,0.073231,51.605464,On or near STRADBROKE PARK,E01021766,Epping Forest 017C,Investigation complete; no suspect identified
62da96bba20038b615aed25fe80193f71b49c343c091c8da72f63b6b673d9510,2018-12,Essex Police,Essex Police,0.724423,51.546563,On or near ELY ROAD,E01015869,Southend-on-Sea 006A,Suspect charged
737022140b3deb363ec9f46548ffb4a5fe94b64574583ff5f44e0717a45e9b5f,2018-12,Essex Police,Essex Police,1.129371,51.796650,On or near LANGHAM DRIVE,E01022031,Tendring 015D,Unable to prosecute suspect
f3d8a002f2ec807cb310384d0eeb80314637003c8723f31711520241ce0b4dca,2018-12,Essex Police,Essex Police,1.132407,51.797981,On or near TULIP WAY,E01022023,Tendring 015A,Unable to prosecute suspect
14fe8934b6a6f473a30e196e39ce40e92f8243d794b1bd06d341f93269cdae2a,2018-12,Essex Police,Essex Police,0.507593,51.569305,On or near CAISTER DRIVE,E01021316,Basildon 018D,Unable to prosecute suspect
b7373684134f89c9ff9147fe4c21d718f9ab09ddbb8654a7aab980ba2cf89754,2018-12,Essex Police,Essex Police,0.095709,51.772884,On or near A1019,E01021851,Harlow 003C,Unable to prosecute suspect
362c68252dba6fc3f1b7353c0a455d48d19f24ac26391f1bd12767634de4f964,2018-12,Essex Police,Essex Police,0.071596,51.649791,On or near THISTLE MEAD,E01021790,Epping Forest 012E,Unable to prosecute suspect
2ecb001bbd12428e7960f6b4a09ff03020adcf06b3f7c32d2d32fdffa0f9486e,2018-12,Essex Police,Essex Police,0.071596,51.649791,On or near THISTLE MEAD,E01021790,Epping Forest 012E,Unable to prosecute suspect
a8946c818a6b88231bedf847be335a473c90e16308fbf00d0e55182ed2c947f9,2018-12,Essex Police,Essex Police,0.687609,51.607426,On or near CLIFTON ROAD,E01021929,Rochford 002D,Unable to prosecute suspect
d8854bb2764e79e361fc699dc42840efdd362e55cfb3f32d31a838f58c895170,2018-12,Essex Police,Essex Police,0.212876,51.980018,On or near LONDON ROAD,E01022072,Uttlesford 003C,Investigation complete; no suspect identified
6a8dc84cf395c8a5a2497b8388897cf7bee4a1c5b7a76b34ef23a1cddceec3b4,2018-12,Essex Police,Essex Police,0.714148,51.540424,On or near Parking Area,E01015895,Southend-on-Sea 010A,Investigation complete; no suspect identified
e38f0af62c1da4ffbd0512fd62845290a783fadff5b371fd4fa0e0075b844345,2018-12,Essex Police,Essex Police,1.284066,51.942013,On or near CANNING STREET,E01021998,Tendring 001B,Unable to prosecute suspect
89fa83636dc0f592cebbda0082c5bfd05ed3704a54b6cce44b3c68d67d7f07f3,2018-12,Essex Police,Essex Police,0.895335,51.889691,On or near BALKERNE GARDENS,E01021646,Colchester 007A,Unable to prosecute suspect
9a8e6e1e9aa455479cc75fab326c15e15a1b4c108d5152699941a8d5e5695e27,2018-12,Essex Police,Essex Police,0.720785,51.533957,On or near HARTINGTON ROAD,E01015841,Southend-on-Sea 014C,Investigation complete; no suspect identified
86c139c6ea2ca867e46733e372869b76f7021d4350ab724e4964b2d0633c0510,2018-12,Essex Police,Essex Police,,,No location,,,Unable to prosecute suspect
54e117c3ba64f275f0f41a9b939e559e61c3bae0c8adba6630bed76a4139c923,2018-12,Essex Police,Essex Police,0.920457,51.907030,On or near THE JAYS,E01021670,Colchester 002C,Unable to prosecute suspect
0a3c2951f9336e2e0c2675845c4cc66e603274eade6a37302a3f288f576d380c,2018-12,Essex Police,Essex Police,0.716257,51.540241,On or near SOUTHCHURCH ROAD,E01015852,Southend-on-Sea 015B,Investigation complete; no suspect identified
88bf9aa4932cb8b1b8a442c7b744d6014fb3186f71419de4b324218609e3db46,2018-12,Essex Police,Essex Police,0.746256,51.548383,On or near NEWINGTON CLOSE,E01015887,Southend-on-Sea 009E,Unable to prosecute suspect
ab09f899bf8f79d8b793449bd73143eb0c47116e33d336722e4df1e831a8f168,2018-12,Essex Police,Essex Police,0.444115,51.572875,On or near BOYTONS,E01021291,Basildon 016E,Unable to prosecute suspect
967fedab1a20ca8d6ff6bf6f7167aa78400b2ed8b7642e1e011e6017cfff010d,2018-12,Essex Police,Essex Police,0.842274,51.885634,On or near OSIER CLOSE,E01021720,Colchester 012C,Unable to prosecute suspect
a6b50566860f9e59e42cfc434832089865cc5b6283216a3028f638169c0446d9,2018-12,Essex Police,Essex Police,0.413104,51.571305,On or near THE WILLINGALES,E01021276,Basildon 014C,Unable to prosecute suspect
34671b6c02514553e53d94bb31a535d32cf7575d7b0644fda2cd4dabf965cf3c,2018-12,Essex Police,Essex Police,,,No location,,,Investigation complete; no suspect identified
ba5c783b6d1887d1e6bb7e228b15a833193ed4f98c019c48b6188e738532322e,2018-12,Essex Police,Essex Police,0.413104,51.571305,On or near THE WILLINGALES,E01021276,Basildon 014C,Unable to prosecute suspect
ecd5d376cba9c583b80ad92d2543209c042acdac14e04ecef56b18bd52b91958,2018-12,Essex Police,Essex Police,0.253461,51.507617,On or near TEVIOT AVENUE,E01015924,Thurrock 008C,Investigation complete; no suspect identified
a4554f012a19769b51cbf3d3199234467470c7ea0a1dd4daa87e008c1bbf4979,2018-12,Essex Police,Essex Police,0.842274,51.885634,On or near OSIER CLOSE,E01021720,Colchester 012C,Unable to prosecute suspect
88824ef8ad211263c04a8e9d09155126d1fef7a7aaebbaf4a862f134009c999c,2018-12,Essex Police,Essex Police,0.772477,51.872758,On or near Petrol Station,E01021678,Colchester 010E,Offender given a caution
6d17ae62dae8bd7d936459260da1724a7814db6f5be4740ab8ee243697ced0fe,2018-12,Essex Police,Essex Police,0.842274,51.885634,On or near OSIER CLOSE,E01021720,Colchester 012C,Unable to prosecute suspect
ffaa4842039e5a6aa5f93d490eac1406f46128664cb84459726d41e60733113d,2018-12,Essex Police,Essex Police,0.842274,51.885634,On or near OSIER CLOSE,E01021720,Colchester 012C,Unable to prosecute suspect
36c0cb51bea6c9917af8c75732a17f791800298d725baf0993d4c785ecd8a665,2018-12,Essex Police,Essex Police,0.900435,51.889439,On or near Shopping Area,E01021649,Colchester 007D,Unable to prosecute suspect
1dd27ce9ca25bfeae53199931226f7abc09a92ea71b9fece5342262409bba999,2018-12,Essex Police,Essex Police,0.620104,51.645116,On or near TRINITY ROW,E01021613,Chelmsford 019C,Investigation complete; no suspect identified
ba5fe4417cac44845976932f636dbf824edb7e849b69ce1ce22cc77780146214,2018-12,Essex Police,Essex Police,0.069195,51.648808,On or near ST NICHOLAS PLACE,E01021790,Epping Forest 012E,Investigation complete; no suspect identified
59487ebb2f05c8fb6137686f9d95f97b532b26fcccd86ef59f6a1664fc3d2abd,2018-12,Essex Police,Essex Police,0.509987,51.586548,On or near SWINBORNE COURT,E01021309,Basildon 011E,Unable to prosecute suspect
75e198b30ba347ede581eb4cb93667fce7f0ec25924a4edd43cd95c4221ce8e6,2018-12,Essex Police,Essex Police,0.722696,51.536008,On or near OLD SOUTHEND ROAD,E01015841,Southend-on-Sea 014C,Unable to prosecute suspect
d07e28ca7f525cf4f1f85a51290d2d3fa8e15d4587a34ea398784114ce8dcd81,2018-12,Essex Police,Essex Police,0.083955,51.623943,On or near LINGMERE CLOSE,E01021750,Epping Forest 016B,Unable to prosecute suspect
fdb3b1a4dcda405fe70e8f036ab4d9fe97bb0ae4f5f8556cb7cbdabc7bb38b3c,2018-12,Essex Police,Essex Police,0.300074,51.516919,On or near LAUREL DRIVE,E01015975,Thurrock 006F,Unable to prosecute suspect
e205b1fbaaf61851d152d825ced432658030f0801c297b083b2af2e1ebee1ff9,2018-12,Essex Police,Essex Police,0.509987,51.586548,On or near SWINBORNE COURT,E01021309,Basildon 011E,Unable to prosecute suspect
5660634d26304a05f29af79a9efddb1b43df95538acaf60e18c683c73827a52d,2018-12,Essex Police,Essex Police,0.063143,51.764720,On or near Supermarket,E01021840,Harlow 004B,Investigation complete; no suspect identified
799bb126bb4daa55c35e3794e904c7a3d365bd3ed705ce832a363a856932e771,2018-12,Essex Police,Essex Police,0.509987,51.586548,On or near SWINBORNE COURT,E01021309,Basildon 011E,Unable to prosecute suspect
fc290a86d9e3dab8fd7477e4cf557741184638bf05083a9b7c18a000f83f8e64,2018-12,Essex Police,Essex Police,0.919727,51.910133,On or near Supermarket,E01021671,Colchester 002D,Investigation complete; no suspect identified
a41a9aae60a162da91299ca5854f3a5e591de5670a7134781f7c58761fc202f8,2018-12,Essex Police,Essex Police,0.565974,51.523282,On or near SECOND AVENUE,E01021486,Castle Point 010B,Unable to prosecute suspect
e4ff6328477d076755fd2c6e9cd43938f761db02ba64f7d44a297a47c3abf17a,2018-12,Essex Police,Essex Police,0.146263,51.764526,On or near ELWOOD,E01021824,Harlow 005A,Unable to prosecute suspect
89908c3c9b0acdc3fafc8dcbf2adfa60144d16d4ab52d73fb4f9fa9dedfbe6cd,2018-12,Essex Police,Essex Police,1.155299,51.788653,On or near ORWELL ROAD,E01022025,Tendring 016B,Unable to prosecute suspect
a13380d2858ca76eb059fdaa2e9de08bee81fa32bbae4d85e240dff954b311c9,2018-12,Essex Police,Essex Police,0.028739,51.627878,On or near BOLEYN COURT,E01021746,Epping Forest 015E,Suspect charged
408503c272705cfcdce6e56cb23c96ada88107ee8b5b8dcf977b8d9ef7df7f46,2018-12,Essex Police,Essex Police,0.252071,51.510117,On or near RAVEL GARDENS,E01015924,Thurrock 008C,Unable to prosecute suspect
383c5929437713e5f0fa3883fcba7b8ebbc32bc2aeda1835e03f077e5fc428c8,2018-12,Essex Police,Essex Police,0.420480,51.626721,On or near WEST CLOISTER,E01021240,Basildon 003B,Investigation complete; no suspect identified
46f30cd8558483e091f5bbc0987cf0e127a2f7acf58c1e58a3c17088b0e65215,2018-12,Essex Police,Essex Police,,,No location,,,Suspect charged
e845d7d31936a1bfe62833c187f9522e343b15431a0724b9f4ea9680f390b85a,2018-12,Essex Police,Essex Police,0.510671,51.566487,On or near HOWARD CRESCENT,E01021316,Basildon 018D,Investigation complete; no suspect identified
6c66bd5733c66c2247fda0fe33a4404cba5986453241980fbdd17165467129cc,2018-12,Essex Police,Essex Police,1.214918,51.828743,On or near Sports/Recreation Area,E01022011,Tendring 008G,Unable to prosecute suspect
e2fa17e310de35cf83b73daa8e596bc81962df8ae75a99b8495afed2635914a6,2018-12,Essex Police,Essex Police,1.214918,51.828743,On or near Sports/Recreation Area,E01022011,Tendring 008G,Unable to prosecute suspect
19579de9090f882290e81d2b66db74f8c6e3433cf5e19c6c843a22d0ba1c1138,2018-12,Essex Police,Essex Police,0.503867,51.574232,On or near WALTHAMS,E01021304,Basildon 013C,Unable to prosecute suspect
034df8c1cc8b0ab06d9d2f4ad93e29517a5812bba1facd04d7a035e8fe85f6e3,2018-12,Essex Police,Essex Police,0.509987,51.586548,On or near SWINBORNE COURT,E01021309,Basildon 011E,Investigation complete; no suspect identified
c272c87bde17785645a154fec56bca9d198d4555550f3095e8502bb85e04bb00,2018-12,Essex Police,Essex Police,0.898429,51.870692,On or near CIRCUS SQUARE,E01021642,Colchester 018F,Unable to prosecute suspect
c1a9dea07399f8d64a5a600c46ad87a71ecc9c85bb7a29c0ff1264dd5d0b36be,2018-12,Essex Police,Essex Police,0.689621,51.541026,On or near FINCHLEY ROAD,E01015831,Southend-on-Sea 012E,Unable to prosecute suspect
c1cccee240c6f45ed061784a802d76fcc251939b3d8d90bb599399aa6c5842f3,2018-12,Essex Police,Essex Police,0.699071,51.596596,On or near VAUGHAN CLOSE,E01021931,Rochford 002E,Further investigation is not in the public interest
06fbb95cb1738d0b70a00432c9d162791722896bc6e14506b06b1f31bcbd7ff6,2018-12,Essex Police,Essex Police,0.455364,51.569789,On or near Shopping Area,E01021318,Basildon 015C,Investigation complete; no suspect identified
bfaa0adab146734ce4ef4e1fc26f3d268fc121bbaa893a07170728cef8f21d88,2018-12,Essex Police,Essex Police,0.735580,51.540907,On or near Petrol Station,E01015884,Southend-on-Sea 009B,Investigation complete; no suspect identified
496c4d406009b522cbd3e1b11130e62a36d0a1c92da8fb810738dd904e878f40,2018-12,Essex Police,Essex Police,0.632757,51.936933,On or near LOCK ROAD,E01021391,Braintree 004C,Unable to prosecute suspect
76b0f013269c3a45bce2dc1adfd699e1b7581439b9c73889bb94b0074ab49ea5,2018-12,Essex Police,Essex Police,0.632757,51.936933,On or near LOCK ROAD,E01021391,Braintree 004C,Unable to prosecute suspect
565d3dd67f33eafe614631f150c48fb497887f148f84946fe35608570fb6efba,2018-12,Essex Police,Essex Police,1.272293,51.848036,On or near THE PARADE,E01022056,Tendring 006E,Unable to prosecute suspect
43eb4351255cb3ae7ae3a1ffd3c0d48894c2bdcacab0b44469c76976a645df91,2018-12,Essex Police,Essex Police,1.087300,51.775566,On or near Seawick Holiday Park,E01022045,Tendring 018D,Unable to prosecute suspect
c44f5ae2eb2b254a6b0b78378f717538f1a43e8e31f76d9c206403ec04d32a22,2018-12,Essex Police,Essex Police,0.686523,51.539595,On or near AILSA ROAD,E01015827,Southend-on-Sea 012A,Local resolution
823ab4d77e7725efc3aa1f5a23b7e0ad02e58a5700117c22def0763f3ed884cd,2018-12,Essex Police,Essex Police,0.037137,51.713044,On or near Park/Open Space,E01021812,Epping Forest 009B,Unable to prosecute suspect
4e53d9271d52f480a64c0fe2d86b464d259a42471367ac3078d9eca49273602e,2018-12,Essex Police,Essex Police,0.896123,51.898548,On or near ROWAN PLACE,E01021650,Colchester 007E,Unable to prosecute suspect
4e53d9271d52f480a64c0fe2d86b464d259a42471367ac3078d9eca49273602e,2018-12,Essex Police,Essex Police,0.896123,51.898548,On or near ROWAN PLACE,E01021650,Colchester 007E,Unable to prosecute suspect
4e53d9271d52f480a64c0fe2d86b464d259a42471367ac3078d9eca49273602e,2018-12,Essex Police,Essex Police,0.896123,51.898548,On or near ROWAN PLACE,E01021650,Colchester 007E,Unable to prosecute suspect
b98e2f6f7f4f166c6d557412feb5ee9d7df24bab5cd80917c2975049012ba9c2,2018-12,Essex Police,Essex Police,0.697941,51.601901,On or near NELSON ROAD,E01021914,Rochford 002A,Unable to prosecute suspect
af37f614fe1b931c5dbca98873859fca67d9d1ec5b62a0351e43eebe7d0cb22c,2018-12,Essex Police,Essex Police,0.069407,51.753054,On or near Pedestrian Subway,E01021865,Harlow 009E,Suspect charged
f851951e10f24b5b3624ee005d8da28bd995d2e33ddb19b863678271fdabd623,2018-12,Essex Police,Essex Police,0.501202,51.580108,On or near LOXFORD,E01021302,Basildon 013B,Formal action is not in the public interest
0469b82268f3041d102ff6c1e763104c0084d1d2c0c5a193af0d2e57a304ceb4,2018-12,Essex Police,Essex Police,0.897532,51.892209,On or near SHORT CUT ROAD,E01021649,Colchester 007D,Suspect charged
ede2b2c206a8413d7a41b6e9cd56b917eca93e8019cdfad1ac5e9a46a36a0f12,2018-12,Essex Police,Essex Police,0.624941,51.805691,On or near Parking Area,E01021427,Braintree 016C,Investigation complete; no suspect identified
6b2171800ad4b4bf245e53444f86b548af4af722968b9a63372f01c825b806a8,2018-12,Essex Police,Essex Police,0.553085,51.885406,On or near RANA DRIVE,E01021357,Braintree 008B,Unable to prosecute suspect
293bf5a0221ca88fcb3e441ee401a2ac30269dba08b7b0b9aa5d0a75b2335ba6,2018-12,Essex Police,Essex Police,0.553085,51.885406,On or near RANA DRIVE,E01021357,Braintree 008B,Unable to prosecute suspect
3bbe83e7cd6b6b8fe5ca67a5fcc25637d3d9dc42bb138cb8b2b6827c76309f02,2018-12,Essex Police,Essex Police,0.284918,51.477043,On or near CHAPEL CLOSE,E01016012,Thurrock 015C,Unable to prosecute suspect
0926d24e921e06644bda4a2d23edf98ef4da1f2e7cfe46b1c3960be172771dac,2018-12,Essex Police,Essex Police,0.298963,51.989016,On or near THAXTED ROAD,E01022099,Uttlesford 004D,Unable to prosecute suspect
cf15ee11d6558e5a54dfe7dbb4337cd98c125afb41fe335ba2d0f4b2811010cc,2018-12,Essex Police,Essex Police,0.419708,51.629327,On or near RADSTOCKS,E01021247,Basildon 003E,Investigation complete; no suspect identified
a2a83d6bb99945f90ef090aa748b92c69f16570fe39ad0b04b4e8bd3f7ff778e,2018-12,Essex Police,Essex Police,0.527546,51.697067,On or near THE TYTHINGS,E01021571,Chelmsford 013E,Unable to prosecute suspect
18e56c2c2557be92d62fc2a085d3e2525c50511131379e30de6b1a7795dddc5f,2018-12,Essex Police,Essex Police,0.527546,51.697067,On or near THE TYTHINGS,E01021571,Chelmsford 013E,Unable to prosecute suspect
fae8220ef02150a890ab7703b21c0b1d9dacadfd224271745c8a5a5e6b46497f,2018-12,Essex Police,Essex Police,0.761775,51.874026,On or near DINANTS CRESCENT,E01021677,Colchester 010D,Unable to prosecute suspect
e6db005844ccae4a456f5692838b9d5c5b041d1f28de3ac1f29a142cf902135b,2018-12,Essex Police,Essex Police,,,No location,,,Unable to prosecute suspect
4e4667ea17ae9bf809eefb9fad9135bacd8535f955d52bd9c5ffc1992bbf1710,2018-12,Essex Police,Essex Police,0.836879,51.878201,On or near ROSE AVENUE,E01021722,Colchester 012E,Unable to prosecute suspect
ffa78fb012e3b4446c907d7dd659febfffae6f82edd769877dd07ac7d0013a19,2018-12,Essex Police,Essex Police,0.606661,51.646386,On or near FORREST CLOSE,E01021615,Chelmsford 019E,Formal action is not in the public interest
addca44fa9ed10310b21171e1961baab2ff860ccad571e87f74da94492b7c1cf,2018-12,Essex Police,Essex Police,0.129177,51.762984,On or near OAKLANDS DRIVE,E01021836,Harlow 008D,Unable to prosecute suspect
3eaa11e0e706096c534201b4028b4fbe2bdaad4dd1fa9821eed27d75f0f0e0b8,2018-12,Essex Police,Essex Police,0.901567,51.857385,On or near FRIDAY WOOD GREEN,E01021639,Colchester 018C,Unable to prosecute suspect
0d8a539eeb956659237dfb58eb1d023c03bdd076e21bc7ec41a799e5fda02a31,2018-12,Essex Police,Essex Police,1.170068,51.809797,On or near THE CRESCENT,E01021984,Tendring 010A,Unable to prosecute suspect
3cde82f64df725c5f57950cc4e618322fe1606a1776fb32f7c81af9cff88c404,2018-12,Essex Police,Essex Police,0.691824,51.538996,On or near DITTON COURT ROAD,E01015855,Southend-on-Sea 015E,Unable to prosecute suspect
0954ac386dcfb2c710f8d5c2e50b1b6419beb9475b75cc5649f357821d98bbe9,2018-12,Essex Police,Essex Police,0.539912,51.589618,On or near SOUTHEND ARTERIAL ROAD,E01021344,Basildon 008D,Unable to prosecute suspect
9a305717b17b8b115dc612e453dd33dd4b1b349b10134a93aac9cd663dc34d28,2018-12,Essex Police,Essex Police,0.919789,51.884409,On or near STANDARD ROAD,E01021685,Colchester 011C,Unable to prosecute suspect
d78f575af946f3f5a4485d9ff2439f510c752a4676c5b305b7b119a0ef3294d4,2018-12,Essex Police,Essex Police,0.615114,51.646810,On or near BUSHEY CLOSE,E01021612,Chelmsford 019B,Unable to prosecute suspect
13a6e233f05036f97479579949f7c7380dca7e473a533da8160ae3a0ea369e30,2018-12,Essex Police,Essex Police,0.610085,51.588959,On or near BARRINGTONS CLOSE,E01021964,Rochford 008E,Unable to prosecute suspect
e92a18b2e67c229b1f7e1b2b0c2d25a06c97e153e71d9bc424208e4ef6dc8912,2018-12,Essex Police,Essex Police,0.456169,51.571868,On or near Pedestrian Subway,E01021318,Basildon 015C,Unable to prosecute suspect
71a3df8e17ed1ce7b1398ad39cb56423e60a69474a7761635e93c36634fda22b,2018-12,Essex Police,Essex Police,0.471939,51.696677,On or near MORETONS,E01021554,Chelmsford 017C,Unable to prosecute suspect
83b29c7c60bad13273f69f7ed9d289da665a061ad41a634996da332a3e344224,2018-12,Essex Police,Essex Police,0.152087,51.560349,On or near BRADWELL AVENUE,E01000061,Barking and Dagenham 006C,Unable to prosecute suspect
6fec0bd18c736107388a0f156af9b5e5fa5aba5ed3c29cac59c72206ccae762b,2018-12,Essex Police,Essex Police,0.446162,51.581979,On or near Shopping Area,E01021268,Basildon 015B,Unable to prosecute suspect
bcddf87d295c078ac07cbd061cf9490396d07340ac709dee22307c16abab5be9,2018-12,Essex Police,Essex Police,1.168306,51.792755,On or near MARINE PARADE EAST,E01022048,Tendring 014C,Unable to prosecute suspect
1f8acbc12fdadbd1759dc191bf52bee2e52087bc8a2e7bbe289839ec6262d312,2018-12,Essex Police,Essex Police,0.517977,51.617476,On or near CLOVELLY GARDENS,E01021338,Basildon 005C,Unable to prosecute suspect
415306dd00502e06309bb4f26a61003e8a733b3b96bfc418773d43d587e0f2f6,2018-12,Essex Police,Essex Police,0.417459,51.581045,On or near CROMER CLOSE,E01021278,Basildon 014E,Suspect charged
6fef24c1a4304377d955292283db4a16ef082c91327dd229b4b538d7f303c8dd,2018-12,Essex Police,Essex Police,0.417459,51.581045,On or near CROMER CLOSE,E01021278,Basildon 014E,Suspect charged
f9030081b0a1bab735662aa48bcfd459fd37c6d06007e15497b14e1b675024c9,2018-12,Essex Police,Essex Police,0.708296,51.562585,On or near POTTERS WAY,E01015874,Southend-on-Sea 006F,Unable to prosecute suspect
39c0c8e9a2888e530b82fa84feba319e9426fa58397c0764ceda5b3d4c09ac8f,2018-12,Essex Police,Essex Police,0.323365,51.494778,On or near WAVERLEY GARDENS,E01015994,Thurrock 009D,Further investigation is not in the public interest
28d52d3a1b477a4e812dd927b56b5787183e38b84f7de4818dce178b112d9558,2018-12,Essex Police,Essex Police,0.093567,51.769182,On or near Shopping Area,E01021872,Harlow 007E,Suspect charged
79e6262b502b76a663c2beee24a9d6941b459790a84c6f5e8802a3fb28c5cefa,2018-12,Essex Police,Essex Police,0.286071,51.635549,On or near LARCHWOOD GARDENS,E01021464,Brentwood 004E,Unable to prosecute suspect
14451cfe259353d7256ab67bac162b3d17fd14eb4939a6c67f722e5213ce2f22,2018-12,Essex Police,Essex Police,0.699378,51.542600,On or near BALMORAL ROAD,E01015896,Southend-on-Sea 010B,Suspect charged
f516887a8a384b90d339abca0bc2d139403b6e1504a3d9096f981ada977c819f,2018-12,Essex Police,Essex Police,0.873191,51.871356,On or near ICENI WAY,E01021711,Colchester 015A,Suspect charged
ad2072c768c66de4cf587bd848fd7ffb848c8bef6e5f448fa9e7df1bd0d6257a,2018-12,Essex Police,Essex Police,0.614241,51.628627,On or near Parking Area,E01021942,Rochford 001A,Unable to prosecute suspect
349307e99d5da8712a4cc626d5c0c73ce732d159cdbb0b79d74541cc29760a68,2018-12,Essex Police,Essex Police,0.951526,51.874164,On or near BOUNDARY ROAD,E01021736,Colchester 017A,Unable to prosecute suspect
8407dd1ea482db12903cbdf3b9b5a0f1d3d8cb7c774d449b56e5f35d0cecc1cb,2018-12,Essex Police,Essex Police,0.422573,51.630204,On or near ST ANDREWS DRIVE,E01021240,Basildon 003B,Unable to prosecute suspect
1689ae11166914a18b165674d2ad14149ff859bf2dab1d7837c7141139c2db3a,2018-12,Essex Police,Essex Police,0.801034,51.554111,On or near LEE LOTTS,E01021922,Rochford 010C,Unable to prosecute suspect
c7907c57d8a1385385c6560b27e7ec4a61b323df627ad154c3319bf6ecfebec8,2018-12,Essex Police,Essex Police,1.252275,51.929846,On or near LONG MEADOWS,E01033051,Tendring 002F,Local resolution
16e2666736c564aefad7bf2b92c485770bf42b657182aad34fd563b2ede75498,2018-12,Essex Police,Essex Police,0.455059,51.744136,On or near FOX CRESCENT,E01021576,Chelmsford 006A,Unable to prosecute suspect
8fbd663451e2f857ad6e0b8d8dc2f9fc5f75e2c24721af2cd80f273c45339ba0,2018-12,Essex Police,Essex Police,0.721827,51.535947,On or near WESLEY ROAD,E01015841,Southend-on-Sea 014C,Suspect charged
48e72761162d5b53f4235570b41cc4dfd06821259c08d7aebd1e4ae355f5e22f,2018-12,Essex Police,Essex Police,0.275002,51.531267,On or near Park/Open Space,E01015971,Thurrock 006B,Unable to prosecute suspect
d5772b713045eac53d9fa5a7d4b9558138b9ff0ed20de35cccb36b1767d8b460,2018-12,Essex Police,Essex Police,0.090817,51.759231,On or near KINGSLAND,E01021868,Harlow 007B,Unable to prosecute suspect
b64daba141d86e6b467825e6f2651f73aab013ac625dbc9c310b24de9032b4c5,2018-12,Essex Police,Essex Police,0.907575,51.864054,On or near STANSTED ROAD,E01021638,Colchester 018B,Suspect charged
143d4ee38d2f96a98a5ab9a7406d8b8e03030023a44e17fcf8a61f256d68c23d,2018-12,Essex Police,Essex Police,0.485008,51.622450,On or near ORCHARD AVENUE,E01021264,Basildon 006A,Unable to prosecute suspect
74f04c59a76efe5055d548d84e21e17dff87a5a2005668b26c59f03b1489acf1,2018-12,Essex Police,Essex Police,0.107473,51.770255,On or near WHITEWAITS,E01021852,Harlow 003D,Suspect charged
70ac6a34ada3c2a4d3960d54ada1f69c35a37673b68f7671c6ca3a48f0043e86,2018-12,Essex Police,Essex Police,0.415477,51.480182,On or near BATA AVENUE,E01015948,Thurrock 013B,Suspect charged
900322ce4e72a1336c9fcbd5ce2e9545f09f731143ba9c95fb5699b0e454484d,2018-12,Essex Police,Essex Police,1.055449,51.903555,On or near PAYNE'S LANE,E01021972,Tendring 005B,Investigation complete; no suspect identified
912e6e7141838a0eff14d63e44f022dde3058844db56b4bf99d0efedd9fae284,2018-12,Essex Police,Essex Police,0.094846,51.771452,On or near ADAMS HOUSE,E01021872,Harlow 007E,Local resolution
2cf515e81cc51dfc0d3661e655e6138df45002e5cc2c9dbacbe5fecb7dd2a25d,2018-12,Essex Police,Essex Police,1.029426,51.797264,On or near CRUCE WAY,E01022046,Tendring 011E,Unable to prosecute suspect
4ba7fcc19f48d726f806517ba05846946a2eab1ed8a3a1440eb29065723c5cc3,2018-12,Essex Police,Essex Police,0.703299,51.583674,On or near Hospital,E01021955,Rochford 004D,Action to be taken by another organisation
304a5328a37c4903aa3ae5dcbd74b65b83c079d8bdaa7cfcc80abba66f72801c,2018-12,Essex Police,Essex Police,1.252621,51.942869,On or near ADELAIDE STREET,E01033051,Tendring 002F,Suspect charged
304a5328a37c4903aa3ae5dcbd74b65b83c079d8bdaa7cfcc80abba66f72801c,2018-12,Essex Police,Essex Police,1.252621,51.942869,On or near ADELAIDE STREET,E01033051,Tendring 002F,Suspect charged
cccaf8dfefb8f93ab266bd6ef3c39a70d8b3e654180d4a8768ae93d1ab96309e,2018-12,Essex Police,Essex Police,0.520333,51.755246,On or near A130,E01021537,Chelmsford 005B,Suspect charged
cd28829d7a2f93571431c23dfc9738e0a41f2a482b46a5921a97e2e13b8d491a,2018-12,Essex Police,Essex Police,0.141697,51.784402,On or near WATLINGTON ROAD,E01021855,Harlow 001B,Unable to prosecute suspect
813ce9bc14f900a2791687e77db11bce3f4978c93ba359ad470c4804b0504c53,2018-12,Essex Police,Essex Police,0.141697,51.784402,On or near WATLINGTON ROAD,E01021855,Harlow 001B,Suspect charged
370ecafc585b07a308bd4b29d3e6d366920b3a61ca64c9c06124ea6b1225449f,2018-12,Essex Police,Essex Police,0.141697,51.784402,On or near WATLINGTON ROAD,E01021855,Harlow 001B,Unable to prosecute suspect
ccdbabf8409df682925156b99168e9743fa8cdec2abf6848f44f929e5f9ea27c,2018-12,Essex Police,Essex Police,0.141697,51.784402,On or near WATLINGTON ROAD,E01021855,Harlow 001B,Unable to prosecute suspect
c84db20c80a36fe0f021c7dc59c7241f11221e0e81e14eef05b02ff4fd036bbd,2018-12,Essex Police,Essex Police,0.141697,51.784402,On or near WATLINGTON ROAD,E01021855,Harlow 001B,Unable to prosecute suspect
bef3fcec920f8633e0e39eb6bb00a56677a79bde4c0f62452d10b912ae832b33,2018-12,Essex Police,Essex Police,0.141697,51.784402,On or near WATLINGTON ROAD,E01021855,Harlow 001B,Unable to prosecute suspect
e01948fbf2ceb2eea77bbc8677671ab57f2087c3169baec972505cbbaccf9733,2018-12,Essex Police,Essex Police,0.141697,51.784402,On or near WATLINGTON ROAD,E01021855,Harlow 001B,Unable to prosecute suspect
68d96d5d50faf719534a38d8eb8b6057000953d3e29ac6f046d7f72059630115,2018-12,Essex Police,Essex Police,0.141697,51.784402,On or near WATLINGTON ROAD,E01021855,Harlow 001B,Suspect charged
239c178096bf7cf8dd4644d496b0afc00af0d5343b2860cabd8759361bf0b131,2018-12,Essex Police,Essex Police,0.141697,51.784402,On or near WATLINGTON ROAD,E01021855,Harlow 001B,Unable to prosecute suspect
8ea5c5ada1efae620ee4e1bbcd69a11e001a89c228d7816756b7c81e3270c670,2018-12,Essex Police,Essex Police,0.298963,51.989016,On or near THAXTED ROAD,E01022099,Uttlesford 004D,Unable to prosecute suspect
f5f759bf59c274b097fa8f323854c09700e8dcc93107f75d5ca861df82807c85,2018-12,Essex Police,Essex Police,0.498438,51.563403,On or near HIGH ROAD,E01021328,Basildon 022E,Unable to prosecute suspect
0e64af82758617eccfd473d70efb214e667c9419c63a993809b8e78b58a308ec,2018-12,Essex Police,Essex Police,1.129902,51.794477,On or near RUSH GREEN ROAD,E01022031,Tendring 015D,Formal action is not in the public interest
7b1d08b11b6363eb3995a7e2793d86f83d1395929ec619f1e4f1138ff5f7de8a,2018-12,Essex Police,Essex Police,0.541117,51.880638,On or near MALYON CLOSE,E01021365,Braintree 009D,Unable to prosecute suspect
2638289cd75ed99a54f92601348db24a5cfb84d58a29fdeba472e30849aa56ae,2018-12,Essex Police,Essex Police,0.845734,51.878068,On or near Petrol Station,E01021721,Colchester 012D,Suspect charged
e388b024b083d45c2b98474a853d1aed1fe8f1d546c6b4aef2a35fc1eb8b26d6,2018-12,Essex Police,Essex Police,0.421343,51.575892,On or near Pedestrian Subway,E01021273,Basildon 014A,Investigation complete; no suspect identified
30fccaa8356c592e649a7115ed4a91174a1b861187827b25973d257aabc29438,2018-12,Essex Police,Essex Police,-1.439963,55.011998,On or near REED STREET,E01008561,North Tyneside 016C,Unable to prosecute suspect
b93544df3ed840fd00ee73676bf2669c2e7d2dd91c88beedd5cab62e4ab8af1e,2018-12,Essex Police,Essex Police,0.706796,51.573520,On or near SOUTHEND ROAD,E01021956,Rochford 007E,Suspect charged
b93544df3ed840fd00ee73676bf2669c2e7d2dd91c88beedd5cab62e4ab8af1e,2018-12,Essex Police,Essex Police,0.706796,51.573520,On or near SOUTHEND ROAD,E01021956,Rochford 007E,Suspect charged
f42f2074c8c82c3c7746d030ac464da46c1bec38fcad94d4a566792f59cb4d0f,2018-12,Essex Police,Essex Police,0.109228,51.781779,On or near Shopping Area,E01021845,Harlow 002B,Local resolution
7a299e55c6135815c0133a64eca82375bf74043a4c137cb6c5428efafb6c9781,2018-12,Essex Police,Essex Police,0.899209,51.924796,On or near Parking Area,E01021682,Colchester 004D,Investigation complete; no suspect identified
0cbcc525330721508f50c74f49130e129c768bd7a1f7664a8270b86a9904b08a,2018-12,Essex Police,Essex Police,1.114543,51.774100,On or near BEACH CRESCENT,E01021988,Tendring 018A,Unable to prosecute suspect
298fae2dba3b67cf272ceee67ad2764da8a06be6461af05eb0c82a8a8d97f6e4,2018-12,Essex Police,Essex Police,0.115839,51.763819,On or near GREAT BRAYS,E01021819,Harlow 006A,Unable to prosecute suspect
b793fb1ef3819f0851522c9477f197b0651594991e229c3906c579cbdd0fae8c,2018-12,Essex Police,Essex Police,0.713791,51.540730,On or near CHICHESTER ROAD,E01015895,Southend-on-Sea 010A,Unable to prosecute suspect
fc23dd41283fc4257f23a6fc3c6027f6615ae9d1b4d369f33ee0fc6cbb4370c2,2018-12,Essex Police,Essex Police,0.289279,51.506591,On or near BROXBURN DRIVE,E01015931,Thurrock 007E,Unable to prosecute suspect
f65be01b818e46e00ef56822a7cb2256ae5226d9eea408f28fbcdfa583d36727,2018-12,Essex Police,Essex Police,0.479390,51.738715,On or near Shopping Area,E01033141,Chelmsford 010G,Investigation complete; no suspect identified
22b1c0ca4d1b602446993ede6b8d6b53d0186d7bbb986a763a3e470918869883,2018-12,Essex Police,Essex Police,0.901260,51.888708,On or near Shopping Area,E01021649,Colchester 007D,Suspect charged
ba86ff013f43aec0097c869880fda59e7f0bbdc7f537a96d86653a4bbed5518e,2018-12,Essex Police,Essex Police,0.705949,51.551002,On or near REGENCY GREEN,E01015861,Southend-on-Sea 004E,Unable to prosecute suspect
42a4b3b10d9093f91844ec2b1719c4ae34da8c03175d8e5cb1f23ecced607b4c,2018-12,Essex Police,Essex Police,0.900435,51.889439,On or near Shopping Area,E01021649,Colchester 007D,Unable to prosecute suspect
273ca81ce2f1de842567a0038b44c6a8779fb43003e2dd4854ca93bb7bc04850,2018-12,Essex Police,Essex Police,0.900435,51.889439,On or near Shopping Area,E01021649,Colchester 007D,Unable to prosecute suspect
746fc81acefd5184317caa7bac99693cbaf74fd526251d1def9fe594dbded31e,2018-12,Essex Police,Essex Police,0.456169,51.571868,On or near Pedestrian Subway,E01021318,Basildon 015C,Unable to prosecute suspect
1d37c2e40cb57aaf2e98c009aa2ad0c6d25968a6703edc8d7ae0675f7000dd13,2018-12,Essex Police,Essex Police,0.510671,51.566487,On or near HOWARD CRESCENT,E01021316,Basildon 018D,Investigation complete; no suspect identified
a6ac6e42d7632f0953feff00376c560d1114f679dee3009f67a3bf6e96747075,2018-12,Essex Police,Essex Police,0.053397,51.646298,On or near Police Station,E01021781,Epping Forest 014B,Investigation complete; no suspect identified
bcc85a00b6040634ec6619653c2fe9cc3ee4584bedccf6f4eac135e16b5b1e05,2018-12,Essex Police,Essex Police,0.186647,51.755374,On or near SCHOOL LANE,E01021796,Epping Forest 003B,Unable to prosecute suspect
6afad884ef758fc584c5e70fabc36849c6964718d4721c8e46fdb494d4a8cfaf,2018-12,Essex Police,Essex Police,0.375056,51.492519,On or near RAVENCROFT,E01015938,Thurrock 012F,Unable to prosecute suspect
665bd2acedae8eac83718ab58b336247b6a066e7ecbd15c1f817e01448efacb9,2018-12,Essex Police,Essex Police,0.592220,51.520870,On or near Supermarket,E01021498,Castle Point 011B,Unable to prosecute suspect
bcd8665d7223230f706efc9f6b99463ee9dabdd8603a1ab0885fbbad2f029e60,2018-12,Essex Police,Essex Police,0.592220,51.520870,On or near Supermarket,E01021498,Castle Point 011B,Unable to prosecute suspect
531075b9d03b407d9a142fc12d1d03c67991bfabe9ff8b1f0550620063aeba16,2018-12,Essex Police,Essex Police,0.592220,51.520870,On or near Supermarket,E01021498,Castle Point 011B,Unable to prosecute suspect
c89e715356061154c213c78a1146559afec57290e926be0e0874fab21b425904,2018-12,Essex Police,Essex Police,0.486217,51.559454,On or near LONDON ROAD,E01021311,Basildon 022C,Suspect charged
f19d034278134fc06c90b6e37654564124e01486ef732b2d5551e69229505f7e,2018-12,Essex Police,Essex Police,0.932348,51.906545,On or near BRAEMORE CLOSE,E01021710,Colchester 022C,Unable to prosecute suspect
ab1a22595db5276b9e407a010258d3c1fffbede593520124f2a7be623065992d,2018-12,Essex Police,Essex Police,0.751812,51.809363,On or near Church Road,E01021723,Colchester 020A,Unable to prosecute suspect
4b749b5e5e25b3a96749fbb93858f91c8a000c23049aa32a1b2a64603a1ecf73,2018-12,Essex Police,Essex Police,0.749368,51.810697,On or near ST LUKE'S CHASE,E01021723,Colchester 020A,Suspect charged
4b749b5e5e25b3a96749fbb93858f91c8a000c23049aa32a1b2a64603a1ecf73,2018-12,Essex Police,Essex Police,0.749368,51.810697,On or near ST LUKE'S CHASE,E01021723,Colchester 020A,Suspect charged
dbd089b5eeb0319dda59f3b56044225369b47b3541934c3b5aaff8c91bdf1a67,2018-12,Essex Police,Essex Police,0.497724,51.735233,On or near CUSAK ROAD,E01021547,Chelmsford 008D,Further investigation is not in the public interest
f1382c97c5e1a8daef4564c5ad835b4617c982cc0100dd72d963e7b7460773b8,2018-12,Essex Police,Essex Police,0.443854,51.742131,On or near MEDWAY CLOSE,E01021599,Chelmsford 009C,Unable to prosecute suspect
34fa0f8355bbaca5718230c41f8695256b04e0f2bffe3d6842bd521b9a9e75ba,2018-12,Essex Police,Essex Police,0.443854,51.742131,On or near MEDWAY CLOSE,E01021599,Chelmsford 009C,Unable to prosecute suspect
710f202bf1da59978c3dc81700b7eeb670b83a136462305df5491f8cb8a2cd3d,2018-12,Essex Police,Essex Police,0.282026,51.488629,On or near Parking Area,E01016011,Thurrock 015B,Investigation complete; no suspect identified
24d87c3076cb1ef76a78333c5a97719e8a67ec49bac3464c494ea93d37c6c298,2018-12,Essex Police,Essex Police,0.721075,51.576751,On or near ROCHEHALL WAY,E01021956,Rochford 007E,Unable to prosecute suspect
c8cae71169a297db8b7a83a0cc62bb1a2a6cb2625495c3c3100557f76ecf8aed,2018-12,Essex Police,Essex Police,0.115839,51.763819,On or near GREAT BRAYS,E01021819,Harlow 006A,Unable to prosecute suspect
c0ae11a556a0a09033085d126fa74aaaffb6dbf5c4cc7e1fda10aef3eca91c24,2018-12,Essex Police,Essex Police,0.374921,51.461378,On or near AUSTEN CLOSE,E01016005,Thurrock 018C,Unable to prosecute suspect
bdbc15e673cd63ccf7de0e45faf5b0d049642627853488c6c037186b5b909522,2018-12,Essex Police,Essex Police,0.464594,51.756950,On or near ESSEX AVENUE,E01021588,Chelmsford 006B,Unable to prosecute suspect
e93e4a707aa3da2b93df9edf8030ad0cc213eee8c1d1660fe391311bce51e8e5,2018-12,Essex Police,Essex Police,0.684702,51.545167,On or near LONDON ROAD,E01015832,Southend-on-Sea 012F,Unable to prosecute suspect
eaef3e4271238e9608d3d4ee018cfd049c7ea8ed25ba5a6426ddef10eb810dc4,2018-12,Essex Police,Essex Police,0.501995,51.742274,On or near OYSTER PLACE,E01021544,Chelmsford 008A,Unable to prosecute suspect
a8f2f2a46cc4c34caac2399d9b2f079ce4058195aedf9967df6554791618beae,2018-12,Essex Police,Essex Police,0.749368,51.810697,On or near ST LUKE'S CHASE,E01021723,Colchester 020A,Suspect charged
fe241f91e8ee2906271f84101c4d65bd0e74b37550e629fa67a7a1269552c94a,2018-12,Essex Police,Essex Police,0.319166,51.692752,On or near Supermarket,E01021469,Brentwood 001E,Investigation complete; no suspect identified
743d2c404d244e67316feb1e099bed5fe0c848cd99d6b866c436a95bb4cb5242,2018-12,Essex Police,Essex Police,0.078247,51.644134,On or near LUSHES ROAD,E01021773,Epping Forest 013C,Suspect charged
0745e1a03d9f7cbe4fbd14903a7c858f7c8cc4a97b262e25aaa5fc7c6eb0891b,2018-12,Essex Police,Essex Police,0.901994,51.891307,On or near RYEGATE ROAD,E01021649,Colchester 007D,Unable to prosecute suspect
887124dcaa003ebc4478292681fc48dbc765d3c52fe34cacb1ef244b31fa87f8,2018-12,Essex Police,Essex Police,0.114475,51.776487,On or near Parking Area,E01021845,Harlow 002B,Suspect charged
6fb0a0d717ee3b1caaf6424604815d587c1c888316c458f24ef041f839eee300,2018-12,Essex Police,Essex Police,0.494646,51.715631,On or near GOWERS AVENUE,E01021565,Chelmsford 014C,Suspect charged
ee4c3bca2e9561cf7705cb6af5fccc3b4aacbd671e7172db47f1d10290a1c6c3,2018-12,Essex Police,Essex Police,0.569542,51.527242,On or near ST GUIBERTS ROAD,E01021507,Castle Point 010E,Unable to prosecute suspect
ca02bde3f24e97201eb6a93769d3e5b6fc417537cfb239bd1ebce3873f914d5e,2018-12,Essex Police,Essex Police,0.346250,51.571177,On or near CADOGAN AVENUE,E01021446,Brentwood 009B,Unable to prosecute suspect
856aea96db67e2fde53279c43d54823b86f3b75842ad5d66a5a873133e622f3e,2018-12,Essex Police,Essex Police,0.346250,51.571177,On or near CADOGAN AVENUE,E01021446,Brentwood 009B,Unable to prosecute suspect
80a487dabd7f5b9f03507af130ec682affa069f175d79e0e0c307d46351c9d06,2018-12,Essex Police,Essex Police,0.499001,51.582088,On or near BRACKLEY CRESCENT,E01021307,Basildon 011C,Suspect charged
c0533008b9f5b41e747d84c941c36fd0de2da3f2f549b531c0a01ead1c570218,2018-12,Essex Police,Essex Police,0.624941,51.790726,On or near OCTAVIA DRIVE,E01033460,Braintree 017F,Unable to prosecute suspect
7bf333bf43dfaead824962e8f9a641a56a1b7f45edc3ff57265379c71ee54638,2018-12,Essex Police,Essex Police,0.672053,51.546158,On or near LONDON ROAD,E01015823,Southend-on-Sea 005D,Unable to prosecute suspect
4082545947fb4eb93d66ea69c76e60936c3054e9f7ff34e56a47ffa59ec8e578,2018-12,Essex Police,Essex Police,0.919927,51.895513,On or near ST ANNE'S ROAD,E01021703,Colchester 022E,Unable to prosecute suspect
75fc49d27f7f712bcb6b4226f742d0e8c7b38a906b7d604b1ac4d5498c7fca57,2018-12,Essex Police,Essex Police,0.726765,51.546661,On or near FERNDALE ROAD,E01015870,Southend-on-Sea 006B,Unable to prosecute suspect
29887d00e4dbaad3d6af5095dee648fad91f6e62a956ae41c3b879ba5b8e925d,2018-12,Essex Police,Essex Police,0.689585,51.544327,On or near SHOE LANE,E01015831,Southend-on-Sea 012E,Offender given a caution
6e789e5102f968b7a3f18541ee18369b412a58a100c3101c1abf9852fe1ecbc2,2018-12,Essex Police,Essex Police,0.242443,52.026165,On or near CATONS LANE,E01022078,Uttlesford 002C,Investigation complete; no suspect identified
7149cddcdfe58914f3f4e8de2146a78cc0ddc4a3200683d56001b4ca3c38df77,2018-12,Essex Police,Essex Police,0.899183,51.910173,On or near Hospital,E01021682,Colchester 004D,Investigation complete; no suspect identified
e2fc9d739d4cd9703da969b6183baa13f7d369ad6a5729704b0de055f0227c89,2018-12,Essex Police,Essex Police,1.120520,51.847837,On or near CRAVENWOOD CLOSE,E01022018,Tendring 007E,Unable to prosecute suspect
b8e276e8d73bcd7947afa2a7c63e0cfa285ae424ea455ffe5b06e4acb09f13a2,2018-12,Essex Police,Essex Police,0.898584,51.898397,On or near BLOYES MEWS,E01021647,Colchester 007B,Unable to prosecute suspect
8e8e6952d625f5d178c4a1b09b4ae102821af17a7405ef111e94aced51592229,2018-12,Essex Police,Essex Police,0.282487,51.512272,On or near ELAN ROAD,E01015976,Thurrock 007F,Unable to prosecute suspect
f634454f3371de75365461314ee622f39098e88e212a9d91efd05a3a8357741f,2018-12,Essex Police,Essex Police,0.282487,51.512272,On or near ELAN ROAD,E01015976,Thurrock 007F,Unable to prosecute suspect
321a8b68a5bfceb78f27b38a3a1a6d8dd5e442bd9d7e08b065b8d67f26e6d2b4,2018-12,Essex Police,Essex Police,0.062590,51.636110,On or near CRANLEIGH GARDENS,E01021785,Epping Forest 014D,Suspect charged
a0cc6e5861fd6d56dba52d206eb90a96fc786f276e5efaef124174d0601025c7,2018-12,Essex Police,Essex Police,0.717404,51.535043,On or near CHANCELLOR ROAD,E01015852,Southend-on-Sea 015B,Unable to prosecute suspect
be2260ea278d1545ca937b637c9c0a534c892f64cc4a4ecc66b043bf562742c5,2018-12,Essex Police,Essex Police,1.270006,51.848342,On or near Supermarket,E01022056,Tendring 006E,Local resolution
a2e661dc12bc2927f87927ffb07bc4b69a8410d107858ff224790490c7575a5a,2018-12,Essex Police,Essex Police,0.471763,51.729820,On or near Supermarket,E01033140,Chelmsford 010F,Suspect charged
1d2b04acca93f773bccc64bfd1596e17a1db5c972f27fd832743d52d9b6eb53e,2018-12,Essex Police,Essex Police,0.771709,51.535921,On or near GOLDMER CLOSE,E01015916,Southend-on-Sea 017C,Unable to prosecute suspect
8cae167d6baf5f7674b3ba01f1c0680252f713d8f09a3bb792ab7ae70d282273,2018-12,Essex Police,Essex Police,0.079840,51.614520,On or near HAINAULT GROVE,E01021767,Epping Forest 017D,Unable to prosecute suspect
42e39ca043918c4a8edba1f7c6b5b55e1865f9836792ca114d2f875ef5acb793,2018-12,Essex Police,Essex Police,0.101550,51.696074,On or near LOWER BURY LANE,E01021763,Epping Forest 005D,Unable to prosecute suspect
c135ce17dbaf1cb4abef723c05ba47c0e16b8f6b9e84b4afc33d717c1e5c8faf,2018-12,Essex Police,Essex Police,0.714369,51.547048,On or near GAYTON ROAD,E01015897,Southend-on-Sea 010C,Local resolution
55d946aff61452fa27e9f1d056e4bc960598c865ce9e306e0273511f6ed022e2,2018-12,Essex Police,Essex Police,0.484476,51.559536,On or near POLSTEADS,E01021325,Basildon 019D,Suspect charged
ee102a73f2e6f27ddeaa5a0a1ebf9e0814c23b89ab8c5d4f65269e28c75ca6f3,2018-12,Essex Police,Essex Police,0.483727,51.559560,On or near STURROCKS,E01021325,Basildon 019D,Suspect charged
67b64160c6a5b607d8321656c6bf7d42f13fe0d1906e4034689c7fbed449fc26,2018-12,Essex Police,Essex Police,1.156340,51.787978,On or near MARINE PARADE EAST,E01022025,Tendring 016B,Suspect charged
35aafdeea674f00198da90b7b392d6ae01da4858605e06377ebbf7b1f8296587,2018-12,Essex Police,Essex Police,0.410579,51.895948,On or near GARDEN FIELDS,E01022088,Uttlesford 008E,Unable to prosecute suspect
7ba8ba131f19c3d46ccdde0992cc9732b19585f26903b741efe4dcc48ec602d3,2018-12,Essex Police,Essex Police,0.410579,51.895948,On or near GARDEN FIELDS,E01022088,Uttlesford 008E,Unable to prosecute suspect
396c80e4d9cd4b0c5e59305884ea81dbd6ff5133540b107128ec5f811b4270d1,2018-12,Essex Police,Essex Police,0.722696,51.536008,On or near OLD SOUTHEND ROAD,E01015841,Southend-on-Sea 014C,Unable to prosecute suspect
381fc3b324ab70212729cde6394dd17330bf5cd6541697f223760b624539ec05,2018-12,Essex Police,Essex Police,1.249412,51.848131,On or near ASHES CLOSE,E01022012,Tendring 008H,Investigation complete; no suspect identified
d9f2bb77d7fcedd5a56c8edc56e39387bfa046db8e676f71039cca76af277582,2018-12,Essex Police,Essex Police,0.235058,51.483472,On or near CASPIAN WAY,E01016014,Thurrock 015E,Local resolution
86cb3683f8827f9161cb345deb08fc0fd9345316105e5793d7382dac514a40ba,2018-12,Essex Police,Essex Police,0.707741,51.586269,On or near ST MARK'S FIELD,E01021953,Rochford 004C,Unable to prosecute suspect
fd3de2c03f0c6adb6633689275d9747d4e06d06e11a029b80656cc90202d5626,2018-12,Essex Police,Essex Police,0.452172,51.543992,On or near PARK GATE ROAD,E01015943,Thurrock 001A,Unable to prosecute suspect
0ea026ba02167316f8db9629ff72b4a13ad14c896af3574089e520c87331855e,2018-12,Essex Police,Essex Police,0.048708,51.619878,On or near HORNBEAM ROAD,E01021744,Epping Forest 015C,Unable to prosecute suspect
7ce83cfb15eeac426de01411c8b624c080b31e5760402518ccffecd549e02a53,2018-12,Essex Police,Essex Police,0.490023,51.577351,On or near CRAYLANDS,E01021270,Basildon 012D,Local resolution
14f04097dbb22857368dbdeabae848ff5edbe197edffc170c1cdf7eff959dc37,2018-12,Essex Police,Essex Police,0.261741,51.889938,On or near Airport/Airfield,E01022090,Uttlesford 006B,Local resolution
e810dd8b1f32349b45e51fc0f915357838df527f0f51ed77a87c5714abd54862,2018-12,Essex Police,Essex Police,1.260356,51.940955,On or near Petrol Station,E01022007,Tendring 002D,Unable to prosecute suspect
f0c4c8777e031b10e0f6fa715e7776ee16d5952d74da38b647f85fe41d687f59,2018-12,Essex Police,Essex Police,0.661122,51.569691,On or near FAIRFIELD GARDENS,E01015833,Southend-on-Sea 001A,Suspect charged
176b209e5bd8f6dd0f629f90f0896b31b68f812a6f89cca17e14b4c373d97198,2018-12,Essex Police,Essex Police,0.661122,51.569691,On or near FAIRFIELD GARDENS,E01015833,Southend-on-Sea 001A,Suspect charged
ba1f057328764cc3e70f737762c40188a9dc955cf0d547726f0b494b0d3e8f6c,2018-12,Essex Police,Essex Police,0.661122,51.569691,On or near FAIRFIELD GARDENS,E01015833,Southend-on-Sea 001A,Suspect charged
e073798c39fff5324fe84e5e548e7eac59f6f3ce41a7bb2da3ee7fb7276dcc8a,2018-12,Essex Police,Essex Police,0.661122,51.569691,On or near FAIRFIELD GARDENS,E01015833,Southend-on-Sea 001A,Suspect charged
0c963f656f2c61380ead1a10ab0641b21f0f657d3864408b4c5b9158e6ad93cf,2018-12,Essex Police,Essex Police,0.661122,51.569691,On or near FAIRFIELD GARDENS,E01015833,Southend-on-Sea 001A,Suspect charged
66fdbfb49bfc27a931a23a64164731de986f3e1815c848f73d9391000d39c56e,2018-12,Essex Police,Essex Police,0.661122,51.569691,On or near FAIRFIELD GARDENS,E01015833,Southend-on-Sea 001A,Suspect charged
b50cb2355bddafc74bbfb6ce581c60e43cc636d38f9ae37721599d0ff538e7ec,2018-12,Essex Police,Essex Police,1.150956,51.798951,On or near OLD ROAD,E01021970,Tendring 016A,Unable to prosecute suspect
e0c7165699aafac4f460d7fa7e34563c8b423f7effb526226b43bc00ea117486,2018-12,Essex Police,Essex Police,0.553014,51.518907,On or near SANDHURST,E01021501,Castle Point 011D,Unable to prosecute suspect
4af5c392d3983b3a2f35b4babc6254df0305840e7079e6d8269b6bc4f5d2ae55,2018-12,Essex Police,Essex Police,0.342393,51.483463,On or near BOSCOMBE AVENUE,E01015967,Thurrock 014B,Unable to prosecute suspect
168545ef611d3f1c1a0d9708f46eda25840a6b326a741f7b42cc0e414c79d83e,2018-12,Essex Police,Essex Police,0.550842,51.878655,On or near Shopping Area,E01021365,Braintree 009D,Suspect charged
7ba0edc99c0c12041f92416003013fb138f4ee9bba4b97bfe93f9bab55ede320,2018-12,Essex Police,Essex Police,0.717404,51.535043,On or near CHANCELLOR ROAD,E01015852,Southend-on-Sea 015B,Unable to prosecute suspect
6e047a671d50c8c9164ea85437f011203ce7101d307b0d2163d1478abcb9d597,2018-12,Essex Police,Essex Police,0.364287,51.481801,On or near KINGSLEY WALK,E01015935,Thurrock 012C,Investigation complete; no suspect identified
4946e06fea383fef79f61367b384b9c071a3e2a90ab37a55b0d3fbdcd36a6250,2018-12,Essex Police,Essex Police,0.493970,51.753857,On or near FORSYTHIA CLOSE,E01021620,Chelmsford 004D,Local resolution
5b5c0ed5443d8ccf11dcceb1aa525e209075d5ab5e43ab7c9b4e62bb601e4ff1,2018-12,Essex Police,Essex Police,0.486875,51.559089,On or near RYEDENE PLACE,E01021311,Basildon 022C,Unable to prosecute suspect
be320852d43eb34c991db50dced9f387ee1e0f5c2525bf364d717f8d9e2fe04b,2018-12,Essex Police,Essex Police,0.299706,51.619123,On or near Parking Area,E01021436,Brentwood 007B,Unable to prosecute suspect
c7cd386de9585f59b7675b67416f514708b9d712366ac3610ac73be69c94f1be,2018-12,Essex Police,Essex Police,0.109687,51.700838,On or near BAKERS LANE,E01021762,Epping Forest 005C,Unable to prosecute suspect
1d9a954b15c519be55db5822bb566140fc367974de0f51041e1d6f827e546a81,2018-12,Essex Police,Essex Police,1.102765,51.773377,On or near ALVIS AVENUE,E01021988,Tendring 018A,Unable to prosecute suspect
1d9a954b15c519be55db5822bb566140fc367974de0f51041e1d6f827e546a81,2018-12,Essex Police,Essex Police,1.102765,51.773377,On or near ALVIS AVENUE,E01021988,Tendring 018A,Unable to prosecute suspect
2755088bd4e46e9d61b5c69599c40665841c20247031f1cdc6eb437d9ea245d8,2018-12,Essex Police,Essex Police,1.146196,51.789968,On or near Supermarket,E01022038,Tendring 017E,Investigation complete; no suspect identified
9388dfe3896b2066461dac3a04ff9d9dc15d16c793c18c1b0df81efbc57579e4,2018-12,Essex Police,Essex Police,1.148499,51.810323,On or near RAYCLIFF AVENUE,E01022044,Tendring 013E,Unable to prosecute suspect
bfd9093fe947c38c893d9f51f6188cd69e754cee51f391208ea70072222620c1,2018-12,Essex Police,Essex Police,1.093192,51.896326,On or near B1035,E01022019,Tendring 003E,Local resolution
02729357c846e19f17c8eada691691a237145a663927621c948fce04d7a7ac29,2018-12,Essex Police,Essex Police,0.469254,51.734540,On or near VICTORIA ROAD SOUTH,E01033141,Chelmsford 010G,Local resolution
6813bd15af546231b72a98c816d9f0f052254089f4f7bf25459eb60e2d7c7a28,2018-12,Essex Police,Essex Police,0.289551,51.509733,On or near ASHDON CLOSE,E01015976,Thurrock 007F,Unable to prosecute suspect
ffcf99851fb3e942b6cceebf7037f2ce9a665dbe783a2caf40aaf8f3857068e0,2018-12,Essex Police,Essex Police,0.289551,51.509733,On or near ASHDON CLOSE,E01015976,Thurrock 007F,Unable to prosecute suspect
1ee4deb61611029cffa2c646e7dd19b1d984f813588ce00a7a6dc39638c6c1d5,2018-12,Essex Police,Essex Police,0.294551,51.617731,On or near Police Station,E01021439,Brentwood 007C,Unable to prosecute suspect
5d1754c9032a391df91adf0c50e7dac9c4ac89b8c273c4384123ce251ba611c8,2018-12,Essex Police,Essex Police,0.284818,51.869853,On or near MORTYMER CLOSE,E01022090,Uttlesford 006B,Local resolution
7083c6d41e2fa3f77d028da1e5c2151158aa12b9d2297196866b513f02be58b4,2018-12,Essex Police,Essex Police,0.457546,51.561272,On or near LINGCROFT,E01021299,Basildon 020E,Unable to prosecute suspect
e6e218fd9074f5c7993a244b2c63f1a0650ff3139d574754f162d0ace4ebf292,2018-12,Essex Police,Essex Police,0.363030,51.462221,On or near Parking Area,E01016010,Thurrock 018H,Suspect charged
e6e218fd9074f5c7993a244b2c63f1a0650ff3139d574754f162d0ace4ebf292,2018-12,Essex Police,Essex Police,0.363030,51.462221,On or near Parking Area,E01016010,Thurrock 018H,Suspect charged
5cd16ca2f2e6d9e2428b89d6b1fd72df94cf55d42ea434d86a27bad994693493,2018-12,Essex Police,Essex Police,0.261741,51.889938,On or near Airport/Airfield,E01022090,Uttlesford 006B,Unable to prosecute suspect
0d09f54baf0bb869aafe3be8932b994fec3b52d3ed53e302918d827296d4cbf8,2018-12,Essex Police,Essex Police,0.557958,51.876280,On or near SOUTH STREET,E01033458,Braintree 009E,Unable to prosecute suspect
c0162f203af5889a184724f40f7c8357fba5057fff44de100bd6b555d899a05e,2018-12,Essex Police,Essex Police,1.261996,51.842215,On or near EASTON WAY,E01021985,Tendring 006A,Unable to prosecute suspect
3bce113761e4dbd5f8268f90fae1631ac9b4f726c34d7f926f8d93aabf9e9556,2018-12,Essex Police,Essex Police,0.322861,51.490264,On or near LISLE PLACE,E01015957,Thurrock 009A,Unable to prosecute suspect
7949887aa6541c8bae3b2e061531184cc14ac5c6cc0b50c66b5849306711f69b,2018-12,Essex Police,Essex Police,1.210300,51.829535,On or near MAIN ROAD,E01022011,Tendring 008G,Unable to prosecute suspect
ccee5425f185030c8a54a50fa609ade898a8149f1a89073bd4fa8c662883f64e,2018-12,Essex Police,Essex Police,0.677916,51.550944,On or near SOUTHBOURNE GROVE,E01015905,Southend-on-Sea 007E,Unable to prosecute suspect
9ac9a8db7376a92da527ffb4a3ea5e00c5d9e8ff0cd5a9e95b855b829203a3cb,2018-12,Essex Police,Essex Police,0.477127,51.723034,On or near Supermarket,E01021583,Chelmsford 015C,Investigation complete; no suspect identified
d8c4a36e32cffb076ec8bcc1247212ca0314738aed16520a778db4bd9777dfcf,2018-12,Essex Police,Essex Police,1.158318,51.802162,On or near BULL HILL ROAD,E01022043,Tendring 014B,Local resolution
38244561ce1fe3bc68a8fbcac315adaee952a3b914028c3de7827c119d6c2bf3,2018-12,Essex Police,Essex Police,0.478234,51.554865,On or near GLENMERE,E01021300,Basildon 022A,Unable to prosecute suspect
da4c9ad023092145d3d0f94ec4215d1070e8ca8d82debce1743bbc091d466479,2018-12,Essex Police,Essex Police,1.135664,51.835679,On or near WEELEY ROAD,E01022017,Tendring 007D,Investigation complete; no suspect identified
f33677060a280efeffb150fd5ccf1eb13f23aea0c14949b6314a272096644059,2018-12,Essex Police,Essex Police,0.299706,51.619123,On or near Parking Area,E01021436,Brentwood 007B,Unable to prosecute suspect
d1494029c7ef4139da73a67bd907b9b7f259124393f372c84dc58a924a310e0d,2018-12,Essex Police,Essex Police,0.080201,51.750211,On or near MILWARDS,E01021864,Harlow 011C,Investigation complete; no suspect identified
f75956bc1ca770e8e1032642eab86c464f798c4fb1bd90e2568fafe3fc750886,2018-12,Essex Police,Essex Police,0.331358,51.476084,On or near CHARLES STREET,E01015962,Thurrock 016E,Suspect charged
1e6f4bfbe86a57b94d4ec8bd843284c413e54ed6c362913e7127e0bca991c7b3,2018-12,Essex Police,Essex Police,0.484554,51.739110,On or near ARBOUR LANE,E01021627,Chelmsford 010E,Suspect charged
1e6f4bfbe86a57b94d4ec8bd843284c413e54ed6c362913e7127e0bca991c7b3,2018-12,Essex Police,Essex Police,0.484554,51.739110,On or near ARBOUR LANE,E01021627,Chelmsford 010E,Suspect charged
24bdf6d719124e0c447c8c21ff044080c1d78f7b4e3ea09a793ba183e57a999c,2018-12,Essex Police,Essex Police,1.279812,51.934568,On or near MARINE PARADE,E01022001,Tendring 001D,Unable to prosecute suspect
24bdf6d719124e0c447c8c21ff044080c1d78f7b4e3ea09a793ba183e57a999c,2018-12,Essex Police,Essex Police,1.279812,51.934568,On or near MARINE PARADE,E01022001,Tendring 001D,Unable to prosecute suspect
448fc5fe008666ff4f81327e5b59136275aa49f6b6498cd8c1878d666a325277,2018-12,Essex Police,Essex Police,0.498588,51.568517,On or near CHEVERS PAWEN,E01021317,Basildon 018E,Suspect charged
8ac0eef3480eb79de435cfbdc1721ad7d0cbaa5f6e08943747f11cf8ba2f7d31,2018-12,Essex Police,Essex Police,0.059143,51.652843,On or near QUEENS ROAD,E01021787,Epping Forest 012B,Investigation complete; no suspect identified
4bd42de38b132a81eb953b757a0b338051e58a0417567a4e4e4d79727829e338,2018-12,Essex Police,Essex Police,0.364455,51.871246,On or near WHITE HART WAY,E01022067,Uttlesford 007B,Unable to prosecute suspect
8fd720ff0d748633a008f7323cf420285d612af537dea8c04dba4185462436d8,2018-12,Essex Police,Essex Police,1.091917,51.941860,On or near STOURVIEW CLOSE,E01022021,Tendring 003G,Unable to prosecute suspect
b1df8797325c3d5459e0d6814783362ad7b9f1b06c7f808bf98d6888cc549e7e,2018-12,Essex Police,Essex Police,0.498588,51.568517,On or near CHEVERS PAWEN,E01021317,Basildon 018E,Suspect charged
0125ac06b58189fb1491a7d95d0590808a0de977931d08b376b9f5ee4602846c,2018-12,Essex Police,Essex Police,0.241740,51.715631,On or near SHELLEY CLOSE,E01021802,Epping Forest 004D,Investigation complete; no suspect identified
d2e8b686c82a2fb6f71fe65da7b7a9e24aee82bc2b5451db5a5bce6e3da1bc33,2018-12,Essex Police,Essex Police,0.356142,51.635720,On or near OAKBANK,E01021450,Brentwood 003C,Local resolution
fbdc9a60a3cbc2597806de3acb40eca980c1975c36c32ffd954f8f73473c5111,2018-12,Essex Police,Essex Police,0.607933,51.587937,On or near CHURCH STREET,E01021964,Rochford 008E,Unable to prosecute suspect
6172aa95f72242f825024f14f5c3f7127e13097317c61ebfb7add77fde2a32fa,2018-12,Essex Police,Essex Police,0.362360,51.493855,On or near FOXES GREEN,E01015937,Thurrock 012E,Unable to prosecute suspect
39bf0577679fdd6977ce172e7fe34352aef4cfa2111696bd41e2933e23beb409,2018-12,Essex Police,Essex Police,0.691952,51.550451,On or near SPRINGFIELD DRIVE,E01015904,Southend-on-Sea 007D,Unable to prosecute suspect
8f50c3446b0e8ab94b0b614ea6c10b0db1d3303580fe140a30219e0eb8237db3,2018-12,Essex Police,Essex Police,0.197207,51.894866,On or near REEVE ROAD,E01022087,Uttlesford 005F,Unable to prosecute suspect
7339986b53ef973270a6b23dc9b833c0ba95e394f85a667ad2a3e3467c2b94e2,2018-12,Essex Police,Essex Police,0.197207,51.894866,On or near REEVE ROAD,E01022087,Uttlesford 005F,Unable to prosecute suspect
0d60022dda2a867c31e4f4e6aaeb1f56c70240e959b4847fce6466f1ebcfbea3,2018-12,Essex Police,Essex Police,0.580690,51.530604,On or near BRADLEY CLOSE,E01021506,Castle Point 008E,Unable to prosecute suspect
261521c34e6338d32ed83f6baf6e318cdc0b0065f6c60487693a1f58e9c314d7,2018-12,Essex Police,Essex Police,-1.427829,52.433845,On or near GIELGUD WAY,E01009580,Coventry 019A,Unable to prosecute suspect
8426a7d7cb0e15e21c37d883285dff74f403ec6df69a90b6c97667d1570b4500,2018-12,Essex Police,Essex Police,0.548875,51.879067,On or near Shopping Area,E01021365,Braintree 009D,Suspect charged
068b3a8a592808b3cfc5442895ac4067365005aa6de530a5aba84ca163a1e689,2018-12,Essex Police,Essex Police,0.275093,51.510248,On or near HUMBER AVENUE,E01015972,Thurrock 006C,Further investigation is not in the public interest
c571cb49e06c4d1affc497af512d3981728f5ea39eebe6ee7c7a3c1d2232dda6,2018-12,Essex Police,Essex Police,0.073776,51.648475,On or near THE CAMPUS,E01021790,Epping Forest 012E,Unable to prosecute suspect
ef717fd66e855a2fdf04e3692f5900c0f9a0a72ee10e4fd46e57407ad9db5b26,2018-12,Essex Police,Essex Police,0.905213,51.877890,On or near SANDRINGHAM DRIVE,E01021642,Colchester 018F,Action to be taken by another organisation
923bdc40fe5140e5566c2f0ec68788f43611e8eed90eec5bb1f74bfd8e1e0ea5,2018-12,Essex Police,Essex Police,0.197207,51.894866,On or near REEVE ROAD,E01022087,Uttlesford 005F,Unable to prosecute suspect
455cb9b8adb1ed186771a8f25fa8c0ef161ced8c164fa290224f88fc54f28ba7,2018-12,Essex Police,Essex Police,0.816465,51.633805,On or near PRINCES ROAD,E01021878,Maldon 008C,Unable to prosecute suspect
236c71631136ff00f9206bcdaa4d1035f95474b901e0fdac500d13208b356fd7,2018-12,Essex Police,Essex Police,0.261741,51.889938,On or near Airport/Airfield,E01022090,Uttlesford 006B,Unable to prosecute suspect
585ae565d602a82d3d14fe2065b174713890089e01962e21519783a67cd5b1b6,2018-12,Essex Police,Essex Police,0.261741,51.889938,On or near Airport/Airfield,E01022090,Uttlesford 006B,Unable to prosecute suspect
0023d66dff4ff3d679c9658286d775de87c6c24d429b4b0b106176dc2155c369,2018-12,Essex Police,Essex Police,0.261741,51.889938,On or near Airport/Airfield,E01022090,Uttlesford 006B,Unable to prosecute suspect
14cc7835c9721d0b57a109567816229165c5feef136d3127b4588781aad25547,2018-12,Essex Police,Essex Police,0.261741,51.889938,On or near Airport/Airfield,E01022090,Uttlesford 006B,Unable to prosecute suspect
a41df28c1e935b5cdc36f4a50f54ce1069305864339a53e70d4fe6608a9dd9be,2018-12,Essex Police,Essex Police,0.816465,51.633805,On or near PRINCES ROAD,E01021878,Maldon 008C,Unable to prosecute suspect
583b1518f757f1c11da78c858581af956c3531d75f64a7486c28c78212ffc725,2018-12,Essex Police,Essex Police,0.472257,51.733569,On or near Shopping Area,E01033141,Chelmsford 010G,Investigation complete; no suspect identified
2f16ff62e5b54189ec5b21562dc3064bc2f8df1544c759c0726d265d4b0184af,2018-12,Essex Police,Essex Police,0.554706,51.879408,On or near Police Station,E01033459,Braintree 009F,Unable to prosecute suspect
667f02c9c82b059a5380d192498dbdec7ec136ec30ed15aa3ffc501ad99fb8b5,2018-12,Essex Police,Essex Police,0.477608,51.733690,On or near Supermarket,E01033141,Chelmsford 010G,Investigation complete; no suspect identified
d53cc9cb6efa718a3cf81a49d7c63c796ce0c97e53f5c033190d2c1a72f8cee3,2018-12,Essex Police,Essex Police,0.471650,51.730928,On or near Pedestrian Subway,E01033140,Chelmsford 010F,Unable to prosecute suspect
7104cb5ce44cd8409eae502b3d34e9017a3172e9c17f2564aca6f41ab011c05b,2018-12,Essex Police,Essex Police,0.810070,51.551602,On or near ST JOHN'S ROAD,E01021923,Rochford 010D,Investigation complete; no suspect identified
59592c6e2e9fb4281c279e0962e963ec802be0fcdb146f98b9a730e61e6444d0,2018-12,Essex Police,Essex Police,0.116643,51.782230,On or near WEST PLACE,E01021845,Harlow 002B,Investigation complete; no suspect identified
41e0b3b64a4735b282f4201b8643bf90e003d52774f663578ff4770352370d96,2018-12,Essex Police,Essex Police,0.262613,51.888213,On or near Parking Area,E01022090,Uttlesford 006B,Unable to prosecute suspect
bb8234416062d68c2de7f457b81609884b6ab975b23fc6113bb1d646e16e3356,2018-12,Essex Police,Essex Police,0.652878,51.549543,On or near ST CLEMENT'S AVENUE,E01015815,Southend-on-Sea 003B,Suspect charged
85bb548aa4ed1cbc4c936361c115d387acb6a5824d5d6208005e78ae9f944a8e,2018-12,Essex Police,Essex Police,0.027258,51.692173,On or near AMESBURY,E01021814,Epping Forest 007C,Unable to prosecute suspect
7eb8848edbd45147f3ef288fb8840cc3866acd5b05a45f0cbfd255d3a610ea55,2018-12,Essex Police,Essex Police,0.611022,51.836686,On or near Parking Area,E01021380,Braintree 012E,Suspect charged
df0ccdd2f6c6b5faf49da86d470224ba46c9c9b0b2544f425a3e6350a5fe7dd7,2018-12,Essex Police,Essex Police,0.682961,51.873413,On or near ROBINSBRIDGE ROAD,E01021378,Braintree 014B,Unable to prosecute suspect
085ca0853bb31538dd07cf5200056a34755b1b61403e89fb199e42c3d22a3171,2018-12,Essex Police,Essex Police,0.482656,51.747828,On or near HUMBER ROAD,E01021622,Chelmsford 007C,Unable to prosecute suspect
ff871178f0396a3330814fd33cb30b71b8ea57948017a77ac2854d6d7ae19e37,2018-12,Essex Police,Essex Police,0.251308,51.478854,On or near LINDEN CLOSE,E01016012,Thurrock 015C,Unable to prosecute suspect
9e251dfa3b51a7c36e687a1c40c320c6aa5c92f9e69b8ba43e0d1251734fd340,2018-12,Essex Police,Essex Police,0.413813,51.857573,On or near TYLER AVENUE,E01033053,Uttlesford 008G,Unable to prosecute suspect
3774a1f85b2e1714f79998ec94db9e8adaa15fab35e70d3251ffe16bb676bcd4,2018-12,Essex Police,Essex Police,0.613396,51.650877,On or near MITCHELL WAY,E01021611,Chelmsford 019A,Investigation complete; no suspect identified
2b400ed530ae3d219981d72e6c2842572c8829b8ac6879fad1d338f71b19faad,2018-12,Essex Police,Essex Police,0.470667,51.754862,On or near SKERRY RISE,E01021588,Chelmsford 006B,Unable to prosecute suspect
7d2a6cc6973c3429d4dc5bbe6953834570e447766665a5bd3e09787ba3ca53be,2018-12,Essex Police,Essex Police,0.645360,51.815486,On or near LIME CLOSE,E01021419,Braintree 015D,Suspect charged
7b54ba7c24f55950a6e95379875321f1efdd9ff3c3de2b5fc54943e2d6a8412c,2018-12,Essex Police,Essex Police,0.710811,51.534764,On or near CLIFTON MEWS,E01015852,Southend-on-Sea 015B,Suspect charged
a1985298125f4fe3fcff638cf5ebabf897f74f1921178316ceb6d86e41a479f6,2018-12,Essex Police,Essex Police,0.339964,51.476254,On or near ST MARYS CLOSE,E01015969,Thurrock 014D,Unable to prosecute suspect
72714777c7b9a74869bbd7086ff7e833289bf5bf2b809f8031dbb95fd96834b9,2018-12,Essex Police,Essex Police,0.197207,51.894866,On or near REEVE ROAD,E01022087,Uttlesford 005F,Action to be taken by another organisation
cb156d6a9fa79fe8dc3ddf593ef2160bebe30a8cb1fbe17c477a21ca7bdde828,2018-12,Essex Police,Essex Police,0.339964,51.476254,On or near ST MARYS CLOSE,E01015969,Thurrock 014D,Unable to prosecute suspect
a72e81c6da38e9661886807a307a583032f95f64d97eda772d35488ea24f65c9,2018-12,Essex Police,Essex Police,0.570407,52.049464,On or near ASHEN ROAD,E01021406,Braintree 002B,Unable to prosecute suspect
9c821287196761b7587aa333ec759d6df127d04d94926b417700c7190c926a0d,2018-12,Essex Police,Essex Police,0.716140,51.539731,On or near WARRIOR SQUARE EAST,E01015852,Southend-on-Sea 015B,Investigation complete; no suspect identified
c6ad0ae622b66be1d1c6742887258847c7eb873d0ed11f90899f4e2845198102,2018-12,Essex Police,Essex Police,0.570407,52.049464,On or near ASHEN ROAD,E01021406,Braintree 002B,Unable to prosecute suspect
113c2aff9d172c69cfb876825a73fbdaa25adf941e9979b6faaa2514c9202601,2018-12,Essex Police,Essex Police,0.645360,51.815486,On or near LIME CLOSE,E01021419,Braintree 015D,Suspect charged
2911bbad6607f0817703462a51d266151047af0eb855e313cd3a6eb63ee43989,2018-12,Essex Police,Essex Police,0.482656,51.747828,On or near HUMBER ROAD,E01021622,Chelmsford 007C,Suspect charged
8c8dd0d5c6801a2af5a7f5fb8c63978891b044a9f998f0c1aa1c3287657326c9,2018-12,Essex Police,Essex Police,0.635468,51.942961,On or near THE CAUSEWAY,E01021387,Braintree 004A,Investigation complete; no suspect identified
deff215f2b769722007be8760a1877f7749971d17ed5ac95aa4f72f55c066b2e,2018-12,Essex Police,Essex Police,1.125869,51.799504,On or near LAVENHAM CLOSE,E01022030,Tendring 015C,Unable to prosecute suspect
acafba21912b44da787579b64179f6fdddcc77e4f530076c772fb9c7e0658b57,2018-12,Essex Police,Essex Police,0.622747,51.794391,On or near DEFORD ROAD,E01021423,Braintree 016A,Unable to prosecute suspect
9ba9db4aea24205ded8ba56fecc47b33558c1f4152d51d21c00861723a6102e9,2018-12,Essex Police,Essex Police,0.253461,51.507617,On or near TEVIOT AVENUE,E01015924,Thurrock 008C,Action to be taken by another organisation
1a36e183d11c462ab1f8912a8baad77677ef36242e703789c10a29449fc00a9a,2018-12,Essex Police,Essex Police,0.617174,51.648455,On or near FOULGAR CLOSE,E01021612,Chelmsford 019B,Investigation complete; no suspect identified
3b8baeb6a45dd45caf71586663bde853eec62287e7a234e2560e7a6b1b6b7633,2018-12,Essex Police,Essex Police,1.034405,51.812002,On or near KIRKHURST CLOSE,E01021981,Tendring 011C,Unable to prosecute suspect
79b9cafb1c257b8fc7d05c0660013ec7294f5cb2600ffef14e546f37306b0401,2018-12,Essex Police,Essex Police,0.717404,51.535043,On or near CHANCELLOR ROAD,E01015852,Southend-on-Sea 015B,Unable to prosecute suspect
7babb5af5b1d8713d4d75045ffb674ff9834cb926ba66c06c74a0b7e16752724,2018-12,Essex Police,Essex Police,1.076904,51.798782,On or near CHURCH SQUARE,E01022047,Tendring 018E,Unable to prosecute suspect
7a8b5ae5cc314ba845b7497ba392a3e01ba5511f32016809723e39dc6780d722,2018-12,Essex Police,Essex Police,0.613396,51.650877,On or near MITCHELL WAY,E01021611,Chelmsford 019A,Investigation complete; no suspect identified
8991c5a0722e2656a4188e8ab629ad114c5414691e171828a9295d60190c6cf2,2018-12,Essex Police,Essex Police,0.587013,51.575989,On or near GOLDFINCH LANE,E01021528,Castle Point 002D,Unable to prosecute suspect
4b59e81afc1a66f1ae4056cc8415df795dbac28518662efa14c9bee1a179747a,2018-12,Essex Police,Essex Police,0.694713,51.566406,On or near VICKERS ROAD,E01015865,Southend-on-Sea 002C,Unable to prosecute suspect
139e2b5e78740c050058e10a3c96e8781a9d0694264c1b45fcfe308926156201,2018-12,Essex Police,Essex Police,0.284143,51.486609,On or near Shopping Area,E01016011,Thurrock 015B,Unable to prosecute suspect
48436e69ec4ea3c4033ccdc4c76df544699abc5c789942f7fea546b126b30757,2018-12,Essex Police,Essex Police,0.093567,51.769182,On or near Shopping Area,E01021872,Harlow 007E,Local resolution
09cc6dadbaadcb829fe3f0180e218d304d72d8f085c47e43051c581f03061890,2018-12,Essex Police,Essex Police,0.969822,51.903509,On or near BROMLEY ROAD,E01021972,Tendring 005B,Unable to prosecute suspect
2058691979bd3b7bef6c847dd3259f396bdfb42ba1ae99b7583d71bd76656839,2018-12,Essex Police,Essex Police,1.141178,51.823551,On or near Sports/Recreation Area,E01022016,Tendring 007C,Investigation complete; no suspect identified
ff433217387d2427c26bd3521655ca3168bf65215e439bb6a1808a6a3fa1fb44,2018-12,Essex Police,Essex Police,0.500720,51.569758,On or near Pedestrian Subway,E01021305,Basildon 013D,Unable to prosecute suspect
0a602e9896999bb5c05d5c70eb039753106366e9299267e83715180857573dda,2018-12,Essex Police,Essex Police,0.893600,51.887800,On or near Pedestrian Subway,E01021649,Colchester 007D,Local resolution
5d019577fcbfc18c70e98a317f1fa412f935ae7ce01cb7ac22bf650a5b5c2efb,2018-12,Essex Police,Essex Police,0.256580,51.501622,On or near MARTIN ROAD,E01015923,Thurrock 008B,Unable to prosecute suspect
8128d18cb6cf2a79db0be71fbd6db409e2ab443687e22de32a05d42bd8bd73b6,2018-12,Essex Police,Essex Police,0.680115,51.553502,On or near PRITTLEWELL CHASE,E01015822,Southend-on-Sea 005C,Investigation complete; no suspect identified
78bc10b85df7dcc2621dffed0f7ae7d10c0ff8b956b48ead87c9306c51587176,2018-12,Essex Police,Essex Police,1.087300,51.775566,On or near Seawick Holiday Park,E01022045,Tendring 018D,Unable to prosecute suspect
6b65401ad9299754c698b93925b7d2bd7c277e60be6822af66bd03c6b63695c0,2018-12,Essex Police,Essex Police,0.551052,51.888004,On or near WENTWORTH CRESCENT,E01021357,Braintree 008B,Unable to prosecute suspect
42c35942db56151c7bd90e1cd68a4763eead916406eeac41baa9cc208303a99a,2018-12,Essex Police,Essex Police,0.563945,51.885223,On or near NORTHUMBERLAND CLOSE,E01021350,Braintree 009A,Investigation complete; no suspect identified
9e56354e1a6f1b202a881f7c09c357f01e5de0c8643e2d199b888a7bdc3838b3,2018-12,Essex Police,Essex Police,,,No location,,,Unable to prosecute suspect
58ccbe6dcef7e64e01de9701033320184259ad82e526514a64796dba1a647222,2018-12,Essex Police,Essex Police,0.456169,51.571868,On or near Pedestrian Subway,E01021318,Basildon 015C,Investigation complete; no suspect identified
73335e4d19e3c188a138a083146403da875b39698bd61569f11c9117d67d6c43,2018-12,Essex Police,Essex Police,0.923286,51.913201,On or near DERWENT ROAD,E01021669,Colchester 002B,Unable to prosecute suspect
93318cacc9fb8c20dae93da65d09591783f4555d564f0c4e0750636946abf370,2018-12,Essex Police,Essex Police,0.895082,51.888923,On or near CHURCH STREET,E01021649,Colchester 007D,Suspect charged
3f95a598a4f0256637e89c7f5f18d0b100431d40a55f67a2b602ae1b48a0b3a9,2018-12,Essex Police,Essex Police,0.459410,51.568814,On or near SOUTHERNHAY,E01021318,Basildon 015C,Local resolution
2f963915dc47863ff4272cef446d73689c975ad3c58cee0177ad2797dd5ebad7,2018-12,Essex Police,Essex Police,0.274226,51.509330,On or near LOMAN PATH,E01015928,Thurrock 007B,Unable to prosecute suspect
f19ce96c179f9e9c0af0bd2ff81146eab93a3a0c08e6bcc7ff0b0d014964b8b2,2018-12,Essex Police,Essex Police,0.944599,51.892227,On or near HEATLEY WAY,E01021705,Colchester 022G,Unable to prosecute suspect
fe5b6f096b76be08a7db83f17b9978f88ae6816239d7b076635ae126ce41ead3,2018-12,Essex Police,Essex Police,0.686001,51.556937,On or near ROCHESTER MEWS,E01015859,Southend-on-Sea 004C,Unable to prosecute suspect
b98ee261fef571dfbd5c25b54c33974b0dba0612b51061cb7b9146427261e8f9,2018-12,Essex Police,Essex Police,0.323432,51.476835,On or near Shopping Area,E01015954,Thurrock 017D,Suspect charged
9fbafaffc7c9c43baea0a3eb0e2a2f7e42ab1b6038d219b8b52a00ffa455a6f2,2018-12,Essex Police,Essex Police,0.132511,51.766089,On or near Supermarket,E01021827,Harlow 005D,Unable to prosecute suspect
18b5d6f1e892bf338bed6842431e51dc32972c89251c75a828a6b8c181d6d89f,2018-12,Essex Police,Essex Police,0.276108,51.838332,On or near BOXLEY LANE,E01022059,Uttlesford 009A,Unable to prosecute suspect
9e189c2de8a3ac14dbf1ddb2f2990aab555314783ea716966017f83d1d2a71e9,2018-12,Essex Police,Essex Police,0.473830,51.736629,On or near Chelmsford Police Station,E01033141,Chelmsford 010G,Investigation complete; no suspect identified
ab76a10a5f1931b62cb0eaf0e96a9085f9041219d68cb30b8d936a8ac5e24b59,2018-12,Essex Police,Essex Police,,,No location,,,Investigation complete; no suspect identified
b6234bafd276d3ab551beb67910fb25120ee6777385e720e8a1d0bd2c9cb2fad,2018-12,Essex Police,Essex Police,0.362233,51.460456,On or near SYDNEY ROAD,E01016004,Thurrock 018B,Investigation complete; no suspect identified
e4d26d7f6ca2bad5fd5cbec4da4c018f22ca0a6747c7f9bf04e60a7cab4fdc94,2018-12,Essex Police,Essex Police,0.125834,51.706302,On or near THE PLAIN,E01021761,Epping Forest 005B,Unable to prosecute suspect
08b9c0e96840eb10d3d56d27a179472521a7d3277c508a5f911d128c0bd2e7db,2018-12,Essex Police,Essex Police,1.093192,51.896326,On or near B1035,E01022019,Tendring 003E,Unable to prosecute suspect
30dc070afd5668a027fda452aabd737e4a63cb4e7b5e6e379d4052b5d6ce5cf9,2018-12,Essex Police,Essex Police,0.648260,51.558695,On or near Supermarket,E01015819,Southend-on-Sea 003F,Unable to prosecute suspect
c38b0f06260bf02631d3693289d20d9d308b892310f540acfaf7b83dbf50cac8,2018-12,Essex Police,Essex Police,0.712497,51.540310,On or near Bus/Coach Station,E01015895,Southend-on-Sea 010A,Unable to prosecute suspect
cefdb4cd1f5c033aab8e4131d3290f37124f1529e2294d1ce9cd17dcc09ab863,2018-12,Essex Police,Essex Police,0.253950,51.689552,On or near BRENTWOOD ROAD,E01021443,Brentwood 001C,Unable to prosecute suspect
106a763a76a5b978b6a25929f0da740be10ed29601b332ec7a469f697d6520de,2018-12,Essex Police,Essex Police,0.944648,51.890750,On or near HAMLET DRIVE,E01021696,Colchester 008A,Unable to prosecute suspect
540ac5204598af3eb55f38f422714d2cadddd7f97ff81702e830cd3d609d9b2e,2018-12,Essex Police,Essex Police,0.517936,51.601594,On or near HALSTEAD COURT,E01021342,Basildon 008B,Suspect charged
36badd9fb66b829338cee7836a934ba4bf382b3b0ffe0d188eb1d7964ca13bad,2018-12,Essex Police,Essex Police,0.301804,51.622040,On or near William Hunter Way,E01021433,Brentwood 007A,Investigation complete; no suspect identified
634d2c512258b21de2c79bc343b09f26bf2c0e77d479d5fd5782984efd20d9be,2018-12,Essex Police,Essex Police,1.263256,51.932600,On or near ELIZABETH ROAD,E01022006,Tendring 002C,Investigation complete; no suspect identified
b479cc28901ed9e7c7503d73b61315211ecd244900052f909cf0db0686fb9817,2018-12,Essex Police,Essex Police,0.903575,51.888768,On or near Theme/Adventure Park,E01021648,Colchester 007C,Investigation complete; no suspect identified
9da32f9355a7b36be0c16bc672c37353add7601e9ac0d1249e57b9b1a7c9725a,2018-12,Essex Police,Essex Police,1.263256,51.932600,On or near ELIZABETH ROAD,E01022006,Tendring 002C,Investigation complete; no suspect identified
afc60a1dfadda3aca21097463409d087744a4316d8e09c59cf17b4905d69adae,2018-12,Essex Police,Essex Police,0.205160,51.812643,On or near POND LANE,E01022070,Uttlesford 009C,Unable to prosecute suspect
6d62e1b8ccf24b0dbf7943c07ebfcf516bd9ddd69c7019a4703a6dd5e0f9f7cf,2018-12,Essex Police,Essex Police,0.305909,51.509736,On or near BUCKLES LANE,E01015932,Thurrock 006A,Investigation complete; no suspect identified
42c8396998185a43df69a88db824e556785cc44530a4a073ed945ff45f2ff0ad,2018-12,Essex Police,Essex Police,0.656554,51.687492,On or near CALLOWOOD CROFT,E01021903,Maldon 007G,Unable to prosecute suspect
01989d0e789435de5467b3758a34f91aa76b6f80d7e9715436994fabbc5f765f,2018-12,Essex Police,Essex Police,0.496745,51.747673,On or near Supermarket,E01021625,Chelmsford 007D,Suspect charged
e2a07dfd6bc815edfebc9dbc799895a6c669292a2501786806dc467e77145d4f,2018-12,Essex Police,Essex Police,0.487746,51.782173,On or near Parking Area,E01021540,Chelmsford 001C,Unable to prosecute suspect
ec7602ce12aaa63825c733fb2492b0766189371e76bc502e2af73104e08ffda7,2018-12,Essex Police,Essex Police,0.887497,51.867201,On or near ILEX CLOSE,E01033723,Colchester 015G,Unable to prosecute suspect
270d718b2ae3dce2f671bb090978641c7b8446e85fa2e7a4a42c6dd29a8a45ac,2018-12,Essex Police,Essex Police,0.570999,51.524962,On or near SUFFOLK WAY,E01021508,Castle Point 010F,Investigation complete; no suspect identified
5eff68c5cd549ab78c9e2fb7699ecb6ea79f688c1e19ba819e65f9e337364ec4,2018-12,Essex Police,Essex Police,0.321708,51.613744,On or near CHERRY AVENUE,E01021435,Brentwood 008A,Unable to prosecute suspect
88e1ee5ad1fd8b67af5beb13a3fae8a7677d30adc752d5ec65ec1b3b204e1e8a,2018-12,Essex Police,Essex Police,0.032408,51.689890,On or near PRINCESFIELD ROAD,E01021815,Epping Forest 007D,Unable to prosecute suspect
b5b27fd70341a75d935f276876ae064e6c7e6182a07b5ce307c0bdeff6650b8c,2018-12,Essex Police,Essex Police,0.092759,51.771138,On or near Nightclub,E01021872,Harlow 007E,Suspect charged
69a15a360e7b774b1bc85e4f73f97c1521a310285b5e4970cfd8b4f0da157610,2018-12,Essex Police,Essex Police,0.693292,51.547003,On or near HAINAULT AVENUE,E01015906,Southend-on-Sea 007F,Unable to prosecute suspect
a4b1916f473781667c7a910cbb0b884f9863088ac6fbabe2051bb6fec1050195,2018-12,Essex Police,Essex Police,0.647769,51.561422,On or near WOODCUTTERS AVENUE,E01015817,Southend-on-Sea 003D,Unable to prosecute suspect
8f64f2f11df60114e2606b1d4bbc6fe648f5961c2da7949b62103f78b59ace83,2018-12,Essex Police,Essex Police,0.265807,51.602741,On or near NAG'S HEAD LANE,E01021473,Brentwood 008D,Unable to prosecute suspect
4d8fffda4229c5107943bdfd42a9055607ce37c95badebab039800123ebe8329,2018-12,Essex Police,Essex Police,0.739689,51.550722,On or near LINCOLN CLOSE,E01015886,Southend-on-Sea 009D,Unable to prosecute suspect
073781258a0e34153e627ba57ee355a32933de1ba60dd1d02ce84d985b53b1c3,2018-12,Essex Police,Essex Police,0.570999,51.524962,On or near SUFFOLK WAY,E01021508,Castle Point 010F,Investigation complete; no suspect identified
2a5832f269e3056216cedc04174dc4c66392398aec997fe8ac28f0ac60957432,2018-12,Essex Police,Essex Police,0.125744,51.763946,On or near SECOND AVENUE,E01021846,Harlow 002C,Suspect charged
46dc682961e55b1212e60d20f813748e8b9934ce1a3485bc3c4bcf8b7e0c3cf1,2018-12,Essex Police,Essex Police,0.247780,51.867914,On or near WESTWOOD MEWS,E01022090,Uttlesford 006B,Unable to prosecute suspect
76c26943e632d9721af08dc84c1ea00efaecc169f61e73b5117d07d915e21747,2018-12,Essex Police,Essex Police,0.661580,51.548617,On or near CLOVA ROAD,E01015821,Southend-on-Sea 005B,Unable to prosecute suspect
b1c658bcb17ce0df903986a6e3bedcfae7ad6fda0175e0eff14d8d2e1804f23a,2018-12,Essex Police,Essex Police,0.633780,51.935759,On or near PARKER WAY,E01021391,Braintree 004C,Unable to prosecute suspect
d1a96012954c2281836df9b49d50f7f4ee437e349455be17e54920b43e2a6402,2018-12,Essex Police,Essex Police,0.690564,51.560655,On or near CRANSTON AVENUE,E01015868,Southend-on-Sea 002F,Unable to prosecute suspect
aba6c8005d0709e46c0b33dd9e4e0e939274222d02c790a13349822a18b4d0a6,2018-12,Essex Police,Essex Police,0.561894,51.544587,On or near HIGH STREET,E01021480,Castle Point 007A,Investigation complete; no suspect identified
d00fbd5fa1e0c16d3ec7593743af4341b4b7bbe10795194f0168c4b3b7f6f2e4,2018-12,Essex Police,Essex Police,0.724923,51.532971,On or near Supermarket,E01015842,Southend-on-Sea 014D,Offender given a caution
41022478224422994d8161a55a8a2d91d0066fdc2d693fab0a684bdf96007b91,2018-12,Essex Police,Essex Police,0.691952,51.550451,On or near SPRINGFIELD DRIVE,E01015904,Southend-on-Sea 007D,Unable to prosecute suspect
031e2641941ae302fde15c970be72b34ce757b22f915cc39fc22eb60dab02745,2018-12,Essex Police,Essex Police,0.902217,51.858682,On or near LETHE GROVE,E01021639,Colchester 018C,Unable to prosecute suspect
c7a1c3a04d8034f7b2006b2c89181760a4fd0dc5fe46bb9ea0fc91af0cf0b0fc,2018-12,Essex Police,Essex Police,0.699071,51.596596,On or near VAUGHAN CLOSE,E01021931,Rochford 002E,Further investigation is not in the public interest
8e10e9b1aa8521a7c0bb0f24306a4e4c99401142c4b6d94bfa7a9c90f26cf706,2018-12,Essex Police,Essex Police,0.782030,51.528994,On or near LINTON ROAD,E01015920,Southend-on-Sea 017G,Action to be taken by another organisation
728e704abdc44d1598eae3b8fbfec0c6b621cc84ae6b584d9c46e286cf984002,2018-12,Essex Police,Essex Police,0.322634,51.492022,On or near ALBEMARLE CLOSE,E01015957,Thurrock 009A,Unable to prosecute suspect
b6e3d10a82cd80f0c8de78ad90e41db32da998cdab814fdf58170d083d24d1cd,2018-12,Essex Police,Essex Police,0.121149,51.771349,On or near MOMPLES ROAD,E01021847,Harlow 002D,Unable to prosecute suspect
1ecf682741fbcbc3c7b4743be0f15cbb8eece756e269dec2f2c9dd01d4e010ec,2018-12,Essex Police,Essex Police,0.121149,51.771349,On or near MOMPLES ROAD,E01021847,Harlow 002D,Unable to prosecute suspect
39bd6532680be5c92eb810890b5a8a1519f0a09eedd433b031c0a2f05ad1c114,2018-12,Essex Police,Essex Police,0.448784,51.525473,On or near SPRINGHOUSE ROAD,E01015987,Thurrock 002C,Investigation complete; no suspect identified
982fb45ffc7ac29c76a86681a961bc5676bdb49ec86c32981e738a16be261388,2018-12,Essex Police,Essex Police,0.782030,51.528994,On or near LINTON ROAD,E01015920,Southend-on-Sea 017G,Action to be taken by another organisation
057e0a50ab0b6bfaf0e54a249972ecaf558c90495802c1ba4b39929b59dd5779,2018-12,Essex Police,Essex Police,0.082125,51.646763,On or near Petrol Station,E01021776,Epping Forest 011C,Unable to prosecute suspect
50f3b419d64139a38cf5e260ca93ea375ac172820c22c70264e7e613abd50276,2018-12,Essex Police,Essex Police,0.464005,51.715261,On or near LONGSTOMPS AVENUE,E01021584,Chelmsford 012E,Unable to prosecute suspect
ff1c92f938ab5769a775c58748035039213f1c9979ade47ddcb2d471a1c2349e,2018-12,Essex Police,Essex Police,1.179582,51.802731,On or near HOLLAND ROAD,E01022034,Tendring 012C,Unable to prosecute suspect
db1e71d0d370a11cc8ac59600652e53d7aff56f6b5f28164a37de1ee3440aa10,2018-12,Essex Police,Essex Police,0.456896,51.738199,On or near RAINSFORD AVENUE,E01021575,Chelmsford 009B,Unable to prosecute suspect
c5c19c32a34df4134c7c55688884bbd8de65a7582b97bc487b89f5df9ceea9dd,2018-12,Essex Police,Essex Police,1.244191,51.929511,On or near ABDY AVENUE,E01033051,Tendring 002F,Unable to prosecute suspect
6ec57fc40d6abd61fd62ecb342aa31d98bc117834b78a0f769b752977a8af876,2018-12,Essex Police,Essex Police,1.154230,51.798063,On or near OXFORD CRESCENT,E01022043,Tendring 014B,Action to be taken by another organisation
174c03e46d8f7b80676f1dd7b5caa42f22d2449685d5c3a2d93795bda52bf5c9,2018-12,Essex Police,Essex Police,0.691150,51.544444,On or near Supermarket,E01015902,Southend-on-Sea 007B,Unable to prosecute suspect
2ec9acc623ea14fabad6c48da43ddd0a6790d375f7107db04e07d711cddd74cd,2018-12,Essex Police,Essex Police,1.153340,51.787393,On or near Nightclub,E01022025,Tendring 016B,Investigation complete; no suspect identified
99aabe9b10716e4939d95c9a13dc8ffc5ec0694310df6170ff8f19b59bcfcf67,2018-12,Essex Police,Essex Police,1.153340,51.787393,On or near Nightclub,E01022025,Tendring 016B,Investigation complete; no suspect identified
d01148c08486f60195644414f86a365c1e04d9129625e56f1cdc748e1718abb9,2018-12,Essex Police,Essex Police,0.927614,51.918696,On or near SMEATON CLOSE,E01033720,Colchester 002F,Investigation complete; no suspect identified
51f060716890693f4bfc05918aa430c12462c561a7b02a75b6c043212237990a,2018-12,Essex Police,Essex Police,1.150956,51.798951,On or near OLD ROAD,E01021970,Tendring 016A,Unable to prosecute suspect
a3ed401c757d19a621b9ba04c160566b5723f6573021bd1f700ef04c1b8b0316,2018-12,Essex Police,Essex Police,0.471420,51.732822,On or near BELLMEAD,E01033141,Chelmsford 010G,Unable to prosecute suspect
5524ab429e3e44a1399a407f6f36b36b8eb2f80c2d928d6c0ce62c910f337b99,2018-12,Essex Police,Essex Police,0.459726,51.743634,On or near DIXON AVENUE,E01021573,Chelmsford 009A,Local resolution
27a036db77ccb63185073fc90fe38541f4f08ac51fd77b1d1c5ac355717b96f9,2018-12,Essex Police,Essex Police,0.703294,51.544911,On or near CHELMSFORD AVENUE,E01015899,Southend-on-Sea 010E,Unable to prosecute suspect
7ab9d17441d7ae40f18b3f08f566a674f359cf5de06e788cbef885fb7bcc338b,2018-12,Essex Police,Essex Police,0.896245,51.888706,On or near HEAD STREET,E01021649,Colchester 007D,Unable to prosecute suspect
25387da2b07d6fef024dfd93e3e115c8f33c1aac23ea59d735954705dd7fa2a8,2018-12,Essex Police,Essex Police,0.745606,51.549576,On or near ELDBERT CLOSE,E01015886,Southend-on-Sea 009D,Suspect charged
c562a5438956a576709a658acfdef06980a8681f5b9e6094d75acba3215f4d5e,2018-12,Essex Police,Essex Police,0.745606,51.549576,On or near ELDBERT CLOSE,E01015886,Southend-on-Sea 009D,Unable to prosecute suspect
105b8f80fb5ffe522ed4b4faa9796f159fe8a9a297abca93dc203fdf0d322179,2018-12,Essex Police,Essex Police,0.572081,51.624396,On or near MALTINGS ROAD,E01021594,Chelmsford 021B,Unable to prosecute suspect
b70debaea3ca0a46a9e0ad2e08b5eea527df3f2f8378c35856a3496d6d2c1a2f,2018-12,Essex Police,Essex Police,0.213069,51.855614,On or near THE STREET,E01022059,Uttlesford 009A,Investigation complete; no suspect identified
1b009dc1038f941a6fc0aeb8771abcfdae4dea90ee3dbc263340d4c3db9e33a0,2018-12,Essex Police,Essex Police,0.219319,51.883175,On or near Bus/Coach Station,E01022086,Uttlesford 006A,Unable to prosecute suspect
bbffc95379eae4eb7ca28ac90670e29bde626c57086a442e221ec15ea88813c5,2018-12,Essex Police,Essex Police,0.441386,51.572311,On or near GREAT KNIGHTLEYS,E01021291,Basildon 016E,Unable to prosecute suspect
3e4b482e8a7c6be653e65efe90d75879de76e4a6e2f9d5cd4833888bc6ad3ee4,2018-12,Essex Police,Essex Police,0.605681,51.583904,On or near Supermarket,E01021966,Rochford 008F,Investigation complete; no suspect identified
7a0223d2bc66a124ef4177282a920c801936c573acc2bcad3de762019071bb6b,2018-12,Essex Police,Essex Police,0.474190,51.732359,On or near Shopping Area,E01033140,Chelmsford 010F,Investigation complete; no suspect identified
243f3396becc4af10e1122ced56cb8fa38687079c14005b874476f77db0d7bec,2018-12,Essex Police,Essex Police,0.246779,51.698421,On or near LONG FIELDS,E01021754,Epping Forest 004B,Unable to prosecute suspect
d130ca1dfd5f8e999bdfa6db5e892087816f8bfdd423a3dcfd59a6ab891b9352,2018-12,Essex Police,Essex Police,0.490180,51.717362,On or near Sports/Recreation Area,E01033145,Chelmsford 014G,Unable to prosecute suspect
752974e37cfad188ba8797ce9993222a59101af122107146995ad70aef1f3f77,2018-12,Essex Police,Essex Police,0.576805,51.519519,On or near MATLOCK ROAD,E01021502,Castle Point 011E,Unable to prosecute suspect
5eccfa538282bd176f03ab61075c462fe39581ddb2c3e703c5eb2e931046460c,2018-12,Essex Police,Essex Police,0.096141,51.747797,On or near PARINGDON ROAD,E01021859,Harlow 010C,Unable to prosecute suspect
5a8558815d434bed54a5d8f537f6921761a7122327ab9065851d486aa94282f1,2018-12,Essex Police,Essex Police,0.510701,51.615203,On or near RIVERSIDE WALK,E01021333,Basildon 006E,Unable to prosecute suspect
0d5d7d5745de479b20e36dcb978c0bc44d5d74d77150a6098c45acb4d49b8622,2018-12,Essex Police,Essex Police,0.438719,51.608475,On or near HOMEFIELD CLOSE,E01021257,Basildon 009B,Unable to prosecute suspect
25e9303abb4af8bacc70530e5f41b0df6376b5cf30cc000bb29a1c5e7bfbad1d,2018-12,Essex Police,Essex Police,0.609936,51.558142,On or near Sports/Recreation Area,E01021530,Castle Point 005C,Suspect charged
e78cd1ab64c20104b69f8779edebb2699a3f5da10c5be36bcbe37edaeafd16ba,2018-12,Essex Police,Essex Police,0.513283,51.582970,On or near CHARLESTON COURT,E01021309,Basildon 011E,Unable to prosecute suspect
c67408d415712ae057f27681f70c2e937c1d65a438c9f97e6191d09b228ac575,2018-12,Essex Police,Essex Police,0.899183,51.910173,On or near Hospital,E01021682,Colchester 004D,Unable to prosecute suspect
e6e36edbef0c6fc904e52f8bc685bb349806f50a521d41115338d7187724d832,2018-12,Essex Police,Essex Police,0.368971,51.659491,On or near MOUNTNEY CLOSE,E01021460,Brentwood 002D,Suspect charged
1e235a26e3bd8d3d85b83bd1b0be2963cb76c20e2448abc9f8f2284248e3cfff,2018-12,Essex Police,Essex Police,0.959898,51.856947,On or near MALTING YARD,E01021738,Colchester 017C,Offender given a caution
a9156e5282f8adde1fe8abae58401b66bfe9be4af5cb977a22e451d97e9c6bf9,2018-12,Essex Police,Essex Police,0.748370,51.814075,On or near Parking Area,E01021727,Colchester 020E,Unable to prosecute suspect
fdbb33c7ea46abf6114fc1ea9d0af7f3570d9743b3c18af60eeda579086d14ae,2018-12,Essex Police,Essex Police,0.959898,51.856947,On or near MALTING YARD,E01021738,Colchester 017C,Unable to prosecute suspect
48bf167426e0d4635ef5a72f9deeed82802f3c9c5b42c26fc8700b0c49ad7c17,2018-12,Essex Police,Essex Police,0.748370,51.814075,On or near Parking Area,E01021727,Colchester 020E,Unable to prosecute suspect
a32cdb4fb75f5738f50e9c03712e2e044ae9042afe5553bf0a3f94b97fdf676c,2018-12,Essex Police,Essex Police,0.716257,51.540241,On or near SOUTHCHURCH ROAD,E01015852,Southend-on-Sea 015B,Unable to prosecute suspect
34e6109e1d540dd0a9e2b610db725f6b6d292b2adbad12e332b2c4e66bae640e,2018-12,Essex Police,Essex Police,0.501870,51.568096,On or near STEEPLEHALL,E01021317,Basildon 018E,Unable to prosecute suspect
f74030f9216a51045b1935a4f9363c2f832cda6901077c26f0233f0fbda441fd,2018-12,Essex Police,Essex Police,0.801034,51.554111,On or near LEE LOTTS,E01021922,Rochford 010C,Unable to prosecute suspect
0fd2ebb852b59494ed4c20baf4c90367fff5e7a2dda6f3f4fb56336f6c242307,2018-12,Essex Police,Essex Police,0.256976,52.022695,On or near HORN BOOK,E01022081,Uttlesford 002F,Investigation complete; no suspect identified
22a8b08faad46bb2b82b6ea1c5df276a20165862ba655f6f6a2796c087b49873,2018-12,Essex Police,Essex Police,0.289551,51.509733,On or near ASHDON CLOSE,E01015976,Thurrock 007F,Unable to prosecute suspect
637badad8f3448953afc25609a79eb33b556e932a5838242a9b7f8e2f5555f59,2018-12,Essex Police,Essex Police,0.774709,51.919597,On or near VERNONS ROAD,E01021662,Colchester 010B,Investigation complete; no suspect identified
1ed95bf907985a1fdd59c525535e81c91f8c529bfa5dd252ec6a73d2b85b2391,2018-12,Essex Police,Essex Police,0.447495,51.729887,On or near HAINAULT GROVE,E01021631,Chelmsford 009E,Unable to prosecute suspect
47f1c8858adc01f5b2dbd307ac6724b40bcea1b9caba4997ced305a806f20bb7,2018-12,Essex Police,Essex Police,0.479390,51.738715,On or near Shopping Area,E01033141,Chelmsford 010G,Unable to prosecute suspect
5f2d322227843cff1054f060b46cd4c9766addb98616a73fcfe9b19134709c13,2018-12,Essex Police,Essex Police,1.249452,51.943919,On or near FOSTER ROAD,E01033051,Tendring 002F,Unable to prosecute suspect
54ed5fea8d7f2c3a2cc76e77dc36ae1b64965f1ab4a9faf99ce094a28511cd4f,2018-12,Essex Police,Essex Police,0.191617,51.903945,On or near CANNONS MEAD,E01022085,Uttlesford 005E,Unable to prosecute suspect
cb5aef94ad06c50b2423f545830fd126f3d0a9fda27bdab4e0bd08e2b937dd23,2018-12,Essex Police,Essex Police,0.915696,51.917931,On or near AVITUS WAY,E01033721,Colchester 002G,Unable to prosecute suspect
a37419f52d8ca2d8e5bb06d88a5f2cdbedc02cd58f0190a8af6bfb6971d6733e,2018-12,Essex Police,Essex Police,0.472257,51.733569,On or near Shopping Area,E01033141,Chelmsford 010G,Investigation complete; no suspect identified
e5e916fd16ea200decbbca8db30923a3a5fa322e924d1ef0e1de50c55921c086,2018-12,Essex Police,Essex Police,1.269737,51.934281,On or near BIRCH AVENUE,E01021999,Tendring 001C,Unable to prosecute suspect
35c003031950ef83e035fd66c7b38c37795949bb17e84e15b1aad3b2f8df017e,2018-12,Essex Police,Essex Police,0.801034,51.554111,On or near LEE LOTTS,E01021922,Rochford 010C,Unable to prosecute suspect
f41f82780237980a6b9b7c89f20b9be3b5b3138a79358d07b94953a3c4aa9f5a,2018-12,Essex Police,Essex Police,0.902759,51.907459,On or near TURNER ROAD,E01021679,Colchester 004A,Investigation complete; no suspect identified
f2d9e3342969bb6f8fe0567655dd84c6f44d80ac2c26f2b3d7cc9ac73f32a073,2018-12,Essex Police,Essex Police,0.915696,51.917931,On or near AVITUS WAY,E01033721,Colchester 002G,Unable to prosecute suspect
62de632a338822fca205f7c34a3f0329c7979ac3a0b865adbaafbdf1a56b5967,2018-12,Essex Police,Essex Police,0.290558,51.623924,On or near DE PAUL WAY,E01021432,Brentwood 004B,Unable to prosecute suspect
52a94f02510fd0da39cee0491e77f0d3268773d59d555a8955b766a3182edc13,2018-12,Essex Police,Essex Police,0.865458,51.880655,On or near Supermarket,E01021693,Colchester 014E,Investigation complete; no suspect identified
b04e0f633f37a3b9a6dea3970b1d6088f0872dc7b1b31d9182eeec07fb77250e,2018-12,Essex Police,Essex Police,0.579439,51.717351,On or near Supermarket,E01021570,Chelmsford 016D,Unable to prosecute suspect
0750d3983e35984ed788c25f3b4b7e45fbddec004dc2bb6fe847b37029110640,2018-12,Essex Police,Essex Police,1.107714,51.802136,On or near EARLS HALL DRIVE,E01021977,Tendring 013C,Unable to prosecute suspect
13758b9a4acbdac36c20801c2b451888e12fd0f790a6d3a1c00b5ce0b15c27ad,2018-12,Essex Police,Essex Police,0.806652,51.881660,On or near BELLINGHAM DRIVE,E01021654,Colchester 010A,Unable to prosecute suspect
2ff9711719bd018f7fa35e909e01ff8b3daa50d6c841d044745a88101c18a582,2018-12,Essex Police,Essex Police,0.611501,51.568594,On or near MARLIN CLOSE,E01021532,Castle Point 005D,Unable to prosecute suspect
2c79a578cbeb4049a601c6c9a43038c0d806a9d724ac672f64c0431163ec4109,2018-12,Essex Police,Essex Police,0.812015,51.635467,On or near PLANE TREE CLOSE,E01021878,Maldon 008C,Unable to prosecute suspect
8a0abf41816efacda13bd272d88f917f4a6e063c5c75dee22e0cbf3d0d27eec5,2018-12,Essex Police,Essex Police,0.113040,51.700130,On or near Police Station,E01021757,Epping Forest 006B,Unable to prosecute suspect
d44376f8f63551d861c5002e0ca856fdc23426a2b77a2db329123c56541cacea,2018-12,Essex Police,Essex Police,0.661335,51.565666,On or near BROOKLANDS AVENUE,E01015835,Southend-on-Sea 001C,Local resolution
91dcbc8e69f7dedf2459c6dd0ef31fa0db9867687527128d4b6ba6889f137c3c,2018-12,Essex Police,Essex Police,0.432786,51.627726,On or near FELSTED ROAD,E01021243,Basildon 003D,Unable to prosecute suspect
fa9ac217c0f922747f16d644a9aae72b2e2e21945884085345a4a6b7fe156686,2018-12,Essex Police,Essex Police,0.728227,51.539270,On or near CHASE ROAD,E01015839,Southend-on-Sea 014A,Suspect charged
fa9ac217c0f922747f16d644a9aae72b2e2e21945884085345a4a6b7fe156686,2018-12,Essex Police,Essex Police,0.728227,51.539270,On or near CHASE ROAD,E01015839,Southend-on-Sea 014A,Suspect charged
230b50b396f18ee532c0dec3d7eed68cf215ea42d062b87a2cf4fb9708c7825a,2018-12,Essex Police,Essex Police,1.093192,51.896326,On or near B1035,E01022019,Tendring 003E,Local resolution
b55b2601fe42aa363e464e65de40c2cd8955f3365a5a15082d3d425b72850843,2018-12,Essex Police,Essex Police,0.921934,51.783006,On or near CARRINGTON COURT,E01021732,Colchester 021B,Action to be taken by another organisation
e117388cf53c7ba13c5d7b38ddf1669e87016602b2d5f3d8f7df04adad9e262c,2018-12,Essex Police,Essex Police,0.438719,51.608475,On or near HOMEFIELD CLOSE,E01021257,Basildon 009B,Unable to prosecute suspect
831ee9a0a6812be49dc1e2f474033d79458953fbde9c6c8e618185aaefa70b28,2018-12,Essex Police,Essex Police,0.545003,51.568346,On or near WYCOMBE AVENUE,E01021516,Castle Point 003D,Unable to prosecute suspect
28b89e7e0af95d778ca762615b9312a8dd812f690665b1df86bc30cc329baec0,2018-12,Essex Police,Essex Police,0.443720,51.579233,On or near Pedestrian Subway,E01021268,Basildon 015B,Investigation complete; no suspect identified
04742bb398d7cc635c0cc3eb60892704b03211d06399b1b0c4423b3a20046960,2018-12,Essex Police,Essex Police,0.452281,51.571751,On or near Park/Open Space,E01021319,Basildon 017E,Unable to prosecute suspect
84d8683bd121c15ff15fc0e7c8aea4922a56eb9deeec69683862250706e5125d,2018-12,Essex Police,Essex Police,0.579937,51.518065,On or near BEVERLEY AVENUE,E01021502,Castle Point 011E,Unable to prosecute suspect
109bf1dfc6f7a51013089882710e9a1eafc1cbeb6cbddaccac8b9a75b5247e32,2018-12,Essex Police,Essex Police,0.452281,51.571751,On or near Park/Open Space,E01021319,Basildon 017E,Unable to prosecute suspect
cda4e9df5c3681df9ec2310e45d0477ccb538002e0d360704e63847336af6a05,2018-12,Essex Police,Essex Police,0.452281,51.571751,On or near Park/Open Space,E01021319,Basildon 017E,Unable to prosecute suspect
90a6c4c53fc72e669d067a1a7db8f78da70c0e567aeaca27a7ba5b9e8271a025,2018-12,Essex Police,Essex Police,0.298623,51.615700,On or near FAIRFIELD ROAD,E01021439,Brentwood 007C,Local resolution
ebbcd53c85d003445eaca44a532eb863c090911292ac04f59d5fd7dc0b96a462,2018-12,Essex Police,Essex Police,0.465304,51.741530,On or near WESTFIELD AVENUE,E01021573,Chelmsford 009A,Investigation complete; no suspect identified
5bcd8d0098c3a8a82498e5ad663d421ed705f4bb67c8738e624baf17e2d21b03,2018-12,Essex Police,Essex Police,0.474346,51.761457,On or near DAYS CLOSE,E01021542,Chelmsford 002A,Unable to prosecute suspect
a997b2185674ba23eb1cfbcf93ca641b153c4a1bd356e6441e898bda1ffce7fb,2018-12,Essex Police,Essex Police,0.355201,51.654093,On or near ROMAN CLOSE,E01021460,Brentwood 002D,Investigation complete; no suspect identified
71569f564e6bc1510e573c5e2a4afbed32e0d9e77d8c7ce03a3ff44408dd4a20,2018-12,Essex Police,Essex Police,0.718833,51.536035,On or near HORACE ROAD,E01015841,Southend-on-Sea 014C,Investigation complete; no suspect identified
2d64a84af0b100df90602f511685e8624d5b9e2b9aa649e9f1b85f0afebc4556,2018-12,Essex Police,Essex Police,,,No location,,,Investigation complete; no suspect identified
bf852bbde18cefbde57f792ca527beb74ed8911dadba17f19684c16ce7e1a1aa,2018-12,Essex Police,Essex Police,0.053397,51.646298,On or near Police Station,E01021781,Epping Forest 014B,Offender given a caution
8527ce386aeb6624e2ea134270f9b0ca72556735f931e640cdd507899096186f,2018-12,Essex Police,Essex Police,0.018503,51.683376,On or near HONEY LANE,E01021809,Epping Forest 008C,Investigation complete; no suspect identified
09201fcf32d5f13ea2c7aa193a1fc1754de05fede4a9e463746845d5d1eab9c9,2018-12,Essex Police,Essex Police,0.060358,51.630538,On or near Park/Open Space,E01021750,Epping Forest 016B,Investigation complete; no suspect identified
2eb15b4b968224211d71f9a80e3eff7ff37486ccf7a813cfe69fe4f661767a6c,2018-12,Essex Police,Essex Police,0.457517,51.737097,On or near NELSON GROVE,E01021575,Chelmsford 009B,Unable to prosecute suspect
5a2d1a6394be036d1a71c702845caed8492326a18560016e72d14698c907dbfe,2018-12,Essex Police,Essex Police,0.472257,51.733569,On or near Shopping Area,E01033141,Chelmsford 010G,Unable to prosecute suspect
5a2d1a6394be036d1a71c702845caed8492326a18560016e72d14698c907dbfe,2018-12,Essex Police,Essex Police,0.472257,51.733569,On or near Shopping Area,E01033141,Chelmsford 010G,Unable to prosecute suspect
bcb10c10c16c91a231bdf34df169394c9daebb372b7fdf771f1a18b1b8f55e58,2018-12,Essex Police,Essex Police,0.574619,51.526762,On or near AMBLESIDE WALK,E01021508,Castle Point 010F,Unable to prosecute suspect
d1dfbac6672784c2d7f4558c4b2374f5e0d228e396e4068eefe37c47403f9da6,2018-12,Essex Police,Essex Police,0.549476,51.548986,On or near Park/Open Space,E01021521,Castle Point 007B,Suspect charged
d1dfbac6672784c2d7f4558c4b2374f5e0d228e396e4068eefe37c47403f9da6,2018-12,Essex Police,Essex Police,0.549476,51.548986,On or near Park/Open Space,E01021521,Castle Point 007B,Suspect charged
205ae6186cf72e894e7a86ebc8a44d2415577400a533b663e1aa604961360f97,2018-12,Essex Police,Essex Police,0.712013,51.538486,On or near Nightclub,E01015852,Southend-on-Sea 015B,Investigation complete; no suspect identified
48f5fda403e937cde2b8395d5767933d9deea5db94dc6279a051ba4cdb8c3550,2018-12,Essex Police,Essex Police,0.780348,51.530968,On or near AVON WAY,E01015917,Southend-on-Sea 017D,Further investigation is not in the public interest
96bdf8722bc35fd62f9590b50b49f405e456034d0263424507eae195f20a3aee,2018-12,Essex Police,Essex Police,0.082820,51.643936,On or near CHIGWELL LANE,E01021773,Epping Forest 013C,Investigation complete; no suspect identified
9ef0af64a92de89102a6895c3ac382a27671242941b9454c6ac5d036843b6546,2018-12,Essex Police,Essex Police,0.290170,51.930835,On or near Park/Open Space,E01022062,Uttlesford 005A,Investigation complete; no suspect identified
dbdca2da9f7b4fda966d07ef226af480a0c3c4b33ef9b36e5dc96dfcc725d71a,2018-12,Essex Police,Essex Police,0.244175,51.699020,On or near THE ELMS,E01021754,Epping Forest 004B,Unable to prosecute suspect
08a7bad44453e70d319c532b5ef89f77ec7c0110d13569b98851d59942916d5a,2018-12,Essex Police,Essex Police,0.456169,51.571868,On or near Pedestrian Subway,E01021318,Basildon 015C,Unable to prosecute suspect
7dc9b6023688bfe30522d8d283c875831576f7aa4a7687a18a88e46675f7ae7c,2018-12,Essex Police,Essex Police,0.476409,51.567476,On or near Sports/Recreation Area,E01021295,Basildon 020B,Investigation complete; no suspect identified
857afe761363c6931ef7a230a58de1cc01f51274bec3956ddf9a5a4fee61149c,2018-12,Essex Police,Essex Police,0.899183,51.910173,On or near Hospital,E01021682,Colchester 004D,Suspect charged
7e58d7b9a6b068fc113384b8fc71c2cb4d9cad5422fc035dced2371b8519360e,2018-12,Essex Police,Essex Police,0.574414,51.884815,On or near FISHER WAY,E01021352,Braintree 007C,Further investigation is not in the public interest
edd72b01616e59793916eff6ee405d2099bc4d8072c5c256d83cddbbc8a30ff9,2018-12,Essex Police,Essex Police,1.143315,51.791924,On or near ALTON PARK ROAD,E01021968,Tendring 017A,Suspect charged
9eb761a00e479b33d13b035051097e88fcff0e832f02531692bdfe3470f9df31,2018-12,Essex Police,Essex Police,0.421740,51.628944,On or near GREY LADY PLACE,E01021240,Basildon 003B,Suspect charged
30a6097852a7b3d837d1ef7fda0a9ee72623bc233af64696c71fa31368a5131f,2018-12,Essex Police,Essex Police,1.128238,51.806268,On or near PURLEY WAY,E01021977,Tendring 013C,Suspect charged
d98034fa1873cb4e591bbb82a47c28a0f054e5384c866f56e9fc83d5ff031ace,2018-12,Essex Police,Essex Police,0.699194,51.545338,On or near ROCHFORD AVENUE,E01015900,Southend-on-Sea 010F,Unable to prosecute suspect
c5b1335918c648b663929db151b7dead7c11f1a51f403939c0a51b14629df136,2018-12,Essex Police,Essex Police,0.119694,51.648636,On or near FIELD CLOSE,E01021770,Epping Forest 010A,Unable to prosecute suspect
3ebeb3117def8c5c2f49ade71f7e723b1983b5efaa36602721ab2f69480ed886,2018-12,Essex Police,Essex Police,0.433857,51.656347,On or near HERWARD MOUNT,E01021602,Chelmsford 018B,Unable to prosecute suspect
5914e79143d586cda2b1948dd76daa752e957417b083b280a306d8920d242ea2,2018-12,Essex Police,Essex Police,0.904929,51.858390,On or near THAXTED WALK,E01021639,Colchester 018C,Offender given a drugs possession warning
d0349234495cb12c0808200753b95f4333dc803149ac10eb221eaa736a205db0,2018-12,Essex Police,Essex Police,0.303951,51.624489,On or near BURLAND ROAD,E01021433,Brentwood 007A,Unable to prosecute suspect
40a87148d5790352b141145a1edeac207d263c9e4d9b581a6d8aab6afaa81120,2018-12,Essex Police,Essex Police,0.303951,51.624489,On or near BURLAND ROAD,E01021433,Brentwood 007A,Unable to prosecute suspect
0159503adfd223cf8ff5209fd6a4d85938b76ce91a34ec79da8ba49c9aaeb367,2018-12,Essex Police,Essex Police,0.081019,51.611235,On or near LINKSIDE,E01021767,Epping Forest 017D,Investigation complete; no suspect identified
83408c2b17db955e9b3950b18882fe997110ca0b4e97f59209d74fe756d9bc80,2018-12,Essex Police,Essex Police,0.891461,51.888221,On or near MANOR ROAD,E01021649,Colchester 007D,Unable to prosecute suspect
159273a272e114b2adecfba5e678a7902d5c04ce2dd1f1aec3a177d9ab880ed0,2018-12,Essex Police,Essex Police,1.177795,51.806404,On or near DERWENT GARDENS,E01022033,Tendring 012B,Suspect charged
c115766f298e9f5d762e03c89ef9a7c6ef6d5d6bda8c0b690be6861f66a992e2,2018-12,Essex Police,Essex Police,0.596578,51.571866,On or near ASQUITH GARDENS,E01021531,Castle Point 002E,Unable to prosecute suspect
2ca570a045d9ce0b2cef2b263ef36ce6cc730cdbdaac027e034d8c7a4648787b,2018-12,Essex Police,Essex Police,0.091992,51.776493,On or near PARISH WAY,E01021843,Harlow 004E,Investigation complete; no suspect identified
95f834f5c5252a12f9a482b1c78dfbf3728ecc51c1537027fa80aad9f9c1d774,2018-12,Essex Police,Essex Police,0.086303,51.771334,On or near Hospital,E01021843,Harlow 004E,Suspect charged
2f1e098a412a719cd6ba942d6a79704f1498194f978fed255c3e1f137e232fc2,2018-12,Essex Police,Essex Police,0.105862,51.779231,On or near NETTESWELL ROAD,E01021853,Harlow 003E,Local resolution
b0fd076c9906efe3bf05b4dfb469d34338d74937de220348e622ae73e5ea1f3e,2018-12,Essex Police,Essex Police,0.105862,51.779231,On or near NETTESWELL ROAD,E01021853,Harlow 003E,Local resolution
7a8c56339c0d0a4f90ea4c9464842ee2f54e83d47b08d5ace4674e044d667ccd,2018-12,Essex Police,Essex Police,0.240155,51.480192,On or near WINGROVE DRIVE,E01016013,Thurrock 015D,Unable to prosecute suspect
3e41eb8b5eb26b2d19aae9e4a74f123a514d4142847322b606a1cecc904a829e,2018-12,Essex Police,Essex Police,-0.003419,51.684237,On or near ORCHARD GARDENS,E01021817,Epping Forest 008E,Investigation complete; no suspect identified
3e12cc0cd05cc39b9e676d67745e9ab4fcf609881a63388dd58e2c27f86d6052,2018-12,Essex Police,Essex Police,0.906614,51.879789,On or near CAMPION ROAD,E01021684,Colchester 011B,Unable to prosecute suspect
01add73ff51a2bfc854b83b0984b6a1f3d4280e1913433d76b3739861ac88f91,2018-12,Essex Police,Essex Police,0.074083,51.607365,On or near STRADBROKE DRIVE,E01021766,Epping Forest 017C,Unable to prosecute suspect
a5defd3db14f1082e15472533c9ef8a6b85e0ff1a0717783a79d27fa834dae12,2018-12,Essex Police,Essex Police,0.387333,51.672374,On or near WOODLAND CLOSE,E01021458,Brentwood 002B,Investigation complete; no suspect identified
e028a4b782019398dee37ebdf0ca5301a01c65cfda190bb3f6f8fb26a840c034,2018-12,Essex Police,Essex Police,1.154379,51.789595,On or near ROSEMARY ROAD,E01022025,Tendring 016B,Unable to prosecute suspect
5ad044cafc25b7f18339e49e3ee1d1455aba850502c754e2676471586eaa2b3d,2018-12,Essex Police,Essex Police,0.706796,51.573520,On or near SOUTHEND ROAD,E01021956,Rochford 007E,Unable to prosecute suspect
366e8c71c53af88dc13c7bb6f839405ce84889548fed984f5b73d2886be0d848,2018-12,Essex Police,Essex Police,0.934897,51.889888,On or near VERONICA WALK,E01021699,Colchester 008D,Unable to prosecute suspect
bed744a7fe61479d67b26be8d4ef858ee1651a76d385b55fc34b2c0455874e3e,2018-12,Essex Police,Essex Police,0.360567,51.462765,On or near LANSDOWN ROAD,E01016010,Thurrock 018H,Investigation complete; no suspect identified
df67fe5e50291b177453632e676135fdf85fcccb8f8194f2a8950ad4128e193a,2018-12,Essex Police,Essex Police,0.595833,51.574481,On or near STARLING CLOSE,E01021509,Castle Point 002A,Unable to prosecute suspect
c41349d8f4ecec19f5d6b4091a37dd79270fa3a93f21a540906c581d009894e9,2018-12,Essex Police,Essex Police,0.525944,51.621234,On or near WINDSOR GARDENS,E01021593,Chelmsford 021A,Suspect charged
c1bc1a491b60365f0236d4107537c6c5ce9ea961f916619448a11e34e0de83f2,2018-12,Essex Police,Essex Police,0.655381,51.566268,On or near MANSEL CLOSE,E01015835,Southend-on-Sea 001C,Suspect charged
7848a7ac4809efc0908e496c22605196a38778a5c6da6bf60340ccb4bd2d1769,2018-12,Essex Police,Essex Police,0.938659,51.886961,On or near HUNWICKE ROAD,E01021700,Colchester 008E,Investigation complete; no suspect identified
08c177dc34b30538f3576dbb9c3f33503ed180a073e6b2850218e2d70c963d4a,2018-12,Essex Police,Essex Police,0.261741,51.889938,On or near Airport/Airfield,E01022090,Uttlesford 006B,Local resolution
d657147be38cc7efce61023bb7a8253a53a3c99226471ed3184fca7b91d408cc,2018-12,Essex Police,Essex Police,0.539912,51.589618,On or near SOUTHEND ARTERIAL ROAD,E01021344,Basildon 008D,Unable to prosecute suspect
bd08c1b3882da1c63414d55a05a04496ce22a8b3849ea52a7632145f5b51b3b6,2018-12,Essex Police,Essex Police,0.368971,51.659491,On or near MOUNTNEY CLOSE,E01021460,Brentwood 002D,Suspect charged
2be44db55e2be8fad39af5c3f89100b7f5495f892f047b112229910fb5990b96,2018-12,Essex Police,Essex Police,0.439912,51.746925,On or near TRENT ROAD,E01021598,Chelmsford 003C,Unable to prosecute suspect
32c24b7bfd5ca51a243d7ab8dbbbc67ad1e8a5004edc39286688a0f5908b6097,2018-12,Essex Police,Essex Police,0.556484,51.522446,On or near MULBERRY ROAD,E01021503,Castle Point 010D,Unable to prosecute suspect
33c9a3bddc76f343af2b86bc520e473dc9f97e59aac5009c280c5f7bc22d5c72,2018-12,Essex Police,Essex Police,1.019304,51.820962,On or near SARRE WAY,E01021983,Tendring 009B,Local resolution
709b2ae21ed671e65c317ca535a1a5c55c7b083a22a1955e9c6dc3a28402d553,2018-12,Essex Police,Essex Police,0.082968,51.661055,On or near CHESTER CLOSE,E01021774,Epping Forest 011A,Investigation complete; no suspect identified
d87530f7db3b6745b6300a148df6c6f3ac1a43058d101d676fdf7bd01c4ae51f,2018-12,Essex Police,Essex Police,0.496986,51.715536,On or near PLUMTREE AVENUE,E01021566,Chelmsford 014D,Unable to prosecute suspect
57f83a07220f7e5563f2d653ba45e47d411ffbf58bb81607dd8df43a8c5d8961,2018-12,Essex Police,Essex Police,0.502267,51.562719,On or near Supermarket,E01021310,Basildon 022B,Suspect charged
dc9c822c88fef158ba092dc286d8ca2d687fb644a4956846c82122275c9c84c1,2018-12,Essex Police,Essex Police,0.417812,51.632262,On or near RUSKIN DENE,E01021247,Basildon 003E,Suspect charged
ee49642d1c74e1aaf2193e259b8cb01bc00544715ff8538be0cb3a27082d8b9a,2018-12,Essex Police,Essex Police,0.426151,51.509783,On or near BROADHOPE AVENUE,E01015992,Thurrock 005C,Unable to prosecute suspect
7493924381a6932d53662b3bbc00a4b020a02a39bdbb454aa64b587c54072ef0,2018-12,Essex Police,Essex Police,0.491999,51.758845,On or near ANVIL WAY,E01021616,Chelmsford 004A,Unable to prosecute suspect
018853c9a147f7773a180bab47de2c3ebf2df7e6aa32395eb73f93c5dc77e056,2018-12,Essex Police,Essex Police,0.606692,51.599539,On or near TORQUAY CLOSE,E01021919,Rochford 005B,Further investigation is not in the public interest
f68f568879fae5e76bf64edc7cc3014e6c2fc80739bc9839dd9d62ce9d6f8b30,2018-12,Essex Police,Essex Police,0.027158,51.682499,On or near HARRIER WAY,E01021810,Epping Forest 008D,Investigation complete; no suspect identified
e65d8570f354f925dc08efc6ab5e71dbb1fe2c931b56bdbceef4a608eb851768,2018-12,Essex Police,Essex Police,0.495881,51.732790,On or near Shopping Area,E01021547,Chelmsford 008D,Unable to prosecute suspect
8a6135f3003fe6a8fd48e7c34f7e6909b40a7b7add4cc6c5ba56d3ca86baed03,2018-12,Essex Police,Essex Police,0.588717,51.590728,On or near KELVEDON CLOSE,E01021957,Rochford 006C,Investigation complete; no suspect identified
9c8d4c614a441c39b0852a3b68725309b5bacb674c59d4e009eec719d87c4dbd,2018-12,Essex Police,Essex Police,0.845100,51.913562,On or near SACKVILLE WAY,E01021728,Colchester 003B,Local resolution
19a0083f3cb8c8fabcb67491db9f77d2c35a3a773b17f28a1229d145c252ff06,2018-12,Essex Police,Essex Police,0.066872,51.656861,On or near RECTORY COURT,E01021786,Epping Forest 012A,Investigation complete; no suspect identified
99f604e957a340c11d191f292bf05595928cf47401c024ecbe1ed85573d60a5d,2018-12,Essex Police,Essex Police,0.218806,51.742208,On or near THE HOPPITT,E01021796,Epping Forest 003B,Unable to prosecute suspect
256b6697818c5f08c9c404ff2cc580a9267f0a892c3c5571e9673bc7561b0e2d,2018-12,Essex Police,Essex Police,0.083362,51.610672,On or near ST WINIFRED'S CLOSE,E01021767,Epping Forest 017D,Unable to prosecute suspect
37f03d408c93bc44936d9173cfc0ab32b28dde12182d886cb91f5e4dd88ab87a,2018-12,Essex Police,Essex Police,0.528939,51.601043,On or near WICK CRESCENT,E01021344,Basildon 008D,Investigation complete; no suspect identified
299e1eccbe4872fa0c369e0301cc49f21f967881146f5b1d7c2876ed639746cd,2018-12,Essex Police,Essex Police,0.289746,51.607798,On or near KIPLING CLOSE,E01033063,Brentwood 007F,Suspect charged
24c85d9a83ef811a0c53705f28d289857f584175bac7aef44fa686d0799e270f,2018-12,Essex Police,Essex Police,0.289746,51.607798,On or near KIPLING CLOSE,E01033063,Brentwood 007F,Suspect charged
e44fba5ca07a0b4d91151eb6e7fa36adcb94e2e77ca952e36d4c9041c240d615,2018-12,Essex Police,Essex Police,0.289746,51.607798,On or near KIPLING CLOSE,E01033063,Brentwood 007F,Suspect charged
aeaf0ac4e88c70773444afde2485c035657165d3585101058b86121ce9c6ef72,2018-12,Essex Police,Essex Police,0.479811,51.723913,On or near MOULSHAM CHASE,E01021577,Chelmsford 012B,Unable to prosecute suspect
0bd7802a355fdf122b06eecdebebf2ea3d12d5122d26056ec777438de384d32f,2018-12,Essex Police,Essex Police,1.220397,51.841230,On or near CROSSFIELD WAY,E01022011,Tendring 008G,Unable to prosecute suspect
5046213cd0de36f236a52a23fa0f6e83c8d4cf1d2835409a7eb3a6b843777e33,2018-12,Essex Police,Essex Police,0.053397,51.646298,On or near Police Station,E01021781,Epping Forest 014B,Investigation complete; no suspect identified
a92c3895782ef153584e551c7b3f21d8eff9de76f494997aed8a0312786da475,2018-12,Essex Police,Essex Police,0.076258,51.656282,On or near PYRLES LANE,E01021779,Epping Forest 011F,Action to be taken by another organisation
faf20a4f3a6ae7d3c6f78dade62355c12978b2d0e6658b54d1479ee3066cfa8a,2018-12,Essex Police,Essex Police,0.346250,51.571177,On or near CADOGAN AVENUE,E01021446,Brentwood 009B,Unable to prosecute suspect
4175f44f3f92c636eda8ee3907d67eb206feb27f813cd37ddffa40f7e9124431,2018-12,Essex Police,Essex Police,0.290373,51.628289,On or near HIGHWOOD CLOSE,E01021432,Brentwood 004B,Unable to prosecute suspect
bfc76c9f2bd1dad9cf39fa96ab78b4d2a12fabf06878c961a7f28fe243565439,2018-12,Essex Police,Essex Police,0.295133,51.619824,On or near SIR FRANCIS WAY,E01021439,Brentwood 007C,Unable to prosecute suspect
37fe552cc4423d4db49704e6df80743a0f34fe22c5e0662ee17df1794a349be1,2018-12,Essex Police,Essex Police,0.893012,51.922080,On or near BOXTED ROAD,E01021680,Colchester 004B,Unable to prosecute suspect
6be6b7eb768b43a578fb4fca56d85f2cabbb9a32ff04b7dc33540ba816107cda,2018-12,Essex Police,Essex Police,0.284947,51.502961,On or near CARNACH GREEN,E01015927,Thurrock 007A,Unable to prosecute suspect
adb63eccecb002016b48c1e78a7b42b5058e940e4cd5957aefb9ec183e57151a,2018-12,Essex Police,Essex Police,0.723012,51.541784,On or near BOURNEMOUTH PARK ROAD,E01015844,Southend-on-Sea 014F,Unable to prosecute suspect
13ea8a293753855de887929d68d8b090f8262e5afe8a97b93e05cbb713697a20,2018-12,Essex Police,Essex Police,0.913505,51.889718,On or near EAST BAY,E01021648,Colchester 007C,Unable to prosecute suspect
81007216f702b307d66197231c2a1a9998c8073a0ea677665d52189bb3c72e26,2018-12,Essex Police,Essex Police,0.455832,51.749300,On or near MELBOURNE AVENUE,E01021589,Chelmsford 006C,Unable to prosecute suspect
cce714e94a8b88cdc280a81b877fe71890a76c40bc702783f9a07f0cb49e5622,2018-12,Essex Police,Essex Police,0.391469,51.675663,On or near Parking Area,E01021458,Brentwood 002B,Investigation complete; no suspect identified
b42214ad5ff026271df12596f1141ad68034476af5dedd8358b8573f8761a68b,2018-12,Essex Police,Essex Police,0.742901,51.593538,On or near CAGEFIELD ROAD,E01021915,Rochford 004A,Unable to prosecute suspect
17201810206c6c54549eaf1b277f69776db7dad952fc13c31a741fbae2da63ec,2018-12,Essex Police,Essex Police,0.867522,51.871764,On or near PAXMAN AVENUE,E01021715,Colchester 015E,Unable to prosecute suspect
03888f5a5598e680a04a3dbf31502505d027bb2890db0cb52ae0876da162eac2,2018-12,Essex Police,Essex Police,0.261741,51.889938,On or near Airport/Airfield,E01022090,Uttlesford 006B,Local resolution
4d4e7ebdae15c2de87a8b3db4bde3d6f6567f85d245f286f3da05eac71d527c7,2018-12,Essex Police,Essex Police,1.148985,51.799193,On or near GROOM PARK,E01021970,Tendring 016A,Unable to prosecute suspect
256f96c10b87385e3ffe4404fae8627f25d7ea9fc584b4418293b7355d8fdc66,2018-12,Essex Police,Essex Police,0.352487,51.639651,On or near ROSEMEAD GARDENS,E01021452,Brentwood 003E,Investigation complete; no suspect identified
9bcbc69c6f4d0de0783be4edea9a9f402e16d1ada3d0ac709d1e915daec2b64f,2018-12,Essex Police,Essex Police,1.153340,51.787393,On or near Nightclub,E01022025,Tendring 016B,Suspect charged
905e1cfc4320e6f721b716bf58f125959159ea80ddcf30db0dc8207c335bf1fc,2018-12,Essex Police,Essex Police,0.343882,51.469539,On or near THURROCK PARK WAY,E01016003,Thurrock 018A,Investigation complete; no suspect identified
eda5ec64149f1942a7193a2a6abbd458ba0321f4370df4525ea80a348e0ec058,2018-12,Essex Police,Essex Police,0.067536,51.652075,On or near HILL TOP CLOSE,E01021786,Epping Forest 012A,Unable to prosecute suspect
25c3fed86b13723c4c3b7148ad3a603b15012e0096acfc7e3ea0b0e972a26c25,2018-12,Essex Police,Essex Police,0.292097,51.509620,On or near FOXGLOVE ROAD,E01015932,Thurrock 006A,Unable to prosecute suspect
988d8e20450b2e1040c045103a837d1ee6a94be46a298df884148304a9c5a431,2018-12,Essex Police,Essex Police,0.478121,51.568960,On or near HELPESTON,E01021320,Basildon 015D,Unable to prosecute suspect
8bdcbf1f088f1afd729bb0fac8d511e28442f692b270297c99b6ba20fc0b471c,2018-12,Essex Police,Essex Police,0.046889,51.624083,On or near ELGAR CLOSE,E01021743,Epping Forest 015B,Unable to prosecute suspect
336dd009d5d5d245e160b69cb2c16a95ebb01f5663e9f5392ca8ce9dbb82efd6,2018-12,Essex Police,Essex Police,0.715320,51.534677,On or near Shopping Area,E01015852,Southend-on-Sea 015B,Suspect charged
cf67f9e9180941e5154b7654be80b38a38a29686f6cec372bfc4dc36226879d9,2018-12,Essex Police,Essex Police,0.046889,51.624083,On or near ELGAR CLOSE,E01021743,Epping Forest 015B,Unable to prosecute suspect
22408828fa438f045fa656a39e76c27d5be5ae41143b5ea2b6024658d6f39ac8,2018-12,Essex Police,Essex Police,0.734075,51.550691,On or near EASTCOTE GROVE,E01015875,Southend-on-Sea 006G,Unable to prosecute suspect
33e78b81b9e2640a7966fdf7265b3388b40863efb9ff4950709080b480294d32,2018-12,Essex Police,Essex Police,0.619663,51.810252,On or near CORNEL CLOSE,E01021425,Braintree 016B,Unable to prosecute suspect
437f6a07145ca1f7241631431461c4a7d6b61e69e1b5fcb48197ec65ab8ea382,2018-12,Essex Police,Essex Police,0.715320,51.534677,On or near Shopping Area,E01015852,Southend-on-Sea 015B,Unable to prosecute suspect
69a2144b0f494272d17fc3e6c3907342d1931866c104c1c3c66b7ff253457d7a,2018-12,Essex Police,Essex Police,0.619663,51.810252,On or near CORNEL CLOSE,E01021425,Braintree 016B,Unable to prosecute suspect
2f2ab5fd9c4d215bbd16e62fbb9e82ace922c0b0ed2b3186c9f102ffd8991aa8,2018-12,Essex Police,Essex Police,0.348309,51.471339,On or near DOCK ROAD,E01016003,Thurrock 018A,Unable to prosecute suspect
f557848b4d040f891b57ea08f0f35ab8dc546ca46fab3c261f7071b6761a211d,2018-12,Essex Police,Essex Police,0.700083,51.562793,On or near DEREK GARDENS,E01015867,Southend-on-Sea 002E,Investigation complete; no suspect identified
341186cf3f9a0ab3618ff96038d8517d47193850d62d695a3895bad60a33fe52,2018-12,Essex Police,Essex Police,0.679219,51.739265,On or near CREASEN BUTT CLOSE,E01021887,Maldon 003D,Unable to prosecute suspect
81ee5e205fe62b1bc50665310ebc0e67dc5526282224e2e6163e27edd402d594,2018-12,Essex Police,Essex Police,0.091419,51.747494,On or near Pedestrian Subway,E01021862,Harlow 011A,Suspect charged
81ee5e205fe62b1bc50665310ebc0e67dc5526282224e2e6163e27edd402d594,2018-12,Essex Police,Essex Police,0.091419,51.747494,On or near Pedestrian Subway,E01021862,Harlow 011A,Suspect charged
a43a0524242b5d03c50023c295c0f10f820f5375cbbb6c5a1bb526985407abdd,2018-12,Essex Police,Essex Police,0.734075,51.550691,On or near EASTCOTE GROVE,E01015875,Southend-on-Sea 006G,Unable to prosecute suspect
258d8b0c91d7c4c412b0c2e0d54becf99f3fa7bac3eea83efcafffefabe9f25b,2018-12,Essex Police,Essex Police,0.715320,51.534677,On or near Shopping Area,E01015852,Southend-on-Sea 015B,Suspect charged
ce46841148455c43a5fba6d05e97482c171512c7633083c9dd74eed9253217ea,2018-12,Essex Police,Essex Police,0.275002,51.531267,On or near Park/Open Space,E01015971,Thurrock 006B,Unable to prosecute suspect
0d5c7c9aec9de03bc8e23fafa19816b154c31af371cf15665df8448e89a030c2,2018-12,Essex Police,Essex Police,0.042095,51.727670,On or near BELCHERS LANE,E01021741,Epping Forest 002A,Unable to prosecute suspect
158552ec8149a056dd039637d9332a1355321c1ec6abd89ce703d06357bf2d5f,2018-12,Essex Police,Essex Police,0.641091,51.945793,On or near CHIPPING HILL,E01021388,Braintree 004B,Unable to prosecute suspect
bbcb2eee4de845e172b2ac56bbccf6e10115e0c3f7d74fbce2a27ac38e196483,2018-12,Essex Police,Essex Police,0.275002,51.531267,On or near Park/Open Space,E01015971,Thurrock 006B,Unable to prosecute suspect
32caf71ddee5c66aeb7090873781da70bda8f89c029790494fbbd4965184f32c,2018-12,Essex Police,Essex Police,0.594395,51.522108,On or near Parking Area,E01021498,Castle Point 011B,Investigation complete; no suspect identified
a29dfaa349a2b65bf9c023d454d567d4104cbf16deaef5a52e0336794ecd7d32,2018-12,Essex Police,Essex Police,0.091419,51.747494,On or near Pedestrian Subway,E01021862,Harlow 011A,Suspect charged
a29dfaa349a2b65bf9c023d454d567d4104cbf16deaef5a52e0336794ecd7d32,2018-12,Essex Police,Essex Police,0.091419,51.747494,On or near Pedestrian Subway,E01021862,Harlow 011A,Suspect charged
969b9626743b6061a4aa71e1075bc12242d1fa76322607af5ae0f2aeacdc0864,2018-12,Essex Police,Essex Police,0.275002,51.531267,On or near Park/Open Space,E01015971,Thurrock 006B,Unable to prosecute suspect
17a8074cd3dfcc59514b7f5385ee89f91f640cfc7db664d22760abb6a7d4f03f,2018-12,Essex Police,Essex Police,0.551167,51.567601,On or near Supermarket,E01021525,Castle Point 001D,Unable to prosecute suspect
1e563e4f4c1f5c609e37aace528b078e8cd7f1f093cdab753de6e8707f09fa2e,2018-12,Essex Police,Essex Police,0.440887,51.639995,On or near MARTINGALE ROAD,E01021237,Basildon 001A,Unable to prosecute suspect
84d605ed179fe0df7e712c5c3fbfcb8fb76d308332ee1b2ecefdeebcf22dd418,2018-12,Essex Police,Essex Police,0.440887,51.639995,On or near MARTINGALE ROAD,E01021237,Basildon 001A,Unable to prosecute suspect
7d47c5ce9b4d8984aeacb127b3a61e937c3289c95a368831602e2b4b38c45800,2018-12,Essex Police,Essex Police,0.440887,51.639995,On or near MARTINGALE ROAD,E01021237,Basildon 001A,Unable to prosecute suspect
fbb8b2425a72f6197dfa837596566d773e21735b4c76cdd4a197469b1605767e,2018-12,Essex Police,Essex Police,0.440887,51.639995,On or near MARTINGALE ROAD,E01021237,Basildon 001A,Unable to prosecute suspect
21e5e6b733568bbcc9bd15666c675a49e1c8394bd41d371a9732a2d854dcc8f5,2018-12,Essex Police,Essex Police,0.470193,51.576052,On or near COPDOEK,E01021265,Basildon 012A,Unable to prosecute suspect
9059f45928102c48f0b25250288dc58e64da9ed2ee77a33e20e048ca6443ea55,2018-12,Essex Police,Essex Police,0.724423,51.546563,On or near ELY ROAD,E01015869,Southend-on-Sea 006A,Unable to prosecute suspect
8aebadd66a042c24434238fc55c4d4b50f5a120a1ff384e319da3690462c92c1,2018-12,Essex Police,Essex Police,0.693247,51.544045,On or near WEST ROAD,E01015900,Southend-on-Sea 010F,Investigation complete; no suspect identified
3b221e9aa355984fb95e67e9cb05cb236aa167442809da93812641d1379d12e2,2018-12,Essex Police,Essex Police,0.272254,51.492281,On or near Motorway Service Area,E01016012,Thurrock 015C,Investigation complete; no suspect identified
583eef8ae4bb9ae3d81aad3fdec63c8f4733155b6aa543fd90314a6474c0075d,2018-12,Essex Police,Essex Police,0.484654,51.736715,On or near Prison,E01021627,Chelmsford 010E,Suspect charged
1eafc15d687a55211c53de991fc138f6121e158aec66b7465af1383833d5397c,2018-12,Essex Police,Essex Police,0.436682,51.662925,On or near FOSTERS CLOSE,E01033143,Chelmsford 018E,Investigation complete; no suspect identified
d56be839fca6a4f0d124a4d1d55cbff4b9b49dfe20bfb10041173d5a6f183a67,2018-12,Essex Police,Essex Police,0.690564,51.560655,On or near CRANSTON AVENUE,E01015868,Southend-on-Sea 002F,Unable to prosecute suspect
9214b11b370baa09091b1480e7c5c94994f650c2a21d53d7b63b96b7be48473b,2018-12,Essex Police,Essex Police,0.328663,51.630809,On or near Supermarket,E01021465,Brentwood 005D,Unable to prosecute suspect
337ec097e00410b98abfb8ed715a18c98828c7f58a36a6ca2e1c120b316aaac9,2018-12,Essex Police,Essex Police,0.413395,51.544112,On or near SOUTH HILL,E01015978,Thurrock 004B,Unable to prosecute suspect
8df00856048460afc0c62ff17792355fca3f47e2e908b80c18feed3451e47592,2018-12,Essex Police,Essex Police,0.443001,51.944299,On or near BENDLOWES ROAD,E01021411,Braintree 005B,Unable to prosecute suspect
09c8bc66b6aaea3394405b2ecc396761f870af6a9db0778edcd123a1363d0084,2018-12,Essex Police,Essex Police,0.471763,51.729820,On or near Supermarket,E01033140,Chelmsford 010F,Unable to prosecute suspect
853336d300baaddf6d3762f8372a52900dfb8c81e4c494722890dd936dadcd82,2018-12,Essex Police,Essex Police,0.912820,51.911482,On or near PAMPAS CLOSE,E01021668,Colchester 002A,Unable to prosecute suspect
87d5a61c768766a6d74d10240db73012fb9ab569081382603db3e994ee5df11c,2018-12,Essex Police,Essex Police,0.129177,51.762984,On or near OAKLANDS DRIVE,E01021836,Harlow 008D,Investigation complete; no suspect identified
e8a31c29c06e13b0355a07d15d813fce680496bec5022cb13814559bb6393ab2,2018-12,Essex Police,Essex Police,0.443001,51.944299,On or near BENDLOWES ROAD,E01021411,Braintree 005B,Unable to prosecute suspect
84266f09cffc5295e125edc1a1febf68cf7af1133b18f9261bdb3697da4679b6,2018-12,Essex Police,Essex Police,0.740635,51.534547,On or near LIFSTAN WAY,E01015894,Southend-on-Sea 016F,Offender given a caution
df4e38615dfb979e5a8a019d48a43a05aa70dda3e5f2bf606d6e6d7c9719bdd0,2018-12,Essex Police,Essex Police,0.484654,51.736715,On or near Prison,E01021627,Chelmsford 010E,Suspect charged
02dad4b4852d7af15e4c99c547bcfc6c4596bdaab104b8ef51af649d31ba56d9,2018-12,Essex Police,Essex Police,0.882997,51.952130,On or near BOXTED CHURCH ROAD,E01021659,Colchester 001C,Investigation complete; no suspect identified
de52c18b0cc12447d18f06fcdb1954e148e9fc340a3fe032ce4e2975581640ad,2018-12,Essex Police,Essex Police,0.478621,51.563832,On or near HIGHLANDS AVENUE,E01021324,Basildon 019C,Unable to prosecute suspect
91ad45ef88b3d52fd90308fa7c9634de3117f9f12ca2c547a635318cab881c4c,2018-12,Essex Police,Essex Police,1.100207,51.772653,On or near FIAT AVENUE,E01021988,Tendring 018A,Unable to prosecute suspect
8727a3c4fb54fae816995268651c621eedd66cc0a80d69ccb4d8b412edc5ea06,2018-12,Essex Police,Essex Police,1.101198,51.773158,On or near ESSEX AVENUE,E01021988,Tendring 018A,Unable to prosecute suspect
5c5cf9eef89c425ad748589b4f3bdd184a22529f58fe5b8490b71780e6a2b93f,2018-12,Essex Police,Essex Police,1.281610,51.937468,On or near HIGH STREET,E01022001,Tendring 001D,Unable to prosecute suspect
cc72fc1a58529325612c3f53c172d59eeef51ae4aa9d2a29cadc1aca754ce62f,2018-12,Essex Police,Essex Police,0.582049,51.716916,On or near EVES CORNER,E01021570,Chelmsford 016D,Unable to prosecute suspect
ad9b8042723c5e6d087e899b951336835c2eccc410903a6137faeb78984c02d8,2018-12,Essex Police,Essex Police,0.503773,51.578308,On or near MALYONS,E01021302,Basildon 013B,Unable to prosecute suspect
593da7d1bc39fe1cd2d8d6100c9ab1667e9d99b3356d825b1094ca5d6455b527,2018-12,Essex Police,Essex Police,0.450268,51.747429,On or near CANBERRA CLOSE,E01021596,Chelmsford 006E,Unable to prosecute suspect
4679df544ebdd1be1226d266294a095bf385d0fce09e8f322f93f7dd5678dfbd,2018-12,Essex Police,Essex Police,1.184084,51.801764,On or near BEDFORD ROAD,E01022035,Tendring 012D,Suspect charged
67e00fffc21e8abecd7b3f23f8903a929d3380ee9860f92758a36822e17f3b33,2018-12,Essex Police,Essex Police,0.096267,51.769898,On or near Parking Area,E01021872,Harlow 007E,Suspect charged
97452357d4e2695ac0f2799ef16557f961f43ea05bd71e10d2a591730c99536f,2018-12,Essex Police,Essex Police,0.456896,51.738199,On or near RAINSFORD AVENUE,E01021575,Chelmsford 009B,Suspect charged
2557b64c4049461e78fbbcd5f1b22fddc795fb37a4701a1b8782baf534e9d4ca,2018-12,Essex Police,Essex Police,0.916304,51.882445,On or near KIMBERLEY ROAD,E01021688,Colchester 011F,Action to be taken by another organisation
f336903b7626a5edb8b2e17e16ac6f05a8faa1db04ea70e40df480e29820c664,2018-12,Essex Police,Essex Police,0.456896,51.738199,On or near RAINSFORD AVENUE,E01021575,Chelmsford 009B,Unable to prosecute suspect
f9b2180a2d9e83403bbb2be10fb9d548a9007f511778bc0896b827b6c932dfaf,2018-12,Essex Police,Essex Police,0.092373,51.766253,On or near LUTHER KING ROAD,E01021868,Harlow 007B,Suspect charged
5625a509689bfa8f92cfaf70ecb06b78b1f37a0616ab2053ca88c504e26a1f3f,2018-12,Essex Police,Essex Police,0.610621,51.553486,On or near Supermarket,E01021518,Castle Point 006B,Unable to prosecute suspect
337f878165a261d5154e642c0955b648d401f4f29409b60543e640f19667d897,2018-12,Essex Police,Essex Police,0.429041,51.575724,On or near TEMPLE CLOSE,E01021289,Basildon 016C,Unable to prosecute suspect
eda902733be1c0102c6f563d8779c7f2af941c01cbf7beeb398ab0aa8097037a,2018-12,Essex Police,Essex Police,0.344899,51.645253,On or near Petrol Station,E01021467,Brentwood 005F,Investigation complete; no suspect identified
165d5554faaebef7d85e9cac6be43423698d57504e18f6fbe6ffb2442a37208e,2018-12,Essex Police,Essex Police,0.893215,51.892441,On or near MIDDLEBOROUGH,E01021646,Colchester 007A,Unable to prosecute suspect
34004b9ca3bc9f919b8da5eaecbfe6f6019d1a46bc56e57768b6b5a9fb4bee05,2018-12,Essex Police,Essex Police,0.484654,51.736715,On or near Prison,E01021627,Chelmsford 010E,Unable to prosecute suspect
d7f40d6a4bb829f007cd94a375dd05b82d541ceb43404b9d6a0c38b2b07b44b1,2018-12,Essex Police,Essex Police,0.841762,51.882813,On or near THRESHERS END,E01021720,Colchester 012C,Unable to prosecute suspect
b34ec6e9ad1c4cd444b68e425b3fec327d24700b987ff1e75ee51d180e54409f,2018-12,Essex Police,Essex Police,0.161920,51.714555,On or near BEAUFORT CLOSE,E01021799,Epping Forest 001E,Investigation complete; no suspect identified
80832fcabc728ec01254824fc485722104b2603d190914b58e85c9f2973c0d39,2018-12,Essex Police,Essex Police,0.161920,51.714555,On or near BEAUFORT CLOSE,E01021799,Epping Forest 001E,Investigation complete; no suspect identified
6d32959a4071dbcf0e4a31a2ba85e1e3121b8d44f5baa45b7080d759ec907a76,2018-12,Essex Police,Essex Police,0.302207,51.620297,On or near HIGH STREET,E01021433,Brentwood 007A,Unable to prosecute suspect
19c9fba1d06ade4e932c8d45a3dcba6c1897ff1eb74ef747794e62bebff1090e,2018-12,Essex Police,Essex Police,0.461621,51.777417,On or near WOODLANDS WAY,E01021542,Chelmsford 002A,Unable to prosecute suspect
2843f75694e151176cb9b62555aff8fcf776f88212eba68506816b340725cb4b,2018-12,Essex Police,Essex Police,0.368618,51.467540,On or near POYNDER ROAD,E01016007,Thurrock 018E,Unable to prosecute suspect
a97f9bf1bb4c7cf4181c2157c3e79229f37305e68be163832e6b59b6aa4ad90b,2018-12,Essex Police,Essex Police,0.069128,51.647343,On or near BARFIELDS GARDENS,E01021772,Epping Forest 013B,Unable to prosecute suspect
d8dfcc803072f01020bae11f5ec21976342a8203e3355a07b89e0a7ebffd1fa3,2018-12,Essex Police,Essex Police,0.424819,51.509667,On or near ST MARGARET'S AVENUE,E01015992,Thurrock 005C,Action to be taken by another organisation
adb1a55955d3ea76c4e3c9b4b0180b840236ef7e75b9afbd38ab1cc105702052,2018-12,Essex Police,Essex Police,0.784211,51.538980,On or near THE DRAKES,E01015882,Southend-on-Sea 013G,Unable to prosecute suspect
9bdfd082a6906b40cd88225c19526c202d2ba51cb72a500f40a86b0df45755f7,2018-12,Essex Police,Essex Police,0.828716,51.663909,On or near QUEENBOROUGH ROAD,E01021905,Maldon 006C,Unable to prosecute suspect
cbcaa4508c6bfa13b534c66d1d82aeab3683138ef907e7c56e4c268a63447a38,2018-12,Essex Police,Essex Police,0.023898,51.682366,On or near MARGHERITA PLACE,E01021810,Epping Forest 008D,Unable to prosecute suspect
f4a99f7ec63e05bd4f8e7d07c762582aa6a35bec00676cb3b57418194d56e57a,2018-12,Essex Police,Essex Police,1.157180,51.798550,On or near OXFORD ROAD,E01022043,Tendring 014B,Unable to prosecute suspect
b9a48aeeba26898e22a48f4cb3e0b7a78045c409038460b692cf4152cc37d558,2018-12,Essex Police,Essex Police,0.699071,51.596596,On or near VAUGHAN CLOSE,E01021931,Rochford 002E,Local resolution
849b694756533e88918bb8b5370821706012f06204d537f3b881a4a7ec09b31a,2018-12,Essex Police,Essex Police,0.563698,51.851784,On or near MARY RUCK WAY,E01021347,Braintree 013A,Unable to prosecute suspect
18d77e348adf5b1b30a3d49bd5f47be0b0574f950a3fbf9baa608c6cf745d543,2018-12,Essex Police,Essex Police,0.558912,51.553654,On or near Supermarket,E01021522,Castle Point 007C,Unable to prosecute suspect
62fcd2e64e9509b58c2b695c9a0bd15fc9129e206f629f1e63e1e0719258f38c,2018-12,Essex Police,Essex Police,0.256771,51.485655,On or near BAILEY CLOSE,E01015921,Thurrock 015A,Unable to prosecute suspect
2a3c97c99c8286859d3841164b4dc8d527625b118e1f9ca10fdcf91d68262b55,2018-12,Essex Police,Essex Police,0.496314,51.589942,On or near Shopping Area,E01021269,Basildon 012C,Investigation complete; no suspect identified
1fc516a4470c0bec5e08f1fc0e036685467bd56d18302e0950d438d108c8c9c3,2018-12,Essex Police,Essex Police,0.365268,51.874557,On or near THE MALTINGS,E01022069,Uttlesford 008D,Unable to prosecute suspect
01e7f19817ba10bad581794305d34aa3920d0c798d7ab0883dd4792fec674eb9,2018-12,Essex Police,Essex Police,0.728458,51.542161,On or near STROMNESS ROAD,E01015843,Southend-on-Sea 014E,Unable to prosecute suspect
4984550291aaf7e5bd2b8608eaf28fa826ef0479ee2d3617e39cfceec337c0b9,2018-12,Essex Police,Essex Police,0.365268,51.874557,On or near THE MALTINGS,E01022069,Uttlesford 008D,Unable to prosecute suspect
a430969199c1c508cd7259b1b62f4451a6af5a17dcd8bdd0823d44ca9679fcc6,2018-12,Essex Police,Essex Police,0.724423,51.546563,On or near ELY ROAD,E01015869,Southend-on-Sea 006A,Unable to prosecute suspect
ba553ab6f382698b1a7186a72f989c8f573d19181eac23c4aa40ddfd31b5d051,2018-12,Essex Police,Essex Police,0.737732,51.542170,On or near GLENMORE STREET,E01015884,Southend-on-Sea 009B,Unable to prosecute suspect
119ed740daf929aab2466457cfd0ebfd27a6899901e601541ac994902efc6783,2018-12,Essex Police,Essex Police,0.053139,51.645061,On or near Conference/Exhibition Centre,E01021781,Epping Forest 014B,Investigation complete; no suspect identified
bc4729c71f7e5f029f20353140ccd70f1b809e3f9506571ca2ec75ce30501b77,2018-12,Essex Police,Essex Police,0.616552,51.849693,On or near FRANCIS COURT,E01021360,Braintree 012A,Action to be taken by another organisation
c901315fe6454bf64352a18e1d01850e1d057f9875a1017681e4c08efe1931d5,2018-12,Essex Police,Essex Police,0.466439,51.574162,On or near LONGACRE,E01021266,Basildon 015A,Unable to prosecute suspect
c901315fe6454bf64352a18e1d01850e1d057f9875a1017681e4c08efe1931d5,2018-12,Essex Police,Essex Police,0.466439,51.574162,On or near LONGACRE,E01021266,Basildon 015A,Unable to prosecute suspect
5f4fea6777e7b514386ed367e927da4c4435bcf0160920a2c50af5ebdcb10469,2018-12,Essex Police,Essex Police,0.002803,51.669176,On or near THE GRANGE,E01021806,Epping Forest 009A,Investigation complete; no suspect identified
4d16fe1ad172cb4f01da159ac0397c49c8162c72fd59d57609efc486e1eafbf7,2018-12,Essex Police,Essex Police,0.691341,51.739716,On or near Sports/Recreation Area,E01021886,Maldon 003C,Local resolution
e7b3ac6d086627925dda1b06ddc9bfe747a92ebf03b7013cb197b882b5e4ee6d,2018-12,Essex Police,Essex Police,0.105544,51.696074,On or near BEECH PLACE,E01021762,Epping Forest 005C,Suspect charged
defb1452ec851ca1a9dd2d8807d7ed108df79e9b2e58332c64aa2c0dafd836f8,2018-12,Essex Police,Essex Police,0.335936,51.474932,On or near Parking Area,E01015962,Thurrock 016E,Unable to prosecute suspect
e5b50c67bb5745da6534f485650f8c2bd6267e8ba8f0303483d5f8dd09e2235a,2018-12,Essex Police,Essex Police,0.714495,51.537781,On or near CHICHESTER ROAD,E01015852,Southend-on-Sea 015B,Unable to prosecute suspect
6b493dddd19de8164e0d9e17e170861f63a5fc5a53d544611e31a8b83a895ffd,2018-12,Essex Police,Essex Police,1.269791,51.849580,On or near MARINA MEWS,E01022056,Tendring 006E,Suspect charged
b0b69d1266068315e3d6973120acc12bad9ddcff624f70315c503740f1aace1c,2018-12,Essex Police,Essex Police,0.112289,51.756671,On or near Parking Area,E01021823,Harlow 006D,Unable to prosecute suspect
5d497747874023bf782427ccfa9cfa3c896858c6d6f863af0271e51276d66824,2018-12,Essex Police,Essex Police,0.036220,51.774451,On or near THE GRANARY,E01021801,Epping Forest 002E,Investigation complete; no suspect identified
a7ac5fe4bf506dc945dcfee7a47003dde3ad7e678959540b05af2f0ea1850724,2018-12,Essex Police,Essex Police,0.036220,51.774451,On or near THE GRANARY,E01021801,Epping Forest 002E,Investigation complete; no suspect identified
0c2a7fe691255a7f5016d81bfaeca324de52e575d7f5587c5783ca997d26d7f3,2018-12,Essex Police,Essex Police,0.095357,51.767783,On or near Shopping Area,E01021872,Harlow 007E,Unable to prosecute suspect
0c2a7fe691255a7f5016d81bfaeca324de52e575d7f5587c5783ca997d26d7f3,2018-12,Essex Police,Essex Police,0.095357,51.767783,On or near Shopping Area,E01021872,Harlow 007E,Unable to prosecute suspect
3218f9a30e68c789dc797aa33b0564597cd4074d301cf6ef2c592c5fbdec0c21,2018-12,Essex Police,Essex Police,0.466702,51.578752,On or near THE UPWAY,E01021268,Basildon 015B,Action to be taken by another organisation
4f13099e00774b55430eecaf235a5c88a7f403fa46cdffcd9c50d8fe3b3b732a,2018-12,Essex Police,Essex Police,,,No location,,,Unable to prosecute suspect
50b5e50854091f569e731f83fa86cf0e9aaebae3f6acc16e698079a374fe2675,2018-12,Essex Police,Essex Police,0.592497,51.521692,On or near FURTHERWICK ROAD,E01021498,Castle Point 011B,Investigation complete; no suspect identified
461663da32bd8fefa9d3b804cb97307964dca27b09dde4b8d79771334b67e811,2018-12,Essex Police,Essex Police,0.111894,51.752865,On or near TYSEA ROAD,E01021838,Harlow 010A,Suspect charged
6096b41adadab0d8a2a15adf65b94628c79527bc4400d74588468cd061c78e91,2018-12,Essex Police,Essex Police,0.111894,51.752865,On or near TYSEA ROAD,E01021838,Harlow 010A,Suspect charged
776fe13e11956761fb3f75c9e3bb5b417035057e2905d0fd4a5909b649c0e507,2018-12,Essex Police,Essex Police,0.588021,51.566803,On or near SIXTH AVENUE,E01021511,Castle Point 002C,Suspect charged
7c5fe8a51326968b70a2d1b5a497ae5b27bcb728709b406d2781cdcb9d76fb85,2018-12,Essex Police,Essex Police,0.853942,51.709031,On or near BRADWELL ROAD,E01021907,Maldon 006E,Local resolution
7c5fe8a51326968b70a2d1b5a497ae5b27bcb728709b406d2781cdcb9d76fb85,2018-12,Essex Police,Essex Police,0.853942,51.709031,On or near BRADWELL ROAD,E01021907,Maldon 006E,Local resolution
450ea8b34b293858437105c16098fc224fb9b6fc203b4ad7c93ab3c1bafe98a1,2018-12,Essex Police,Essex Police,1.107714,51.802136,On or near EARLS HALL DRIVE,E01021977,Tendring 013C,Unable to prosecute suspect
9561562220b3f05ac01327a60c5f2c06ee4ba425ddd160f536f175e314f838c9,2018-12,Essex Police,Essex Police,0.245835,52.011245,On or near CROMWELL ROAD,E01022080,Uttlesford 002E,Investigation complete; no suspect identified
7a883f32e54f5fc27294bb849de2509630950b96c1a5ef2cfcc5a4432e5f2c94,2018-12,Essex Police,Essex Police,0.721827,51.535947,On or near WESLEY ROAD,E01015841,Southend-on-Sea 014C,Suspect charged
0dca37113e989291a81b34147c328235ee2e150a611ef8eec172dd6d4b377658,2018-12,Essex Police,Essex Police,0.710081,51.539700,On or near Further/Higher Educational Building,E01015854,Southend-on-Sea 015D,Investigation complete; no suspect identified
7fd0fedb1bb095b9d6ac456f55187fbaa3cabc2e1e924bc6b30b2715f619ac57,2018-12,Essex Police,Essex Police,0.480929,51.734015,On or near SANDRINGHAM PLACE,E01033141,Chelmsford 010G,Investigation complete; no suspect identified
4b3521b8addd16ba8416173dfff12958dff8b6365bc14ef29d35d4766ecf5c9b,2018-12,Essex Police,Essex Police,0.907072,51.891380,On or near ROMAN ROAD,E01021647,Colchester 007B,Unable to prosecute suspect
5c2e27cf64a3a1644ead4b33fe5856693de4d319728aded455e1aeb322d4908b,2018-12,Essex Police,Essex Police,0.110187,51.752320,On or near THE READINGS,E01021861,Harlow 010E,Unable to prosecute suspect
de0818c610b76e58730887a249ef41d4446484183b0b8b13678c972777513eb5,2018-12,Essex Police,Essex Police,0.132924,51.782232,On or near Supermarket,E01021856,Harlow 001C,Unable to prosecute suspect
a18b6fbc16483c5fd5a585673b84ff8294df5c0990fdcbefb15c9a1112e05627,2018-12,Essex Police,Essex Police,0.541834,51.629201,On or near LYNFORDS AVENUE,E01021594,Chelmsford 021B,Unable to prosecute suspect
cfb8df3426d06656978836adfd6e636da9e74dd4a7a035743b9254b18fff238b,2018-12,Essex Police,Essex Police,1.122534,51.801626,On or near WORDSWORTH WAY,E01021977,Tendring 013C,Unable to prosecute suspect
88ed2f651fc2fb39f7b5b64f995fbd641613d62e866fe3531d093b57cc3fd17d,2018-12,Essex Police,Essex Police,0.592220,51.520870,On or near Supermarket,E01021498,Castle Point 011B,Unable to prosecute suspect
41535622baba2ebaa3593495c48473e8b27980fed9b60e09050f75e70b092b54,2018-12,Essex Police,Essex Police,0.295133,51.619824,On or near SIR FRANCIS WAY,E01021439,Brentwood 007C,Unable to prosecute suspect
bd6b425f6e89f6809fedeeb87a9ff177b915152b0c18b6d8c31dcf3fff7aa0a6,2018-12,Essex Police,Essex Police,1.179408,51.796557,On or near MARINE PARADE EAST,E01022034,Tendring 012C,Formal action is not in the public interest
bcf8e82c4b2fa248d587fef64bd1e72330c391016fd1bcd636a4838d0307dc8a,2018-12,Essex Police,Essex Police,0.352501,51.595243,On or near DONOVAN'S GARDEN,E01021445,Brentwood 009A,Investigation complete; no suspect identified
cf3077738788f1cbe10f477d3ae55e0a4f5af96a5180681902bcfc483c57f4ab,2018-12,Essex Police,Essex Police,0.455025,51.557871,On or near FOBBING FARM CLOSE,E01021297,Basildon 020D,Unable to prosecute suspect
6790bab73abe9a81a92e7b853a447bbd5a81b3085a72c79f2215d26ad5e23558,2018-12,Essex Police,Essex Police,0.891788,51.889688,On or near POPE'S LANE,E01021646,Colchester 007A,Unable to prosecute suspect
3cfed9d903a6a9738e93299c13fcc5c45caad63266e81a822a3da27b4c1fe7e3,2018-12,Essex Police,Essex Police,0.500956,51.749158,On or near MARIGOLD CLOSE,E01021621,Chelmsford 007B,Unable to prosecute suspect
4f455f72ff5c9a7605eb832ce33cb4cd29ec42aa1219ba6178cb73121bdabbb5,2018-12,Essex Police,Essex Police,0.500956,51.749158,On or near MARIGOLD CLOSE,E01021621,Chelmsford 007B,Unable to prosecute suspect
f098b8dfb2dfcb558596655afd7b4de5740e2106f66c84f2f3ac406d40474a6f,2018-12,Essex Police,Essex Police,0.689093,51.553827,On or near Hospital,E01015858,Southend-on-Sea 004B,Local resolution
de6bd9725a62cab2f7415f4eca5fd7d9bb87f8e1ddefb99c59e40e87455db8ed,2018-12,Essex Police,Essex Police,0.500956,51.749158,On or near MARIGOLD CLOSE,E01021621,Chelmsford 007B,Unable to prosecute suspect
b16843083141c1938094cafcbe5b8250d66924f737b269faae79a15f964d40b3,2018-12,Essex Police,Essex Police,1.158318,51.802162,On or near BULL HILL ROAD,E01022043,Tendring 014B,Suspect charged
b16843083141c1938094cafcbe5b8250d66924f737b269faae79a15f964d40b3,2018-12,Essex Police,Essex Police,1.158318,51.802162,On or near BULL HILL ROAD,E01022043,Tendring 014B,Suspect charged
f9c722e14e41ca9fab3dca29cb0982f3d345c6d9300ad40980a487a1abb2f181,2018-12,Essex Police,Essex Police,0.495785,51.775195,On or near PRATT'S FARM LANE,E01021540,Chelmsford 001C,Unable to prosecute suspect
8def55b71f805fe96ce52ac6ce2acd6691bd4a981fc7084f4f9f170676cb59e7,2018-12,Essex Police,Essex Police,0.630344,51.582751,On or near THE SPINNEYS,E01021947,Rochford 009B,Further investigation is not in the public interest
519c92e7ddcc1f647d760ddfa17532f6760f811665c45e9cb0dda8b43010d75a,2018-12,Essex Police,Essex Police,1.126707,51.801344,On or near FLATFORD DRIVE,E01022030,Tendring 015C,Unable to prosecute suspect
be7f98fe5a4262f55510432e768e11790733a2658ff5cdb8737263fff6e3941c,2018-12,Essex Police,Essex Police,0.518719,51.613134,On or near MARKET ROAD,E01021329,Basildon 006B,Offender given a caution
6f67f0bc9a6e8acad52df069193d9ed4683aa3ef277f64d710b45d97d58c6fc5,2018-12,Essex Police,Essex Police,0.328178,51.472460,On or near CONWAY GARDENS,E01015952,Thurrock 017B,Unable to prosecute suspect
4a14491a8a0dd4a42ff023569fb2bba686a80d7e75b526802c87799803b5de2a,2018-12,Essex Police,Essex Police,0.689093,51.553827,On or near Hospital,E01015858,Southend-on-Sea 004B,Unable to prosecute suspect
7f9ddca2f5f76248cbb4dadcd66562fba616183498cec65cc9b9f9b51e4fcd8e,2018-12,Essex Police,Essex Police,1.134644,51.792588,On or near Supermarket,E01022032,Tendring 015E,Investigation complete; no suspect identified
bfab0f4c250906ab3a4c5509d3cb005e27fb8ba405a16a044d0a08d7925129c9,2018-12,Essex Police,Essex Police,0.600937,51.921327,On or near A131,E01021381,Braintree 007F,Local resolution
bd6ace9414b792c157dc125c9f0aadb44816b44a03b56372128cc722c7fa5f7c,2018-12,Essex Police,Essex Police,0.091419,51.747494,On or near Pedestrian Subway,E01021862,Harlow 011A,Suspect charged
12e933b56013faee38112bfba43e23ee944cef889284c4d61a1e1bdd74654557,2018-12,Essex Police,Essex Police,0.415497,51.622408,On or near Police Station,E01021244,Basildon 004A,Unable to prosecute suspect
12e933b56013faee38112bfba43e23ee944cef889284c4d61a1e1bdd74654557,2018-12,Essex Police,Essex Police,0.415497,51.622408,On or near Police Station,E01021244,Basildon 004A,Unable to prosecute suspect
0163059ab336c1e6a057a1c288cdfab2bcfb5fac658532f63d4d3c4acff34fbb,2018-12,Essex Police,Essex Police,0.269797,51.472409,On or near OLIVER CLOSE,E01016012,Thurrock 015C,Unable to prosecute suspect
b12195bb3166c7e94064235f04d5897792a4e87c19b197539c6883c40c5605f2,2018-12,Essex Police,Essex Police,0.541834,51.629201,On or near LYNFORDS AVENUE,E01021594,Chelmsford 021B,Unable to prosecute suspect
3dca8ca712a2d6faddbc8c97f186c5d088027e6ddd628c29b090d3aef6421de3,2018-12,Essex Police,Essex Police,1.077710,51.798051,On or near OLD SCHOOL CLOSE,E01022045,Tendring 018D,Unable to prosecute suspect
9d80b2dd715e5ef76da3a891f81841580b56b794d76f5d49e64a5dfc0c5900c3,2018-12,Essex Police,Essex Police,0.737918,51.551510,On or near LLOYD WISE CLOSE,E01015886,Southend-on-Sea 009D,Unable to prosecute suspect
774df8e8143c5145ac140302ab33c17e80c51594d0aa91b25ff61283cca4416b,2018-12,Essex Police,Essex Police,1.155426,51.805424,On or near Supermarket,E01022044,Tendring 013E,Unable to prosecute suspect
ea3b94576847380dffce1f741c884d026a8453a7c656e06506c2a46f8ac3f47f,2018-12,Essex Police,Essex Police,0.512294,51.872669,On or near FAIRY HALL LANE,E01021405,Braintree 010D,Offender given a caution
c16dd5368ea7a0082a365833234d65dca83014b4cdfb2c163edb660ccf5df2e1,2018-12,Essex Police,Essex Police,0.365572,51.478807,On or near THAMES VIEW,E01015935,Thurrock 012C,Unable to prosecute suspect
19e63b9f2956c301587d6cf9f0926c426e9bb4769f926b35accdb342f6469d66,2018-12,Essex Police,Essex Police,1.162243,51.792127,On or near ST PAUL'S ROAD,E01022049,Tendring 014D,Unable to prosecute suspect
f31463542ae59f4210162a863a0e290ff2a2075508b9b58a67b1e2a6f2ba1bb0,2018-12,Essex Police,Essex Police,1.158318,51.802162,On or near BULL HILL ROAD,E01022043,Tendring 014B,Unable to prosecute suspect
d25315b0c3c21f706a4c538792ba64ddee9f4c07bf97b514bbce751bdb50ad8d,2018-12,Essex Police,Essex Police,0.570329,51.886073,On or near Supermarket,E01021353,Braintree 009B,Unable to prosecute suspect
c2cd2e20c2b6ad54a8a8ac65344dbc44a4457fc5135447fbe730759505048436,2018-12,Essex Police,Essex Police,0.047947,51.621906,On or near OAK RISE,E01021744,Epping Forest 015C,Investigation complete; no suspect identified
3985abdccc5d3557f7aa0524a898760649e3bd76e99b6dbcdf32c4294c1e73a4,2018-12,Essex Police,Essex Police,0.122239,51.762445,On or near NICHOLLS FIELD,E01021821,Harlow 008A,Unable to prosecute suspect
81573aced5c1014864d0ee50cf84772170ff67c0dac7ceb8848cc8fe4eb8ecaa,2018-12,Essex Police,Essex Police,0.738338,51.542650,On or near DROITWICH AVENUE,E01015884,Southend-on-Sea 009B,Unable to prosecute suspect
9423479ca96c2fd6c1fa4df7b761660a6b6242419b9724a8ba7161ff49a7ac34,2018-12,Essex Police,Essex Police,0.924791,51.911976,On or near BERKLEY CLOSE,E01021670,Colchester 002C,Unable to prosecute suspect
faa71738b2ff4a5bbc26fea7e47984b56ed6ee477649043acb1c01f47b961c1a,2018-12,Essex Police,Essex Police,1.268630,51.846788,On or near AGAR ROAD,E01022056,Tendring 006E,Investigation complete; no suspect identified
805e1984d9cd1624dfb1da39e8ce5ba90fcbe1e4e8f15422a9d6c364ae6c11d3,2018-12,Essex Police,Essex Police,0.435357,51.771597,On or near WOODHALL HILL,E01021550,Chelmsford 003A,Suspect charged
957da009bf01e148f87256f059612570a464d8c8374a491b7dc8962ded045325,2018-12,Essex Police,Essex Police,0.367623,51.463342,On or near SPENCER WALK,E01016009,Thurrock 018G,Unable to prosecute suspect
7bb981514a53c3c439989a53117e50228d1ac158504178c399f754686bd84c94,2018-12,Essex Police,Essex Police,0.774326,51.532001,On or near CAULFIELD ROAD,E01015919,Southend-on-Sea 017F,Local resolution
4dc83fa73ce6d677935b99f84b14f8e2d3869fde32e30b7eb7b8bdc7346f6d52,2018-12,Essex Police,Essex Police,0.721827,51.535947,On or near WESLEY ROAD,E01015841,Southend-on-Sea 014C,Unable to prosecute suspect
a6550b82a543e0e8552e347103a4c1db2e073560873c0203a90727617f2af729,2018-12,Essex Police,Essex Police,1.158318,51.802162,On or near BULL HILL ROAD,E01022043,Tendring 014B,Suspect charged
a6550b82a543e0e8552e347103a4c1db2e073560873c0203a90727617f2af729,2018-12,Essex Police,Essex Police,1.158318,51.802162,On or near BULL HILL ROAD,E01022043,Tendring 014B,Suspect charged
a1ebd7e87708c0404cfb3f95cb08ee85ead3f0820054713707469d4e960f333c,2018-12,Essex Police,Essex Police,0.516633,51.570982,On or near WOODCOTE CRESCENT,E01021313,Basildon 018A,Investigation complete; no suspect identified
e4aa56c87d953ad13d5abfc53e1a14a1ffc1110357b461ef41ad0277fae2da5f,2018-12,Essex Police,Essex Police,0.201017,51.904129,On or near LOWER STREET,E01022083,Uttlesford 005C,Investigation complete; no suspect identified
4c328f8394297661a165708e1fc1cceae3eb8638ba11cca4590fd8a93ccac04b,2018-12,Essex Police,Essex Police,0.603720,51.592024,On or near BIRCH CLOSE,E01021925,Rochford 005C,Unable to prosecute suspect
c40510ac247db62b68ccb0f18b82766a9a916c4b7b8419645d0c780c110c63a5,2018-12,Essex Police,Essex Police,0.598355,51.523810,On or near RAINBOW ROAD,E01021496,Castle Point 009D,Unable to prosecute suspect
46c1489af530afc2379d1a5a96acf19d865ce43aaab0b31a6023b9d02c531362,2018-12,Essex Police,Essex Police,0.701379,51.543022,On or near CLIFF AVENUE,E01015896,Southend-on-Sea 010B,Suspect charged
4f2a97c5204065d196984e35917a41e70daa5cc27fff72febd57fab971537fe7,2018-12,Essex Police,Essex Police,0.910214,51.855885,On or near BOBER COURT,E01021658,Colchester 016B,Action to be taken by another organisation
da4f7dc94fc9fd7fcde9c68af53c4a7ff9f0c41da30e1d1cc0fb10960b8de692,2018-12,Essex Police,Essex Police,0.000092,51.682810,On or near CARTERSFIELD ROAD,E01021817,Epping Forest 008E,Investigation complete; no suspect identified
d670c28138b834b3f1716ff8378ace3ca79e409d05b220d8b5ae73cdc14369ca,2018-12,Essex Police,Essex Police,0.288966,51.632202,On or near Petrol Station,E01021464,Brentwood 004E,Unable to prosecute suspect
b2334ab7ab8aa32c3ff33ca0168a5a64ab66df69f01c64871666acd5518123e0,2018-12,Essex Police,Essex Police,0.134909,51.706012,On or near CHEVELY CLOSE,E01021756,Epping Forest 006A,Investigation complete; no suspect identified
da76d64f2314814bb2b98dcc6626c81bcf427ff9fa5d1138d2730b49e1c1f2ae,2018-12,Essex Police,Essex Police,0.509570,51.580028,On or near BURGUNDY GARDENS,E01021303,Basildon 011B,Investigation complete; no suspect identified
dccd34c7572f2bfe29b8a62a6d7215057251f126dbfbd9218edd79364db61bcd,2018-12,Essex Police,Essex Police,0.266696,51.893386,On or near Parking Area,E01022090,Uttlesford 006B,Unable to prosecute suspect
25a36de6948f68e8390db593cc4bffe54188e99f3487c02f4b635e622ab0b28f,2018-12,Essex Police,Essex Police,0.924388,51.887874,On or near HUNTING GATE,E01021706,Colchester 022H,Unable to prosecute suspect
54e5b08f63c03f9360ff31b8b9f659e7a0ce5e750416d7526603a64b90312629,2018-12,Essex Police,Essex Police,0.326939,51.490561,On or near LODGE LANE,E01015960,Thurrock 014A,Action to be taken by another organisation
283aa1f9ab434b7c6e1bec7b414b0929548646776b17253dd64e9495889f51d6,2018-12,Essex Police,Essex Police,0.371146,51.484927,On or near PHILIPPA WAY,E01015934,Thurrock 012B,Action to be taken by another organisation
7b54707c28f97d7ce16b9da3b20214c562381d51a20d5484c8f38c1688466898,2018-12,Essex Police,Essex Police,0.326939,51.490561,On or near LODGE LANE,E01015960,Thurrock 014A,Action to be taken by another organisation
dafd0365ad8eedd28aed49645dace4f113ab89b9b0b7ac2bd7fa9055997fae4d,2018-12,Essex Police,Essex Police,0.912317,51.854493,On or near BOYLES COURT,E01021658,Colchester 016B,Investigation complete; no suspect identified
5caf6e77ebc263faa8cc09544dfc2111ec6556295b7a6a84588874c74aacd80c,2018-12,Essex Police,Essex Police,0.529099,51.608090,On or near PEBMARSH DRIVE,E01021346,Basildon 008E,Unable to prosecute suspect
8ae6669bdd67ebf3a4a2a00dedfac6776b24dd9dff272267d269e981cf88fa5c,2018-12,Essex Police,Essex Police,0.326939,51.490561,On or near LODGE LANE,E01015960,Thurrock 014A,Action to be taken by another organisation
6efeaf6edcd1eebd7cbc53458009c9f58eefd3430d21154b6212cfc6a7c22624,2018-12,Essex Police,Essex Police,0.529099,51.608090,On or near PEBMARSH DRIVE,E01021346,Basildon 008E,Local resolution
f3e9106c7d6a53f15944ee762372ebc0f8cd241e55ff5594c08fe4000aae7beb,2018-12,Essex Police,Essex Police,0.112398,51.774852,On or near HOWARD WAY,E01021850,Harlow 003B,Investigation complete; no suspect identified
8967b39d5cf74282ea5eb2ae613c39d58e5f260c24ed08fc0f70156b930a3ca3,2018-12,Essex Police,Essex Police,0.517838,51.597990,On or near LOWER PARK ROAD,E01021344,Basildon 008D,Unable to prosecute suspect
3c97faab45f5508aaf988c1b1117a9c77a2d4f2bf5a7c5d32de1e795ac92a9ee,2018-12,Essex Police,Essex Police,0.703299,51.583674,On or near Hospital,E01021955,Rochford 004D,Unable to prosecute suspect
eada2b37c373977216dd80b85510422995a49a4bb9a518709b6492074c1a1f11,2018-12,Essex Police,Essex Police,1.131771,51.799050,On or near AZALEA WAY,E01022023,Tendring 015A,Unable to prosecute suspect
dc84a88be57650b7d36671d816d51069b397675d1e9455674312bf2be8807aee,2018-12,Essex Police,Essex Police,1.107714,51.802136,On or near EARLS HALL DRIVE,E01021977,Tendring 013C,Local resolution
573887ee6cfcb1a6b8f936ebfba4b4340e47650824a71ab56c0b03ab42863d11,2018-12,Essex Police,Essex Police,-0.005991,51.677716,On or near HOWSE ROAD,E01021817,Epping Forest 008E,Offender given a drugs possession warning
1557dcbe304e4d13176006139289ebe1d233454beb6265a8a39999fdbf281d60,2018-12,Essex Police,Essex Police,0.614756,51.620503,On or near OAKLEIGH AVENUE,E01021945,Rochford 001D,Unable to prosecute suspect
55b128acee44e52d48598d3229eb251bfc2bfa9a3f75a5d89612546e96f0f10b,2018-12,Essex Police,Essex Police,0.096806,51.749008,On or near PETERSWOOD,E01021859,Harlow 010C,Unable to prosecute suspect
6fabbffaed36cf590689ffb1440dce9ec7d389c31c33c899e7abce9e3f895d28,2018-12,Essex Police,Essex Police,0.132812,52.052291,On or near ROYSTON LANE,E01018238,South Cambridgeshire 017A,Investigation complete; no suspect identified
fdd251a50f4d3fb21a3aa0d498a51c7ced86401e1ef5f5fea6652736d6cd02bb,2018-12,Essex Police,Essex Police,0.735950,51.551879,On or near HAMSTEL ROAD,E01015875,Southend-on-Sea 006G,Unable to prosecute suspect
6a0557814c7f5b1ee9cdd2902a85aa734eed9765f851b8f6ffb761f4bdc91772,2018-12,Essex Police,Essex Police,0.735950,51.551879,On or near HAMSTEL ROAD,E01015875,Southend-on-Sea 006G,Unable to prosecute suspect
445aa93267e7ce7846c1c4a539c4b3a6ee2903a70b83e5d468e29081a3ba9b36,2018-12,Essex Police,Essex Police,0.214907,51.870273,On or near Parking Area,E01022059,Uttlesford 009A,Investigation complete; no suspect identified
e4fe942caa198c992260caab86cecaa874800664466efee7524af81c92bcad67,2018-12,Essex Police,Essex Police,0.111894,51.752865,On or near TYSEA ROAD,E01021838,Harlow 010A,Investigation complete; no suspect identified
6f06856ac91b4428b03d6eaa59d74eb8b6d8a1a6bf6240b1c00d88620d84f565,2018-12,Essex Police,Essex Police,0.829057,51.661256,On or near ELSDEN CHASE,E01021906,Maldon 006D,Unable to prosecute suspect
486864f7ee6bfc88bb25901c49b07c3b916df8ee2f1c38bb31ba55a188d09674,2018-12,Essex Police,Essex Police,0.529294,52.042809,On or near MEETING LANE,E01021414,Braintree 001C,Unable to prosecute suspect
f04dc4b5df6221c3b2eb3f114d0323f7f9937a940672dfb3af6c238b32ddc3ea,2018-12,Essex Police,Essex Police,0.591119,51.521803,On or near STUART CLOSE,E01021484,Castle Point 011A,Unable to prosecute suspect
bf63701e3ba1ee56c84b760eb8b0d101e1ea6584217ee0ed6b5449fb9a665547,2018-12,Essex Police,Essex Police,0.900116,51.889231,On or near Shopping Area,E01021649,Colchester 007D,Unable to prosecute suspect
f16e76a17a339c4d66c3efc73a0fb87c516893fc630520954419483ef0a02784,2018-12,Essex Police,Essex Police,0.592050,51.522960,On or near WAARDEN ROAD,E01021498,Castle Point 011B,Suspect charged
3cfdbd5a8ed6aef9c423c812da0d7021e0167a49a48d624d5a3531e979731c1a,2018-12,Essex Police,Essex Police,0.592050,51.522960,On or near WAARDEN ROAD,E01021498,Castle Point 011B,Suspect charged
c566b23e0cbc486335eca019e051b3bdd3ceee9bf6517260fde51de4b1dab039,2018-12,Essex Police,Essex Police,0.592050,51.522960,On or near WAARDEN ROAD,E01021498,Castle Point 011B,Suspect charged
3c1d0d046b790834b289bc79f51d4322f7ca46f102a851d46856997a7b1c2f59,2018-12,Essex Police,Essex Police,0.592050,51.522960,On or near WAARDEN ROAD,E01021498,Castle Point 011B,Suspect charged
3f2023ce9a3904a912a1d71a893cc84fb98cfd5c60534e3919525a42df0690b2,2018-12,Essex Police,Essex Police,0.508934,51.572676,On or near TANSWELL CLOSE,E01021304,Basildon 013C,Unable to prosecute suspect
5471b134137f2bb340c9f0ab0f6b802e70aa89be469c6f37ff635f81a1af0b3e,2018-12,Essex Police,Essex Police,0.845996,51.887271,On or near HEDGEROWS,E01021719,Colchester 012B,Unable to prosecute suspect
c71440ead9f07802ca70f0f4dd15189d473f83e98eac0eadea7d214b0809c6c6,2018-12,Essex Police,Essex Police,1.155579,51.802416,On or near WINDMILL PARK,E01022043,Tendring 014B,Unable to prosecute suspect
777911186e69b49bdbd7bd525bd35dc4e65d902692d07ce3b7277b722eef4cd7,2018-12,Essex Police,Essex Police,0.297322,51.628261,On or near ROBIN HOOD ROAD,E01021431,Brentwood 004A,Unable to prosecute suspect
36a380b47252739926a8d564e1bca0d0c4158e702d536cd11c1bda300396e95f,2018-12,Essex Police,Essex Police,0.592084,51.520253,On or near Parking Area,E01021498,Castle Point 011B,Investigation complete; no suspect identified
4621304f761a9b6498480e223c42700e427bb59ce2a22621d573f4d37cf88201,2018-12,Essex Police,Essex Police,0.597617,51.594371,On or near SIR WALTER RALEIGH DRIVE,E01021959,Rochford 006E,Investigation complete; no suspect identified
8d90248c8ecde93620c25e7949e110d1e63d46d5a38a6d2fdd6d97cd76e2a3f6,2018-12,Essex Police,Essex Police,0.699153,51.546113,On or near WEST ROAD,E01015862,Southend-on-Sea 004F,Suspect charged
226048c95cf7a97eccd1e69110f82fb41247f1662206951436476454db220bfe,2018-12,Essex Police,Essex Police,0.865458,51.880655,On or near Supermarket,E01021693,Colchester 014E,Investigation complete; no suspect identified
b3e393c79e1599fddfa10193976bf849698237c1e8dfcc3c11deaa58096f82b9,2018-12,Essex Police,Essex Police,0.122771,51.649209,On or near SPUR CLOSE,E01021770,Epping Forest 010A,Investigation complete; no suspect identified
578dba0b480cc35642760f78141e6e5e5ba9184e69a6b55e052f01e6bae34576,2018-12,Essex Police,Essex Police,0.296900,51.613332,On or near VICTORIA ROAD,E01021439,Brentwood 007C,Unable to prosecute suspect
ed50292f1241235b571609928e2d354cf9bc13590a64ae9aa5a431a6e1dc08eb,2018-12,Essex Police,Essex Police,0.296462,51.509885,On or near VICTORIA'S WAY,E01015932,Thurrock 006A,Unable to prosecute suspect
6669e508a59f1b351d62915000088c9537913ac4f88355d4c81abc0414793cf9,2018-12,Essex Police,Essex Police,0.640291,51.560610,On or near BROADLAWN,E01015817,Southend-on-Sea 003D,Unable to prosecute suspect
4db6442625412e4be50e926bc28b8401ecc59a2494884490f9c239c97b2a84fc,2018-12,Essex Police,Essex Police,0.502460,51.568587,On or near OAKWOOD GROVE,E01021305,Basildon 013D,Unable to prosecute suspect
2c02896c99d1e45141ebac916c0c0c367f60eaaf3281738f566fb6f0499536ea,2018-12,Essex Police,Essex Police,0.105862,51.779231,On or near NETTESWELL ROAD,E01021853,Harlow 003E,Action to be taken by another organisation
cce25e8810380650dc4b7e3891fa156666b84b8f5ccfc69fc7ab4a260e048620,2018-12,Essex Police,Essex Police,0.610621,51.553486,On or near Supermarket,E01021518,Castle Point 006B,Local resolution
45d591b8cb72c17aad0f862ad5b08a7cf8a9efbcfd004490ac1c69b033eafec7,2018-12,Essex Police,Essex Police,0.912317,51.854493,On or near BOYLES COURT,E01021658,Colchester 016B,Investigation complete; no suspect identified
b713085e8fa9bebb179a93c9df1ca275bfb1c8c24eba09cdef2cbb0fe43e622e,2018-12,Essex Police,Essex Police,0.105862,51.779231,On or near NETTESWELL ROAD,E01021853,Harlow 003E,Investigation complete; no suspect identified
f1a657ca086b654c1ad6478c945aaab9d427d4d60c5bb9b26d7cfc7094db4041,2018-12,Essex Police,Essex Police,0.723844,51.533985,On or near SOUTHCHURCH AVENUE,E01015842,Southend-on-Sea 014D,Unable to prosecute suspect
ba5c7a6616a512f68fa819a68e82ee06c86949123eef4cdd5e5da163faf0dd83,2018-12,Essex Police,Essex Police,0.615627,51.651466,On or near MILLARS CLOSE,E01021612,Chelmsford 019B,Unable to prosecute suspect
211c3b31f4275141c06ef0a9da9e636b7d3c25048e1541648e43151fbad9e073,2018-12,Essex Police,Essex Police,0.130466,51.781135,On or near EAST PARK,E01021856,Harlow 001C,Action to be taken by another organisation
9900463f272383be0ed290f43e8847da8adc2a6976833678dc8ae9fe01c5c684,2018-12,Essex Police,Essex Police,0.105862,51.779231,On or near NETTESWELL ROAD,E01021853,Harlow 003E,Action to be taken by another organisation
756425a7824601d7197402971d6dd05c22196c1f56bd91254313b567516084d5,2018-12,Essex Police,Essex Police,0.455025,51.557871,On or near FOBBING FARM CLOSE,E01021297,Basildon 020D,Unable to prosecute suspect
328b1a9e41eb134516f9e61f23f08dcf0cf0bbf3c4c613c1423d48d2abf1c1d1,2018-12,Essex Police,Essex Police,0.482637,51.565249,On or near RAVENSCOURT DRIVE,E01021327,Basildon 019E,Unable to prosecute suspect
54bf874d14ce92f11b1cb37ef1f015c49ef182236b49f050f76771d908e1fbac,2018-12,Essex Police,Essex Police,0.298707,51.625375,On or near GEARY DRIVE,E01021433,Brentwood 007A,Unable to prosecute suspect
19b677890239575b3400c4d6e1724260248c7d00ea4560b646b49e386be75307,2018-12,Essex Police,Essex Police,0.397221,51.526719,On or near OXFORD ROAD,E01015980,Thurrock 004D,Unable to prosecute suspect
a08f5dd8c58b38d58e35c2384e68d887f77b13129bfe6d1415478979f7fc7466,2018-12,Essex Police,Essex Police,0.250610,51.495981,On or near HALL CRESCENT,E01015922,Thurrock 008A,Unable to prosecute suspect
c4c2d7ee079cfdc0aad75d40e44dfe9d517104b209cc634bacfdfd43ef71369d,2018-12,Essex Police,Essex Police,0.864995,51.847328,On or near THE FOLLY,E01021645,Colchester 019C,Suspect charged
b269aa9328cf9a2fcb2cb913bbd4078fd118f119c756ba8c630976f21cdfda0c,2018-12,Essex Police,Essex Police,0.872165,51.869385,On or near JOHN KENT AVENUE,E01021711,Colchester 015A,Unable to prosecute suspect
023bb7df1657e7226082a13ed81ad71a06a42dce8c080708b630afade3399197,2018-12,Essex Police,Essex Police,0.617702,51.582063,On or near WINDSOR WAY,E01021950,Rochford 008A,Further investigation is not in the public interest
6c59e86032645f96ac93c33d7080bb9e913d90d1679d67768e87787c1099d349,2018-12,Essex Police,Essex Police,0.434606,51.569125,On or near ARMADA CLOSE,E01021288,Basildon 016B,Unable to prosecute suspect
3f12f41f5fbb3a929e25fdd97b62fca9cd793c3a0a3ffbb42a9fe884119abed2,2018-12,Essex Police,Essex Police,0.095939,51.770326,On or near Parking Area,E01021872,Harlow 007E,Suspect charged
a37e30542bb052dd02f35d301c3e36ea7ac4e9aae83c0ed14e608507755030a6,2018-12,Essex Police,Essex Police,0.397253,51.509757,On or near Petrol Station,E01015979,Thurrock 004C,Local resolution
b5d1f4841253e10539255d361eaf7ca86fd7f335375d743bc938e8ec4446dc93,2018-12,Essex Police,Essex Police,0.074436,51.648671,On or near COLLEGE CLOSE,E01021790,Epping Forest 012E,Unable to prosecute suspect
41b5256e8edb45e867d218d407690506be874aaaad00871386d6d437801f977c,2018-12,Essex Police,Essex Police,0.661580,51.548617,On or near CLOVA ROAD,E01015821,Southend-on-Sea 005B,Unable to prosecute suspect
0fa10a0e7ee2aab87ce48a1a457c23647863c484d89b7310c64c031aa24f6934,2018-12,Essex Police,Essex Police,0.915055,51.883582,On or near REBOW STREET,E01021687,Colchester 011E,Suspect charged
2435d465ddf05f310235132b36c3abefdd63ad870635ce6554576012f4bab3be,2018-12,Essex Police,Essex Police,0.101619,51.749380,On or near LOWER MEADOW,E01021858,Harlow 010B,Unable to prosecute suspect
7e4059727501503689548c6e3f39715557dca58fa03309c6cbe52e1162a77893,2018-12,Essex Police,Essex Police,0.573633,51.880308,On or near WHEATLEY AVENUE,E01021370,Braintree 011B,Investigation complete; no suspect identified
63dd5886b757569539668a69ec4b73847f09f4d2840432c10b561acfba17f5be,2018-12,Essex Police,Essex Police,0.899209,51.924796,On or near Parking Area,E01021682,Colchester 004D,Unable to prosecute suspect
6536ce5bc81acbbd14dcd869dadbb6da88a2aa18008be62dcbad764c98f593c5,2018-12,Essex Police,Essex Police,0.354506,51.628414,On or near BOURNEBRIDGE CLOSE,E01021449,Brentwood 003B,Investigation complete; no suspect identified
c2fdd00388a971086de60e28bff4885c49cc0f0c554c506f7bd68f133c612443,2018-12,Essex Police,Essex Police,0.082820,51.643936,On or near CHIGWELL LANE,E01021773,Epping Forest 013C,Investigation complete; no suspect identified
d0000455881de5b627dd463b5f6da7d675edce2efc8485197e940c215e74a54d,2018-12,Essex Police,Essex Police,0.865458,51.880655,On or near Supermarket,E01021693,Colchester 014E,Offender given a caution
d0000455881de5b627dd463b5f6da7d675edce2efc8485197e940c215e74a54d,2018-12,Essex Police,Essex Police,0.865458,51.880655,On or near Supermarket,E01021693,Colchester 014E,Offender given a caution
0fa2be3bf07913545375917015f80e28e1ea028c98e7b9d75a4f3c35b44ce50b,2018-12,Essex Police,Essex Police,0.453619,51.752854,On or near TUGBY PLACE,E01021589,Chelmsford 006C,Unable to prosecute suspect
a10634df2113fba574a2af3e2f7eb1910ebde88ce00220b0fc94435bbedbdefd,2018-12,Essex Police,Essex Police,0.639661,51.548987,On or near EATON ROAD,E01015913,Southend-on-Sea 008F,Action to be taken by another organisation
8b7ac1a5d78310e16d511dfc043063e9b58f7c02d8847d1cb2e01e27ca42c4cf,2018-12,Essex Police,Essex Police,0.793895,51.529432,On or near SMITH STREET,E01015877,Southend-on-Sea 013B,Unable to prosecute suspect
4952401de02493bc144ee7cda4c9d1b572718bb92c02c2b5de29f4e80968904a,2018-12,Essex Police,Essex Police,0.671857,51.550704,On or near Parking Area,E01015820,Southend-on-Sea 005A,Unable to prosecute suspect
344cbbf3304ee1c87434710b386ae33a84688afbf51225f845ee6dc453639a62,2018-12,Essex Police,Essex Police,0.298021,51.667816,On or near Supermarket,E01021441,Brentwood 001A,Investigation complete; no suspect identified
ab513fc7dcf54d211705a113268bd22b1094da5e12dc5d92b8dbeb5b9985db37,2018-12,Essex Police,Essex Police,0.676984,51.732822,On or near CROMWELL HILL,E01021891,Maldon 004C,Unable to prosecute suspect
155ddd1ac1fe0522d1fac74bb165f831c9c840ee5068f3bed658af2548664c48,2018-12,Essex Police,Essex Police,0.907073,51.877224,On or near DUDLEY CLOSE,E01021642,Colchester 018F,Unable to prosecute suspect
0d0ad4b9dac3d594d816fdfa4c56c4b7c1f5846ad21a3ff88126e640fa1116ba,2018-12,Essex Police,Essex Police,0.608119,51.553128,On or near HIGH STREET,E01021518,Castle Point 006B,Investigation complete; no suspect identified
377d424eb7088dfa96528df1e59189c463586d16b15f725661c16518fcd75ff3,2018-12,Essex Police,Essex Police,0.243639,51.486627,On or near A1306,E01015921,Thurrock 015A,Investigation complete; no suspect identified
4f48db0dbf576e96a0433b37be038ef790857621d4745b6d8a5030ff3b3e9506,2018-12,Essex Police,Essex Police,0.093567,51.769182,On or near Shopping Area,E01021872,Harlow 007E,Suspect charged
c9600e9c379e0fbfa279545d23b168818cbcee9d1f70610a6f7661ada342d7be,2018-12,Essex Police,Essex Police,0.241829,52.022355,On or near Parking Area,E01022076,Uttlesford 002B,Unable to prosecute suspect
55e16c04342c068f9b44c55e79515f397564e77816ba0a0d0d32428bda18d926,2018-12,Essex Police,Essex Police,0.193109,51.872201,On or near DUNMOW ROAD,E01022087,Uttlesford 005F,Investigation complete; no suspect identified
937e4271c735d03ee11b8fd2e279bbe4b82e825eb0b0abb6100c54a88f180dc8,2018-12,Essex Police,Essex Police,0.903719,51.884699,On or near Petrol Station,E01021683,Colchester 011A,Unable to prosecute suspect
0b80c44633ba2dbf809574fda2366b97e34a98d540b0b657d02060a1a967b685,2018-12,Essex Police,Essex Police,0.714345,51.540114,On or near SOUTHCHURCH ROAD,E01015895,Southend-on-Sea 010A,Local resolution
b92a44a14647da3a9a8b5b81356ea73ed4f96549dda3b8fea6c45415f357c61f,2018-12,Essex Police,Essex Police,0.900615,51.887717,On or near VINEYARD GATE,E01021649,Colchester 007D,Suspect charged
8e15eaffd12047108793f3f580fb9b20dd1a24f0138c291f748bbc1aacc8bc17,2018-12,Essex Police,Essex Police,0.723523,51.552753,On or near WEYBOURNE CLOSE,E01015871,Southend-on-Sea 006C,Unable to prosecute suspect
40d689503c23f37f68551acfea0e7260fe52aef92fe090f2a76c640ff3dfad7a,2018-12,Essex Police,Essex Police,0.714390,51.538674,On or near Parking Area,E01015852,Southend-on-Sea 015B,Investigation complete; no suspect identified
7b71e269c9cb6943be376c053551801c2639ab7c292bef80f6d3ce0054d5be77,2018-12,Essex Police,Essex Police,0.663525,51.564870,On or near FOUR SISTERS CLOSE,E01015864,Southend-on-Sea 002B,Unable to prosecute suspect
51fa230102278bf6bf9f6b9f2b6258a15fe32f56d9a8da4011c5d69d1f7dbbd7,2018-12,Essex Police,Essex Police,0.663525,51.564870,On or near FOUR SISTERS CLOSE,E01015864,Southend-on-Sea 002B,Unable to prosecute suspect
0979abd2a872ca0ac3d773743e17f9f69e7aed36027b568714e898ebb1669563,2018-12,Essex Police,Essex Police,1.136644,51.806134,On or near DIXON AVENUE,E01021976,Tendring 013B,Unable to prosecute suspect
70b7c1d48c7597bc4aed154d3f788c85aa10d5e0925316c575001647708be71a,2018-12,Essex Police,Essex Police,1.153772,51.805001,On or near Parking Area,E01022042,Tendring 014A,Unable to prosecute suspect
33857301d167473447ce1cf27b60ee3a6eea194f6758b1af4d9fe115a4eabb9d,2018-12,Essex Police,Essex Police,0.723380,51.536595,On or near YORK ROAD,E01015840,Southend-on-Sea 014B,Unable to prosecute suspect
b2d1044f8f1f08e3ed01fff4a3811aaf3804ddfc57d1fbea48c8bb1f6c1e61d4,2018-12,Essex Police,Essex Police,0.808924,51.884996,On or near TURKEY COCK LANE,E01021654,Colchester 010A,Unable to prosecute suspect
f153527388b037ce4f7c03b184c3b91cd788102c3034a4d27c07dd0211ac7b6d,2018-12,Essex Police,Essex Police,0.095787,51.770176,On or near TERMINUS STREET,E01021872,Harlow 007E,Investigation complete; no suspect identified
96d1886213abe1efee892e407def0b59f116aaac3270a2f897ebcf4b70ff3291,2018-12,Essex Police,Essex Police,1.248772,51.844290,On or near Supermarket,E01021994,Tendring 008B,Investigation complete; no suspect identified
01a81e691c45d73eadaee4729c8ed459b33ef7fa190f7cc79ea3d1df72599f78,2018-12,Essex Police,Essex Police,0.658225,51.547974,On or near Supermarket,E01015821,Southend-on-Sea 005B,Investigation complete; no suspect identified
6d9896a70137f29172f01fc0a7c441e78538682c2855b446971fd4e71cf50aed,2018-12,Essex Police,Essex Police,0.289636,51.509129,On or near BINGHAM CLOSE,E01015932,Thurrock 006A,Unable to prosecute suspect
4d57fcf08e48f1a8796958bb6a73dd5b7f85bad29b0b7cd182667c24d8a9e7f5,2018-12,Essex Police,Essex Police,1.093192,51.896326,On or near B1035,E01022019,Tendring 003E,Unable to prosecute suspect
0874c99cc9489b893d4b35e074e79edd03c71523fde004f4cdfe212fd72f7881,2018-12,Essex Police,Essex Police,0.590484,51.514676,On or near LEIGH ROAD,E01021499,Castle Point 011C,Offender given a caution
e2fb26263121bb5b449ee222377a20ac5e68ad46b283b45bd165951d17b2904d,2018-12,Essex Police,Essex Police,0.105174,51.770368,On or near MADDOX ROAD,E01021849,Harlow 003A,Investigation complete; no suspect identified
5c0c0b22addb779339cd0f4faef63c11e28661149349823012b916c60c765ca5,2018-12,Essex Police,Essex Police,0.810070,51.551602,On or near ST JOHN'S ROAD,E01021923,Rochford 010D,Unable to prosecute suspect
924130aadea50b42a2a0f6444c1021ab5ecf27e1a6ef5dfbf9980813ca6c2d31,2018-12,Essex Police,Essex Police,0.711024,51.538338,On or near Parking Area,E01015854,Southend-on-Sea 015D,Unable to prosecute suspect
2a953a789a7f824ddde47cd0510d9494c5bf0aa2c78b128d2386d9995eae784b,2018-12,Essex Police,Essex Police,0.648260,51.558695,On or near Supermarket,E01015819,Southend-on-Sea 003F,Unable to prosecute suspect
ef1609b1033fa1c4819e29e13bdd6b930df748cc9b50d357655057b92772e4ba,2018-12,Essex Police,Essex Police,0.455025,51.557871,On or near FOBBING FARM CLOSE,E01021297,Basildon 020D,Unable to prosecute suspect
67b74ae7b6a042b9baf5110f2173a59b3fc78f786fd0bb20ff8d4625b6c013f2,2018-12,Essex Police,Essex Police,0.895248,51.895808,On or near JOHN HARPER STREET,E01021650,Colchester 007E,Unable to prosecute suspect
8bf1c0ac4f1d627812222d83a8b5c41f5434b88114d4cf95a43cd68992142a57,2018-12,Essex Police,Essex Police,0.463136,51.523203,On or near CHURCH ROAD,E01015945,Thurrock 002A,Investigation complete; no suspect identified
39cfd1bfbb49a2a046737d9c184f5592f1cc58d084b4b49dcc72ebeb044a9bed,2018-12,Essex Police,Essex Police,0.507506,51.575054,On or near Pedestrian Subway,E01021303,Basildon 011B,Suspect charged
de1747b128b4e0dd1b915026708bdac3a8594dad9bab32d4d7da9a26a9550a71,2018-12,Essex Police,Essex Police,0.773939,51.874783,On or near THE CRESCENT,E01021678,Colchester 010E,Local resolution
a775fbdc804d75556f7d680d60236bced2715392a18866919496834ec61dd4c2,2018-12,Essex Police,Essex Police,0.481287,51.514736,On or near Park/Open Space,E01015946,Thurrock 001C,Investigation complete; no suspect identified
91fe7babf336e7c2cf5cb59d7e71f4bca2707fea8886a073e853ab62a27b1149,2018-12,Essex Police,Essex Police,1.132359,51.801049,On or near FUCHSIA WAY,E01022023,Tendring 015A,Suspect charged
75c5b5636e215562bdb29cd5d09b6913d8fa9595b6ce1fc4cf2c50a5b78d844b,2018-12,Essex Police,Essex Police,1.156341,51.788832,On or near BEACH ROAD,E01022025,Tendring 016B,Unable to prosecute suspect
7888b751101282d52f5aa7de0e379b7be2119ba1e312a00039b73886d32f010b,2018-12,Essex Police,Essex Police,0.296900,51.613332,On or near VICTORIA ROAD,E01021439,Brentwood 007C,Unable to prosecute suspect
eb869444f8f4ea4022aabd9d25232917e262ad105430355a1f1894cb849d16cf,2018-12,Essex Police,Essex Police,0.480348,51.577007,On or near THE FREMNELLS,E01021270,Basildon 012D,Investigation complete; no suspect identified
4e1b944e55921859351540151803a94d7c4da3e2182b79f1056ca22b6159db02,2018-12,Essex Police,Essex Police,0.891763,51.887710,On or near CROUCH STREET,E01021649,Colchester 007D,Suspect charged
fd02635bdba6946c54233a65162fd9082adc263ee1aea17111e7f675d594fe33,2018-12,Essex Police,Essex Police,0.692323,51.546971,On or near BRIGHTWELL AVENUE,E01015902,Southend-on-Sea 007B,Unable to prosecute suspect
c11397efbf840b109620ec7c6fd2b560d292e96c8197973bc3916132a87a92bc,2018-12,Essex Police,Essex Police,0.082897,51.648143,On or near VERE ROAD,E01021776,Epping Forest 011C,Investigation complete; no suspect identified
a0d5bcf5f098d4d3cf4dfc2f7c7e319ed95488f5f078541465c026b030db08dd,2018-12,Essex Police,Essex Police,1.239394,51.838271,On or near Petrol Station,E01021995,Tendring 008C,Investigation complete; no suspect identified
495fc2fa2b3637404b39a5da0bc93e14f5a60930de64ac3c3f2a1060d9261263,2018-12,Essex Police,Essex Police,0.657230,51.938910,On or near FIRST AVENUE,E01021389,Braintree 006A,Unable to prosecute suspect
c9e028565b409a553209aea65dde9abbfcdbd4bf8ca1231333c6e653b18c68e1,2018-12,Essex Police,Essex Police,0.581995,51.520808,On or near REMBRANDT CLOSE,E01021484,Castle Point 011A,Unable to prosecute suspect
2605aa8f78ecf64ebb9ca2146a1576730b150f6116623119188ddb41e081710f,2018-12,Essex Police,Essex Police,0.915055,51.883582,On or near REBOW STREET,E01021687,Colchester 011E,Suspect charged
bfd34828dfba851dbf541c9836539e1e0937bfa0ff52e07f32ebf5f9218b4b8a,2018-12,Essex Police,Essex Police,0.341751,51.488368,On or near DENECROFT GARDENS,E01015970,Thurrock 014E,Investigation complete; no suspect identified
6c5abf804e0435e46f7bc1e62f0548e7fcd9552f383f6211481c54d1331862b5,2018-12,Essex Police,Essex Police,0.411580,51.574151,On or near ROOSEVELT ROAD,E01021275,Basildon 014B,Investigation complete; no suspect identified
66ac9cc4ff289eb085816a997b91953a482ac5955fa73a3e6e5dac0448d19d0f,2018-12,Essex Police,Essex Police,0.926199,51.884196,On or near HYTHE QUAY,E01021685,Colchester 011C,Suspect charged
c7165a628a5830df015d1fbcfa7384a2cf13e7b588b8a027136e0e8e251ea8fe,2018-12,Essex Police,Essex Police,0.115528,51.764913,On or near SECOND AVENUE,E01021846,Harlow 002C,Local resolution
0bee555fbb3402948d1d74d096d92c01d228e8a1547d468a494087e334c2d387,2018-12,Essex Police,Essex Police,0.140503,51.783057,On or near THE COURTYARD,E01021857,Harlow 001D,Investigation complete; no suspect identified
3946c01b02ae9268dec013d2a61efe70819740178699c3fd35d4342b9acbcdd9,2018-12,Essex Police,Essex Police,0.552936,51.553335,On or near MERRIVALE,E01021522,Castle Point 007C,Unable to prosecute suspect
3d7166d2435233b90c27edbeec284e13bef409b408feceef31c267b804b4c60e,2018-12,Essex Police,Essex Police,0.720074,51.535817,On or near ST LEONARD'S ROAD,E01015841,Southend-on-Sea 014C,Investigation complete; no suspect identified
eb46263ce1ca49df29947ee3ea188c7dafcdddb8645c771152474bab2c8d6a1e,2018-12,Essex Police,Essex Police,0.592050,51.522960,On or near WAARDEN ROAD,E01021498,Castle Point 011B,Suspect charged
b610f3a8de53753f2212022b96668e8f8e01dcc39ff7060354277c4a62ffbc18,2018-12,Essex Police,Essex Police,0.699378,51.542600,On or near BALMORAL ROAD,E01015896,Southend-on-Sea 010B,Unable to prosecute suspect
c87ca6ffe6ab6cef3ee08535a51ebb8f29bd06cc3633d0bdea1da6800c92708d,2018-12,Essex Police,Essex Police,0.938384,51.893659,On or near ACACIA AVENUE,E01021697,Colchester 008B,Action to be taken by another organisation
56924ae2ce3a2793f857bd1107717d00a5326bef8f5d87d15e8563e97c6e4a52,2018-12,Essex Police,Essex Police,0.315909,51.628364,On or near SHENFIELD PLACE,E01021466,Brentwood 005E,Suspect charged
243c2d909752f5639d2194c3f8172ce030f27a888bec733f462cef011f0546ad,2018-12,Essex Police,Essex Police,0.508033,51.515668,On or near Park/Open Space,E01015946,Thurrock 001C,Unable to prosecute suspect
667235906f804356887541fc7960e8e56b29f1ad1404892d91a065e7ecbfe68d,2018-12,Essex Police,Essex Police,0.074959,51.751221,On or near Sports/Recreation Area,E01021864,Harlow 011C,Unable to prosecute suspect
b4023d3d707f32792270fff65ed82b3bb7853b207630d92b01f9f00829cfc1a1,2018-12,Essex Police,Essex Police,0.067121,51.639456,On or near RIVER WAY,E01021784,Epping Forest 013E,Suspect charged
30ed51a457da855ad3336d5a46f433d49e746a044a5f78f0eecfbb58bc6cc57f,2018-12,Essex Police,Essex Police,1.137787,51.807767,On or near HORLEY CLOSE,E01021976,Tendring 013B,Formal action is not in the public interest
37650666cb72543a4fc33a085c3f11d61adfe38784145125c6d4ae749f00d01c,2018-12,Essex Police,Essex Police,0.480314,51.575047,On or near CURLING WALK,E01021270,Basildon 012D,Investigation complete; no suspect identified
396fbbd4e8ae797505f96d2621658be67177196e4dfd30ba579900291031e7d6,2018-12,Essex Police,Essex Police,0.663671,51.605616,On or near GREENSWARD LANE,E01021939,Rochford 003G,Offender given a caution
f2438917b60a300861aafac6c95a607034a2a572ff76d9f60133b6ef3f5a3dae,2018-12,Essex Police,Essex Police,0.491770,51.737059,On or near KINGSTON CRESCENT,E01021628,Chelmsford 008E,Unable to prosecute suspect
447fbed4f5648786369a366973a0622ec3fae59ba1f28c643e0a0ff0ad429eac,2018-12,Essex Police,Essex Police,0.473830,51.736629,On or near Chelmsford Police Station,E01033141,Chelmsford 010G,Suspect charged
43826dad6951ff6045fffbef09821f8d8a35fadf1cb1356a6b29f0f2c7200d39,2018-12,Essex Police,Essex Police,0.091175,51.769800,On or near WEST GATE,E01021872,Harlow 007E,Suspect charged
3eb54c3e1c9f4c7ef116fc013f7bd0e92a808e2dc6697d5986baa245e89e17a1,2018-12,Essex Police,Essex Police,0.463590,51.579932,On or near GHYLLGROVE CLOSE,E01021268,Basildon 015B,Local resolution
f5af8cdbd81e118854ac394f613c5174a8d888bdad1ad8422c2c5747f081e0f9,2018-12,Essex Police,Essex Police,0.511435,51.565167,On or near LONDON ROAD,E01021313,Basildon 018A,Unable to prosecute suspect
372fad397f0f75800a0c6526e601db0ca4e076366ab5b7f97f5e7cc815962241,2018-12,Essex Police,Essex Police,0.109490,51.753529,On or near SAKINS CROFT,E01021861,Harlow 010E,Investigation complete; no suspect identified
cbcaff68e82203c50c905a1f4a24f2b460bcf85a184ff30e816688f3f7f80d61,2018-12,Essex Police,Essex Police,0.882819,51.869691,On or near OLIVE GROVE,E01033723,Colchester 015G,Further investigation is not in the public interest
6e9867954a3886830ed7c4789cd74ea841e05f6f2096222f84cf8d8015181e41,2018-12,Essex Police,Essex Police,0.676984,51.732822,On or near CROMWELL HILL,E01021891,Maldon 004C,Unable to prosecute suspect
14cc64d96f1478fd23a6daa6059b0fe4e7c4c2a8088eaae0d263d0a9f4902f94,2018-12,Essex Police,Essex Police,1.249628,51.847504,On or near DEVEREAUX CLOSE,E01022012,Tendring 008H,Unable to prosecute suspect
f9b028daa85286466a97ce471d29bf78a4b93ecac87d491efbf8b565a4ad9e22,2018-12,Essex Police,Essex Police,0.261741,51.889938,On or near Airport/Airfield,E01022090,Uttlesford 006B,Local resolution
e82a8a41111113f3ea088555ec509a407314eedc7ab0be2884977ac11c41e8e6,2018-12,Essex Police,Essex Police,0.619663,51.810252,On or near CORNEL CLOSE,E01021425,Braintree 016B,Further investigation is not in the public interest
f47a07e17eeca1336543ab17f67e02ab2b2f2b31659b128c569fd05e770d5aea,2018-12,Essex Police,Essex Police,0.557439,51.864834,On or near HARDY CLOSE,E01021374,Braintree 011E,Investigation complete; no suspect identified
94967b1b8754ca14920d9dae5a73697519c40b5fcc9aaa52c4eda792d705a6d5,2018-12,Essex Police,Essex Police,0.594493,51.607463,On or near HAVANA DRIVE,E01021920,Rochford 006A,Local resolution
b545e229a40289ca8d6361274e245a8ba03ed50fb361492bbb06c06c6682dbef,2018-12,Essex Police,Essex Police,0.307541,51.488975,On or near FROBISHER GARDENS,E01033614,Thurrock 020E,Unable to prosecute suspect
fa95d012543ddee043c9fc6aceb469078d102270a34a5db0a0c09a8b07d3802c,2018-12,Essex Police,Essex Police,0.134047,51.751646,On or near LONDON ROAD,E01021768,Epping Forest 001A,Unable to prosecute suspect
947bec140dd011ef296a5cd1c3b5d9098fda753db60e45470caa1e7297d7aed2,2018-12,Essex Police,Essex Police,0.261741,51.889938,On or near Airport/Airfield,E01022090,Uttlesford 006B,Local resolution
cd176474521e8ff016f2506c3cb6642f7c559f26d217f79d081167eac15073b1,2018-12,Essex Police,Essex Police,0.619286,51.519243,On or near WALL ROAD,E01021491,Castle Point 012C,Suspect charged
614bc072f78b80cad19228e6cb3319cc920be804570fd6910198fae4202e7fd8,2018-12,Essex Police,Essex Police,0.594493,51.607463,On or near HAVANA DRIVE,E01021920,Rochford 006A,Local resolution
b88b484cfbfb8b10c3a6029ff45f18856915e69269163eb5404eb947d2e30b55,2018-12,Essex Police,Essex Police,0.664290,51.560427,On or near DANBURY CLOSE,E01015825,Southend-on-Sea 005F,Suspect charged
48fb851889e1a8c576d2f7779a097eaf3b2444d54c07d691e70cd6ced2987240,2018-12,Essex Police,Essex Police,0.712497,51.540310,On or near Bus/Coach Station,E01015895,Southend-on-Sea 010A,Unable to prosecute suspect
3d3773d6cd1ac316843642d406fcd4b20c092a7272273f48ff2dc262677143e8,2018-12,Essex Police,Essex Police,0.740097,51.541197,On or near SOUTHCHURCH RECTORY CHASE,E01015884,Southend-on-Sea 009B,Unable to prosecute suspect
2a2b43171da782b7adb07d64ee85f4c208aad8becfc4382477daaf5b228f3ed9,2018-12,Essex Police,Essex Police,0.434043,51.567500,On or near BOSTOCHE CLOSE,E01021288,Basildon 016B,Unable to prosecute suspect
0b0dbffa1599c6aef19cd6e35d79ad000bede796342697a35d05498b6da41f98,2018-12,Essex Police,Essex Police,0.434043,51.567500,On or near BOSTOCHE CLOSE,E01021288,Basildon 016B,Unable to prosecute suspect
e099589c56e6efc06d9201325993b57682e3006fc3b25390cf76443b1ef4a04d,2018-12,Essex Police,Essex Police,0.191858,51.908599,On or near LOATES PASTURE,E01022084,Uttlesford 005D,Investigation complete; no suspect identified
4f345579b4fa80f19afbb0bb76bf15c89ddc7455f42867063a06c9b3b894af94,2018-12,Essex Police,Essex Police,1.157180,51.798550,On or near OXFORD ROAD,E01022043,Tendring 014B,Investigation complete; no suspect identified
1525595dfcc21d21d8da01234e7e72efc43b0965eaa6fb9fbd3bebae38134e18,2018-12,Essex Police,Essex Police,0.941187,51.886493,On or near AVON WAY,E01021698,Colchester 008C,Unable to prosecute suspect
3a91a654726807742c928a52d751d4072094a1527ba56f12cf6043320b8c186e,2018-12,Essex Police,Essex Police,0.095357,51.767783,On or near Shopping Area,E01021872,Harlow 007E,Unable to prosecute suspect
9f719f4dc21d887948d7d6feafb6a9befecf0c0e826dea16f5844b858c8a37d5,2018-12,Essex Police,Essex Police,0.488182,51.567434,On or near BEECH ROAD,E01021327,Basildon 019E,Investigation complete; no suspect identified
ebab3e610fe82d66dfc7b083bc6784b11122e3d1a14ac89ce04fa48d9a816e59,2018-12,Essex Police,Essex Police,0.606729,51.516690,On or near CRESCENT ROAD,E01021489,Castle Point 012A,Unable to prosecute suspect
89e49e6b91db6557ab7ffbe7ec8955917d66c574fde9116614791e33144d775c,2018-12,Essex Police,Essex Police,0.286835,51.504120,On or near BROXBURN COURT,E01015927,Thurrock 007A,Unable to prosecute suspect
c135609a7cba839cfa95acba7b159225a8f8c310c1d81d3e9c0993a00711c2c5,2018-12,Essex Police,Essex Police,0.455364,51.569789,On or near Shopping Area,E01021318,Basildon 015C,Unable to prosecute suspect
86530ec4cdde595210d547d4c66878af5ba42b5c8063c8dabb774b3aa61a5f7c,2018-12,Essex Police,Essex Police,0.507143,51.566095,On or near CHURCH PARK ROAD,E01021316,Basildon 018D,Unable to prosecute suspect
41b83d9c6888523f79e3de904c02c704253d56af96abe5d7461852ca1e0aee46,2018-12,Essex Police,Essex Police,0.728256,51.532273,On or near BURNABY ROAD,E01015841,Southend-on-Sea 014C,Unable to prosecute suspect
994c73888dfd1fb84c56b636f8af2fd643c3d25e0dd17b54ecee8e3e315a84d7,2018-12,Essex Police,Essex Police,0.664409,51.598971,On or near UPLANDS CLOSE,E01021934,Rochford 003B,Investigation complete; no suspect identified
a6055d9541494e495a39dfa4495f93900ec98d60f4674d7f47795c3a0c3796ec,2018-12,Essex Police,Essex Police,0.096267,51.769898,On or near Parking Area,E01021872,Harlow 007E,Unable to prosecute suspect
d1df07c071a14d8550a4085c4cbd871188403af7448cb72864a0e9cd1d8ad442,2018-12,Essex Police,Essex Police,0.439181,51.663413,On or near VERNON CORNER,E01033143,Chelmsford 018E,Unable to prosecute suspect
bcdf19c7a6c867ad5245d3f0336213278eb21555b63a463f964c1716785de99d,2018-12,Essex Police,Essex Police,0.737940,51.541301,On or near Parking Area,E01015884,Southend-on-Sea 009B,Unable to prosecute suspect
4341b603be8e812fbebfda8b354ad16fd0e3db5f32df0cd984b2f54f411b2fdf,2018-12,Essex Police,Essex Police,1.134678,51.803317,On or near LAND CLOSE,E01022024,Tendring 015B,Further investigation is not in the public interest
dd255deaa62b24ddcf7c9f2912be65284fbdfd1fe9d1dbfe9ab9d9d76c9808db,2018-12,Essex Police,Essex Police,1.134678,51.803317,On or near LAND CLOSE,E01022024,Tendring 015B,Further investigation is not in the public interest
3f65f1d03bbb7cfd28a2264e398afada9ce23b99712443ffcb1abc6a71b9770a,2018-12,Essex Police,Essex Police,0.478813,51.571077,On or near BROWNLOW GREEN,E01021320,Basildon 015D,Unable to prosecute suspect
96292251acaa418d4ce59a343d5dd6e96b666b185fe74c5decb6a7cc23275671,2018-12,Essex Police,Essex Police,0.597612,51.567724,On or near BALMERINO AVENUE,E01021531,Castle Point 002E,Unable to prosecute suspect
3149d080067ef4412af58ede0c718e53e2c0bcf19561d73ae8f92cb3667c0d6e,2018-12,Essex Police,Essex Police,0.619447,51.579281,On or near Supermarket,E01021949,Rochford 009D,Local resolution
e251767bebc930c5ce6eb91a2c64d73ba4a7e8643b41382693ddb9dd1f701b8d,2018-12,Essex Police,Essex Police,0.218806,51.742208,On or near THE HOPPITT,E01021796,Epping Forest 003B,Unable to prosecute suspect
9b9bf82ffb0211d904119d6bdab0993b99f9a3e633f2ad3e984d53182952f205,2018-12,Essex Police,Essex Police,0.597612,51.567724,On or near BALMERINO AVENUE,E01021531,Castle Point 002E,Unable to prosecute suspect
b807b00f46025c6dc630380c0d0137a61a62434b015a7d78de7f6a69719de369,2018-12,Essex Police,Essex Police,0.597612,51.567724,On or near BALMERINO AVENUE,E01021531,Castle Point 002E,Unable to prosecute suspect
4eeac19b43332f48b79b9cfe57b6b80da9c7328cf14940382c1001e9ad69064a,2018-12,Essex Police,Essex Police,0.493507,51.570855,On or near STUBLANDS,E01021326,Basildon 022D,Suspect charged
4eeac19b43332f48b79b9cfe57b6b80da9c7328cf14940382c1001e9ad69064a,2018-12,Essex Police,Essex Police,0.493507,51.570855,On or near STUBLANDS,E01021326,Basildon 022D,Suspect charged
1368e2e6316b55b03f3632f1ac546496bb32ab6f687d55694ef9fb1b794291c8,2018-12,Essex Police,Essex Police,0.332562,51.491492,On or near WOODCUTTERS AVENUE,E01015995,Thurrock 009E,Unable to prosecute suspect
33a7fc044a82150a673073cbaebf35b521c2d94906ea3dd77dffdbaafa390d00,2018-12,Essex Police,Essex Police,0.065865,51.649343,On or near ELMORES,E01021789,Epping Forest 012D,Unable to prosecute suspect
677f33ab6392c91d4fb2e377aabc47c72285e79c8a2f8fd6d3dd1a28c3961289,2018-12,Essex Police,Essex Police,1.157180,51.798550,On or near OXFORD ROAD,E01022043,Tendring 014B,Investigation complete; no suspect identified
16ebc4e72d14b7d67490c8d1f5ad360024190c555cc4bb930d20669199b3a7f7,2018-12,Essex Police,Essex Police,1.101198,51.773158,On or near ESSEX AVENUE,E01021988,Tendring 018A,Unable to prosecute suspect
8ff3667b3eeaf8c6db06475275a0b8e44da9ca5ece74653ef10e06d79c9f0678,2018-12,Essex Police,Essex Police,0.610621,51.553486,On or near Supermarket,E01021518,Castle Point 006B,Unable to prosecute suspect
552a84c23ebe67b959556e7a4b6ede935ace4f093cb212a3a253bd3a54793bfc,2018-12,Essex Police,Essex Police,0.590447,51.597282,On or near BOSTON AVENUE,E01021959,Rochford 006E,Unable to prosecute suspect
dc61a8c43793dc8f3e7edf2cef8baee2eb6f7cf7d72948818f4192bb6350ee3a,2018-12,Essex Police,Essex Police,0.619447,51.579281,On or near Supermarket,E01021949,Rochford 009D,Local resolution
ceee2f1610027caa681b97565190ca1ee6c646e07360b9a047bf4e7cc63d049d,2018-12,Essex Police,Essex Police,0.569363,51.878810,On or near BADGER GROVE,E01021370,Braintree 011B,Investigation complete; no suspect identified
30ee0c00a08cfb4cce53f71dbf6c3d43ed868f00fc71c215c750ba26471e5364,2018-12,Essex Police,Essex Police,1.150956,51.798951,On or near OLD ROAD,E01021970,Tendring 016A,Unable to prosecute suspect
880dfccd52ee3d946ac2fbfd253929c4e0137068a8ed5a6d7e56fe667bc5f4a2,2018-12,Essex Police,Essex Police,0.429857,51.520651,On or near SOUTHEND ROAD,E01016000,Thurrock 005D,Unable to prosecute suspect
630ab4e2fdb1a6c767ddde575ddbaed11444b808c58409730d994f221efd0b99,2018-12,Essex Police,Essex Police,0.817594,51.630800,On or near NEW ROAD,E01021881,Maldon 008F,Unable to prosecute suspect
f383d13882065494bdcee0082ddfe101b570dfb574bbe61198ef97f7733543e7,2018-12,Essex Police,Essex Police,0.095357,51.767783,On or near Shopping Area,E01021872,Harlow 007E,Offender given a caution
bc738dcb5a48f16d4c8cbd35e7ddce60ddcdfa93f6c62f07a68a0e05dfcafbbc,2018-12,Essex Police,Essex Police,0.542305,51.760483,On or near BUTTERFIELD ROAD,E01021537,Chelmsford 005B,Local resolution
f39d594ee39cbbfda5a7e57a48cd6e1801379ecb8f2f4fbdb2765ac292540471,2018-12,Essex Police,Essex Police,0.738338,51.542650,On or near DROITWICH AVENUE,E01015884,Southend-on-Sea 009B,Unable to prosecute suspect
eea5d2826bd8b15933442a340eddf24c28b6cb16ece0aeb67fe88b94fde71bb4,2018-12,Essex Police,Essex Police,0.595748,51.737173,On or near SPRING ELMS LANE,E01021913,Maldon 002D,Investigation complete; no suspect identified
c15253214308f4b212dac8cc367e3cc6136b52c0fb7ebdd79c3fb726724e2cfe,2018-12,Essex Police,Essex Police,0.101550,51.696074,On or near LOWER BURY LANE,E01021763,Epping Forest 005D,Unable to prosecute suspect
cdf36f911a270c9d89f4e9114f3d2329b7c52e7c7a37e0dfce582ff7f07461c1,2018-12,Essex Police,Essex Police,0.524386,51.714905,On or near GABLEFIELDS,E01021571,Chelmsford 013E,Suspect charged
fddb2420ecaa184a7d1a8d4066de388035aa2e2bcc97f1de611713c3a108a0bd,2018-12,Essex Police,Essex Police,1.271326,51.848530,On or near OLD PIER STREET,E01022056,Tendring 006E,Unable to prosecute suspect
5f927de20aa76c15c6d0287b1e2876ce4fd37d70632773c6860b5f1915855ea4,2018-12,Essex Police,Essex Police,0.876115,51.927611,On or near RAMPARTS CLOSE,E01021661,Colchester 001D,Unable to prosecute suspect
c6d1b01369f9d34f20c099c8b2e52be47f99da1cff46720cf47c13d283739a7d,2018-12,Essex Police,Essex Police,1.167645,51.819108,On or near Shopping Area,E01021984,Tendring 010A,Unable to prosecute suspect
2c0aca553cdb0281718560665c2b382330e540c7779a8c180e76bd1a8e334b91,2018-12,Essex Police,Essex Police,0.113040,51.700130,On or near Police Station,E01021757,Epping Forest 006B,Unable to prosecute suspect
c3aeea80b8f3d760a441d970afb6cfffb171662870a79c3b0bcb5f63128b5c58,2018-12,Essex Police,Essex Police,0.113040,51.700130,On or near Police Station,E01021757,Epping Forest 006B,Unable to prosecute suspect
30975f115a876415082676e623d85c18314785a3f140ba1d4d04fa8f58e279a1,2018-12,Essex Police,Essex Police,0.100458,51.672794,On or near BUXTON ROAD,E01021805,Epping Forest 010D,Unable to prosecute suspect
4caf50374d8940a3fc71da131566ea3ca52bda78e34b132c149e64a1fda907cc,2018-12,Essex Police,Essex Police,0.899965,51.725576,On or near HIGH STREET,E01021907,Maldon 006E,Unable to prosecute suspect
5270da62fdef47e4cbac33c086662bfbda63374b76c6e31b1de368a5dbacba86,2018-12,Essex Police,Essex Police,0.094492,51.776638,On or near TORKILDSEN WAY,E01021843,Harlow 004E,Unable to prosecute suspect
2251d1e816b621bd65f0d6c4eb91289113734f1b7dd3bd890a8dfcafae6e1796,2018-12,Essex Police,Essex Police,0.942969,51.875728,On or near VALLEY ROAD,E01021736,Colchester 017A,Suspect charged
be0a639c1f321be0f4e7e6f79a04c1e5675182ebe6df9d7f5e3d3c5b264028ee,2018-12,Essex Police,Essex Police,0.441279,51.526403,On or near RACHAEL CLARKE CLOSE,E01015988,Thurrock 002D,Unable to prosecute suspect
58cab1f98bbeca5950ad7bcddeb292eba02a710d6030bc6b34eb584679485c12,2018-12,Essex Police,Essex Police,0.668307,51.729117,On or near CHERRY GARDEN ROAD,E01021892,Maldon 004D,Unable to prosecute suspect
ffb70e23ace22915b337f1b8ec9f61b3fb566a126015a2653615b12e21aed1e1,2018-12,Essex Police,Essex Police,0.298562,51.605350,On or near CHINDITS LANE,E01021472,Brentwood 008C,Unable to prosecute suspect
507eb970bd0d8cbb65d9a45d0dd2ec4b9892c42c22ce48b8662fd983d87d0374,2018-12,Essex Police,Essex Police,0.298562,51.605350,On or near CHINDITS LANE,E01021472,Brentwood 008C,Unable to prosecute suspect
de51c6bd85c98e0baae4176ec91880f76aaf0a954037abdfd48274326aef3200,2018-12,Essex Police,Essex Police,0.111098,51.698807,On or near HIGH STREET,E01021762,Epping Forest 005C,Investigation complete; no suspect identified
35f406270ff64de47ee467ce32393c8016dbdf809e19ed62ca9877d958bb9ef0,2018-12,Essex Police,Essex Police,0.644764,51.570061,On or near BRUNEL ROAD,E01015834,Southend-on-Sea 001B,Investigation complete; no suspect identified
06dc36021111619f299a503a7b5aa668b567aeaddee95c55c109c51cf529d13b,2018-12,Essex Police,Essex Police,0.726847,51.533789,On or near HAWTREE CLOSE,E01015842,Southend-on-Sea 014D,Unable to prosecute suspect
068b765d432a2b9d8867ae3c8f949900f603455252d583717c80fa09de4d6d84,2018-12,Essex Police,Essex Police,0.675796,51.731833,On or near COACH LANE,E01021890,Maldon 004B,Unable to prosecute suspect
9f656b62d478f0d55c0951743ad90326aa3f3dadaf9a1526fc66ccc7f7844d50,2018-12,Essex Police,Essex Police,0.726847,51.533789,On or near HAWTREE CLOSE,E01015842,Southend-on-Sea 014D,Unable to prosecute suspect
e55c15ada2fe0f7e197d91bfc752e4c4438ac0085c58d08eb623b0da94219e02,2018-12,Essex Police,Essex Police,0.436682,51.662925,On or near FOSTERS CLOSE,E01033143,Chelmsford 018E,Investigation complete; no suspect identified
ca1fe0b6b0345eaa8047b98ab9d9710d0fab9048003a76b15562257724787471,2018-12,Essex Police,Essex Police,1.128922,51.793523,On or near FAIRCLOUGH AVENUE,E01022032,Tendring 015E,Unable to prosecute suspect
46b1b7157a8d357c24a90593d39498e8d0120080f0c4bdf8ef93e85bb951df83,2018-12,Essex Police,Essex Police,0.068898,51.757137,On or near PEACOCKS,E01021832,Harlow 009C,Unable to prosecute suspect
f7c31cc58eaf43f4916b35f218751beb44204002de66131e145efbdb63b5b49a,2018-12,Essex Police,Essex Police,1.140502,51.789427,On or near ROBERTSON CLOSE,E01022038,Tendring 017E,Investigation complete; no suspect identified
aea58f1d13ce6731d5f37c1a389a603aafc22aa400d25a7542f99d80652ae8e9,2018-12,Essex Police,Essex Police,0.304262,51.620364,On or near MOORES PLACE,E01021436,Brentwood 007B,Investigation complete; no suspect identified
a0dfb1200dd2af0b30250b7e7912a91a7354d895a1b3decbdd7dad81c1aa3f86,2018-12,Essex Police,Essex Police,0.581995,51.520808,On or near REMBRANDT CLOSE,E01021484,Castle Point 011A,Investigation complete; no suspect identified
f99214a09f0e7083be419b23754bf84442afe1aa3283dd23b6d2f531c72da18d,2018-12,Essex Police,Essex Police,0.093567,51.769182,On or near Shopping Area,E01021872,Harlow 007E,Unable to prosecute suspect
642406865f7d62524a87d9c335f40d862448a35fc9b21d9c3c3c76760d302cd4,2018-12,Essex Police,Essex Police,0.331846,51.479447,On or near BLACKMORE ROAD,E01015961,Thurrock 016D,Unable to prosecute suspect
2b779f4a119cdac95b31c5630e1dfeae64d46f02b01209cb49a82e7b95d3ec72,2018-12,Essex Police,Essex Police,0.521403,51.613859,On or near Pedestrian Subway,E01021334,Basildon 005A,Investigation complete; no suspect identified
21a175906c88789b04aa4528ffa84bea914838545bb43dabb00bb7522130d791,2018-12,Essex Police,Essex Police,0.439974,51.569670,On or near SHEPESHALL,E01021287,Basildon 017A,Suspect charged
21a175906c88789b04aa4528ffa84bea914838545bb43dabb00bb7522130d791,2018-12,Essex Police,Essex Police,0.439974,51.569670,On or near SHEPESHALL,E01021287,Basildon 017A,Suspect charged
74127b21d90b7967f34dbe55dd1bca9b49e99eeb17ea578cb213269fc7d4e09e,2018-12,Essex Police,Essex Police,0.559721,51.526441,On or near BATAVIA ROAD,E01021503,Castle Point 010D,Unable to prosecute suspect
f7b726f5ecd9211979d58ac4bed04d855b87ef6a944ce3357952704ffd930456,2018-12,Essex Police,Essex Police,0.600356,51.556628,On or near Petrol Station,E01021520,Castle Point 006C,Investigation complete; no suspect identified
783f03295cc7d21ae9e45c9ee001d077ac7d96ec1854082f0930d239e41491e0,2018-12,Essex Police,Essex Police,0.559721,51.526441,On or near BATAVIA ROAD,E01021503,Castle Point 010D,Unable to prosecute suspect
990b4d509db50a040e31f4fab4db7426244eaaa1c004fd4a9a23a118b4fcd14c,2018-12,Essex Police,Essex Police,0.620104,51.645116,On or near TRINITY ROW,E01021613,Chelmsford 019C,Unable to prosecute suspect
2f12f9d41c92929d211088d00403f88fa3d1b749f43cf7852dbca52776122d56,2018-12,Essex Police,Essex Police,0.597126,51.668982,On or near ORMONDS CRESCENT,E01021535,Chelmsford 016B,Unable to prosecute suspect
1c5df36fb3941d60f7d7ca25135e6921ce462c04d68023ee99aa0172c3456722,2018-12,Essex Police,Essex Police,0.485929,51.714556,On or near DUFFIELD ROAD,E01033145,Chelmsford 014G,Unable to prosecute suspect
ad2210f4ca1d9eeb43a915af6d457bf97343667005e377aa505ece973265b531,2018-12,Essex Police,Essex Police,0.996045,51.853387,On or near THE CHEQUERS,E01021967,Tendring 009A,Unable to prosecute suspect
0a8b7acfe25f38376f6846961a1481ab601b1fa749c6e3a38eaa25c235ecf1be,2018-12,Essex Police,Essex Police,0.455928,51.794587,On or near BROOK MEAD,E01021539,Chelmsford 001B,Investigation complete; no suspect identified
6cec7eeea36933fbe6dcdbb406ede80a5eecc06724d22f8b1612e5f52c0fe661,2018-12,Essex Police,Essex Police,0.455928,51.794587,On or near BROOK MEAD,E01021539,Chelmsford 001B,Investigation complete; no suspect identified
8d62a407cc2e59fda13d03a117cebb7fad3c125c5a1b731d7ed50a1f51d75248,2018-12,Essex Police,Essex Police,0.336191,51.475134,On or near CHURCH STREET,E01015962,Thurrock 016E,Unable to prosecute suspect
5c1d110c828203152b72456d786d4c1bea9cf7256a53bd20ae1b8f4e49f41573,2018-12,Essex Police,Essex Police,0.298764,51.618773,On or near CHATHAM WAY,E01021436,Brentwood 007B,Investigation complete; no suspect identified
4db1fa4da9641314c1549297ef1cb8517e99d1427808bc5d9edb2f806e4d9468,2018-12,Essex Police,Essex Police,0.617106,51.641504,On or near NELSON PLACE,E01021608,Chelmsford 020D,Suspect charged
ffb525f84095bfb36c6f4744b8e49adf0f7b3302c509c4d5976ceb957c0175a5,2018-12,Essex Police,Essex Police,0.617106,51.641504,On or near NELSON PLACE,E01021608,Chelmsford 020D,Suspect charged
c3ee91f88026796c98e1a1b10a5919cdcfd313a9e55d143421699d895b508dd5,2018-12,Essex Police,Essex Police,0.106498,51.695751,On or near Petrol Station,E01021758,Epping Forest 006C,Unable to prosecute suspect
df083b68ed3a67bd227244342d9647d76e2cc6d0410edd8969da2f1d380a3c53,2018-12,Essex Police,Essex Police,0.111105,51.699284,On or near Nightclub,E01021762,Epping Forest 005C,Unable to prosecute suspect
710775d8f539ae9b5ab2c964741d8197eb54bb166786bf164f5226e1e43d8dbc,2018-12,Essex Police,Essex Police,0.615872,51.648439,On or near DOWNLEAZE,E01021612,Chelmsford 019B,Suspect charged
dc8dad96daa3296de1539d5cff6fd2db7e4049d542ddd1b200aa5e9fe9c2f5f4,2018-12,Essex Police,Essex Police,0.616905,51.644288,On or near KNIGHT STREET,E01021613,Chelmsford 019C,Suspect charged
a09d1b0f716109b2dea517d1a065f1eb4637927715854acb13e9a4ab32809b2f,2018-12,Essex Police,Essex Police,0.285041,51.637773,On or near PRIORY CLOSE,E01021463,Brentwood 006C,Investigation complete; no suspect identified
74d8a28217b90fe9480aa07259cfb0b3c6e77993a868430cfba67a0b061ac1d2,2018-12,Essex Police,Essex Police,0.618157,51.639161,On or near BLACKWOOD CHINE,E01021605,Chelmsford 020A,Suspect charged
c1adf2ccc5cdede773552fe00e6131d69eeb6f5d6977fb6805c2dec50e56f814,2018-12,Essex Police,Essex Police,1.154354,51.788616,On or near COLNE ROAD,E01022025,Tendring 016B,Unable to prosecute suspect
e1a463c3a93317dbd0790d1722eacfcc24424d6fbd2d57ec476c42de3880f74f,2018-12,Essex Police,Essex Police,0.632414,51.795775,On or near RICHARDS CLOSE,E01033462,Braintree 017H,Unable to prosecute suspect
3da7a45633c4c325c57d9ec9c22788cb05b9b04330820bc30c932436e9d69c3b,2018-12,Essex Police,Essex Police,,,No location,,,Unable to prosecute suspect
4a0f9d07bca36bbaaca93d8c4c4253de03deca98bcd8aefa6bb0e45ec9a3c8fd,2018-12,Essex Police,Essex Police,1.149891,51.786595,On or near ALTON ROAD,E01022025,Tendring 016B,Unable to prosecute suspect
5c3a3f90aa96cfff0f6bd6bcc4ee9295c8f33b1d74e190352e8fc05aaff3d167,2018-12,Essex Police,Essex Police,0.869931,51.908435,On or near COLCHESTER ROAD,E01021681,Colchester 004C,Unable to prosecute suspect
9c905980083f7d859da7f7c5ca24ed8377431db6324ea7a9a4409e216d70ce82,2018-12,Essex Police,Essex Police,0.281067,52.018895,On or near DRAGON'S GREEN,E01022057,Uttlesford 001A,Unable to prosecute suspect
f30daf34e22030044c0e68f2989781c59bbcccac4df319a9cff5495ea0eb6ebf,2018-12,Essex Police,Essex Police,0.281067,52.018895,On or near DRAGON'S GREEN,E01022057,Uttlesford 001A,Unable to prosecute suspect
6363b22940ed79cfb0259822dd5c21a17ad111791472f6d7c92d9217e83e7b31,2018-12,Essex Police,Essex Police,0.799135,51.878781,On or near ASHWIN AVENUE,E01021654,Colchester 010A,Unable to prosecute suspect
dc7416f7e82ad008d5f9b476bad7555d2dd5a12a20cf8bcb30e6775e88c0c8c4,2018-12,Essex Police,Essex Police,0.799135,51.878781,On or near ASHWIN AVENUE,E01021654,Colchester 010A,Unable to prosecute suspect
974cb6284e58d559dc70c4478bf16cef143c1d74796e0294726c28e60dd3b616,2018-12,Essex Police,Essex Police,0.726818,51.539339,On or near FOWLER CLOSE,E01015839,Southend-on-Sea 014A,Offender given a caution
81a027c371bd4561b08cd323756b36bf399ba743e4630609e3fad4704b7350d6,2018-12,Essex Police,Essex Police,0.869931,51.908435,On or near COLCHESTER ROAD,E01021681,Colchester 004C,Unable to prosecute suspect
275c06230c47f6d2094a00873f16c0a3787e01aa8d8647a9b2b18c4902ee60e4,2018-12,Essex Police,Essex Police,0.677916,51.550944,On or near SOUTHBOURNE GROVE,E01015905,Southend-on-Sea 007E,Unable to prosecute suspect
15300441e28f43605891234c2091cc1827c330e9d62414d1905df363d5ec002e,2018-12,Essex Police,Essex Police,0.910654,51.889915,On or near EAST HILL,E01021648,Colchester 007C,Unable to prosecute suspect
457328fd043aa650f40e67c3a61df2af01cec829634dfa071725dc6ff6aa1a71,2018-12,Essex Police,Essex Police,0.607272,51.579426,On or near MANOR CLOSE,E01021965,Rochford 009E,Further investigation is not in the public interest
57fb788598f3e985be5e14bc39599fe78fb10c4d8fc7bd80c71c458dba6132f0,2018-12,Essex Police,Essex Police,0.576800,51.528621,On or near DELVIEW,E01021508,Castle Point 010F,Investigation complete; no suspect identified
adaa57e6899b9b0cd304b5682b02c596e5c2ea9d4b39d4f2f3ac3151f39571e3,2018-12,Essex Police,Essex Police,0.659766,51.541014,On or near ASHLEIGH DRIVE,E01015848,Southend-on-Sea 011D,Local resolution
0d5b4949befd91980d1c87aecb4428949ea2585bf9be3ba1103273e971af17c2,2018-12,Essex Police,Essex Police,0.582347,51.591705,On or near BOXFORD CLOSE,E01021958,Rochford 006D,Investigation complete; no suspect identified
dcfcf6054914eacf941a4fc68cbcfd9f359e66fa5a34f1fd8717a7cc080b8047,2018-12,Essex Police,Essex Police,0.637559,51.813341,On or near CHASEWAY,E01021419,Braintree 015D,Unable to prosecute suspect
91cd495f6b77a032b4466679a493db8aac79f1d3a8d695ffdabf23375fff05d1,2018-12,Essex Police,Essex Police,0.559458,51.554119,On or near Petrol Station,E01021522,Castle Point 007C,Investigation complete; no suspect identified
cd1145c08314f2a2b36e1d26093c54d65f1549395313cee104fa3ce0fbaace57,2018-12,Essex Police,Essex Police,0.625185,51.793419,On or near ALLECTUS WAY,E01033460,Braintree 017F,Unable to prosecute suspect
82134702c202e600d2c15db53d9ff1eedf632fad2fd053c2c9d1596926624bf0,2018-12,Essex Police,Essex Police,0.906130,51.862156,On or near TERLING CLOSE,E01021641,Colchester 018E,Unable to prosecute suspect
3ce0f3fbc7bc4ef4cc94633725914441248aa8f6ac3c3b81d994927afd83fbbe,2018-12,Essex Police,Essex Police,0.428093,51.736999,On or near Further/Higher Educational Building,E01021633,Chelmsford 011C,Investigation complete; no suspect identified
44026df1943e701137a1168b39e396bd1359c4487376e25b7f68fb51c351ff17,2018-12,Essex Police,Essex Police,0.564468,51.519052,On or near HAVEN CLOSE,E01021501,Castle Point 011D,Suspect charged
39d3f22c903ea184e64cae7eb6245fb79aa8d600220fa403980440457f009c3c,2018-12,Essex Police,Essex Police,0.947014,51.889135,On or near TITANIA CLOSE,E01021698,Colchester 008C,Unable to prosecute suspect
069fd3265a470e44ede8ec90efa40c56f058aa23a1584ded026893d633ec18d4,2018-12,Essex Police,Essex Police,0.580560,51.530094,On or near BRIARSWOOD,E01021506,Castle Point 008E,Investigation complete; no suspect identified
9951e9dc2af49d0261dc9b5508a4b50bcf69f50dffb76d2e28f9dfa16a80744d,2018-12,Essex Police,Essex Police,0.947014,51.889135,On or near TITANIA CLOSE,E01021698,Colchester 008C,Unable to prosecute suspect
6e8415e1dec1f79eaa5e41eb6d716607004aa59bd0539b8b529a9c5de5a88709,2018-12,Essex Police,Essex Police,0.462235,51.775920,On or near PUDDINGS WOOD LANE,E01021542,Chelmsford 002A,Unable to prosecute suspect
450f16fdb08f048c30a7805e9f0a7741acc1d02761b9180c0fb62af2673cef16,2018-12,Essex Police,Essex Police,0.947014,51.889135,On or near TITANIA CLOSE,E01021698,Colchester 008C,Unable to prosecute suspect
3cc756c496a13d095dfac1a6491b2eb702a844d6e782825958c12c483d8e283b,2018-12,Essex Police,Essex Police,1.148663,51.797061,On or near MAGDALEN ROAD,E01021970,Tendring 016A,Investigation complete; no suspect identified
a7c93bb65cc6cb92a5971456b22b7ec7ddd6dca31fb60813aa410a3d67fc83ad,2018-12,Essex Police,Essex Police,0.471839,51.572348,On or near THISTLEDOWN,E01021318,Basildon 015C,Local resolution
fccfd33507a377ab415ed9f601252a12c2b226869e12ef71e2fa6aa37745ad2b,2018-12,Essex Police,Essex Police,0.461544,51.747229,On or near BROWNINGS AVENUE,E01021592,Chelmsford 006D,Investigation complete; no suspect identified
3f40ffa2f975592517401f5c245b4078b3e09df5c6783af8c260634391e9451f,2018-12,Essex Police,Essex Police,1.149490,51.790419,On or near ROSEMARY ROAD WEST,E01022026,Tendring 016C,Action to be taken by another organisation
e974d9612c614fac69f8b1b85f895c0c4dd7ea6d3f3678a9826b1d9382166220,2018-12,Essex Police,Essex Police,0.630444,51.937686,On or near Sports/Recreation Area,E01021393,Braintree 004E,Action to be taken by another organisation
269d14e90c455ae22bddee4eebb0702c8eab81e3dda812b5751ddc1ab1a69085,2018-12,Essex Police,Essex Police,0.886400,51.880008,On or near BUTT ROAD,E01021653,Colchester 013C,Unable to prosecute suspect
a2105668f2560c535779957c19e6babb86f619dee8efece73dff7d82c64a2a07,2018-12,Essex Police,Essex Police,0.561894,51.544587,On or near HIGH STREET,E01021480,Castle Point 007A,Investigation complete; no suspect identified
3b7e8e249bff76aee63782681185beda2743e59740f4ea7e98cb415709e291e5,2018-12,Essex Police,Essex Police,0.630806,51.943119,On or near Police Station,E01021392,Braintree 004D,Action to be taken by another organisation
c4c6fcc03bfaa24258ce420ec6a7ce06d4dc1c70deadaeff8a6baecf6fb4717a,2018-12,Essex Police,Essex Police,0.699056,51.655486,On or near LOWER BURNHAM ROAD,E01021903,Maldon 007G,Suspect charged
776b7237d0307b0e2e5da7357bb46e8a38068a761639b81fd458f0ef0c97ab1d,2018-12,Essex Police,Essex Police,0.910211,51.898578,On or near Shopping Area,E01021647,Colchester 007B,Suspect charged
da85e6eafd1765e1d26dfc2366a479a05e13f0edccb713a49df4384be473dbee,2018-12,Essex Police,Essex Police,0.611552,51.590626,On or near HOCKLEY ROAD,E01021961,Rochford 005E,Local resolution
95dbd2d213a418466f77ed9f93bc15fa3a24553eec26efaceff8b4afaff323f9,2018-12,Essex Police,Essex Police,0.318287,51.475066,On or near ARGENT STREET,E01015953,Thurrock 017C,Unable to prosecute suspect
bf8d86377c4b681fe3b11c049fee7217b46c63f882fb6a5d4038560f3bca7170,2018-12,Essex Police,Essex Police,0.736364,51.536185,On or near MARLBOROUGH ROAD,E01015892,Southend-on-Sea 016D,Further investigation is not in the public interest
8ecbc8fff9ee591dd5e4d62ce1be94c2d998f6a545c62af6d0c503d7740e3a8e,2018-12,Essex Police,Essex Police,0.615054,51.644518,On or near COLNE CLOSE,E01021613,Chelmsford 019C,Suspect charged
4b9ab567e3c328f5ce5599c8137739d7e8d9a76408f3e3496cbabc98048f7aed,2018-12,Essex Police,Essex Police,1.149921,51.793888,On or near PAGE ROAD,E01022026,Tendring 016C,Unable to prosecute suspect
937b60c38748979e0744fb1ab21a2103c8c6c73096b9d8a68c1e3420d1e4e156,2018-12,Essex Police,Essex Police,0.355201,51.654093,On or near ROMAN CLOSE,E01021460,Brentwood 002D,Unable to prosecute suspect
193d8c8fc3547700b3306ad3b9e1a4bd069f1e525f71dadc07281af2ce80fcde,2018-12,Essex Police,Essex Police,0.305652,51.621290,On or near HIGH STREET,E01021436,Brentwood 007B,Investigation complete; no suspect identified
cf3ea4fe498a12c82516b3019e7cef34fb536d3b0c7fe932df6f04770afe2a4c,2018-12,Essex Police,Essex Police,0.727588,51.554386,On or near Hospital,E01015871,Southend-on-Sea 006C,Unable to prosecute suspect
15f3410d33f401932037d9a9da7cddad59dcbb6df05f3318be3676d6cbe9c46c,2018-12,Essex Police,Essex Police,0.093027,51.753436,On or near Supermarket,E01021859,Harlow 010C,Action to be taken by another organisation
4a313a29b31b6e10cdfc485a137285a3d4fac80e7979f8fdce6decec7a975deb,2018-12,Essex Police,Essex Police,0.699259,51.544734,On or near RAYLEIGH AVENUE,E01015900,Southend-on-Sea 010F,Investigation complete; no suspect identified
df308197f7ddf375ccdd58311c7e8cffc449da2cadd824885e42e26fcc7da8b3,2018-12,Essex Police,Essex Police,0.239155,51.716642,On or near SHORTLANDS AVENUE,E01021802,Epping Forest 004D,Unable to prosecute suspect
795acc0d28f89e8676869710bd505589f9128aac25d1d365084cbc260ec3b632,2018-12,Essex Police,Essex Police,0.036050,51.701418,On or near BROOKMEADOW WAY,E01021812,Epping Forest 009B,Investigation complete; no suspect identified
9861886dd837d4770579e5237c27e972773bc79be65b7f70c6ef780a675b4e5c,2018-12,Essex Police,Essex Police,1.093192,51.896326,On or near B1035,E01022019,Tendring 003E,Unable to prosecute suspect
bc79ea4eb94767a58cf3437a92cb24b21819c15e9ef637f551a2454625afaea8,2018-12,Essex Police,Essex Police,1.140502,51.789427,On or near ROBERTSON CLOSE,E01022038,Tendring 017E,Local resolution
883afe78a3bf42dd10974dfd9b75158f8c70db941f515a499245c605337318c6,2018-12,Essex Police,Essex Police,0.356478,51.639409,On or near PROSPECT WAY,E01021452,Brentwood 003E,Unable to prosecute suspect
f3809e01a62ca559c8c51ecfb69bde578cedad85c572c5e168c0b7d5ea516caf,2018-12,Essex Police,Essex Police,0.348375,51.646235,On or near A12,E01021460,Brentwood 002D,Unable to prosecute suspect
2958803f62e0356d6dcf65042aa93c21d970bd2b02c3613680e976849f5700cd,2018-12,Essex Police,Essex Police,0.007171,51.682285,On or near CALDBECK,E01021808,Epping Forest 008B,Suspect charged
6d2affb349380a182544668b543667856196accbbc486802a64cefb3707e6b3e,2018-12,Essex Police,Essex Police,1.140502,51.789427,On or near ROBERTSON CLOSE,E01022038,Tendring 017E,Local resolution
31ac86461661dbe9a807f4f74259c07f997ce4600cd3660271f19190ab91baa3,2018-12,Essex Police,Essex Police,0.452418,51.748859,On or near Supermarket,E01021596,Chelmsford 006E,Unable to prosecute suspect
d7d7bcbad90b273b55df85cf218d851c01449eb564d3a310d25b4c0b75277525,2018-12,Essex Police,Essex Police,0.456169,51.571868,On or near Pedestrian Subway,E01021318,Basildon 015C,Action to be taken by another organisation
df72c23d9f65997ebed2104782784d6d7d78efdbf5659fd5639e5196121119ca,2018-12,Essex Police,Essex Police,0.308338,51.498762,On or near HIGH ROAD,E01015942,Thurrock 020C,Investigation complete; no suspect identified
e75a425af67b257a6664e536d1d3bfaf75eece2333b95a491a7a98d96957406e,2018-12,Essex Police,Essex Police,0.132685,51.783909,On or near OAKWOOD MEWS,E01021855,Harlow 001B,Investigation complete; no suspect identified
afcd0789b551c59331b6e5ae7e49d3c938e8000fe85e1f1f3424d2f4db6d82ee,2018-12,Essex Police,Essex Police,0.488594,51.714041,On or near Supermarket,E01021565,Chelmsford 014C,Unable to prosecute suspect
25b0eb5e2ecec89e5020e9ad251929cf8a1e3d8f30b01566bd6f8690da7e3c19,2018-12,Essex Police,Essex Police,0.497068,51.757217,On or near HARNESS CLOSE,E01021616,Chelmsford 004A,Investigation complete; no suspect identified
22df9f94100cb777e89329a6c6cb45b6390cffa56c8000317d0648781ffaac24,2018-12,Essex Police,Essex Police,0.666711,51.552494,On or near MIDDLESEX AVENUE,E01015820,Southend-on-Sea 005A,Local resolution
3f0f632354f43ab7989c4bfdd18fff9cd16df4d78418fdcce9e0e0c6c75376eb,2018-12,Essex Police,Essex Police,0.313915,51.616155,On or near INGRAVE ROAD,E01021435,Brentwood 008A,Unable to prosecute suspect
facf45f80ddd49e066ed5ab3c8d17124a0a725581d981295cf96099bec4d8454,2018-12,Essex Police,Essex Police,0.473830,51.736629,On or near Chelmsford Police Station,E01033141,Chelmsford 010G,Unable to prosecute suspect
b5785a7540cd643db1d58465a271841336ec446910568de1ec7e1a4791fb494a,2018-12,Essex Police,Essex Police,0.133688,51.783963,On or near Parking Area,E01021855,Harlow 001B,Investigation complete; no suspect identified
f2ea89615cfcbd62d987f3509a1310f3967be642e42144d7cc832d89681f5dac,2018-12,Essex Police,Essex Police,0.912379,51.883999,On or near WINSLEY ROAD,E01021687,Colchester 011E,Unable to prosecute suspect
02869e7adc4f2d2235f5083db3a13f31c2b62c6668a7ea7782f50189e572ab43,2018-12,Essex Police,Essex Police,1.140502,51.789427,On or near ROBERTSON CLOSE,E01022038,Tendring 017E,Local resolution
a4b7b9dae2a9473d9d5baa5757c57585ee8f7315b8efc944f4c2eacf5c1af3a4,2018-12,Essex Police,Essex Police,1.140502,51.789427,On or near ROBERTSON CLOSE,E01022038,Tendring 017E,Local resolution
9868ceb8f7e6186b91e364c4d95f94129ce94784b6353021fe9feea666fa7d59,2018-12,Essex Police,Essex Police,1.140502,51.789427,On or near ROBERTSON CLOSE,E01022038,Tendring 017E,Local resolution
6a9b6d5ef8d87477e63faab5c29524f36c84f1a790672fc7c02974ad683962a0,2018-12,Essex Police,Essex Police,1.140502,51.789427,On or near ROBERTSON CLOSE,E01022038,Tendring 017E,Local resolution
872b79ce1057d9fbea57eaf932933f1a7b656fe5dc5618373bfae2e621736a96,2018-12,Essex Police,Essex Police,1.182364,51.853923,On or near WHITE LODGE CRESCENT,E01021974,Tendring 007B,Investigation complete; no suspect identified
5024ffee21538b804b6168129b831329c6f9eb9cb0ccf8772dc811f9619d12ef,2018-12,Essex Police,Essex Police,0.328178,51.472460,On or near CONWAY GARDENS,E01015952,Thurrock 017B,Investigation complete; no suspect identified
96bdf36b9cd33cdbd3b364d5712a3801f3b246d8c384cdb9e6e86a24e5c92f47,2018-12,Essex Police,Essex Police,1.151023,51.790144,On or near PIER AVENUE,E01022026,Tendring 016C,Investigation complete; no suspect identified
54494444e78b1796f808ac4d0e2dd0ccdf8f5b08b6252c8c9969b515aa6a94dd,2018-12,Essex Police,Essex Police,0.240754,52.027681,On or near CATONS LANE,E01022078,Uttlesford 002C,Local resolution
b610fbf19826f6ea0ca8b800a6a1ff7e8266673d68a4ea201b58661304b3b178,2018-12,Essex Police,Essex Police,0.629529,51.799284,On or near CUPPERS CLOSE,E01021429,Braintree 016D,Investigation complete; no suspect identified
ca4cbaada597a23545440f89ff41af8ac7c61f4417d43869f33701057ffadaf5,2018-12,Essex Police,Essex Police,0.677916,51.550944,On or near SOUTHBOURNE GROVE,E01015905,Southend-on-Sea 007E,Unable to prosecute suspect
f519d2d7acb4373870c59c1548e3bd621ae3a6ea6e07c148430fc6c8bd82ba7a,2018-12,Essex Police,Essex Police,0.322008,51.478851,On or near QUARRY HILL,E01015956,Thurrock 016B,Offender given a drugs possession warning
ae95349227746c5a6a56d500144c484c4b8d9faf914e2c7d42113b0f913adf12,2018-12,Essex Police,Essex Police,0.488594,51.714041,On or near Supermarket,E01021565,Chelmsford 014C,Unable to prosecute suspect
5413aa4a34cbda0d98561ded4efa43fed5cad48a2cdb566aa699c134538dde5f,2018-12,Essex Police,Essex Police,0.461544,51.747229,On or near BROWNINGS AVENUE,E01021592,Chelmsford 006D,Investigation complete; no suspect identified
b873237a04a8b8eb2810e2690a585570e4847f769f8f1b51031d075522b2d72a,2018-12,Essex Police,Essex Police,0.550039,51.565503,On or near GLENEAGLES,E01021476,Castle Point 003A,Unable to prosecute suspect
9bae22793eb51e5c69c651e0c0e9395c8eb57eaf9b82a64737187b39f7faa393,2018-12,Essex Police,Essex Police,0.527546,51.697067,On or near THE TYTHINGS,E01021571,Chelmsford 013E,Unable to prosecute suspect
0332b14f403dde77f388a6606f5c248f3dc6d75037e465c5af41d91392e44049,2018-12,Essex Police,Essex Police,0.461621,51.777417,On or near WOODLANDS WAY,E01021542,Chelmsford 002A,Unable to prosecute suspect
200cbc10d01df8ba0ab55abe6071e4c1460cd47b36f42340c069321ad7b4cdd1,2018-12,Essex Police,Essex Police,0.879268,51.903234,On or near FAN AVENUE,E01021681,Colchester 004C,Local resolution
0aeeb5d1f413f8bced96f17a66c1b05e893584311f3173187e0f172225f8fd75,2018-12,Essex Police,Essex Police,0.309065,51.707222,On or near Park/Open Space,E01021769,Epping Forest 003A,Investigation complete; no suspect identified
5c453111c96c34a4f5b83685c9f78531502cf26c07334b38181e8eec3f10a2dc,2018-12,Essex Police,Essex Police,0.497724,51.735233,On or near CUSAK ROAD,E01021547,Chelmsford 008D,Unable to prosecute suspect
26d42a0892681139f01f45c228a0f1dd4adb8ab4db1678ed9f5f9ffe85724eab,2018-12,Essex Police,Essex Police,0.662077,51.559353,On or near BLENHEIM PARK CLOSE,E01015825,Southend-on-Sea 005F,Unable to prosecute suspect
c1d68dc5d897e8ac00cdccabf6c00cf6e5d765fb5e83f2591749999147795bed,2018-12,Essex Police,Essex Police,0.289542,51.512422,On or near ARAGLEN AVENUE,E01015976,Thurrock 007F,Unable to prosecute suspect
42baf9db844f2ffef6d2b73299ed379ddf4f403ab2f0ab4ec20f336449e148ef,2018-12,Essex Police,Essex Police,0.703294,51.544911,On or near CHELMSFORD AVENUE,E01015899,Southend-on-Sea 010E,Unable to prosecute suspect
96ac087f764d34168a4968bc15fde37d7234025b02ff49b8240cae02d2d0aa67,2018-12,Essex Police,Essex Police,0.117923,51.756309,On or near TROTTERS ROAD,E01021823,Harlow 006D,Unable to prosecute suspect
76e1f028cdeaf95931a69e69c04fdccf8d5cdc6a6527f7b6652db3f744f84a50,2018-12,Essex Police,Essex Police,0.443147,51.744322,On or near CLYDE CRESCENT,E01021598,Chelmsford 003C,Unable to prosecute suspect
2613f0bca4181008963517f3ca38419a01de402fceaa4cc5e02f8b4b1ee849eb,2018-12,Essex Police,Essex Police,0.443147,51.744322,On or near CLYDE CRESCENT,E01021598,Chelmsford 003C,Unable to prosecute suspect
a24bf629f5a4daae51c6c69adaea8e43532029ce3d6632e6b05520ce99b32a82,2018-12,Essex Police,Essex Police,0.359093,51.690895,On or near MAPLETREE LANE,E01021551,Chelmsford 011A,Investigation complete; no suspect identified
6dbcf0ccd2e8674a98bd8e359f9b46f18011413c31dda7fba49ee5a241bcbc02,2018-12,Essex Police,Essex Police,0.113929,51.775651,On or near THE STOW,E01021845,Harlow 002B,Unable to prosecute suspect
758933783935fd3c552b18b69bb1606fb2c0bf2e77d59d8a37b168e2a2b81265,2018-12,Essex Police,Essex Police,0.289542,51.512422,On or near ARAGLEN AVENUE,E01015976,Thurrock 007F,Unable to prosecute suspect
aa8358198190b721938652dced2c17b365dc7c46acfc4a09a8d4f0f1b1497cf0,2018-12,Essex Police,Essex Police,0.447516,51.665668,On or near STOCK ROAD,E01021602,Chelmsford 018B,Unable to prosecute suspect
f7917cff814520f08353f4f297d787bace10082c31ba0e284c0e41d503bfe746,2018-12,Essex Police,Essex Police,1.099740,51.772405,On or near LANCIA AVENUE,E01021988,Tendring 018A,Formal action is not in the public interest
2e831c8852491301dcdd0cd9f0d00114d51117d56dc7d399bc059d46312ff349,2018-12,Essex Police,Essex Police,0.113136,51.779784,On or near GLEBELANDS,E01021845,Harlow 002B,Action to be taken by another organisation
06d2b2635794cbde415e939e40752b542b273a105c8aa1de532c8363e8583723,2018-12,Essex Police,Essex Police,0.372042,51.467219,On or near DICKENS AVENUE,E01016007,Thurrock 018E,Unable to prosecute suspect
e20488f592637311675fdc5a1b5309d17eb64aa5e3cc9656718b30abce4249b2,2018-12,Essex Police,Essex Police,1.201028,51.907282,On or near HARWICH ROAD,E01021991,Tendring 004A,Investigation complete; no suspect identified
0a8d0a8f633695b2cfc5f0dd32f7feda3f911533dbebbb1a83d97c6bca968df6,2018-12,Essex Police,Essex Police,0.447516,51.665668,On or near STOCK ROAD,E01021602,Chelmsford 018B,Unable to prosecute suspect
e7d46444aec889656471306bf7cce820b2e7414bf2e1c558878579f13216520f,2018-12,Essex Police,Essex Police,0.534544,51.868918,On or near A120,E01021383,Braintree 010C,Investigation complete; no suspect identified
a5ead184961ed57f41afc8f352b718028b8bf96b0a143b3f83f61adf5ae03535,2018-12,Essex Police,Essex Police,1.013469,52.187353,On or near SHEERWATER WAY,E01033316,Mid Suffolk 010F,Unable to prosecute suspect
aff81736ca6f6a668fd1f58670ad04103d21920f552df1fe801c9b500df4bf0c,2018-12,Essex Police,Essex Police,0.492499,51.731090,On or near Pedestrian Subway,E01021547,Chelmsford 008D,Investigation complete; no suspect identified
51fb755547119611c6575d6582d090bec4db249946a0568999d5a456e079ab89,2018-12,Essex Police,Essex Police,0.469962,51.757871,On or near HEATHFIELD ROAD,E01021543,Chelmsford 002B,Unable to prosecute suspect
5e06f824ebf7d11b35393859012b4057458ab1d044b69fde4305055d936e4aae,2018-12,Essex Police,Essex Police,0.423310,51.583298,On or near VICTORIA CRESCENT,E01021274,Basildon 010D,Suspect charged
5e06f824ebf7d11b35393859012b4057458ab1d044b69fde4305055d936e4aae,2018-12,Essex Police,Essex Police,0.423310,51.583298,On or near VICTORIA CRESCENT,E01021274,Basildon 010D,Suspect charged
5e06f824ebf7d11b35393859012b4057458ab1d044b69fde4305055d936e4aae,2018-12,Essex Police,Essex Police,0.423310,51.583298,On or near VICTORIA CRESCENT,E01021274,Basildon 010D,Suspect charged
433242af51ee7080f5da0c6304ac3fcb860ecf5126b718dd359ab9e55f29a6d8,2018-12,Essex Police,Essex Police,0.229640,51.917592,On or near ELM CLOSE,E01022063,Uttlesford 005B,Unable to prosecute suspect
1aea8cb2ad98e2bc8bc3a772c68431171c907e0685a39f6ecdbd7de32f6c8f93,2018-12,Essex Police,Essex Police,0.474085,51.733089,On or near High Street Chelmsford,E01033140,Chelmsford 010F,Investigation complete; no suspect identified
8e34220bdd1c6a0e6fd91f1a7888f56b47be5aea8d62d7134bfba538d33a7a92,2018-12,Essex Police,Essex Police,1.093192,51.896326,On or near B1035,E01022019,Tendring 003E,Unable to prosecute suspect
8ef5addee0e72c63bf8705acc8518dead20536a120b118a5e8d8d44dd0546090,2018-12,Essex Police,Essex Police,1.093192,51.896326,On or near B1035,E01022019,Tendring 003E,Unable to prosecute suspect
f2b62021a8b29edc0f49f518b0d25ed66687efd6f0b29dcf704e911586875476,2018-12,Essex Police,Essex Police,1.125676,51.797126,On or near WRITTLE CLOSE,E01022030,Tendring 015C,Unable to prosecute suspect
dd8798fc26b2956d1014dc218468198c40440583891d96d0a8c60d8c787eb971,2018-12,Essex Police,Essex Police,0.688170,51.743881,On or near EVEREST WAY,E01021888,Maldon 003E,Unable to prosecute suspect
d43d4b84960572b90868a4d77b31dd42fb65146772d4996699c418c66e49502b,2018-12,Essex Police,Essex Police,0.594982,51.592487,On or near DANBURY ROAD,E01021926,Rochford 006B,Investigation complete; no suspect identified
58163fbeb26ad1e5d9d2b5203cc4a80a8290f8a67b45b5692f0317fac47dd6f8,2018-12,Essex Police,Essex Police,1.152288,51.788104,On or near Shopping Area,E01022025,Tendring 016B,Local resolution
10f95321523e3e0bb90bd60e8e1a59a6db8b59d7290fe0c91c2ae98f501e1866,2018-12,Essex Police,Essex Police,0.898794,51.877041,On or near YPRES ROAD,E01021642,Colchester 018F,Suspect charged
ee287dba335bb5d6525fa699b935009683cd959949a5113d7dcd1a1b82ad6ccd,2018-12,Essex Police,Essex Police,0.898794,51.877041,On or near YPRES ROAD,E01021642,Colchester 018F,Suspect charged
3ff80de48a668b5b8057f7daf1b7fa9708a861739556c729a9298d40ac0edff6,2018-12,Essex Police,Essex Police,0.455364,51.569789,On or near Shopping Area,E01021318,Basildon 015C,Investigation complete; no suspect identified
9f86a85172f0efb609e6ee799559c91195c2bd38d4f26ed29973af3ee9622e92,2018-12,Essex Police,Essex Police,-0.002946,51.739658,On or near NAZEING NEW ROAD,E01021792,Epping Forest 002B,Investigation complete; no suspect identified
08eb1f5f6884ee1b2d41356e466c3f51d2e16341569874dd2d4676851f318c0a,2018-12,Essex Police,Essex Police,0.294973,51.486551,On or near RAINBOW ROAD,E01033613,Thurrock 019D,Investigation complete; no suspect identified
6b73329a6bc70c76cd46dfa72fc768f302f6f6d230ffe1f67f4f6b5dd6dc935d,2018-12,Essex Police,Essex Police,0.048708,51.619878,On or near HORNBEAM ROAD,E01021744,Epping Forest 015C,Unable to prosecute suspect
9c7a9af65a9e99a1152a61acc877bfd4da1804aa7723507e5acfb9165d0b678b,2018-12,Essex Police,Essex Police,0.240427,51.640126,On or near Sports/Recreation Area,E01021468,Brentwood 006D,Unable to prosecute suspect
068e5b99e267b0ba9c3ce21b204e17f32879e09d4e3f376b7dbbc318ab542b40,2018-12,Essex Police,Essex Police,0.713596,51.539394,On or near Nightclub,E01015852,Southend-on-Sea 015B,Unable to prosecute suspect
4fa00394904b5ad25f028ef2aa20dac6426ed80cc15f2aa905a52c7f41753e16,2018-12,Essex Police,Essex Police,0.455569,51.568490,On or near Further/Higher Educational Building,E01021318,Basildon 015C,Unable to prosecute suspect
e45b992a406baf7f8a1e3966e516b1e18e15ee5b40a4339b224d5ece9bb5cfd8,2018-12,Essex Police,Essex Police,0.712497,51.540310,On or near Bus/Coach Station,E01015895,Southend-on-Sea 010A,Investigation complete; no suspect identified
cbb0f9119c6af9c2048fd98442dce57d95bee17f8c8962b86ce69fb64393e43c,2018-12,Essex Police,Essex Police,1.119912,51.781090,On or near Petrol Station,E01021990,Tendring 018C,Unable to prosecute suspect
b14a0fbe867ff765b8ce6349432844de8e0ae68fb363d7f4add15843ff97f6e7,2018-12,Essex Police,Essex Police,0.691718,51.543810,On or near Theatre/Concert Hall,E01015831,Southend-on-Sea 012E,Investigation complete; no suspect identified
b02246542b608a9352ded965931e600a4aee681d303a9f4b826bf9f8cc1612a2,2018-12,Essex Police,Essex Police,0.261741,51.889938,On or near Airport/Airfield,E01022090,Uttlesford 006B,Unable to prosecute suspect
c8568a729e5fca0ed425fd1f0b268df912999461136f2f4a4b85513fb65dd719,2018-12,Essex Police,Essex Police,0.802322,51.554404,On or near TWYFORD AVENUE,E01021922,Rochford 010C,Investigation complete; no suspect identified
dfde46a42373777441a08efa6037807a8521c31af25adaf87847a873350ab342,2018-12,Essex Police,Essex Police,0.489488,51.574691,On or near LARK WAY,E01021271,Basildon 013A,Unable to prosecute suspect
884fce3668efdfd66c8e46e4880d9e8694ce57199fc05f7bb89b3a78802c1fa8,2018-12,Essex Police,Essex Police,0.586608,51.529709,On or near DEVON WAY,E01021506,Castle Point 008E,Investigation complete; no suspect identified
929de617f67dbd97aa490f7b2546751cbfe0b7bf6275851665fdf4e2b4555ddd,2018-12,Essex Police,Essex Police,0.689363,51.602638,On or near NEWHALL,E01021927,Rochford 002B,Unable to prosecute suspect
73bbc25b4a9eb2c102edef87fc2fad53f8fb6932065165be371517b50021635e,2018-12,Essex Police,Essex Police,0.309063,51.797510,On or near HOLLOWAY CRESCENT,E01022096,Uttlesford 009D,Investigation complete; no suspect identified
8661b228c75d9f8eb580d011b8b59b759654b15f5b0e08a458c71ecdff4a3a0e,2018-12,Essex Police,Essex Police,0.559771,51.571766,On or near Petrol Station,E01021525,Castle Point 001D,Suspect charged
8661b228c75d9f8eb580d011b8b59b759654b15f5b0e08a458c71ecdff4a3a0e,2018-12,Essex Police,Essex Police,0.559771,51.571766,On or near Petrol Station,E01021525,Castle Point 001D,Suspect charged
8661b228c75d9f8eb580d011b8b59b759654b15f5b0e08a458c71ecdff4a3a0e,2018-12,Essex Police,Essex Police,0.559771,51.571766,On or near Petrol Station,E01021525,Castle Point 001D,Suspect charged
405cac41dd1171c42afca7a3a4be3858645729217cd9b878a7f3342a34ef74de,2018-12,Essex Police,Essex Police,0.327561,51.482419,On or near ROOKWOOD CLOSE,E01015959,Thurrock 016C,Unable to prosecute suspect
d03fd64fbc6acb19e77911b6d691a8160e11469ad0f6830fe38a6031946d1f0e,2018-12,Essex Police,Essex Police,0.560985,51.568214,On or near SELBOURNE ROAD,E01021527,Castle Point 001E,Unable to prosecute suspect
bdcdb1e12f426b9a8bcd3491c6514b579db8632c4d334e27ccdc150af283d2e1,2018-12,Essex Police,Essex Police,0.430399,51.570066,On or near ORCHID PLACE,E01021288,Basildon 016B,Further investigation is not in the public interest
267a442267c2283143f9d38a90b4c79c79cb2f83408c6ac3abfddfcd38405eb4,2018-12,Essex Police,Essex Police,0.694182,51.550103,On or near HIGHFIELD CRESCENT,E01015907,Southend-on-Sea 007G,Unable to prosecute suspect
93fa10cc47fd39a9d853582af45c90f0a161307cb7f4b1b1c1f91ac618bc7b12,2018-12,Essex Police,Essex Police,0.690846,51.597199,On or near CAMBRIDGE GARDENS,E01021928,Rochford 002C,Unable to prosecute suspect
27240cceffaea4eed71f9cc86ef2c9d8c7dfea9119fccb6eb81b412402ded507,2018-12,Essex Police,Essex Police,0.049511,51.641546,On or near ALGHERS MEAD,E01021782,Epping Forest 014C,Unable to prosecute suspect
a459a92e88850bb7621a634ea58d0c757c4ff4bb7742bf85ae30355739866ee7,2018-12,Essex Police,Essex Police,0.043943,51.626355,On or near LANGFORDS,E01021748,Epping Forest 015G,Unable to prosecute suspect
fc03833eaff9ae908a13e04136aac3e9cc0e6a4b9cd42f54aab4a24b118b55e5,2018-12,Essex Police,Essex Police,0.635972,51.544321,On or near HAMBORO GARDENS,E01015908,Southend-on-Sea 008A,Investigation complete; no suspect identified
3596bbd558ea0ba177869bbebf1e6886150aa445d22155cbbcc9d5207c7b27c9,2018-12,Essex Police,Essex Police,0.700419,51.740596,On or near LIMBOURNE DRIVE,E01021885,Maldon 003B,Unable to prosecute suspect
38b029a94aa8fdc799395aa502aa84012d738aee0c37ab49241f70b0fb9876fd,2018-12,Essex Police,Essex Police,0.101956,51.754464,On or near FIVE ACRES,E01021871,Harlow 007D,Further investigation is not in the public interest
b5a7af5af3cfd3927febb27ff52ace5d1f4e9180e974845a264afa55650f5a56,2018-12,Essex Police,Essex Police,0.959087,51.865179,On or near SPRING LANE,E01021740,Colchester 017E,Unable to prosecute suspect
970acd73c1d6d3bc47ace65b3d0a4b4f62ffe5d52954c1a89cf9200d27184c4a,2018-12,Essex Police,Essex Police,0.109228,51.781779,On or near Shopping Area,E01021845,Harlow 002B,Unable to prosecute suspect
b9015e66f50594b023349eef592ec6907c23630ddf7fdd463cf98fd7b4564d35,2018-12,Essex Police,Essex Police,0.077480,51.771427,On or near FOLD CROFT,E01021840,Harlow 004B,Unable to prosecute suspect
9b8e44e46d2955769da81c3b0114da700f49ace6200580c2e2920c32687bb8c2,2018-12,Essex Police,Essex Police,0.817594,51.630800,On or near NEW ROAD,E01021881,Maldon 008F,Unable to prosecute suspect
ca4b7653e6b89ca939276b33bc91dac48499d7965480fbca89c8358043f35b60,2018-12,Essex Police,Essex Police,0.591323,51.715777,On or near HOYNORS,E01021572,Chelmsford 016E,Unable to prosecute suspect
2608cc6d2b8820788f62d18d259b44bfb4edb41d83aa79170127a5ab0858c0c5,2018-12,Essex Police,Essex Police,0.687405,51.550646,On or near FAIRFAX DRIVE,E01015904,Southend-on-Sea 007D,Local resolution
19de5322520127e5bfe757566ad810402220efc8fdea6c57ce8249d019da333e,2018-12,Essex Police,Essex Police,0.668685,51.539633,On or near CLIFF GARDENS,E01015848,Southend-on-Sea 011D,Unable to prosecute suspect
1d099ebe6fd384f026786eb43e27569704d16a7a30a1eb10ec8c658ad1d6c7a5,2018-12,Essex Police,Essex Police,0.591323,51.715777,On or near HOYNORS,E01021572,Chelmsford 016E,Unable to prosecute suspect
19b1858b6619f6ec3fed57e50184e12fefec72435fa3f21abee7e57f225bfc41,2018-12,Essex Police,Essex Police,1.150049,51.812161,On or near Supermarket,E01022039,Tendring 010B,Investigation complete; no suspect identified
a542bd7c33fa9e328b18903b9963acf174535463b22175acda4851e1a4f04a45,2018-12,Essex Police,Essex Police,0.606012,51.522309,On or near STEVENS CLOSE,E01021490,Castle Point 012B,Local resolution
8b2a462bc07c5cec8d685a9f0c45b1fc97caba6187cba97885ed5991df401f8d,2018-12,Essex Police,Essex Police,0.092373,51.766253,On or near LUTHER KING ROAD,E01021868,Harlow 007B,Investigation complete; no suspect identified
8c5480b4e7253d739c2c5522d2ef02ee14b78a166332919ea90c4d30388a0860,2018-12,Essex Police,Essex Police,0.743522,51.548501,On or near CHAINGATE AVENUE,E01015887,Southend-on-Sea 009E,Suspect charged
8c5480b4e7253d739c2c5522d2ef02ee14b78a166332919ea90c4d30388a0860,2018-12,Essex Police,Essex Police,0.743522,51.548501,On or near CHAINGATE AVENUE,E01015887,Southend-on-Sea 009E,Suspect charged
8c5480b4e7253d739c2c5522d2ef02ee14b78a166332919ea90c4d30388a0860,2018-12,Essex Police,Essex Police,0.743522,51.548501,On or near CHAINGATE AVENUE,E01015887,Southend-on-Sea 009E,Suspect charged
8c5480b4e7253d739c2c5522d2ef02ee14b78a166332919ea90c4d30388a0860,2018-12,Essex Police,Essex Police,0.743522,51.548501,On or near CHAINGATE AVENUE,E01015887,Southend-on-Sea 009E,Suspect charged
aa3897f26a2818e97a1a0f88eeae4a61aa650fe49e965a01cdd62992fa913f0c,2018-12,Essex Police,Essex Police,0.426367,51.726144,On or near POUND FIELDS,E01021636,Chelmsford 011F,Unable to prosecute suspect
cb86cf2e8c43bd5da36d11bea0cde7f94bb99e6c6e1dad276b6d7d3b3f47924c,2018-12,Essex Police,Essex Police,0.504477,51.568005,On or near WICKFORD AVENUE,E01021317,Basildon 018E,Unable to prosecute suspect
b88799e731c5294259bc258bea55fc976d25db37c8b415aeeb5546e10ca7f4e0,2018-12,Essex Police,Essex Police,0.450839,51.723720,On or near WESTWAY,E01033138,Chelmsford 009F,Offender given a drugs possession warning
e20cb3de6faae8f3ba34d732c898f61f9959903fd5d426281d7b9ea0dfe0e87b,2018-12,Essex Police,Essex Police,0.739402,51.547626,On or near PHILPOTT AVENUE,E01015887,Southend-on-Sea 009E,Investigation complete; no suspect identified
35e8942348a7d049331e86769497df42fd1e6c9a30dc9f7422aef93d6ea98848,2018-12,Essex Police,Essex Police,0.110187,51.752320,On or near THE READINGS,E01021861,Harlow 010E,Unable to prosecute suspect
f8ef1a37881539e66d195cb97942043b6c07ec66e581efc63c6406d669e1ceb1,2018-12,Essex Police,Essex Police,0.655050,51.548451,On or near Supermarket,E01015814,Southend-on-Sea 003A,Investigation complete; no suspect identified
45844a4bcded1a9fa762e48de8658f475c315954295fad3e73ecf975ed226380,2018-12,Essex Police,Essex Police,0.737940,51.541301,On or near Parking Area,E01015884,Southend-on-Sea 009B,Local resolution
20fba6e919353279f3327a5ad3b8e9b40885f97f94d74fe93e50fdee6eb8d4ae,2018-12,Essex Police,Essex Police,0.109402,51.778358,On or near ALTHAM GROVE,E01021853,Harlow 003E,Investigation complete; no suspect identified
c2168154dc86c5ea05e541dde00481e3005a29bd362e168edec2ecdbdb2183d2,2018-12,Essex Police,Essex Police,0.410823,51.632631,On or near RICKETTS DRIVE,E01021246,Basildon 002B,Offender given a drugs possession warning
c9cab704ab7bc5ae65b6b3a2490b0968b5c0b29dd74ea75fd169a4d39ea3622c,2018-12,Essex Police,Essex Police,0.332752,51.475760,On or near JOHN STREET,E01015962,Thurrock 016E,Unable to prosecute suspect
e5107ff755f9e354efa5ebee36a3756197936b7539dc6f5fe0590f48ce66228f,2018-12,Essex Police,Essex Police,0.607532,51.587235,On or near Nightclub,E01021962,Rochford 008C,Unable to prosecute suspect
6e95473ef412cbe47cfa9f71dd3762747d8de34ed54dd1151de24bf28871028f,2018-12,Essex Police,Essex Police,1.052386,51.947336,On or near TURNER AVENUE,E01022015,Tendring 003D,Unable to prosecute suspect
b5018721f43a06c3dbeeb58bc2740c9a467219f16661315d67fb40844379c620,2018-12,Essex Police,Essex Police,0.473830,51.736629,On or near Chelmsford Police Station,E01033141,Chelmsford 010G,Unable to prosecute suspect
47119f1d00617eaa25e3d1e6c6762665c254f1daf99364752df03b51eddf6070,2018-12,Essex Police,Essex Police,0.367623,51.463342,On or near SPENCER WALK,E01016009,Thurrock 018G,Unable to prosecute suspect
68686bdab0224d940b9319603e9c2a8343ae7adabdfa17fbdca73affe7bd4762,2018-12,Essex Police,Essex Police,0.705140,51.545642,On or near HARCOURT AVENUE,E01015899,Southend-on-Sea 010E,Unable to prosecute suspect
087ad27803df2ce981804273aa3eb71c0b141208ef38ea17551ee30310836b8a,2018-12,Essex Police,Essex Police,1.150608,51.788761,On or near JACKSON ROAD,E01022025,Tendring 016B,Suspect charged
118140e01884c4184c7b7bae9a8fbeeb1ccdf524d53014daa7fa1ed256b1ef33,2018-12,Essex Police,Essex Police,1.151023,51.790144,On or near PIER AVENUE,E01022026,Tendring 016C,Unable to prosecute suspect
324d2a67ff8457510fc0b6a2c1a08603f52e8d66c57713ee1bf391d3c4c67dff,2018-12,Essex Police,Essex Police,1.250418,51.926093,On or near VAUX AVENUE,E01022004,Tendring 004D,Unable to prosecute suspect
1b67f0961b2584aad92093dd5c85d0c4c7d81a09e6d923f7a452697d7c22cfdb,2018-12,Essex Police,Essex Police,0.324827,51.868772,On or near STORTFORD ROAD,E01022090,Uttlesford 006B,Unable to prosecute suspect
a1f5555a636ed04b71f8a48ce1aedbf6c158a9afaab410a176fb5fee127d7314,2018-12,Essex Police,Essex Police,0.897285,51.905085,On or near BARDSLEY CLOSE,E01021679,Colchester 004A,Investigation complete; no suspect identified
626b4849790f7d68904e87ba36e44d1a75c65a70cc1d1d9f1c994c017193c5ea,2018-12,Essex Police,Essex Police,0.462235,51.775920,On or near PUDDINGS WOOD LANE,E01021542,Chelmsford 002A,Unable to prosecute suspect
222ec14b62c480a93f3b9f4056961287ec6f482ea5b6bcc37eba56b856536e14,2018-12,Essex Police,Essex Police,0.462235,51.775920,On or near PUDDINGS WOOD LANE,E01021542,Chelmsford 002A,Unable to prosecute suspect
cbcef750c2f85e6f88cff6cdc460db4ae3aeee8831dc251ac12a572404f858ea,2018-12,Essex Police,Essex Police,0.213922,51.986761,On or near BELMONT HILL,E01022073,Uttlesford 003D,Unable to prosecute suspect
5fe9235508a63e1af178a641edbbac9a0e26d835ba1de791be6e2ee478f90a41,2018-12,Essex Police,Essex Police,0.496571,51.743999,On or near OXFORD COURT,E01021626,Chelmsford 007E,Investigation complete; no suspect identified
6101bf29460b10d56b61f31aa3ee34f5798e69661d727174b3293e988fd933d2,2018-12,Essex Police,Essex Police,0.555930,51.567884,On or near LINDEN ROAD,E01021525,Castle Point 001D,Unable to prosecute suspect
99f6913a6c6953fda7c3ab8f98fd5001f4f03339482719a6f0a4a347594c2569,2018-12,Essex Police,Essex Police,0.476706,51.589656,On or near Sports/Recreation Area,E01021267,Basildon 012B,Unable to prosecute suspect
e99ddbc587b48336f38dbf64c55a0966fef4e4e12c42e2a8d4bbbf05edd714ff,2018-12,Essex Police,Essex Police,0.687295,51.876660,On or near THE BRAMLEYS,E01021379,Braintree 014C,Unable to prosecute suspect
77f77bcbd1ff4d40e61477786a42e5cafbbee9731a9b5803037bf976d9cb510a,2018-12,Essex Police,Essex Police,0.902897,51.916800,On or near ROMULUS CLOSE,E01021682,Colchester 004D,Investigation complete; no suspect identified
7f22de9f9f1242daf32cf3da7c5b864c2a325998e24e5ea5b13cbd9708036e05,2018-12,Essex Police,Essex Police,0.705487,51.538601,On or near PARK STREET,E01015854,Southend-on-Sea 015D,Suspect charged
1271665dbc8609149ec3c5a624417b28e8d2e71099d5ac2d77ab1d648457746a,2018-12,Essex Police,Essex Police,0.652864,51.947039,On or near APPLE TREE CLOSE,E01021390,Braintree 006B,Investigation complete; no suspect identified
f27080d2ca7055f8067c085ffb09f86eb2c67c7bd39c2e06030e4a449e5746ae,2018-12,Essex Police,Essex Police,0.475214,51.731744,On or near Shopping Area,E01033140,Chelmsford 010F,Unable to prosecute suspect
0ac9e554720df42ef25df1fc1f60d98f53292d153acbc2ea238fac1e7d055cd6,2018-12,Essex Police,Essex Police,0.495881,51.732790,On or near Shopping Area,E01021547,Chelmsford 008D,Investigation complete; no suspect identified
48747c220e2815127da206a27926b6b5335050820194ee548c2dbc33d95f2c2b,2018-12,Essex Police,Essex Police,0.567737,51.526166,On or near SIXTH AVENUE,E01021507,Castle Point 010E,Unable to prosecute suspect
b71a547410d9b6800e31a73e1217a459df6b0fc99c18d1b53bd1e9b6d0c648f0,2018-12,Essex Police,Essex Police,0.699088,51.555243,On or near BEELEIGH CLOSE,E01015860,Southend-on-Sea 004D,Unable to prosecute suspect
5e4170d3ec612b6d0554e9f15f80cf4dd02093e6dc69e2b2c331a221efb06e83,2018-12,Essex Police,Essex Police,0.851844,51.883909,On or near CLAIRMONT ROAD,E01021674,Colchester 009B,Unable to prosecute suspect
08d2abfe0acfb5489f5774ef302822cd6de9be23090597ef01e3cb51c190be6e,2018-12,Essex Police,Essex Police,0.565368,51.854076,On or near BEDELLS AVENUE,E01021347,Braintree 013A,Offender given a caution
e3c08036cec9f79d25ba7a60dd84f1930f802359b2905dc92c97672e588a646e,2018-12,Essex Police,Essex Police,0.005685,51.685637,On or near HOWARD CLOSE,E01021818,Epping Forest 009C,Unable to prosecute suspect
e2822a21f14d2f194da1b112cfd8771b0ad2e6af2c72649a29918864b2ce8291,2018-12,Essex Police,Essex Police,0.705949,51.551002,On or near REGENCY GREEN,E01015861,Southend-on-Sea 004E,Investigation complete; no suspect identified
3e0308136b1f3e329041c650d60396d80b89269634cce15b3259bfac9852ab48,2018-12,Essex Police,Essex Police,0.580237,51.570014,On or near PARK ROAD,E01021528,Castle Point 002D,Investigation complete; no suspect identified
0f70e5f334b5dc8cccb1d74ed01de0081c1130162314fcbbe4502989932df176,2018-12,Essex Police,Essex Police,0.906415,51.865215,On or near PARNELL CLOSE,E01021638,Colchester 018B,Unable to prosecute suspect
c19eb6e4d7a7ed2d5b614e9562199dfce2f83273823b7bd0df303fd8281b469b,2018-12,Essex Police,Essex Police,0.448184,51.798867,On or near BURY LANE,E01021539,Chelmsford 001B,Unable to prosecute suspect
4758df07132927ca827727c2c165fc2d953f09343e2998a7a2df7bfc2e3508e2,2018-12,Essex Police,Essex Police,0.580250,51.868481,On or near STILEMANS WOOD,E01021380,Braintree 012E,Investigation complete; no suspect identified
d95f117e45596ddb0efae8cffd02e3669aff2400efb279ee07d5259936dba5ef,2018-12,Essex Police,Essex Police,1.153340,51.787393,On or near Nightclub,E01022025,Tendring 016B,Unable to prosecute suspect
df051a24f353aea788d2a51c7ea3ddacf39a13882087a8f346b1d11e93d51852,2018-12,Essex Police,Essex Police,1.153340,51.787393,On or near Nightclub,E01022025,Tendring 016B,Unable to prosecute suspect
c8666767ec5ac69f276c1423497bb88b1f4ba41dbe80294e463abc645734db92,2018-12,Essex Police,Essex Police,0.641270,51.801386,On or near WHITEHALL COURT,E01021416,Braintree 017B,Unable to prosecute suspect
2bad195a91b2444e85d82953a04446afa891c08780941e48cc0dac4153cb6203,2018-12,Essex Police,Essex Police,-0.009225,51.646189,On or near GILWELL CLOSE,E01004349,Waltham Forest 001A,Unable to prosecute suspect
18af2d897e7967346c9cf7a5299773304ba541d12cdeb53eee734e046c9b27bc,2018-12,Essex Police,Essex Police,0.461544,51.747229,On or near BROWNINGS AVENUE,E01021592,Chelmsford 006D,Investigation complete; no suspect identified
0c0047a6c5ef3e111a92edb7e8a43e95b8707dc54df67c07666ae78bd3c94b6e,2018-12,Essex Police,Essex Police,0.713596,51.539394,On or near Nightclub,E01015852,Southend-on-Sea 015B,Investigation complete; no suspect identified
d6dfec4ab3da5c37e47603b340b7abc07f62b068a25c1ed2ecb2f747ae5fd250,2018-12,Essex Police,Essex Police,1.087300,51.775566,On or near Seawick Holiday Park,E01022045,Tendring 018D,Suspect charged
b984455fcb9f87274fc6f98caa048f9dd0475d4510c010662ba084d1da7505bb,2018-12,Essex Police,Essex Police,0.462186,51.721478,On or near Petrol Station,E01021556,Chelmsford 012A,Unable to prosecute suspect
d503054f477e24d224d9bdf6c2797a15e1f317e63049bd77ea69038deb8f61f4,2018-12,Essex Police,Essex Police,0.560159,51.876654,On or near GRESLEY DRIVE,E01033458,Braintree 009E,Investigation complete; no suspect identified
e2f616d292182c758eb468cfdb2c577ef60c3484c7f59c633ac504e7f52f06bf,2018-12,Essex Police,Essex Police,0.601624,51.774131,On or near Parking Area,E01021395,Braintree 018C,Unable to prosecute suspect
63133274579fc6e1155fe9f6bcb01ac5736df34ac4e03dbee0aa6eb1aabf1c0d,2018-12,Essex Police,Essex Police,0.333212,51.499996,On or near OAKWAY,E01015993,Thurrock 009C,Unable to prosecute suspect
db7f2ea3d9c905c14add7306011f8dc95a437003fef25fba56609880b845e8dc,2018-12,Essex Police,Essex Police,0.443720,51.579233,On or near Pedestrian Subway,E01021268,Basildon 015B,Investigation complete; no suspect identified
a2cb49e3be6200fd4bb69bc20a790e53b5617cf4cb08409fdd496aa4473165bf,2018-12,Essex Police,Essex Police,0.670896,51.869146,On or near Sports/Recreation Area,E01021379,Braintree 014C,Unable to prosecute suspect
ffcf928ec3d24f9a661971be88e066b235c1d8c2e7cc1dda1c7f3736880ce959,2018-12,Essex Police,Essex Police,0.146188,51.783709,On or near MILLHURST MEWS,E01021854,Harlow 001A,Unable to prosecute suspect
0188b199bfa85e7a65288f08b05d2610c80893e3aaff29b8439adbca49006b47,2018-12,Essex Police,Essex Police,0.413821,51.581021,On or near BOURNE CLOSE,E01021278,Basildon 014E,Unable to prosecute suspect
8217853f52ce1d2b2b60c27cbb79273b7d752ebfe76634b82d81640e1111507f,2018-12,Essex Police,Essex Police,0.074083,51.607365,On or near STRADBROKE DRIVE,E01021766,Epping Forest 017C,Unable to prosecute suspect
439402ab767339ba0aacf88d0c74694f7b2cedc3ea263e6f5365f223f47374ff,2018-12,Essex Police,Essex Police,0.612140,51.515527,On or near SOUTH PARADE,E01021490,Castle Point 012B,Unable to prosecute suspect
b74581fdb9f10e5188e0a6aedd5789da935fc029031ed4bcf4c694931d362d62,2018-12,Essex Police,Essex Police,0.295316,51.600827,On or near BURNELL WALK,E01021473,Brentwood 008D,Investigation complete; no suspect identified
8e667cc5f1d6508a4b852324f6efdce9ae739b0523e10b9f38f5e1d48844fd31,2018-12,Essex Police,Essex Police,0.109228,51.781779,On or near Shopping Area,E01021845,Harlow 002B,Unable to prosecute suspect
6697aaa3037d8b23751bb715636dd88a30dd6a8cd45f19f769553bb9b60af114,2018-12,Essex Police,Essex Police,0.295316,51.600827,On or near BURNELL WALK,E01021473,Brentwood 008D,Unable to prosecute suspect
d41112c4cbf534ade32b9f7efe84fbbff59b500b1c7cbeb35aac149763e65d51,2018-12,Essex Police,Essex Police,0.580370,51.887319,On or near SHEENE GROVE,E01021351,Braintree 007B,Offender given a caution
fdcf4049a43ab12f6f28597036c7c6f3eb593394b45295f0e42eb372eeb25f3f,2018-12,Essex Police,Essex Police,1.119841,51.778600,On or near JASMINE WAY,E01021990,Tendring 018C,Unable to prosecute suspect
c5bdf5e95eb709e2affbb530aa164a4631644ca57592ef7b885e99e317023751,2018-12,Essex Police,Essex Police,1.152215,51.788718,On or near Shopping Area,E01022025,Tendring 016B,Investigation complete; no suspect identified
d07f3e0f8a85b72ceab4d794a4fb750d0f9e897543284bfa8446d2371f0f3070,2018-12,Essex Police,Essex Police,0.261741,51.889938,On or near Airport/Airfield,E01022090,Uttlesford 006B,Suspect charged
7257a7c5b6d625ffc44371ac722931b667cf923faf7d4ad7d951b7bebe57dc24,2018-12,Essex Police,Essex Police,0.692011,51.555109,On or near LAVENDER MEWS,E01015860,Southend-on-Sea 004D,Unable to prosecute suspect
0dde30388e79551eaf8c45db9498b54a7c5d7136c5b6576bcdd5e13d92fd10a6,2018-12,Essex Police,Essex Police,0.692011,51.555109,On or near LAVENDER MEWS,E01015860,Southend-on-Sea 004D,Unable to prosecute suspect
a2cd8d3d27df4f146c9147cf12dddbe44ec522488fdab36f5e9661b46303a06d,2018-12,Essex Police,Essex Police,1.125924,51.798208,On or near MENDLESHAM CLOSE,E01022031,Tendring 015D,Suspect charged
144bf559e270f4b61c8da44a9363403ca26e93c41435c489b3001b94d44a93a5,2018-12,Essex Police,Essex Police,0.489170,51.721628,On or near Petrol Station,E01021564,Chelmsford 013D,Unable to prosecute suspect
1232e90ee0297bc5216f5881532dbaa9831c5b19813b8c709aa4ac4f3425f076,2018-12,Essex Police,Essex Police,0.277113,51.898482,On or near SCHOOL LANE,E01022090,Uttlesford 006B,Suspect charged
310bb7016836ba9a69c8345a1e28f18394af887e443daee491ba07379fd5e0f2,2018-12,Essex Police,Essex Police,0.612001,51.600212,On or near EASTVIEW DRIVE,E01021919,Rochford 005B,Investigation complete; no suspect identified
f1d764e7cbbf4cdb2b0d2f2e0576064c57cc53d8ca4925670bb067d6e7d4bcc0,2018-12,Essex Police,Essex Police,0.332562,51.491492,On or near WOODCUTTERS AVENUE,E01015995,Thurrock 009E,Unable to prosecute suspect
69fadc3172cf3d2bf625917cff875370033b0e962e00339f5b1035234afbca92,2018-12,Essex Police,Essex Police,1.152215,51.788718,On or near Shopping Area,E01022025,Tendring 016B,Unable to prosecute suspect
c0b15950582fb29f7a76bde43961bbfd899a7ed2bc848547ad01d3461140acee,2018-12,Essex Police,Essex Police,0.475388,51.717180,On or near GLOUCESTER AVENUE,E01021586,Chelmsford 015E,Unable to prosecute suspect
7b5fe53363a3ab62405c808543634e82a3faf36b590f51e304be1aa8b520b0e3,2018-12,Essex Police,Essex Police,0.691430,51.581914,On or near HALL ROAD,E01021954,Rochford 007D,Investigation complete; no suspect identified
e987f14417dfe891585abf0571df7a44b21c797de40725a134aedb30a3273870,2018-12,Essex Police,Essex Police,0.715320,51.534677,On or near Shopping Area,E01015852,Southend-on-Sea 015B,Investigation complete; no suspect identified
4714b3c5c539f5640987779dc44592627ea1d6a0e6ae1fd5d7d2d7b7aba4062e,2018-12,Essex Police,Essex Police,0.332562,51.491492,On or near WOODCUTTERS AVENUE,E01015995,Thurrock 009E,Unable to prosecute suspect
eca3ff6e60333b2a2d63f4d0d4070d311eec3f1826203c9290e43ae5eaa3de79,2018-12,Essex Police,Essex Police,0.475388,51.717180,On or near GLOUCESTER AVENUE,E01021586,Chelmsford 015E,Unable to prosecute suspect
2344f092fd730e4b8bd265483cc18dde635324624f7181ceb1418f7979fa39ce,2018-12,Essex Police,Essex Police,0.011434,51.687409,On or near ROUNTON ROAD,E01021807,Epping Forest 008A,Unable to prosecute suspect
bff176c9b9967864e82e7b6fe055c91bbec38325392f9a0d8eaa0002ee75585a,2018-12,Essex Police,Essex Police,0.159791,51.808360,On or near SHEERING MILL LANE,E01021795,Epping Forest 001B,Investigation complete; no suspect identified
cda7028e2f1c4005660484eb9e4e5735aa39b2472dee4eef4b3e9f0f67a4c29f,2018-12,Essex Police,Essex Police,0.463490,51.569268,On or near Supermarket,E01021318,Basildon 015C,Unable to prosecute suspect
ce4a86a900bbcf77908f9bb0c7e4a2d73dc20334fa5a700a77e4844ca275d4ef,2018-12,Essex Police,Essex Police,0.659313,51.551052,On or near GREENACRE MEWS,E01015820,Southend-on-Sea 005A,Investigation complete; no suspect identified
c8dabad80dc5afda7d78799c424d6452b461afae8f5ef62faf8b4a7a2b39cd2b,2018-12,Essex Police,Essex Police,0.261741,51.889938,On or near Airport/Airfield,E01022090,Uttlesford 006B,Suspect charged
51dfc4f77d144bc9bcce851a9c3b3777e78cad97813e9e048e060b4175f68de9,2018-12,Essex Police,Essex Police,0.424279,51.560822,On or near WHITCROFT,E01021283,Basildon 021D,Unable to prosecute suspect
9cc28d4045d2eea18f7c36e8e1222db3c7162d6fcb41c84e3a0cf001a8c3a5f7,2018-12,Essex Police,Essex Police,0.424279,51.560822,On or near WHITCROFT,E01021283,Basildon 021D,Unable to prosecute suspect
9d59dc2d7ef57db8ddc52136191c61b7344f545cf6b326c4501ec5a4a86d2b2c,2018-12,Essex Police,Essex Police,0.098483,51.748312,On or near Supermarket,E01021860,Harlow 010D,Unable to prosecute suspect
03443e2c9dd777445ed9b3ef6751c2f207891da664a6c75ac436e322bde51ed9,2018-12,Essex Police,Essex Police,0.691952,51.550451,On or near SPRINGFIELD DRIVE,E01015904,Southend-on-Sea 007D,Unable to prosecute suspect
e1b1707f89e140f6d3914a7cb52d3714ac5c545cb4a6adcf0dae2bacb9a7394c,2018-12,Essex Police,Essex Police,0.580237,51.570014,On or near PARK ROAD,E01021528,Castle Point 002D,Action to be taken by another organisation
d18b9b1e2496b65cac8420740471142bafd426e27bb18c1b3fbcd317976e700e,2018-12,Essex Police,Essex Police,0.900116,51.889231,On or near Shopping Area,E01021649,Colchester 007D,Unable to prosecute suspect
ca7cc5e6af8399f3d448cc3da5c8b5bbf2698363612bf298f639f27a0ce5744d,2018-12,Essex Police,Essex Police,0.101550,51.696074,On or near LOWER BURY LANE,E01021763,Epping Forest 005D,Investigation complete; no suspect identified
d83a7c2165eb77d2232ed6b8faede123e0cdbd83c167a7798ce10e8a92f9918d,2018-12,Essex Police,Essex Police,0.413811,51.637453,On or near Supermarket,E01021252,Basildon 002E,Unable to prosecute suspect
d83a7c2165eb77d2232ed6b8faede123e0cdbd83c167a7798ce10e8a92f9918d,2018-12,Essex Police,Essex Police,0.413811,51.637453,On or near Supermarket,E01021252,Basildon 002E,Unable to prosecute suspect
fd07157008e9b6e1a56813fc822699408afc8381400051a6c544ac7d13665ab1,2018-12,Essex Police,Essex Police,1.148025,51.787913,On or near Police Station,E01022037,Tendring 017D,Unable to prosecute suspect
c0be76ad272779fde0e64180b267cd105ffa7018ca532d89172943da863196ce,2018-12,Essex Police,Essex Police,0.491490,51.560628,On or near RIVERTONS,E01021311,Basildon 022C,Investigation complete; no suspect identified
dedba2639c4f3b4a9867f903b71c83431cbb2884544bcb409535c366ef246214,2018-12,Essex Police,Essex Police,0.491490,51.560628,On or near RIVERTONS,E01021311,Basildon 022C,Investigation complete; no suspect identified
34f1028b6d373034452718dc90a48e1f5ed3599ebedb3052abb29fd1312ee067,2018-12,Essex Police,Essex Police,0.299279,51.481106,On or near PHILIP SYDNEY ROAD,E01033610,Thurrock 019B,Investigation complete; no suspect identified
f3b7dbbe6bbfdf2ba05eb0faebbb84b1c703c58bcbb29f3f04a99e800196b2ec,2018-12,Essex Police,Essex Police,0.546084,51.887023,On or near WINGATE CLOSE,E01021359,Braintree 008D,Unable to prosecute suspect
84cd350cab9a7b570eccc8f6b8dbb615817eef5c329e15145d8015afd72ec4f7,2018-12,Essex Police,Essex Police,0.616905,51.644288,On or near KNIGHT STREET,E01021613,Chelmsford 019C,Suspect charged
5c353672078284c1f857cc1ddd32c00f462ee0daf68de438ef3fdabe30bd207f,2018-12,Essex Police,Essex Police,0.618157,51.639161,On or near BLACKWOOD CHINE,E01021605,Chelmsford 020A,Suspect charged
3036ee26506096fff14e89798d64a7720d86e86f6c0390c3f24299cd15fdf50d,2018-12,Essex Police,Essex Police,0.132577,51.757347,On or near CHAPEL LANE,E01021836,Harlow 008D,Unable to prosecute suspect
d7307a75a8f69860d69028d34107a7d96c5108a99cc4d5b6f51468fb0c5fabe5,2018-12,Essex Police,Essex Police,0.467958,51.739450,On or near VICTORIA CRESCENT,E01021574,Chelmsford 010A,Unable to prosecute suspect
dde1f5941850df3e9dc69df501c72ba89337f8968c570bbd98aa5792bc4e31e9,2018-12,Essex Police,Essex Police,0.754627,51.814846,On or near TEW CLOSE,E01021643,Colchester 019A,Suspect charged
0c33da58b25b0a92f3efca329f6a4b1ec32db89b5a75bd849cfd2b46432a56b9,2018-12,Essex Police,Essex Police,0.101956,51.754464,On or near FIVE ACRES,E01021871,Harlow 007D,Unable to prosecute suspect
2fc704ec76c7b925163365ee986f65b4c5cb3e7f5896fca7be935e0acc0e61a1,2018-12,Essex Police,Essex Police,0.700166,51.552736,On or near JONES CLOSE,E01015861,Southend-on-Sea 004E,Investigation complete; no suspect identified
6cee7826cf8f7983e1d35427ec9715923b23f8ce318b8ef9d6e1f41b2e8c4f72,2018-12,Essex Police,Essex Police,0.501215,51.592707,On or near SOUTHEND ARTERIAL ROAD,E01021330,Basildon 006C,Suspect charged
fb34496a64244deab44f3acde044c31e7af20c648581893d82b8cbc61bcc9632,2018-12,Essex Police,Essex Police,0.700166,51.552736,On or near JONES CLOSE,E01015861,Southend-on-Sea 004E,Investigation complete; no suspect identified
3df6271308a60cae32cce784379a4f330902923ba4415bdc2fd334a4a6c803b6,2018-12,Essex Police,Essex Police,0.282491,51.476605,On or near JUBILEE ROAD,E01016012,Thurrock 015C,Investigation complete; no suspect identified
ce905790582d69f90b3a15604faadc4f29190765ccfdf69859d5b25b3d169c5a,2018-12,Essex Police,Essex Police,0.513170,51.751784,On or near White Hart Lane,E01033144,Chelmsford 005F,Investigation complete; no suspect identified
1c6789d76f88cdbb13fd94dc9f59db18c0606c99ac5ac770180da888b43924ca,2018-12,Essex Police,Essex Police,0.721355,51.534798,On or near ASH WALK,E01015841,Southend-on-Sea 014C,Unable to prosecute suspect
c96a1a2db6757518df8c9819ea7d75af9e0205520147ccf4246b1a65f6130a28,2018-12,Essex Police,Essex Police,0.093567,51.769182,On or near Shopping Area,E01021872,Harlow 007E,Investigation complete; no suspect identified
dbe901d07e4ddd065d7c207ae681feef39f2f00fbc9954d24ca752e3c4958121,2018-12,Essex Police,Essex Police,0.193109,51.872201,On or near DUNMOW ROAD,E01022087,Uttlesford 005F,Investigation complete; no suspect identified
7cedb90bddac9c2a8debbd206c0b4c8288bb073862047e105c69ae1e9a7a92e8,2018-12,Essex Police,Essex Police,1.219816,51.844286,On or near Sports/Recreation Area,E01022010,Tendring 008F,Unable to prosecute suspect
a2086218e4adf2a662a237f07d228415c439163815b1a71127f787b36a4681a4,2018-12,Essex Police,Essex Police,0.913712,51.778515,On or near VINCE CLOSE,E01021732,Colchester 021B,Unable to prosecute suspect
28e09c714d3f4b40117ee062f8254071769ae9dd34ed7b1cf1bd7b00533153d6,2018-12,Essex Police,Essex Police,0.689866,51.742915,On or near HILLARY CLOSE,E01021888,Maldon 003E,Unable to prosecute suspect
4f8d6ea3b7ee473921f8b20d4d79fdd36a514abf1614b57d21e9d3fe51d491dd,2018-12,Essex Police,Essex Police,0.328649,51.630261,On or near Supermarket,E01021465,Brentwood 005D,Local resolution
7a419855c4d51763fcde96269ec4fa112fa9416e9e8c86c6a9636066ab1375a8,2018-12,Essex Police,Essex Police,0.437818,51.506690,On or near Park/Open Space,E01015990,Thurrock 003D,Unable to prosecute suspect
97270bf32c5f421f8974a733467869536de7ea4e7b98d0f3a14b49b9b60fb049,2018-12,Essex Police,Essex Police,0.109228,51.781779,On or near Shopping Area,E01021845,Harlow 002B,Investigation complete; no suspect identified
23a8e3550a56c70703ab40b1e599f59fa6053dd9d5f1af2134a3b07b2718604c,2018-12,Essex Police,Essex Police,0.550641,51.569807,On or near RUSH CLOSE,E01021513,Castle Point 001A,Investigation complete; no suspect identified
ece7926ea467154af0dcd8c7b2786b4e9b11e32851f0c3b0c8ef53fec0bd8a7c,2018-12,Essex Police,Essex Police,0.231185,51.486442,On or near RAPIER CLOSE,E01016014,Thurrock 015E,Investigation complete; no suspect identified
e7421f35b6012276aadf9aca3377c6d32f75356bb0ccb207a62be7781aafa287,2018-12,Essex Police,Essex Police,0.200916,51.815771,On or near STORTFORD ROAD,E01022070,Uttlesford 009C,Unable to prosecute suspect
a2d4e2dc249069940f6248c21b740c93f6743d917cd24c0464c4c5655233176c,2018-12,Essex Police,Essex Police,0.927685,51.783150,On or near SALTINGS CRESCENT,E01021733,Colchester 021C,Unable to prosecute suspect
1f754235005753c042075ac223505de6d5715ce7fba2d302f469d4aff2b38e12,2018-12,Essex Police,Essex Police,0.880032,51.871998,On or near REED HALL AVENUE,E01033723,Colchester 015G,Unable to prosecute suspect
90c781535c4b852f118fcea7cea26d33f54265aeb3c36aecf507f82e6c50bf36,2018-12,Essex Police,Essex Police,0.074959,51.751221,On or near Sports/Recreation Area,E01021864,Harlow 011C,Unable to prosecute suspect
66388350d54ace873cae2ae85448af7bd6b207ef7e28a107009434e3f918e9b8,2018-12,Essex Police,Essex Police,0.455025,51.557871,On or near FOBBING FARM CLOSE,E01021297,Basildon 020D,Unable to prosecute suspect
17ff4e4384ff77827b96579296130832ee2316378111f654dba1626dbbfa0a7c,2018-12,Essex Police,Essex Police,0.917521,51.924991,On or near SEVERALLS LANE,E01033720,Colchester 002F,Unable to prosecute suspect
7697a9001c65086417dd45de53bb29581f4d9079d7fe4067387a6fcdd7859cd2,2018-12,Essex Police,Essex Police,-0.002933,51.661738,On or near SEWARDSTONE ROAD,E01021806,Epping Forest 009A,Investigation complete; no suspect identified
98629096610ac889ad3c52cf9909067420aa183d11e7d2a6e990ba4b69f98c15,2018-12,Essex Police,Essex Police,0.640244,51.817085,On or near REDWOOD CLOSE,E01021419,Braintree 015D,Unable to prosecute suspect
a45c1ba73942cdef820d7d154468b256cdbc61cdc2cd6898641122d5abc65c01,2018-12,Essex Police,Essex Police,0.711892,51.541061,On or near QUEENSWAY,E01015895,Southend-on-Sea 010A,Unable to prosecute suspect
4700a979f726c870f5709857deda21aac067a301475644d53c363cdc71d2b00b,2018-12,Essex Police,Essex Police,0.711892,51.541061,On or near QUEENSWAY,E01015895,Southend-on-Sea 010A,Unable to prosecute suspect
fc8db3a3a68f6c117f5deebe113720b2ad4f953e60da4eb28ca076c4bc98709f,2018-12,Essex Police,Essex Police,1.078696,51.798465,On or near CHAPEL LANE,E01022047,Tendring 018E,Unable to prosecute suspect
7ff2c6c83c42317809df145e27c2bdf80abcb678c5463c27a8834def948c8e91,2018-12,Essex Police,Essex Police,0.069041,51.610511,On or near FOREST LANE,E01021752,Epping Forest 016D,Investigation complete; no suspect identified
ce2f58a6bce8171c8fccad862b1f94f824a25277b57403de0945b86581739181,2018-12,Essex Police,Essex Police,1.125924,51.798208,On or near MENDLESHAM CLOSE,E01022031,Tendring 015D,Unable to prosecute suspect
bf4c2d837adc955c634f3bad80b0a95db92b7886a4dd1b3eb4a862f23122b8d0,2018-12,Essex Police,Essex Police,1.125924,51.798208,On or near MENDLESHAM CLOSE,E01022031,Tendring 015D,Unable to prosecute suspect
054bf92a951c9b2a29ae25edf8c9414013b7c1296c3d68f1f36152ccd18ba910,2018-12,Essex Police,Essex Police,0.074959,51.751221,On or near Sports/Recreation Area,E01021864,Harlow 011C,Unable to prosecute suspect
5e2ab737e7e1c2e6b7671d90dd634666f53eedb226a42fbf622417db557138b0,2018-12,Essex Police,Essex Police,0.610621,51.553486,On or near Supermarket,E01021518,Castle Point 006B,Investigation complete; no suspect identified
1e3cc50481c6906d4764974e09cb16be72434ff6105c94408308304f20818878,2018-12,Essex Police,Essex Police,0.550351,51.889997,On or near QUEENS ROAD,E01021359,Braintree 008D,Unable to prosecute suspect
0a1e8c8164abb21d61fc1470e558a2e627b9ca80e35c4c1ad08846de334d71c5,2018-12,Essex Police,Essex Police,0.550351,51.889997,On or near QUEENS ROAD,E01021359,Braintree 008D,Unable to prosecute suspect
1964950b9a31e982d12c7c77be66a34f038d11f22a47d59db232b3d74b4ced2f,2018-12,Essex Police,Essex Police,0.304640,51.488582,On or near CAREW CLOSE,E01015941,Thurrock 020B,Investigation complete; no suspect identified
129843c0b973ee81de11ffd89775ef8fc3097443550b25e2fefdac2e820cc6b0,2018-12,Essex Police,Essex Police,0.413811,51.637453,On or near Supermarket,E01021252,Basildon 002E,Unable to prosecute suspect
a0ce4158399c71f31f1c06717bb6d064de28d3a89b8c4e3ce05df33675677554,2018-12,Essex Police,Essex Police,0.236535,51.480971,On or near LONDON ROAD PURFLEET,E01016013,Thurrock 015D,Investigation complete; no suspect identified
4471096ebc578051cc2976907f37f9648b6ba9762130f572561884d7a73c9888,2018-12,Essex Police,Essex Police,0.790408,51.541495,On or near WATKINS WAY,E01015879,Southend-on-Sea 013D,Investigation complete; no suspect identified
5edb428c5407a4d25637d2cfb8e9772c1640314455c9c838018dbc1533e1f635,2018-12,Essex Police,Essex Police,0.462457,51.585127,On or near Nightclub,E01021268,Basildon 015B,Unable to prosecute suspect
f2e6c3ed4b148456843f7b26af093b0fc3d35d53465061f6625a582ac9825e5e,2018-12,Essex Police,Essex Police,0.162081,51.920669,On or near MAILERS LANE,E01022089,Uttlesford 005G,Unable to prosecute suspect
de3e2e9ea6d87e698e9cb5ece9721ace76ce4f29dffd3e9b00a9b236f8b1a5cd,2018-12,Essex Police,Essex Police,0.289087,51.515417,On or near AYRON ROAD,E01015973,Thurrock 006D,Investigation complete; no suspect identified
dd75862c133d2cf626a82862bfdee301024d3832f7905b4e254d855fdd27b673,2018-12,Essex Police,Essex Police,0.541834,51.629201,On or near LYNFORDS AVENUE,E01021594,Chelmsford 021B,Unable to prosecute suspect
1340e895f14469a54422fb5ddfb404b0adf7c554897f4165ee1c0562ee88401c,2018-12,Essex Police,Essex Police,0.578797,51.521103,On or near PRINCES ROAD,E01021485,Castle Point 010A,Further investigation is not in the public interest
83a15aa27ad34cf3c7627fdabd06cfc92d10cf96196d354e826c4dd5e5874784,2018-12,Essex Police,Essex Police,0.469255,51.577646,On or near FALKENHAM ROW,E01021268,Basildon 015B,Investigation complete; no suspect identified
5e519edd9ad852f58a7697a36d6c014a8bda002199fb033dc86e522d44234cd5,2018-12,Essex Police,Essex Police,0.390551,51.672507,On or near PARK DRIVE,E01021458,Brentwood 002B,Unable to prosecute suspect
88b0a8e733219ff0ea02776d5b22e3eb8a692aa329b7da3f7112eaa913f6ac98,2018-12,Essex Police,Essex Police,0.467243,51.731120,On or near Parking Area,E01021582,Chelmsford 010D,Investigation complete; no suspect identified
aa9b40c0fb17817f3dbd305fa348528fa9a1221572a72a5c6be1ce94519397f8,2018-12,Essex Police,Essex Police,0.132995,51.791727,On or near CAMBRIDGE ROAD,E01021854,Harlow 001A,Unable to prosecute suspect
c0ceddd219c95714ea34b1594a13e93fb770660993d3beaf7ecf16447e61a1f8,2018-12,Essex Police,Essex Police,0.900410,51.900565,On or near Petrol Station,E01021679,Colchester 004A,Investigation complete; no suspect identified
210b005d3cd637795c81d05e8f50cc5914893f950fdebec0b294544274b14435,2018-12,Essex Police,Essex Police,0.579366,51.515353,On or near AZALEA MEWS,E01021502,Castle Point 011E,Unable to prosecute suspect
eda9c7b77528bf30b4951e5079eb22b32156906b5368bd0165804532ab12b4e6,2018-12,Essex Police,Essex Police,0.515047,51.571790,On or near LEIGH FELLS,E01021315,Basildon 018C,Unable to prosecute suspect
d0b38b3a88603c188d4249eab9f97061fa0e9e9ae9289ecc3d35b98e93bdbca5,2018-12,Essex Police,Essex Police,0.120291,51.622708,On or near COOPERS CLOSE,E01021749,Epping Forest 016A,Suspect charged
d0b38b3a88603c188d4249eab9f97061fa0e9e9ae9289ecc3d35b98e93bdbca5,2018-12,Essex Police,Essex Police,0.120291,51.622708,On or near COOPERS CLOSE,E01021749,Epping Forest 016A,Suspect charged
05653fac92d0961f10eed38caf2fc1d9400e1c7b36527039f7180490494df070,2018-12,Essex Police,Essex Police,0.700185,51.564022,On or near CAROLINE'S CLOSE,E01015867,Southend-on-Sea 002E,Unable to prosecute suspect
7fc4708059d2d1b1ae088108467024908407efef9dae832160d468899f9df09c,2018-12,Essex Police,Essex Police,0.669777,51.564943,On or near SNAKES LANE,E01015864,Southend-on-Sea 002B,Offender given a caution
6ea87c45cb1f8cd012c9b532859f9b286d49edc986e17c7d9087e11cec58d0a4,2018-12,Essex Police,Essex Police,0.610621,51.553486,On or near Supermarket,E01021518,Castle Point 006B,Local resolution
cfc75af29a3b2448ab1da9cd590d7a92608b8ff7477894674cade4a9e65b7142,2018-12,Essex Police,Essex Police,0.092636,51.771302,On or near Nightclub,E01021872,Harlow 007E,Unable to prosecute suspect
5cd93af1895b36c18d3b99a2b1bceddf150d6398a049b65b656e9776cf92f43a,2018-12,Essex Police,Essex Police,0.615982,51.577253,On or near WYBURNS AVENUE EAST,E01021965,Rochford 009E,Unable to prosecute suspect
1c90aa716688227fb19dc9f613aa655768a3ef003e4c122ab3f494757aa2d490,2018-12,Essex Police,Essex Police,0.713962,51.534151,On or near Nightclub,E01015852,Southend-on-Sea 015B,Investigation complete; no suspect identified
996e212f7bdf34c9c7e5cd2f97661f45fc1ebd19cbc5034c78edea6c96277279,2018-12,Essex Police,Essex Police,0.092636,51.771302,On or near Nightclub,E01021872,Harlow 007E,Investigation complete; no suspect identified
eb7d0c24ddb8c8488f10f39cde4ed215fd7fe92dab28b72caa83e9e30d1a6e5c,2018-12,Essex Police,Essex Police,0.552410,51.879134,On or near Tofts Walk,E01021365,Braintree 009D,Investigation complete; no suspect identified
237b02a29b0e53139007ca45311f7956bcecf866fb9060c1aace36ec11e98570,2018-12,Essex Police,Essex Police,0.608739,51.516565,On or near GAFZELLE DRIVE,E01021490,Castle Point 012B,Local resolution
cfe3bc5e5bc25b890f9a3128bdee36f85a22075a779b42e60c8040979647cf41,2018-12,Essex Police,Essex Police,0.455025,51.557871,On or near FOBBING FARM CLOSE,E01021297,Basildon 020D,Unable to prosecute suspect
f1056fa0b86c3195d69d651347d9287a699cbeca87026c8168ad39f9b8776b94,2018-12,Essex Police,Essex Police,0.755293,51.616253,On or near LAMBOURNE HALL ROAD,E01021915,Rochford 004A,Unable to prosecute suspect
ca766376f9d7e6ba386c9ad88cec030e9c160b8f1742ab1d9564e6921bdb204c,2018-12,Essex Police,Essex Police,,,No location,,,Investigation complete; no suspect identified
2c95c76c16ffad91467b8ba8c62ada1d286a42d50a293f663636d2b54f7f98fd,2018-12,Essex Police,Essex Police,0.656490,51.688132,On or near THORNHILL,E01021903,Maldon 007G,Investigation complete; no suspect identified
01ea8fe53e68bda7fa0842b41e724a355d9b5df4ff79d574225f9a985561641a,2018-12,Essex Police,Essex Police,0.678256,51.556233,On or near SOUTHBOURNE GARDENS,E01015858,Southend-on-Sea 004B,Unable to prosecute suspect
c1ea8c849261e3ca10330a77e5360b55dec88b7ee5e477763d25b8ce25fb753d,2018-12,Essex Police,Essex Police,0.678256,51.556233,On or near SOUTHBOURNE GARDENS,E01015858,Southend-on-Sea 004B,Unable to prosecute suspect
cba56a3bffb492fd5e32cb41798a46be598649025b37f646bccaf20e5a89c1f6,2018-12,Essex Police,Essex Police,0.663671,51.605616,On or near GREENSWARD LANE,E01021939,Rochford 003G,Investigation complete; no suspect identified
dad74201f1e32ee164f9ae976deb3f9d53d7b7d5e64c39b734d426b6143e00ed,2018-12,Essex Police,Essex Police,0.608739,51.516565,On or near GAFZELLE DRIVE,E01021490,Castle Point 012B,Local resolution
73cf0248d0c780d52a6f3702407ee707eb4ee7ac7136d8bdd381917146d17aa0,2018-12,Essex Police,Essex Police,0.281624,51.507981,On or near DENT CLOSE,E01015929,Thurrock 007C,Unable to prosecute suspect
ca9cb1289b4f21fdf22ee5ef3a878369370f055ce4ef47e1a970842f64bcb006,2018-12,Essex Police,Essex Police,0.323992,51.477085,On or near Shopping Area,E01015954,Thurrock 017D,Investigation complete; no suspect identified
34035763ec554b85e1ff06d41895c14b80727e717cfffb604438abaf19f4f98a,2018-12,Essex Police,Essex Police,0.663671,51.605616,On or near GREENSWARD LANE,E01021939,Rochford 003G,Investigation complete; no suspect identified
eb21627bf3dd1e6023ec45545d01321430240e0a9a7cc0429a63357b80a3f019,2018-12,Essex Police,Essex Police,1.085171,51.776242,On or near SEAVIEW ROAD,E01022045,Tendring 018D,Unable to prosecute suspect
94541e6db053cb8f541399a25e86f8628a0cdd9dffaa48b7e6e8e8337fd812a9,2018-12,Essex Police,Essex Police,0.712988,51.534030,On or near ROYAL TERRACE,E01015851,Southend-on-Sea 015A,Investigation complete; no suspect identified
51ae85d60cda3afd341d22253f4fb5c010b75cd7ed300a6524d0f12b3a29a120,2018-12,Essex Police,Essex Police,0.374355,51.483468,On or near ST AUGUSTINE ROAD,E01015933,Thurrock 012A,Unable to prosecute suspect
19743c320c48cd89247daaeecae6efba9447c7d872d4814add2fea2d9d61916a,2018-12,Essex Police,Essex Police,0.895390,51.894168,On or near MARKET CLOSE,E01021650,Colchester 007E,Investigation complete; no suspect identified
7b75cb7c5f480dd644525a4b4c9fd69ba12b5310e6b42de0dff4df280f79182f,2018-12,Essex Police,Essex Police,0.929054,51.917806,On or near WYNCOLLS ROAD,E01033720,Colchester 002F,Investigation complete; no suspect identified
d7dfe08f603bf38bedd13be6a8bc5bac8077725748f9f2006fa51a571a18aa41,2018-12,Essex Police,Essex Police,0.300183,51.476745,On or near FOXTON ROAD,E01016015,Thurrock 015F,Investigation complete; no suspect identified
d4dcb562cff40122d5a48ef3d10dfffd2c223dfb54b387a004b84862c945dbad,2018-12,Essex Police,Essex Police,0.868293,51.875883,On or near SHRUB END ROAD,E01021713,Colchester 015C,Unable to prosecute suspect
9bc5d9e452aca8f3a469d84c2e47447395d56222139a705330a37c10db0e55fe,2018-12,Essex Police,Essex Police,1.129371,51.796650,On or near LANGHAM DRIVE,E01022031,Tendring 015D,Local resolution
adc8866c5bfc3f2ba4c7a1834c9a7d27d225702491e3445f89d970c6f09eb0f3,2018-12,Essex Police,Essex Police,0.367623,51.463342,On or near SPENCER WALK,E01016009,Thurrock 018G,Unable to prosecute suspect
76bff01b83e7e3ffa99c1e083661c4ddf094b235d27d07c074121df26b4b50c9,2018-12,Essex Police,Essex Police,0.655495,51.541965,On or near WEST STREET,E01015849,Southend-on-Sea 011E,Unable to prosecute suspect
05a7e81348231874593932730c7ce5d001acb6e88db4d3d8ce79da596e8521e5,2018-12,Essex Police,Essex Police,0.594230,51.595507,On or near REGENT CLOSE,E01021959,Rochford 006E,Unable to prosecute suspect
e23ebd15c966ccceb12df813aa907d71221ed9b4fbb10e55254320e060ef30b6,2018-12,Essex Police,Essex Police,0.470773,51.734229,On or near MARKET ROAD,E01033141,Chelmsford 010G,Unable to prosecute suspect
dd3b3d3002b823599dbb900fc0c023403d641fa634a1a21711e543e7ba2c9433,2018-12,Essex Police,Essex Police,0.686468,51.538175,On or near STATION ROAD,E01015828,Southend-on-Sea 012B,Suspect charged
29c7ae69e1c48d27e42c52d8d44a22957badcc8834aafd0f82c3dc13bebf4fa1,2018-12,Essex Police,Essex Police,0.288664,51.514741,On or near ARCANY ROAD,E01015973,Thurrock 006D,Local resolution
5b27324333f34f155c3b481f4dce6b518adcd3ecf0bc33ac718cb0bdbd25e036,2018-12,Essex Police,Essex Police,0.502202,51.637949,On or near SUDBURY ROAD,E01033143,Chelmsford 018E,Investigation complete; no suspect identified
ef5b64b9b89fd2233e78029f75f63ec2cc0fbe44799f377b10bed05e3cc6a94e,2018-12,Essex Police,Essex Police,0.217426,52.019652,On or near SPRING HILL,E01022075,Uttlesford 001B,Investigation complete; no suspect identified
a4313f30a1b5a3ead8778c604f05d40f2eee1d05b343b63a20de0c526662930f,2018-12,Essex Police,Essex Police,0.254456,51.498866,On or near NEW MALTINGS,E01015921,Thurrock 015A,Unable to prosecute suspect
4bfa5f0b51106b89d7f16e67346a2a7741865e2ed54846a1ad59a9cf3222ad1b,2018-12,Essex Police,Essex Police,0.367623,51.463342,On or near SPENCER WALK,E01016009,Thurrock 018G,Unable to prosecute suspect
6053bcd8104f3e8c55d1ddfd62767c48d260c2c40905b0a5d64811a1c2c1cf6d,2018-12,Essex Police,Essex Police,0.895335,51.889691,On or near BALKERNE GARDENS,E01021646,Colchester 007A,Unable to prosecute suspect
6471c716a969ad8de2f000ae00be485856a373f35aa0b90cc1e319e0effa9420,2018-12,Essex Police,Essex Police,0.608412,51.520925,On or near ROSBERG ROAD,E01021490,Castle Point 012B,Local resolution
16fb598568f534aed210be789fdfca52c8c5a2e7fb8ab3733fab160a28189eaa,2018-12,Essex Police,Essex Police,0.786242,51.537996,On or near JACKDAW CLOSE,E01015882,Southend-on-Sea 013G,Suspect charged
5254aa121e211ac6bd4e73bf8cd785fe4caacaa33978b0119b3c0cdc2eb5f3b3,2018-12,Essex Police,Essex Police,0.608412,51.520925,On or near ROSBERG ROAD,E01021490,Castle Point 012B,Local resolution
c325e7099b42b95b718446d59602f434a38447814d2fefa2e819913b219dc20d,2018-12,Essex Police,Essex Police,0.714260,51.561701,On or near CRAFTSMANS SQUARE,E01015874,Southend-on-Sea 006F,Investigation complete; no suspect identified
b66b9c01ee5d8f4026e5fbbaca58409c2ed4de0464726393ef8a5955bd1f358e,2018-12,Essex Police,Essex Police,0.942495,51.781881,On or near WALDEGRAVES LANE,E01021733,Colchester 021C,Local resolution
4d8d864b3411b5f558233b84e6bf37d6facd4f41e6f37f7d182c0362c725a0f5,2018-12,Essex Police,Essex Police,0.504768,51.564104,On or near BROADWAY LINK,E01021316,Basildon 018D,Unable to prosecute suspect
f080faad340a84b92e4f1015c10af0ac65958201a1bc3a563ce4a1c2f1b88ee3,2018-12,Essex Police,Essex Police,0.069041,51.610511,On or near FOREST LANE,E01021752,Epping Forest 016D,Investigation complete; no suspect identified
ec35a29ecd1eec974b9061a15f18cbc2698388aa1d8660ce0d78860c6788199c,2018-12,Essex Police,Essex Police,0.497091,51.724275,On or near COPLAND CLOSE,E01021564,Chelmsford 013D,Unable to prosecute suspect
9231ca8d5c76a18ff817f918637c0b38b3aa9e44d221a71c1dc28148ee786e41,2018-12,Essex Police,Essex Police,0.082820,51.643936,On or near CHIGWELL LANE,E01021773,Epping Forest 013C,Investigation complete; no suspect identified
59d838ca581922194649ae1c71b616c897c2b8b8dbb1bea76a1bb88dbb11ad86,2018-12,Essex Police,Essex Police,0.100026,51.757826,On or near PARTRIDGE COURT,E01021869,Harlow 007C,Local resolution
9098018008021523817dc3b33f77896d98b48dc7b8a09626c378ba2fe4641986,2018-12,Essex Police,Essex Police,0.565312,51.526121,On or near THIRD AVENUE,E01021503,Castle Point 010D,Unable to prosecute suspect
11fe50f6e0c01c6cf229927a85168052bc973546ec6f70133752f65339e99f40,2018-12,Essex Police,Essex Police,1.246006,51.831882,On or near HAROLD WAY,E01021986,Tendring 006B,Investigation complete; no suspect identified
b35d9f666a19d0dff6896b30d81a0baca1e3aa0caedca7d155defdfa5d261e8a,2018-12,Essex Police,Essex Police,0.712497,51.540310,On or near Bus/Coach Station,E01015895,Southend-on-Sea 010A,Unable to prosecute suspect
f6e1d48ce94ad4f2fdcd47b7fac4ce4a371c89f8bdecbab3b96c19cabd4c5bfa,2018-12,Essex Police,Essex Police,0.723380,51.536595,On or near YORK ROAD,E01015840,Southend-on-Sea 014B,Unable to prosecute suspect
5979bfa84315aeedab53f8d44c72045402dad695b84efadcaae2a1d9ae104701,2018-12,Essex Police,Essex Police,0.029996,51.623998,On or near BEECH LANE,E01021745,Epping Forest 015D,Suspect charged
2e4f32a565d4302a8c5408633a8b5f9f7deef62c2b77e6d51134a1c4e1bae16a,2018-12,Essex Police,Essex Police,0.296047,51.601586,On or near WILMOT GREEN,E01021473,Brentwood 008D,Unable to prosecute suspect
4d80208ec92640124603b85545713fa7c71e189b437b190c44ba5bf3d8a79c44,2018-12,Essex Police,Essex Police,0.593693,51.527259,On or near LINNE ROAD,E01021494,Castle Point 008B,Unable to prosecute suspect
6330adb51e7fd06f764162530997cca13805b4940ff6dbec760fb406a7581ba8,2018-12,Essex Police,Essex Police,0.447220,51.747591,On or near AUCKLAND CLOSE,E01021598,Chelmsford 003C,Unable to prosecute suspect
9a47b67cba1be08a0b817e56c0ad3e529fb94cac50a605f1be73e8ba568ca069,2018-12,Essex Police,Essex Police,0.748370,51.814075,On or near Parking Area,E01021727,Colchester 020E,Unable to prosecute suspect
7fca9039c096f7c5c9a9c95ef97a3264c66f3fd9b6f26adfeaf3f4ecdd30bde8,2018-12,Essex Police,Essex Police,0.697782,51.583378,On or near OAK ROAD,E01021954,Rochford 007D,Unable to prosecute suspect
4bf23629300960f455c3ba3d0d8ccc20599719ed93e5f74e93250d9a64c42116,2018-12,Essex Police,Essex Police,0.368501,51.458900,On or near BRUNEL CLOSE,E01016004,Thurrock 018B,Unable to prosecute suspect
55e98c65e652ed721f283779118c04ac24c8d020c6e0e0c48cc9347af3601058,2018-12,Essex Police,Essex Police,0.344899,51.569307,On or near CHAFFORD GARDENS,E01021446,Brentwood 009B,Investigation complete; no suspect identified
8d9aa84d3c4a7be5fe17e711104fbfffad63bafd9af6cbd6470d3fb4f2fe121f,2018-12,Essex Police,Essex Police,0.720258,51.543970,On or near SOUTH AVENUE,E01015898,Southend-on-Sea 010D,Unable to prosecute suspect
081ba8dd9a1c79e4cd86ac966296cd5bd418d0a0510eaa264ab2e08996c5f133,2018-12,Essex Police,Essex Police,0.922879,51.884108,On or near PARSONS LANE,E01021685,Colchester 011C,Offender given a caution
29e09ee8049b01be152e0f1d05538cfb369d93362fb28c05be8c8acfc581289f,2018-12,Essex Police,Essex Police,0.230757,51.485056,On or near MULBERRY DRIVE,E01016014,Thurrock 015E,Investigation complete; no suspect identified
8c5432acbc5a0eb8da9a2e4ce88f267617ae111ee539111e87f60e5604d01dd7,2018-12,Essex Police,Essex Police,1.153678,51.790774,On or near STATION ROAD,E01022025,Tendring 016B,Investigation complete; no suspect identified
85b7adca04d763bd20075e36b1acea0a946ceb7ce8f343ec5d25d40f5f273df6,2018-12,Essex Police,Essex Police,0.747319,51.902622,On or near LOWER LANGLEY,E01021663,Colchester 010C,Investigation complete; no suspect identified
ca7ebaed02dbba248cae7de0e9c6676fcadc886ac431b8f23de832d40421c7ad,2018-12,Essex Police,Essex Police,0.849749,51.914178,On or near NEW CHURCH ROAD,E01021728,Colchester 003B,Unable to prosecute suspect
9ec554a34a29bbd8613aa78f4632ff55b3b319e37c9cf53ce8fbdf98e0a0af20,2018-12,Essex Police,Essex Police,0.135493,51.789946,On or near THE HOO,E01021854,Harlow 001A,Investigation complete; no suspect identified
13783deb253da9c63dd66fea872400e33f88687711115abf3b6ecf5657956fae,2018-12,Essex Police,Essex Police,0.466128,51.736431,On or near FAIRFIELD ROAD,E01021574,Chelmsford 010A,Unable to prosecute suspect
f5a16c9363d7e9f22075b61ff182d57f7ce5b06ec84c32686ecf0598d60be106,2018-12,Essex Police,Essex Police,0.909683,51.887250,On or near ERNULPH WALK,E01021649,Colchester 007D,Unable to prosecute suspect
ec1bc15e885e9e371265f556bd8b9582779b5111c9468f386cf71c5d54cf3a12,2018-12,Essex Police,Essex Police,0.120291,51.622708,On or near COOPERS CLOSE,E01021749,Epping Forest 016A,Investigation complete; no suspect identified
7f7e4d388dc8a12eb6cf07345844445e6ba7564030d782ba561e3d655c4c3ca2,2018-12,Essex Police,Essex Police,1.148663,51.797061,On or near MAGDALEN ROAD,E01021970,Tendring 016A,Unable to prosecute suspect
1d35230c7534e7c5d9bac54bb38a569b8e093c68a35b2c961c02784284b3b084,2018-12,Essex Police,Essex Police,0.426147,51.727983,On or near NICHOLAS CLOSE,E01021636,Chelmsford 011F,Unable to prosecute suspect
ac1c2aa5f075ce239b40750c7a08d8b57827ea651e1969f4f7cce5965a0fc941,2018-12,Essex Police,Essex Police,0.096267,51.769898,On or near Parking Area,E01021872,Harlow 007E,Investigation complete; no suspect identified
45f896827849f07ca640de0e3b4076005edd646993b2d767eb74b90a2c40bf42,2018-12,Essex Police,Essex Police,0.096056,51.768166,On or near SOUTH GATE,E01021868,Harlow 007B,Investigation complete; no suspect identified
728f5720f321fe25e5bed0bab94508a62b4d119037724d6047f054f8ea34ef48,2018-12,Essex Police,Essex Police,0.226532,51.959690,On or near HOLLOW ROAD,E01022072,Uttlesford 003C,Unable to prosecute suspect
53ffac601017a65c4a9ace2ffc1cf6ea2dcf2122c593a62ae99393631943ef92,2018-12,Essex Police,Essex Police,1.107714,51.802136,On or near EARLS HALL DRIVE,E01021977,Tendring 013C,Unable to prosecute suspect
e76a51cd7b3374d1b4424d31e6e3e90c8b3f80cfed15c61610bde9bb456aecd8,2018-12,Essex Police,Essex Police,0.684702,51.545167,On or near LONDON ROAD,E01015832,Southend-on-Sea 012F,Unable to prosecute suspect
a3ea2bf9e56710706b8fe547ec33357c8df4b845170b8100846b8e5206ab4305,2018-12,Essex Police,Essex Police,0.550051,51.573192,On or near KENNEDY CLOSE,E01021516,Castle Point 003D,Investigation complete; no suspect identified
1222484e5be87f47bf59f5d93488ccc55aaa99d6b05636c9aac14ded542a4e40,2018-12,Essex Police,Essex Police,0.673923,51.724151,On or near PLUME AVENUE,E01021898,Maldon 005F,Local resolution
a28f31c906fe19dfc9e2070240678430ec14940d07dd00b34b06c884efaf9c3e,2018-12,Essex Police,Essex Police,0.724546,51.555868,On or near Supermarket,E01015871,Southend-on-Sea 006C,Unable to prosecute suspect
7fe053dd14e6adebf8c8bc95b08f6bc4131fbff8d247612952cf28d493b807fa,2018-12,Essex Police,Essex Police,0.429041,51.575724,On or near TEMPLE CLOSE,E01021289,Basildon 016C,Offender given a caution
12d09a74a0b0e9f228d8db114109fb768670b9be5ca4abed7e34d3de12caf0a6,2018-12,Essex Police,Essex Police,0.672053,51.546158,On or near LONDON ROAD,E01015823,Southend-on-Sea 005D,Offender given a caution
613d9d45ea8e66a2649e2c1de8e7698a2dd219cbccfd37b053cf82839005484a,2018-12,Essex Police,Essex Police,,,No location,,,Investigation complete; no suspect identified
3f49cea0f4f0f8f706d93f6edecf95add788cef66fd068e6e7d8251eb9796a5d,2018-12,Essex Police,Essex Police,1.087300,51.775566,On or near Seawick Holiday Park,E01022045,Tendring 018D,Unable to prosecute suspect
6e74ea309ebf2551f8b069180ba7789337124097a5600677ff0a35eb2e5623f8,2018-12,Essex Police,Essex Police,0.089752,51.777585,On or near RIVERMILL,E01021843,Harlow 004E,Unable to prosecute suspect
0377c999d2e9dbbb890a20da89e511b1b6e6893e770059ff34500e7a431c2ca3,2018-12,Essex Police,Essex Police,0.594395,51.522108,On or near Parking Area,E01021498,Castle Point 011B,Investigation complete; no suspect identified
799f34d3e26f5edb9cdcd2c21f4eebade3e72c0570955102d71f6ec176369c01,2018-12,Essex Police,Essex Police,0.261741,51.889938,On or near Airport/Airfield,E01022090,Uttlesford 006B,Offender given a caution
4248f4b73897aa87fdb6364380a5825ba15bf9ea135f1db415879da5b3480b2c,2018-12,Essex Police,Essex Police,0.748413,51.818598,On or near SPINNEYFIELDS,E01021726,Colchester 020D,Further investigation is not in the public interest
2c8d9ed914686262ea98214a017bbe2d0dc673a4f52d5e19f60a6e2b3f8b97c6,2018-12,Essex Police,Essex Police,0.709743,51.544690,On or near Police Station,E01015895,Southend-on-Sea 010A,Unable to prosecute suspect
b92f769d88156074fdf211894389073fe5f5bffc7f79f2b211d29a4d4ffefc29,2018-12,Essex Police,Essex Police,0.709743,51.544690,On or near Police Station,E01015895,Southend-on-Sea 010A,Unable to prosecute suspect
60c5465737a7297b0b3132807ca7db5d4cc54e2b0c7ac61c364202efdab85d32,2018-12,Essex Police,Essex Police,0.356988,51.576771,On or near TILBURY ROAD,E01021446,Brentwood 009B,Investigation complete; no suspect identified
f1930968c6d289508fb6f5e9b0ab459a4adbce3cd49d32baff3bae113b6bdaab,2018-12,Essex Police,Essex Police,0.610694,51.580699,On or near HARDWICK CLOSE,E01021966,Rochford 008F,Unable to prosecute suspect
bf7cb97226b1230d76d6255c9f4ab88ff97aba1bc6e8f7bbd70639b7456cfed3,2018-12,Essex Police,Essex Police,0.900615,51.887717,On or near VINEYARD GATE,E01021649,Colchester 007D,Investigation complete; no suspect identified
d6a1187e682878c0db150562d3f4937be3aa4ddf3018ce08d20de832e94b7269,2018-12,Essex Police,Essex Police,0.395686,51.508449,On or near SANDOWN CLOSE,E01015979,Thurrock 004C,Offender given a drugs possession warning
2449e4b0b234704fc7a83f18d36cff33ec6b7cb478ad791b00538d4390e416e6,2018-12,Essex Police,Essex Police,1.289363,51.945382,On or near KINGS QUAY STREET,E01021998,Tendring 001B,Investigation complete; no suspect identified
bfb63fbd4958e3af57d9b5f3749b226b348fdd45cf8eedfb28d344791bb53033,2018-12,Essex Police,Essex Police,0.561045,51.637003,On or near Sports/Recreation Area,E01021594,Chelmsford 021B,Unable to prosecute suspect
ff843dafa06aa7798b2d5c2346408779872b5b1eabe7369a57a603c62298007b,2018-12,Essex Police,Essex Police,0.901260,51.888708,On or near Shopping Area,E01021649,Colchester 007D,Investigation complete; no suspect identified
2a4a6ec2d7da5185ef4822ac3dda4f6749e8bae1ebd9d71fbeba0ca9a4b9b25f,2018-12,Essex Police,Essex Police,0.561045,51.637003,On or near Sports/Recreation Area,E01021594,Chelmsford 021B,Unable to prosecute suspect
a7c17b889112611c973e509990c573f48f8be5b2051acf321d7cfb2afdcbe7c8,2018-12,Essex Police,Essex Police,0.728770,51.534131,On or near PROSPECT CLOSE,E01015842,Southend-on-Sea 014D,Suspect charged
1598549e4f3142d5950de8017cee3faa28dd3145ca2022dfafcee39cf88d4352,2018-12,Essex Police,Essex Police,0.775746,51.534971,On or near LONGSANDS,E01015917,Southend-on-Sea 017D,Unable to prosecute suspect
da6dfd0ddc9a9075b3aecf08000461829692565826a5452eaf158612aa0eb1b5,2018-12,Essex Police,Essex Police,1.106754,51.773623,On or near SUNBEAM AVENUE,E01021988,Tendring 018A,Unable to prosecute suspect
23c90eed53198ff4505e97645da4fd59e4eb2c718d783a8b2c5e6834a3d3d4d1,2018-12,Essex Police,Essex Police,0.516402,51.576977,On or near ASHFIELDS,E01021301,Basildon 011A,Investigation complete; no suspect identified
50c86b9b0dae4f1f0c5315e0eac7628dd5f361877ea2e96e73030b3ea92b46b7,2018-12,Essex Police,Essex Police,0.608119,51.553128,On or near HIGH STREET,E01021518,Castle Point 006B,Unable to prosecute suspect
28a52e1f19a6a3fa06a82c9369aa3c19a7041a602b02cb6f9d660f77e0b89cfd,2018-12,Essex Police,Essex Police,0.706956,51.534439,On or near CLIFFTOWN PARADE,E01015853,Southend-on-Sea 015C,Investigation complete; no suspect identified
5960886b51c3f069cf9d070cb2b2eecedcf1c022e7e95db581e8a01cfac5fb30,2018-12,Essex Police,Essex Police,0.884454,51.881153,On or near ST HELENA ROAD,E01021653,Colchester 013C,Investigation complete; no suspect identified
5c22e3e06c2019a9d4eded88ad64eb84cfa066782fa5526b1dbd22f20a736b9d,2018-12,Essex Police,Essex Police,0.108739,51.701916,On or near LINCOLNS FIELD,E01021762,Epping Forest 005C,Unable to prosecute suspect
05bee9a6c6dca9346f464115da6972ca2f8d1df442c3c4796a6d3069da5d309d,2018-12,Essex Police,Essex Police,1.279568,51.936607,On or near HORDLE PLACE,E01022001,Tendring 001D,Unable to prosecute suspect
054e17d7ec16285bf8f0136637a105e99ff333befb6bbc1b79ad94b227ff4dd7,2018-12,Essex Police,Essex Police,0.053139,51.645061,On or near Conference/Exhibition Centre,E01021781,Epping Forest 014B,Unable to prosecute suspect
219c3eaa778686c61a59324a7c739407a4bb4fd751ed3a2a61c66c321bcf0ebf,2018-12,Essex Police,Essex Police,0.689301,51.738531,On or near HALL ROAD,E01021886,Maldon 003C,Investigation complete; no suspect identified
96dda6db41e6dcb92e8bd5caf9df68e1a0687ec7702165f23d95b42fa2585f71,2018-12,Essex Police,Essex Police,0.541002,51.883752,On or near LITTLE PASTURE CLOSE,E01021358,Braintree 008C,Local resolution
41d036e9ffd2a0442284307ce55f2854266c16a627b2f14d521e7b76e39b289c,2018-12,Essex Police,Essex Police,0.209077,52.033594,On or near HIGH STREET,E01022071,Uttlesford 003B,Investigation complete; no suspect identified
f41a0aee4c49a0a6800c7317d22643856978028e61999536e53d43a3fb1fd592,2018-12,Essex Police,Essex Police,0.132577,51.757347,On or near CHAPEL LANE,E01021836,Harlow 008D,Unable to prosecute suspect
9407339ae7793ff88709ddbc5b5e097b947a93abe383cc1845ab09e518a31726,2018-12,Essex Police,Essex Police,0.369335,51.459432,On or near THE BEECHES,E01016004,Thurrock 018B,Investigation complete; no suspect identified
cef33c070da0bf082ffbf718916495744e7d36dc67d8be393e64d307a6f84194,2018-12,Essex Police,Essex Police,0.700892,51.534795,On or near WESTCLIFF PARADE,E01015853,Southend-on-Sea 015C,Investigation complete; no suspect identified
85ff3f8fd77b420288230e7b3ef87a4f0d2f415e7842fc709a460c3024c2dc99,2018-12,Essex Police,Essex Police,0.440453,51.751590,On or near COTSWOLD CRESCENT,E01021600,Chelmsford 003D,Investigation complete; no suspect identified
c2477ef7e3452a1257986025e1ca9a60980cc5b2e8f4aa96db6302dc7a54798e,2018-12,Essex Police,Essex Police,0.713962,51.534151,On or near Nightclub,E01015852,Southend-on-Sea 015B,Unable to prosecute suspect
abe8248f5750c5e4285821536005270a20fd54bd7449161a19069ad374f3ff21,2018-12,Essex Police,Essex Police,0.608119,51.553128,On or near HIGH STREET,E01021518,Castle Point 006B,Unable to prosecute suspect
43b8b7bba1742500158d9aab6b4048ee67ad2bd4b4e88f2042b92a7fc52935ed,2018-12,Essex Police,Essex Police,0.902192,51.889423,On or near ST NICHOLAS STREET,E01021649,Colchester 007D,Investigation complete; no suspect identified
cc26d94406a29cc1af48ee827b9ac11756eea5850d2ad5b9badc14d7f523f1d2,2018-12,Essex Police,Essex Police,0.707983,51.785425,On or near SPRING LANE,E01021882,Maldon 002A,Investigation complete; no suspect identified
e1df90e05fb64a222089f18447d95dfad6f9801698169ee8c45184bd5cd4d054,2018-12,Essex Police,Essex Police,0.493730,51.752648,On or near WHYVERNE CLOSE,E01021620,Chelmsford 004D,Investigation complete; no suspect identified
27cb96a20b4891025b6e76c05b1b8462409150a8b0bac93af524cefe2904fb5b,2018-12,Essex Police,Essex Police,0.108739,51.701916,On or near LINCOLNS FIELD,E01021762,Epping Forest 005C,Investigation complete; no suspect identified
7623fdac200af80be038a930599c7ff2a87958e425aa65b6b43f834c598acb5c,2018-12,Essex Police,Essex Police,0.911199,51.883048,On or near NEW TOWN ROAD,E01021687,Colchester 011E,Investigation complete; no suspect identified
e15d84f9ff99a42d0dc22dc02f84700c0f1319cf1a46d7008e60c553d58fe949,2018-12,Essex Police,Essex Police,0.787419,51.526330,On or near MAGAZINE ROAD,E01015876,Southend-on-Sea 013A,Unable to prosecute suspect
427d967c9ce1b2d54107ae7ec8005b29baf4cdd92f4cb74fb3c7994a50a1acc6,2018-12,Essex Police,Essex Police,0.700892,51.534795,On or near WESTCLIFF PARADE,E01015853,Southend-on-Sea 015C,Unable to prosecute suspect
08da6e8ef80bdbd532bbd74e2c04974287ac7dbfca9e4d8858767f4196e30e41,2018-12,Essex Police,Essex Police,0.692923,51.536120,On or near HOLLAND ROAD,E01015851,Southend-on-Sea 015A,Unable to prosecute suspect
6df5dcc8b2a7cc524a4dbd3f948dc07cdcc12a6eb5ba6b7eeeb5354a627a276a,2018-12,Essex Police,Essex Police,0.165201,51.643794,On or near STAPLEFORD ROAD,E01021800,Epping Forest 003C,Investigation complete; no suspect identified
5b81d66713c1c2f9e75eac1d0983b15b393624e114ee2599e2394188adbef5dc,2018-12,Essex Police,Essex Police,0.498107,51.735351,On or near THOMAS CLOSE,E01021547,Chelmsford 008D,Unable to prosecute suspect
f5e2ea27d188afdb0d1c9122f2017337a13d65ade89b2eef1614527776abe480,2018-12,Essex Police,Essex Police,0.690145,51.741776,On or near STOCK CHASE,E01021888,Maldon 003E,Investigation complete; no suspect identified
e2b72b1c10e095cb72d4919fc8d0968ade40ef0b4182df2825a9d27546178dbc,2018-12,Essex Police,Essex Police,0.266083,51.500323,On or near STIFFORD ROAD,E01015926,Thurrock 008E,Investigation complete; no suspect identified
53af5147dea87575676867a5cc10d012d8583b7a76e769da9159261f4190bbaa,2018-12,Essex Police,Essex Police,0.689301,51.738531,On or near HALL ROAD,E01021886,Maldon 003C,Investigation complete; no suspect identified
027f165fae8152d824e18881ec93966f6de53dd65795700355ef32cd53e1a6e6,2018-12,Essex Police,Essex Police,0.912317,51.854493,On or near BOYLES COURT,E01021658,Colchester 016B,Unable to prosecute suspect
5f3530d8ab0f728c5b742a22acfd8db75b1863b7bf9a5cb98f350621adbc7adc,2018-12,Essex Police,Essex Police,0.440453,51.751590,On or near COTSWOLD CRESCENT,E01021600,Chelmsford 003D,Unable to prosecute suspect
465f4ddf385831bd37d4160944c94ea8768706aee1526eac54a0278b8a6f956e,2018-12,Essex Police,Essex Police,0.899288,51.889233,On or near Shopping Area,E01021649,Colchester 007D,Investigation complete; no suspect identified
aaf15e212b45b6c852bb379f40a43fc447c9edc1559f8a162b82cb80054267b6,2018-12,Essex Police,Essex Police,0.506111,51.736026,On or near Village Square,E01021548,Chelmsford 013A,Investigation complete; no suspect identified
c3feda38e92dd0cdc441816c7985517036ecd6d7e9f2457fa43c44b352e38974,2018-12,Essex Police,Essex Police,0.741674,51.537203,On or near GLEBE CLOSE,E01015894,Southend-on-Sea 016F,Investigation complete; no suspect identified
3955f18fa4c5f5492282b1eeb802fdd92fcc09b954e734a5317fe7baed08dde1,2018-12,Essex Police,Essex Police,0.938604,51.888779,On or near WILLINGHAM WAY,E01021696,Colchester 008A,Investigation complete; no suspect identified
89e6e7d9ad85e4e8c01513dcf9d97c5e20d51795307d75992a864d66c244fe00,2018-12,Essex Police,Essex Police,0.322136,51.624967,On or near WORRIN ROAD,E01021466,Brentwood 005E,Investigation complete; no suspect identified
2f3d5e68907a22ba3820e140bc841a18286f7731d4bc3eb65bf5c4956dec42b8,2018-12,Essex Police,Essex Police,0.465849,51.756590,On or near SOMERSET PLACE,E01021588,Chelmsford 006B,Unable to prosecute suspect
ebd8d3089d5f34ef6c0b1b96a728141b7fdad79856eac40478c863cfe86cb066,2018-12,Essex Police,Essex Police,0.367676,51.459366,On or near HUME AVENUE,E01016004,Thurrock 018B,Unable to prosecute suspect
ac163f241616edd6b8b79a296fa15956f61b41f8b5cca061714ad75f4b340edc,2018-12,Essex Police,Essex Police,1.153340,51.787393,On or near Nightclub,E01022025,Tendring 016B,Investigation complete; no suspect identified
22314bedbe169ba2c269c7b708c1fb60b418cf81d3a2b5ad94097edda9fa3389,2018-12,Essex Police,Essex Police,0.438636,51.587522,On or near ABBOTS COURT,E01021262,Basildon 010B,Unable to prosecute suspect
f568eb4a49752768e7c56e33ff3e57bcca2306c0081f67eb7967a5f85845ed87,2018-12,Essex Police,Essex Police,0.521403,51.613859,On or near Pedestrian Subway,E01021334,Basildon 005A,Local resolution
76532879873d5691f9b8efe9940f673d6db092465bcf286f5b7039bf96de4050,2018-12,Essex Police,Essex Police,0.115390,51.784591,On or near Supermarket,E01021845,Harlow 002B,Unable to prosecute suspect
0398c6559b4ebb91cec8249adc0d539d613cec1d7c228980902f90646c640eb7,2018-12,Essex Police,Essex Police,0.351381,51.635051,On or near HARRISON CLOSE,E01021451,Brentwood 003D,Unable to prosecute suspect
6d1a41e07a5b87a2b136cbef628d96f56463673bcab3f967753f270054875f78,2018-12,Essex Police,Essex Police,0.583581,51.877932,On or near MOORS CROFT,E01021369,Braintree 012D,Investigation complete; no suspect identified
7f67a2551c8d6470e245ba1eab19a1fb15fbefbefa0849cc2d4fb3c2d277858f,2018-12,Essex Police,Essex Police,0.726847,51.533789,On or near HAWTREE CLOSE,E01015842,Southend-on-Sea 014D,Suspect charged
76eb2cfc271acc49e491fa5b884cb6c260cdf6311cbc7acd2c57384d0ba34f3f,2018-12,Essex Police,Essex Police,0.760512,51.543686,On or near LITTLE THORPE,E01015883,Southend-on-Sea 009A,Unable to prosecute suspect
a435eeaf389e575d4683dafef60c528711a81b30d6f800d141876b85442ffa39,2018-12,Essex Police,Essex Police,0.080201,51.750211,On or near MILWARDS,E01021864,Harlow 011C,Unable to prosecute suspect
4da6714cc187cca972379b17940c6bd48125721cf041f02b629aa0701de44983,2018-12,Essex Police,Essex Police,0.288966,51.632202,On or near Petrol Station,E01021464,Brentwood 004E,Suspect charged
6e49e091b8d299280574a337dc6a1106d3cb6e4ca3ace5d25bdea1a40249fad7,2018-12,Essex Police,Essex Police,0.093027,51.753436,On or near Supermarket,E01021859,Harlow 010C,Suspect charged
022673b8b7e8ad18ad11b8ea81f3ae4e9916f90244fb1dfe9c2799afc0f85426,2018-12,Essex Police,Essex Police,0.641646,51.945835,On or near MANFIELD,E01021388,Braintree 004B,Unable to prosecute suspect
00379b3a9e68982d53d01d5d18800880c5b8f2b72421c27d980b43f950e9343a,2018-12,Essex Police,Essex Police,0.397253,51.509757,On or near Petrol Station,E01015979,Thurrock 004C,Investigation complete; no suspect identified
12fab973e1c7342e894d9c82525c95b7329eb463aca790bc7d46416f891cfdd7,2018-12,Essex Police,Essex Police,0.467409,51.737088,On or near Nightclub,E01021574,Chelmsford 010A,Investigation complete; no suspect identified
dbf71ee07fd33ddca616a493aa4a7d9f98b7535d494f74ac15991645954507ed,2018-12,Essex Police,Essex Police,0.282488,51.487496,On or near Shopping Area,E01016011,Thurrock 015B,Investigation complete; no suspect identified
2def950172360a42eb6d05bc48b2f0728df1da71e98f7cf435eb5262b29ca275,2018-12,Essex Police,Essex Police,0.921527,51.955739,On or near DEDHAM ROAD,E01021659,Colchester 001C,Unable to prosecute suspect
0059565cd386fc3e25883a4fbe61a05f9b6004590fe2d79a187cc8a957d588a3,2018-12,Essex Police,Essex Police,0.503773,51.578308,On or near MALYONS,E01021302,Basildon 013B,Investigation complete; no suspect identified
f3027c6089b4b5b9e642ce61fd04cfef8ba6ea76ae43150bac0d0a48b7379d50,2018-12,Essex Police,Essex Police,0.891566,51.877624,On or near CIRCULAR ROAD WEST,E01021717,Colchester 013D,Suspect charged
c20afb8ff57ac547bb7cf696de970b2ae28c9b9035e16ab059973507ee1e8642,2018-12,Essex Police,Essex Police,0.272254,51.492281,On or near Motorway Service Area,E01016012,Thurrock 015C,Investigation complete; no suspect identified
0359c0d95a3e2511037c4aae9c074d16ea0acb44ec6a0c224a06da452d52d6c6,2018-12,Essex Police,Essex Police,0.281531,51.509871,On or near DERRY AVENUE,E01015972,Thurrock 006C,Investigation complete; no suspect identified
ee1449c27c1dab901770a8d5b0257f57e1f2187b8958a4f9c774f0a519a7ae8d,2018-12,Essex Police,Essex Police,0.317816,51.482540,On or near PAGETTE WAY,E01015956,Thurrock 016B,Investigation complete; no suspect identified
e5ad17569dd1b96556e84a9fcbeeace121ea5bad14dde097ed43313a7e54edbc,2018-12,Essex Police,Essex Police,0.570012,51.870072,On or near Shopping Area,E01021368,Braintree 011A,Local resolution
c7cbec95f11bb0ad078299741e10adcf4ab487165871b298773e574cd0ed8fd3,2018-12,Essex Police,Essex Police,0.503773,51.578308,On or near MALYONS,E01021302,Basildon 013B,Investigation complete; no suspect identified
6f5ceccb50df26f51287ab5c6397aa6deaf664fee09b42a20b0463f3ba37ce3a,2018-12,Essex Police,Essex Police,0.760512,51.543686,On or near LITTLE THORPE,E01015883,Southend-on-Sea 009A,Unable to prosecute suspect
4df638f7e59e8fd9943ec2c5a86938d6c15f913b87159b2bb3f64c04d471de28,2018-12,Essex Police,Essex Police,0.123515,51.785928,On or near EAST ROAD,E01021848,Harlow 002E,Investigation complete; no suspect identified
e1df62a1a2703aaf77234c370d0fabe92c8c0f1de02e36f1901c1058193a8f50,2018-12,Essex Police,Essex Police,0.090817,51.759231,On or near KINGSLAND,E01021868,Harlow 007B,Investigation complete; no suspect identified
844247fda0c0ca518a1d10e4cecc380bbbe48e787caa2cfdf3ab61af7051351f,2018-12,Essex Police,Essex Police,0.282488,51.487496,On or near Shopping Area,E01016011,Thurrock 015B,Local resolution
db3b3bcde7548d92cb0c89b16d2c222e42b28ffc094ef2cde665b1f7098566dc,2018-12,Essex Police,Essex Police,0.270445,51.486039,On or near Parking Area,E01016012,Thurrock 015C,Investigation complete; no suspect identified
f615eb465b572e5b9ecb958fee2fc882cb84c79ab1f3b22b5ff11abdc8f0cc69,2018-12,Essex Police,Essex Police,0.288966,51.632202,On or near Petrol Station,E01021464,Brentwood 004E,Investigation complete; no suspect identified
3be141518f838fa0db00c1da943e75a603ce38c1782aafd2fc8e0233c06c507d,2018-12,Essex Police,Essex Police,0.283467,51.508808,On or near Police Station,E01015976,Thurrock 007F,Unable to prosecute suspect
3af99a19bdc320ca619c812349e9cb91e01b4dfdef4a6c9de61cc976e5be00fd,2018-12,Essex Police,Essex Police,0.111014,51.770974,On or near ARKWRIGHTS,E01021850,Harlow 003B,Unable to prosecute suspect
67f412e3a15797ae7ebf242f0384666354cd29b74d7b88d912b58a3da1e6c36b,2018-12,Essex Police,Essex Police,0.764449,51.877120,On or near HAWLMARK END,E01021677,Colchester 010D,Investigation complete; no suspect identified
f90c825f6457eba5d4e7c44fb7a2fe61ebc7d4c4547e52cff614d6243a045cd9,2018-12,Essex Police,Essex Police,0.281698,51.489840,On or near Parking Area,E01016011,Thurrock 015B,Local resolution
e60501a97a68dc49b9aed75c81714638e61caefc9ea9200a985f27dd087cb2ae,2018-12,Essex Police,Essex Police,0.285272,51.488728,On or near Parking Area,E01016011,Thurrock 015B,Local resolution
32691f7abde335ad88c126eb794d75b436bc0191b801857d7ba07d23719b8fb5,2018-12,Essex Police,Essex Police,0.317816,51.482540,On or near PAGETTE WAY,E01015956,Thurrock 016B,Investigation complete; no suspect identified
a53c196ff47fa2314f6d6ca41f9c49877d0a19f33748ab9525671a97e8fb49af,2018-12,Essex Police,Essex Police,0.111014,51.770974,On or near ARKWRIGHTS,E01021850,Harlow 003B,Investigation complete; no suspect identified
0d2409721ee8f51e2ca8cbee2112039f2c74860321281955cc55cd292a215caf,2018-12,Essex Police,Essex Police,0.393752,51.548526,On or near Park/Open Space,E01015978,Thurrock 004B,Investigation complete; no suspect identified
07ba8786debb593748c88972a7b44652cf6d4c2062fabdab50b9b224dd9970ab,2018-12,Essex Police,Essex Police,0.895640,51.896024,On or near NORTH STATION ROAD,E01021650,Colchester 007E,Suspect charged
d62fa71d9c4f0e7b020f846dccba116009c447ab9f88da479099df43d9393a62,2018-12,Essex Police,Essex Police,0.726847,51.533789,On or near HAWTREE CLOSE,E01015842,Southend-on-Sea 014D,Investigation complete; no suspect identified
f580bef13f36abdc875529ffb5eb0661e84e103d073918333da880c182057487,2018-12,Essex Police,Essex Police,0.787419,51.526330,On or near MAGAZINE ROAD,E01015876,Southend-on-Sea 013A,Unable to prosecute suspect
4c47f2fc5426159991d8f3bde5ec03766584b3bd17ca0ebf1af3c36678f18d8f,2018-12,Essex Police,Essex Police,0.228327,51.680742,On or near GARDEN FIELDS,E01021800,Epping Forest 003C,Investigation complete; no suspect identified
059397eca3a81a03c1e9d97b9600ebd0eedb14fb944d75fcff7c6753bfaf6ea9,2018-12,Essex Police,Essex Police,0.900995,51.892951,On or near MIDDLE MILL,E01021650,Colchester 007E,Unable to prosecute suspect
99ef5e836cdba475d29633c1fd0fee0573ff478ee45fc2f22d14ec794d7f2857,2018-12,Essex Police,Essex Police,0.370349,51.480383,On or near FURNESS CLOSE,E01015933,Thurrock 012A,Unable to prosecute suspect
88a7e2589eb8dee77743f564d08cec2b56e9512bcc2c512c72e011b3f36a647a,2018-12,Essex Police,Essex Police,0.277434,51.486092,On or near Shopping Area,E01016012,Thurrock 015C,Investigation complete; no suspect identified
c4f10b53e4bd363c0f53d31a5aca2fa917a73990e2a6659f834242a919fe70cf,2018-12,Essex Police,Essex Police,0.710315,51.534667,On or near DEVEREUX ROAD,E01015852,Southend-on-Sea 015B,Suspect charged
d8a3f2738bb5bdc0628ebaf2b999a84494b88dce8efb49a9101bb5c9f5dc8934,2018-12,Essex Police,Essex Police,0.077025,51.745097,On or near SUMNERS FARM CLOSE,E01021866,Harlow 011D,Unable to prosecute suspect
e3b122e396d8117a403a6c67143562c79c31ea9995ebf0f7c0763f6a5c19551b,2018-12,Essex Police,Essex Police,0.712497,51.540310,On or near Bus/Coach Station,E01015895,Southend-on-Sea 010A,Investigation complete; no suspect identified
46cd27857c87bf884562cf6513e93f19be7d23ecf97fdff87e9a59488d01a3de,2018-12,Essex Police,Essex Police,0.691341,51.739716,On or near Sports/Recreation Area,E01021886,Maldon 003C,Local resolution
b19ed36e26c7c4c0caee5e3b31d4a6cb4e7360fbf28393cf6efa94a089d5f7bd,2018-12,Essex Police,Essex Police,0.884454,51.881153,On or near ST HELENA ROAD,E01021653,Colchester 013C,Investigation complete; no suspect identified
73af576e99577efded6cfd2483a3bfd5323c19e7ca0cbe4f9d5cc0d4395e96f4,2018-12,Essex Police,Essex Police,0.093567,51.769182,On or near Shopping Area,E01021872,Harlow 007E,Investigation complete; no suspect identified
b555b12dc51e8921148fcfc75111eddd0092061bbdab33b61fb48bdcd7f703df,2018-12,Essex Police,Essex Police,0.771709,51.535921,On or near GOLDMER CLOSE,E01015916,Southend-on-Sea 017C,Unable to prosecute suspect
86a50a54d8bc81c62be8e3fcec0242b0bcc93e6106b66a7eee90a9500eee8610,2018-12,Essex Police,Essex Police,0.270445,51.486039,On or near Parking Area,E01016012,Thurrock 015C,Investigation complete; no suspect identified
b4fb8952fabe238028d8fa1381e2dfdd203057d0880028e8b97b598427aa2704,2018-12,Essex Police,Essex Police,0.082125,51.646763,On or near Petrol Station,E01021776,Epping Forest 011C,Unable to prosecute suspect
5f816076f54c1144843368405720c47e578cee5b60f8165f53595b5b664608fa,2018-12,Essex Police,Essex Police,0.771709,51.535921,On or near GOLDMER CLOSE,E01015916,Southend-on-Sea 017C,Unable to prosecute suspect
2223633d9f4c857eddf32f0c8e243a2ef121fa9a1e6a82b2e9f0763b5ba70040,2018-12,Essex Police,Essex Police,1.152215,51.788718,On or near Shopping Area,E01022025,Tendring 016B,Local resolution
fae1d33ee99fd192cb55fb9f7712e0d9680515dd87e7541d4cba6c4c1385d09c,2018-12,Essex Police,Essex Police,0.096806,51.749008,On or near PETERSWOOD,E01021859,Harlow 010C,Unable to prosecute suspect
4353e0021453ba7dbdb81d602c10ded3d85e9012d5aab799a4b7fc748535cfaa,2018-12,Essex Police,Essex Police,0.895640,51.896024,On or near NORTH STATION ROAD,E01021650,Colchester 007E,Suspect charged
989d3749e7ae857bd6a69ff8822f23313bb39d12e9f0ca614ed9de1c5fc6fc98,2018-12,Essex Police,Essex Police,0.480675,51.564454,On or near PITSEAVILLE GROVE,E01021324,Basildon 019C,Unable to prosecute suspect
68e2ead4731cbd11cb81b0e1c1c9937bf32793c0aa9ec69f0f9e7d31f4c6c6f2,2018-12,Essex Police,Essex Police,0.625194,51.803806,On or near FAL DRIVE,E01021427,Braintree 016C,Investigation complete; no suspect identified
3565eebf15c5de9bd3ab4ec3d0c9f013af26c3f49535f698921228cf385db8d7,2018-12,Essex Police,Essex Police,0.735718,51.540328,On or near OAKLEIGH AVENUE,E01015884,Southend-on-Sea 009B,Investigation complete; no suspect identified
e7868cb013de6b7b9aaea880bc9cbb35b8bd8081205698c0d1a78db0580106fd,2018-12,Essex Police,Essex Police,0.294799,51.620370,On or near Parking Area,E01021439,Brentwood 007C,Investigation complete; no suspect identified
57862a928a3b27c577b095c863a365f0ec1b77c87611f06b905ca28253e8e8c1,2018-12,Essex Police,Essex Police,0.593556,51.594308,On or near LONDON ROAD,E01021926,Rochford 006B,Local resolution
2e2c80c26487c5f1d3b44b8617ffc7a27163a39af029eb295d65f07415cb17a1,2018-12,Essex Police,Essex Police,0.456558,51.574792,On or near ROKELLS,E01021319,Basildon 017E,Investigation complete; no suspect identified
5e1611f022b5ac92fee27e0d0c13cb82d1d81ce544984127312997c90c0f6f91,2018-12,Essex Police,Essex Police,0.682681,51.730948,On or near QUEST PLACE,E01021890,Maldon 004B,Offender given a caution
18727543f60fb647518ead5547490f43cb73652e107fff01306fb7248e66df78,2018-12,Essex Police,Essex Police,0.426494,51.515154,On or near Supermarket,E01015989,Thurrock 005A,Suspect charged
afe97b8d4eb11c7acf4745b2d97a0c0efe7fe8f272e59e014890c4ce77468e3e,2018-12,Essex Police,Essex Police,0.353983,51.637840,On or near CHANCERY GATE,E01021452,Brentwood 003E,Investigation complete; no suspect identified
3bf0bd966d26fc9d3755a6bf081d320a0695d96a1b7741345e9bcd506844a71f,2018-12,Essex Police,Essex Police,0.926072,51.888507,On or near TABOR ROAD,E01021706,Colchester 022H,Unable to prosecute suspect
2f985d47dd667ea2a6fa317f6594e0501c660aca992dfcf0392187cb8e730a50,2018-12,Essex Police,Essex Police,0.959760,51.845771,On or near BROOK HALL ROAD,E01021694,Colchester 019D,Investigation complete; no suspect identified
0d24dbcb3ce5d50983dcd54696d775f14829b3f1c553105af0ffd8a67f54ba73,2018-12,Essex Police,Essex Police,0.473428,51.753931,On or near PETERSFIELD,E01021587,Chelmsford 002C,Unable to prosecute suspect
355b70117daa89e9468148202d54b1815485256cd364c329fb64e95a4c613fa2,2018-12,Essex Police,Essex Police,0.116365,51.619667,On or near INGLEBY GARDENS,E01021749,Epping Forest 016A,Investigation complete; no suspect identified
1e3f013fc7da4f5c8de5c2f887b4c852dea83721a04b9609a4af0fb630dbf025,2018-12,Essex Police,Essex Police,0.593556,51.594308,On or near LONDON ROAD,E01021926,Rochford 006B,Local resolution
14d6c02cb0ba1c510cd1ba8d98061ef64693da314dd27cee8ae437af7536caf2,2018-12,Essex Police,Essex Police,0.876876,51.870592,On or near ANZIO CRESCENT,E01033723,Colchester 015G,Investigation complete; no suspect identified
fac0be3f6b9ef8c0da5e98afff06c544b678918c94a3d7fd7de0e987362b4f8e,2018-12,Essex Police,Essex Police,0.516230,51.738534,On or near HARRINGTON MEAD,E01033142,Chelmsford 005E,Investigation complete; no suspect identified
38404340540cd42a4cb47ea7ca53769650104463869192711769c7d44ae6cd56,2018-12,Essex Police,Essex Police,0.876876,51.870592,On or near ANZIO CRESCENT,E01033723,Colchester 015G,Investigation complete; no suspect identified
fe4f2b92f5ede696d6d474f7c932d99cbadecba8dca85fff18c24ca6a4799b92,2018-12,Essex Police,Essex Police,0.465717,51.577082,On or near TANGHAM WALK,E01021266,Basildon 015A,Unable to prosecute suspect
eca404f15a88409045ea931c27b111a0b1dcad8f5bcaa27d50ebd9c7964dc05f,2018-12,Essex Police,Essex Police,0.724916,51.543475,On or near BRANKSOME ROAD,E01015843,Southend-on-Sea 014E,Suspect charged
0df56523b122666facb77f5ad480c650da70006bdf084ea08410cf282517a679,2018-12,Essex Police,Essex Police,1.144810,51.795275,On or near DUDLEY ROAD,E01021968,Tendring 017A,Unable to prosecute suspect
7434f91e8ff6dff5f68d864e2ebb3cb1a685cca9b8f057ae193b9f3c4923d982,2018-12,Essex Police,Essex Police,1.161910,51.791317,On or near CHURCH ROAD,E01022050,Tendring 014E,Investigation complete; no suspect identified
a97220b80a0f6c2232064ea8cac20a9572fdfc2712bb210eff1a0cab1b2cbab7,2018-12,Essex Police,Essex Police,0.375059,51.463201,On or near COLERIDGE ROAD,E01016005,Thurrock 018C,Unable to prosecute suspect
fcd93241adb661eabe91d514f7914686899102c75cfd5f1778be66c8e4751506,2018-12,Essex Police,Essex Police,0.283452,51.501596,On or near CORVE LANE,E01015929,Thurrock 007C,Investigation complete; no suspect identified
616ce3565687e0cf8c867d6bbd1fbadd5388d6a4246f44a413b091b89df26e6e,2018-12,Essex Police,Essex Police,0.718806,51.543087,On or near SWANAGE ROAD,E01015844,Southend-on-Sea 014F,Suspect charged
1eaa46b32e6a5116a44b936dd79168168dd501afb5c067880b9df72b70168ce1,2018-12,Essex Police,Essex Police,0.893532,51.917264,On or near Parking Area,E01021680,Colchester 004B,Unable to prosecute suspect
8abc2be3a4fa338394896fcff39197fad95d855382d18bfe7d837ab2892f46cb,2018-12,Essex Police,Essex Police,0.577604,51.880122,On or near GULLS CROFT,E01021369,Braintree 012D,Investigation complete; no suspect identified
ac5440b102b15f476009465a9212e1cc56f803914cbcf6d5dd3f5e2932a8c3e0,2018-12,Essex Police,Essex Police,0.630094,51.801007,On or near Supermarket,E01021428,Braintree 015F,Unable to prosecute suspect
fb5db7a0f595a5a6c1562d2d5623ab705405cfd09cb5b2cec2426daa4c97ac23,2018-12,Essex Police,Essex Police,0.288671,51.634950,On or near BLENHEIM ROAD,E01021464,Brentwood 004E,Unable to prosecute suspect
57968350cd8961697aba59725fd78bf978ccdc9dcc3db1c01bb2260887034de1,2018-12,Essex Police,Essex Police,0.600461,51.517756,On or near ODESSA ROAD,E01021500,Castle Point 012E,Investigation complete; no suspect identified
c7f53daf095320d919a7cb2cc089c20be1f5e178ebd263fc225c74fc3591748d,2018-12,Essex Police,Essex Police,0.649816,51.600588,On or near BULLWOOD ROAD,E01021937,Rochford 003E,Investigation complete; no suspect identified
67b66533fe592d294c61e7397c36bf6f31ebb8a258e9f1d17a6c6f41a5e2cff0,2018-12,Essex Police,Essex Police,0.248851,51.508533,On or near Parking Area,E01015924,Thurrock 008C,Unable to prosecute suspect
bebb47b7174020ec68271c2365d2511596fbc866bbd7ed429f4b68955717d8eb,2018-12,Essex Police,Essex Police,0.488652,51.730920,On or near CHAUCER ROAD,E01021629,Chelmsford 008F,Unable to prosecute suspect
1e20a8180e1a8b17a5625dfe930d663ab3b911d691611fa4a7cdd72391da6c21,2018-12,Essex Police,Essex Police,0.455025,51.557871,On or near FOBBING FARM CLOSE,E01021297,Basildon 020D,Investigation complete; no suspect identified
09f21f65667bd66416ee223de80edae4087cf0ebbee7469af3cefb82f8786808,2018-12,Essex Police,Essex Police,0.351546,51.638231,On or near STORR GARDENS,E01021452,Brentwood 003E,Unable to prosecute suspect
c84323beb0c699c0fa836bf66b931445ed20cdcdd0073e4ef694b174b3e0ec5a,2018-12,Essex Police,Essex Police,0.935180,51.893775,On or near SPRUCE AVENUE,E01021697,Colchester 008B,Suspect charged
dae315982643314fceb32adff91849ab4ef45ccc7580255d740f5702c47326ad,2018-12,Essex Police,Essex Police,1.133469,51.820600,On or near ST OSYTH ROAD WEST,E01022016,Tendring 007C,Unable to prosecute suspect
e2a6c87b57e499c3cceb2514133e6be0a8735c6886f8215f4353ceef13764284,2018-12,Essex Police,Essex Police,0.310333,51.477247,On or near CASTLE ROAD,E01015951,Thurrock 017A,Investigation complete; no suspect identified
3da144791815da6f7f175ca02da6ac4e864ae507a8ef188d8fa050fb3118fb4a,2018-12,Essex Police,Essex Police,0.630094,51.801007,On or near Supermarket,E01021428,Braintree 015F,Unable to prosecute suspect
b67aa957ab056cf4ae6b1335dca5c52a948a2b89cbb3738a26dc250e085a01d7,2018-12,Essex Police,Essex Police,0.581322,51.524204,On or near SURIG ROAD,E01021488,Castle Point 010C,Investigation complete; no suspect identified
1406a930837a65a25c879350f4a6207131ffee454dac321f81252482a7f7e697,2018-12,Essex Police,Essex Police,0.901260,51.888708,On or near Shopping Area,E01021649,Colchester 007D,Suspect charged
ba1a76ce52e7c52559c70b5daa3a57c0e10b005505e564b4699db5560eec1f35,2018-12,Essex Police,Essex Police,0.562590,51.865756,On or near HITCHIN MEWS,E01021372,Braintree 011C,Unable to prosecute suspect
a46957713ac8c6b4d34324e8014cf4918085e56e66bf71c008bccf75a5d50ddd,2018-12,Essex Police,Essex Police,0.739689,51.550722,On or near LINCOLN CLOSE,E01015886,Southend-on-Sea 009D,Unable to prosecute suspect
5ff8bb9b1909bba7c4a514d43ecb1fa253750d1db68235e7f7302fdd3c694667,2018-12,Essex Police,Essex Police,1.150947,51.786764,On or near EDITH ROAD,E01022025,Tendring 016B,Investigation complete; no suspect identified
be7655bc1b1c7f121f1210c0025fb14905c731088af99de58f60be09bdbf0783,2018-12,Essex Police,Essex Police,0.434043,51.567500,On or near BOSTOCHE CLOSE,E01021288,Basildon 016B,Investigation complete; no suspect identified
2baca1513557116f8f65e7256d82e909c836e4508f540726d80370273561b61c,2018-12,Essex Police,Essex Police,0.572687,51.521651,On or near BIRCH CLOSE,E01021485,Castle Point 010A,Unable to prosecute suspect
fc6c33c5aa7cbe6410fc32bb8b2f4dc3e284786bf88c65e8f82a5ffd7a7ff5dc,2018-12,Essex Police,Essex Police,0.244560,52.027411,On or near BROOKE AVENUE,E01022078,Uttlesford 002C,Local resolution
c6a947b2727996270603c8b141e8bd6ad0dc585a46889dc435315c247accf493,2018-12,Essex Police,Essex Police,0.455025,51.557871,On or near FOBBING FARM CLOSE,E01021297,Basildon 020D,Unable to prosecute suspect
48705303e454b0d94b87b830089a1969aaab479690020c2628617ca5e9f6b15f,2018-12,Essex Police,Essex Police,0.506467,51.564041,On or near Shopping Area,E01021310,Basildon 022B,Unable to prosecute suspect
f9246b32fa00e2c47aa827b83fbd0f22c6d2c55fc6c6ad7e095fcd2aaed94730,2018-12,Essex Police,Essex Police,0.772477,51.872758,On or near Petrol Station,E01021678,Colchester 010E,Investigation complete; no suspect identified
3032f99d56eb408c18cbd04b9a022cb528325cea640ee3ba1b363cfdecdabc0a,2018-12,Essex Police,Essex Police,1.106828,51.774907,On or near LOTUS WAY,E01021988,Tendring 018A,Unable to prosecute suspect
7ec7d55c83313273b170068aba72d12074efddbe6dafcb45ebf8783756181b0d,2018-12,Essex Police,Essex Police,0.434981,51.647106,On or near THE VALE,E01021238,Basildon 001B,Unable to prosecute suspect
b9667096f86fef399902d3281aaec5f98c3b659a60a792c984b8d4a8e60da423,2018-12,Essex Police,Essex Police,0.878794,51.869447,On or near HOLLY CLOSE,E01033723,Colchester 015G,Unable to prosecute suspect
22b86ebd8f4bbde55f84582b14e0bbc98b9af9a515c6962e10d9596631025f6d,2018-12,Essex Police,Essex Police,0.227891,51.660355,On or near CHURCH ROAD,E01021443,Brentwood 001C,Unable to prosecute suspect
724f2db7acfe20b70bfacafc5ee92b84d996021e421fe82bd73caa5cf3dae167,2018-12,Essex Police,Essex Police,0.895335,51.889691,On or near BALKERNE GARDENS,E01021646,Colchester 007A,Local resolution
c1390426e0d41682d5e270c4d4cfec73a7643b5a0c68d8bfdda9a1a31d4d1d59,2018-12,Essex Police,Essex Police,0.910211,51.898578,On or near Shopping Area,E01021647,Colchester 007B,Investigation complete; no suspect identified
da4a81b9a41799e99921be2075ab45c2cb6b872f99a68be4c0919f57cee62be3,2018-12,Essex Police,Essex Police,0.335082,51.474283,On or near MAPLE ROAD,E01015962,Thurrock 016E,Unable to prosecute suspect
a0635c16dcdf40a2b48de2ebadb02a9436c155380fc454d1d975f17246e89983,2018-12,Essex Police,Essex Police,0.711224,51.572510,On or near WARWICK DRIVE,E01021956,Rochford 007E,Unable to prosecute suspect
3d2f0513bf1a5125bc9c9c3d2fbad2f66d53618ce83937cb441ed952f47cfbf3,2018-12,Essex Police,Essex Police,0.606114,51.552624,On or near HOMESTEAD GARDENS,E01021520,Castle Point 006C,Investigation complete; no suspect identified
8a3374f4cadef8c35c77118697757eb258e97c7a2467d0442916fb0580708bd5,2018-12,Essex Police,Essex Police,0.718637,51.542191,On or near SUTTON ROAD,E01015895,Southend-on-Sea 010A,Offender given a drugs possession warning
72a7f097434c20a9fda3f463c9bf70362490249e054c0ee9830b23815e88b55b,2018-12,Essex Police,Essex Police,0.556107,51.864143,On or near GALSWORTHY CLOSE,E01021374,Braintree 011E,Unable to prosecute suspect
ec6d03b1b2211ceeb3fd05d9b0359484f961f0659bc081d3b0421fcc6434c660,2018-12,Essex Police,Essex Police,0.463270,51.572142,On or near Parking Area,E01021318,Basildon 015C,Unable to prosecute suspect
80c4d9cd0c7532bf0a5f1692ceab807c855f1d17ca8563beede6adf71a0496f5,2018-12,Essex Police,Essex Police,0.469405,51.705417,On or near Parking Area,E01021555,Chelmsford 017D,Unable to prosecute suspect
50dfd1271a8fa98a411807819de6845d6785de83d14e52499e3d504dce9e8a9b,2018-12,Essex Police,Essex Police,0.729372,51.533820,On or near ARNOLD AVENUE,E01015842,Southend-on-Sea 014D,Suspect charged
982fc1e2402b3c7986168239e5dd0e01a462195f76d6d1cd81ee035fc137b1f2,2018-12,Essex Police,Essex Police,0.088530,51.764946,On or near NORTHBROOKS,E01021872,Harlow 007E,Unable to prosecute suspect
156ce4e3153f024d126dd3a177c6b95affb3f31c5454b2ddf178b3052102c462,2018-12,Essex Police,Essex Police,0.621977,51.630226,On or near Sports/Recreation Area,E01021942,Rochford 001A,Investigation complete; no suspect identified
7ecf8a8b5487eb44fd7e964e170fdffc744a9536b7e75da5021da4e9e6df1ea7,2018-12,Essex Police,Essex Police,0.326417,51.491632,On or near MEAD CLOSE,E01015995,Thurrock 009E,Investigation complete; no suspect identified
b86651d4902797f03d3d72e7c22aff53f5ec7e6207811e9004cb08b0ea5764ea,2018-12,Essex Police,Essex Police,0.573410,51.878191,On or near BARTRAM AVENUE SOUTH,E01021370,Braintree 011B,Investigation complete; no suspect identified
a0a35e151c1f7f0857114431321e88fc34723fbb8634b93a0ad4b5eff19b710d,2018-12,Essex Police,Essex Police,0.774326,51.532001,On or near CAULFIELD ROAD,E01015919,Southend-on-Sea 017F,Investigation complete; no suspect identified
7fc3755060294cfd5042a35a2148fee06ac1c7e4d1a5f355229a24cadd9c6ece,2018-12,Essex Police,Essex Police,0.325241,51.831165,On or near THE STREET,E01022096,Uttlesford 009D,Unable to prosecute suspect
fb24fae443a20f48ab6d0c16fed7613db518ea9cecc8f67bbe191daa481b16c6,2018-12,Essex Police,Essex Police,0.293696,51.623413,On or near CAPON CLOSE,E01021432,Brentwood 004B,Suspect charged
a8e48724f1866032201800598cd3972a1747d4ab98ef4f33591cb97e55a8c694,2018-12,Essex Police,Essex Police,0.178064,51.720947,On or near Petrol Station,E01021797,Epping Forest 001C,Investigation complete; no suspect identified
c7e3cf98d646e2c5fff384e8fb3fd24942147dfb21a93862e223bfb90be436f1,2018-12,Essex Police,Essex Police,0.709094,51.540820,On or near Supermarket,E01015895,Southend-on-Sea 010A,Unable to prosecute suspect
2bc50706df94d91eb7ef7f898e3111aff3ce7ab3f966cd64b6f7d3d81ecc3b62,2018-12,Essex Police,Essex Police,0.800496,51.868658,On or near ST. MICHAEL'S CHASE,E01021654,Colchester 010A,Unable to prosecute suspect
8f5e829d7195032126a33afc3132b32db36c9d15dff29e14696229aa1c69cb63,2018-12,Essex Police,Essex Police,0.529462,51.904675,On or near B1053,E01021404,Braintree 005A,Unable to prosecute suspect
184da59f0316a6fb71c50d873ea1c0a18df0302924888bebe5ff5d1ad2e18959,2018-12,Essex Police,Essex Police,0.895335,51.889691,On or near BALKERNE GARDENS,E01021646,Colchester 007A,Local resolution
aeded58cb4838d38d3040b0bf0702e464f0cb728086c8834b9071366205ab98c,2018-12,Essex Police,Essex Police,0.690276,51.552846,On or near PRITTLEWELL CHASE,E01015860,Southend-on-Sea 004D,Investigation complete; no suspect identified
268ed2e9f70b3fcc30dbe9f9096826e8a591db7ab7811a7ec189f750824ce550,2018-12,Essex Police,Essex Police,0.249538,51.496433,On or near CENTRAL AVENUE,E01015922,Thurrock 008A,Investigation complete; no suspect identified
74116a637de14c6c388c1e5c0045742ecfaf1304b57604e7d1a48a781c798dad,2018-12,Essex Police,Essex Police,0.096056,51.768166,On or near SOUTH GATE,E01021868,Harlow 007B,Investigation complete; no suspect identified
8f40473c1f1a24be991f28c69fd36dd17fab1ef851344b853641aa67522e1c10,2018-12,Essex Police,Essex Police,0.074467,51.649362,On or near THE SQUARE,E01021790,Epping Forest 012E,Unable to prosecute suspect
2d3a431b9fa13fc83fb6111dc2382b01e6c54dcbdf6a4253188709baf99450e5,2018-12,Essex Police,Essex Police,0.476747,51.570509,On or near CLAYBURN CIRCLE,E01021320,Basildon 015D,Investigation complete; no suspect identified
5ddd4bf523ddb475875ed0371edbe03ae2cf839b2768d59d71681caf18879448,2018-12,Essex Police,Essex Police,0.445755,51.567949,On or near LAINDON LINK,E01021287,Basildon 017A,Offender given a drugs possession warning
1cd115cf56e6735ca750854bc651ec36e7e3b5c365eb9cb1ea65dfdd2aa9dad6,2018-12,Essex Police,Essex Police,0.898530,51.887615,On or near ST JOHN'S STREET,E01021649,Colchester 007D,Unable to prosecute suspect
dde5aa2110552bb6ead29ccc76e36cad5fee2af0b47fa64c49dafe447068e0b7,2018-12,Essex Police,Essex Police,0.378414,51.606745,On or near BLIND LANE,E01021445,Brentwood 009A,Unable to prosecute suspect
b16334c6f98a951b6cbde641c52967023a9cab253620873424db18fe0338a3c7,2018-12,Essex Police,Essex Police,0.465717,51.577082,On or near TANGHAM WALK,E01021266,Basildon 015A,Unable to prosecute suspect
b857063bad1e814fd32e8082cb8a91b2323faf5689719fbe8e99ac1356af47e3,2018-12,Essex Police,Essex Police,0.377147,51.463203,On or near BRYANSTON ROAD,E01016005,Thurrock 018C,Unable to prosecute suspect
8f98edad7cc9b23133f55ed2510b7d54034e603e99aadffcffadd241e486a0f9,2018-12,Essex Police,Essex Police,0.927685,51.783150,On or near SALTINGS CRESCENT,E01021733,Colchester 021C,Unable to prosecute suspect
a0efe3cf9146f4878b165019787fa79fb0fc06070cf1f135c53d75bf72d854e0,2018-12,Essex Police,Essex Police,0.285604,51.517814,On or near AVONTAR ROAD,E01015972,Thurrock 006C,Investigation complete; no suspect identified
465638d4be6024cf0d1fb7147e49548d2bfa25de4f98f0114b44059936bda484,2018-12,Essex Police,Essex Police,0.497724,51.735233,On or near CUSAK ROAD,E01021547,Chelmsford 008D,Action to be taken by another organisation
45fe578d3fa8e8f7d7cf8ec490d9f09e1a63ae1e984056632bee921328b530e8,2018-12,Essex Police,Essex Police,0.554550,51.565657,On or near NORTHERN AVENUE,E01021477,Castle Point 003B,Unable to prosecute suspect
bbffaa129ed479b8e07c6e769135a2d0a62b97684d9c4751a415174177ea64b4,2018-12,Essex Police,Essex Police,0.685789,51.861640,On or near Sports/Recreation Area,E01021379,Braintree 014C,Local resolution
d773046f5186a2e1ed7a5912fa9fde39d96e843ccce070298c3372c0f71b93ef,2018-12,Essex Police,Essex Police,0.516633,51.570982,On or near WOODCOTE CRESCENT,E01021313,Basildon 018A,Unable to prosecute suspect
13cc3f68e1ea0d7ec46e6ee108ca7afc7c292c5cda00a88d3e42e3897f5227d1,2018-12,Essex Police,Essex Police,0.467419,51.724255,On or near VICARAGE ROAD,E01021580,Chelmsford 012D,Investigation complete; no suspect identified
6fd064b63d7fa0da8686022946083b87112e6ee49516619dea1d7ad35b1e1928,2018-12,Essex Police,Essex Police,0.587820,51.590945,On or near RETTENDON CLOSE,E01021957,Rochford 006C,Unable to prosecute suspect
38e6b20c171a5839f8cdbc82cd1b4e7b0d58d20e3d9c165306bb550e3f5f9d18,2018-12,Essex Police,Essex Police,0.504955,51.759639,On or near BRAGANZA WAY,E01033144,Chelmsford 005F,Investigation complete; no suspect identified
9e43577709fc9b1793544a3cb7a7227f28c917fd3404a6d03ee6c50158a37be4,2018-12,Essex Police,Essex Police,0.505870,51.754449,On or near FRANCES GREEN,E01033144,Chelmsford 005F,Local resolution
77e2ec187226ea428eaf2a43741a9c7d9311e9c593a9e3b3e31c92b8f6d41fb2,2018-12,Essex Police,Essex Police,0.580250,51.868481,On or near STILEMANS WOOD,E01021380,Braintree 012E,Investigation complete; no suspect identified
5a5a4e8b532365c97cfdbcc78656b273cc93575e77a113735fce04cf10415676,2018-12,Essex Police,Essex Police,0.480675,51.564454,On or near PITSEAVILLE GROVE,E01021324,Basildon 019C,Unable to prosecute suspect
8e44dd5bef1acd476063ca596ba09d08867654c2aa8c6794adb032d318ebd23e,2018-12,Essex Police,Essex Police,0.135249,51.771291,On or near LANGDALE STREET,E01021857,Harlow 001D,Unable to prosecute suspect
9306f063a6afd67a713cce9a714a5b9dd5f9f56b11c5b5da55eefd4a143a5200,2018-12,Essex Police,Essex Police,0.903854,51.911119,On or near KINGSWOOD ROAD,E01021682,Colchester 004D,Investigation complete; no suspect identified
2770ab3c2991ae671d9cd37fdfdd86718ef4df7ac588ec5f0bf1f9b086246437,2018-12,Essex Police,Essex Police,1.152103,51.794810,On or near WELLESLEY ROAD,E01022043,Tendring 014B,Unable to prosecute suspect
34e5bd2abfe4d74b6539a6519a9f11bd29cf6240b479bc4ce03760cf4c38a530,2018-12,Essex Police,Essex Police,0.565368,51.854076,On or near BEDELLS AVENUE,E01021347,Braintree 013A,Investigation complete; no suspect identified
694a5a7a1540216fdade28ff455a56d06f01a3958dfe4fbb4f43c5b1117c1709,2018-12,Essex Police,Essex Police,0.927685,51.783150,On or near SALTINGS CRESCENT,E01021733,Colchester 021C,Unable to prosecute suspect
6b000ba87e3939c3d51fd4170c61587349529091b0ed026ad0b88e506033601a,2018-12,Essex Police,Essex Police,0.565368,51.854076,On or near BEDELLS AVENUE,E01021347,Braintree 013A,Unable to prosecute suspect
8487b3a9eb166b82912c45ca93175cea30da6ff1834c4ac1a0eb2870d213c3be,2018-12,Essex Police,Essex Police,0.913705,51.886287,On or near BROOK STREET,E01021686,Colchester 011D,Action to be taken by another organisation
3c021afa666eb1a9022facdd005dcf6f718c037fd100d60f9cefb22086fc3511,2018-12,Essex Police,Essex Police,1.140684,51.788712,On or near LINLEY GARDENS,E01022038,Tendring 017E,Investigation complete; no suspect identified
46376d3b47977205c6fd9999dfe149636af8730ad8b9a45a8aaca3e23b12890d,2018-12,Essex Police,Essex Police,0.649115,51.797136,On or near PERRY WAY,E01021415,Braintree 017A,Unable to prosecute suspect
46376d3b47977205c6fd9999dfe149636af8730ad8b9a45a8aaca3e23b12890d,2018-12,Essex Police,Essex Police,0.649115,51.797136,On or near PERRY WAY,E01021415,Braintree 017A,Unable to prosecute suspect
6462c0f2f20fa20a5789343125054f8a2acb8f2a66835f8b052ceac77e0b962c,2018-12,Essex Police,Essex Police,0.877859,51.870280,On or near SALERNO CRESCENT,E01033723,Colchester 015G,Unable to prosecute suspect
db0b01c69c4ab6a6d7eeb91bb953ff45cb49e28c42e82683102e725a9d12d380,2018-12,Essex Police,Essex Police,0.097001,51.781044,On or near Parking Area,E01021853,Harlow 003E,Unable to prosecute suspect
3aa7dd9e6249b453c9410dec2ec86bc6f06cb4aa0be38f0c4af8db9883d73ea5,2018-12,Essex Police,Essex Police,0.551518,51.876213,On or near SILKS WAY,E01021365,Braintree 009D,Investigation complete; no suspect identified
b5d531fe90aad4331ae4d9e968d83bcb29395cbb9137c696407430245ab122b7,2018-12,Essex Police,Essex Police,0.130609,51.766636,On or near Petrol Station,E01021827,Harlow 005D,Unable to prosecute suspect
cbbfe837f36d2626a352e31c5c11992bda9c8f0719843e5e25ce859a8a81a68c,2018-12,Essex Police,Essex Police,0.742704,51.550732,On or near ARCHER CLOSE,E01015886,Southend-on-Sea 009D,Unable to prosecute suspect
5ae4d36d235d960d22656cc3dbecb191b0e1027984ed1981cdc8fc40e48c7958,2018-12,Essex Police,Essex Police,0.443692,51.526515,On or near Pedestrian Subway,E01015988,Thurrock 002D,Investigation complete; no suspect identified
210b4035518a3689bb78afba23b3f29cad6dc8154c72c8a99d8de4e09f03e5f2,2018-12,Essex Police,Essex Police,0.676392,51.568966,On or near LUNDY CLOSE,E01015863,Southend-on-Sea 002A,Unable to prosecute suspect
4c45ce36c51f8e4a97809ffbe0cdfda0404dc0e38aaf39a71fc9422cecb36b31,2018-12,Essex Police,Essex Police,1.127627,51.796193,On or near TANNER CLOSE,E01022031,Tendring 015D,Offender given a drugs possession warning
50ddaa91f9133081bd13815cebc88b5a0ea20bc6c9f16469a20e502a13d5595a,2018-12,Essex Police,Essex Police,0.146293,51.760560,On or near MALKIN DRIVE,E01021828,Harlow 005E,Suspect charged
ea0cf8ee3e090b20b345744ada0ba3c6a95fe7d17132f3690f8270d07ab49436,2018-12,Essex Police,Essex Police,0.126116,51.776493,On or near FELMONGERS,E01021848,Harlow 002E,Suspect charged
af96fa0c5c6163fac055a66e3659e51dde338618d208622a22d52d39db3d607e,2018-12,Essex Police,Essex Police,0.501995,51.742274,On or near OYSTER PLACE,E01021544,Chelmsford 008A,Unable to prosecute suspect
ceb46c44c9b065f2e3fbfc63823d3f684f2cd0bfe8e6b617be36088fbb013378,2018-12,Essex Police,Essex Police,0.200447,52.064185,On or near PILGRIMS CLOSE,E01022094,Uttlesford 001D,Unable to prosecute suspect
1b17d1beece3ad56bd1cac29d5b50224c8f70529e6a57154d232ef975e90aadd,2018-12,Essex Police,Essex Police,0.584968,51.855248,On or near THE WESTERLINGS,E01021380,Braintree 012E,Action to be taken by another organisation
beb992f0e4eaa07b19c22e97a6c4ef04438806c93a497a1e2a14fc81ce58b02b,2018-12,Essex Police,Essex Police,0.724922,51.532953,On or near Sports/Recreation Area,E01015842,Southend-on-Sea 014D,Offender given a drugs possession warning
7b1ec4bc4c8e7b238843bcd6bdc6cc0ebf8772d8db72fe29c43b5568bdfcd850,2018-12,Essex Police,Essex Police,0.425843,51.515653,On or near KING STREET,E01015989,Thurrock 005A,Suspect charged
024ce49d706533cf953f32741aa1643522bee56f67d1c6cf6c9508b8d89c9a0d,2018-12,Essex Police,Essex Police,0.126116,51.776493,On or near FELMONGERS,E01021848,Harlow 002E,Suspect charged
abe37dfdd789b6bc1191e2720c0bb7283102dec2c1a1c1973e35b8edcffc7150,2018-12,Essex Police,Essex Police,0.299223,51.619294,On or near HART STREET,E01021436,Brentwood 007B,Unable to prosecute suspect
5090764012d5a8ea8e325428e59976d1858a81c02faaa6dc9a11c67b4a81c031,2018-12,Essex Police,Essex Police,0.716176,51.536213,On or near YORK ROAD,E01015852,Southend-on-Sea 015B,Unable to prosecute suspect
00baa47eb7f5afc713291d8f0684599f66c63fdce245fe5a3c94b7d6f91cc548,2018-12,Essex Police,Essex Police,0.924388,51.887874,On or near HUNTING GATE,E01021706,Colchester 022H,Unable to prosecute suspect
cea16c98a3e08ca036efe68f830b10e478b0d793f4382c3377b795724ae44949,2018-12,Essex Police,Essex Police,0.299223,51.619294,On or near HART STREET,E01021436,Brentwood 007B,Unable to prosecute suspect
ba5ab08700a1c2be8cd8f25bd3d45f9ccd0b2207f5e6d3932b341384f1a7c72a,2018-12,Essex Police,Essex Police,1.279568,51.936607,On or near HORDLE PLACE,E01022001,Tendring 001D,Unable to prosecute suspect
38ef36a955adfcd9c6dc255dad0c26ee8b5bde4c4960ceeebd31de2ce0ae3b23,2018-12,Essex Police,Essex Police,0.110441,51.762738,On or near TENDRING ROAD,E01021820,Harlow 006B,Unable to prosecute suspect
bfe8055b00ad7af2c0da73a65d847986dda6877b912ee7f8c6c72a5f12fc5e2d,2018-12,Essex Police,Essex Police,0.471839,51.572348,On or near THISTLEDOWN,E01021318,Basildon 015C,Investigation complete; no suspect identified
df7a293a12bcd757df39b916963bdbaae9976f9752e074fa8ec77a25fedecea9,2018-12,Essex Police,Essex Police,0.110441,51.762738,On or near TENDRING ROAD,E01021820,Harlow 006B,Unable to prosecute suspect
fa2c8447c13e9e2642828144249cb8d275eeac7f8160dad72ea4836304899582,2018-12,Essex Police,Essex Police,0.505698,51.759704,On or near RATCLIFFE GATE,E01033144,Chelmsford 005F,Unable to prosecute suspect
beadf8a688d97d763e36f759ae663a7f1a02b0856f9bbae00f237d64362168f5,2018-12,Essex Police,Essex Police,0.417043,51.622143,On or near SUN STREET,E01021244,Basildon 004A,Unable to prosecute suspect
74aa892709e2a81fffbb815e6b3f12be9bff2bc7552d9445e5e3993e1292886b,2018-12,Essex Police,Essex Police,0.547957,51.891614,On or near KINGS ROAD,E01021359,Braintree 008D,Investigation complete; no suspect identified
1991181dddc5d558b718b26023328dcf9de45d4cea4ca3af3051778796b4f6c5,2018-12,Essex Police,Essex Police,0.931405,51.883365,On or near Petrol Station,E01033722,Colchester 008H,Investigation complete; no suspect identified
14e2b6afd0c8173be45b77c92f4f292007014834b0d9dd3f71eab9fe0a6724c5,2018-12,Essex Police,Essex Police,0.720258,51.543970,On or near SOUTH AVENUE,E01015898,Southend-on-Sea 010D,Unable to prosecute suspect
3ef35f08054c1a29f96894b7616095d0d96ccb2e72a8a62eeaf59ead7ed67711,2018-12,Essex Police,Essex Police,0.301627,51.497122,On or near ELVIN CLOSE,E01015942,Thurrock 020C,Suspect charged
edda40500cb70358dc5e6a762044d6de3af94f2b9f2660bf5b6843be9650bb79,2018-12,Essex Police,Essex Police,0.960765,51.866611,On or near TOWER ROAD,E01021740,Colchester 017E,Investigation complete; no suspect identified
dcc7c0b4bc4437cfec393c2115fd90e256eeb35e805cfb1bf60f5485d4186a9b,2018-12,Essex Police,Essex Police,0.110441,51.762738,On or near TENDRING ROAD,E01021820,Harlow 006B,Unable to prosecute suspect
8780bf51b7259ad69e6d246db9c37baa4d43a2fe57676530f4718e12771bd4cc,2018-12,Essex Police,Essex Police,0.299223,51.619294,On or near HART STREET,E01021436,Brentwood 007B,Unable to prosecute suspect
1732852a7f380c23b68a3c142a997a1e8746fef94777b70ede8f353eec3014f8,2018-12,Essex Police,Essex Police,0.403532,51.633842,On or near MOUNTNESSING ROAD,E01021249,Basildon 002D,Unable to prosecute suspect
1f8e567b09ce18cc741f2ef6efde0a6b4c0ef272dd00a01705ff8fb1079d60dd,2018-12,Essex Police,Essex Police,0.087104,51.657609,On or near COLLARD AVENUE,E01021774,Epping Forest 011A,Investigation complete; no suspect identified
ab706b3a3e1164c982dde6d3de86e00f33123088f30b7ecbfe1eaa7f2db0c089,2018-12,Essex Police,Essex Police,0.971333,51.789124,On or near CHURCH LANE,E01021694,Colchester 019D,Unable to prosecute suspect
b76c862c0b7a3ce13a245c7d200f0bcd898306073dd51525243aa2a7f25bcbb7,2018-12,Essex Police,Essex Police,0.455025,51.557871,On or near FOBBING FARM CLOSE,E01021297,Basildon 020D,Suspect charged
39bb187f55db892eb002eaf6808c522bdab09b83c266181ff01fcc8ea4bbf6b3,2018-12,Essex Police,Essex Police,0.110305,51.761985,On or near CHURCH LEYS,E01021820,Harlow 006B,Investigation complete; no suspect identified
4cbd181fce2f6d602b026ed8e5c9d4c14b2025ceea3c49b7f14fd1dabc811086,2018-12,Essex Police,Essex Police,0.078769,51.774237,On or near SPRING HILLS,E01021840,Harlow 004B,Suspect charged
5c25bc6ee99daf2696a8766b45527ce9889b96080565f8f8936b6d8c80a5ce82,2018-12,Essex Police,Essex Police,0.115890,51.760868,On or near LITTLE BRAYS,E01021820,Harlow 006B,Investigation complete; no suspect identified
81d1b59530c83bb3cfa56a542ee18678971500338255a61801485df65897e1e9,2018-12,Essex Police,Essex Police,0.249374,51.498379,On or near MANNING STREET,E01015922,Thurrock 008A,Investigation complete; no suspect identified
7ba2384e6205a0058328fafdf9aaceaeda04f476a81265344485ae6846ab7a94,2018-12,Essex Police,Essex Police,0.110441,51.762738,On or near TENDRING ROAD,E01021820,Harlow 006B,Unable to prosecute suspect
1e1dab559636308a8c1858f48a9eea831479414886afacc3df4804f58796169a,2018-12,Essex Police,Essex Police,0.483466,51.572238,On or near CHITTOCK MEAD,E01021322,Basildon 019A,Investigation complete; no suspect identified
2ff83518deb002a138402e0692a507a327444613cd30102501fc4e43afdfcfaa,2018-12,Essex Police,Essex Police,0.130475,51.760704,On or near PINEWOOD CLOSE,E01021836,Harlow 008D,Investigation complete; no suspect identified
bdaf2c5e77b4b4b1f8241eac4d078ed4683e81bc7be72958d3cdc8e80ed377c5,2018-12,Essex Police,Essex Police,0.328101,51.622367,On or near THE COVERTS,E01021455,Brentwood 005C,Investigation complete; no suspect identified
0a28ffb309358dbccfda34ffbc130634ae95e6505bd6e7f073781a5d6be2f627,2018-12,Essex Police,Essex Police,0.086004,51.744722,On or near FENNELLS,E01021867,Harlow 011E,Investigation complete; no suspect identified
84a6ddc3115d418bbe129377dda4de0b1310606a582074035b32232df1d2b2ab,2018-12,Essex Police,Essex Police,0.432415,51.524015,On or near SECOND AVENUE,E01016002,Thurrock 005E,Investigation complete; no suspect identified
fffb452dfdf3fdbc1f5b67326939644f9da2dd6e3cf1669206e8c49fa11d9fa6,2018-12,Essex Police,Essex Police,0.068898,51.757137,On or near PEACOCKS,E01021832,Harlow 009C,Investigation complete; no suspect identified
dd387afafc843830169362cb95a4c285409f26e74800cea2ad0285c6561c1502,2018-12,Essex Police,Essex Police,0.417763,51.628072,On or near TANFIELD DRIVE,E01021253,Basildon 004B,Investigation complete; no suspect identified
8df1ad5dc4f691f9b3178faef6fd24a67d9a7ca9625722ab615e01185ac12da5,2018-12,Essex Police,Essex Police,0.419664,51.480383,On or near GLOUCESTER AVENUE,E01015948,Thurrock 013B,Investigation complete; no suspect identified
31ab382225de13f0462d0124143dcb39d40db3084ddb2b7453d4e674ad1b14a2,2018-12,Essex Police,Essex Police,0.426494,51.515154,On or near Supermarket,E01015989,Thurrock 005A,Suspect charged
1f8dbb13a5dc7b6712cbd4ceac76df98b7c15dfaade725e1664c81e12485fe2e,2018-12,Essex Police,Essex Police,0.464723,51.570987,On or near Pedestrian Subway,E01021318,Basildon 015C,Investigation complete; no suspect identified
00687353983ca5bab8ef70de1881f657f699ab1c7cb86a7111cdde87318dc8ea,2018-12,Essex Police,Essex Police,0.616540,51.520618,On or near ORRMO ROAD,E01021492,Castle Point 009A,Investigation complete; no suspect identified
6620af8d276c4540d222682327ebbec900c2278cbf4b5ce249ae41bff623242f,2018-12,Essex Police,Essex Police,0.708877,51.573805,On or near ROCHEFORT DRIVE,E01021956,Rochford 007E,Unable to prosecute suspect
6d5ed423a0e440c7fe41f085159890cd04fe8c06f63e7471db36cc024e4cb668,2018-12,Essex Police,Essex Police,0.121022,51.755650,On or near SPINNING WHEEL MEAD,E01021835,Harlow 008C,Investigation complete; no suspect identified
324952ad8598e6c71691c91fa9cf68cfe489dd4d280975d49ead6460f73ff25c,2018-12,Essex Police,Essex Police,0.506111,51.736026,On or near Village Square,E01021548,Chelmsford 013A,Unable to prosecute suspect
235b2bb2070eb66fba1dedf33d708f0b00effd2b62442086d2dacd2f59baeb7e,2018-12,Essex Police,Essex Police,0.070975,51.750905,On or near DUNSTALLS,E01021865,Harlow 009E,Unable to prosecute suspect
45b069317d9f98294160526e77e84d7221f41df7c381e12ca256556288443cd8,2018-12,Essex Police,Essex Police,0.095779,51.754044,On or near CHARTERS CROSS,E01021871,Harlow 007D,Investigation complete; no suspect identified
6112ac14944a9c366932b87ae7fd91004282c360c51210851429d96fcaff8511,2018-12,Essex Police,Essex Police,0.079588,51.655441,On or near COLEBROOK GARDENS,E01021778,Epping Forest 011E,Investigation complete; no suspect identified
183696acb51beb39e912acc17859566eae0785fe6e44888a1c4b273fdae37d96,2018-12,Essex Police,Essex Police,0.068898,51.757137,On or near PEACOCKS,E01021832,Harlow 009C,Investigation complete; no suspect identified
82789232772f058df0237594cb310ff0e01f5717b2bc88a0966378d4ea3ec21b,2018-12,Essex Police,Essex Police,0.685274,51.872740,On or near STONEHAM STREET,E01021378,Braintree 014B,Unable to prosecute suspect
12d70378d8cacbd666dc6ee4d3f968a4e0ba23eba10c0af77be481528db308f0,2018-12,Essex Police,Essex Police,0.299914,51.612095,On or near AVENUE ROAD,E01021475,Brentwood 007E,Investigation complete; no suspect identified
f339ab85eb6d9730469e814d937597a0f23d0332eb7e99a55948d2001f820de5,2018-12,Essex Police,Essex Police,0.510611,51.733852,On or near MARSTON BECK,E01021548,Chelmsford 013A,Investigation complete; no suspect identified
d27317d67f5d2f3a7d2d98a9a89b85598928f4948a42f2467a8cdc8b075d0fae,2018-12,Essex Police,Essex Police,0.447317,51.572044,On or near DELIMANDS,E01021293,Basildon 017C,Investigation complete; no suspect identified
eff702d81bbdd941bcd9044d868548b4e0ea909a232ff938beb0fb9b8bd19cd9,2018-12,Essex Police,Essex Police,0.311333,51.477380,On or near BELMONT ROAD,E01015951,Thurrock 017A,Investigation complete; no suspect identified
4114ab427fcd14f01fcc29dd06e999bfbcf6673fcc77db8b79b1da5c9083f9f5,2018-12,Essex Police,Essex Police,0.424041,51.569380,On or near Pedestrian Subway,E01021286,Basildon 016A,Investigation complete; no suspect identified
6a502a39d844ce6b7a360609df37f646ce6d5042338325b801dadf62b90202e5,2018-12,Essex Police,Essex Police,0.594091,51.592813,On or near GRANGE GARDENS,E01021926,Rochford 006B,Investigation complete; no suspect identified
5aec35e9cea5427d1091e6c17a8b3ef554be20919d46996e1e4409522aef027b,2018-12,Essex Police,Essex Police,0.598309,51.520717,On or near BRAMBLE ROAD,E01021498,Castle Point 011B,Investigation complete; no suspect identified
77a1176bdbf45ee8962f070ed9316802458904aa26ae25ea3417dd62795a8db7,2018-12,Essex Police,Essex Police,0.923562,51.894173,On or near DILBRIDGE ROAD EAST,E01021703,Colchester 022E,Investigation complete; no suspect identified
f6bc41be6325971ce3c6181078cc175abe42b84e3904cabc5d03f726f2b23f2d,2018-12,Essex Police,Essex Police,0.245835,52.011245,On or near CROMWELL ROAD,E01022080,Uttlesford 002E,Investigation complete; no suspect identified
89cdc9d02dbfad2132e74849712c33cbdb24cadc7e41e2cefec595877c39b91a,2018-12,Essex Police,Essex Police,0.281531,51.509871,On or near DERRY AVENUE,E01015972,Thurrock 006C,Investigation complete; no suspect identified
7f304721dec76623bc66d354215d0460623b7c23b23a7363959c5eb29c2c3f59,2018-12,Essex Police,Essex Police,0.895390,51.894168,On or near MARKET CLOSE,E01021650,Colchester 007E,Investigation complete; no suspect identified
180964205a5255f75d6bec532e4aba76ee768942bb5f7193e3f90d96111d5399,2018-12,Essex Police,Essex Police,0.295469,51.637075,On or near HEATHER CLOSE,E01021462,Brentwood 006B,Unable to prosecute suspect
c4406fe9982338bf64e4f90b0c3af348cd586df601afd8a32ccd325ed5ff9049,2018-12,Essex Police,Essex Police,0.566982,51.882675,On or near KENT GARDENS,E01021353,Braintree 009B,Investigation complete; no suspect identified
709e69a17f2609dd896f17b63a28874d3569b00a899bb689d7a904f0acc6c562,2018-12,Essex Police,Essex Police,0.436016,51.627587,On or near HATFIELD DRIVE,E01021242,Basildon 001C,Unable to prosecute suspect
bc46c8b428d0bdf2c8e9ffa3393b2542f3bb8647ce8e1f31d31e3c847e9f9b8f,2018-12,Essex Police,Essex Police,0.085738,51.747766,On or near MORNINGTONS,E01021863,Harlow 011B,Investigation complete; no suspect identified
2a15d523c0ff802e8dca6c292e6919bf32535e12f9dad2fb7b67bed5801276eb,2018-12,Essex Police,Essex Police,0.470297,51.878315,On or near Petrol Station,E01022088,Uttlesford 008E,Investigation complete; no suspect identified
eade92f8ddae030ec568527ef50cfeed49a5ee4f02b577b5db527bcfbe9ef9c1,2018-12,Essex Police,Essex Police,1.150380,51.797348,On or near Petrol Station,E01021970,Tendring 016A,Investigation complete; no suspect identified
8f6dc1d31483aeaeec12a5a5164fb61b303500cff1ffcda4df40d9807dcbedaf,2018-12,Essex Police,Essex Police,0.489632,51.733462,On or near SPRINGFIELD PARK AVENUE,E01021628,Chelmsford 008E,Investigation complete; no suspect identified
972e59cf2298b296f6bd7dbecd5e3175889c2b553946d0b57cdca771884728cb,2018-12,Essex Police,Essex Police,0.075247,51.747385,On or near MALLOWS GREEN,E01021864,Harlow 011C,Investigation complete; no suspect identified
c6fd72d28077cac75994ff1a3c9abf3e79c66e4e20c0bc1c4b65c0e197f965fe,2018-12,Essex Police,Essex Police,1.270468,51.933937,On or near ROWAN CLOSE,E01021999,Tendring 001C,Unable to prosecute suspect
228113994eb0b6248e83ef606ffcf45c81fa1bcc4ec4715089577b48009c10fe,2018-12,Essex Police,Essex Police,0.249516,52.016948,On or near HOP FIELDS,E01022081,Uttlesford 002F,Investigation complete; no suspect identified
67805116ebcffbcb6831b07dde10d04735f434eb6f15ae25363587191e24562a,2018-12,Essex Police,Essex Police,0.793895,51.529432,On or near SMITH STREET,E01015877,Southend-on-Sea 013B,Investigation complete; no suspect identified
5d252f75530f1df2985af249f29097cec2033133ad4adc4d2e1a75d140798f94,2018-12,Essex Police,Essex Police,0.739402,51.547626,On or near PHILPOTT AVENUE,E01015887,Southend-on-Sea 009E,Investigation complete; no suspect identified
7cf849227f541f137cc3d24c5afe858db169e27b6ad2ada699e2ab2ca5741546,2018-12,Essex Police,Essex Police,0.539874,51.756686,On or near LODGE CRESCENT,E01021536,Chelmsford 005A,Investigation complete; no suspect identified
b6c9cc63f5d60a7b314ece98f57da5bf112dec3f7348bf32af53a20b7318022b,2018-12,Essex Police,Essex Police,0.608344,51.649263,On or near THE CEDARS,E01021614,Chelmsford 019D,Investigation complete; no suspect identified
d01223374545225d8ad290303cd445ceee623e4bf094254952f284c5aead5cb4,2018-12,Essex Police,Essex Police,0.221278,51.869847,On or near DUNMOW ROAD,E01022059,Uttlesford 009A,Investigation complete; no suspect identified
262a29ed103d482b76da62e8816fdce019270ac3fc7f17a9187605f1f2c5dd0f,2018-12,Essex Police,Essex Police,1.145073,51.912282,On or near BAYTREE CLOSE,E01021978,Tendring 003A,Investigation complete; no suspect identified
aee65478a8f6a8b0830d4ab6fc7dd8c3210378976667de0470805a447bb85039,2018-12,Essex Police,Essex Police,0.101956,51.754464,On or near FIVE ACRES,E01021871,Harlow 007D,Unable to prosecute suspect
092fa57f2710e6bb46939660412a36a7f3e34eb079b640f6e8ab67ba4bee5230,2018-12,Essex Police,Essex Police,0.261741,51.889938,On or near Airport/Airfield,E01022090,Uttlesford 006B,Local resolution
de0a68750f2844fce645000e32c476194cf857c1f8697e40feb3dd4825d6ebef,2018-12,Essex Police,Essex Police,0.420159,51.572086,On or near BRIMSDOWN AVENUE,E01021275,Basildon 014B,Investigation complete; no suspect identified
c83f692b12d1314f654e564674ac51ba1234661a6f418c9fc7000be5c3e5a05d,2018-12,Essex Police,Essex Police,0.081422,51.765423,On or near COLLINS MEADOW,E01021841,Harlow 004C,Investigation complete; no suspect identified
d28de9a2c06fcd5bee34b442dfa3abb16f51cfa103916703e933155d23a06132,2018-12,Essex Police,Essex Police,0.626418,51.843313,On or near BRISTOL COURT,E01021360,Braintree 012A,Unable to prosecute suspect
3369dbf8d723810f9928f28efd1f010ee4ef0bd0a60c2780d58be96716786282,2018-12,Essex Police,Essex Police,0.494010,51.565539,On or near ALCOTES,E01021328,Basildon 022E,Investigation complete; no suspect identified
f507e3facb4197d411b8f2c285f8e404ecf754bdd2652fe3d1dd63bf883d4a45,2018-12,Essex Police,Essex Police,0.461228,51.569334,On or near Pedestrian Subway,E01021318,Basildon 015C,Investigation complete; no suspect identified
5bd210b64e88aa23e8fcf1656fecfda51dcb8a8a7cb09d124bb85f5ad1a8f61e,2018-12,Essex Police,Essex Police,0.113165,51.754955,On or near LITTLE PYNCHONS,E01021823,Harlow 006D,Investigation complete; no suspect identified
84e81a168e587c4fe9f92e64a16d4819caca9b7c8b6a833046e0a93db5f46b3a,2018-12,Essex Police,Essex Police,0.261741,51.889938,On or near Airport/Airfield,E01022090,Uttlesford 006B,Local resolution
277db105860bf018b669f21efca3fbdf8163fad322f23e707aea6b02b1230b6a,2018-12,Essex Police,Essex Police,0.254597,51.497946,On or near Sports/Recreation Area,E01015922,Thurrock 008A,Investigation complete; no suspect identified
970ff54b4291e8db2bb019b33196c469282d0231905b26f0048b148188a1d282,2018-12,Essex Police,Essex Police,0.354940,51.489921,On or near CARLTON ROAD,E01015965,Thurrock 010C,Investigation complete; no suspect identified
cc6423f4c33d7743492848f0890fec951fdabb27e141455d9d78d0f0adab5538,2018-12,Essex Police,Essex Police,0.105096,51.751557,On or near THE BRIARS,E01021861,Harlow 010E,Investigation complete; no suspect identified
469be0e45ecee5c96305ef0621327690c4090a52345e4825416d30716294e03c,2018-12,Essex Police,Essex Police,0.441279,51.526403,On or near RACHAEL CLARKE CLOSE,E01015988,Thurrock 002D,Action to be taken by another organisation
66cd900aac7156277b2fb92f66045fa55a61e28b3fd37c4696f764ddc63e81ce,2018-12,Essex Police,Essex Police,0.466027,51.734320,On or near Pedestrian Subway,E01033141,Chelmsford 010G,Suspect charged
843a81ca77a714c94872414c9d358bef1be5484316130412842a9280d5fc5daf,2018-12,Essex Police,Essex Police,0.563856,51.880603,On or near COGGESHALL ROAD,E01033459,Braintree 009F,Unable to prosecute suspect
a79646d82401c69210387b86f530b7f501e8268f5ff1f772f7d05905ecf243fe,2018-12,Essex Police,Essex Police,0.675796,51.731833,On or near COACH LANE,E01021890,Maldon 004B,Investigation complete; no suspect identified
73ca0abafc819e52611691f57dfd471146969f6dbb2da707b2375b86facd9d7e,2018-12,Essex Police,Essex Police,0.299706,51.619123,On or near Parking Area,E01021436,Brentwood 007B,Investigation complete; no suspect identified
737615fbb5b9ab85e4fb2eeb31f730c26fa21ad8cbf498866903219eefeda4e9,2018-12,Essex Police,Essex Police,0.423217,51.578839,On or near NICHOLL ROAD,E01021274,Basildon 010D,Investigation complete; no suspect identified
41dbfd4535e17b8fa0a4eceb1e5b52b5a1c3344c8e821fa7c1b20ffa90c76d34,2018-12,Essex Police,Essex Police,0.125834,51.706302,On or near THE PLAIN,E01021761,Epping Forest 005B,Unable to prosecute suspect
7d8a5b46f3ca5a07f3bbf16f2b796749bca90bdfd9c57919dff456853f2ed00c,2018-12,Essex Police,Essex Police,0.314288,52.007402,On or near Park/Open Space,E01022099,Uttlesford 004D,Investigation complete; no suspect identified
1477004871e3f51a894343ece3c0db97f30395985f75a32a807cb59db537d72a,2018-12,Essex Police,Essex Police,0.274335,51.512394,On or near HAMBLE LANE,E01015972,Thurrock 006C,Investigation complete; no suspect identified
b7302ab04c866ca5e46241d53761da9ad211845d1b53e73338de2c9898141998,2018-12,Essex Police,Essex Police,0.132995,51.791727,On or near CAMBRIDGE ROAD,E01021854,Harlow 001A,Unable to prosecute suspect
b5eebf258792351e7bedabc267baa5e7ddd6f3168929fa2ec712946e9932969b,2018-12,Essex Police,Essex Police,0.080081,51.774718,On or near Supermarket,E01021840,Harlow 004B,Unable to prosecute suspect
6ae61d4d678e643997b590513154c51a83222bab77cf8dae34f50132c06e1196,2018-12,Essex Police,Essex Police,0.403532,51.633842,On or near MOUNTNESSING ROAD,E01021249,Basildon 002D,Local resolution
6c93ad6f9dbd933655fccfdb451fb89babea4ecdef11cf8482812aaa0e4ee7ee,2018-12,Essex Police,Essex Police,0.437904,51.518829,On or near COLLINS CLOSE,E01015985,Thurrock 003B,Suspect charged
e75ed3d88ae04987bf3389308efa36f9dc075a8c728bb3c8ccb52741efc5f2ff,2018-12,Essex Police,Essex Police,0.426718,51.468933,On or near LINLEY CLOSE,E01015949,Thurrock 013C,Unable to prosecute suspect
9d8fd520ea2059111fed74b5d6726c4e526158328a15f1f940bdc773a62a924f,2018-12,Essex Police,Essex Police,0.440952,51.948910,On or near MILL ROAD,E01021411,Braintree 005B,Investigation complete; no suspect identified
948abe8903537a101b1589e612066c2d1cdeeeb91e73c2094444fbc7e26d6b2d,2018-12,Essex Police,Essex Police,0.291703,51.518720,On or near CELANDINE CLOSE,E01015975,Thurrock 006F,Suspect charged
92c9da2bf49f0592dbae04642e27e2c8eb4937c71e11104667669adbc7aa74cc,2018-12,Essex Police,Essex Police,0.605034,51.773183,On or near OLD SCHOOL COURT,E01021395,Braintree 018C,Investigation complete; no suspect identified
89309e20e5ed54d1e18e1ad874112fce720bab3dee6f8453037b96d6ef83d828,2018-12,Essex Police,Essex Police,0.033419,51.624946,On or near DUCHESS GROVE,E01021745,Epping Forest 015D,Investigation complete; no suspect identified
2b8dfc93fb3eac60fca8b32369f27214d9070ed6a5155931ca396c703334f255,2018-12,Essex Police,Essex Police,0.292024,51.520809,On or near LARKSPUR CLOSE,E01015973,Thurrock 006D,Investigation complete; no suspect identified
8de66c70627cfbc7f99a12c0d5519203aa10c0bc3b3c896b561256aeaec0ddd1,2018-12,Essex Police,Essex Police,0.426718,51.468933,On or near LINLEY CLOSE,E01015949,Thurrock 013C,Unable to prosecute suspect
c405e702e66fabef4bf664c571e3dd2af5dced1cb530c4ab8d82d23059fd8ae0,2018-12,Essex Police,Essex Police,0.832037,51.884847,On or near Petrol Station,E01021718,Colchester 012A,Unable to prosecute suspect
474e2914cbe2e26c7f22f162eac08a6d77c01d24b006bebea3735f16359c3b83,2018-12,Essex Police,Essex Police,0.105862,51.779231,On or near NETTESWELL ROAD,E01021853,Harlow 003E,Unable to prosecute suspect
842f8b4aad1f6fcde9d66e06265ea73343c56609d667d2dbebbb9d2102a5e0d2,2018-12,Essex Police,Essex Police,0.070975,51.750905,On or near DUNSTALLS,E01021865,Harlow 009E,Investigation complete; no suspect identified
241d80d216edc4f731ccf5d68ef8b371ca6763720f3d64b288d3ac02fc220bb6,2018-12,Essex Police,Essex Police,0.784871,51.545062,On or near COOKHAM COURT,E01015878,Southend-on-Sea 013C,Investigation complete; no suspect identified
32938220d194a9813dda2d2c19ea2dd3c902463fae6bb0bc84a1a3e85898f886,2018-12,Essex Police,Essex Police,0.497197,51.752718,On or near REMBRANDT GROVE,E01021619,Chelmsford 004C,Investigation complete; no suspect identified
9d94b3434a2eb2b122d692b7450544c20512e8f8aae6daeaac0af3b389e70d7f,2018-12,Essex Police,Essex Police,0.243209,51.877938,On or near TAYLORS END ROAD,E01022090,Uttlesford 006B,Local resolution
b97fbdd8f70d484fbb6716d2b065b2eeaa4ce6e1067278b0e932a917f7e0fa5c,2018-12,Essex Police,Essex Police,0.639957,51.789095,On or near ASHBY ROAD,E01021424,Braintree 018E,Unable to prosecute suspect
362b9e698c2ce4a095cbeb7f50b37ca4a86048468c0b5ccee1331f096e9ebfd0,2018-12,Essex Police,Essex Police,0.773970,51.539672,On or near MALMSMEAD,E01015914,Southend-on-Sea 017A,Investigation complete; no suspect identified
34e6178f9743e24f0a5b0b8b325e918db11ed27c7f170b78aa62c081c16d34c5,2018-12,Essex Police,Essex Police,0.113778,51.755988,On or near Pedestrian Subway,E01021823,Harlow 006D,Investigation complete; no suspect identified
402a2c5b3b9e7ffe3523ebbf0815b8e345977e130f04d74273e5c6f770b3ae5c,2018-12,Essex Police,Essex Police,0.104052,51.762781,On or near WESTFIELD,E01021870,Harlow 006E,Investigation complete; no suspect identified
51968404933f9b626c3da78e86e6653091aa20085ea67c12dd514956f97e1282,2018-12,Essex Police,Essex Police,0.261741,51.889938,On or near Airport/Airfield,E01022090,Uttlesford 006B,Local resolution
934b5a4352667fb7749abbe8163ba59818179508454b84ade0ff9c9f1e2c1a84,2018-12,Essex Police,Essex Police,0.261741,51.889938,On or near Airport/Airfield,E01022090,Uttlesford 006B,Local resolution
a75234157a8f60d1ede412a18f32c8bf389b90575fd0c541d38f846eea62c32c,2018-12,Essex Police,Essex Police,0.043019,51.625409,On or near KING'S AVENUE,E01021748,Epping Forest 015G,Investigation complete; no suspect identified
0d0cb86f96fbf92be9d29e33eed1346422e4b1a9842c3e18ac32cf3f08c4ff6f,2018-12,Essex Police,Essex Police,0.135641,51.761464,On or near COALPORT CLOSE,E01021825,Harlow 005B,Investigation complete; no suspect identified
64ac64c3d6e761564c99c9699c44595d9deb07e51da313546f50552c09bf35e2,2018-12,Essex Police,Essex Police,0.725264,51.534824,On or near OUTING CLOSE,E01015842,Southend-on-Sea 014D,Unable to prosecute suspect
f6669e2b7135fe0f6b01056f19b5152643ce51897c0181d8f8b8e7a0521f3d79,2018-12,Essex Police,Essex Police,0.706796,51.573520,On or near SOUTHEND ROAD,E01021956,Rochford 007E,Local resolution
be378e029cadc35c2d252fec6e293f214568a3de358eba3f43109cbc2335eab5,2018-12,Essex Police,Essex Police,0.261741,51.889938,On or near Airport/Airfield,E01022090,Uttlesford 006B,Local resolution
6f7b30069932e14e89df83ba802e5d99493be4d80d6a17c6b40300816f904e31,2018-12,Essex Police,Essex Police,0.208560,52.034943,On or near KENTS YARD,E01022071,Uttlesford 003B,Investigation complete; no suspect identified
dda7b2e11db053d16a3b25b43b99a7df4d91ee4f9cd2d4aeec3349ff19783a83,2018-12,Essex Police,Essex Police,0.437861,51.639905,On or near MEADE CLOSE,E01021237,Basildon 001A,Unable to prosecute suspect
81dca556a05ce7336ea7e9b32633a508a4fd106de82948fbbcaec2a9a66526cf,2018-12,Essex Police,Essex Police,0.558751,51.865426,On or near SCOTT CLOSE,E01021374,Braintree 011E,Investigation complete; no suspect identified
8ea8ee403418ac144e3d48047d7a453b14b0af6d832ea93c8f72c0c17bb18aad,2018-12,Essex Police,Essex Police,0.583197,51.569014,On or near SWANS GREEN CLOSE,E01021510,Castle Point 002B,Investigation complete; no suspect identified
83adb62a53c732346025674bc5e1e8e085cca1ab0eaa97ef532b895bc9419293,2018-12,Essex Police,Essex Police,,,No location,,,Unable to prosecute suspect
c0f35f6e48e098d2570bf98392c03dba4fb3b37a2806526276391eddefd392e1,2018-12,Essex Police,Essex Police,0.685274,51.872740,On or near STONEHAM STREET,E01021378,Braintree 014B,Unable to prosecute suspect
a073f4c36ba80d4fbad0ecb76f3e8f523e868e203a068528ad35564b1cc4ce19,2018-12,Essex Police,Essex Police,0.078769,51.774237,On or near SPRING HILLS,E01021840,Harlow 004B,Suspect charged
aaec48e0b71d3847989e43dd8fe15f8cc44d8cff45ed70dc52467f350ebd57f2,2018-12,Essex Police,Essex Police,0.928417,51.887468,On or near THE CHASE,E01033722,Colchester 008H,Unable to prosecute suspect
7c967dd82ca799a5fb420c88affe8993bddf9dccdf2ed36faf73c8fddc3c5b64,2018-12,Essex Police,Essex Police,0.032328,51.740734,On or near HOE LANE,E01021794,Epping Forest 002D,Investigation complete; no suspect identified
689529b16e8d46a866159e3d6323f4007b85ff87b297a85c80bed71fd4ce6cf5,2018-12,Essex Police,Essex Police,1.135227,51.780916,On or near LULWORTH CLOSE,E01022036,Tendring 017C,Investigation complete; no suspect identified
93a67e486cd5411314748a4156890eebdda9ab092ad6adc99e332f16b34208d1,2018-12,Essex Police,Essex Police,0.832444,51.877921,On or near SANDMARTIN CRESCENT,E01021722,Colchester 012E,Unable to prosecute suspect
6182106d27cabeecd98a4503483e059d4b7696c5e4358636eeb5d11360c2c3b8,2018-12,Essex Police,Essex Police,0.701232,51.558305,On or near MARINA CLOSE,E01015866,Southend-on-Sea 002D,Investigation complete; no suspect identified
561e0905f3ab52f6a5a2cb18cc869ddb60b30680dbf8e615ee34384d96f5ce3b,2018-12,Essex Police,Essex Police,0.146293,51.760560,On or near MALKIN DRIVE,E01021828,Harlow 005E,Suspect charged
8bb521e50662649922c2deb53ad2abc24a697fbf2e49745c1faf9c17d6aaa7ff,2018-12,Essex Police,Essex Police,0.936229,51.883568,On or near BRITTEN CLOSE,E01021700,Colchester 008E,Unable to prosecute suspect
c53db833584141aa8e50f8a2ea12bb746f22232543a92901a1b42d6582a660ee,2018-12,Essex Police,Essex Police,0.306461,51.476433,On or near WOULDHAM ROAD,E01015951,Thurrock 017A,Unable to prosecute suspect
421a0cadfe8f55932865670dc44c1fca2307768a4cc9ab243ab253e4ac3a0289,2018-12,Essex Police,Essex Police,1.278647,51.856529,On or near PERCIVAL ROAD,E01022054,Tendring 006C,Investigation complete; no suspect identified
f5817036a588654abc7a0b88c64d54b60ddf6a6f3d490a99bcdb9b83c3f37ff4,2018-12,Essex Police,Essex Police,0.595728,51.522744,On or near Petrol Station,E01021498,Castle Point 011B,Investigation complete; no suspect identified
a7abe4ee6d43cd75e0c99fbc22c36e6b6fb24167afb6dff4b4fbe472780b8051,2018-12,Essex Police,Essex Police,0.476706,51.589656,On or near Sports/Recreation Area,E01021267,Basildon 012B,Investigation complete; no suspect identified
6c9ea08c1ea8a63ce433863237ae2164c26d6242251f5c8b3729447fcd149802,2018-12,Essex Police,Essex Police,0.506400,51.517952,On or near Park/Open Space,E01015946,Thurrock 001C,Investigation complete; no suspect identified
c0f2470c82d89f2a19ad181f525f9fd5712a292e95c388fc479f4f5e41e9420e,2018-12,Essex Police,Essex Police,0.498588,51.568517,On or near CHEVERS PAWEN,E01021317,Basildon 018E,Suspect charged
a2f3494d968ad1b35073ef16c93dbbf907229e848c0898aea5c2889658dfd799,2018-12,Essex Police,Essex Police,0.828663,51.885503,On or near Hospital,E01021718,Colchester 012A,Unable to prosecute suspect
98c9e9cbe536f9cf04c2cfeb428b54b3320d38072d1ef4bbeef75b54eb50f8c6,2018-12,Essex Police,Essex Police,0.253646,51.501148,On or near DAVIS ROAD,E01015923,Thurrock 008B,Investigation complete; no suspect identified
0ea4a504581b1b469f90c6d5b301013abe62c3be85f79a20d009bd9681c4d3e0,2018-12,Essex Police,Essex Police,0.118150,51.754659,On or near TROTTERS ROAD,E01021837,Harlow 008E,Investigation complete; no suspect identified
80840b29f2cd265bfa4ad12bfada7fb2858dd31645a469cb517c2da7ed378e3f,2018-12,Essex Police,Essex Police,0.969822,51.903509,On or near BROMLEY ROAD,E01021972,Tendring 005B,Investigation complete; no suspect identified
cab857f9d63ea450df284ad1999011236576682dbb942fe6fbbcff2a762eec47,2018-12,Essex Police,Essex Police,0.558524,51.685919,On or near THE CHASE,E01021535,Chelmsford 016B,Investigation complete; no suspect identified
1cac5f2391cd94c3f811a310338532b0732651e3e978db830d6655f564554326,2018-12,Essex Police,Essex Police,0.099202,51.756006,On or near PARTRIDGE ROAD,E01021871,Harlow 007D,Investigation complete; no suspect identified
0216d7ca5a4eb9ddfc1addb8dec617d51d293b7c0893445598bacf9368b6511c,2018-12,Essex Police,Essex Police,0.717113,51.536938,On or near PORTLAND AVENUE,E01015852,Southend-on-Sea 015B,Unable to prosecute suspect
5a38c074fc5ca6b12806cc6bdd389e1d2d7645c1f3d9373be98940725a15a766,2018-12,Essex Police,Essex Police,0.301164,51.620236,On or near BANK PLACE,E01021433,Brentwood 007A,Suspect charged
f27f5bbbf58120dae5a1487998d38853f11bf7a13f086f0b6e1b18469a4df799,2018-12,Essex Police,Essex Police,0.282470,51.500968,On or near CRANELL GREEN,E01015929,Thurrock 007C,Unable to prosecute suspect
f0288417c605d6d55fa559853d8467ba9f94f2e3decec0babca9fa425e68a308,2018-12,Essex Police,Essex Police,0.553752,51.873080,On or near RIFLE HILL,E01021373,Braintree 011D,Unable to prosecute suspect
9a1d51487a0e9684ddf08293497637625ae35e28ca96f2b9428f82c3492707c3,2018-12,Essex Police,Essex Police,0.476706,51.589656,On or near Sports/Recreation Area,E01021267,Basildon 012B,Local resolution
944397315c09fbead326e84bb093bc21ad6da43a0fb0b2502f631b59e588e55a,2018-12,Essex Police,Essex Police,0.261741,51.889938,On or near Airport/Airfield,E01022090,Uttlesford 006B,Local resolution
04d8cde1df3169bd63b3aeaafffdff2c38d4b6f3c1bf39dbc508d16eb0dad2c4,2018-12,Essex Police,Essex Police,0.428970,51.616060,On or near FIELDFARE,E01021258,Basildon 004E,Unable to prosecute suspect
8f54f22b56f68ceb9f5b3e56edf52277914ce5275f8fe3a3550c07a148758ed7,2018-12,Essex Police,Essex Police,0.095865,51.745266,On or near RYE HILL ROAD,E01021860,Harlow 010D,Investigation complete; no suspect identified
e046f2c146938c5d425baa624b53cc292009c134c44b44256d5ad8a6606f0e7b,2018-12,Essex Police,Essex Police,0.717113,51.536938,On or near PORTLAND AVENUE,E01015852,Southend-on-Sea 015B,Unable to prosecute suspect
e819ebeaa7d98c1c8f0ab9ed1646f20e56ad9d496847b99bfbe4ff8f49e33994,2018-12,Essex Police,Essex Police,0.685274,51.872740,On or near STONEHAM STREET,E01021378,Braintree 014B,Unable to prosecute suspect
b7d934d87b2f72c94ede9e76cdf2fdb3042838b09c97d30597dfbe7e800c5afd,2018-12,Essex Police,Essex Police,0.430570,51.610595,On or near PASSINGHAM CLOSE,E01021259,Basildon 009C,Unable to prosecute suspect
53c0235bb00e2523ad9a3bd167e3462bceef4148495be54e58dd1117abf2ea3f,2018-12,Essex Police,Essex Police,0.653938,51.543233,On or near Police Station,E01015849,Southend-on-Sea 011E,Investigation complete; no suspect identified
3d702e87bfec8e867f73ed81d7a9f28924bc2689df76edf14374461398b90d2f,2018-12,Essex Police,Essex Police,0.455025,51.557871,On or near FOBBING FARM CLOSE,E01021297,Basildon 020D,Suspect charged
34f1069bcc2f69c7f410da0b6deb9d6da51bed7fba3b1579ad11bc513acb5b8d,2018-12,Essex Police,Essex Police,0.542698,51.879290,On or near Hospital,E01021365,Braintree 009D,Unable to prosecute suspect
57f2d6c31e57e63744a8c1b44b5f517b5d94ff950c13c7bdef7da3e5657b7d9d,2018-12,Essex Police,Essex Police,0.724493,51.540490,On or near FERNDOWN CLOSE,E01015844,Southend-on-Sea 014F,Unable to prosecute suspect
3f38bf8693cfe02f8a2fb2b901fd4b7a7935a485f45053581cfde940e07ddeba,2018-12,Essex Police,Essex Police,-0.008518,51.686706,On or near GROVE COURT,E01021817,Epping Forest 008E,Investigation complete; no suspect identified
4f8d2986b5ace3221b299e134fc3b4a9d69c4eec04a9380cf1c4d42ded96226f,2018-12,Essex Police,Essex Police,0.300442,51.621680,On or near CHESTNUT GROVE,E01021433,Brentwood 007A,Investigation complete; no suspect identified
964bc120a5e70f1ecf6562fc858c2b5a2d4909538f772d40968ddbe0e9415be8,2018-12,Essex Police,Essex Police,0.407163,51.640188,On or near LORRIMORE CLOSE,E01021245,Basildon 002A,Unable to prosecute suspect
31b65cdc832da299a38cecf0586454c43110942cd9a18f63ab97161a9cdf5af5,2018-12,Essex Police,Essex Police,0.353555,51.480659,On or near DOCK APPROACH ROAD,E01015967,Thurrock 014B,Unable to prosecute suspect
430baf85c731a8a045170e42f984fe1937f9632d98de041584ddb5c7f048dd4a,2018-12,Essex Police,Essex Police,0.083097,51.743568,On or near Sports/Recreation Area,E01021867,Harlow 011E,Investigation complete; no suspect identified
23203974fa2f88368d3f1184569db2654436fc6b78123c11ccc8afaae46c7a78,2018-12,Essex Police,Essex Police,1.154904,51.792126,On or near CARNARVON ROAD,E01022027,Tendring 016D,Investigation complete; no suspect identified
412ab7d60e32f67cc9f8793cd0df9b59efd85d8a20a706a6a6ab476eff4e60fa,2018-12,Essex Police,Essex Police,0.281531,51.509871,On or near DERRY AVENUE,E01015972,Thurrock 006C,Investigation complete; no suspect identified
1c9e2b0baf91874f3b6a6565d9d859273c504c1312b52ffe873a267e34c067ab,2018-12,Essex Police,Essex Police,0.631574,51.937355,On or near JUNIPER CLOSE,E01021391,Braintree 004C,Investigation complete; no suspect identified
31044b5f34731ed29979be29cbdcfea40d43b60c78899c533898584540d897ae,2018-12,Essex Police,Essex Police,0.095357,51.767783,On or near Shopping Area,E01021872,Harlow 007E,Investigation complete; no suspect identified
d22076297b383c0b7149f5974a1c6a47efd69669b635fa9c6cca6ac0d5c92541,2018-12,Essex Police,Essex Police,0.605772,51.557497,On or near MAPLESFIELD,E01021530,Castle Point 005C,Unable to prosecute suspect
44fe3549a656a36a281dd887b391e3f4032367414c3b6ffb5dae79a027d8a0a3,2018-12,Essex Police,Essex Police,0.763831,51.541090,On or near BURLESCOOMBE ROAD,E01015885,Southend-on-Sea 009C,Investigation complete; no suspect identified
e9fc3a3eac8e60ae10d7017d86faafc3ed14ad454bbd5000c83e4f0672e0a42d,2018-12,Essex Police,Essex Police,0.427226,51.569835,On or near POPPY GARDENS,E01021286,Basildon 016A,Unable to prosecute suspect
d32318339ca4a57cf3acf939c969a79e1847c949c6bd77836b755f2aec70d774,2018-12,Essex Police,Essex Police,0.631810,51.787137,On or near BAKER WAY,E01033461,Braintree 017G,Unable to prosecute suspect
cf6b47f97b2139296066893ed997a458d706edea04ee8547211a2bac3a9b4278,2018-12,Essex Police,Essex Police,0.631810,51.787137,On or near BAKER WAY,E01033461,Braintree 017G,Unable to prosecute suspect
51513754ff4b3a1fa8df531a9218a2b949e52d22a20e1a3ddce43fbb4c3ea0b0,2018-12,Essex Police,Essex Police,0.479390,51.738715,On or near Shopping Area,E01033141,Chelmsford 010G,Unable to prosecute suspect
9bdcfa443db0926e5c724c8e20ed45a591d9eaf6d2f0ccd237bca90e1c3a6aa6,2018-12,Essex Police,Essex Police,0.322759,51.475778,On or near HIGH STREET,E01015954,Thurrock 017D,Unable to prosecute suspect
6a6c5a55b68ebf45102c7bd15687c3fe1c3d228c749995c373a309bc1c1ff8ee,2018-12,Essex Police,Essex Police,0.783390,51.534026,On or near ELM ROAD,E01015917,Southend-on-Sea 017D,Investigation complete; no suspect identified
926f32e328228d309cb8693aaccc321f958ee8a15268178076b6aaca4731d152,2018-12,Essex Police,Essex Police,0.539777,51.877744,On or near BRANDON ROAD,E01021364,Braintree 010A,Investigation complete; no suspect identified
79265ae3ae8163b702bd6401fbfc3b20f3a3deec610032d7a5d12437c0c48fec,2018-12,Essex Police,Essex Police,0.657336,51.550791,On or near MANCHESTER DRIVE,E01015821,Southend-on-Sea 005B,Investigation complete; no suspect identified
3ecf609a75554417ef407db40866561f8c9897dc9ed7759596da4745b00759fb,2018-12,Essex Police,Essex Police,0.496269,51.573585,On or near Pedestrian Subway,E01021306,Basildon 013E,Local resolution
1df05ec1b35182e86eb2a7e027b1e1a6c8922fd92842969a3de50b3ddd32a42e,2018-12,Essex Police,Essex Police,1.154904,51.792126,On or near CARNARVON ROAD,E01022027,Tendring 016D,Investigation complete; no suspect identified
876562fbbe780032b6a791de83d1c410f4f49632df0135966e5b739df59da984,2018-12,Essex Police,Essex Police,0.455775,51.752251,On or near JARNDYCE,E01021589,Chelmsford 006C,Investigation complete; no suspect identified
4b8d314efb3e1fefb044afa7557933946e700e842ed9b00a00fef06c743a9c1b,2018-12,Essex Police,Essex Police,0.427226,51.569835,On or near POPPY GARDENS,E01021286,Basildon 016A,Investigation complete; no suspect identified
8dffbaf8c08a652afd1c3705f0071bc631f8f04ec61135a669a92502b1b4578f,2018-12,Essex Police,Essex Police,0.053993,51.644444,On or near STATION ROAD,E01021791,Epping Forest 012F,Investigation complete; no suspect identified
07bb56703a34dc329840ba35bc0538b94106fe1955fbc131684d27c25bc29934,2018-12,Essex Police,Essex Police,0.657336,51.550791,On or near MANCHESTER DRIVE,E01015821,Southend-on-Sea 005B,Investigation complete; no suspect identified
61a2d7c76506d7b145b63815a218157841b8ab7bfad868a07eaefa9453a711d0,2018-12,Essex Police,Essex Police,0.461459,51.569868,On or near Shopping Area,E01021318,Basildon 015C,Investigation complete; no suspect identified
a2de66b5c94b7684da9e85737c3959225b3be852d23447fec16c2866fb930e1b,2018-12,Essex Police,Essex Police,0.563358,51.865218,On or near GREENE VIEW,E01021372,Braintree 011C,Investigation complete; no suspect identified
b6545b3e0183c174dfc914b03218900b7307971fc77e905757eb1f0ef479ee58,2018-12,Essex Police,Essex Police,1.145453,51.792632,On or near Parking Area,E01021968,Tendring 017A,Investigation complete; no suspect identified
7de913fd345580e1a96d34c70dffad14c285188f4a83f0dfb20d6f5d490d4331,2018-12,Essex Police,Essex Police,0.344884,51.952410,On or near STAR MEAD,E01022092,Uttlesford 004A,Investigation complete; no suspect identified
ac22cfb0bf835582343c2b152117a32db5289f4bed6eee0c6f1fd23cb1484a2a,2018-12,Essex Police,Essex Police,0.370897,51.874965,On or near WINDMILL CLOSE,E01022069,Uttlesford 008D,Investigation complete; no suspect identified
9d56fc7463e9212173b48fe28d4c77cc3c0e2f319d0845e3c25489e797833c30,2018-12,Essex Police,Essex Police,0.612140,51.515527,On or near SOUTH PARADE,E01021490,Castle Point 012B,Investigation complete; no suspect identified
9355498a13463e8e267646c04858b8d97294a6a9ec2bf2abd2c82660cd82883e,2018-12,Essex Police,Essex Police,0.114883,51.758548,On or near Petrol Station,E01021823,Harlow 006D,Unable to prosecute suspect
fda005c611b637ec4134e310580d4c07ef0bddb9cc960be110ef34b1a0488bf5,2018-12,Essex Police,Essex Police,0.461459,51.569868,On or near Shopping Area,E01021318,Basildon 015C,Investigation complete; no suspect identified
e70035fd599291324f02e8120cf63d0e03fd781058d1dce1d7f7839b132b8aa8,2018-12,Essex Police,Essex Police,0.443854,51.742131,On or near MEDWAY CLOSE,E01021599,Chelmsford 009C,Investigation complete; no suspect identified
0f251d74d087d02511aca6a7582bcd9be8ccfa5a3cbe9cb935d57b58b0d2d4d9,2018-12,Essex Police,Essex Police,1.152226,51.789923,On or near ROSEMARY ROAD,E01022025,Tendring 016B,Unable to prosecute suspect
14f6f44788f07dfeebca2a2f1e8911f3073f1c9dc991509cab7bb195b09dccca,2018-12,Essex Police,Essex Police,0.270445,51.486039,On or near Parking Area,E01016012,Thurrock 015C,Suspect charged
30821edd8fa4df565b79984823a785b84c2159318d212331dae2d3ee9f6d4b4f,2018-12,Essex Police,Essex Police,0.473358,51.730650,On or near PARKWAY,E01033140,Chelmsford 010F,Investigation complete; no suspect identified
9856957596f45cd74f1fcadbaed4e2cdc0a907d7110939a7704f6a26686a69ed,2018-12,Essex Police,Essex Police,0.733683,51.530689,On or near CAMPER ROAD,E01015891,Southend-on-Sea 016C,Investigation complete; no suspect identified
cbd03cc94de0767103ddbce754f19050714524ab88e61e8f5d5a42465c3fd6d3,2018-12,Essex Police,Essex Police,0.428499,51.895903,On or near WHITEHOUSE ROAD,E01022088,Uttlesford 008E,Investigation complete; no suspect identified
69a003c1bbef091f4f38869760b5de1e1228d68e8e6a3093684f85ce71d5c954,2018-12,Essex Police,Essex Police,0.264850,51.609036,On or near Petrol Station,E01021468,Brentwood 006D,Local resolution
a1463c26dc66d1055902e8854e5d4ada0de7cbaba0ea9c795a0a4656b5008285,2018-12,Essex Police,Essex Police,0.631810,51.787137,On or near BAKER WAY,E01033461,Braintree 017G,Unable to prosecute suspect
01a892bdc4a809b3d7a647e2bf38d34c1e18128a06204b4e6e5600fbbdde65dd,2018-12,Essex Police,Essex Police,0.581077,51.519875,On or near Police Station,E01021502,Castle Point 011E,Unable to prosecute suspect
9ce7198632df5e484a42fcca600f82b85e381e10c5e34bd72d8c019675447211,2018-12,Essex Police,Essex Police,,,No location,,,Unable to prosecute suspect
99ba7dc3949435cb12cd53b1bcdb94996f5707e7ad7db3781a4912bf17650009,2018-12,Essex Police,Essex Police,0.114883,51.758548,On or near Petrol Station,E01021823,Harlow 006D,Unable to prosecute suspect
2f65a33c0e15d0ad0af37f50c67c8258b9e6002551b2e865dccd1dcf6863014d,2018-12,Essex Police,Essex Police,0.461696,51.726578,On or near Sports/Recreation Area,E01021578,Chelmsford 010B,Investigation complete; no suspect identified
38cb20a79a4781178332eccaca76f47d4fa71490dd6d482851d9a75cfa550b46,2018-12,Essex Police,Essex Police,0.763831,51.541090,On or near BURLESCOOMBE ROAD,E01015885,Southend-on-Sea 009C,Local resolution
b6268994079fa5bad1d90833a541228290abb4b53d3e4e45c637d7bba399458b,2018-12,Essex Police,Essex Police,0.105609,51.761044,On or near TAWNEYS ROAD,E01021870,Harlow 006E,Offender given a caution
cd8e61b53a33ae8ed303bb20c9fba47e625d0ab2e0a78b3ae1f1c2eb6f5d58f6,2018-12,Essex Police,Essex Police,0.494180,51.716900,On or near ROTHMANS AVENUE,E01021565,Chelmsford 014C,Investigation complete; no suspect identified
f4e83f52b0437b728bceb4f346364d1c4d02466e4efaef4fb553746f3fba08e6,2018-12,Essex Police,Essex Police,0.560540,51.576462,On or near WOODSIDE VIEW,E01021515,Castle Point 001C,Investigation complete; no suspect identified
a06a5160c35738556cbc851e440dab2bfdfc73392eeb8b0379559d8fbe016174,2018-12,Essex Police,Essex Police,0.302264,51.618857,On or near Shopping Area,E01021436,Brentwood 007B,Investigation complete; no suspect identified
5708f0fdee726e06cf40ecae4f5f7f4d4e73cdedac3f788b689d013c2d631013,2018-12,Essex Police,Essex Police,0.637110,51.561743,On or near THORNDON PARK CRESCENT,E01015816,Southend-on-Sea 003C,Investigation complete; no suspect identified
7370094c107fd51ca6fc018b8d42e82bc8e6d04d8980b52fbee8746b9725b0a5,2018-12,Essex Police,Essex Police,0.895390,51.894168,On or near MARKET CLOSE,E01021650,Colchester 007E,Unable to prosecute suspect
b47be3b92bf93fd791b93f619a2092f5905b12f0f9072e9b68b2528a45e8dbb4,2018-12,Essex Police,Essex Police,0.302264,51.618857,On or near Shopping Area,E01021436,Brentwood 007B,Investigation complete; no suspect identified
fad7050c2dc6f9c3dfee166a4beb64dabd34efcec6bc6460a0f1438d693e99f1,2018-12,Essex Police,Essex Police,0.245310,51.713485,On or near Petrol Station,E01021802,Epping Forest 004D,Unable to prosecute suspect
2e4fff0527208fa836e6f7c895c0b01245924fae62cc287c225fc86fe17b969a,2018-12,Essex Police,Essex Police,0.301232,51.477830,On or near LONDON ROAD,E01016015,Thurrock 015F,Investigation complete; no suspect identified
3332fdab6027a71f69d3cebdd93ba9fa9cc9c99949a078cefe74ab6649925699,2018-12,Essex Police,Essex Police,0.434043,51.567500,On or near BOSTOCHE CLOSE,E01021288,Basildon 016B,Investigation complete; no suspect identified
227fd8c93f864fe526bc0ecd0dbda1822222141860bd5c50c8bfdfa3223ddcff,2018-12,Essex Police,Essex Police,0.688170,51.743881,On or near EVEREST WAY,E01021888,Maldon 003E,Investigation complete; no suspect identified
b461628e304c4a180c872f69436332c7114c7b733b110d4067cbdffd2ec1143e,2018-12,Essex Police,Essex Police,0.091175,51.769800,On or near WEST GATE,E01021872,Harlow 007E,Unable to prosecute suspect
d49475381930a0569a792637f70daf36abb7bb79236064b23988562ec906fe62,2018-12,Essex Police,Essex Police,0.302264,51.618857,On or near Shopping Area,E01021436,Brentwood 007B,Investigation complete; no suspect identified
b0bd0d0f7718bde539705d13c1c9bc6aab7675db60239d30254f6e9e8461d502,2018-12,Essex Police,Essex Police,0.537968,51.875804,On or near MAPLE AVENUE,E01021364,Braintree 010A,Unable to prosecute suspect
99a0b19de64d6e05d4fee38fe4866c736bac3cfe6c007964950d37477caf3795,2018-12,Essex Police,Essex Police,1.281389,51.937042,On or near BAGSHAW ROAD,E01022001,Tendring 001D,Unable to prosecute suspect
78766158974e2688f198456af594202f90122eb3acda766d87768b6a8d8adb2c,2018-12,Essex Police,Essex Police,0.105609,51.761044,On or near TAWNEYS ROAD,E01021870,Harlow 006E,Local resolution
9dcf25c704636c482f5eca9471b9bd0b4d597abd59cd0f87055738c89a60b300,2018-12,Essex Police,Essex Police,0.261741,51.889938,On or near Airport/Airfield,E01022090,Uttlesford 006B,Local resolution
9c477fd887b34f197aee262eb7588b3f86bb2e1cb3237b737c33bce94be03215,2018-12,Essex Police,Essex Police,0.094481,51.770766,On or near EAST GATE,E01021872,Harlow 007E,Investigation complete; no suspect identified
3dc1e983dce7a42bcbf1ab00483df85e7071dc611c08e6d7866bb5348ffb78c8,2018-12,Essex Police,Essex Police,0.756444,51.540103,On or near THORPE HALL CLOSE,E01015883,Southend-on-Sea 009A,Investigation complete; no suspect identified
4b2278a88958ad61cff6929eefe2935b56fc489335424005169079b137b4ebb2,2018-12,Essex Police,Essex Police,0.369832,51.464017,On or near MILTON GARDENS,E01016009,Thurrock 018G,Investigation complete; no suspect identified
1668e4dc2fde3e3fafb19ae77b32781eaa5de8c815d52200f407d0c753d54c1a,2018-12,Essex Police,Essex Police,0.554674,51.877547,On or near Bus/Coach Station,E01033459,Braintree 009F,Unable to prosecute suspect
a28b5cba36d494962a2d1774f08156a65c0f9ef2ed6b48429860f24aaaf679ad,2018-12,Essex Police,Essex Police,0.485470,51.569830,On or near TIMBERLOG LANE,E01021322,Basildon 019A,Local resolution
ebbcb494ee44bc9d994a482c32115eb48e6537a205615de5303932d0880e4195,2018-12,Essex Police,Essex Police,0.338988,52.011347,On or near Parking Area,E01022097,Uttlesford 004C,Investigation complete; no suspect identified
525639e26c37270f79900f126895fb0cb4ca7b58842a3036cf7d4b0a21d5e825,2018-12,Essex Police,Essex Police,0.236957,51.869649,On or near Sports/Recreation Area,E01022090,Uttlesford 006B,Investigation complete; no suspect identified
2bd6474af4120c78c7a0a2fcab28acbd681ec1b6d2750c5075ad3825c00590bb,2018-12,Essex Police,Essex Police,0.418251,51.621767,On or near FAIRVIEW,E01021255,Basildon 004C,Investigation complete; no suspect identified
b278340c55de3cfb3fbb05805e5ce07dd872d077c8f589c72dcf6c3b37def979,2018-12,Essex Police,Essex Police,0.501649,51.739161,On or near GOLDING THOROUGHFARE,E01021544,Chelmsford 008A,Investigation complete; no suspect identified
8e92344e866f8502bdbec391a149c4904b8945425bb5084eba9d3126eacd7f64,2018-12,Essex Police,Essex Police,0.605772,51.557497,On or near MAPLESFIELD,E01021530,Castle Point 005C,Investigation complete; no suspect identified
6351d2e5c076b1e2f97d252654e8dab6b2683e195e3be8a0bd61273f0af4c513,2018-12,Essex Police,Essex Police,0.090994,51.771224,On or near Petrol Station,E01021872,Harlow 007E,Investigation complete; no suspect identified
958d3290cfc8ffce23aa1ab01c11ea6c4ab3ddad880595bed9797827bd5c2238,2018-12,Essex Police,Essex Police,1.061656,51.856283,On or near LINNET WAY,E01021993,Tendring 009C,Unable to prosecute suspect
4c2f3e2fca7087f11de6cd8e058f381c1cddecac0f6a55869694c7035aa06228,2018-12,Essex Police,Essex Police,0.495785,51.775195,On or near PRATT'S FARM LANE,E01021540,Chelmsford 001C,Unable to prosecute suspect
ee593fbfcb8da4b4cd33256e1550bebd265b728fdd9f1f5ca037d524e75c40b2,2018-12,Essex Police,Essex Police,0.296365,51.624476,On or near COPPERFIELD GARDENS,E01021434,Brentwood 004C,Investigation complete; no suspect identified
d840d128ab33ac1fc913cac1d98dc42d5259994e6325dc07dbb7e2b5843adb01,2018-12,Essex Police,Essex Police,0.285907,51.477510,On or near CHARLOTTE PLACE,E01016011,Thurrock 015B,Investigation complete; no suspect identified
88b900ab82752ebad1392e194b85583615aa097f2817a76f9b6c5b1796dcd6c1,2018-12,Essex Police,Essex Police,0.299987,51.612687,On or near GREAT EASTERN ROAD,E01021475,Brentwood 007E,Investigation complete; no suspect identified
28da9c7d7e38b018444bc7f7171dd67b1272371a7fd9583e735d824f383709cf,2018-12,Essex Police,Essex Police,0.489527,51.576462,On or near THE LICHFIELDS,E01021270,Basildon 012D,Investigation complete; no suspect identified
dc1d854061973b953a6a04bed36a358a2d701e3f0a94c683104cc7795e567d04,2018-12,Essex Police,Essex Police,0.466049,51.738187,On or near BROOMFIELD ROAD,E01021574,Chelmsford 010A,Unable to prosecute suspect
8b0bc0559310aed6a3ebefc23686a48a7fdea7e7d537c1a099c00846654d03ac,2018-12,Essex Police,Essex Police,0.106192,51.772319,On or near LAVENDER CLOSE,E01021849,Harlow 003A,Unable to prosecute suspect
b16c00b3949750635c5a6c6d5210da68fd1f52fde8dca620c3d2a39a553eba64,2018-12,Essex Police,Essex Police,0.085955,51.751206,On or near BROCKLES MEAD,E01021863,Harlow 011B,Investigation complete; no suspect identified
c4fbe4f41982dcb48e003bb24ac6673f92333064b9ccb0451b9cc7bd03063970,2018-12,Essex Police,Essex Police,0.375717,51.488611,On or near INGLEBY ROAD,E01015936,Thurrock 012D,Investigation complete; no suspect identified
9ae869720c90391e556a7e166e27cc41291f32eef56ac544ddcac9d474da9812,2018-12,Essex Police,Essex Police,0.452281,51.571751,On or near Park/Open Space,E01021319,Basildon 017E,Investigation complete; no suspect identified
fc293702b0a2248f9272aef21835801ecaf512a3f041f6d4fb053096e4adb1a9,2018-12,Essex Police,Essex Police,0.305806,51.517400,On or near MEDLAR DRIVE,E01015974,Thurrock 006E,Investigation complete; no suspect identified
b3fae1381412ea5c765bdad394e25ba08a5f2d7e52621ff2914c72120323ab2c,2018-12,Essex Police,Essex Police,0.097279,51.755150,On or near ABBOTSWELD,E01021869,Harlow 007C,Local resolution
a2a347998f33ef61d906e87b7884d57caec795fc1b376a6bea0fcedacccc7986,2018-12,Essex Police,Essex Police,0.910417,51.878598,On or near STEED CRESCENT,E01021684,Colchester 011B,Unable to prosecute suspect
3df2f8ee23befb1809031640c1ae6f04d719a6e1851514d7fadfb9d456f70d5f,2018-12,Essex Police,Essex Police,1.271070,51.848996,On or near HIGH STREET,E01022056,Tendring 006E,Offender given a drugs possession warning
829385bcfc8724f604d3e40b214a0073ea62a2c0cd71a0a20d482236ad456730,2018-12,Essex Police,Essex Police,0.895390,51.894168,On or near MARKET CLOSE,E01021650,Colchester 007E,Investigation complete; no suspect identified
ff6fa5926aeb1e932b187dccdcdc0296f0b7e91a44f0ad3bd5b3cc19b0a699ce,2018-12,Essex Police,Essex Police,0.097279,51.755150,On or near ABBOTSWELD,E01021869,Harlow 007C,Local resolution
5b1d1db5b7f865ad6d7c49ceb44933bbfd77faa6a37bf9c5d8e1a23f0230b99f,2018-12,Essex Police,Essex Police,0.442167,51.581774,On or near UPPER MAYNE,E01021279,Basildon 010E,Suspect charged
ca4d4c51ba521681e726aac5d8d0075ed286d3522e2d27ff661e630c94bb4156,2018-12,Essex Police,Essex Police,0.298796,51.475216,On or near Pedestrian Subway,E01016015,Thurrock 015F,Investigation complete; no suspect identified
7ab963d308464745413d180a209dc77769b6de4758606e1b075d6f966486730d,2018-12,Essex Police,Essex Police,1.241736,51.829032,On or near HOLLAND ROAD,E01021986,Tendring 006B,Investigation complete; no suspect identified
b6c85010a1be8641f589c2dd3568c7f048e0df4e1fe5642c410750ed5ae70b1a,2018-12,Essex Police,Essex Police,0.325096,51.478412,On or near DERBY ROAD,E01015956,Thurrock 016B,Investigation complete; no suspect identified
d279d8ff5f9d258f224fec873924d565e7c9b5def12db72286784e3352f52a36,2018-12,Essex Police,Essex Police,0.458379,51.567352,On or near CHERRYDOWN EAST,E01021296,Basildon 020C,Action to be taken by another organisation
5cc434e4dcc060e5eece521c13a066a8c62650dc12e63352056bd67496d5194f,2018-12,Essex Police,Essex Police,0.628665,51.793161,On or near GODRIC ROAD,E01033462,Braintree 017H,Unable to prosecute suspect
e4b59bc8f000fdd013a91c62b4f42e17501345f661692fcdb2a4762d82992195,2018-12,Essex Police,Essex Police,0.076707,51.744158,On or near WELLESLEY,E01021866,Harlow 011D,Investigation complete; no suspect identified
c1995113ce448e214ddaabea547cbbe95082d67fccaf7ef47cf7a02f160b655d,2018-12,Essex Police,Essex Police,0.577126,51.572663,On or near SILVERDALE,E01021528,Castle Point 002D,Unable to prosecute suspect
ac833b0e0d5acbc671b2dd864c0561f1b0a4de5ff2d517e4c4879b104654ca6f,2018-12,Essex Police,Essex Police,0.521381,51.606943,On or near GROVELANDS ROAD,E01021331,Basildon 008A,Investigation complete; no suspect identified
5cbe678c3cf0a5d7597b39f40adce25eaf0cab52e8dd72ac703123bd296ddaef,2018-12,Essex Police,Essex Police,0.109228,51.781779,On or near Shopping Area,E01021845,Harlow 002B,Unable to prosecute suspect
9dc4003100706330c88ec6b5b2fbc044bdac2792ebba656768f6e3439b3f39a0,2018-12,Essex Police,Essex Police,0.620981,51.629232,On or near Parking Area,E01021942,Rochford 001A,Investigation complete; no suspect identified
a0b7fe496b76c366fde52a1dffb72773df8ce19a2d9f6707030772aa720cc739,2018-12,Essex Police,Essex Police,0.898501,51.890107,On or near ST RUNWALD STREET,E01021649,Colchester 007D,Suspect charged
4967b7694aa968cfaa4cc31454dd5c77513733c9346720e9a0ca3e4db9629fb1,2018-12,Essex Police,Essex Police,0.611886,51.552388,On or near LONDON ROAD,E01021518,Castle Point 006B,Local resolution
3e7349e1e19032e86fd235956c48d4ce0a58d74f27335235b4890a676b958fe4,2018-12,Essex Police,Essex Police,0.628665,51.793161,On or near GODRIC ROAD,E01033462,Braintree 017H,Unable to prosecute suspect
8fc50b4f381f8b2aee11b98653eaeccad30ba9577a781391186c3194435db093,2018-12,Essex Police,Essex Police,0.611886,51.552388,On or near LONDON ROAD,E01021518,Castle Point 006B,Local resolution
11aff46091ebd39caadacb94805299df3089b6489c057648f338e79a3de120c1,2018-12,Essex Police,Essex Police,0.109228,51.781779,On or near Shopping Area,E01021845,Harlow 002B,Unable to prosecute suspect
fff7f5133857683f2f1e5203dca272c32d041a34210ab4abe7b6fbc29251b3dc,2018-12,Essex Police,Essex Police,0.719543,51.835835,On or near Pedestrian Subway,E01021643,Colchester 019A,Unable to prosecute suspect
876c113ed911d0aafffc4814f1289f658f4b7f71d4d5131d030a2ce1f21ba74d,2018-12,Essex Police,Essex Police,0.602094,51.527675,On or near HEESWYK ROAD,E01021495,Castle Point 009C,Unable to prosecute suspect
89b8cf404430234e4476d19423c73db667d0134f7861279f632549f94060389c,2018-12,Essex Police,Essex Police,0.283467,51.508808,On or near Police Station,E01015976,Thurrock 007F,Unable to prosecute suspect
6f0b0ead9daa1d65b02b90762d8d99bffa2d904d2613aff2928a4bc83fd47c1e,2018-12,Essex Police,Essex Police,0.470193,51.701822,On or near SKINNER'S LANE,E01021552,Chelmsford 017A,Unable to prosecute suspect
8cd930ee2db56c4983fd47a3d6f5b718afb6e4775774f47a6e8111b592912be3,2018-12,Essex Police,Essex Police,0.453480,51.570171,On or near Parking Area,E01021318,Basildon 015C,Unable to prosecute suspect
b95389f4e28112410782e734e8ab8fa8a20b40a9f4ea1d7c143bdedd6c358f01,2018-12,Essex Police,Essex Police,0.458379,51.567352,On or near CHERRYDOWN EAST,E01021296,Basildon 020C,Action to be taken by another organisation
636c707aba1363d7948e0aa8ac372e15240280c7ade74ec3ccb31a70d4c67293,2018-12,Essex Police,Essex Police,0.631574,51.937355,On or near JUNIPER CLOSE,E01021391,Braintree 004C,Investigation complete; no suspect identified
04b904398a2b022f31489ab762b21af93e6e61288b7676c68189c4a5672f9992,2018-12,Essex Police,Essex Police,0.447985,51.562974,On or near GERNONS,E01021294,Basildon 020A,Investigation complete; no suspect identified
400169d76fcedd6186bef93f0c3d97a71a14eadeaefdc37a479f91caa30da3ed,2018-12,Essex Police,Essex Police,0.262166,51.499491,On or near STIFFORD ROAD,E01015926,Thurrock 008E,Investigation complete; no suspect identified
7923349442594b7224321534b1c7b39c5b24d9b247e25a75eaa1bc6a36924802,2018-12,Essex Police,Essex Police,0.261741,51.889938,On or near Airport/Airfield,E01022090,Uttlesford 006B,Local resolution
b81930f2be60fd4f77b489f002a06ee2413ce9ed64d3566bf79a7973dd5e2c1f,2018-12,Essex Police,Essex Police,0.897825,51.889081,On or near CULVER STREET WEST,E01021649,Colchester 007D,Unable to prosecute suspect
d6df5e522e52854dfaae9367a9ee302e3af7d133382074ad5261ce757c195e04,2018-12,Essex Police,Essex Police,1.148955,51.797719,On or near ST MARY'S ROAD,E01021970,Tendring 016A,Unable to prosecute suspect
928443f5b0d2c9d4b56331d2374627736785aec45f54bc4b6a19fdee8d6dd3b1,2018-12,Essex Police,Essex Police,0.593509,51.516156,On or near FURTHERWICK ROAD,E01021498,Castle Point 011B,Unable to prosecute suspect
2559f9cb65f903c876b5a5e729d58cacae1e4e03df8e0758fd40e60d050e1fcc,2018-12,Essex Police,Essex Police,0.660989,51.559504,On or near HIGHWOOD CLOSE,E01015825,Southend-on-Sea 005F,Offender given a drugs possession warning
819c7e6ace7b69f9d3ef76604a3b429d57f5269a3567f11b760596ad48f84266,2018-12,Essex Police,Essex Police,0.360627,51.466163,On or near Parking Area,E01016006,Thurrock 018D,Unable to prosecute suspect
340d4dca778ba518a4d200a48d71dcd35a328fbd55aa51bfb114754b47f42fd6,2018-12,Essex Police,Essex Police,0.780348,51.530968,On or near AVON WAY,E01015917,Southend-on-Sea 017D,Unable to prosecute suspect
5ef90f262aa4b995867dccb4f97114629c8d6e5749806bb0a41cdc15dd581318,2018-12,Essex Police,Essex Police,0.093027,51.753436,On or near Supermarket,E01021859,Harlow 010C,Unable to prosecute suspect
3a6dc4bf4afab391807e15563f801b2ce5bb74af14e7e26e363ae9c603af689c,2018-12,Essex Police,Essex Police,1.148955,51.797719,On or near ST MARY'S ROAD,E01021970,Tendring 016A,Unable to prosecute suspect
0eafc68a7395027ca480e8024b2060569c43b4d7d90070e0a89fd7073adc8c35,2018-12,Essex Police,Essex Police,1.152226,51.789923,On or near ROSEMARY ROAD,E01022025,Tendring 016B,Investigation complete; no suspect identified
53df1f3ab4191357dfacf23b79775d4dd219f7a3a9587b9411ed6d898f9dea5d,2018-12,Essex Police,Essex Police,1.080553,51.773584,On or near CLUB PARADE,E01022045,Tendring 018D,Unable to prosecute suspect
02776c879988dfd23627ea818f9a1355af09e172b7667f074243e49276f7d76a,2018-12,Essex Police,Essex Police,0.628665,51.793161,On or near GODRIC ROAD,E01033462,Braintree 017H,Unable to prosecute suspect
b131c32797861617cad297d90c1a04f3adb1312373c8563faf1c4de4e552b93b,2018-12,Essex Police,Essex Police,0.628636,51.936630,On or near LINK ROAD,E01021391,Braintree 004C,Unable to prosecute suspect
2b33643660ca4bbfa3afe734d85a87583d6ed3f49409967e40a53558dde25183,2018-12,Essex Police,Essex Police,0.900713,51.890601,On or near WILLIAM'S WALK,E01021649,Colchester 007D,Unable to prosecute suspect
dec844c95ab0030db825be77310f1a3385d8e3b52ffb5cc35904358606d79b78,2018-12,Essex Police,Essex Police,0.456169,51.571868,On or near Pedestrian Subway,E01021318,Basildon 015C,Unable to prosecute suspect
3808b1256c9547a669329b8c49b4d0105785c1f6c4eeadc5059ccd33e7d97e89,2018-12,Essex Police,Essex Police,0.453480,51.570171,On or near Parking Area,E01021318,Basildon 015C,Investigation complete; no suspect identified
8002ed778774993878cdc559ecdcac031379a0ec43c2203310f42c4dd581e17e,2018-12,Essex Police,Essex Police,0.457740,51.599372,On or near SOUTHEND ROAD,E01021260,Basildon 009D,Investigation complete; no suspect identified
08edae46795a1a2f57a1484fd5228cdba8ffffb5475b18eb1f1ecc738905838d,2018-12,Essex Police,Essex Police,0.628665,51.793161,On or near GODRIC ROAD,E01033462,Braintree 017H,Unable to prosecute suspect
6ef04411dda35b8839cf8b396db262e6c725bc734eb6d12b07ba1d661e19bb73,2018-12,Essex Police,Essex Police,0.404715,51.614131,On or near TREVOR CLOSE,E01021256,Basildon 004D,Unable to prosecute suspect
8f03cf95c61aed8d264f1e505ac9f9e32b8d2204c70a47b4bf4f41921e3dab44,2018-12,Essex Police,Essex Police,0.470193,51.701822,On or near SKINNER'S LANE,E01021552,Chelmsford 017A,Unable to prosecute suspect
a0acec7864c76be39d6a964ccf7b6331a8955c44157ce7ed830bbdd2d81134b0,2018-12,Essex Police,Essex Police,0.603468,51.527258,On or near NEWLANDS ROAD,E01021495,Castle Point 009C,Unable to prosecute suspect
201e4ae7e8db5633271186849601e27d2cddf10237132b38759138e2e1e6ab44,2018-12,Essex Police,Essex Police,0.415415,51.863628,On or near MILDMAY CLOSE,E01033052,Uttlesford 008F,Suspect charged
4c458c8bbfdee03591ad1aa1b89e362772a31d99777af7862da0b860910e2da1,2018-12,Essex Police,Essex Police,0.589185,51.719412,On or near RUNSELL CLOSE,E01021570,Chelmsford 016D,Unable to prosecute suspect
5e1fa86557535b490c8ed6af6b2619ec4555e661fa0da7355ea32ed191c36d60,2018-12,Essex Police,Essex Police,0.342393,51.483463,On or near BOSCOMBE AVENUE,E01015967,Thurrock 014B,Action to be taken by another organisation
5c1e4a61166f1f1df049a6d28215194ab274b94811d247feb1fee6eb0e25ad4c,2018-12,Essex Police,Essex Police,0.617481,51.643493,On or near Queen Elizabeth Way,E01021613,Chelmsford 019C,Investigation complete; no suspect identified
a56a0c3985641586b6a4082e00df20fe89e53e49edd53721f3bfc572f48fa729,2018-12,Essex Police,Essex Police,0.277554,51.476647,On or near THIRD AVENUE,E01016012,Thurrock 015C,Unable to prosecute suspect
ac987e4c41097eb815c4bcd8f86f9b4fe6a2deb2a76c2db17c78893bbee8bf46,2018-12,Essex Police,Essex Police,0.678256,51.556233,On or near SOUTHBOURNE GARDENS,E01015858,Southend-on-Sea 004B,Investigation complete; no suspect identified
c8522ca5a3ab484558a66bbfdf92de6e9297d990143adb1b9da87d2e8bf30fda,2018-12,Essex Police,Essex Police,0.589185,51.719412,On or near RUNSELL CLOSE,E01021570,Chelmsford 016D,Unable to prosecute suspect
4472148e5d4104289c9f2b6f1130428415c1f0c3255cff2dbaaf3ddf58e5082f,2018-12,Essex Police,Essex Police,0.342393,51.483463,On or near BOSCOMBE AVENUE,E01015967,Thurrock 014B,Action to be taken by another organisation
436ad70ad884c8cd0ca8cf25d58a84eb62deb90409114c324cf32f3a204bfc36,2018-12,Essex Police,Essex Police,0.434454,51.516032,On or near HASSENBROOK ROAD,E01015990,Thurrock 003D,Investigation complete; no suspect identified
b3885d4c871adf4ccb51d572d4cade23b8832eccf375f09c1660d0203f0c7586,2018-12,Essex Police,Essex Police,1.152103,51.794810,On or near WELLESLEY ROAD,E01022043,Tendring 014B,Unable to prosecute suspect
3161236c38836287ea097a72a6d376edea1bd7aed7173147111f23552727dddd,2018-12,Essex Police,Essex Police,0.741143,51.530758,On or near Parking Area,E01015891,Southend-on-Sea 016C,Unable to prosecute suspect
eb513f3b16a479b2011eba02d361251a6f997326b2267b556efadf024f2483f3,2018-12,Essex Police,Essex Police,0.684980,51.554290,On or near CARDIGAN AVENUE,E01015858,Southend-on-Sea 004B,Unable to prosecute suspect
e408f29ccd2a132220dd917378dadc0478e22416054f4783f9078c9536ea2d1a,2018-12,Essex Police,Essex Police,0.302393,51.492871,On or near HAWKINS DRIVE,E01015941,Thurrock 020B,Unable to prosecute suspect
d148963732f08a8b088a4351671f29ad302602fbbd7e52b95d59de469f5d796d,2018-12,Essex Police,Essex Police,0.095357,51.767783,On or near Shopping Area,E01021872,Harlow 007E,Local resolution
4acd866858ca289be044c65f8326f8256cb2a72bc4344d7d36440c8b152f6601,2018-12,Essex Police,Essex Police,0.730497,51.552618,On or near EASTERN AVENUE,E01015875,Southend-on-Sea 006G,Unable to prosecute suspect
3f8dceb730899cc8379c95545eca158f0e5e4864fe5d990470ea156ef1d3d9fb,2018-12,Essex Police,Essex Police,0.031460,51.629279,On or near FERNBANK,E01021746,Epping Forest 015E,Unable to prosecute suspect
4a62688e173513b89a575f18bf808996a25b0a8d34d4f620b0f27fca8649430b,2018-12,Essex Police,Essex Police,0.087642,51.673715,On or near ROBIN'S LANE,E01021804,Epping Forest 010C,Investigation complete; no suspect identified
fcc539f04f3893beba88b5ee4e74b13f4415c94707c11dd2e6c6a94644638c74,2018-12,Essex Police,Essex Police,0.617481,51.643493,On or near Queen Elizabeth Way,E01021613,Chelmsford 019C,Investigation complete; no suspect identified
53e30b294d13892bbf626f7de339a0130d09cc7e9c2267ce28847e62255e795f,2018-12,Essex Police,Essex Police,0.473041,51.529866,On or near THE AVENUE,E01015946,Thurrock 001C,Unable to prosecute suspect
7a3c4fe09c33fead0cce3c0484c14d90da6641960f036d912490776779d44101,2018-12,Essex Police,Essex Police,1.152103,51.794810,On or near WELLESLEY ROAD,E01022043,Tendring 014B,Unable to prosecute suspect
fd64d23ff4fd8df8473ddde4605a11984ab1538672d5d5575b40a7d0b10b1b93,2018-12,Essex Police,Essex Police,0.557298,51.888965,On or near CHURCH LANE,E01021357,Braintree 008B,Suspect charged
40ce5c5e2145ccb73b95ac10e0198eeab0dcaa1158f40bda2bf2d9de0042d22e,2018-12,Essex Police,Essex Police,0.483434,51.605531,On or near SOUTHLANDS ROAD,E01021260,Basildon 009D,Local resolution
0bee9515af44c5e1454618020faab28b41ddc1e7b5ee9b0c8477d6c19514b33d,2018-12,Essex Police,Essex Police,0.436016,51.627587,On or near HATFIELD DRIVE,E01021242,Basildon 001C,Offender given a caution
03b3c82284cc64649e3487c01df8fc82724cad39d484ca46cca3f273ff18664f,2018-12,Essex Police,Essex Police,0.855337,51.882394,On or near WOODLAND DRIVE,E01021691,Colchester 014C,Investigation complete; no suspect identified
241444168a7e7ec33237b76977abdff51bfd1e75a89a4ec4325970b82475bfaa,2018-12,Essex Police,Essex Police,0.458240,51.569324,On or near Supermarket,E01021318,Basildon 015C,Unable to prosecute suspect
87804772723b1a8b90031ac09f014d2212c62063d58b9e77625f08e901637d76,2018-12,Essex Police,Essex Police,0.497791,51.720681,On or near LODGE AVENUE,E01021564,Chelmsford 013D,Unable to prosecute suspect
e18c32af17b85843c740aac1b49b89aa22ef4cc51d50e49a7b72b0c67aa10c39,2018-12,Essex Police,Essex Police,0.204670,51.963842,On or near Park/Open Space,E01022072,Uttlesford 003C,Investigation complete; no suspect identified
2c874d54cb98f0be90e7e0994f0ff8674a68b7b882ad8ffe2b913b8a339ee2a5,2018-12,Essex Police,Essex Police,0.636072,51.541801,On or near CASTLE DRIVE,E01015910,Southend-on-Sea 008C,Investigation complete; no suspect identified
09ae9c03f6fb6a02cf6dfb2df885ce4b3b2a1e8c3e86a3ed09eb1993d481e894,2018-12,Essex Police,Essex Police,0.274335,51.512394,On or near HAMBLE LANE,E01015972,Thurrock 006C,Unable to prosecute suspect
98fff54f6ed0160f9af337a9fb17e4a0ea00338d1b3d2b5796d9ff09527ca287,2018-12,Essex Police,Essex Police,0.094481,51.770766,On or near EAST GATE,E01021872,Harlow 007E,Investigation complete; no suspect identified
c68939f0bf195442ab7375511a08e8b02094a7c780e861c556a36efc099d1317,2018-12,Essex Police,Essex Police,0.316476,51.478259,On or near GROVELANDS WAY,E01015953,Thurrock 017C,Investigation complete; no suspect identified
6c23b22c3ae7d05a0e5a22e40a1b5e88587790572fb57471a3f8d772f113a828,2018-12,Essex Police,Essex Police,0.247930,52.011178,On or near THE GLEBE,E01022082,Uttlesford 002G,Investigation complete; no suspect identified
f43dca63f391606a99cb15222e7d18e3380dc50467725ba48ac1d4d2fb79a959,2018-12,Essex Police,Essex Police,0.602775,51.576000,On or near RAT LANE,E01021531,Castle Point 002E,Unable to prosecute suspect
1ff2d59b36ab50c3b0a26d4b796dbb7dd3ac0bbe736f05eaedc600e3dd64306b,2018-12,Essex Police,Essex Police,0.940529,51.892221,On or near YEW TREE CLOSE,E01021696,Colchester 008A,Unable to prosecute suspect
8f5bc4c283fd562e4e053648167ae9d2a2e2f2fb6ded917b3b0ed2e1d2a9d890,2018-12,Essex Police,Essex Police,0.467967,51.762994,On or near ST MARYS MEAD,E01021542,Chelmsford 002A,Unable to prosecute suspect
6e0aff731367029474a524c691474c466cf369e96b112f9d0b54045c9f3fc8f2,2018-12,Essex Police,Essex Police,0.458240,51.569324,On or near Supermarket,E01021318,Basildon 015C,Unable to prosecute suspect
103be40d4e6d75c0952df35b2d0c39cece7445def066f4b22bd8f47e466a8a1f,2018-12,Essex Police,Essex Police,0.893012,51.922080,On or near BOXTED ROAD,E01021680,Colchester 004B,Unable to prosecute suspect
781ee08b5bf865d987e1600d3adcc5ec18333b44feb3195154bfb1c00f13d2a4,2018-12,Essex Police,Essex Police,0.504052,51.566305,On or near Supermarket,E01021316,Basildon 018D,Suspect charged
1ade574380394909a3b9f431d56c5a664cc1d9dee8770027aca2e5079a27b36b,2018-12,Essex Police,Essex Police,0.113907,51.753791,On or near WHARLEY HOOK,E01021838,Harlow 010A,Unable to prosecute suspect
c7567b00860f4d62cf0d01730cc456b0da7d7e93fbef9627ea79176efee2850b,2018-12,Essex Police,Essex Police,0.498196,51.570045,On or near BROOMFIELDS,E01021305,Basildon 013D,Unable to prosecute suspect
04bd436cd657e88a05cc0bcb5b281a1a2cd62b23918b19792fe764ef8e9803e4,2018-12,Essex Police,Essex Police,0.238109,52.023739,On or near RAYNHAMS,E01022076,Uttlesford 002B,Investigation complete; no suspect identified
6252d3412ee49403fd7e90f34e4b1b55baf25bd7c867b836f977f6ebf4b1c7b0,2018-12,Essex Police,Essex Police,0.475214,51.731744,On or near Shopping Area,E01033140,Chelmsford 010F,Investigation complete; no suspect identified
24d48d8b1a4067fad22d5979942204081a8d40e3214e84ead738a7a0cb522f9a,2018-12,Essex Police,Essex Police,0.248238,51.929791,On or near PIMBLETT ROW,E01022062,Uttlesford 005A,Investigation complete; no suspect identified
5f56e30ef3a17eccba77f83f19582b1a6905015b6626a95d5353365abe319dc7,2018-12,Essex Police,Essex Police,0.791188,51.541269,On or near CARMANIA CLOSE,E01015880,Southend-on-Sea 013E,Unable to prosecute suspect
35d0ce69ee44c8d972d96e1e20e47d3a47dd268fcf4a794942bb7280164d4ac7,2018-12,Essex Police,Essex Police,0.715980,51.543107,On or near ST ANN'S ROAD,E01015895,Southend-on-Sea 010A,Suspect charged
143d7e1b193e57a8b7e12ea2bfdf9e51ed5fef4581b2c04a931639c7e93e411b,2018-12,Essex Police,Essex Police,0.144249,51.760561,On or near WHIELDON GRANGE,E01021828,Harlow 005E,Unable to prosecute suspect
52dead6926ed48d37a7a2e700351570466256a72f2000100e70467f13e5b2e6f,2018-12,Essex Police,Essex Police,0.100026,51.757826,On or near PARTRIDGE COURT,E01021869,Harlow 007C,Investigation complete; no suspect identified
3023254ce5f25d8afcca961b2b4d7dc957c5362b5adb941f1f53c4cc82becfc0,2018-12,Essex Police,Essex Police,0.500162,51.563276,On or near Petrol Station,E01021310,Basildon 022B,Investigation complete; no suspect identified
5a9a7fc57d0670caf2dba5eaceff5c6b6aa999fcc9dfafd3e599dd48d1580e9b,2018-12,Essex Police,Essex Police,0.480520,51.580682,On or near MAPLESTEAD,E01021267,Basildon 012B,Unable to prosecute suspect
381a9a4c5d311f9e2d9d44bd9cf24bdf936c5e230be932d36d6efb917fcf4fb8,2018-12,Essex Police,Essex Police,0.720040,51.544677,On or near CENTRAL AVENUE,E01015898,Southend-on-Sea 010D,Unable to prosecute suspect
7011e4bfe7a2b3a64892cabab2f49f7ff76be2b824752d996bf473e4a2ab938a,2018-12,Essex Police,Essex Police,0.465760,51.730737,On or near THE MEADS,E01021582,Chelmsford 010D,Offender given a drugs possession warning
c4e1dfabe0a67e3852e9411faf67d10f7353317c16039f22537e67cdb9e04081,2018-12,Essex Police,Essex Police,0.684722,51.542568,On or near DRAKE ROAD,E01015832,Southend-on-Sea 012F,Investigation complete; no suspect identified
44fcd4ebf3385d7d1f224ce31e19a57435d411bc8bd78185776c25d10f0298db,2018-12,Essex Police,Essex Police,0.471884,51.568111,On or near OSBORNE ROAD,E01021295,Basildon 020B,Investigation complete; no suspect identified
b8a985b2f12076b6f7ae569f1f071fa3e43f1ead624020b0ede7aa8c50eacb91,2018-12,Essex Police,Essex Police,0.313915,51.616155,On or near INGRAVE ROAD,E01021435,Brentwood 008A,Suspect charged
fefc34706551f5a824d334076b5f81017e15c8fa9c4e088a4405782f09635d68,2018-12,Essex Police,Essex Police,0.572069,51.869209,On or near CHARTER WAY,E01021368,Braintree 011A,Investigation complete; no suspect identified
8ad26c97847b5bd4754670c2d5bd55d85fe8a109e369c592542b3602cf49a866,2018-12,Essex Police,Essex Police,0.899183,51.910173,On or near Hospital,E01021682,Colchester 004D,Unable to prosecute suspect
9907f3829c2917617b9fad4477471b33e135852b5dc267c33248741aa620fa83,2018-12,Essex Police,Essex Police,1.159236,51.793926,On or near SKELMERSDALE ROAD,E01022049,Tendring 014D,Investigation complete; no suspect identified
30519b7d63f5219a7b3a451838313a6fef761fea624beff8ff8f0964ce9dd49c,2018-12,Essex Police,Essex Police,0.571540,51.886415,On or near BOSCAWEN GARDENS,E01021349,Braintree 007A,Local resolution
fef5c20f50dc839e8a64716b84b70af91224e9e443ff12065744fa31e5eb3397,2018-12,Essex Police,Essex Police,1.061099,51.855578,On or near CHERRYWOODS,E01021993,Tendring 009C,Investigation complete; no suspect identified
d604ecf0f134ba1c47b3df781d2147f4f8e6d0e0cc8f3e9010d5cbe46754f863,2018-12,Essex Police,Essex Police,0.561112,51.518343,On or near CLINTON ROAD,E01021501,Castle Point 011D,Investigation complete; no suspect identified
160aae7ef456d99f51152c8faf603c7a0fedb5987d034292a3e3f7eef40a6c49,2018-12,Essex Police,Essex Police,0.475214,51.731744,On or near Shopping Area,E01033140,Chelmsford 010F,Investigation complete; no suspect identified
bc807c7cb51ba800150f999f90148382dc5e5672d82b61ada5fa0e202de348fd,2018-12,Essex Police,Essex Police,0.475470,51.577551,On or near Petrol Station,E01021272,Basildon 012E,Further investigation is not in the public interest
7a92105790f4da1c973627922969901a2b6438e6fcb3a6c2f6c330d13226d7ac,2018-12,Essex Police,Essex Police,0.697102,51.742309,On or near SANDPIPER CLOSE,E01021884,Maldon 003A,Unable to prosecute suspect
36a0d30045d9c52e5a210369d8bc42c78bb5674d362afce8dd3f694592534f86,2018-12,Essex Police,Essex Police,1.193637,51.802485,On or near CANTERBURY ROAD,E01022035,Tendring 012D,Investigation complete; no suspect identified
4382dea0077f343e8f835c79b85873c992658fceb35e268abe810e925604af11,2018-12,Essex Police,Essex Police,0.561239,51.891820,On or near HIGHFIELD CLOSE,E01021356,Braintree 007E,Unable to prosecute suspect
89187036a3d88a2491d896e0830e172b3855c1bb46c559ac642bec5547857ca9,2018-12,Essex Police,Essex Police,0.284143,51.486609,On or near Shopping Area,E01016011,Thurrock 015B,Investigation complete; no suspect identified
d9a4bb65d0ad5c1ad30d59b055ccfe65b7d190505f33c21379ea436c08852498,2018-12,Essex Police,Essex Police,0.632684,51.799412,On or near GUITHAVON ROAD,E01021428,Braintree 015F,Unable to prosecute suspect
e9f171347e09f011d8565cab24cd53c77049c1cee0fb4f87ac7bf325eba6d0a5,2018-12,Essex Police,Essex Police,0.352088,51.636143,On or near TIPTREE COURT,E01021451,Brentwood 003D,Action to be taken by another organisation
0cae68ec21978a84a624ed8a614132ab0dacb568403687331e16df33a69aadda,2018-12,Essex Police,Essex Police,1.280070,51.936503,On or near HORDLE STREET,E01022001,Tendring 001D,Unable to prosecute suspect
4cb4bbfdd41f029442805790b48366b94f542adb06180e5d42b795102ad37506,2018-12,Essex Police,Essex Police,0.040591,51.619273,On or near FIELD CLOSE,E01021748,Epping Forest 015G,Unable to prosecute suspect
b0721c07deb5eef73c52fa5208bffc45211ae5d1c16c91cd2822a453be5f556a,2018-12,Essex Police,Essex Police,1.143315,51.791924,On or near ALTON PARK ROAD,E01021968,Tendring 017A,Unable to prosecute suspect
2fea64b889f7d8d8df5d0c2c077dcf33da800f2d4470aa24fe33e2ada6dfd353,2018-12,Essex Police,Essex Police,0.290865,51.616841,On or near Petrol Station,E01021438,Brentwood 006A,Investigation complete; no suspect identified
0ec3c71c9e4267ba79e2ef0b569d852d75de4b286262a27f409c0cfa3b3b9e05,2018-12,Essex Police,Essex Police,0.953585,51.868780,On or near JACK HATCH WAY,E01021736,Colchester 017A,Investigation complete; no suspect identified
b33cf45e97ba2f2744410bb2cdd6dc921df0f04f847e05199bdc497480f11cf3,2018-12,Essex Police,Essex Police,0.112415,51.704107,On or near BEACONFIELD ROAD,E01021762,Epping Forest 005C,Investigation complete; no suspect identified
7f4f22085360fca035a851a46e0e5b8b2da9220337272d52b538da4de6106344,2018-12,Essex Police,Essex Police,0.492587,51.560110,On or near FRESHWATER DRIVE,E01021311,Basildon 022C,Unable to prosecute suspect
5649391fdcff4f0c8165222ff44c7526695716731f082923c7862f067c195bff,2018-12,Essex Police,Essex Police,0.040591,51.619273,On or near FIELD CLOSE,E01021748,Epping Forest 015G,Unable to prosecute suspect
725a17ea89f99fddbc0bff12b86fa53cdac6e789787a1f6a71336ce6cc923c25,2018-12,Essex Police,Essex Police,0.261741,51.889938,On or near Airport/Airfield,E01022090,Uttlesford 006B,Unable to prosecute suspect
b6f26e6c8e0c99de8f4d3d49b8d10a80fde2763b98acf971ad254cc065bcf0bd,2018-12,Essex Police,Essex Police,0.040591,51.619273,On or near FIELD CLOSE,E01021748,Epping Forest 015G,Unable to prosecute suspect
25eb99c86356c3e94b3287b3fa3351f2fa45ec8577123a64d39333b05e068dd5,2018-12,Essex Police,Essex Police,0.094394,51.758241,On or near OLD ORCHARD,E01021869,Harlow 007C,Suspect charged
36941bc14feda99c63f9d24d03339e5a9c17637de538e4dee4c2d01da90ba6b0,2018-12,Essex Police,Essex Police,0.492424,51.579557,On or near PETERBOROUGH WAY,E01021271,Basildon 013A,Unable to prosecute suspect
226017cc02e0040f5f352c8a5c2ba444afa9b9f02f12c333b453c99138762b1b,2018-12,Essex Police,Essex Police,0.857138,51.878484,On or near WORTHINGTON WAY,E01021692,Colchester 014D,Suspect charged
6a3273645ae13905e986bd23e2c933e048ad1d5993dc296ea13a0845505be044,2018-12,Essex Police,Essex Police,1.128813,51.801369,On or near KERSEY DRIVE,E01022030,Tendring 015C,Investigation complete; no suspect identified
7c7d4877131115b5d38ba830cc117f99c84f5b74b90c7244413c13b000946b55,2018-12,Essex Police,Essex Police,1.287436,51.947289,On or near ST AUSTIN'S LANE,E01021997,Tendring 001A,Suspect charged
7c7d4877131115b5d38ba830cc117f99c84f5b74b90c7244413c13b000946b55,2018-12,Essex Police,Essex Police,1.287436,51.947289,On or near ST AUSTIN'S LANE,E01021997,Tendring 001A,Suspect charged
e128b98810f16eb8077fe8b031d939d00d5c5114222a18ad406e87a1bba516a4,2018-12,Essex Police,Essex Police,0.636009,51.786036,On or near Parking Area,E01021424,Braintree 018E,Investigation complete; no suspect identified
77eb98034bb3f53a531207b984d8cfd3c371c965ebca328b756ac7e39f5d813d,2018-12,Essex Police,Essex Police,0.608307,51.640558,On or near BUCKLEBURY HEATH,E01021607,Chelmsford 020C,Unable to prosecute suspect
53d5c13c4d1292de82b5c1c3ba6925b083ebe900701f99c77d4738869cb0f1ff,2018-12,Essex Police,Essex Police,1.151768,51.806017,On or near HIGH VIEW CLOSE,E01022042,Tendring 014A,Unable to prosecute suspect
9f68a22f7bdb91a1ff8838aba5a63cc2661b84e377e7fef16577f389ba85a245,2018-12,Essex Police,Essex Police,0.111894,51.752865,On or near TYSEA ROAD,E01021838,Harlow 010A,Investigation complete; no suspect identified
b89d6023efc25dd387184752b3ff4b73e9df522cb81dafc6652d9ada29768320,2018-12,Essex Police,Essex Police,0.597076,51.716369,On or near CHERRY GARDEN LANE,E01021570,Chelmsford 016D,Investigation complete; no suspect identified
7ea9f7e3c18f7b0f92bd7bafe84a00b093f40083066f1a930c351bb0cb19ddee,2018-12,Essex Police,Essex Police,0.475573,51.698039,On or near BARNARD ROAD,E01021554,Chelmsford 017C,Unable to prosecute suspect
fbea6ba0bdab0cd5bfccf13bb253cfc51941e04880c0d55d25e8d05bdb81ee6c,2018-12,Essex Police,Essex Police,0.702134,51.542860,On or near Further/Higher Educational Building,E01015896,Southend-on-Sea 010B,Investigation complete; no suspect identified
9e5e8f823e5b77e0b7624527b5736f7c79c6f8c3c13db18397b754eed4652401,2018-12,Essex Police,Essex Police,0.741143,51.530758,On or near Parking Area,E01015891,Southend-on-Sea 016C,Unable to prosecute suspect
553747f01919380430a7db217833613c7aed236af1da485534005bf7abc620b1,2018-12,Essex Police,Essex Police,0.111314,51.705332,On or near SHAFTESBURY ROAD,E01021760,Epping Forest 005A,Investigation complete; no suspect identified
0fdeac8c5ab650ba8db2b02804931ab4c0574a2031245c7ff5e0f54fb08c161a,2018-12,Essex Police,Essex Police,0.272254,51.492281,On or near Motorway Service Area,E01016012,Thurrock 015C,Investigation complete; no suspect identified
3b516a1c64d6b87a6e137398ef7b88aafb02acdd26c658cc0513d7bb711af7e5,2018-12,Essex Police,Essex Police,0.378467,51.486649,On or near SAINT FRANCIS WAY,E01015936,Thurrock 012D,Investigation complete; no suspect identified
68a58aa57b31264a0ebf637721a1d6170658c18665b004267a404338d23a49b5,2018-12,Essex Police,Essex Police,0.261741,51.889938,On or near Airport/Airfield,E01022090,Uttlesford 006B,Local resolution
5e1161cc290f4bc9e5ca93acbf2b1a5ace6c530fb9ca958a168dd488c852634d,2018-12,Essex Police,Essex Police,0.146293,51.760560,On or near MALKIN DRIVE,E01021828,Harlow 005E,Suspect charged
737a70c93c297b67a1c1fb93ab990f778a01a529f91f8aedceb70d5564009545,2018-12,Essex Police,Essex Police,0.272254,51.492281,On or near Motorway Service Area,E01016012,Thurrock 015C,Investigation complete; no suspect identified
348614bd5ace508cd100d6e9a7ba161315a7dacfd76b67752a1f2c82c60ad0ef,2018-12,Essex Police,Essex Police,0.261741,51.889938,On or near Airport/Airfield,E01022090,Uttlesford 006B,Local resolution
546f6113629f6c9eac5d265a5d82e2a5c8d6eb536bd973c1278a26564c241830,2018-12,Essex Police,Essex Police,0.467307,51.588577,On or near ENDEAVOUR DRIVE,E01021268,Basildon 015B,Investigation complete; no suspect identified
6708c57bc535f5c67001f67b568f26d7c3852dc11c6901c9b15a2911e0e9d5df,2018-12,Essex Police,Essex Police,1.119025,51.774754,On or near SEA FLOWERS WAY,E01021988,Tendring 018A,Unable to prosecute suspect
b56493d01dd0b5baca3fca8bf2673ea5bd09ae684da7f99fc575b29b186c3140,2018-12,Essex Police,Essex Police,0.456169,51.571868,On or near Pedestrian Subway,E01021318,Basildon 015C,Unable to prosecute suspect
1bce55a2442873531085d6d03ba8890f5ee1bbc986475d2cfa0e7e2fa4b5911c,2018-12,Essex Police,Essex Police,1.287436,51.947289,On or near ST AUSTIN'S LANE,E01021997,Tendring 001A,Suspect charged
36ef1b1ad83d12ba13be62d6e8a03918f547e596fe8cfdbcfb8ba345aacfe3a9,2018-12,Essex Police,Essex Police,0.775746,51.534971,On or near LONGSANDS,E01015917,Southend-on-Sea 017D,Investigation complete; no suspect identified
a1c32539aaf82ceaebf1280969628ba26b568e4c3a6e273682cc1c5542e0d60b,2018-12,Essex Police,Essex Police,0.243726,51.480177,On or near OAKHILL ROAD,E01016013,Thurrock 015D,Investigation complete; no suspect identified
9ad4768ad757af950844bb8a14e6ea6445b679f645d78c9c1baae0ffa27395d7,2018-12,Essex Police,Essex Police,0.279941,51.510352,On or near DEVERON GARDENS,E01015972,Thurrock 006C,Investigation complete; no suspect identified
5ae63a38576a9790cc560a8758288c36c842c668b0601f0fd8f2a9fc4c46262e,2018-12,Essex Police,Essex Police,0.730798,51.540290,On or near Petrol Station,E01015844,Southend-on-Sea 014F,Unable to prosecute suspect
376817b676dd35de1ee8844a729da14321f23da0bccb616c3fe324c28cb49079,2018-12,Essex Police,Essex Police,0.352088,51.636143,On or near TIPTREE COURT,E01021451,Brentwood 003D,Unable to prosecute suspect
529b5eb02e7752bdb13881968fde502f65c44f87db3c8c19feac84ce24ef107d,2018-12,Essex Police,Essex Police,1.132745,51.798665,On or near ASTER CLOSE,E01022023,Tendring 015A,Unable to prosecute suspect
6e25c8b9e4a43b69e5654f76e526e6d17c6190150abd3e8aee517c0de6f6035f,2018-12,Essex Police,Essex Police,0.312034,51.479560,On or near Sports/Recreation Area,E01015955,Thurrock 016A,Investigation complete; no suspect identified
057c40976f79e33fcd82c34b4a1249b70607fdf9649f03503360ade9578bdb9b,2018-12,Essex Police,Essex Police,0.730798,51.540290,On or near Petrol Station,E01015844,Southend-on-Sea 014F,Unable to prosecute suspect
be364e424aacebfaa007ccd2d967ffaff01de930ddf4469ab01413c2ec3b17a8,2018-12,Essex Police,Essex Police,0.209127,51.986689,On or near WILLOW VALE,E01022073,Uttlesford 003D,Investigation complete; no suspect identified
f8d347e0928da9fc225bd951e27b0cb537966adf1a27321b05ba679afa186d17,2018-12,Essex Police,Essex Police,0.208819,51.981614,On or near FRAMBURY LANE,E01022073,Uttlesford 003D,Investigation complete; no suspect identified
f261395ef9c001bba66b7faaa644185fad4412c53faf665bc1ff94a484255aed,2018-12,Essex Police,Essex Police,0.225031,51.912607,On or near STANSTED ROAD,E01022063,Uttlesford 005B,Investigation complete; no suspect identified
be4c7c6e37c18cf9550cfe77c892110ef5e33970b0c017d81ea67e1ab9546fa3,2018-12,Essex Police,Essex Police,1.128869,51.803859,On or near ST JOHN'S ROAD,E01021977,Tendring 013C,Suspect charged
9ed385ae211b45dcd142b496e9a769478f66291abea4ddf25a6de9de7f8179f0,2018-12,Essex Police,Essex Police,0.868293,51.875883,On or near SHRUB END ROAD,E01021713,Colchester 015C,Investigation complete; no suspect identified
38bbc928100834df95df81f0e02af60a9c3f8105a7eed4ba21b768789118287b,2018-12,Essex Police,Essex Police,0.640291,51.560610,On or near BROADLAWN,E01015817,Southend-on-Sea 003D,Investigation complete; no suspect identified
d3c0b6dad75046759305a9023eec9cfda1f3e6c41ea26e66113e30ae654cdf8c,2018-12,Essex Police,Essex Police,0.782261,51.878723,On or near HARVEST CLOSE,E01021678,Colchester 010E,Investigation complete; no suspect identified
fe34a887ac7e37d5691933494c32b24c90b262bad2284e0d3509b85e4002bc50,2018-12,Essex Police,Essex Police,0.119283,51.785671,On or near EDINBURGH WAY,E01021848,Harlow 002E,Investigation complete; no suspect identified
8ae505fadc96f5f1394b819f156b1f8b91940379e2b0ef5f82359827104eab70,2018-12,Essex Police,Essex Police,0.899707,51.884681,On or near FLAGSTAFF ROAD,E01021683,Colchester 011A,Investigation complete; no suspect identified
2382c7d0c32cafdc0d8ee5246bc79074ab97f2f5faedebfefb29479a55be7f27,2018-12,Essex Police,Essex Police,0.078720,51.643100,On or near OAKWOOD HILL INDUSTRIAL ESTATE,E01021771,Epping Forest 013A,Unable to prosecute suspect
de614efad1c807d4bc184c44fd00b1b1da470fb7f9978fceeefa19ac8eb93e67,2018-12,Essex Police,Essex Police,0.938604,51.888779,On or near WILLINGHAM WAY,E01021696,Colchester 008A,Unable to prosecute suspect
d2e67576f0c9013022ae64b41ec8364c609d858b9f6bffdba113b9169170b1fa,2018-12,Essex Police,Essex Police,0.619447,51.579281,On or near Supermarket,E01021949,Rochford 009D,Investigation complete; no suspect identified
41cfb37ec9f3dc3f40b63ae28640c939b44540f5ebadfb765ef0b66edb367def,2018-12,Essex Police,Essex Police,0.664324,51.720250,On or near Supermarket,E01021896,Maldon 005D,Unable to prosecute suspect
80d31f2568fad64e075aacbf6d1c179adb236f14ce4e97b6e1d717d1a1476a5d,2018-12,Essex Police,Essex Police,0.301760,51.624020,On or near WATERLOO ROAD,E01021433,Brentwood 007A,Investigation complete; no suspect identified
eee3695f256cb4c844a571e58cbed9d4223072913a65a5c6c736e85124d498c5,2018-12,Essex Police,Essex Police,0.301960,52.049108,On or near CHURCH FIELD,E01022057,Uttlesford 001A,Unable to prosecute suspect
4ac82d90cb78895bf0fd14ed235d05407ea56ef3b1f65192cb6a8c4cfb6154f5,2018-12,Essex Police,Essex Police,0.363301,51.481128,On or near CHELMER ROAD,E01015935,Thurrock 012C,Investigation complete; no suspect identified
4f7d3d08de23fc38437828b1d104a20758462f43ae35b488af57adc51c282fea,2018-12,Essex Police,Essex Police,0.033419,51.624946,On or near DUCHESS GROVE,E01021745,Epping Forest 015D,Investigation complete; no suspect identified
800da61ae118e68aac42c380dc13c46e0ce5528e3636b1995ba86d164014e2fa,2018-12,Essex Police,Essex Police,0.871889,51.875993,On or near WILBYE CLOSE,E01021713,Colchester 015C,Suspect charged
e303390e2df8bfe6d2397f8cd458d29bec9e890790ba8eeabd12b12d6a1edc41,2018-12,Essex Police,Essex Police,0.253037,51.881266,On or near THREMHALL AVENUE,E01022090,Uttlesford 006B,Investigation complete; no suspect identified
2d35110d124c70c9e66819182c3631e1254fad02b2c9fdd2ea64c0044ea5c0b8,2018-12,Essex Police,Essex Police,0.353142,51.488293,On or near GRANGEWOOD AVENUE,E01015965,Thurrock 010C,Unable to prosecute suspect
f622b0fa04cca310611710adedd4e4abe55dc502c58d791dc5978657fc3622ff,2018-12,Essex Police,Essex Police,0.555944,51.677350,On or near GEFFREY CLOSE,E01021535,Chelmsford 016B,Unable to prosecute suspect
23e8b4de57185a723b94c1430bb8d85831048181a8ee97e432c8e82e74a7504d,2018-12,Essex Police,Essex Police,0.036568,51.775435,On or near B181,E01021801,Epping Forest 002E,Unable to prosecute suspect
c80f6baf34c4481bf1fcd2790da350b4156e4791fda3cf1314cd18ee60907c13,2018-12,Essex Police,Essex Police,0.105609,51.761044,On or near TAWNEYS ROAD,E01021870,Harlow 006E,Offender given a caution
861dc45267da91c0d0c42e0c4ed72ea137eedd6bd53e990cfd8252a0236cff94,2018-12,Essex Police,Essex Police,0.714390,51.538674,On or near Parking Area,E01015852,Southend-on-Sea 015B,Investigation complete; no suspect identified
c69491029eb8991466b1a3a2f9620caf658960674d67ff9934ca19ba396d18df,2018-12,Essex Police,Essex Police,0.906668,51.881533,On or near ROBERTS ROAD,E01021683,Colchester 011A,Investigation complete; no suspect identified
db9f320cc437d57cbf84f2d933dea9fb28db6f8c2a8c0eb5f1b369346f02f4c0,2018-12,Essex Police,Essex Police,0.471839,51.572348,On or near THISTLEDOWN,E01021318,Basildon 015C,Action to be taken by another organisation
77c26245e844b68c439baad5d1e368e6df3b6e07cf38c75b2671711e7c752ddd,2018-12,Essex Police,Essex Police,0.409411,51.566965,On or near RUSSETTS,E01021280,Basildon 021A,Investigation complete; no suspect identified
7d0116d61427be21acf1052061643509eda549cfd5aaaf27fef9c1d3269d0884,2018-12,Essex Police,Essex Police,0.501921,51.754308,On or near RUBENS GATE,E01021618,Chelmsford 007A,Investigation complete; no suspect identified
163057c5bf868fb841b835ec5b72f13828cf979152114241ffed4d4ff1c81a55,2018-12,Essex Police,Essex Police,0.938604,51.888779,On or near WILLINGHAM WAY,E01021696,Colchester 008A,Unable to prosecute suspect
0a9648a4b5b0e6a59c3c0783ddcddefcde961b720bc4a79f14c225366dc89a84,2018-12,Essex Police,Essex Police,0.631379,51.934266,On or near CONIES ROAD,E01021391,Braintree 004C,Investigation complete; no suspect identified
9dd5d0e9a3c57deef99b2e7e1c8ed6a915a1fd1dfb8920af91bcf1540c028601,2018-12,Essex Police,Essex Police,0.130192,51.697401,On or near Park/Open Space,E01021756,Epping Forest 006A,Investigation complete; no suspect identified
f24d9de552392ccce6996b55e43ce2fbc745e2e2fb730f3301f19a5cef2d1178,2018-12,Essex Police,Essex Police,0.693247,51.544045,On or near WEST ROAD,E01015900,Southend-on-Sea 010F,Investigation complete; no suspect identified
c7f92edca26cb8541b4f836e5835c75f0d155bc3c8f8c407582d07b21dd4a76b,2018-12,Essex Police,Essex Police,0.436261,51.575781,On or near KNIGHTS,E01021289,Basildon 016C,Unable to prosecute suspect
b5b52a6cc1863e0782644d6c51bc371eabe15e945b0c446a772d8cebd1530bd9,2018-12,Essex Police,Essex Police,0.306440,51.622003,On or near Theatre/Concert Hall,E01021433,Brentwood 007A,Unable to prosecute suspect
998ccd25e438448fbb14c2610874cec2b984a1d5dce500ef5fd0c8534f6c1575,2018-12,Essex Police,Essex Police,0.929648,51.885162,On or near Supermarket,E01033722,Colchester 008H,Investigation complete; no suspect identified
6303edbc20d74486f8750bac4b00be9a95fb5308699ec81e2e03c7e0f66bf441,2018-12,Essex Police,Essex Police,0.072179,51.640069,On or near HIGHWOOD LANE,E01021771,Epping Forest 013A,Investigation complete; no suspect identified
8cb65fc647efaf6fe270a77932e05e2309e8b6f11d01ac6727c5963f6a9b4ebb,2018-12,Essex Police,Essex Police,0.726847,51.533789,On or near HAWTREE CLOSE,E01015842,Southend-on-Sea 014D,Investigation complete; no suspect identified
03a3c6466a757e20e1c550a48941902be91a0f7b5f194321278f058cb328a5ec,2018-12,Essex Police,Essex Police,0.924353,51.898740,On or near WILSON MARRIAGE ROAD,E01021703,Colchester 022E,Investigation complete; no suspect identified
83e5766c8de9b73bd01d4623d8966b1b4ff1f08a5d25b6e638b7c3749c28390a,2018-12,Essex Police,Essex Police,0.689585,51.544327,On or near SHOE LANE,E01015831,Southend-on-Sea 012E,Investigation complete; no suspect identified
2ee9f7a98bfc714383b68ad9e868786ac62789c87f45594b935a400ee504f914,2018-12,Essex Police,Essex Police,1.128922,51.793523,On or near FAIRCLOUGH AVENUE,E01022032,Tendring 015E,Unable to prosecute suspect
3ffb650cc0c234bdf2e5e734c51ed6865c642afcc8838b06b0bd151ad404fb17,2018-12,Essex Police,Essex Police,0.912593,51.875387,On or near STALIN ROAD,E01021665,Colchester 016D,Unable to prosecute suspect
fa0c5676d07567764da594718b8c7b65ab42cf07ef6b73c346fc434d5a0142e5,2018-12,Essex Police,Essex Police,0.938384,51.893659,On or near ACACIA AVENUE,E01021697,Colchester 008B,Unable to prosecute suspect
c50d54ed46c2ac2e3cbcbff66725656ae0c86e0997147f212a2581405dba8514,2018-12,Essex Police,Essex Police,0.432036,51.622607,On or near BEVERLEY RISE,E01021243,Basildon 003D,Unable to prosecute suspect
0e1587746947394380bb5edf582c2a10a1b7ae6596465735e17f90da1a9ddb69,2018-12,Essex Police,Essex Police,0.505943,51.579710,On or near BARTLOW SIDE,E01021302,Basildon 013B,Investigation complete; no suspect identified
248d2e2d26518e065b3de3e5af5eb5d02fe7c885c905538171b655355a33da47,2018-12,Essex Police,Essex Police,0.073653,51.758762,On or near CHURCH END,E01021832,Harlow 009C,Investigation complete; no suspect identified
f941f86a6ef25e87061450e9a97592d6f57bc91228e6586c2dd5dcf5b0e9e1f6,2018-12,Essex Police,Essex Police,0.630555,51.935858,On or near WHITE HORSE AVENUE,E01021391,Braintree 004C,Investigation complete; no suspect identified
8c0fbe62ac38a7f61d1795b726228ec10ad0b0eee5b11eef627144dc11c259d9,2018-12,Essex Police,Essex Police,0.541902,51.869559,On or near LONDON ROAD,E01021383,Braintree 010C,Unable to prosecute suspect
5baf880de0a136edea675ac83f963fcd4593bfd85670fdbfc15f240272d4f8cc,2018-12,Essex Police,Essex Police,0.708533,51.543990,On or near VICTORIA AVENUE,E01015895,Southend-on-Sea 010A,Investigation complete; no suspect identified
69856b0f3981a76809da9d36aea47e382f626136e1e4f6ee42b227f1d2a03b07,2018-12,Essex Police,Essex Police,0.225343,51.920101,On or near NEW ROAD,E01022063,Uttlesford 005B,Investigation complete; no suspect identified
6c81b19d9e64afec64f6b99ebd6a3376719294576fd00a965620ae371eea5973,2018-12,Essex Police,Essex Police,0.194025,51.903828,On or near CRAFTON GREEN,E01022084,Uttlesford 005D,Investigation complete; no suspect identified
0826c7193dc4c3a4384be4c98768030d7b2284183360cb8621433eea5cf3779c,2018-12,Essex Police,Essex Police,0.633801,51.945066,On or near ROSEMARY LANE,E01021387,Braintree 004A,Investigation complete; no suspect identified
6d42273c47e71ff98fcc45b2998c2ac9a2a7e05509627aa01f679f5a85751a63,2018-12,Essex Police,Essex Police,0.635436,51.563229,On or near WOODSIDE,E01015816,Southend-on-Sea 003C,Investigation complete; no suspect identified
c1c31606979298e76ee634a182de44264202947447c5efbcd82ae49cd3d2e677,2018-12,Essex Police,Essex Police,0.592084,51.520253,On or near Parking Area,E01021498,Castle Point 011B,Unable to prosecute suspect
8be72b8da35822df32c69971d39b21a207cfc3eef9a158c25349fe9484602de1,2018-12,Essex Police,Essex Police,0.576558,51.868688,On or near THE SPINNEY,E01021368,Braintree 011A,Investigation complete; no suspect identified
b06926812c584a5429f8fb1dbd3946cbee781dd62a2f3e48ae2c36906b744fcb,2018-12,Essex Police,Essex Police,0.084828,51.605169,On or near VINCENT CLOSE,E01003702,Redbridge 006E,Unable to prosecute suspect
5b9b7f1547ea274b0545871c5b4886a81b32dfae30d3087c7e04cee6fbc0bae6,2018-12,Essex Police,Essex Police,0.437861,51.639905,On or near MEADE CLOSE,E01021237,Basildon 001A,Unable to prosecute suspect
a9d272c7b9db90311723aadb1682150455def6749c7c58e6befc181c57f74ac0,2018-12,Essex Police,Essex Police,0.635436,51.563229,On or near WOODSIDE,E01015816,Southend-on-Sea 003C,Investigation complete; no suspect identified
f59367139ce92bca0088c2aeb70ca781654aba689cd894b79e8917eafeb557f0,2018-12,Essex Police,Essex Police,0.705899,51.543115,On or near BOSTON AVENUE,E01015896,Southend-on-Sea 010B,Investigation complete; no suspect identified
d101242ac06f9b9b34a2611ac516e5e9fa10f379d4f2dfb139c20d912363a10d,2018-12,Essex Police,Essex Police,0.494407,51.563039,On or near WEAVERS,E01021328,Basildon 022E,Investigation complete; no suspect identified
eb530de1bb6863480305701f5e6bc385d27850b803b60f902a7d62c549650999,2018-12,Essex Police,Essex Police,0.473830,51.736629,On or near Chelmsford Police Station,E01033141,Chelmsford 010G,Unable to prosecute suspect
8fa89389f8c3b0105782d13b00d45cb39b30a866f38398568a5da8f37d940431,2018-12,Essex Police,Essex Police,0.008481,51.687694,On or near THE GLADEWAY,E01021813,Epping Forest 007B,Unable to prosecute suspect
cdab74ec5c522923afe14b8e1545bccf2b9d53323304f17de797fbb97d64acab,2018-12,Essex Police,Essex Police,0.342458,51.489514,On or near A1013,E01015965,Thurrock 010C,Unable to prosecute suspect
4c0c40c3c073e632a78ead1269c054ec85d393e53c044674f5ac7328a301486d,2018-12,Essex Police,Essex Police,0.355991,51.876353,On or near STACY COURT,E01033054,Uttlesford 007D,Investigation complete; no suspect identified
0845601c8a2250c9d6de9804e15cf90fe1fb4b2352ddb542c6306c9528d20829,2018-12,Essex Police,Essex Police,0.619447,51.579281,On or near Supermarket,E01021949,Rochford 009D,Investigation complete; no suspect identified
7b16871d32b0824fb2a03acebd66573ba2323a05cdd2d3a69d56b7a39116e85f,2018-12,Essex Police,Essex Police,0.897877,51.888090,On or near Shopping Area,E01021649,Colchester 007D,Investigation complete; no suspect identified
7c2607f8a0e814465f1c75193465c69f585078aaba0e03b66e541adf24d3818c,2018-12,Essex Police,Essex Police,0.508854,51.832013,On or near SHIMBROOKS,E01021538,Chelmsford 001A,Investigation complete; no suspect identified
c2c677336c9115974cc016bd23de54ca61e2df0da96e7e8fd92e977484c2b5ac,2018-12,Essex Police,Essex Police,0.635436,51.563229,On or near WOODSIDE,E01015816,Southend-on-Sea 003C,Investigation complete; no suspect identified
5d876b0f5d2c1dd4c679e62c80d70d33ec2f5c23f87b2aadfc49b1dad2c5bd6c,2018-12,Essex Police,Essex Police,0.931829,51.878938,On or near BALLANTYNE DRIVE,E01033719,Colchester 008G,Investigation complete; no suspect identified
a0ebf36e002d91e1fd8d43fddcced6eabacb9f0fe3e859dee464f399d6135963,2018-12,Essex Police,Essex Police,0.726847,51.533789,On or near HAWTREE CLOSE,E01015842,Southend-on-Sea 014D,Unable to prosecute suspect
42780884779873a68092de2f1dcf36523cb1263044487c03d65edb85a599c23a,2018-12,Essex Police,Essex Police,0.105862,51.779231,On or near NETTESWELL ROAD,E01021853,Harlow 003E,Action to be taken by another organisation
f2fbe8d6c3ed5bc32c1e1367c88f1af6d671e9fe863867046209d082a7354ca9,2018-12,Essex Police,Essex Police,0.571334,51.878479,On or near HAY LANE SOUTH,E01021370,Braintree 011B,Investigation complete; no suspect identified
bcea7fb36af4047cbe21d9a1b5a57875aa04c9ab124d2e5d28f91f23bf8e9b92,2018-12,Essex Police,Essex Police,0.575956,51.697085,On or near MOOR HALL LANE,E01021533,Chelmsford 016A,Investigation complete; no suspect identified
a457c89b7746960c2e73bf1d82e7b6f9b01a8ca306569895697724493e08cc0a,2018-12,Essex Police,Essex Police,0.193299,51.904453,On or near Petrol Station,E01022084,Uttlesford 005D,Investigation complete; no suspect identified
8072b7838c1bda708fdd676c1a9f46861852c878ab73918cd85e79b8608bbfd4,2018-12,Essex Police,Essex Police,0.463834,51.577499,On or near WALDRINGFIELD,E01021266,Basildon 015A,Investigation complete; no suspect identified
60a3a0bc0e5c733c1e89cbb28d7dd05e1c5705cdffc3d90002582ba3b943354b,2018-12,Essex Police,Essex Police,0.699731,51.561236,On or near KEITH WAY,E01015866,Southend-on-Sea 002D,Unable to prosecute suspect
90afa1542751fd5bfe724744d1d410f28f4469c27b409419f16dc962c676a6a3,2018-12,Essex Police,Essex Police,0.898530,51.887615,On or near ST JOHN'S STREET,E01021649,Colchester 007D,Investigation complete; no suspect identified
95a0216ce104a78779a4b061845a80ba05a3c598b09cce50f68ce7db05bd0ea8,2018-12,Essex Police,Essex Police,1.128869,51.803859,On or near ST JOHN'S ROAD,E01021977,Tendring 013C,Suspect charged
975126a57dfe44ad5c7e1050e51baa60fb83ec1eac2f7a44cdee152601fb1c48,2018-12,Essex Police,Essex Police,0.584079,51.621444,On or near BEECHES ROAD,E01021920,Rochford 006A,Investigation complete; no suspect identified
55f86d96be4acf5994cef83291f24bb4d2198731f939a694a45d88bfd3f831fa,2018-12,Essex Police,Essex Police,0.419809,51.485290,On or near HAYLE,E01015947,Thurrock 013A,Investigation complete; no suspect identified
38ebd1c52c3cb3e6fe11e0c55e49516fff49c98fb27b8ec14fb753ecacae2eb9,2018-12,Essex Police,Essex Police,0.025784,51.683790,On or near MERLIN CLOSE,E01021810,Epping Forest 008D,Action to be taken by another organisation
4e9bca41d23f04ebb025ef982cca88fb12ba9f405919fac55f84db2556cf91c0,2018-12,Essex Police,Essex Police,0.899288,51.889233,On or near Shopping Area,E01021649,Colchester 007D,Investigation complete; no suspect identified
1120b3f2682e5c95da28d47e84ae803a23c326ce5480fdc37808c197d81ea7ec,2018-12,Essex Police,Essex Police,0.105862,51.779231,On or near NETTESWELL ROAD,E01021853,Harlow 003E,Action to be taken by another organisation
0b47143803425f9d7358111300e17daabd6f36be5eb830d00c79c437144a6e84,2018-12,Essex Police,Essex Police,0.684980,51.554290,On or near CARDIGAN AVENUE,E01015858,Southend-on-Sea 004B,Action to be taken by another organisation
6585e764aa6c51591959c15a811d0b67b8ceee2f07fcef0526fe3763a5e8a02e,2018-12,Essex Police,Essex Police,0.323676,51.482766,On or near PYM PLACE,E01015959,Thurrock 016C,Suspect charged
cabf9ea6f46365407abe5e5dd9c82b6a4b39c0ca0bc6274065aa1eee21ac1fbc,2018-12,Essex Police,Essex Police,1.119975,51.776969,On or near CORNFLOWER ROAD,E01021990,Tendring 018C,Investigation complete; no suspect identified
c90af8c6255f3adf6d10ba7b8dcf019b8f185718fe3999b390bb067811287082,2018-12,Essex Police,Essex Police,1.152215,51.788718,On or near Shopping Area,E01022025,Tendring 016B,Investigation complete; no suspect identified
768010a9f985d8a24f24949f886c658f01177ee4fa9e05b9589d017c728b4cf7,2018-12,Essex Police,Essex Police,0.356391,51.872622,On or near STORTFORD ROAD,E01022068,Uttlesford 007C,Investigation complete; no suspect identified
8aa8d9a95ca26d9b535ce0b18d1ad53980039fc3a84dd7d16d0c4e6602379f7a,2018-12,Essex Police,Essex Police,0.505657,51.565066,On or near HIGH ROAD,E01021316,Basildon 018D,Unable to prosecute suspect
ab5aa10b15e4d6ac1aac6a24ecb22ce2192742367530b2aecaae649d14f95257,2018-12,Essex Police,Essex Police,0.211314,51.870475,On or near DUNMOW ROAD,E01022059,Uttlesford 009A,Unable to prosecute suspect
c645586befcc4dc7645625086d2cc0ca5d8ba7da06644e004df211aba9f77f82,2018-12,Essex Police,Essex Police,0.460134,51.747421,On or near EASTERN CRESCENT,E01021576,Chelmsford 006A,Investigation complete; no suspect identified
252e70d736eccb28a4bcb5eb0f87343d4271a0dacdcc9c91344380978890a02c,2018-12,Essex Police,Essex Police,1.098696,51.800953,On or near Petrol Station,E01021977,Tendring 013C,Unable to prosecute suspect
8830a5047aa0331b815192c4dc2b5a9c6140f6dcaf93df1d25b422d3b07b31b1,2018-12,Essex Police,Essex Police,0.323676,51.482766,On or near PYM PLACE,E01015959,Thurrock 016C,Suspect charged
98f4295b84cbc8f9f422efa8eec52b785ed5533673a1e53a51ae3579fc173472,2018-12,Essex Police,Essex Police,0.095357,51.767783,On or near Shopping Area,E01021872,Harlow 007E,Investigation complete; no suspect identified
9e4b28c0c0e729617761d8e830210f300458ab7120c16f5606aa58595d2721f6,2018-12,Essex Police,Essex Police,0.893012,51.922080,On or near BOXTED ROAD,E01021680,Colchester 004B,Unable to prosecute suspect
5c7676847f8c2c2f9fa26b6039d10cb9880c765e9c91bf682dcf300cd8ab72f3,2018-12,Essex Police,Essex Police,0.556427,51.679777,On or near PAYNE PLACE,E01021535,Chelmsford 016B,Unable to prosecute suspect
9e4eb0c4c224afe09f4ed2f7659e36ec2af04ccd1b034ac4ce40ceadd229429b,2018-12,Essex Police,Essex Police,0.131768,51.759547,On or near POTTER STREET,E01021836,Harlow 008D,Investigation complete; no suspect identified
2dc07cd7585c60ad7017b78769be1d974b6bbb23a24a2b1e953921cb3b8a8e46,2018-12,Essex Police,Essex Police,0.094895,51.770021,On or near Nightclub,E01021872,Harlow 007E,Investigation complete; no suspect identified
bf05308e1d0abd3b1914d4a0ad606adda1d67a0173f5d0256f107b32239d9ceb,2018-12,Essex Police,Essex Police,0.552914,51.879582,On or near BLYTH'S MEADOW,E01021365,Braintree 009D,Investigation complete; no suspect identified
6890fb4a981debd2168fe9dc0357f89a9203a345b6dbb90ed2b33a98bdea802e,2018-12,Essex Police,Essex Police,0.752157,51.542192,On or near FORTESCUE CHASE,E01015883,Southend-on-Sea 009A,Investigation complete; no suspect identified
1caa911d66199cef453edbe3dec39e5cad726d45959bb93d9a99cdaafe0ead5d,2018-12,Essex Police,Essex Police,0.349877,51.873913,On or near HOLM DRIVE,E01033054,Uttlesford 007D,Investigation complete; no suspect identified
6bec876e43b59d8f98eaf4311e500f4e115bb4ce36f57002a07a821cd0ca95c0,2018-12,Essex Police,Essex Police,0.546084,51.887023,On or near WINGATE CLOSE,E01021359,Braintree 008D,Investigation complete; no suspect identified
c87fede23049638a0ada4f3ef617a63ca2cae1b1af3af1276623ba9d2dda78a1,2018-12,Essex Police,Essex Police,0.323676,51.482766,On or near PYM PLACE,E01015959,Thurrock 016C,Suspect charged
d9500243d15b61a4164090b9bdb1eaf7ed930871fd03e0a87fcf2fe13f2d3620,2018-12,Essex Police,Essex Police,1.125676,51.797126,On or near WRITTLE CLOSE,E01022030,Tendring 015C,Investigation complete; no suspect identified
dfa908c963ab5f819c2b95ec64d5e0b12d14280f84a8d0c76b8b625d7f2f4a80,2018-12,Essex Police,Essex Police,0.713791,51.540730,On or near CHICHESTER ROAD,E01015895,Southend-on-Sea 010A,Investigation complete; no suspect identified
56d87318ef161149cb139f77ba0fc927d3693b8291152f9c3260778f74621185,2018-12,Essex Police,Essex Police,0.476706,51.589656,On or near Sports/Recreation Area,E01021267,Basildon 012B,Investigation complete; no suspect identified
6dd8e88bbe4f044cea058681a5d8d75e4b23ca6e236daf6e37e52bd01c08246e,2018-12,Essex Police,Essex Police,0.367623,51.463342,On or near SPENCER WALK,E01016009,Thurrock 018G,Investigation complete; no suspect identified
fdf04bd944f0a9247cd3ee3cfd8e6ac94d872fb562056efbf0d9853fb8ac2ad8,2018-12,Essex Police,Essex Police,0.663749,51.601270,On or near HIGHAMS ROAD,E01021936,Rochford 003D,Investigation complete; no suspect identified
ff917ff0449e27fc19faae9f936f1818bb74ba595cb93e0943719d4b53bee767,2018-12,Essex Police,Essex Police,0.319731,51.477969,On or near Parking Area,E01015953,Thurrock 017C,Investigation complete; no suspect identified
e87daace7f59805ca7983f9921a331c253be9347f302e05cd23d11dc69596d78,2018-12,Essex Police,Essex Police,1.105667,51.773624,On or near MORRIS AVENUE,E01021988,Tendring 018A,Unable to prosecute suspect
585860caaa1e2f5d09e778fdc1a267011d677fd1cf3a81c7e84e5b2c9d4b3e74,2018-12,Essex Police,Essex Police,0.476706,51.589656,On or near Sports/Recreation Area,E01021267,Basildon 012B,Investigation complete; no suspect identified
014ab8c148705f30217aa9115c4d440ece6a7abf961d8d58065705275cee8134,2018-12,Essex Police,Essex Police,0.029158,51.682581,On or near HORSESHOE CLOSE,E01021810,Epping Forest 008D,Investigation complete; no suspect identified
f6765e9948c85ad5bf571f6affca11ec53ad59d7bfe5f35d1ad8686562537a80,2018-12,Essex Police,Essex Police,0.229701,51.486443,On or near MARINE COURT,E01016014,Thurrock 015E,Investigation complete; no suspect identified
39d38e468bc15877972fff7123bdca5b4c61e4e4fe6129bbbf0e611b4ea515b9,2018-12,Essex Police,Essex Police,0.029158,51.682581,On or near HORSESHOE CLOSE,E01021810,Epping Forest 008D,Investigation complete; no suspect identified
67c451e5389af511be093c28e66fd8df2a48bb50b4d4311ad9154b8faa26784c,2018-12,Essex Police,Essex Police,0.366991,51.467267,On or near ELGAR GARDENS,E01016010,Thurrock 018H,Investigation complete; no suspect identified
5d8acfec0e8e1ec01b399a8a7227f843f1b69e759b5dc771301ab61c56744fc1,2018-12,Essex Police,Essex Police,0.606294,51.555003,On or near Supermarket,E01021520,Castle Point 006C,Investigation complete; no suspect identified
e8509cca87fb5f527037642761e20b39d6f2ac0cc8972223f1af56f1daa03d1d,2018-12,Essex Police,Essex Police,0.242807,52.024423,On or near COMMON HILL,E01022079,Uttlesford 002D,Unable to prosecute suspect
6a30615c70541f7b9979caada4f151b28dc89a37f686d8515820981754d67d75,2018-12,Essex Police,Essex Police,1.024940,51.810852,On or near VICTORIA PLACE,E01021982,Tendring 011D,Investigation complete; no suspect identified
5765737139e5409ac1aa7b7c50e50b4f18c63c2922d493359d76435f65b72be0,2018-12,Essex Police,Essex Police,0.456169,51.571868,On or near Pedestrian Subway,E01021318,Basildon 015C,Unable to prosecute suspect
d1b0203c1ac0be4ec5595a6a55cfc616eca1e984e9b91543bd9e5ae629aaf014,2018-12,Essex Police,Essex Police,0.366991,51.467267,On or near ELGAR GARDENS,E01016010,Thurrock 018H,Investigation complete; no suspect identified
b7a65e67e7813b8344f5d74dec614a0b994f9b3a6b5bdce7261a237dbfa91336,2018-12,Essex Police,Essex Police,0.090424,51.774561,On or near MORLEY GROVE,E01021843,Harlow 004E,Unable to prosecute suspect
4f25368f26fb1b1022fd44e00dcb7fd5c42fd7f76dc9c8c6d36cf7104f34673a,2018-12,Essex Police,Essex Police,0.515047,51.571790,On or near LEIGH FELLS,E01021315,Basildon 018C,Local resolution
2adb3eaaaafb87ff578b70ea4f8567ef8728ad7b551fc6c8bdb07117cda699e5,2018-12,Essex Police,Essex Police,0.651652,51.554508,On or near BLENHEIM CHASE,E01015815,Southend-on-Sea 003B,Investigation complete; no suspect identified
b01b9164c487ba116ef21bb3a295fdea9eae73c0416c758a74a93f9ec03ad20e,2018-12,Essex Police,Essex Police,0.680115,51.553502,On or near PRITTLEWELL CHASE,E01015822,Southend-on-Sea 005C,Investigation complete; no suspect identified
a283ecb4f9f1521f3056f4108c76e8e3c55b9d9315733c097b3cab13690253c1,2018-12,Essex Police,Essex Police,1.118338,51.784127,On or near TUDOR CLOSE,E01021989,Tendring 018B,Unable to prosecute suspect
7d465a68a8526a5f8b5267de2f6d1405f1faccb5cf106ab988316b0b1628fd5a,2018-12,Essex Police,Essex Police,0.911734,51.880985,On or near MYRTLE GROVE,E01021688,Colchester 011F,Investigation complete; no suspect identified
5abe81ca0e70d0bff6c67fdf65ee4b03e41d37f2414cc748511143626a369557,2018-12,Essex Police,Essex Police,0.078545,51.767794,On or near CANONS BROOK,E01021841,Harlow 004C,Investigation complete; no suspect identified
18514c74ea6110f2ad661275f3f4ca873ee60f2db6abcf58ef437b6d95b8a6ef,2018-12,Essex Police,Essex Police,0.284490,51.487772,On or near Shopping Area,E01016011,Thurrock 015B,Investigation complete; no suspect identified
5a77503a7af010437a6519b848f6e589876744f8ed2bb885e4d8f6b779724815,2018-12,Essex Police,Essex Police,1.248772,51.844290,On or near Supermarket,E01021994,Tendring 008B,Investigation complete; no suspect identified
b26d0556d243ccadcfbfd07d43db6166737ba199ac72853f2cf62d9b06425e15,2018-12,Essex Police,Essex Police,0.545541,51.652566,On or near Park/Open Space,E01021594,Chelmsford 021B,Offender given a drugs possession warning
3396b9c301f841f5616a3118abf79f6fc8d3304cdda6ea8f5d2a63ed2ac4b7c5,2018-12,Essex Police,Essex Police,0.551419,51.877285,On or near NEW STREET,E01021365,Braintree 009D,Investigation complete; no suspect identified
a722768d15fa327e411e6caa1b5c6dba58152816ef331d5bae1befabf309cbd9,2018-12,Essex Police,Essex Police,0.891954,51.893857,On or near Pedestrian Subway,E01021646,Colchester 007A,Unable to prosecute suspect
c47527f34d905631a5f9bb1512bb7880043a9e845056c6e846746c60a67447a9,2018-12,Essex Police,Essex Police,0.891954,51.893857,On or near Pedestrian Subway,E01021646,Colchester 007A,Unable to prosecute suspect
4ebafee67ba8cbef8b3a14ccf63e15eb89dc0eea9409d9c7eafa7d4c461383dc,2018-12,Essex Police,Essex Police,1.137806,51.824316,On or near CLAPGATE DRIVE,E01022016,Tendring 007C,Investigation complete; no suspect identified
e4dd3026c90097721bbcedcb6a162cb6253b3a75922f3a6761cee5b7b46aa17e,2018-12,Essex Police,Essex Police,0.635627,51.943704,On or near Shopping Area,E01021387,Braintree 004A,Investigation complete; no suspect identified
b5573d455a06ad30da7e710e5881d0123c8bc8aaa634a2c1067b5975764b4e34,2018-12,Essex Police,Essex Police,0.090817,51.759231,On or near KINGSLAND,E01021868,Harlow 007B,Investigation complete; no suspect identified
b900ebaf0bc436a7c98c4d58679a6f8f6691df3c43a3bbbc230a735280f115ed,2018-12,Essex Police,Essex Police,0.900116,51.889231,On or near Shopping Area,E01021649,Colchester 007D,Local resolution
6c18253182a774d5aff30601cb30c3d340b118f75cf9d34e2e0210484a71ce7b,2018-12,Essex Police,Essex Police,0.090424,51.774561,On or near MORLEY GROVE,E01021843,Harlow 004E,Unable to prosecute suspect
4ed14d7474b7df84b5d6fc529c34f7188954ee9301862fabcc8d7bf5e0f459b9,2018-12,Essex Police,Essex Police,0.105749,51.759378,On or near RUSHES MEAD,E01021822,Harlow 006C,Investigation complete; no suspect identified
a2afc42b3173c33c2c6dbe8ada1b78e54a9cedf026c7f18a58ea6d834b514c69,2018-12,Essex Police,Essex Police,0.455364,51.569789,On or near Shopping Area,E01021318,Basildon 015C,Suspect charged
4bc4be4214eb41e76f31fef5d7b393eaa8cffa4db1c35183914000aa70220c82,2018-12,Essex Police,Essex Police,0.571222,51.527889,On or near THOMAS DRIVE,E01021507,Castle Point 010E,Unable to prosecute suspect
cea394f3f3bc000fb225165fa96459fd03362cfee097fb8643ecabd547a46adb,2018-12,Essex Police,Essex Police,0.289746,51.607798,On or near KIPLING CLOSE,E01033063,Brentwood 007F,Suspect charged
1d92b9c2634780af7d4b2421bfdd19dbd5a75860e47241504deac083fe1fe94c,2018-12,Essex Police,Essex Police,,,No location,,,Investigation complete; no suspect identified
cedae0d3c539d5d536cef15916c5bdc712cbb3971f56721bbe8b96391fe9be3c,2018-12,Essex Police,Essex Police,0.528027,51.865659,On or near BRIDGE END LANE,E01021384,Braintree 013C,Unable to prosecute suspect
0f88ab604be7501aafbba0138a2ea33d0090bc31c5c836b1f6f31ea73d1ee062,2018-12,Essex Police,Essex Police,0.513170,51.751784,On or near White Hart Lane,E01033144,Chelmsford 005F,Suspect charged
cb683969d0d1f1da26c20425ba55796e0dc4ec8bb90f5ba786ee37c8aa44eb3e,2018-12,Essex Police,Essex Police,0.692011,51.555109,On or near LAVENDER MEWS,E01015860,Southend-on-Sea 004D,Formal action is not in the public interest
2ba2cb1be183fc5c148c959a6d497c19473dedf69671184b185ba1faf3400b04,2018-12,Essex Police,Essex Police,0.918266,51.890958,On or near OLD COACH ROAD,E01021648,Colchester 007C,Investigation complete; no suspect identified
a1237293024ee6733aefa5542eece4d30b12cdc842b138636db159232127f356,2018-12,Essex Police,Essex Police,0.500879,51.590268,On or near Cricketers Retail Park,E01021307,Basildon 011C,Investigation complete; no suspect identified
5836cf3eb04df143e942d42d61514fecf852d4aa060ed3d2e737c8a11dc97261,2018-12,Essex Police,Essex Police,0.554504,51.886850,On or near WILLIAMS DRIVE,E01021357,Braintree 008B,Investigation complete; no suspect identified
9f30c514937eb5aa9efcafc950931e3d65fc879e79a9121bda1be5596eb99ae0,2018-12,Essex Police,Essex Police,0.488618,51.719500,On or near WINCHELSEA DRIVE,E01033137,Chelmsford 014F,Investigation complete; no suspect identified
0e591c1d257d03e83e71f7042b925396f3f93fed3372cf3aba21a44e1bb2ffa9,2018-12,Essex Police,Essex Police,0.108071,51.697207,On or near Supermarket,E01021762,Epping Forest 005C,Investigation complete; no suspect identified
250a89fb6f1070b0bf2efb54e2cd8c531fda10f16857f47f1fac3971046a1e4a,2018-12,Essex Police,Essex Police,0.390290,51.574659,On or near LOWER DUNTON ROAD,E01021277,Basildon 014D,Suspect charged
7f8a4edbcc2812233255e2d3a1e8c8db6d2bd2eb45fa5ae61787ce4e1d174b81,2018-12,Essex Police,Essex Police,0.434043,51.567500,On or near BOSTOCHE CLOSE,E01021288,Basildon 016B,Investigation complete; no suspect identified
0a92c29d9e2582324d4c51f947b3bd11ecbb3eaf45fb1ae0fe5b99f5849633d9,2018-12,Essex Police,Essex Police,0.100383,51.768341,On or near Sports/Recreation Area,E01021849,Harlow 003A,Unable to prosecute suspect
f87533124f0c217efffcd48008aa8a74018e73584856788c9af594ef80171acd,2018-12,Essex Police,Essex Police,1.279573,51.936076,On or near MILL LANE,E01022001,Tendring 001D,Unable to prosecute suspect
b04e777b2d98900fa5631f6723fd28c1b3221d5a6b61e50948c65afc5a4814c3,2018-12,Essex Police,Essex Police,0.078247,51.644134,On or near LUSHES ROAD,E01021773,Epping Forest 013C,Investigation complete; no suspect identified
b43c183b802973024dae25aa89ecd776042aeed1c0e54b872b85d994863839f7,2018-12,Essex Police,Essex Police,0.261741,51.889938,On or near Airport/Airfield,E01022090,Uttlesford 006B,Investigation complete; no suspect identified
7b95db8cc5590ccdbc2bd833c963f1efe8a69bfc8eecad0b10222738028dc6f1,2018-12,Essex Police,Essex Police,0.709743,51.544690,On or near Police Station,E01015895,Southend-on-Sea 010A,Unable to prosecute suspect
a003fb393b75c1989a929c3aea7d94d8f7aeba3d2a45ef197fa30daf95f5b46f,2018-12,Essex Police,Essex Police,0.554389,51.901987,On or near Supermarket,E01021355,Braintree 007D,Suspect charged
849b66a0596fa95aba6643f0f19e8ac7b1afa14132931dc3fc3f8d8b0d3d3252,2018-12,Essex Police,Essex Police,0.682681,51.730948,On or near QUEST PLACE,E01021890,Maldon 004B,Unable to prosecute suspect
045313b7637f42436bbbeb3b3efd3a9217d3a500593c9e6fbcb29a37bda02e85,2018-12,Essex Police,Essex Police,0.971333,51.789124,On or near CHURCH LANE,E01021694,Colchester 019D,Unable to prosecute suspect
1b02792d3a03a187bfad7a3d778cb741f98732d2f1f072110ffaf7716a9967b5,2018-12,Essex Police,Essex Police,0.473989,51.730007,On or near Parking Area,E01033140,Chelmsford 010F,Unable to prosecute suspect
76bbd7ee188b883782954c742f5bea2fcfb0404186223fc4b4a8d218bf05547c,2018-12,Essex Police,Essex Police,0.453480,51.570171,On or near Parking Area,E01021318,Basildon 015C,Investigation complete; no suspect identified
cd7589a647ac0a1e5dc9bf94aebf47e4cd1fea0e325b25ebfa02205fe1b29ee3,2018-12,Essex Police,Essex Police,0.558130,51.523777,On or near PICKETTS,E01021503,Castle Point 010D,Unable to prosecute suspect
dda2ea204a7fe41e56aef79a9f222ea270801bf2f0ac520b46e37f9497d8eae9,2018-12,Essex Police,Essex Police,0.971333,51.789124,On or near CHURCH LANE,E01021694,Colchester 019D,Investigation complete; no suspect identified
0ad9b88774497397c5ea189472bb3810f9d1b63d711b5f8750a9e250df2ac613,2018-12,Essex Police,Essex Police,0.282488,51.487496,On or near Shopping Area,E01016011,Thurrock 015B,Investigation complete; no suspect identified
1dd6f3673ee6275c9ff7ffd28e9619c04e9a7b6d90715629f55c4fad28f91360,2018-12,Essex Police,Essex Police,0.473830,51.736629,On or near Chelmsford Police Station,E01033141,Chelmsford 010G,Unable to prosecute suspect
e95cfda1ec892fd6325ffb350903971c333c7a61ced5b2357e68cea17821eaff,2018-12,Essex Police,Essex Police,0.129515,51.737520,On or near LONDON ROAD,E01021768,Epping Forest 001A,Investigation complete; no suspect identified
96eb476ad8127f365c704ca3285448158667b71f338898d88fa6a43bf3d70eda,2018-12,Essex Police,Essex Police,0.431405,51.568634,On or near ELIZABETH WAY,E01021288,Basildon 016B,Investigation complete; no suspect identified
048626c0aefcee34aafb06373fa84d63262918e04114b21e89ae5f61ea88eda7,2018-12,Essex Police,Essex Police,0.074467,51.649362,On or near THE SQUARE,E01021790,Epping Forest 012E,Investigation complete; no suspect identified
005b456e5bd1bf18a98bbcb52bb54d9fe0f6a672d35708bfa9648500a67cebd5,2018-12,Essex Police,Essex Police,0.582748,51.872267,On or near MIDDLE KING,E01021367,Braintree 012C,Investigation complete; no suspect identified
de2327f8184aea5dccf680e15ca84d3911b52f38d50423120e9f0448a651c452,2018-12,Essex Police,Essex Police,0.290865,51.616841,On or near Petrol Station,E01021438,Brentwood 006A,Investigation complete; no suspect identified
1a5aa83be9568723df60d236884096f85179e6d0c207ec630f45082db41a3bbb,2018-12,Essex Police,Essex Police,0.830150,51.888121,On or near ESSEX YEOMANRY WAY,E01021718,Colchester 012A,Suspect charged
3ff891ff0382efce2f0f5c763fc11df08961f372cb17aa11402b8dc8115f191e,2018-12,Essex Police,Essex Police,0.554389,51.901987,On or near Supermarket,E01021355,Braintree 007D,Suspect charged
2862377f926af1e4f9cbddfc6317f29520494cfec16fe3aa75dbe91b7e49b809,2018-12,Essex Police,Essex Police,0.956959,51.865511,On or near CAP PILLAR CLOSE,E01021740,Colchester 017E,Unable to prosecute suspect
7c951019514d10ee799e125943d7918b1b8b5b4db81b99a56395f43d711c7548,2018-12,Essex Police,Essex Police,0.913179,51.885796,On or near SIMONS LANE MAGDALEN GREEN,E01021686,Colchester 011D,Unable to prosecute suspect
c0934a8da03bc67790b7f9fd4e0b447cf0038ac46191e129b3cbb1c281e77879,2018-12,Essex Police,Essex Police,0.913179,51.885796,On or near SIMONS LANE MAGDALEN GREEN,E01021686,Colchester 011D,Action to be taken by another organisation
50d9b8d28879bd0e834c5209e236cc06c430c965b23438cb972e7dbc59b7abbc,2018-12,Essex Police,Essex Police,0.462186,51.721478,On or near Petrol Station,E01021556,Chelmsford 012A,Investigation complete; no suspect identified
6385918573b57079c585f132aeb8e7e07c64b1c111604ae442d4f52f12885203,2018-12,Essex Police,Essex Police,0.270445,51.486039,On or near Parking Area,E01016012,Thurrock 015C,Investigation complete; no suspect identified
5b475a75a314f36d02f5cb6ab57d86749811b9a46a3aad084e4aa302f811c320,2018-12,Essex Police,Essex Police,0.505195,51.560327,On or near Parking Area,E01021310,Basildon 022B,Investigation complete; no suspect identified
b98e3aed359399810cd3331a8e4c7feb54417936f21a64446eb9ba4cfac2ff05,2018-12,Essex Police,Essex Police,0.466470,51.736073,On or near Bus/Coach Station,E01021574,Chelmsford 010A,Investigation complete; no suspect identified
fa9487abf85644e99143fbefc892246027014bea5af182c6242e938be132bb08,2018-12,Essex Police,Essex Police,0.657650,51.543059,On or near CANONSLEIGH CRESCENT,E01015847,Southend-on-Sea 011C,Unable to prosecute suspect
27e3da51f6bda6acb20f39889de3261d051ac86f84332579f23eb4fcf240b043,2018-12,Essex Police,Essex Police,0.261159,51.867630,On or near ORCHID CLOSE,E01022091,Uttlesford 006C,Unable to prosecute suspect
ebaf69ef52899d60808f3100d467c7e14f218f52c6a42bae722012f596caf7ba,2018-12,Essex Police,Essex Police,0.560320,51.866965,On or near PARK DRIVE,E01021372,Braintree 011C,Investigation complete; no suspect identified
f8cde0912a9b989e03fab88458b02f2fdab555215cb925ee3f7eb85b863d98c7,2018-12,Essex Police,Essex Police,0.492837,51.569170,On or near RIPPLESIDE,E01021326,Basildon 022D,Investigation complete; no suspect identified
c728a11aeaa57e9610f5d3932c9e999e0e796b43e747a4969fff8771b5713f6b,2018-12,Essex Police,Essex Police,0.430477,51.568023,On or near SOUTHWELL LINK,E01021288,Basildon 016B,Unable to prosecute suspect
87f126d67679e6cc648c46004db7636698e5d261e50679f125e9d7feeabf04ae,2018-12,Essex Police,Essex Police,0.474530,51.766138,On or near GLEBE CRESCENT,E01021542,Chelmsford 002A,Unable to prosecute suspect
36c600caf6e093e3a08b81ab537a7116a46b8f67a2b9c57306bed2006adfbd0b,2018-12,Essex Police,Essex Police,0.505195,51.560327,On or near Parking Area,E01021310,Basildon 022B,Investigation complete; no suspect identified
107a0e200c24c8f2c433203b2c6e420bb44b6c8b414aeb795e91da56e21bd2dd,2018-12,Essex Police,Essex Police,0.261159,51.867630,On or near ORCHID CLOSE,E01022091,Uttlesford 006C,Unable to prosecute suspect
a78bb8447048c163b87423ccf8aafce0f9fe48277ebb8c6938d2c15e8a608475,2018-12,Essex Police,Essex Police,0.692643,51.553610,On or near CHASE GARDENS,E01015860,Southend-on-Sea 004D,Investigation complete; no suspect identified
ff12a3d5ba612047216ec4b8fccc6e054df50ae998e35f9d07110d233ea6c394,2018-12,Essex Police,Essex Police,0.923824,51.775026,On or near WILLOUGHBY AVENUE,E01021731,Colchester 021A,Investigation complete; no suspect identified
6b52a2fce7b69cba17e7231a08f172271e70e0ec67ced1b88a50a5b4a0ebefa0,2018-12,Essex Police,Essex Police,0.116622,51.769713,On or near TUNNMEADE,E01021847,Harlow 002D,Unable to prosecute suspect
4bff1df0c78bbbfe3dcb3a88880157b3e82c1903ac302f35da568693da9339c6,2018-12,Essex Police,Essex Police,0.635285,51.566857,On or near HICKLING CLOSE,E01015816,Southend-on-Sea 003C,Investigation complete; no suspect identified
199708a867772443c3f5b98e2f4f7749cc9821d39079b3b81e90945a3c8d65b3,2018-12,Essex Police,Essex Police,0.261741,51.889938,On or near Airport/Airfield,E01022090,Uttlesford 006B,Investigation complete; no suspect identified
572b5ae45b66aa200855b8e31d8695f25777f4af0d1760b4ae664a1d8d5e08e1,2018-12,Essex Police,Essex Police,0.658424,51.606041,On or near ROSSLYN CLOSE,E01021938,Rochford 003F,Unable to prosecute suspect
a39ae8ec301da6b3f8275c076f840f3a5806127567c92a740ea6b1aebcb55af9,2018-12,Essex Police,Essex Police,0.113136,51.779784,On or near GLEBELANDS,E01021845,Harlow 002B,Unable to prosecute suspect
60ff54bfe641df69ece379d27d0a8b746c9945aaaa9cd06aaa91b14a4dda2a78,2018-12,Essex Police,Essex Police,0.303461,51.621954,On or near Parking Area,E01021433,Brentwood 007A,Investigation complete; no suspect identified
e5f36207e835f721087fad3216099c99054e9d76d5cb60adb3d2fdb83ca6dd8f,2018-12,Essex Police,Essex Police,0.294403,51.625693,On or near BROWNE CLOSE,E01021434,Brentwood 004C,Unable to prosecute suspect
7d09fa99bed1b710df05c350730c1712dd0c35791b74b672b07c3a00e2fded00,2018-12,Essex Police,Essex Police,0.677916,51.550944,On or near SOUTHBOURNE GROVE,E01015905,Southend-on-Sea 007E,Action to be taken by another organisation
f1cee0bba56e70c215401049df5736bcc547d7545b0e60d68c70f158306fe477,2018-12,Essex Police,Essex Police,0.444115,51.572875,On or near BOYTONS,E01021291,Basildon 016E,Investigation complete; no suspect identified
d573a48892f1e76048b546d72d6513b25e7f70072533e35223e2a66e0ca6d7b7,2018-12,Essex Police,Essex Police,0.242000,52.023440,On or near Shopping Area,E01022076,Uttlesford 002B,Suspect charged
d573a48892f1e76048b546d72d6513b25e7f70072533e35223e2a66e0ca6d7b7,2018-12,Essex Police,Essex Police,0.242000,52.023440,On or near Shopping Area,E01022076,Uttlesford 002B,Suspect charged
859a70ee7d486cdc22c231cadd985ecfc93b4e968921513195848f7aef34313f,2018-12,Essex Police,Essex Police,0.471085,51.762515,On or near Sports/Recreation Area,E01021543,Chelmsford 002B,Investigation complete; no suspect identified
d7056d0a6658c3613d95332b216897ee5b3cd6dd406b416ea14b7e52e030539b,2018-12,Essex Police,Essex Police,0.610694,51.580699,On or near HARDWICK CLOSE,E01021966,Rochford 008F,Unable to prosecute suspect
bce1b755f075e00a0dd4e32e2c4ef5ecf192a658279712852df526aa34e2e9a3,2018-12,Essex Police,Essex Police,0.249780,51.479693,On or near ULVERSTON,E01016012,Thurrock 015C,Investigation complete; no suspect identified
98a3c10f5d8fac6d3e946b4e51ca21fc2bf38caac25b2dace30702dbff5d3d62,2018-12,Essex Police,Essex Police,1.152215,51.788718,On or near Shopping Area,E01022025,Tendring 016B,Unable to prosecute suspect
6a3c1a12f25e753e1eb71e0122d471895fa9dd5d25666b27bd79baf951ca1ff4,2018-12,Essex Police,Essex Police,1.150947,51.786764,On or near EDITH ROAD,E01022025,Tendring 016B,Investigation complete; no suspect identified
2764a8b5178cfa7a43db4164d1e6a7ca4243157d53fb3faa1616234c1ec93557,2018-12,Essex Police,Essex Police,0.602142,51.528529,On or near ABENSBURG ROAD,E01021493,Castle Point 009B,Unable to prosecute suspect
7af4499c479d4d785095459600bffc82b1c02b24a4dc1505ba7bcc4e9fe6068a,2018-12,Essex Police,Essex Police,0.506326,51.879523,On or near SHALFORD ROAD,E01021405,Braintree 010D,Investigation complete; no suspect identified
8c3262895f06f23461170724a30129a0c05b549248c22ebb8f9b93a6d09886ea,2018-12,Essex Police,Essex Police,0.462457,51.585127,On or near Nightclub,E01021268,Basildon 015B,Investigation complete; no suspect identified
67559f1e2d1eb58cc0dc6f1ee7903ca0e5e7a38428521a0af3767ba570c3eec3,2018-12,Essex Police,Essex Police,0.709191,51.734440,On or near ST GEORGES CLOSE,E01021885,Maldon 003B,Investigation complete; no suspect identified
59e3282be1b335e70023ac383fc94b9c7e6294ef9781964c9e13f6cd87335e4f,2018-12,Essex Police,Essex Police,0.090927,51.768833,On or near Parking Area,E01021872,Harlow 007E,Unable to prosecute suspect
d349bacbbce01a2267b80df0594de40620ae4e1cfb0c842375919c4db893066a,2018-12,Essex Police,Essex Police,1.152215,51.788718,On or near Shopping Area,E01022025,Tendring 016B,Investigation complete; no suspect identified
c13680e0cf93fee7bc1f1db0a1f90e43dbe954a7ff2a72fe2e28fa6978699685,2018-12,Essex Police,Essex Police,0.443720,51.579233,On or near Pedestrian Subway,E01021268,Basildon 015B,Investigation complete; no suspect identified
d75b5fbf88ec3729a16332324dc1d7383e082db966795b4717e254a163578248,2018-12,Essex Police,Essex Police,0.603468,51.527258,On or near NEWLANDS ROAD,E01021495,Castle Point 009C,Unable to prosecute suspect
0a10109d605189516bcf3afc6429f5bf380c694f13169e2c5835470c564d6dc0,2018-12,Essex Police,Essex Police,0.742557,51.548766,On or near NEWINGTON AVENUE,E01015887,Southend-on-Sea 009E,Unable to prosecute suspect
49618220a6db04d3c27d00768afa3478ad3eb77e09a942a4f5b2265983b9caf4,2018-12,Essex Police,Essex Police,0.459544,51.585458,On or near Park/Open Space,E01021268,Basildon 015B,Investigation complete; no suspect identified
9317548d8159a897375b03bc6d9b21146f55a0c3665ec8468238d21d1f2d0d42,2018-12,Essex Police,Essex Police,0.786680,51.536187,On or near ANSON CHASE,E01015882,Southend-on-Sea 013G,Unable to prosecute suspect
21a3611d81c0f893162a0c3325c7dc4c0e85d4359fcbb1b57b39390b5a1d739c,2018-12,Essex Police,Essex Police,0.871889,51.875993,On or near WILBYE CLOSE,E01021713,Colchester 015C,Unable to prosecute suspect
e22f8cc8b4e3b5ff9284aa12484872da13215539e91f2a613f8b1e09663f5fb4,2018-12,Essex Police,Essex Police,0.603468,51.527258,On or near NEWLANDS ROAD,E01021495,Castle Point 009C,Unable to prosecute suspect
4bd06dd5c0ea4250ab7f8af3112c9f486dd747dde8f93b40c79dd5168d761792,2018-12,Essex Police,Essex Police,0.603468,51.527258,On or near NEWLANDS ROAD,E01021495,Castle Point 009C,Unable to prosecute suspect
2c30b0f2c3270999ed0d8b1989be1c148e3b5dea896ca05e945987de67bc6ea6,2018-12,Essex Police,Essex Police,0.891788,51.889688,On or near POPE'S LANE,E01021646,Colchester 007A,Unable to prosecute suspect
a3239d985b808badc8fb6967f2fcf23cc6e7da26d772e5aa1d5f24d424fc35ed,2018-12,Essex Police,Essex Police,0.261741,51.889938,On or near Airport/Airfield,E01022090,Uttlesford 006B,Local resolution
b4e9775382bb086b06b5ffc03895d584d158b78775e446881dcef791b6898828,2018-12,Essex Police,Essex Police,1.153778,51.789099,On or near Supermarket,E01022025,Tendring 016B,Investigation complete; no suspect identified
8ec1a843701fb2ef60f8441ecce0a11ce48868625c992f34601e9a59dad553cb,2018-12,Essex Police,Essex Police,0.548409,51.764910,On or near SHEARERS WAY,E01021537,Chelmsford 005B,Unable to prosecute suspect
dc34e3852e367844e4d2a9f3120973582628e2b26da888e38d24d86dfd25887b,2018-12,Essex Police,Essex Police,0.305696,51.520073,On or near JUNIPER DRIVE,E01015974,Thurrock 006E,Unable to prosecute suspect
c5b4dc38cfb714387fe6bb82d65597d54c2ca4bf6b4184a35196afa47fc00daa,2018-12,Essex Police,Essex Police,0.899288,51.889233,On or near Shopping Area,E01021649,Colchester 007D,Local resolution
e20803975aad3802e1f094f7d1e5659201cf84af533687eb31478845458cf4c3,2018-12,Essex Police,Essex Police,0.828663,51.885503,On or near Hospital,E01021718,Colchester 012A,Investigation complete; no suspect identified
7d2086d931cda2f19aaf9fe4a4ba965089033a3453780a4aa833d99e2c9a535e,2018-12,Essex Police,Essex Police,0.899288,51.889233,On or near Shopping Area,E01021649,Colchester 007D,Local resolution
ae41df2b2d2a4ef72a337a3cac3507174934a28f669c3335930c2aabf8044e41,2018-12,Essex Police,Essex Police,0.193109,51.872201,On or near DUNMOW ROAD,E01022087,Uttlesford 005F,Investigation complete; no suspect identified
78dd62d755f40fc980a08f54adf2b5d89380e8fb033e922971d0b3785000d383,2018-12,Essex Police,Essex Police,1.019304,51.820962,On or near SARRE WAY,E01021983,Tendring 009B,Investigation complete; no suspect identified
a7e885bf9d3a61bc86afa57584d62687dfaf091f492e0aee763a67bd42fd5b44,2018-12,Essex Police,Essex Police,0.637110,51.561743,On or near THORNDON PARK CRESCENT,E01015816,Southend-on-Sea 003C,Investigation complete; no suspect identified
294b4f26ffa89a893eb1f4f079f19ae67eeaec88164285749f6d9f1c6af43e12,2018-12,Essex Police,Essex Police,0.712186,51.548672,On or near KENWAY,E01015897,Southend-on-Sea 010C,Unable to prosecute suspect
328090a490b8ccde40ad5b45a43e9d640daf7e48a396728df304fcf706eebaaf,2018-12,Essex Police,Essex Police,0.201774,51.889278,On or near PARSONAGE LANE,E01022086,Uttlesford 006A,Investigation complete; no suspect identified
7af461a7f80323a48dca7255e503d4ac2cbaf0d46e8e7a6162cc14e1c20ccc98,2018-12,Essex Police,Essex Police,0.594544,51.564266,On or near HACKAMORE,E01021511,Castle Point 002C,Investigation complete; no suspect identified
12bed33b72dc4ffe59bf0e21d838783cc4a5bd99f2c608714353943ac7bf47e3,2018-12,Essex Police,Essex Police,0.465717,51.577082,On or near TANGHAM WALK,E01021266,Basildon 015A,Investigation complete; no suspect identified
917e3f9c4c9e51009b420d83abc3c80870c4f2f424a4488344dd0332208bf648,2018-12,Essex Police,Essex Police,0.272254,51.492281,On or near Motorway Service Area,E01016012,Thurrock 015C,Investigation complete; no suspect identified
5e135f72ac9119e3ca7e509ccf2653c85ae43094e1085ea2bd497ef76d21cf17,2018-12,Essex Police,Essex Police,0.702786,51.836483,On or near ST MARY'S ROAD,E01021402,Braintree 014E,Unable to prosecute suspect
9bbca4f12a17b5cc138fafc74fa219cb26e06c64eed05525b2ccfb089508e7fd,2018-12,Essex Police,Essex Police,0.417744,51.544518,On or near OLD HILL AVENUE,E01015978,Thurrock 004B,Investigation complete; no suspect identified
573766bfa6a95563da2a453b62161c893fd46e79f2d821d7d75c5d79b728a504,2018-12,Essex Police,Essex Police,1.246006,51.831882,On or near HAROLD WAY,E01021986,Tendring 006B,Investigation complete; no suspect identified
d9e25381bc30f919a6beb1105992f20a63299bde33db87e67388fd37f15c00da,2018-12,Essex Police,Essex Police,0.226603,51.915284,On or near Sports/Recreation Area,E01022063,Uttlesford 005B,Investigation complete; no suspect identified
beaa6586e9f72694fe67a916cb1f2cf8628555a5d6a211a9d7469d08ecbb7334,2018-12,Essex Police,Essex Police,0.703879,51.838724,On or near ORCHARD ROAD,E01021402,Braintree 014E,Suspect charged
37c752278951c17adf3553691aa2d8602a731865682406a247e4992cb5a01ad0,2018-12,Essex Police,Essex Police,0.323676,51.482766,On or near PYM PLACE,E01015959,Thurrock 016C,Suspect charged
37c752278951c17adf3553691aa2d8602a731865682406a247e4992cb5a01ad0,2018-12,Essex Police,Essex Police,0.323676,51.482766,On or near PYM PLACE,E01015959,Thurrock 016C,Suspect charged
37c752278951c17adf3553691aa2d8602a731865682406a247e4992cb5a01ad0,2018-12,Essex Police,Essex Police,0.323676,51.482766,On or near PYM PLACE,E01015959,Thurrock 016C,Suspect charged
922d407c7110104e58850bc97e9f51e3599ef2f748c6d88bf0a24a48497cbd16,2018-12,Essex Police,Essex Police,1.128813,51.801369,On or near KERSEY DRIVE,E01022030,Tendring 015C,Unable to prosecute suspect
0e2129cbbf630e610f72000303c9309f1c867c6f5ecf41e5fe130bf3c6e599cb,2018-12,Essex Police,Essex Police,0.689093,51.553827,On or near Hospital,E01015858,Southend-on-Sea 004B,Unable to prosecute suspect
8d848e9da4d5e69fa6c66a0919833f9193934223ce6b4f1f21acaefbb913d81b,2018-12,Essex Police,Essex Police,0.580711,51.533787,On or near HARDYS WAY,E01021504,Castle Point 008C,Investigation complete; no suspect identified
de73c593c75dfa1896ee833154c644aa70b87922654ed68e5ac995749a750093,2018-12,Essex Police,Essex Police,0.111387,51.695385,On or near RAHN ROAD,E01021758,Epping Forest 006C,Investigation complete; no suspect identified
7d5ea146c1af5706f8c41bc151e57e328f28acc1dd677510770415aa11cc4b89,2018-12,Essex Police,Essex Police,0.899875,51.890226,On or near Nightclub,E01021649,Colchester 007D,Investigation complete; no suspect identified
ff57822225f60da6bc7ec2801d75aa31abd407211673279a364a942f6fcc3ec7,2018-12,Essex Police,Essex Police,0.261741,51.889938,On or near Airport/Airfield,E01022090,Uttlesford 006B,Local resolution
080396c95afa66e9c360453328f24e14895f44dcd433863dc760977902a1dd15,2018-12,Essex Police,Essex Police,0.629529,51.799284,On or near CUPPERS CLOSE,E01021429,Braintree 016D,Suspect charged
95b89196ac659eeee2d9072cf54f65c3bab52711450edd1bbfa51c3bfcd4fc4f,2018-12,Essex Police,Essex Police,0.090817,51.759231,On or near KINGSLAND,E01021868,Harlow 007B,Unable to prosecute suspect
367d78a9808cc7916af4599ec25ab02385a4096a1f56434a46cf27ea127763db,2018-12,Essex Police,Essex Police,0.461285,51.739006,On or near RAINSFORD ROAD,E01021575,Chelmsford 009B,Unable to prosecute suspect
b78eb73b24453a8417395a69ecc7c3b8b43dd66b67be076b5a201a858ec97333,2018-12,Essex Police,Essex Police,0.792587,51.538457,On or near Pedestrian Subway,E01015880,Southend-on-Sea 013E,Suspect charged
869b686c9480bbc92f796f9f1c7b7e7bc7fef288b3f4aa75ced62f324a9a5f36,2018-12,Essex Police,Essex Police,0.500859,51.717252,On or near Supermarket,E01021560,Chelmsford 013B,Unable to prosecute suspect
50c826276c2a39bb9544ddc05997fdbfdee5de653f2c74e7d7bdcad1db24edad,2018-12,Essex Police,Essex Police,0.615627,51.651466,On or near MILLARS CLOSE,E01021612,Chelmsford 019B,Unable to prosecute suspect
cd80abe5457b387df278d9a812491123655b763f2ca7d5b005c20adda8d52ea8,2018-12,Essex Police,Essex Police,0.242807,52.024423,On or near COMMON HILL,E01022079,Uttlesford 002D,Suspect charged
a0b1f9868fed5faeb04fe508886e386bc5d023bae7761608c76b5198c4e41533,2018-12,Essex Police,Essex Police,1.272509,51.936588,On or near HERON WAY,E01022000,Tendring 002A,Offender given a caution
6283084fc6bc55c703c23f052f4c3ed23fd07a7afe8dfe43cedd2aeb0f96eb26,2018-12,Essex Police,Essex Police,0.615627,51.651466,On or near MILLARS CLOSE,E01021612,Chelmsford 019B,Unable to prosecute suspect
e14be896a1423ae07f750c0d62e7defe461837b97035371722e868cd0858b434,2018-12,Essex Police,Essex Police,0.490430,51.723742,On or near Parking Area,E01021563,Chelmsford 014B,Investigation complete; no suspect identified
c37c91555fb73128da78d6cea3e42aba1935a545bdddd74903f47231c28a9edd,2018-12,Essex Police,Essex Police,0.261741,51.889938,On or near Airport/Airfield,E01022090,Uttlesford 006B,Local resolution
a60ea9e3e590189c7a83cb7a0e8bd68d9ac38287ffbfef7b0222d49131404d87,2018-12,Essex Police,Essex Police,0.428535,51.607373,On or near MAGNOLIAS,E01021254,Basildon 009A,Unable to prosecute suspect
62d10e3e71ac3b930b4a27446f6bc8dbdc86d95d3bc0d3086419a6195b4c36df,2018-12,Essex Police,Essex Police,0.615627,51.651466,On or near MILLARS CLOSE,E01021612,Chelmsford 019B,Unable to prosecute suspect
fa6baffa0e63e4efff5ed76087cb0a043a66075f5ef4df3ecbecb3bf3777a6d3,2018-12,Essex Police,Essex Police,0.319222,51.491793,On or near HOGG LANE,E01015957,Thurrock 009A,Unable to prosecute suspect
a2ef47bea4b72399317f74cccad2349dbcb2b0adb38ca5d15ee7acb2250d802a,2018-12,Essex Police,Essex Police,0.792587,51.538457,On or near Pedestrian Subway,E01015880,Southend-on-Sea 013E,Suspect charged
b2143d5d9d7cfaa88230bc63615d4bad0b49380fb91be1dbeb81f329dcb4087f,2018-12,Essex Police,Essex Police,0.631962,51.570043,On or near THE GABLES,E01015816,Southend-on-Sea 003C,Unable to prosecute suspect
5f1557c1d637abb5853cede15eba6398f21e2ab67341ba53677eeb0c00e9038d,2018-12,Essex Police,Essex Police,0.691044,51.873750,On or near NUNNS CLOSE,E01021377,Braintree 014A,Suspect charged
4bac023bf33045dd594d6512739f00f61d346c294288463a838e2b9526668a9d,2018-12,Essex Police,Essex Police,0.791589,51.539578,On or near FRASER CLOSE,E01015880,Southend-on-Sea 013E,Unable to prosecute suspect
6ed2961b8c246d2c7704a231741e982458e2aa107162f897dd6cc9be78a4bae8,2018-12,Essex Police,Essex Police,1.150947,51.786764,On or near EDITH ROAD,E01022025,Tendring 016B,Suspect charged
6ed2961b8c246d2c7704a231741e982458e2aa107162f897dd6cc9be78a4bae8,2018-12,Essex Police,Essex Police,1.150947,51.786764,On or near EDITH ROAD,E01022025,Tendring 016B,Suspect charged
0d2187ecb50fa7218db69789a4887e5c44c91dfee9bb4dd1f24620f1e9eeac38,2018-12,Essex Police,Essex Police,1.148985,51.799193,On or near GROOM PARK,E01021970,Tendring 016A,Suspect charged
fdbeb48a7e407bd17c69c0b4e4ccac8a73204700d60dc8fafc0b9eea2fa5e582,2018-12,Essex Police,Essex Police,0.908644,51.869810,On or near BUXTON ROAD,E01021637,Colchester 018A,Unable to prosecute suspect
dcde58a6e1bca5e39cf3c9e4cff29d28e2751a9dffef58a5500f593ecb98938e,2018-12,Essex Police,Essex Police,0.935337,51.921598,On or near A1232,E01021971,Tendring 005A,Unable to prosecute suspect
2b46c7cc48b584a3e6c572a7e38c3701ef4ec8815f92d48cd15e1689fd3c7082,2018-12,Essex Police,Essex Police,0.294422,51.628633,On or near THE COURTYARD,E01021431,Brentwood 004A,Unable to prosecute suspect
ae1ec51b0e8c7e7dd6cf90596f9bb9b995835298318628989899719e6299ebce,2018-12,Essex Police,Essex Police,0.294422,51.628633,On or near THE COURTYARD,E01021431,Brentwood 004A,Unable to prosecute suspect
addd4d4cd160d6d84a1f4ce43e7f473ff81e9d05b7b49e7c313015994e74f49d,2018-12,Essex Police,Essex Police,0.423863,51.583655,On or near Petrol Station,E01021274,Basildon 010D,Local resolution
8d071798a0c20f9fae06b31f233c9b59ec60865b51a33fb03370d202bda9b992,2018-12,Essex Police,Essex Police,0.294422,51.628633,On or near THE COURTYARD,E01021431,Brentwood 004A,Unable to prosecute suspect
ed4242ef682ecfb4e1eeed8e718a88de4ec8baa9905e4f03b28b69101b77cb32,2018-12,Essex Police,Essex Police,0.566837,51.542986,On or near STATION ROAD,E01021480,Castle Point 007A,Unable to prosecute suspect
8be188fc376fece12a2d03571da26cfd85ce32d104fa305a56f385b305c64b36,2018-12,Essex Police,Essex Police,0.074959,51.751221,On or near Sports/Recreation Area,E01021864,Harlow 011C,Unable to prosecute suspect
c54339cd20b9849175154ccf52e93b750a9bc6808c3b25ce9fda19de4a17a250,2018-12,Essex Police,Essex Police,0.862471,51.886709,On or near CHURCH LANE,E01021673,Colchester 009A,Investigation complete; no suspect identified
f0d0527c6169f2c064ed5a13ce0eeea47621eb7362f9e20e403660f30c58338f,2018-12,Essex Police,Essex Police,0.500879,51.590268,On or near Cricketers Retail Park,E01021307,Basildon 011C,Investigation complete; no suspect identified
77804d43b4d849ab95485f6335e66f1055d17f2509f5211bf3f2994ef7b502be,2018-12,Essex Police,Essex Police,0.083474,51.651271,On or near ROCHFORD AVENUE,E01021775,Epping Forest 011B,Investigation complete; no suspect identified
f90f52c0b8f427eb0ffdd0e2f3dfc6420d7801af27fe3b5fac238a6413c032fe,2018-12,Essex Police,Essex Police,0.479811,51.723913,On or near MOULSHAM CHASE,E01021577,Chelmsford 012B,Investigation complete; no suspect identified
08b92115b031eb575eeec3c5e43ea80b761b6cf113f12fe5314938d3226fe1f6,2018-12,Essex Police,Essex Police,0.606101,51.515292,On or near KEER AVENUE,E01021489,Castle Point 012A,Unable to prosecute suspect
1267d00ff4d23a3a3335f0e27a82026caac9980e62026cb9277f9a6376292b4b,2018-12,Essex Police,Essex Police,0.500938,51.570832,On or near Pedestrian Subway,E01021305,Basildon 013D,Suspect charged
4a7ee6d9e697ce23058b66954affe266da97bbb432b0709724ca828f82072181,2018-12,Essex Police,Essex Police,0.269797,51.472409,On or near OLIVER CLOSE,E01016012,Thurrock 015C,Investigation complete; no suspect identified
389255d14525cd1f1fb5b87475a11489ef7274612ad083505797b7d7b2cedbef,2018-12,Essex Police,Essex Police,0.352088,51.636143,On or near TIPTREE COURT,E01021451,Brentwood 003D,Investigation complete; no suspect identified
70340188f7fb3f883e3fb382f8bdde8d100fe68e1f116b307aadd336ba7a4f61,2018-12,Essex Police,Essex Police,0.500938,51.570832,On or near Pedestrian Subway,E01021305,Basildon 013D,Suspect charged
81922e3ccdc0659cadb6d79d94faa0609028e21bfb426be1c98194b4f416d1d4,2018-12,Essex Police,Essex Police,0.899183,51.910173,On or near Hospital,E01021682,Colchester 004D,Offender given penalty notice
fbf870e8611ff8e4d94936c3de8ec5895a68cb62722f3c347ad9ed8d78128d90,2018-12,Essex Police,Essex Police,0.168521,51.762049,On or near GREEN LANE,E01021768,Epping Forest 001A,Unable to prosecute suspect
942a8700387aac68536543ac535766d844e723b4b2af02fbbccb3df948369e56,2018-12,Essex Police,Essex Police,0.119639,51.771925,On or near LATTON HALL CLOSE,E01021847,Harlow 002D,Investigation complete; no suspect identified
bc9535062112de897bb2bcfee0ebd5eb18dbff2c06db4337d8b61ecad58440c0,2018-12,Essex Police,Essex Police,0.918266,51.890958,On or near OLD COACH ROAD,E01021648,Colchester 007C,Investigation complete; no suspect identified
9826abbb56bdbb5ba4cd5513cf4a7ee1ceab8af14dcc655204facc1665fd4544,2018-12,Essex Police,Essex Police,0.108071,51.697207,On or near Supermarket,E01021762,Epping Forest 005C,Investigation complete; no suspect identified
a17f85ad9701e8ee33acb14016e6220d2f4035fe5ace54c6da0bda07748688e4,2018-12,Essex Police,Essex Police,1.128869,51.803859,On or near ST JOHN'S ROAD,E01021977,Tendring 013C,Suspect charged
ed901e6e3cf886ef1157c3628abec09b3423be120c92a7f7c038e0d8fd72fcaf,2018-12,Essex Police,Essex Police,0.426494,51.515154,On or near Supermarket,E01015989,Thurrock 005A,Suspect charged
9f6d11b1b29aa582f3aaa65fdc4458b8c5b7340e60daade1417df3954cee3b73,2018-12,Essex Police,Essex Police,0.299271,51.626236,On or near ONGAR ROAD,E01021434,Brentwood 004C,Investigation complete; no suspect identified
659c64ea3de75768c78f6d33fca9f340bd5748ae460c73834470abdd93d2ca11,2018-12,Essex Police,Essex Police,0.473945,51.739280,On or near NEW STREET,E01021574,Chelmsford 010A,Investigation complete; no suspect identified
4050ce928954324a8483e262baf8f7328e2f8c3e5f7fa5f547327c9cac304488,2018-12,Essex Police,Essex Police,0.285907,51.477510,On or near CHARLOTTE PLACE,E01016011,Thurrock 015B,Investigation complete; no suspect identified
30420647d20930d2b2e9737c60c85a3f4c12832df1765af30c9e176c4fda761a,2018-12,Essex Police,Essex Police,0.547918,51.873188,On or near GIFFINS CLOSE,E01021366,Braintree 010B,Investigation complete; no suspect identified
61769af1b3586920ee39d06dcc985f8635e1b4e06ed7bb8ae5ae6a65d14027aa,2018-12,Essex Police,Essex Police,0.134281,51.756912,On or near HILLSIDE,E01021835,Harlow 008C,Investigation complete; no suspect identified
676df69e1154d8da6dc64caca51c4afab4aec693f47bb68c1da457787313e3d0,2018-12,Essex Police,Essex Police,0.710811,51.534764,On or near CLIFTON MEWS,E01015852,Southend-on-Sea 015B,Investigation complete; no suspect identified
e7177df36c601af0cab5b246d19c21cf62ffbc2c3c0929d5ff1f0f88de4c0c22,2018-12,Essex Police,Essex Police,0.034669,51.629295,On or near HIGH ROAD,E01021746,Epping Forest 015E,Investigation complete; no suspect identified
78e3b38825601545d5449972d14824c4e9e5f144e428b76da912f8585e961a43,2018-12,Essex Police,Essex Police,1.118338,51.784127,On or near TUDOR CLOSE,E01021989,Tendring 018B,Unable to prosecute suspect
a3e12040299ee60745fc5b61740e8bb7b6ac916b839dd253f4e0b54591cf8ed3,2018-12,Essex Police,Essex Police,0.894357,51.889409,On or near Theatre/Concert Hall,E01021646,Colchester 007A,Investigation complete; no suspect identified
f5a0fbfc5b2e5435d04aed4a5706fe0b381bab58b2739d1298339f198c7b17eb,2018-12,Essex Police,Essex Police,0.340551,51.489966,On or near WENTWORTH PLACE,E01015964,Thurrock 010B,Unable to prosecute suspect
50bb84211cd3575a23c0eb6e9a55becca933ae879f2284db7296d5a4bb910b2a,2018-12,Essex Police,Essex Police,0.541117,51.880638,On or near MALYON CLOSE,E01021365,Braintree 009D,Investigation complete; no suspect identified
c879f3c23915621b0f9b7ea9d87709f1e2cda754065ee97df00411c9936dd4f5,2018-12,Essex Police,Essex Police,0.590987,51.571243,On or near COMMON LANE,E01021510,Castle Point 002B,Investigation complete; no suspect identified
7eae8625bdbd75f5b95eed2111fc7fae8044d473bd8414dc32f6c78e54670a41,2018-12,Essex Police,Essex Police,0.717799,51.671251,On or near Petrol Station,E01021874,Maldon 007B,Unable to prosecute suspect
6ba07b5d2b35551dbb6a78efe7fcc109c6ea7b03621cf0a69afa5d9b96357b90,2018-12,Essex Police,Essex Police,0.534536,51.571109,On or near UNA ROAD,E01021312,Basildon 011F,Investigation complete; no suspect identified
2b18251b42449a46893a48cd6c245816697bbc80144e8ee40622d4eac932db2c,2018-12,Essex Police,Essex Police,0.734075,51.550691,On or near EASTCOTE GROVE,E01015875,Southend-on-Sea 006G,Investigation complete; no suspect identified
9ceb4da346144d8df07a3ca121601bb38a1f44617914bd559097fc2647d43ff1,2018-12,Essex Police,Essex Police,0.293520,51.482298,On or near MAYFLOWER ROAD,E01033610,Thurrock 019B,Unable to prosecute suspect
33c4226d8fec56d1c717e4e56b756c01b671dbb7078504256a67eb6269da4195,2018-12,Essex Police,Essex Police,0.465424,51.774576,On or near Hospital,E01021542,Chelmsford 002A,Investigation complete; no suspect identified
8fa9309161026efeb8475e02e08f2c49b704264826650312fe7f003f24e71f97,2018-12,Essex Police,Essex Police,0.563358,51.865218,On or near GREENE VIEW,E01021372,Braintree 011C,Investigation complete; no suspect identified
33cb0ce31c1f35450a7c44a7254ae9e0ee69804be8467d8d655020099256b17b,2018-12,Essex Police,Essex Police,0.087642,51.673715,On or near ROBIN'S LANE,E01021804,Epping Forest 010C,Unable to prosecute suspect
528c4b397c281ce4a30a225a9144c955986653af8507306fbf159a07a582347a,2018-12,Essex Police,Essex Police,0.462457,51.585127,On or near Nightclub,E01021268,Basildon 015B,Investigation complete; no suspect identified
5a39b71388a7690544ab52fc56afe53b869b074e9d592515b9068bd0f4bf20a1,2018-12,Essex Police,Essex Police,0.289542,51.512422,On or near ARAGLEN AVENUE,E01015976,Thurrock 007F,Unable to prosecute suspect
f365e7bf6aa2e78959d9bd905248325413a7b258555a804b663939d8bd2d46ef,2018-12,Essex Police,Essex Police,-0.000232,51.686619,On or near Police Station,E01021818,Epping Forest 009C,Local resolution
89877dd66c7cf370213d02f8c45d14e424baf91b7c3a155f266d447e17dea042,2018-12,Essex Police,Essex Police,0.477311,51.732761,On or near HIGH BRIDGE ROAD,E01033140,Chelmsford 010F,Suspect charged
f3b6fa2134f21141a98da7acab82683bbb3dadf1b65e17bb83b9862d3c809e29,2018-12,Essex Police,Essex Police,0.669724,51.817965,On or near Petrol Station,E01021362,Braintree 015A,Investigation complete; no suspect identified
7913976af4bb7f3a581d48d6df0062be01aae525eb9876f4ae9c325c4e2858d7,2018-12,Essex Police,Essex Police,0.400604,51.526074,On or near VICTORIA ROAD,E01015980,Thurrock 004D,Investigation complete; no suspect identified
792a80c1a3cd63f1975cfc4a0e374f6997b460ea05025756fdc9ffe3f93c33c8,2018-12,Essex Police,Essex Police,0.284565,51.510307,On or near EDEN GREEN,E01015976,Thurrock 007F,Unable to prosecute suspect
5b2febe0bdf0fb14cd5682a4385730105429e1739bdb986446b576cb0c2e3512,2018-12,Essex Police,Essex Police,0.209127,51.986689,On or near WILLOW VALE,E01022073,Uttlesford 003D,Investigation complete; no suspect identified
5a9abfaf764856683629d990b98aec141fc75203cdabb3683d87a6df2acfe426,2018-12,Essex Police,Essex Police,0.706305,51.588830,On or near THE BOULEVARD,E01021954,Rochford 007D,Local resolution
c0fa01c37bab7f8c396bb49674ee34cad0b01119f65ab1a662b775eabd04d460,2018-12,Essex Police,Essex Police,0.310333,51.477247,On or near CASTLE ROAD,E01015951,Thurrock 017A,Investigation complete; no suspect identified
7ec60484f36805da2f9757188b89fd6d549bc68350c320eec08ebbf541b955f0,2018-12,Essex Police,Essex Police,0.053954,51.633357,On or near LOUGHTON WAY,E01021785,Epping Forest 014D,Unable to prosecute suspect
bfc654d2faf9026a827c7e619b42d537ff5cd9fae2aee74ded90b1e0ffa989d7,2018-12,Essex Police,Essex Police,0.709743,51.544690,On or near Police Station,E01015895,Southend-on-Sea 010A,Unable to prosecute suspect
2ce353fa88174ed2a22697753585efa6836f058bd92bc0b48a6ca3d0990051e5,2018-12,Essex Police,Essex Police,0.301208,51.479657,On or near PALMERSTON GARDENS,E01016015,Thurrock 015F,Investigation complete; no suspect identified
52f38c927cf10292d1faf5f26eced016f55f785818bb59ea4197d32f432545b2,2018-12,Essex Police,Essex Police,0.466253,51.737400,On or near Parking Area,E01021574,Chelmsford 010A,Suspect charged
0a9632725d70491da5f00f23cef5d75f4d7d75e1d9e5770413319e5e7a328788,2018-12,Essex Police,Essex Police,0.113040,51.700130,On or near Police Station,E01021757,Epping Forest 006B,Unable to prosecute suspect
1b60ec5919c608c043ea21c49378edd42db76c7aafd8ddc6900170d409605fca,2018-12,Essex Police,Essex Police,0.284490,51.487772,On or near Shopping Area,E01016011,Thurrock 015B,Investigation complete; no suspect identified
543290cf9d22d53d2880f6fd8aeeba8c9440ea2db11119eedea593aa21e7fffc,2018-12,Essex Police,Essex Police,0.648496,51.560030,On or near WOOD FARM CLOSE,E01015819,Southend-on-Sea 003F,Investigation complete; no suspect identified
54b22fa7785531c314d1755ed59c24ac42596d868ee186ef1dd4eb3a8f197b65,2018-12,Essex Police,Essex Police,0.475573,51.698039,On or near BARNARD ROAD,E01021554,Chelmsford 017C,Unable to prosecute suspect
b61d7f1735f4ffb2dbe222620bbee9a5f2592bf1b87818cc5e59e7757a640ad5,2018-12,Essex Police,Essex Police,1.082912,51.879103,On or near CHURCH ROAD,E01022019,Tendring 003E,Investigation complete; no suspect identified
d32967cc7c4424e241976e00472b20c3dea1505d7416dba8a5c0b77c60b5c0f2,2018-12,Essex Police,Essex Police,0.623887,51.556131,On or near WOODLAND CLOSE,E01021517,Castle Point 005A,Investigation complete; no suspect identified
5241a57f48af848f3d12cb19eed518056ec6f87ae46445263ac92774b6bba930,2018-12,Essex Police,Essex Police,0.245717,51.499609,On or near BLENHEIM GARDENS,E01015925,Thurrock 008D,Investigation complete; no suspect identified
693b280d67df29df466bda52f721e2c87ba74381eddb929fd184d93a4632f03a,2018-12,Essex Police,Essex Police,,,No location,,,Unable to prosecute suspect
cdb991150dd9e444c4c46e0a2f807cef159b0e45aabc9c30b16727d82dbd3721,2018-12,Essex Police,Essex Police,0.489921,51.731352,On or near RUSKIN ROAD,E01021628,Chelmsford 008E,Investigation complete; no suspect identified
45c3fb740cdcfc238794dcb6642c7cac0e697fce153dd3af14bc87c005c2306a,2018-12,Essex Police,Essex Police,0.410087,51.515078,On or near HORNDON ROAD,E01015979,Thurrock 004C,Investigation complete; no suspect identified
6401f3832da0e9b60339aac0646502fb98ed5e85039fafe21dc3ec871bdea1bb,2018-12,Essex Police,Essex Police,0.657650,51.543059,On or near CANONSLEIGH CRESCENT,E01015847,Southend-on-Sea 011C,Unable to prosecute suspect
7a0a89fede159b70ff8539517f872bfd4b4a472be5468b0b9ee5a2f2c2ea9287,2018-12,Essex Police,Essex Police,0.289542,51.512422,On or near ARAGLEN AVENUE,E01015976,Thurrock 007F,Unable to prosecute suspect
37b03fa9b617e43c84699d7cf69498cb000996db36c1644396efd8abbb7551dc,2018-12,Essex Police,Essex Police,0.489634,51.734290,On or near SPRINGFIELD PARK ROAD,E01021628,Chelmsford 008E,Investigation complete; no suspect identified
d1845adc4002eb5ac51ad57f6eb2beba8f5cc1f1db0a1d525490d9c2873af72f,2018-12,Essex Police,Essex Police,0.590987,51.571243,On or near COMMON LANE,E01021510,Castle Point 002B,Investigation complete; no suspect identified
2a8d55f18b1deb4626666cfe8464170459e35c2569fd0777da10ca02bcb94848,2018-12,Essex Police,Essex Police,0.268519,51.497722,On or near M25,E01015926,Thurrock 008E,Investigation complete; no suspect identified
e8c7d95f90a5510103a4f4ec4d1bc41af874b4a61fce4086b23ba1db8ed9a91d,2018-12,Essex Police,Essex Police,1.175985,51.855534,On or near BYNG CRESCENT,E01021974,Tendring 007B,Investigation complete; no suspect identified
672e61037a29e4c93e8031b313dddcc600aa959f1d63b4eaf0b244dd007c8d67,2018-12,Essex Police,Essex Police,0.853072,51.679346,On or near Park/Open Space,E01021907,Maldon 006E,Unable to prosecute suspect
25b71cfadb305f3d832badc57dc1b97e9f4ca97d84e906b9bdd668fedf53b318,2018-12,Essex Police,Essex Police,0.234590,51.486854,On or near LONG COURT,E01016014,Thurrock 015E,Investigation complete; no suspect identified
7e485afc2b6783b055bede6180d57f0ed8fbd4e2e2dda7ca3f212e166ff0a01c,2018-12,Essex Police,Essex Police,0.924353,51.898740,On or near WILSON MARRIAGE ROAD,E01021703,Colchester 022E,Unable to prosecute suspect
b5b890cdc00b3b8fdb07c911798b77379c2db54aac046fb957bdf900e8a38084,2018-12,Essex Police,Essex Police,0.937815,51.896731,On or near BROMLEY ROAD,E01021697,Colchester 008B,Unable to prosecute suspect
d0e1cfdb4aef00cabc06099a62122ba21add4775290e4c6bdd00fcf55865bbd8,2018-12,Essex Police,Essex Police,0.166241,51.919495,On or near WATTS YARD,E01022089,Uttlesford 005G,Investigation complete; no suspect identified
3d1df27082909b713e5da4b71c7a53af06f8b880f176e38d228d3478c3b986de,2018-12,Essex Police,Essex Police,0.549708,51.874273,On or near CLAIRMONT CLOSE,E01021365,Braintree 009D,Investigation complete; no suspect identified
661783fced125a286eae868c0559e2466c58bfacad70f9b66f8122b11a5b8b90,2018-12,Essex Police,Essex Police,0.924702,51.868314,On or near SAVILL ROAD,E01021667,Colchester 016F,Unable to prosecute suspect
aac8dae7c7d82b79a09b85f5937aeea7fd669de8ab9b46d8ad4704f99e91a1a6,2018-12,Essex Police,Essex Police,0.530074,51.930301,On or near CODHAM LITTLE PARK DRIVE,E01021413,Braintree 005D,Unable to prosecute suspect
88ce2973cf7a3243ff72e071757fa451baf656970c2bd38ede17bae9a93d81f1,2018-12,Essex Police,Essex Police,1.244191,51.929511,On or near ABDY AVENUE,E01033051,Tendring 002F,Formal action is not in the public interest
a797548bd2cafcc761c81c7419b1082f7b3a9bd28470995cbf919322f282193d,2018-12,Essex Police,Essex Police,1.055449,51.903555,On or near PAYNE'S LANE,E01021972,Tendring 005B,Investigation complete; no suspect identified
908c3e1d4e2db0afb5effcdacdc62ad4d7224131e10725b954f7f4e35388422c,2018-12,Essex Police,Essex Police,0.703733,51.543813,On or near SWEYNE AVENUE,E01015896,Southend-on-Sea 010B,Investigation complete; no suspect identified
0bf80d6f74205ec19752d6f0e815d669d00370d76c7c5f37ac281098e9ccacb5,2018-12,Essex Police,Essex Police,0.491982,51.571481,On or near ROSE ACRE,E01021326,Basildon 022D,Unable to prosecute suspect
135614d97b866fffeda4013c712a81b36e347f0b883fc8127b157b359628a483,2018-12,Essex Police,Essex Police,0.457893,51.569044,On or near MARKET SQUARE,E01021318,Basildon 015C,Unable to prosecute suspect
2b9b7df1fa3521f9aabdcb37e285a352138b72530f279de335711beecc1b1f46,2018-12,Essex Police,Essex Police,0.102611,51.752645,On or near AYLETS FIELD,E01021858,Harlow 010B,Investigation complete; no suspect identified
124088a0c711b827f48d9d65c2b4595c0f90acddbe3278a5b2399cb74595380a,2018-12,Essex Police,Essex Police,0.924353,51.898740,On or near WILSON MARRIAGE ROAD,E01021703,Colchester 022E,Unable to prosecute suspect
70731395d83389d01b5a1d73e166ad0430e556c6913d1fca4233cba84dfac38f,2018-12,Essex Police,Essex Police,0.249780,51.479693,On or near ULVERSTON,E01016012,Thurrock 015C,Action to be taken by another organisation
8b31b6ec9307cdc4560de5ba9a7eeb381b66f574f39f036cd85569bdcf8688c2,2018-12,Essex Police,Essex Police,1.093192,51.896326,On or near B1035,E01022019,Tendring 003E,Unable to prosecute suspect
68543650d6dba191123c543d989660722500a02ce29ba30ae64aa70c22403bb1,2018-12,Essex Police,Essex Police,0.561195,51.879042,On or near ALBERT ROAD,E01033459,Braintree 009F,Investigation complete; no suspect identified
b5f3d14aa511bfbc84f0de5052c6dcdbbe1fd1260027b5e597b46950ff015a62,2018-12,Essex Police,Essex Police,0.637722,51.565093,On or near RYDE CLOSE,E01015816,Southend-on-Sea 003C,Investigation complete; no suspect identified
43697065045fed311a1cc4d2ae065ff88b66633d5d741402d609aba069810749,2018-12,Essex Police,Essex Police,0.135652,51.704883,On or near COOPERSALE COMMON,E01021756,Epping Forest 006A,Investigation complete; no suspect identified
c14d4bacdb0ecb1ea397a97dd317979de807c119ce17cef5091fb6745fccf81d,2018-12,Essex Police,Essex Police,0.714143,51.536234,On or near Shopping Area,E01015852,Southend-on-Sea 015B,Investigation complete; no suspect identified
c0ef3e4d2d2743ad2486c876a4e278e4bffe5707c06ca0ff433f80131681ed87,2018-12,Essex Police,Essex Police,0.097962,51.615942,On or near HIGH ELMS,E01021765,Epping Forest 017B,Investigation complete; no suspect identified
7faf4c571ed8e7f3df72db4429c47b5b022d9c82ae396b48aa6606f1fd0ae22f,2018-12,Essex Police,Essex Police,0.731030,51.823419,On or near KELVEDON ROAD,E01021643,Colchester 019A,Investigation complete; no suspect identified
462ef8d8756ff748be141ca622e398445aa8c2bbc80488fc44c6b452ed2c1b5c,2018-12,Essex Police,Essex Police,0.035988,51.627788,On or near Sports/Recreation Area,E01021746,Epping Forest 015E,Investigation complete; no suspect identified
097a197bca29fc6369c10ac7a08473801b68cf36c15462ca6d62f7138b62e90f,2018-12,Essex Police,Essex Police,0.116417,51.779581,On or near TANY'S DELL,E01021845,Harlow 002B,Investigation complete; no suspect identified
ddb4e39ad7a856ea92ba38ec0067c83677a34ccfa10405420b39cdb087ae9112,2018-12,Essex Police,Essex Police,0.279453,51.510973,On or near EASINGTON WAY,E01015972,Thurrock 006C,Action to be taken by another organisation
fa598e28512412f2b3a966fbfc733bbd159ae1f4aa492a700a87fc322c0aec3d,2018-12,Essex Police,Essex Police,0.337973,51.476474,On or near SPURGEON CLOSE,E01015969,Thurrock 014D,Investigation complete; no suspect identified
c0d7c08e9f6e00423b9680d7368ab1e039c581dbf6fe033bfc58efd603ee7006,2018-12,Essex Police,Essex Police,0.243209,51.877938,On or near TAYLORS END ROAD,E01022090,Uttlesford 006B,Offender given a drugs possession warning
17ab76c055e2f522f5abe07d6938814a9e62f0e792d5b80e9d86dcd091bee626,2018-12,Essex Police,Essex Police,0.138429,51.772007,On or near GREAT AUGUR STREET,E01021857,Harlow 001D,Unable to prosecute suspect
31fe8b8d9a839d0aa6d13d9998fe41760807edb623f5894e7e35e5cd8486a51d,2018-12,Essex Police,Essex Police,0.897825,51.889081,On or near CULVER STREET WEST,E01021649,Colchester 007D,Investigation complete; no suspect identified
67c4f509589d94640f4f52a7123f52ff0bd01ccac91ab889cb8ce7aa03244f4a,2018-12,Essex Police,Essex Police,0.092379,51.613605,On or near MANOR ROAD,E01021765,Epping Forest 017B,Unable to prosecute suspect
eea095c5c81146e3513ec715c12049aa1deb7089383975611037e5e5d6d24330,2018-12,Essex Police,Essex Police,0.086144,51.607394,On or near Supermarket,E01021764,Epping Forest 017A,Investigation complete; no suspect identified
c3981ebbac5ae18920195fdfe095c87069e87807dc442d32e09c8524e36f7cd9,2018-12,Essex Police,Essex Police,0.798196,51.538665,On or near GOYA RISE,E01015881,Southend-on-Sea 013F,Investigation complete; no suspect identified
ddf64c2e8fbba48ba10256f31c46cd68a0e9f37bea3ee27de77e7c00ea7d48fd,2018-12,Essex Police,Essex Police,0.361482,51.494151,On or near SQUIRREL'S CHASE,E01015937,Thurrock 012E,Investigation complete; no suspect identified
0783cc3ac7923bf0bbf3186a549cbdaf267368ac926732a0b27f645ac5d13078,2018-12,Essex Police,Essex Police,0.273239,51.503692,On or near FYFIELD DRIVE,E01015928,Thurrock 007B,Investigation complete; no suspect identified
8a2cbb20fb7029d1af54917229b9b55497edee9e95906d076238f7005d8c5065,2018-12,Essex Police,Essex Police,0.509595,51.614274,On or near ELIZABETH DRIVE,E01021333,Basildon 006E,Investigation complete; no suspect identified
a1d1c20212fb541790050e96af78d702a147d5423181b72870c7a4a3420985e6,2018-12,Essex Police,Essex Police,0.559771,51.571766,On or near Petrol Station,E01021525,Castle Point 001D,Investigation complete; no suspect identified
bac19cb14d477dd6ebfcbb89cc169e8365acc7d89579b9652ede032fe746d930,2018-12,Essex Police,Essex Police,0.472257,51.733569,On or near Shopping Area,E01033141,Chelmsford 010G,Investigation complete; no suspect identified
4554ed8fc1a6104793684897f5f0b10646e756c5bf0881ec2949e42f0779843c,2018-12,Essex Police,Essex Police,0.786204,51.543510,On or near BARRINGTON CLOSE,E01015878,Southend-on-Sea 013C,Suspect charged
364a390728e3aeeb91b4fc6809f3d4021bfc9f577fac5fa1cf1105cab3f13536,2018-12,Essex Police,Essex Police,0.642010,52.084813,On or near PENTLOW LANE,E01021406,Braintree 002B,Investigation complete; no suspect identified
75d61803a9d5a3fc8355202d70dcc2568ff9a89e0fd8612b6569c54a8729a767,2018-12,Essex Police,Essex Police,0.463834,51.577499,On or near WALDRINGFIELD,E01021266,Basildon 015A,Investigation complete; no suspect identified
6451271013a1ebe4073b539e6c8fa3e9c45492758b6423d00a646952f30e50e6,2018-12,Essex Police,Essex Police,0.703342,51.540125,On or near LONDON ROAD,E01015896,Southend-on-Sea 010B,Investigation complete; no suspect identified
3b79d399f58c971325af16526f93d59d510d19bd5979d088a8476ead227500af,2018-12,Essex Police,Essex Police,0.929648,51.885162,On or near Supermarket,E01033722,Colchester 008H,Investigation complete; no suspect identified
abb26830e04be61652ef09f6164813093abfee277458b807cb3f3fde351b9f3a,2018-12,Essex Police,Essex Police,0.094481,51.770766,On or near EAST GATE,E01021872,Harlow 007E,Investigation complete; no suspect identified
483db1e4276e85f8280ef0a22f845c9a86f42db6923bdd4e042c4566bbd230af,2018-12,Essex Police,Essex Police,0.561333,51.877114,On or near WICKHAM CRESCENT,E01033458,Braintree 009E,Investigation complete; no suspect identified
dd5a9b8a31f0ca1117d37b1203842290a85bded064a43a82df39cd00d3bcaef0,2018-12,Essex Police,Essex Police,0.289636,51.509129,On or near BINGHAM CLOSE,E01015932,Thurrock 006A,Unable to prosecute suspect
e18fd1db1e266be0479227d1b4a614339d8db75b692a6d38b0879fba8f2f46a6,2018-12,Essex Police,Essex Police,0.617481,51.643493,On or near Queen Elizabeth Way,E01021613,Chelmsford 019C,Investigation complete; no suspect identified
4c6f1890e516511ac755aacb0ccb9c6a0361c07bd8c7a0587c2fb1601f5177ae,2018-12,Essex Police,Essex Police,1.286660,51.943245,On or near STATION ROAD,E01021997,Tendring 001A,Investigation complete; no suspect identified
b60363edc0567011c7a01809f80e548d9909658f882b597c945afb808c62fa17,2018-12,Essex Police,Essex Police,0.660671,51.547388,On or near Supermarket,E01015850,Southend-on-Sea 011F,Investigation complete; no suspect identified
75dab1d12a718799037cee81a46ee007d79b88c073953c47aefd5e4aa9127cda,2018-12,Essex Police,Essex Police,0.639707,51.799461,On or near Newland Street,E01021416,Braintree 017B,Unable to prosecute suspect
7dea9d5c0ac4c3fc0d1e92d8089b122494cd044fe03c6fe6138faeb4ce08b208,2018-12,Essex Police,Essex Police,0.357952,51.584234,On or near BRENTWOOD ROAD,E01021446,Brentwood 009B,Investigation complete; no suspect identified
ed6868b25de591ea570724ceb699241fe0b53f2acbbfe825eecf424377f259f1,2018-12,Essex Police,Essex Police,0.599054,51.554804,On or near ST JOHN'S ROAD,E01021520,Castle Point 006C,Investigation complete; no suspect identified
5faed68595aeeb62122a0d3e2e4eaa3a3497ff672d58cf9d0ac398aa3619c824,2018-12,Essex Police,Essex Police,0.289636,51.509129,On or near BINGHAM CLOSE,E01015932,Thurrock 006A,Action to be taken by another organisation
6c74f261ecf4c27baa2b3afa17e665fc2d910234e2284e4b5e6f1a5b2c4b581a,2018-12,Essex Police,Essex Police,-0.002165,51.686760,On or near Supermarket,E01021818,Epping Forest 009C,Investigation complete; no suspect identified
c96b77c56cc79852893a926949c7415a2b89de5f6102ec0ba760b4bb3aa8264b,2018-12,Essex Police,Essex Police,0.106498,51.695751,On or near Petrol Station,E01021758,Epping Forest 006C,Action to be taken by another organisation
bcf59f6a1b4c65775853f7e1a8ce3f3388081d7741ee7cd91dfd07f549e7ddb7,2018-12,Essex Police,Essex Police,0.705487,51.538601,On or near PARK STREET,E01015854,Southend-on-Sea 015D,Suspect charged
21c2ab7a1460709b0a87650808603422421438deb220b4baf4ee70ae6b0b08c4,2018-12,Essex Police,Essex Police,0.905481,51.866947,On or near SAGE ROAD,E01021638,Colchester 018B,Action to be taken by another organisation
0d17d11593a9782c59d26c02efa9844e980a68c366f79bb3e47846f8f0c37dfa,2018-12,Essex Police,Essex Police,0.896245,51.888706,On or near HEAD STREET,E01021649,Colchester 007D,Investigation complete; no suspect identified
36c0e4bd0e16ed6c27b2d19538c47f806e290cd460ff75cc6e8ff4e93507e641,2018-12,Essex Police,Essex Police,0.780740,51.539296,On or near Supermarket,E01015882,Southend-on-Sea 013G,Suspect charged
6518972ec3255ebf12018796bb921749193633fbc14e119707821f87afbef577,2018-12,Essex Police,Essex Police,0.460775,51.569775,On or near Parking Area,E01021318,Basildon 015C,Suspect charged
58af1f8df5b96d90c0fc7612e246e0adead3bd2aa2b3f54e4f0d5834c777ce8b,2018-12,Essex Police,Essex Police,0.905481,51.866947,On or near SAGE ROAD,E01021638,Colchester 018B,Unable to prosecute suspect
fcdc8b11be7e983ae9f51de57bf330074205c88977839f37ea8e355c26ded57d,2018-12,Essex Police,Essex Police,0.323992,51.477085,On or near Shopping Area,E01015954,Thurrock 017D,Investigation complete; no suspect identified
79a711dbed236e1c0db75558aeb4cb51b7a53d53f23b2006e8b4de2dc62429ef,2018-12,Essex Police,Essex Police,0.687513,51.608481,On or near STANLEY ROAD,E01021929,Rochford 002D,Investigation complete; no suspect identified
1b6920047533a1927de32071fc5212c4060a0f3d74d49fe75be8e267854611e0,2018-12,Essex Police,Essex Police,0.284143,51.486609,On or near Shopping Area,E01016011,Thurrock 015B,Investigation complete; no suspect identified
5805f28f4a995e465b2421f158ba06324bef6bd6bc547d3d0c7b03802aad334f,2018-12,Essex Police,Essex Police,0.427931,51.581161,On or near ARNE COURT,E01021274,Basildon 010D,Unable to prosecute suspect
5e448d736c76ffa1160f55b1543758af4b3e84c3fe11eaf83e712b5689b1ec36,2018-12,Essex Police,Essex Police,0.464723,51.570987,On or near Pedestrian Subway,E01021318,Basildon 015C,Investigation complete; no suspect identified
e84293190089d577893c0d1d05e501cdde81c5ac0a74fff90e4cca6126bb393c,2018-12,Essex Police,Essex Police,0.113040,51.700130,On or near Police Station,E01021757,Epping Forest 006B,Investigation complete; no suspect identified
bbccd8605d35bac8aaf466aedfdfc1984c810e8127299cc9e958502920a43e08,2018-12,Essex Police,Essex Police,0.113040,51.700130,On or near Police Station,E01021757,Epping Forest 006B,Investigation complete; no suspect identified
a95acc17ab2fe85a048043abe3dc49266b64de5424d3d748cf261f1ae0e6c977,2018-12,Essex Police,Essex Police,0.113040,51.700130,On or near Police Station,E01021757,Epping Forest 006B,Investigation complete; no suspect identified
145bed993d3f44f96f7d2b26d9e0591e802205fb393a3529ef1d3e24f2689235,2018-12,Essex Police,Essex Police,0.113040,51.700130,On or near Police Station,E01021757,Epping Forest 006B,Investigation complete; no suspect identified
bf94f6371c0be2cb10928417ca0d28ffbbcfbfb31fbb04be2aa7a64570ffc58a,2018-12,Essex Police,Essex Police,0.113040,51.700130,On or near Police Station,E01021757,Epping Forest 006B,Investigation complete; no suspect identified
cf08bbd9c01037c455a5444f05c891b76847f26c3fa3d7f9ae635e95124f5477,2018-12,Essex Police,Essex Police,0.681655,51.548295,On or near FAIRMEAD AVENUE,E01015903,Southend-on-Sea 007C,Investigation complete; no suspect identified
e474bc3e4ca8fed34147d11ef07ad659392eff7504a1c3ff587382ab17373405,2018-12,Essex Police,Essex Police,0.255495,51.498900,On or near HIGH STREET,E01015921,Thurrock 015A,Suspect charged
7dddf18a6a483269df717e8f0ab3fafe88d3cdf95f43ec4f9d9a561c045eaa6e,2018-12,Essex Police,Essex Police,0.325241,51.831165,On or near THE STREET,E01022096,Uttlesford 009D,Unable to prosecute suspect
ee6ca4d59d19b706b1949c6f48ac00e44a006e2de4a620a97cc54acdd5b0a16a,2018-12,Essex Police,Essex Police,0.455832,51.749300,On or near MELBOURNE AVENUE,E01021589,Chelmsford 006C,Unable to prosecute suspect
faade9c76b747e17de8a5545dee680d3b968e366463e03cfaf1573d4288fcb6d,2018-12,Essex Police,Essex Police,0.297914,51.517546,On or near REDWOOD CHASE,E01015975,Thurrock 006F,Investigation complete; no suspect identified
9d6a782a3f5c757477cd44caf0ed7c51e5b41ba54403358775a44fd22d90739e,2018-12,Essex Police,Essex Police,0.641352,51.800800,On or near NEWLAND STREET,E01021416,Braintree 017B,Unable to prosecute suspect
b4b436fa20589ee6a21f86aea4c647f7d1edca827ba61c0b1b101934feeccbda,2018-12,Essex Police,Essex Police,0.108431,51.784581,On or near Shopping Area,E01021845,Harlow 002B,Investigation complete; no suspect identified
ab70c8f9c11123bcdacf49f93f7e0f3e20adcee706effe83b976ddb07814c609,2018-12,Essex Police,Essex Police,0.337164,51.491068,On or near HEATH VIEW GARDENS,E01015964,Thurrock 010B,Investigation complete; no suspect identified
983e6486d8beeffc5f6c937e438d83475c5eda3c166dc07663eddb7cd2b5e091,2018-12,Essex Police,Essex Police,0.484223,51.560719,On or near SWANSTEAD,E01021325,Basildon 019D,Investigation complete; no suspect identified
f61192bd3d95363224a7a5b0a042a14d2aa44e99fecace2d793943e49a1ead64,2018-12,Essex Police,Essex Police,0.539912,51.589618,On or near SOUTHEND ARTERIAL ROAD,E01021344,Basildon 008D,Unable to prosecute suspect
1fc6307731ade83743a7297b2b79fae1e9dacd245c29edd8c6cf7ba732418e63,2018-12,Essex Police,Essex Police,0.578762,51.565361,On or near GOLDEN MANOR DRIVE,E01021512,Castle Point 004D,Unable to prosecute suspect
a39c3720df8fc3232ca22be3c97a9edbab92c88813dfaa96febf42021b4c8636,2018-12,Essex Police,Essex Police,0.899327,51.860714,On or near THOMAS BENOLD WALK,E01021639,Colchester 018C,Unable to prosecute suspect
117f32e389f35ce08a040237143fa4294ed50f7fb3bb791da6f11dd27e543af9,2018-12,Essex Police,Essex Police,0.683230,51.872823,On or near KNIGHTS ROAD,E01021378,Braintree 014B,Unable to prosecute suspect
fc2db0312fbac872acaddcd1fdfc88bdd30fbd67c701285e5a624a01e7b6df17,2018-12,Essex Police,Essex Police,0.783902,51.565096,On or near CARPENTERS,E01021917,Rochford 010A,Local resolution
baa6c96a59433dca8ffd20341b69563cf872f79ddb38e1b55f8dff7c43169444,2018-12,Essex Police,Essex Police,0.096056,51.768166,On or near SOUTH GATE,E01021868,Harlow 007B,Investigation complete; no suspect identified
a5ce0add9bcef54ef28c8e460aa6fbd462a07b6a037a4524256c8062057f2091,2018-12,Essex Police,Essex Police,0.785338,51.542793,On or near MONTGOMERY COURT,E01015878,Southend-on-Sea 013C,Unable to prosecute suspect
d8d02b335031d99c77336076bf4a3490c5751cdbd41b1353453118ceb4d30553,2018-12,Essex Police,Essex Police,0.436259,51.567661,On or near CLIFFORD CLOSE,E01021288,Basildon 016B,Investigation complete; no suspect identified
d95cd11eb3296acc6ad88f985993ddfb51a095a6c844f189654a25a4e7e1f1c9,2018-12,Essex Police,Essex Police,0.908447,51.890392,On or near LAND LANE,E01021648,Colchester 007C,Investigation complete; no suspect identified
fc93a1e34ab27416fb2c3d1b567f7a0db8aba24ccf37de1928ef4cf89052f4c6,2018-12,Essex Police,Essex Police,0.484654,51.736715,On or near Prison,E01021627,Chelmsford 010E,Action to be taken by another organisation
86c05993899afbc8e8b15ed83cbcae291d86898b5ad52e3829db2e28d1b7c888,2018-12,Essex Police,Essex Police,0.094481,51.770766,On or near EAST GATE,E01021872,Harlow 007E,Investigation complete; no suspect identified
6b6f5c04055d3d07e81fac9fb2065cc2b107ab98147870937db311f51055445e,2018-12,Essex Police,Essex Police,0.707983,51.785425,On or near SPRING LANE,E01021882,Maldon 002A,Investigation complete; no suspect identified
668ff8d4d42a646d3eece332ef848cba153fce993020e6e4bd0ad71018b9ecf2,2018-12,Essex Police,Essex Police,0.464857,51.729057,On or near LOWER ANCHOR STREET,E01021582,Chelmsford 010D,Suspect charged
b793335ae9eb5ec238f1ad5b8dac7b7795f57498ff27a2c8bbf50578bc87702f,2018-12,Essex Police,Essex Police,0.036681,51.629386,On or near GLADSTONE ROAD,E01021746,Epping Forest 015E,Investigation complete; no suspect identified
6d130f88caa36ce2df5ef1da0c77e0073cc847f32d5e6c04f0ecff7f65ad5cb1,2018-12,Essex Police,Essex Police,0.899327,51.860714,On or near THOMAS BENOLD WALK,E01021639,Colchester 018C,Unable to prosecute suspect
f7736e14a6bf1a220da3026a5bbe7f4a91115b711bd2a57954b4292fa31cb67a,2018-12,Essex Police,Essex Police,0.323992,51.477085,On or near Shopping Area,E01015954,Thurrock 017D,Investigation complete; no suspect identified
a13c0a1e09d44997682e7c8b89bdc57a9989044ace59035b3707cbdab43d18c0,2018-12,Essex Police,Essex Police,0.801070,51.539909,On or near PICASSO WAY,E01015881,Southend-on-Sea 013F,Unable to prosecute suspect
07562aaa9a730a1854695e552e4e651367bbecb231c33e053bc17cf98ad27fc0,2018-12,Essex Police,Essex Police,1.147170,51.792289,On or near CASTLE ROAD,E01021968,Tendring 017A,Local resolution
2f967f1b8e7c0db9ffe55c6e3eed2ac6916a795f9e6c8d6a72ad06fc38bbfcab,2018-12,Essex Police,Essex Police,1.260075,51.936690,On or near THE CLOSE,E01022007,Tendring 002D,Investigation complete; no suspect identified
2c796ce9c17c363c9d1e7e73dd81ece9131a6d336322810152950960b1d9acab,2018-12,Essex Police,Essex Police,0.682483,51.539327,On or near Sports/Recreation Area,E01015827,Southend-on-Sea 012A,Investigation complete; no suspect identified
4fdbfb48f27c33c28831e6f85d54e352c547443e651a11fc33f96fb28640a6d4,2018-12,Essex Police,Essex Police,0.109490,51.753529,On or near SAKINS CROFT,E01021861,Harlow 010E,Investigation complete; no suspect identified
15c4a71bd1a55636b50a6581e8afcc3b586a84eec1b823d6ba04c44ad5a5dc3f,2018-12,Essex Police,Essex Police,0.288976,51.869349,On or near THORNTON ROAD,E01022090,Uttlesford 006B,Unable to prosecute suspect
3f77d92f1be25b12d351b0ed47b7342dc41182fa3b9c0576376a9b43b6e061e8,2018-12,Essex Police,Essex Police,0.234590,51.486854,On or near LONG COURT,E01016014,Thurrock 015E,Investigation complete; no suspect identified
d7b4596b7e37d800139540c7971983b4416db022ddd08ca207448cb1b81ef1fc,2018-12,Essex Police,Essex Police,0.595645,51.561823,On or near WOODBURN CLOSE,E01021529,Castle Point 006D,Investigation complete; no suspect identified
2a6e396d5504cd9754ef2ded036278cde17548086481fcb672468991f61de6ec,2018-12,Essex Police,Essex Police,0.282488,51.487496,On or near Shopping Area,E01016011,Thurrock 015B,Offender given a caution
f4cf42c61928c10adb5a32847216ede777c863e4f3da0385b896d308fb6a18d0,2018-12,Essex Police,Essex Police,0.681944,51.737332,On or near Petrol Station,E01021890,Maldon 004B,Investigation complete; no suspect identified
6a06115dca170c54f9b4f7ea10b216807977b70c17f63d74614ab76882db83de,2018-12,Essex Police,Essex Police,0.484654,51.736715,On or near Prison,E01021627,Chelmsford 010E,Action to be taken by another organisation
8bddb06a66be579eba6f5da9bcda1b94df01ff7288b64f32f636292ba31d0288,2018-12,Essex Police,Essex Police,0.611886,51.552388,On or near LONDON ROAD,E01021518,Castle Point 006B,Local resolution
b3dcad2c7e63740527b241959cebc1c9b967cf27c2e81f4172bfa0c205d4edd9,2018-12,Essex Police,Essex Police,0.284143,51.486609,On or near Shopping Area,E01016011,Thurrock 015B,Unable to prosecute suspect
319a0b58ccb4b64f1cf280e0a6fa06e91fd2b9d4a306036d75af747c337d88f2,2018-12,Essex Police,Essex Police,0.701555,51.546480,On or near TUDOR ROAD,E01015900,Southend-on-Sea 010F,Investigation complete; no suspect identified
cac88c612966cbca5d8d215da3c313e51dfb5cc1635d921692c6c37f363b0979,2018-12,Essex Police,Essex Police,0.712497,51.540310,On or near Bus/Coach Station,E01015895,Southend-on-Sea 010A,Investigation complete; no suspect identified
a5ed9c52b805f3de520a057106d3ec935d4d805e86fe908058d9bfea5048e545,2018-12,Essex Police,Essex Police,0.590470,51.591346,On or near ELSENHAM COURT,E01021957,Rochford 006C,Action to be taken by another organisation
269d96acb2eb38642a023a4629178674fc4f2e508b29bc6cb1bb32563728659f,2018-12,Essex Police,Essex Police,0.681944,51.737332,On or near Petrol Station,E01021890,Maldon 004B,Investigation complete; no suspect identified
2b5c935cdf573f79e022cc641c47fe77b5233efaf732bfc3036438109611b4ef,2018-12,Essex Police,Essex Police,0.418871,51.483079,On or near CORONATION AVENUE,E01015947,Thurrock 013A,Investigation complete; no suspect identified
90de236e339044931c3200893eb47d6c823f20794b1b88984a7752ab4d894631,2018-12,Essex Police,Essex Police,0.082820,51.643936,On or near CHIGWELL LANE,E01021773,Epping Forest 013C,Investigation complete; no suspect identified
7648be86e47a743ba113379b389bf75c76d1771ce178c5ff7896096821173032,2018-12,Essex Police,Essex Police,0.455025,51.557871,On or near FOBBING FARM CLOSE,E01021297,Basildon 020D,Investigation complete; no suspect identified
ab84df0d1f422a2198632ba6766b8033161d055261575b8c8a0f52b398d696c0,2018-12,Essex Police,Essex Police,0.735950,51.551879,On or near HAMSTEL ROAD,E01015875,Southend-on-Sea 006G,Unable to prosecute suspect
d65c565bfd3ace280304764daf2c954af23719fcf2733b75b626c68123d042b0,2018-12,Essex Police,Essex Police,0.505403,51.563326,On or near A132,E01021310,Basildon 022B,Suspect charged
dadd2b3b0dceb1f7bb3735941a11839b29311cb695a6b70cd0f44429bd1378e8,2018-12,Essex Police,Essex Police,0.252335,51.505525,On or near MONNOW ROAD,E01015923,Thurrock 008B,Unable to prosecute suspect
0961c821a6a8fed0c8533a17ee6540e5854cd3444018b4d3a04015d1dfac4a0b,2018-12,Essex Police,Essex Police,0.074769,51.645517,On or near COLSON ROAD,E01021773,Epping Forest 013C,Investigation complete; no suspect identified
83202c57c787e9034f401b1ed55e76cbd3426e6e0376e6fd4a85972fa383ffaf,2018-12,Essex Police,Essex Police,0.110187,51.752320,On or near THE READINGS,E01021861,Harlow 010E,Local resolution
2aabd82a82beda5ffc8d922986f12e94187b91c13a67b32839bf2e9d9d985adf,2018-12,Essex Police,Essex Police,0.113165,51.754955,On or near LITTLE PYNCHONS,E01021823,Harlow 006D,Investigation complete; no suspect identified
97be0c1fe2a542f8d2b2980f17c3f97e2819329a937cc266f56323f35f62f3e0,2018-12,Essex Police,Essex Police,0.720244,51.538413,On or near Pedestrian Subway,E01015841,Southend-on-Sea 014C,Investigation complete; no suspect identified
2e9d147ed3e80758a6aa2fdf7b9ae6a73cea5537b9b23bfb689020c404594271,2018-12,Essex Police,Essex Police,0.607933,51.587937,On or near CHURCH STREET,E01021964,Rochford 008E,Investigation complete; no suspect identified
b540e154315da18409ca530645cfae29b9fdd6388f299272adceaee13246cb18,2018-12,Essex Police,Essex Police,0.801070,51.539909,On or near PICASSO WAY,E01015881,Southend-on-Sea 013F,Unable to prosecute suspect
1c84f63aff9e1841d96b0d464a4bb516d3ff9ddef9616d22953240b5f46727fe,2018-12,Essex Police,Essex Police,0.718530,51.538704,On or near GRANGE GARDENS,E01015841,Southend-on-Sea 014C,Unable to prosecute suspect
184be41bfaa82cebccfb5d83fc085f75d7e22ae8645d3759513b0b5cfc534954,2018-12,Essex Police,Essex Police,0.627196,51.876363,On or near Park/Open Space,E01021361,Braintree 012B,Investigation complete; no suspect identified
db2e1a74333c15db951448bbedc9662ec47835ab56d58ec4a7efe7621654d2f5,2018-12,Essex Police,Essex Police,0.928443,51.881388,On or near CAELUM DRIVE,E01033719,Colchester 008G,Investigation complete; no suspect identified
6d9ecd03a35e63d3c963d31b99e31269639675f0ecbed914f0aabb32dc39cb4e,2018-12,Essex Police,Essex Police,0.895640,51.896024,On or near NORTH STATION ROAD,E01021650,Colchester 007E,Investigation complete; no suspect identified
333dcb0b91d1e5dac191bc992ac9bf535e56293bbf4dd2f957057dad010c1f5b,2018-12,Essex Police,Essex Police,0.082820,51.643936,On or near CHIGWELL LANE,E01021773,Epping Forest 013C,Investigation complete; no suspect identified
9035b712338cac64579d75ca6eaa995ae5b7b7b94f2e730d1be5003b27d7e934,2018-12,Essex Police,Essex Police,0.785527,51.541629,On or near COLNE DRIVE,E01015879,Southend-on-Sea 013D,Suspect charged
9035b712338cac64579d75ca6eaa995ae5b7b7b94f2e730d1be5003b27d7e934,2018-12,Essex Police,Essex Police,0.785527,51.541629,On or near COLNE DRIVE,E01015879,Southend-on-Sea 013D,Suspect charged
5964f1a074110faf4a917f6117a90431a89c561f47d57c5c2104ac952ec70809,2018-12,Essex Police,Essex Police,0.463490,51.569268,On or near Supermarket,E01021318,Basildon 015C,Unable to prosecute suspect
9b8b9885acdefb6be6fe5c5316e6e7b4cd04b7b4593fbf7e9a0ae2413562e094,2018-12,Essex Police,Essex Police,0.136998,51.773642,On or near ALBERTINE STREET,E01021857,Harlow 001D,Investigation complete; no suspect identified
636da91208fb70ed9340e4744a73a951f62e49de601b33829a4c390a9a37eaec,2018-12,Essex Police,Essex Police,0.549705,51.568289,On or near LYNDENE,E01021516,Castle Point 003D,Unable to prosecute suspect
303fcfd0376c3a27e0e7d5eadab68f53ae3c99e9cae80e24f6ab2584deb47a4f,2018-12,Essex Police,Essex Police,0.590470,51.591346,On or near ELSENHAM COURT,E01021957,Rochford 006C,Action to be taken by another organisation
95f0ce50882a7e3980b35d7e2893fd96b2abaa2fe2f3befd0919e21c17d8eb67,2018-12,Essex Police,Essex Police,0.668936,51.546876,On or near FERNLEIGH DRIVE,E01015823,Southend-on-Sea 005D,Investigation complete; no suspect identified
e8f55b0c9a0b677a6441893771e0a547b266017e85c66185089caf8079e22dcd,2018-12,Essex Police,Essex Police,0.082820,51.643936,On or near CHIGWELL LANE,E01021773,Epping Forest 013C,Investigation complete; no suspect identified
2b0aacb96f790a35ccf1e82bf0cbcb0acb4a884f5ebfcb8f5815a0a1bc340638,2018-12,Essex Police,Essex Police,0.472257,51.733569,On or near Shopping Area,E01033141,Chelmsford 010G,Investigation complete; no suspect identified
aa172f3490c724dfc44ea0fa795b024f959df67827895868508d5ddc2b5f3d77,2018-12,Essex Police,Essex Police,0.749762,51.808827,On or near HUTCHINSON CLOSE,E01021724,Colchester 020B,Investigation complete; no suspect identified
da1fe7397f2f5b9f8025a098d30fad8d1e31c9593c03c64caa3b136c52a5ccef,2018-12,Essex Police,Essex Police,0.082820,51.643936,On or near CHIGWELL LANE,E01021773,Epping Forest 013C,Investigation complete; no suspect identified
581612774aa0e45c6181d02a4c53bbdd03cc53e89722c101c93976697ae7f11d,2018-12,Essex Police,Essex Police,0.899199,51.888534,On or near TRINITY STREET,E01021649,Colchester 007D,Investigation complete; no suspect identified
1c82249c92472ec0c5b7702c5bd42da624c82e9faec763ae42612f49bf8bb3fc,2018-12,Essex Police,Essex Police,0.545135,51.883851,On or near PYGOT PLACE,E01021358,Braintree 008C,Unable to prosecute suspect
5f57cb5df76f2addcb990ce4ece79efcbe2f8669c1721fc996c09a4cfd12cf88,2018-12,Essex Police,Essex Police,0.682483,51.539327,On or near Sports/Recreation Area,E01015827,Southend-on-Sea 012A,Investigation complete; no suspect identified
7b8ef1dcb5a3a7842a744d9f9c6cee068d6f41875de6457ab31c10abd9e25ea1,2018-12,Essex Police,Essex Police,0.456349,51.565299,On or near TAKELY END,E01021297,Basildon 020D,Unable to prosecute suspect
a9abc7fd8c4ac7ef8326d32ed06cad1cadf46a18c54cf5ad797b29375b11933b,2018-12,Essex Police,Essex Police,0.502915,51.565583,On or near BURNS AVENUE,E01021316,Basildon 018D,Investigation complete; no suspect identified
97650e39d075542729f34b7aeebe4bf6866109b97c1637500bbf3c11180efdd0,2018-12,Essex Police,Essex Police,0.463490,51.569268,On or near Supermarket,E01021318,Basildon 015C,Suspect charged
4d433df6e34414bb635b7712ca2a1598a19dd67ef1abfe569caf18108468202b,2018-12,Essex Police,Essex Police,0.895640,51.896024,On or near NORTH STATION ROAD,E01021650,Colchester 007E,Investigation complete; no suspect identified
ad4a03e5d8317ff3f228fd5e7fc34e7ef1d9694239d31d4c6678144d850b7542,2018-12,Essex Police,Essex Police,0.611552,51.590626,On or near HOCKLEY ROAD,E01021961,Rochford 005E,Local resolution
771973f91c70d0ddaa87cc1d6892286019e8ff14c18e4c7f2a1bdd53f59ce1dc,2018-12,Essex Police,Essex Police,0.501812,51.935060,On or near BARRYFIELDS,E01021404,Braintree 005A,Investigation complete; no suspect identified
4480b34a52d1b06a81338f12791c2da855a7eb2ae4ecf52a40e8da47aa927898,2018-12,Essex Police,Essex Police,1.093192,51.896326,On or near B1035,E01022019,Tendring 003E,Unable to prosecute suspect
194c6aa878e58e8a3467bb9867b8a3c47edc2b4a9cb50d9e37244272702411bc,2018-12,Essex Police,Essex Police,0.456349,51.565299,On or near TAKELY END,E01021297,Basildon 020D,Unable to prosecute suspect
be65f4e48b2f89d6763a553ac0c76fea8c3e74df3dc5726e83297c0fae043e35,2018-12,Essex Police,Essex Police,0.347889,51.635148,On or near WHITTINGTON ROAD,E01021451,Brentwood 003D,Investigation complete; no suspect identified
4bfa7a2e455e1cc9c241fd64b61361c98de5b92cee7984d85949206b4b889b7b,2018-12,Essex Police,Essex Police,0.277554,51.476647,On or near THIRD AVENUE,E01016012,Thurrock 015C,Unable to prosecute suspect
797015df67d5a62fa6415a493e47f18e803b97c8b1f6d0c596abaa08b3230190,2018-12,Essex Police,Essex Police,0.682483,51.539327,On or near Sports/Recreation Area,E01015827,Southend-on-Sea 012A,Investigation complete; no suspect identified
af0495ecb28e7028593b9fd007aa3ed5a7e6ca51fdf0e9853a3a0b9effb51eff,2018-12,Essex Police,Essex Police,0.682483,51.539327,On or near Sports/Recreation Area,E01015827,Southend-on-Sea 012A,Investigation complete; no suspect identified
ca5ebc6c2b32941c7d6a52ebd1712c952b28fb0858887f4044fa148f4296d21c,2018-12,Essex Police,Essex Police,0.549591,51.876821,On or near RUE DE JEUNES,E01021365,Braintree 009D,Investigation complete; no suspect identified
90641f88f3df76c494dc0793a476499ae14abc0076ac8b6daf342a3f6a344f82,2018-12,Essex Police,Essex Police,0.691044,51.873750,On or near NUNNS CLOSE,E01021377,Braintree 014A,Suspect charged
3cb471b34bbae009d4dc6c0b03f13c00c3ec6b27ca228dc585129700353648cb,2018-12,Essex Police,Essex Police,0.641922,51.791686,On or near PITT AVENUE,E01021422,Braintree 017E,Unable to prosecute suspect
defa10a443224beac4b6e961cb3df491111e406f2454024f7c6636c8872776d3,2018-12,Essex Police,Essex Police,0.693247,51.544045,On or near WEST ROAD,E01015900,Southend-on-Sea 010F,Investigation complete; no suspect identified
7575eee0ccc334968fe28f89d36710bbde59735cefcde699ce03f62d9a365c31,2018-12,Essex Police,Essex Police,0.375056,51.492519,On or near RAVENCROFT,E01015938,Thurrock 012F,Investigation complete; no suspect identified
1a37330675daef932f18addcee3fe8ed4d2ea00a8d40857b48f3290bfab7254d,2018-12,Essex Police,Essex Police,0.735580,51.540907,On or near Petrol Station,E01015884,Southend-on-Sea 009B,Suspect charged
e05d36a9d9b53b3973ac228b4cfe239811c10d6c5df03e5d6d235489c3ca32e3,2018-12,Essex Police,Essex Police,0.590470,51.591346,On or near ELSENHAM COURT,E01021957,Rochford 006C,Action to be taken by another organisation
fd6ed12c61e08e2f06ef6a0d2f85cdf1cf9dff5b80a73c1db5ea0437563d4c2a,2018-12,Essex Police,Essex Police,0.474246,51.698112,On or near HOME MEAD,E01021554,Chelmsford 017C,Investigation complete; no suspect identified
3eaa5b78630fb34297b3d80a478dd2560d4655cec6a58d598ede42b009f81a3c,2018-12,Essex Police,Essex Police,0.460181,51.737878,On or near SOUTH PRIMROSE HILL,E01021575,Chelmsford 009B,Investigation complete; no suspect identified
2dd0d23a400e60c29f77f250d839e7e1505c6b526b577039e62abff3f1e62d74,2018-12,Essex Police,Essex Police,0.248851,51.508533,On or near Parking Area,E01015924,Thurrock 008C,Unable to prosecute suspect
d0f7e6eb677de46434605563ba875bcc046b28d29a3fbe31bdf7c9e214c21a47,2018-12,Essex Police,Essex Police,0.641922,51.791686,On or near PITT AVENUE,E01021422,Braintree 017E,Unable to prosecute suspect
f8eede751c8683f5563450f4c3e5661702e343db41b729c6ac9c7524cc3fe9dc,2018-12,Essex Police,Essex Police,0.506111,51.736026,On or near Village Square,E01021548,Chelmsford 013A,Investigation complete; no suspect identified
d99018d8d459a26f4a984a9b7ffc700bb33de514821ae4c703656a3ed39d6527,2018-12,Essex Police,Essex Police,0.458313,51.582444,On or near Theatre/Concert Hall,E01021268,Basildon 015B,Investigation complete; no suspect identified
11f821d47775ebebcf83c7adb822c370db7ebf070011dc598d28d54141df124a,2018-12,Essex Police,Essex Police,0.920449,51.885175,On or near TARRETT DRIVE,E01021685,Colchester 011C,Suspect charged
a89fb85ce32b7ccd130e2f3966d52700abe691bfafbe6ace4406a5ee6563dda5,2018-12,Essex Police,Essex Police,0.118850,51.752902,On or near CLIFTON HATCH,E01021837,Harlow 008E,Unable to prosecute suspect
7b04b600c56150ce25ef94031916fa7b4511ae528a0a3f6cd7e21fabcb32b334,2018-12,Essex Police,Essex Police,0.260920,51.657529,On or near NAVESTOCK SIDE,E01021444,Brentwood 001D,Investigation complete; no suspect identified
7eb109f7f90ae0c10440e1c13f99a6f7561b316fd4a8248ee1bdcdb969d52987,2018-12,Essex Police,Essex Police,0.455025,51.557871,On or near FOBBING FARM CLOSE,E01021297,Basildon 020D,Investigation complete; no suspect identified
8c18439c0a9bd55994ce133808cfd7b841fadd2886e733e5600f9b200b8233b9,2018-12,Essex Police,Essex Police,0.361679,51.461709,On or near CALCUTTA ROAD,E01016009,Thurrock 018G,Unable to prosecute suspect
71fbf035ba1bf3b4811eeb007b51b7f6105ef446f1fc2af32cf199a0a2f5009b,2018-12,Essex Police,Essex Police,1.245108,51.834542,On or near Shopping Area,E01021986,Tendring 006B,Investigation complete; no suspect identified
522abe160627fe90a907711493ec968d3283807b5e672959db679711f89a6556,2018-12,Essex Police,Essex Police,0.083680,51.621709,On or near PARKLAND CLOSE,E01021750,Epping Forest 016B,Investigation complete; no suspect identified
f9311a6af18720e120f771895b1e00189c7f12550de52b4578ae3eab91dcf5a1,2018-12,Essex Police,Essex Police,0.939874,51.888424,On or near WOODROW WAY,E01021696,Colchester 008A,Investigation complete; no suspect identified
464aebfb43c8cbefb8a66372c8ea101c9b52cad22fe808ffe113ffbb9b1fdb21,2018-12,Essex Police,Essex Police,0.076258,51.656282,On or near PYRLES LANE,E01021779,Epping Forest 011F,Investigation complete; no suspect identified
4cc39bddd8c984f7bb4b59ec56d5fcf73ed7536c2980b7827d25893ddfcec3b8,2018-12,Essex Police,Essex Police,0.665455,51.560122,On or near HURST WAY,E01015825,Southend-on-Sea 005F,Unable to prosecute suspect
db5c03523a61f7786069ab44c289fb9a70658b504ffe6f427c60de14fe4f5ff6,2018-12,Essex Police,Essex Police,0.485409,51.561566,On or near SOUTH CROCKERFORD,E01021325,Basildon 019D,Unable to prosecute suspect
b9b5111ad8c20fc53606bfbb35401fd35a1e35ae4f189f782acdcb70a72be7bf,2018-12,Essex Police,Essex Police,0.971333,51.789124,On or near CHURCH LANE,E01021694,Colchester 019D,Action to be taken by another organisation
289aaa9e9a88d03408a772694a070b286c7de780c743f636849c835d7aeba7d0,2018-12,Essex Police,Essex Police,0.561530,51.890555,On or near ELIZABETH LOCKHART WAY,E01021356,Braintree 007E,Investigation complete; no suspect identified
9a18532f6d1f8a82cf3628fb27f5d6a1bb4c82e8c7776a364161e43dda7b0eb6,2018-12,Essex Police,Essex Police,0.897532,51.892209,On or near SHORT CUT ROAD,E01021649,Colchester 007D,Suspect charged
e8442bf225a9c037df675e6ba12b6a291a87f76ad7e4b0864d1b72b0f6aec2c5,2018-12,Essex Police,Essex Police,0.096056,51.768166,On or near SOUTH GATE,E01021868,Harlow 007B,Unable to prosecute suspect
51e84cf846f625667a598edc52d6a8fec5c367f0a058332233b80ec405ba1a98,2018-12,Essex Police,Essex Police,0.570012,51.870072,On or near Shopping Area,E01021368,Braintree 011A,Investigation complete; no suspect identified
8cb8a710a97223995c759878bd37c00cc9cbb2b04f5f13ddf2f8dad8be9e847b,2018-12,Essex Police,Essex Police,0.298018,51.524469,On or near Petrol Station,E01015971,Thurrock 006B,Investigation complete; no suspect identified
374897ac98dd28f6483797aaf4f7caa1fc088a351fb81e2c7ac478b385dae1b8,2018-12,Essex Police,Essex Police,0.709743,51.544690,On or near Police Station,E01015895,Southend-on-Sea 010A,Formal action is not in the public interest
10098cd815cc176057ba6edbfde580c26b659318a3008673da5ed076e8719ac6,2018-12,Essex Police,Essex Police,0.489842,51.583551,On or near HOLDEN GARDENS,E01021269,Basildon 012C,Unable to prosecute suspect
b4e9a9e5b78ce80f0c59dcfb380169f915c87bf0f0fcbfb7ff4dab17ef50b3a0,2018-12,Essex Police,Essex Police,0.290475,51.630886,On or near HURSTWOOD AVENUE,E01021464,Brentwood 004E,Unable to prosecute suspect
54cfd172c6a59135dce1e99be558a857bb6b70bf74b08e283a27cbdbf30cfb0b,2018-12,Essex Police,Essex Police,0.537370,51.862616,On or near THE MALL,E01021347,Braintree 013A,Investigation complete; no suspect identified
2949033666aaf8bc5dd3731f00c9973cedc93845a95bc57ef2fce2459e6a1ddf,2018-12,Essex Police,Essex Police,0.570012,51.870072,On or near Shopping Area,E01021368,Braintree 011A,Investigation complete; no suspect identified
3f5c0265eaac84e818d3f25b4136c2ec207c10dbe4925214b7c622ef611ed9d8,2018-12,Essex Police,Essex Police,0.289465,51.501110,On or near CORRAN WAY,E01015930,Thurrock 007D,Unable to prosecute suspect
9887c74e81374df2645c7f81118204b248bf30edcfecc06ef21cc3ba2762da59,2018-12,Essex Police,Essex Police,0.745082,51.815609,On or near MILL CLOSE,E01021727,Colchester 020E,Unable to prosecute suspect
2dbaeb11cbe5a1ab2d607c1c9d3552c30ac4e5f545a5d15abb78e872ecf33bfd,2018-12,Essex Police,Essex Police,0.088038,51.768722,On or near WEDHEY,E01021842,Harlow 004D,Unable to prosecute suspect
aca993eb834464ce48b698ad945d7ca08f481f4c8d47b7c689a9c9f45df48929,2018-12,Essex Police,Essex Police,0.096056,51.768166,On or near SOUTH GATE,E01021868,Harlow 007B,Unable to prosecute suspect
e6bf5b26e4cbbce1ab4342ad2be8fe1f3e3d9a005877dc7aa58f6697149423a0,2018-12,Essex Police,Essex Police,0.665224,51.539892,On or near GRAND PARADE,E01015848,Southend-on-Sea 011D,Investigation complete; no suspect identified
ab76a3a0c8b4bbcb2d8b8701becb408fc5668904f9a0e8cacf48a32d59762479,2018-12,Essex Police,Essex Police,0.899183,51.910173,On or near Hospital,E01021682,Colchester 004D,Investigation complete; no suspect identified
59e3b39dd0cd3775f887413a26974f79af75abec1e69ecc5626373dbdad803cc,2018-12,Essex Police,Essex Police,0.690490,51.547427,On or near BEEDELL AVENUE,E01015906,Southend-on-Sea 007F,Investigation complete; no suspect identified
6fd841f55fbe8642ec2cc55b3d0960444f3a2c8266e33c0a96386939b24029e7,2018-12,Essex Police,Essex Police,0.064091,51.762608,On or near FLEX MEADOW,E01021840,Harlow 004B,Investigation complete; no suspect identified
d6ef0a7dd291ad33763d7440c3456f79fc3fe657cb577aa54a1e03d0a88aa110,2018-12,Essex Police,Essex Police,0.657923,51.560869,On or near ORCHARD MEAD,E01015818,Southend-on-Sea 003E,Investigation complete; no suspect identified
0a2b723e8bfcea008409fb6df46392ac86aa7a2e825a970f6aabf95efc93b6c8,2018-12,Essex Police,Essex Police,0.471884,51.568111,On or near OSBORNE ROAD,E01021295,Basildon 020B,Investigation complete; no suspect identified
162d6ad40d820a8611575d43f0d3f3e9f450cd9874652a99dcdfe1a098aa2838,2018-12,Essex Police,Essex Police,0.632526,51.815612,On or near HEMINGWAY ROAD,E01021418,Braintree 015C,Unable to prosecute suspect
b896b9225732dea3f2f22ccf31bc11c919b171005a99d977bd651bb228357ffa,2018-12,Essex Police,Essex Police,0.397253,51.509757,On or near Petrol Station,E01015979,Thurrock 004C,Investigation complete; no suspect identified
89f284340fa2823ef970677989f72d5426881631db13d5f0ff7eab9691b3b8ff,2018-12,Essex Police,Essex Police,0.618157,51.639161,On or near BLACKWOOD CHINE,E01021605,Chelmsford 020A,Suspect charged
6fb2e27a163e446b05f18055ee1abf2deda7e99c00991b53db3037dc84e993ad,2018-12,Essex Police,Essex Police,0.708841,51.551115,On or near PRIORY AVENUE,E01015861,Southend-on-Sea 004E,Investigation complete; no suspect identified
ae3cbdd03ffeee9a4359d5bbe9f71270f831dc44e353d8d326f12323a352132f,2018-12,Essex Police,Essex Police,0.500879,51.590268,On or near Cricketers Retail Park,E01021307,Basildon 011C,Suspect charged
82df9eac94eef731dad889368c46c8b8bdbbfac82f31fce0e9ea589c6ae2b36d,2018-12,Essex Police,Essex Police,0.112938,51.756003,On or near Hospital,E01021823,Harlow 006D,Unable to prosecute suspect
6160ce5656f816d02d922788891056c72279fe985bde905488a7ac17bca8da42,2018-12,Essex Police,Essex Police,0.903719,51.884699,On or near Petrol Station,E01021683,Colchester 011A,Investigation complete; no suspect identified
d02adbf852c2cf026ded31ac6422a214519a09ee997077a246b642c61bf25b9f,2018-12,Essex Police,Essex Police,0.587946,51.551515,On or near SHIPWRIGHTS CLOSE,E01021483,Castle Point 004C,Investigation complete; no suspect identified
1c60308eb73b27ceaa8d1027a48a430e66972e1ad1699aed2d13abc78ec4185d,2018-12,Essex Police,Essex Police,0.094133,51.767643,On or near Shopping Area,E01021872,Harlow 007E,Investigation complete; no suspect identified
c971f524585e7782a060c6702fda2caa7697d32f339d4f14f8f74702fd5dba50,2018-12,Essex Police,Essex Police,0.463834,51.577499,On or near WALDRINGFIELD,E01021266,Basildon 015A,Investigation complete; no suspect identified
7167409e8772c0e91ac15a03cc7d4d57221f09dc60d7325e494cb05e94c332f4,2018-12,Essex Police,Essex Police,1.120185,51.782944,On or near JAYWICK LANE,E01022036,Tendring 017C,Investigation complete; no suspect identified
e980283e121201d0ca7e5a195ccffe1ce7cf07446617800fee00a69e13377544,2018-12,Essex Police,Essex Police,0.112938,51.756003,On or near Hospital,E01021823,Harlow 006D,Unable to prosecute suspect
7d132ffa88009c0527006c636e0447d9d9374c35563987feda0d0eb2c703e38b,2018-12,Essex Police,Essex Police,1.156375,51.806954,On or near HAWKESWAY,E01022041,Tendring 010D,Unable to prosecute suspect
15d7a058384bfb21fc1a5f5de0ee922ff3faf0ec829160460f322d0dd25e3927,2018-12,Essex Police,Essex Police,0.620498,51.644675,On or near BRICKFIELDS ROAD,E01021613,Chelmsford 019C,Unable to prosecute suspect
87823329c8d2fc83c3f3527d343e0dc69c3221f4578f2e601351424871e24987,2018-12,Essex Police,Essex Police,0.593792,51.714391,On or near DANBURY VALE,E01021570,Chelmsford 016D,Investigation complete; no suspect identified
2a086613a5dc929112b9534b664a788442184714c797e4f1d2ad7156d4a8b57f,2018-12,Essex Police,Essex Police,0.632526,51.815612,On or near HEMINGWAY ROAD,E01021418,Braintree 015C,Unable to prosecute suspect
c396c2b1e4daa6cc31e0bb025b87f548729ee21feeaf553f8e90f7a3f868d6dc,2018-12,Essex Police,Essex Police,0.610403,51.713978,On or near CHELMSFORD ROAD,E01021913,Maldon 002D,Investigation complete; no suspect identified
6e5e5e1a3c346a08e45de9804c7115905a58a947e022e6383fcb4e87aa5285ae,2018-12,Essex Police,Essex Police,0.284143,51.486609,On or near Shopping Area,E01016011,Thurrock 015B,Investigation complete; no suspect identified
7bd022ef044a092d91b6f014ef16148f4c5f4cd8719c7aa1f08567756694bf0f,2018-12,Essex Police,Essex Police,0.246187,51.709260,On or near CHURCHILL CLOSE,E01021755,Epping Forest 004C,Offender given a drugs possession warning
5e47a029f002c03ce9bf9505efb94d6251c9cc91e2ab30e91e6acfec8f62efae,2018-12,Essex Police,Essex Police,0.270445,51.486039,On or near Parking Area,E01016012,Thurrock 015C,Unable to prosecute suspect
506855b97c87d53dfa17230b54001e2f7ab5304b72fc2ecfe99b7493900943c0,2018-12,Essex Police,Essex Police,0.444697,51.570003,On or near RISE PARK,E01021293,Basildon 017C,Unable to prosecute suspect
bde84365544c88ed7a24d1f0c4a90d703852324971823959baacaea8ec228dac,2018-12,Essex Police,Essex Police,0.590230,51.598285,On or near GROSVENOR ROAD,E01021959,Rochford 006E,Investigation complete; no suspect identified
fdbc66edf969b6acdc52ba5851de300a11521455cd74a9bd32ceb4d779f449f9,2018-12,Essex Police,Essex Police,0.604033,51.584615,On or near CASTLE CLOSE,E01021966,Rochford 008F,Local resolution
abc7a1bf139a1f3bf468dd27d2f946f011696b07bf010e3d7eb68d68e12474c9,2018-12,Essex Police,Essex Police,0.475467,51.554123,On or near BRICKFIELD ROAD,E01021300,Basildon 022A,Investigation complete; no suspect identified
2e9c44c756e3fac6fad1bebde91f2f469cd75c28896adc42e8a11919fef70678,2018-12,Essex Police,Essex Police,0.472870,51.733906,On or near TINDAL STREET,E01033141,Chelmsford 010G,Investigation complete; no suspect identified
1baabb8b03cc4a58ad2d9d3896b231fb6f2b9ab6ddef578a8b13650360b1b01b,2018-12,Essex Police,Essex Police,0.569000,51.526328,On or near DINANT AVENUE,E01021507,Castle Point 010E,Investigation complete; no suspect identified
7bb11d4a8755bc87688b19134f555b12428f8fe793662adecd05c8506052fe16,2018-12,Essex Police,Essex Police,0.492169,51.574364,On or near KENNET WAY,E01021271,Basildon 013A,Suspect charged
c68ba86663a9c3a29b21de185dc5a05efee67d74e20724c0c06c4d99b60b6d8e,2018-12,Essex Police,Essex Police,0.476706,51.589656,On or near Sports/Recreation Area,E01021267,Basildon 012B,Investigation complete; no suspect identified
f3856fad54b5f0c24d0cc9e096789a6dcd5ceb79a4b935c11d698450263e056f,2018-12,Essex Police,Essex Police,0.496950,51.737480,On or near Parking Area,E01021547,Chelmsford 008D,Investigation complete; no suspect identified
e24e37d6ee52fe05a53e7f55bd2514be632e899679fe73a18f54763f4bb1c083,2018-12,Essex Police,Essex Police,0.603155,51.771516,On or near CONQUERORS CLOSE,E01021395,Braintree 018C,Investigation complete; no suspect identified
f1b1fb7806294470a60b11f3cfd22f546d3b5f29226d16b66c7a6bb62c561ec1,2018-12,Essex Police,Essex Police,0.052653,51.651266,On or near STAPLES ROAD,E01021791,Epping Forest 012F,Unable to prosecute suspect
f4ed5b3e1841b13fb17a68c98b8ceccb35c79a8ce5df975e3bf71592bf43cea9,2018-12,Essex Police,Essex Police,1.093192,51.896326,On or near B1035,E01022019,Tendring 003E,Unable to prosecute suspect
0acff13a7d0e5d9f4886d3b0632fb8087bd078b0af78eff43819bee71589d049,2018-12,Essex Police,Essex Police,0.737732,51.542170,On or near GLENMORE STREET,E01015884,Southend-on-Sea 009B,Local resolution
438cb0aaf830379c6efda0b2f57b108010b4aeffe67a0fed23a9612a79e12356,2018-12,Essex Police,Essex Police,0.199619,51.902582,On or near LOWER STREET,E01022083,Uttlesford 005C,Suspect charged
85cd0353465975775dbfea87b6eda72cbeb48799258a10953446a6a7fc5c46b0,2018-12,Essex Police,Essex Police,0.162767,51.771436,On or near HOBBS CROSS ROAD,E01021768,Epping Forest 001A,Unable to prosecute suspect
ccc5ce7a37decad1bc00ec99b4776c4900f3ed51593ef6f74046fd5f6b49441a,2018-12,Essex Police,Essex Police,0.331656,51.474585,On or near DOUG SIDDONS COURT,E01015962,Thurrock 016E,Investigation complete; no suspect identified
398a00e8b60da6a22557c58f678b73916593153243bbe5ecfabb06d85a8f1ffe,2018-12,Essex Police,Essex Police,0.735846,51.550866,On or near EASTCOTE GROVE,E01015886,Southend-on-Sea 009D,Local resolution
b835b67c59b00ccb8e143ae150d5dbddb2fe8dd2e6f386ec8c67460585b6aa52,2018-12,Essex Police,Essex Police,0.735846,51.550866,On or near EASTCOTE GROVE,E01015886,Southend-on-Sea 009D,Local resolution
2c46705d220e698a2e45012c19ee3ee6b355af99b067b8e16e21d50bd81b8272,2018-12,Essex Police,Essex Police,0.579302,51.879330,On or near LIE FIELD CLOSE,E01021369,Braintree 012D,Unable to prosecute suspect
1687b627634749251e53898b9033f02a8b403b9df5bd3b131275f63adefceeaf,2018-12,Essex Police,Essex Police,0.698801,51.540896,On or near LONDON ROAD,E01015855,Southend-on-Sea 015E,Unable to prosecute suspect
10dbe03d9a3243321cc18a4d26e079cd19e97944814861d203e450f7777a53aa,2018-12,Essex Police,Essex Police,0.092811,51.774150,On or near Supermarket,E01021843,Harlow 004E,Investigation complete; no suspect identified
a11a25d8a7af70775604b29b418a65962c9e2fa821f58d34e892d20f2b88fed8,2018-12,Essex Police,Essex Police,0.579302,51.879330,On or near LIE FIELD CLOSE,E01021369,Braintree 012D,Unable to prosecute suspect
13bcb1816fa7a28d81dd554cd0172fc72deddfed26ca423d79a385d05a6c68bc,2018-12,Essex Police,Essex Police,0.566320,51.537385,On or near Parking Area,E01021503,Castle Point 010D,Investigation complete; no suspect identified
e2de3f3db25171589336c6954c9baa6b195b07fdc19663a233140117736048df,2018-12,Essex Police,Essex Police,0.900874,51.891524,On or near TAYLOR COURT,E01021649,Colchester 007D,Investigation complete; no suspect identified
2ef1752ab2d44ca28e5e42fd95eac7f48e66b22fa568a780b9683c6c7482c421,2018-12,Essex Police,Essex Police,0.683522,51.559908,On or near PRINCE AVENUE,E01015868,Southend-on-Sea 002F,Investigation complete; no suspect identified
15eade8fe637af14ffb7306f7444fdc3ead8d1e11f8b37c23b76197e65a182c7,2018-12,Essex Police,Essex Police,0.311932,51.475552,On or near GOLDACE,E01015953,Thurrock 017C,Investigation complete; no suspect identified
bea5c62e2378783762fd57f873afa03b2de47c3b8f8f7c9fa06db0c895b9e9b2,2018-12,Essex Police,Essex Police,0.115093,51.771719,On or near VICARAGE WOOD,E01021847,Harlow 002D,Unable to prosecute suspect
d47a53ab48b5a8bc17704d779e2d21ecb76c4ff23dd99487dd64cbf54300875d,2018-12,Essex Police,Essex Police,0.247479,51.826616,On or near BROAD STREET,E01022059,Uttlesford 009A,Investigation complete; no suspect identified
b37765d3ab426cc3f5f712c3b997a70d52822640c79346cc9b7eca024be181d7,2018-12,Essex Police,Essex Police,0.422520,51.728660,On or near WELL FIELD,E01021634,Chelmsford 011D,Action to be taken by another organisation
a6cea3b0bb7d512d72defc8d81e452e6ee894c89275a652a2a08e6a8474254bb,2018-12,Essex Police,Essex Police,0.472575,51.563825,On or near THE LEYS,E01021324,Basildon 019C,Unable to prosecute suspect
fd0133ca27b7d10fdafac785e1b6a837415aca917f941007d50602edcf5d1653,2018-12,Essex Police,Essex Police,0.079972,51.756591,On or near ROSEMOUNT,E01021833,Harlow 009D,Unable to prosecute suspect
203c7df637932e74d92dcf6cd97200e6e765c3b351bb4973b7975c575ba9eac1,2018-12,Essex Police,Essex Police,0.937856,51.886226,On or near LUGAR CLOSE,E01033722,Colchester 008H,Investigation complete; no suspect identified
efc4c5a2cd7367683b1b2f3c3a0d51e6bbd08b32f979853ff408940c78cf9521,2018-12,Essex Police,Essex Police,0.115093,51.771719,On or near VICARAGE WOOD,E01021847,Harlow 002D,Unable to prosecute suspect
d4f47dc380cd587037a2c631acf7e93921277ba6592f6700d955dac06c829b24,2018-12,Essex Police,Essex Police,0.375056,51.492519,On or near RAVENCROFT,E01015938,Thurrock 012F,Investigation complete; no suspect identified
6684f27f93af15536a086bf1ca9a0b71901766ae210cc59b50d77eebe55de101,2018-12,Essex Police,Essex Police,0.567321,52.017247,On or near CARLTON CLOSE,E01021430,Braintree 001D,Investigation complete; no suspect identified
c8ec8c2d4652498c76e8bed07f886dbf43354802ed42d57dc11600227a2e88d0,2018-12,Essex Police,Essex Police,0.515984,51.578559,On or near HAVENGORE,E01021301,Basildon 011A,Investigation complete; no suspect identified
a9454171539ec8f353f397560425e3b5d12dff27e08c3623cc7774fc997a4e99,2018-12,Essex Police,Essex Police,0.079972,51.756591,On or near ROSEMOUNT,E01021833,Harlow 009D,Unable to prosecute suspect
666a1e2113303ea24e017591a38c1568f78df5f7e0495de25fa555323bc4a4ea,2018-12,Essex Police,Essex Police,0.633520,51.937779,On or near HOLMES ROAD,E01021391,Braintree 004C,Investigation complete; no suspect identified
6fcb281b842c9ed4cb217683dd3bcdc513de7cac8daf6b98b7ced4ece29d4772,2018-12,Essex Police,Essex Police,0.259980,51.503355,On or near Sports/Recreation Area,E01015926,Thurrock 008E,Investigation complete; no suspect identified
3a18ba8d0d6a285e669dba4ca3456767b2415278dc860463eba334d326cf2ce8,2018-12,Essex Police,Essex Police,0.710748,51.780999,On or near TOTHAM HILL GREEN,E01021882,Maldon 002A,Investigation complete; no suspect identified
44d01654aa2bd10bf2390fb87fcc43311ca471aa33129d8386b97a9786d83ff5,2018-12,Essex Police,Essex Police,0.908761,51.885357,On or near Supermarket,E01021686,Colchester 011D,Investigation complete; no suspect identified
d40df679ec4badb864fbc93a27a264fee48dd6dd91ddb00aa073e7c8e1cbaa13,2018-12,Essex Police,Essex Police,0.611083,51.735583,On or near STIVVY'S ROAD,E01021913,Maldon 002D,Unable to prosecute suspect
61a0dc4eb8dfb77b381e9f2ef89ccc5e9d92a400e5f62943760f951d5ce9e2f3,2018-12,Essex Police,Essex Police,0.111790,51.692851,On or near WOODLAND GROVE,E01021758,Epping Forest 006C,Investigation complete; no suspect identified
b743ab72cceef97168da5a1d911c7e1613b038f7f79af95f0a48b4ef33ccd955,2018-12,Essex Police,Essex Police,0.292176,51.521822,On or near ROSEMARY CLOSE,E01015971,Thurrock 006B,Investigation complete; no suspect identified
829013ac755b9737b4716dac3ed9503d94ef424ca88d2e6515dafbc06681c321,2018-12,Essex Police,Essex Police,0.881539,51.866709,On or near Pedestrian Subway,E01033723,Colchester 015G,Investigation complete; no suspect identified
1b2cead32ffc24588e3e4890fc21a2890b37b6438deba9755e47d62a7317dd1f,2018-12,Essex Police,Essex Police,0.111790,51.692851,On or near WOODLAND GROVE,E01021758,Epping Forest 006C,Investigation complete; no suspect identified
73248261fccffd648dc8a769f05bb23b431c328a4f9dd6e3a379d71cf4d9cd6c,2018-12,Essex Police,Essex Police,1.148025,51.787913,On or near Police Station,E01022037,Tendring 017D,Unable to prosecute suspect
69bb49f40eea4c31a8b0f6a9eb766383601874781e425606e97845c9e20aa327,2018-12,Essex Police,Essex Police,0.454784,51.863191,On or near WATCH HOUSE GREEN,E01022064,Uttlesford 008B,Suspect charged
6fdd3c2055ad8cec8db91219c4f2befd267c43420020552645059f6b2d9a8d25,2018-12,Essex Police,Essex Police,0.364492,51.469071,On or near BERKELEY TERRACE,E01016007,Thurrock 018E,Unable to prosecute suspect
329dfabcf99dc49ccc05e246c273aa9887f8bdef2547325be5577815c2829971,2018-12,Essex Police,Essex Police,0.893215,51.892441,On or near MIDDLEBOROUGH,E01021646,Colchester 007A,Investigation complete; no suspect identified
bad52d64a6ab900afd9359f5f0b7116bd46aa73dab1f6ef6b57bbee5c1bac5f6,2018-12,Essex Police,Essex Police,0.364492,51.469071,On or near BERKELEY TERRACE,E01016007,Thurrock 018E,Unable to prosecute suspect
31fa589dc2e3ffd735d3215eed019b8ffe4e2c52b64026f573008502708dc5ff,2018-12,Essex Police,Essex Police,0.915143,51.884704,On or near VICTORIA PLACE,E01021687,Colchester 011E,Unable to prosecute suspect
723f841a60b2efc9336e5ce109b3fd82faa20dd04ccafeb72845c03f24c94436,2018-12,Essex Police,Essex Police,0.579949,51.882760,On or near WILLINGALE ROAD,E01021352,Braintree 007C,Investigation complete; no suspect identified
acba7dd51ca5d677891772359f97437be7de31c507e73e39d7b0903c80aa5231,2018-12,Essex Police,Essex Police,0.283944,51.513448,On or near DAIGLEN DRIVE,E01015973,Thurrock 006D,Investigation complete; no suspect identified
6221a33c7b4077e88f921e95df07122d165a6acd8781c472136b75679e4d186a,2018-12,Essex Police,Essex Police,0.465038,51.552005,On or near A176,E01021299,Basildon 020E,Unable to prosecute suspect
cba3ccc3a53b93d9aa5c733e7de53021e1819b904faf9a93da13bf5b2b276b1c,2018-12,Essex Police,Essex Police,1.152344,51.787662,On or near AGATE ROAD,E01022025,Tendring 016B,Local resolution
2d609ffa2866a9bb6a2e6506a7aa289a15c623ba7f36bdca4f158c670bc1e052,2018-12,Essex Police,Essex Police,0.771709,51.535921,On or near GOLDMER CLOSE,E01015916,Southend-on-Sea 017C,Offender given a drugs possession warning
f86c38369be16b44702b101199961f194f7880e66dd36f6e966a4bff46550c17,2018-12,Essex Police,Essex Police,0.637575,51.817594,On or near CONRAD ROAD,E01021362,Braintree 015A,Investigation complete; no suspect identified
8468b6fc19b3ffbf3cb37752b905c26cafc5f7de95e361e77e72d43de446d904,2018-12,Essex Police,Essex Police,0.450954,51.728241,On or near DELAMERE ROAD,E01021631,Chelmsford 009E,Investigation complete; no suspect identified
02aaa1f392a24d3496e548ace569065b8989119d574ca0c1fe5873e087e6e6e0,2018-12,Essex Police,Essex Police,0.500879,51.590268,On or near Cricketers Retail Park,E01021307,Basildon 011C,Suspect charged
fa7a5e161bc9c74076006006f8bf6c22aa623ce8813ad916ef53f91d9fd89646,2018-12,Essex Police,Essex Police,0.695186,51.547076,On or near INVERNESS AVENUE,E01015906,Southend-on-Sea 007F,Investigation complete; no suspect identified
ec10b84ff78c02f88ffbe89d042d9c754509078d02efbb968b098b73d1ad2460,2018-12,Essex Police,Essex Police,0.292927,51.509793,On or near SOUTH ROAD,E01015932,Thurrock 006A,Investigation complete; no suspect identified
8195a7f82f8f677f3148d31d3c061e3bb1bb6a6679aa10884203cccbf3b31c55,2018-12,Essex Police,Essex Police,0.895698,51.897371,On or near NORTH STATION ROAD,E01021650,Colchester 007E,Offender given a drugs possession warning
cddfd12e97fd3930e5841f1b3278a76889e1a9ca914a8578e58fecc827139396,2018-12,Essex Police,Essex Police,0.464857,51.729057,On or near LOWER ANCHOR STREET,E01021582,Chelmsford 010D,Suspect charged
7be04a27a84d8302db94cb1ed6b546dc0bc6c38d801296d176f6cbc4278b8342,2018-12,Essex Police,Essex Police,1.272509,51.936588,On or near HERON WAY,E01022000,Tendring 002A,Suspect charged
5d8176834086ebe43f49fc572d55aec163f116dbe1fbc4ded146d2985ed9a8ee,2018-12,Essex Police,Essex Police,0.460134,51.747421,On or near EASTERN CRESCENT,E01021576,Chelmsford 006A,Investigation complete; no suspect identified
1fe68fc2fbb08f1ad4fa4b22c38ae4269056b2a52d0ba4dfdd4df6b18c3a9e1b,2018-12,Essex Police,Essex Police,0.574659,51.517003,On or near ANTLERS,E01021502,Castle Point 011E,Unable to prosecute suspect
74cf47961d899467cb5fa69570b949131106a7f167baba82b983740b930ae8d5,2018-12,Essex Police,Essex Police,0.476603,51.729871,On or near BADDOW ROAD,E01033140,Chelmsford 010F,Investigation complete; no suspect identified
422dd53ed3bead79d7c1fa174d8146dc9bf36ae3e920df4395bc20375c2b8bbd,2018-12,Essex Police,Essex Police,0.579439,51.717351,On or near Supermarket,E01021570,Chelmsford 016D,Suspect charged
7402052753324a919da97208de1dbe51bb14e918512f238bfd9b6cb934363297,2018-12,Essex Police,Essex Police,0.877859,51.870280,On or near SALERNO CRESCENT,E01033723,Colchester 015G,Unable to prosecute suspect
b364f900c796749798c913823ae1a12ec394bc4609be160a182f02826a5dd3f6,2018-12,Essex Police,Essex Police,0.895082,51.888923,On or near CHURCH STREET,E01021649,Colchester 007D,Unable to prosecute suspect
fd62dc24b505383c9e1ddbf655558f860e067cd21941ab97d7ac7c6b50cafd3e,2018-12,Essex Police,Essex Police,0.587980,51.528986,On or near GENK CLOSE,E01021494,Castle Point 008B,Investigation complete; no suspect identified
79e590665861355c3a8f06857d8052f279163e25f03fc9ab70755f4a1f00eefe,2018-12,Essex Police,Essex Police,0.324019,51.478460,On or near Theatre/Concert Hall,E01015956,Thurrock 016B,Investigation complete; no suspect identified
6c947ffb7db89056f740058d7ab2b1be9555b143f0f29b6480ae75ad63d3e299,2018-12,Essex Police,Essex Police,1.151360,51.814311,On or near Highfield Holiday Park,E01022039,Tendring 010B,Investigation complete; no suspect identified
c4fa5b5d496a24f0da6c837b79a5376c0de83f316686b3c5276fb6e6421d9169,2018-12,Essex Police,Essex Police,0.730798,51.540290,On or near Petrol Station,E01015844,Southend-on-Sea 014F,Unable to prosecute suspect
26ee94909af67325e2a0ccb74f685480c1b692edb81b8b4854871cf523b570c0,2018-12,Essex Police,Essex Police,0.459544,51.585458,On or near Park/Open Space,E01021268,Basildon 015B,Investigation complete; no suspect identified
b79f3596715b8a67488215978e5ee33c945b833c720f046090fdcc2f7d2d0212,2018-12,Essex Police,Essex Police,0.926072,51.888507,On or near TABOR ROAD,E01021706,Colchester 022H,Unable to prosecute suspect
e303b180be5c385ce1d20ed6810ca402f146e240c99474dd78d661aae9206b1c,2018-12,Essex Police,Essex Police,0.324371,51.481421,On or near CROMWELL ROAD,E01015959,Thurrock 016C,Unable to prosecute suspect
ea60f229a1ba57d501fd1bdf91a5a90f6a55c8a0249bcded5a4181dfb62c9f04,2018-12,Essex Police,Essex Police,0.456512,51.570458,On or near Shopping Area,E01021318,Basildon 015C,Unable to prosecute suspect
85ffd439a8b471b0145d4654e6503f17e0a0b08081fda6934055c7c5d6c80c80,2018-12,Essex Police,Essex Police,0.926072,51.888507,On or near TABOR ROAD,E01021706,Colchester 022H,Unable to prosecute suspect
da0109fe33463bb87acd4e3ae2b36858aa590ffaeba8b88d19ded75f8ad935f9,2018-12,Essex Police,Essex Police,0.902720,51.725634,On or near KINGSWOOD COURT,E01021907,Maldon 006E,Unable to prosecute suspect
c1c8b2dec855088702fe0b6f4661a874c6f5300e8e1f152641a333605da8bf04,2018-12,Essex Police,Essex Police,0.681655,51.548295,On or near FAIRMEAD AVENUE,E01015903,Southend-on-Sea 007C,Investigation complete; no suspect identified
5448b2eb9af68fac0d09e0ae98507527dc4ee9f89e3b08c8cf146841c42f8835,2018-12,Essex Police,Essex Police,0.614587,51.578607,On or near DAWS HEATH ROAD,E01021965,Rochford 009E,Investigation complete; no suspect identified
fd923ba0ea4b702598ae30da1531c28f22f98f7c7b4483590bc0ade8c13cd519,2018-12,Essex Police,Essex Police,0.045511,51.639376,On or near NEWNHAM CLOSE,E01021780,Epping Forest 014A,Investigation complete; no suspect identified
671124a6274bf8c67d44bcb8f9f0d05eafadc1955a5b16581899dcff3b958194,2018-12,Essex Police,Essex Police,0.374306,51.481706,On or near ST CECILIA ROAD,E01015933,Thurrock 012A,Investigation complete; no suspect identified
749fdc2daf7c221a9fea77c23046995bdcd816eec14b158d6aa63f23442d38e3,2018-12,Essex Police,Essex Police,0.696507,51.588417,On or near SANDON CLOSE,E01021930,Rochford 007A,Unable to prosecute suspect
7ab42d26aee0b01cfc924c20095d11abb3e227980fd1181a3f746c4284309c4f,2018-12,Essex Police,Essex Police,0.676392,51.568966,On or near LUNDY CLOSE,E01015863,Southend-on-Sea 002A,Investigation complete; no suspect identified
e7e0886dad7da337acd523d3706efa528a2c737b82bbab23ef8e4981499960c4,2018-12,Essex Police,Essex Police,0.696507,51.588417,On or near SANDON CLOSE,E01021930,Rochford 007A,Unable to prosecute suspect
a8457830231f1cf00af77d5b264499e48b28079af431bc079cdfba10e5052c70,2018-12,Essex Police,Essex Police,0.792850,51.535923,On or near THE WOODLANDS,E01015880,Southend-on-Sea 013E,Investigation complete; no suspect identified
64c9fa6aef60570201499b75232dce86c4934bbf55dd1ffd52a8e29cfe111b43,2018-12,Essex Police,Essex Police,0.261741,51.889938,On or near Airport/Airfield,E01022090,Uttlesford 006B,Offender given a caution
1eae0e57d6def63374600f59a8be9dea523df887c39936472b3d216edb1e9559,2018-12,Essex Police,Essex Police,0.681655,51.548295,On or near FAIRMEAD AVENUE,E01015903,Southend-on-Sea 007C,Investigation complete; no suspect identified
a8a1ebb0db3fe27dced4006afe8ad8144e37a538ee012ade62ec83fb2264954b,2018-12,Essex Police,Essex Police,0.020639,51.736197,On or near BARNFIELD CLOSE,E01021794,Epping Forest 002D,Unable to prosecute suspect
e568a8bf7b7996ca7ea7707d5804831f0b087aeb4ec9a9f52fe23ba59fac0170,2018-12,Essex Police,Essex Police,0.416129,51.729386,On or near REDWOOD DRIVE,E01021635,Chelmsford 011E,Investigation complete; no suspect identified
352362677b4ac0fa2f8b1eb9f02db28c8512eda15e41b56fe16ac4e6fbdc4f71,2018-12,Essex Police,Essex Police,0.827509,51.664720,On or near SPELLS CLOSE,E01021905,Maldon 006C,Investigation complete; no suspect identified
7940fc611b71baad3c32bdaf17428530148ac27510baf014802741c6418f936f,2018-12,Essex Police,Essex Police,,,No location,,,Investigation complete; no suspect identified
3de3be242af4a842206e1dea58d0bb1ff35c6b8f4793c40ef0e6b86f3a642e57,2018-12,Essex Police,Essex Police,0.899183,51.910173,On or near Hospital,E01021682,Colchester 004D,Investigation complete; no suspect identified
26926f53fa1e03433ff09bedcae21238c15c87ced0ec552c59e23e9aec5b2153,2018-12,Essex Police,Essex Police,0.676222,51.559445,On or near EXFORD AVENUE,E01015857,Southend-on-Sea 004A,Investigation complete; no suspect identified
38c7c648a08a6bbd2f46663d57aa231f594c1573f2077293656d6bddd69428fa,2018-12,Essex Police,Essex Police,0.450108,51.582076,On or near LUCKYN LANE,E01021268,Basildon 015B,Formal action is not in the public interest
7ca2cc31dfe3722336c133430e3aa64df844a982dd0544c93415996a1544a04c,2018-12,Essex Police,Essex Police,0.135493,51.789946,On or near THE HOO,E01021854,Harlow 001A,Unable to prosecute suspect
8e3fc67f3b3a3e244e069e1a1ea1fb2e47ff7167564a04d265769b759dc09cdf,2018-12,Essex Police,Essex Police,0.592722,51.776144,On or near SWAN CLOSE,E01021394,Braintree 018B,Investigation complete; no suspect identified
daf29721579c1c4697ebdfd82d496cf999bed6be82a015c7fc06cbff885c5e2f,2018-12,Essex Police,Essex Police,0.629027,51.790149,On or near PURCELL ROAD,E01033461,Braintree 017G,Investigation complete; no suspect identified
77f2042d31d2b37e0356cda0de4475311743f6cb4440fab31d071e8bf5f54223,2018-12,Essex Police,Essex Police,0.285907,51.477510,On or near CHARLOTTE PLACE,E01016011,Thurrock 015B,Investigation complete; no suspect identified
1f9f4da93d4b9dd9bcd39929eee7c3bdef6175cd4f535203a0ad7cc6911f8003,2018-12,Essex Police,Essex Police,0.491014,51.713567,On or near READERS COURT,E01021565,Chelmsford 014C,Investigation complete; no suspect identified
d487da2af19bfb914d46b85f0bc48c47f91c638e87644f0894187887131804f0,2018-12,Essex Police,Essex Police,0.347470,51.469027,On or near Petrol Station,E01016003,Thurrock 018A,Investigation complete; no suspect identified
b1c0ab055a09a0b188d664086bb8300f07de308970e254cd98ebcc5351954ba2,2018-12,Essex Police,Essex Police,0.483172,51.717079,On or near SAWKINS GARDENS,E01033145,Chelmsford 014G,Unable to prosecute suspect
793cef3c3fcd44abbc4d101c9b2899e93b8801a6706789d6c67c3b0d18842e79,2018-12,Essex Police,Essex Police,0.615114,51.646810,On or near BUSHEY CLOSE,E01021612,Chelmsford 019B,Investigation complete; no suspect identified
72cc9053538e0c02cc026a2c5d184c04bb87849abec58836324b5ed427b41c8f,2018-12,Essex Police,Essex Police,0.455025,51.557871,On or near FOBBING FARM CLOSE,E01021297,Basildon 020D,Unable to prosecute suspect
924cbf43f1b547934cddb48a61f3d3c535dafa90439f64153445aa96185d905d,2018-12,Essex Police,Essex Police,0.283452,51.501596,On or near CORVE LANE,E01015929,Thurrock 007C,Unable to prosecute suspect
49718abdd7bc59dbbd213240e639f21f8a5c1c2005242d617b13173240eadf0d,2018-12,Essex Police,Essex Police,0.292176,51.521822,On or near ROSEMARY CLOSE,E01015971,Thurrock 006B,Investigation complete; no suspect identified
58fb3e1912afcf46dfec78f997f7a0fd3a1f65ef3bfa223536dd604f52f9b0a3,2018-12,Essex Police,Essex Police,0.891461,51.888221,On or near MANOR ROAD,E01021649,Colchester 007D,Investigation complete; no suspect identified
de6e4ccd222af10a48f180843b9a5a873e0c2bfe9fd1834966ed0d8b19c93782,2018-12,Essex Police,Essex Police,0.272254,51.492281,On or near Motorway Service Area,E01016012,Thurrock 015C,Investigation complete; no suspect identified
0a46666ff4bf5fe4821e9b58b972b2cd006f2d2ef9c056bca36614bf90708a06,2018-12,Essex Police,Essex Police,0.027158,51.682499,On or near HARRIER WAY,E01021810,Epping Forest 008D,Investigation complete; no suspect identified
13b658fd6b5338f304b0f8eccc554b1a356e83c75832eb804e23e5073186f8df,2018-12,Essex Police,Essex Police,-0.002165,51.686760,On or near Supermarket,E01021818,Epping Forest 009C,Unable to prosecute suspect
998b02afa3b8808f333c56343c17d9393e69e99567ef5bd9569b29d3337688f4,2018-12,Essex Police,Essex Police,0.478501,51.604853,On or near CORNER ROAD,E01021260,Basildon 009D,Unable to prosecute suspect
0a5fe184c34cc6c330832861a210f0cf6ed2d8ce7e224f3215c76d9e45855ad0,2018-12,Essex Police,Essex Police,1.286640,51.947545,On or near EASTGATE STREET,E01021997,Tendring 001A,Unable to prosecute suspect
a5af5c798c974664b726445b7cd042c364d43755f3f22d4ac091cda67a6bca43,2018-12,Essex Police,Essex Police,0.128695,51.721007,On or near HIGH ROAD,E01021761,Epping Forest 005B,Investigation complete; no suspect identified
a46e145e8f6096e6bd31579fe5ac3a0d01ba5f59a9707963ce445fdf816c0706,2018-12,Essex Police,Essex Police,0.479874,51.579967,On or near PELDON PAVEMENT,E01021267,Basildon 012B,Local resolution
0e2a18bfa1a5b758edc857d691cd6c7447f9c08b2b512bca1bb4c80aeb9c5c61,2018-12,Essex Police,Essex Police,0.563105,51.877364,On or near MANOR STREET,E01033459,Braintree 009F,Investigation complete; no suspect identified
0fd41ae3d2920ac0bb950aecdfd13110fe5764fa89b310eb21eb4a103563a9e2,2018-12,Essex Police,Essex Police,0.270445,51.486039,On or near Parking Area,E01016012,Thurrock 015C,Investigation complete; no suspect identified
7292d6eacb404bae13428d042436685540ce19bf06dfe2229abe3602a13f50c8,2018-12,Essex Police,Essex Police,1.153340,51.787393,On or near Nightclub,E01022025,Tendring 016B,Investigation complete; no suspect identified
fd87e1f42502b919dfc5376d4919791737257f615f2f209eca126b2bd011aef7,2018-12,Essex Police,Essex Police,0.705188,51.537448,On or near PARK LANE,E01015856,Southend-on-Sea 015F,Investigation complete; no suspect identified
cbe60030ad714af61e8eb38b29a23dd4b4fd03f4016cf9ae776817040131de23,2018-12,Essex Police,Essex Police,0.730798,51.540290,On or near Petrol Station,E01015844,Southend-on-Sea 014F,Unable to prosecute suspect
c15ae3dfd3fb7977df6f7b6838af6610b19a3129f12a136c1747edc07397adf1,2018-12,Essex Police,Essex Police,0.492587,51.560110,On or near FRESHWATER DRIVE,E01021311,Basildon 022C,Investigation complete; no suspect identified
f3cbddc26d71d9b5d72659966577c4cfe0554465d90b668e01ec07864f157769,2018-12,Essex Police,Essex Police,0.716199,51.548714,On or near CEDAR CLOSE,E01015897,Southend-on-Sea 010C,Investigation complete; no suspect identified
c4eb97a1d3e966f677ba528af78b162b990fdc28a0c50b173a4d1f1c708fe7cb,2018-12,Essex Police,Essex Police,0.480110,51.702656,On or near VALE END,E01021555,Chelmsford 017D,Investigation complete; no suspect identified
3bf8b787b9280804b856c5bdeb6b9bc558296648ce7fa627264dfd5d5992ae12,2018-12,Essex Police,Essex Police,0.113571,51.775748,On or near Parking Area,E01021845,Harlow 002B,Investigation complete; no suspect identified
be0edf3bfd17e55a49f653f5d09f5716c92db79f80b990c279232cc380744eae,2018-12,Essex Police,Essex Police,0.288966,51.632202,On or near Petrol Station,E01021464,Brentwood 004E,Investigation complete; no suspect identified
652eba57285223695593e718e1d9f1012c0aa0ae6c42e92455a51cd9ca782346,2018-12,Essex Police,Essex Police,0.128695,51.721007,On or near HIGH ROAD,E01021761,Epping Forest 005B,Investigation complete; no suspect identified
5ffba526b10c1e2fdeeb0cb2fa553d1890fe0ace26c63858cfd6df350ae6789a,2018-12,Essex Police,Essex Police,0.931567,51.890987,On or near HICKORY AVENUE,E01021699,Colchester 008D,Action to be taken by another organisation
f3d78e1f08ce4274087ab1bcda5d1688357b22142d1d6fe9b3de6f519496f67a,2018-12,Essex Police,Essex Police,0.573344,51.885926,On or near HOOD GARDENS,E01021349,Braintree 007A,Unable to prosecute suspect
859fead2fcd98b2490e9b9c34637c9230c57347486213711b6bfa7eb853d7678,2018-12,Essex Police,Essex Police,0.730569,51.550674,On or near ST EDMUND'S CLOSE,E01015875,Southend-on-Sea 006G,Unable to prosecute suspect
5493575b850e98668de72af32bcd4d589c62522f42ca3b67ea9b34f7a3f64cb1,2018-12,Essex Police,Essex Police,0.796519,51.533668,On or near WAKERING AVENUE,E01015876,Southend-on-Sea 013A,Local resolution
5c733e74e9cda324704d45892d8713ec86c23f68a379a9aeff6cc9c6faeb6192,2018-12,Essex Police,Essex Police,0.249467,51.628883,On or near Park/Open Space,E01021468,Brentwood 006D,Investigation complete; no suspect identified
9a5d9a27fd920d9ad47f5e86457f840f6ddde767c4d923e570f468189b85c7be,2018-12,Essex Police,Essex Police,0.328510,51.480125,On or near ORSETT ROAD,E01015956,Thurrock 016B,Suspect charged
862bad5370dbe8bfc3108ac7444257a6a1aac95a6f794196fc12c03e0fb5126f,2018-12,Essex Police,Essex Police,0.784465,51.541960,On or near FROBISHER WAY,E01015879,Southend-on-Sea 013D,Investigation complete; no suspect identified
cbac99d33a55de28facefa2e10ab56418ddb1bc29c60da41b18daa9ecfba760c,2018-12,Essex Police,Essex Police,1.171798,51.811504,On or near THE GREENWAY,E01021984,Tendring 010A,Unable to prosecute suspect
90fa4c0635ffe6cde4ad8769fc53cac829028636b4d883303228c0571a580ac7,2018-12,Essex Police,Essex Police,0.652758,51.545508,On or near LYMINGTON AVENUE,E01015845,Southend-on-Sea 011A,Investigation complete; no suspect identified
278cd54fb115befa1989a2dbcf80b96f26e4f87d4afd49017731c0d0c1ce704a,2018-12,Essex Police,Essex Police,0.240155,51.480192,On or near WINGROVE DRIVE,E01016013,Thurrock 015D,Investigation complete; no suspect identified
b25138ae7d36d1967533302476e2ba1df4e162ec12b07a65a11f45b2bbb234fc,2018-12,Essex Police,Essex Police,0.508699,51.825568,On or near HELEN HOW,E01021538,Chelmsford 001A,Suspect charged
56b9bb5febd8f2bb6b56399445b0e69fe3082c20ff0691d16531ef9a5faf9ae1,2018-12,Essex Police,Essex Police,1.171798,51.811504,On or near THE GREENWAY,E01021984,Tendring 010A,Unable to prosecute suspect
b5709033e9f654ddc91958a025e1c2e3190ac1a5fe3426fd0adee68ec071f34c,2018-12,Essex Police,Essex Police,0.331983,51.475928,On or near Parking Area,E01015962,Thurrock 016E,Unable to prosecute suspect
734d0d6b7c3295941528121731064288fa2d71b602a441361766c2902cfbd365,2018-12,Essex Police,Essex Police,0.253461,51.507617,On or near TEVIOT AVENUE,E01015924,Thurrock 008C,Unable to prosecute suspect
5d2424f6eee6c92f2ccee21d2556c5f441e4a098c99a7860f3c210b44d28e525,2018-12,Essex Police,Essex Police,0.328510,51.480125,On or near ORSETT ROAD,E01015956,Thurrock 016B,Suspect charged
421e2baac1b406bfe37b7d79a0f278e71eee418f1c3200ff2a18a491d6af7fb1,2018-12,Essex Police,Essex Police,0.709743,51.544690,On or near Police Station,E01015895,Southend-on-Sea 010A,Unable to prosecute suspect
8b75e50a20bb0d4bb0ab96ee11da88b4b46109f7b5983ce2f4b0fc97300afedc,2018-12,Essex Police,Essex Police,0.083097,51.743568,On or near Sports/Recreation Area,E01021867,Harlow 011E,Investigation complete; no suspect identified
cb9655fec81d0a2b100732b3d868af125a7294883a530e185d63a5a250117212,2018-12,Essex Police,Essex Police,0.503458,51.868954,On or near SCHOOL ROAD,E01021405,Braintree 010D,Investigation complete; no suspect identified
9c0394df23889d322c48691b1911b88b84e136b9808e4a5713c2dd1cd41f8629,2018-12,Essex Police,Essex Police,0.281698,51.489840,On or near Parking Area,E01016011,Thurrock 015B,Investigation complete; no suspect identified
b5ee960b437397961686f973480665bfde4a0c0f37d3895ac4008bee1d764226,2018-12,Essex Police,Essex Police,0.817660,51.641888,On or near MILL ROAD,E01033057,Maldon 008G,Unable to prosecute suspect
487f465ed197a7ddc7b1281f1dd290d047110fbbb18490e5fa7f453cf661c965,2018-12,Essex Police,Essex Police,0.610933,51.641228,On or near PINTOLLS,E01021607,Chelmsford 020C,Investigation complete; no suspect identified
087088c9e66ecb27244e938f29d775877be6d183c7b602ffe3d9332eabc8dc7c,2018-12,Essex Police,Essex Police,0.253646,51.501148,On or near DAVIS ROAD,E01015923,Thurrock 008B,Unable to prosecute suspect
2ba3fead26515c2c9c3f363da1b92bd32f0a4e7f01c1f225e9aec8eaa14c373d,2018-12,Essex Police,Essex Police,0.598152,51.590339,On or near STATION AVENUE,E01021926,Rochford 006B,Investigation complete; no suspect identified
af72aef177e22b21bdcbcfa7965831b6427fd2e671efe416b90a1b777de47628,2018-12,Essex Police,Essex Police,-0.008518,51.686706,On or near GROVE COURT,E01021817,Epping Forest 008E,Investigation complete; no suspect identified
9c1fccaace6e2aa0f51cd2505d777f3afaa9a55aaf269d33b1615a777438cba9,2018-12,Essex Police,Essex Police,0.743673,51.819887,On or near ELM CLOSE,E01021726,Colchester 020D,Suspect charged
bd9563d19db259db437acf13f4c9ca988888b4b75a35f6a95b3fe0f696906f48,2018-12,Essex Police,Essex Police,0.328510,51.480125,On or near ORSETT ROAD,E01015956,Thurrock 016B,Suspect charged
a29d69b5de42c016444b2ceca4287fc29acc2775a97692c2430eadfa502efcb7,2018-12,Essex Police,Essex Police,0.932424,51.887396,On or near FOREST ROAD,E01033722,Colchester 008H,Investigation complete; no suspect identified
e6f952ee2c9d68ccadf41534b0411d081f43122746bb870a71b5be508ceade99,2018-12,Essex Police,Essex Police,0.743673,51.819887,On or near ELM CLOSE,E01021726,Colchester 020D,Suspect charged
f34eb42ae52d148919ff8526446658c39cc7c7b7dbdae542e08fcc442bbe4d18,2018-12,Essex Police,Essex Police,0.565689,51.520779,On or near VILLAGE DRIVE,E01021486,Castle Point 010B,Unable to prosecute suspect
86d3145749399baebc8d81ce2765aafb50c5b854d5109a7f8ef6af94d951930e,2018-12,Essex Police,Essex Police,0.253646,51.501148,On or near DAVIS ROAD,E01015923,Thurrock 008B,Unable to prosecute suspect
8cff1445ba0e59d195a4bbb6342c24842b75859087d1c0674a791e5e7b54afb8,2018-12,Essex Police,Essex Police,0.455231,51.745176,On or near SQUIRRELLS COURT,E01021576,Chelmsford 006A,Action to be taken by another organisation
6a1863bec77382f57f0b68c8629987527f357222d6bebcac426b36f29831ec41,2018-12,Essex Police,Essex Police,0.262166,51.499491,On or near STIFFORD ROAD,E01015926,Thurrock 008E,Unable to prosecute suspect
131e4016fff85147bed0bb4188fdc85a77bb91e77bad9eec602932db68865461,2018-12,Essex Police,Essex Police,,,No location,,,Unable to prosecute suspect
6c3011fc0445b6689ccd1e140c588a6eaf63ce889a680cb6560deae19dada072,2018-12,Essex Police,Essex Police,0.331927,51.478213,On or near RICHMOND ROAD,E01015961,Thurrock 016D,Offender given a drugs possession warning
a8892fc8becfa36b12b10fc01c9b1d3e74e5e7419f1496f621fcfa2a3ccc8af0,2018-12,Essex Police,Essex Police,1.045031,51.939738,On or near LAWFORD PLACE,E01022013,Tendring 003B,Investigation complete; no suspect identified
ba7c1e7250824294fbc988e556e10ac7e69ead6a6338af8a9daa0617105664bc,2018-12,Essex Police,Essex Police,0.857138,51.878484,On or near WORTHINGTON WAY,E01021692,Colchester 014D,Investigation complete; no suspect identified
83c82d5dc5fd4249578f73879128a7dbbef6aa7d05102682c1b3a775d9328002,2018-12,Essex Police,Essex Police,0.592497,51.521692,On or near FURTHERWICK ROAD,E01021498,Castle Point 011B,Investigation complete; no suspect identified
0444a1d2823df87e88ed72b37bbeecd370e15910671368ce4ea23735d44e9e5b,2018-12,Essex Police,Essex Police,0.608275,51.549033,On or near CASTLE LANE,E01021518,Castle Point 006B,Unable to prosecute suspect
09de5ca3bb45b6fea3e61c30cc595412029aaaa38d5762d43ae40730ed46c218,2018-12,Essex Police,Essex Police,0.580924,51.884555,On or near CROWN MEADOW,E01021351,Braintree 007B,Investigation complete; no suspect identified
0b2cf1bc47c148ef2f7e01e48f79cc286def562e20830a7df52e3575454268c4,2018-12,Essex Police,Essex Police,0.262166,51.499491,On or near STIFFORD ROAD,E01015926,Thurrock 008E,Unable to prosecute suspect
af5d378b6e0b5b7bbdd8355289f3f89834613f8380bb845e786d4b47c9b35f05,2018-12,Essex Police,Essex Police,0.576037,51.878637,On or near RUSTIC CLOSE,E01021369,Braintree 012D,Unable to prosecute suspect
b5acdbbf710d30888a84fc8f8e800baa2cfaa2e627cabb37fed72733fcbd1bb6,2018-12,Essex Police,Essex Police,0.397253,51.509757,On or near Petrol Station,E01015979,Thurrock 004C,Investigation complete; no suspect identified
9538d3d3299730936488c6c9d372d9ae6238a2b503deab199dff494921e64667,2018-12,Essex Police,Essex Police,0.323432,51.476835,On or near Shopping Area,E01015954,Thurrock 017D,Suspect charged
af45c99de0611cddcec91fe8c1ff3588c08666fe26312cacd028535304d5872d,2018-12,Essex Police,Essex Police,0.416799,51.860443,On or near BRIGHT ROAD,E01033053,Uttlesford 008G,Investigation complete; no suspect identified
4d2ecf5e4ab68c7aaa01d0c47372242f30ad97e23d44fb9ac7150ec164813e89,2018-12,Essex Police,Essex Police,0.484654,51.736715,On or near Prison,E01021627,Chelmsford 010E,Action to be taken by another organisation
d10fef5bf2c0a8bad1261bde1b40d4fb22e4d2119349b7b0e9d7a5fc2b1d8dc3,2018-12,Essex Police,Essex Police,1.098529,51.772922,On or near BELSIZE AVENUE,E01021988,Tendring 018A,Investigation complete; no suspect identified
6d9c438f9cbc137a46fb04d2c0eb1f641364afc38d3d236c7ac59bc28139f257,2018-12,Essex Police,Essex Police,0.589159,51.715654,On or near THE AVENUE,E01021572,Chelmsford 016E,Unable to prosecute suspect
6d4bc028cdf8e1e2b4a01eece193191973383adaf0068ec146cb334cd63b07c4,2018-12,Essex Police,Essex Police,0.569542,51.527242,On or near ST GUIBERTS ROAD,E01021507,Castle Point 010E,Investigation complete; no suspect identified
613e69674d588a3663b6150101f7a4e303f0e177757b00f8203195fe4426583a,2018-12,Essex Police,Essex Police,,,No location,,,Investigation complete; no suspect identified
861b3573212ac0a968d137353863b2661884da56608b4e0538edabd2bc2195cd,2018-12,Essex Police,Essex Police,0.631674,51.794767,On or near WINDSOR CLOSE,E01033462,Braintree 017H,Unable to prosecute suspect
8f98941c6f13209d038b2ee049df3954b77a5ddbe3b664f7fa98e8a3b3138d8f,2018-12,Essex Police,Essex Police,0.476123,51.729036,On or near ROCHFORD ROAD,E01033140,Chelmsford 010F,Suspect charged
dbf5875f8c8cc0bd7bcbf7e8ae0e717d9aebd311cc6548b1d0fbdbf684eafb68,2018-12,Essex Police,Essex Police,0.929648,51.885162,On or near Supermarket,E01033722,Colchester 008H,Unable to prosecute suspect
fd3ac0be77347125989c0569357d592c957292bd873b01e6322a684e3887a934,2018-12,Essex Police,Essex Police,0.879098,51.864664,On or near HOMEFIELD ROAD,E01033723,Colchester 015G,Investigation complete; no suspect identified
db639165a3bf49159ffb55031e343de8bc5d9dbde130a589f72d9c5569387f54,2018-12,Essex Police,Essex Police,0.727588,51.554386,On or near Hospital,E01015871,Southend-on-Sea 006C,Local resolution
5f7f9eb2dde13241537cc6586be0b011b38d80fec11a1ee6951d9ddabeb4688c,2018-12,Essex Police,Essex Police,1.035273,51.873013,On or near BROMLEY ROAD,E01022051,Tendring 005C,Unable to prosecute suspect
905989e03e59f757567fe82b4c65eb649bccc2fbf5f7857480cedd9e45237a65,2018-12,Essex Police,Essex Police,0.679516,51.730822,On or near Parking Area,E01021890,Maldon 004B,Suspect charged
fc7dd27c9f5eba93d694961b88f2b7eb2a076bf7e4ce3e5f3df163a4274801bb,2018-12,Essex Police,Essex Police,0.448470,51.753815,On or near BELVAWNEY CLOSE,E01021601,Chelmsford 003E,Investigation complete; no suspect identified
fa1e784d238cc8964bbd9250ac9ca1fde3e4ed9dd36761982d460c267c00b28a,2018-12,Essex Police,Essex Police,0.879465,51.879036,On or near ALPORT AVENUE,E01021713,Colchester 015C,Investigation complete; no suspect identified
d3a1f6d9e70e1efdb30f79b67ce260deeddcc7297a67780f37f8e3477fd38fc5,2018-12,Essex Police,Essex Police,0.676392,51.568966,On or near LUNDY CLOSE,E01015863,Southend-on-Sea 002A,Investigation complete; no suspect identified
3a797fa431a93474ad6ec18f884dcc2d7a939c399bc3e6749442f482389b1da6,2018-12,Essex Police,Essex Police,0.051140,51.650087,On or near SHAFTESBURY,E01021791,Epping Forest 012F,Unable to prosecute suspect
4acb221e5dc3040c6e89289345b5c48f1bf2a418507037786d8ab1208a2ad369,2018-12,Essex Police,Essex Police,0.701155,51.546310,On or near AVEBURY ROAD,E01015900,Southend-on-Sea 010F,Unable to prosecute suspect
8fcf6bcce8297e0d14485ca5e9e29e89f839592b0b6f24855f7bcd5510cb0093,2018-12,Essex Police,Essex Police,0.613188,51.636951,On or near BULBECKS WALK,E01021609,Chelmsford 020E,Investigation complete; no suspect identified
ce06499d439c243052f09b30bbf5fda5d2ffe15198e6edf0920490f014444331,2018-12,Essex Police,Essex Police,0.593113,51.977823,On or near Petrol Station,E01021397,Braintree 003B,Unable to prosecute suspect
5b2be87f9691d66268f5b983d4d1e106976106052d908abb5048f8421dcc982b,2018-12,Essex Police,Essex Police,0.827316,51.890437,On or near A1124,E01021718,Colchester 012A,Investigation complete; no suspect identified
de31a2055c9b42aeee3a66929f1a4389f9b1aeff421b68caf31a126b4ae99124,2018-12,Essex Police,Essex Police,0.926175,51.921394,On or near NEWCOMEN WAY,E01033720,Colchester 002F,Unable to prosecute suspect
3aa59dbc1a33fbd946242e2e8c8f22ef9287ceb02a888b17ab4ec24c8ae40044,2018-12,Essex Police,Essex Police,0.794823,51.539402,On or near CENTURION CLOSE,E01015881,Southend-on-Sea 013F,Unable to prosecute suspect
628836aba7da15b835173b2f2aa28f94dd2fb735b281713851bf11dd5c772235,2018-12,Essex Police,Essex Police,0.592722,51.776144,On or near SWAN CLOSE,E01021394,Braintree 018B,Unable to prosecute suspect
cfa6f7ab9fa2124db4aa7572c56a19cf29bd343d68d8f1dba6ac943007a2d1b2,2018-12,Essex Police,Essex Police,0.427331,51.571533,On or near MELLOW PURGESS CLOSE,E01021286,Basildon 016A,Unable to prosecute suspect
c636f1a28f6bbb9bc1893723804141754a8a0272f4ee4295a768333045a1acf7,2018-12,Essex Police,Essex Police,0.516400,51.587661,On or near JOSSELIN COURT,E01021309,Basildon 011E,Investigation complete; no suspect identified
f773efd31d8d2ae4935e6237a95620f651570cebea4185decebcde0c26dfd024,2018-12,Essex Police,Essex Police,0.612393,51.645755,On or near GUYS FARM ROAD,E01021613,Chelmsford 019C,Investigation complete; no suspect identified
683ac48e4fa5c9e8052333705cd5dc1f84528524ba2609280ed9128c00cf103e,2018-12,Essex Police,Essex Police,0.659313,51.551052,On or near GREENACRE MEWS,E01015820,Southend-on-Sea 005A,Investigation complete; no suspect identified
aef9fdfa31b2f699263e8b82e41607ec13ae00969992d71f333cd98133ece4fc,2018-12,Essex Police,Essex Police,0.450839,51.723720,On or near WESTWAY,E01033138,Chelmsford 009F,Investigation complete; no suspect identified
578886129098c2197aa91e9ebe94f151f1b75a7a28bbea2a9ed9c8254b434adc,2018-12,Essex Police,Essex Police,0.278591,51.475503,On or near ESSEX ROAD,E01016012,Thurrock 015C,Investigation complete; no suspect identified
ba3fdf5cc84a6524cdf1d36005ed9e1c32d7969298916f65efc343e0f9daede9,2018-12,Essex Police,Essex Police,0.196077,51.897333,On or near STONEY COMMON,E01022087,Uttlesford 005F,Unable to prosecute suspect
46f435d0cd52f605dc3a06b30d153bc47237472b3644dd30ee2981cd4603db35,2018-12,Essex Police,Essex Police,0.463491,51.677564,On or near Petrol Station,E01033143,Chelmsford 018E,Unable to prosecute suspect
37429d844bba38df97059d970ffe6ac88431f26c88c1d3ed4d2283271e16e3ff,2018-12,Essex Police,Essex Police,0.701155,51.546310,On or near AVEBURY ROAD,E01015900,Southend-on-Sea 010F,Unable to prosecute suspect
91e8e55a5face7e4af188445ad60333af5e5ebb8ab3fb0421814d548abef9732,2018-12,Essex Police,Essex Police,0.879465,51.879036,On or near ALPORT AVENUE,E01021713,Colchester 015C,Investigation complete; no suspect identified
97cdce956609122ffa39a4b3a122eb658ee7d93434a44a7b48e70031eba4ce4e,2018-12,Essex Police,Essex Police,0.934897,51.889888,On or near VERONICA WALK,E01021699,Colchester 008D,Investigation complete; no suspect identified
4112c8d2535f142655909b6b81242e3a99fb945df81170a81a02b09853febda0,2018-12,Essex Police,Essex Police,0.086144,51.607394,On or near Supermarket,E01021764,Epping Forest 017A,Investigation complete; no suspect identified
f2f33113a064012c55704467c48d631dbaea43cb075db52bd7c3c34f2360f7dd,2018-12,Essex Police,Essex Police,0.639511,51.568821,On or near CORNEC CHASE,E01015837,Southend-on-Sea 001E,Unable to prosecute suspect
8942de403edbb3da32126b9212c62cc43c21c98dbc414d3e7900c925607c6b0a,2018-12,Essex Police,Essex Police,0.475589,51.734101,On or near BOND STREET,E01033141,Chelmsford 010G,Suspect charged
d6b5d024fcd8d885611021074ace56cbd9b40785956d9a8ee10db8e54539dfc8,2018-12,Essex Police,Essex Police,0.296171,51.476275,On or near ANGLE ROAD,E01016015,Thurrock 015F,Action to be taken by another organisation
64ac073c2a359282c4d53ecaa6e3a186978908610ddadda43a6d5e3c49d3d300,2018-12,Essex Police,Essex Police,1.169110,51.817854,On or near Pedestrian Subway,E01021984,Tendring 010A,Investigation complete; no suspect identified
157dd32ee54ea228f6bd8a837df5dc8cf0091948fcdadcd5826161971286854f,2018-12,Essex Police,Essex Police,0.638927,51.944376,On or near Parking Area,E01021387,Braintree 004A,Investigation complete; no suspect identified
1970c647df0e7711ced7c6f4bddcc0e3c449e0de981b7ede7dd9ec815d7c9fa4,2018-12,Essex Police,Essex Police,0.439656,51.581772,On or near BUCKINGHAM ROAD,E01021279,Basildon 010E,Action to be taken by another organisation
555d60aed406b0a8153bded65899fa177d3da88d230624b22b5666ca022535d9,2018-12,Essex Police,Essex Police,0.879465,51.879036,On or near ALPORT AVENUE,E01021713,Colchester 015C,Investigation complete; no suspect identified
0fb627417d992785a98923f393b5cc152985fb0882064b3d18a48b8cc3b6f6cc,2018-12,Essex Police,Essex Police,0.611886,51.552388,On or near LONDON ROAD,E01021518,Castle Point 006B,Investigation complete; no suspect identified
ce2929d516ec9f43c5d44e7efdec2a3d96c6073dfe37825819ef2f9cf7155f3b,2018-12,Essex Police,Essex Police,0.901362,51.883300,On or near NAPIER ROAD,E01021683,Colchester 011A,Investigation complete; no suspect identified
6a2e04ae8de101d5a777203ada788deba46703a33087c7f793d51862ccfbc145,2018-12,Essex Police,Essex Police,0.639511,51.568821,On or near CORNEC CHASE,E01015837,Southend-on-Sea 001E,Unable to prosecute suspect
3fad4d81c99594d3a40690036f2324c7600ff11719d9a31fef12720982b06e54,2018-12,Essex Police,Essex Police,0.473830,51.736629,On or near Chelmsford Police Station,E01033141,Chelmsford 010G,Unable to prosecute suspect
6b4ac14e93cb8f4c131dc3808bbf9e2399bd4160857ccb737ca6c787f9e8298a,2018-12,Essex Police,Essex Police,0.545135,51.883851,On or near PYGOT PLACE,E01021358,Braintree 008C,Unable to prosecute suspect
cdd76e524014096b8b5c1848530b2de32f5f1a0b6c5ab35f43c790ad036166a7,2018-12,Essex Police,Essex Police,0.611886,51.552388,On or near LONDON ROAD,E01021518,Castle Point 006B,Investigation complete; no suspect identified
65c3ebbf3e8dc89fea4011aa484d771151a70ab87c179ef221e08c68f223e57b,2018-12,Essex Police,Essex Police,0.611886,51.552388,On or near LONDON ROAD,E01021518,Castle Point 006B,Investigation complete; no suspect identified
1913303dd49876cf7df95cb67991c75ac3c44a6be8fac6803b6096e254a106cd,2018-12,Essex Police,Essex Police,0.596925,51.522484,On or near VENABLES CLOSE,E01021498,Castle Point 011B,Unable to prosecute suspect
142cc78defc82176b5a4410df84b0be401bbd1232b6580ea9ed4f6624da299a4,2018-12,Essex Police,Essex Police,0.123993,51.781603,On or near STACKFIELD,E01021848,Harlow 002E,Unable to prosecute suspect
f6e84d2fd1d2c4488f39fa89db783eec3c0b2073935ba5240f079b6cd635e4e4,2018-12,Essex Police,Essex Police,0.607245,51.594823,On or near GAYLEIGHS,E01021925,Rochford 005C,Local resolution
cf568ee54b0ea8a3a6edbaea692785e2787ad4818db3e5c720702f3f9a8d7d48,2018-12,Essex Police,Essex Police,0.296171,51.476275,On or near ANGLE ROAD,E01016015,Thurrock 015F,Action to be taken by another organisation
3e1b7be5ec92bd24d21cc97d409e495f00a1a7999c9c2fac17c402844d7be4ab,2018-12,Essex Police,Essex Police,0.508934,51.572676,On or near TANSWELL CLOSE,E01021304,Basildon 013C,Investigation complete; no suspect identified
f754ce26c85137ff87dedad377343bae5a4b44a908aac9cbeb921fdc8e1057f8,2018-12,Essex Police,Essex Police,0.253037,51.881266,On or near THREMHALL AVENUE,E01022090,Uttlesford 006B,Investigation complete; no suspect identified
5b59d7e4ee18cf7d5c997666db6083a41329c9d5f02a56c2a8b64c6e4361af1e,2018-12,Essex Police,Essex Police,0.633520,51.937779,On or near HOLMES ROAD,E01021391,Braintree 004C,Unable to prosecute suspect
411192323de85e3cf2855a24a259f959b6e72f46fc6f88ee8a46e631771d503f,2018-12,Essex Police,Essex Police,0.501215,51.592707,On or near SOUTHEND ARTERIAL ROAD,E01021330,Basildon 006C,Investigation complete; no suspect identified
0169311a6a50a1da7c24e60e460e87dc01fcc636e19b093656ee1248c759359e,2018-12,Essex Police,Essex Police,0.123993,51.781603,On or near STACKFIELD,E01021848,Harlow 002E,Unable to prosecute suspect
8e630d5390c4bb8facb129527b4cfe8bd0696551c40664fd3f1fb2721d21077b,2018-12,Essex Police,Essex Police,0.900416,51.882155,On or near CIRCULAR ROAD EAST,E01021683,Colchester 011A,Suspect charged
d8c02e99973b33922cfcd8b3bc49052de6bc47c818bde787236edbf90949575f,2018-12,Essex Police,Essex Police,0.325594,51.481127,On or near MILTON ROAD,E01015959,Thurrock 016C,Investigation complete; no suspect identified
4c10294d0def11e664d23dadd2ea45f95d610cacbed4a24464db49fbebb9ddbc,2018-12,Essex Police,Essex Police,0.560646,51.878065,On or near MALTINGS VIEW,E01033458,Braintree 009E,Unable to prosecute suspect
c3eac857a1a05bc0fe8908d38e500764690aab821134cba729a46b405fcbbc12,2018-12,Essex Police,Essex Police,0.284143,51.486609,On or near Shopping Area,E01016011,Thurrock 015B,Investigation complete; no suspect identified
fb366ea149b7c396a5481e64ac2b06afae886010a8f85dec9130b7899fe37208,2018-12,Essex Police,Essex Police,0.664616,51.600297,On or near WHITE HART LANE,E01021934,Rochford 003B,Investigation complete; no suspect identified
b5d36a10d041bee4371c83fbc6ca8049378601d0bb5bbda183e1ce34d5754dc9,2018-12,Essex Police,Essex Police,0.709094,51.540820,On or near Supermarket,E01015895,Southend-on-Sea 010A,Suspect charged
7caa7aee7629a4fcb94c5c21ef2f6f366f373d9b1c724ec83abc14180fce4fcc,2018-12,Essex Police,Essex Police,0.312226,51.485069,On or near BUTTON ROAD,E01015955,Thurrock 016A,Suspect charged
94f0550763baca2b67ab91056771af540050852602ec658b789b5d1e8803e287,2018-12,Essex Police,Essex Police,0.243286,51.713236,On or near WALTER MEAD CLOSE,E01021802,Epping Forest 004D,Investigation complete; no suspect identified
da14334bd4fe5240aba6e2ca6e080104de62c2219e8ff4bcc07c9cbd3c5562a9,2018-12,Essex Police,Essex Police,0.487667,51.583363,On or near BATTLESWICK,E01021267,Basildon 012B,Investigation complete; no suspect identified
d9c56dd6d22060ddcd75f1927ce827824cf0691a6d60e6ae0f995936eb8ddaa8,2018-12,Essex Police,Essex Police,0.010814,51.735745,On or near NAZEINGBURY CLOSE,E01021793,Epping Forest 002C,Investigation complete; no suspect identified
b80e382845a5c4d4b81886cb1144aa5ef4592658e1a5050fd7ecc550b85d2763,2018-12,Essex Police,Essex Police,1.255425,51.932151,On or near BLACKTHORN ROAD,E01022006,Tendring 002C,Unable to prosecute suspect
74d340704ad4e2926cf895dc30e4814b235e9fa172165f74f93347bdc7f6372f,2018-12,Essex Police,Essex Police,0.463491,51.677564,On or near Petrol Station,E01033143,Chelmsford 018E,Unable to prosecute suspect
ff6759155ec2d54db6c032c987e8711dabd9c46081ba9a1f65ec30331cafa9c4,2018-12,Essex Police,Essex Police,0.065910,51.654783,On or near Petrol Station,E01021787,Epping Forest 012B,Investigation complete; no suspect identified
249bf230a1d590d3492fa5122d04fcab1813793a1a3d40341d3bc2333f14dc0b,2018-12,Essex Police,Essex Police,0.713316,51.537359,On or near High Street Southend,E01015852,Southend-on-Sea 015B,Unable to prosecute suspect
7dd946cfd5b3459b59016238d6a0ef774ad32ac1a1b9068ebe418cd3aaa70db9,2018-12,Essex Police,Essex Police,1.245108,51.834542,On or near Shopping Area,E01021986,Tendring 006B,Investigation complete; no suspect identified
f9cbaadadc639969c58ae4f8d1e3f05eca0dd827e04ad7ee0abf3a0bc1a6d89a,2018-12,Essex Police,Essex Police,0.113040,51.700130,On or near Police Station,E01021757,Epping Forest 006B,Investigation complete; no suspect identified
6cf00ca1748900099b88ecd3cd8d3a869e3fd22ba4aa1c77b93d951af9edd73a,2018-12,Essex Police,Essex Police,0.712497,51.540310,On or near Bus/Coach Station,E01015895,Southend-on-Sea 010A,Suspect charged
ff538a282cbc8abfef87ccbd4ac8c5abb375d78809bd490bc086ef6e64054fce,2018-12,Essex Police,Essex Police,0.460762,51.569263,On or near Supermarket,E01021318,Basildon 015C,Investigation complete; no suspect identified
bd09b54a26937eada22bdc86957898fbe267560c059995602fdb7d06100f9560,2018-12,Essex Police,Essex Police,0.679122,51.734932,On or near FULLBRIDGE,E01021890,Maldon 004B,Unable to prosecute suspect
4e4d84436317e30a1695341e960c8dae7e22eec860f238ece69133f27570b5d0,2018-12,Essex Police,Essex Police,0.407226,51.566866,On or near HOLLY GROVE,E01021280,Basildon 021A,Unable to prosecute suspect
58786ad278dc95761531319add4cb845dec8deca2465d3e8b6d8c0e753658051,2018-12,Essex Police,Essex Police,0.502915,51.565583,On or near BURNS AVENUE,E01021316,Basildon 018D,Investigation complete; no suspect identified
34f192fcfdeee5a56888922faf81b1da53e5098042d41a0caa29c4b6d1a9ae19,2018-12,Essex Police,Essex Police,0.255495,51.498900,On or near HIGH STREET,E01015921,Thurrock 015A,Unable to prosecute suspect
c66b0ef4ed1ac771c2f671da004600348cc4e9f75397f6401c4f7e914149f465,2018-12,Essex Police,Essex Police,0.563491,51.546836,On or near ST MARYS CLOSE,E01021522,Castle Point 007C,Investigation complete; no suspect identified
f3106eb43b4da37a9484640e4af8fe9e34f5380508cf85a9089989ecf890ba37,2018-12,Essex Police,Essex Police,0.563491,51.546836,On or near ST MARYS CLOSE,E01021522,Castle Point 007C,Investigation complete; no suspect identified
3b9276e28babdf1846368120c1ba7490d49d9bed08e9ecb005205e9c7deba5df,2018-12,Essex Police,Essex Police,0.874179,51.865198,On or near RANGOON CLOSE,E01021714,Colchester 015D,Investigation complete; no suspect identified
6a5759a0aa585153b3e81f500d386020689593c5535a0d896a780be59eff0cff,2018-12,Essex Police,Essex Police,0.461380,51.746090,On or near MILTON PLACE,E01021592,Chelmsford 006D,Investigation complete; no suspect identified
e537af93b47ce4a9d5b1fe86c1460da9db493f2bacc3ddc6bacaf758a4a7a6ed,2018-12,Essex Police,Essex Police,0.565689,51.520779,On or near VILLAGE DRIVE,E01021486,Castle Point 010B,Unable to prosecute suspect
efd97906db07e14c3bf40f3846f8206a291ff7de8f65b77b477efa594fc04193,2018-12,Essex Police,Essex Police,0.245087,52.021052,On or near FOUR ACRES,E01022081,Uttlesford 002F,Investigation complete; no suspect identified
4117eda2ebe20a7669c7e3785d63b793bb45d2ca3d00434df6b1d960d32fb541,2018-12,Essex Police,Essex Police,0.077002,51.728164,On or near ELM CLOSE,E01021741,Epping Forest 002A,Unable to prosecute suspect
b92cbe77e99e0ecea4ac72ecf98f88186ab533fc3aa6a7ee300e2a7affbdb6e8,2018-12,Essex Police,Essex Police,0.106661,51.747842,On or near GIBB CROFT,E01021858,Harlow 010B,Unable to prosecute suspect
c814701081874f54e13f1a4fc6dd6ede0d6e9b780a67cbb5b8b12dc3d5f588bd,2018-12,Essex Police,Essex Police,1.102765,51.773377,On or near ALVIS AVENUE,E01021988,Tendring 018A,Investigation complete; no suspect identified
69ae20081e06b5b3fa56927c131f5eed642292d4f9d8d68366ac5a7760a545a0,2018-12,Essex Police,Essex Police,1.093192,51.896326,On or near B1035,E01022019,Tendring 003E,Action to be taken by another organisation
a8ce466222d784025b7001f766961b4e839c995788023acc0ce6588348de787a,2018-12,Essex Police,Essex Police,0.682468,51.720997,On or near MARLOWE CLOSE,E01021893,Maldon 005A,Unable to prosecute suspect
a43bdd27410db891bea74e103e9419e2afe2e4ea5eb2748ed2910423d62869ab,2018-12,Essex Police,Essex Police,0.077002,51.728164,On or near ELM CLOSE,E01021741,Epping Forest 002A,Unable to prosecute suspect
f327c859abd59fb58cafd4a377c4ffdc578cf37486856973e12671ec72a1ba73,2018-12,Essex Police,Essex Police,0.411393,51.622664,On or near HILLARY MOUNT,E01021244,Basildon 004A,Investigation complete; no suspect identified
e92760072d7b2fdb1be1d742513b502e80bca878fe94768d14ff6536f64f3205,2018-12,Essex Police,Essex Police,0.858501,51.886904,On or near MASEFIELD DRIVE,E01021673,Colchester 009A,Unable to prosecute suspect
2963235849c29ab79c32437ddf002d7c53fcc53266d041ffbe5b89f955b7c28c,2018-12,Essex Police,Essex Police,0.120833,51.649802,On or near ORCHID CLOSE,E01021770,Epping Forest 010A,Investigation complete; no suspect identified
f00b7c7779dc3fd348f401909456bf1a64914551d8123aee72bf0a0f819d5c20,2018-12,Essex Police,Essex Police,0.518719,51.613134,On or near MARKET ROAD,E01021329,Basildon 006B,Investigation complete; no suspect identified
efa9d35990fd706e9ffeef21c3a82f3c6aa92d5925ed67d4b49155de7946f86a,2018-12,Essex Police,Essex Police,0.416332,51.574755,On or near Sports/Recreation Area,E01021275,Basildon 014B,Unable to prosecute suspect
c1ba86ae36a138a5827449d327e77b3be56db5a04465f4f00a17be8e33fdf8ae,2018-12,Essex Police,Essex Police,0.927371,51.880326,On or near COLNE CAUSEWAY,E01021685,Colchester 011C,Investigation complete; no suspect identified
af4ec4b98142e89992d419363754af85df6d55e343a0451685cacf8a3f3ee575,2018-12,Essex Police,Essex Police,0.106661,51.747842,On or near GIBB CROFT,E01021858,Harlow 010B,Unable to prosecute suspect
e2c4e01748301d2abfcd5c8863369f41131c5a253af025929308b4a9886a77bd,2018-12,Essex Police,Essex Police,0.663656,51.551808,On or near NORFOLK AVENUE,E01015820,Southend-on-Sea 005A,Unable to prosecute suspect
8a191bf2f453836f4b188e2fb68774f466d384a1bd3ba907e2710a25779b4af3,2018-12,Essex Police,Essex Police,0.934239,51.929962,On or near LODGE LANE,E01021655,Colchester 001A,Investigation complete; no suspect identified
203794331c211c76d03831f7d0117ddfed7242879bfdbf57ca5d24fce307f838,2018-12,Essex Police,Essex Police,0.245087,52.021052,On or near FOUR ACRES,E01022081,Uttlesford 002F,Investigation complete; no suspect identified
d9caab3c11b14b160b2f60bbc9b1581aad8dce291924a0478127acc4f62461aa,2018-12,Essex Police,Essex Police,0.405073,51.571182,On or near ROWENHALL,E01021277,Basildon 014D,Local resolution
94ff122af420f27d003afdf231db455e28682dbbdd03ae382cd81ef8a65252c2,2018-12,Essex Police,Essex Police,1.262339,51.846154,On or near BUTCHERS LANE,E01022055,Tendring 006D,Unable to prosecute suspect
846c36523e62c1fa3a0d046894e2a6ddd341e66b04616b02640181b48666526c,2018-12,Essex Police,Essex Police,0.114909,51.764987,On or near SECOND AVENUE,E01021846,Harlow 002C,Suspect charged
71c9419ea511ac7d46de94cb049e58af68f6c01afe9829190141fd51ef704699,2018-12,Essex Police,Essex Police,0.640083,51.572208,On or near Parking Area,E01015837,Southend-on-Sea 001E,Investigation complete; no suspect identified
efa5adedfaa31e4d45db9de0b56f7424d53bb3c9d75405670a4604e824634537,2018-12,Essex Police,Essex Police,0.902885,51.887993,On or near SHORT WYRE STREET,E01021649,Colchester 007D,Unable to prosecute suspect
713d3dd498cbccbac2e8a1983a09cfbe5f7d59f7e15db7d5635525966fd950c1,2018-12,Essex Police,Essex Police,1.262339,51.846154,On or near BUTCHERS LANE,E01022055,Tendring 006D,Unable to prosecute suspect
38cc1b8ee3e39b0749c83fb2549cd53af3d647b41ab60391df7d6f65d6295068,2018-12,Essex Police,Essex Police,0.857112,51.885175,On or near KEATS ROAD,E01021673,Colchester 009A,Unable to prosecute suspect
44d838bb37b71979fa412014333f9b937e7425c1900720f28d1ca224f0637784,2018-12,Essex Police,Essex Police,0.284490,51.487772,On or near Shopping Area,E01016011,Thurrock 015B,Suspect charged
4be7959ce4916bb496feb92c6aa1bbd9c106466769b1f2693f9a85a0709b7fbe,2018-12,Essex Police,Essex Police,0.499503,51.580459,On or near LITTLEBURY GREEN,E01021307,Basildon 011C,Investigation complete; no suspect identified
6bfbfd463542d242a19c9b37cc052f40743aa9c208ff2770f1356f2e63d029f9,2018-12,Essex Police,Essex Police,0.737111,51.544073,On or near STORNOWAY ROAD,E01015884,Southend-on-Sea 009B,Offender given a caution
a03770c384a9b16964d17536a16855da0059f62f1064d481a6ca67f65cb4fa12,2018-12,Essex Police,Essex Police,0.299987,51.612687,On or near GREAT EASTERN ROAD,E01021475,Brentwood 007E,Investigation complete; no suspect identified
82678aaefbb54392885769ed131ab32a5d5db40f651f4df469f0a3306b387817,2018-12,Essex Police,Essex Police,0.460775,51.569775,On or near Parking Area,E01021318,Basildon 015C,Local resolution
65738ad4e918e6f237057219f46d6384f6da3d42fbb532f63c459ef28e3d63eb,2018-12,Essex Police,Essex Police,0.437342,51.670915,On or near SWAN LANE,E01021602,Chelmsford 018B,Investigation complete; no suspect identified
d7130154cb42007304de5aa30419bf206b81000fcda78845ee7bb4ffa42afd6d,2018-12,Essex Police,Essex Police,0.282026,51.488629,On or near Parking Area,E01016011,Thurrock 015B,Suspect charged
17b1d88a3f540cadcec8f1dbfe3b96c550a5896545fd1e36e221181ff81337e3,2018-12,Essex Police,Essex Police,0.362233,51.460456,On or near SYDNEY ROAD,E01016004,Thurrock 018B,Unable to prosecute suspect
b61a923a6cbb5cc575b9373b3d8b3c7d78376015b53bd5a9bd618efcce6f7aa8,2018-12,Essex Police,Essex Police,0.366115,51.458408,On or near HUME CLOSE,E01016004,Thurrock 018B,Unable to prosecute suspect
89c7ae821f01531cf1daf79a50ce95c261882ce0c500aae2c3f155a231531d82,2018-12,Essex Police,Essex Police,0.285272,51.488728,On or near Parking Area,E01016011,Thurrock 015B,Suspect charged
5d9ba322c1d49f3f9c49b508761aa6d096e9d7d2461a97afaf6e0b27cc8ddd20,2018-12,Essex Police,Essex Police,0.896313,51.891114,On or near NORTH HILL,E01021649,Colchester 007D,Unable to prosecute suspect
506470b3bdcfc6652428cac9823c9031b1c00273ef9a27458d34b50126ef5ce7,2018-12,Essex Police,Essex Police,0.455025,51.557871,On or near FOBBING FARM CLOSE,E01021297,Basildon 020D,Formal action is not in the public interest
37577118e2dda4bc86ea0986ae6ed6296b6fec80ceca266eca3de5f44e0be0b6,2018-12,Essex Police,Essex Police,0.473482,51.731591,On or near BARRACK SQUARE,E01033140,Chelmsford 010F,Investigation complete; no suspect identified
7155cc71d8c48e6a91d9b6d53fc20a078a8e62b8250d48e984f660dc12c896b7,2018-12,Essex Police,Essex Police,0.405073,51.571182,On or near ROWENHALL,E01021277,Basildon 014D,Local resolution
9ed758f6deeef2ce089867e414f3db5528688a761c0392a2bd4167445a567c9b,2018-12,Essex Police,Essex Police,0.475214,51.731744,On or near Shopping Area,E01033140,Chelmsford 010F,Investigation complete; no suspect identified
bb2244c6b02e8c3368586541cca1a6d23f4150741c26545d93e5b8bb4202befe,2018-12,Essex Police,Essex Police,0.504768,51.564104,On or near BROADWAY LINK,E01021316,Basildon 018D,Investigation complete; no suspect identified
665555911f788be09c1e2a18fdd8b04dc499a51bd1a4318d4322e4a1e07aa81a,2018-12,Essex Police,Essex Police,0.116751,51.688166,On or near STEWARDS CLOSE,E01021759,Epping Forest 006D,Unable to prosecute suspect
7e992be771295ae8a36fc6e0a967ed4024762bad6b1f29e148345042f0faf2d4,2018-12,Essex Police,Essex Police,0.730798,51.540290,On or near Petrol Station,E01015844,Southend-on-Sea 014F,Unable to prosecute suspect
7b82ced2d33870b660f39acf083da3cdb1f85feaadc41afcacdbb9b7980a4201,2018-12,Essex Police,Essex Police,0.366115,51.458408,On or near HUME CLOSE,E01016004,Thurrock 018B,Unable to prosecute suspect
07ab7e7c6dc231da68b4c172604f32bd198a71904d894a8fce10d1fc08bfa139,2018-12,Essex Police,Essex Police,0.695119,51.541061,On or near Supermarket,E01015855,Southend-on-Sea 015E,Unable to prosecute suspect
25aa8551387c74443779bb5b0994d0572ea174f3bcd5b3917cf05e67cb2c3dd8,2018-12,Essex Police,Essex Police,0.850100,51.886659,On or near COLLINGWOOD ROAD,E01021674,Colchester 009B,Investigation complete; no suspect identified
60bfc96fa102659c62ecbbeb3b06a98c68e5a491417cef1c8a9f9aae41a88641,2018-12,Essex Police,Essex Police,0.458240,51.569324,On or near Supermarket,E01021318,Basildon 015C,Local resolution
c7aca22b9fb90bf72aa6c2ff7e35f2c6a5c62f596b41ade508d3bccb7ce1565a,2018-12,Essex Police,Essex Police,0.089532,51.645957,On or near LANGSTON ROAD,E01021776,Epping Forest 011C,Investigation complete; no suspect identified
3a8bf7706f86c63dfc88881f6810340a597e32a02a3679f0908b390a49725fcb,2018-12,Essex Police,Essex Police,0.012955,51.740897,On or near LAKE ROAD,E01021792,Epping Forest 002B,Unable to prosecute suspect
366ff3b0bbd25a708036d9b2533c3dc6151dce0b3321a65db5b0c718114b0e5c,2018-12,Essex Police,Essex Police,0.405073,51.571182,On or near ROWENHALL,E01021277,Basildon 014D,Local resolution
8b57496f1e0aacb1a5ec65cc4a85ff2fb7fa4be80f734a0d81d920b400fd2c9f,2018-12,Essex Police,Essex Police,0.712013,51.538486,On or near Nightclub,E01015852,Southend-on-Sea 015B,Investigation complete; no suspect identified
e30e13b37a717bf9e1c55fe81108b55884f357c885e5af1fc45181aeedd99344,2018-12,Essex Police,Essex Police,0.628186,51.876395,On or near Petrol Station,E01021361,Braintree 012B,Investigation complete; no suspect identified
026054d1405aa223ff3fb9b1b944a50e04520921a20aa69842210b9a63c7efaf,2018-12,Essex Police,Essex Police,0.476787,51.713625,On or near PETREL WAY,E01021557,Chelmsford 015A,Investigation complete; no suspect identified
328e11454181c9fc640c01cbf5136757437ee62d27565179e1bb3f8ee2adbf8a,2018-12,Essex Police,Essex Police,1.228170,51.926229,On or near MAYES LANE,E01022028,Tendring 004F,Investigation complete; no suspect identified
a0195bcc8f085115d21b0db0d71406c45031af619b6ef0abea7d1bce52a3fb83,2018-12,Essex Police,Essex Police,0.448184,51.798867,On or near BURY LANE,E01021539,Chelmsford 001B,Unable to prosecute suspect
59b26c1b9b1802323c3efdfb6b89639aaaaa7eaddb0df0f917ccaae1dfcbcb9f,2018-12,Essex Police,Essex Police,0.261741,51.889938,On or near Airport/Airfield,E01022090,Uttlesford 006B,Offender given a drugs possession warning
c3ec20aded05ba9690b3078cc215b1de9db1eed6bd118806a2d2e8ad946f75aa,2018-12,Essex Police,Essex Police,0.554389,51.901987,On or near Supermarket,E01021355,Braintree 007D,Investigation complete; no suspect identified
7fcc7e3a138be00b70b07673ec993c7be45b1678d1d66e3949bac75ee18555e8,2018-12,Essex Police,Essex Police,0.879465,51.879036,On or near ALPORT AVENUE,E01021713,Colchester 015C,Investigation complete; no suspect identified
63889757ccf2871c2930b28f2e4f7ea8d97aac360cb318a9ba843d32776497e8,2018-12,Essex Police,Essex Police,0.695119,51.541061,On or near Supermarket,E01015855,Southend-on-Sea 015E,Unable to prosecute suspect
60cc26bc0a726f39524a6ef596993ffb3db18e54811c9b726f490caadffd5867,2018-12,Essex Police,Essex Police,0.289753,51.481266,On or near HEDINGHAM ROAD,E01033611,Thurrock 019C,Unable to prosecute suspect
64d6ceffb6e91972cad0fe151b130c6e693a86b04848113deecd6160a7842cd8,2018-12,Essex Police,Essex Police,0.051268,51.625400,On or near THE WINDSORS,E01021743,Epping Forest 015B,Investigation complete; no suspect identified
9b7803704761ea993439cbfb1f66880d1de92c0eb2f9998aa28897b4c5fa49b9,2018-12,Essex Police,Essex Police,0.295639,51.522744,On or near CANTERBURY PARADE,E01015971,Thurrock 006B,Investigation complete; no suspect identified
90dbdbd1137e92ea7c4a2c344eb6e4c549a23988d1ae67d4c124aab70e8173ed,2018-12,Essex Police,Essex Police,0.559088,51.522084,On or near CHARFLEETS SERVICE ROAD,E01021503,Castle Point 010D,Investigation complete; no suspect identified
bcf329fe28bb2627f7ba441121e070160f2caa0cae5ea57d9237023ff7a1aac9,2018-12,Essex Police,Essex Police,0.635463,51.574677,On or near RAYLEIGH ROAD,E01021946,Rochford 009A,Investigation complete; no suspect identified
00b816af2aa293929e526a9c51a4cf0758788de2da3a022d7b38ec577e682f40,2018-12,Essex Police,Essex Police,0.432812,51.642519,On or near ROBIN CLOSE,E01021238,Basildon 001B,Investigation complete; no suspect identified
3348c2b005ef832a6a76b23d23a788209cb7be5552268c953b09f193471f51a1,2018-12,Essex Police,Essex Police,0.830150,51.888121,On or near ESSEX YEOMANRY WAY,E01021718,Colchester 012A,Investigation complete; no suspect identified
4f7439c4e8a1b54de3dee896f91d9443e63b19705a115a3b95618acc3346c2f2,2018-12,Essex Police,Essex Police,0.301804,51.622040,On or near William Hunter Way,E01021433,Brentwood 007A,Unable to prosecute suspect
e2473143c65b930c34dd4fa4b012373d80138f170ab68820e2318845df8feabb,2018-12,Essex Police,Essex Police,0.562615,51.519947,On or near PALMERSTONE ROAD,E01021501,Castle Point 011D,Investigation complete; no suspect identified
fc044295fa04d3d8bf968678182fc165b895bb4fd330cb21874755570db500de,2018-12,Essex Police,Essex Police,0.888560,51.893518,On or near Further/Higher Educational Building,E01021646,Colchester 007A,Investigation complete; no suspect identified
4b36ca6ef132ba954fc33eb4fe64faa9d3a902f9bdaeaaa7e5262b57fd7c430b,2018-12,Essex Police,Essex Police,0.706412,51.551755,On or near PRIORY CRESCENT,E01015861,Southend-on-Sea 004E,Investigation complete; no suspect identified
2e3d8d0c579078b62418f4a83cda627a8b77cc4cd46188cb74be2d89cfbfbe83,2018-12,Essex Police,Essex Police,0.446413,51.747392,On or near WELLINGTON CLOSE,E01021598,Chelmsford 003C,Unable to prosecute suspect
d14334c499218fb63a0fac2c0411454aab91f8cf1b3e27afcf54b56c9eb4f7b5,2018-12,Essex Police,Essex Police,0.480509,51.749627,On or near TEES ROAD,E01021623,Chelmsford 004E,Investigation complete; no suspect identified
65c36da4b0796a552f18622cd52fc682ec2bebf40941cf7c7a208fe6bcb759f9,2018-12,Essex Police,Essex Police,0.446413,51.747392,On or near WELLINGTON CLOSE,E01021598,Chelmsford 003C,Suspect charged
d2a52e037368014263e3f6a9e992207ca1c059c31c6796cbfd2f1217fdcbb166,2018-12,Essex Police,Essex Police,0.239557,52.022677,On or near GEORGE STREET,E01022076,Uttlesford 002B,Investigation complete; no suspect identified
ae6a6c627e69941b536f9f480c9a59fcc00abaa300f411c77abe79c5202f89a7,2018-12,Essex Police,Essex Police,0.465363,51.735422,On or near Parking Area,E01021574,Chelmsford 010A,Unable to prosecute suspect
1443b5fdd93d8f303ca643352918251531f0ce4ab962bd191282f6ca3931d276,2018-12,Essex Police,Essex Police,0.103241,51.776194,On or near SCHOOL LANE,E01021853,Harlow 003E,Investigation complete; no suspect identified
63a08b86e66c11065071df663b4d0c1113dc297271acf38ebec1efc2c23f62a2,2018-12,Essex Police,Essex Police,0.079972,51.756591,On or near ROSEMOUNT,E01021833,Harlow 009D,Unable to prosecute suspect
ca32d2d513303265b091d6a653468ba1d1ac141594f5e8346537b65ef0bb4aeb,2018-12,Essex Police,Essex Police,0.287943,51.483091,On or near GRENVILLE ROAD,E01033611,Thurrock 019C,Investigation complete; no suspect identified
8402d8d6a795d58cec7c636696003d08e6e3b07dc0d1a5c3359f5ccd52002140,2018-12,Essex Police,Essex Police,0.422390,51.562471,On or near HIGH ROAD,E01021283,Basildon 021D,Unable to prosecute suspect
a3df435114074588d7373f01d8fe9c29ed2a4a8d4231db3a0aa860fa0f4a94ed,2018-12,Essex Police,Essex Police,0.667432,51.564079,On or near KENT ELMS CLOSE,E01015864,Southend-on-Sea 002B,Unable to prosecute suspect
fc9acb432fc4b5b5e726ba960a5e02b0518084f66eb14466bdbbe170254ff31f,2018-12,Essex Police,Essex Police,0.295639,51.522744,On or near CANTERBURY PARADE,E01015971,Thurrock 006B,Investigation complete; no suspect identified
73d84c2c4079ec73838b7be4c5f08ac8fe585ed232771cbc81599c19d9d2e1f9,2018-12,Essex Police,Essex Police,0.455025,51.557871,On or near FOBBING FARM CLOSE,E01021297,Basildon 020D,Investigation complete; no suspect identified
922276bdd31f441ec16cdfda37081bf9d68e9a76dc0f5a1b9babc1b87ad49762,2018-12,Essex Police,Essex Police,0.295133,51.619824,On or near SIR FRANCIS WAY,E01021439,Brentwood 007C,Unable to prosecute suspect
6c2e75b038703ed39b7e0eae8ee162ec50104b7523b71d14d1d942f0ec9a1935,2018-12,Essex Police,Essex Police,0.662258,51.560716,On or near STONEHILL ROAD,E01015825,Southend-on-Sea 005F,Unable to prosecute suspect
08bac7915b32869f9745d4048277f764e6d25ce3b0a139443ca37a66e97a8138,2018-12,Essex Police,Essex Police,0.916034,51.890159,On or near EAST STREET,E01021648,Colchester 007C,Unable to prosecute suspect
08bac7915b32869f9745d4048277f764e6d25ce3b0a139443ca37a66e97a8138,2018-12,Essex Police,Essex Police,0.916034,51.890159,On or near EAST STREET,E01021648,Colchester 007C,Unable to prosecute suspect
c4a2ebc69ea72f682282f6e0ec83c2bc0de0b4ddd1d074ff4253028117ae86a2,2018-12,Essex Police,Essex Police,0.869156,51.874153,On or near WALNUT TREE WAY,E01021713,Colchester 015C,Unable to prosecute suspect
e29b347526eae6d54f3e3df4d1a582527af65e38e06bf500f634b102f47073ce,2018-12,Essex Police,Essex Police,0.794767,51.527657,On or near HALE WAY,E01015876,Southend-on-Sea 013A,Offender given a drugs possession warning
314056910b124a05e67edae69ddef6560421c0964a3f57cdac1fa436863f44d8,2018-12,Essex Police,Essex Police,0.703329,51.566909,On or near Shopping Area,E01021956,Rochford 007E,Investigation complete; no suspect identified
082922783c2482d1f876e53cfbc3397f34fc553fb7e24708769c2eee69e37000,2018-12,Essex Police,Essex Police,0.562485,51.559215,On or near CLIFTON CLOSE,E01021479,Castle Point 004A,Investigation complete; no suspect identified
edbc3e410a830149e0c032c4b35f5bc5c91f9a6f4ef5aeb81f93f84e0669d5ca,2018-12,Essex Police,Essex Police,0.781715,51.544156,On or near RAVENDALE WAY,E01015878,Southend-on-Sea 013C,Investigation complete; no suspect identified
0b157ce38daa5970794fc6613681010aa5ac0db922b85416dccae834285e4b5c,2018-12,Essex Police,Essex Police,0.636392,51.801559,On or near GUITHAVON RISE,E01021415,Braintree 017A,Unable to prosecute suspect
dfa8fd361388a53bf9ff8767b515be1187d2d84f30d23be3ff76fac1a03bea0b,2018-12,Essex Police,Essex Police,0.677757,51.550695,On or near CAVENDISH GARDENS,E01015905,Southend-on-Sea 007E,Investigation complete; no suspect identified
b73757f10801649d39d1ff2da8d4f2d115e881de0ad515ce5c255bfe9d05368b,2018-12,Essex Police,Essex Police,0.443001,51.944299,On or near BENDLOWES ROAD,E01021411,Braintree 005B,Unable to prosecute suspect
4f1cbea73d4c3868e68bbc1321d499fba9a06449b5ba1971cc0aa2c6bb045db5,2018-12,Essex Police,Essex Police,0.714141,51.545641,On or near STANFIELD ROAD,E01015898,Southend-on-Sea 010D,Investigation complete; no suspect identified
2450cbb9f7b0ddb70ebdea1f0884fbcdc53cd6ac9ce2928d9f528a26ba6fc84d,2018-12,Essex Police,Essex Police,0.492169,51.574364,On or near KENNET WAY,E01021271,Basildon 013A,Unable to prosecute suspect
be0480bcf73ef33075f9a9b3d1247b3a251138ceeabf7d014bd6a09742716ca2,2018-12,Essex Police,Essex Police,0.070532,51.646743,On or near CHERSTON GARDENS,E01021772,Epping Forest 013B,Investigation complete; no suspect identified
12e39b3a127dc6f7f6e31cefaa0a123ddba9b5a2fe1188571adcc3e30499f3ca,2018-12,Essex Police,Essex Police,0.066131,51.611300,On or near FOREST AVENUE,E01021752,Epping Forest 016D,Investigation complete; no suspect identified
48e909e64d05cd23718438a234d06110eee23d4b1f5fc1e5f3c4dfdd296584af,2018-12,Essex Police,Essex Police,0.633520,51.937779,On or near HOLMES ROAD,E01021391,Braintree 004C,Unable to prosecute suspect
088b57ed149a7ebf66f747a2eb520fe3f2c57f757b60faaf34ff07783d0015ab,2018-12,Essex Police,Essex Police,0.477608,51.733690,On or near Supermarket,E01033141,Chelmsford 010G,Investigation complete; no suspect identified
e93b0a2efc15cf980a48866e2da432cf3d5c9b3b2ed3ecfa909cfcbbd9873b41,2018-12,Essex Police,Essex Police,0.432912,51.570113,On or near TURNER CLOSE,E01021292,Basildon 017B,Unable to prosecute suspect
2c280e89fd8d55d250526f32c205af37fca4dfa9a88d1167f904c9a4c0f20b7b,2018-12,Essex Police,Essex Police,0.715320,51.534677,On or near Shopping Area,E01015852,Southend-on-Sea 015B,Suspect charged
337a05bd383954fe41f45f364fbc5b998782be92d05e66205952ef088d1ac585,2018-12,Essex Police,Essex Police,0.500840,51.570358,On or near TRAVERS WAY,E01021305,Basildon 013D,Unable to prosecute suspect
245311a2de040737d9d3bfd9a31b9a93fcb78cc4a82aa9cd465c3e99f2678b60,2018-12,Essex Police,Essex Police,0.480348,51.577007,On or near THE FREMNELLS,E01021270,Basildon 012D,Offender given a caution
7a72e2e30c8d01939fe34d8a12c120209c28c7a4fb1153e959e645007d0fb622,2018-12,Essex Police,Essex Police,0.903419,51.887036,On or near ST BOTOLPH'S STREET,E01021649,Colchester 007D,Investigation complete; no suspect identified
e29cd61489987cbfec60ab1cf894a59457c5670b2120e1ce48dc561b75c9ebb8,2018-12,Essex Police,Essex Police,0.445022,51.563701,On or near KIBCAPS,E01021294,Basildon 020A,Offender given a caution
bde8fdf66a69b5a8d980688d91424cce255d90c652f7b2658bf30cf5cbc6383b,2018-12,Essex Police,Essex Police,0.345326,51.637573,On or near GRAHAM CLOSE,E01021453,Brentwood 005B,Unable to prosecute suspect
c0a741ba08972c4f35addadb2168082aeaf568f778eabd41c7ffb8dcdd033c71,2018-12,Essex Police,Essex Police,0.509490,51.875013,On or near HANCE LANE,E01021405,Braintree 010D,Investigation complete; no suspect identified
19b50a16b1b3aaa6e42892cf4b8ef58a8c0fcdfde705bc3aebb777164c1039de,2018-12,Essex Police,Essex Police,0.321833,51.613076,On or near ROWAN GREEN EAST,E01021437,Brentwood 008B,Investigation complete; no suspect identified
f0c0583bb0e52673b31e75c9195ea1580abcce3b6c64747994a12fc33fb99390,2018-12,Essex Police,Essex Police,0.475589,51.734101,On or near BOND STREET,E01033141,Chelmsford 010G,Suspect charged
1acf993cc0f156768b931c05165f28fdb524fced50fc3f1081138f67cf1ab304,2018-12,Essex Police,Essex Police,0.720530,51.543209,On or near SWANAGE ROAD,E01015844,Southend-on-Sea 014F,Investigation complete; no suspect identified
c5e2d05e37cf7d3e974d619dcbc31f5927c321760ed4ee0f173d2f8822f5a26a,2018-12,Essex Police,Essex Police,0.777217,51.525736,On or near WATERFORD ROAD,E01015920,Southend-on-Sea 017G,Investigation complete; no suspect identified
1567ba201aa45863d89d347e0b341668a9570164ba3fbe224e6a6db31e4546c2,2018-12,Essex Police,Essex Police,0.724916,51.543475,On or near BRANKSOME ROAD,E01015843,Southend-on-Sea 014E,Investigation complete; no suspect identified
1e5eb03136b0dddc133152bf5b405425c115bc9be2b0ccdc1d79a3541d26d853,2018-12,Essex Police,Essex Police,0.635463,51.574677,On or near RAYLEIGH ROAD,E01021946,Rochford 009A,Suspect charged
7ba66fba158b49a71b8622fb84ebc5fd95d086b3e11112265543a1d82dc9c45d,2018-12,Essex Police,Essex Police,0.720530,51.543209,On or near SWANAGE ROAD,E01015844,Southend-on-Sea 014F,Investigation complete; no suspect identified
27579641f8861ce020724bd7ba47167e5f68a5068fbf2012677837c0cd4f19e5,2018-12,Essex Police,Essex Police,0.477608,51.733690,On or near Supermarket,E01033141,Chelmsford 010G,Investigation complete; no suspect identified
83e432e78fc46433ecef5a386c02103ddaebcd025dfd6abdd57c54693621be1f,2018-12,Essex Police,Essex Police,0.504484,51.591747,On or near LORDS COURT,E01021307,Basildon 011C,Suspect charged
3235efdee83cc6ef9d0189c09195e29c067ceda537efa71d1c880fdeba981e9f,2018-12,Essex Police,Essex Police,0.731050,51.532711,On or near COLLIER WAY,E01015841,Southend-on-Sea 014C,Unable to prosecute suspect
7a1926364223935891839c5adbf81dc1626802bcd8e7acb1e5a832b8b7881a30,2018-12,Essex Police,Essex Police,0.296041,51.517259,On or near NURSERY CLOSE,E01015975,Thurrock 006F,Investigation complete; no suspect identified
230f7c7061434ef1376d46fa92fd9072c83ef9a4df28b7ec34ac66770fded474,2018-12,Essex Police,Essex Police,0.324934,51.477776,On or near CLARENCE ROAD,E01015956,Thurrock 016B,Suspect charged
80c11c3a83d6f97948931433630813cf4be5597422b8577c9947319cb09403dd,2018-12,Essex Police,Essex Police,0.886417,51.878911,On or near MESSINES ROAD,E01021717,Colchester 013D,Unable to prosecute suspect
3f12e3d1e19f198cf013083490eedfabe00161fbb16dd188285d12158cc0de43,2018-12,Essex Police,Essex Police,0.635463,51.574677,On or near RAYLEIGH ROAD,E01021946,Rochford 009A,Suspect charged
95f6fb7063df63e8277681015281be8238f26264b9bff548cef39325320aedfe,2018-12,Essex Police,Essex Police,0.367407,51.660278,On or near COURT VIEW,E01021460,Brentwood 002D,Unable to prosecute suspect
14980a077d00821530511c0d9c3b2939a32b1598b1ea74ccd73bbd50d3ab073f,2018-12,Essex Police,Essex Police,0.719697,51.537463,On or near HILLCREST ROAD,E01015841,Southend-on-Sea 014C,Suspect charged
81dc7df56128cbbb36ff57e49e5718fac301783657bbc3e56b212348349f44ac,2018-12,Essex Police,Essex Police,0.075640,51.774598,On or near CANONS GATE,E01021840,Harlow 004B,Unable to prosecute suspect
d700654f23a53f3aec59ab85755dfc66ff3c580a336f88eabf39a12a2d22d8e6,2018-12,Essex Police,Essex Police,0.392632,51.583793,On or near B148,E01021261,Basildon 010A,Suspect charged
9a43ca13a46b24112e9dd10886120c547828c0c43eb13f68ce99c542b5cd3298,2018-12,Essex Police,Essex Police,0.128524,51.777456,On or near A414,E01021857,Harlow 001D,Investigation complete; no suspect identified
dd3e081d6b70e424b849850eeea573f6ab0850ff6607f47a674c5beebc88db7b,2018-12,Essex Police,Essex Police,0.704260,51.588904,On or near TYLNEY AVENUE,E01021953,Rochford 004C,Unable to prosecute suspect
c1e817546438759e68c69517746d63090d8518eabf909ed6fcf16d4b1ae49d2c,2018-12,Essex Police,Essex Police,1.157068,51.789064,On or near ROSEMARY CRESCENT,E01022025,Tendring 016B,Unable to prosecute suspect
a5c2cc1035b513cb87c13810db274f634286ce0152de6975576b30a15c491913,2018-12,Essex Police,Essex Police,0.436261,51.575781,On or near KNIGHTS,E01021289,Basildon 016C,Unable to prosecute suspect
e2850d67e7bff295f72e0b2040505e33451eb492a559257c5ced132aea46c355,2018-12,Essex Police,Essex Police,0.436261,51.575781,On or near KNIGHTS,E01021289,Basildon 016C,Unable to prosecute suspect
34128797f7f48ece94c2341f3478b2842e14b5b9a96ce9f4af3ceb20cf097380,2018-12,Essex Police,Essex Police,0.104799,51.699352,On or near UPPER SWAINES,E01021763,Epping Forest 005D,Investigation complete; no suspect identified
b78a5b3f83ace561d1eb0c0d0d92f4973f2209436818ad739491577d6c984b13,2018-12,Essex Police,Essex Police,0.695119,51.541061,On or near Supermarket,E01015855,Southend-on-Sea 015E,Unable to prosecute suspect
a3c30371c4fec2c25ebefe57937ada04a0190eb1f001128db209d1db4c79c5a0,2018-12,Essex Police,Essex Police,0.255377,51.479009,On or near VELLACOTT CLOSE,E01016012,Thurrock 015C,Investigation complete; no suspect identified
23277519468046561351f0c5619cb8bb6b609a19c4127ad1da9a99d98c6107fa,2018-12,Essex Police,Essex Police,0.280274,51.490767,On or near ARTERIAL ROAD WEST THURROCK,E01016012,Thurrock 015C,Investigation complete; no suspect identified
5692b077cf116f1779c9ad37d3bc5c2de214121039df0ba7d303b85a503cdd28,2018-12,Essex Police,Essex Police,0.104799,51.699352,On or near UPPER SWAINES,E01021763,Epping Forest 005D,Investigation complete; no suspect identified
9c1abc56416970b7e9a4fd811c7845373ce25b424edd81ad8ebacec663823b68,2018-12,Essex Police,Essex Police,0.633520,51.937779,On or near HOLMES ROAD,E01021391,Braintree 004C,Unable to prosecute suspect
59584b0783ab7dbc22ac481e156a62a5c31c2d819795eb73c487e3915e3c9f6f,2018-12,Essex Police,Essex Police,0.554706,51.879408,On or near Police Station,E01033459,Braintree 009F,Unable to prosecute suspect
610f52a7423f6d7f3844ffa42551acb69892e61ad26262e787625fee92b4f42d,2018-12,Essex Police,Essex Police,0.095357,51.767783,On or near Shopping Area,E01021872,Harlow 007E,Investigation complete; no suspect identified
9b64d426d44a9220176efc92c19c36996829fc42f8a7e2f07f4e65a12e4c4f3e,2018-12,Essex Police,Essex Police,0.239236,52.010418,On or near WARDS CROFT,E01022074,Uttlesford 002A,Suspect charged
611467755a786fa19b5f6644fadc5321dcb553aeb51dd1a073016fc703c6bf3c,2018-12,Essex Police,Essex Police,0.695119,51.541061,On or near Supermarket,E01015855,Southend-on-Sea 015E,Unable to prosecute suspect
66a49f87e8ed5d16353f7d3bc7b48ec908f762868a42f5607349cf976aa114f6,2018-12,Essex Police,Essex Police,0.284143,51.486609,On or near Shopping Area,E01016011,Thurrock 015B,Unable to prosecute suspect
bd46ff6641d1e285e3c770b70ac9dd6f6dcfed0bc24115c207758a9ddac33f16,2018-12,Essex Police,Essex Police,0.272254,51.492281,On or near Motorway Service Area,E01016012,Thurrock 015C,Unable to prosecute suspect
c9cd8ddb73497f4ba6c840a1c4fa1758332131b1325d362052b15298b677240d,2018-12,Essex Police,Essex Police,0.629986,51.938812,On or near RAMSEY ROAD,E01021393,Braintree 004E,Investigation complete; no suspect identified
13daec72aeb36c09c8d449f500c513ba2420aa3dd5fa1e2b5f79c4e71d2a8864,2018-12,Essex Police,Essex Police,0.711224,51.572510,On or near WARWICK DRIVE,E01021956,Rochford 007E,Local resolution
5b619c6aa94707037a1184e503cbd0b344b652a62cb84a21f28e7f6947d74a17,2018-12,Essex Police,Essex Police,0.084553,51.762301,On or near MILES CLOSE,E01021872,Harlow 007E,Suspect charged
60c73d67da40e25b0c36042aaecebca651bb305bb461e85ee4f9d89487ec8f98,2018-12,Essex Police,Essex Police,0.239236,52.010418,On or near WARDS CROFT,E01022074,Uttlesford 002A,Unable to prosecute suspect
e93f4515907bc572b1c72023e1ef40789eb56ded7d56794f138f32ed3adf8196,2018-12,Essex Police,Essex Police,0.717736,51.534325,On or near HERBERT GROVE,E01015852,Southend-on-Sea 015B,Investigation complete; no suspect identified
a1d3725d0fe27808bb230360c6c5afc6660801c97ea8b09e148248b5d2d85ae5,2018-12,Essex Police,Essex Police,0.594670,51.774716,On or near ARTHY CLOSE,E01021394,Braintree 018B,Unable to prosecute suspect
d9e81a62a3ebf93d70042ab9585000cb96241e92b07b3b022ee1c4d11e121b97,2018-12,Essex Police,Essex Police,0.456169,51.571868,On or near Pedestrian Subway,E01021318,Basildon 015C,Suspect charged
1b05d11f08ba66ddbd92222e8432c5f765280f7bbf6b9afd2316ef6151e7f39f,2018-12,Essex Police,Essex Police,0.679516,51.730822,On or near Parking Area,E01021890,Maldon 004B,Suspect charged
54fd11f7314778263ec345ac76229b6be8530252b3342741a646fc9aa67d721b,2018-12,Essex Police,Essex Police,-0.010421,51.646263,On or near SEWARDSTONE ROAD,E01004349,Waltham Forest 001A,Unable to prosecute suspect
9879881a665b6904de2d7bb0c8ae700a841a0af631a1af340ed8fae86774ab3e,2018-12,Essex Police,Essex Police,0.488952,51.561455,On or near LITTLETHORPE,E01021325,Basildon 019D,Unable to prosecute suspect
5b4df7e47f07e4b35290ececf4a8d419d2f36645ff190b315cbef0c41e24970c,2018-12,Essex Police,Essex Police,0.480520,51.580682,On or near MAPLESTEAD,E01021267,Basildon 012B,Unable to prosecute suspect
86e19de95ea932685e2839aa2b3483a67fa28005fdc6216b7c60c511bb01fa16,2018-12,Essex Police,Essex Police,-0.010421,51.646263,On or near SEWARDSTONE ROAD,E01004349,Waltham Forest 001A,Action to be taken by another organisation
3d5c4f0380c916ff7c3551d439a28c2d87028608b0dc318a17c0df35795147ce,2018-12,Essex Police,Essex Police,0.691400,51.547208,On or near RAMUZ DRIVE,E01015906,Southend-on-Sea 007F,Unable to prosecute suspect
62538bbe4cc6805c5383ea2886d6851ea269ac59006cc3cc82907de45f645d4e,2018-12,Essex Police,Essex Police,0.418000,51.633886,On or near Sports/Recreation Area,E01021247,Basildon 003E,Investigation complete; no suspect identified
2a424d1a798be5410f18ba6b50769742f70c5b7860dc374bdd4d7964fa1d81ad,2018-12,Essex Police,Essex Police,0.508699,51.825568,On or near HELEN HOW,E01021538,Chelmsford 001A,Suspect charged
9044e5abccb89439e0dfb155a2da23ccc8dbe7988633707cdc00d40cd3ec2b87,2018-12,Essex Police,Essex Police,0.424041,51.569380,On or near Pedestrian Subway,E01021286,Basildon 016A,Offender given a drugs possession warning
da6bb130105ecfa7065d862815b88783fe2dee185098529f03ff742a1c2cc087,2018-12,Essex Police,Essex Police,0.076310,51.654258,On or near MEAD CLOSE,E01021778,Epping Forest 011E,Investigation complete; no suspect identified
1fcd54577daf278a811d99d70f35712d6d418d9e5c72c4e7feb2c118822e1c95,2018-12,Essex Police,Essex Police,0.354582,51.875257,On or near WILLOW ROAD,E01033054,Uttlesford 007D,Investigation complete; no suspect identified
ab0af7fc06a7feb473022d665afb529a4232f29d2223211e9a8cd68176db4eed,2018-12,Essex Police,Essex Police,0.757590,51.544259,On or near ALBERT ROAD,E01015883,Southend-on-Sea 009A,Investigation complete; no suspect identified
8bead8fd18ed0753c9d3a156a126b507226df68e2c6a2e90cd9942b456c6e637,2018-12,Essex Police,Essex Police,0.695174,51.541519,On or near Parking Area,E01015855,Southend-on-Sea 015E,Investigation complete; no suspect identified
f4243941773953cd27f4e58523369b1365535a3a7d1b38fec2448884a6511a57,2018-12,Essex Police,Essex Police,0.329276,51.479885,On or near PARK VIEW GARDENS,E01015956,Thurrock 016B,Suspect charged
e0c15b451d5149adbaf9b1d462eda788f97f171efe930563d7ab03b1d537df7e,2018-12,Essex Police,Essex Police,0.689585,51.544327,On or near SHOE LANE,E01015831,Southend-on-Sea 012E,Unable to prosecute suspect
caf596d7dc53b8466e3eaf81a9d3bed33d19e64e8fb333e57daf1d74914dba4d,2018-12,Essex Police,Essex Police,0.067754,51.647655,On or near THE HAWTHORNS,E01021772,Epping Forest 013B,Suspect charged
00249bb14283ccdd4defe55c5128d4184d7a642151d59aa2bd60bf4cba6e0227,2018-12,Essex Police,Essex Police,0.096056,51.768166,On or near SOUTH GATE,E01021868,Harlow 007B,Unable to prosecute suspect
1384869a17b55d6e563da330e5b6e8311e20c12deffb06ac9fd7c81631623a39,2018-12,Essex Police,Essex Police,0.713241,51.549916,On or near OAKHURST ROAD,E01015897,Southend-on-Sea 010C,Investigation complete; no suspect identified
5c6f84b812402b21bff55ac1485b35c22db4698a78321247a047114e78c257cc,2018-12,Essex Police,Essex Police,0.108071,51.697207,On or near Supermarket,E01021762,Epping Forest 005C,Investigation complete; no suspect identified
43d90bdae57b215f28263cd8d16871883a0feabb32fd1f0ec3f748f1c73fb1ad,2018-12,Essex Police,Essex Police,0.108071,51.697207,On or near Supermarket,E01021762,Epping Forest 005C,Investigation complete; no suspect identified
0bb7f40e6997b5fb175c36f339a5a4ce9d688c52ba4be6089763bd8cf3f94daf,2018-12,Essex Police,Essex Police,0.481232,51.562752,On or near VANGE HILL DRIVE,E01021323,Basildon 019B,Unable to prosecute suspect
ee45fddee10d004f0c8b0be46545732aecefd44dc314f987e88752e11db593ee,2018-12,Essex Police,Essex Police,0.461228,51.569334,On or near Pedestrian Subway,E01021318,Basildon 015C,Unable to prosecute suspect
2514dbf11467ffe867d11f2e1800eaa7d41cb3373ca1d47053acab8da8f97cfa,2018-12,Essex Police,Essex Police,0.786611,51.879996,On or near LONDON ROAD,E01021678,Colchester 010E,Investigation complete; no suspect identified
4f2d2ce105728f8ff82da8872aad97efab5852f9f733e56e3fe5387bb5a11de5,2018-12,Essex Police,Essex Police,0.073161,51.753717,On or near A1169,E01021830,Harlow 009B,Offender given a drugs possession warning
6c45859f812f8b7fbfdc36f11b52d9790d369a202d57a4848c962674cd88feab,2018-12,Essex Police,Essex Police,0.633911,51.811993,On or near SOUTHCOTE ROAD,E01021417,Braintree 015B,Suspect charged
fb8a7157455733fcb68e683c24f8a1fb6da7f02eaacdc807ffa6904218045f41,2018-12,Essex Police,Essex Police,1.148025,51.787913,On or near Police Station,E01022037,Tendring 017D,Unable to prosecute suspect
82b22ded44940134f1e1d1312c00413981322b398cd5b897ab4955a3cc3132dd,2018-12,Essex Police,Essex Police,1.148025,51.787913,On or near Police Station,E01022037,Tendring 017D,Unable to prosecute suspect
9c38f4682e9c6ee4ec7494f461b3a12f13501b6189d221cc4f15c28b01808ad0,2018-12,Essex Police,Essex Police,0.462186,51.721478,On or near Petrol Station,E01021556,Chelmsford 012A,Investigation complete; no suspect identified
4424746814156cd554d89fff15055864b9ccd88aa2dbed93c335c278bbb79eff,2018-12,Essex Police,Essex Police,0.272582,51.482958,On or near CENTRAL AVENUE,E01016012,Thurrock 015C,Investigation complete; no suspect identified
95036ba5ce7bdae1b2d5b4d9fa5c7ae09b0d95da24cb8570a1da5e72a879db50,2018-12,Essex Police,Essex Police,0.093027,51.753436,On or near Supermarket,E01021859,Harlow 010C,Offender given a caution
c835254315606aa5110469ea631776ff6f3e9adc2411bf8798c22654b9be2302,2018-12,Essex Police,Essex Police,1.119632,51.774936,On or near SEA GLEBE WAY,E01021988,Tendring 018A,Unable to prosecute suspect
079b801887f132f53c489d2363e8d4aeb1e65f9f738bf520c953c138209198b0,2018-12,Essex Police,Essex Police,0.289850,51.475724,On or near Parking Area,E01016011,Thurrock 015B,Suspect charged
ecd41a96eaf839f04294a73d124a62a99ebe7cc23130d0e21970cf66ef793eb6,2018-12,Essex Police,Essex Police,0.194025,51.903828,On or near CRAFTON GREEN,E01022084,Uttlesford 005D,Investigation complete; no suspect identified
398af2e0d18682d950e45af4738bf7aa3f995bd0831af1d568833983beaeea1d,2018-12,Essex Police,Essex Police,0.594395,51.522108,On or near Parking Area,E01021498,Castle Point 011B,Investigation complete; no suspect identified
97eac387a30cfb986f7f720529b36870e26143db050b7e3cf2703cc7dc4d900d,2018-12,Essex Police,Essex Police,0.745097,51.819665,On or near CHESTNUT WAY,E01021726,Colchester 020D,Unable to prosecute suspect
7abe45ca1b315e8b232636bc74d65b577d224170bf9f534959bde896b8222c92,2018-12,Essex Police,Essex Police,0.256171,51.485460,On or near GABION AVENUE,E01015921,Thurrock 015A,Investigation complete; no suspect identified
2ccfc1a5115a7ef4bbf467f56356c9755116ae0b3e9a468f10875b140e6f6100,2018-12,Essex Police,Essex Police,0.208963,51.673123,On or near Parking Area,E01021800,Epping Forest 003C,Investigation complete; no suspect identified
8b5b02c192d3a6c3665193c9ad2abe7998c9e54fd54b2e7190b44ba56c18a4a3,2018-12,Essex Police,Essex Police,0.289465,51.501110,On or near CORRAN WAY,E01015930,Thurrock 007D,Investigation complete; no suspect identified
95b8c0a78805480690935843ed7f7a030cf753b2e2c7004881503722cba7f0ee,2018-12,Essex Police,Essex Police,0.333178,51.630935,On or near WILLOW CLOSE,E01021455,Brentwood 005C,Investigation complete; no suspect identified
bf1593f0b6c5899e6176e5f940d9c9c3543bd96cddbb1d31d6e979f385ecbd00,2018-12,Essex Police,Essex Police,0.618869,51.556171,On or near THE WOODS,E01021519,Castle Point 005B,Investigation complete; no suspect identified
4651470511493f0e24a7ac8cbf6d7b0958f4054439b2f3e7b1d321dec367df53,2018-12,Essex Police,Essex Police,0.915055,51.883582,On or near REBOW STREET,E01021687,Colchester 011E,Investigation complete; no suspect identified
a2eacf2f2d8a95d3a179540d3ca7a26b5343de705d25c233882a3e6abc38c6ff,2018-12,Essex Police,Essex Police,0.553799,51.573632,On or near THE FAIRWAY,E01021513,Castle Point 001A,Unable to prosecute suspect
fee81b80905abf86e3e59b7b1ddb1237b6271fdf0e383c83270ac47b7a99f520,2018-12,Essex Police,Essex Police,0.968053,51.869404,On or near HENRIETTA CLOSE,E01021737,Colchester 017B,Investigation complete; no suspect identified
97ec599d4459704374587b59bb576e39da1af769b8e0eb5245c940d28346e420,2018-12,Essex Police,Essex Police,0.683522,51.559908,On or near PRINCE AVENUE,E01015868,Southend-on-Sea 002F,Unable to prosecute suspect
f7fe2a57af895af7d3b16d5f6ba002478699d13bfd51528c750246367301a398,2018-12,Essex Police,Essex Police,0.392632,51.583793,On or near B148,E01021261,Basildon 010A,Investigation complete; no suspect identified
f18f1210379c083267b3c44628731899100b6c5e5670eaab62c169b257dee5e9,2018-12,Essex Police,Essex Police,0.620339,51.808896,On or near SPEEDWELL CLOSE,E01021425,Braintree 016B,Investigation complete; no suspect identified
0ada16397a33fd5dee1c6ec4534e4369d3a45d5903cfed744b05fc54a7add49e,2018-12,Essex Police,Essex Police,0.261741,51.889938,On or near Airport/Airfield,E01022090,Uttlesford 006B,Local resolution
41f045f1841643c2691262145cd08960ff195becbafacd1bd30b00d53cb75f2d,2018-12,Essex Police,Essex Police,0.714390,51.538674,On or near Parking Area,E01015852,Southend-on-Sea 015B,Investigation complete; no suspect identified
65d10af8fb59cf06ba4557c22234a0db4d8e5822bc26f02f574dc87720731ac4,2018-12,Essex Police,Essex Police,0.875555,51.887676,On or near NORMAN WAY,E01021676,Colchester 009D,Investigation complete; no suspect identified
e087d0a37c0f715383a58ba56e86db67f91e2d4be4797a77826037b22f4cd6fd,2018-12,Essex Police,Essex Police,0.329276,51.479885,On or near PARK VIEW GARDENS,E01015956,Thurrock 016B,Suspect charged
bedfeca4652c433e6f1466ab9f4439861ac72a3a9389b2a141e8b633800c76a1,2018-12,Essex Police,Essex Police,0.916710,51.879062,On or near OLD HEATH ROAD,E01021684,Colchester 011B,Investigation complete; no suspect identified
d47f65bf02b932f007f297b2f7d367663dcca622c4d9866f5f20bb4ac3315132,2018-12,Essex Police,Essex Police,0.316734,51.476815,On or near Supermarket,E01015953,Thurrock 017C,Investigation complete; no suspect identified
efe4a19f1f64afea797ec34bc177dd35d4521f583123423ea0bbad319093e390,2018-12,Essex Police,Essex Police,0.460134,51.747421,On or near EASTERN CRESCENT,E01021576,Chelmsford 006A,Unable to prosecute suspect
35ca0b6f0e2ae64499a4316a30f3cb506798ccdff889c17f1b1f8db36e9377e7,2018-12,Essex Police,Essex Police,0.274448,51.479927,On or near EUCLID WAY,E01016012,Thurrock 015C,Investigation complete; no suspect identified
775d08b0f00d19655cd3179685950c0b8bdfe6b987e2dd98696d503bc90431eb,2018-12,Essex Police,Essex Police,0.460134,51.747421,On or near EASTERN CRESCENT,E01021576,Chelmsford 006A,Unable to prosecute suspect
d5c7a773b66e732b737aa675a2ac470fb6b3eff38f1754796d0f91e29f959bf6,2018-12,Essex Police,Essex Police,0.292252,51.511847,On or near OAKLANDS DRIVE,E01015932,Thurrock 006A,Unable to prosecute suspect
2496c421ad9da4935694b6f3c2ed147db9044c71ca25f94b72632ce62b60ed17,2018-12,Essex Police,Essex Police,0.636824,51.543592,On or near MARINE PARADE,E01015908,Southend-on-Sea 008A,Investigation complete; no suspect identified
deb309772681c0a1117c7361f93b56ba8a53c9c31451b15a3ee33a727d3da5f5,2018-12,Essex Police,Essex Police,0.294910,51.500797,On or near STIFFORD HILL,E01015930,Thurrock 007D,Investigation complete; no suspect identified
3861c8935f27d603ce90b1446e07eb6ac5814d88f05a8803fe5e914141ca1f42,2018-12,Essex Police,Essex Police,0.010729,51.687808,On or near EASTBROOK ROAD,E01021807,Epping Forest 008A,Local resolution
a6d6d75d5593cdc87df628afb10b361f2237986bfcfdf4c9bb72f2ecea0cd1ec,2018-12,Essex Police,Essex Police,0.282491,51.476605,On or near JUBILEE ROAD,E01016012,Thurrock 015C,Unable to prosecute suspect
1b89a8e0784e6063d53d576afb45ce13106522007d40b903a4b39471f95f32f5,2018-12,Essex Police,Essex Police,0.205160,51.812643,On or near POND LANE,E01022070,Uttlesford 009C,Investigation complete; no suspect identified
50e849ef2dcac4a355a1ce037ac2007a4c93a32fdbd82ca95d04d3daac1e462f,2018-12,Essex Police,Essex Police,0.117819,51.788468,On or near PRINTERS WAY,E01021848,Harlow 002E,Investigation complete; no suspect identified
a41777b7b9b21efc3ff44602ebd4af9c4670cc39161fb3c96932c5264fa86739,2018-12,Essex Police,Essex Police,0.256171,51.485460,On or near GABION AVENUE,E01015921,Thurrock 015A,Investigation complete; no suspect identified
65df9c411363cfa83f6a931396d05c138194f37402f659eed2fccef1a177684d,2018-12,Essex Police,Essex Police,0.421944,51.580682,On or near LANGSIDE CLOSE,E01021278,Basildon 014E,Investigation complete; no suspect identified
80356c9ead57792c990cfda38d27d88228cbf264f286a6622c368c6c0b2d6439,2018-12,Essex Police,Essex Police,0.510671,51.566487,On or near HOWARD CRESCENT,E01021316,Basildon 018D,Suspect charged
80356c9ead57792c990cfda38d27d88228cbf264f286a6622c368c6c0b2d6439,2018-12,Essex Police,Essex Police,0.510671,51.566487,On or near HOWARD CRESCENT,E01021316,Basildon 018D,Suspect charged
27694c2dbb2c8688931247dd31baaac63bedc80389b952bb7f17962b61d76345,2018-12,Essex Police,Essex Police,1.268742,51.933814,On or near LIME AVENUE,E01021999,Tendring 001C,Unable to prosecute suspect
db6e641e1aa08ae16148dd34f9e551fdfc7d0fab112bd1da43c89eea1ac798ea,2018-12,Essex Police,Essex Police,0.801034,51.554111,On or near LEE LOTTS,E01021922,Rochford 010C,Offender given a caution
66b0960a15cce91d435d17d850a8eedecce44af32d66c2976161e841220c3a98,2018-12,Essex Police,Essex Police,0.082836,51.647128,On or near Supermarket,E01021776,Epping Forest 011C,Local resolution
376223a7a91f8be44352c2ab25c7685bd05923f8ce66223784ed3f26b2b3142f,2018-12,Essex Police,Essex Police,0.294658,51.475702,On or near HAYES CLOSE,E01016011,Thurrock 015B,Investigation complete; no suspect identified
5989aed77d5fd2e323979187dd4affb16906be53b801b9de4fb3c94ffc82c43d,2018-12,Essex Police,Essex Police,0.498422,51.570220,On or near BROOMFIELDS PLACE,E01021305,Basildon 013D,Suspect charged
cee928c8b7842ffb5c36fade314216c8480137ecee2d6189bf81ad8d11e942b4,2018-12,Essex Police,Essex Police,0.488444,51.561664,On or near BYFLETTS,E01021328,Basildon 022E,Unable to prosecute suspect
7fa6c858c2c9c759fbc7e9f5888e372208249164bfa30740fe35ae982bdc229f,2018-12,Essex Police,Essex Police,0.487241,51.557337,On or near COTELANDS,E01021311,Basildon 022C,Investigation complete; no suspect identified
1ff3620a89755542cca65a700b44e4fbafd707c576fde66a443b668645b4535b,2018-12,Essex Police,Essex Police,0.551518,51.876213,On or near SILKS WAY,E01021365,Braintree 009D,Suspect charged
0ad08b0a53767a2525946faa662db27a88646d843087f114d96f969c3707ae05,2018-12,Essex Police,Essex Police,0.251352,51.499636,On or near Petrol Station,E01015926,Thurrock 008E,Investigation complete; no suspect identified
dbd993ddf19ecbfec64b28ea18ce7ed00d689677dd23c2af8144d741fee46f23,2018-12,Essex Police,Essex Police,0.683522,51.559908,On or near PRINCE AVENUE,E01015868,Southend-on-Sea 002F,Local resolution
86467f3705c66b63db996923d3b3478c07d7451c1b8ce0c17a705d800ba6ab4b,2018-12,Essex Police,Essex Police,0.509816,51.570355,On or near RECTORY ROAD,E01021315,Basildon 018C,Investigation complete; no suspect identified
5aa74c12b080bf993f470d42e5879d1afeeb64f429c0fdcfbd1eef9259d2fe35,2018-12,Essex Police,Essex Police,0.780740,51.539296,On or near Supermarket,E01015882,Southend-on-Sea 013G,Unable to prosecute suspect
1dd5b4d6238858df778dce3ae294bdd0b6e3d0507d38737abbd55615585a8b9d,2018-12,Essex Police,Essex Police,0.488182,51.567434,On or near BEECH ROAD,E01021327,Basildon 019E,Investigation complete; no suspect identified
a37b8f5f17d69e5e404baaf2880db181ae1d1f056910888eaca1785cd9c3fe10,2018-12,Essex Police,Essex Police,0.677757,51.550695,On or near CAVENDISH GARDENS,E01015905,Southend-on-Sea 007E,Investigation complete; no suspect identified
afb23e54be3c44fb1cdf6423752a97a9cd45495dde5ee485c665a37ca3871cef,2018-12,Essex Police,Essex Police,0.512109,51.743884,On or near CUTON GROVE,E01021544,Chelmsford 008A,Investigation complete; no suspect identified
c077de76b781dddf9dc91752dca00885ea9a82852ea80e1d11dfe3308d15a499,2018-12,Essex Police,Essex Police,0.909402,51.884262,On or near JAMES STREET,E01021686,Colchester 011D,Unable to prosecute suspect
9492ed39c96acb97e2802c7c462d115729f40f1d8dbef390acae9cb8966fa2d4,2018-12,Essex Police,Essex Police,0.295027,51.633747,On or near HIGHGROVE,E01021461,Brentwood 004D,Unable to prosecute suspect
edca9914b6f788f30092722943a27480c55a1b2805c0cf9d2b74445c0be85988,2018-12,Essex Police,Essex Police,0.853277,51.889100,On or near BACK LANE,E01021675,Colchester 009C,Unable to prosecute suspect
bb5d3623ca760eaa26ab534e02d23af97698984e3dd1578b49c42b82423dd401,2018-12,Essex Police,Essex Police,0.575849,51.532212,On or near LEKOE ROAD,E01021505,Castle Point 008D,Investigation complete; no suspect identified
fd2ce72510418d25f5bdaa358f92dfbf7d27c7aef4d8dc65b9337b18ba9a7c42,2018-12,Essex Police,Essex Police,0.483178,51.559815,On or near GAMBLESIDE,E01021325,Basildon 019D,Action to be taken by another organisation
ff057163504be3e0d4574401b958ae370c0903778fdd413a85150d9ae73382fc,2018-12,Essex Police,Essex Police,0.853277,51.889100,On or near BACK LANE,E01021675,Colchester 009C,Unable to prosecute suspect
ee2fa28227fcba5788a8f99123304546fd007b8f2068756798cca474b21ab0e4,2018-12,Essex Police,Essex Police,0.629203,51.810137,On or near BENTLEY ROAD,E01021426,Braintree 015E,Investigation complete; no suspect identified
9ab24e868ad98d118fc67535fa13697997550b9985567580c94df1d0e8dbed29,2018-12,Essex Police,Essex Police,0.010729,51.687808,On or near EASTBROOK ROAD,E01021807,Epping Forest 008A,Local resolution
6e91d0dba8d1e54951c59c4eade29b15c87e19591aaa59e6e7fac75b4c2aef08,2018-12,Essex Police,Essex Police,0.688031,51.600627,On or near REYNOLDS GARDENS,E01021929,Rochford 002D,Unable to prosecute suspect
5ac340f782f3ebde04f99dc2c0fc92336a8dc89aba53bf0ab9ad3ed3f9a64a6a,2018-12,Essex Police,Essex Police,0.097916,51.747315,On or near BERECROFT,E01021862,Harlow 011A,Unable to prosecute suspect
3e17bada8fa10ee8fd7814c14f225fe155bd343fa367e93a08ed115182d10b81,2018-12,Essex Police,Essex Police,0.082968,51.661055,On or near CHESTER CLOSE,E01021774,Epping Forest 011A,Investigation complete; no suspect identified
d78944550cb29155bb57687a4db7a2cd0169b6c1de29c20076af1bb08d56bda1,2018-12,Essex Police,Essex Police,0.503664,51.572905,On or near WIMBISH END,E01021306,Basildon 013E,Investigation complete; no suspect identified
29899f7319db7b1e987124dacfc20a90026216521533e308557bc40817d93db4,2018-12,Essex Police,Essex Police,0.295027,51.633747,On or near HIGHGROVE,E01021461,Brentwood 004D,Investigation complete; no suspect identified
17c900f4296433043ac94e50d2e1594249adc0835908ea8e04f7b6dd298dfc3a,2018-12,Essex Police,Essex Police,0.487241,51.557337,On or near COTELANDS,E01021311,Basildon 022C,Investigation complete; no suspect identified
6b6d9bbfb3a60a3aa68a26fe3d61cf724fef7f1abcb637cd955783a1a2c73e96,2018-12,Essex Police,Essex Police,0.916710,51.879062,On or near OLD HEATH ROAD,E01021684,Colchester 011B,Investigation complete; no suspect identified
bd7a5637b39eeacf5df6758b47347f9cf4a1481091bc8f9524efba4f458e7545,2018-12,Essex Police,Essex Police,0.489100,51.715083,On or near DORSET AVENUE,E01021565,Chelmsford 014C,Unable to prosecute suspect
b6626bcb3d587b02c88135949fef6c2f0f10d102bcce95a37a47fc4ea8127114,2018-12,Essex Police,Essex Police,0.329276,51.479885,On or near PARK VIEW GARDENS,E01015956,Thurrock 016B,Suspect charged
f5c8e391e6272c18e1a99955f1418d303a2474943416dfb80e8d14a9f1cc44bc,2018-12,Essex Police,Essex Police,1.261418,51.940359,On or near Iconfield Park,E01022007,Tendring 002D,Suspect charged
e6f30344419f4a1011087797667a03c1418f89ba54821825639f57078b0129e0,2018-12,Essex Police,Essex Police,0.489100,51.715083,On or near DORSET AVENUE,E01021565,Chelmsford 014C,Unable to prosecute suspect
edd8c7dc2e5a39052029e1147e98a67d8e720b08d23b843489aedfc3fe283c55,2018-12,Essex Police,Essex Police,0.706492,51.580794,On or near LOCKS HILL,E01021955,Rochford 004D,Investigation complete; no suspect identified
01d28c3680de97fb807498414be2f5545ab62729861685e4e76c55f9634743a0,2018-12,Essex Police,Essex Police,0.691297,51.592368,On or near HAINAULT AVENUE,E01021932,Rochford 007B,Unable to prosecute suspect
6d1e96c92b48cd521c58af9eea6c47f65f7fc69865484b91d58f8c615cf370df,2018-12,Essex Police,Essex Police,0.946648,51.858449,On or near CHAPEL STREET,E01021657,Colchester 016A,Investigation complete; no suspect identified
c7adf1ec959634a82e879c8ff38accf82b53c34c081c24a003f5250b3d4112c4,2018-12,Essex Police,Essex Police,0.715320,51.534677,On or near Shopping Area,E01015852,Southend-on-Sea 015B,Investigation complete; no suspect identified
6e53a52b8d52c174d9e6b46253b1951c03b21795a472894b78a1d4e912a3a116,2018-12,Essex Police,Essex Police,0.664742,51.595042,On or near SUDBURY CLOSE,E01021933,Rochford 003A,Unable to prosecute suspect
413523decedb7e402412a65e8a53edd2afa027d9ebe5eda72016e597f07619bb,2018-12,Essex Police,Essex Police,0.711892,51.541061,On or near QUEENSWAY,E01015895,Southend-on-Sea 010A,Unable to prosecute suspect
1764f2228ce0ea273f74ad5954679fcf8652e809575f8fa5a12d7ba3d4812e25,2018-12,Essex Police,Essex Police,0.377732,51.515991,On or near Conference/Exhibition Centre,E01015980,Thurrock 004D,Suspect charged
4330c5b48c7aa206e3a9dd2c7621628a083159edc70b5ef62eae07aacd0688e4,2018-12,Essex Police,Essex Police,0.455346,51.733932,On or near BEECHES COURT,E01021632,Chelmsford 011B,Investigation complete; no suspect identified
711376151f735deff22c047dbe4911874070415a0ea0f793aa0b2e90818fd16e,2018-12,Essex Police,Essex Police,0.324019,51.478460,On or near Theatre/Concert Hall,E01015956,Thurrock 016B,Suspect charged
bba859602ed2f2f56437a3bbbbc1b4a4c9b966e33f47b71bc4d02e77942b1e48,2018-12,Essex Police,Essex Police,0.742704,51.550732,On or near ARCHER CLOSE,E01015886,Southend-on-Sea 009D,Investigation complete; no suspect identified
46a872b1350a397f541077d68b2e3e29ca2b89e3ea3fe152d8085ded2d70b392,2018-12,Essex Police,Essex Police,0.831247,51.883849,On or near Supermarket,E01021718,Colchester 012A,Unable to prosecute suspect
0daf193e20d9f4c712e344716c7876f800b92b6f03e6ab82435c8268024c9b01,2018-12,Essex Police,Essex Police,0.586026,51.559616,On or near HERMITAGE CLOSE,E01021481,Castle Point 004B,Action to be taken by another organisation
b4a25f88904176ad724117ae848d25aeecac5872bc46c6148a504be6ae341863,2018-12,Essex Police,Essex Police,0.849959,51.906475,On or near BOURNE ROAD,E01021729,Colchester 003C,Unable to prosecute suspect
959194bafa4e875ce006e3f131421f71e66049e605dca37990de524093022a66,2018-12,Essex Police,Essex Police,1.064349,51.945415,On or near HIGH STREET,E01022020,Tendring 003F,Suspect charged
aca1da657052bdb4e01fa4def5b28482b4b57c9ae4caeb76a1bdd1f0ca023b86,2018-12,Essex Police,Essex Police,0.352430,51.679878,On or near BLACKMORE ROAD,E01021457,Brentwood 002A,Investigation complete; no suspect identified
91ef650cd098952fab45256e2e0f57d07740c8f62ee58233b4cea8209848a518,2018-12,Essex Police,Essex Police,0.162202,51.713795,On or near WELLINGTON ROAD,E01021799,Epping Forest 001E,Investigation complete; no suspect identified
1d4737cd0e11d7a0550750ed4c0282d78fb7cbced0f7f478298dc93082c873fb,2018-12,Essex Police,Essex Police,0.901260,51.888708,On or near Shopping Area,E01021649,Colchester 007D,Local resolution
c0bc9d7a21105ade87e66589dcb3e85c7914915e65c80cbba16a0e700fd8be5d,2018-12,Essex Police,Essex Police,0.722210,51.548881,On or near LAWN AVENUE,E01015869,Southend-on-Sea 006A,Investigation complete; no suspect identified
c680d3474796c3f6a43dbe0702a814febcbf848bd19d1c48b55e0b6c1cd49418,2018-12,Essex Police,Essex Police,0.401097,51.657516,On or near BUTTSBURY,E01021602,Chelmsford 018B,Investigation complete; no suspect identified
c966862a55649acb0d0945872e52ae2bf9caf4c32055f02935c4a79191b0a857,2018-12,Essex Police,Essex Police,0.714148,51.540424,On or near Parking Area,E01015895,Southend-on-Sea 010A,Investigation complete; no suspect identified
18eec94e413006b2a83e6caa9fc909670ae27ad95bab6ce076a2c04f23947795,2018-12,Essex Police,Essex Police,0.500879,51.590268,On or near Cricketers Retail Park,E01021307,Basildon 011C,Investigation complete; no suspect identified
24ef35c5a99bf1554e511e3bf7d1c4374a03d3772bf91c60098449c596a919eb,2018-12,Essex Police,Essex Police,0.058015,51.649958,On or near Sports/Recreation Area,E01021789,Epping Forest 012D,Investigation complete; no suspect identified
b007b6d8ef4d0be391ebbb840fb12593d9cae97275aa88873d952236fd0e69d7,2018-12,Essex Police,Essex Police,0.518811,51.622872,On or near MORELAND ROAD,E01021338,Basildon 005C,Investigation complete; no suspect identified
7d776e7069a4af040649d275ef17cd157aece7efd3ad62cab12dc473881585c8,2018-12,Essex Police,Essex Police,0.467958,51.739450,On or near VICTORIA CRESCENT,E01021574,Chelmsford 010A,Unable to prosecute suspect
96e8f6aec06e2cb69cd9f8b714f25a72db4d63f3a4188736f8f1ed55a09eed80,2018-12,Essex Police,Essex Police,0.733683,51.530689,On or near CAMPER ROAD,E01015891,Southend-on-Sea 016C,Suspect charged
713ab212d6535fc1f45cb0fbf93a89b1fe08bb9cbb9736396d1f0011de2ce9ce,2018-12,Essex Police,Essex Police,0.330502,51.474554,On or near BRIDGE ROAD,E01015952,Thurrock 017B,Investigation complete; no suspect identified
b720d798e8ecd3ac3e3ca5e9b078a94f8d06fe3521e2e904d6ef9ae4092dca84,2018-12,Essex Police,Essex Police,0.323432,51.476835,On or near Shopping Area,E01015954,Thurrock 017D,Investigation complete; no suspect identified
651a56c2993b092a4d2b3962207d83b97ccb5016b4ca316e73b4fb9b7a970d3d,2018-12,Essex Police,Essex Police,0.503656,51.709162,On or near EASTWOOD PARK,E01021562,Chelmsford 014A,Further investigation is not in the public interest
fcac94c8b7c98011f7a96ce89cc9b55b1c0af6692f2e2d3f7e9b1709985a0bd5,2018-12,Essex Police,Essex Police,0.086195,51.776857,On or near THE HORNBEAMS,E01021839,Harlow 004A,Investigation complete; no suspect identified
12123f88a8d9cbb3e39b4f1e4b2a66fdadef66f0aad45e8f50e7ed727d7aeb95,2018-12,Essex Police,Essex Police,0.605070,51.762984,On or near NOUNSLEY ROAD,E01021396,Braintree 018D,Investigation complete; no suspect identified
1fb180d5efd0ac5cbf4d35509d5dbb1a946365e3f9f01d7d58a2c00993b7a81b,2018-12,Essex Police,Essex Police,0.623200,51.845894,On or near TEMPLE LANE,E01021360,Braintree 012A,Unable to prosecute suspect
ef2fd9c86aa81d951fea2f2690b952b244573c8162e251204b1b61c27a3e6cce,2018-12,Essex Police,Essex Police,0.579302,51.879330,On or near LIE FIELD CLOSE,E01021369,Braintree 012D,Local resolution
fd3ba4e6c86bebcbdbfac6917320ff0d4e5f668b4d543bb9527373284153c29e,2018-12,Essex Police,Essex Police,,,No location,,,Investigation complete; no suspect identified
b6b0977ad99672a6479bd7457e5d1c34d0d1b87086d746a6417c13083847dcf1,2018-12,Essex Police,Essex Police,0.623200,51.845894,On or near TEMPLE LANE,E01021360,Braintree 012A,Unable to prosecute suspect
07d5ce33a85df69dbfa09cae761d3a65a3d31a7261fb620c3d28b56c674bdb9d,2018-12,Essex Police,Essex Police,0.294658,51.475702,On or near HAYES CLOSE,E01016011,Thurrock 015B,Investigation complete; no suspect identified
e764c23f2c761267c7d527f51d7d9056e7909c73b3aeee1e81879b5cae0a1959,2018-12,Essex Police,Essex Police,0.288966,51.632202,On or near Petrol Station,E01021464,Brentwood 004E,Investigation complete; no suspect identified
3ee015973ae2f60ed67189b6beb491c0da3998a018f41fb655c6f4c690a0ac6c,2018-12,Essex Police,Essex Police,0.472257,51.733569,On or near Shopping Area,E01033141,Chelmsford 010G,Unable to prosecute suspect
24ce9bf69248340d3f7102787c9138b90872614cdc578283cd05f729206d8223,2018-12,Essex Police,Essex Police,0.683522,51.559908,On or near PRINCE AVENUE,E01015868,Southend-on-Sea 002F,Local resolution
ce1c3c17858d2edb352e66f4036792d418008d51efdeef8f5ccd1505cc46ba13,2018-12,Essex Police,Essex Police,0.717425,51.540717,On or near Pedestrian Subway,E01015895,Southend-on-Sea 010A,Investigation complete; no suspect identified
09b1e73f463d137275bcde7f9b1b8c560493695851ef1a30cb8fd7662f7442af,2018-12,Essex Police,Essex Police,0.920287,51.776149,On or near VICTORIA MEWS,E01021735,Colchester 021E,Investigation complete; no suspect identified
5b764937fdc017ea2267d9045e79d0c928427702ba2c4ae6b8e8733bcd4a1d44,2018-12,Essex Police,Essex Police,0.436259,51.567661,On or near CLIFFORD CLOSE,E01021288,Basildon 016B,Investigation complete; no suspect identified
94e76161c217cf45cf01c70b9cd4e5f967e85535fdb363c2128b08c7d4d6a4c9,2018-12,Essex Police,Essex Police,0.463490,51.569268,On or near Supermarket,E01021318,Basildon 015C,Investigation complete; no suspect identified
66e05c831b09d69df715c74eb768abb06ee8eab7fbfb627c87930e0edd262e94,2018-12,Essex Police,Essex Police,0.419175,51.485285,On or near BURE,E01015947,Thurrock 013A,Investigation complete; no suspect identified
c5b44d6c157f722da8505fd41fdd2e6665a08b5aae4a5c68ba4f4abe39e6cc54,2018-12,Essex Police,Essex Police,0.022997,51.684234,On or near HAYWOOD COURT,E01021810,Epping Forest 008D,Unable to prosecute suspect
0875b1082da801d6796478eb2295c40b97f1beb810ad804ae7baaca8798ad119,2018-12,Essex Police,Essex Police,0.725264,51.534824,On or near OUTING CLOSE,E01015842,Southend-on-Sea 014D,Investigation complete; no suspect identified
0ec83e7762ddf2dd4ae435e26cd4cca7ae77e34dbe2e098f50c55eec9555292f,2018-12,Essex Police,Essex Police,0.325594,51.481127,On or near MILTON ROAD,E01015959,Thurrock 016C,Investigation complete; no suspect identified
2dbca83cfc63687b2d79989efaaf9e34ac3d0262aa79ab385386c30c78357b65,2018-12,Essex Police,Essex Police,0.297974,51.524452,On or near Supermarket,E01015971,Thurrock 006B,Investigation complete; no suspect identified
3e2a668e92bff52f2cdcf41534538c29454bb298623034d17b35e385dc36f837,2018-12,Essex Police,Essex Police,0.510671,51.566487,On or near HOWARD CRESCENT,E01021316,Basildon 018D,Local resolution
badd02620db9f6e2a9ce0654cb363943d474f916b50a2a7a28c63c1095b9ddcb,2018-12,Essex Police,Essex Police,0.265775,51.803388,On or near Parking Area,E01022096,Uttlesford 009D,Action to be taken by another organisation
b92860f7bb27b632d5d9d29a7c870e6577bf5e064abaa54e0aaed140cbd7bce4,2018-12,Essex Police,Essex Police,0.895674,51.887964,On or near CHURCH WALK,E01021649,Colchester 007D,Investigation complete; no suspect identified
873331cb941c275cb22f99315f41fdc1870f4f88feca532d6c8d226898414b99,2018-12,Essex Police,Essex Police,0.898856,51.892464,On or near NORTHGATE STREET,E01021649,Colchester 007D,Investigation complete; no suspect identified
ad3f59303b3a6f6c2567a150666fc63e8c52a573432c0ddb69711822c160f9fa,2018-12,Essex Police,Essex Police,0.648079,51.556082,On or near TUDOR GARDENS,E01015819,Southend-on-Sea 003F,Investigation complete; no suspect identified
cd5b013dee3d703ca033f248975647a912af893bdc6f1625bdcdf751d1cacfa1,2018-12,Essex Police,Essex Police,0.484223,51.560719,On or near SWANSTEAD,E01021325,Basildon 019D,Unable to prosecute suspect
e1c1e7b8d5ec2c812e142eaafb1922d968e3d21b0bf648b8a62829bdb0b59039,2018-12,Essex Police,Essex Police,0.495881,51.732790,On or near Shopping Area,E01021547,Chelmsford 008D,Investigation complete; no suspect identified
4977926340f7b17fc19077570ceb36cb6b19ec0daaf95d6d8faebc191d87545a,2018-12,Essex Police,Essex Police,0.111098,51.698807,On or near HIGH STREET,E01021762,Epping Forest 005C,Investigation complete; no suspect identified
cbe298fe067bdb17414383b383621ef99198c02b92a59dc841a5b8dc59a196ec,2018-12,Essex Police,Essex Police,0.732526,51.543622,On or near STORNOWAY ROAD,E01015873,Southend-on-Sea 006E,Investigation complete; no suspect identified
f632c0c64756974a564dfd0c2a5fe099a990c5654b6e1479bc3c132c91005479,2018-12,Essex Police,Essex Police,1.093192,51.896326,On or near B1035,E01022019,Tendring 003E,Unable to prosecute suspect
f6de89595a96dde5d7f0cf0e9f0ca84d55650882f91108bded2a098edc2b77e7,2018-12,Essex Police,Essex Police,0.122239,51.762445,On or near NICHOLLS FIELD,E01021821,Harlow 008A,Unable to prosecute suspect
ff0e4fa6deef7fbf7b675ede229bb424ab5c0ac400c8dfb5748b6cbbfdd25864,2018-12,Essex Police,Essex Police,0.386620,51.852525,On or near CHELMSFORD ROAD,E01022058,Uttlesford 008A,Investigation complete; no suspect identified
77f02c8446d88124732f2b97c1ff865c0580a10a130bd97d27650faed7a6ea2f,2018-12,Essex Police,Essex Police,0.828663,51.885503,On or near Hospital,E01021718,Colchester 012A,Investigation complete; no suspect identified
95517a312aacc833f1648cf0c242ea6e920baa09225623eeb05aac96e99f666b,2018-12,Essex Police,Essex Police,0.454172,51.745144,On or near FOX CRESCENT,E01021599,Chelmsford 009C,Unable to prosecute suspect
4dc2707e4527c27a1cb52075460f71058d89f74bbaf27b4ede14b663da2255c7,2018-12,Essex Police,Essex Police,0.094481,51.770766,On or near EAST GATE,E01021872,Harlow 007E,Investigation complete; no suspect identified
95775b7912b672609eb0a43b681fc9bf22c87b96237b49a1d6dd2698b1f0d128,2018-12,Essex Police,Essex Police,0.918823,51.776833,On or near KINGSLAND ROAD,E01021735,Colchester 021E,Action to be taken by another organisation
2cd54ec501de1b35f89481094cda8222a2cb8f7ad3c08c7d202b7523bb440128,2018-12,Essex Police,Essex Police,-0.010161,51.689836,On or near DOMINIC COURT,E01021818,Epping Forest 009C,Investigation complete; no suspect identified
7ab4c3e5747b4934555742f44d3210bb2ef3f84dd5322346e841539513d63f18,2018-12,Essex Police,Essex Police,0.470379,51.581615,On or near EGRET CLOSE,E01021268,Basildon 015B,Unable to prosecute suspect
e779e112922e7735614c4a0544dbf763752f2d2d9ec1cded8f0ff7b591362268,2018-12,Essex Police,Essex Police,0.560540,51.576462,On or near WOODSIDE VIEW,E01021515,Castle Point 001C,Unable to prosecute suspect
648c256283be408eaf3e118525d0aad2aadd9ffd50d67be934605f07ed6a29fb,2018-12,Essex Police,Essex Police,0.559088,51.522084,On or near CHARFLEETS SERVICE ROAD,E01021503,Castle Point 010D,Investigation complete; no suspect identified
60d3acf04a137efd676e025dd36a1a6981d4819e43a53c3e5bfd5fc31010c22b,2018-12,Essex Police,Essex Police,0.674136,51.538646,On or near LEAS CLOSE,E01015830,Southend-on-Sea 012D,Investigation complete; no suspect identified
c75c80dc0fa70ffdb37185df773931827f1c10fbc073167de3fed3e9c17fb138,2018-12,Essex Police,Essex Police,0.912484,51.882027,On or near GRANVILLE ROAD,E01021688,Colchester 011F,Investigation complete; no suspect identified
0bcfac09257bb17d58431b60351ab3c47fdc7c445b30579474ec3d1ab89a2b10,2018-12,Essex Police,Essex Police,0.739402,51.547626,On or near PHILPOTT AVENUE,E01015887,Southend-on-Sea 009E,Unable to prosecute suspect
eb7d5f8e2ab865f687e87b64ab6652bf04dc05795d5d9a7bfe56eee7799e13f9,2018-12,Essex Police,Essex Police,0.610085,51.588959,On or near BARRINGTONS CLOSE,E01021964,Rochford 008E,Unable to prosecute suspect
5955000ec9e1efb6a34792a6c3a22b8d83261790588d70237e066ca6ba1aeadf,2018-12,Essex Police,Essex Police,1.244191,51.929511,On or near ABDY AVENUE,E01033051,Tendring 002F,Suspect charged
5955000ec9e1efb6a34792a6c3a22b8d83261790588d70237e066ca6ba1aeadf,2018-12,Essex Police,Essex Police,1.244191,51.929511,On or near ABDY AVENUE,E01033051,Tendring 002F,Suspect charged
ccb4f9c4157268b81111d59958c6599390062d5307226024802b0304db04959d,2018-12,Essex Police,Essex Police,0.470379,51.581615,On or near EGRET CLOSE,E01021268,Basildon 015B,Unable to prosecute suspect
06bc2050446836a0fca8c8594e1037e7637437f99d23e801416c6bd53d757503,2018-12,Essex Police,Essex Police,0.936327,51.899341,On or near TEMPLEWOOD ROAD,E01021707,Colchester 022I,Investigation complete; no suspect identified
07a2b5c3819f1d1f197300748c014c783642f886f2e89ee550fa357e0fa9e9df,2018-12,Essex Police,Essex Police,0.324602,51.476614,On or near Supermarket,E01015954,Thurrock 017D,Suspect charged
5b29de0724bfdb5d60d6dbbd91e4d83f0973eaad4e13bd0d9a95af33abc3c0c0,2018-12,Essex Police,Essex Police,0.482633,51.563046,On or near DEWSGREEN,E01021323,Basildon 019B,Action to be taken by another organisation
bb6d52170934f6192c11ec5f9f729584a71b9fe3fdb629504900f9a240a6b408,2018-12,Essex Police,Essex Police,0.239236,52.010418,On or near WARDS CROFT,E01022074,Uttlesford 002A,Unable to prosecute suspect
63da0351883490fc002b391812e169e05a5e052fec7468e7c8317bf44369c82a,2018-12,Essex Police,Essex Police,0.500271,51.585496,On or near REPTON CLOSE,E01021307,Basildon 011C,Suspect charged
082eaea13d4416095a5785f774e1795e79ac93a3513c8af72b09dea1501b951f,2018-12,Essex Police,Essex Police,0.576722,51.516769,On or near THORNEY BAY ROAD,E01021502,Castle Point 011E,Unable to prosecute suspect
354b463f3673a2fe3ff28243201bbc9362a72b296544a0535e5fd59a0e54f645,2018-12,Essex Police,Essex Police,0.614587,51.578607,On or near DAWS HEATH ROAD,E01021965,Rochford 009E,Unable to prosecute suspect
6affe5ae8c38d3251cdd413e375e35327c01f79f1480380d20f26e7896a55371,2018-12,Essex Police,Essex Police,0.355394,51.878289,On or near THE MEAD,E01033055,Uttlesford 007E,Unable to prosecute suspect
0e6824f78df44abf5c131eb1467661191b181355831f0ea58c69a546bc4696de,2018-12,Essex Police,Essex Police,0.903937,51.885827,On or near Pedestrian Subway,E01021683,Colchester 011A,Investigation complete; no suspect identified
5018d7555ade8ca279df5ae4fa48e5956fc9b9e671f1c476f1209e0b78bb5f04,2018-12,Essex Police,Essex Police,0.500223,51.589356,On or near HEADINGLEY CLOSE,E01021307,Basildon 011C,Unable to prosecute suspect
8e4a01ac6a72f3fea282ab8cfb30e661101698704271b334b17c5f8c7f23b026,2018-12,Essex Police,Essex Police,0.900116,51.889231,On or near Shopping Area,E01021649,Colchester 007D,Suspect charged
047e7a01ab5c6a677719108ad31a1936c0a0dd6f052542b8082fd65f52e90017,2018-12,Essex Police,Essex Police,,,No location,,,Investigation complete; no suspect identified
953ab83f2c0c4f71a8a4d5fd5d14bf45a88a461eb52af8e2eb78e4c70f88f49a,2018-12,Essex Police,Essex Police,0.741996,51.549265,On or near SHERWOOD WAY,E01015886,Southend-on-Sea 009D,Unable to prosecute suspect
d5828e6af1188b98040aa47e72319f644f7c09eb6611c2d2544a5ddcbd387913,2018-12,Essex Police,Essex Police,0.897877,51.888090,On or near Shopping Area,E01021649,Colchester 007D,Investigation complete; no suspect identified
ddfd89406db2e0450c68e88ce749cc3c940a26e4068058052afb7e1e323320fc,2018-12,Essex Police,Essex Police,0.900116,51.889231,On or near Shopping Area,E01021649,Colchester 007D,Investigation complete; no suspect identified
566c5a74b0e5e3f3aff0cc6fa79ee979e343772d8dd8972f71aeb22f83ead9b0,2018-12,Essex Police,Essex Police,0.618479,51.640736,On or near MIDDLETON ROW,E01021608,Chelmsford 020D,Investigation complete; no suspect identified
d3e8f6184daeb4ffd8b8a499cbc02a8da3cf378ac24a4d7e050978a727d87a08,2018-12,Essex Police,Essex Police,0.440642,51.587256,On or near SOUTH WASH ROAD,E01021261,Basildon 010A,Investigation complete; no suspect identified
6a6dd6afbce92e038105d280788c6af77d29dac5c1c0cb6ef3ae245829036333,2018-12,Essex Police,Essex Police,0.560991,52.018446,On or near CHURCH ROAD,E01021430,Braintree 001D,Investigation complete; no suspect identified
181d7a8be45ae5fec503bf68612b5c4d782b38b1023f06f1e59eb59d1fa458e3,2018-12,Essex Police,Essex Police,0.282470,51.500968,On or near CRANELL GREEN,E01015929,Thurrock 007C,Investigation complete; no suspect identified
c09e7ab1cf5e1f777d125f8e58f7551d0c7e2c077905d9cc026dcddf074cbcc1,2018-12,Essex Police,Essex Police,0.409131,51.573140,On or near JEFFERSON AVENUE,E01021276,Basildon 014C,Unable to prosecute suspect
5d0f9524162674b7fd6e268710731be256f045309dbc1bc274ebcdf338a34b46,2018-12,Essex Police,Essex Police,0.387333,51.672374,On or near WOODLAND CLOSE,E01021458,Brentwood 002B,Investigation complete; no suspect identified
1f9d21bff0fc08e210c53e5fb5e974bc50aed0dd2ed368e5581156eb38a7ec41,2018-12,Essex Police,Essex Police,1.151360,51.814311,On or near Highfield Holiday Park,E01022039,Tendring 010B,Unable to prosecute suspect
4bcbe0cebdfafc8ac6aeb63d9bdd536c976ba8c3337bf586214a60765ff4c247,2018-12,Essex Police,Essex Police,0.324310,51.477114,On or near Shopping Area,E01015954,Thurrock 017D,Investigation complete; no suspect identified
f43da123779ec958261433a118971565c5f38ba8ab9a196c1e9397dabe4457e4,2018-12,Essex Police,Essex Police,0.280536,51.482444,On or near Parking Area,E01016011,Thurrock 015B,Investigation complete; no suspect identified
a9c5d1cde104797c5d39be62b3fce391d23922501dc5e81fb63decc8604270cc,2018-12,Essex Police,Essex Police,0.117933,51.757774,On or near LONGFIELD,E01021823,Harlow 006D,Unable to prosecute suspect
481f171f49615ca785fe39f29c0f2580c61f1b979a8c6d40283e4cb79904fe54,2018-12,Essex Police,Essex Police,1.125676,51.797126,On or near WRITTLE CLOSE,E01022030,Tendring 015C,Investigation complete; no suspect identified
e7d2d4602b452a08ef31a0d3b1876010f021fb3a0ba1aa79ffc46eb7be16971a,2018-12,Essex Police,Essex Police,0.133688,51.783963,On or near Parking Area,E01021855,Harlow 001B,Unable to prosecute suspect
29bd69b4a68bd48660766a82f42df1f59e2f4b1b0acca087b04a14dc6e4f9627,2018-12,Essex Police,Essex Police,0.715320,51.534677,On or near Shopping Area,E01015852,Southend-on-Sea 015B,Unable to prosecute suspect
694538e4d08ff8eab5ea130ce1a4b03b02e8c9b1d085be40f8d6d2faf4a504d7,2018-12,Essex Police,Essex Police,-0.010161,51.689836,On or near DOMINIC COURT,E01021818,Epping Forest 009C,Investigation complete; no suspect identified
151c0b96b881dbec0a2bcf947214578cb693086fe9dc74efa0758a108e81b573,2018-12,Essex Police,Essex Police,0.820274,51.628344,On or near ARNHEIM ROAD,E01021879,Maldon 008D,Unable to prosecute suspect
bce6e1da24a534ae909c2fd5f6d68afa5c91679ab2159fd79edcbea107d91c0c,2018-12,Essex Police,Essex Police,0.875889,51.875157,On or near BOADICEA WAY,E01021713,Colchester 015C,Investigation complete; no suspect identified
9e412e9dfcbf054f1e767d5c4d59f405df3127bcbab2b608f3c240b61d86a53d,2018-12,Essex Police,Essex Police,0.067207,51.645471,On or near ALDERTON CLOSE,E01021789,Epping Forest 012D,Unable to prosecute suspect
c74ab1643beb49edb31635d376d63bbbf5418b173900bba0c42993a817f9a43e,2018-12,Essex Police,Essex Police,0.472270,51.734594,On or near TINDAL STREET,E01033141,Chelmsford 010G,Investigation complete; no suspect identified
b099577b05705772c43aa084d8dc57591fc9d93d78b99b64e3301b0081dac564,2018-12,Essex Police,Essex Police,0.460775,51.569775,On or near Parking Area,E01021318,Basildon 015C,Investigation complete; no suspect identified
608f44c4021c75bebddebf33cd6eaa8582b710bffe8bc02b3e99d0b5d4d8fc72,2018-12,Essex Police,Essex Police,0.896245,51.888706,On or near HEAD STREET,E01021649,Colchester 007D,Investigation complete; no suspect identified
6f8830debda41a015bd6ba9b9a5ffd3cccdeee3d4591eba7549eb861a4c07ce7,2018-12,Essex Police,Essex Police,0.261159,51.867630,On or near ORCHID CLOSE,E01022091,Uttlesford 006C,Unable to prosecute suspect
2713f29ea7c9632f14965cb28115f83602b8d5e7fe69c90aca9ed80a8c77fabb,2018-12,Essex Police,Essex Police,0.601274,51.522918,On or near Petrol Station,E01021496,Castle Point 009D,Investigation complete; no suspect identified
11c7be273087b28f1fe30d426eb9c68a61e07e1b1382caaca5f5c014256b97c0,2018-12,Essex Police,Essex Police,0.892911,51.904446,On or near HUGH DICKSON ROAD,E01021679,Colchester 004A,Unable to prosecute suspect
46be732bc1af02c052b60a0fc5edacf9befc7952f005c685c8df9df2ccd9626b,2018-12,Essex Police,Essex Police,0.513622,51.581263,On or near FAIRFAX AVENUE,E01021309,Basildon 011E,Investigation complete; no suspect identified
873d4862a39b09711a7e87b5e13a6870d55924982113c176cbc2bd112dc0d8f4,2018-12,Essex Police,Essex Police,-0.010161,51.689836,On or near DOMINIC COURT,E01021818,Epping Forest 009C,Investigation complete; no suspect identified
da5e79e555f1a4c866d87a05efb7c1900410edc00d7eed04d16880934424cb7f,2018-12,Essex Police,Essex Police,0.615073,51.579783,On or near WHITEHOUSE MEWS,E01021965,Rochford 009E,Investigation complete; no suspect identified
f8cf5188b828feaf7d6c80288ab8da260cc87206a56a96e7822cfc708ce802ee,2018-12,Essex Police,Essex Police,0.490430,51.723742,On or near Parking Area,E01021563,Chelmsford 014B,Investigation complete; no suspect identified
1f3abc09c8d6ce9e77c56da26f67d1ab16e304a26f2fff35f95536be59a9351f,2018-12,Essex Police,Essex Police,0.820274,51.628344,On or near ARNHEIM ROAD,E01021879,Maldon 008D,Unable to prosecute suspect
a98cbe3223302d344f467350f557a9711f0def53eef4cbab2af7539dc17ca2d0,2018-12,Essex Police,Essex Police,0.897877,51.888090,On or near Shopping Area,E01021649,Colchester 007D,Investigation complete; no suspect identified
95549ddd6d3f00b4767c0b9d0f2e7ec84189c8d33ab18dcaa01bf16660f6f321,2018-12,Essex Police,Essex Police,0.239236,52.010418,On or near WARDS CROFT,E01022074,Uttlesford 002A,Unable to prosecute suspect
95dfefb3ff3ca74d6381b34ad1af276c295542b49e959d901f70621564898665,2018-12,Essex Police,Essex Police,-0.010161,51.689836,On or near DOMINIC COURT,E01021818,Epping Forest 009C,Investigation complete; no suspect identified
8554e153dafcc312d0bc87190fa71c4e3a910bf32fa115017f90a6eb46823338,2018-12,Essex Police,Essex Police,0.440639,51.575340,On or near BALLARDS WALK,E01021291,Basildon 016E,Investigation complete; no suspect identified
0100e2eecf6276855f5cdfcc000c1643050107857ce7835aafb357bb1dd341bf,2018-12,Essex Police,Essex Police,0.823518,51.895942,On or near FARM DRIVE,E01021730,Colchester 003D,Investigation complete; no suspect identified
4fd57f53b731a6477d0f2d8301522a88aac50fe53c63f8babea7e395ab3b71b1,2018-12,Essex Police,Essex Police,0.490336,51.581481,On or near BARRINGTON CLOSE,E01021269,Basildon 012C,Investigation complete; no suspect identified
a6383bbad31fe99cb74841de92826a9047c28f14badd61bafbb0fe3355a02b96,2018-12,Essex Police,Essex Police,0.741996,51.549265,On or near SHERWOOD WAY,E01015886,Southend-on-Sea 009D,Unable to prosecute suspect
96de0d880093e0c032b728c0364d4fb5318e754415e1d3c725fe21465245f0da,2018-12,Essex Police,Essex Police,0.731243,51.531591,On or near RETORT CLOSE,E01015841,Southend-on-Sea 014C,Unable to prosecute suspect
bd16660dfa21c2dc36b0ee0ea86c55fd3d93df169101b6a0715e684b29239b43,2018-12,Essex Police,Essex Police,0.261159,51.867630,On or near ORCHID CLOSE,E01022091,Uttlesford 006C,Unable to prosecute suspect
675926cf48b00ee0fd69ffe884ddb77f9c5eadf39199e7c2e6213f66d8f37cb6,2018-12,Essex Police,Essex Police,0.510671,51.566487,On or near HOWARD CRESCENT,E01021316,Basildon 018D,Action to be taken by another organisation
bc54e6a64bf49ac7dfcd2c17931f16ec54108b1f8ae0bd058ea7be84ec9fee26,2018-12,Essex Police,Essex Police,0.261741,51.889938,On or near Airport/Airfield,E01022090,Uttlesford 006B,Investigation complete; no suspect identified
18423030448ffbcfb29687a54180ad7ce4dc4b77c89720bd13f20795aba32a2c,2018-12,Essex Police,Essex Police,0.895335,51.889691,On or near BALKERNE GARDENS,E01021646,Colchester 007A,Offender given a drugs possession warning
09ae42373880b257db298d57d1c59a1a374e15ac0a032637b98a4262991ed522,2018-12,Essex Police,Essex Police,0.608739,51.516565,On or near GAFZELLE DRIVE,E01021490,Castle Point 012B,Unable to prosecute suspect
6f7ef45d58c25c1286492fd6da64e090d5b77dc7a961041ccc9be0c44c2b2bb8,2018-12,Essex Police,Essex Police,0.717994,51.540353,On or near SOUTHCHURCH ROAD,E01015895,Southend-on-Sea 010A,Investigation complete; no suspect identified
35da90dbb49241f935eab69b1d0b33e1042dab8d3ed795d811b17ed39b32d6e3,2018-12,Essex Police,Essex Police,0.297734,51.517118,On or near CEDAR RISE,E01015975,Thurrock 006F,Unable to prosecute suspect
88d225eaeb3383f8e25d373fe3aa10061b2bc44689a6433340316a52cfef0f6e,2018-12,Essex Police,Essex Police,1.065329,51.852626,On or near STATION ROAD,E01021993,Tendring 009C,Investigation complete; no suspect identified
5c692e9bac99d054e12dfc3c10bfd23d03119a475da0d7dd5faaa77f141051b8,2018-12,Essex Police,Essex Police,0.439330,51.571374,On or near MYNCHENS,E01021292,Basildon 017B,Investigation complete; no suspect identified
ce0d737beccbcfd0b011d29e1b1edf72708358fe82cb706fff1b575a9dcf10e8,2018-12,Essex Police,Essex Police,0.901325,51.890172,On or near GEORGE STREET,E01021649,Colchester 007D,Unable to prosecute suspect
a16f041424c54c04fe1ad17aae69949df0b402a585b757bc0ba6fcf329b9ab45,2018-12,Essex Police,Essex Police,0.703128,51.561337,On or near MANNERS WAY,E01015866,Southend-on-Sea 002D,Action to be taken by another organisation
09d80d0b547b62f7d054aa54fbb1a8f23418deee3e74890f8c3266c407ba128e,2018-12,Essex Police,Essex Police,0.085393,51.621274,On or near DALESIDE GARDENS,E01021750,Epping Forest 016B,Unable to prosecute suspect
7cfa0917c2bfbde2e0f3552219772ccb81961f6ffd7f8f95768e971c05d8351b,2018-12,Essex Police,Essex Police,0.100300,51.669083,On or near PAKES WAY,E01021803,Epping Forest 010B,Investigation complete; no suspect identified
2050bbc5216c0e7d7da9960ce6034db2226a27460b8142d272ce617237c53ced,2018-12,Essex Police,Essex Police,0.456169,51.571868,On or near Pedestrian Subway,E01021318,Basildon 015C,Suspect charged
372b247ed90eed0eacbce163382cee2d16e71eccacf1544293a3af9c50555824,2018-12,Essex Police,Essex Police,0.703329,51.566909,On or near Shopping Area,E01021956,Rochford 007E,Unable to prosecute suspect
376e9bdcbcf930c200fb033b18a53907111fc8d1043a42c6f8df05916881c3d0,2018-12,Essex Police,Essex Police,0.716855,51.546415,On or near SUTTON ROAD,E01015898,Southend-on-Sea 010D,Unable to prosecute suspect
93c3f06b54ff3423c2639146abae34911dd7236977b81bf20538e56ccc19901f,2018-12,Essex Police,Essex Police,0.900116,51.889231,On or near Shopping Area,E01021649,Colchester 007D,Local resolution
b7b7a3224d9a382b51f2fa3c0e718766dc03979257912fa506fbd4525c3fb941,2018-12,Essex Police,Essex Police,0.917327,51.891944,On or near FENWICK DRIVE,E01021648,Colchester 007C,Unable to prosecute suspect
e9e6744cf365a9dfcdd6747cb72c68948081a8b8d5088b2f4253d7dffc19686f,2018-12,Essex Police,Essex Police,0.703128,51.561337,On or near MANNERS WAY,E01015866,Southend-on-Sea 002D,Action to be taken by another organisation
41c1b82f1cb8fcf1c134b3f223f9e9b0d814c490f2d8a9fe0c5aadc488ba6410,2018-12,Essex Police,Essex Police,1.054973,51.941072,On or near COLCHESTER ROAD,E01022014,Tendring 003C,Local resolution
9c53ba5875bc9360dc24f9538d9bf56361ecd791851c77e2455900a772785b1d,2018-12,Essex Police,Essex Police,0.352430,51.679878,On or near BLACKMORE ROAD,E01021457,Brentwood 002A,Investigation complete; no suspect identified
05c156f25d3e803569c75b0fa7a89df89afb36fda4d33ca007571df900b394d3,2018-12,Essex Police,Essex Police,0.797028,51.549018,On or near MILTON HALL CLOSE,E01021924,Rochford 010E,Investigation complete; no suspect identified
5618d1925e6fa3963eeb5e5cad52ff19e610516cd929e3e511109699992d7755,2018-12,Essex Police,Essex Police,0.323432,51.476835,On or near Shopping Area,E01015954,Thurrock 017D,Investigation complete; no suspect identified
9253b8454756ed8d04f76129acff3fef527e10000183bbfd644872ba534ec6ee,2018-12,Essex Police,Essex Police,1.171944,51.798296,On or near ABBIGAIL GARDENS,E01022050,Tendring 014E,Unable to prosecute suspect
9f9d9c8c26ecdc63d323140958ad01e9279a1b15bbffa31d60a97dcb91222a24,2018-12,Essex Police,Essex Police,0.899183,51.910173,On or near Hospital,E01021682,Colchester 004D,Investigation complete; no suspect identified
3e9c93f94b45f2f5ca48d274b2ae5d3135354ae2e6071606441fbbb50f11eb24,2018-12,Essex Police,Essex Police,0.901299,51.875109,On or near DANIEL COLE ROAD,E01021642,Colchester 018F,Unable to prosecute suspect
87b8eb2c7350ef5c16ba6429238af24ff60f1e752bbbf12a28dc5df064cc2b39,2018-12,Essex Police,Essex Police,0.078146,51.652040,On or near HARVEY GARDENS,E01021778,Epping Forest 011E,Unable to prosecute suspect
4b576356aee8ffee0ff8922c83ef8130fdbac5630c27bca117f6021b308b5e52,2018-12,Essex Police,Essex Police,0.505709,51.574139,On or near MALGRAVES,E01021304,Basildon 013C,Investigation complete; no suspect identified
63cd68b5fdf5492f09cfb1b97fc038d8eb55c675fe989adc07b03e1cdc368746,2018-12,Essex Police,Essex Police,0.323992,51.477085,On or near Shopping Area,E01015954,Thurrock 017D,Investigation complete; no suspect identified
7146752cce1e9ba0efad400446e8374f3d8c9b94fbaddd5f8410f186c67584f5,2018-12,Essex Police,Essex Police,0.654736,51.607680,On or near MERRYFIELDS AVENUE,E01021938,Rochford 003F,Investigation complete; no suspect identified
933f53935a32e388e210c3f58a766ea29cdea8aa88f7cbd1fd66c51ade76d9cb,2018-12,Essex Police,Essex Police,0.078146,51.652040,On or near HARVEY GARDENS,E01021778,Epping Forest 011E,Unable to prosecute suspect
3c272af71bb72385fabc8f7c862660527249817af67a253247ed06d0267847c0,2018-12,Essex Police,Essex Police,0.070826,51.752094,On or near SYCAMORE FIELD,E01021865,Harlow 009E,Unable to prosecute suspect
e136b92a4207063dfc16333064f9dcfeb696cabb67778d293e736e2a96cfea04,2018-12,Essex Police,Essex Police,0.689542,51.550678,On or near FIELDING WAY,E01015904,Southend-on-Sea 007D,Investigation complete; no suspect identified
5a2d5c49a20b5ca9f0a0bf0f76f27649dd7e80e51c163f0ee27dcee715e6dcdf,2018-12,Essex Police,Essex Police,0.301804,51.622040,On or near William Hunter Way,E01021433,Brentwood 007A,Investigation complete; no suspect identified
f345d27e29c0409c16b11f4d1603e5f940718123967d326a62f373c88aa23c9b,2018-12,Essex Police,Essex Police,0.777217,51.525736,On or near WATERFORD ROAD,E01015920,Southend-on-Sea 017G,Investigation complete; no suspect identified
0a56d821d59c097f6b47a2a8f165ec1847d5dca6227d399a73456a9d8223fa89,2018-12,Essex Police,Essex Police,0.045084,51.625382,On or near Supermarket,E01021748,Epping Forest 015G,Investigation complete; no suspect identified
8829fcd6ed5dc95055ddb4b285dad50d2b218a54d25ebfeab9e018af3806c80f,2018-12,Essex Police,Essex Police,0.323432,51.476835,On or near Shopping Area,E01015954,Thurrock 017D,Investigation complete; no suspect identified
fd401744165ba72a6843a86e2ce43939dfe1c50cd0fe3ebe7e6f284fee55e762,2018-12,Essex Police,Essex Police,0.487303,51.711623,On or near GARDENERS,E01021566,Chelmsford 014D,Investigation complete; no suspect identified
c86d0e075eb1eb98078ee2db1a9e64723c3f33dc7b0626b708a3282494db3b98,2018-12,Essex Police,Essex Police,0.104773,51.747426,On or near SIBNEYS GREEN,E01021858,Harlow 010B,Investigation complete; no suspect identified
2bb40f1208c97fa3788d662f9568603141687daec788989ddd45d20c692bd514,2018-12,Essex Police,Essex Police,0.513588,51.611238,On or near Supermarket,E01021329,Basildon 006B,Unable to prosecute suspect
e46a6fd9436dd75357b066f6b84c171aa0553438bf1df34e73453dd2bbfd305f,2018-12,Essex Police,Essex Police,0.777721,51.533530,On or near ANTRIM ROAD,E01015917,Southend-on-Sea 017D,Investigation complete; no suspect identified
1a6a69d1e57524b0131c0ebd5064c705248e6312031b5903d6cc9f7331bf8ecf,2018-12,Essex Police,Essex Police,0.323432,51.476835,On or near Shopping Area,E01015954,Thurrock 017D,Investigation complete; no suspect identified
1825f641ea394fd7205018ff6982d14cce6e9aa0388c90a528a8323949cf6084,2018-12,Essex Police,Essex Police,0.577597,51.524358,On or near WEST CRESCENT,E01021488,Castle Point 010C,Unable to prosecute suspect
0c0b5411326db8efdb44ebdec931bf79972093642c8af105bae834d001926943,2018-12,Essex Police,Essex Police,0.891214,51.887319,On or near SOUTHWAY,E01021651,Colchester 013A,Investigation complete; no suspect identified
be605e4dd18e9a1c0721e16e98cc018db6abc595489dfb675a49ea64477004d3,2018-12,Essex Police,Essex Police,0.288966,51.632202,On or near Petrol Station,E01021464,Brentwood 004E,Investigation complete; no suspect identified
6a0410e4f650c85e194f5372be4daeb0fdbb829ff1a7c27532af786ec678cd26,2018-12,Essex Police,Essex Police,0.502267,51.562719,On or near Supermarket,E01021310,Basildon 022B,Investigation complete; no suspect identified
f6b3ead408523c5b675759e1f55c0a95bfc41de3ac97d3f44e0dde88c3c26fa7,2018-12,Essex Police,Essex Police,1.028254,51.819590,On or near CAMPERNELL CLOSE,E01021979,Tendring 011A,Unable to prosecute suspect
d97dffeca6a02e35eae3c1efb4332c1091188cf71ca39879b58ddb9c94a89eac,2018-12,Essex Police,Essex Police,0.316145,51.490190,On or near BOLEYN CLOSE,E01015939,Thurrock 020A,Unable to prosecute suspect
d8251b3c44b92da3ac46a483c21c1f694ba7aec44a6d13958942c01d6be32374,2018-12,Essex Police,Essex Police,0.558082,51.887932,On or near KINGFISHER GATE,E01021350,Braintree 009A,Investigation complete; no suspect identified
09fc8be026fc9a57ab0875814820528c9960a2e3cd4fb78108a32a26dd666d17,2018-12,Essex Police,Essex Police,1.063193,51.942756,On or near BROOK STREET,E01022019,Tendring 003E,Investigation complete; no suspect identified
28481497e32160028d20658ae82dfd5e5d6dcfb43c4aa4e0c730ef7e2300a303,2018-12,Essex Police,Essex Police,0.288966,51.632202,On or near Petrol Station,E01021464,Brentwood 004E,Investigation complete; no suspect identified
469064d63679be7a9129cb328352cde1f68aa08f959c26674a6aea92395516f5,2018-12,Essex Police,Essex Police,0.245968,51.696378,On or near HUNTERS CHASE,E01021754,Epping Forest 004B,Investigation complete; no suspect identified
f0b5cb3f1bb512abe87222f514279c6c07ee5e7da12f096687e3add52443a2b4,2018-12,Essex Police,Essex Police,0.960612,51.867604,On or near HEATH ROAD,E01021737,Colchester 017B,Investigation complete; no suspect identified
361a8aafb4a2f1e93bbda33fbd688c3c9e8ea89f75e027982baee6b1cdc743de,2018-12,Essex Police,Essex Police,0.510300,51.578870,On or near OAKDENE ROAD,E01021303,Basildon 011B,Unable to prosecute suspect
11e809e23ea3199f7aaa983a61c2a3e83d35ffcb191591e40c35e0f45ee078f0,2018-12,Essex Police,Essex Police,0.261417,51.506475,On or near PARK LANE,E01015924,Thurrock 008C,Investigation complete; no suspect identified
0f30ab0172f2bbb6e5cf3e9b4f7579f8b1efb8428ffc21257ff7d0565d7c7737,2018-12,Essex Police,Essex Police,0.325332,51.474261,On or near SHERFIELD ROAD,E01015954,Thurrock 017D,Unable to prosecute suspect
a7dae64985522db84e5c95dd0b73286272177b704fb5587b5f46097935ced535,2018-12,Essex Police,Essex Police,0.316734,51.476815,On or near Supermarket,E01015953,Thurrock 017C,Investigation complete; no suspect identified
e15a3cfee07c93156839fb45535b57d84b82f386cbbba41e5def5efcf53acb0b,2018-12,Essex Police,Essex Police,0.627768,51.806905,On or near WHITEWAYS COURT,E01021428,Braintree 015F,Investigation complete; no suspect identified
d92885e2c67949a3c6f16e0367a9d5306db5829e2ca31508b51257515bed9f45,2018-12,Essex Police,Essex Police,1.031821,51.794909,On or near SEAVIEW TERRACE,E01022046,Tendring 011E,Unable to prosecute suspect
027841e6379cee8ff92505bf497f1e3fd05ec479a09ae3c5f39abac2ca0804e5,2018-12,Essex Police,Essex Police,0.715320,51.534677,On or near Shopping Area,E01015852,Southend-on-Sea 015B,Suspect charged
027841e6379cee8ff92505bf497f1e3fd05ec479a09ae3c5f39abac2ca0804e5,2018-12,Essex Police,Essex Police,0.715320,51.534677,On or near Shopping Area,E01015852,Southend-on-Sea 015B,Suspect charged
c6ce60677754c3336203b3e80c56f3cda8e6f862e76da668d5fc004e04d2b877,2018-12,Essex Police,Essex Police,0.439912,51.746925,On or near TRENT ROAD,E01021598,Chelmsford 003C,Unable to prosecute suspect
623ba5ba3f1702c7f5266ac7313f39d7538eef0db01e5ebc748dfe3ba762f72c,2018-12,Essex Police,Essex Police,0.549575,51.893746,On or near STANES ROAD,E01021354,Braintree 008A,Investigation complete; no suspect identified
f4b022cfdff663408f5a1d91c678aae973a42488122f696e2a7fd9f6ae9cd8d1,2018-12,Essex Police,Essex Police,0.132577,51.757347,On or near CHAPEL LANE,E01021836,Harlow 008D,Unable to prosecute suspect
1367f923950628967a09b7968d390cc51d6b53c36521b8fa5fe854e3fa0b438c,2018-12,Essex Police,Essex Police,0.582053,51.515465,On or near MAGNOLIA CLOSE,E01021500,Castle Point 012E,Unable to prosecute suspect
f3513eab5320635211f0b55ffd588e1acb5120ab93264b61352aa14038843eaa,2018-12,Essex Police,Essex Police,0.701155,51.546310,On or near AVEBURY ROAD,E01015900,Southend-on-Sea 010F,Investigation complete; no suspect identified
15fe4031c02c6ae92b91a7d80bb04910e0595556ed361f08896246a2326d5cde,2018-12,Essex Police,Essex Police,0.504955,51.759639,On or near BRAGANZA WAY,E01033144,Chelmsford 005F,Unable to prosecute suspect
3db15b673d41066f5c3bbcf0a32250b2ebaa62c1ed27ba03f055eed22518c886,2018-12,Essex Police,Essex Police,0.618479,51.640736,On or near MIDDLETON ROW,E01021608,Chelmsford 020D,Investigation complete; no suspect identified
d4321275d0654f4657bdaca1ae0d6ca47a114f1ed43527c5532988a4dabb3eeb,2018-12,Essex Police,Essex Police,0.323432,51.476835,On or near Shopping Area,E01015954,Thurrock 017D,Investigation complete; no suspect identified
d5e4c36b937b7016bb510ad4c2d443346b81d4e92fe83a40b42fd79b5a59b5ac,2018-12,Essex Police,Essex Police,0.913380,51.873632,On or near CLEARWATER,E01021665,Colchester 016D,Investigation complete; no suspect identified
7be654b975f9ccaf839609956fd96c653225d6b1de65c01adee03c804babfe40,2018-12,Essex Police,Essex Police,0.324602,51.476614,On or near Supermarket,E01015954,Thurrock 017D,Unable to prosecute suspect
bf6c0eac6a277118170db4ed9cf37d0c931aab71b397bb7e84a2003ea112096f,2018-12,Essex Police,Essex Police,0.699378,51.542600,On or near BALMORAL ROAD,E01015896,Southend-on-Sea 010B,Unable to prosecute suspect
6e08ef3cfcf92bfff58a375a53b8a4232628a4c1c58f77f6e85b74782729062b,2018-12,Essex Police,Essex Police,0.323992,51.477085,On or near Shopping Area,E01015954,Thurrock 017D,Unable to prosecute suspect
aa4c363da75ce7db8bab23f6e4e0ddf1c8f5fcff1823939cbbb180f291131b59,2018-12,Essex Police,Essex Police,0.547766,51.884388,On or near SPALDING CLOSE,E01021359,Braintree 008D,Suspect charged
6731ec2ccd1ef4bb26b50379e65ecaa41153fb2dbfc13ff27ae0214d20dd946d,2018-12,Essex Police,Essex Police,1.113848,51.773264,On or near BEACH WAY,E01021988,Tendring 018A,Investigation complete; no suspect identified
0f7040d4bb9706a39445a31f8a9dbec94abfa97c05e3ca46077369c8a6c198d0,2018-12,Essex Police,Essex Police,1.128687,51.806463,On or near ASHSTEAD CLOSE,E01021977,Tendring 013C,Local resolution
5d6ac14489f5e1bb778d98057253ddf8186d93f13e2758b7340d39bca1a33d3e,2018-12,Essex Police,Essex Police,0.344899,51.645253,On or near Petrol Station,E01021467,Brentwood 005F,Investigation complete; no suspect identified
a58dbbaadd94cc1b28ada2f9ff197e379c80d84228d572b5d2ce4b989fd299b4,2018-12,Essex Police,Essex Police,0.897825,51.889081,On or near CULVER STREET WEST,E01021649,Colchester 007D,Investigation complete; no suspect identified
94ff608cfb07c7cb73c927f4d3099cce1bae68bc524d75e31d2481a8533ac95f,2018-12,Essex Police,Essex Police,0.607933,51.587937,On or near CHURCH STREET,E01021964,Rochford 008E,Unable to prosecute suspect
a8e1829b30a4e33844aec5d3c3d02f7c9bdac096b95db5d62405ddbc99abcc3b,2018-12,Essex Police,Essex Police,0.331665,51.500737,On or near WHITMORE AVENUE,E01015993,Thurrock 009C,Unable to prosecute suspect
85024403d1dad1de2e6084132faf9350d497d73ce02742e63b7e3b75fd47287b,2018-12,Essex Police,Essex Police,0.554706,51.879408,On or near Police Station,E01033459,Braintree 009F,Unable to prosecute suspect
d41f8b35ec83990f68693ef496d6600f271e27fa83673aa101220fa57383d4b4,2018-12,Essex Police,Essex Police,0.724546,51.555868,On or near Supermarket,E01015871,Southend-on-Sea 006C,Unable to prosecute suspect
71f6e246c0254c954e9f8ecc476c1d413a4517204304d70aa32a0146401f94d6,2018-12,Essex Police,Essex Police,0.297846,51.600607,On or near BECKET CLOSE,E01021473,Brentwood 008D,Investigation complete; no suspect identified
40a3f842c214575cd12a2bced027f860b9f74546bd8511a85980a786635e3304,2018-12,Essex Police,Essex Police,0.637966,51.548611,On or near BARNARD ROAD,E01015913,Southend-on-Sea 008F,Unable to prosecute suspect
36836a81bd21f4c87e7032e41fb4d99d8cce56608f46688a931251452aa58fed,2018-12,Essex Police,Essex Police,0.486237,51.715953,On or near LAMBOURNE CHASE,E01033145,Chelmsford 014G,Formal action is not in the public interest
69e49fd00a13ed4fca407377ed19769c3f1bee874343603eacc23154d98d68cb,2018-12,Essex Police,Essex Police,0.742422,51.547240,On or near WHITTINGHAM AVENUE,E01015887,Southend-on-Sea 009E,Unable to prosecute suspect
ba9f9420b860e3e3056dbb91aa6a09b3f141a835f17fb22330350d4bfcc1c943,2018-12,Essex Police,Essex Police,0.287502,51.511688,On or near ANNALEE GARDENS,E01015976,Thurrock 007F,Unable to prosecute suspect
36b9705fd76383f9812131896ce0340e34d4607db111e24b5f3370e0c535d0dc,2018-12,Essex Police,Essex Police,0.923905,51.783667,On or near GARDEN FARM,E01021732,Colchester 021B,Unable to prosecute suspect
493e9c9aaaca3f1a725d121b11293b361e8ed780e4e3195d3dd9a22e4d70de6b,2018-12,Essex Police,Essex Police,1.093192,51.896326,On or near B1035,E01022019,Tendring 003E,Unable to prosecute suspect
e0e7d892677730059c1aa9678b03dc61bcdb4fd5b3e660999f4adbf8da26d524,2018-12,Essex Police,Essex Police,0.466783,51.750582,On or near BARNFIELD MEWS,E01021591,Chelmsford 002E,Investigation complete; no suspect identified
e6b21a4d20f75f1e188baf26401924e5f2966a43f853c9b7b2d51853274c9308,2018-12,Essex Police,Essex Police,0.281698,51.489840,On or near Parking Area,E01016011,Thurrock 015B,Investigation complete; no suspect identified
e78f160c19d63e80cfb56aa8130866dbd3f50e4dd615d768e6729b82650e9979,2018-12,Essex Police,Essex Police,0.906740,51.888726,On or near Sports/Recreation Area,E01021648,Colchester 007C,Investigation complete; no suspect identified
78eac0d76023d9a2fc08b6a0cc5f063870b7877846c9740453a8e300d68119d7,2018-12,Essex Police,Essex Police,0.595675,51.555760,On or near SUMMERWOOD CLOSE,E01021482,Castle Point 006A,Unable to prosecute suspect
40ce7849a7a025ffde4cfeb0b8656b55d330cc6ecbca2daab72013c8d5d03c81,2018-12,Essex Police,Essex Police,0.712497,51.540310,On or near Bus/Coach Station,E01015895,Southend-on-Sea 010A,Unable to prosecute suspect
e163820d6a55f31494401845b60e48a2caf0a2c19aa08a69fad5354a78116734,2018-12,Essex Police,Essex Police,0.498107,51.735351,On or near THOMAS CLOSE,E01021547,Chelmsford 008D,Investigation complete; no suspect identified
f4c586844255f07f172aeadc6b53329a31f0b611192effdfd37aaab4c4a3d9fc,2018-12,Essex Police,Essex Police,0.726082,51.533546,On or near KURSAAL WAY,E01015842,Southend-on-Sea 014D,Investigation complete; no suspect identified
957dc104d5ae74aeb8b3126ce20bc90db6a6c1b04fdd96c78a5eedf6c094fd2f,2018-12,Essex Police,Essex Police,0.504807,51.582935,On or near WOOD GREEN,E01021308,Basildon 011D,Unable to prosecute suspect
2e0a834c3bf95728437f8852bc781ac2ef9b933a5e0f55ae6ea57f026b9f84b3,2018-12,Essex Police,Essex Police,0.707721,51.582771,On or near OLD SHIP LANE,E01021955,Rochford 004D,Investigation complete; no suspect identified
59bea692b28ee620f4b14021ef9c878eb13426bbdfe8ad1410ce91316bdbee63,2018-12,Essex Police,Essex Police,0.054244,51.630492,On or near BOXTED CLOSE,E01021742,Epping Forest 015A,Unable to prosecute suspect
a802265b492d1c45acd6c6bec2a2897587b70242a375e0fe6c3b435031dc03fb,2018-12,Essex Police,Essex Police,0.875866,51.872973,On or near GLOUCESTER AVENUE,E01021711,Colchester 015A,Local resolution
18dd670de0d9f6d93f183e99abd7fd8750dbe00eac839a83efd0f3641c4c16f0,2018-12,Essex Police,Essex Police,0.723645,51.850390,On or near NEW LANE,E01021403,Braintree 014F,Investigation complete; no suspect identified
e57e598518d21dfa533507f4614a3c9423aa82d6d8fc4275153a598298441af3,2018-12,Essex Police,Essex Police,0.620667,51.588696,On or near Bus/Coach Station,E01021960,Rochford 005D,Unable to prosecute suspect
6c7f7b5fe030c4cfa3ba1286d50b84c2cf11495a7724a4a83f78b0b0d409d360,2018-12,Essex Police,Essex Police,0.488444,51.561664,On or near BYFLETTS,E01021328,Basildon 022E,Unable to prosecute suspect
4240e9c63df8af034c0a9ae20280022c8f2224d02db8bf6282a2ce9f3355aec4,2018-12,Essex Police,Essex Police,0.058015,51.649958,On or near Sports/Recreation Area,E01021789,Epping Forest 012D,Investigation complete; no suspect identified
00b5c0f2597eecdb6dccf82984983a285a7300d5f9dc3ffeee0e15bc425a5f9f,2018-12,Essex Police,Essex Police,0.717415,51.549513,On or near RUSKIN AVENUE,E01015897,Southend-on-Sea 010C,Offender given a drugs possession warning
433977a6349f90d08c9f41381da5bab8449fb20046461a457b6ca3eff3eb3314,2018-12,Essex Police,Essex Police,0.297816,51.602586,On or near GIBRALTAR CLOSE,E01021472,Brentwood 008C,Unable to prosecute suspect
ccd9e24379c89ec450888d02921d857005cbc05f5d129519fb971b74a7f3fd2a,2018-12,Essex Police,Essex Police,0.289949,51.610114,On or near LARK CLOSE,E01033063,Brentwood 007F,Unable to prosecute suspect
926019e28e0277c3983a536683cb7dafa321065b8a06709616d59d64c04b3dd0,2018-12,Essex Police,Essex Police,0.481528,51.555218,On or near BARNARD CLOSE,E01021300,Basildon 022A,Investigation complete; no suspect identified
f2890ee2196636cb39f7d747f89821958645c168bd9a9c8463cca024df03ad3c,2018-12,Essex Police,Essex Police,0.407665,51.631383,On or near WHINHAMS WAY,E01021246,Basildon 002B,Investigation complete; no suspect identified
566d339ff91f10a59001393e041952fd85b099651d60358795c28a41004a916e,2018-12,Essex Police,Essex Police,0.184418,51.738320,On or near KENTS LANE,E01021796,Epping Forest 003B,Investigation complete; no suspect identified
479efa77bc253297e07b5f4a3456062a820083f13c3ede372c2a9bbef297eb6e,2018-12,Essex Police,Essex Police,0.683778,51.537796,On or near WHITEFRIARS CRESCENT,E01015828,Southend-on-Sea 012B,Unable to prosecute suspect
4bd07f3c855d0ff86dd2288a7dd7a26addb1f0c9ab5bd462fad30cb1ecbaac6a,2018-12,Essex Police,Essex Police,0.902885,51.887993,On or near SHORT WYRE STREET,E01021649,Colchester 007D,Unable to prosecute suspect
3fa2165b7180eb3e1880565ee34bd13422ed460a1b43a7fafd7cd7e97db21c0f,2018-12,Essex Police,Essex Police,1.087300,51.775566,On or near Seawick Holiday Park,E01022045,Tendring 018D,Investigation complete; no suspect identified
8f0ac69d4a353a6c65f22367541e8d3d2df5795d64bf838c43b5bc63e0e64e42,2018-12,Essex Police,Essex Police,0.184418,51.738320,On or near KENTS LANE,E01021796,Epping Forest 003B,Investigation complete; no suspect identified
3328150ffdf407c2ae31888f2ddd01719ccdf98adaf12765659005af0cd62f44,2018-12,Essex Police,Essex Police,0.092636,51.771302,On or near Nightclub,E01021872,Harlow 007E,Local resolution
53f5f908d5e6654cdb1817d02faba0addd6fcc3b09b2f5b03421aea0db229b7f,2018-12,Essex Police,Essex Police,1.142716,51.794989,On or near VICTORY ROAD,E01021968,Tendring 017A,Unable to prosecute suspect
19474992a520f4313d5ef4932ac66ff842b23eab9245d60e07f39545b811be91,2018-12,Essex Police,Essex Police,0.132685,51.783909,On or near OAKWOOD MEWS,E01021855,Harlow 001B,Unable to prosecute suspect
f758640c5b2bc471b0b427e343f943cf18ac6e6336c4416fcbc76a9fbeb61f4a,2018-12,Essex Police,Essex Police,0.516858,51.617616,On or near SILVER WAY,E01021338,Basildon 005C,Investigation complete; no suspect identified
f2bd534eb20d7eae5857affcc9db5e77ee47fefb6e0354a0a548d6e70c4fb621,2018-12,Essex Police,Essex Police,0.727173,51.536831,On or near LEAMINGTON ROAD,E01015840,Southend-on-Sea 014B,Investigation complete; no suspect identified
7b663a1923e0a5b411752f4d0e9be42e62568d6faaa2fe648a66622a59b0a871,2018-12,Essex Police,Essex Police,0.178666,51.722321,On or near BLACKHORSE LANE,E01021797,Epping Forest 001C,Unable to prosecute suspect
91d4ba659c6814eb26e203acd04eefc58dd273e9eabd4d6c2e2457059507766e,2018-12,Essex Police,Essex Police,0.610069,51.640033,On or near GIMLI WATCH,E01021607,Chelmsford 020C,Investigation complete; no suspect identified
165d26cf94b44caf9633c33a4acca8c00bb5cf837260def46ddebfb1ce4e40ac,2018-12,Essex Police,Essex Police,0.981270,51.924867,On or near GERNON ROAD,E01021972,Tendring 005B,Unable to prosecute suspect
34f42ba3bd8e142496b958d8b2e217a65a9c4932b791d60121401d1226af6ca1,2018-12,Essex Police,Essex Police,0.699675,51.566858,On or near Parking Area,E01015867,Southend-on-Sea 002E,Unable to prosecute suspect
b33ab4c0acc5202d44548b9b55682da13d80e96a8954bf9b607dc2049cd06af2,2018-12,Essex Police,Essex Police,0.094542,51.776475,On or near Sports/Recreation Area,E01021843,Harlow 004E,Unable to prosecute suspect
efedc5caf894751eb98cbee330adebb4508b677580a24690e0aa2b93c7bdceb8,2018-12,Essex Police,Essex Police,0.420549,51.640237,On or near PORTMAN DRIVE,E01021250,Basildon 001D,Unable to prosecute suspect
207cde23f2d8d24b66c1fbfa4f3190410028fa5635f406b1b9a1c48292145f60,2018-12,Essex Police,Essex Police,0.627794,51.797875,On or near STEVENS ROAD,E01021429,Braintree 016D,Unable to prosecute suspect
f8760a5144ee1fef118e8ac2d9d4060f30089fc1bc0fa8ed0d757417e67b156e,2018-12,Essex Police,Essex Police,0.918481,51.885080,On or near CHALLENGE WAY,E01021685,Colchester 011C,Suspect charged
f52057056ef567088329e4fd83aa471d59e435e861af66b4aee6d8c8cad10c3e,2018-12,Essex Police,Essex Police,0.689363,51.602638,On or near NEWHALL,E01021927,Rochford 002B,Unable to prosecute suspect
2b18d5a168d2097465258e647306e41c704d1197a1dd695263112225139cedc8,2018-12,Essex Police,Essex Police,0.109228,51.781779,On or near Shopping Area,E01021845,Harlow 002B,Unable to prosecute suspect
d28ca642a6ced4608edb3b24e1370136d648ce9c87e62cc4a06324f2c3c5d2d3,2018-12,Essex Police,Essex Police,0.108431,51.784581,On or near Shopping Area,E01021845,Harlow 002B,Investigation complete; no suspect identified
ec72dda1d649940d28dcded41072c7658abb5d41b0bb4eca13ec195c168d631d,2018-12,Essex Police,Essex Police,0.644788,51.821821,On or near RICKSTONES ROAD,E01021362,Braintree 015A,Investigation complete; no suspect identified
fe70413bfa4e583ef869af661d219b71674a8b93ba808efe5ca3021e29f80b72,2018-12,Essex Police,Essex Police,0.068928,51.616592,On or near LYNDHURST RISE,E01021751,Epping Forest 016C,Unable to prosecute suspect
3369034adf79eba1d5eb2dd543e37277846f940d2f999c6f429a3e008e8e7ad5,2018-12,Essex Police,Essex Police,0.068928,51.616592,On or near LYNDHURST RISE,E01021751,Epping Forest 016C,Unable to prosecute suspect
14a3451ae85b2f25c5e359b3ec734433caa4890665e3a68e7aa54a9a1aa4bc74,2018-12,Essex Police,Essex Police,0.491367,51.566566,On or near FEERING DRIVE,E01021326,Basildon 022D,Unable to prosecute suspect
f6c922060bc9242fefe2eec22453fe587d25c74cb05fbb301e8057246e522a91,2018-12,Essex Police,Essex Police,0.105268,51.768352,On or near THE DOWNS,E01021849,Harlow 003A,Unable to prosecute suspect
44709a6a06fabfc9a7978792326a80a7d62f58c3c0b5641932775d2ae7aeb895,2018-12,Essex Police,Essex Police,0.484040,51.567423,On or near PATHWAYS,E01021322,Basildon 019A,Unable to prosecute suspect
f3250e1e1ea4ae49ca2f34d09c7b73f7a016eb85d8fa43203aac27ee06af9bf3,2018-12,Essex Police,Essex Police,0.105268,51.768352,On or near THE DOWNS,E01021849,Harlow 003A,Unable to prosecute suspect
9ecb236315aa29be862a02fc3b97c63b81a7b206ff4a5b2cb09119da49cb75ad,2018-12,Essex Police,Essex Police,0.703329,51.566909,On or near Shopping Area,E01021956,Rochford 007E,Unable to prosecute suspect
74b26d90cc1255882c7ddcd9ed4962dc639839632637fa3508c8ab8038dd7ea2,2018-12,Essex Police,Essex Police,0.902151,51.865779,On or near SHEERING WALK,E01021638,Colchester 018B,Unable to prosecute suspect
a23bf2ed45c67f7b0e460992a43f7622250c9714b55df77c1eaa4e04461a05de,2018-12,Essex Police,Essex Police,0.900344,51.861849,On or near JAMES PARNELL DRIVE,E01021639,Colchester 018C,Unable to prosecute suspect
b696ad234d143bb54bb01cc2163a39d8df6f42b50815f4d2943bd8e644dd175c,2018-12,Essex Police,Essex Police,0.597578,51.528396,On or near WHERNSIDE AVENUE,E01021493,Castle Point 009B,Unable to prosecute suspect
5dab23904a4fcca3f415e55c894d9a77bd9a6592ed09116ea6c6c02637cc44bc,2018-12,Essex Police,Essex Police,0.788409,51.540877,On or near OSPREY CLOSE,E01015879,Southend-on-Sea 013D,Unable to prosecute suspect
73d34ce2b5de2dc943889b692fb77ca63e2003ce2e4860d4450372655c3d8990,2018-12,Essex Police,Essex Police,0.900344,51.861849,On or near JAMES PARNELL DRIVE,E01021639,Colchester 018C,Unable to prosecute suspect
c7b992f460d06bff8de52590018439226e1bc9f21bbd633f4777285d2b8b117c,2018-12,Essex Police,Essex Police,0.466017,51.746110,On or near KINGS ROAD,E01021591,Chelmsford 002E,Action to be taken by another organisation
ddff9398158049fa30ddc7bc07634134d917583d034a105d4f795363fc824cef,2018-12,Essex Police,Essex Police,0.606180,51.517431,On or near TELESE AVENUE,E01021489,Castle Point 012A,Investigation complete; no suspect identified
a8e16643e3676167c11e991186c20393d0ab5ec699c44904b2c094e3a140e562,2018-12,Essex Police,Essex Police,0.308372,51.490325,On or near DOVE CLOSE,E01033614,Thurrock 020E,Investigation complete; no suspect identified
22a9f90a81883aa3a8ac7a10de3ae73dc5e3d68e715f3b98b1e2c4927047babf,2018-12,Essex Police,Essex Police,0.462235,51.775920,On or near PUDDINGS WOOD LANE,E01021542,Chelmsford 002A,Unable to prosecute suspect
cfd60c83eaf285e337ce6da562726312cf161e346bb7694b04defb7a088fd027,2018-12,Essex Police,Essex Police,0.033497,51.667066,On or near WELLINGTON HILL,E01021806,Epping Forest 009A,Unable to prosecute suspect
1dedac3c88e9d5434cc43901d93392eaac3e84ac16cf630750ea6d8022a5adb2,2018-12,Essex Police,Essex Police,0.095336,51.766695,On or near Parking Area,E01021868,Harlow 007B,Unable to prosecute suspect
d06243224616f5fad65bb2ce38c5ed4e9e895e64949501d28651878d229e2b84,2018-12,Essex Police,Essex Police,0.296365,51.624476,On or near COPPERFIELD GARDENS,E01021434,Brentwood 004C,Unable to prosecute suspect
b22f918449f843c48d9aab7ec1b636d7cc6f9d5efee6a690e9979d9773817925,2018-12,Essex Police,Essex Police,1.101198,51.773158,On or near ESSEX AVENUE,E01021988,Tendring 018A,Unable to prosecute suspect
4161ab2f81e880b04d5c85b9f8edf4ac6b30096a817403a93277cb4141a52197,2018-12,Essex Police,Essex Police,0.475801,51.698502,On or near Supermarket,E01021553,Chelmsford 017B,Unable to prosecute suspect
145b2b9131d8f24f76a2df944e15ca952cb022b69f6ec55bd2d17c2d907eb75c,2018-12,Essex Police,Essex Police,0.104603,51.763706,On or near TRIPTON ROAD,E01021870,Harlow 006E,Unable to prosecute suspect
e656d7f998c1e6a983a526053bd9c98264d57aed34e9a29dc452ea25b7851fee,2018-12,Essex Police,Essex Police,0.104603,51.763706,On or near TRIPTON ROAD,E01021870,Harlow 006E,Unable to prosecute suspect
c2a658783683f14cc7b5a395018a697b50b4bba5c9ac7d88b7f434d68b115f9b,2018-12,Essex Police,Essex Police,0.479405,51.735288,On or near SHRUBLANDS CLOSE,E01033141,Chelmsford 010G,Unable to prosecute suspect
97c74edb494e076a53117085a069d00b68dc1e141419a920edb06a37f7db7031,2018-12,Essex Police,Essex Police,0.708846,51.542220,On or near Parking Area,E01015895,Southend-on-Sea 010A,Investigation complete; no suspect identified
36ac5ba6d56047d881afe97aa87de6454238bb5cac5eb5bd3274d46007b9a4bd,2018-12,Essex Police,Essex Police,0.708846,51.542220,On or near Parking Area,E01015895,Southend-on-Sea 010A,Investigation complete; no suspect identified
4ad93b47c99bba7743fac057a914a8f63a18ec671a621acf3a173e552ae97ca7,2018-12,Essex Police,Essex Police,0.668614,51.560113,On or near MENDIP ROAD,E01015824,Southend-on-Sea 005E,Investigation complete; no suspect identified
cbc3c3b6431bbfc79224f4f178fbf999cf9578a457dee5d42cebd5ec21a1870c,2018-12,Essex Police,Essex Police,0.608412,51.520925,On or near ROSBERG ROAD,E01021490,Castle Point 012B,Local resolution
89495f4171ab4ddbc96abe7daa0b144d12b25ec7cbf0d0c77689ec4ba706f083,2018-12,Essex Police,Essex Police,0.248851,51.508533,On or near Parking Area,E01015924,Thurrock 008C,Investigation complete; no suspect identified
222cec4032be761c4f83ad55945a958c869fb0f65a7889f8c35bc4729137b223,2018-12,Essex Police,Essex Police,0.594447,51.977983,On or near SUMMERFIELDS,E01021397,Braintree 003B,Unable to prosecute suspect
2246a3bf7f9c4904b2821f551579758a8cc2994221a8586b79404751a14d0717,2018-12,Essex Police,Essex Police,0.594447,51.977983,On or near SUMMERFIELDS,E01021397,Braintree 003B,Unable to prosecute suspect
89b02748590023081cee2d214188d6747c311cf4025bd70cbcea224985f814dc,2018-12,Essex Police,Essex Police,0.244936,52.011343,On or near WELL-GREEN CLOSE,E01022080,Uttlesford 002E,Investigation complete; no suspect identified
c638c24a9733e0aef406ff64dacd2cfdf88123d7b2cad09c6a67f72fd84db531,2018-12,Essex Police,Essex Police,0.917327,51.891944,On or near FENWICK DRIVE,E01021648,Colchester 007C,Unable to prosecute suspect
b71eb3e953508a30c5569c1242a2ebd1d4d845dfa99172adf61bf2bcaac61437,2018-12,Essex Police,Essex Police,1.142223,51.789156,On or near LINK ROAD,E01022038,Tendring 017E,Investigation complete; no suspect identified
b57368a3796c3b5826da3ed8c978aaf7b63ea4d3fa5a9aac4262c435257f4ae9,2018-12,Essex Police,Essex Police,0.559771,51.571766,On or near Petrol Station,E01021525,Castle Point 001D,Unable to prosecute suspect
fbe6035c5a7966e921c84a77b136e3697d7dcf7adbb9b5e553b357e69f09f59f,2018-12,Essex Police,Essex Police,0.282488,51.487496,On or near Shopping Area,E01016011,Thurrock 015B,Investigation complete; no suspect identified
cd2904cb52a2396704d1d8c2d753b75556ea13a9152ba4fd4fded4b9990574ec,2018-12,Essex Police,Essex Police,0.280735,51.512405,On or near ERNAN CLOSE,E01015972,Thurrock 006C,Investigation complete; no suspect identified
122a223925d003b1fa67fd8cedbfd809a0888e3f35ec5d1814db741db4681014,2018-12,Essex Police,Essex Police,0.505375,51.578040,On or near MALYONS PLACE,E01021302,Basildon 013B,Investigation complete; no suspect identified
1afbe9932e324b3dceeed9db752e1f021e638439663d0f3f5b58223101e63a61,2018-12,Essex Police,Essex Police,0.289636,51.509129,On or near BINGHAM CLOSE,E01015932,Thurrock 006A,Investigation complete; no suspect identified
71aebca1d8b1db1f6a937a7db84673202fbd76f443cc85169639e8a5df918d67,2018-12,Essex Police,Essex Police,0.491735,51.582530,On or near DENYS DRIVE,E01021269,Basildon 012C,Unable to prosecute suspect
6f59029b8056956e297bdd17f931f753c1ff58d6cce6144faf0447bb764ef8b6,2018-12,Essex Police,Essex Police,0.002772,51.435980,On or near CASTILLON ROAD,E01003347,Lewisham 030A,Unable to prosecute suspect
edf967bc332ef670ecf976cc97af9ce3ef7b269527e5241e8f052f08013abb29,2018-12,Essex Police,Essex Police,0.688020,51.539785,On or near SATANITA ROAD,E01015828,Southend-on-Sea 012B,Investigation complete; no suspect identified
320bde26ab21e2ff7a3c56c63a443f352e0b7ed5bc81df3246cdc2d5591cfce4,2018-12,Essex Police,Essex Police,0.112455,51.757441,On or near Supermarket,E01021823,Harlow 006D,Investigation complete; no suspect identified
303242e29003a111a4d523bb4d32a99706ef165db2d08c68921cd48a4ebfbb69,2018-12,Essex Police,Essex Police,0.925063,51.888424,On or near GREENSTEAD ROAD,E01021706,Colchester 022H,Unable to prosecute suspect
6bf5cd52c215d52a6cb990abac88adcd79d518121c068dfa52dc6dabc660bfe8,2018-12,Essex Police,Essex Police,0.466017,51.746110,On or near KINGS ROAD,E01021591,Chelmsford 002E,Action to be taken by another organisation
86a6ac443a785ceeb23b819737b1a9956e48939c45e603fea903d91b5995b7bc,2018-12,Essex Police,Essex Police,0.841585,51.881630,On or near WINSTREE ROAD,E01021720,Colchester 012C,Unable to prosecute suspect
9aa0bdff69cba29b316b5707c717cc6f52e3c59813e88f53365dd5acd37393c0,2018-12,Essex Police,Essex Police,0.913266,51.877268,On or near BROOKSIDE CLOSE,E01021684,Colchester 011B,Investigation complete; no suspect identified
2096fe4bd4b231f62c1a54ea211aa9ac95b5b31c746934314d85ef5e2280bdd9,2018-12,Essex Police,Essex Police,0.694218,51.536567,On or near STATION ROAD,E01015851,Southend-on-Sea 015A,Action to be taken by another organisation
bdc10568f3c6252f061eeb257474984f50fc4cf15bb1c9d42f9eca9ce820403c,2018-12,Essex Police,Essex Police,0.374921,51.461378,On or near AUSTEN CLOSE,E01016005,Thurrock 018C,Unable to prosecute suspect
09f859be3cce095cb2fc081b160d9fdbfded1030da002c3662490347c6e358f4,2018-12,Essex Police,Essex Police,0.533154,51.606986,On or near SALCOTT CRESCENT,E01021346,Basildon 008E,Unable to prosecute suspect
92f5c2952107a1d1ee7ae787b441095c6e7c2698ce41ff44796ac00726f079e7,2018-12,Essex Police,Essex Police,0.694218,51.536567,On or near STATION ROAD,E01015851,Southend-on-Sea 015A,Action to be taken by another organisation
dfd5d2b8d3834ac5febc46128c102ed1d4fec94be539425e283f2451a7884eab,2018-12,Essex Police,Essex Police,0.560646,51.878065,On or near MALTINGS VIEW,E01033458,Braintree 009E,Action to be taken by another organisation
8c73cf3c22dac0f052d937ef80f5ee9b77631dba7e9ccd615f34ac9396b2b165,2018-12,Essex Police,Essex Police,0.490430,51.723742,On or near Parking Area,E01021563,Chelmsford 014B,Unable to prosecute suspect
316953904b8ee6327e2aa2b387f429ebd1b95620d73212599012078e716f5f0d,2018-12,Essex Police,Essex Police,1.219816,51.844286,On or near Sports/Recreation Area,E01022010,Tendring 008F,Investigation complete; no suspect identified
55bbb5dd382580b53920735552bd51187e8ac37e65e8ae0fd6c84f674074c101,2018-12,Essex Police,Essex Police,0.549774,51.882878,On or near ROSEMARY AVENUE,E01021357,Braintree 008B,Unable to prosecute suspect
f5d05b5074a7d2c10d9a96ddbde01eb1dcbc7e63908efec34f397d32af6e60b3,2018-12,Essex Police,Essex Police,0.490430,51.723742,On or near Parking Area,E01021563,Chelmsford 014B,Unable to prosecute suspect
1ef074c96b1a85172ade4bd01964f53df9dfc656919f23a9d0558c65cce1c168,2018-12,Essex Police,Essex Police,0.093567,51.769182,On or near Shopping Area,E01021872,Harlow 007E,Investigation complete; no suspect identified
a2c46ffe002587c430307fd7c9dfa8fab2135f4ffa4f413665bd124b784dca4f,2018-12,Essex Police,Essex Police,0.620104,51.645116,On or near TRINITY ROW,E01021613,Chelmsford 019C,Unable to prosecute suspect
b473622b10dac10bec7d318cf0987dd0c28ab977faf086ac542ebbd200c82c00,2018-12,Essex Police,Essex Police,0.290955,51.490892,On or near HOWARD ROAD,E01015982,Thurrock 019A,Unable to prosecute suspect
d3ce0478eb6e6b30ca67037a7dbb548bda130af66fa47fdad7d4090f2ac96cb2,2018-12,Essex Police,Essex Police,0.688170,51.743881,On or near EVEREST WAY,E01021888,Maldon 003E,Action to be taken by another organisation
8d6cd2be2db3e155a027f97ee155c3370de68a9c43d4c23630d3bcf3975151de,2018-12,Essex Police,Essex Police,0.110047,51.782879,On or near DUKES PATH,E01021845,Harlow 002B,Investigation complete; no suspect identified
470deb20d81073d5e8aa731142693acc486adaef0d889abb9319b586142fc1ee,2018-12,Essex Police,Essex Police,1.038687,51.795631,On or near ALPHA ROAD,E01022046,Tendring 011E,Unable to prosecute suspect
f542b7539b2c59bb84f542b42e63a5b9587694d4144ba530161a795f73b45093,2018-12,Essex Police,Essex Police,0.475453,51.722871,On or near PRINCES ROAD,E01021583,Chelmsford 015C,Investigation complete; no suspect identified
4587023d9e419f1880b5c57e1f1691325770bec35b31593d5285c3f3042c3eec,2018-12,Essex Police,Essex Police,0.666854,51.607181,On or near LEAMINGTON ROAD,E01021940,Rochford 003H,Suspect charged
521575f433d29849d96ebb3ca32d75c656d2218dd282947c6a8db850de1ba742,2018-12,Essex Police,Essex Police,0.086144,51.607394,On or near Supermarket,E01021764,Epping Forest 017A,Unable to prosecute suspect
ebafa53305d759210dac9004e02a8fcd08046f07c036d3a2f23363408a0abb05,2018-12,Essex Police,Essex Police,0.700525,51.551981,On or near BURR HILL CHASE,E01015861,Southend-on-Sea 004E,Unable to prosecute suspect
9d6afe2cae692540592829b31163deb2ceec6d31215e42dd5f722a508e3331ac,2018-12,Essex Police,Essex Police,0.330217,51.633782,On or near SEBASTIAN AVENUE,E01021467,Brentwood 005F,Investigation complete; no suspect identified
f0ef4e8525cc4b4690b98f4b67a77fbca284ea22989aca6b14c7e0f723b671ea,2018-12,Essex Police,Essex Police,1.037938,51.941153,On or near CHURCH HILL,E01022013,Tendring 003B,Investigation complete; no suspect identified
4784293fe2eab74ad63e67bd0520a83108068eb9a6a01e6cb7d6cb52063e175e,2018-12,Essex Police,Essex Police,0.901299,51.875109,On or near DANIEL COLE ROAD,E01021642,Colchester 018F,Unable to prosecute suspect
b70c8195751c4d5c4948971410fc07a035f9b0f1d4476d9955ecc4151daa9f8e,2018-12,Essex Police,Essex Police,0.650358,51.558306,On or near IRVINGTON CLOSE,E01015818,Southend-on-Sea 003E,Investigation complete; no suspect identified
15afc88fc29d89852bfb7d7f7c4654f745c54fe3256868c0ea27e2a1a0d77f1d,2018-12,Essex Police,Essex Police,0.693292,51.547003,On or near HAINAULT AVENUE,E01015906,Southend-on-Sea 007F,Investigation complete; no suspect identified
dbd3afb81ef8ef20ffe26d5ffc46650b41fcdd7cd48230ac012abef5a30aa826,2018-12,Essex Police,Essex Police,0.649788,51.540071,On or near ALLEY DOCK,E01015848,Southend-on-Sea 011D,Unable to prosecute suspect
3584052f360306d65fcf759dc8ada4af841702aeebe26f3bee05dc23af1b4b46,2018-12,Essex Police,Essex Police,0.554550,51.565657,On or near NORTHERN AVENUE,E01021477,Castle Point 003B,Action to be taken by another organisation
97bbe7359c6072f2a7fa01669edfbe83724fcfe2e9d9c0287e202f954c8221e6,2018-12,Essex Police,Essex Police,0.434811,51.608331,On or near POST MEADOW,E01021257,Basildon 009B,Unable to prosecute suspect
71d4ead91e2478e1a715b90dfc0d8ef0f426a4590fa87655d9fad544512a26b6,2018-12,Essex Police,Essex Police,0.496314,51.589942,On or near Shopping Area,E01021269,Basildon 012C,Unable to prosecute suspect
09cebfa8d64d157617cab51b48c15ecc1ed18e7357574068f66f2cda90b9c8e2,2018-12,Essex Police,Essex Police,0.899183,51.910173,On or near Hospital,E01021682,Colchester 004D,Offender given a drugs possession warning
3b88beb9ad107e5f6396bd42a8de0fac62993adfcd6ced6dae81dcf8d67030a8,2018-12,Essex Police,Essex Police,0.730460,51.533202,On or near NORTHUMBERLAND AVENUE,E01015841,Southend-on-Sea 014C,Unable to prosecute suspect
9c7e1e44ab9cd20cf746a70e8625a67a102e10cdca99e6f527255a6ec5217553,2018-12,Essex Police,Essex Police,-0.003188,51.682569,On or near BROOKER ROAD,E01021817,Epping Forest 008E,Investigation complete; no suspect identified
2ca2727579a0a28b2191ffe2cec7f25527f0a3968bbf830aa159adf5d0e29da1,2018-12,Essex Police,Essex Police,0.648260,51.558695,On or near Supermarket,E01015819,Southend-on-Sea 003F,Unable to prosecute suspect
a2f2d769bb60ee562182b1a9b8d66f387829ac4eace4004f29410bb30cf0a525,2018-12,Essex Police,Essex Police,1.154354,51.788616,On or near COLNE ROAD,E01022025,Tendring 016B,Unable to prosecute suspect
453473e93644af2d52b14b61785431714abcd55247c0646d711e8bdc7800587f,2018-12,Essex Police,Essex Police,0.926682,51.894320,On or near Supermarket,E01021704,Colchester 022F,Unable to prosecute suspect
c0ad79bd3ff67df9e425f68e4052e4a8fde665270aa95ffddbcc5034075d1490,2018-12,Essex Police,Essex Police,0.291069,51.635506,On or near Supermarket,E01021461,Brentwood 004D,Investigation complete; no suspect identified
1880a79290e7276ed4bee7bb8ad6dda979f1790254e2588920ede1a593122579,2018-12,Essex Police,Essex Police,1.064411,51.852587,On or near Supermarket,E01021993,Tendring 009C,Unable to prosecute suspect
08d73bdd05384ebd180a10f5c9bf534351b81c6b5b9a70f44266b6b71bedf4e3,2018-12,Essex Police,Essex Police,0.297780,51.483654,On or near CHICHESTER CLOSE,E01015982,Thurrock 019A,Unable to prosecute suspect
a95a52b1b8a331877d3a88ebf2b9587d3e967aecf396786f7b9b9d04aa1d124d,2018-12,Essex Police,Essex Police,0.902256,51.864473,On or near RIDGEWELL WAY,E01021638,Colchester 018B,Unable to prosecute suspect
b0b62edb328f61445e13dfa814fa38928ef4177d514568a296b35afd33668632,2018-12,Essex Police,Essex Police,0.375595,51.462992,On or near BRONTE CLOSE,E01016005,Thurrock 018C,Unable to prosecute suspect
6a32994d679480b611b2bd9c4ca0e998396ba1e3c14f579b186b5047b461adde,2018-12,Essex Police,Essex Police,0.303257,51.621059,On or near Shopping Area,E01021433,Brentwood 007A,Unable to prosecute suspect
12d015323cd97c0c0b5ceff64dd828bee866b8ca6fb262aaec9de35b38a55a5a,2018-12,Essex Police,Essex Police,0.366505,51.594656,On or near BILLERICAY ROAD,E01021445,Brentwood 009A,Investigation complete; no suspect identified
7dbfe7d3c403ce1357262d704557efbf99ead003402c2c3dc96464a5a53eef93,2018-12,Essex Police,Essex Police,1.061405,51.870132,On or near COLCHESTER ROAD,E01021993,Tendring 009C,Unable to prosecute suspect
7c387b00c8de7259a80d40984eae63b619e094919e1ebdc454b0156ddc1af0bd,2018-12,Essex Police,Essex Police,0.074369,51.650066,On or near ABBESS TERRACE,E01021790,Epping Forest 012E,Unable to prosecute suspect
2aa897ec6c6191bd864195557cd8a775116bdcea909d6e334bc1daf3bf096d40,2018-12,Essex Police,Essex Police,0.504541,51.714701,On or near BADDOW PLACE AVENUE,E01021561,Chelmsford 013C,Unable to prosecute suspect
c0d6a35c17d8567b6133c018e37febcc05d4619bc450de61770f84954402d0b6,2018-12,Essex Police,Essex Police,0.074369,51.650066,On or near ABBESS TERRACE,E01021790,Epping Forest 012E,Unable to prosecute suspect
879323b88a2ceb5af4bba2b8fa5afa7b8359a57379fd97c1161cd293a1a322dc,2018-12,Essex Police,Essex Police,0.475536,51.577172,On or near HAVALON CLOSE,E01021272,Basildon 012E,Unable to prosecute suspect
5ae386d31696233c2632a1b27bda035ea6e130a2e8ffaa5321098c90577a8ea1,2018-12,Essex Police,Essex Police,0.453343,51.754163,On or near BOUNDERBY GROVE,E01021590,Chelmsford 002D,Suspect charged
0868ae5636e8ec1cdea0d7c083e5b848ac042012d866ec9d117164b93866173b,2018-12,Essex Police,Essex Police,0.565542,51.522266,On or near FIRST AVENUE,E01021486,Castle Point 010B,Unable to prosecute suspect
131ec9b605aae8dc9e3bed66603402812cc8d1f5f6d02af51cc9af4914440b0f,2018-12,Essex Police,Essex Police,0.361679,51.461709,On or near CALCUTTA ROAD,E01016009,Thurrock 018G,Unable to prosecute suspect
6ff6f30c893721a2382461c5fcfe13178b9fcbea7b2b11d10a1c6e11050936e0,2018-12,Essex Police,Essex Police,0.565542,51.522266,On or near FIRST AVENUE,E01021486,Castle Point 010B,Unable to prosecute suspect
ae4bf2653b0de1550f0ec1c5d9d5a7947f91dd6f435b37a07e50c9b63053e49e,2018-12,Essex Police,Essex Police,0.711264,51.538980,On or near Parking Area,E01015854,Southend-on-Sea 015D,Investigation complete; no suspect identified
f42005fc0217d70ec103012ba1c8e0bca19d7471241b3b44719a5652e119e549,2018-12,Essex Police,Essex Police,0.896218,51.860718,On or near GEOFFREY CLOSE,E01021639,Colchester 018C,Unable to prosecute suspect
ece35ceea0a487340e3fd560997ba15149a49c6925866dadc24df371a2098dfb,2018-12,Essex Police,Essex Police,1.051125,51.874518,On or near A133,E01021993,Tendring 009C,Unable to prosecute suspect
296bb577ba4d0c00a8fe96abcf868f68cdaca7cd49db5030917b6e56f38d40d5,2018-12,Essex Police,Essex Police,0.896218,51.860718,On or near GEOFFREY CLOSE,E01021639,Colchester 018C,Unable to prosecute suspect
6a74788b9c70b07ef8a520983f27139faae68600cb88e6637235288003d157c8,2018-12,Essex Police,Essex Police,0.286205,51.869133,On or near WARWICK ROAD,E01022090,Uttlesford 006B,Unable to prosecute suspect
b592a06badeaf9306dc02e98f80825c53ef9258a9183d1e654a7b0d21985d71a,2018-12,Essex Police,Essex Police,1.080067,51.800696,On or near KINCAID ROAD,E01022045,Tendring 018D,Investigation complete; no suspect identified
890c32a8214584304578b1a73bac53057f057b776d6ff15600fa945e700c7b8f,2018-12,Essex Police,Essex Police,0.896218,51.860718,On or near GEOFFREY CLOSE,E01021639,Colchester 018C,Unable to prosecute suspect
f4530d04345f0c0f581a34f2c013869fcbcecc8c97db39bb46103558ca518411,2018-12,Essex Police,Essex Police,1.080067,51.800696,On or near KINCAID ROAD,E01022045,Tendring 018D,Investigation complete; no suspect identified
77558be197e1a5b0788517effd78425fd5264fa97ecf8ea31b01349136420b31,2018-12,Essex Police,Essex Police,0.491416,51.646047,On or near HAWKSWOOD ROAD,E01021604,Chelmsford 018D,Investigation complete; no suspect identified
05eccef2a0cf802b04ed20b01c0b3f5c35d38dfec2155acbd4c96bf4d29a08fe,2018-12,Essex Police,Essex Police,0.672447,51.546482,On or near HOWARDS CLOSE,E01015823,Southend-on-Sea 005D,Investigation complete; no suspect identified
7843afb839cf705e4915b6f1684cd243dab7591cea652ca1f534ba2e9b95ebda,2018-12,Essex Police,Essex Police,0.349199,51.597000,On or near CRICKETERS ROW,E01021445,Brentwood 009A,Unable to prosecute suspect
2bbeec8889c1bb1e2806998fa7a4648beea196fe9424d1cc789a58bb72ccf2bb,2018-12,Essex Police,Essex Police,0.655381,51.566268,On or near MANSEL CLOSE,E01015835,Southend-on-Sea 001C,Suspect charged
7668a46619758ac287b9b6d25f0807b7168bdb311393b9b1f97c7f4b9d654796,2018-12,Essex Police,Essex Police,0.934662,51.790333,On or near EAST MERSEA ROAD,E01021733,Colchester 021C,Investigation complete; no suspect identified
0995627319981b1cd62916562851cbb69bb19937d4e698be015351a02542a37e,2018-12,Essex Police,Essex Police,0.636450,51.938127,On or near BREWRY DRIVE,E01021393,Braintree 004E,Unable to prosecute suspect
12d8bda2bbfec3458f34e01f50727c69fd8e9706b9daeb8b565e200263846208,2018-12,Essex Police,Essex Police,0.261741,51.889938,On or near Airport/Airfield,E01022090,Uttlesford 006B,Investigation complete; no suspect identified
8931bd11ed0f91c7108aabc357d81566689607f590aa53a0005fa3984c95cf8b,2018-12,Essex Police,Essex Police,1.142716,51.794989,On or near VICTORY ROAD,E01021968,Tendring 017A,Unable to prosecute suspect
7b21b395358577af4c6cf93bec4030dfe15647c7fb8389dc140a1211f42fb83a,2018-12,Essex Police,Essex Police,1.284870,51.942063,On or near ALBERT STREET,E01021998,Tendring 001B,Unable to prosecute suspect
5b3cf1d3875337536116c4055b24c466689f53d2813e712c6848fc626e4b2a82,2018-12,Essex Police,Essex Police,1.158318,51.802162,On or near BULL HILL ROAD,E01022043,Tendring 014B,Investigation complete; no suspect identified
7403f055b1e8413cdf981a577296d7ef20e9c2623786e8da2f752283ecf1c298,2018-12,Essex Police,Essex Police,0.087903,51.754804,On or near SHAWBRIDGE,E01021831,Harlow 007A,Unable to prosecute suspect
7c9de503e54ac774033943a8557c017ae3409f574a1c10f324efdfb74ed90eb3,2018-12,Essex Police,Essex Police,0.474315,51.682400,On or near Shopping Area,E01033143,Chelmsford 018E,Unable to prosecute suspect
1479747b81d6a678ea00390d7723a18e4d2ccd18eb9cbc9b0f8ad137a4c30d49,2018-12,Essex Police,Essex Police,0.281531,51.509871,On or near DERRY AVENUE,E01015972,Thurrock 006C,Local resolution
0ad699215479fea04c140cb454c80ef900bbd63a1ba74a1494d3b3412ef7972a,2018-12,Essex Police,Essex Police,0.484654,51.736715,On or near Prison,E01021627,Chelmsford 010E,Action to be taken by another organisation
f7f1a8c791ce75214f235c7b577eb35d3371f330b63a6eb4a13f392391253041,2018-12,Essex Police,Essex Police,1.248772,51.844290,On or near Supermarket,E01021994,Tendring 008B,Investigation complete; no suspect identified
e4e36e9c4bc44eda827815a8d1b2bfb944508d9077ae594e485b51c9b7dbe295,2018-12,Essex Police,Essex Police,1.267947,51.847383,On or near CHURCH ROAD,E01022056,Tendring 006E,Unable to prosecute suspect
6826db08e9bdcd33482cd963663c4ca968a827af92f9a8e74ba03dc11ec9c6f4,2018-12,Essex Police,Essex Police,0.628183,51.789863,On or near CHAPLIN MEWS,E01033461,Braintree 017G,Unable to prosecute suspect
44d41d190af279b9031759ff7c75e9aa90efdfde8c4701ad78586da048685215,2018-12,Essex Police,Essex Police,0.628183,51.789863,On or near CHAPLIN MEWS,E01033461,Braintree 017G,Unable to prosecute suspect
f6d6b50590f128305e0b294c6dd1dbb03bea00b953e969bc7d0d34d14c56f7f8,2018-12,Essex Police,Essex Police,1.148025,51.787913,On or near Police Station,E01022037,Tendring 017D,Unable to prosecute suspect
2c8d064cd57f4679f99b1de19b412b4a8884e0d6650920565bb380e2133003ea,2018-12,Essex Police,Essex Police,0.296623,51.669903,On or near THE GARDENS,E01021441,Brentwood 001A,Investigation complete; no suspect identified
b4dc563caaf0b6ebf0f052074e1479eccf2d48b5598133d6b7bbbe069c48308a,2018-12,Essex Police,Essex Police,0.500064,51.581984,On or near ABINGDON COURT,E01021307,Basildon 011C,Unable to prosecute suspect
4d57affd56ac7f98a04ca2049c3a444c31c81cd6568e2145029c9d647f7c9296,2018-12,Essex Police,Essex Police,0.471125,51.745463,On or near FELL CHRISTY,E01021592,Chelmsford 006D,Unable to prosecute suspect
1d5909d535b1429d39ed1276fa9d8675c5a61de1c46e5ec5ced33bfaeb0b51e3,2018-12,Essex Police,Essex Police,0.573940,51.573759,On or near THIRLMERE ROAD,E01021528,Castle Point 002D,Unable to prosecute suspect
b5eba6e812fd4e5513794a6240a269e0392d10dd2e4473dc42a4e10f1cb17ab0,2018-12,Essex Police,Essex Police,1.165387,51.857664,On or near Police Station,E01021973,Tendring 007A,Suspect charged
0f88f128b7d6ea0a3475f87f1c8f3af8bcbc129dce4fd903da19fa8018c523ac,2018-12,Essex Police,Essex Police,0.409314,51.641511,On or near MALLOW GARDENS,E01021245,Basildon 002A,Unable to prosecute suspect
e9d8dc9b9b9f8758593c110444db293fed8ce9a9cfb48a2e0827877422611862,2018-12,Essex Police,Essex Police,0.689027,51.740497,On or near Supermarket,E01021888,Maldon 003E,Investigation complete; no suspect identified
0d34369dfd026265c6c3d37b29757bcb9d350fdb2688611e84bf7338a9d1a9de,2018-12,Essex Police,Essex Police,0.087399,51.758959,On or near WOODWARDS,E01021831,Harlow 007A,Unable to prosecute suspect
f6b7f1037e25bf5288f9d108643c36a3edd51f8ecdc1f14ce7f0a1151d2d87c5,2018-12,Essex Police,Essex Police,0.061392,51.613182,On or near Sports/Recreation Area,E01021752,Epping Forest 016D,Unable to prosecute suspect
76573292f73763913a8c0df3ecfc432d02db33c3b832e0aa6ad31ac7eed00cf1,2018-12,Essex Police,Essex Police,0.475936,51.733833,On or near Parking Area,E01033141,Chelmsford 010G,Unable to prosecute suspect
9cacf657eb7f9a152bce65cf91347ae90cdaa1fae63eabd4c9634307f9f89ea3,2018-12,Essex Police,Essex Police,0.087399,51.758959,On or near WOODWARDS,E01021831,Harlow 007A,Unable to prosecute suspect
8201cd9ca65beea1c77444fbe59101d0720b884c9cc3ea26f9b2f36aab7e1dc1,2018-12,Essex Police,Essex Police,0.486221,51.575120,On or near CHURCHILL AVENUE,E01021270,Basildon 012D,Unable to prosecute suspect
7993d0eb4a2719e1e0568b54af22cf817fa31cc1ee24aa08f9c115692f24bb93,2018-12,Essex Police,Essex Police,0.435357,51.771597,On or near WOODHALL HILL,E01021550,Chelmsford 003A,Action to be taken by another organisation
0d1b4c946aa41c7c4110f8314814426e558907a4d788fa29b8a7ecb7ce8c99dc,2018-12,Essex Police,Essex Police,0.039203,51.617634,On or near FARM WAY,E01021748,Epping Forest 015G,Investigation complete; no suspect identified
c5d58c197b44abecd35d07747d376708ad685ec50e626e8a36c3e89ff08fda04,2018-12,Essex Police,Essex Police,0.550351,51.889997,On or near QUEENS ROAD,E01021359,Braintree 008D,Unable to prosecute suspect
ca419643b7beb1505b8de8cea64cf483b41c7603538c69bcb5bceac106dcde9a,2018-12,Essex Police,Essex Police,0.261741,51.889938,On or near Airport/Airfield,E01022090,Uttlesford 006B,Investigation complete; no suspect identified
6e765f327e317e6a9865d010534e0c2a48c7a0e6a48f8491129c885ca4da1639,2018-12,Essex Police,Essex Police,0.435357,51.771597,On or near WOODHALL HILL,E01021550,Chelmsford 003A,Action to be taken by another organisation
d7d2365e02883e052c1bf99508d45520f755fd3db1e33956fadace162b32a5fd,2018-12,Essex Police,Essex Police,0.470193,51.576052,On or near COPDOEK,E01021265,Basildon 012A,Unable to prosecute suspect
e8bb1bc1021e385b4729e716c3ca957cb6d14bb441483fa2ed4d6ad1c8e78fef,2018-12,Essex Police,Essex Police,0.084217,51.757208,On or near PYENEST ROAD,E01021833,Harlow 009D,Unable to prosecute suspect
c7dc4e89c5abb48dfe67af635da2113c1722aabdbeca229e289ad3326cf6afd1,2018-12,Essex Police,Essex Police,0.845417,51.886151,On or near HOLLIWELL CLOSE,E01021720,Colchester 012C,Local resolution
a96bfa4a8c47cd1316f12480d86f4331c5ef97a34a1d6f3e946f06b22b8e1665,2018-12,Essex Police,Essex Police,0.850037,51.888648,On or near TRAFALGAR ROAD,E01021674,Colchester 009B,Local resolution
1b04ed2ca2ac265c32d15e3f8d90bf5ff69bd6af1ed26ef48aea410a10e72823,2018-12,Essex Police,Essex Police,0.422792,51.635955,On or near HILLHOUSE DRIVE,E01021247,Basildon 003E,Unable to prosecute suspect
d3cf60194dde0f41f0cfccff6dca2ea856a0be0ad8c63eeaa0bb2b3c6b5dcf37,2018-12,Essex Police,Essex Police,0.697431,51.926781,On or near FOUNDRY LANE,E01021410,Braintree 006E,Investigation complete; no suspect identified
ea9a5a1aa1133e8729cff7180179df7999a47c57e0cb38a70f75473bd1d12672,2018-12,Essex Police,Essex Police,0.642119,51.575211,On or near GRAVEL ROAD,E01015836,Southend-on-Sea 001D,Unable to prosecute suspect
5779dc4bac6f85105adb3d9e71efa070dbaafa34ae52e15ecf35e336787a6654,2018-12,Essex Police,Essex Police,0.473208,51.727370,On or near MILDMAY ROAD,E01021579,Chelmsford 012C,Unable to prosecute suspect
db501a776eba53206f9bf2f0ff5c3ad3b93adcf1cd9a5566d8370c57014d8723,2018-12,Essex Police,Essex Police,0.284020,51.504607,On or near CAWDOR AVENUE,E01015927,Thurrock 007A,Investigation complete; no suspect identified
a735332df97e6234650de6dbb395040e24695ba95054606bd3964d52a4da51e6,2018-12,Essex Police,Essex Police,0.608412,51.520925,On or near ROSBERG ROAD,E01021490,Castle Point 012B,Local resolution
0f9b00ab80e4d29c2b8964bf58c2f291e2b29ff870fc244ab49622e1ea33dc8c,2018-12,Essex Police,Essex Police,0.117819,51.788468,On or near PRINTERS WAY,E01021848,Harlow 002E,Unable to prosecute suspect
50b419cc0eb27ffe2bc9fae0daa335ea3a180f47b478010c577c1f4408d59a0f,2018-12,Essex Police,Essex Police,0.110187,51.752320,On or near THE READINGS,E01021861,Harlow 010E,Local resolution
e769a8fc551c230cc13057791e7ab92bcc0505cc1ca79fd787c5f3c2d215c11b,2018-12,Essex Police,Essex Police,0.688020,51.539785,On or near SATANITA ROAD,E01015828,Southend-on-Sea 012B,Unable to prosecute suspect
269e2223d4b7b6f040126141ef3890190806dfcd21cbcb8eb922dd399ec842bd,2018-12,Essex Police,Essex Police,0.910417,51.878598,On or near STEED CRESCENT,E01021684,Colchester 011B,Action to be taken by another organisation
e13551e3a9dacc488f9028325fd8a6ec1634e1efb6e05fd4ce02e91c3f112274,2018-12,Essex Police,Essex Police,0.910417,51.878598,On or near STEED CRESCENT,E01021684,Colchester 011B,Action to be taken by another organisation
75fb76716f0b2989d22ecb311f5cab31f522c4dcbeee34d10a0142bf3a36a76f,2018-12,Essex Police,Essex Police,0.910417,51.878598,On or near STEED CRESCENT,E01021684,Colchester 011B,Action to be taken by another organisation
fc27ac14c66b29c8db224ec5a1b42220b0137395bdcd3184250453afc9eb16d1,2018-12,Essex Police,Essex Police,0.360627,51.466163,On or near Parking Area,E01016006,Thurrock 018D,Action to be taken by another organisation
0ba9e8bd3d3ddeccea69c9c33f0c738f9b9f55e111b6596f44c5d9938ce853ec,2018-12,Essex Police,Essex Police,0.344899,51.645253,On or near Petrol Station,E01021467,Brentwood 005F,Unable to prosecute suspect
0ba9e8bd3d3ddeccea69c9c33f0c738f9b9f55e111b6596f44c5d9938ce853ec,2018-12,Essex Police,Essex Police,0.344899,51.645253,On or near Petrol Station,E01021467,Brentwood 005F,Unable to prosecute suspect
75d5222bd121ba70ea4ba1e337013cec12b7614b29e009d6c95237ab909af83a,2018-12,Essex Police,Essex Police,0.917521,51.924991,On or near SEVERALLS LANE,E01033720,Colchester 002F,Unable to prosecute suspect
aa61135a34e42837888e0d37b6dc324b36e60f313768d468d6d8b97a2ba9c87b,2018-12,Essex Police,Essex Police,0.917521,51.924991,On or near SEVERALLS LANE,E01033720,Colchester 002F,Unable to prosecute suspect
33e8e48c95f91b099f4ffa1d795b0edbbad1f8b2d238f0ea06f19a67909c552a,2018-12,Essex Police,Essex Police,0.341620,51.569534,On or near SANDERSON CLOSE,E01021446,Brentwood 009B,Investigation complete; no suspect identified
756b8094fdcc211f08648edeb8b70f0d0c8f73a8f30e3a04e5d6ba66e4a911b3,2018-12,Essex Police,Essex Police,0.085666,51.759718,On or near WOODBINE CLOSE,E01021833,Harlow 009D,Local resolution
70fcc5be8b53dce5d4b571b14692c92334925c9cdf53573accdf8e16323602b4,2018-12,Essex Police,Essex Police,0.085666,51.759718,On or near WOODBINE CLOSE,E01021833,Harlow 009D,Local resolution
604f9e56b6f26802906d9874baff4e4b8925b4eb77405d5193c424ac5ca4df14,2018-12,Essex Police,Essex Police,0.716176,51.536213,On or near YORK ROAD,E01015852,Southend-on-Sea 015B,Unable to prosecute suspect
612420b73d71e713d214bdaca20f712027beff6a38dc7e8a380d7fae608b30e2,2018-12,Essex Police,Essex Police,0.613578,51.639470,On or near ASHMANS ROW,E01021608,Chelmsford 020D,Investigation complete; no suspect identified
fe81fe0971a0534c181bff171bf687ccd8f10a2eeb6020012018468634f5dc3e,2018-12,Essex Police,Essex Police,0.563491,51.546836,On or near ST MARYS CLOSE,E01021522,Castle Point 007C,Investigation complete; no suspect identified
55a485b04ad64fc67b87c9391585f899af69b870543e5dea8c5517bf2370c629,2018-12,Essex Police,Essex Police,0.563491,51.546836,On or near ST MARYS CLOSE,E01021522,Castle Point 007C,Investigation complete; no suspect identified
a52c0378d82326226c7dad95337f7964fd71f07cb8ee16ccd06b0b5b2dee0add,2018-12,Essex Police,Essex Police,0.359937,51.465350,On or near HOBART ROAD,E01016006,Thurrock 018D,Offender given a drugs possession warning
9534d6ea2849173d999e0b605a25ce513902c5f313f2cc697ab0bd72cc685b68,2018-12,Essex Police,Essex Police,0.724493,51.540490,On or near FERNDOWN CLOSE,E01015844,Southend-on-Sea 014F,Unable to prosecute suspect
0c0f2d15ce204f7f7a6afae3e9e21f0a53c532c0b4f4c89817c6702e0acec7f5,2018-12,Essex Police,Essex Police,0.850037,51.888648,On or near TRAFALGAR ROAD,E01021674,Colchester 009B,Unable to prosecute suspect
792bb8f61918f38404fcd7478eddb994f9bee3e2bb6eb4f387e14e9bc91a0cb4,2018-12,Essex Police,Essex Police,0.322803,51.614828,On or near BEECH AVENUE,E01021435,Brentwood 008A,Investigation complete; no suspect identified
9487f59c0c278efb2051d8e8f558ce1defe25ffa62ffa2e82a9cf9588e5e59a1,2018-12,Essex Police,Essex Police,0.692190,51.601853,On or near MOORCROFT,E01021928,Rochford 002C,Local resolution
0291dfc870c0b262b2300af00527e78ee3713ae05bbf2846803eb2538848526f,2018-12,Essex Police,Essex Police,0.691224,51.540566,On or near VALKYRIE ROAD,E01015831,Southend-on-Sea 012E,Suspect charged
9367a61d5bcc19318cfece8b6bc27e95df6eb001f2b5cae0986cbb430ed9deac,2018-12,Essex Police,Essex Police,0.289542,51.512422,On or near ARAGLEN AVENUE,E01015976,Thurrock 007F,Unable to prosecute suspect
e98cb2816733265880519b0ab8a0fed6b8b780a456be52189720f195c1741b2b,2018-12,Essex Police,Essex Police,1.131725,51.795670,On or near BIRCH CLOSE,E01022032,Tendring 015E,Suspect charged
e1409f8c7c0c82a51ca4e278f29d5af311b3a03b1d55ca34c74bf52a2d6e58f1,2018-12,Essex Police,Essex Police,0.289542,51.512422,On or near ARAGLEN AVENUE,E01015976,Thurrock 007F,Unable to prosecute suspect
80eec6cbe5b118a5babe623bb61f14c5c6ec77ff2d964127c156c0043a9d30e3,2018-12,Essex Police,Essex Police,0.899434,51.912721,On or near BEAUMONT CLOSE,E01021682,Colchester 004D,Offender given a caution
b66bf2cbfaa4b5240967d776729038897090beeea3c8296aca2dac414d4ac1d0,2018-12,Essex Police,Essex Police,0.471125,51.745463,On or near FELL CHRISTY,E01021592,Chelmsford 006D,Action to be taken by another organisation
5560ff78acd5d053599e9f7a2b3ad128c0be8bd3a0de4058e516cdf573a4f763,2018-12,Essex Police,Essex Police,0.288481,51.957117,On or near HENHAM ROAD,E01022099,Uttlesford 004D,Investigation complete; no suspect identified
579235a2a8fa2e610dc390a30fdabbce4e3aaedec41f81d7119776ac3fd71468,2018-12,Essex Police,Essex Police,0.475589,51.734101,On or near BOND STREET,E01033141,Chelmsford 010G,Offender given a caution
b98731753a17f069e8501e368d10845d2b8f8b250ace64677624a4d123822d2b,2018-12,Essex Police,Essex Police,0.657560,51.542017,On or near ALEXANDRA ROAD,E01015847,Southend-on-Sea 011C,Investigation complete; no suspect identified
37f50d49637fadc81a574379745c29d326a94ffb5cd1b395b9e2129354b1b6c7,2018-12,Essex Police,Essex Police,0.937226,51.888598,On or near DUFFIELD DRIVE,E01021696,Colchester 008A,Suspect charged
b308e0575a4e591866666608d57aea581b92dd8dc1ec7f56cc028158ccca9493,2018-12,Essex Police,Essex Police,0.516750,51.604695,On or near KERSHAWS CLOSE,E01021342,Basildon 008B,Unable to prosecute suspect
1ad38f730ea8068917fc4f649647c329030b6b0e3e6586c4e0e17900b2f76ca6,2018-12,Essex Police,Essex Police,0.644461,51.542215,On or near BELTON WAY EAST,E01015848,Southend-on-Sea 011D,Suspect charged
3470987e12961b979ba6b52bdf6c77cc725ab77dab4ab3af191005ce7c6f88c5,2018-12,Essex Police,Essex Police,0.036050,51.701418,On or near BROOKMEADOW WAY,E01021812,Epping Forest 009B,Unable to prosecute suspect
11e1eb412bb2f67bda4780234a2b1c0bcdaac3f745edf607fbc25f5c889620ee,2018-12,Essex Police,Essex Police,1.273035,51.936411,On or near Supermarket,E01022000,Tendring 002A,Suspect charged
248797977f8e91bb340c5b929c59b8fa08aa6a785d5396384fc34ecd2f89630c,2018-12,Essex Police,Essex Police,0.516750,51.604695,On or near KERSHAWS CLOSE,E01021342,Basildon 008B,Unable to prosecute suspect
a79901afb6d7883b5684662890d89afc1651110ea38e729023b61ee8bb66f6a0,2018-12,Essex Police,Essex Police,1.131725,51.795670,On or near BIRCH CLOSE,E01022032,Tendring 015E,Suspect charged
bcd9726b05dfa2a941bd6c1e50a7ea4a1907e8541e2c2ba9b26695a11513c9eb,2018-12,Essex Police,Essex Police,0.570012,51.870072,On or near Shopping Area,E01021368,Braintree 011A,Investigation complete; no suspect identified
56dde25bbc8559f2d10425dc8d9740809e9e7d939528efb21cf327faedfedf27,2018-12,Essex Police,Essex Police,0.899209,51.924796,On or near Parking Area,E01021682,Colchester 004D,Investigation complete; no suspect identified
bee85bf76646ac1f71dc707bf98b1e5b65d2738dae2b39e10e1eaeb136008ac3,2018-12,Essex Police,Essex Police,0.331632,51.613466,On or near HORNBEAM CLOSE,E01021437,Brentwood 008B,Unable to prosecute suspect
7017248aebf5f3d26a24149bf83795fdbb9a97a94f8a742ec3f2052b41eee794,2018-12,Essex Police,Essex Police,0.551464,51.557711,On or near OAKFIELD ROAD,E01021523,Castle Point 007D,Unable to prosecute suspect
01341009268267971e0f9927fa7981f971762eedd84399014168c45f6ef1e9cf,2018-12,Essex Police,Essex Police,0.606186,51.592212,On or near STATION CRESCENT,E01021961,Rochford 005E,Unable to prosecute suspect
fc32e296935325fc053ac033009f371f1cbef77416928ff5a8782299ae1e7b20,2018-12,Essex Police,Essex Police,0.687609,51.607426,On or near CLIFTON ROAD,E01021929,Rochford 002D,Unable to prosecute suspect
108e27f67cde1b13dd2ed5ad0cdb0f1f538fdcd263abe2670e8be95a2babb958,2018-12,Essex Police,Essex Police,0.491796,51.577574,On or near EXETER CLOSE,E01021271,Basildon 013A,Unable to prosecute suspect
884d61b1ea0077396c8d0110daaa59490888780e9e2427a6dc8eb2cec04c62ec,2018-12,Essex Police,Essex Police,0.423863,51.583655,On or near Petrol Station,E01021274,Basildon 010D,Investigation complete; no suspect identified
0201008defd387e491fd62ece3f0d4eff68e4acfabafcaf43c5c5b79db8f1514,2018-12,Essex Police,Essex Police,0.443114,51.583274,On or near Pipps Hill Retail Park,E01021268,Basildon 015B,Investigation complete; no suspect identified
0c8c45dab8edff4df6be31c2e97d94d4ac1f1c8fcab23274d1b8f63cdae0c319,2018-12,Essex Police,Essex Police,0.491796,51.577574,On or near EXETER CLOSE,E01021271,Basildon 013A,Unable to prosecute suspect
151fe04616031195846c18bd9b3bda73b68f3df29d201e890a537c1447db25fd,2018-12,Essex Police,Essex Police,0.261741,51.889938,On or near Airport/Airfield,E01022090,Uttlesford 006B,Local resolution
203564e7ab20b29c0d51457ba4ccb140f6b00e33c6cc55308b73334a5e5d295f,2018-12,Essex Police,Essex Police,0.463062,51.725074,On or near ELM ROAD,E01021578,Chelmsford 010B,Unable to prosecute suspect
b9a57b3aa05aa3f79881ec9f51841d92663e7338ae51f838a57718874af79199,2018-12,Essex Police,Essex Police,0.432500,51.612372,On or near BRIAR VIEW,E01021259,Basildon 009C,Unable to prosecute suspect
51c0706dd53fd3e27ee726defe209c0d8383070f9c2bce012b0605ae394e43df,2018-12,Essex Police,Essex Police,0.699378,51.542600,On or near BALMORAL ROAD,E01015896,Southend-on-Sea 010B,Unable to prosecute suspect
5db4ceddacad9e769de79f28c114de5c75bbee42d3b7aba3736cd4893af50692,2018-12,Essex Police,Essex Police,0.613796,51.518530,On or near ZEALAND DRIVE,E01021492,Castle Point 009A,Unable to prosecute suspect
da280ce054b0e07ca4efbb2852dc2784fb25518470f70bae1b0857d096773b56,2018-12,Essex Police,Essex Police,0.098456,51.759284,On or near TENDRING ROAD,E01021870,Harlow 006E,Unable to prosecute suspect
e0fbfa815d1a8917faae642484c17b4450fd4e6b4e3f6735b4bf97765de59567,2018-12,Essex Police,Essex Police,0.465424,51.774576,On or near Hospital,E01021542,Chelmsford 002A,Suspect charged
7284ef59d3f00ccc1d7b6651596f93732453a8aff6635f71489a51477d435210,2018-12,Essex Police,Essex Police,0.861341,51.914661,On or near ARMOURY ROAD,E01021729,Colchester 003C,Unable to prosecute suspect
c6237d5299121d99edbc68eaf3ee822d047cc3a46883193755a1ee364fd992d2,2018-12,Essex Police,Essex Police,1.053245,51.939839,On or near MERIVALE ROAD,E01022014,Tendring 003C,Unable to prosecute suspect
80ac1ba154508208313f3106813486a89f956359c015f09cd172458f7864df8a,2018-12,Essex Police,Essex Police,0.579366,51.515353,On or near AZALEA MEWS,E01021502,Castle Point 011E,Unable to prosecute suspect
e6910e61de4b6e00240ef1fd959d2cbfb4110094ae5b6261182f6852bc093f18,2018-12,Essex Police,Essex Police,0.562064,51.518871,On or near MALVERN AVENUE,E01021501,Castle Point 011D,Unable to prosecute suspect
971815a11e2f8a5f2a7b4e12642c0aed8158380de6f03d78dcd3464d8b35c1b9,2018-12,Essex Police,Essex Police,0.452426,51.568286,On or near Petrol Station,E01021318,Basildon 015C,Unable to prosecute suspect
336b24793405d2094ab542b00bde3e386664c48def1538d0cba164003ee1e6bc,2018-12,Essex Police,Essex Police,0.895056,51.877439,On or near LITTLE FOXBURROWS,E01021717,Colchester 013D,Unable to prosecute suspect
45fc8262d4753de3ea4748368a3ebd1f2195fc036397d82b2c65223625c940eb,2018-12,Essex Police,Essex Police,0.352088,51.636143,On or near TIPTREE COURT,E01021451,Brentwood 003D,Unable to prosecute suspect
78634032629096a8a7f6bad901a1f6549c6d7e13d946c1f5089b8a2a628811cc,2018-12,Essex Police,Essex Police,0.898501,51.890107,On or near ST RUNWALD STREET,E01021649,Colchester 007D,Investigation complete; no suspect identified
5bf5e87bf4694dc312693f463ee1d87db477f9d1a036f730031fc962a9819d42,2018-12,Essex Police,Essex Police,0.897216,51.877134,On or near COLET CRESCENT,E01021717,Colchester 013D,Suspect charged
25f71de62dc263798faab1ef33c3f27a9fb7cb324222e0c37d4f2e184ab398f7,2018-12,Essex Police,Essex Police,0.010737,51.680803,On or near GILSLAND,E01021808,Epping Forest 008B,Unable to prosecute suspect
c9902238e2f53e16c1b74ddec7083941f7394e9d469a4a60ac662e2fe072ed06,2018-12,Essex Police,Essex Police,0.549575,51.893746,On or near STANES ROAD,E01021354,Braintree 008A,Investigation complete; no suspect identified
fa504e7d89ad8f95b5047c6733e42f960d88ae5b9fe6d648ee249753fe0edb5c,2018-12,Essex Police,Essex Police,0.894142,51.907986,On or near GREENACRES,E01021680,Colchester 004B,Unable to prosecute suspect
0eb818abc2a2a9e10209f9367557ef915794428c35483f929d335198c3eaf867,2018-12,Essex Police,Essex Police,0.342792,51.481414,On or near ROSEDALE ROAD,E01015967,Thurrock 014B,Investigation complete; no suspect identified
c260d080eebd0c6aabce7ecaf703d82cd501d222f3fea84a59fa27def0e46a92,2018-12,Essex Police,Essex Police,0.928291,51.879728,On or near KING EDWARD QUAY,E01021685,Colchester 011C,Investigation complete; no suspect identified
84f0b0357973775b4213ba63ebcd795b734ff44f2285721cfceffec07b7bbab1,2018-12,Essex Police,Essex Police,-0.000515,51.687110,On or near DARBY DRIVE,E01021818,Epping Forest 009C,Investigation complete; no suspect identified
0272b77cd37b133960d3d832f71ab6a55e01d9029edb8bf0abb1415a6eaf6733,2018-12,Essex Police,Essex Police,0.926549,51.884889,On or near HYTHE STATION ROAD,E01021685,Colchester 011C,Offender given a drugs possession warning
7a3896c7ddeebd7a031d3d5162c6d890a17371189326582ac9d03f4845d84540,2018-12,Essex Police,Essex Police,0.906130,51.862156,On or near TERLING CLOSE,E01021641,Colchester 018E,Suspect charged
ddd49738474fefaa21940682e4ddf7058c480d2013a4035daa1ef6a4974520b4,2018-12,Essex Police,Essex Police,0.010737,51.680803,On or near GILSLAND,E01021808,Epping Forest 008B,Unable to prosecute suspect
bfb93209b45d249ecf03d5291631b33ee1e5250feb284c807e0902c82dd48518,2018-12,Essex Police,Essex Police,0.563672,51.545438,On or near Parking Area,E01021480,Castle Point 007A,Unable to prosecute suspect
3f9d855550b950bae8bbdcab13758fe0df9a6a8c53e2f1af894f408039c3fe7e,2018-12,Essex Police,Essex Police,0.897216,51.877134,On or near COLET CRESCENT,E01021717,Colchester 013D,Unable to prosecute suspect
11dd57e269848f7970c48a241ba07dcc54ae9b5c8249726bc1a20c4ce98181bc,2018-12,Essex Police,Essex Police,0.928291,51.879728,On or near KING EDWARD QUAY,E01021685,Colchester 011C,Investigation complete; no suspect identified
927b15f266414efde284992b95f03807b7cf713be980c1da0241e86955dfd23d,2018-12,Essex Police,Essex Police,0.055328,51.648719,On or near Parking Area,E01021791,Epping Forest 012F,Suspect charged
ddcbd5038a859c26452d9291bc399178aed6748848ebe6d8872820dc664c38b3,2018-12,Essex Police,Essex Police,0.861649,51.873086,On or near SHRUB END ROAD,E01021692,Colchester 014D,Suspect charged
e3d4a5787f1cf3732120564c864d68e28c2b4bfb595640759a785523e117a4aa,2018-12,Essex Police,Essex Police,0.317974,51.494444,On or near A1012,E01015939,Thurrock 020A,Unable to prosecute suspect
3bb433931bf5b4278cb78ec70416f59bc08d0b0b5fe09bec00f7889b65818fd1,2018-12,Essex Police,Essex Police,1.151280,51.792583,On or near WELLESLEY ROAD,E01022026,Tendring 016C,Unable to prosecute suspect
57bf3de514653ab646f1b4d3b45afba3f6886da8282689cda48ee06040519a8e,2018-12,Essex Police,Essex Police,0.703128,51.561337,On or near MANNERS WAY,E01015866,Southend-on-Sea 002D,Action to be taken by another organisation
fa39576b50d0258b163a4b63fb8342979c7ccf87684273ae46266fde2bb0ecfc,2018-12,Essex Police,Essex Police,0.477081,51.569207,On or near AMPERS END,E01021320,Basildon 015D,Investigation complete; no suspect identified
b810eaf4cb657b4d3f1f06bf6b73522629371c4b2af3693bfb95773f7643fe1d,2018-12,Essex Police,Essex Police,0.024939,51.684318,On or near PEREGRIN ROAD,E01021810,Epping Forest 008D,Unable to prosecute suspect
bfb00146499f979e51a54f5cf5be006cb9ea9bf86da0ea075e0bbb70c3d7236c,2018-12,Essex Police,Essex Police,0.903660,51.909028,On or near HOLLYMEAD CLOSE,E01021682,Colchester 004D,Unable to prosecute suspect
159484ece9ddf2b62c32ed5d927983c62e830784ec2602db058d183e9e9821b6,2018-12,Essex Police,Essex Police,0.745448,51.808972,On or near LAVENDER CLOSE,E01021724,Colchester 020B,Unable to prosecute suspect
09f3f91eb0d8b134d2e8a0f5051e5ce264eac55e0e11445e339677de4b2e6ef9,2018-12,Essex Police,Essex Police,0.505943,51.579710,On or near BARTLOW SIDE,E01021302,Basildon 013B,Investigation complete; no suspect identified
06dd62792dba04d69fb4ddd36faf4b71c80851cd2bdbd66682b500f7063d4db2,2018-12,Essex Police,Essex Police,0.559249,51.884426,On or near VALLEY ROAD,E01021350,Braintree 009A,Investigation complete; no suspect identified
5f7c41e3236d016d447959f1021a3da54e31dedd7ad468a4e1df3ef0f8d37c8b,2018-12,Essex Police,Essex Police,0.455025,51.557871,On or near FOBBING FARM CLOSE,E01021297,Basildon 020D,Unable to prosecute suspect
fb40fa49f77027557dab8ee3578a139e106665c14cc6454310dc7bc2be8a2a6c,2018-12,Essex Police,Essex Police,0.735580,51.540907,On or near Petrol Station,E01015884,Southend-on-Sea 009B,Unable to prosecute suspect
a5fa5533a8a26983d061ea3333189de80d0947e1ca441ae097c0e7961753d8d4,2018-12,Essex Police,Essex Police,0.735580,51.540907,On or near Petrol Station,E01015884,Southend-on-Sea 009B,Unable to prosecute suspect
62bd97d060228f62dbdcf3c96e90abb55fbe4bc80a61d981b6154eef59f8d5d5,2018-12,Essex Police,Essex Police,0.490801,51.578647,On or near CANTERBURY CLOSE,E01021271,Basildon 013A,Unable to prosecute suspect
00d30ba7d4648b56e4d8ae284750f2ad9ea3bc67a2d649338a379e3f991ead0a,2018-12,Essex Police,Essex Police,0.519116,51.842666,On or near LONDON ROAD,E01021538,Chelmsford 001A,Unable to prosecute suspect
a231288540cde79d90dddcf84f1f709903383f31c1a6f07d83c6588de878ee96,2018-12,Essex Police,Essex Police,0.490023,51.577351,On or near CRAYLANDS,E01021270,Basildon 012D,Investigation complete; no suspect identified
7d06395c213815e357004f1ce228f8c0b6a1387e2279c3e9b16d5c570e8e2690,2018-12,Essex Police,Essex Police,0.720655,51.802498,On or near PRIORY ROAD,E01021725,Colchester 020C,Investigation complete; no suspect identified
163e60018faa89ceb315bcde43494ab3d8ee2823b156a702389e50163c386b24,2018-12,Essex Police,Essex Police,0.490801,51.578647,On or near CANTERBURY CLOSE,E01021271,Basildon 013A,Unable to prosecute suspect
6b42e4f5e58dd389b6eb38042ed7c970e607bbbb05d77e409a3bb04370d26e2c,2018-12,Essex Police,Essex Police,0.283014,51.510418,On or near Supermarket,E01015976,Thurrock 007F,Offender given a drugs possession warning
fe6fecd8ebbdee3a81844560c3618fdbb6ee580a53a3805e240c553c6752edae,2018-12,Essex Police,Essex Police,0.240904,52.023083,On or near MARKET ROW,E01022076,Uttlesford 002B,Local resolution
f205fb51ae6541017cebce82b2756e23d3f7a202d43624474d2deb7098947519,2018-12,Essex Police,Essex Police,1.132745,51.798665,On or near ASTER CLOSE,E01022023,Tendring 015A,Unable to prosecute suspect
504c0299ae405e2ce4e5d21ba3733beb3389e433acf69c7d36adc6d1b300334d,2018-12,Essex Police,Essex Police,0.240904,52.023083,On or near MARKET ROW,E01022076,Uttlesford 002B,Local resolution
119a6eaf4c68c716f240d7e06da0018199ce0a8daadb1193eb5b727febeccada,2018-12,Essex Police,Essex Police,0.094846,51.771452,On or near ADAMS HOUSE,E01021872,Harlow 007E,Investigation complete; no suspect identified
561c0468a0645f65284ba8b1e83cd8e2fd13b1ab909172d7eccef643c71131d5,2018-12,Essex Police,Essex Police,0.714390,51.538674,On or near Parking Area,E01015852,Southend-on-Sea 015B,Suspect charged
4d3b0731648b3c2c45459305ec217dd0442304d9e4d00de4314ca582bd7493f3,2018-12,Essex Police,Essex Police,0.229701,51.486443,On or near MARINE COURT,E01016014,Thurrock 015E,Suspect charged
71c16e5cedaae64b3441d4780953ff6791b80203166d8cc5483ddc892c6d6020,2018-12,Essex Police,Essex Police,1.101911,51.774884,On or near CROSSLEY AVENUE,E01021988,Tendring 018A,Unable to prosecute suspect
c549f135c65731630651ec3000414f86870c31613b4cf1fff8e2b861f8f942d8,2018-12,Essex Police,Essex Police,0.303116,51.608004,On or near BLACKTHORN WAY,E01021475,Brentwood 007E,Investigation complete; no suspect identified
3f35415107124e4c73554b4ee7b4e1ccbf2137c7644ea671842f4ea5d18cd8f6,2018-12,Essex Police,Essex Police,0.707162,51.580904,On or near SOUTH STREET,E01021955,Rochford 004D,Unable to prosecute suspect
0f77f74282bb139f4c4b79afbc9bc690b3054081d1434b7173a3fe7ec9681382,2018-12,Essex Police,Essex Police,0.747161,51.807556,On or near STATION ROAD,E01021725,Colchester 020C,Unable to prosecute suspect
d63bd1d356fdf16d2790c487d0b397d5c9d55d4db9e86c2de6d011a543612c5a,2018-12,Essex Police,Essex Police,0.899183,51.910173,On or near Hospital,E01021682,Colchester 004D,Unable to prosecute suspect
89a58af854cf7eb483c9e5bf9fa47b2a08366a6e4fe5e2f197d57e6ae26a9267,2018-12,Essex Police,Essex Police,0.101956,51.754464,On or near FIVE ACRES,E01021871,Harlow 007D,Suspect charged
8860460f58b4f0fcea6e684b6eceac8fa6781ec27739fca048f835ff9ccfc845,2018-12,Essex Police,Essex Police,0.466253,51.737400,On or near Parking Area,E01021574,Chelmsford 010A,Unable to prosecute suspect
8541d9d3f7a63a47548805569d7e7be382936b6ceadfff7993850ab5463e8474,2018-12,Essex Police,Essex Police,0.812817,51.901028,On or near BEECH GROVE,E01021730,Colchester 003D,Unable to prosecute suspect
69bede12a5138738fde9b73717198f13c5e8bd7fdaa88f2dd697404f1fec9dfa,2018-12,Essex Police,Essex Police,0.475387,51.732801,On or near Shopping Area,E01033140,Chelmsford 010F,Offender given penalty notice
8e8453bf440104d2f0e13f62d01dc3d465c42ae255d7c597987947969e3b413d,2018-12,Essex Police,Essex Police,0.322008,51.478851,On or near QUARRY HILL,E01015956,Thurrock 016B,Suspect charged
00e1a1a390b677243c20244a38ebe289d7d069c581db3c0b0a952c4e2c64cbd8,2018-12,Essex Police,Essex Police,0.299706,51.619123,On or near Parking Area,E01021436,Brentwood 007B,Suspect charged
d11ebd517e11d2c9fabef7888598b3a6cbd8db8d2006cf1b0c6a20fddf89adb8,2018-12,Essex Police,Essex Police,0.850932,51.921830,On or near SCARLETTS CHASE,E01021728,Colchester 003B,Investigation complete; no suspect identified
ad5d8f085ba650eb665f5021e8b3d5f81bc935570d15cbeac7ec675753c3e1cb,2018-12,Essex Police,Essex Police,0.299706,51.619123,On or near Parking Area,E01021436,Brentwood 007B,Suspect charged
2d91051ecaad040da98a15e85dc77194743aa763f2484b0d4ee8271266a42b55,2018-12,Essex Police,Essex Police,0.714143,51.536234,On or near Shopping Area,E01015852,Southend-on-Sea 015B,Unable to prosecute suspect
7054b05d087b1d2171b805c8c5e067ef08631544220da6bea0cbb4621a0b8888,2018-12,Essex Police,Essex Police,0.729646,51.546828,On or near WESTBURY ROAD,E01015870,Southend-on-Sea 006B,Investigation complete; no suspect identified
92dcd6be7c575d53202be5b14bdefc7298e7280a1a429d518668d9ae6ab2fa0a,2018-12,Essex Police,Essex Police,0.834625,51.888337,On or near BEACON WAY,E01021719,Colchester 012B,Investigation complete; no suspect identified
877181cdcf7648863d83f494524956d1ace78d08cb323f2851bedf9192cf7025,2018-12,Essex Police,Essex Police,0.918668,51.892010,On or near Shopping Area,E01021706,Colchester 022H,Investigation complete; no suspect identified
247dd1f36c050ab21b49b167a6f034d2c9b48de53af6671e358c3d51df67492a,2018-12,Essex Police,Essex Police,0.473995,52.068183,On or near ROWLEY HILL,E01021376,Braintree 001B,Further investigation is not in the public interest
5c2fb0a5af5d2cc464020250a68cf950b682ec22c18bc2555e9acbf296b59960,2018-12,Essex Police,Essex Police,0.758979,51.812694,On or near SHELLEY AVENUE,E01021643,Colchester 019A,Unable to prosecute suspect
714d2772eb81cbaf04ce1efa043f0639b426310b4cb6854afc99f5c4fd7b2892,2018-12,Essex Police,Essex Police,0.435198,51.572107,On or near Sports/Recreation Area,E01021292,Basildon 017B,Investigation complete; no suspect identified
c8b935aeb9906b1b8752b7efc3ad64ef0e253c33ae091459e087ea99cb7d4d61,2018-12,Essex Police,Essex Police,0.872165,51.869385,On or near JOHN KENT AVENUE,E01021711,Colchester 015A,Investigation complete; no suspect identified
eedba4f388e5dc6b194af125adeccc44bf52de2dd046f8402f62e0bd82642194,2018-12,Essex Police,Essex Police,0.322008,51.478851,On or near QUARRY HILL,E01015956,Thurrock 016B,Suspect charged
ec55fcc007e59748ee49f0b8e1183d088e0a300718cb3df3ab51aad92f08b2d4,2018-12,Essex Police,Essex Police,0.710454,51.540888,On or near QUEENSWAY,E01015895,Southend-on-Sea 010A,Investigation complete; no suspect identified
a7cab45d50ffcce4d50ed5d7d22e6ac12bf1a96cd4bf66e0d737c6bdca252ff4,2018-12,Essex Police,Essex Police,0.758979,51.812694,On or near SHELLEY AVENUE,E01021643,Colchester 019A,Unable to prosecute suspect
833b15eaecf04d177598308ee84868abf72027e87bf2a4b4a0ee3cd0640ae613,2018-12,Essex Police,Essex Police,0.725264,51.534824,On or near OUTING CLOSE,E01015842,Southend-on-Sea 014D,Investigation complete; no suspect identified
0ddf2f0facf1d237cfb7ea99f9eb2ba2dbd3b63cb814c2948fc9590c666dc77b,2018-12,Essex Police,Essex Police,0.443864,51.749568,On or near PENNINE ROAD,E01021597,Chelmsford 003B,Investigation complete; no suspect identified
22bad490242cd1c7f23f6ef306fd235fab44995f663793a8c6497ebd43c95eed,2018-12,Essex Police,Essex Police,0.919154,51.871933,On or near POPPY GARDENS,E01021666,Colchester 016E,Unable to prosecute suspect
2f46ceaa9ff2a0d9a824a0a4f8284929521d01a964a89954b37433ba3aed997c,2018-12,Essex Police,Essex Police,0.464723,51.570987,On or near Pedestrian Subway,E01021318,Basildon 015C,Unable to prosecute suspect
005b7dbdcb616743ad7875cf929584634cd38873c0da6e51638bdd5b6cd940d3,2018-12,Essex Police,Essex Police,0.520002,51.590650,On or near Petrol Station,E01021344,Basildon 008D,Investigation complete; no suspect identified
031b9d694477e6ee6f78c86308c4b4c09a8dee34a5bf9f91fb9376a9ca8d33b4,2018-12,Essex Police,Essex Police,0.088038,51.768722,On or near WEDHEY,E01021842,Harlow 004D,Investigation complete; no suspect identified
15910a996b4c515d4b1cac33c85a9f7924c9af95cd0666a156630134701487c2,2018-12,Essex Police,Essex Police,0.483113,51.581130,On or near WELLSTYE GREEN,E01021270,Basildon 012D,Investigation complete; no suspect identified
a78161ca6f1e5ef3ddc847a840ff7444a6477c8784fdadc07dab0c76795e705e,2018-12,Essex Police,Essex Police,0.480749,51.572700,On or near HERON DALE,E01021320,Basildon 015D,Investigation complete; no suspect identified
9fe3c335685c9fdbd978c88e3bf1bb2a5dcaebfb0ac4be3992076b673810765a,2018-12,Essex Police,Essex Police,0.919154,51.871933,On or near POPPY GARDENS,E01021666,Colchester 016E,Suspect charged
5eb6f93ad6d7376245a3bff300766cbbd4679d00500718bba7590235ef9d9e4b,2018-12,Essex Police,Essex Police,0.464723,51.570987,On or near Pedestrian Subway,E01021318,Basildon 015C,Unable to prosecute suspect
9d11c39e457b53a9e86cab25ec36ffbfebae1c66699c382931911737be38b0e8,2018-12,Essex Police,Essex Police,0.607532,51.587235,On or near Nightclub,E01021962,Rochford 008C,Investigation complete; no suspect identified
ecf5685e5317215a45a205fef7a3c7557aac6e108b6510518c6c37032a091ec4,2018-12,Essex Police,Essex Police,0.464723,51.570987,On or near Pedestrian Subway,E01021318,Basildon 015C,Unable to prosecute suspect
b4ff983ffa74702d73e38f72c4209dcdd65692f7a2e5fb4381a21f9914176abc,2018-12,Essex Police,Essex Police,1.148025,51.787913,On or near Police Station,E01022037,Tendring 017D,Unable to prosecute suspect
4d3944d93fb41eeafea87eaf3ed69cd21da25cd4a62100fac70f2a60fa32b5d5,2018-12,Essex Police,Essex Police,0.777879,51.877891,On or near Sports/Recreation Area,E01021678,Colchester 010E,Local resolution
33cd23dd36f8796907158b22d1622b6442b621a37984321871ebc5630c3cdff3,2018-12,Essex Police,Essex Police,0.642748,51.577841,On or near HILLSIDE ROAD,E01021946,Rochford 009A,Investigation complete; no suspect identified
3826edf9e097c4a3e350545d4409823517da205a9b0a32f36bbb65803fcd8f57,2018-12,Essex Police,Essex Police,0.468593,51.736218,On or near DUKE STREET,E01033141,Chelmsford 010G,Investigation complete; no suspect identified
09af7e9b64b353dbf3026997c18b15c38af9fdbc6bca32f27fd9a1d7f2305e77,2018-12,Essex Police,Essex Police,0.464723,51.570987,On or near Pedestrian Subway,E01021318,Basildon 015C,Unable to prosecute suspect
5a0e307096bb863a667d84047d5c0910d0518534c144968a2970b6f60129a147,2018-12,Essex Police,Essex Police,0.737918,51.551510,On or near LLOYD WISE CLOSE,E01015886,Southend-on-Sea 009D,Action to be taken by another organisation
98ab90dc381f69e10187158738c2c8dc5db37914b4415c57381a4e195b44b517,2018-12,Essex Police,Essex Police,0.301760,51.624020,On or near WATERLOO ROAD,E01021433,Brentwood 007A,Unable to prosecute suspect
bc02f729426bb078259a3dec705d8cf8f992e2dee701daac25bac7d80a87559c,2018-12,Essex Police,Essex Police,0.734440,51.541149,On or near SURBITON ROAD,E01015839,Southend-on-Sea 014A,Local resolution
bc02f729426bb078259a3dec705d8cf8f992e2dee701daac25bac7d80a87559c,2018-12,Essex Police,Essex Police,0.734440,51.541149,On or near SURBITON ROAD,E01015839,Southend-on-Sea 014A,Local resolution
0907f6f96dc593d42900aa493a67b2381091079bac1773dcb35f9094a47a9e89,2018-12,Essex Police,Essex Police,1.154379,51.789595,On or near ROSEMARY ROAD,E01022025,Tendring 016B,Unable to prosecute suspect
ad5944be6e3362c10096b7b6c3f5aac9b9523062b9ce0bd26c251f3fcaec465e,2018-12,Essex Police,Essex Police,0.475706,51.730411,On or near Parking Area,E01033140,Chelmsford 010F,Investigation complete; no suspect identified
6ae64c704eab9357255a5dc91078666b5efe50cc5de7eb2d14c69c4a52cf9cc6,2018-12,Essex Police,Essex Police,0.169626,52.024292,On or near THOMAS WALK,E01022071,Uttlesford 003B,Investigation complete; no suspect identified
48e3f572e6be110e192a497d568eda5529490760aa2a0311b359a82a12390581,2018-12,Essex Police,Essex Police,0.464723,51.570987,On or near Pedestrian Subway,E01021318,Basildon 015C,Unable to prosecute suspect
9cdfd4f998aaf8107508b909c88852c304014d28707a1ab51acf5245350ccc01,2018-12,Essex Police,Essex Police,0.894589,51.886462,On or near Police Station,E01021651,Colchester 013A,Local resolution
f27c419b84f3cbafcd601fd1b3fa9a0ac9995056c47dae496f4ed6aa440dcbdf,2018-12,Essex Police,Essex Police,0.896245,51.888706,On or near HEAD STREET,E01021649,Colchester 007D,Unable to prosecute suspect
dbe4ae22f9ab78efff3849e298fea904b38609e3801415840b03c3d59abde431,2018-12,Essex Police,Essex Police,0.618594,51.785544,On or near Hatfield Road (Near Service Station),E01033460,Braintree 017F,Unable to prosecute suspect
f1890b694e58921275fe5d328415bcb6bfd7ccc6ae149baffb3439d9b52f2ca0,2018-12,Essex Police,Essex Police,0.845719,51.884732,On or near ROGATION CLOSE,E01021720,Colchester 012C,Unable to prosecute suspect
90d1251163ed79f789a97b6fd5a1ef822d57a12c688df6e9ffbe3e35be9b566a,2018-12,Essex Police,Essex Police,0.501995,51.742274,On or near OYSTER PLACE,E01021544,Chelmsford 008A,Investigation complete; no suspect identified
0dcf793ac27cdf01cd69b858e132bb7a6f822be9986296991fe1dc4ccc213c54,2018-12,Essex Police,Essex Police,0.895640,51.896024,On or near NORTH STATION ROAD,E01021650,Colchester 007E,Unable to prosecute suspect
970cd34dc88e64bf688a0525778ff8adf2c59f7ab4d0a339f32dc18c84774f5d,2018-12,Essex Police,Essex Police,0.913505,51.889718,On or near EAST BAY,E01021648,Colchester 007C,Investigation complete; no suspect identified
6973d0286468e42db99c95f354317960092597227fc88f34a5244c8366f6cf39,2018-12,Essex Police,Essex Police,0.494158,51.567730,On or near STAGDEN CROSS,E01021326,Basildon 022D,Unable to prosecute suspect
4de6f0c4937c9e0dc931bcb0dac6a6529314041cf974db9c6774e188f5377c21,2018-12,Essex Police,Essex Police,0.712497,51.540310,On or near Bus/Coach Station,E01015895,Southend-on-Sea 010A,Unable to prosecute suspect
6aa29dbd13a10e1d44813208f2ca6b9c2f66903c103a07a1b607e95a55b525c3,2018-12,Essex Police,Essex Police,0.089799,51.613093,On or near WARREN COURT,E01021765,Epping Forest 017B,Investigation complete; no suspect identified
fbc075624b979995cc1b6858a42eb7d24ef3f4ff0ac7af9e67c5bbecb4963649,2018-12,Essex Police,Essex Police,0.289542,51.512422,On or near ARAGLEN AVENUE,E01015976,Thurrock 007F,Investigation complete; no suspect identified
602ab9b1ffa9886a3a77ea22a0498535a89215d12a323e36c4512981c694964f,2018-12,Essex Police,Essex Police,0.459996,51.740885,On or near GOODIER ROAD,E01021575,Chelmsford 009B,Investigation complete; no suspect identified
bba91422c11adb20e403a76499738474df976f2285890d1efe70ae5048c659a1,2018-12,Essex Police,Essex Police,1.172795,51.802564,On or near SHRUBLAND COURT,E01022050,Tendring 014E,Investigation complete; no suspect identified
8c59929484011bd46a3dd05969c2ec3a8bd7559bc784b30742ff9ba2c29f2d5a,2018-12,Essex Police,Essex Police,0.509668,51.610360,On or near DEIRDRE CLOSE,E01021332,Basildon 006D,Investigation complete; no suspect identified
056ae3b9146ea1c0b225d0e780c16a70d0dabfee027b1505524dbcbba2dada10,2018-12,Essex Police,Essex Police,1.251638,51.835909,On or near HADLEIGH ROAD,E01021985,Tendring 006A,Investigation complete; no suspect identified
14734e0b97fceea3d502b7bb52f0d10d2a01dabef6bc38592f6ea12594c2106d,2018-12,Essex Police,Essex Police,0.695119,51.541061,On or near Supermarket,E01015855,Southend-on-Sea 015E,Investigation complete; no suspect identified
ab8b7d2c4cf49fbfba0cfb434e5526a8ac0ea80c3d155ca7c45d9791d50786ff,2018-12,Essex Police,Essex Police,0.895423,51.877961,On or near CIRCULAR ROAD SOUTH,E01021651,Colchester 013A,Investigation complete; no suspect identified
4e434ddc3b8171f6dc1e879df4746e7ee6ab83fdf052b547f8d8617267082f73,2018-12,Essex Police,Essex Police,0.723012,51.541784,On or near BOURNEMOUTH PARK ROAD,E01015844,Southend-on-Sea 014F,Suspect charged
5fb9f01d3ab95d289a80d8fa4d3c6a20699cb8b1a518b5116fef2af9af19cccb,2018-12,Essex Police,Essex Police,0.607583,51.521051,On or near HASSELL ROAD,E01021490,Castle Point 012B,Unable to prosecute suspect
cf4a94ab35b3370794530e7f44a7545f7e5c8884c7f5b9d1f28f9caa9d6d4766,2018-12,Essex Police,Essex Police,0.931393,51.888761,On or near SHERWOOD CLOSE,E01021699,Colchester 008D,Investigation complete; no suspect identified
09f73720f50690bbf46645b79265cf3deda7671135a0a8df10d2eff8efbd8cad,2018-12,Essex Police,Essex Police,0.637559,51.813341,On or near CHASEWAY,E01021419,Braintree 015D,Investigation complete; no suspect identified
c19286a58b1cedb6737a6353109d2aefb7e490e9dc5a64d8a2d9611ed498adf0,2018-12,Essex Police,Essex Police,0.266696,51.893386,On or near Parking Area,E01022090,Uttlesford 006B,Investigation complete; no suspect identified
8a76ac2f468c3ebc13fb299ac9c29dbc0c66eee78f78bd5e3b6e57f86462fa0a,2018-12,Essex Police,Essex Police,0.631905,51.547578,On or near DARENTH ROAD,E01015908,Southend-on-Sea 008A,Investigation complete; no suspect identified
4174e56211e8a2178196e49445131da269ba59cb55eabbdef5dbc8c8d1421287,2018-12,Essex Police,Essex Police,0.735846,51.550866,On or near EASTCOTE GROVE,E01015886,Southend-on-Sea 009D,Investigation complete; no suspect identified
3e072f897441e9877f4ddc7d3bbc25c0e1d8351ed4c43ec339eec6b82f58b037,2018-12,Essex Police,Essex Police,0.918439,51.913132,On or near HIGHCLERE ROAD,E01021668,Colchester 002A,Unable to prosecute suspect
8c4c7719c9cfb433136a548ef86727a60fb8b94a0439d6cfdd4be926491277a7,2018-12,Essex Police,Essex Police,0.896245,51.888706,On or near HEAD STREET,E01021649,Colchester 007D,Investigation complete; no suspect identified
b7eb7777cf0298fd36f917b273db61fac2da973ea274d9da7902cd9291f5e944,2018-12,Essex Police,Essex Police,0.610694,51.580699,On or near HARDWICK CLOSE,E01021966,Rochford 008F,Unable to prosecute suspect
c72f20399ecdc20a6e423127fa5992b505fa88f10a3abf18761b9980fa0d2c99,2018-12,Essex Police,Essex Police,1.140857,51.805176,On or near HUNT DRIVE,E01021975,Tendring 013A,Investigation complete; no suspect identified
b3ee7419726b1eb6540b0eaf7b847410826b5f43e7ab15a4c0bf5c8bc2e7d33a,2018-12,Essex Police,Essex Police,0.363030,51.462221,On or near Parking Area,E01016010,Thurrock 018H,Investigation complete; no suspect identified
c27f27e288d0a184efe3df358775c4d92a6048c2a8956de43e05b5a68b1b5d18,2018-12,Essex Police,Essex Police,1.140857,51.805176,On or near HUNT DRIVE,E01021975,Tendring 013A,Investigation complete; no suspect identified
fc279c6fb16e421ca5ec87d6daefc07624cbf8f35c292bc4a6b089834cd0a5bc,2018-12,Essex Police,Essex Police,0.483066,51.565699,On or near ROOKYARDS,E01021327,Basildon 019E,Investigation complete; no suspect identified
ac1bf1b7e72a742d733248bdc30cb61f4b1bae05fdead0a21563c33c97ecb777,2018-12,Essex Police,Essex Police,0.507362,51.575596,On or near LITTLE SEARLES,E01021303,Basildon 011B,Unable to prosecute suspect
85690ebdee1c77b321d510e2e009b60c4fb4d7942ee037dd40ab1c92ab500c4e,2018-12,Essex Police,Essex Police,0.299223,51.619294,On or near HART STREET,E01021436,Brentwood 007B,Unable to prosecute suspect
f65c96542a3278e879bf9ac91a7b1982f4834e1fc2d10481f70fd01f637efb96,2018-12,Essex Police,Essex Police,0.628911,51.550434,On or near WALKER DRIVE,E01015912,Southend-on-Sea 008E,Investigation complete; no suspect identified
b8764361702dc611863d00cfded01e51426abfd6b34439b060319a5edf1eeb69,2018-12,Essex Police,Essex Police,0.291393,51.626453,On or near COSTEAD MANOR ROAD,E01021432,Brentwood 004B,Suspect charged
f8e01d9cd4b84acbbd3563ccb3be704238799adc821178d7413a86ecca7d2c9a,2018-12,Essex Police,Essex Police,1.249088,51.830942,On or near ESPLANADE,E01021986,Tendring 006B,Investigation complete; no suspect identified
97ab9373e27d3276285beb130e693b906b698a43d3468ade26178ac2be96a69b,2018-12,Essex Police,Essex Police,0.472270,51.734594,On or near TINDAL STREET,E01033141,Chelmsford 010G,Local resolution
6d13df8ff09ee28e8658139cc2acecb27ae0dd388736d2d8d327b5c3f5b3416c,2018-12,Essex Police,Essex Police,0.067105,51.766745,On or near CAWLEY HATCH,E01021840,Harlow 004B,Investigation complete; no suspect identified
e96ac30162be833d59d3af9ff1d6255fa7b25784380b070a565dfc6484cd2e26,2018-12,Essex Police,Essex Police,0.087971,51.753140,On or near Petrol Station,E01021859,Harlow 010C,Investigation complete; no suspect identified
79f00e5504c1a42af5e8a034c00bddbaf484779d58fa3a0503e0a54e67fbc987,2018-12,Essex Police,Essex Police,0.916015,51.953358,On or near HOBBS DRIVE,E01021659,Colchester 001C,Investigation complete; no suspect identified
632bc2cd5ed3f613adf37b077f863d982e7d12b15cb4a936c7ca7594d509e3e9,2018-12,Essex Police,Essex Police,0.647565,51.813008,On or near YEW CLOSE,E01021420,Braintree 017C,Investigation complete; no suspect identified
692d282094004e87663bc2eaf14917a2cdee1693eb14709daffa7c63a54ac9e4,2018-12,Essex Police,Essex Police,0.606619,51.553134,On or near HOMESTEAD WAY,E01021518,Castle Point 006B,Unable to prosecute suspect
e33346d3b21434791e19a3de8b2c72647eb3211d97abbda3b70136bb3231f303,2018-12,Essex Police,Essex Police,0.664271,51.543079,On or near LEIGH ROAD,E01015846,Southend-on-Sea 011B,Investigation complete; no suspect identified
599ea01629e823cc67f5949b544cd44985af63e7e115ebde81ffeaa09083ae8b,2018-12,Essex Police,Essex Police,0.556360,51.884219,On or near BRADFORDS COURT,E01021350,Braintree 009A,Suspect charged
979270adcd64e78ccb2271facbc49fdfd746fbbe6a463154a7ba68c06182bbf8,2018-12,Essex Police,Essex Police,0.267167,51.471633,On or near COSGROVE ROAD,E01016012,Thurrock 015C,Investigation complete; no suspect identified
f5b7ccd0be5c986d5ebbe2cb9c2e74f3eb5f419ea203ede263dfe515276247eb,2018-12,Essex Police,Essex Police,0.316734,51.476815,On or near Supermarket,E01015953,Thurrock 017C,Investigation complete; no suspect identified
886bad1dc6a84a6e615c33df5bac33746103253da5b0ae1d50c37f4938ba40dd,2018-12,Essex Police,Essex Police,1.082635,51.774555,On or near LINKS ROAD,E01022045,Tendring 018D,Unable to prosecute suspect
af98617257443b8a8bc3a4e12550b6f7ea964b72f96163f9a95aebd7f4671b72,2018-12,Essex Police,Essex Police,0.608412,51.520925,On or near ROSBERG ROAD,E01021490,Castle Point 012B,Unable to prosecute suspect
fc73db4c485b539ee11bcc122a9f6679048692cf9c5718b99402dfffb6a2fd91,2018-12,Essex Police,Essex Police,0.270445,51.486039,On or near Parking Area,E01016012,Thurrock 015C,Unable to prosecute suspect
7a67a589318d4b71992d9f556dba7769196c2bdb8f4ce24895cc6bdceba4e91f,2018-12,Essex Police,Essex Police,0.900508,51.911786,On or near CHARTER WAY,E01021682,Colchester 004D,Unable to prosecute suspect
8cd4ef73454002c472aef7545abb51e1592b3cb991c8d46dd4f27565643ba166,2018-12,Essex Police,Essex Police,0.307564,51.635327,On or near Parking Area,E01021465,Brentwood 005D,Investigation complete; no suspect identified
528259275365a9146d45a0c84987d2fec78269d7f8aeae485ba272da4620fc1c,2018-12,Essex Police,Essex Police,0.708828,51.553570,On or near EASTERN AVENUE,E01015861,Southend-on-Sea 004E,Unable to prosecute suspect
b1992ca85ca77cfdcd74393913f10816bb7a7440d0037d4fd61255fa64526127,2018-12,Essex Police,Essex Police,0.360627,51.466163,On or near Parking Area,E01016006,Thurrock 018D,Unable to prosecute suspect
76ec8e8f8222437d6d7e72d94e40d8de6575a991568b7d81e57c8ebf66f86922,2018-12,Essex Police,Essex Police,0.691224,51.540566,On or near VALKYRIE ROAD,E01015831,Southend-on-Sea 012E,Unable to prosecute suspect
ff1ab0d32cc761620784cdf1fd5160e6d04b0284e2fae42e5b2f485b78e9a119,2018-12,Essex Police,Essex Police,0.131431,51.779769,On or near Pedestrian Subway,E01021856,Harlow 001C,Investigation complete; no suspect identified
d2ef2b57b38a654293c8826b82c61223e335353d4f17b4bc704079ec95fcb965,2018-12,Essex Police,Essex Police,0.683758,51.729574,On or near TAIT MEWS,E01021890,Maldon 004B,Unable to prosecute suspect
81efd2de838c5ef971eb1fea8190e0480a24d48aaffd1b50d7a2cfaa04de0fab,2018-12,Essex Police,Essex Police,0.567540,51.521386,On or near NEW ROAD,E01021486,Castle Point 010B,Investigation complete; no suspect identified
de53bb4dc2242ffe1aa78754dfe84d7ad0529a635717bc6c04dfeec9357b6585,2018-12,Essex Police,Essex Police,1.122534,51.801626,On or near WORDSWORTH WAY,E01021977,Tendring 013C,Investigation complete; no suspect identified
eeeed29377fef012990fdc4087264a73e93ebbd6c3d0fdad15b61783dc8679ae,2018-12,Essex Police,Essex Police,0.484040,51.567423,On or near PATHWAYS,E01021322,Basildon 019A,Unable to prosecute suspect
78597618372025c48f4104316c6ecfcd32032dc0a6eab6a7ce0eeaee7a5f06b4,2018-12,Essex Police,Essex Police,0.510671,51.566487,On or near HOWARD CRESCENT,E01021316,Basildon 018D,Unable to prosecute suspect
32d61e0b34d9bc2976fc5151010ad2f71649e877880d38e351abae83c2389ace,2018-12,Essex Police,Essex Police,0.479186,51.729430,On or near Parking Area,E01033140,Chelmsford 010F,Investigation complete; no suspect identified
08bf99e836e018e597c0bc852a1d0a8e3843da5f6c61cab5166481c896b52557,2018-12,Essex Police,Essex Police,0.746549,51.618095,On or near ALTHORNE WAY,E01021916,Rochford 004B,Investigation complete; no suspect identified
b1e23f684caae049d06c7312864d74a17dabaea8271068175191815569c52b6d,2018-12,Essex Police,Essex Police,0.937354,51.891014,On or near HAWTHORN AVENUE,E01021696,Colchester 008A,Unable to prosecute suspect
3c1f7c637382272f5abbf6cbb71e2ef5af2458a823db894c5b52188fe54518aa,2018-12,Essex Police,Essex Police,0.397253,51.509757,On or near Petrol Station,E01015979,Thurrock 004C,Unable to prosecute suspect
eba25686ed04c617515accd00c3d1e30e570a3bf0ca0b56333ba9c11fc6d0ddd,2018-12,Essex Police,Essex Police,0.397253,51.509757,On or near Petrol Station,E01015979,Thurrock 004C,Unable to prosecute suspect
4846db363f93316b99b06220e312ee1b28c2e76b4808e2751df8edb94ca236ac,2018-12,Essex Police,Essex Police,0.397253,51.509757,On or near Petrol Station,E01015979,Thurrock 004C,Unable to prosecute suspect
4e4fb007238b15df381c505e927ba2312fab5e14d1cdc21596430a93421acd5f,2018-12,Essex Police,Essex Police,0.716140,51.539731,On or near WARRIOR SQUARE EAST,E01015852,Southend-on-Sea 015B,Unable to prosecute suspect
edfbe0decb8842289731518019e415dd0269df59caadbbd6b3d833566ed6f020,2018-12,Essex Police,Essex Police,0.270445,51.486039,On or near Parking Area,E01016012,Thurrock 015C,Local resolution
457cd3f03c1001e496ea85b8afac2520a0b72f20a33279098a63a750a3e54087,2018-12,Essex Police,Essex Police,0.668936,51.546876,On or near FERNLEIGH DRIVE,E01015823,Southend-on-Sea 005D,Investigation complete; no suspect identified
98396355e1dfc2189e881b5cb4b55e548087845eff0804ae15f5d90a2acbfa16,2018-12,Essex Police,Essex Police,0.598837,51.525931,On or near ESSEX ROAD,E01021496,Castle Point 009D,Investigation complete; no suspect identified
021211cdbc45e42f0a0a6628a5f9c07a05241dc68ebe3d4e73dbdc8d130b14e9,2018-12,Essex Police,Essex Police,0.412661,51.692010,On or near Sports/Recreation Area,E01021602,Chelmsford 018B,Investigation complete; no suspect identified
ca8ad405c6eecfc3f262d3378f4b9ce10fc509185baaa0ed7705906588b22cc2,2018-12,Essex Police,Essex Police,0.430906,51.579292,On or near ELGAR CLOSE,E01021279,Basildon 010E,Investigation complete; no suspect identified
414e7acd2393403476c21afebc6072074489c1157cf89f86ee9bb44d5ca3d6a6,2018-12,Essex Police,Essex Police,0.452426,51.568286,On or near Petrol Station,E01021318,Basildon 015C,Investigation complete; no suspect identified
da67888a42e5fe38a157b2d1bd084edcf2ce04db006bc7bf2c99f313bbcf317a,2018-12,Essex Police,Essex Police,0.687001,51.740058,On or near THE STREET,E01021886,Maldon 003C,Unable to prosecute suspect
b2845f1b1a8f52fd83c4034c721a7df16ef9680743fc36f231d46c066c3af12e,2018-12,Essex Police,Essex Police,0.357952,51.584234,On or near BRENTWOOD ROAD,E01021446,Brentwood 009B,Investigation complete; no suspect identified
3689ba9bcc60a36bbdd43746cfa2abd3df3fe8f4437d64b9da96a36c84dd8642,2018-12,Essex Police,Essex Police,0.322759,51.475778,On or near HIGH STREET,E01015954,Thurrock 017D,Unable to prosecute suspect
c5bba66ae61e8622305909095dbd5d626d37782a8db7dbc770272d27d8315950,2018-12,Essex Police,Essex Police,0.969822,51.903509,On or near BROMLEY ROAD,E01021972,Tendring 005B,Investigation complete; no suspect identified
e25b7bc6d14337f100eeb8f0ebfced4292c2f4d5e94ec3ac13564a3a47ae96bd,2018-12,Essex Police,Essex Police,0.430906,51.579292,On or near ELGAR CLOSE,E01021279,Basildon 010E,Investigation complete; no suspect identified
55666ebef4ca1f364b96c48d992b5cb2e960d9624374335a63a6f16ba533572e,2018-12,Essex Police,Essex Police,0.463470,51.551813,On or near VANGE PARK ROAD,E01021299,Basildon 020E,Investigation complete; no suspect identified
d7db72fc3df4744a1500c52c5d798429688abb1632987b903eee3d7fa0258138,2018-12,Essex Police,Essex Police,0.073187,51.645069,On or near DEEPDENE PATH,E01021773,Epping Forest 013C,Investigation complete; no suspect identified
99d7f3ba2759924597f7884815106157f87e2fdff09a4a7eba6b73fa0fe193bc,2018-12,Essex Police,Essex Police,0.459410,51.568814,On or near SOUTHERNHAY,E01021318,Basildon 015C,Suspect charged
6645cbc221bb1d8d9524259a82fac39e84c52a986b22313cb95f3b666488640e,2018-12,Essex Police,Essex Police,0.483936,51.558360,On or near THOROLDS,E01021300,Basildon 022A,Investigation complete; no suspect identified
085840ccedd5754b53d23e5a43cf2ee2b53a79e8b56159408bea7c122a7fb7a6,2018-12,Essex Police,Essex Police,1.138269,51.805515,On or near LOVE WAY,E01021975,Tendring 013A,Investigation complete; no suspect identified
2645be2eb307dabcc63591b82a4efdcecdedf2b8f3c05396ad2d6b58ba9494c7,2018-12,Essex Police,Essex Police,0.454020,51.741802,On or near KINGS ROAD,E01021573,Chelmsford 009A,Unable to prosecute suspect
1fd920b8bc5e262bb783973c39f4ed8dfb7af5b107d605bb64dadc8455ab0283,2018-12,Essex Police,Essex Police,0.937354,51.891014,On or near HAWTHORN AVENUE,E01021696,Colchester 008A,Unable to prosecute suspect
35da790f11cc39b90b29c54175ca212c7ee508ff4af6f27097997f4499fa818f,2018-12,Essex Police,Essex Police,0.448395,51.564440,On or near THRESHELFORD,E01021294,Basildon 020A,Unable to prosecute suspect
1428169faf1b092951134f4af18cf49c721dfc9f6f4deb9d35e118c52b40065d,2018-12,Essex Police,Essex Police,0.473358,51.730650,On or near PARKWAY,E01033140,Chelmsford 010F,Unable to prosecute suspect
2b8442180de297a48b8bb196cef0025a8d1fe4fc439c7116e1c85259b94e6f35,2018-12,Essex Police,Essex Police,0.937354,51.891014,On or near HAWTHORN AVENUE,E01021696,Colchester 008A,Investigation complete; no suspect identified
c86913f875bca8a01a2c4ae65cb7caea4fb0691b23738bc250fac1e32ce9a9c8,2018-12,Essex Police,Essex Police,1.270468,51.933937,On or near ROWAN CLOSE,E01021999,Tendring 001C,Investigation complete; no suspect identified
f2fa4a6f6c83c70dedabf1465ef29fd79a2323fe86fb63d68b80ff12beaea3cd,2018-12,Essex Police,Essex Police,0.448395,51.564440,On or near THRESHELFORD,E01021294,Basildon 020A,Unable to prosecute suspect
18db5cc9bdec0f60823e74a6823850538f3d58fe33180c0e2955edbe4dc97d5e,2018-12,Essex Police,Essex Police,0.346250,51.571177,On or near CADOGAN AVENUE,E01021446,Brentwood 009B,Unable to prosecute suspect
ca50c05cdfeb4a58108528ff151af882f9f952d666d3209970e1a97e68b57d00,2018-12,Essex Police,Essex Police,0.475214,51.731744,On or near Shopping Area,E01033140,Chelmsford 010F,Investigation complete; no suspect identified
65d19acfea101c8cc843c6c87fd03e4f5c9abae3356283a41fc1055634737fb3,2018-12,Essex Police,Essex Police,0.686050,51.871139,On or near MARKET HILL,E01021377,Braintree 014A,Investigation complete; no suspect identified
72c9d8bc518cf49439a6d723a49f051e57ce0dc2bdb8fb9448f7f8a8d3506048,2018-12,Essex Police,Essex Police,0.937354,51.891014,On or near HAWTHORN AVENUE,E01021696,Colchester 008A,Unable to prosecute suspect
63956b2f7227ad14e27326d9187075026af308826feae4558cc47239fdb24066,2018-12,Essex Police,Essex Police,0.112012,51.694214,On or near ADDISON COURT,E01021758,Epping Forest 006C,Investigation complete; no suspect identified
cb5ffb74bd258501677cc9e6b0c63b39c172b691e3e88c3db45ce01a8db1449d,2018-12,Essex Police,Essex Police,0.489170,51.721628,On or near Petrol Station,E01021564,Chelmsford 013D,Investigation complete; no suspect identified
972700afa65ebb4c8e5f69e60baf7b00ffbbe78232cdafa4de9e082a191e12cc,2018-12,Essex Police,Essex Police,0.558130,51.523777,On or near PICKETTS,E01021503,Castle Point 010D,Investigation complete; no suspect identified
fa42a9c52ee2c0551b48f8d06b2a202196a406ac8ca434667f0e30a7c1c088a1,2018-12,Essex Police,Essex Police,1.138269,51.805515,On or near LOVE WAY,E01021975,Tendring 013A,Investigation complete; no suspect identified
034acb33f886c512adef56b552785d7495bfcb1792698d4664dde0f3fb67e54d,2018-12,Essex Police,Essex Police,0.551039,51.524067,On or near Petrol Station,E01021503,Castle Point 010D,Investigation complete; no suspect identified
b08dcb82b7c3d959e2d9fcd178b17893bc47beb2475973d023177b008b5af820,2018-12,Essex Police,Essex Police,0.464005,51.575589,On or near HONEYPOT LANE,E01021266,Basildon 015A,Investigation complete; no suspect identified
8110bd57c3a6bd2db394f9126a05881b2286d12283169b73477526cbc45871c1,2018-12,Essex Police,Essex Police,0.329169,51.614738,On or near SAXON CLOSE,E01021437,Brentwood 008B,Unable to prosecute suspect
ab1140177a83e45589b64bea970a655bb5a87b3f02a73e3e629082d5ad8ac0ee,2018-12,Essex Police,Essex Police,0.455364,51.569789,On or near Shopping Area,E01021318,Basildon 015C,Investigation complete; no suspect identified
8a455cadbadb32cd1661742037517e6246b670bde48c2a5aaa9070aefd79b751,2018-12,Essex Police,Essex Police,0.643109,51.805779,On or near STATION ROAD,E01021416,Braintree 017B,Investigation complete; no suspect identified
fcf4fe1f78466a0d178406213201b570a6a142592e90da5b74d313ad47695eec,2018-12,Essex Police,Essex Police,0.743708,51.616740,On or near BIRCH CLOSE,E01021916,Rochford 004B,Investigation complete; no suspect identified
fb3d3d9a3fb8359d857a02ba6c70c723b44d3ee6fe89d8b260f3b7a453654593,2018-12,Essex Police,Essex Police,0.463490,51.569268,On or near Supermarket,E01021318,Basildon 015C,Unable to prosecute suspect
d8e141148d45d621ad223392ae43f9c18a7b59eccac60b821490077d92ae3d4b,2018-12,Essex Police,Essex Police,0.360599,51.484573,On or near LYTTON ROAD,E01015935,Thurrock 012C,Investigation complete; no suspect identified
ce684709e95259f212cbea09b96c946b9e59e6e448127727e3a33d2f41e7636d,2018-12,Essex Police,Essex Police,0.413811,51.637453,On or near Supermarket,E01021252,Basildon 002E,Investigation complete; no suspect identified
8ac057aeb4008200cf013ef8091264152e72319697d578e3f2ff06626e2ef142,2018-12,Essex Police,Essex Police,0.475214,51.731744,On or near Shopping Area,E01033140,Chelmsford 010F,Investigation complete; no suspect identified
17e16089947f811abdd79aaa0abd2439f7abdec4a9f61bef6a1eb5ccbd36f3d7,2018-12,Essex Police,Essex Police,0.925134,51.884366,On or near HYTHE HILL,E01021685,Colchester 011C,Investigation complete; no suspect identified
7f6a58359621ca1cc0911d67b43f2502b40e2ca92e3333da8fef235303271321,2018-12,Essex Police,Essex Police,0.531803,51.877025,On or near NAYLING ROAD,E01021364,Braintree 010A,Investigation complete; no suspect identified
1821976e5a499e6d2ad44932805ac5a83d4900123f56654d41ab25c32d0b4cb3,2018-12,Essex Police,Essex Police,0.217426,52.019652,On or near SPRING HILL,E01022075,Uttlesford 001B,Investigation complete; no suspect identified
0e060e54681e9d1169c8f84fa631be27a661fc57b80d022c402e480b0bcd9ff8,2018-12,Essex Police,Essex Police,0.292161,51.602139,On or near THE DELL,E01021473,Brentwood 008D,Investigation complete; no suspect identified
a18617439a07977dbd0b5524bb877d810db137b189fd06279d550f88a9bb6aad,2018-12,Essex Police,Essex Police,0.475573,51.698039,On or near BARNARD ROAD,E01021554,Chelmsford 017C,Investigation complete; no suspect identified
dd0157818ee357445fc1ef9e0eacdc21eb3a36ec9bb8a582a89ec1964e025449,2018-12,Essex Police,Essex Police,0.794193,51.530054,On or near HINGUAR STREET,E01015877,Southend-on-Sea 013B,Investigation complete; no suspect identified
84ed50a19d9c4ac762de68ce236b2b5302c5f8f41e0b5481fa83eca13ef6a557,2018-12,Essex Police,Essex Police,0.739411,51.549937,On or near CANTERBURY AVENUE,E01015886,Southend-on-Sea 009D,Unable to prosecute suspect
4229fddf0db9f870bf6d60b0d307eebe14849cb27b3fa59977216595515066c1,2018-12,Essex Police,Essex Police,0.521041,51.620090,On or near ETHELRED GARDENS,E01021334,Basildon 005A,Investigation complete; no suspect identified
6ec141e1b30ed15d7f2d961d30932b4ab96b5f937d38866e7cf0d2e030fc21b0,2018-12,Essex Police,Essex Police,0.467078,51.570236,On or near NETHER PRIORS,E01021318,Basildon 015C,Unable to prosecute suspect
c4c6f5d7e91efaa003ca0f226540cacfa62496d4c7d4507567637a09b42d7d35,2018-12,Essex Police,Essex Police,0.331710,51.477066,On or near BENSON ROAD,E01015961,Thurrock 016D,Investigation complete; no suspect identified
b2af4a26b41a12436f1ad20724524d9da6e994f9dc2a2b3c7f4d128bbd30788e,2018-12,Essex Police,Essex Police,0.448395,51.564440,On or near THRESHELFORD,E01021294,Basildon 020A,Offender given a caution
6a44efda0241ff84fda8540bd39e364d39d2f739148ed9e48f81b7a95c2b3175,2018-12,Essex Police,Essex Police,0.436259,51.567661,On or near CLIFFORD CLOSE,E01021288,Basildon 016B,Investigation complete; no suspect identified
9f1c2192d773bf680c19d9f082cfbf91fe36ef286813c5f4cc079d0b8533891c,2018-12,Essex Police,Essex Police,0.712855,51.537855,On or near Nightclub,E01015852,Southend-on-Sea 015B,Investigation complete; no suspect identified
66d1c4a984193163b592ad6f025979019fe21d513ec912d98746ac9fa39bceeb,2018-12,Essex Police,Essex Police,0.506961,51.745891,On or near CUTON HALL LANE,E01021544,Chelmsford 008A,Suspect charged
ba584de2a2af09efcd0e513ff9eb752513d184d461e9657a83b60170baa5fd32,2018-12,Essex Police,Essex Police,0.243639,51.486627,On or near A1306,E01015921,Thurrock 015A,Investigation complete; no suspect identified
05aea5bcf8996e37f84ee6a14148f32b17a0378f15a14d4675e8bfe0855fb193,2018-12,Essex Police,Essex Police,0.488537,51.755716,On or near WESTERDALE,E01021617,Chelmsford 004B,Investigation complete; no suspect identified
d219b8af2f505d178b3127b2e953e989c20001675a7512b781bd6d846329f806,2018-12,Essex Police,Essex Police,0.647565,51.813008,On or near YEW CLOSE,E01021420,Braintree 017C,Investigation complete; no suspect identified
ba4f5010d9fa7bd548157afcc70bf1bcf43d26a7321a7931141ac53b11ee14f8,2018-12,Essex Police,Essex Police,0.504501,51.574479,On or near WALTHAMS PLACE,E01021304,Basildon 013C,Unable to prosecute suspect
d9b2385d0af8a9d62a0854e0ce568a90d692ae967b759e4e4bd67f5e1521ee72,2018-12,Essex Police,Essex Police,0.467078,51.570236,On or near NETHER PRIORS,E01021318,Basildon 015C,Unable to prosecute suspect
5fea8f31cfa9d3c6f3030ba4e8821d72ba9106bd12b96b424a0b8ca5f70b7e77,2018-12,Essex Police,Essex Police,0.643144,51.799195,On or near Shopping Area,E01021416,Braintree 017B,Investigation complete; no suspect identified
9cc5be0540c201d81512370716b010a04a7839a48f107850ec6f8d972a772d39,2018-12,Essex Police,Essex Police,0.281698,51.489840,On or near Parking Area,E01016011,Thurrock 015B,Local resolution
175baaea95141599f181c27dc0104620bf3f3193d850e319428a008127fd1f68,2018-12,Essex Police,Essex Police,0.467078,51.570236,On or near NETHER PRIORS,E01021318,Basildon 015C,Unable to prosecute suspect
3b4b6ebc4e4b8bb461eef33d0738c00a3d816c68c3982ebd59db3d45468e90df,2018-12,Essex Police,Essex Police,0.478516,51.565615,On or near CLAY HILL ROAD,E01021324,Basildon 019C,Unable to prosecute suspect
a6fce811c8706b4b2ec6f41f669de8d6f29ef3fce23fa52c1ef64052c72b6043,2018-12,Essex Police,Essex Police,0.910977,51.896931,On or near MEANDER MEWS,E01021647,Colchester 007B,Unable to prosecute suspect
bda18b9bd9e6dc0c1852ed2825d3cb85fb8f7bfa6ac941e4d157609536543ab3,2018-12,Essex Police,Essex Police,0.448188,51.524586,On or near Supermarket,E01015983,Thurrock 002B,Investigation complete; no suspect identified
dec8b53333f09793557d035b03f4050c7c516ea185dfea369df208c3f8fee1f1,2018-12,Essex Police,Essex Police,0.477097,51.564737,On or near COLLINGWOOD WALK,E01021324,Basildon 019C,Unable to prosecute suspect
2a2f366089dafb932d3853f1a853bda28b57bd62930ec8cf173ac2e88ee5193c,2018-12,Essex Police,Essex Police,0.552914,51.879582,On or near BLYTH'S MEADOW,E01021365,Braintree 009D,Investigation complete; no suspect identified
e0a6764ecfad85ae21691ad1fbb3d367a20a587c86e6c372ab271cd5aab09c6f,2018-12,Essex Police,Essex Police,0.886400,51.880008,On or near BUTT ROAD,E01021653,Colchester 013C,Unable to prosecute suspect
304c0f227b47a49f830c9eb32a5a8be7ecaddca35969cae0c5c58ad01abd9a7b,2018-12,Essex Police,Essex Police,0.872163,51.871174,On or near COATS HUTTON ROAD,E01021711,Colchester 015A,Investigation complete; no suspect identified
4845e05f33e2ec78607f7266dccea516ec94cc46df3b5e636741ec182e7229df,2018-12,Essex Police,Essex Police,0.746549,51.618095,On or near ALTHORNE WAY,E01021916,Rochford 004B,Investigation complete; no suspect identified
92dab5d0f63d0d04991aef63cd1792275b7925d42612bd36831fd9ed7be396be,2018-12,Essex Police,Essex Police,0.729372,51.533820,On or near ARNOLD AVENUE,E01015842,Southend-on-Sea 014D,Unable to prosecute suspect
76dcb29a1ccbb09eb6db7e9576b501ea8d6c0bcb97133b855a4020557021c323,2018-12,Essex Police,Essex Police,0.634183,51.939662,On or near MITCHELL AVENUE,E01021393,Braintree 004E,Unable to prosecute suspect
1051bab85ca7911d8117f5a5c8e8459f1ae2def16490f4ac6974d1b85e6dbe78,2018-12,Essex Police,Essex Police,1.263064,51.936365,On or near RAY AVENUE,E01022000,Tendring 002A,Investigation complete; no suspect identified
5d8c1a54bac8b093f90c23cef37a48ba36452d4f614b96ee248c020a45714710,2018-12,Essex Police,Essex Police,1.154305,51.793321,On or near STATION ROAD,E01022027,Tendring 016D,Unable to prosecute suspect
e65f1fd3360e34858cbefc5b0c32fb36aa5de50b0b27a8dd30796e7e7c3f5679,2018-12,Essex Police,Essex Police,0.605787,51.586267,On or near HIGH STREET,E01021962,Rochford 008C,Investigation complete; no suspect identified
05b6bce70e5da76fcce1a50341f230e5a9121fbd72b98d7b0c6c23f7cfd7d212,2018-12,Essex Police,Essex Police,0.502257,51.829788,On or near SCHOOL LANE,E01021538,Chelmsford 001A,Investigation complete; no suspect identified
fdfb2e733f82dab570d33c944970086254e8d37189e2f1953f17c4d8475a0256,2018-12,Essex Police,Essex Police,0.909733,51.883750,On or near WINNOCK ROAD,E01021686,Colchester 011D,Action to be taken by another organisation
e60bd1664d0692b9cfcda03cbb17a571ae550d640fdaa2c416220537ccaa8eba,2018-12,Essex Police,Essex Police,0.436261,51.575781,On or near KNIGHTS,E01021289,Basildon 016C,Investigation complete; no suspect identified
6dc23a4037e458e48cc94041d2310339077c6e2c6435b8437717663497581a97,2018-12,Essex Police,Essex Police,0.332262,51.472073,On or near CURZON DRIVE,E01015952,Thurrock 017B,Unable to prosecute suspect
0b99c103172785147e8a0c9a8d047ac4d9256f6895f82130cf034d0e65dc55e6,2018-12,Essex Police,Essex Police,0.467307,51.588577,On or near ENDEAVOUR DRIVE,E01021268,Basildon 015B,Investigation complete; no suspect identified
374f1c4eb2eea1ce286fdc22fd52b2a8efbecad726e339fa22c9ad3d44af21ec,2018-12,Essex Police,Essex Police,0.333125,51.474034,On or near ELM ROAD,E01015962,Thurrock 016E,Unable to prosecute suspect
13f73f9584768581d7eaacc4d16f4cc89205ee21075cba0f0a76f66b2cbf1525,2018-12,Essex Police,Essex Police,0.387333,51.672374,On or near WOODLAND CLOSE,E01021458,Brentwood 002B,Investigation complete; no suspect identified
070ab498138dbcc105b66d21dfbc1fd782125ca45febf9213921cf82b49079bd,2018-12,Essex Police,Essex Police,0.965321,51.857701,On or near CASTLEWARD CLOSE,E01021739,Colchester 017D,Investigation complete; no suspect identified
21b970edd28ffc46648bb800721b53bbacf085cdecd3e5f4333422cfba81efdb,2018-12,Essex Police,Essex Police,0.771709,51.535921,On or near GOLDMER CLOSE,E01015916,Southend-on-Sea 017C,Unable to prosecute suspect
235adc4ebf3a2c7bf7fd10008e8dd484c5640dc1aafd551d7653c46ca52599c3,2018-12,Essex Police,Essex Police,0.552537,51.878313,On or near MARKET PLACE,E01033459,Braintree 009F,Unable to prosecute suspect
addc2945e0e5fc786577845529c09be2648779ab0eec5c2711904f9fe3a6ab7e,2018-12,Essex Police,Essex Police,1.103289,51.773417,On or near AUSTIN AVENUE,E01021988,Tendring 018A,Unable to prosecute suspect
9147a718dd0e0bf797667409fccb3884f521af80340b7718dd48904adc0483e2,2018-12,Essex Police,Essex Police,0.717040,51.532569,On or near Theme/Adventure Park,E01015851,Southend-on-Sea 015A,Unable to prosecute suspect
d5ab1918c9345fd45e81e5121bf2a81013c13b9bad4472165a19f479232b5d1f,2018-12,Essex Police,Essex Police,0.611316,51.623746,On or near AMBLESIDE GARDENS,E01021943,Rochford 001B,Local resolution
817d37259ceba9dae712e8c77fdfbb400fec4736e90fcd11521ba7b0954865c9,2018-12,Essex Police,Essex Police,0.875555,51.887676,On or near NORMAN WAY,E01021676,Colchester 009D,Investigation complete; no suspect identified
cd491d7692854c205e3371fadb1d92b5aeccb61dd3f7c54c62aea25e1b18164d,2018-12,Essex Police,Essex Police,0.797526,51.539742,On or near RAPHAEL DRIVE,E01015881,Southend-on-Sea 013F,Unable to prosecute suspect
6d56fada427737caf882e3b9866bc041f4b3e44dec6aec4d2a490d0e53249269,2018-12,Essex Police,Essex Police,0.906722,51.884841,On or near Sports/Recreation Area,E01021686,Colchester 011D,Unable to prosecute suspect
89ad981a07a40431ab1c7a6aa1ea0515e5a6146d74ce634d3916610641a3a8ac,2018-12,Essex Police,Essex Police,0.589219,51.591679,On or near TENDRING AVENUE,E01021957,Rochford 006C,Investigation complete; no suspect identified
ff117ba9dd92b51a261813d5c23a7dff68e2a952eb71984a44f54cc0cddd1953,2018-12,Essex Police,Essex Police,0.534544,51.868918,On or near A120,E01021383,Braintree 010C,Investigation complete; no suspect identified
c68b4e1320b3fe83f07adf1018fb3268586090e413d441386906a837bc91cd84,2018-12,Essex Police,Essex Police,0.924928,51.913178,On or near ELIZABETH CLOSE,E01021670,Colchester 002C,Unable to prosecute suspect
101a41d6a0051c37c70bf9ff583206b0d2d81118a86eed64e4ca7a9db3c83312,2018-12,Essex Police,Essex Police,0.717040,51.532569,On or near Theme/Adventure Park,E01015851,Southend-on-Sea 015A,Unable to prosecute suspect
d28d91f0fcb27b58c6480e4db24c70a553bc580c778072d4b46d74e9312272e9,2018-12,Essex Police,Essex Police,0.897532,51.892209,On or near SHORT CUT ROAD,E01021649,Colchester 007D,Unable to prosecute suspect
9b121fed16a6357e34979f771bc724282a9690b519a30c78934f80ac7d7f8839,2018-12,Essex Police,Essex Police,0.342211,51.954729,On or near Further/Higher Educational Building,E01022092,Uttlesford 004A,Investigation complete; no suspect identified
453a7c567bfff6961991ed0aebb0b52ea7e6483ebcfd91e21acbe45c88c13439,2018-12,Essex Police,Essex Police,0.565368,51.854076,On or near BEDELLS AVENUE,E01021347,Braintree 013A,Unable to prosecute suspect
d3423a4653f4e9a5fdd322ef8783cd3d52412e3dffb75a2d4d485dd3c025626c,2018-12,Essex Police,Essex Police,0.698801,51.540896,On or near LONDON ROAD,E01015855,Southend-on-Sea 015E,Unable to prosecute suspect
1dd170bf1e98090bd726c04712572f272d36ca606a8c2d6b2ae2dd3bf541e901,2018-12,Essex Police,Essex Police,0.454493,51.740101,On or near BUNDICK'S HILL,E01021573,Chelmsford 009A,Investigation complete; no suspect identified
0280ca5fc843cb10cd2bae89822339928af06a935ea1abc3a92d2b7d32b51860,2018-12,Essex Police,Essex Police,1.285585,51.943869,On or near ALBEMARLE STREET,E01021997,Tendring 001A,Investigation complete; no suspect identified
cff1afcd8eaa1bbd5231c2d44e4f4e9d404f67621cbcfb051430e2445d446383,2018-12,Essex Police,Essex Police,1.025338,51.799258,On or near COLNE WAY,E01022046,Tendring 011E,Unable to prosecute suspect
b7fc286dc5d4c2015e1d7baf529091de30f56e4520748a518665529b9d3c035f,2018-12,Essex Police,Essex Police,0.653492,51.551175,On or near Sports/Recreation Area,E01015814,Southend-on-Sea 003A,Investigation complete; no suspect identified
136d9341bf96790b67d539ad053ad9f6b9f327b568ebb85f231445d501db44b2,2018-12,Essex Police,Essex Police,0.001659,51.742583,On or near Park/Open Space,E01021792,Epping Forest 002B,Unable to prosecute suspect
46d9cd1a6cecf05730b82179a584610a9adfd53ff2eb3e1f9d71a851e143bef0,2018-12,Essex Police,Essex Police,0.289636,51.509129,On or near BINGHAM CLOSE,E01015932,Thurrock 006A,Unable to prosecute suspect
81ab320de5566ca2a97709007fff7bb32444fd6b21bdbdd3e7d6e01a5c7ec7e8,2018-12,Essex Police,Essex Police,0.343358,51.645931,On or near A1023,E01021467,Brentwood 005F,Investigation complete; no suspect identified
012b8e8fdad7490b26d1ace4d3722a10ba6b7e16c4fb298b5ede1fc5540a7b0c,2018-12,Essex Police,Essex Police,0.331846,51.479447,On or near BLACKMORE ROAD,E01015961,Thurrock 016D,Unable to prosecute suspect
516fb33c31c5e53839a985a09aca7e5c461244e7debeb3a493d08213773bb132,2018-12,Essex Police,Essex Police,0.692579,51.829882,On or near LONDON ROAD,E01021401,Braintree 014D,Investigation complete; no suspect identified
ac99cc4de56fabfe410ebf83d5c721b30f349c32afcb506f6f2965e790823857,2018-12,Essex Police,Essex Police,0.586503,51.866321,On or near LONG GREEN,E01021380,Braintree 012E,Investigation complete; no suspect identified
654ee51340d9f3d27305cf58070eeb02395bf100f91bb5c0fd29d326128aabc6,2018-12,Essex Police,Essex Police,0.866891,51.881718,On or near CROME CLOSE,E01021693,Colchester 014E,Investigation complete; no suspect identified
22b9b7d74bfb2e7cf7fa202db922ae29cc5e7341b8e9ff54e27d190ca6f77986,2018-12,Essex Police,Essex Police,0.330716,51.475935,On or near Parking Area,E01015962,Thurrock 016E,Investigation complete; no suspect identified
aa2671bc2e3406df701aa3cb1e5d44dcbf330df64341cab7637639ff557e585e,2018-12,Essex Police,Essex Police,0.741143,51.530758,On or near Parking Area,E01015891,Southend-on-Sea 016C,Investigation complete; no suspect identified
1eee686683869a6c21770ed05f21bc2d667f5daa2410cbe15c55e216b0a6fb1f,2018-12,Essex Police,Essex Police,0.014072,51.681636,On or near PINNACLES,E01021808,Epping Forest 008B,Unable to prosecute suspect
f6d1706d24818eeb862d26a401e9a8b5262ea1b76a224b6a824684af6c4d7cca,2018-12,Essex Police,Essex Police,1.283255,51.937278,On or near ORWELL ROAD,E01022001,Tendring 001D,Unable to prosecute suspect
a28c391f9a4a2f3452944955ba83ec406ca5ae3c1d3416a041d188b92631c832,2018-12,Essex Police,Essex Police,0.558617,51.886598,On or near RIVER MEAD,E01021350,Braintree 009A,Unable to prosecute suspect
2a2c8d6c1772f98b049437a31005ff61ea1ad6ac4117a836ed2f4781342a5408,2018-12,Essex Police,Essex Police,0.741143,51.530758,On or near Parking Area,E01015891,Southend-on-Sea 016C,Investigation complete; no suspect identified
355f8c7f99ef349f6d6e1ffbac4e6a009ff62910028e4ba6f8b5c829fac60830,2018-12,Essex Police,Essex Police,0.306440,51.622003,On or near Theatre/Concert Hall,E01021433,Brentwood 007A,Unable to prosecute suspect
5d9577cc2f10fdab258ffc78894574b94b1bc5eb4537ca8849559c66362f5b74,2018-12,Essex Police,Essex Police,0.272772,51.613227,On or near LEONARD WAY,E01021468,Brentwood 006D,Investigation complete; no suspect identified
9b169cd83f6a72059f338460e50d5fde3bc75ca8cf46108dad64d998940ba002,2018-12,Essex Police,Essex Police,0.850194,51.885631,On or near DE BURGH ROAD,E01021674,Colchester 009B,Unable to prosecute suspect
9e4d625fa3e01a418a61026da35ab35b1998ad848a0e4dee6f4e58e54b3bb783,2018-12,Essex Police,Essex Police,0.036568,51.775435,On or near B181,E01021801,Epping Forest 002E,Investigation complete; no suspect identified
bf5c9ba51cdc8810ed373cfe3ae1cce98a7f621cac6a596864aee068686c73bc,2018-12,Essex Police,Essex Police,0.901959,51.874076,On or near HARRISON ROAD,E01021637,Colchester 018A,Unable to prosecute suspect
4e046cba83e6756b360bc6852608b973c32931b916cbee4591c367ba7b1b5394,2018-12,Essex Police,Essex Police,0.674888,51.546543,On or near WELLINGTON AVENUE,E01015823,Southend-on-Sea 005D,Investigation complete; no suspect identified
e204c3ed8caa72c9672c557e7cda18c1844c1dea82f4b76ecfb8e22adbafa108,2018-12,Essex Police,Essex Police,0.907789,51.889653,On or near ST. JAMES' RISE,E01021648,Colchester 007C,Investigation complete; no suspect identified
2ec840a87402164ef765e8c18ad8642643bfdd885feb8c5963f8774af835bae6,2018-12,Essex Police,Essex Police,0.001013,51.684341,On or near KING GEORGE ROAD,E01021818,Epping Forest 009C,Investigation complete; no suspect identified
7d30461ffe2120d81e5498a7ce42b517d192552adee8a32c7a14e0ae0729a0a9,2018-12,Essex Police,Essex Police,0.366623,51.872974,On or near CRAYFIELDS,E01022069,Uttlesford 008D,Investigation complete; no suspect identified
4eacea9f39dda6ae80b717bf50df908046b3c6f54d83a7895ab936ee85468c37,2018-12,Essex Police,Essex Police,0.729372,51.533820,On or near ARNOLD AVENUE,E01015842,Southend-on-Sea 014D,Unable to prosecute suspect
98e6df50402546a666203f44c4832f03afc1c34bd6dc720fe9886b53defbf693,2018-12,Essex Police,Essex Police,0.092759,51.771138,On or near Nightclub,E01021872,Harlow 007E,Investigation complete; no suspect identified
5bd720959131a4d4ed28fc79ca292bcfada76a8a4b76ea6560703e07b4612ab7,2018-12,Essex Police,Essex Police,0.901959,51.874076,On or near HARRISON ROAD,E01021637,Colchester 018A,Unable to prosecute suspect
e576863f9bf8105060fab76a842c2bd5738a95cc81f4c370bdb2954d94fe584e,2018-12,Essex Police,Essex Police,0.113040,51.700130,On or near Police Station,E01021757,Epping Forest 006B,Investigation complete; no suspect identified
b28f686bbace9dad295dbf1f859680513b1132e6a3c0cf6387ee1a3c8ae0c054,2018-12,Essex Police,Essex Police,0.902192,51.889423,On or near ST NICHOLAS STREET,E01021649,Colchester 007D,Unable to prosecute suspect
061a39115381de6d445b63c947bb2ed401893e891ca7fbf31c5f7bd38f8bbeb2,2018-12,Essex Police,Essex Police,0.627563,51.584342,On or near SHAKESPEARE AVENUE,E01021948,Rochford 009C,Unable to prosecute suspect
e799fbdacbb8d1e5de784c17d352135cd1fa5b308363de8183be1a0213ff86ef,2018-12,Essex Police,Essex Police,0.363736,51.480067,On or near CROUCH ROAD,E01015935,Thurrock 012C,Unable to prosecute suspect
4300c915001dee5b8001ab07a395cd8dd0dfb677fc51ad62554cc8a073c1396e,2018-12,Essex Police,Essex Police,0.919727,51.910133,On or near Supermarket,E01021671,Colchester 002D,Investigation complete; no suspect identified
11262316a5b8ca46b4341bc884797427f5ed60fb0fd15167120f7f7f0df8f80c,2018-12,Essex Police,Essex Police,0.612393,51.645755,On or near GUYS FARM ROAD,E01021613,Chelmsford 019C,Investigation complete; no suspect identified
cdd974eb0dbf25a2fbd0ae6e30e691f74e9ee32be8b62b636625eeda8930ac44,2018-12,Essex Police,Essex Police,0.373479,51.484637,On or near ST PETERS ROAD,E01015933,Thurrock 012A,Unable to prosecute suspect
e6cc73adb56f5ed3af8ab3f13f311c17fcb0ba62ce7e9e391ca8ffc8eff963d6,2018-12,Essex Police,Essex Police,0.780740,51.539296,On or near Supermarket,E01015882,Southend-on-Sea 013G,Unable to prosecute suspect
44561664c9e4d0244dabff0a12066f38c18e37e050b5ff4778340a8444c876a3,2018-12,Essex Police,Essex Police,0.902263,51.889844,On or near MUSEUM STREET,E01021649,Colchester 007D,Investigation complete; no suspect identified
f4fb9e32aad363d1696465887180f25201b65ec69c11bcc31549a97956b3a700,2018-12,Essex Police,Essex Police,0.056892,51.745487,On or near SILVERWOOD CLOSE,E01021741,Epping Forest 002A,Investigation complete; no suspect identified
becbd880984659c9ffc8c8d28139ed081091c595a59c2d34fa5c830ec083e70b,2018-12,Essex Police,Essex Police,0.480520,51.580682,On or near MAPLESTEAD,E01021267,Basildon 012B,Unable to prosecute suspect
2675eeaa40952a2de3b708fc4c58bdaceb8eadc53b87ce650eafe1e8b4d42c9a,2018-12,Essex Police,Essex Police,0.053139,51.645061,On or near Conference/Exhibition Centre,E01021781,Epping Forest 014B,Investigation complete; no suspect identified
722446c0a15b9c1afe228ba1a3a4653384544fbc7e282ded489205e282a464e6,2018-12,Essex Police,Essex Police,0.113243,51.758173,On or near TILEGATE ROAD,E01021823,Harlow 006D,Investigation complete; no suspect identified
3f94469205c87c32a5efb586057ce59ed844fbb5a647f3e8378676b8b4b13bb5,2018-12,Essex Police,Essex Police,0.434043,51.567500,On or near BOSTOCHE CLOSE,E01021288,Basildon 016B,Investigation complete; no suspect identified
8e5e566526bd1c85adf94294a74cbe673d14f833ea16a2286ac827a1d23914ad,2018-12,Essex Police,Essex Police,0.443114,51.583274,On or near Pipps Hill Retail Park,E01021268,Basildon 015B,Investigation complete; no suspect identified
e36d81e5a2ef82e027cb967b4b247b7699fc7a84e95eb92b3a31c894139e1ded,2018-12,Essex Police,Essex Police,0.294422,51.628633,On or near THE COURTYARD,E01021431,Brentwood 004A,Unable to prosecute suspect
93ad05f6d84b560edb14b45893781878eb27af4d1b83d0630df1af7bdb6d7f67,2018-12,Essex Police,Essex Police,1.151570,51.797568,On or near OLIVERS ROAD,E01021970,Tendring 016A,Investigation complete; no suspect identified
160ade9be467af40c4f739096ec3e1bbf95b62450cfc61c2c4924908644d3fb4,2018-12,Essex Police,Essex Police,0.461459,51.569868,On or near Shopping Area,E01021318,Basildon 015C,Unable to prosecute suspect
464f160ef2dbee50b0cfdafe1464b69b1fe6da6f60311cbf1cfcc16d8540a805,2018-12,Essex Police,Essex Police,0.851048,51.874782,On or near FISIN WALK,E01021690,Colchester 014B,Unable to prosecute suspect
f3b3799a3fd3c58ed02f0efe2746d895210120df8304240e65fc40bb06adef17,2018-12,Essex Police,Essex Police,0.197207,51.894866,On or near REEVE ROAD,E01022087,Uttlesford 005F,Investigation complete; no suspect identified
2d46108dd5b62e1ef5e4e4ab7664e96457585546a0452ac2a293e1a05925d4ff,2018-12,Essex Police,Essex Police,0.920942,51.884039,On or near ST LEONARD'S ROAD,E01021685,Colchester 011C,Unable to prosecute suspect
678a364cd35a9709d79d80d2a1a21fb79829cee1838b032671c161cdde236633,2018-12,Essex Police,Essex Police,0.461459,51.569868,On or near Shopping Area,E01021318,Basildon 015C,Unable to prosecute suspect
f7d5aabc8957558fc35cb371d65a9692b0a397f254c573f708fc79c4f1524229,2018-12,Essex Police,Essex Police,0.898530,51.887615,On or near ST JOHN'S STREET,E01021649,Colchester 007D,Investigation complete; no suspect identified
3bd24624a790e1e8c61eace06074bd77c135fef629e82d5ea5b7ca546510cbc0,2018-12,Essex Police,Essex Police,0.463832,51.730985,On or near SEYMOUR STREET,E01021582,Chelmsford 010D,Investigation complete; no suspect identified
f79bc152ee7282dc612afc6a9aaf83bbf62fcb4ef132c4342dcf14b09648336a,2018-12,Essex Police,Essex Police,0.639653,51.808464,On or near Braintree Road,E01021416,Braintree 017B,Local resolution
26c05d78845ccfeb7d89b73d3386bf4c8530e8fb60d1ae88b77ebbe56d979166,2018-12,Essex Police,Essex Police,0.793895,51.529432,On or near SMITH STREET,E01015877,Southend-on-Sea 013B,Unable to prosecute suspect
cd79006cd8d15337f9805188d4e82943c05836d216cbc148cff1e2227d5b8843,2018-12,Essex Police,Essex Police,0.501921,51.754308,On or near RUBENS GATE,E01021618,Chelmsford 007A,Investigation complete; no suspect identified
68caedb2a9af70a940886239c50bec4feeb4d07a4cae688ebd699d16ee725bfc,2018-12,Essex Police,Essex Police,1.154305,51.793321,On or near STATION ROAD,E01022027,Tendring 016D,Unable to prosecute suspect
1a76d6c242b5392cad7cc3565e1fad4b8a40e3d36057959564fcd84989d014b5,2018-12,Essex Police,Essex Police,1.151570,51.797568,On or near OLIVERS ROAD,E01021970,Tendring 016A,Investigation complete; no suspect identified
065c7373531e96eeb32a45b720152e7b906db7b683440ea624fcdff15a4505e0,2018-12,Essex Police,Essex Police,1.154305,51.793321,On or near STATION ROAD,E01022027,Tendring 016D,Unable to prosecute suspect
4be0dd121302710c07d6a0f62064869cb95df346870ff96766e5630680a59b15,2018-12,Essex Police,Essex Police,1.154305,51.793321,On or near STATION ROAD,E01022027,Tendring 016D,Unable to prosecute suspect
1a671eea60ce230a16811c54ed5a18bd00a6797cf5379ab2664908af1bf0a937,2018-12,Essex Police,Essex Police,0.092612,51.768596,On or near Theatre/Concert Hall,E01021872,Harlow 007E,Suspect charged
8afab3a17e42781fccd974cfe9b0263cb8841c8a29acb7db63e46797e7fbcb94,2018-12,Essex Police,Essex Police,0.919727,51.910133,On or near Supermarket,E01021671,Colchester 002D,Investigation complete; no suspect identified
4c8bb33e5f527039fdb0a34fcd57e4347dd611469eb2c57dc9a9dc1230b12603,2018-12,Essex Police,Essex Police,0.599190,51.576161,On or near Petrol Station,E01021531,Castle Point 002E,Local resolution
40dcd300054e205c5b0ecb1b125bb196a128c9eb7285b5461f56d97f2dfd4b75,2018-12,Essex Police,Essex Police,0.903454,51.879903,On or near NANCY SMITH CLOSE,E01021642,Colchester 018F,Unable to prosecute suspect
e0f50fc2c7fe04dec306cd407c2b524b4e8c4ac37a68491a65eb7bf910074720,2018-12,Essex Police,Essex Police,0.332443,51.618297,On or near ABENBERG WAY,E01021456,Brentwood 009D,Offender given a drugs possession warning
e68bd5dbfbc78d6d5d828a34b45caf56bfe3171b17e9d30e2080609e42d29916,2018-12,Essex Police,Essex Police,0.565368,51.854076,On or near BEDELLS AVENUE,E01021347,Braintree 013A,Suspect charged
27b94fdab33cd49820f0f1abcb2f6065b4c7c07c261c2e232ed9eb9378e8d6a6,2018-12,Essex Police,Essex Police,0.794935,51.771904,On or near MARGERY ALLINGHAM,E01021910,Maldon 001C,Unable to prosecute suspect
b45d69654a9e62067af379f0db53145c46eb7eed05985a1aacdec3c645539b91,2018-12,Essex Police,Essex Police,0.317974,51.494444,On or near A1012,E01015939,Thurrock 020A,Investigation complete; no suspect identified
2db798e92cbea531eca3b082839c2fb13dbedb728145ff019798dc11369496fe,2018-12,Essex Police,Essex Police,0.325096,51.478412,On or near DERBY ROAD,E01015956,Thurrock 016B,Investigation complete; no suspect identified
d96187165daf77084af950b04c109d5b4156b15628caef8ecc357e39983cc41d,2018-12,Essex Police,Essex Police,1.144040,51.785672,On or near WASH LANE,E01022037,Tendring 017D,Unable to prosecute suspect
71f1bb8a7c6714ffe22947aedd56d4896ac6b46122708b9cd6a67fd37388b875,2018-12,Essex Police,Essex Police,0.857138,51.878484,On or near WORTHINGTON WAY,E01021692,Colchester 014D,Unable to prosecute suspect
1e19a2fe915575d5b4c0459824138d748a9fd2f034bbd4f67e91ec8e0d7caf54,2018-12,Essex Police,Essex Police,0.375056,51.492519,On or near RAVENCROFT,E01015938,Thurrock 012F,Unable to prosecute suspect
8094234814600e5ba5090b90516b46283b0503de3f8dd7ba77a48531301bba28,2018-12,Essex Police,Essex Police,0.447317,51.572044,On or near DELIMANDS,E01021293,Basildon 017C,Investigation complete; no suspect identified
ce4586804f9e70aaa08b1aac7dcf235dd5dce0c620822fe3911bea8ec980e16e,2018-12,Essex Police,Essex Police,0.501921,51.754308,On or near RUBENS GATE,E01021618,Chelmsford 007A,Investigation complete; no suspect identified
54fbe3233d91eb50081128c388b66b54f157ce431eebc8243d25e84faaad6990,2018-12,Essex Police,Essex Police,0.894589,51.886462,On or near Police Station,E01021651,Colchester 013A,Offender given a drugs possession warning
8deb196a1901694d07c2419431d7a1e72e0c3439ab2fe596b39ceeb2d0aaaa72,2018-12,Essex Police,Essex Police,0.692579,51.829882,On or near LONDON ROAD,E01021401,Braintree 014D,Investigation complete; no suspect identified
4a6f1e859406f07e29d51c7da41e290c66e190e4cea3533fb4fd24de603baf76,2018-12,Essex Police,Essex Police,0.565368,51.854076,On or near BEDELLS AVENUE,E01021347,Braintree 013A,Unable to prosecute suspect
89d6383231bce7dd21b2a9e0c73ff2840ce3ecf14e5c15723405a017f061fbb9,2018-12,Essex Police,Essex Police,0.280701,51.488628,On or near Parking Area,E01016012,Thurrock 015C,Investigation complete; no suspect identified
154dc376dc396504c178337d3f9a45c2e61d21271b91a8b3531d2f3943fe67b9,2018-12,Essex Police,Essex Police,0.794935,51.771904,On or near MARGERY ALLINGHAM,E01021910,Maldon 001C,Unable to prosecute suspect
7505b7960eb43ee7d570b252183e7ed06a29d59ecff17a367827c9f30763ed69,2018-12,Essex Police,Essex Police,0.132120,51.762401,On or near KINGSDON LANE,E01021834,Harlow 008B,Suspect charged
b1d5f98089bb8312af7deab83e1b53ae3666ec55f678853007a4201afb987435,2018-12,Essex Police,Essex Police,0.092759,51.771138,On or near Nightclub,E01021872,Harlow 007E,Investigation complete; no suspect identified
e7a63308018fda5ddb50111e4adc204cbfa649ee02ce8ee9776aeb43e63ef738,2018-12,Essex Police,Essex Police,0.341857,51.958279,On or near LITTLE MAYPOLE,E01022093,Uttlesford 004B,Unable to prosecute suspect
7ae34248ae77eb973da957a813e40fbc67f6c41309d7e3ec94291549a02c5aca,2018-12,Essex Police,Essex Police,0.219319,51.883175,On or near Bus/Coach Station,E01022086,Uttlesford 006A,Unable to prosecute suspect
f520ad4fa40ec547f0b21aaa61f93a3025073627018e16b4083a43c5e80832d4,2018-12,Essex Police,Essex Police,0.706702,51.536235,On or near MILTON PLACE,E01015854,Southend-on-Sea 015D,Offender given a drugs possession warning
41a2e380a8dacbe073285dc853e5b3d62f53fd3deb5dfa4280e3bd286f87d766,2018-12,Essex Police,Essex Police,1.268366,51.847956,On or near WEST STREET,E01022056,Tendring 006E,Investigation complete; no suspect identified
df021a28375573bf981cab79854e6b5cda89b8b02362eebcc9bad02e8871f2af,2018-12,Essex Police,Essex Police,0.857138,51.878484,On or near WORTHINGTON WAY,E01021692,Colchester 014D,Suspect charged
4020ee043d9c62a41351a07c88b71b9309a179e53f82a5e5110949a7913a917e,2018-12,Essex Police,Essex Police,0.702810,51.566435,On or near ROCHFORD ROAD,E01015867,Southend-on-Sea 002E,Investigation complete; no suspect identified
fe90fd0001e7df1e499de8978e75500965a7db0767ee013e92b1ebba3ec2851a,2018-12,Essex Police,Essex Police,0.899288,51.889233,On or near Shopping Area,E01021649,Colchester 007D,Unable to prosecute suspect
6b5404285092748367582c12a7483d98380fd08cfa94f751eac152d10b005e96,2018-12,Essex Police,Essex Police,0.899288,51.889233,On or near Shopping Area,E01021649,Colchester 007D,Unable to prosecute suspect
64d3c75527fc6cde92ddf3380d98f52917521533f5b69ada2bed3d45d2156a8e,2018-12,Essex Police,Essex Police,0.200440,51.731807,On or near ASHLYNS LANE,E01021796,Epping Forest 003B,Investigation complete; no suspect identified
7042f5c33990aef04d6c5782b8334d34161e33b7ff000903ed53408ec9a9a6f6,2018-12,Essex Police,Essex Police,0.823266,51.893080,On or near ABBOTTS LANE,E01021730,Colchester 003D,Investigation complete; no suspect identified
97bbb55a32de2e1b9e03d0f35957d037a11faeea71bf50c20e6eb01fa2c060d7,2018-12,Essex Police,Essex Police,0.284143,51.486609,On or near Shopping Area,E01016011,Thurrock 015B,Local resolution
f3b8adad125ded2e884cbffd56685c7802fce1d478c74e78354446339824b075,2018-12,Essex Police,Essex Police,0.500226,51.568374,On or near HARTFORD END,E01021317,Basildon 018E,Investigation complete; no suspect identified
ab7539a13c904f3d735eda82606216ce298cd4ffb37e76f37d017dc08ed7ad03,2018-12,Essex Police,Essex Police,0.645642,51.564060,On or near GREAT HAYS,E01015817,Southend-on-Sea 003D,Suspect charged
57b331b447f9ba2a3402a94be562ea8f8673e73fe009269b478b9aa58d34581d,2018-12,Essex Police,Essex Police,0.870760,51.870831,On or near SMALLWOOD ROAD,E01021715,Colchester 015E,Suspect charged
57b331b447f9ba2a3402a94be562ea8f8673e73fe009269b478b9aa58d34581d,2018-12,Essex Police,Essex Police,0.870760,51.870831,On or near SMALLWOOD ROAD,E01021715,Colchester 015E,Suspect charged
666be3362c37d534aa6ba2d77b1dc0d5113ec97f63a7419e2fcf6857c5d55f0d,2018-12,Essex Police,Essex Police,0.447659,51.562549,On or near RANTREE FOLD,E01021294,Basildon 020A,Investigation complete; no suspect identified
51f8d76a6d0236743be3d3fada26b7ea2db5a0920e73ad58ea5b60865b6f6af7,2018-12,Essex Police,Essex Police,0.623530,51.811128,On or near HONEYSUCKLE WAY,E01021425,Braintree 016B,Unable to prosecute suspect
90bec86a943e7e33158a8a65d106b604369de94aac49af66c618663528bcf92b,2018-12,Essex Police,Essex Police,0.458555,51.727678,On or near ROOKES CRESCENT,E01033139,Chelmsford 009G,Investigation complete; no suspect identified
f3bf2099115d532a8d3c0507a99701e2fcd244c7c01cbaef5beb937dd5468a56,2018-12,Essex Police,Essex Police,0.552270,51.881035,On or near BOCKING END,E01021350,Braintree 009A,Unable to prosecute suspect
a195dd535decffae5ec463efcd8a694d4ea187b78c24d7c1fb923b1b840d9125,2018-12,Essex Police,Essex Police,0.825434,51.662522,On or near WEST HOUSE ESTATE,E01021904,Maldon 006B,Suspect charged
3f12451780c3238bbbea699e216a7dd191c726f66945b5710a6a196ccfc55ec4,2018-12,Essex Police,Essex Police,0.463444,51.753394,On or near KELVEDON CLOSE,E01021589,Chelmsford 006C,Offender given a drugs possession warning
142e32db083d6e7d4d5042e9289681c921e40b6917d815f44ee2d73fa27e44ae,2018-12,Essex Police,Essex Police,0.505403,51.563326,On or near A132,E01021310,Basildon 022B,Investigation complete; no suspect identified
539ee7070b9e372c14f91074fdea8029220391d36cdb2447d95ca8f5644f5b7b,2018-12,Essex Police,Essex Police,0.463444,51.753394,On or near KELVEDON CLOSE,E01021589,Chelmsford 006C,Offender given a drugs possession warning
8ccd1f184a1dd17617315dcaa38250fda0591c563ff80cb51d284be7d8c2e2ab,2018-12,Essex Police,Essex Police,0.906080,51.891782,On or near CASTLE ROAD,E01021647,Colchester 007B,Investigation complete; no suspect identified
cb9119d8e8ce7728d1f52c3a82bdac8486f6df18e520cb7b0a912d50eb523645,2018-12,Essex Police,Essex Police,0.944648,51.890750,On or near HAMLET DRIVE,E01021696,Colchester 008A,Unable to prosecute suspect
137aba6c5e19e27b6e233b941e8f7e94123bfd0d63ee8a6097651545e42f4ece,2018-12,Essex Police,Essex Police,0.437857,51.516051,On or near CORRINGHAM ROAD,E01015990,Thurrock 003D,Investigation complete; no suspect identified
f8c71d23f42f01e608a61997ce6f376a2651ed39b7bbd090ecb578cad3f332f6,2018-12,Essex Police,Essex Police,0.623530,51.811128,On or near HONEYSUCKLE WAY,E01021425,Braintree 016B,Unable to prosecute suspect
0dd4e99d1351b012321d25408c1690d7987d84befe76a6d17679dd1657b9d656,2018-12,Essex Police,Essex Police,0.509234,51.742992,On or near MURRELL LOCK,E01033142,Chelmsford 005E,Investigation complete; no suspect identified
655f47fe333a9a211a41b058e524004ac080ed373c994495e7fade961fed1fdb,2018-12,Essex Police,Essex Police,0.601882,51.517643,On or near ODESSA ROAD,E01021497,Castle Point 012D,Unable to prosecute suspect
f5162e39664662070623ac55e8e4c6c9d51ffaef09b2646844858a932d47fdf5,2018-12,Essex Police,Essex Police,0.944648,51.890750,On or near HAMLET DRIVE,E01021696,Colchester 008A,Unable to prosecute suspect
68a6fb27a9efa9bc42c30f2753b53115b25bee4ce5e2ebab18d1316af1d01d86,2018-12,Essex Police,Essex Police,0.648496,51.560030,On or near WOOD FARM CLOSE,E01015819,Southend-on-Sea 003F,Investigation complete; no suspect identified
bfaf88b357ea1fd776e494169f3a651cfbe050c70f06b0f16326e1a7e3b63959,2018-12,Essex Police,Essex Police,0.285222,51.484852,On or near Parking Area,E01016011,Thurrock 015B,Suspect charged
bfaf88b357ea1fd776e494169f3a651cfbe050c70f06b0f16326e1a7e3b63959,2018-12,Essex Police,Essex Police,0.285222,51.484852,On or near Parking Area,E01016011,Thurrock 015B,Suspect charged
6bee11079f62aa36233284ff7258f3552eef74424adb38d4b42d3c7a06dab0ed,2018-12,Essex Police,Essex Police,0.456959,51.570727,On or near Shopping Area,E01021318,Basildon 015C,Investigation complete; no suspect identified
8bfad47e36eaa3e002820de671760fe6c4e584c3eaf4b871f32a491fd77c91f1,2018-12,Essex Police,Essex Police,0.261741,51.889938,On or near Airport/Airfield,E01022090,Uttlesford 006B,Investigation complete; no suspect identified
d96ee06f26f3dc547d07617f05c1f00f5d2b1d18736bb3631380db194172a572,2018-12,Essex Police,Essex Police,0.282026,51.488629,On or near Parking Area,E01016011,Thurrock 015B,Investigation complete; no suspect identified
08451fc9daa0928b24d07cd20ad7e14dd86d99e4b583bd4a18411a4af6be39ea,2018-12,Essex Police,Essex Police,0.474190,51.732359,On or near Shopping Area,E01033140,Chelmsford 010F,Suspect charged
4241bba9a6bf9e0f477dd9004e8876dbea590f90d542d07051f1d51aad1b2b99,2018-12,Essex Police,Essex Police,0.059767,51.646528,On or near SHELLEY GROVE,E01021789,Epping Forest 012D,Investigation complete; no suspect identified
00111f27e52440f633b375a4d4f99191d439b3111d43badb130a7bbc63104abe,2018-12,Essex Police,Essex Police,0.447427,51.565755,On or near INGAWAY,E01021298,Basildon 017D,Unable to prosecute suspect
a1d20f6579303ba04a412c97b06de5aa9eaa799f72b82802e84c9e4f597b8bad,2018-12,Essex Police,Essex Police,0.742422,51.547240,On or near WHITTINGHAM AVENUE,E01015887,Southend-on-Sea 009E,Unable to prosecute suspect
89affeb72b51199d49784966f8a7ebc921aedc5c5c39e39e06bf79109500eb35,2018-12,Essex Police,Essex Police,0.504955,51.759639,On or near BRAGANZA WAY,E01033144,Chelmsford 005F,Unable to prosecute suspect
b19ea3ce88d20e7e8d334e7b5665c27603dea8befd86f078889e1b01452631b9,2018-12,Essex Police,Essex Police,0.599683,51.578209,On or near Petrol Station,E01021966,Rochford 008F,Investigation complete; no suspect identified
765c1f6ff8290d7db8755813b0cd09a18298c1e30b9112da48d67677cecc7c9d,2018-12,Essex Police,Essex Police,0.521403,51.613859,On or near Pedestrian Subway,E01021334,Basildon 005A,Investigation complete; no suspect identified
737b2d60355ee37212dde05594bfede8ed55cd1fc00ec530a77a797bcaa909d1,2018-12,Essex Police,Essex Police,0.261741,51.889938,On or near Airport/Airfield,E01022090,Uttlesford 006B,Suspect charged
c56f1bdd4f16452f1c8a6db75017ac7dee1e7d22b4dee2122fba249851b79124,2018-12,Essex Police,Essex Police,0.456959,51.570727,On or near Shopping Area,E01021318,Basildon 015C,Suspect charged
f2c376b5595768d63173b6646cefac2b0445a7f873563439eb52cb51f5b5cf3b,2018-12,Essex Police,Essex Police,0.069114,51.662271,On or near STANMORE WAY,E01021788,Epping Forest 012C,Investigation complete; no suspect identified
d1708a8c78f56ca75e0ed374c10f995fda604a5a135510147a1b8f6680d0af1b,2018-12,Essex Police,Essex Police,0.648496,51.560030,On or near WOOD FARM CLOSE,E01015819,Southend-on-Sea 003F,Investigation complete; no suspect identified
eb72b78620988e9f4c76a8f45ef56d2fa403c1e9569a504bfaa61c0b17bb30c1,2018-12,Essex Police,Essex Police,0.475573,51.698039,On or near BARNARD ROAD,E01021554,Chelmsford 017C,Suspect charged
e7497d42efa6a2ef0ecdfb7b876f3ab9e2a8c763f65687a46b41f38fa63159ec,2018-12,Essex Police,Essex Police,0.599683,51.578209,On or near Petrol Station,E01021966,Rochford 008F,Investigation complete; no suspect identified
86af9170476f55098aeb6dec1ac0d080a93fdbb0252d8b0f522920eda9b24a22,2018-12,Essex Police,Essex Police,0.588977,51.524944,On or near VAULX ROAD,E01021487,Castle Point 008A,Unable to prosecute suspect
607de33f0848e7f797afe727ce2b309342110c0c18ba14d4190ced60bfa69850,2018-12,Essex Police,Essex Police,0.502537,51.740284,On or near BURGESS FIELD,E01021544,Chelmsford 008A,Unable to prosecute suspect
cc4b6b357744d448a61a268043571df53515686916a3fb4908f9c862c5079cc5,2018-12,Essex Police,Essex Police,0.443114,51.583274,On or near Pipps Hill Retail Park,E01021268,Basildon 015B,Suspect charged
9e5fc4c24ec1646356c1bdf73152915d99c675d0e640c6a1fb51645759e23992,2018-12,Essex Police,Essex Police,0.281698,51.489840,On or near Parking Area,E01016011,Thurrock 015B,Suspect charged
da84275a470e3f14124f1bc9a93661292891a97220f82d1cb6a3ea609a82209f,2018-12,Essex Police,Essex Police,0.720040,51.544677,On or near CENTRAL AVENUE,E01015898,Southend-on-Sea 010D,Unable to prosecute suspect
2217f041f69d55559bf4cc0036936814ed9a4512e5c826fcba6f4991607b7935,2018-12,Essex Police,Essex Police,0.194181,51.897189,On or near BROOK VIEW,E01022087,Uttlesford 005F,Offender given a caution
1c66646e19741ce7f75d6631b05d7c732d06633d74fffb40d9503e5859d13880,2018-12,Essex Police,Essex Police,0.194181,51.897189,On or near BROOK VIEW,E01022087,Uttlesford 005F,Offender given a caution
7fd56db5aba4b63682a75859df0a01a769724476b4c53915ca0832933420ccca,2018-12,Essex Police,Essex Police,0.924702,51.868314,On or near SAVILL ROAD,E01021667,Colchester 016F,Unable to prosecute suspect
7dd5b37850eb5820b58b950cc87d804178c560fed1859addcff00171d909f60a,2018-12,Essex Police,Essex Police,0.104702,51.698203,On or near TOWER ROAD,E01021763,Epping Forest 005D,Investigation complete; no suspect identified
94759b1c466f040d04502ceff73e2be376fa06613a795fb12332b6bc30438d35,2018-12,Essex Police,Essex Police,0.315909,51.628364,On or near SHENFIELD PLACE,E01021466,Brentwood 005E,Investigation complete; no suspect identified
b81990df005d0f2e1006fbe61c453ca834811552eef0ccb363ca76147b2fa096,2018-12,Essex Police,Essex Police,0.374921,51.461378,On or near AUSTEN CLOSE,E01016005,Thurrock 018C,Unable to prosecute suspect
a2dc8fc7d17680671ceef11ee691c5fe4ee31ed00468b7ecab29d373bc403e0e,2018-12,Essex Police,Essex Police,0.700639,51.836991,On or near HIGH STREET,E01021402,Braintree 014E,Investigation complete; no suspect identified
b12c43afa910f5d6c65a8ae319a253276b800376539776ee90daba3abf53c815,2018-12,Essex Police,Essex Police,0.057081,51.646584,On or near BROOKLYN AVENUE,E01021791,Epping Forest 012F,Investigation complete; no suspect identified
3fa316bbb539a10d12f213efc9db8f3b1443c5a3015a2d2ffb011668d27fdb9f,2018-12,Essex Police,Essex Police,0.629027,51.790149,On or near PURCELL ROAD,E01033461,Braintree 017G,Unable to prosecute suspect
60b8a59ca5459fcca60434cb150731f2a498b0d55841d87d47668a52e45cde32,2018-12,Essex Police,Essex Police,0.460995,51.742996,On or near KIRKLEES,E01021573,Chelmsford 009A,Unable to prosecute suspect
2dc889126bb66ae58683d834208987cd82165944ea4fb2f59aaefd0417245780,2018-12,Essex Police,Essex Police,0.919670,51.912158,On or near TALLY HO,E01021668,Colchester 002A,Unable to prosecute suspect
2d67a4cd678ef373d2ef45bb0032eafe619b5fed8eac495590e7a1c1b994f6b2,2018-12,Essex Police,Essex Police,1.085171,51.776242,On or near SEAVIEW ROAD,E01022045,Tendring 018D,Unable to prosecute suspect
c22c209bef3676c518943ec05ce2dc5bdf5842aad31eb9d704e7c34d7515bf31,2018-12,Essex Police,Essex Police,0.410419,51.630454,On or near WOODBROOK CRESCENT,E01021246,Basildon 002B,Offender given a drugs possession warning
f08ec1bbed7b0d4d7198d36c0cc758a4352c620cae9cfd7ff48d16b2f1c8f404,2018-12,Essex Police,Essex Police,1.147088,51.791122,On or near Parking Area,E01022038,Tendring 017E,Investigation complete; no suspect identified
b026ef4bfa78d1d7e2b5b76a667e20989405be5b09fa757f8a2448d51b0fc0a7,2018-12,Essex Police,Essex Police,0.366505,51.594656,On or near BILLERICAY ROAD,E01021445,Brentwood 009A,Investigation complete; no suspect identified
694c4500ab66bf54a48a4460b93873abc683cd76ec0e60cb6f77e79d2868ee04,2018-12,Essex Police,Essex Police,0.724493,51.540490,On or near FERNDOWN CLOSE,E01015844,Southend-on-Sea 014F,Unable to prosecute suspect
0c244087cc00169d45e278870f2cf27758e80c7d0ff909536da23188597ce07d,2018-12,Essex Police,Essex Police,0.319863,51.625723,On or near COOMBE RISE,E01021466,Brentwood 005E,Investigation complete; no suspect identified
ea5b7437ef80d547ded3730598eb0b14878b138d8e4125112c8879f516c17a2d,2018-12,Essex Police,Essex Police,1.152956,51.787493,On or near Parking Area,E01022025,Tendring 016B,Unable to prosecute suspect
9d4daa586f02e13fb8254cd65ff004e0bc50b060ff377938f795803447225138,2018-12,Essex Police,Essex Police,0.371733,51.460139,On or near ELIZABETH CLOSE,E01016005,Thurrock 018C,Unable to prosecute suspect
19c5c8eddf7ab9a893e08ff8388ae40060f02ae9709027035d91268066c3145e,2018-12,Essex Police,Essex Police,0.332568,51.632009,On or near ALEXANDER LANE,E01021447,Brentwood 005A,Unable to prosecute suspect
9b8e48ee907fa3a8e1960e3f7b5f84596e4439e253b744a1028a4bcd499bae0d,2018-12,Essex Police,Essex Police,0.629401,51.548921,On or near Petrol Station,E01015911,Southend-on-Sea 008D,Investigation complete; no suspect identified
a817870032ac8ac9f86f07c76578fd198beb5bc2106f38625f682bde38eb1471,2018-12,Essex Police,Essex Police,0.456011,51.558489,On or near NETHER MAYNE,E01021299,Basildon 020E,Local resolution
c4a3107a66df5e47936b7ba90ee90bdb9e6bd3ea05d34b9770d40743893f3f46,2018-12,Essex Police,Essex Police,0.731050,51.532711,On or near COLLIER WAY,E01015841,Southend-on-Sea 014C,Investigation complete; no suspect identified
cb8c28ba7171c7fb6014dc988fd54dfae43647222a27e336926b66775e106729,2018-12,Essex Police,Essex Police,0.636711,51.548622,On or near SYDNEY ROAD,E01015913,Southend-on-Sea 008F,Investigation complete; no suspect identified
5d3f4abbc495ad7813bc15c3a4b5c995d7c697ed9e313815fff6300d15d58b4c,2018-12,Essex Police,Essex Police,0.981270,51.924867,On or near GERNON ROAD,E01021972,Tendring 005B,Action to be taken by another organisation
9daa84e412a494f8e8673ea526c958366354c4485ab864dd133c2389a05812d3,2018-12,Essex Police,Essex Police,0.981270,51.924867,On or near GERNON ROAD,E01021972,Tendring 005B,Action to be taken by another organisation
81ca98fa75426f75862371a50a2d8b55efb475d637d269c2790e98760936141b,2018-12,Essex Police,Essex Police,0.981270,51.924867,On or near GERNON ROAD,E01021972,Tendring 005B,Action to be taken by another organisation
62d1042a1dffcb63cae4281a11e34cede1eeff0b8738e78d253fba0d7d0abd52,2018-12,Essex Police,Essex Police,0.981270,51.924867,On or near GERNON ROAD,E01021972,Tendring 005B,Action to be taken by another organisation
9426df1988517fa3b79aef485d2ca083b0ecaa2d20f12f5cdc8c5e57c44c98d9,2018-12,Essex Police,Essex Police,0.699183,51.597268,On or near HILARY CLOSE,E01021931,Rochford 002E,Unable to prosecute suspect
4f3a816f9c53033f6443bc06df74360f176c9c23ff7558d0b7aac4679be85d63,2018-12,Essex Police,Essex Police,0.981270,51.924867,On or near GERNON ROAD,E01021972,Tendring 005B,Action to be taken by another organisation
1b0a3eebcf92924f083079489a78e12cf94bfb7ac948698c554217324ad548f8,2018-12,Essex Police,Essex Police,0.434454,51.516032,On or near HASSENBROOK ROAD,E01015990,Thurrock 003D,Investigation complete; no suspect identified
2e4436c910b24e4e968df87638331c3c54c6fda1cf02122724bd68251ce3f9ac,2018-12,Essex Police,Essex Police,0.473830,51.736629,On or near Chelmsford Police Station,E01033141,Chelmsford 010G,Unable to prosecute suspect
41d93abe5e88bcaf81b114a28ebe4036476a4715d4c91049c5f75444e91d0cc6,2018-12,Essex Police,Essex Police,0.554550,51.565657,On or near NORTHERN AVENUE,E01021477,Castle Point 003B,Unable to prosecute suspect
2aae69ba0ace97294a65b61a93b15a7ca4eba34ac240b84992ff25e9311f98c1,2018-12,Essex Police,Essex Police,0.920114,51.780659,On or near QUEENS CORNER,E01021732,Colchester 021B,Unable to prosecute suspect
67f1a050c0aa00b40bef4b6c2009ada70d99b0df64c0ee1c07ddc5b070cb5982,2018-12,Essex Police,Essex Police,0.711892,51.541061,On or near QUEENSWAY,E01015895,Southend-on-Sea 010A,Investigation complete; no suspect identified
1d13dce63c21efe3291c3dbcae4344066c7a146e478b150d9d2df9500b6f4d87,2018-12,Essex Police,Essex Police,0.630927,51.548617,On or near Parking Area,E01015913,Southend-on-Sea 008F,Unable to prosecute suspect
69b26236b6aaaf66374c4a2b9c1964b0c223ba20dd16022146060fbf61c70b2a,2018-12,Essex Police,Essex Police,0.472270,51.734594,On or near TINDAL STREET,E01033141,Chelmsford 010G,Investigation complete; no suspect identified
4b9971dee691e422306996e70239058ff84dd63a95b76e63ffa1cae06cf51a2d,2018-12,Essex Police,Essex Police,0.415477,51.480182,On or near BATA AVENUE,E01015948,Thurrock 013B,Unable to prosecute suspect
1871e42baeada5b48bb1b25a8e7fdfc3eaa634fde8b3a2dad62b32a2a650b1ae,2018-12,Essex Police,Essex Police,0.484162,51.737517,On or near OLD COURT ROAD,E01021627,Chelmsford 010E,Offender given a caution
34a91ef19180646ebe75c8b4bf42e44e85780e55c47d07c1c5ae31b3b05fd992,2018-12,Essex Police,Essex Police,0.473358,51.730650,On or near PARKWAY,E01033140,Chelmsford 010F,Unable to prosecute suspect
a0400ea8273cb7285129d71cbc1d9c7e4481d885921344c30087bd458d2165dd,2018-12,Essex Police,Essex Police,0.914949,51.883063,On or near KING STEPHEN ROAD,E01021687,Colchester 011E,Unable to prosecute suspect
6556a98b8d332463bc3ee1c109718e741af67f640e560c9e549ded98e0a5ea75,2018-12,Essex Police,Essex Police,0.484162,51.737517,On or near OLD COURT ROAD,E01021627,Chelmsford 010E,Unable to prosecute suspect
44053846c870bdcf09facf098fa1bc18d5781da0663dd42e2e3c615b1392b27e,2018-12,Essex Police,Essex Police,0.500840,51.570358,On or near TRAVERS WAY,E01021305,Basildon 013D,Unable to prosecute suspect
4f229d35a885c6d2927172b3f91ac3daf8371c53ae596c5ca3d1959b99d1c2ca,2018-12,Essex Police,Essex Police,0.257772,51.498343,On or near LENNARD ROW,E01015926,Thurrock 008E,Unable to prosecute suspect
6dbe890ba5d7da95e03c7ce8e76227a07f2064d44d6083173e04185ca0a950c4,2018-12,Essex Police,Essex Police,0.920114,51.780659,On or near QUEENS CORNER,E01021732,Colchester 021B,Unable to prosecute suspect
cbe89558784bd419540effcf34ba70f2a098c3b7b5d076a20d5c14159b28d589,2018-12,Essex Police,Essex Police,0.300271,51.617448,On or near PRIMROSE HILL,E01021436,Brentwood 007B,Investigation complete; no suspect identified
5dd72537223a2a2a328077cbbeafde39d06241ca24a461d3216b43739502f02e,2018-12,Essex Police,Essex Police,0.248238,51.929791,On or near PIMBLETT ROW,E01022062,Uttlesford 005A,Unable to prosecute suspect
674d36471c3bfe83bf85601cf8f22aa5e0ae0a48f79f2b1adfcfa34da48873c7,2018-12,Essex Police,Essex Police,1.158170,51.789268,On or near ANGLEFIELD,E01022027,Tendring 016D,Unable to prosecute suspect
da7c3d693b68c51d19ff9908f9438c99c09894702ccfd7b724bbd2113a372019,2018-12,Essex Police,Essex Police,0.516032,51.579431,On or near GREAT RANTON,E01021301,Basildon 011A,Unable to prosecute suspect
30465720fae8d9bc2a8fc54c5f02c7bba9442e8ce6ce1a443cb95c506959bfb1,2018-12,Essex Police,Essex Police,0.724892,51.536803,On or near HONITON ROAD,E01015840,Southend-on-Sea 014B,Investigation complete; no suspect identified
d09221b847e7c2ac874dc8d138ebf98e04f5aa85e0ed9979eb21b5785ea937b6,2018-12,Essex Police,Essex Police,0.138983,51.789865,On or near GUILFORDS,E01021854,Harlow 001A,Unable to prosecute suspect
de12ce7f260a2e910dd085fdd25b420d0312f558df1ed784012db8da1bc74e1c,2018-12,Essex Police,Essex Police,0.480314,51.575047,On or near CURLING WALK,E01021270,Basildon 012D,Unable to prosecute suspect
4edee594c0929120b6d8613777f19b8f79550881705f73942d81cf23d156d61b,2018-12,Essex Police,Essex Police,0.436261,51.575781,On or near KNIGHTS,E01021289,Basildon 016C,Unable to prosecute suspect
1a2d775c169dc2d0a54745c0da4b71d187e225bdb2c5f090a57a0d1bf3ab5a51,2018-12,Essex Police,Essex Police,0.293575,51.679144,On or near REEVES CLOSE,E01021470,Brentwood 001F,Unable to prosecute suspect
3d64a8f98a91e312461542f129b4626c6dacf1991c04c49c7633713d45e9d988,2018-12,Essex Police,Essex Police,0.907575,51.864054,On or near STANSTED ROAD,E01021638,Colchester 018B,Unable to prosecute suspect
57fc10f94f91b28cefc7cc43d158a8428ac302d121bfce5ca3710dc78b77ffb7,2018-12,Essex Police,Essex Police,0.696784,51.550448,On or near SHAKESPEARE AVENUE,E01015862,Southend-on-Sea 004F,Investigation complete; no suspect identified
76b7577be9b0036d53ed50f733c301d996e01a8f45d2dc67ce517513f4fea074,2018-12,Essex Police,Essex Police,0.281531,51.509871,On or near DERRY AVENUE,E01015972,Thurrock 006C,Investigation complete; no suspect identified
94416b7db5d581450521a8bf4c75f23fa2d1a6a61298d8af68fbf25c51dbf14b,2018-12,Essex Police,Essex Police,1.153340,51.787393,On or near Nightclub,E01022025,Tendring 016B,Investigation complete; no suspect identified
24a1de490199164ec4cadee3e2d2239266e542b289ad63542173ebb635b9e664,2018-12,Essex Police,Essex Police,0.397253,51.509757,On or near Petrol Station,E01015979,Thurrock 004C,Local resolution
9956848e87545a6bc72c5ca2dce9fd84ac23f7ad6e87d144a84bd442eb152ece,2018-12,Essex Police,Essex Police,0.895390,51.894168,On or near MARKET CLOSE,E01021650,Colchester 007E,Suspect charged
7fa519c0fd6f4e72335263414a6fd29f8160961f076a4a6f7dc0b155130c6542,2018-12,Essex Police,Essex Police,0.501995,51.742274,On or near OYSTER PLACE,E01021544,Chelmsford 008A,Investigation complete; no suspect identified
6707be0d6892320f8ecd3d591f4a44237e50726f7a54e78ac2255c226a6b9b64,2018-12,Essex Police,Essex Police,0.381942,52.019461,On or near HIGH STREET,E01022097,Uttlesford 004C,Unable to prosecute suspect
1b238f6e1b01c862cd33967e42f16949707c057ae269581d7072d04bc10810f7,2018-12,Essex Police,Essex Police,0.475387,51.732801,On or near Shopping Area,E01033140,Chelmsford 010F,Investigation complete; no suspect identified
f57e483e48b839c3674c6ae648b97586343446cd40dc5a65f8015f67cb195bfa,2018-12,Essex Police,Essex Police,0.949051,51.854764,On or near STEPHEN CRANFIELD CLOSE,E01021657,Colchester 016A,Unable to prosecute suspect
4b2168cff8645743dc13e8aae2aca389637f99079eef6c07f55ae101746920bf,2018-12,Essex Police,Essex Police,0.462457,51.585127,On or near Nightclub,E01021268,Basildon 015B,Investigation complete; no suspect identified
b4ff83749e1e93e12cd0f4c018e925bf487dd0188416bb935042e937772861b4,2018-12,Essex Police,Essex Police,0.634183,51.939662,On or near MITCHELL AVENUE,E01021393,Braintree 004E,Investigation complete; no suspect identified
4ca13b6e81b01346638a63cfa8378ccea0e47430d793ef7e29f11b274b837dda,2018-12,Essex Police,Essex Police,0.878899,51.868366,On or near GLEBE ROAD,E01021714,Colchester 015D,Offender given a caution
6adc1d5cf9d3e9e25b9e6f25dc797ba2d16f4f5f48b0e5d3e0783181011b7a44,2018-12,Essex Police,Essex Police,0.300183,51.476745,On or near FOXTON ROAD,E01016015,Thurrock 015F,Investigation complete; no suspect identified
d3ba388f3c3bea63ee0c5e241784a4bb1c2d8cf977e18af3d2f30e812d642fa9,2018-12,Essex Police,Essex Police,0.931567,51.890987,On or near HICKORY AVENUE,E01021699,Colchester 008D,Unable to prosecute suspect
c155642319487487f2d97d7ffdc08017ac89ea80951120684493ce33a08ea1ff,2018-12,Essex Police,Essex Police,0.699288,51.583226,On or near ST ANDREW'S ROAD,E01021954,Rochford 007D,Investigation complete; no suspect identified
6bb1d30127827b4e3ffad0e2745e1852bba8cf87a9d59653de77e2e97a62f2c3,2018-12,Essex Police,Essex Police,0.964577,51.869789,On or near LEYS ROAD,E01021737,Colchester 017B,Investigation complete; no suspect identified
de0a5961fc071f0b6ca1a8ba9f7ec0700b92232634fcd06d84ee4cc7c617aa56,2018-12,Essex Police,Essex Police,0.417260,51.513087,On or near OLD JENKINS CLOSE,E01015991,Thurrock 005B,Unable to prosecute suspect
dde858edd31a0cc799f3156262c290f48d5d4751989e0276b20ad0027cda9dfa,2018-12,Essex Police,Essex Police,0.340105,51.489139,On or near LODGE LANE,E01015964,Thurrock 010B,Investigation complete; no suspect identified
4eaedfb20d0250a150f6ed7b09002e91eb599449439904b42e347ca26ffa2ab8,2018-12,Essex Police,Essex Police,0.255377,51.479009,On or near VELLACOTT CLOSE,E01016012,Thurrock 015C,Investigation complete; no suspect identified
b69f276a8069fecf4e43a15ea67245e22c675a5a94799923d85f25c8d1e9ccaf,2018-12,Essex Police,Essex Police,0.895248,51.895808,On or near JOHN HARPER STREET,E01021650,Colchester 007E,Investigation complete; no suspect identified
4cf0b41e33cd59d9033af1ef0c53bc35dbc48c9680d516d125a1ebd831299e95,2018-12,Essex Police,Essex Police,0.489100,51.715083,On or near DORSET AVENUE,E01021565,Chelmsford 014C,Investigation complete; no suspect identified
d7ad210c168686a9793fd586a538210d81eeb85eef0a05179457b5979d14d732,2018-12,Essex Police,Essex Police,0.919605,51.890323,On or near EAST STREET,E01021706,Colchester 022H,Investigation complete; no suspect identified
46d629749507f7201fbfee97efbd99438a2e8364fa33793d4cb681ae929ccf70,2018-12,Essex Police,Essex Police,-0.003337,51.687086,On or near CHURCH STREET,E01021818,Epping Forest 009C,Investigation complete; no suspect identified
aaff285776f56dd25d7a33d5dfb17f1059a40a041dfab89e07eef5e6c9c2b05b,2018-12,Essex Police,Essex Police,0.314624,51.476101,On or near WHARF ROAD,E01015951,Thurrock 017A,Investigation complete; no suspect identified
4a488e262e0be8ea39ff98d574299e9ed07cc8df0f8660fe567f4738898bb48d,2018-12,Essex Police,Essex Police,0.728312,51.536840,On or near PARK LANE,E01015840,Southend-on-Sea 014B,Suspect charged
832aec5697625077f93180548ba19a3ed0953a0037497ee3117ee7f19139c977,2018-12,Essex Police,Essex Police,0.454085,51.792701,On or near CHERRY GARDEN ROAD,E01021539,Chelmsford 001B,Investigation complete; no suspect identified
457940571e38f14600a0c208ad153dcefbfe13fa2da9256685f9109ef9c80b37,2018-12,Essex Police,Essex Police,0.718808,51.537070,On or near TOLEDO ROAD,E01015841,Southend-on-Sea 014C,Suspect charged
970f1996cbb614ec267e2bee9d5926940e96069c8453789e8bba340686b7e336,2018-12,Essex Police,Essex Police,0.896245,51.888706,On or near HEAD STREET,E01021649,Colchester 007D,Unable to prosecute suspect
80c500d98cb273d6cdf1ee38c54d24692d9628638114144f06f928946d88b327,2018-12,Essex Police,Essex Police,0.455711,51.732648,On or near Petrol Station,E01033138,Chelmsford 009F,Investigation complete; no suspect identified
42e768ac04c9f13fd083135b2c67685e195b0607f5215c881a6ead75718f6786,2018-12,Essex Police,Essex Police,0.489100,51.715083,On or near DORSET AVENUE,E01021565,Chelmsford 014C,Investigation complete; no suspect identified
6bef6e0e2eda79160593302e20730d1b0bd40424a18212672da29970bd0d6875,2018-12,Essex Police,Essex Police,0.717736,51.534325,On or near HERBERT GROVE,E01015852,Southend-on-Sea 015B,Investigation complete; no suspect identified
49bc72587b4f202b105ea10535ab62c951430ef11ee8144c6346af765c088e81,2018-12,Essex Police,Essex Police,0.928291,51.879728,On or near KING EDWARD QUAY,E01021685,Colchester 011C,Unable to prosecute suspect
53336398b745c080b596f55ea83ae82bc882cab9f38aeeba79e681b54ea0f1b6,2018-12,Essex Police,Essex Police,0.708823,51.545719,On or near CARNARVON ROAD,E01015895,Southend-on-Sea 010A,Unable to prosecute suspect
22c441ad0ad4206db144ebbcccbc99f4410a55c5068bb47054dba8bee6e62c1f,2018-12,Essex Police,Essex Police,0.303360,51.620247,On or near Supermarket,E01021436,Brentwood 007B,Unable to prosecute suspect
80d61a0ef3cae47ac948679eb02be71815612ca39d53ed3fdde0b7068c9114eb,2018-12,Essex Police,Essex Police,0.899183,51.910173,On or near Hospital,E01021682,Colchester 004D,Unable to prosecute suspect
0da3d107bf6b2793441738ea4b632802defd179c95f12893074ae172b133471c,2018-12,Essex Police,Essex Police,0.321833,51.613076,On or near ROWAN GREEN EAST,E01021437,Brentwood 008B,Unable to prosecute suspect
7940e21b723837c77cc0ed02ed52edd778480d57e2c7a41e15eda0e8bc85134b,2018-12,Essex Police,Essex Police,0.534414,51.617661,On or near Parking Area,E01021339,Basildon 005D,Investigation complete; no suspect identified
b8a0a6196a828e9fbc8e31d08520f59e3fe508f45a88bb8949478d950660719b,2018-12,Essex Police,Essex Police,0.447038,51.742082,On or near SUNNINGDALE ROAD,E01021599,Chelmsford 009C,Investigation complete; no suspect identified
14511e168cd0c1635030a3ba417054affc899e6d0b2dda3847f25555f355380a,2018-12,Essex Police,Essex Police,0.013243,51.690678,On or near SMEATON CLOSE,E01021811,Epping Forest 007A,Unable to prosecute suspect
1135cd0180948d5633f4b66cd10e9af1e6e72dbe9afed92711b96c315fbd11f5,2018-12,Essex Police,Essex Police,0.796951,51.531769,On or near HIGH STREET,E01015876,Southend-on-Sea 013A,Investigation complete; no suspect identified
62b5d9d89e892503e10626bc0da87caabb34ff55515b6347551f5f8d53119618,2018-12,Essex Police,Essex Police,0.366499,51.464714,On or near STEPHENSON AVENUE,E01016010,Thurrock 018H,Investigation complete; no suspect identified
44b693c32bb30d0b6db0595abe059c868a6186f8ebbb91f1b198634f8fc06b5d,2018-12,Essex Police,Essex Police,0.280084,51.611556,On or near SHEVON WAY,E01021468,Brentwood 006D,Unable to prosecute suspect
ebbfcdb444ba548da5b2356efe6e874fa7318652433c52a4495fb3efb7cd32ac,2018-12,Essex Police,Essex Police,0.320568,51.622264,On or near WORRIN CLOSE,E01021466,Brentwood 005E,Investigation complete; no suspect identified
0ebc8c7084420e2c7336ed16635b558576c982caf68a36249209297d922ba777,2018-12,Essex Police,Essex Police,0.230757,51.485056,On or near MULBERRY DRIVE,E01016014,Thurrock 015E,Investigation complete; no suspect identified
3b30a9b5a910f20cf905b09dc7028182633cc6bd4d36863ffd7ee5270c199e20,2018-12,Essex Police,Essex Police,0.305677,51.516557,On or near MOLLANDS LANE,E01015974,Thurrock 006E,Investigation complete; no suspect identified
0c80bbbe2af8465b1f95d147a5a7a880b8a1a40e5e4a113405e735df43fe28e2,2018-12,Essex Police,Essex Police,0.106192,51.772319,On or near LAVENDER CLOSE,E01021849,Harlow 003A,Unable to prosecute suspect
ecfa2fffbc984f1c3f108157ea2cabf2eba1330412c06ee9c4b02f00c7ba5db1,2018-12,Essex Police,Essex Police,0.129177,51.762984,On or near OAKLANDS DRIVE,E01021836,Harlow 008D,Investigation complete; no suspect identified
b4f32033851e61b1e7f56bda7e31d8456b57a083dc26a0c07627d8034fe28ac3,2018-12,Essex Police,Essex Police,0.372042,51.490242,On or near GODMAN ROAD,E01015937,Thurrock 012E,Investigation complete; no suspect identified
6800af0c9bf17efb311578975564bb7e7b09a83d47a3deee8420dd6c89298e18,2018-12,Essex Police,Essex Police,0.248540,51.484060,On or near GRIFFITHS ROAD,E01016013,Thurrock 015D,Investigation complete; no suspect identified
d559a79d9a4a36fe02a01be7c714176b34ed40c662a535a74d1131358f0d3d4a,2018-12,Essex Police,Essex Police,0.917781,51.871373,On or near ABBOT'S ROAD,E01021666,Colchester 016E,Unable to prosecute suspect
50330a880353a221a851ec6483b9b25f4efaed0c54ea24b4707eaf4d8cf4bbbf,2018-12,Essex Police,Essex Police,1.107714,51.802136,On or near EARLS HALL DRIVE,E01021977,Tendring 013C,Local resolution
895bcd7945b9b9f07cd85cf93647b4b9a59fa80e418aa6c48bbeff83ed34e652,2018-12,Essex Police,Essex Police,0.426534,51.725475,On or near SHAKESTON CLOSE,E01021636,Chelmsford 011F,Unable to prosecute suspect
e9c3a2940d284f6192b2e5d8256b1594bf7705d2f75512355119ab8bdd66a876,2018-12,Essex Police,Essex Police,0.541902,51.869559,On or near LONDON ROAD,E01021383,Braintree 010C,Unable to prosecute suspect
6acbe6955ebdf13047cbe488e4a2c771db7e238ef2123bafbcb372b8894dd27e,2018-12,Essex Police,Essex Police,0.719983,51.545398,On or near NORTH AVENUE,E01015898,Southend-on-Sea 010D,Unable to prosecute suspect
a906e6c2b155a6c19d51febc60be6d6919be960b51ce4b8c1f40bb1d09d557d9,2018-12,Essex Police,Essex Police,1.153536,51.806194,On or near ELM GROVE,E01022044,Tendring 013E,Unable to prosecute suspect
8a7eae6de33ab55a0ea6c8f5dd97d26ca009e48b039f45683dad23b35a2370b0,2018-12,Essex Police,Essex Police,0.552316,51.877733,On or near Supermarket,E01033459,Braintree 009F,Investigation complete; no suspect identified
73282bbe0680c9c89fbbce9a4795e300c825dcde13a18ff840f854d96ef76a67,2018-12,Essex Police,Essex Police,0.629401,51.548921,On or near Petrol Station,E01015911,Southend-on-Sea 008D,Investigation complete; no suspect identified
b46d1c0648ccac43ab1cf20a9460ff8955e523aa6dbbf25d34d81b8f00fad525,2018-12,Essex Police,Essex Police,0.492499,51.731090,On or near Pedestrian Subway,E01021547,Chelmsford 008D,Investigation complete; no suspect identified
21d2d6b3f406619e0c986465b0f8262c60dcec30a18921d4bef713e4ed467842,2018-12,Essex Police,Essex Police,0.540114,51.883987,On or near LAMBERTS ORCHARD,E01021358,Braintree 008C,Investigation complete; no suspect identified
c566a0f7afd63a3a886b96525e25a26b93d9912e90fb625e38cfa42c869f46da,2018-12,Essex Police,Essex Police,0.920449,51.885175,On or near TARRETT DRIVE,E01021685,Colchester 011C,Suspect charged
1eb06b90e6266ef9d4ec51c179960881cd926cae6c34effb3f75aeeed9d90227,2018-12,Essex Police,Essex Police,0.932822,51.891064,On or near ELM CRESCENT,E01021699,Colchester 008D,Investigation complete; no suspect identified
2cab64cdcc0daf05653c81effa6c6e1f6e11ccbdb9ff2a79f105a46704c8c0df,2018-12,Essex Police,Essex Police,0.653520,51.543224,On or near Parking Area,E01015849,Southend-on-Sea 011E,Unable to prosecute suspect
168d48937838ad5a57aa79a8dd2a918b6059cb42120c39ed0f17d8db935d0dc3,2018-12,Essex Police,Essex Police,0.444071,51.576365,On or near ELDELAND,E01021291,Basildon 016E,Investigation complete; no suspect identified
69138bad89acae1b7a4a9aa3d43b8f594da6a0e618a5fdf7a91bb28c5cc90c06,2018-12,Essex Police,Essex Police,0.491652,51.756226,On or near CHURCHILL RISE,E01021617,Chelmsford 004B,Unable to prosecute suspect
f0f4fa5d892b8b623c7df5fe5a04c6152f724c057521901726f927252957e3b6,2018-12,Essex Police,Essex Police,0.479186,51.729430,On or near Parking Area,E01033140,Chelmsford 010F,Investigation complete; no suspect identified
806463ade74732387bbdc3b8839d9cfd49e4514cc2c48f72d7d9610d2c0ccd75,2018-12,Essex Police,Essex Police,0.441386,51.572311,On or near GREAT KNIGHTLEYS,E01021291,Basildon 016E,Investigation complete; no suspect identified
689e7792f2207e5507837ce67b664c5eb99c397e110d127a552516db42fe7fb2,2018-12,Essex Police,Essex Police,0.607532,51.587235,On or near Nightclub,E01021962,Rochford 008C,Unable to prosecute suspect
693ef6564f5a0f87ac25f7e213695c69694ee95914255dc7a50fc9174a81a83f,2018-12,Essex Police,Essex Police,0.375595,51.462992,On or near BRONTE CLOSE,E01016005,Thurrock 018C,Unable to prosecute suspect
713d8c060070099497b435defe75285563f84fd4ab60892eefe30b196767a688,2018-12,Essex Police,Essex Police,0.713596,51.539394,On or near Nightclub,E01015852,Southend-on-Sea 015B,Unable to prosecute suspect
8e25e7f63bf6d2bf7b3a109be2069a03e816d81634fbc996c5f976707703f573,2018-12,Essex Police,Essex Police,0.328178,51.472460,On or near CONWAY GARDENS,E01015952,Thurrock 017B,Suspect charged
d63a8aa6617aaf8af0942b8e4b246dc0253e98e06238a2eb5aa6503b7a289ec0,2018-12,Essex Police,Essex Police,1.260356,51.940955,On or near Petrol Station,E01022007,Tendring 002D,Unable to prosecute suspect
4b850dffd5993fa83a673f1047f065a2629d14904d7d48b3cd0dc6597308d761,2018-12,Essex Police,Essex Police,0.570393,51.880064,On or near HOWARD CLOSE,E01021370,Braintree 011B,Further investigation is not in the public interest
e9f82e00dbb9a5bb380ba47c37e30d1ad6b67daea91a6eb0a39f90f1814cc740,2018-12,Essex Police,Essex Police,0.474561,51.566922,On or near CHURCH ROAD,E01021295,Basildon 020B,Investigation complete; no suspect identified
2150abaddba5bcdab080c4e80aebaf0e0fc34bb196de16d6c39eda52f9793318,2018-12,Essex Police,Essex Police,0.101185,51.674750,On or near THE WEIND,E01021805,Epping Forest 010D,Investigation complete; no suspect identified
4e9f8ea7689249e8ae4f512a994e77a0508bf668cce237c69a5971574e829bbc,2018-12,Essex Police,Essex Police,0.919605,51.890323,On or near EAST STREET,E01021706,Colchester 022H,Investigation complete; no suspect identified
d65d50bd447b0cda60ca6de7fef3491219507611a90b72eccc2a414ce73f64a5,2018-12,Essex Police,Essex Police,1.276542,51.933427,On or near FIRST AVENUE,E01021999,Tendring 001C,Unable to prosecute suspect
c1005afa06481e0a9190ddfab83c049ab99cfbc9d6d91f7d9d65f59b1a3a2f62,2018-12,Essex Police,Essex Police,0.713596,51.539394,On or near Nightclub,E01015852,Southend-on-Sea 015B,Unable to prosecute suspect
32272b7883c18638ec3b8a0a0129e467e01698e0610047e7e4a5fcdefb80f32c,2018-12,Essex Police,Essex Police,0.570913,51.884846,On or near WELLINGTON CLOSE,E01021352,Braintree 007C,Offender given a drugs possession warning
d29f4f99db2e3710b914596e7298181dd60fed320d65efdbe22da1272b2a0a4c,2018-12,Essex Police,Essex Police,0.202196,51.897021,On or near CHURCH ROAD,E01022086,Uttlesford 006A,Investigation complete; no suspect identified
1b6664eb9e5ef5c49d2a8db4f16682d33ecd0cc4a828ccf3b885c07e018c7e30,2018-12,Essex Police,Essex Police,0.375595,51.462992,On or near BRONTE CLOSE,E01016005,Thurrock 018C,Unable to prosecute suspect
6d237e63afc76c967233b4b5ff624bcfaf1a2f3f32b98b6e864b597532e7615b,2018-12,Essex Police,Essex Police,0.724204,51.539283,On or near FAIRBURN CLOSE,E01015844,Southend-on-Sea 014F,Investigation complete; no suspect identified
004eaf8793d7da26b3f63b603c5c6f55164ec3cea7c85c374507a92893ee29dd,2018-12,Essex Police,Essex Police,0.653520,51.543224,On or near Parking Area,E01015849,Southend-on-Sea 011E,Unable to prosecute suspect
be65b0fa801ce82327daae8f965a94f6f293658e1368a3902d7f74eaa1bd6283,2018-12,Essex Police,Essex Police,1.276542,51.933427,On or near FIRST AVENUE,E01021999,Tendring 001C,Unable to prosecute suspect
388586826d1f67aaeb21b27019ac5cd7a2739d568352a47a427af7c0b1ffbcc1,2018-12,Essex Police,Essex Police,0.717736,51.534325,On or near HERBERT GROVE,E01015852,Southend-on-Sea 015B,Investigation complete; no suspect identified
ab9189e617bce48158aa2b6faa12306a57ceafcc7975e430c100294c281914b3,2018-12,Essex Police,Essex Police,0.500271,51.585496,On or near REPTON CLOSE,E01021307,Basildon 011C,Investigation complete; no suspect identified
dc06c9f8f1787ffa7dfd14d5e5f33d519a30ebee74a9459b0b4754c12cf80241,2018-12,Essex Police,Essex Police,0.895335,51.889691,On or near BALKERNE GARDENS,E01021646,Colchester 007A,Unable to prosecute suspect
c9fd64093288b3906440f5646d492a8750960ba81a25779a9b4ed7e6287c9e36,2018-12,Essex Police,Essex Police,0.466017,51.746110,On or near KINGS ROAD,E01021591,Chelmsford 002E,Investigation complete; no suspect identified
17c218c12c92e29e774f9afa2c9483d5f3dadc22671da5cdfe3cb2a3184ae3b7,2018-12,Essex Police,Essex Police,0.421881,51.515141,On or near BUTTS ROAD,E01015989,Thurrock 005A,Unable to prosecute suspect
466d55a9c6d27b6e57dd141e665bef5e288fa0b27931ec925de219a1c82caebe,2018-12,Essex Police,Essex Police,0.652918,51.567089,On or near HUDSON ROAD,E01015834,Southend-on-Sea 001B,Investigation complete; no suspect identified
323d0229b3782e7462dcfae2bf5b3d43d2742b1cda374494341f77b16d03ab50,2018-12,Essex Police,Essex Police,0.393815,51.504377,On or near WHITMORE CLOSE,E01015979,Thurrock 004C,Investigation complete; no suspect identified
8e0a0166df0ff83a9cd277e88626af91687ed6910c29b3814bf5c5a0e0033198,2018-12,Essex Police,Essex Police,1.108363,51.773625,On or near SWIFT AVENUE,E01021988,Tendring 018A,Investigation complete; no suspect identified
5ed3c0cbd0d6c861f1ee208c767fb81ca80be9ac62114ae2892128846ad12567,2018-12,Essex Police,Essex Police,0.446663,51.574630,On or near UPPER MAYNE,E01021319,Basildon 017E,Investigation complete; no suspect identified
86d466f866e4ce7620b291793510dea4f500d476df65aab9680341918555f856,2018-12,Essex Police,Essex Police,0.685346,51.731435,On or near DOWNS ROAD,E01021890,Maldon 004B,Investigation complete; no suspect identified
28892ef2649e709747a078729b6551f58f18fb58303d503625d8d3462c35d558,2018-12,Essex Police,Essex Police,0.995992,51.952392,On or near CROWN STREET,E01021656,Colchester 001B,Unable to prosecute suspect
1c6a48ef7142bb420f3edd7ad53c260a74608aee2153403b110fa6b09f380e24,2018-12,Essex Police,Essex Police,0.902151,51.865779,On or near SHEERING WALK,E01021638,Colchester 018B,Action to be taken by another organisation
986bbb992f1554d5ca6d45fc4be50742a5646b0ce7de8307fc6da3c58b2af4a8,2018-12,Essex Police,Essex Police,0.791046,51.536371,On or near ASHANTI CLOSE,E01015877,Southend-on-Sea 013B,Investigation complete; no suspect identified
eed224546e9905a86b95dadcccf15c6a5d33f9059eb1876c733103661a412c1c,2018-12,Essex Police,Essex Police,0.421881,51.515141,On or near BUTTS ROAD,E01015989,Thurrock 005A,Unable to prosecute suspect
faf875209157138455d8f100295bf3ef7faefd33fb0809f75f535dd99ad1d735,2018-12,Essex Police,Essex Police,0.428235,51.626912,On or near KELVEDON ROAD,E01021240,Basildon 003B,Unable to prosecute suspect
db6bb91eb9765fc2e4c1537263aaef55d4484510028fb5a1543ddc112260dc8d,2018-12,Essex Police,Essex Police,0.583456,51.570780,On or near COMMON APPROACH,E01021510,Castle Point 002B,Investigation complete; no suspect identified
f8e1ec5a7dcc8b9a94f865277468f464ec0c1e1b6f7ecd241b75c359892d23ae,2018-12,Essex Police,Essex Police,0.633157,51.552272,On or near AGNES AVENUE,E01015912,Southend-on-Sea 008E,Investigation complete; no suspect identified
2ccc2ce5a8f9f4fa7fe5016827c3c6913bd94ff1ff8d62d8177c8bbd5c9654d8,2018-12,Essex Police,Essex Police,1.108363,51.773625,On or near SWIFT AVENUE,E01021988,Tendring 018A,Investigation complete; no suspect identified
f41e8e388a3d658de88a1347fbc4f8195e9d4b80baa6abbeddf27177a974c7dc,2018-12,Essex Police,Essex Police,0.582927,51.933919,On or near Park/Open Space,E01021381,Braintree 007F,Unable to prosecute suspect
043dfbed0a87d48299d304085154a0b05c33c2c7011e89f2afdfca66d5707ba9,2018-12,Essex Police,Essex Police,0.115890,51.760868,On or near LITTLE BRAYS,E01021820,Harlow 006B,Unable to prosecute suspect
75f592da1b7afb69e968044850c1409b60880a6b61cacaa2b3010989df3e2f80,2018-12,Essex Police,Essex Police,0.561894,51.544587,On or near HIGH STREET,E01021480,Castle Point 007A,Investigation complete; no suspect identified
f4ec30c6a87d14d4d07add19f2681d4180e4c4954646a60504a26234c3bb44fb,2018-12,Essex Police,Essex Police,0.447427,51.565755,On or near INGAWAY,E01021298,Basildon 017D,Unable to prosecute suspect
42de66c34ca501d9daf00fd5bebea4deae319c3db06a8c8b8e8c5194492556d3,2018-12,Essex Police,Essex Police,0.491055,51.757758,On or near TRENCHARD CRESCENT,E01021617,Chelmsford 004B,Unable to prosecute suspect
2c66e3ca5009aac5048cb0c5e56b72a408cc6f0bfd3058066a2a8b38ac75ea77,2018-12,Essex Police,Essex Police,0.725264,51.534824,On or near OUTING CLOSE,E01015842,Southend-on-Sea 014D,Investigation complete; no suspect identified
dfcc96d7a18e0ca4b95a97fba3caa48cd90e0fab5af85cb60588af7770662cb6,2018-12,Essex Police,Essex Police,0.691549,51.536296,On or near SEAFORTH ROAD,E01015851,Southend-on-Sea 015A,Unable to prosecute suspect
5418dd94160e24e3573feda2e29c029283cd9566226a52eeb91c6e95ea8b8c07,2018-12,Essex Police,Essex Police,0.924191,51.906991,On or near Petrol Station,E01021670,Colchester 002C,Unable to prosecute suspect
10354ab70a51e37207b58c9b8c3cf6c14a9157b5f6fac863423e9782fb67f22e,2018-12,Essex Police,Essex Police,0.106198,51.694264,On or near THEYDON PLACE,E01021758,Epping Forest 006C,Investigation complete; no suspect identified
a63d209e876d128f953cf4b3e93739b2c76e9f73470e9d60a835ceca18e94d43,2018-12,Essex Police,Essex Police,0.362433,51.486056,On or near TEMPLER AVENUE,E01015934,Thurrock 012B,Unable to prosecute suspect
3be5c4f15846bffdbc46bd8f7ceb96bf37f4fde0e1ee09067127375dcc06c671,2018-12,Essex Police,Essex Police,0.691346,51.537254,On or near Parking Area,E01015851,Southend-on-Sea 015A,Investigation complete; no suspect identified
7bbd48a2eac2b5e0ab02aa4a08866fd039b7a14be1e2abe5dd76cb7b25c6783f,2018-12,Essex Police,Essex Police,0.536922,51.612904,On or near HIGHCLIFFE WAY,E01021339,Basildon 005D,Investigation complete; no suspect identified
5d7a9e8207982c61ce07428e86bae00a4ac99d8c101e744f1abf7f52a6a202a3,2018-12,Essex Police,Essex Police,0.496760,51.751891,On or near BONINGTON CHASE,E01021619,Chelmsford 004C,Unable to prosecute suspect
c5fb631f664d1220b40b990cbd5b4575f0a0f778e4d1d12ec0d0ad941b9c48f3,2018-12,Essex Police,Essex Police,1.025338,51.799258,On or near COLNE WAY,E01022046,Tendring 011E,Investigation complete; no suspect identified
e4fa293d8624fd22aaf33a3f295f0167f1574b708afffe875519a9f277b71fa6,2018-12,Essex Police,Essex Police,0.501995,51.742274,On or near OYSTER PLACE,E01021544,Chelmsford 008A,Unable to prosecute suspect
25eece32c3dcf19556c3aa7b7e763fe7a1950457f1e0d8343835fd5f64cd9c5f,2018-12,Essex Police,Essex Police,1.045088,51.837862,On or near CLACTON ROAD,E01022053,Tendring 009D,Investigation complete; no suspect identified
6600a69d5ce0f62bd59388799a89f62f1a4e8b7f8de4b02a1d98494e078281a6,2018-12,Essex Police,Essex Police,0.924191,51.906991,On or near Petrol Station,E01021670,Colchester 002C,Unable to prosecute suspect
9b379b01816ab034f8cf26028cc8361ad73fbea41ad8c3afdcbbf6377c94684d,2018-12,Essex Police,Essex Police,0.725264,51.534824,On or near OUTING CLOSE,E01015842,Southend-on-Sea 014D,Investigation complete; no suspect identified
352ba5fabd74ba3d4598b0f4645d4154ff7c055bcd38c06e78df722f054f0c03,2018-12,Essex Police,Essex Police,0.132902,51.786360,On or near STATION ROAD,E01021856,Harlow 001C,Offender given a caution
0612878f01f0f915a80fccd4f41e7a7148d873cb057e249e4af38cd5f8b3b525,2018-12,Essex Police,Essex Police,0.428235,51.626912,On or near KELVEDON ROAD,E01021240,Basildon 003B,Unable to prosecute suspect
0b3c289e869fd226caefa654418872fb11e659f6347061f5a27ff0b2f2e060b3,2018-12,Essex Police,Essex Police,0.323260,51.487909,On or near DEXTER CLOSE,E01015957,Thurrock 009A,Unable to prosecute suspect
6c35f5c44799e1110e3adb1be9e048100db840346ef42ad56e629b47a93d7382,2018-12,Essex Police,Essex Police,0.501995,51.742274,On or near OYSTER PLACE,E01021544,Chelmsford 008A,Unable to prosecute suspect
2b0df37c7e3ed1b0877c4e05bf76ec0d5a9871ad795c25d9a288d3d540e1b2e3,2018-12,Essex Police,Essex Police,0.472987,51.734470,On or near NEW STREET,E01033140,Chelmsford 010F,Investigation complete; no suspect identified
f5d7a0bb014009f15ea7af7de76267eb6436d7a1111ab7e8ff291e14a69fb157,2018-12,Essex Police,Essex Police,0.496760,51.751891,On or near BONINGTON CHASE,E01021619,Chelmsford 004C,Unable to prosecute suspect
9db0a91815f2e2ab9f2c6b2ff0bea1eedc51cc4f48a717590fc7aa04ea5ce098,2018-12,Essex Police,Essex Police,0.136349,51.762953,On or near KILN LANE,E01021825,Harlow 005B,Unable to prosecute suspect
419293e6d9798b66cd39f42b9894bd529c5455670a99dfd8757c68c03a023593,2018-12,Essex Police,Essex Police,0.274337,51.507790,On or near GAVENNY PATH,E01015928,Thurrock 007B,Unable to prosecute suspect
7a61cd1b5cd6c359983decfb1fb3634824e1895f586f6752dd1fd51fbf974b0a,2018-12,Essex Police,Essex Police,0.700166,51.552736,On or near JONES CLOSE,E01015861,Southend-on-Sea 004E,Unable to prosecute suspect
5cea76cc9d25c23c855028f471f6e04d58c37633b2883d50e515f93c07364045,2018-12,Essex Police,Essex Police,0.068922,51.607564,On or near NEW FOREST LANE,E01021766,Epping Forest 017C,Unable to prosecute suspect
b79a44c742bd9e33609498b08293e11b9b5494fafa30c0278acfdfa4388ca68c,2018-12,Essex Police,Essex Police,0.088102,51.773244,On or near RECTORY WOOD,E01021843,Harlow 004E,Investigation complete; no suspect identified
c5ede5477a2a5d3c599996a7db2effe9f722170b13c1a8374d3ecf6ede18992c,2018-12,Essex Police,Essex Police,0.572069,51.869209,On or near CHARTER WAY,E01021368,Braintree 011A,Investigation complete; no suspect identified
a1f2298b8cadbbd3f1d4800e4a7dfdbd251e456728865f8b721c4cc37be57820,2018-12,Essex Police,Essex Police,1.276542,51.933427,On or near FIRST AVENUE,E01021999,Tendring 001C,Unable to prosecute suspect
23cc8bf8dca60b30f030869a9b53d08d943ae91d2eff800566560fa9617b91d9,2018-12,Essex Police,Essex Police,0.700166,51.552736,On or near JONES CLOSE,E01015861,Southend-on-Sea 004E,Unable to prosecute suspect
71e6d23f71f18a857ffbbee1d2e1e858b8c9e1999ecc2a0db1ca8c42686c516e,2018-12,Essex Police,Essex Police,0.468812,51.770521,On or near CHURCH AVENUE,E01021541,Chelmsford 001D,Investigation complete; no suspect identified
698c48000dee0cd024a25470ebda4db997d1625ffd8df8c0ec54ce156c291366,2018-12,Essex Police,Essex Police,0.305696,51.520073,On or near JUNIPER DRIVE,E01015974,Thurrock 006E,Unable to prosecute suspect
5786bd9619fccdb8e0c0f4f709e9565ce958ebd2e9c5c087425ddb1672a03869,2018-12,Essex Police,Essex Police,0.228327,51.680742,On or near GARDEN FIELDS,E01021800,Epping Forest 003C,Investigation complete; no suspect identified
bb9f18131d42987bd8d1f133f202f79d39a7d70122009d230f28824eeafb73b5,2018-12,Essex Police,Essex Police,0.439330,51.571374,On or near MYNCHENS,E01021292,Basildon 017B,Unable to prosecute suspect
d76f9e8a7e7846848fb32028fab7929cb915ca63049a9f3f9b93c1b7053371e8,2018-12,Essex Police,Essex Police,0.270445,51.486039,On or near Parking Area,E01016012,Thurrock 015C,Investigation complete; no suspect identified
63a856923a37fe3f53750a843742fa0f691994a1e3fa494312386d5ed58ad145,2018-12,Essex Police,Essex Police,0.109014,51.688548,On or near BRIDGE HILL,E01021759,Epping Forest 006D,Investigation complete; no suspect identified
12bbf8c3ce254f0822aabd7b6ced5494ab07681015f1ebd593a9e2b70c96ce47,2018-12,Essex Police,Essex Police,0.658506,51.572088,On or near KENDAL WAY,E01015838,Southend-on-Sea 001F,Investigation complete; no suspect identified
8e05623f47218daa0cc97afd06934b27580487a6be0d3fc0ae1d01f99bdebed6,2018-12,Essex Police,Essex Police,0.512536,51.581988,On or near TENTERFIELDS,E01021309,Basildon 011E,Unable to prosecute suspect
ad8d19acb78efc0244f8d7b80abfd9150d63ac22baa15a7666b7ffdae6a90298,2018-12,Essex Police,Essex Police,0.645520,51.949840,On or near SUDBURY ROAD,E01021390,Braintree 006B,Unable to prosecute suspect
1744fb002342c8045dd9eca5278bd93ae6617d4da760e00160f07086f006e740,2018-12,Essex Police,Essex Police,0.648801,51.541199,On or near LAUREL CLOSE,E01015848,Southend-on-Sea 011D,Investigation complete; no suspect identified
9e107f1d54fa79a90a50a4bc218d8dc5195ef07dd2c96cba54139601124055bc,2018-12,Essex Police,Essex Police,0.714345,51.540114,On or near SOUTHCHURCH ROAD,E01015895,Southend-on-Sea 010A,Suspect charged
6b048dbb8c74de61f0148970a144ae314a185d42c44e9116a3f61795f6285394,2018-12,Essex Police,Essex Police,0.322355,51.479168,On or near Grays Police Station,E01015956,Thurrock 016B,Offender given a drugs possession warning
f80c30b565a66919848d6d3fd4e3441b3f1ee046c07b0cf1c197bf6022866db8,2018-12,Essex Police,Essex Police,0.512536,51.581988,On or near TENTERFIELDS,E01021309,Basildon 011E,Unable to prosecute suspect
140a7d3f39838facd233fdd5b71341ad146c2213e32fa854a452017b25bdd398,2018-12,Essex Police,Essex Police,0.694351,51.537095,On or near LEONARD ROAD,E01015851,Southend-on-Sea 015A,Investigation complete; no suspect identified
84c4072ee905aca546c6cf62084f4f00f9b951fd5083d7807383e1fdbb6f2fab,2018-12,Essex Police,Essex Police,0.361679,51.461709,On or near CALCUTTA ROAD,E01016009,Thurrock 018G,Investigation complete; no suspect identified
7b64dcc5a2beae30bc2ad1a7c6bfb56966731eee6374ce14d4a3e5a5664a452d,2018-12,Essex Police,Essex Police,0.455267,51.793890,On or near GLEBE MEADOW,E01021540,Chelmsford 001C,Investigation complete; no suspect identified
f5ad71a23a00ac9edff88a22c9549ee35eb408d075752f489c23cdc0bd12be7f,2018-12,Essex Police,Essex Police,0.316734,51.476815,On or near Supermarket,E01015953,Thurrock 017C,Investigation complete; no suspect identified
5eb337d5ea850b5aaa95fc15a721d77acc12a2867b8d73c357f2f82338211213,2018-12,Essex Police,Essex Police,0.570012,51.870072,On or near Shopping Area,E01021368,Braintree 011A,Investigation complete; no suspect identified
4c35996c44ce265c06d7694fd29b6370050e629fc4b80c4a54ce8cd99923b4dc,2018-12,Essex Police,Essex Police,0.559849,51.518182,On or near ORMSBY ROAD,E01021501,Castle Point 011D,Unable to prosecute suspect
a86243107778df916c547e749ce8cf67c039458c4b91f408aa4eefff0ad0f9f0,2018-12,Essex Police,Essex Police,0.328706,51.478034,On or near PARK ROAD,E01015956,Thurrock 016B,Investigation complete; no suspect identified
b99708ab2921ea452094440b0c814c4a850603158e2b2c61b087040c302493cf,2018-12,Essex Police,Essex Police,0.162130,51.715325,On or near LANCASTER ROAD,E01021799,Epping Forest 001E,Unable to prosecute suspect
de73c484388651b9c7afeb12d4a675d4b625bbddd2bad05535f96ef3589cf7f3,2018-12,Essex Police,Essex Police,0.581077,51.519875,On or near Police Station,E01021502,Castle Point 011E,Investigation complete; no suspect identified
4208a61805f89d983b0544508b70afdb26375177aa8fcb1dad87782636137d83,2018-12,Essex Police,Essex Police,0.728770,51.534131,On or near PROSPECT CLOSE,E01015842,Southend-on-Sea 014D,Investigation complete; no suspect identified
02bfba4e289608b2c02637408e1c097780c187c74524953fa90f4d8144c71d11,2018-12,Essex Police,Essex Police,0.072078,51.647687,On or near COLSON PATH,E01021772,Epping Forest 013B,Investigation complete; no suspect identified
1ffec05ba6e3d34808cb8dc313f09dd1e704c7580d919a22c24320fbb6d0b2f8,2018-12,Essex Police,Essex Police,0.881873,51.875344,On or near BROUGHTON CLOSE,E01021717,Colchester 013D,Investigation complete; no suspect identified
89e13829789aa71af3263b13caf101d2c59e7295fb01adc979523bb3cb23bb64,2018-12,Essex Police,Essex Police,0.323990,51.630416,On or near SHORTER AVENUE,E01021465,Brentwood 005D,Investigation complete; no suspect identified
ca759e5d5a5955616e64cdfc74be10b1bb5425fb72c600655112fe2c9d1afebf,2018-12,Essex Police,Essex Police,0.284490,51.487772,On or near Shopping Area,E01016011,Thurrock 015B,Investigation complete; no suspect identified
db0d32437f58650f95b67a306ee2f0fd0a889d8bcf7250715ced0a09c4724ed5,2018-12,Essex Police,Essex Police,0.533459,51.861000,On or near THIRLMERE CLOSE,E01021384,Braintree 013C,Unable to prosecute suspect
af05283e6100e80257f3d0f02d752fa43cd57a477114d0f17af10c3341a178ee,2018-12,Essex Police,Essex Police,0.909743,51.871312,On or near MERSEA ROAD,E01021637,Colchester 018A,Investigation complete; no suspect identified
451e35d52d7c6dabd7c5528663fc556b57a416dfb84c722a15ea8c112d670887,2018-12,Essex Police,Essex Police,0.579261,51.882172,On or near ROCHESTER CLOSE,E01021351,Braintree 007B,Unable to prosecute suspect
920cf5e570e94d85f47b25751737157eae6b3b4990e81de7caf812eedb8e76e2,2018-12,Essex Police,Essex Police,0.361679,51.461709,On or near CALCUTTA ROAD,E01016009,Thurrock 018G,Investigation complete; no suspect identified
8c7813f5845ce028a5546cb1336839308a7dca28e5f9b9ef19feeefc87e630a6,2018-12,Essex Police,Essex Police,0.650285,51.549611,On or near TANKERVILLE DRIVE,E01015815,Southend-on-Sea 003B,Investigation complete; no suspect identified
f5766506a3aa92dc7f95f47d9c8815f4d5e36d5eefba898b1e34f3c0d4f9e12c,2018-12,Essex Police,Essex Police,0.474285,51.741251,On or near Further/Higher Educational Building,E01021574,Chelmsford 010A,Investigation complete; no suspect identified
8b4c6b814d9b9cec0970a528316a5d731894448a376eea8d206c97de9e9c70f3,2018-12,Essex Police,Essex Police,0.323260,51.487909,On or near DEXTER CLOSE,E01015957,Thurrock 009A,Local resolution
eb88013d937228367a0d83d0d1882d9b22899e293912ef428a90c21ca5c7f5b3,2018-12,Essex Police,Essex Police,0.726190,51.541872,On or near CHRISTCHURCH ROAD,E01015843,Southend-on-Sea 014E,Unable to prosecute suspect
33cf1ebfdcb53a27941b76ea122bafe6c7f185afdc0f45562a19b8bb8ba428e3,2018-12,Essex Police,Essex Police,0.324514,51.478855,On or near TITAN ROAD,E01015956,Thurrock 016B,Investigation complete; no suspect identified
5d5059e79170a301b333f47fc126021e01890349feeeee87ba50f971fcb109cc,2018-12,Essex Police,Essex Police,0.699490,51.565684,On or near NIGHTINGALE CLOSE,E01015867,Southend-on-Sea 002E,Investigation complete; no suspect identified
f1785e86af6b74964c0ca6a4ff60ef773d43ee5fdff50eca1024685e950c05cf,2018-12,Essex Police,Essex Police,0.275564,51.489033,On or near Supermarket,E01016012,Thurrock 015C,Investigation complete; no suspect identified
11860bc4e6104a7865cbffb2b9d8a2af356bbb79a404230ac45786fb4d6d45b8,2018-12,Essex Police,Essex Police,0.707964,51.544866,On or near VICTORIA AVENUE,E01015895,Southend-on-Sea 010A,Unable to prosecute suspect
dd9dab3106df9ac564f53f27bca609ffeae0239150d1a9556e130b63ed6aecfa,2018-12,Essex Police,Essex Police,0.473682,51.730490,On or near Pedestrian Subway,E01033140,Chelmsford 010F,Local resolution
543a20cfcac6fd5531b35f0f1704997e140105df4855a7da65147a3e981c5323,2018-12,Essex Police,Essex Police,0.333084,51.476607,On or near EAST THURROCK ROAD,E01015962,Thurrock 016E,Investigation complete; no suspect identified
1a998c9d4bf418af7426e5bad89b18721bbdc2ac6809a38134a06deaea595d21,2018-12,Essex Police,Essex Police,0.746549,51.618095,On or near ALTHORNE WAY,E01021916,Rochford 004B,Investigation complete; no suspect identified
d03b90c1ea0c083d64a23fa3905992ec6e802fbd4c1f51fe7f194da9269235ed,2018-12,Essex Police,Essex Police,1.048353,51.945596,On or near HUGES STANTON WAY,E01022015,Tendring 003D,Unable to prosecute suspect
157f7d6fd9092497955dd404db518cab0e965064a8df84112bb4d78d6c69b28e,2018-12,Essex Police,Essex Police,0.631810,51.787137,On or near BAKER WAY,E01033461,Braintree 017G,Unable to prosecute suspect
3ace49b173a887d9f0d211f8bdf589447b186093f7390b69884de39256e9ebef,2018-12,Essex Police,Essex Police,0.477081,51.569207,On or near AMPERS END,E01021320,Basildon 015D,Unable to prosecute suspect
7b489c255fdacf99aca66149e4e396931efbfceb8fa0c40ffbd651d0a395be54,2018-12,Essex Police,Essex Police,0.741905,51.616081,On or near WILLOW WALK,E01021916,Rochford 004B,Investigation complete; no suspect identified
565f98b99075374ad8544dcec842945f25160e3f1058d95af716ea49129d3d4a,2018-12,Essex Police,Essex Police,0.962727,51.898436,On or near CHAPEL LANE,E01021972,Tendring 005B,Unable to prosecute suspect
8e0a01ac73aba74e79bd26c96fb98ec4d13eb937c33b054f6117d8a1727b99db,2018-12,Essex Police,Essex Police,0.909402,51.884262,On or near JAMES STREET,E01021686,Colchester 011D,Unable to prosecute suspect
1ba8d73147e7dfc259ae74f42c16c273c75151d45cf141420e42b1b28cde086a,2018-12,Essex Police,Essex Police,0.387333,51.672374,On or near WOODLAND CLOSE,E01021458,Brentwood 002B,Investigation complete; no suspect identified
4c9ec4cd29615996a5f4a9c7c2fbf5e313fe23d96b34016b93a47656e9c550f9,2018-12,Essex Police,Essex Police,0.707964,51.544866,On or near VICTORIA AVENUE,E01015895,Southend-on-Sea 010A,Unable to prosecute suspect
69ab6bd341e0a2596baa61f58bb572401699b1b661556297498a97e16a03f57a,2018-12,Essex Police,Essex Police,0.429958,51.570183,On or near SOMERCOTES,E01021288,Basildon 016B,Investigation complete; no suspect identified
05c277a43d18afb249d2ffaa17ce1d91d99ab2c9ca0691714d095cbe02a9c69d,2018-12,Essex Police,Essex Police,0.242000,52.023440,On or near Shopping Area,E01022076,Uttlesford 002B,Investigation complete; no suspect identified
38d7675c72b08f72e18df97b142dedae123196ac46d95785aba97c8ddbcd7257,2018-12,Essex Police,Essex Police,0.082820,51.643936,On or near CHIGWELL LANE,E01021773,Epping Forest 013C,Investigation complete; no suspect identified
3c0d14690ee382cbcad8e0d6f773edf7ec2623b7f26e333ce3730b60708890f5,2018-12,Essex Police,Essex Police,0.266292,51.478970,On or near A282,E01016012,Thurrock 015C,Unable to prosecute suspect
4034421b75af5d9ff229dc290566562114d155aab642df400e89782b77a7d5b0,2018-12,Essex Police,Essex Police,0.909402,51.884262,On or near JAMES STREET,E01021686,Colchester 011D,Unable to prosecute suspect
7857480e3b07f4c6c37fe8a208313b3c78ecb426b6f60152150cd4c205b1930e,2018-12,Essex Police,Essex Police,0.901486,51.905305,On or near STANFORD ROAD,E01021679,Colchester 004A,Unable to prosecute suspect
3f105bbe3e65eacb7cd2f16735bf03a63e9dfcffd5d086224d1e9b6aa0cc8c55,2018-12,Essex Police,Essex Police,0.477081,51.569207,On or near AMPERS END,E01021320,Basildon 015D,Unable to prosecute suspect
83d39304179d2d87e02a079bd3089c1ecc1da0fea62a16b508670ac8a44205e7,2018-12,Essex Police,Essex Police,0.504955,51.759639,On or near BRAGANZA WAY,E01033144,Chelmsford 005F,Suspect charged
7a7688fba61d529cff87ceb9d784daa2c96187131b5dab58dd1af89d1314aa87,2018-12,Essex Police,Essex Police,0.544489,52.027392,On or near RIDGEWELL ROAD,E01021414,Braintree 001C,Unable to prosecute suspect
c184fffe43e12afeb59b8930ba9bdef8dd6384cf482783fdf6c28be8e9fa35ee,2018-12,Essex Police,Essex Police,0.726190,51.541872,On or near CHRISTCHURCH ROAD,E01015843,Southend-on-Sea 014E,Unable to prosecute suspect
ad81765aca8c32f71cb045e1a1aed78eec6f7dddadd9fd6f7ef20640ab7c5234,2018-12,Essex Police,Essex Police,0.242871,51.479789,On or near LINNET WAY,E01016013,Thurrock 015D,Unable to prosecute suspect
e9888fddb3d5a7f1f3d02fc119a00d59fd57c36a06fb2fdb4da3306ffcec64cf,2018-12,Essex Police,Essex Police,0.071614,51.749679,On or near BROADLEY ROAD,E01021865,Harlow 009E,Unable to prosecute suspect
d1155d2bb9a591509770dd477740b1dfde7035cb8973fae17b58a620d47e9850,2018-12,Essex Police,Essex Police,0.544489,52.027392,On or near RIDGEWELL ROAD,E01021414,Braintree 001C,Unable to prosecute suspect
0e92006886986ef63e963e82b62a311f0cea22bf31d07d2f285d46267380fee6,2018-12,Essex Police,Essex Police,0.242526,51.709294,On or near BOWES DRIVE,E01021755,Epping Forest 004C,Unable to prosecute suspect
01378e1b8d0812bfc2882cb0a36c6fce1d5b65d7dc4fa6903159ffeab782015e,2018-12,Essex Police,Essex Police,0.252277,51.713253,On or near HIGH ONGAR ROAD (CHELMSFORD ROAD),E01021769,Epping Forest 003A,Investigation complete; no suspect identified
ecb121cd35eabf972c4ec2c02705d82b585f21db913dab956cacc01df83e8427,2018-12,Essex Police,Essex Police,0.327014,51.494013,On or near COBHAM,E01015994,Thurrock 009D,Investigation complete; no suspect identified
6f4ba29630217ceb4fb8d2f8ab0e7325ddeef21a2d5298c97f17925836481944,2018-12,Essex Police,Essex Police,0.473830,51.736629,On or near Chelmsford Police Station,E01033141,Chelmsford 010G,Suspect charged
0baa12771a657180ee6d6e7ead6295900034244e551f1855189d1a689447180a,2018-12,Essex Police,Essex Police,0.746549,51.618095,On or near ALTHORNE WAY,E01021916,Rochford 004B,Investigation complete; no suspect identified
000850e29583750c664163ac5bbdfa14e2bcedc00b6bd72a3969c071054b886c,2018-12,Essex Police,Essex Police,0.436143,51.574120,On or near BELSTEDES,E01021292,Basildon 017B,Investigation complete; no suspect identified
85c6f884b90b39f07c70026f6fd2b9f07534be5cff22b78868d3e02e18c1f7a2,2018-12,Essex Police,Essex Police,0.301760,51.624020,On or near WATERLOO ROAD,E01021433,Brentwood 007A,Investigation complete; no suspect identified
27861168faca085052bfb01d132ac3f4e780f9843354923537f790daf7fcc0d9,2018-12,Essex Police,Essex Police,0.453841,51.570981,On or near WESTGATE,E01021318,Basildon 015C,Unable to prosecute suspect
caa201b4e9a4f02107dae250c58f6aaa30f57e4eaa286066d646d37638fa86db,2018-12,Essex Police,Essex Police,0.095357,51.767783,On or near Shopping Area,E01021872,Harlow 007E,Unable to prosecute suspect
a8dadf82e05c626307b07719e596c69da6e9e1e51bf108199b31d6a2b72e89cf,2018-12,Essex Police,Essex Police,0.599683,51.578209,On or near Petrol Station,E01021966,Rochford 008F,Local resolution
7d76c84cf2868446401b54749b5f601f49aa1d07ab5ef95c322153eadd64135d,2018-12,Essex Police,Essex Police,0.361679,51.461709,On or near CALCUTTA ROAD,E01016009,Thurrock 018G,Investigation complete; no suspect identified
1e5666c37b486ba6612677f8a8a9d5cff292f689048a41065d2409f73798419a,2018-12,Essex Police,Essex Police,0.436261,51.575781,On or near KNIGHTS,E01021289,Basildon 016C,Unable to prosecute suspect
2e0da25a1f209d53dbd5fcb7925eab72ebb5244472e505ae1b33585a94bd91cc,2018-12,Essex Police,Essex Police,0.515702,51.569536,On or near KINGSDOWN CLOSE,E01021313,Basildon 018A,Unable to prosecute suspect
28c62cf67cf1571ae7fcd82e618f24f9e7586fc9fa9a6e1ddc98c8c89c8eef65,2018-12,Essex Police,Essex Police,0.459410,51.568814,On or near SOUTHERNHAY,E01021318,Basildon 015C,Investigation complete; no suspect identified
96a910915f43174d38d80b94271e97a012c14486808fd78c1f69c5b405934c8d,2018-12,Essex Police,Essex Police,0.940347,51.856259,On or near HEATH ROAD,E01021658,Colchester 016B,Investigation complete; no suspect identified
a5beb767b4a60a33aa2740ebcf7b4ea68bc6e6591ade443d942ca48c7a2ba01b,2018-12,Essex Police,Essex Police,,,No location,,,Investigation complete; no suspect identified
8937d44c6ecc095ec75ef72427b2e8e160eca558ca6fbf3ed0e961b35ab582a0,2018-12,Essex Police,Essex Police,0.515702,51.569536,On or near KINGSDOWN CLOSE,E01021313,Basildon 018A,Unable to prosecute suspect
7c9524ec174c562034dd710b674dea0595b21ecf74097f9e9af1015fd9020055,2018-12,Essex Police,Essex Police,0.453343,51.754163,On or near BOUNDERBY GROVE,E01021590,Chelmsford 002D,Investigation complete; no suspect identified
cee548c9ed175feaf0fdced9fa19a0d2dff4c6f59e0698afc8efebb5071ca5c6,2018-12,Essex Police,Essex Police,0.631810,51.787137,On or near BAKER WAY,E01033461,Braintree 017G,Unable to prosecute suspect
43c03179793384b72368c323c9d2afa3a39f5da3b1a8d348b788ca942abb09f3,2018-12,Essex Police,Essex Police,0.694982,51.538267,On or near CANEWDON ROAD,E01015855,Southend-on-Sea 015E,Investigation complete; no suspect identified
233f8c43b995ce84eda98df2d16c61a8eecaad1457b4f659fa7b43f0a2b3cf57,2018-12,Essex Police,Essex Police,0.631950,51.787809,On or near MORRISON DRIVE,E01021424,Braintree 018E,Unable to prosecute suspect
897b10fe1cd86bc554416b157108d66eb23cbca137c13ef120060370816742d3,2018-12,Essex Police,Essex Police,0.669102,51.541099,On or near HILLSIDE CRESCENT,E01015829,Southend-on-Sea 012C,Investigation complete; no suspect identified
ca0b6b4d46e16c46fdfd68ddedb5bd8047c00930b252336a7fb99b4b2f573ef7,2018-12,Essex Police,Essex Police,0.579404,51.532611,On or near ELSINOR AVENUE,E01021504,Castle Point 008C,Unable to prosecute suspect
ad90cc4a0e93963c60b4ec381d31ede001afcd82a476b8e60c8748586a5187c8,2018-12,Essex Police,Essex Police,0.132511,51.766089,On or near Supermarket,E01021827,Harlow 005D,Investigation complete; no suspect identified
9641bdfa58c70347fca95a54e228c18d8905a11eb0c9219bfd6d40dab448b6f0,2018-12,Essex Police,Essex Police,0.095357,51.767783,On or near Shopping Area,E01021872,Harlow 007E,Unable to prosecute suspect
9e14853d738b43b03049d1b59362e8976b4d9582ae44aeaa0b5923fef9a266b2,2018-12,Essex Police,Essex Police,0.284565,51.510307,On or near EDEN GREEN,E01015976,Thurrock 007F,Investigation complete; no suspect identified
63f3cd2b0bded4e19ffadaa6e8eecce6876634d8b8e1975a2e08ddcb5a428906,2018-12,Essex Police,Essex Police,0.723180,51.909280,On or near TEY ROAD,E01021662,Colchester 010B,Unable to prosecute suspect
d952ce7f4c86b6c10684dae40d49fcc53821845d98dfa52c06de373c4a23125b,2018-12,Essex Police,Essex Police,0.935438,51.891493,On or near TAMARISK WAY,E01021696,Colchester 008A,Investigation complete; no suspect identified
cab8732f8eb0ecbbd058ec3acd16f5baf9e8e3596e4c0eb4045b655f782604d7,2018-12,Essex Police,Essex Police,1.284774,51.942938,On or near MARIA STREET,E01021997,Tendring 001A,Unable to prosecute suspect
36ee16816663d80fe70e9e0f8d70edfd4eb3273203d4b6a3b6fd550fca0ae6dd,2018-12,Essex Police,Essex Police,0.712497,51.540310,On or near Bus/Coach Station,E01015895,Southend-on-Sea 010A,Unable to prosecute suspect
c69990e4238f8a3de9d8134d92b3c00e8b7e4b1c68c89acb36c9eeac4e66de06,2018-12,Essex Police,Essex Police,0.561530,51.890555,On or near ELIZABETH LOCKHART WAY,E01021356,Braintree 007E,Unable to prosecute suspect
7285ff4a84d51517d1b1611246e2fca56eb8d1bf88a2bb3aaba28f5b5b531445,2018-12,Essex Police,Essex Police,0.724922,51.532953,On or near Sports/Recreation Area,E01015842,Southend-on-Sea 014D,Unable to prosecute suspect
0e51d9d282b0bf643ba29db89c28e5c7a5df20f473289702487667981bbcd410,2018-12,Essex Police,Essex Police,0.758979,51.812694,On or near SHELLEY AVENUE,E01021643,Colchester 019A,Investigation complete; no suspect identified
828a10ccae1fa962a32c90152c343e5e37a9e88a1e0e47cb86337b3987d886c1,2018-12,Essex Police,Essex Police,0.416702,51.580098,On or near HOME MEAD,E01021278,Basildon 014E,Unable to prosecute suspect
394ad23a15b9ae16d05f0a3d1599e408b6c011a11f9cd09c4d9d316b819a741d,2018-12,Essex Police,Essex Police,0.369264,51.510568,On or near HERGA HYLL,E01015977,Thurrock 004A,Investigation complete; no suspect identified
057fe3634113f860f999141a94231759502270080b61553cb83b271b6b7f7e58,2018-12,Essex Police,Essex Police,0.472536,51.736818,On or near COTTAGE PLACE,E01033141,Chelmsford 010G,Investigation complete; no suspect identified
337f001aae0e6183f13b19a9c492eab02be09677e9c19fa341d361ccc64e6ef2,2018-12,Essex Police,Essex Police,0.469769,51.733351,On or near Parking Area,E01033141,Chelmsford 010G,Investigation complete; no suspect identified
3adbe3acf3f2c7adfc081ded9b967e1a722945697bded66084bdbb0001e0cf79,2018-12,Essex Police,Essex Police,0.733292,51.547490,On or near LONSDALE ROAD,E01015870,Southend-on-Sea 006B,Investigation complete; no suspect identified
36f71d702963af54fccf2612064451efca0793435c78403cdbef4a3815532f58,2018-12,Essex Police,Essex Police,0.896245,51.888706,On or near HEAD STREET,E01021649,Colchester 007D,Investigation complete; no suspect identified
4c2f70d28c113d3e6860b24a227e94cc4a83a04eeb9db43cfa6ee4a10d096bfc,2018-12,Essex Police,Essex Police,0.290691,51.493379,On or near Sports/Recreation Area,E01015942,Thurrock 020C,Unable to prosecute suspect
1ea50771efbd7411fa677e778ea5a0f6dfc8858360eecde17060267aa12f3e9c,2018-12,Essex Police,Essex Police,0.430063,51.515592,On or near SCRATTON ROAD,E01015990,Thurrock 003D,Investigation complete; no suspect identified
555d83076d09e045ee2be38436bceeb06e194727f6bafa224cb378522377a1a5,2018-12,Essex Police,Essex Police,0.903575,51.888768,On or near Theme/Adventure Park,E01021648,Colchester 007C,Investigation complete; no suspect identified
1c560d0498582bc89bae8150cc65f4e4e0fe8139cb660f44c6125c3a6d7cd2de,2018-12,Essex Police,Essex Police,0.051140,51.650087,On or near SHAFTESBURY,E01021791,Epping Forest 012F,Investigation complete; no suspect identified
2dfac11f6c66d68fae9c7228cb4609f2510a4dabfb9869cb8ec9cb4371018b74,2018-12,Essex Police,Essex Police,0.741905,51.616081,On or near WILLOW WALK,E01021916,Rochford 004B,Investigation complete; no suspect identified
b977e1fea711cbf46e40ed4de3c61d283153fee4ca1ff18dbb84ebfd9c44b4be,2018-12,Essex Police,Essex Police,0.490023,51.577351,On or near CRAYLANDS,E01021270,Basildon 012D,Unable to prosecute suspect
98106f53da098cca545bf9746f381765fad02cd1dde7a7555060ec7f4fd4b319,2018-12,Essex Police,Essex Police,1.126422,51.792186,On or near Parking Area,E01022031,Tendring 015D,Local resolution
7f9042eba4d1fa3426baa613e010852af6e8436d42c74e5828f495845d9af97c,2018-12,Essex Police,Essex Police,1.082635,51.774555,On or near LINKS ROAD,E01022045,Tendring 018D,Unable to prosecute suspect
ef974d950cc8fd1c2a19bc0921dc095fbdc6522205ba976b9d909e5bc5c8277f,2018-12,Essex Police,Essex Police,0.254787,51.484848,On or near BANNER CLOSE,E01015921,Thurrock 015A,Unable to prosecute suspect
c704de13030c28df25af13c5df70592125ee14e301c9c81068eac1bcf773d772,2018-12,Essex Police,Essex Police,1.194692,51.810011,On or near DEVON WAY,E01022008,Tendring 012A,Investigation complete; no suspect identified
53b0f739ec8d435e22de9d0c3fd250cbc9b3bb1c5ad8a467bfe63831fac32466,2018-12,Essex Police,Essex Police,0.490023,51.577351,On or near CRAYLANDS,E01021270,Basildon 012D,Unable to prosecute suspect
aaef7c015574d4af1371b6c86f0593b54c7ec23273f2cdfa909e00f8d552022f,2018-12,Essex Police,Essex Police,1.168130,51.855980,On or near OAK CLOSE,E01021973,Tendring 007A,Investigation complete; no suspect identified
d37511214f678007a71d02641e678be9cf4104d7737e361a97f1442002305f85,2018-12,Essex Police,Essex Police,0.463490,51.569268,On or near Supermarket,E01021318,Basildon 015C,Local resolution
b918713a18a5af117bf2efa77de5d1678cec06f8b89e76d44b4fe8a4bf7f9308,2018-12,Essex Police,Essex Police,0.290691,51.493379,On or near Sports/Recreation Area,E01015942,Thurrock 020C,Unable to prosecute suspect
0318aea1dda56537c4450e2a49530889ae5573e30693818dfee7e729f0486e08,2018-12,Essex Police,Essex Police,0.467078,51.570236,On or near NETHER PRIORS,E01021318,Basildon 015C,Suspect charged
0573da2b11df6ce08961453bb779c9b25bff5d3e5a8fd8e0364e13f125376d5c,2018-12,Essex Police,Essex Police,0.746010,51.816073,On or near MILLFIELDS,E01021727,Colchester 020E,Investigation complete; no suspect identified
34a8c87a8768d765a1c36fb6d5ff1161679f7ccbca2d21d9272e863133665f14,2018-12,Essex Police,Essex Police,0.707721,51.582771,On or near OLD SHIP LANE,E01021955,Rochford 004D,Investigation complete; no suspect identified
d358742e32f6eeeeb8c5686685bc93c895f80ea644d29834bb75f13f81c64588,2018-12,Essex Police,Essex Police,0.087903,51.754804,On or near SHAWBRIDGE,E01021831,Harlow 007A,Unable to prosecute suspect
ce7db602108c614ed0a60c07a1b55b43e3bbe6f4acb816e957898562f18fb9e9,2018-12,Essex Police,Essex Police,0.115890,51.760868,On or near LITTLE BRAYS,E01021820,Harlow 006B,Unable to prosecute suspect
4c74f8b77d019ab729e89a472639d7c1f9553877f5ed928b1335d5fcb1ca02dc,2018-12,Essex Police,Essex Police,0.508183,51.565596,On or near PARKHURST ROAD,E01021316,Basildon 018D,Investigation complete; no suspect identified
2939e3de009654bb037bcd49a90194560621f8d5c2ba7633d794d639d80739fb,2018-12,Essex Police,Essex Police,0.691346,51.537254,On or near Parking Area,E01015851,Southend-on-Sea 015A,Investigation complete; no suspect identified
b3ddf35a2a1e23aa254ffc966cd852088ae084fe00cfc99ce20164544fc09b21,2018-12,Essex Police,Essex Police,0.307989,51.475045,On or near WORTHING CLOSE,E01015951,Thurrock 017A,Unable to prosecute suspect
863b408624a8cfab68b62d43fed09ec99ec1a3c3c8454dcb1c32f43f0acef3da,2018-12,Essex Police,Essex Police,1.142850,51.796290,On or near AGINCOURT ROAD,E01021968,Tendring 017A,Unable to prosecute suspect
d9f814f369b618fbc331ff312e4fea5fe33cc9de666f1c33814c983f27216fa6,2018-12,Essex Police,Essex Police,0.630520,51.795377,On or near HALCYON CLOSE,E01033462,Braintree 017H,Unable to prosecute suspect
76d3a33ce4f7524614a76e9aceac7c581c42c58e698f4590b2d498fa76ddf0c3,2018-12,Essex Police,Essex Police,1.066463,51.797967,On or near Parking Area,E01022047,Tendring 018E,Unable to prosecute suspect
138392d9cde2795860e233c502eff6c68579d274221278d975ea06d84d7b0108,2018-12,Essex Police,Essex Police,0.162130,51.715325,On or near LANCASTER ROAD,E01021799,Epping Forest 001E,Unable to prosecute suspect
f14b3bf1a9eb6b854fe7e1efa7f3554149f32ec11024e169a67007b27d2f070e,2018-12,Essex Police,Essex Police,0.361679,51.461709,On or near CALCUTTA ROAD,E01016009,Thurrock 018G,Investigation complete; no suspect identified
49c57b9cff8635fae1d04b6a26d18e2cd917564edcdf342d8d485bc0a1267a8c,2018-12,Essex Police,Essex Police,0.904304,51.876636,On or near MAPLE WAY,E01021642,Colchester 018F,Investigation complete; no suspect identified
8cfd4d373de2d8e431ae99450180121ab44a8e0377c14c8f671a46178213a130,2018-12,Essex Police,Essex Police,1.108363,51.773625,On or near SWIFT AVENUE,E01021988,Tendring 018A,Unable to prosecute suspect
bae78efafd37b513c8dda55f60dd004b7b2a2899b976903d832693c244e88b0f,2018-12,Essex Police,Essex Police,0.920942,51.884039,On or near ST LEONARD'S ROAD,E01021685,Colchester 011C,Unable to prosecute suspect
d821fd0d0ff6857712bad98e5a2a2417981cff45f4332efcbbcf3f5d470d85e5,2018-12,Essex Police,Essex Police,0.138940,51.650912,On or near CHURCH LANE,E01021770,Epping Forest 010A,Unable to prosecute suspect
e49aa904269666db9f2d554b14ece3d4a627721139e5e7954ebe62f9eac46b2b,2018-12,Essex Police,Essex Police,0.544561,51.613377,On or near BEAUCHAMPS DRIVE,E01021337,Basildon 007B,Unable to prosecute suspect
eba41fcb0822103b5b9d186cb37b042a3b6758ef613ca93f0364334bcdf6d118,2018-12,Essex Police,Essex Police,1.140548,51.788005,On or near CHATSWORTH GARDENS,E01022038,Tendring 017E,Unable to prosecute suspect
5a2a7cfb90c0c304586e3a550dc23b0cd8d1a9201975156e9d18c7e83c44f651,2018-12,Essex Police,Essex Police,0.074693,51.641337,On or near MARLESCROFT WAY,E01021771,Epping Forest 013A,Investigation complete; no suspect identified
0e35a36c6cb0f1f27617f6811a7b30ae0b2dfb64b114aeba31160ae27e520e66,2018-12,Essex Police,Essex Police,0.920942,51.884039,On or near ST LEONARD'S ROAD,E01021685,Colchester 011C,Unable to prosecute suspect
8aa3fd1827d1d993d932092d7f34b280ec77c213c553396761a4725b25ed6e22,2018-12,Essex Police,Essex Police,0.619670,51.582648,On or near WARWICK CLOSE,E01021950,Rochford 008A,Unable to prosecute suspect
59ba880302bd2d48cc09ed3f7059fb077e00728984907b94fb76c7052f02af6c,2018-12,Essex Police,Essex Police,0.361679,51.461709,On or near CALCUTTA ROAD,E01016009,Thurrock 018G,Investigation complete; no suspect identified
2b3ce013e27ce1ad61c92b207cf903a5adcc96e1841be81e3d4622d738c706eb,2018-12,Essex Police,Essex Police,0.352927,51.466210,On or near GAYLOR ROAD,E01016006,Thurrock 018D,Unable to prosecute suspect
3b4da5af6cd359f895d8c6e3cb621c2cd81ac737be9e7c40c7d5617ad721dffd,2018-12,Essex Police,Essex Police,0.659238,51.553725,On or near WINDSOR CLOSE,E01015826,Southend-on-Sea 005G,Unable to prosecute suspect
fcede3ac0593473d3943c66265fb66d834ea82e422ea080d2c40e20635c2c0ba,2018-12,Essex Police,Essex Police,0.469258,51.713613,On or near PLANE TREE CLOSE,E01021558,Chelmsford 015B,Unable to prosecute suspect
dacfd013aa8ede44cdce3d350313bffdd621e8b3f4e14382f0ea3da0ffa33164,2018-12,Essex Police,Essex Police,0.502805,51.748794,On or near WALLFLOWER COURT,E01021621,Chelmsford 007B,Investigation complete; no suspect identified
0ee95758531d3748826d68898b61d709589f4d0db524b14937bcfd2aa0dd6ccc,2018-12,Essex Police,Essex Police,0.073653,51.758762,On or near CHURCH END,E01021832,Harlow 009C,Investigation complete; no suspect identified
962f97c1a762ee50aa8da892eea31fad80391c0eff2bf2d94fa8a1c552663c1d,2018-12,Essex Police,Essex Police,0.353142,51.488293,On or near GRANGEWOOD AVENUE,E01015965,Thurrock 010C,Local resolution
0f25cc1688cb6d561cff9e7dadd2d510f18cc38036fcfa6fbca01805ef6959e9,2018-12,Essex Police,Essex Police,0.868319,51.880855,On or near NASH CLOSE,E01021693,Colchester 014E,Unable to prosecute suspect
e09b40ef8b6661d0104cc1fb189f06b4fb974155e85422c56bffdc015c86fe6a,2018-12,Essex Police,Essex Police,0.340105,51.489139,On or near LODGE LANE,E01015964,Thurrock 010B,Unable to prosecute suspect
c4a0a8f1c6d986e0696041c9b2b0f6d496fea29528e38b983cfbbea6935b213d,2018-12,Essex Police,Essex Police,0.352927,51.466210,On or near GAYLOR ROAD,E01016006,Thurrock 018D,Unable to prosecute suspect
3461df5f1686cfa9dc5ea1825330f0c4a0b69d11e0e2260dd3f1144f9417cfb3,2018-12,Essex Police,Essex Police,0.051961,51.645217,On or near Parking Area,E01021781,Epping Forest 014B,Offender given a drugs possession warning
ccfd4ce5f64a229b893e4ee006c15496125357f72917af45d09d8ddbf833e4ba,2018-12,Essex Police,Essex Police,0.720074,51.535817,On or near ST LEONARD'S ROAD,E01015841,Southend-on-Sea 014C,Investigation complete; no suspect identified
1065cf4621deedfcf793df9324a2add30f22fecadd4fb6fc69f55f4727a5e456,2018-12,Essex Police,Essex Police,0.239013,51.703516,On or near FAIRBANK CLOSE,E01021753,Epping Forest 004A,Investigation complete; no suspect identified
21ebf0ab8298668c59672082d39d9ce4126fb92b6c773e9ffc09faec33c75262,2018-12,Essex Police,Essex Police,1.160633,51.794617,On or near AVONDALE ROAD,E01022049,Tendring 014D,Offender given a drugs possession warning
2657ad60f003d039643107ed0df74636b109f00916264b8dd14ecdf69571c61b,2018-12,Essex Police,Essex Police,0.092379,51.613605,On or near MANOR ROAD,E01021765,Epping Forest 017B,Unable to prosecute suspect
ae278487cf5b7b767755d946e925fd3992686dacae962b4fac487d245b5c5621,2018-12,Essex Police,Essex Police,0.092373,51.766253,On or near LUTHER KING ROAD,E01021868,Harlow 007B,Suspect charged
39e79ced95bad76d4defbd5fac79e1457daf4eac4badb2171a70f82ae0c61423,2018-12,Essex Police,Essex Police,,,No location,,,Investigation complete; no suspect identified
3ebe1704aeaf11a39de71f3f36a8b2f62b3c64cb99e704c6771396b2fd03cd41,2018-12,Essex Police,Essex Police,0.109228,51.781779,On or near Shopping Area,E01021845,Harlow 002B,Unable to prosecute suspect
1221db9e622ec3d62a0566c6c083d041ed1142746cdda6e9f74353a54b58d953,2018-12,Essex Police,Essex Police,1.160200,51.793612,On or near VISTA ROAD,E01022049,Tendring 014D,Offender given a drugs possession warning
3900418b4d342fa6e96f6d1fc68e0bf1055e966578bc8ee760c5728efa0ca531,2018-12,Essex Police,Essex Police,0.558169,51.553527,On or near Parking Area,E01021522,Castle Point 007C,Unable to prosecute suspect
ad55f46c6d912eaa73ff70170b71dd53785214a6a9854711787c049961acbc20,2018-12,Essex Police,Essex Police,0.667754,51.722924,On or near MARKLAND DRIVE,E01021896,Maldon 005D,Unable to prosecute suspect
a1a9fa143d8059b5b1de2d0ccf50e1565c960d50a0a3093733c61640842403d8,2018-12,Essex Police,Essex Police,0.092373,51.766253,On or near LUTHER KING ROAD,E01021868,Harlow 007B,Suspect charged
17ccf2976e02df587d27481fc3836902fa7730a8a73f57931a0c8d3d5d8edbb3,2018-12,Essex Police,Essex Police,0.697077,51.740673,On or near KINGFISHER CLOSE,E01021884,Maldon 003A,Unable to prosecute suspect
433582a3e4d2c69a3b9cfbdceaa9a343554cce9f3ee7488800e52855dad5dbee,2018-12,Essex Police,Essex Police,0.842274,51.885634,On or near OSIER CLOSE,E01021720,Colchester 012C,Unable to prosecute suspect
0678f53d3c43ff74f7f1ab0fbf1395f11097da19edb03bb568013389f5f4ab7f,2018-12,Essex Police,Essex Police,0.686001,51.556937,On or near ROCHESTER MEWS,E01015859,Southend-on-Sea 004C,Unable to prosecute suspect
2e1f5392669084ca28160f90e5480d1d42574931f032e84604d008ca3a52f407,2018-12,Essex Police,Essex Police,0.304504,51.661907,On or near APPLE TREE CRESCENT,E01021442,Brentwood 001B,Investigation complete; no suspect identified
4266b5d6e8a19cc388011441c597c513fb7ddf8ae50c0d82a8766c974e75a4c2,2018-12,Essex Police,Essex Police,0.251002,52.013736,On or near TUKES WAY,E01022082,Uttlesford 002G,Unable to prosecute suspect
875d953bb5cf7d9d52b134711e87346efa10d79530c912b700b396bc0fb43d03,2018-12,Essex Police,Essex Police,0.495785,51.775195,On or near PRATT'S FARM LANE,E01021540,Chelmsford 001C,Investigation complete; no suspect identified
66922fa9f4aa63ac84a4d0fdaeac7a7bcbb65cdf73fb754bc272e2171b8b3947,2018-12,Essex Police,Essex Police,0.097001,51.781044,On or near Parking Area,E01021853,Harlow 003E,Unable to prosecute suspect
cafb7e61950fd35852da70dbd97ef3bb7bda676614d7c978ce95fb07ed0aab79,2018-12,Essex Police,Essex Police,0.295900,51.630160,On or near RUSSELL CLOSE,E01021431,Brentwood 004A,Unable to prosecute suspect
d2f3a7e31b5bccf75d4ee80cdbf922f100530f96b249291d9d40763e69b2eac7,2018-12,Essex Police,Essex Police,1.150195,51.799691,On or near Park/Open Space,E01021970,Tendring 016A,Unable to prosecute suspect
523024d0df6ced4dfd1c5af1b4508b2891eb8da37986bc85009817237ca4c915,2018-12,Essex Police,Essex Police,0.896245,51.888706,On or near HEAD STREET,E01021649,Colchester 007D,Unable to prosecute suspect
a88752cf11845e551f898f92e439283a7b5d8ac979cb35130990d00bcf808a97,2018-12,Essex Police,Essex Police,0.315132,51.692525,On or near MEADOW RISE,E01021469,Brentwood 001E,Unable to prosecute suspect
004d110646101cb338ac778acc15627b9cb90e8ca3a24b4555785148de05bde3,2018-12,Essex Police,Essex Police,1.025338,51.799258,On or near COLNE WAY,E01022046,Tendring 011E,Unable to prosecute suspect
399eaa03e3b7908d0bae25bbe55152f83ab0c2e31408859cf02c8ea36f84f770,2018-12,Essex Police,Essex Police,1.025338,51.799258,On or near COLNE WAY,E01022046,Tendring 011E,Unable to prosecute suspect
35cd887c58a312f924e7eb6ccca5993e2b19ec7b4f6674a13f048643fc2cf868,2018-12,Essex Police,Essex Police,0.293896,51.475726,On or near PARSONAGE ROAD,E01016011,Thurrock 015B,Unable to prosecute suspect
8369b51399e15ce1018053ba0fbbc2f6a75e0e9a9d62c11f7259617c51dd4f50,2018-12,Essex Police,Essex Police,0.502108,51.573739,On or near MILL GREEN,E01021306,Basildon 013E,Unable to prosecute suspect
86ebf0db78c9b72b7e6906ca4d7c8952c71e3e00e433e45500ba082c622671b3,2018-12,Essex Police,Essex Police,1.101911,51.774884,On or near CROSSLEY AVENUE,E01021988,Tendring 018A,Unable to prosecute suspect
c9ff773b15a918a5dca76b36038514f022810ae0bff5a519f4d8aca78e81ef52,2018-12,Essex Police,Essex Police,0.491075,51.734691,On or near SPRINGFIELD PARK LANE,E01021629,Chelmsford 008F,Unable to prosecute suspect
235bf4d96214af5a60a12c2b2319218f796e1355754b979146ea40c0e451085c,2018-12,Essex Police,Essex Police,0.288589,51.485920,On or near FLEMMING ROAD,E01033613,Thurrock 019D,Unable to prosecute suspect
5740d5d0c9f4c66ec399b1de0f511adf4a3c967bd1f1c7b25b6482cd2160bd59,2018-12,Essex Police,Essex Police,0.821928,51.624724,On or near BELVEDERE ROAD,E01021880,Maldon 008E,Unable to prosecute suspect
1692b9ac381fb61e0c27eabed05abc7f196a5da3a8d01270324592a0c61fe65c,2018-12,Essex Police,Essex Police,0.548428,51.565583,On or near HOMEFIELDS AVENUE,E01021476,Castle Point 003A,Investigation complete; no suspect identified
bd39da3ad8b7de44df9dc92191ebee7f853c7a8abe2811f33d1577b2cd27078c,2018-12,Essex Police,Essex Police,0.030938,51.624693,On or near Petrol Station,E01021745,Epping Forest 015D,Investigation complete; no suspect identified
43e5f1dde6cb62291f38e65380d2cf8cdaf8fe9e7054eeee06c0fa113caf25d3,2018-12,Essex Police,Essex Police,0.895335,51.889691,On or near BALKERNE GARDENS,E01021646,Colchester 007A,Offender given a caution
0e14ab02325e81d946c141f60850e7c07816bd5d5dc6f5e620768f83869faf04,2018-12,Essex Police,Essex Police,0.555930,51.567884,On or near LINDEN ROAD,E01021525,Castle Point 001D,Unable to prosecute suspect
541d710374a386b03f590ab69320d607bba97da050e1eeedacc0a002728443ed,2018-12,Essex Police,Essex Police,0.679642,51.719973,On or near SPENCER CLOSE,E01021893,Maldon 005A,Unable to prosecute suspect
f38b1ce5a71585d72011edd0550969fad9fd748e0697e37467e6daa664813ef9,2018-12,Essex Police,Essex Police,0.441399,51.572563,On or near SWAN CLOSE,E01021291,Basildon 016E,Investigation complete; no suspect identified
54c8086ee2cda22b6e128aad20db37e3d2f0158a8a577f85825e68595660a18f,2018-12,Essex Police,Essex Police,0.676680,51.777661,On or near GREAT TOTHAM ROAD,E01021912,Maldon 002C,Unable to prosecute suspect
54f98bf0344176f9bc935ed5b85020385d3839d0db60b90ad765b90408843775,2018-12,Essex Police,Essex Police,0.343044,51.494764,On or near LAIRD AVENUE,E01015966,Thurrock 010D,Unable to prosecute suspect
cf092e15c160b75274f2a8d5ed25fbf9ca702f40c01cd660fb790df605e29fb8,2018-12,Essex Police,Essex Police,0.329524,51.614047,On or near NORMAN CRESCENT,E01021437,Brentwood 008B,Investigation complete; no suspect identified
09dff56fb34775fa17af9890c23fb85c691ac721d788253d43d8f12a34ca4562,2018-12,Essex Police,Essex Police,0.303360,51.620247,On or near Supermarket,E01021436,Brentwood 007B,Unable to prosecute suspect
c0f61bfac179300febe5707a99a0ed22237951e9f996786de19a1a29de573d11,2018-12,Essex Police,Essex Police,0.462457,51.585127,On or near Nightclub,E01021268,Basildon 015B,Investigation complete; no suspect identified
142be02c7ec6571d39715b0dcd50698e7c056043d27ba2b6838cc231a17fdc4f,2018-12,Essex Police,Essex Police,0.857138,51.878484,On or near WORTHINGTON WAY,E01021692,Colchester 014D,Unable to prosecute suspect
815c7a95de0857bb216c34375b04c8f1976c15b5f8fb516273abe03c83c2a2fb,2018-12,Essex Police,Essex Police,0.512109,51.743884,On or near CUTON GROVE,E01021544,Chelmsford 008A,Investigation complete; no suspect identified
3a52541bcb52e755d8f7cad97cf3f456b3eb637669788893b7ab384e369091df,2018-12,Essex Police,Essex Police,0.765306,51.536648,On or near STATION ROAD,E01015890,Southend-on-Sea 016B,Unable to prosecute suspect
4b77b21d606d6c00ac8c565fbbe42ef38d9e2783b358b5fab3a38b0cbeff48e8,2018-12,Essex Police,Essex Police,0.275564,51.489033,On or near Supermarket,E01016012,Thurrock 015C,Investigation complete; no suspect identified
ebc8e91bccb47606a6668d6081503c57ab44279d076af28b4e7fcb6fdf4919d6,2018-12,Essex Police,Essex Police,0.717415,51.549513,On or near RUSKIN AVENUE,E01015897,Southend-on-Sea 010C,Offender given a caution
d888ebe9635402cae2dbc960b867465a6b7af9d80d9f675813d009b8f9a9325b,2018-12,Essex Police,Essex Police,0.550382,51.879259,On or near Supermarket,E01021365,Braintree 009D,Suspect charged
45e83a3377aa6ef93c4a3cd6af0d5f642e648d3f70f35127c91fdbff7dc03591,2018-12,Essex Police,Essex Police,0.707964,51.544866,On or near VICTORIA AVENUE,E01015895,Southend-on-Sea 010A,Unable to prosecute suspect
8c7336a521763eb30e31155940234536081e0f333b4d4d211ee2c552f0373faa,2018-12,Essex Police,Essex Police,0.335082,51.474283,On or near MAPLE ROAD,E01015962,Thurrock 016E,Unable to prosecute suspect
c755ba066839e32facc349c51e4dc3ee631a4d938c7805be21ddeb198ef9ba88,2018-12,Essex Police,Essex Police,0.968053,51.869404,On or near HENRIETTA CLOSE,E01021737,Colchester 017B,Unable to prosecute suspect
8286ff86dec74b8108bb93a3f3088b156e35c34940e059c2155d79214ac0dce9,2018-12,Essex Police,Essex Police,0.335082,51.474283,On or near MAPLE ROAD,E01015962,Thurrock 016E,Unable to prosecute suspect
73731bc386620738e84fb16a371713d7874be754bf7e5d93a7470e7a2fe502fa,2018-12,Essex Police,Essex Police,0.523431,51.567077,On or near ILFRACOMBE AVENUE,E01021313,Basildon 018A,Investigation complete; no suspect identified
5da422c08b588af50899fd46d1572afa25e72b2195a0d15d4f06dc3b841156f8,2018-12,Essex Police,Essex Police,0.477810,51.715402,On or near SYCAMORE WAY,E01021586,Chelmsford 015E,Investigation complete; no suspect identified
722f0960944b24a6c8a31919b8b16e86f65e6f02f37147a5419b3cacf52bc083,2018-12,Essex Police,Essex Police,0.899707,51.884681,On or near FLAGSTAFF ROAD,E01021683,Colchester 011A,Investigation complete; no suspect identified
5f4f6b353457994a960900a1681289eb35b98451bce7da6723a2f19a3c1b6dc0,2018-12,Essex Police,Essex Police,0.139856,51.760515,On or near OAKTREE GARDENS,E01021834,Harlow 008B,Investigation complete; no suspect identified
8f73f2255fe9384515aafef45317f0127857a417213f0b5b8d2d3d2cc7d58f43,2018-12,Essex Police,Essex Police,0.490023,51.577351,On or near CRAYLANDS,E01021270,Basildon 012D,Unable to prosecute suspect
d5a2ff4e7eff14782143715e739cc18dfc917cea82570bb47f1c0b9c1959812a,2018-12,Essex Police,Essex Police,0.289542,51.512422,On or near ARAGLEN AVENUE,E01015976,Thurrock 007F,Investigation complete; no suspect identified
4feb0e59de2c786f5457e5066602a25e93664b22ad5cedb3619425e2a728add7,2018-12,Essex Police,Essex Police,0.075016,51.650621,On or near HATFIELDS,E01021790,Epping Forest 012E,Unable to prosecute suspect
fa056a8abd18f0fc89784d7a5fcdf229772e20cca756ed7bc13983369fd71108,2018-12,Essex Police,Essex Police,0.375717,51.488611,On or near INGLEBY ROAD,E01015936,Thurrock 012D,Investigation complete; no suspect identified
e378598c8f424afb8670a32ae5099df9b5e7ec8b520242075c91b45b57ae7a4c,2018-12,Essex Police,Essex Police,0.474682,51.603684,On or near Petrol Station,E01021260,Basildon 009D,Investigation complete; no suspect identified
ae3f2d42492dbed9b0b4e9bcf8d0547dd693c0fe862720d3af240f813a5e551b,2018-12,Essex Police,Essex Police,0.253188,52.014018,On or near Sports/Recreation Area,E01022082,Uttlesford 002G,Investigation complete; no suspect identified
c42c87715f1dc37b5409b47e1e3cd3c69f26f721ae2b64d80d8ab7027a642ac9,2018-12,Essex Police,Essex Police,0.095526,51.751396,On or near LONG BANKS,E01021859,Harlow 010C,Investigation complete; no suspect identified
b7b3c831466f46710b40dbc352ecdc15229b64236b44ca2d190be624cc29ecbc,2018-12,Essex Police,Essex Police,0.924702,51.868314,On or near SAVILL ROAD,E01021667,Colchester 016F,Unable to prosecute suspect
fc362e7da421f93905d8c4259a210d889f29b8998c551620ee0f70e05eaa5e1a,2018-12,Essex Police,Essex Police,0.090560,51.772176,On or near WYCH ELM,E01021843,Harlow 004E,Investigation complete; no suspect identified
266fb79dce411c8000989933aaab7a68110e1e5d91b0e82a2f0301c950600f9f,2018-12,Essex Police,Essex Police,0.910815,51.884533,On or near KENDALL ROAD,E01021686,Colchester 011D,Investigation complete; no suspect identified
ad6d5483361fd3f5573a289b3885729ae556a010c6c199321b09cabc04b77b38,2018-12,Essex Police,Essex Police,0.479998,51.700608,On or near CANNON LEYS,E01021553,Chelmsford 017B,Investigation complete; no suspect identified
745298060e21b71c1c9f3f5035b57e099f7eeeef498d7b1cc1a4321d06bad145,2018-12,Essex Police,Essex Police,0.361679,51.461709,On or near CALCUTTA ROAD,E01016009,Thurrock 018G,Unable to prosecute suspect
f237c2ad08c03530d3ca09ee4857cd2f0242758e4ef89e347a24bbdf90f828fe,2018-12,Essex Police,Essex Police,0.337973,51.476474,On or near SPURGEON CLOSE,E01015969,Thurrock 014D,Investigation complete; no suspect identified
55f17b4e674205ead2878148f2a978807ceff2a1ef36912e84bb4b75f0737706,2018-12,Essex Police,Essex Police,0.342840,51.633072,On or near BRADWELL GREEN,E01021453,Brentwood 005B,Investigation complete; no suspect identified
e458f74f140a744b5f132da57a485a69279cd95b1da7d38be6323957720aaf89,2018-12,Essex Police,Essex Police,0.902256,51.864473,On or near RIDGEWELL WAY,E01021638,Colchester 018B,Unable to prosecute suspect
94dc988a95f74f6eb3d9a94533ee8669fdf9a8e68b5f8f3ff4d6d6a125279fa2,2018-12,Essex Police,Essex Police,1.165297,51.814602,On or near SHANKLIN CLOSE,E01021984,Tendring 010A,Investigation complete; no suspect identified
3c7118ed33e431aa98053064b5a37b6ce59f69785dcfc6557c1e2f578b329869,2018-12,Essex Police,Essex Police,0.576037,51.878637,On or near RUSTIC CLOSE,E01021369,Braintree 012D,Investigation complete; no suspect identified
da8c957d8e741aabba21dfe8e9a1c6083706f9f321880e2f6869aa956445e55e,2018-12,Essex Police,Essex Police,0.425528,51.572910,On or near FRIARS CLOSE,E01021290,Basildon 016D,Investigation complete; no suspect identified
65fc9d58ebf6dc3d69ba56d90c2d9e8d93c0139963c6db3bd63366bea1bd4967,2018-12,Essex Police,Essex Police,0.903516,51.882006,On or near MERSEA ROAD,E01021683,Colchester 011A,Investigation complete; no suspect identified
2c56acad721c74c95033f50445ac60f5e05e66589cce7c827ea196fd7bf17628,2018-12,Essex Police,Essex Police,0.046565,51.638701,On or near SUMMERFIELD ROAD,E01021780,Epping Forest 014A,Investigation complete; no suspect identified
75ae5c6eda3b7303c142a21990ec31cad67c20ca3057916031d2606a638899cf,2018-12,Essex Police,Essex Police,0.104702,51.698203,On or near TOWER ROAD,E01021763,Epping Forest 005D,Investigation complete; no suspect identified
e24d2338d73eed2fa39825285ecd12318f55a529d7ff702b9b87ec7f0c062559,2018-12,Essex Police,Essex Police,0.290558,51.623924,On or near DE PAUL WAY,E01021432,Brentwood 004B,Unable to prosecute suspect
c9e79222ebc9af5453517ac56b8a23029363f2f31146925f99340d395bc1e5ae,2018-12,Essex Police,Essex Police,0.629401,51.548921,On or near Petrol Station,E01015911,Southend-on-Sea 008D,Investigation complete; no suspect identified
a9a4eb27d9b668958645766e8b39fa9fff29996f466d351c16454430ca0d6967,2018-12,Essex Police,Essex Police,0.595645,51.561823,On or near WOODBURN CLOSE,E01021529,Castle Point 006D,Unable to prosecute suspect
509c5abe47e7f9956c1b86a592778dfbfd74095cd3197defe89a27fc61fa3ae7,2018-12,Essex Police,Essex Police,0.622967,51.790447,On or near Witham Lodge,E01033460,Braintree 017F,Investigation complete; no suspect identified
2ce943a1edbf444549b99f45049cc95ed7fbed572f463791c3751de3a08c6007,2018-12,Essex Police,Essex Police,0.292672,51.516767,On or near TAMARISK ROAD,E01015932,Thurrock 006A,Investigation complete; no suspect identified
69fab155f0b1734edcac26d0fdf26b13dc73dd389f6c5536ed427e3fd35260c9,2018-12,Essex Police,Essex Police,0.474246,51.698112,On or near HOME MEAD,E01021554,Chelmsford 017C,Unable to prosecute suspect
a04c671e309c71437e883bbaf106b9902ac44ce4cfd71b4cc6e372f46d54b8af,2018-12,Essex Police,Essex Police,0.420480,51.626721,On or near WEST CLOISTER,E01021240,Basildon 003B,Investigation complete; no suspect identified
4bc496885f869b293c015fb1e6e118a976eeacdd62f868f52d0c074acefc44b7,2018-12,Essex Police,Essex Police,0.066970,51.754266,On or near RED WILLOW,E01021829,Harlow 009A,Unable to prosecute suspect
ac10423b24d72788f1a1e4ff83eceb9091466be7d5f8d8a19ca53332d761a77a,2018-12,Essex Police,Essex Police,0.484223,51.560719,On or near SWANSTEAD,E01021325,Basildon 019D,Suspect charged
ec44dd82db94c1291f4690f55b22fbcb5ca41a9f4dc0d9e654717bf2f4297bc6,2018-12,Essex Police,Essex Police,0.678186,51.542780,On or near KINGS ROAD,E01015830,Southend-on-Sea 012D,Investigation complete; no suspect identified
cffebe37828828a8771bad9b7222a9f437263e84dc5b83d675e3c27bd1d804d7,2018-12,Essex Police,Essex Police,0.236950,52.024183,On or near MYDDYLTON PLACE,E01022076,Uttlesford 002B,Investigation complete; no suspect identified
173c8952d9cd53697df77f14a6600e5b27d93c065bf0f859310fca1431953640,2018-12,Essex Police,Essex Police,0.926017,51.869550,On or near COTTAGE DRIVE,E01021667,Colchester 016F,Investigation complete; no suspect identified
7c2137a08b12df27f13a7818eaa26846ff2fd2756017325526786f77d8b66b78,2018-12,Essex Police,Essex Police,0.453480,51.570171,On or near Parking Area,E01021318,Basildon 015C,Investigation complete; no suspect identified
c729b21c1bb66937ca0ab1abbf9a00bec5abb44849fca7e1f6631f2915b8b92e,2018-12,Essex Police,Essex Police,0.620459,51.642239,On or near CULVER RISE,E01021610,Chelmsford 020F,Investigation complete; no suspect identified
cc8eca009f4739b5f1d85a5ac8bb7591fffb04a4b76b59ab505483c1a5bcd623,2018-12,Essex Police,Essex Police,0.748370,51.814075,On or near Parking Area,E01021727,Colchester 020E,Unable to prosecute suspect
e4fd2b4591c23c3562a146ac645f416c0d6c4845d68de064561f5faec05cf866,2018-12,Essex Police,Essex Police,0.475573,51.698039,On or near BARNARD ROAD,E01021554,Chelmsford 017C,Investigation complete; no suspect identified
e97482b96269d603767de5e73c609a80cd52751155b63271898eb464f6fe5be1,2018-12,Essex Police,Essex Police,,,No location,,,Suspect charged
f8e78e85e1771a32708746283dabc0b562e8d9aeb93119bcf8c18ea0dd428480,2018-12,Essex Police,Essex Police,1.073792,51.843195,On or near GEORGE MITCHEL CLOSE,E01021993,Tendring 009C,Investigation complete; no suspect identified
489d010ae3b65471c3b04ab2cce90a0686f1a13f8da362ea9819aca2230deb9a,2018-12,Essex Police,Essex Police,0.296149,51.486159,On or near VICTORY CLOSE,E01015982,Thurrock 019A,Investigation complete; no suspect identified
5f3da2ae7ad3daff6464157b6a585d9c9cf7cbcd864ee73a62973e0998b843e7,2018-12,Essex Police,Essex Police,0.742422,51.547240,On or near WHITTINGHAM AVENUE,E01015887,Southend-on-Sea 009E,Investigation complete; no suspect identified
cc5afb98b84b2b84aba251ccf63e9f4533aae80a61c23aa8b0ff4979e9912769,2018-12,Essex Police,Essex Police,0.644764,51.570061,On or near BRUNEL ROAD,E01015834,Southend-on-Sea 001B,Unable to prosecute suspect
f6dd61ab2b97f1f809a2296786fad56c260c4aa5c2377c6736690afc9ff0181b,2018-12,Essex Police,Essex Police,0.781731,51.530476,On or near SEAVIEW ROAD,E01015917,Southend-on-Sea 017D,Investigation complete; no suspect identified
7eab1980c4382bbb289d937bf2bf5662ddabeccf77028cd204484fc7bcc764f6,2018-12,Essex Police,Essex Police,0.719805,51.539277,On or near LANCASTER GARDENS,E01015844,Southend-on-Sea 014F,Suspect charged
00b5b9ca2854f4b0fd7f2cebde8f17bd0137f0416a3ad885fec5ab7b2a70a4dc,2018-12,Essex Police,Essex Police,0.644764,51.570061,On or near BRUNEL ROAD,E01015834,Southend-on-Sea 001B,Unable to prosecute suspect
b60d6cfca7c887cd97b7d7d17a31f4f8f719eb95e72f0d62ff9406d7878eba8d,2018-12,Essex Police,Essex Police,0.644764,51.570061,On or near BRUNEL ROAD,E01015834,Southend-on-Sea 001B,Unable to prosecute suspect
f00867d21750db932756b6afb5c87d990bedcb85a10c6d4403b46757cfcc5d5f,2018-12,Essex Police,Essex Police,0.901325,51.890172,On or near GEORGE STREET,E01021649,Colchester 007D,Unable to prosecute suspect
49ad42218a6af4cfaf287b3e09c497b5e1ab35c9126cf2c604fc1fb0a61ea10a,2018-12,Essex Police,Essex Police,0.324515,51.829471,On or near THE PADDOCKS,E01022096,Uttlesford 009D,Unable to prosecute suspect
fa2bddd3fdebde992dc523be282c12303cd5a9f06cdbf1b09a7ddcc84379bd66,2018-12,Essex Police,Essex Police,0.797028,51.549018,On or near MILTON HALL CLOSE,E01021924,Rochford 010E,Unable to prosecute suspect
fc44b73eb5c12b950ea1869ab9de9e28da9e83273713b9dfee5127baa2c5b087,2018-12,Essex Police,Essex Police,1.161910,51.791317,On or near CHURCH ROAD,E01022050,Tendring 014E,Investigation complete; no suspect identified
2ecc19cf0f7a90232e2d350746c68378397140ef2711dec73898ef45df27ea69,2018-12,Essex Police,Essex Police,0.363247,51.863456,On or near ONGAR ROAD,E01022068,Uttlesford 007C,Investigation complete; no suspect identified
882771c4df9041d4fa27fc8e24c3dfca72fd8e4a9f085203fed0f7672098f2cc,2018-12,Essex Police,Essex Police,1.101918,52.261415,On or near A140,E01030087,Mid Suffolk 007D,Offender given a caution
a74ae9cd04e04bc5ea12f269d9aab01fe98dfdde53a90c7700ac478626216a54,2018-12,Essex Police,Essex Police,0.491041,51.588840,On or near PAYCOCKE ROAD,E01021269,Basildon 012C,Investigation complete; no suspect identified
a18d9d70d69f23e1378946f6e5d8878d027ed5be6b6ef1d9e9639e2bb3b3e50f,2018-12,Essex Police,Essex Police,0.508071,51.581643,On or near STIRLING PLACE,E01021308,Basildon 011D,Investigation complete; no suspect identified
7d380bdb111ace8c3f05f728013f78719a77a38a019dd22e27b0e623f9b23e53,2018-12,Essex Police,Essex Police,0.323260,51.487909,On or near DEXTER CLOSE,E01015957,Thurrock 009A,Investigation complete; no suspect identified
caf35019fc904ff40ba04e860aa59a9dca3ff3b4461159e301f4b42e432ca644,2018-12,Essex Police,Essex Police,0.464005,51.715261,On or near LONGSTOMPS AVENUE,E01021584,Chelmsford 012E,Investigation complete; no suspect identified
42f5a50b6e8a8377d2045b72c19ee291012ccd1062d97744dfc276a981916502,2018-12,Essex Police,Essex Police,1.279473,51.937104,On or near Supermarket,E01022001,Tendring 001D,Offender given a caution
06132416de04b3aa058abf00b42a1b2b63692ef0eb2a6af5f2ed04f6ebc04904,2018-12,Essex Police,Essex Police,1.159404,51.813754,On or near SHALFLEET COURT,E01022040,Tendring 010C,Investigation complete; no suspect identified
21d9c3a55f1bec2e15d161efaf5541caf5660beaef0df303b281f87708cea85c,2018-12,Essex Police,Essex Police,0.464883,51.713831,On or near DOVE LANE,E01021558,Chelmsford 015B,Investigation complete; no suspect identified
05e42b70471067b8bd87e11a24bd33c5070c510eabbafbc747b5232e578ed13a,2018-12,Essex Police,Essex Police,0.344899,51.645253,On or near Petrol Station,E01021467,Brentwood 005F,Investigation complete; no suspect identified
b8379fd35939298631bbe9e1f22466d3e1e6311c8763a76887e88fcceb90f082,2018-12,Essex Police,Essex Police,0.508071,51.581643,On or near STIRLING PLACE,E01021308,Basildon 011D,Investigation complete; no suspect identified
43a6179296b96f8f784c253502741ac9605d61c434479d3e6befd48ee7946062,2018-12,Essex Police,Essex Police,0.324515,51.829471,On or near THE PADDOCKS,E01022096,Uttlesford 009D,Unable to prosecute suspect
842ad4ee66ce5cc050da56ef37ce26fa25ab7d6210679c3c5bc1ca0399970a09,2018-12,Essex Police,Essex Police,0.291883,51.634744,On or near CARISBROOK ROAD,E01021461,Brentwood 004D,Unable to prosecute suspect
d85fe24ccadfecbd1d9b5e1afc01fe5c12183e187d2077fa9ddf8f07be86ab23,2018-12,Essex Police,Essex Police,0.095357,51.767783,On or near Shopping Area,E01021872,Harlow 007E,Investigation complete; no suspect identified
312ed8e4baa656e0160f44106b32c1bbdb5ccfa1ea9f8112b070739762d962a7,2018-12,Essex Police,Essex Police,0.625892,51.578399,On or near LILIAN PLACE,E01021947,Rochford 009B,Investigation complete; no suspect identified
ab4f7355494e1d8c066c3ed9c180a66151af056988406f49b37b2342d7664c93,2018-12,Essex Police,Essex Police,0.489949,51.723419,On or near Supermarket,E01021563,Chelmsford 014B,Suspect charged
fdfd6e70f0614e426e4d60dcf33cafac5cfc8b313c287d56e98031931db649c7,2018-12,Essex Police,Essex Police,0.464012,51.749192,On or near SUNRISE AVENUE,E01021591,Chelmsford 002E,Investigation complete; no suspect identified
909330013579baf480f073fb5deac09205079d5710d3a2dae54388d9fff39948,2018-12,Essex Police,Essex Police,0.463834,51.577499,On or near WALDRINGFIELD,E01021266,Basildon 015A,Investigation complete; no suspect identified
f9a79cadf8fd190234f3f53e9afa55e3e4fdab09e966fa1e9f6496e94eac5438,2018-12,Essex Police,Essex Police,0.077001,51.653238,On or near BEECH CLOSE,E01021778,Epping Forest 011E,Investigation complete; no suspect identified
003f87aa52e7ae4cb951ca076c5490b1c1e946c2dca7421c665e4ba111f10f44,2018-12,Essex Police,Essex Police,0.591119,51.521803,On or near STUART CLOSE,E01021484,Castle Point 011A,Unable to prosecute suspect
99d17fae3b909f91de8540e1591c291a0f79eeb9efb221b2dd76987f05367b9f,2018-12,Essex Police,Essex Police,0.509796,51.741370,On or near WILKINSONS MEAD,E01033142,Chelmsford 005E,Investigation complete; no suspect identified
d42b6e40510f931d355ad061b7a9318e70d9719d4f99429c35191b7e35ffbb63,2018-12,Essex Police,Essex Police,0.509796,51.741370,On or near WILKINSONS MEAD,E01033142,Chelmsford 005E,Investigation complete; no suspect identified
30613851d6858c1247d323048b10e005a448afad66281eb02051d1e35cc7f0fa,2018-12,Essex Police,Essex Police,0.443114,51.583274,On or near Pipps Hill Retail Park,E01021268,Basildon 015B,Unable to prosecute suspect
954aeac6fe5e3e77ce524deed228b31188808045d7034fb3cd2e1c40e83e9b36,2018-12,Essex Police,Essex Police,1.265587,51.933839,On or near KING'S ROAD,E01022005,Tendring 004E,Unable to prosecute suspect
802d3491b2187a4a4ddeb3503d5bee2a71a03975c4684d7a991aa10000908392,2018-12,Essex Police,Essex Police,0.902885,51.887993,On or near SHORT WYRE STREET,E01021649,Colchester 007D,Investigation complete; no suspect identified
23f62409700b237a69019d8a9d234034951ed2444df8aeb71bd0a2f883f8d704,2018-12,Essex Police,Essex Police,0.376053,51.712739,On or near SPARROWS CLOSE,E01021551,Chelmsford 011A,Investigation complete; no suspect identified
af296ca276d2707d2552ff6f5e6d4e9db80f557548001be919d639c35f60fdb8,2018-12,Essex Police,Essex Police,0.283467,51.508808,On or near Police Station,E01015976,Thurrock 007F,Investigation complete; no suspect identified
6bf048ffe44223254ff0ce2edb741cdb77af4bc34ed0439d80964000a0109710,2018-12,Essex Police,Essex Police,0.443114,51.583274,On or near Pipps Hill Retail Park,E01021268,Basildon 015B,Suspect charged
3198553924f737295cdbbd09fb8ab48589584f413d4309e0e54d3f9fe46b99dd,2018-12,Essex Police,Essex Police,0.509796,51.741370,On or near WILKINSONS MEAD,E01033142,Chelmsford 005E,Investigation complete; no suspect identified
9e7367deaea976e448404d5b637c96cd68f81bdf93c743ab3695cf3cba3fd074,2018-12,Essex Police,Essex Police,0.416702,51.580098,On or near HOME MEAD,E01021278,Basildon 014E,Unable to prosecute suspect
e5005c7cba2803581bcdbdcb3894ea7950a7d6b3e90863a66346f34efeb472b7,2018-12,Essex Police,Essex Police,1.244191,51.929511,On or near ABDY AVENUE,E01033051,Tendring 002F,Suspect charged
cb92cad3de9c84bcc87dff763e2255ead26ffbd80be2250b2c3f5f50f7c51e5e,2018-12,Essex Police,Essex Police,0.065910,51.654783,On or near Petrol Station,E01021787,Epping Forest 012B,Investigation complete; no suspect identified
4e1a85db92bbb88a24e6dd5560c75c3d00d050d81546ef72af5ff9e4830615c0,2018-12,Essex Police,Essex Police,0.099202,51.756006,On or near PARTRIDGE ROAD,E01021871,Harlow 007D,Unable to prosecute suspect
695d9cc3f69957baacbd0d214bd46fb4d1c96c11d30be5e413ecb1f7fac7de0d,2018-12,Essex Police,Essex Police,1.150947,51.786764,On or near EDITH ROAD,E01022025,Tendring 016B,Investigation complete; no suspect identified
8134d725db97c55c64038aef5d460158b274878752e351e3cb83382889c19f71,2018-12,Essex Police,Essex Police,0.076258,51.656282,On or near PYRLES LANE,E01021779,Epping Forest 011F,Unable to prosecute suspect
80d3b7609efb68a3e5f8fb4a6e2028f1ad57ec3f476a5669edb54c842fe37840,2018-12,Essex Police,Essex Police,1.283255,51.937278,On or near ORWELL ROAD,E01022001,Tendring 001D,Unable to prosecute suspect
263adf8f4e9ae3f3a556cd0cd6ad0072b884a3ac859bd55c19e525fe89a963c5,2018-12,Essex Police,Essex Police,0.679909,51.545583,On or near LONDON ROAD,E01015832,Southend-on-Sea 012F,Action to be taken by another organisation
2eb4d9d2d6cb56f3edb62f68b8c43e58031612dbe7f473b6a8e07d6de76d062f,2018-12,Essex Police,Essex Police,0.575528,51.873297,On or near HUNTER DRIVE,E01021369,Braintree 012D,Investigation complete; no suspect identified
bf0fd07f0732e2bd0f4541a9404b0af09154c56275650476bd66ef816985098e,2018-12,Essex Police,Essex Police,1.143298,51.805011,On or near ROMNEY CLOSE,E01021975,Tendring 013A,Investigation complete; no suspect identified
14b0ca3b50fedd3de658d1219c27813edbb380c2904121c2e9cc282f4662098e,2018-12,Essex Police,Essex Police,1.265587,51.933839,On or near KING'S ROAD,E01022005,Tendring 004E,Unable to prosecute suspect
f18df3661552bfae66b6ef5d640d9635efbb2c0e8e31c414a9f71c47c32f733e,2018-12,Essex Police,Essex Police,0.284490,51.487772,On or near Shopping Area,E01016011,Thurrock 015B,Investigation complete; no suspect identified
470a64ee8d024c63a9669364dd64903e3ed714e4c5af02f4a472cd8a4d1c16a1,2018-12,Essex Police,Essex Police,0.465424,51.774576,On or near Hospital,E01021542,Chelmsford 002A,Unable to prosecute suspect
fbb0fff85ec42815ca094aec73aeda7f5c42afde693dd2344b7cbd1b38cd4ac8,2018-12,Essex Police,Essex Police,0.297283,51.624359,On or near SYCAMORE DRIVE,E01021434,Brentwood 004C,Investigation complete; no suspect identified
24b4303bfd0b7d4dfd774b60306b6127bebe2e338660dd9b035effaac4df3046,2018-12,Essex Police,Essex Police,0.253333,52.018080,On or near SHIRE HILL LANE,E01022081,Uttlesford 002F,Investigation complete; no suspect identified
2ee344baf2c08caa75f4b7ab0cff1663e1b00538d3845d50ea38abde1ef50b8a,2018-12,Essex Police,Essex Police,0.631810,51.787137,On or near BAKER WAY,E01033461,Braintree 017G,Local resolution
bbacb4f031e943f4b031ae1fd83486a0debbe8c6238507c1c59f0a1bd42147fb,2018-12,Essex Police,Essex Police,0.475573,51.698039,On or near BARNARD ROAD,E01021554,Chelmsford 017C,Unable to prosecute suspect
75ef4d397e0e5e9db8cf43f343e8ca1c628124cfa0b6815319601f741ed5842b,2018-12,Essex Police,Essex Police,0.475573,51.698039,On or near BARNARD ROAD,E01021554,Chelmsford 017C,Unable to prosecute suspect
2c940d7c8d25c198a9977661c2df923485ea429cbe30d9e06622d3d87c08b903,2018-12,Essex Police,Essex Police,0.310104,51.488673,On or near DOUGLAS CLOSE,E01033614,Thurrock 020E,Unable to prosecute suspect
18e6c4ad3437b6cd426c728d0dad54296c1738b871b92dce4b1f5b976917cb5f,2018-12,Essex Police,Essex Police,0.487009,52.001165,On or near FINCHINGFIELD ROAD,E01021414,Braintree 001C,Investigation complete; no suspect identified
5368e853fba712f16ef4dd0ba851ea39bcf615c1d5945e4ae9e5b4a115e02cc5,2018-12,Essex Police,Essex Police,0.138429,51.772007,On or near GREAT AUGUR STREET,E01021857,Harlow 001D,Investigation complete; no suspect identified
b1ffac76169214a98b0b9b8c0a339cf17e59af568a90b97e1f1aa6be97685458,2018-12,Essex Police,Essex Police,0.487120,51.756547,On or near CHELMER VALLEY ROAD,E01021617,Chelmsford 004B,Investigation complete; no suspect identified
9fe43af64e9ff80b3e4fe1c5c8f5eb5d06d86e582e95c0e4d384f6ec0640253f,2018-12,Essex Police,Essex Police,0.906722,51.884841,On or near Sports/Recreation Area,E01021686,Colchester 011D,Unable to prosecute suspect
3bd1358b517f83b5edaa13612c497b0a7b8b351a3d06fe2503fc6543d3111447,2018-12,Essex Police,Essex Police,0.283467,51.508808,On or near Police Station,E01015976,Thurrock 007F,Unable to prosecute suspect
1accdf5c941f8354660b35abd7e2463c6db7dd9f5555474dbb1052dabf2531d4,2018-12,Essex Police,Essex Police,0.278766,51.472649,On or near GARDNER'S WAY,E01016012,Thurrock 015C,Investigation complete; no suspect identified
bddbc85e888446be50be471052a640ca0b76ed86a5e3783b9f5eef417667c6a2,2018-12,Essex Police,Essex Police,1.146196,51.789968,On or near Supermarket,E01022038,Tendring 017E,Investigation complete; no suspect identified
749622779baf9ca5a54ca635e6c38ab715169f3757ebadb3c43b23b6b3d5a28d,2018-12,Essex Police,Essex Police,,,No location,,,Investigation complete; no suspect identified
7ad456e5650ef780689104a085841da9f7e75ecf417018fc37e4d1e9ad2dce30,2018-12,Essex Police,Essex Police,1.161480,51.803813,On or near CATHERINE CLOSE,E01022041,Tendring 010D,Investigation complete; no suspect identified
9738ee5a68f5464f395b6b630d431b9ba925655ffb48cebcf3c3a3c32e81dd70,2018-12,Essex Police,Essex Police,0.707964,51.544866,On or near VICTORIA AVENUE,E01015895,Southend-on-Sea 010A,Investigation complete; no suspect identified
27663b00f94c953807244c6e997ac7f997d29c91d232f381f3128f37c71c3f64,2018-12,Essex Police,Essex Police,0.899707,51.884681,On or near FLAGSTAFF ROAD,E01021683,Colchester 011A,Investigation complete; no suspect identified
e6b7e060d9fad80e76a0fc3f26812651d6b3d6bf167d9ac977712e0dcf188ccc,2018-12,Essex Police,Essex Police,0.303360,51.620247,On or near Supermarket,E01021436,Brentwood 007B,Investigation complete; no suspect identified
2173f96c9b77c85f66bf54746acc863f9b60a7074e2d402de2b337ce8d7e9188,2018-12,Essex Police,Essex Police,0.356941,51.466157,On or near LEICESTER ROAD,E01016006,Thurrock 018D,Unable to prosecute suspect
2c624f4403e00e1f24fa456ccc166d56a92fba4f46dab4ec8e4621ef39aa5125,2018-12,Essex Police,Essex Police,0.498106,51.751601,On or near ST AUGUSTINE'S WAY,E01021619,Chelmsford 004C,Investigation complete; no suspect identified
dac868f4e3b7f07075ac1cec8ad7a081dee81832750a43c31209a300b1efb512,2018-12,Essex Police,Essex Police,0.074942,51.764440,On or near Parking Area,E01021841,Harlow 004C,Investigation complete; no suspect identified
20b64a0cfb49074273eb044d27808644b6787799c0f1759e4b75b09c4e44ff8c,2018-12,Essex Police,Essex Police,0.713596,51.539394,On or near Nightclub,E01015852,Southend-on-Sea 015B,Investigation complete; no suspect identified
1040f1acf4a58426d816b788ed62b058c06d4133590efd391a4272ce529675d4,2018-12,Essex Police,Essex Police,0.811848,51.949949,On or near Sports/Recreation Area,E01021660,Colchester 003A,Unable to prosecute suspect
f932804d1d85dce90a4a5bbbdbefba962d188fb883d2f84e184457d344de7e7a,2018-12,Essex Police,Essex Police,0.592050,51.522960,On or near WAARDEN ROAD,E01021498,Castle Point 011B,Unable to prosecute suspect
d5283840e9af6f2003c5704e4e86dea7e6af4a931cc680701e188da09a91fe3b,2018-12,Essex Police,Essex Police,0.312226,51.485069,On or near BUTTON ROAD,E01015955,Thurrock 016A,Suspect charged
7776a0fcc7eddab6c76280b71446142e776f374db44c5ac4659413e80edae5ce,2018-12,Essex Police,Essex Police,0.676224,51.541539,On or near THE LEASWAY,E01015830,Southend-on-Sea 012D,Investigation complete; no suspect identified
720ba1772df59bb715e39c8c51de66854989f90e736c0f7975f8ca0e7b507eaf,2018-12,Essex Police,Essex Police,0.346690,51.873239,On or near Supermarket,E01033055,Uttlesford 007E,Unable to prosecute suspect
215cc4075823e8c2c7958dfb3030d0af2250b5dffbdde77c07f979f8921503ec,2018-12,Essex Police,Essex Police,0.901994,51.891307,On or near RYEGATE ROAD,E01021649,Colchester 007D,Local resolution
f1827fc438d33ff029b6e6e9dc3b148d7405693201ec962b8fdafd7d83c79634,2018-12,Essex Police,Essex Police,0.344654,51.638827,On or near ARNOLDS AVENUE,E01021452,Brentwood 003E,Investigation complete; no suspect identified
9b19fe12319de70b1e6f410e37d680494d92dc372f97f1911ee88c8bbe434526,2018-12,Essex Police,Essex Police,0.546939,51.886969,On or near ARNHEM GROVE,E01021359,Braintree 008D,Investigation complete; no suspect identified
d1fddd4720117454444795c19cbd0c597aa3795fc6cf6e0469d76c64325eb5e8,2018-12,Essex Police,Essex Police,0.495037,51.721953,On or near LONGFIELD ROAD,E01021564,Chelmsford 013D,Local resolution
c0f532b16de1bdefaaf84ceae0f6c0f0d123170368a1d1ad929a565b582c5ed2,2018-12,Essex Police,Essex Police,0.503656,51.709162,On or near EASTWOOD PARK,E01021562,Chelmsford 014A,Unable to prosecute suspect
8b24769b2bd8c8eccc6514f2c632990f60e177dd1a7bf3cd5a411b325547f186,2018-12,Essex Police,Essex Police,0.902263,51.889844,On or near MUSEUM STREET,E01021649,Colchester 007D,Local resolution
46cdec86620412d9f7dbf1b8373f60cf90aa0675edf2cadee7e42a321c750b6b,2018-12,Essex Police,Essex Police,0.086303,51.771334,On or near Hospital,E01021843,Harlow 004E,Investigation complete; no suspect identified
2e83e3516c83decdebd2cecb463edfb53347d07a925dd0ec5e28525d874658af,2018-12,Essex Police,Essex Police,0.383048,51.629043,On or near NORTH DRIVE,E01021449,Brentwood 003B,Investigation complete; no suspect identified
99b0899547de28f268e19156952f13ebe5bfee9fab9b497e3fa54dbad3c7907a,2018-12,Essex Police,Essex Police,0.866649,51.880195,On or near THE COMMONS,E01021689,Colchester 014A,Unable to prosecute suspect
4bc4ee8f2c0a3803526dd69f5ec73421d70159720bfb794bd7c2ca2f2ac417a2,2018-12,Essex Police,Essex Police,0.250610,51.495981,On or near HALL CRESCENT,E01015922,Thurrock 008A,Unable to prosecute suspect
0aa3a6941769dba66c3003974584d6f0702cb7851e5a40d497a2321ac526f66e,2018-12,Essex Police,Essex Police,0.648033,51.571921,On or near MACMURDO ROAD,E01015836,Southend-on-Sea 001D,Unable to prosecute suspect
0629697d1fbb3f813e478749bb68345819154d080a81ea069152a92124de008a,2018-12,Essex Police,Essex Police,0.315878,51.617537,On or near THE COBBLES,E01021435,Brentwood 008A,Investigation complete; no suspect identified
20c0c0c4f81ff43e8883f338a83748ac912af4a5796b86291d807e7dbe6a32fa,2018-12,Essex Police,Essex Police,0.060358,51.630538,On or near Park/Open Space,E01021750,Epping Forest 016B,Investigation complete; no suspect identified
2406a562388f16149fbd0df31f4055f6dde5226df457ff1d47ec1db97c50ca7d,2018-12,Essex Police,Essex Police,0.138429,51.772007,On or near GREAT AUGUR STREET,E01021857,Harlow 001D,Investigation complete; no suspect identified
cc117cb13921341c7d61c3b8cece347b1194fc97b4db77f6e876246f1ee6df39,2018-12,Essex Police,Essex Police,0.673923,51.724151,On or near PLUME AVENUE,E01021898,Maldon 005F,Investigation complete; no suspect identified
62e4bed7be873552f39b0eaf820a2b7a21bdda56d5e731ef260c89f2409b9c57,2018-12,Essex Police,Essex Police,0.521403,51.613859,On or near Pedestrian Subway,E01021334,Basildon 005A,Investigation complete; no suspect identified
f79288ff2cd7149a4244a665fc9d63bcf082ada8dec47f309e66fe3ac1a29be4,2018-12,Essex Police,Essex Police,0.700892,51.534795,On or near WESTCLIFF PARADE,E01015853,Southend-on-Sea 015C,Investigation complete; no suspect identified
6cb309ba58c8d32a34df2b8c59e436d3feef9923b025a837980ef791275092c7,2018-12,Essex Police,Essex Police,0.503656,51.709162,On or near EASTWOOD PARK,E01021562,Chelmsford 014A,Unable to prosecute suspect
e7fd51757fa7bc34f7c46d9799287e6ca958a7f4ea546e4a403746cfd91f9228,2018-12,Essex Police,Essex Police,0.925456,51.881498,On or near MEACHEN ROAD,E01021685,Colchester 011C,Unable to prosecute suspect
79b0bc313b4aa64fd5c3a46fb41a0bc765c9933f376006e3037193e11e039ca3,2018-12,Essex Police,Essex Police,0.114980,51.691444,On or near BOWER HILL,E01021757,Epping Forest 006B,Suspect charged
a3073052bcb7a3f311b52a8c055dc520f0e3687877bc169116e75593585168d4,2018-12,Essex Police,Essex Police,0.000372,51.653715,On or near DAWS HILL,E01021806,Epping Forest 009A,Investigation complete; no suspect identified
f0a3d02fc5e41950030fc9e39c84c3087bef049d3150feab98644ca3b0d87ae0,2018-12,Essex Police,Essex Police,0.282488,51.487496,On or near Shopping Area,E01016011,Thurrock 015B,Local resolution
d1eaf0c802db571c72b47745608987af115010be180685dbd6e9defa039e3358,2018-12,Essex Police,Essex Police,0.928443,51.881388,On or near CAELUM DRIVE,E01033719,Colchester 008G,Investigation complete; no suspect identified
a1d2f2d55e881e2240d36b25bc357373c2f32257875cac5f14cba8e26eea3422,2018-12,Essex Police,Essex Police,0.474870,51.757777,On or near SAXON WAY,E01021543,Chelmsford 002B,Investigation complete; no suspect identified
59ff7a4b6854176655d69bbf4ebcd3684e101674bf82867d667eb993722819d0,2018-12,Essex Police,Essex Police,0.088416,51.764363,On or near APPLETON CLOSE,E01021872,Harlow 007E,Investigation complete; no suspect identified
122ee45f4afb7d0379800ddc432a09c3fed6462c6f6a04dace3334ae1bde88bf,2018-12,Essex Police,Essex Police,0.889025,51.886266,On or near GRAY ROAD,E01021652,Colchester 013B,Investigation complete; no suspect identified
5067cb562a8011adf0ebb46ce9cf4d36ee841485757c8491029c55ae5c74c6b2,2018-12,Essex Police,Essex Police,0.361679,51.461709,On or near CALCUTTA ROAD,E01016009,Thurrock 018G,Investigation complete; no suspect identified
48686e8b11b313c26d32ac3621c766d5b3fcc1cbd0d794a1bb40294a5a68a2a1,2018-12,Essex Police,Essex Police,0.416332,51.574755,On or near Sports/Recreation Area,E01021275,Basildon 014B,Unable to prosecute suspect
3df3f39fb37b2403c8b6c55d0562de552a84174964ea596a25b5c30330551d54,2018-12,Essex Police,Essex Police,1.182383,51.803357,On or near Supermarket,E01022034,Tendring 012C,Offender given a caution
76d06b6cbec0ac55c80bd3103ee2da62e7a599887e148b37acab78a612cf5c4f,2018-12,Essex Police,Essex Police,0.411520,51.628057,On or near THE AVENUE,E01021253,Basildon 004B,Unable to prosecute suspect
3da19e18c2aed09c0c273d2b49c0810e0471143624aebb5af5d8c2c2582b7eb5,2018-12,Essex Police,Essex Police,0.715320,51.534677,On or near Shopping Area,E01015852,Southend-on-Sea 015B,Investigation complete; no suspect identified
19bff8509b7ac160bc7ce7b6cff851fbbf64c3c17bf93a1621b32cbd5c076c5f,2018-12,Essex Police,Essex Police,1.265587,51.933839,On or near KING'S ROAD,E01022005,Tendring 004E,Unable to prosecute suspect
64f9dbe872dc9eb626a36da90f8ac77609289302d8582142ae8b9ee5af4e95da,2018-12,Essex Police,Essex Police,0.088416,51.764363,On or near APPLETON CLOSE,E01021872,Harlow 007E,Investigation complete; no suspect identified
5648c8be2aa112f51934ace113b4d5fd1e36b9b48e2bddc6724a63c17857d421,2018-12,Essex Police,Essex Police,0.096056,51.768166,On or near SOUTH GATE,E01021868,Harlow 007B,Unable to prosecute suspect
724e478bdd52d062f283e75ba3e61e1653cc0ccdbb509d6432417db53738ba1e,2018-12,Essex Police,Essex Police,0.671282,51.570917,On or near Supermarket,E01015863,Southend-on-Sea 002A,Investigation complete; no suspect identified
e7834ebda06766025c27ba47c2f313b6080cc8986a908a102673cd02be6926f0,2018-12,Essex Police,Essex Police,0.528208,51.624010,On or near TIDWORTH AVENUE,E01021593,Chelmsford 021A,Action to be taken by another organisation
6d15e62c690310da9f6b52ff9f5a631f36886aa86d3d1214c40eb1274fb9fb95,2018-12,Essex Police,Essex Police,0.707419,51.585701,On or near BOBBING CLOSE,E01021954,Rochford 007D,Unable to prosecute suspect
62c20181cdc61488a0830872fa6631e1ef5e84ed8ab928f6b1b337dd35de68b6,2018-12,Essex Police,Essex Police,0.475589,51.734101,On or near BOND STREET,E01033141,Chelmsford 010G,Investigation complete; no suspect identified
ea8366a578fd87c646daa43b8e0881224fcdbad63c7bb05cec4dd111253d3216,2018-12,Essex Police,Essex Police,0.204096,51.871393,On or near Petrol Station,E01022087,Uttlesford 005F,Investigation complete; no suspect identified
854fb87f71ca837201d72645371c18cd40772d1de278f832a84118c0db1078e4,2018-12,Essex Police,Essex Police,0.248449,51.495087,On or near KENT VIEW,E01015922,Thurrock 008A,Investigation complete; no suspect identified
97f0bb9fba0f83afac2a9474c7db0fa887ad122ad31f75145713e8fb7b48f8c7,2018-12,Essex Police,Essex Police,0.730798,51.540290,On or near Petrol Station,E01015844,Southend-on-Sea 014F,Investigation complete; no suspect identified
82e8f5717936191c113612149edbf880724ecd4bedc3c817b6a81701a6d9b3b2,2018-12,Essex Police,Essex Police,0.912379,51.883999,On or near WINSLEY ROAD,E01021687,Colchester 011E,Investigation complete; no suspect identified
7f70c3284df6f091c3e2ba1be727a58267e0f7c5faa19f67c5bbd51f2964ccd1,2018-12,Essex Police,Essex Police,0.315272,51.481502,On or near ORCHIS GROVE,E01015955,Thurrock 016A,Unable to prosecute suspect
7951bae01bdba85a847d35f1a0d8f15fb2b5f8a540bb7bbf441e44f14378b1ea,2018-12,Essex Police,Essex Police,0.621527,51.650984,On or near REDHILLS ROAD,E01021613,Chelmsford 019C,Unable to prosecute suspect
efcfa8cb33dcffb8381704dffcd4ea8191204fec9f38c79750c0773347cfc5ec,2018-12,Essex Police,Essex Police,0.463270,51.572142,On or near Parking Area,E01021318,Basildon 015C,Investigation complete; no suspect identified
8c1334406a8d3c3439faf39906d522439d39880315995162d53003c4979430bd,2018-12,Essex Police,Essex Police,0.896444,51.887271,On or near ESSEX STREET,E01021649,Colchester 007D,Unable to prosecute suspect
8920fc9f33ad018ef0f187980b0f1147d822188278ef50c4945d14e226255b15,2018-12,Essex Police,Essex Police,1.142850,51.796290,On or near AGINCOURT ROAD,E01021968,Tendring 017A,Unable to prosecute suspect
9afbe20f31b6e4c5ef2aadfe38ff2a8d90b505088938bc0a81101919614f846e,2018-12,Essex Police,Essex Police,0.485607,51.565717,On or near KINGSWOOD COURT,E01021327,Basildon 019E,Unable to prosecute suspect
b72e41e92bd359c01bf8b77e56b0b67add49547c74229b9099082642fd771ee5,2018-12,Essex Police,Essex Police,0.486281,51.558778,On or near RYEDENE CLOSE,E01021311,Basildon 022C,Investigation complete; no suspect identified
47cd91c1a6873d262f8d3a1c35ec6c5ce279f54ba462a0baa9407512170d3993,2018-12,Essex Police,Essex Police,0.248449,51.495087,On or near KENT VIEW,E01015922,Thurrock 008A,Investigation complete; no suspect identified
271b82135f11284f2701f48579e526b1a00f569745cfbbf28794ef03559b0202,2018-12,Essex Police,Essex Police,0.449446,51.526808,On or near NORTON CLOSE,E01015987,Thurrock 002C,Unable to prosecute suspect
d630cb5f36141b222656417c1d80922c70fa04748a9ba3e3eea49c803f0f39b2,2018-12,Essex Police,Essex Police,0.696453,51.835693,On or near THORNE ROAD,E01021401,Braintree 014D,Unable to prosecute suspect
59bc3e1902bd1f0b9d074f042ef1d489508768cb54b15c49630fcc68aa50b9ef,2018-12,Essex Police,Essex Police,0.297796,51.619628,On or near Parking Area,E01021433,Brentwood 007A,Unable to prosecute suspect
c746764b9ddc5002dacedd764d94357e702e56c09698342672d0130618534200,2018-12,Essex Police,Essex Police,0.375056,51.492519,On or near RAVENCROFT,E01015938,Thurrock 012F,Investigation complete; no suspect identified
640c61b0221718821a7e81c6b8bdcc65669c267fa12908e2b4889ead3ab99d59,2018-12,Essex Police,Essex Police,1.221675,51.927360,On or near CHURCH HILL,E01022028,Tendring 004F,Investigation complete; no suspect identified
53975c9b2bf9185c2bba6f8767b6c3c99792943f0f72e0cc09e07bd6b5250da6,2018-12,Essex Police,Essex Police,0.261741,51.889938,On or near Airport/Airfield,E01022090,Uttlesford 006B,Local resolution
fcaaec6d0073598e73957fa74e21d1499f5261df10e571e5a25c8df35322be91,2018-12,Essex Police,Essex Police,0.923315,51.903586,On or near FRIARS CLOSE,E01021671,Colchester 002D,Suspect charged
b979405d325b2594486ce76057a5705f57e496ac71318a522a9dd3e7f255b2b8,2018-12,Essex Police,Essex Police,0.593060,51.716782,On or near MALDON ROAD,E01021570,Chelmsford 016D,Unable to prosecute suspect
71e1bbebf2eb9dcbd2929ee2a7b6fb4c88101c7b9cc4a53897c5eb62e9766db3,2018-12,Essex Police,Essex Police,0.595833,51.574481,On or near STARLING CLOSE,E01021509,Castle Point 002A,Further investigation is not in the public interest
4f12f2b7829df577bc0cfcf8c1486b89011ea05a7dcc27f6525b005cf13a4446,2018-12,Essex Police,Essex Police,0.732526,51.543622,On or near STORNOWAY ROAD,E01015873,Southend-on-Sea 006E,Investigation complete; no suspect identified
3d8018420ee84a22bb4d9a8cb2809bc406751ad91de9b21115afe48297845bca,2018-12,Essex Police,Essex Police,0.439162,51.572556,On or near JERMAYNS,E01021291,Basildon 016E,Unable to prosecute suspect
525f791db963dfe9c411b5a6fc2f32c72df2232fb26a90c114d5072692293328,2018-12,Essex Police,Essex Police,0.297875,51.619779,On or near WESTERN GARDENS,E01021434,Brentwood 004C,Investigation complete; no suspect identified
1b5d683995e5c0399f569594ad5837bab151e8a19223a6c1c1b152f2585be0e0,2018-12,Essex Police,Essex Police,0.484654,51.736715,On or near Prison,E01021627,Chelmsford 010E,Action to be taken by another organisation
4ed225dc6a0b7798955380a3c3bcc839ae2abb63a74ad5ae786448cd3fedc85a,2018-12,Essex Police,Essex Police,0.573410,51.878191,On or near BARTRAM AVENUE SOUTH,E01021370,Braintree 011B,Investigation complete; no suspect identified
61f7aeacec4a7df4d07c028d5753cea0f9cf1fd7600223dd639d0443c9abdb83,2018-12,Essex Police,Essex Police,0.424740,51.556199,On or near STACEY DRIVE,E01021282,Basildon 021C,Local resolution
cbb1c7af583452711e90d4f864e06f2a6cb8f633311563061842a09a69b40d95,2018-12,Essex Police,Essex Police,0.542616,51.882224,On or near ASH BUNGALOWS,E01021358,Braintree 008C,Investigation complete; no suspect identified
1a9b4903918ef697944137aa5039393e3e5f9cc74113267fa28bfcd4719b982a,2018-12,Essex Police,Essex Police,0.288589,51.485920,On or near FLEMMING ROAD,E01033613,Thurrock 019D,Unable to prosecute suspect
3f3b15398aa07c1456a0d384ae0ecead96bdf40bda14d2f174973c83252a3de3,2018-12,Essex Police,Essex Police,0.281698,51.489840,On or near Parking Area,E01016011,Thurrock 015B,Local resolution
904b886bacd8783b98a7066f16a7478dfa85774df98e2d536fab00bdcbba4ec3,2018-12,Essex Police,Essex Police,0.484654,51.736715,On or near Prison,E01021627,Chelmsford 010E,Action to be taken by another organisation
ddd5519d13a7f0bfcc6e7acda9e126eec9f571545d4f807737fc31bdc567305a,2018-12,Essex Police,Essex Police,0.295687,51.519973,On or near BRADD CLOSE,E01015975,Thurrock 006F,Investigation complete; no suspect identified
94a27778b3a5ac73f44126ba859d9e350995b4c764671ffefaa66ac2dfaa626f,2018-12,Essex Police,Essex Police,0.304501,51.619946,On or near ST THOMAS ROAD,E01021436,Brentwood 007B,Offender given a drugs possession warning
4e71aaaf0472b93f58b26ce1ba24c6bde0373d4828a1725e229b81fc5f8d0edd,2018-12,Essex Police,Essex Police,0.301804,51.622040,On or near William Hunter Way,E01021433,Brentwood 007A,Investigation complete; no suspect identified
9517d049370cdbe4a608adb95168a3ce3027df779de62238ebbc8bdd3f7d050b,2018-12,Essex Police,Essex Police,0.470773,51.734229,On or near MARKET ROAD,E01033141,Chelmsford 010G,Investigation complete; no suspect identified
20a62661f486e0626f1fa0fea39c7829b22228b6ae1871008992f3698f137030,2018-12,Essex Police,Essex Police,0.712471,51.535517,On or near Theatre/Concert Hall,E01015852,Southend-on-Sea 015B,Unable to prosecute suspect
a6233a3c6650edc615d291817d714f8678421fbd4b59422fdd8e7675bc3c27e0,2018-12,Essex Police,Essex Police,0.703294,51.544911,On or near CHELMSFORD AVENUE,E01015899,Southend-on-Sea 010E,Unable to prosecute suspect
e21d44430c21603e85c5412fea12b4abe372fbcd68cac4dda3863cac410dbe36,2018-12,Essex Police,Essex Police,1.142850,51.796290,On or near AGINCOURT ROAD,E01021968,Tendring 017A,Unable to prosecute suspect
2af182503aec1d82cd664f381cd6372aa98ab16172250142436fda34623d1e3f,2018-12,Essex Police,Essex Police,0.593060,51.716782,On or near MALDON ROAD,E01021570,Chelmsford 016D,Unable to prosecute suspect
5489c45563feb1a89b9e33415ef9c43d386317cc301d764f60015276e18b71aa,2018-12,Essex Police,Essex Police,0.297875,51.619779,On or near WESTERN GARDENS,E01021434,Brentwood 004C,Investigation complete; no suspect identified
5b691a3640148feb1ba846c7ae1a8166f5227a7fc8920352af82b8cc7cb4efc5,2018-12,Essex Police,Essex Police,0.703294,51.544911,On or near CHELMSFORD AVENUE,E01015899,Southend-on-Sea 010E,Unable to prosecute suspect
9b9292f9095eab3cc1885af26032d8ca9c858a26fa1576708cdfe6a9244ad5f4,2018-12,Essex Police,Essex Police,0.469999,51.570345,On or near CLICKETT SIDE,E01021321,Basildon 015E,Unable to prosecute suspect
e8d4f9b82737ab408bff1ef93d2eb5dba336e8bf2e43043c6b13d86bc917ba1e,2018-12,Essex Police,Essex Police,0.508821,51.568281,On or near CORFE CLOSE,E01021316,Basildon 018D,Local resolution
9c23ccff4a0d3c58ff5adaa6949520a3f80aa0d01b860c9e561612a90cc2dda4,2018-12,Essex Police,Essex Police,0.092811,51.774150,On or near Supermarket,E01021843,Harlow 004E,Investigation complete; no suspect identified
3a65bb6e650026a74726b4fd45026178227e5708d069b9fd9087f78f27b57a90,2018-12,Essex Police,Essex Police,0.894626,51.882963,On or near STABLE ROAD,E01021651,Colchester 013A,Suspect charged
e61a5f4787193f3cab9ec686bb50459c88d6f58d99cd04db77cf9efc77abfe96,2018-12,Essex Police,Essex Police,0.661003,51.593328,On or near WOODSIDE CHASE,E01021933,Rochford 003A,Investigation complete; no suspect identified
1b89cbf261c4220c6cd0585058f33f9e43b8a485382fdf0e5ccfe243fb3dab04,2018-12,Essex Police,Essex Police,0.935337,51.921598,On or near A1232,E01021971,Tendring 005A,Investigation complete; no suspect identified
a64a0edeab27c6f8cf8771c02c8a6194cf1e48d4e0a0b4e6a76848b42500466c,2018-12,Essex Police,Essex Police,0.289087,51.515417,On or near AYRON ROAD,E01015973,Thurrock 006D,Investigation complete; no suspect identified
08d7c148efffc2542af95c6a83faab3526f3d5533708f6985a3abdb3e5e5abd6,2018-12,Essex Police,Essex Police,0.908761,51.885357,On or near Supermarket,E01021686,Colchester 011D,Investigation complete; no suspect identified
aef44dbc8a898e276e2bcdeea4a4c3c32c088cea9fe5d10eb018a25d3f5b8666,2018-12,Essex Police,Essex Police,0.913266,51.877268,On or near BROOKSIDE CLOSE,E01021684,Colchester 011B,Investigation complete; no suspect identified
6fdf5dc8126b226777bb0f88364b2640791845c55a0b59155890f87377a35f05,2018-12,Essex Police,Essex Police,1.233101,51.930671,On or near CHEVY COURT,E01022028,Tendring 004F,Investigation complete; no suspect identified
e83f032fa061005af39e3793ac4645e390c6ce643a3f65fb655081d7b2c56906,2018-12,Essex Police,Essex Police,0.898501,51.890107,On or near ST RUNWALD STREET,E01021649,Colchester 007D,Investigation complete; no suspect identified
15d8f290af9e3d610104456fb6ecd0228aabfc0d87273eba76af85ce9d699ea1,2018-12,Essex Police,Essex Police,0.710244,51.582470,On or near THE GARNERS,E01021952,Rochford 007C,Unable to prosecute suspect
e5d7b91957c94fc5367ffb79e40963d3b2b2e0fc7d997b61424ddb33707f1a3d,2018-12,Essex Police,Essex Police,0.894626,51.882963,On or near STABLE ROAD,E01021651,Colchester 013A,Suspect charged
af76153cffef436c408a1f84e77a2b3ad38100b8478b091da4f23fdf71ce530f,2018-12,Essex Police,Essex Police,0.289364,51.483863,On or near PARR CLOSE,E01033611,Thurrock 019C,Investigation complete; no suspect identified
bc563941562d3de455c41a6b6f3ac6424a5615f8ced01f936dd105a5d80f3131,2018-12,Essex Police,Essex Police,0.331992,51.489363,On or near CONNAUGHT AVENUE,E01015995,Thurrock 009E,Local resolution
fe5994ed44e0b99cd518f2fab4fbfc8fd3f927033c1c6e9e0f2a18f29f195b6c,2018-12,Essex Police,Essex Police,0.032408,51.689890,On or near PRINCESFIELD ROAD,E01021815,Epping Forest 007D,Unable to prosecute suspect
ce65621fff40c5c0594f307c480a9bb5a26a05c43399ac6398396b701bca9ef9,2018-12,Essex Police,Essex Police,0.092811,51.774150,On or near Supermarket,E01021843,Harlow 004E,Investigation complete; no suspect identified
cfe2ef1a509370c5a521f468e8953b0eb0055c1c5fa027747d26d70864523128,2018-12,Essex Police,Essex Police,0.331992,51.489363,On or near CONNAUGHT AVENUE,E01015995,Thurrock 009E,Local resolution
4817ce9cfa12b8e3f4941bc4390e44044a2d0f16b426d28d61fd5c36b2a48d55,2018-12,Essex Police,Essex Police,0.554532,51.891444,On or near EAGLE LANE,E01021357,Braintree 008B,Suspect charged
ee3308e5bae7891fb1aa07f69627b468f7c29b684f55e940dcdb42f9a13feba4,2018-12,Essex Police,Essex Police,0.396053,51.693708,On or near IVY BARNS LANE,E01021602,Chelmsford 018B,Local resolution
edb4973e12ef368694053fff5620dca9eaf62b9c1d750682081c32b2c498bc2e,2018-12,Essex Police,Essex Police,0.924251,51.900982,On or near MAYFIELD CLOSE,E01021709,Colchester 022B,Unable to prosecute suspect
3e09c8d668c6efed7f181fa3a6a06bd92259f70b94ec1bd029cc0c9b8db7f1b2,2018-12,Essex Police,Essex Police,0.712471,51.535517,On or near Theatre/Concert Hall,E01015852,Southend-on-Sea 015B,Unable to prosecute suspect
2fcf98de1f257a9fe506019d7ef59ac7f3bf2ed811a4f3d3e84fe9499dc392e8,2018-12,Essex Police,Essex Police,0.897124,51.887227,On or near CHAPEL STREET NORTH,E01021649,Colchester 007D,Investigation complete; no suspect identified
b07b8a0c2004dadc9338005a5c961f39d261b2413656b9f0a7f0a336d763fc7b,2018-12,Essex Police,Essex Police,0.691853,51.607131,On or near Sports/Recreation Area,E01021914,Rochford 002A,Unable to prosecute suspect
810d6fcf9ba74c2fe35fd0db11208cf16ac6a88ac6e082b927894fb16382ca92,2018-12,Essex Police,Essex Police,0.703329,51.566909,On or near Shopping Area,E01021956,Rochford 007E,Investigation complete; no suspect identified
a84b7975227660838fd44e00caab892d2fc9daea055c0a96aa47f8484560fada,2018-12,Essex Police,Essex Police,0.693976,51.539541,On or near HAMLET COURT ROAD,E01015855,Southend-on-Sea 015E,Unable to prosecute suspect
10fae0d8bbab38bb294e966f6f9d7daf6d0b2e1c2d5fcb109101def29fb9acfb,2018-12,Essex Police,Essex Police,0.921912,51.874571,On or near LITTLEBURY GARDENS,E01021664,Colchester 016C,Unable to prosecute suspect
1429a68910ede66c573212e9fdcdf704303995041e2438b595bf3d472d3203d1,2018-12,Essex Police,Essex Police,0.710244,51.582470,On or near THE GARNERS,E01021952,Rochford 007C,Unable to prosecute suspect
dc1114f0f7d1ae5df26f980247180a287a1625c48a4b204b09d0d2f4772ba424,2018-12,Essex Police,Essex Police,1.233101,51.930671,On or near CHEVY COURT,E01022028,Tendring 004F,Investigation complete; no suspect identified
dbfbb2a46a8321d245981773afb15d4653b8d5cb725013769e3eba28ef8da932,2018-12,Essex Police,Essex Police,0.901486,51.905305,On or near STANFORD ROAD,E01021679,Colchester 004A,Unable to prosecute suspect
3013d43b9efae55c0abe69f2b756b42d04cc55cfc6f0d910ad8fc07f992e8807,2018-12,Essex Police,Essex Police,0.483438,51.562193,On or near OLDWYK,E01021323,Basildon 019B,Investigation complete; no suspect identified
d6995c15d365e2a3cc98b5864e20322e36d0fa906183dcf5f277146c13fcf917,2018-12,Essex Police,Essex Police,0.626423,51.810236,On or near SNOWDROP CLOSE,E01021426,Braintree 015E,Unable to prosecute suspect
c561adf330c430b161f3ef1d11e94025a8ef77922a47479c92952612587d8f24,2018-12,Essex Police,Essex Police,0.332095,51.499290,On or near BLACKTHORN ROAD,E01015993,Thurrock 009C,Investigation complete; no suspect identified
b03e42bee3321430466b443b926342888348e77289f6d34f18d7dc29bbc3e4e6,2018-12,Essex Police,Essex Police,0.431405,51.568634,On or near ELIZABETH WAY,E01021288,Basildon 016B,Investigation complete; no suspect identified
edfd85eecd6a835da8ffb5421a6b3d1e61eb9c7452631d2cfdbbceaee99ec2ce,2018-12,Essex Police,Essex Police,0.333766,51.893558,On or near GLEBE LANE,E01022095,Uttlesford 006D,Investigation complete; no suspect identified
a9c61c311fcd20ba09ca388197a2b0f7ba4122239bdd0c8102125ffc5a3eab2c,2018-12,Essex Police,Essex Police,0.653492,51.551175,On or near Sports/Recreation Area,E01015814,Southend-on-Sea 003A,Investigation complete; no suspect identified
9e3cf5ad6a2c772a0fcd8a7041287f9d7e8c2de078bd805bc744d0c9931cf375,2018-12,Essex Police,Essex Police,0.291107,51.519181,On or near TAMARISK ROAD,E01015973,Thurrock 006D,Investigation complete; no suspect identified
bf807cd641339b42856591de7ec03190497668ca488c4cc5fb1a4a3db7d97575,2018-12,Essex Police,Essex Police,0.424819,51.509667,On or near ST MARGARET'S AVENUE,E01015992,Thurrock 005C,Unable to prosecute suspect
132a056f08c3fb307ab62c60343ca4c3b6ae97af14a025692ab3d0bf6bf485a5,2018-12,Essex Police,Essex Police,0.432059,51.584664,On or near BOX CLOSE,E01021263,Basildon 010C,Suspect charged
5f598be4a72f981ba490ca2811c41e4cdcfb9fb3baa2f1b16f3c9ad44d340c74,2018-12,Essex Police,Essex Police,0.106661,51.747842,On or near GIBB CROFT,E01021858,Harlow 010B,Investigation complete; no suspect identified
0798e30cc4fcb094ffe5638db6c776cf2315d759601facc1694b3d1a099f54dd,2018-12,Essex Police,Essex Police,0.077163,51.772728,On or near HOBTOE ROAD,E01021840,Harlow 004B,Unable to prosecute suspect
5cb14270b467dd2104494d364c9e465c0612c9a26790f8116ae7680325ac684b,2018-12,Essex Police,Essex Police,0.576824,51.881470,On or near COGGESHALL ROAD,E01021352,Braintree 007C,Investigation complete; no suspect identified
10c5223bab853eecbb2b963a04e13dd093998e138c904da39981dede795a3860,2018-12,Essex Police,Essex Police,0.684980,51.554290,On or near CARDIGAN AVENUE,E01015858,Southend-on-Sea 004B,Investigation complete; no suspect identified
08bffa9082c58089cb62822fcb841da84e90b334d36e4e308d3b8903a4061ac4,2018-12,Essex Police,Essex Police,0.556018,51.558646,On or near SOUTH VIEW ROAD,E01021479,Castle Point 004A,Unable to prosecute suspect
1f68bd2c84ee50613950c7341a53961882b785f926faf19fe5c4f217b93a8773,2018-12,Essex Police,Essex Police,0.077163,51.772728,On or near HOBTOE ROAD,E01021840,Harlow 004B,Unable to prosecute suspect
7ac9f5f2ba8ea695fc72ff240161dc1d890582aba91013aad9fa8470279df6a9,2018-12,Essex Police,Essex Police,0.077163,51.772728,On or near HOBTOE ROAD,E01021840,Harlow 004B,Unable to prosecute suspect
ea62a924419d6a0acace3b95aa62a25e6bf16192085b4d07521135a6c58cfe32,2018-12,Essex Police,Essex Police,0.432059,51.584664,On or near BOX CLOSE,E01021263,Basildon 010C,Suspect charged
9b488775e3f47454db76d1f00813ac5f3e4443e67e516e74aa5223a91e9c4b0c,2018-12,Essex Police,Essex Police,0.347290,51.598909,On or near Petrol Station,E01021445,Brentwood 009A,Investigation complete; no suspect identified
70351dab38ab3fbbb37fcaf9d3154794ba1212dbf08a7c0b66ed3e9b91d8e02c,2018-12,Essex Police,Essex Police,0.830302,51.662198,On or near STATION ROAD,E01021906,Maldon 006D,Suspect charged
d900478fb7f2f5fb5c5e90a9c781449400529e82a1ad7e65424f299370231fc8,2018-12,Essex Police,Essex Police,0.375717,51.488611,On or near INGLEBY ROAD,E01015936,Thurrock 012D,Investigation complete; no suspect identified
11949c2eff2b1c9810d49ee5c9e3e53b120be594e41d0cd30dc23beeb7e6cbeb,2018-12,Essex Police,Essex Police,0.719805,51.539277,On or near LANCASTER GARDENS,E01015844,Southend-on-Sea 014F,Suspect charged
76136ee85e8ba3da483b6497631a8f5535fa42f986031b3cefe4e110a311216c,2018-12,Essex Police,Essex Police,0.936388,51.890687,On or near CLEMATIS WAY,E01021696,Colchester 008A,Unable to prosecute suspect
0a1c810ed38bd0dac40fe8984077df67ac13c54fe2dc93f5243001e9eee14f23,2018-12,Essex Police,Essex Police,-0.008474,51.677830,On or near ROMAN WAY,E01021817,Epping Forest 008E,Unable to prosecute suspect
8fb510cf86ee456a76dfd359d4724789ed18a07b01da4e2ed56f756e88b453d8,2018-12,Essex Police,Essex Police,0.372710,51.483690,On or near CAMDEN CLOSE,E01015934,Thurrock 012B,Unable to prosecute suspect
f6c4d90c9d1195ef519c3d189b4c7ecab7f2c061c6d5b1ea249e62064d87ab0e,2018-12,Essex Police,Essex Police,0.122640,51.772536,On or near LADYSHOT,E01021847,Harlow 002D,Unable to prosecute suspect
5457fb1f56954c136b2bf1876c67ef0f7d61913224da726d199869ba1c02ca89,2018-12,Essex Police,Essex Police,0.305806,51.517400,On or near MEDLAR DRIVE,E01015974,Thurrock 006E,Suspect charged
5530af44b728f3046653f7670b689589c1137ceca349c3ca5a18ea6e48d1e29e,2018-12,Essex Police,Essex Police,0.295247,51.692457,On or near NINE ASHES ROAD,E01021769,Epping Forest 003A,Investigation complete; no suspect identified
b7443d0bf47c5a0c727c27e53c9b5a13f1cac634123af6f9bc8557316450ab58,2018-12,Essex Police,Essex Police,0.316734,51.476815,On or near Supermarket,E01015953,Thurrock 017C,Investigation complete; no suspect identified
e21378fab8a943bbe367781eb095cb1ab0a00fb6295b0eb464fe0455e68d3173,2018-12,Essex Police,Essex Police,0.715963,51.544987,On or near GREYHOUND WAY,E01015898,Southend-on-Sea 010D,Unable to prosecute suspect
2df206a1451f563e0e0e071695728f84abbca4f1fc37cffa511df2ebe8281723,2018-12,Essex Police,Essex Police,0.372710,51.483690,On or near CAMDEN CLOSE,E01015934,Thurrock 012B,Unable to prosecute suspect
32071e76e5f81720d8eb8873380f04115b8402c07ee77c05afae61c1251a6741,2018-12,Essex Police,Essex Police,0.915055,51.883582,On or near REBOW STREET,E01021687,Colchester 011E,Suspect charged
e7d4fe38aee530e15e9cd215d4fe5c47ecc68d7bedde5fe79665b53f3edd8723,2018-12,Essex Police,Essex Police,0.741125,51.593058,On or near ASH TREE COURT,E01021915,Rochford 004A,Investigation complete; no suspect identified
14fe3370bba499c5f557f17d695fbce17aa263222341fd6564e980dc86a8df15,2018-12,Essex Police,Essex Police,0.549705,51.568289,On or near LYNDENE,E01021516,Castle Point 003D,Unable to prosecute suspect
cbbeec6d1fe412aca59b14e69a595e8c25ce26ee08b782a796aefcfcc1f28b23,2018-12,Essex Police,Essex Police,0.432912,51.570113,On or near TURNER CLOSE,E01021292,Basildon 017B,Investigation complete; no suspect identified
e95ab466df5d32faee7059bdbae87759a898482fb55af5be345d2a5d9d341b26,2018-12,Essex Police,Essex Police,0.455025,51.557871,On or near FOBBING FARM CLOSE,E01021297,Basildon 020D,Unable to prosecute suspect
f1ebb982cb223dbf1847fee3a31dbf5468b2356ae74ee20d0dbb02eb74d0d0eb,2018-12,Essex Police,Essex Police,0.709744,51.581600,On or near THE TRUNNIONS,E01021952,Rochford 007C,Unable to prosecute suspect
42f67cfdabd5dcb0daa302d86bec4fe28cc530d668c1ff7e5bbf63b547458828,2018-12,Essex Police,Essex Police,0.885255,51.894336,On or near Sports/Recreation Area,E01021676,Colchester 009D,Offender given a drugs possession warning
dcc7125a5c6c7912ff4d1146df0573efc9809dfa83a7a0f7380946f5a16c70d9,2018-12,Essex Police,Essex Police,0.254456,51.498866,On or near NEW MALTINGS,E01015921,Thurrock 015A,Unable to prosecute suspect
0c872da047df963759776314baae39d0bca5ecf7d33cae5a3127740841686b43,2018-12,Essex Police,Essex Police,0.500938,51.570832,On or near Pedestrian Subway,E01021305,Basildon 013D,Unable to prosecute suspect
fd8f79be1e43d21da36beacc40723172201a1d927cfd997fb62d3de7f4741d04,2018-12,Essex Police,Essex Police,0.397253,51.509757,On or near Petrol Station,E01015979,Thurrock 004C,Investigation complete; no suspect identified
7a2c65599797f5d7524810b9d2f3f587819d17b038df9602e1e3f659fc981af8,2018-12,Essex Police,Essex Police,0.549705,51.568289,On or near LYNDENE,E01021516,Castle Point 003D,Unable to prosecute suspect
a2153f59a30fc3b95fe3c381c3a0ae59ff27d173728c395a8d669becf11ad2dc,2018-12,Essex Police,Essex Police,0.277113,51.898482,On or near SCHOOL LANE,E01022090,Uttlesford 006B,Suspect charged
8dbf76b1b14a7850fa4377b4088a9cfb2819f11dac19f2bc2292ddd56ad74a7f,2018-12,Essex Police,Essex Police,0.579404,51.532611,On or near ELSINOR AVENUE,E01021504,Castle Point 008C,Unable to prosecute suspect
3061b7aa354f76182fc26c581dada3f785affd905b0b0f5a373f91a941cae2a7,2018-12,Essex Police,Essex Police,0.253646,51.501148,On or near DAVIS ROAD,E01015923,Thurrock 008B,Unable to prosecute suspect
a9314a331bae75965cd19a1f8da6efec8c6ff9657ea7638f7964563b540a4f27,2018-12,Essex Police,Essex Police,0.316734,51.476815,On or near Supermarket,E01015953,Thurrock 017C,Investigation complete; no suspect identified
7ac88cb40ef87d3c0f437d5702f2574b6d434e13196e6f1f6b96a63ef37828c6,2018-12,Essex Police,Essex Police,0.277113,51.898482,On or near SCHOOL LANE,E01022090,Uttlesford 006B,Suspect charged
a07006ad0207b63df4294411d77d00e5b926e7032a748d98560d2b1c725e4668,2018-12,Essex Police,Essex Police,0.688637,51.861404,On or near POINTWELL LANE,E01021379,Braintree 014C,Unable to prosecute suspect
5b46da8d7e18306422fb660aa63e6bd3f206ce7ac1a66d13cee970b0f7fb9586,2018-12,Essex Police,Essex Police,0.337648,51.479682,On or near TOWERS ROAD,E01015968,Thurrock 014C,Investigation complete; no suspect identified
310a31ef5c9e106547b578ea368efb8cb1cf37c18acb4fb46e7f7b1136525669,2018-12,Essex Police,Essex Police,0.688637,51.861404,On or near POINTWELL LANE,E01021379,Braintree 014C,Unable to prosecute suspect
db5f3c2a5a801a9bf021b0a6a6edbce44a5644cbf16265cbcfac62a5f2a6f921,2018-12,Essex Police,Essex Police,0.138940,51.650912,On or near CHURCH LANE,E01021770,Epping Forest 010A,Unable to prosecute suspect
84b6d85c2ecf2df8409612f490d7a2a2da9e2e9a634bfbaea71b87e9007a8362,2018-12,Essex Police,Essex Police,1.152215,51.788718,On or near Shopping Area,E01022025,Tendring 016B,Investigation complete; no suspect identified
ab3992373d6484599fcbc64e4f248ee691800ace0a97d88d4f8546d755bc98d3,2018-12,Essex Police,Essex Police,0.459686,51.749040,On or near MERLIN PLACE,E01021576,Chelmsford 006A,Unable to prosecute suspect
2d66ecb2175d54987e9da3b9d804a0a8063ca66cb09f4c31916558be80deb8a0,2018-12,Essex Police,Essex Police,0.492288,51.749360,On or near WEYMOUTH ROAD,E01021624,Chelmsford 004F,Investigation complete; no suspect identified
23776122487111aeb32dacc9828944ead067c4e10bbd460e40b31841fb734ffb,2018-12,Essex Police,Essex Police,0.591323,51.715777,On or near HOYNORS,E01021572,Chelmsford 016E,Unable to prosecute suspect
4822385bc176a79a6870590d1c10a38e01849e8986d14d8b4b747cb928bdc3d9,2018-12,Essex Police,Essex Police,0.476925,51.737616,On or near REGINA ROAD,E01033141,Chelmsford 010G,Offender given a drugs possession warning
5739b984a02e57df04eac3d81040b5f611c8326db9f12f1d42c2cde50f22cc4d,2018-12,Essex Police,Essex Police,0.417744,51.544518,On or near OLD HILL AVENUE,E01015978,Thurrock 004B,Investigation complete; no suspect identified
228b264bda16d004cb5bef1d72ed67ea84ed4e9fe2a5d7340ad1bae2f4e86d37,2018-12,Essex Police,Essex Police,-0.001630,51.665718,On or near BUTLERS DRIVE,E01021806,Epping Forest 009A,Investigation complete; no suspect identified
140a07213ab4bdeb4b9d59626d99eb0f2fe0c18f1a91ba0b7a1709b30a9827ff,2018-12,Essex Police,Essex Police,-0.003963,51.686008,On or near PARADISE ROAD,E01021818,Epping Forest 009C,Suspect charged
61c7a2bff7f93b807818bcc705f1638d0f2fc0ec35034ae30bf7848de4bfb0df,2018-12,Essex Police,Essex Police,0.492288,51.749360,On or near WEYMOUTH ROAD,E01021624,Chelmsford 004F,Investigation complete; no suspect identified
d7ed7df7ec370cc7fd688f23e7d51d6959670a41ffd7791b6950a487e1934664,2018-12,Essex Police,Essex Police,0.301804,51.622040,On or near William Hunter Way,E01021433,Brentwood 007A,Suspect charged
406a16542f02212f839b539c4c277c439b86f02ace2dee263914e709a4e2b390,2018-12,Essex Police,Essex Police,0.480367,51.748893,On or near ARUN CLOSE,E01021622,Chelmsford 007C,Investigation complete; no suspect identified
6d971d76b78db4deeefcea97c5884c88f4507087345bd2f95a048b9bbb522ddb,2018-12,Essex Police,Essex Police,0.387333,51.672374,On or near WOODLAND CLOSE,E01021458,Brentwood 002B,Investigation complete; no suspect identified
ffe1bada4e83a63658acd47be76f08ae4d24b9d7d02f29cfa6aa133587ef4a1c,2018-12,Essex Police,Essex Police,0.685935,51.535732,On or near WESTERN ESPLANADE,E01015827,Southend-on-Sea 012A,Investigation complete; no suspect identified
c92e0765fa72afcf1d609ea67c15dcc7a46c3e5f087cd04acb3b441367c9f755,2018-12,Essex Police,Essex Police,0.702321,51.537982,On or near AVENUE ROAD,E01015856,Southend-on-Sea 015F,Offender given a caution
fb93d8d97f5bc17abccbb0ae3419179fa6c96220dc879dda022a873b94b003b0,2018-12,Essex Police,Essex Police,0.715320,51.534677,On or near Shopping Area,E01015852,Southend-on-Sea 015B,Suspect charged
d435301036b391c159ccd4a5a63a358853eba8476f016a85df0338431a12c196,2018-12,Essex Police,Essex Police,0.500938,51.570832,On or near Pedestrian Subway,E01021305,Basildon 013D,Unable to prosecute suspect
e5127c9b9aea820de49589750b0ac65f805dcf74a6d3d095d5701be425859f0c,2018-12,Essex Police,Essex Police,0.277113,51.898482,On or near SCHOOL LANE,E01022090,Uttlesford 006B,Unable to prosecute suspect
90087d100106b1e38c8c7d4bdd7e46d9ddd9eef6d632a2fe1c3271375a4248b1,2018-12,Essex Police,Essex Police,0.247476,51.709856,On or near MAYFLOWER WAY,E01021755,Epping Forest 004C,Investigation complete; no suspect identified
8ecdd32edd93a2575b2f31b28d08ba350db1b0dc923c11fd705366c5a2b0a2dd,2018-12,Essex Police,Essex Police,0.472492,51.571336,On or near CLICKETT END,E01021321,Basildon 015E,Action to be taken by another organisation
7babe5e42ae828c4c051b11f6706a0d6192654c9d2f1ea63872b148d44c14dd4,2018-12,Essex Police,Essex Police,1.256868,51.946448,On or near EAST DOCK ROAD,E01033051,Tendring 002F,Unable to prosecute suspect
d23ac5d2d83d549cb19bfd3828946ec6ec7a8c507c32816e25641ea1ef9b52cd,2018-12,Essex Police,Essex Police,0.683671,51.543833,On or near IMPERIAL AVENUE,E01015832,Southend-on-Sea 012F,Suspect charged
3eea8ff43625fa326640d555ee96ae88c09f7521a20bde4de423fca937e5477f,2018-12,Essex Police,Essex Police,0.540480,51.655383,On or near OLD BARN LANE,E01021594,Chelmsford 021B,Investigation complete; no suspect identified
7c1c9fff69425e28006a71cc2f3b38f5873b65cf5b6e7e935d2b156ff5d67a1e,2018-12,Essex Police,Essex Police,0.072687,51.604934,On or near TOMSWOOD HILL,E01021766,Epping Forest 017C,Investigation complete; no suspect identified
0c3999ebe6cd1cb2a5cd35d91146b33ed5a6de077fdc9cd430ce1262d18b8b4c,2018-12,Essex Police,Essex Police,0.291201,51.477119,On or near SOUTH VIEW ROAD,E01016011,Thurrock 015B,Investigation complete; no suspect identified
9d8eb5abacef4a11446bbf323df9918d236c5eefc3ac9a90b574fcde73be4f2b,2018-12,Essex Police,Essex Police,0.913503,51.922914,On or near Sports/Recreation Area,E01021682,Colchester 004D,Investigation complete; no suspect identified
c9afa2676d30007914630fc6328bdbaa87506455c508fb6d9ff78ea741665dae,2018-12,Essex Police,Essex Police,1.153536,51.806194,On or near ELM GROVE,E01022044,Tendring 013E,Unable to prosecute suspect
89e3103be204fc097342834a413b72347895ae85223432cfd67de6afde5eaa75,2018-12,Essex Police,Essex Police,0.583094,51.689257,On or near BROCKENHURST WAY,E01021533,Chelmsford 016A,Investigation complete; no suspect identified
b910f04131cc6302b4c8728009aa0d9f5aa915d37759042fb8387c9b9eb9443d,2018-12,Essex Police,Essex Police,1.117827,51.854456,On or near SECOND AVENUE,E01022018,Tendring 007E,Unable to prosecute suspect
e4ea0e2736c8ef3e889ab2c050f72a072a4138c60bbfa103cfdacb88c75682cf,2018-12,Essex Police,Essex Police,1.281605,51.938205,On or near CROWN LANE,E01022001,Tendring 001D,Suspect charged
aacf2ad63638ba8889836747b8cd33cce2ebb00e18e64646ff3e0099458fdb2f,2018-12,Essex Police,Essex Police,0.275564,51.489033,On or near Supermarket,E01016012,Thurrock 015C,Local resolution
ab07aa4473fff4f05b30449598337f715dae88bc4999643a2c2bcbfc3c7d0070,2018-12,Essex Police,Essex Police,1.265587,51.933839,On or near KING'S ROAD,E01022005,Tendring 004E,Unable to prosecute suspect
f24bc3fafaa10d351a9e618f9764044b9c682388cb15fedabe2b35cff8bae046,2018-12,Essex Police,Essex Police,0.405677,51.577141,On or near FENTON WAY,E01021277,Basildon 014D,Investigation complete; no suspect identified
2f8c6a7d0ee6522428e8554c1858922d0db5cad7f8d1c1d364f1323c91286d6f,2018-12,Essex Police,Essex Police,0.333747,51.481693,On or near PALMER'S AVENUE,E01015961,Thurrock 016D,Investigation complete; no suspect identified
f9aa416a95b0910e1d435ea95814fd56c4e7e55c6acb5a52a062a348d49196b3,2018-12,Essex Police,Essex Police,0.502698,51.568187,On or near PIERCYS,E01021317,Basildon 018E,Investigation complete; no suspect identified
4072ae20449bf64531f169228cc98c26b70983ba8fa1ba31446a7ab993f580b8,2018-12,Essex Police,Essex Police,0.104603,51.763706,On or near TRIPTON ROAD,E01021870,Harlow 006E,Investigation complete; no suspect identified
5da387445910c48b679671aa02006c0ad9edcfef13773cd93c263111421320b3,2018-12,Essex Police,Essex Police,0.486893,51.564970,On or near BARDFIELD,E01021323,Basildon 019B,Investigation complete; no suspect identified
869002143b6dd516e4025847783a0fb6ced3fad6940e6da6b43054adaa7c8e4a,2018-12,Essex Police,Essex Police,0.618594,51.785544,On or near Hatfield Road (Near Service Station),E01033460,Braintree 017F,Investigation complete; no suspect identified
eb93b19232dcddde41eac7ee394d336373b075f8293c8f645698f47f59320f12,2018-12,Essex Police,Essex Police,0.962721,51.956400,On or near IPSWICH ROAD,E01021655,Colchester 001A,Investigation complete; no suspect identified
050a8ef510bdfc2090f9d46782663c606b53d4e6e77b94bb99135fcf81f2033b,2018-12,Essex Police,Essex Police,0.090817,51.759231,On or near KINGSLAND,E01021868,Harlow 007B,Unable to prosecute suspect
5238e45237144043632d4c25a8dd75793ef99b360875253a6e5e88f012550b8e,2018-12,Essex Police,Essex Police,0.085545,51.614509,On or near GREAT OAKS,E01021767,Epping Forest 017D,Investigation complete; no suspect identified
bdb8a47f2bc36564575f4598bf168fa168a024aa88d3fddd50f7465f6e37d989,2018-12,Essex Police,Essex Police,0.460901,51.562749,On or near LATCHETTS SHAW,E01021296,Basildon 020C,Investigation complete; no suspect identified
79a73e45c876875b18bb296734b2157a98eac39d693a7443719f33eb51125174,2018-12,Essex Police,Essex Police,0.243977,51.696497,On or near SANDON PLACE,E01021754,Epping Forest 004B,Investigation complete; no suspect identified
454d0f37ad4ea6eaf389d59f49e9e630b1946d9e0dbbf9c065dcfe00095b2c0d,2018-12,Essex Police,Essex Police,0.709743,51.544690,On or near Police Station,E01015895,Southend-on-Sea 010A,Investigation complete; no suspect identified
9f96f0712b69d678058c5c48a66c70272a1eb9f8d4a4345e15c9301bda12f52d,2018-12,Essex Police,Essex Police,1.179895,51.797704,On or near HAZLEMERE ROAD,E01022034,Tendring 012C,Unable to prosecute suspect
d696c3f0af5da7db5449a67d26082dfface7265f0d3cd6d20b946ced8a070740,2018-12,Essex Police,Essex Police,0.278704,51.612266,On or near LILLEY CLOSE,E01021468,Brentwood 006D,Investigation complete; no suspect identified
154426530ce6e81e62586c4bf9373c4c75c1e1585bd5adc357e44b46718ace66,2018-12,Essex Police,Essex Police,0.331665,51.500737,On or near WHITMORE AVENUE,E01015993,Thurrock 009C,Investigation complete; no suspect identified
ca32fef5e8b8d2ef6803499c0520d6bf0ec77ab5de2dbc0fc70db33451d996ef,2018-12,Essex Police,Essex Police,0.412661,51.692010,On or near Sports/Recreation Area,E01021602,Chelmsford 018B,Investigation complete; no suspect identified
b93f3a3a932b3606c43b8b758a0626958fe4792529c2c97b7622d5c280c8ad15,2018-12,Essex Police,Essex Police,0.273543,51.504586,On or near GROVES CLOSE,E01015928,Thurrock 007B,Suspect charged
24454b540b5ded977d65b37de9b3ee6ed4ba06a3cacc16d0f75076c8fc141da8,2018-12,Essex Police,Essex Police,0.095357,51.767783,On or near Shopping Area,E01021872,Harlow 007E,Investigation complete; no suspect identified
a1d83800db703ded9c35344c3623fe6fe47b5aa3bf02db9d9f55acbd0917ea02,2018-12,Essex Police,Essex Police,1.083782,51.802415,On or near ST CLAIR'S ROAD,E01022045,Tendring 018D,Investigation complete; no suspect identified
ae9f2c2c40f0ddeab140a67df77d644dd6b7f1ee7ed4979b48b6162341636f12,2018-12,Essex Police,Essex Police,0.300183,51.476745,On or near FOXTON ROAD,E01016015,Thurrock 015F,Investigation complete; no suspect identified
2f07ef86e177e86f281c744ba4892bf4d312357db8a5520802888cd4f9dba328,2018-12,Essex Police,Essex Police,0.279074,51.662592,On or near BROAD MEADOW,E01021444,Brentwood 001D,Unable to prosecute suspect
b6a0c77ed1e903fa0d78897e3306b955a76435e9d065f3158d5367a797970d1c,2018-12,Essex Police,Essex Police,0.283224,51.475413,On or near FLINT STREET,E01016012,Thurrock 015C,Investigation complete; no suspect identified
d39825d7261d7a7bc3277cc5bb1405529257a7e8bd04e486c6a426ed60e2123e,2018-12,Essex Police,Essex Police,0.669724,51.817965,On or near Petrol Station,E01021362,Braintree 015A,Investigation complete; no suspect identified
f45d013f3beb591385738164c41fd3ff656e9959924d067c66a6eb40430c2d00,2018-12,Essex Police,Essex Police,0.325177,51.473212,On or near ARGENT STREET,E01015954,Thurrock 017D,Investigation complete; no suspect identified
c58bc7842e54c3e9dd4e9ed54c9fb89a2703b9ea2576f5aec748b5bbf0e2b316,2018-12,Essex Police,Essex Police,0.454062,51.565176,On or near GOBIONS,E01021297,Basildon 020D,Investigation complete; no suspect identified
81ae37288be87f9fd2d274bd3fb0e1d8b8afb72fb6d137df23d692017658faf6,2018-12,Essex Police,Essex Police,0.462152,51.562677,On or near WYNTERS,E01021296,Basildon 020C,Investigation complete; no suspect identified
a36ede4e6f8828593857816fb3e81c32539d2ac49a6e7f1d29535924b9b5696e,2018-12,Essex Police,Essex Police,0.887444,51.865233,On or near SELBY CLOSE,E01033723,Colchester 015G,Unable to prosecute suspect
1d342edab5702104b8844db7e743d52b1428236cb532b538ce5009e0da237fbe,2018-12,Essex Police,Essex Police,0.581882,51.690084,On or near DEERHURST CHASE,E01021533,Chelmsford 016A,Investigation complete; no suspect identified
f50f932eafe5a7ce721f6daf2c4125a06e5f817b33cc1849d3201ba04151ae28,2018-12,Essex Police,Essex Police,0.261741,51.889938,On or near Airport/Airfield,E01022090,Uttlesford 006B,Local resolution
7dca7bb819c350619896f7ab5f3b16a391e3dcd8fcaeb533e985992f38c51fe7,2018-12,Essex Police,Essex Police,0.598612,51.563754,On or near BENTONWOOD,E01021531,Castle Point 002E,Unable to prosecute suspect
bf4f6336b8d387d2d94ca7ebce3ee4a4905cdba2eb6bba49efc1adc533df13bf,2018-12,Essex Police,Essex Police,0.630060,51.945798,On or near STANLEY ROAD,E01021387,Braintree 004A,Investigation complete; no suspect identified
7e0ba33833bcdf99b6bd7358386dc351c3beec20aa95cd24faee73185678a601,2018-12,Essex Police,Essex Police,0.899209,51.924796,On or near Parking Area,E01021682,Colchester 004D,Unable to prosecute suspect
ac299da7c03a2ccd879a0f7d3c08ff8d88349bac4f0ad41c10a57e79855a1f9c,2018-12,Essex Police,Essex Police,1.030952,51.811579,On or near OYSTERS REACH,E01021981,Tendring 011C,Investigation complete; no suspect identified
c620ddb03193725d4ca7345f9932c3437c14ac23266b6de2684e5f2f68205f6f,2018-12,Essex Police,Essex Police,0.307564,51.635327,On or near Parking Area,E01021465,Brentwood 005D,Investigation complete; no suspect identified
f7e1634579113ad2159db6fc8cc86297bc0570e7272c8fcce3b8550e2630a42c,2018-12,Essex Police,Essex Police,0.455119,51.662910,On or near MEADOWGATE,E01033143,Chelmsford 018E,Investigation complete; no suspect identified
4279cdd10145ebb7407aa8d5ff3703371727da50c1ca7c16432027c10cccc3e9,2018-12,Essex Police,Essex Police,0.470063,51.746448,On or near FIRST AVENUE,E01021591,Chelmsford 002E,Investigation complete; no suspect identified
e65e12fed0ca696880bfc4bc064fc29af47c55e1df63650dac662dea51d36a41,2018-12,Essex Police,Essex Police,0.518912,51.623661,On or near LAPWING ROAD,E01021338,Basildon 005C,Investigation complete; no suspect identified
92f95058f60ac7a2f129dead5a10da513b9c2678068ddb7c494deb5b71990f49,2018-12,Essex Police,Essex Police,0.438636,51.587522,On or near ABBOTS COURT,E01021262,Basildon 010B,Investigation complete; no suspect identified
c88269e07a1af727ac90259e0d482cc274c02fd46328cb1f121c1b5321fb2ade,2018-12,Essex Police,Essex Police,0.492504,51.717223,On or near ROTHMANS PLACE,E01021565,Chelmsford 014C,Unable to prosecute suspect
673d6ef8f8694b9440ba1a0d8b121b6b0d761f654b5e1e6be10aa3d52ae94ba9,2018-12,Essex Police,Essex Police,0.923838,51.911173,On or near COTSWOLD COURT,E01021670,Colchester 002C,Investigation complete; no suspect identified
7ddb3e0ae0e40e3f995648b202cdd9a196a97671a13cd7ee39919cf66e706f48,2018-12,Essex Police,Essex Police,0.284490,51.487772,On or near Shopping Area,E01016011,Thurrock 015B,Investigation complete; no suspect identified
4e63e1d31be3449180e58a1d88fd29d4d33a6868b157fbd5461b2b404cc047db,2018-12,Essex Police,Essex Police,0.910815,51.884533,On or near KENDALL ROAD,E01021686,Colchester 011D,Investigation complete; no suspect identified
0e97f49b3085961b6930338f3f3c60c36954dee7b1b2499b6eccfdf9c3343a62,2018-12,Essex Police,Essex Police,0.462186,51.721478,On or near Petrol Station,E01021556,Chelmsford 012A,Investigation complete; no suspect identified
ede369248cb6c5eadb1a238c96e565931831ca3500682a75c74c8cad90c492a2,2018-12,Essex Police,Essex Police,0.113112,51.761899,On or near Sports/Recreation Area,E01021820,Harlow 006B,Investigation complete; no suspect identified
a0cee5ebfb6338706df24ab5a3954d2a951b21f1bc3bc55e1ee92cb37186456d,2018-12,Essex Police,Essex Police,0.492504,51.717223,On or near ROTHMANS PLACE,E01021565,Chelmsford 014C,Unable to prosecute suspect
60850f41eff5d831474a6bfe8b5e57169d83c451e9d6a64cef6c23d032fe221d,2018-12,Essex Police,Essex Police,0.419134,51.579409,On or near BRIAR MEAD,E01021273,Basildon 014A,Investigation complete; no suspect identified
7c64fef58541ad7a05d5434d1c2a06e335e0cee6f3ab053a9dc445810f6c600d,2018-12,Essex Police,Essex Police,0.096614,51.676306,On or near WOODLAND WAY,E01021805,Epping Forest 010D,Investigation complete; no suspect identified
447373166b0ea888b0f5625f2026adc274316a08a7652bd6c0eabeb841098991,2018-12,Essex Police,Essex Police,0.467307,51.588577,On or near ENDEAVOUR DRIVE,E01021268,Basildon 015B,Investigation complete; no suspect identified
964457c7e0c7972ada0cd7a726468788d5388d081db9690f484e15f9e89a7e13,2018-12,Essex Police,Essex Police,0.353833,51.464519,On or near SEYMOUR ROAD,E01016003,Thurrock 018A,Investigation complete; no suspect identified
ade4a9f188cddd82228421d94b8918528b5a691af659ed49138a2df51e49f2c0,2018-12,Essex Police,Essex Police,0.483487,51.566284,On or near Parking Area,E01021327,Basildon 019E,Investigation complete; no suspect identified
799ea683515146c307e922b808607d027fe08077ba1d692de418026db195267d,2018-12,Essex Police,Essex Police,0.629908,51.936727,On or near ABELS ROAD,E01021391,Braintree 004C,Investigation complete; no suspect identified
f0cbacb1c5fe1c1b6d1c294499dc4c514ebe65e4df8c47ac0a248642d495529b,2018-12,Essex Police,Essex Police,0.473842,51.728364,On or near GLADSTONE COURT,E01021579,Chelmsford 012C,Investigation complete; no suspect identified
991d158163db86014543dc26484b26f9a4adb1b56d06ccbd0a37775fb4b898f9,2018-12,Essex Police,Essex Police,0.318598,51.493694,On or near ANDREA AVENUE,E01015939,Thurrock 020A,Unable to prosecute suspect
c84c7ee3307abcbeccdde99664a92a38187374d66242172853bca3bc7747edce,2018-12,Essex Police,Essex Police,0.568140,51.562014,On or near CATHERINE ROAD,E01021481,Castle Point 004B,Investigation complete; no suspect identified
cecf57e16654e3954c59fd71f081f69dbe581da52c71705e9d63f10bb56e8993,2018-12,Essex Police,Essex Police,0.318598,51.493694,On or near ANDREA AVENUE,E01015939,Thurrock 020A,Investigation complete; no suspect identified
2d92edace74a4d89fe00b4570d668b940f042d3694a80ad8cbabc885d8030824,2018-12,Essex Police,Essex Police,0.207610,52.004711,On or near Parking Area,E01022071,Uttlesford 003B,Investigation complete; no suspect identified
5e94eeb82bb14007fd5f4950edce4efa112d7e37696f1fdc1bd47c872206437a,2018-12,Essex Police,Essex Police,0.254456,51.498866,On or near NEW MALTINGS,E01015921,Thurrock 015A,Unable to prosecute suspect
f42856c8b8173d14a9055bb3e62bc5ec88e5d736b1887f1d0e2731ec714cc015,2018-12,Essex Police,Essex Police,0.629599,51.788527,On or near MORTIMER WAY,E01033460,Braintree 017F,Unable to prosecute suspect
fbb70cd3e86d10d1aa6210fef55fc05a886a4c2dd2dfd6cb0e21a2efb52d7122,2018-12,Essex Police,Essex Police,0.602963,51.584594,On or near HIGH STREET,E01021966,Rochford 008F,Investigation complete; no suspect identified
3791a68e114dbb72088bb18e57a3f7f7ea481ab76a64cac1abc99d5f60d62a15,2018-12,Essex Police,Essex Police,0.924388,51.887874,On or near HUNTING GATE,E01021706,Colchester 022H,Unable to prosecute suspect
54616a061a6408509b474b204d4cb7f90861b767b5c40f2e59c383fd49339360,2018-12,Essex Police,Essex Police,0.629908,51.936727,On or near ABELS ROAD,E01021391,Braintree 004C,Investigation complete; no suspect identified
20a8037eeb3a578fd6ecfb1e6f2bd04ae82e051c20b4077f7c4597d9df20c2c4,2018-12,Essex Police,Essex Police,0.242258,52.032382,On or near ROOKES,E01022078,Uttlesford 002C,Unable to prosecute suspect
22f1e910d1a624f938378776e6d8433342b0956842ee5cd87f871c1103441aa4,2018-12,Essex Police,Essex Police,0.346604,51.630974,On or near BROOKFIELD CLOSE,E01021448,Brentwood 003A,Investigation complete; no suspect identified
0643c8bf1e8427f31e962270a5bc491241aa73f61797f22737f980d72ea89b93,2018-12,Essex Police,Essex Police,0.712369,51.536949,On or near CLIFFTOWN ROAD,E01015852,Southend-on-Sea 015B,Suspect charged
2f5e76e2a9732266fbab02f7bf56ed706e1d9512a61e87d1bd6e5e807436fce9,2018-12,Essex Police,Essex Police,0.726824,51.831152,On or near B1023,E01021643,Colchester 019A,Unable to prosecute suspect
bf3560ca28a1c693dbc5a3ac90e831ac200c75b50721c28c2fc61feddbeb7aed,2018-12,Essex Police,Essex Police,0.506111,51.736026,On or near Village Square,E01021548,Chelmsford 013A,Investigation complete; no suspect identified
198d642bce93b11797cffa93913789299e387461a2517cee897524773c2f9246,2018-12,Essex Police,Essex Police,0.279525,51.476618,On or near THE ROOKERY,E01016012,Thurrock 015C,Investigation complete; no suspect identified
7ad20447ce6e316b1975df16e680d9927b32b0bc7dc25470135748c593ee7cc4,2018-12,Essex Police,Essex Police,0.111225,51.697816,On or near HEMNALL STREET,E01021757,Epping Forest 006B,Investigation complete; no suspect identified
a6c02a6a79ef4a255aef234d35de5497626c0e2c437db7a11a31c00ea6135d1a,2018-12,Essex Police,Essex Police,0.641352,51.800800,On or near NEWLAND STREET,E01021416,Braintree 017B,Investigation complete; no suspect identified
3e8114724864ecb7d704e5b84d6e8a91fd84a6cad74fc3e135ea81ff4468b92a,2018-12,Essex Police,Essex Police,0.113040,51.700130,On or near Police Station,E01021757,Epping Forest 006B,Investigation complete; no suspect identified
247aff3ce81d6b6a21416ed9b9cd6d17427f0aeddf6b54b46b7381c19d8e5cf3,2018-12,Essex Police,Essex Police,0.454697,51.583653,On or near CHESTER HALL LANE,E01021268,Basildon 015B,Investigation complete; no suspect identified
51b242a9702f9c07d467649489d20ef1787f3383a91ed2dd112c52792ea266a7,2018-12,Essex Police,Essex Police,0.462235,51.775920,On or near PUDDINGS WOOD LANE,E01021542,Chelmsford 002A,Local resolution
757b3b393d9e6dbc38eaf8de094672e240b075a444d8b6464d1921d8123a9337,2018-12,Essex Police,Essex Police,0.655050,51.548451,On or near Supermarket,E01015814,Southend-on-Sea 003A,Investigation complete; no suspect identified
0258b9f7c1de76bfebd23c8e8ea88ae20e54d2715c6633e135731a0787f453de,2018-12,Essex Police,Essex Police,0.630555,51.935858,On or near WHITE HORSE AVENUE,E01021391,Braintree 004C,Investigation complete; no suspect identified
184549472aff803b355830b37743352402f79ba3c1d3c3858a78acc9d467ba46,2018-12,Essex Police,Essex Police,0.129053,52.019844,On or near B1039,E01022098,Uttlesford 003E,Investigation complete; no suspect identified
92fac6aeec8a1364e96ccd61160f95b738af6bead9c14fc0b5e2687714b2d3fe,2018-12,Essex Police,Essex Police,0.088454,51.779299,On or near BURNT MILL,E01021839,Harlow 004A,Action to be taken by another organisation
3803ca9736b7c534914da9d20c0bef5baec4b418a285de57b166ffc627ee7413,2018-12,Essex Police,Essex Police,0.910214,51.855885,On or near BOBER COURT,E01021658,Colchester 016B,Action to be taken by another organisation
cf93dc9f190162eff56f55d6681f648c5563bac5262c54ef88247d19f051a18b,2018-12,Essex Police,Essex Police,0.910214,51.855885,On or near BOBER COURT,E01021658,Colchester 016B,Action to be taken by another organisation
a0f1566d99d1f42d774fd6b8067eb7f7328bfbbb5013ff69f573423cb1a30b6e,2018-12,Essex Police,Essex Police,1.029738,51.798245,On or near NORTH WALL,E01022046,Tendring 011E,Unable to prosecute suspect
823bba92e38e64a94673c64184df9cfda2f4cdfd37697232bc1b8cc2f84c6025,2018-12,Essex Police,Essex Police,0.859922,51.870600,On or near TUMULUS WAY,E01021715,Colchester 015E,Unable to prosecute suspect
6c492a5710aff783ca034fb56d9450a8d98f1960c23bf5057ebd60306f526721,2018-12,Essex Police,Essex Police,0.337418,51.494336,On or near CROWSTONE ROAD,E01015966,Thurrock 010D,Unable to prosecute suspect
b7fdc3ee94b0d2ecec736fdd209ed2df656703f8cd0d4e5f775fe87c6259722b,2018-12,Essex Police,Essex Police,0.528208,51.624010,On or near TIDWORTH AVENUE,E01021593,Chelmsford 021A,Action to be taken by another organisation
1a10c73ea78a0413322fa9f2f3c6d517ae1a1b62dbd26d8a3e05b4fcca08ba87,2018-12,Essex Police,Essex Police,0.261741,51.889938,On or near Airport/Airfield,E01022090,Uttlesford 006B,Local resolution
18076780f961d1741a863747551cef8cbaff224155f30dcfc3a4a685e7c6d498,2018-12,Essex Police,Essex Police,0.964577,51.869789,On or near LEYS ROAD,E01021737,Colchester 017B,Investigation complete; no suspect identified
b1ffceab2b9ad0248950c025011c5b1037c780ad0571779f1c82dfbcdab9f26a,2018-12,Essex Police,Essex Police,1.141178,51.823551,On or near Sports/Recreation Area,E01022016,Tendring 007C,Investigation complete; no suspect identified
fa1e0d01b5d26f03df348c076b12f03374bb6d51033e9f7adced3824c0fd294b,2018-12,Essex Police,Essex Police,0.088454,51.779299,On or near BURNT MILL,E01021839,Harlow 004A,Action to be taken by another organisation
c82751c4211b5b9b67a992280680b38b74bc180475d7a9b1b9e3086d7ed88c3f,2018-12,Essex Police,Essex Police,0.614520,51.559587,On or near ASHDOWN CRESCENT,E01021532,Castle Point 005D,Investigation complete; no suspect identified
1992f47950a6ebaf0dee6be439a3c72500ccd06d4edf26bb81f86df840520834,2018-12,Essex Police,Essex Police,0.899209,51.924796,On or near Parking Area,E01021682,Colchester 004D,Investigation complete; no suspect identified
75519b392e95cb055fc0e989a23a72d0c4d0ff47e7e4417c2aec9dd02ad5532c,2018-12,Essex Police,Essex Police,0.515984,51.578559,On or near HAVENGORE,E01021301,Basildon 011A,Unable to prosecute suspect
685f26eb2fe7e61740013cebdefdd32299009ea0853e63601e58ec86b71b245b,2018-12,Essex Police,Essex Police,0.484654,51.736715,On or near Prison,E01021627,Chelmsford 010E,Unable to prosecute suspect
2d464b38acb8336d77e152cee711a3052d54f709d3ee76e8e6a107c5e9b1888f,2018-12,Essex Police,Essex Police,0.724916,51.543475,On or near BRANKSOME ROAD,E01015843,Southend-on-Sea 014E,Investigation complete; no suspect identified
ee8d10d49851e5f7505f9fb8c9794a896771385fb1136db6cf9e63f2d2dcd8c6,2018-12,Essex Police,Essex Police,0.461228,51.569334,On or near Pedestrian Subway,E01021318,Basildon 015C,Investigation complete; no suspect identified
1fd7184839651210b49663a4c25c5478320cae6f90cf86e988d2e96bae936bc4,2018-12,Essex Police,Essex Police,0.194275,51.631663,On or near TYSEA HILL,E01021800,Epping Forest 003C,Investigation complete; no suspect identified
2ecdab7a9a1bbedaf0c6a6f091a70bde05dc8ff3181dd85889c469231bcf5afa,2018-12,Essex Police,Essex Police,0.494981,51.561678,On or near CLAREMONT DRIVE,E01021310,Basildon 022B,Unable to prosecute suspect
d1e74bd56c5fc3b2433305509a6fc02a308bada80b3dc466908d01ffbd2e3f83,2018-12,Essex Police,Essex Police,0.647018,51.811842,On or near ELDERBERRY GARDENS,E01021420,Braintree 017C,Unable to prosecute suspect
2e1daa4d81677ebad00ebbc1735bf1913b8c59baae5e421ca6cb4a181ebbe15e,2018-12,Essex Police,Essex Police,0.292669,51.633128,On or near BISHOP'S HALL ROAD,E01021464,Brentwood 004E,Investigation complete; no suspect identified
697c593d190dba951bb9beb75176c928bd0d6d81ade2b65d8c1a3b5e5e0881ce,2018-12,Essex Police,Essex Police,0.895335,51.889691,On or near BALKERNE GARDENS,E01021646,Colchester 007A,Investigation complete; no suspect identified
7508c874ceb8f79acef26868e4336c623f91df815e46f1e504bde24344763504,2018-12,Essex Police,Essex Police,0.900116,51.889231,On or near Shopping Area,E01021649,Colchester 007D,Suspect charged
a7e73071eb0c680b41024adbabace1dc24d47752623ed64c82e2da2d6487dafc,2018-12,Essex Police,Essex Police,0.876698,51.867115,On or near LORDSWOOD ROAD,E01021714,Colchester 015D,Unable to prosecute suspect
4c4e2153c91c6066e225835d02571bbc609c6f013942483f76b7e8874fe1a428,2018-12,Essex Police,Essex Police,0.477081,51.569207,On or near AMPERS END,E01021320,Basildon 015D,Suspect charged
4487caaa52ceecf7244aadf379f59dbbefedb04808f92e2f6e2b2cf18e7efa77,2018-12,Essex Police,Essex Police,0.899183,51.910173,On or near Hospital,E01021682,Colchester 004D,Suspect charged
9597a2ba8cc75762c4bf781098991fcadb7d872d35f0995ba3b75bf304290a96,2018-12,Essex Police,Essex Police,0.284490,51.487772,On or near Shopping Area,E01016011,Thurrock 015B,Investigation complete; no suspect identified
59ce58f65b1253e31182146a15dfccb5820cb37a293827ab4bade8c1c041999f,2018-12,Essex Police,Essex Police,0.122640,51.772536,On or near LADYSHOT,E01021847,Harlow 002D,Investigation complete; no suspect identified
5a88852b4b1b5fa8ab3da4ff48a19d0ba1e5ff0d919273ee903a70b8008a5a6e,2018-12,Essex Police,Essex Police,0.313019,51.575227,On or near Petrol Station,E01021473,Brentwood 008D,Investigation complete; no suspect identified
dbbc81e91e91c19929aba119e145cfd0fa0909d0959dc9f185b4240d22a6980b,2018-12,Essex Police,Essex Police,0.263449,51.489034,On or near SOUTHWAY,E01016012,Thurrock 015C,Investigation complete; no suspect identified
d862e16f729c2cdb82bf6db0a8de32c6e5961b61207169c327f9fd59460ec15b,2018-12,Essex Police,Essex Police,0.292822,51.504552,On or near CHELMER DRIVE,E01015930,Thurrock 007D,Investigation complete; no suspect identified
eaf453a27d62714fbc68a019e4522b738976c95920636e8668f8343057efd64a,2018-12,Essex Police,Essex Police,0.090347,51.753772,On or near Pedestrian Subway,E01021859,Harlow 010C,Investigation complete; no suspect identified
195298e988b93675ec32579a0ca8935a0c314983de3f65f02b548121c79f4eb8,2018-12,Essex Police,Essex Police,0.780724,51.534539,On or near WATSON CLOSE,E01015915,Southend-on-Sea 017B,Unable to prosecute suspect
24bc88e6b1432f11c3d03c370ccbcf0b3edf19c3a4727584cfc9dade62e97b36,2018-12,Essex Police,Essex Police,0.115390,51.784591,On or near Supermarket,E01021845,Harlow 002B,Unable to prosecute suspect
3815677e1a691e08b3a03b9306036c836f998ec5d47512ec34606a16cc197907,2018-12,Essex Police,Essex Police,0.484654,51.736715,On or near Prison,E01021627,Chelmsford 010E,Unable to prosecute suspect
b0744219e281f2303ef38b1b200cf3fe967ec2624104800e73012ffe79a0c588,2018-12,Essex Police,Essex Police,0.108431,51.784581,On or near Shopping Area,E01021845,Harlow 002B,Investigation complete; no suspect identified
68832a0e7648ae658073640129d5dd0de69cc475aaa1c406cd9f75f284c9e40a,2018-12,Essex Police,Essex Police,0.691731,51.543298,On or near CRANLEY AVENUE,E01015831,Southend-on-Sea 012E,Investigation complete; no suspect identified
52042e5c21c72e7024c3a594bbd5695ca776411899fc2c011e1dd0b9e2fcf140,2018-12,Essex Police,Essex Police,0.370630,51.544634,On or near BRENTWOOD ROAD,E01015978,Thurrock 004B,Investigation complete; no suspect identified
88c0de0ed871e8be92954dee1401d6491d5fcd83b2d00bcac667268adfefd38f,2018-12,Essex Police,Essex Police,0.691411,51.607483,On or near ASHINGDON ROAD,E01021914,Rochford 002A,Investigation complete; no suspect identified
90123d96f1cef7afd97cc9a2bd81c8e27d3c6dc45e7474b39090c6b0900de0c6,2018-12,Essex Police,Essex Police,0.435277,51.521995,On or near NURSERY ROAD,E01015986,Thurrock 003C,Investigation complete; no suspect identified
48416071a575062d4a1b2fa976ddd79c923486391cfacc40bd91ecebf701b76b,2018-12,Essex Police,Essex Police,0.491628,51.567379,On or near MARNEY DRIVE,E01021326,Basildon 022D,Unable to prosecute suspect
b5247a57d3a00d737ee2ac1e8b2c093ab902a2ffe6f52b67416b85c234280b88,2018-12,Essex Police,Essex Police,0.542802,51.878821,On or near RAYNE ROAD,E01021365,Braintree 009D,Investigation complete; no suspect identified
e7002eef6ce1e5400c4632f562a4758afc9362301ddb1bd7746b110a2f75a8d0,2018-12,Essex Police,Essex Police,0.919720,51.777925,On or near Petrol Station,E01021731,Colchester 021A,Investigation complete; no suspect identified
eecb80c457aeccd921ac1d9493e60e7fed634b75a8ead0648ddae8eb2a30020d,2018-12,Essex Police,Essex Police,0.108431,51.784581,On or near Shopping Area,E01021845,Harlow 002B,Investigation complete; no suspect identified
46e26769b05dcbd8d110c4acaf80f234cfa323a8b1f49c75f9c3146d77938c4b,2018-12,Essex Police,Essex Police,0.372710,51.483690,On or near CAMDEN CLOSE,E01015934,Thurrock 012B,Unable to prosecute suspect
1e019c61ec0cb8e35d21014a9ae5005271aeba4a944f9b436d57015f751284c8,2018-12,Essex Police,Essex Police,0.244573,52.030873,On or near FAIR LEAS,E01022077,Uttlesford 001C,Investigation complete; no suspect identified
61c8bbbbcc6e54f3572411d66a7fc4061a6b4a863e072e5b48028a222e408a27,2018-12,Essex Police,Essex Police,0.115390,51.784591,On or near Supermarket,E01021845,Harlow 002B,Unable to prosecute suspect
ea81a80435d3b49af60aede5a49b914d3b580ad96a02c8fb335bbbbd28c3c02e,2018-12,Essex Police,Essex Police,1.265936,51.850695,On or near Martello Holiday Park,E01022055,Tendring 006D,Suspect charged
ab0f74510b3b37d300a1b596fdf9b6abb94b9859aff02842f2a96356fa07b522,2018-12,Essex Police,Essex Police,0.233940,51.915154,On or near HAILES WOOD,E01022062,Uttlesford 005A,Unable to prosecute suspect
16965674ec3cb8867d8c29974c1d4763a67cadc253280441e848279c8a80aa13,2018-12,Essex Police,Essex Police,0.281698,51.489840,On or near Parking Area,E01016011,Thurrock 015B,Offender given a caution
68f013181df1d88b66fc0d2a673e0a4f7040b524d6de6ce6db933425fc89ce64,2018-12,Essex Police,Essex Police,0.362372,51.485167,On or near BOWERMAN ROAD,E01015934,Thurrock 012B,Investigation complete; no suspect identified
d0e993cdcd50ffb13080e9b6999412322d477f0fd26193f9e99a59de5dce44a0,2018-12,Essex Police,Essex Police,0.323432,51.476835,On or near Shopping Area,E01015954,Thurrock 017D,Unable to prosecute suspect
db86e04dacd0783966e533c802465a9e7ad235ff0deef5352cb03b053cc579e7,2018-12,Essex Police,Essex Police,0.873191,51.871356,On or near ICENI WAY,E01021711,Colchester 015A,Investigation complete; no suspect identified
90cbdad3f198d0d93b10f4f9dd80a97f7e30bbf137b7f3a0c0f6966bd173f7a8,2018-12,Essex Police,Essex Police,0.680675,51.548308,On or near WESTMINSTER DRIVE,E01015903,Southend-on-Sea 007C,Investigation complete; no suspect identified
64d88f500f9ad090a5bebde48ffbf105e19ed555c15525647fbce6ea9983efa5,2018-12,Essex Police,Essex Police,0.680675,51.548308,On or near WESTMINSTER DRIVE,E01015903,Southend-on-Sea 007C,Investigation complete; no suspect identified
89a9f1425944f1ba347c334b27b78b3ee8b50cfd567f24fdb97125c0ae479b09,2018-12,Essex Police,Essex Police,0.695113,51.543400,On or near CLAREMONT ROAD,E01015900,Southend-on-Sea 010F,Investigation complete; no suspect identified
98eb6cb4044b5342d63a0eba9c024ad6e9c21f6b2f9be35bedcbd3113917fe40,2018-12,Essex Police,Essex Police,0.660671,51.547388,On or near Supermarket,E01015850,Southend-on-Sea 011F,Action to be taken by another organisation
436562b117db257320204dd7ec78904b7a8e0bbb8816af2b6cc0d6e18121c923,2018-12,Essex Police,Essex Police,0.899183,51.910173,On or near Hospital,E01021682,Colchester 004D,Unable to prosecute suspect
ec1778d7131ea5c7e449e5b93cad305f337b554f182e88697344fd8152331af0,2018-12,Essex Police,Essex Police,1.280500,51.857242,On or near BEATRICE ROAD,E01022054,Tendring 006C,Unable to prosecute suspect
637ed4857c47fa5bfda2f85098999cc6ecbd6bbf8c6abfa98f67797a9cc584ba,2018-12,Essex Police,Essex Police,0.416509,51.623512,On or near Supermarket,E01021244,Basildon 004A,Investigation complete; no suspect identified
cf46e13f295fa51f22aab9f3bd821d9adf039adee7f775a72381e2f3e399ce9f,2018-12,Essex Police,Essex Police,0.295171,51.579912,On or near CODHAM HALL LANE,E01021473,Brentwood 008D,Investigation complete; no suspect identified
8824d9f0dab93a62b8a924ad1e43b61955427ac3fb154fe4ee6f28d48ed21b73,2018-12,Essex Police,Essex Police,0.430477,51.568023,On or near SOUTHWELL LINK,E01021288,Basildon 016B,Investigation complete; no suspect identified
c745af74e0b8272a5f032b767b4b9924895efb834d078004f8740ae9aa532f47,2018-12,Essex Police,Essex Police,0.474285,51.741251,On or near Further/Higher Educational Building,E01021574,Chelmsford 010A,Investigation complete; no suspect identified
8439acf6748659bf7532993cbc1c7854f8ee27766b431ce9f5e715dfcc7a59b7,2018-12,Essex Police,Essex Police,0.882060,51.886671,On or near THE AVENUE,E01021652,Colchester 013B,Investigation complete; no suspect identified
6cfa07f4fa214a9861bf20e95e72587c93e47f6a7c57080179df108bb655e9d7,2018-12,Essex Police,Essex Police,0.550382,51.879259,On or near Supermarket,E01021365,Braintree 009D,Investigation complete; no suspect identified
86941f644a83d9237f64b6691da795f766afc614141ede9883136b4ef2ae0352,2018-12,Essex Police,Essex Police,0.659313,51.551052,On or near GREENACRE MEWS,E01015820,Southend-on-Sea 005A,Investigation complete; no suspect identified
704ea328a087c5d20624a8c1169f04a001ad61f5cdd7e5d4e0d79fd164123159,2018-12,Essex Police,Essex Police,,,No location,,,Investigation complete; no suspect identified
46766a2034f6effd60a1e7529f87b1f92bd97ea41db96cebc7cfb35638c822bd,2018-12,Essex Police,Essex Police,0.511062,51.747728,On or near SPRINGFIELD LYONS APPROACH,E01021544,Chelmsford 008A,Investigation complete; no suspect identified
581c03b2fc1f8b97a1efe46c219c3a2cd4dd4c2638180dfec1d10302e6149ba0,2018-12,Essex Police,Essex Police,0.900116,51.889231,On or near Shopping Area,E01021649,Colchester 007D,Unable to prosecute suspect
61252b615b6c7ac3b348f932bb953ba0763af7c0ca712431685d44a6aec91c48,2018-12,Essex Police,Essex Police,0.092379,51.613605,On or near MANOR ROAD,E01021765,Epping Forest 017B,Unable to prosecute suspect
1e101c85040426fdbd3da51a508748883f911e0745c7187e16c500363b779c2b,2018-12,Essex Police,Essex Police,0.463490,51.569268,On or near Supermarket,E01021318,Basildon 015C,Investigation complete; no suspect identified
c272fb0a19a4d81b3d49f11dfe9640dee68e2afc9978a93e013f79f694ef8944,2018-12,Essex Police,Essex Police,0.902897,51.916800,On or near ROMULUS CLOSE,E01021682,Colchester 004D,Unable to prosecute suspect
9aaf22233544e6226b427df3cd3eba7343b5afa2fec5f1778ad43140df8cb008,2018-12,Essex Police,Essex Police,0.649115,51.797136,On or near PERRY WAY,E01021415,Braintree 017A,Investigation complete; no suspect identified
eb989604fe9248be5bb85e5620ca1d1c00eb8861aa4d5549991decac9ffd41cf,2018-12,Essex Police,Essex Police,0.936577,51.890907,On or near Parking Area,E01021696,Colchester 008A,Investigation complete; no suspect identified
d3aba8f16e19d69297e7a7074d084d8145220864442e215c9153f28f0a1c001c,2018-12,Essex Police,Essex Police,0.303257,51.621059,On or near Shopping Area,E01021433,Brentwood 007A,Investigation complete; no suspect identified
e3821429f5081fdb00896e010062fad2c8ccaa7e2b901321cbd59b53ba73fc0a,2018-12,Essex Police,Essex Police,0.090347,51.753772,On or near Pedestrian Subway,E01021859,Harlow 010C,Investigation complete; no suspect identified
182f956a5e9531ca99e6b65582acaf12cc747809d22e394bb4f595c2e17b2bff,2018-12,Essex Police,Essex Police,0.718806,51.543087,On or near SWANAGE ROAD,E01015844,Southend-on-Sea 014F,Investigation complete; no suspect identified
0f56c8d4fe4755e3e9b0a5b974db40ccb95fef31249333239e73cecb49d79535,2018-12,Essex Police,Essex Police,0.292158,51.513999,On or near MOSS ROAD,E01015932,Thurrock 006A,Investigation complete; no suspect identified
0d4ccf108a487e7de63f778da4afbe2a2fb187eb99aa80a90f3fef4959d2efb8,2018-12,Essex Police,Essex Police,0.277434,51.486092,On or near Shopping Area,E01016012,Thurrock 015C,Investigation complete; no suspect identified
a28797e5c5c28c905446156802fab18a8235dfc4ee42f3c076d6c7b0badd1f1a,2018-12,Essex Police,Essex Police,0.786680,51.536187,On or near ANSON CHASE,E01015882,Southend-on-Sea 013G,Unable to prosecute suspect
4f5f4c4160c26fd63f08d5b0888e0318be788687146214a8f99354d2a168835f,2018-12,Essex Police,Essex Police,0.724493,51.540490,On or near FERNDOWN CLOSE,E01015844,Southend-on-Sea 014F,Investigation complete; no suspect identified
316ba6205e3e4b4a809251063130d268060ccd15ac8c386295e2c9240d54b029,2018-12,Essex Police,Essex Police,0.468921,51.751535,On or near Supermarket,E01021589,Chelmsford 006C,Investigation complete; no suspect identified
2e35a6a9f56345cbf68e440df7834a5c1978eefd76c2712c17a583cf3d1a98f2,2018-12,Essex Police,Essex Police,0.254796,51.495829,On or near HALL TERRACE,E01015922,Thurrock 008A,Unable to prosecute suspect
6956bd24a5165b1d33e628959a70d995d2c0e0b93395a5e595974282284e3b7d,2018-12,Essex Police,Essex Police,0.075016,51.650621,On or near HATFIELDS,E01021790,Epping Forest 012E,Unable to prosecute suspect
396c2d9530ef8e400b58e26ac81259e5b1650ac0c45da3a87655a9377dc13304,2018-12,Essex Police,Essex Police,0.486893,51.564970,On or near BARDFIELD,E01021323,Basildon 019B,Unable to prosecute suspect
bbfad1b3865e8ec181427742762a56fc894c1a67bedef04b76b0b8de0be79c36,2018-12,Essex Police,Essex Police,0.323432,51.476835,On or near Shopping Area,E01015954,Thurrock 017D,Unable to prosecute suspect
5fd188a61f9f17588ebc4e8c1ca858522f3d66d4da19359f7d96c31fd51c60f4,2018-12,Essex Police,Essex Police,0.512267,51.578162,On or near DALTONS FEN,E01021301,Basildon 011A,Unable to prosecute suspect
64e93ddb275e68dafa13bb228931c6a7761309aa2677dbfb2c7e95542f021a5a,2018-12,Essex Police,Essex Police,0.083492,51.613511,On or near FONTAYNE AVENUE,E01021767,Epping Forest 017D,Investigation complete; no suspect identified
7ff5ca212d17e398c995e7820082f390b3a162e95b3a93a27cba64a35c39d148,2018-12,Essex Police,Essex Police,0.600619,51.642096,On or near THE WITHYWINDLE,E01021606,Chelmsford 020B,Unable to prosecute suspect
74eac5b5d01b163b6eea88292663a2781d5b6209eba6be7053bc1f6ed01581a7,2018-12,Essex Police,Essex Police,0.612426,51.567359,On or near WESTERN ROAD,E01021531,Castle Point 002E,Unable to prosecute suspect
1a5a1efbdaa3fc97753a4efbc99fc59e5d0a59124b81a850a980b67c62b0edf1,2018-12,Essex Police,Essex Police,0.029158,51.682581,On or near HORSESHOE CLOSE,E01021810,Epping Forest 008D,Investigation complete; no suspect identified
b45ff78aa00c6d175fdbbbd158ea44247be49febb1c68458ff47349e65d19597,2018-12,Essex Police,Essex Police,0.437904,51.518829,On or near COLLINS CLOSE,E01015985,Thurrock 003B,Suspect charged
7f868d1ad6ba0ebbea4db43194ae83d97b7b3e0ff3235a484c560011867bd9d6,2018-12,Essex Police,Essex Police,0.483151,51.577047,On or near RUNDELLS WALK,E01021270,Basildon 012D,Investigation complete; no suspect identified
2c69dc523c52066d4e8e8bd448a0de61517a54d6886f5fc919341a3302369882,2018-12,Essex Police,Essex Police,0.706702,51.536235,On or near MILTON PLACE,E01015854,Southend-on-Sea 015D,Investigation complete; no suspect identified
d8ca05e7faeed9f4997797d63c9b49d1ff0ec7cebc2c67c3d29b64cf0898fd03,2018-12,Essex Police,Essex Police,0.512267,51.578162,On or near DALTONS FEN,E01021301,Basildon 011A,Unable to prosecute suspect
f38813800cc65dba15f3bb3b8c193b0f1b7d1845fd2bd0e7141928369c7e8516,2018-12,Essex Police,Essex Police,0.677916,51.550944,On or near SOUTHBOURNE GROVE,E01015905,Southend-on-Sea 007E,Suspect charged
d7d3b6ec2f0b3d54a7f2ee9840dffe150e87ec00ea687ce8749b79493aea9c4e,2018-12,Essex Police,Essex Police,0.458240,51.569324,On or near Supermarket,E01021318,Basildon 015C,Unable to prosecute suspect
7596ef1a6cb58d4b1df39764ccf823289b3efc387e50533dd2cbc141e96343ec,2018-12,Essex Police,Essex Police,0.463191,51.566676,On or near WITCHARDS,E01021296,Basildon 020C,Investigation complete; no suspect identified
5c01d06bde9d9615ac7fe9eca64ba6cf84b6e305b9e8b77acf32f06f3f36e34b,2018-12,Essex Police,Essex Police,0.825434,51.662522,On or near WEST HOUSE ESTATE,E01021904,Maldon 006B,Unable to prosecute suspect
e39967e32ff3a5cc27c223edd59c804db2a212e65992fee503cb77dd696de674,2018-12,Essex Police,Essex Police,0.689027,51.740497,On or near Supermarket,E01021888,Maldon 003E,Investigation complete; no suspect identified
7b3eebd303bc1b0743006073a639428ae16c8e4c373eefc57c9776202c87aa96,2018-12,Essex Police,Essex Police,0.486167,51.582325,On or near WHITMORE COURT,E01021267,Basildon 012B,Investigation complete; no suspect identified
09e4d6c3dd8e452c0ac6266a0d38fe88a7d9f80bdcd360b1a66538ae575d65e7,2018-12,Essex Police,Essex Police,1.111329,51.783008,On or near PARK SQUARE WEST,E01021989,Tendring 018B,Investigation complete; no suspect identified
7d64d794e3efd1d81ebd1ea566a63558bb8f0e67670cd2ce41b0c0bd495acdd1,2018-12,Essex Police,Essex Police,0.558450,51.525110,On or near DYKE CRESCENT,E01021503,Castle Point 010D,Unable to prosecute suspect
e9ac51b6366d066cb904e084d2046bfe79e2b3034f080c681591fa2b611ba74a,2018-12,Essex Police,Essex Police,0.407244,51.639260,On or near DOLPHIN GARDENS,E01021245,Basildon 002A,Investigation complete; no suspect identified
769599a680621fcd6c5d78b123107466481735583a887f0e67fec251e8b5a47d,2018-12,Essex Police,Essex Police,0.562615,51.519947,On or near PALMERSTONE ROAD,E01021501,Castle Point 011D,Investigation complete; no suspect identified
2e154e48ceabeb4e6a0576514fc96e8ae5b926f02657478e9d573395398153ee,2018-12,Essex Police,Essex Police,0.450246,51.568529,On or near Parking Area,E01021293,Basildon 017C,Unable to prosecute suspect
9f7eee018b89944318b0b1cea2d478497e7599ea13ea7a55f68ac60e627b3b73,2018-12,Essex Police,Essex Police,1.155684,51.888361,On or near WIX ROAD,E01021974,Tendring 007B,Unable to prosecute suspect
4205fb9cb6fbfb39ed14185cdb3001a743ce0325c780f6930a6126a9b01dae61,2018-12,Essex Police,Essex Police,0.900116,51.889231,On or near Shopping Area,E01021649,Colchester 007D,Suspect charged
81bcf27965b2a727a32ca542f45e06f9b5271001ec596ed64ba2eff48832171d,2018-12,Essex Police,Essex Police,0.911734,51.880985,On or near MYRTLE GROVE,E01021688,Colchester 011F,Unable to prosecute suspect
ea76d1bfb521e293576b9d3bc3bbaf90762be2fe03d47c3d3b69fd7c8aa267d0,2018-12,Essex Police,Essex Police,0.107473,51.770255,On or near WHITEWAITS,E01021852,Harlow 003D,Unable to prosecute suspect
036e4d6eec8ecc0410989d0d70d5b1b06bbaa604a14006cd0f933b35f1e607ea,2018-12,Essex Police,Essex Police,0.699490,51.565684,On or near NIGHTINGALE CLOSE,E01015867,Southend-on-Sea 002E,Unable to prosecute suspect
d34f6d15126f8eff3827061f49365e2992922449d1464aae79ba8e7f006bf87b,2018-12,Essex Police,Essex Police,0.605985,51.520583,On or near WOODVILLE ROAD,E01021490,Castle Point 012B,Investigation complete; no suspect identified
448691405785f6ab865a04f312c0848960d38a9d4f3f0808d37ad1802a7c61a6,2018-12,Essex Police,Essex Police,0.667432,51.564079,On or near KENT ELMS CLOSE,E01015864,Southend-on-Sea 002B,Unable to prosecute suspect
1a6d181f5e2dcb9028e62990fb6b07ffb6b0f87ae063719eff6eca5f5da53a8d,2018-12,Essex Police,Essex Police,0.323432,51.476835,On or near Shopping Area,E01015954,Thurrock 017D,Suspect charged
424534bd1c2703c817b675e6987b76c0a0684b377aac42d97e45dd336a0cf13c,2018-12,Essex Police,Essex Police,0.107473,51.770255,On or near WHITEWAITS,E01021852,Harlow 003D,Unable to prosecute suspect
e026e4e7c851638085f5aebfd8db775722b948e12c9da041be722c4ce03c311a,2018-12,Essex Police,Essex Police,0.691263,51.745222,On or near Supermarket,E01021888,Maldon 003E,Investigation complete; no suspect identified
7b8a5a9a287fe9e153bd547bb51ab75d1933ba1525dd7e1fefcd07b9bfdb473e,2018-12,Essex Police,Essex Police,0.911734,51.880985,On or near MYRTLE GROVE,E01021688,Colchester 011F,Unable to prosecute suspect
b22f04f08f939031b40e62b518397dff766fd8e30b345fcc5aa5b8e0aad3fe0c,2018-12,Essex Police,Essex Police,0.528733,51.618908,On or near ILGARS ROAD,E01021334,Basildon 005A,Unable to prosecute suspect
fc1e1b4863a32bcaae58aad49019ea83dcec714836992371b4b4d9ff6accf19f,2018-12,Essex Police,Essex Police,0.528733,51.618908,On or near ILGARS ROAD,E01021334,Basildon 005A,Unable to prosecute suspect
72a7778d325ffdb728879ba5f94d40c4e785e7dcca7702807cec02929ecd8284,2018-12,Essex Police,Essex Police,0.297529,51.477229,On or near LONDON ROAD,E01016011,Thurrock 015B,Investigation complete; no suspect identified
0f3f249ecdd1088ac25addf858cfb3be7f76eb9832093ededc59941d7070f924,2018-12,Essex Police,Essex Police,0.498815,51.561866,On or near WATERVILLE DRIVE,E01021310,Basildon 022B,Investigation complete; no suspect identified
b903c56c73ddb52763601edb22c7a7bd38f8473cc55d55ca5ffd459d22c3f4e5,2018-12,Essex Police,Essex Police,0.132577,51.757347,On or near CHAPEL LANE,E01021836,Harlow 008D,Investigation complete; no suspect identified
437d3c01bc68ee5e86d3ed9c57393af8e32b35b2cf420a3cae0fa72a3823c140,2018-12,Essex Police,Essex Police,0.463270,51.572142,On or near Parking Area,E01021318,Basildon 015C,Unable to prosecute suspect
258b3e7b14277a1ae31d392cc7009c6d8bf1eba9528b7fa5d837c00fa1f089b4,2018-12,Essex Police,Essex Police,0.742704,51.550732,On or near ARCHER CLOSE,E01015886,Southend-on-Sea 009D,Suspect charged
6184274aaf936ba321933a0ee2bc37bdeafa5d8b8f2c61a91f7f336e5c2b0631,2018-12,Essex Police,Essex Police,0.065910,51.654783,On or near Petrol Station,E01021787,Epping Forest 012B,Investigation complete; no suspect identified
a3e4ddf4da4c44ebe36626baf0f88fc67a8b4bda5edb495ccae37d0555318510,2018-12,Essex Police,Essex Police,0.106084,51.700534,On or near CHAPEL ROAD,E01021763,Epping Forest 005D,Investigation complete; no suspect identified
db9727dd2c7f1b49a5b23aad27dc52dd9c11befc95e3962c7a60fd3f84e7fd6a,2018-12,Essex Police,Essex Police,0.085545,51.614509,On or near GREAT OAKS,E01021767,Epping Forest 017D,Investigation complete; no suspect identified
7302a186f9f5a2082ee622202e6c10276bb036b0f6709fedc8cc66f0a66d1ca7,2018-12,Essex Police,Essex Police,0.330502,51.474554,On or near BRIDGE ROAD,E01015952,Thurrock 017B,Investigation complete; no suspect identified
dcef68e514bc8a84912b295cc82edd746ac6cbeea7681b4fe0fab03018a4aa50,2018-12,Essex Police,Essex Police,0.088135,51.613644,On or near MOUNT PLEASANT ROAD,E01021765,Epping Forest 017B,Investigation complete; no suspect identified
c3e9436db901c3f68f5733406a527d9904c4c6521be748964ead5d070a7d7165,2018-12,Essex Police,Essex Police,0.061869,51.608731,On or near LOVE LANE,E01021752,Epping Forest 016D,Investigation complete; no suspect identified
735828d29349d35c152389759e94d4bfd90df9344fa088198c603f2921f3e9dc,2018-12,Essex Police,Essex Police,0.911734,51.880985,On or near MYRTLE GROVE,E01021688,Colchester 011F,Unable to prosecute suspect
101c8ac027403df90c1386186ccba20b16176a518663c35c57e934ec1b7c13b0,2018-12,Essex Police,Essex Police,1.149490,51.790419,On or near ROSEMARY ROAD WEST,E01022026,Tendring 016C,Investigation complete; no suspect identified
73aa9775ff696a3c6944a98731208db5bea291f8d0f14832a28b5b5ba04e9b38,2018-12,Essex Police,Essex Police,0.616057,51.567260,On or near MOORCROFT AVENUE,E01021532,Castle Point 005D,Investigation complete; no suspect identified
88bd0b4a97a48b4d7370f1772a7e391a2f12ef4e0b4db4995e2251429454bb17,2018-12,Essex Police,Essex Police,0.119283,51.785671,On or near EDINBURGH WAY,E01021848,Harlow 002E,Investigation complete; no suspect identified
ae3c9d2fde248586fc76e74c9e71c4dcebc99888cf2868edf6afadb1504d0ffd,2018-12,Essex Police,Essex Police,0.248392,51.929968,On or near SCHOOL LANE,E01022062,Uttlesford 005A,Investigation complete; no suspect identified
7da848279a534611cc6c12e9ccf044ecd5723934f3fdb24e348d111c2d7d699e,2018-12,Essex Police,Essex Police,0.684100,51.561163,On or near Supermarket,E01015868,Southend-on-Sea 002F,Local resolution
db52b7142bf26ddc3916211dbba5baa1167804847cfe22dd5d6579263be4df3a,2018-12,Essex Police,Essex Police,0.094481,51.770766,On or near EAST GATE,E01021872,Harlow 007E,Investigation complete; no suspect identified
a59871753b830d44a4947014beab769df0a2bbc71eb6378348b8a5010ec798c6,2018-12,Essex Police,Essex Police,0.473026,51.741008,On or near Further/Higher Educational Building,E01021574,Chelmsford 010A,Investigation complete; no suspect identified
87e4132be7557df938c317377a955756e87042b642f59e99befb3eae5afd44f3,2018-12,Essex Police,Essex Police,0.459707,51.571362,On or near NORTH GUNNELS,E01021318,Basildon 015C,Unable to prosecute suspect
491ac6038acabba668219dc1d2eb49ba1c4bc173833b2b5cc52df81603a4043c,2018-12,Essex Police,Essex Police,0.905634,51.890498,On or near Parking Area,E01021648,Colchester 007C,Investigation complete; no suspect identified
156d85c61dd52dde6e8a4700b7c05f456b0e69a4c97e5df7a172654fdf6693d8,2018-12,Essex Police,Essex Police,0.516423,51.573972,On or near CROWN AVENUE,E01021314,Basildon 018B,Local resolution
938b132070aa434000644a199b4e31343db4af1c52b2335ab0857f9565b3cec6,2018-12,Essex Police,Essex Police,0.691346,51.537254,On or near Parking Area,E01015851,Southend-on-Sea 015A,Unable to prosecute suspect
369975c45bfdf80c6a9184b90410013d0a44058132481e9107ab0d8cbfa06ba0,2018-12,Essex Police,Essex Police,1.155684,51.888361,On or near WIX ROAD,E01021974,Tendring 007B,Unable to prosecute suspect
c7e4d5e098487f8b73a946e895bbac9804878b95de6a7de256e62186c2dd98e1,2018-12,Essex Police,Essex Police,0.369093,51.879345,On or near ST EDMUNDS FIELDS,E01033056,Uttlesford 007F,Investigation complete; no suspect identified
5c38162be7ed7c1268de448c6d9e3baabfe8bba48ddfd79bb6ad20b34e06bb5b,2018-12,Essex Police,Essex Police,0.887444,51.865233,On or near SELBY CLOSE,E01033723,Colchester 015G,Unable to prosecute suspect
ea84d0c41d95dad7abe7739afc8c8cbef13b3504cfae8ecb3528bb331a54f744,2018-12,Essex Police,Essex Police,0.434606,51.569125,On or near ARMADA CLOSE,E01021288,Basildon 016B,Unable to prosecute suspect
7a1c5a067359278f8fa2ce20a29934891d1b6b08586b04efab93aaf27d7ca4dc,2018-12,Essex Police,Essex Police,0.777091,51.530047,On or near THORPEDENE GARDENS,E01015918,Southend-on-Sea 017E,Investigation complete; no suspect identified
786c3310f6dedae45ee92bd48a79f4f0ffa8e3965b5136a8728ae6f948f7d3c1,2018-12,Essex Police,Essex Police,0.830150,51.888121,On or near ESSEX YEOMANRY WAY,E01021718,Colchester 012A,Suspect charged
ac1744695cb376824a07ae8bb4ebb74e8224c3b3bbb4355cea300a36d91ee764,2018-12,Essex Police,Essex Police,0.888333,51.913309,On or near Sports/Recreation Area,E01021680,Colchester 004B,Unable to prosecute suspect
d014601bef0fa126800d64674d8fb9fa3b85e06299451dbebe67d3f7015b2715,2018-12,Essex Police,Essex Police,1.280873,51.936948,On or near Supermarket,E01022001,Tendring 001D,Investigation complete; no suspect identified
ac8aac8d7ebca9e1ce1ef59950c75fc0fb287033f83bf5be349675eefc507fc7,2018-12,Essex Police,Essex Police,1.145742,51.791779,On or near ANCHOR ROAD,E01021968,Tendring 017A,Unable to prosecute suspect
4971460af323be04003c29f5950ea0b47c459585098f82826aed71babf5df332,2018-12,Essex Police,Essex Police,0.516423,51.573972,On or near CROWN AVENUE,E01021314,Basildon 018B,Local resolution
55d86259127a21d6abe399f7586ef410cc1689fc35b6a8b3b2530e53a6b19db3,2018-12,Essex Police,Essex Police,0.108431,51.784581,On or near Shopping Area,E01021845,Harlow 002B,Investigation complete; no suspect identified
5a582c79b2dd4638b265dd03a03486ba94633f0c2250ae5ef4cd5962aba23a8a,2018-12,Essex Police,Essex Police,0.119283,51.785671,On or near EDINBURGH WAY,E01021848,Harlow 002E,Investigation complete; no suspect identified
69480881c801f081f60c82884da21252e8d959ae6c0ed1ffe4f38a9336ceaf71,2018-12,Essex Police,Essex Police,0.573475,51.875500,On or near Sports/Recreation Area,E01021369,Braintree 012D,Unable to prosecute suspect
02a1e63ebfdb3032facd2e22f80b940aa6fbe5127c71a86dba3627aa98690003,2018-12,Essex Police,Essex Police,0.261741,51.889938,On or near Airport/Airfield,E01022090,Uttlesford 006B,Local resolution
6cbb4b89aa7a74f7e1afef1ae223e72abdcaeac6a5698df155943f161aeb34cb,2018-12,Essex Police,Essex Police,0.773913,51.878372,On or near CHURCH LANE,E01021678,Colchester 010E,Investigation complete; no suspect identified
c31e4a52acda850afd89d97e1df583265ce25ec1c207ed9157b7bdfa1e0ba448,2018-12,Essex Police,Essex Police,0.294788,51.639336,On or near ALDERTON CLOSE,E01021462,Brentwood 006B,Unable to prosecute suspect
23f71ec40667b9ea4b5c00e52cf7a54d41416f48ef56e7b7df8f6c68959d46c6,2018-12,Essex Police,Essex Police,1.275791,51.851410,On or near PRINCE'S ESPLANADE,E01022056,Tendring 006E,Unable to prosecute suspect
6cf4fca64bc5c7669bb9b0504cff3fce60fa2e2b5893a7e918b2e1a811893e7e,2018-12,Essex Police,Essex Police,1.275791,51.851410,On or near PRINCE'S ESPLANADE,E01022056,Tendring 006E,Unable to prosecute suspect
ac4d2738a81f4b12f7d3beacd8dc1e2d96c2ab1a57ba822ee4dfc102864c0b47,2018-12,Essex Police,Essex Police,1.275791,51.851410,On or near PRINCE'S ESPLANADE,E01022056,Tendring 006E,Unable to prosecute suspect
b41e524e7766b7755943ef66660bb673d746b7c41646a08c051d7d7310c67d12,2018-12,Essex Police,Essex Police,0.297846,51.600607,On or near BECKET CLOSE,E01021473,Brentwood 008D,Investigation complete; no suspect identified
192073d6c42676ac26e7bb5f09396da4b7b66e066a8e2534ee3a374152f301eb,2018-12,Essex Police,Essex Police,0.613244,51.623361,On or near FERRY ROAD,E01021943,Rochford 001B,Investigation complete; no suspect identified
a9cd7fe728d6f9144d9db45eb74dcf499c6e0d97ba93b3dee8daf7a5c41715f8,2018-12,Essex Police,Essex Police,1.120830,51.775282,On or near SEA CORNFLOWER WAY,E01021988,Tendring 018A,Unable to prosecute suspect
bf2496f3b86b458f448dc9d598b0d8a8a10233a515e61526c82a56fa47d411a7,2018-12,Essex Police,Essex Police,1.165886,51.802309,On or near RAMSDEN CLOSE,E01022050,Tendring 014E,Investigation complete; no suspect identified
c700dab2652b37f6d22ca737681863250e7610549950e339f87997bddb0fbc75,2018-12,Essex Police,Essex Police,0.699071,51.596596,On or near VAUGHAN CLOSE,E01021931,Rochford 002E,Unable to prosecute suspect
f09e84dd919f32f457bc1219d3f27520d1515ae6a446811bb86531fbadd292a8,2018-12,Essex Police,Essex Police,0.318297,51.611725,On or near Parking Area,E01021474,Brentwood 008E,Investigation complete; no suspect identified
c326373b3d4774d0ddcde5e975d201aaad19c594619477188f1e4ab9955bc414,2018-12,Essex Police,Essex Police,0.653489,51.939867,On or near BROOK FARM CLOSE,E01021389,Braintree 006A,Unable to prosecute suspect
72f919df1a5fa68d2333aa678868155fb4cc9c8fcdf5850d6151cef4774d1f95,2018-12,Essex Police,Essex Police,0.076258,51.656282,On or near PYRLES LANE,E01021779,Epping Forest 011F,Unable to prosecute suspect
a0eb23d386f49d18ac050f1543451b828798bb551acfd1c1a9d1bd036be6588b,2018-12,Essex Police,Essex Police,0.947461,51.856882,On or near Supermarket,E01021657,Colchester 016A,Investigation complete; no suspect identified
44909414c1790f5f09c7645d4f3b8ba902c913981a6f7c92db4f3163c19b6d9e,2018-12,Essex Police,Essex Police,0.907553,51.879253,On or near CLAUDIUS ROAD,E01021684,Colchester 011B,Investigation complete; no suspect identified
17db81b100897659e0873ac182b811cbe2ef892ff4b6ff65263613ce517fd0c6,2018-12,Essex Police,Essex Police,0.428101,51.580843,On or near ARNE MEWS,E01021274,Basildon 010D,Local resolution
af6b02de3d5b0887a253675a8f86a06fee8b5631eecb7659eb2855ed3abc6e48,2018-12,Essex Police,Essex Police,0.781439,51.538227,On or near MORTAR CLOSE,E01015882,Southend-on-Sea 013G,Investigation complete; no suspect identified
23de1452d799390ce1f7dc7e0ceb78ffd37595e5aa8732db5046ca419ec6a919,2018-12,Essex Police,Essex Police,0.555145,51.864083,On or near JOHNSON CLOSE,E01021374,Braintree 011E,Investigation complete; no suspect identified
8592ffdb2a972dd4f2a4aded8c770ec99d5669089fb5bf163a26df868aef68dc,2018-12,Essex Police,Essex Police,0.704419,51.560723,On or near THORNFORD GARDENS,E01015866,Southend-on-Sea 002D,Unable to prosecute suspect
f1cb130aa1ccf980c714af57cd2a19ef6066acf858191ed5eb5895e26c3c4bd5,2018-12,Essex Police,Essex Police,0.704419,51.560723,On or near THORNFORD GARDENS,E01015866,Southend-on-Sea 002D,Unable to prosecute suspect
d55b18cb6fa78e6f7b73c54136eee30ae85581ec67e0cdf4210a3b82fe43ab0e,2018-12,Essex Police,Essex Police,0.720562,51.551248,On or near ROYSTON AVENUE,E01015871,Southend-on-Sea 006C,Unable to prosecute suspect
4958ab986b84a417f631eefcca610093fffa54b71980c630669c324a0511553a,2018-12,Essex Police,Essex Police,0.516750,51.604695,On or near KERSHAWS CLOSE,E01021342,Basildon 008B,Unable to prosecute suspect
3c9c72168dc68c19a9bd6c5d24cef9dfad37e78cdfe1ffa88f3d7ad5a1616afa,2018-12,Essex Police,Essex Police,0.885120,51.867053,On or near HORNBEAM CLOSE,E01033723,Colchester 015G,Unable to prosecute suspect
118f0e9e04305545d9a0d5b0667affcab4f66d690e5d0135c6d056d82c73cc4a,2018-12,Essex Police,Essex Police,0.530736,51.568952,On or near KELLY ROAD,E01021313,Basildon 018A,Investigation complete; no suspect identified
b43113b6c588ba57a5762b1e7dba2bb1a0c3fe6538a655bb525c321214c62e0f,2018-12,Essex Police,Essex Police,0.092379,51.613605,On or near MANOR ROAD,E01021765,Epping Forest 017B,Unable to prosecute suspect
2aca98d9cba90c52cb5aaf801ee80cd8ee9d15c499801bfcb4ce55d858c64379,2018-12,Essex Police,Essex Police,0.436347,51.552038,On or near SOUTHWAY,E01021282,Basildon 021C,Unable to prosecute suspect
2465438c30512f03c20ad350f841d8ae7d837354203fe4171d2028ebd52aac4e,2018-12,Essex Police,Essex Police,0.094846,51.771452,On or near ADAMS HOUSE,E01021872,Harlow 007E,Investigation complete; no suspect identified
313cfcef10820443853e7c6f6a3a08968a43e073fe96fb08432f3066021b3950,2018-12,Essex Police,Essex Police,1.028254,51.819590,On or near CAMPERNELL CLOSE,E01021979,Tendring 011A,Unable to prosecute suspect
fce4dedba3b31d37b4b15e740c624e7962de722f68d2a9cd6d025df7a679419c,2018-12,Essex Police,Essex Police,0.436347,51.552038,On or near SOUTHWAY,E01021282,Basildon 021C,Unable to prosecute suspect
dda4782331675c4328fcf1ed8c75ca41abd5312ac5c2072e5c372ccc3d2adbd3,2018-12,Essex Police,Essex Police,0.702810,51.566435,On or near ROCHFORD ROAD,E01015867,Southend-on-Sea 002E,Unable to prosecute suspect
10d7764b2ece1e4bb998542243725b44b33697c37e6d348ab9db379fb67e8124,2018-12,Essex Police,Essex Police,0.929615,51.902971,On or near Supermarket,E01021709,Colchester 022B,Investigation complete; no suspect identified
89dd2855d698175ed6f3ea8cd4387745874094e63a0fcdf3fe625958be9ea082,2018-12,Essex Police,Essex Police,0.683177,51.725882,On or near HORTON CLOSE,E01021889,Maldon 004A,Investigation complete; no suspect identified
7259d3706e2041d19f1a3f5e3f21c91d2aaca186597246d80938a0a2549647f1,2018-12,Essex Police,Essex Police,0.146293,51.760560,On or near MALKIN DRIVE,E01021828,Harlow 005E,Unable to prosecute suspect
642995a9648579e7f9f48ade9eccccad143222f0a7d016e5bbababed6f47b2e0,2018-12,Essex Police,Essex Police,1.140088,51.835210,On or near AMERELLS ROAD,E01022017,Tendring 007D,Offender given a drugs possession warning
0014edf9d15736a9c4e0c7170c464a5a66115d6b4fa1d414b15f43b47d45de20,2018-12,Essex Police,Essex Police,0.895335,51.889691,On or near BALKERNE GARDENS,E01021646,Colchester 007A,Offender given a drugs possession warning
bf33799fc0dc1ca1b72076b34bd9d7229804aa1562cc0cb3c6f4ce05b2a983e1,2018-12,Essex Police,Essex Police,0.947461,51.856882,On or near Supermarket,E01021657,Colchester 016A,Investigation complete; no suspect identified
c78f7358aa9a8085a92b7be0fbda5b6eaec021651b80ec2140027effcc6af875,2018-12,Essex Police,Essex Police,0.336223,51.488722,On or near Supermarket,E01015960,Thurrock 014A,Unable to prosecute suspect
ca4585d5be49fe3463176cbc14f9cfff30bd62556b4b23b1ac6413a07566217a,2018-12,Essex Police,Essex Police,0.122255,51.760933,On or near MANOR HATCH CLOSE,E01021821,Harlow 008A,Investigation complete; no suspect identified
d5c3db65d546c91bbbd50806b1bc4c0811b6bdd025bfbc349d3c912c1c6499f6,2018-12,Essex Police,Essex Police,0.641323,51.946274,On or near HEAD STREET,E01021388,Braintree 004B,Unable to prosecute suspect
0d1c7b1d3bacbd08ebb03f59182365baa8aa69024de404234642dd58e6deb74a,2018-12,Essex Police,Essex Police,0.722846,51.550107,On or near LYNDALE AVENUE,E01015871,Southend-on-Sea 006C,Unable to prosecute suspect
bf3937525b8b3ff5e5b91b673823fed8977170bf8e001161c4e500d5124e37e5,2018-12,Essex Police,Essex Police,0.316145,51.490190,On or near BOLEYN CLOSE,E01015939,Thurrock 020A,Unable to prosecute suspect
9f3f1b2acb95a84bae692cea861807c610a4c823b3f005771e8b97e0d00c7732,2018-12,Essex Police,Essex Police,0.722846,51.550107,On or near LYNDALE AVENUE,E01015871,Southend-on-Sea 006C,Unable to prosecute suspect
5268289874aa916495de7029eed09387caba383c1ee51adfe9a84c81c0880d70,2018-12,Essex Police,Essex Police,0.810070,51.551602,On or near ST JOHN'S ROAD,E01021923,Rochford 010D,Investigation complete; no suspect identified
f76e3ef7119324683d5358044cbf271306ba855626ad48029eebd63598a70903,2018-12,Essex Police,Essex Police,0.895335,51.889691,On or near BALKERNE GARDENS,E01021646,Colchester 007A,Offender given a drugs possession warning
8567e3a237e1c5b12e91c90aa68ed1ce4b86aba82b420c5827b5cf4853e483df,2018-12,Essex Police,Essex Police,0.096784,51.774178,On or near NETTESWELL ORCHARD,E01021851,Harlow 003C,Investigation complete; no suspect identified
45dafb4bf22b365f24b245fb835bd8fa5eaebc5f7a57f9dfd98ad6465238d927,2018-12,Essex Police,Essex Police,0.053954,51.633357,On or near LOUGHTON WAY,E01021785,Epping Forest 014D,Unable to prosecute suspect
b7a033894dbc3e2eb85209ffdc40ddfa713f62dd3b46654d75c8bc3b9b1c1746,2018-12,Essex Police,Essex Police,0.736743,51.539144,On or near RIVIERA DRIVE,E01015884,Southend-on-Sea 009B,Offender given a drugs possession warning
5030b12f4c9d12bcb3ed896efd15ed9df0d819ef103eb904b2459d18c9adf833,2018-12,Essex Police,Essex Police,0.896354,51.904181,On or near BRADFORD DRIVE,E01021679,Colchester 004A,Unable to prosecute suspect
e41c9dafa35b594c009e6ea9ac8a748c5d041feffaca3f10132876f878753d46,2018-12,Essex Police,Essex Police,0.477081,51.569207,On or near AMPERS END,E01021320,Basildon 015D,Suspect charged
a06d0aeaad8a221cc717ea5cffc876b9e2686eb8b61c95122a2eeeaf3bed6134,2018-12,Essex Police,Essex Police,0.894589,51.886462,On or near Police Station,E01021651,Colchester 013A,Suspect charged
d4fb060ea7ce6d8ec51849d67f883f68c48fe1124f26a74e2b2e66c780b89108,2018-12,Essex Police,Essex Police,1.153985,51.796630,On or near HARROW ROAD,E01022043,Tendring 014B,Suspect charged
923057abcc38522ceb90ea9fbbdc2f7bb7602002c2bd7a2bec0f014bcf7f3c6b,2018-12,Essex Police,Essex Police,0.591323,51.715777,On or near HOYNORS,E01021572,Chelmsford 016E,Unable to prosecute suspect
a7059e7861833ef7e8b634ad921983c845b39bcc649eed9d2c74f51742d19355,2018-12,Essex Police,Essex Police,0.296462,51.509885,On or near VICTORIA'S WAY,E01015932,Thurrock 006A,Unable to prosecute suspect
0d814f83da614586abc312778c4eaf91e75d67e15a1ad9309a7cdc77ed2d180e,2018-12,Essex Police,Essex Police,0.280895,51.506079,On or near FAYMORE GARDENS,E01015929,Thurrock 007C,Unable to prosecute suspect
28976f15d2cb3fa43f064e30b9d2ecb2f9ee9974a5fea3a4b0cde890175db6d2,2018-12,Essex Police,Essex Police,0.670129,51.560852,On or near CHEDDAR AVENUE,E01015824,Southend-on-Sea 005E,Unable to prosecute suspect
eda9f2cf1acc86aaa6eba2e62cb2b0112f2ee8bceda13e74f99abddfc33c5e43,2018-12,Essex Police,Essex Police,0.876449,51.933278,On or near Petrol Station,E01021661,Colchester 001D,Investigation complete; no suspect identified
7adcf3d4a5bac4c8c86a5c2add59c71816f6d1bb2c4e10d04d336059b4dc9b10,2018-12,Essex Police,Essex Police,0.642012,51.809850,On or near TEAK WALK,E01021420,Braintree 017C,Suspect charged
2790fd7b7bb83e30e399954562e791f2ba0501094bcf52b9316f842cfcbb4430,2018-12,Essex Police,Essex Police,0.732107,51.547697,On or near SEAFORTH GROVE,E01015870,Southend-on-Sea 006B,Suspect charged
e3d9e176409fb4d4a508a77c65b6f93d78c8d4fc72b373e252689230b72e9153,2018-12,Essex Police,Essex Police,1.153985,51.796630,On or near HARROW ROAD,E01022043,Tendring 014B,Suspect charged
87b3a28abcc9dd4af472a719553831f57b0e9acd489bd5325d1dd6ab84d9d688,2018-12,Essex Police,Essex Police,0.720040,51.544677,On or near CENTRAL AVENUE,E01015898,Southend-on-Sea 010D,Investigation complete; no suspect identified
3aecd2c2b3344ef20be26ec0bd63f1b2a0211846467010ac3d5363f5253bbb1e,2018-12,Essex Police,Essex Police,0.590470,51.591346,On or near ELSENHAM COURT,E01021957,Rochford 006C,Unable to prosecute suspect
bc5a0e564730bbb46b7d88c33bf1cdb7db7e4c19499b9d72e9ab1fa129fb4114,2018-12,Essex Police,Essex Police,0.561333,51.877114,On or near WICKHAM CRESCENT,E01033458,Braintree 009E,Unable to prosecute suspect
6ed65ad88ec39dfa729990dca1012ba1271a3252afb2066b583b8e0e385f50eb,2018-12,Essex Police,Essex Police,0.590470,51.591346,On or near ELSENHAM COURT,E01021957,Rochford 006C,Unable to prosecute suspect
0b5d4a7a5e7a5a3e3785bd34dad50456f4401c984e5c5481210e7350d5b71bcb,2018-12,Essex Police,Essex Police,0.074467,51.649362,On or near THE SQUARE,E01021790,Epping Forest 012E,Investigation complete; no suspect identified
5516c8dac0acdbe5e977f9f739ac057bbe5c7909f7a7d434a0aeb401735be7a7,2018-12,Essex Police,Essex Police,0.501584,51.578651,On or near BOCKINGHAM GREEN,E01021302,Basildon 013B,Investigation complete; no suspect identified
9ecbc720d82926b37fefd2dbaa7d6567ebce00b44e6850056ade7fda53db7d2b,2018-12,Essex Police,Essex Police,0.736768,51.608017,On or near SCOTTS HALL ROAD,E01021915,Rochford 004A,Unable to prosecute suspect
e5a09b1eb98e7a410498c1071108e995ecb89a64fb9af6414d385e1763945ee9,2018-12,Essex Police,Essex Police,0.895335,51.889691,On or near BALKERNE GARDENS,E01021646,Colchester 007A,Offender given a drugs possession warning
ff75bd8f48488ffd73d09efbadbf90a34d0a480d9c5f5ca9ffdcfdb062113429,2018-12,Essex Police,Essex Police,0.492424,51.579557,On or near PETERBOROUGH WAY,E01021271,Basildon 013A,Unable to prosecute suspect
ad4b573ef667d6c994b45823cba8f0f2871cfde4ccba668337174460d31707e7,2018-12,Essex Police,Essex Police,0.492424,51.579557,On or near PETERBOROUGH WAY,E01021271,Basildon 013A,Unable to prosecute suspect
eef81f1e3982edaa88a8317dd95625dd011b76670cf955e2aff4ef1b22aeb9b0,2018-12,Essex Police,Essex Police,0.082897,51.648143,On or near VERE ROAD,E01021776,Epping Forest 011C,Offender given a drugs possession warning
cec2b6bcd47b6f16d1458821cca50c8ba0a0b1c9324ffe22dae83cb688b2daad,2018-12,Essex Police,Essex Police,1.092023,51.941084,On or near CAMBRIA CLOSE,E01022021,Tendring 003G,Unable to prosecute suspect
7fddbaf09a85518cedeede4accc32485fd3e503c199b3154d31e76abbfb21949,2018-12,Essex Police,Essex Police,1.132669,51.792137,On or near ALMOND CLOSE,E01022032,Tendring 015E,Unable to prosecute suspect
94bcfaa8e0fd85df41d2ad5b49b1908bbe5bc71c304eb1656be6fd645c7e2262,2018-12,Essex Police,Essex Police,0.029158,51.682581,On or near HORSESHOE CLOSE,E01021810,Epping Forest 008D,Investigation complete; no suspect identified
52ed858d30e80cb55e9583c2f719868d300da482ac9f739c92dd653cb3181116,2018-12,Essex Police,Essex Police,0.887816,51.888940,On or near OAKS DRIVE,E01021646,Colchester 007A,Unable to prosecute suspect
ec945d389c15c0dc64f7c38aaa5b3e57affc851dc1963a1a87c44f1578d8f37a,2018-12,Essex Police,Essex Police,0.887816,51.888940,On or near OAKS DRIVE,E01021646,Colchester 007A,Unable to prosecute suspect
bd8c8f61a8b49748b9f9248fac610c47bf81bf9b3b460268d37f5f1c2da19794,2018-12,Essex Police,Essex Police,0.094846,51.771452,On or near ADAMS HOUSE,E01021872,Harlow 007E,Unable to prosecute suspect
d75ca1581566c03fe934d0712740c1c222bc4801ee1bbff6e5a4202c1ef20305,2018-12,Essex Police,Essex Police,0.927784,51.882879,On or near HAWKINS ROAD,E01033719,Colchester 008G,Unable to prosecute suspect
8ae4291964af4510c89c5b41f45d1e870c2ba3175f9a26a3f8069d830b5f09e2,2018-12,Essex Police,Essex Police,0.089191,51.749440,On or near JOYNERS FIELD,E01021862,Harlow 011A,Unable to prosecute suspect
721548ef97cb68e25f9a8fb5ebf32e07cf2ac7749fd728c7ec9b872f7f92859f,2018-12,Essex Police,Essex Police,0.176927,51.658667,On or near LONDON ROAD,E01021800,Epping Forest 003C,Unable to prosecute suspect
1cf185c446ea43c167aab93b8e40ae53fad182afe1bcfd62f5441914f1d95b6b,2018-12,Essex Police,Essex Police,0.687432,51.546940,On or near WESTBOROUGH ROAD,E01015902,Southend-on-Sea 007B,Investigation complete; no suspect identified
73687afca20a9beebfe1b84418eef73a66363ccedf417ae8b4d0f37830c9b02b,2018-12,Essex Police,Essex Police,0.516191,51.586217,On or near JOSSELIN ROAD,E01021309,Basildon 011E,Investigation complete; no suspect identified
5dbd6ba87041b0700ea6bc266161883d29e6221b0aa6b9146f33db714936bd82,2018-12,Essex Police,Essex Police,0.376161,51.488009,On or near MALPAS ROAD,E01015936,Thurrock 012D,Investigation complete; no suspect identified
8a1746d5ba4425858fa9222940caf36c2c7a8965e4fc4e01e0a4dfa6bd550e2a,2018-12,Essex Police,Essex Police,0.686543,51.548021,On or near SOUTHVIEW DRIVE,E01015904,Southend-on-Sea 007D,Investigation complete; no suspect identified
ebd77b93bb71c19c22e85085f08fa9b78d576c2365502ae292fab02f9222c900,2018-12,Essex Police,Essex Police,0.076783,51.654483,On or near FAIRMEADS,E01021778,Epping Forest 011E,Investigation complete; no suspect identified
eae60cf0d2c03e801be60c82dd2ce30effd935c062d434aa197265c6d802c43a,2018-12,Essex Police,Essex Police,0.782162,51.880416,On or near Parking Area,E01021678,Colchester 010E,Investigation complete; no suspect identified
d1308ec9b5fcee56c95a81520de45de58116c0d99156923d8dfe43a7d0ec6d8a,2018-12,Essex Police,Essex Police,0.724162,51.553539,On or near WALTHAM CRESCENT,E01015871,Southend-on-Sea 006C,Investigation complete; no suspect identified
6afa1d433f3938691689fe86a99c18e9015734d2b77820a91b793ccd6b28faf2,2018-12,Essex Police,Essex Police,0.459544,51.585458,On or near Park/Open Space,E01021268,Basildon 015B,Investigation complete; no suspect identified
72e9c000c810d33a57035b83ef79c5520b315ec4894ee7128cb60123e3defec6,2018-12,Essex Police,Essex Police,0.598007,51.559468,On or near CARLTON DRIVE,E01021529,Castle Point 006D,Unable to prosecute suspect
2fd66b05481a153a97b5f61ab42c5589ecebe3bfb20de18c34edc81812df8ce2,2018-12,Essex Police,Essex Police,0.768924,51.536131,On or near MAPLIN WAY NORTH,E01015893,Southend-on-Sea 016E,Unable to prosecute suspect
74c37289f7a8a8b3ad0894a9180889dc9a53d2a75152dcdaa557da766942f909,2018-12,Essex Police,Essex Police,0.714390,51.538674,On or near Parking Area,E01015852,Southend-on-Sea 015B,Investigation complete; no suspect identified
b0d987bec70df966a447be75f1c6bb7323484bdf1e36e36695e0162bf41b61ea,2018-12,Essex Police,Essex Police,1.113674,51.858470,On or near WOODLANDS RISE,E01022018,Tendring 007E,Investigation complete; no suspect identified
4fa847d510c4d0e64c7ef7ce0a5ca08ec0bf331a484a9bbf3d724a406da5619d,2018-12,Essex Police,Essex Police,0.618832,51.618767,On or near HILLTOP AVENUE,E01021944,Rochford 001C,Investigation complete; no suspect identified
f58d3ae9198bf149e8d351297d385b36f243332b1136a23a6ec7fb8b31e5e624,2018-12,Essex Police,Essex Police,0.182362,51.628243,On or near OAK HILL ROAD,E01021800,Epping Forest 003C,Investigation complete; no suspect identified
fdc5fe98b42f90d75a62e000dabfb0a54928635595b39bf9c08e3c5d8d3658e3,2018-12,Essex Police,Essex Police,1.141386,51.827575,On or near THE STREET,E01022016,Tendring 007C,Investigation complete; no suspect identified
0d4b6b190b4345120c55635ed7892f5f679210bafe57e3a4775f0792cb4cca42,2018-12,Essex Police,Essex Police,0.501831,51.747952,On or near DAHLIA CLOSE,E01021621,Chelmsford 007B,Investigation complete; no suspect identified
b51ce64e9b34a3a449fcf7f2c6afa2fd1a06c1a1812cbee001b17741cc46477f,2018-12,Essex Police,Essex Police,0.489545,51.716072,On or near PEARL SQUARE,E01021565,Chelmsford 014C,Investigation complete; no suspect identified
85ddeb69b5c611fca1c94766648a0d6240bbdfd3bdf5bdbb51a06f45e8b59484,2018-12,Essex Police,Essex Police,0.363736,51.480067,On or near CROUCH ROAD,E01015935,Thurrock 012C,Investigation complete; no suspect identified
603be14cc6ad1137f711fc51f66bb8c2edd9fdfe9ad085fb6652105d5bac42cb,2018-12,Essex Police,Essex Police,0.133779,51.783143,On or near WAYRE STREET,E01021855,Harlow 001B,Unable to prosecute suspect
aeded612bfaf9219cf81518e6e07428decdf662c3bdc444afaf30fb6cc6f64cb,2018-12,Essex Police,Essex Police,0.700224,51.567844,On or near Airport/Airfield,E01021956,Rochford 007E,Unable to prosecute suspect
12c6616619820014efe84f8461493e70d983404aa4d7e7523cf37b84727d1380,2018-12,Essex Police,Essex Police,1.137806,51.824316,On or near CLAPGATE DRIVE,E01022016,Tendring 007C,Investigation complete; no suspect identified
4eec94bef95abaeec8d22604aec51f46886d256b96df7efd636d46d7791d4a64,2018-12,Essex Police,Essex Police,0.087744,51.656744,On or near AUDLEY GARDENS,E01021775,Epping Forest 011B,Unable to prosecute suspect
36a83b7c7d81233f79d76e60110db678a2ea9f05ec6b19e64a95323fd6a3e727,2018-12,Essex Police,Essex Police,0.545541,51.652566,On or near Park/Open Space,E01021594,Chelmsford 021B,Investigation complete; no suspect identified
8b9cefaa26c3c8ccb0fd100c2b69aaeb389bd93d19461cbc2c8883353b51ac19,2018-12,Essex Police,Essex Police,0.386942,51.505228,On or near BEVERLEY CLOSE,E01015979,Thurrock 004C,Investigation complete; no suspect identified
ce10ade406d201cef177fcb3419d08f3c1fed588b6bc266d0cbe51f9f15becd1,2018-12,Essex Police,Essex Police,0.095357,51.767783,On or near Shopping Area,E01021872,Harlow 007E,Investigation complete; no suspect identified
ab72792d84edace2502e6666dc34ec655a6f8fd5b280e828392c653bb47a8b29,2018-12,Essex Police,Essex Police,0.512768,51.586201,On or near SWINBORNE ROAD,E01021309,Basildon 011E,Investigation complete; no suspect identified
b6862455a2b37e9632c1d14b6faf69acac1b447113a22254cb7e78b44ee9b297,2018-12,Essex Police,Essex Police,0.075885,51.650974,On or near NEWPIECE,E01021790,Epping Forest 012E,Unable to prosecute suspect
7e2f1ba0a40b403865395f90e568dd50316076244cd074aa8ceb5cf5981e5598,2018-12,Essex Police,Essex Police,0.261741,51.889938,On or near Airport/Airfield,E01022090,Uttlesford 006B,Local resolution
54a3bed9eac80a935aac106b23e4b4f754cf9d66f2e37ee6dde0f945781a4e79,2018-12,Essex Police,Essex Police,1.137559,51.805731,On or near DANIELL CLOSE,E01021975,Tendring 013A,Unable to prosecute suspect
4c1a87f30334aac4d736eff37e07c32c3009f18eaa0cd29f217d8fb53af58082,2018-12,Essex Police,Essex Police,0.652920,51.551512,On or near BONCHURCH AVENUE,E01015814,Southend-on-Sea 003A,Investigation complete; no suspect identified
3a8c6f16a29ef65392f9ca60ebff461030da4a94d6bd013f8c72c31e4536f722,2018-12,Essex Police,Essex Police,0.021086,51.687441,On or near HILLHOUSE,E01021816,Epping Forest 007E,Investigation complete; no suspect identified
6d94afa7f08113af55b1080a5e4f1fba38000460a5c9cc34cde8833b695a41bc,2018-12,Essex Police,Essex Police,0.261741,51.889938,On or near Airport/Airfield,E01022090,Uttlesford 006B,Local resolution
9c849481119b39db0ccdc5c63feb37b3a85190d3c6a66627d0324593ef1b52d4,2018-12,Essex Police,Essex Police,0.887497,51.867201,On or near ILEX CLOSE,E01033723,Colchester 015G,Unable to prosecute suspect
38f631d23d83c673255712051b26d07915d401fda9e8f141db0043c7cb7038fd,2018-12,Essex Police,Essex Police,0.652878,51.549543,On or near ST CLEMENT'S AVENUE,E01015815,Southend-on-Sea 003B,Investigation complete; no suspect identified
92705d100439b4dfcc8aeaa26770bc378aab70a84ba81358a6ea50e4aa52bc0c,2018-12,Essex Police,Essex Police,0.280395,51.508472,On or near DARENTH LANE,E01015972,Thurrock 006C,Investigation complete; no suspect identified
f69bb8bed7388eec840e1bc1779fc0db42df0b96ef8b5acffcfda365c240de32,2018-12,Essex Police,Essex Police,0.814467,51.848350,On or near MALDON ROAD,E01021644,Colchester 019B,Unable to prosecute suspect
f7439f40ed718766b68414260f341b88a33b091ef952b0377bc3fb04b32db037,2018-12,Essex Police,Essex Police,0.408224,51.625031,On or near ROSSLYN ROAD,E01021253,Basildon 004B,Investigation complete; no suspect identified
1f9269bec0c7f0ca32c7cf1392480a3ad6b7281efb0295b5c6497e2ba4931159,2018-12,Essex Police,Essex Police,0.652920,51.551512,On or near BONCHURCH AVENUE,E01015814,Southend-on-Sea 003A,Investigation complete; no suspect identified
83db0331f032326fb02aacab87cb9a90e41b8f55fbf3556e344e2bd765beb50b,2018-12,Essex Police,Essex Police,0.474503,51.716075,On or near Parking Area,E01021586,Chelmsford 015E,Unable to prosecute suspect
b7e167c9b0b0cd815e8932e5e9a64d78ef64a7d6214a1a1f3bd6086b59b0d993,2018-12,Essex Police,Essex Police,0.929929,51.887035,On or near ST ANDREW'S AVENUE,E01033722,Colchester 008H,Unable to prosecute suspect
4e4e0b770701ecf90338c46f12aab38f1e5be76d7db1187f4ab013b6c2a53825,2018-12,Essex Police,Essex Police,0.433902,51.969469,On or near TOM'S LANE,E01021412,Braintree 005C,Investigation complete; no suspect identified
27465976f84d1cb0d4646da8e5eced2459c54c14597d1de2190448d75b954053,2018-12,Essex Police,Essex Police,1.249452,51.943919,On or near FOSTER ROAD,E01033051,Tendring 002F,Investigation complete; no suspect identified
c92288ea9909d1b487073cef2f465877f1e2a72fd4dafac8cfca8094008d3e53,2018-12,Essex Police,Essex Police,0.902192,51.889423,On or near ST NICHOLAS STREET,E01021649,Colchester 007D,Unable to prosecute suspect
57cc8a57e54135ac626a9037804d5c00eaca374a4b87835795c0d268254d2aef,2018-12,Essex Police,Essex Police,0.474503,51.716075,On or near Parking Area,E01021586,Chelmsford 015E,Unable to prosecute suspect
62ce09d0cd6e3253b9e2208a908fddb7fa8ba8087c01e01da9387a3f8932bedc,2018-12,Essex Police,Essex Police,0.477127,51.723034,On or near Supermarket,E01021583,Chelmsford 015C,Investigation complete; no suspect identified
dd0c3fc4c41960ef11de63be61257a3500ddadfcd50cdf8e10a97f0469f75ead,2018-12,Essex Police,Essex Police,0.006901,51.685994,On or near CYPRESS CLOSE,E01021813,Epping Forest 007B,Unable to prosecute suspect
582280dfd251647862bb820a25ae1eb86d7923f910e3a25c1def24885e5beefe,2018-12,Essex Police,Essex Police,0.385439,51.997511,On or near B1053,E01022097,Uttlesford 004C,Investigation complete; no suspect identified
4963bba159dc0a4588d10ee564828314797dda29b1fa495195066e7b5171dec9,2018-12,Essex Police,Essex Police,0.453384,51.725250,On or near Bus/Coach Station,E01033138,Chelmsford 009F,Investigation complete; no suspect identified
f59d013e1e0d308428ae05fe6eb972fee63493b619ba010036806aad0471e69e,2018-12,Essex Police,Essex Police,0.093027,51.753436,On or near Supermarket,E01021859,Harlow 010C,Investigation complete; no suspect identified
3a83f6f6ed0d30bd8069f2566bba8c9cf4e9a2f25d0f2e093ae85df74e02c1c1,2018-12,Essex Police,Essex Police,0.887497,51.867201,On or near ILEX CLOSE,E01033723,Colchester 015G,Unable to prosecute suspect
8ff7afd4c4f5da74759aa4dc63e97842fe823cb9b998648ab9e403bb2d8c125c,2018-12,Essex Police,Essex Police,0.565974,51.523282,On or near SECOND AVENUE,E01021486,Castle Point 010B,Unable to prosecute suspect
e2f9d7d018a629285729363d28f3da518ce925a62698ee396535f62d03491f53,2018-12,Essex Police,Essex Police,0.242458,51.498071,On or near PURFLEET ROAD,E01015925,Thurrock 008D,Investigation complete; no suspect identified
32c11dad808c85801bf9007c5cfded7ab660fac1ecdd6eb4a14c1ddad47c2626,2018-12,Essex Police,Essex Police,0.330502,51.474554,On or near BRIDGE ROAD,E01015952,Thurrock 017B,Unable to prosecute suspect
dcac85b25a5179db0c2e5142a72dc936e79484a7d6c07b40d9708692893f4f12,2018-12,Essex Police,Essex Police,0.611187,51.561091,On or near DALWOOD GARDENS,E01021530,Castle Point 005C,Investigation complete; no suspect identified
c6df735f6371fb5405798a70ac5ff9109e386c08af40dc2c99bf0118834d8a3d,2018-12,Essex Police,Essex Police,0.092373,51.766253,On or near LUTHER KING ROAD,E01021868,Harlow 007B,Investigation complete; no suspect identified
de15de564170d43e5cc20b519d7d9a463476e4da298f364c40c8eadc0e75e1fc,2018-12,Essex Police,Essex Police,1.083186,51.798788,On or near CLINTON CLOSE,E01022045,Tendring 018D,Unable to prosecute suspect
d2b079575ab58cbba447192130fdeab4d4c4d673ff84551d28c21e973b0c2800,2018-12,Essex Police,Essex Police,0.377732,51.515991,On or near Conference/Exhibition Centre,E01015980,Thurrock 004D,Investigation complete; no suspect identified
d6f316d04f7498884adc31032614407c06d8e9a8ab2a713f748346d491ccc0ff,2018-12,Essex Police,Essex Police,0.465417,51.697290,On or near RUSSELL GARDENS,E01021552,Chelmsford 017A,Unable to prosecute suspect
36d93254e92b559325621ec727d0ee3e8a315e9cb82165a000c47a7a6c4c9fe6,2018-12,Essex Police,Essex Police,0.430063,51.515592,On or near SCRATTON ROAD,E01015990,Thurrock 003D,Investigation complete; no suspect identified
58ab25b54318c846faeff65e5ed43c476ee56c940d8acf09c22ebca59baec06d,2018-12,Essex Police,Essex Police,0.724377,51.852415,On or near LONG ACRES,E01021377,Braintree 014A,Investigation complete; no suspect identified
ee6cac653f3c5b4f8efe144cbace6c25eef1fb903cbbededcdb23468ebbe5f0f,2018-12,Essex Police,Essex Police,0.848612,51.913459,On or near MUMFORD CLOSE,E01021729,Colchester 003C,Unable to prosecute suspect
0c734136bcfbc628f83d3c55b7fdff20f150fa04e5de01ae6aa934f6b0fd7ffd,2018-12,Essex Police,Essex Police,0.902192,51.889423,On or near ST NICHOLAS STREET,E01021649,Colchester 007D,Unable to prosecute suspect
193190cd299f636dfee9a5e6629155c99983e90f1c3b9ad7981056b41bf1f949,2018-12,Essex Police,Essex Police,0.122586,51.780351,On or near MARK HALL MOORS,E01021848,Harlow 002E,Investigation complete; no suspect identified
cd30b17def23a60453ecc741b68f993184f5bd6926300b92b5cb77b5e079b7d4,2018-12,Essex Police,Essex Police,0.906740,51.888726,On or near Sports/Recreation Area,E01021648,Colchester 007C,Unable to prosecute suspect
17c746cedde378b76484692cdf4dfef0e9ecff0bba1753c7b8bf563aaad6fb71,2018-12,Essex Police,Essex Police,0.565974,51.523282,On or near SECOND AVENUE,E01021486,Castle Point 010B,Unable to prosecute suspect
eab356644534466f8759984bc4460048175a845333e733e2e5cc543c5f8d34b1,2018-12,Essex Police,Essex Police,0.565974,51.523282,On or near SECOND AVENUE,E01021486,Castle Point 010B,Unable to prosecute suspect
201759be8f10d38d8d5793c58e935785e84952d34e910bcf0a3a7eddaa4fb772,2018-12,Essex Police,Essex Police,0.745463,51.821158,On or near CEDAR AVENUE,E01021726,Colchester 020D,Unable to prosecute suspect
1f7dc36a29f2211c79d05a8d5959986f31f4478bceb8781b6095c4dba4540053,2018-12,Essex Police,Essex Police,0.520508,51.612565,On or near HIGH STREET,E01021331,Basildon 008A,Investigation complete; no suspect identified
46c206860ba81886938ce5624e3021ccf5429cbc3b6cb0dfc57ae1c658983b3a,2018-12,Essex Police,Essex Police,0.296911,51.521388,On or near CHURCH CRESCENT,E01015974,Thurrock 006E,Investigation complete; no suspect identified
80c5b51745b6ac0cb319857fd8a80e5ee4e72f03973d6832367659abdd11ffec,2018-12,Essex Police,Essex Police,0.474503,51.716075,On or near Parking Area,E01021586,Chelmsford 015E,Unable to prosecute suspect
0f76a88af6519fe62a6099e5501b53bf462f5eeba7a903a665663f91f5d6700d,2018-12,Essex Police,Essex Police,0.667456,51.543286,On or near Supermarket,E01015829,Southend-on-Sea 012C,Investigation complete; no suspect identified
90ccec4ad068813e27191de7470bfd72614680e647317b87f2ecb4ec1c8ffe6b,2018-12,Essex Police,Essex Police,1.151333,51.789380,On or near Supermarket,E01022025,Tendring 016B,Investigation complete; no suspect identified
b16c1132ab41c788f60b1388172ed010333ba59488457b938fa2935c83174f96,2018-12,Essex Police,Essex Police,0.512647,51.585574,On or near RIDLEY ROAD,E01021309,Basildon 011E,Investigation complete; no suspect identified
548359abfc3d55c05eb819b824d15b50524867cc3b9c1d692f20ca36066f0381,2018-12,Essex Police,Essex Police,0.242847,51.708164,On or near VICTORIA ROAD,E01021753,Epping Forest 004A,Unable to prosecute suspect
a36320fdb20ce43ce1d788053a1d853784fc7b7e7c86b35627c19fdb4be563d5,2018-12,Essex Police,Essex Police,0.509574,51.563336,On or near ST MICHAELS AVENUE,E01021310,Basildon 022B,Investigation complete; no suspect identified
91f79a19499327d5f3d60f2eecf699cf574699ff988f739cb774fe478ff79e53,2018-12,Essex Police,Essex Police,0.250921,51.825786,On or near HAMMONDS ROAD,E01022059,Uttlesford 009A,Investigation complete; no suspect identified
6e1b872c4e3978a22b7315d661aad764c493049fea12e7f90467a36e75ebae43,2018-12,Essex Police,Essex Police,0.491999,51.758845,On or near ANVIL WAY,E01021616,Chelmsford 004A,Unable to prosecute suspect
5130788840fe5ef26e8b88944f78a7454d408161894512c0422981211bdc59ad,2018-12,Essex Police,Essex Police,0.515047,51.571790,On or near LEIGH FELLS,E01021315,Basildon 018C,Investigation complete; no suspect identified
7d234832997046eb23bbab0230228f669e318b029e9ac7b324e9da577d14d541,2018-12,Essex Police,Essex Police,1.151023,51.790144,On or near PIER AVENUE,E01022026,Tendring 016C,Investigation complete; no suspect identified
2cd930e461edc718e9700e398f120cd880e29c1657731ccf5364e7ffc41554b5,2018-12,Essex Police,Essex Police,0.439162,51.572556,On or near JERMAYNS,E01021291,Basildon 016E,Investigation complete; no suspect identified
b2aae36c2e89e3dbb8e33e24a7555980fedf4e504b6dfd94210aefbffcad9df5,2018-12,Essex Police,Essex Police,1.150049,51.812161,On or near Supermarket,E01022039,Tendring 010B,Suspect charged
53a58bba3c1d395cb2abf47863c3d3112b7583c30a33e3b5bcc69be7e2044821,2018-12,Essex Police,Essex Police,0.431707,51.515603,On or near MANOR ROAD,E01015990,Thurrock 003D,Suspect charged
3814203bda256db74116bea69ca88b856c9b01c52f0a0b40feeaf96de1259b8e,2018-12,Essex Police,Essex Police,0.460762,51.569263,On or near Supermarket,E01021318,Basildon 015C,Unable to prosecute suspect
b2cc9ad70650c3411e57e32e65f068c40efe13aa82349fd1f39599e8f005e653,2018-12,Essex Police,Essex Police,0.431707,51.515603,On or near MANOR ROAD,E01015990,Thurrock 003D,Suspect charged
02e9777b636d28ec7ea26c2470ffaa69401e752ea7ecda2cb3c68d3c8c83bb12,2018-12,Essex Police,Essex Police,0.281974,51.505753,On or near DAIGLEN DRIVE,E01015929,Thurrock 007C,Unable to prosecute suspect
760997ae6c5add068435d41761c42e0475041366241711e9b28768d08eff7b27,2018-12,Essex Police,Essex Police,0.867700,51.876167,On or near POND CHASE,E01021689,Colchester 014A,Investigation complete; no suspect identified
0dc40e618d337228acca4cc2c247f7a7c1f63ab5e88a1e62fd20ae37d28ee2dc,2018-12,Essex Police,Essex Police,0.489170,51.721628,On or near Petrol Station,E01021564,Chelmsford 013D,Suspect charged
87609dce96dc4690a61f8ac3d8f608974b6159eac2555fd5ab8e36ea5a767942,2018-12,Essex Police,Essex Police,0.911137,51.919852,On or near SPRINGHAM DRIVE,E01033720,Colchester 002F,Unable to prosecute suspect
99a2227a18c216667e87c4f7c08c1586539cd4ac42f03733c68dfa230a6bcdc8,2018-12,Essex Police,Essex Police,0.508483,51.752181,On or near Parking Area,E01033144,Chelmsford 005F,Investigation complete; no suspect identified
d2b3e7fa011b3629c087942f25bdd88cb900017b13c589bdbe0b41ce4a36111a,2018-12,Essex Police,Essex Police,0.607583,51.521051,On or near HASSELL ROAD,E01021490,Castle Point 012B,Investigation complete; no suspect identified
7c361564f6aa37f8626e430b9d13f29c05a4d2c110831909207decfa99feecac,2018-12,Essex Police,Essex Police,0.421343,51.575892,On or near Pedestrian Subway,E01021273,Basildon 014A,Suspect charged
819ed209ad83a9e024f6b955ab270c3eda272be7175c982a8423163e241bb935,2018-12,Essex Police,Essex Police,1.241022,51.837488,On or near WITTON WOOD ROAD,E01021987,Tendring 008A,Investigation complete; no suspect identified
6172b57e028e05e165682986f568b35d8bb57502dc8ce1f29f9cb50dd6c141cf,2018-12,Essex Police,Essex Police,0.074959,51.751221,On or near Sports/Recreation Area,E01021864,Harlow 011C,Unable to prosecute suspect
da1b4c33f392a59b77e9e22340b67af7507402a58aca4d5181ae584758f24490,2018-12,Essex Police,Essex Police,0.280895,51.506079,On or near FAYMORE GARDENS,E01015929,Thurrock 007C,Unable to prosecute suspect
f5f02d6ca30a246634c8cd01f0274dcbe9bb073558a8c419856df2bf3e581280,2018-12,Essex Police,Essex Police,0.653489,51.939867,On or near BROOK FARM CLOSE,E01021389,Braintree 006A,Unable to prosecute suspect
d224ff765eb69c121252b5fa0363a93bc5c3f4931846f9d3dbcfda8095730bba,2018-12,Essex Police,Essex Police,0.064091,51.762608,On or near FLEX MEADOW,E01021840,Harlow 004B,Investigation complete; no suspect identified
6e3d05867374246cc1b0a40e1484dfa86159120f578341cccae7112bc08cbafa,2018-12,Essex Police,Essex Police,0.613508,51.672666,On or near CROWS LANE,E01021535,Chelmsford 016B,Offender given penalty notice
5ae30f747c5f3580e49bf2e177683c4b6881d845a6d1d6a39388f8bf350c1c47,2018-12,Essex Police,Essex Police,0.445790,51.726479,On or near LONGACRE,E01033138,Chelmsford 009F,Investigation complete; no suspect identified
5433a7b8ae70294d45547a3dae99b8e3a275bbbbbbc6b1f63d29c3602146e781,2018-12,Essex Police,Essex Police,0.060358,51.630538,On or near Park/Open Space,E01021750,Epping Forest 016B,Investigation complete; no suspect identified
fd73721a1faa361716001d8604922d7b79ef27e974c4462518c776a4eec214fa,2018-12,Essex Police,Essex Police,0.397896,51.574387,On or near Petrol Station,E01021277,Basildon 014D,Investigation complete; no suspect identified
8bab535830f2e930284a728a49040f78d391156b60fd302cb5ac59203d562967,2018-12,Essex Police,Essex Police,0.847097,51.888368,On or near NEW FARM ROAD,E01021674,Colchester 009B,Investigation complete; no suspect identified
55d7972709186a03bb685b8c3f36a4e9c8bb34b05f529a7905014aa7c3493f0e,2018-12,Essex Police,Essex Police,0.302393,51.492871,On or near HAWKINS DRIVE,E01015941,Thurrock 020B,Unable to prosecute suspect
ff421f0d89c049febe34958b9f5021abd7902409b86230719691904de99a7ac3,2018-12,Essex Police,Essex Police,0.685067,51.539358,On or near BRITANNIA GARDENS,E01015827,Southend-on-Sea 012A,Investigation complete; no suspect identified
228d22fe1d59cf44edb4bd36b682b32ee7c45cc796ffe94650af328a926e18f0,2018-12,Essex Police,Essex Police,0.488137,51.733935,On or near SPRINGFIELD PARK PARADE,E01021629,Chelmsford 008F,Investigation complete; no suspect identified
1b5aa4e68f158569dcd1c8d35684e8d4f301122ebaba1b1b52a05dbdb028bb3b,2018-12,Essex Police,Essex Police,0.303360,51.620247,On or near Supermarket,E01021436,Brentwood 007B,Investigation complete; no suspect identified
9043a5f43f35771d13ca5c74288ea42e3ef18eacf012c4ce4d878751cbebcbff,2018-12,Essex Police,Essex Police,0.264850,51.609036,On or near Petrol Station,E01021468,Brentwood 006D,Investigation complete; no suspect identified
7fb622a313a4436f3e9ebf986e7b1dd37ab1d6c343d02dfb7e5cac8f67cc6ed1,2018-12,Essex Police,Essex Police,0.285222,51.484852,On or near Parking Area,E01016011,Thurrock 015B,Local resolution
78dbf4e5308bc8c40ef425e630035966adac5090a31117547a830f3f9330946e,2018-12,Essex Police,Essex Police,0.416509,51.623512,On or near Supermarket,E01021244,Basildon 004A,Investigation complete; no suspect identified
bc645d5c96dff25211ee145a4532803fa9424972923205073b443b16f0c3cbb2,2018-12,Essex Police,Essex Police,0.416509,51.623512,On or near Supermarket,E01021244,Basildon 004A,Investigation complete; no suspect identified
50864e01249d88bc62fc8d7949699f0ec0d7a398e2a29dc3496a4fa67ae8ce7a,2018-12,Essex Police,Essex Police,0.289279,51.506591,On or near BROXBURN DRIVE,E01015931,Thurrock 007E,Investigation complete; no suspect identified
d64640694818f3f2bc58e9d1a0c244fe64442727c636c9703cc9801fd9d20efa,2018-12,Essex Police,Essex Police,0.613020,51.559602,On or near SHERWOOD CRESCENT,E01021532,Castle Point 005D,Investigation complete; no suspect identified
06ba77f4674e3a37e2afc11868e01548ebc9b7248c8abb0c7ea450e3dea15e79,2018-12,Essex Police,Essex Police,0.633221,51.546874,On or near MEDWAY CRESCENT,E01015908,Southend-on-Sea 008A,Investigation complete; no suspect identified
3cc166cc4700e2ccd0b7fe5551a86e1027eff7faf6d830b86b8f9064da7d1e0b,2018-12,Essex Police,Essex Police,0.283224,51.475413,On or near FLINT STREET,E01016012,Thurrock 015C,Investigation complete; no suspect identified
82d7fecc374a101570342b05d8224b00d7d22f25ba22da67e041ee450af56a34,2018-12,Essex Police,Essex Police,0.326501,51.632057,On or near CROSSWAYS,E01021467,Brentwood 005F,Investigation complete; no suspect identified
3dfaff805550db8a80329a336345bc0338fac3987d63a3e8ac30f7f513066e0e,2018-12,Essex Police,Essex Police,0.690490,51.547427,On or near BEEDELL AVENUE,E01015906,Southend-on-Sea 007F,Action to be taken by another organisation
97460738b9eae57985bce609085d84d65fd60374668f50373245994873c2654e,2018-12,Essex Police,Essex Police,0.567139,51.884668,On or near VANGUARD WAY,E01021353,Braintree 009B,Unable to prosecute suspect
1f57da5aaf9909ab07262b3ffd0e7c92a433cc37f22afdb3c822474f967a1d8a,2018-12,Essex Police,Essex Police,0.441279,51.526403,On or near RACHAEL CLARKE CLOSE,E01015988,Thurrock 002D,Action to be taken by another organisation
15f7e39ead3f6009c70e9843545912052cad86621181c95be8d93e0f528b7b5d,2018-12,Essex Police,Essex Police,0.266292,51.478970,On or near A282,E01016012,Thurrock 015C,Investigation complete; no suspect identified
d00eba0c4076005ae930ccf06a5e4160fcc7ef5263ec064b42e9740b1d92bd27,2018-12,Essex Police,Essex Police,0.087906,51.756126,On or near Sports/Recreation Area,E01021831,Harlow 007A,Unable to prosecute suspect
8d5b39015b8d52dcd53e4804218f35850e6c1eb2da2ed3f5c7b544232c3303d5,2018-12,Essex Police,Essex Police,0.567139,51.884668,On or near VANGUARD WAY,E01021353,Braintree 009B,Unable to prosecute suspect
fafceebb05c5e171d323887e9a2669dd0a6647a601ad7a62e6343bbf088343fe,2018-12,Essex Police,Essex Police,0.630264,51.934849,On or near TWEED CLOSE,E01021391,Braintree 004C,Unable to prosecute suspect
2e4376fd27d4045f18223c70bfccdf2f16be999b7bf8deae1b1088c3f8348ae9,2018-12,Essex Police,Essex Police,0.086295,51.658244,On or near MOWBREY GARDENS,E01021774,Epping Forest 011A,Investigation complete; no suspect identified
21bcea201636b60279931b90704153da8450c5a9a300eca409d8097a8ef6d62c,2018-12,Essex Police,Essex Police,0.676789,51.756237,On or near MAYPOLE ROAD,E01021913,Maldon 002D,Investigation complete; no suspect identified
faa56fd4c570b221ff7bde7c178b32e7dfc02607b71ded2faa0e0dae18dd0944,2018-12,Essex Police,Essex Police,0.122586,51.780351,On or near MARK HALL MOORS,E01021848,Harlow 002E,Investigation complete; no suspect identified
e87468ad0d2706d205f563b5298bb41b51377e3d444407769e41fee10a278b74,2018-12,Essex Police,Essex Police,0.113571,51.775748,On or near Parking Area,E01021845,Harlow 002B,Investigation complete; no suspect identified
93425b430993fb4fe064c6189e5d9152d04ce710a6fbc99c0f38f1937cac8f47,2018-12,Essex Police,Essex Police,0.113373,51.747938,On or near HAWTHORNS,E01021838,Harlow 010A,Investigation complete; no suspect identified
28d7b4d5e612c18ea8233eeb5746bce027ca11d83f7d4be659b258fa63cfda85,2018-12,Essex Police,Essex Police,0.461228,51.569334,On or near Pedestrian Subway,E01021318,Basildon 015C,Investigation complete; no suspect identified
4df6011235d1a6d908f327e2cbe221956265112c65892d2da0cf3eec2cfe2d4f,2018-12,Essex Police,Essex Police,0.502267,51.562719,On or near Supermarket,E01021310,Basildon 022B,Unable to prosecute suspect
49bcba20c240f2ed02324cb470d0e9eae4f67e07f531d9e330a86355cb149c54,2018-12,Essex Police,Essex Police,0.246703,52.027990,On or near CORNWALLIS PLACE,E01022078,Uttlesford 002C,Investigation complete; no suspect identified
4e78046d7aec6c020e474f7b92e5a15630324af08a2eea1caf9eee2ab480183d,2018-12,Essex Police,Essex Police,0.463364,51.728764,On or near BRADFORD STREET,E01021582,Chelmsford 010D,Investigation complete; no suspect identified
9937118408019b8a15438675f5d0f5375abb42f876a0bd513b4dc58e3e7da99c,2018-12,Essex Police,Essex Police,0.739411,51.549937,On or near CANTERBURY AVENUE,E01015886,Southend-on-Sea 009D,Unable to prosecute suspect
d784b729cfe817d2d4cc21d464738ccc25456c852a8b1e9c9804094f5d8967ee,2018-12,Essex Police,Essex Police,0.704677,51.840909,On or near STATION ROAD,E01021402,Braintree 014E,Investigation complete; no suspect identified
00fd3aca292ad2fef819854816db9c4002664b64648e57efe1db754c567a50ef,2018-12,Essex Police,Essex Police,0.342516,51.627629,On or near NEWMANS GATE,E01021447,Brentwood 005A,Unable to prosecute suspect
e3f20bfcadea198f597d69868c4e1ec494b892e5c2774aef273e69c5ee1f5af1,2018-12,Essex Police,Essex Police,0.145837,51.690102,On or near BANKS LANE,E01021800,Epping Forest 003C,Investigation complete; no suspect identified
1036ec79dfe8fad9a4c436d05ef92d210303dffde79aa9ba6f05cd42359ad002,2018-12,Essex Police,Essex Police,0.928443,51.881388,On or near CAELUM DRIVE,E01033719,Colchester 008G,Unable to prosecute suspect
173e12bc376fefe001304bfa2119895ea01ca313518ac1555ebd20aef069100a,2018-12,Essex Police,Essex Police,0.282488,51.487496,On or near Shopping Area,E01016011,Thurrock 015B,Suspect charged
cd8fa7e2fbfffe8f78ddfe2aee1b655f6f20ccca2b445c4f85bc94215bcebfdf,2018-12,Essex Police,Essex Police,0.283014,51.510418,On or near Supermarket,E01015976,Thurrock 007F,Suspect charged
5b82274391f9d25866ac8d2962b7f08e95b49e32be6bc29664e52702ee772c29,2018-12,Essex Police,Essex Police,0.720074,51.535817,On or near ST LEONARD'S ROAD,E01015841,Southend-on-Sea 014C,Unable to prosecute suspect
52e1e20d688062edeaafccaffe445395974822a9c774567a049b8bbe394626a7,2018-12,Essex Police,Essex Police,0.494384,51.735601,On or near CAVENDISH GARDENS,E01021628,Chelmsford 008E,Investigation complete; no suspect identified
79a8286214f4843cb9280523c70de5484f6fb4189c3944c748ac1625d201aab0,2018-12,Essex Police,Essex Police,0.495881,51.732790,On or near Shopping Area,E01021547,Chelmsford 008D,Investigation complete; no suspect identified
75cc72f86461c80c1226289dd41b65781265afdfdd34eed6e3a0c47452727c19,2018-12,Essex Police,Essex Police,0.728770,51.534131,On or near PROSPECT CLOSE,E01015842,Southend-on-Sea 014D,Action to be taken by another organisation
4cb35d447af2e29fe4355d7f3a8ff78f295cc49398e7ace50aa011ad86d903a4,2018-12,Essex Police,Essex Police,0.456959,51.570727,On or near Shopping Area,E01021318,Basildon 015C,Unable to prosecute suspect
0ec3cb747db95a109dc3454eeb7ed617512e65f0122d0053c0ad0652e09eb5e8,2018-12,Essex Police,Essex Police,0.688027,51.535990,On or near PALMERSTON ROAD,E01015827,Southend-on-Sea 012A,Unable to prosecute suspect
620a8233ac318dd7c1e53725b2b4a0663654d5c439ebe3e2c44ccf5a91661351,2018-12,Essex Police,Essex Police,0.082125,51.646763,On or near Petrol Station,E01021776,Epping Forest 011C,Investigation complete; no suspect identified
a2171a5a0235f6d25300aec20e7e94a74d3558fdf26588d9e9eda6148c964f42,2018-12,Essex Police,Essex Police,0.489980,51.579996,On or near SOUTHCOTE CRESCENT,E01021269,Basildon 012C,Investigation complete; no suspect identified
9c9d92c7f3f1061b489057b6c9092afe5adc4703453ff28762b22b1b746fe9a0,2018-12,Essex Police,Essex Police,0.604450,51.584849,On or near Police Station,E01021966,Rochford 008F,Unable to prosecute suspect
d5e3a601335e764df872bc761a5cd29a0cad419bbcdc769fd936c2de3c14d0b1,2018-12,Essex Police,Essex Police,0.476706,51.589656,On or near Sports/Recreation Area,E01021267,Basildon 012B,Investigation complete; no suspect identified
9917adb07e73447cde0a16de1074477e94bb033c158ac461715c95383ed067d4,2018-12,Essex Police,Essex Police,0.415477,51.480182,On or near BATA AVENUE,E01015948,Thurrock 013B,Unable to prosecute suspect
e2ecf090a227b295658ae753f76ef8484fef2ac49309f9e96a4f3a42a62b2771,2018-12,Essex Police,Essex Police,0.623200,51.845894,On or near TEMPLE LANE,E01021360,Braintree 012A,Investigation complete; no suspect identified
878653ef01c931e8448d7497ec5766de95a4bcbf16b106d864e32850237211b8,2018-12,Essex Police,Essex Police,0.509816,51.570355,On or near RECTORY ROAD,E01021315,Basildon 018C,Investigation complete; no suspect identified
87934ef9a4d62d55845b933d2c2a064940a0df6527dec15ee79cd150ad94ecbc,2018-12,Essex Police,Essex Police,0.272254,51.492281,On or near Motorway Service Area,E01016012,Thurrock 015C,Investigation complete; no suspect identified
c009c2fb866520d0ba90701016363aa0770b1fe92c88dfaad70b4e226de4f543,2018-12,Essex Police,Essex Police,1.167030,51.813242,On or near CARISBROOKE AVENUE,E01021984,Tendring 010A,Investigation complete; no suspect identified
34e9f351ede3a8587cfc84745b2c0637241f4305f2906b526ffca99356003560,2018-12,Essex Police,Essex Police,0.548558,51.560166,On or near LIMETREE AVENUE,E01021523,Castle Point 007D,Investigation complete; no suspect identified
8746dfe373c4d73b097bb315f4e3cf0f72933e82310969893f42e964448b4bf6,2018-12,Essex Police,Essex Police,0.934897,51.889888,On or near VERONICA WALK,E01021699,Colchester 008D,Unable to prosecute suspect
101fdf50e3077c959ccbd7460ae1dd70bbde4167180475cffd3945c585e37bdd,2018-12,Essex Police,Essex Police,0.200774,51.908972,On or near BIRCHALLS,E01022083,Uttlesford 005C,Investigation complete; no suspect identified
64b4e6a0d8a44ac72204ff519973d6e83511d4f61978fd955ff08eb19ef4408d,2018-12,Essex Police,Essex Police,0.546291,51.571754,On or near SADLERS,E01021516,Castle Point 003D,Investigation complete; no suspect identified
4371a4e005002fd510bd79c161f819fb32274ff097b4d28f235f119506b1a9ba,2018-12,Essex Police,Essex Police,0.480348,51.577007,On or near THE FREMNELLS,E01021270,Basildon 012D,Local resolution
3b92c372a34b8a19049c42ea4e953155e6a696d29d623599348e233155e24fa3,2018-12,Essex Police,Essex Police,0.928443,51.881388,On or near CAELUM DRIVE,E01033719,Colchester 008G,Offender given a drugs possession warning
dfb585ee6e001162ec39e10e8031d75a6a5a9953dbc6e7228778767614d8fd90,2018-12,Essex Police,Essex Police,1.245108,51.834542,On or near Shopping Area,E01021986,Tendring 006B,Investigation complete; no suspect identified
c87d593430f580b9d93bb8e30e9ff3a9cb8bc53454b88853c2154373bb720df8,2018-12,Essex Police,Essex Police,0.415477,51.480182,On or near BATA AVENUE,E01015948,Thurrock 013B,Unable to prosecute suspect
e7d8a9030c3e4c19b57cec7b320de0e6ce5ba17f458aa7ab144d1064f7925219,2018-12,Essex Police,Essex Police,0.552663,51.894372,On or near CHURCH MEADOWS,E01021356,Braintree 007E,Unable to prosecute suspect
f6ad04619df10a3415445ddd35365484985132d2b6ddda94c872f3693fb4b8be,2018-12,Essex Police,Essex Police,0.118846,51.618975,On or near SYLVAN WAY,E01021749,Epping Forest 016A,Investigation complete; no suspect identified
15210d947a427971958a5d5fc0843df87f03a484c2648dfaa1eeeb6fcbc6cfc7,2018-12,Essex Police,Essex Police,0.923749,51.871090,On or near SWALLOWDALE,E01021666,Colchester 016E,Investigation complete; no suspect identified
399cfc422d1315831f3ee7a82c086a2d69319fdcd6e742996259a6483383e9ad,2018-12,Essex Police,Essex Police,0.693478,51.597012,On or near THE LAXTONS,E01021931,Rochford 002E,Investigation complete; no suspect identified
89e8659b3d52cd79e2ba14c731393680e9b54d807a41769e3c329b5114f27a53,2018-12,Essex Police,Essex Police,0.829822,51.757218,On or near ST JOHN'S COURT,E01021910,Maldon 001C,Unable to prosecute suspect
e96fbb3987b498cc4c3f4ea5d815f697d032d16f32eec3af5aee430abba2876a,2018-12,Essex Police,Essex Police,1.280873,51.936948,On or near Supermarket,E01022001,Tendring 001D,Suspect charged
aa61ad467895d9c4e35d22374a6c5579864554b8b8a2ee019f59e9f721abb2af,2018-12,Essex Police,Essex Police,0.283014,51.510418,On or near Supermarket,E01015976,Thurrock 007F,Suspect charged
a220097224a175dcb64c5f3ec95c535273cc746161477102e398d0ce35d569b0,2018-12,Essex Police,Essex Police,0.444071,51.576365,On or near ELDELAND,E01021291,Basildon 016E,Unable to prosecute suspect
582c32815b72001fa9e51411f0b77a9402cbdfd2a08cb7d46afcefe5b67b3542,2018-12,Essex Police,Essex Police,0.551167,51.567601,On or near Supermarket,E01021525,Castle Point 001D,Investigation complete; no suspect identified
7f82c378e36b021562f7e0088cae0b01a912b93acf022807b56f5b4c673cca9a,2018-12,Essex Police,Essex Police,0.906740,51.888726,On or near Sports/Recreation Area,E01021648,Colchester 007C,Investigation complete; no suspect identified
ed21ab3525e38e612c1e71d2055a8bb220ba591db9c6453515ef8d13911f1108,2018-12,Essex Police,Essex Police,0.911139,51.780881,On or near WOODFIELD DRIVE,E01021734,Colchester 021D,Unable to prosecute suspect
6d4175c58316d589b7da9e27bc7c19c025a9e94472f95665a49e8fb8d017ac5e,2018-12,Essex Police,Essex Police,0.552663,51.894372,On or near CHURCH MEADOWS,E01021356,Braintree 007E,Unable to prosecute suspect
8d09f4f00d966b3b3b0a56a798192a68881d0884000c651ffaa53ec2711947de,2018-12,Essex Police,Essex Police,0.799746,51.882301,On or near FOUNDRY LANE,E01021654,Colchester 010A,Investigation complete; no suspect identified
35f135a739ca1b11523e4d4add40248a4d0a66176c94adb7cf87f725b61e5ac2,2018-12,Essex Police,Essex Police,0.722299,51.532744,On or near MARINE PARADE,E01015841,Southend-on-Sea 014C,Unable to prosecute suspect
bba84b2a1924adef0c8f17f181b0b3813930f50c31ce64a76f0981750a8b8dd0,2018-12,Essex Police,Essex Police,0.456959,51.570727,On or near Shopping Area,E01021318,Basildon 015C,Investigation complete; no suspect identified
090737f287b2f792295c5c0e6a7937e502a35268333a0c9349258477faeea0f7,2018-12,Essex Police,Essex Police,0.626279,51.794276,On or near KING EDWARD WAY,E01021423,Braintree 016A,Investigation complete; no suspect identified
40cd488a41bd1add90b4ba43f6ada73c004ceb2b133c9822ebd202cda50ef2a1,2018-12,Essex Police,Essex Police,0.567357,51.885940,On or near ORION WAY,E01021353,Braintree 009B,Investigation complete; no suspect identified
393e5d119c583e1aeaa2f3db8c94fc02b2d75558c2016683161a1e54afd98908,2018-12,Essex Police,Essex Police,0.134244,51.764107,On or near BENTLEY DRIVE,E01021825,Harlow 005B,Unable to prosecute suspect
aa1fed37cbb83e8cbaea893f90ca6339fa95fd7b10b1fd2075e13fb9960eea86,2018-12,Essex Police,Essex Police,0.899199,51.888534,On or near TRINITY STREET,E01021649,Colchester 007D,Unable to prosecute suspect
a09c0f971b131742713845e9f5b6e37be14d4e99880961e6e3e56cd9970d16f5,2018-12,Essex Police,Essex Police,0.444071,51.576365,On or near ELDELAND,E01021291,Basildon 016E,Unable to prosecute suspect
9a4c7f0edaace87736f3a40dc6084f981a7310673477c5738dea60ae1537d726,2018-12,Essex Police,Essex Police,0.534544,51.868918,On or near A120,E01021383,Braintree 010C,Investigation complete; no suspect identified
2a5759f70b327435ab29562a61092354db6974218c801eb1686aa4b75419fd67,2018-12,Essex Police,Essex Police,-0.005991,51.677716,On or near HOWSE ROAD,E01021817,Epping Forest 008E,Unable to prosecute suspect
5526c3327166cf9cd0b04ab073b1af5a8a8cafffb29a02028ce6e96b47d3fada,2018-12,Essex Police,Essex Police,0.283014,51.510418,On or near Supermarket,E01015976,Thurrock 007F,Suspect charged
40533122757af58bf9f6aeeb688f1a6f9f08c6e3125a982e59d730da4e8218d7,2018-12,Essex Police,Essex Police,0.318830,51.479813,On or near HOGG LANE,E01015956,Thurrock 016B,Investigation complete; no suspect identified
362f85806e646ec30045058c0456c692750df06f2739391a2b82db496f4d191e,2018-12,Essex Police,Essex Police,0.899199,51.888534,On or near TRINITY STREET,E01021649,Colchester 007D,Unable to prosecute suspect
b1dc5df665798da22917433591eee2741dadbc93b05d97152aa73f276cd22979,2018-12,Essex Police,Essex Police,-0.005991,51.677716,On or near HOWSE ROAD,E01021817,Epping Forest 008E,Unable to prosecute suspect
56b3656309cdd2976c731afdf8d5102a53a015386dd6f0effbe11ebd6c24ae4d,2018-12,Essex Police,Essex Police,0.995821,51.853078,On or near FURZE CRESCENT,E01021967,Tendring 009A,Investigation complete; no suspect identified
8ffb080e5e30e814c2c33976c99e96886323cf4ef16c61716c7f4cc1a504b312,2018-12,Essex Police,Essex Police,0.669102,51.541099,On or near HILLSIDE CRESCENT,E01015829,Southend-on-Sea 012C,Unable to prosecute suspect
2a3e46b9d2c8a6cc1794bc2dc605e7b96884744f35c3e30628d0702a1bafbf91,2018-12,Essex Police,Essex Police,0.899199,51.888534,On or near TRINITY STREET,E01021649,Colchester 007D,Unable to prosecute suspect
ea568da2aa29e57a5bee000130f506d4919a84241182fc6346f62db33366b1d0,2018-12,Essex Police,Essex Police,0.913086,51.873585,On or near WATERVILLE MEWS,E01021665,Colchester 016D,Unable to prosecute suspect
13077b1debf6d71f8739e4b20ad0b98fe0f4b133a946c6ccddd338a57c71e582,2018-12,Essex Police,Essex Police,0.106661,51.747842,On or near GIBB CROFT,E01021858,Harlow 010B,Unable to prosecute suspect
0ca6746d5bd28a4f9902b4375051cebbca36c638db56a6e251bb3573e047bff3,2018-12,Essex Police,Essex Police,0.719983,51.545398,On or near NORTH AVENUE,E01015898,Southend-on-Sea 010D,Unable to prosecute suspect
8cf28e1e8f59a4eb7446a9b6ef5144134cc9eae5acf9fdaf4b2517e5330cdf6a,2018-12,Essex Police,Essex Police,0.520769,51.624304,On or near SWAN LANE,E01021593,Chelmsford 021A,Investigation complete; no suspect identified
cebe061021c0e86ac325e6ba5e5fc05f3c97dcb7535fa88654f23e849507d54f,2018-12,Essex Police,Essex Police,0.261741,51.889938,On or near Airport/Airfield,E01022090,Uttlesford 006B,Local resolution
20957cf951763f1b92e4a6b715ae0880fec31d5490b5161e1c1cab409ace3177,2018-12,Essex Police,Essex Police,0.899199,51.888534,On or near TRINITY STREET,E01021649,Colchester 007D,Unable to prosecute suspect
bb7f8ffe65cb47342ac9bc5a6545a31aa488a0a9440063c8fd5d351b7367dd7c,2018-12,Essex Police,Essex Police,0.850468,51.915204,On or near SCHOOL LANE,E01021728,Colchester 003B,Unable to prosecute suspect
2ab1a2ce822a99effdd4ac1869996f2f4ff5182389f93e6f49e46f71b478027e,2018-12,Essex Police,Essex Police,0.491982,51.571481,On or near ROSE ACRE,E01021326,Basildon 022D,Investigation complete; no suspect identified
7ea9f50a7ad514307a2953e170c577f75d83a9eee36b9d79bc3c4d9d40caf651,2018-12,Essex Police,Essex Police,1.154883,51.790382,On or near HIGH STREET,E01022025,Tendring 016B,Investigation complete; no suspect identified
296849879c80b98d91b193f49ba6dda160f5221cb33d66137f9a158cb2b8fd71,2018-12,Essex Police,Essex Police,0.722299,51.532744,On or near MARINE PARADE,E01015841,Southend-on-Sea 014C,Unable to prosecute suspect
4af24c0d18aba9ff28259def1cea6a5701259c9637b310c0325d03c6e4d2d764,2018-12,Essex Police,Essex Police,0.288725,51.505324,On or near BANN CLOSE,E01015927,Thurrock 007A,Unable to prosecute suspect
af6210d7faca552eb16546ddbf66971759ad901eda115be9debfdbfb8940c552,2018-12,Essex Police,Essex Police,0.563150,51.523578,On or near ST LUKES CLOSE,E01021503,Castle Point 010D,Unable to prosecute suspect
c95bf917a10bf9c3d8f3df6c56418148bc05d3e874eb2db63d0fc5b9dfe863c1,2018-12,Essex Police,Essex Police,0.288725,51.505324,On or near BANN CLOSE,E01015927,Thurrock 007A,Unable to prosecute suspect
52566cf6512f5689a19702c2df97cf2d852b0f0a3df102bc473b9204e4351a8d,2018-12,Essex Police,Essex Police,0.291703,51.518720,On or near CELANDINE CLOSE,E01015975,Thurrock 006F,Offender given a drugs possession warning
9f14e4bafddcc7347972f1f232a431f4c961639bbce937702e4886e8576e913c,2018-12,Essex Police,Essex Police,0.850468,51.915204,On or near SCHOOL LANE,E01021728,Colchester 003B,Unable to prosecute suspect
49c94afe2701e0c4d182c2be4bd345b8a89118c848e872d4c799c445ce8b7aaa,2018-12,Essex Police,Essex Police,1.239974,51.839865,On or near CHARLOTTE DRIVE,E01021995,Tendring 008C,Unable to prosecute suspect
cdd4f1f081d139bb9f480c396ce473ef7aa8c3ec57d705e32108c5eedd07ceda,2018-12,Essex Police,Essex Police,0.846808,51.890219,On or near KING COEL ROAD,E01021674,Colchester 009B,Suspect charged
de692c121600ee87b3a3d4c6b168049e6807550b6acc310886e278945e33ef2b,2018-12,Essex Police,Essex Police,0.434985,51.514645,On or near KYNOCH COURT,E01015990,Thurrock 003D,Suspect charged
19ea55aeca4c6f4b13fe5ff152e933b89c48420ba625a3bc51615cc47d42e594,2018-12,Essex Police,Essex Police,0.563150,51.523578,On or near ST LUKES CLOSE,E01021503,Castle Point 010D,Unable to prosecute suspect
9d7eaa187f2f19278c3bef1448ff634a92caf8f3030c10602a5fd3570626b222,2018-12,Essex Police,Essex Police,0.408455,51.633210,On or near GORDON CLOSE,E01021246,Basildon 002B,Investigation complete; no suspect identified
eebe31efa9185c05cf8a31a9fac2b6df203559bf105f5a79b95f9d232d03dd5e,2018-12,Essex Police,Essex Police,0.284143,51.486609,On or near Shopping Area,E01016011,Thurrock 015B,Offender given a caution
eebe31efa9185c05cf8a31a9fac2b6df203559bf105f5a79b95f9d232d03dd5e,2018-12,Essex Police,Essex Police,0.284143,51.486609,On or near Shopping Area,E01016011,Thurrock 015B,Offender given a caution
a3818f219be5d0a14e8983945b3b079a5050f061345b250be6ca07c7000b6057,2018-12,Essex Police,Essex Police,0.280632,51.509754,On or near Parking Area,E01015972,Thurrock 006C,Investigation complete; no suspect identified
74eeb5a3c5ad1c025b146d95bc5b6886042c8d558c52cc14bb969695c2629de6,2018-12,Essex Police,Essex Police,0.902706,51.887692,On or near VINEYARD STREET,E01021649,Colchester 007D,Unable to prosecute suspect
5d5fd188d5191825d947b36bd1fbc18333018052f455bfced59b31c6f0b4ad0f,2018-12,Essex Police,Essex Police,0.231669,51.485749,On or near CHIEFTAN DRIVE,E01016014,Thurrock 015E,Investigation complete; no suspect identified
89c0863854367290a89083ba48496e9bf422f52c70e3b411fe6fd8c975837803,2018-12,Essex Police,Essex Police,0.712013,51.538486,On or near Nightclub,E01015852,Southend-on-Sea 015B,Investigation complete; no suspect identified
575fafd46ee2ab3ef5b46273d75e94ae4049f03cc3e8e215d95c48ca43de372a,2018-12,Essex Police,Essex Police,0.301051,51.606587,On or near WELLINGTON PLACE,E01021472,Brentwood 008C,Investigation complete; no suspect identified
7ed244dcdd1c0d6b9857ecb9e62297fc8037f6cb269de1b32da7f0fc64f32e69,2018-12,Essex Police,Essex Police,0.850468,51.915204,On or near SCHOOL LANE,E01021728,Colchester 003B,Unable to prosecute suspect
124745e16d2412957ad103545c42fea14018092d265226065c2cf700d3d4a663,2018-12,Essex Police,Essex Police,0.712013,51.538486,On or near Nightclub,E01015852,Southend-on-Sea 015B,Investigation complete; no suspect identified
bc9f6b6e358f21f558e522d5847a17a93a8faf3cef9099c1afc2be894247b555,2018-12,Essex Police,Essex Police,0.719983,51.545398,On or near NORTH AVENUE,E01015898,Southend-on-Sea 010D,Unable to prosecute suspect
ca14ec2acaf27b4f5d8afdd5a109f901723aa5134e4e3a2a310d5f362d995706,2018-12,Essex Police,Essex Police,0.111088,51.690525,On or near SUNNYSIDE ROAD,E01021758,Epping Forest 006C,Investigation complete; no suspect identified
aab442537876947b54f71eb653b2496731b3170986a19eecfad9bf2186fcbc79,2018-12,Essex Police,Essex Police,0.261741,51.889938,On or near Airport/Airfield,E01022090,Uttlesford 006B,Local resolution
9d7aa0ac34a4e3b109b8272dd4b2371188aa17648f9822bb088ca5f808e9b95e,2018-12,Essex Police,Essex Police,0.293520,51.482298,On or near MAYFLOWER ROAD,E01033610,Thurrock 019B,Investigation complete; no suspect identified
ddf22d4b69e6414b54302d8e4fc81aa18341d6c2c10cb9723043b7ec9d364455,2018-12,Essex Police,Essex Police,0.347654,51.636465,On or near COLET ROAD,E01021451,Brentwood 003D,Investigation complete; no suspect identified
f18926fc7872b510aed80e3284ceb62e1836681b2c176aa644b4ffe8dc2ef172,2018-12,Essex Police,Essex Police,0.489565,51.716431,On or near TYDEMANS,E01021565,Chelmsford 014C,Investigation complete; no suspect identified
3ab78d8b29b6ae515e3581967ebb0e2fc6c878a80a73667351f8e37df664c2c4,2018-12,Essex Police,Essex Police,0.460775,51.569775,On or near Parking Area,E01021318,Basildon 015C,Investigation complete; no suspect identified
d59df1b9412423303288b833b3cbb1b3c4e67fff981b4113de0d005b5dfc6f2e,2018-12,Essex Police,Essex Police,1.262733,51.929403,On or near HALL LANE,E01022006,Tendring 002C,Unable to prosecute suspect
b5bd254f009569cbbc6524679b528076ad17754295c6091be89dd73cac7bcc5d,2018-12,Essex Police,Essex Police,0.472659,51.729252,On or near ORCHARD STREET,E01033140,Chelmsford 010F,Unable to prosecute suspect
d008c7ec019e879ada1032a0ee4f852ccfa4809b0b29c748b6760e1ff3917c9b,2018-12,Essex Police,Essex Police,0.586503,51.866321,On or near LONG GREEN,E01021380,Braintree 012E,Investigation complete; no suspect identified
da14efe6397bb40f37b3bda471c53d8ff3bbf2f36da376fb03bdbaab79043c0d,2018-12,Essex Police,Essex Police,0.937354,51.891014,On or near HAWTHORN AVENUE,E01021696,Colchester 008A,Local resolution
7b0921bd746ff313dfdac745e4e6b70bf169a1ebb237a56c13030420d2962e04,2018-12,Essex Police,Essex Police,0.123237,51.759018,On or near SPENCERS CROFT,E01021821,Harlow 008A,Investigation complete; no suspect identified
a7d29952e5e9d909b450b33303a73f714889048bbb5511922698c18e7e06211e,2018-12,Essex Police,Essex Police,0.685567,51.548107,On or near TINTERN AVENUE,E01015904,Southend-on-Sea 007D,Investigation complete; no suspect identified
7815632c6b655b00915fa98157d2611113dc64e599e6d6971396781796cc3b5c,2018-12,Essex Police,Essex Police,0.361679,51.461709,On or near CALCUTTA ROAD,E01016009,Thurrock 018G,Investigation complete; no suspect identified
540abb9e5e7f677d2a37732d4bdf3f80fbeacf88bcfc93ba2c8ecb6af8f8d8e1,2018-12,Essex Police,Essex Police,0.643021,51.809989,On or near WALNUT DRIVE,E01021420,Braintree 017C,Investigation complete; no suspect identified
80f35e7dc287b9df25473f6e0d9ee95b7c156995d1c1e593d7d635c5beb01b81,2018-12,Essex Police,Essex Police,0.563892,51.876636,On or near ENTERPRISE COURT,E01033458,Braintree 009E,Investigation complete; no suspect identified
099b26c03023b457b38a2614a5eb44f9a7fb580152f4fb891761686971084d4d,2018-12,Essex Police,Essex Police,1.153869,51.789780,On or near Nightclub,E01022025,Tendring 016B,Investigation complete; no suspect identified
2da41f9c2e9b25951eda7ee117ceda72b025393fcf62ac8f716694e18555140f,2018-12,Essex Police,Essex Police,1.152295,51.790083,On or near Shopping Area,E01022025,Tendring 016B,Unable to prosecute suspect
1e8e8d8156bbecd702105d76d508a04cd4cffb447a7201054bd5270668f8b3d4,2018-12,Essex Police,Essex Police,0.437943,51.585369,On or near DOVES MEWS,E01021261,Basildon 010A,Unable to prosecute suspect
eb019f18fcc54eb87a1527edb0600d0ca0cc8004d52158e41196c0a8dc9eca71,2018-12,Essex Police,Essex Police,1.152295,51.790083,On or near Shopping Area,E01022025,Tendring 016B,Unable to prosecute suspect
baedaf0b45ef74dae46cfd0b66610ff8b6bc7dcdda795e431693efeb60d13083,2018-12,Essex Police,Essex Police,0.295907,51.523494,On or near BENYON PATH,E01015971,Thurrock 006B,Unable to prosecute suspect
d4e7428d9a071aff3b34449c9441b9501276235c9af29022bb34c7ee5dfe3cb7,2018-12,Essex Police,Essex Police,0.294099,51.489814,On or near GABRIEL CLOSE,E01015982,Thurrock 019A,Investigation complete; no suspect identified
925be70a058f77717a48c7acad1f60e2bb2346d47d1e281746c2559e4a747768,2018-12,Essex Police,Essex Police,0.584517,51.591009,On or near BROMLEY MEWS,E01021958,Rochford 006D,Unable to prosecute suspect
bf4eb8db339520ca6057928247eb28502e87a98170e70ec31e71b0112d11169d,2018-12,Essex Police,Essex Police,0.669102,51.541099,On or near HILLSIDE CRESCENT,E01015829,Southend-on-Sea 012C,Unable to prosecute suspect
c4eedf3e873ae24e7bf1547ab367e676589e4cd682c90575f365bb5415021318,2018-12,Essex Police,Essex Police,0.726353,51.876201,On or near BRACKS LANE,E01021663,Colchester 010C,Investigation complete; no suspect identified
f9e86d3e7c83d2f45fa7bf6f9cff01bcc143d56ea4d720af0ec7f38ca63590fd,2018-12,Essex Police,Essex Police,0.906419,51.884417,On or near GOLDEN NOBLE HILL,E01021686,Colchester 011D,Unable to prosecute suspect
d1bd5037cc87365da0c14b42f468b3146e1b2b68ca3b8f4181f1983001eadab9,2018-12,Essex Police,Essex Police,0.712855,51.537855,On or near Nightclub,E01015852,Southend-on-Sea 015B,Investigation complete; no suspect identified
e4bbd99e6137d0bf9886a700c60282dc771443811df0426b35daf385ea20c7cd,2018-12,Essex Police,Essex Police,0.086163,51.753837,On or near SOUTHERN LODGE,E01021831,Harlow 007A,Investigation complete; no suspect identified
e050b01275dde8c4f1963877ea0157c95f2473fd22bb37e2d8affc2d7fa184f0,2018-12,Essex Police,Essex Police,0.687432,51.546940,On or near WESTBOROUGH ROAD,E01015902,Southend-on-Sea 007B,Investigation complete; no suspect identified
b6bdc089cf555e6c872b483c9faa8bdefc8e8d01b4aba731c9c08fdccc9723e9,2018-12,Essex Police,Essex Police,1.242172,51.842574,On or near AVOCET CLOSE,E01021996,Tendring 008D,Action to be taken by another organisation
f47a2bee20ec0ee1ac9bca9e2d6ee769ff96a3f0d837a8bf0cc50e588911fba6,2018-12,Essex Police,Essex Police,1.153869,51.789780,On or near Nightclub,E01022025,Tendring 016B,Investigation complete; no suspect identified
f13414a0715867eb85e8c319fd1bded49325c0abd64588390e8b3ad3d81b9e6d,2018-12,Essex Police,Essex Police,0.584110,51.858774,On or near WRIGHT'S AVENUE,E01021380,Braintree 012E,Investigation complete; no suspect identified
09007d39de5b86b64b145381c87a1e8c5c60973c1baf69548e8a909115d1a551,2018-12,Essex Police,Essex Police,1.260534,51.935391,On or near ROSEBANK,E01022007,Tendring 002D,Unable to prosecute suspect
4745aa8abdb631a208f453361524f902a3c041cba468906c3898278d4603df74,2018-12,Essex Police,Essex Police,1.149490,51.790419,On or near ROSEMARY ROAD WEST,E01022026,Tendring 016C,Unable to prosecute suspect
dd8ab146202bbdf0c54c192ecff0d1946c880b33e8bd59d3bc78684d75a3ca8b,2018-12,Essex Police,Essex Police,0.437943,51.585369,On or near DOVES MEWS,E01021261,Basildon 010A,Unable to prosecute suspect
2696637762a5dc44f2399e1ee3f1501cb21fb541bebfba1e8d292cf9c02625ab,2018-12,Essex Police,Essex Police,0.479587,51.579199,On or near ROYDON BRIDGE,E01021267,Basildon 012B,Investigation complete; no suspect identified
4dcd04876cf550f0a562c50fe4e66eae8e81a9732198288c464de12fa0b51f1b,2018-12,Essex Police,Essex Police,1.153869,51.789780,On or near Nightclub,E01022025,Tendring 016B,Investigation complete; no suspect identified
eda97535964fb1e2f5f74f382de30a485c01200397e244c9b29b427ef3836e01,2018-12,Essex Police,Essex Police,0.616318,51.590898,On or near BYFORD ROAD,E01021960,Rochford 005D,Unable to prosecute suspect
a4519404c7e6949b6dc0afa558ce5b42d25408fb6d2536ee9ff5a08d29560006,2018-12,Essex Police,Essex Police,1.153869,51.789780,On or near Nightclub,E01022025,Tendring 016B,Investigation complete; no suspect identified
9d5d174150472e662302cac32f98c023c02d025e099e45c2b274d9b4d682ff2e,2018-12,Essex Police,Essex Police,0.489170,51.721628,On or near Petrol Station,E01021564,Chelmsford 013D,Suspect charged
f72aed5ac65b1bd2bf7903fc87c3de2c8782d67cbb8859b34d792fa89eda3465,2018-12,Essex Police,Essex Police,0.241853,51.714711,On or near QUEENSWAY,E01021802,Epping Forest 004D,Offender given a caution
df4c275af65ddeb3c466f51416c54f6550933976aa02950b26bca1d9b40cb33b,2018-12,Essex Police,Essex Police,0.092811,51.774150,On or near Supermarket,E01021843,Harlow 004E,Local resolution
337120faa6e20cb0c745228f338ac3ced69404ab935897616bbc98ac6dcb63d3,2018-12,Essex Police,Essex Police,0.514754,51.569098,On or near HALSTOW WAY,E01021313,Basildon 018A,Unable to prosecute suspect
328cfa07e81a0b0102a261bca685f5957829a14729aff3d4dceea53e92a3fa4b,2018-12,Essex Police,Essex Police,0.521183,51.610419,On or near WICK DRIVE,E01021331,Basildon 008A,Investigation complete; no suspect identified
f80d4f5de372279c90ba3b4c73369bb4827c26263653698bb7cb67117a84fbed,2018-12,Essex Police,Essex Police,0.497597,51.564914,On or near GORDONS,E01021317,Basildon 018E,Unable to prosecute suspect
127e206463316e3bac89e532ec39382e0c89b48da61552de2a205f81675210e5,2018-12,Essex Police,Essex Police,0.616318,51.590898,On or near BYFORD ROAD,E01021960,Rochford 005D,Unable to prosecute suspect
a0a793667f0dbaa8a0e3edf9b38b1dd5c32ee114d56f447ae46536634aaf5dc8,2018-12,Essex Police,Essex Police,0.683039,51.728682,On or near WANTZ CHASE,E01021890,Maldon 004B,Investigation complete; no suspect identified
b5b56aaee26309b58805fc45e7d3925e492728da88fa715134ae393c295be7b4,2018-12,Essex Police,Essex Police,0.514754,51.569098,On or near HALSTOW WAY,E01021313,Basildon 018A,Unable to prosecute suspect
e332a7b8ede7140fce2b34418881421a39fb3b9f024790933a61388238f265f5,2018-12,Essex Police,Essex Police,0.921912,51.874571,On or near LITTLEBURY GARDENS,E01021664,Colchester 016C,Local resolution
5b8647d4591574e54976950e9b9fa75193318f467d65d7e56f3239d75ec496ed,2018-12,Essex Police,Essex Police,0.118031,51.753060,On or near CLOVER FIELD,E01021837,Harlow 008E,Investigation complete; no suspect identified
ef253fbc9e26d18c1207ac09d3bf6cf842af6bf141cc04858cf1b33806230872,2018-12,Essex Police,Essex Police,0.241853,51.714711,On or near QUEENSWAY,E01021802,Epping Forest 004D,Unable to prosecute suspect
c2f4de5571079a2595f72d670e976450d1dbee400b7d1279662c54cc9f50b77b,2018-12,Essex Police,Essex Police,0.091060,51.767940,On or near Pedestrian Subway,E01021872,Harlow 007E,Investigation complete; no suspect identified
a1e048084652f07dd54d9a8c72f964f624c7bc430eca8fd7b6ef94275918a725,2018-12,Essex Police,Essex Police,0.648786,51.570734,On or near THE RODINGS,E01015838,Southend-on-Sea 001F,Investigation complete; no suspect identified
c2601a41328df61c6183b357652b1662ef08922775215d1b7705c24ef6ffca1c,2018-12,Essex Police,Essex Police,0.445592,51.745881,On or near PINES ROAD,E01021598,Chelmsford 003C,Investigation complete; no suspect identified
7ab3fdfcde0dc5fc8209df3d28d23ea7e5793296823b1ac013916b3ea72abf9a,2018-12,Essex Police,Essex Police,0.671866,51.719485,On or near SUNBURY WAY,E01021897,Maldon 005E,Investigation complete; no suspect identified
2dbcfb08525d64be76ae4f41786764a16659d409c9af4670a3502a66fa1325d0,2018-12,Essex Police,Essex Police,0.422520,51.728660,On or near WELL FIELD,E01021634,Chelmsford 011D,Unable to prosecute suspect
a11cfdf6f0355d4937fe6fd0da179ec7c723c2e69ea9376e57772e56e97c3e51,2018-12,Essex Police,Essex Police,0.720578,51.533386,On or near LUCY ROAD,E01015841,Southend-on-Sea 014C,Unable to prosecute suspect
74dc12c4fb5afe99b9c5b2d9300f8171c27ec215a6c98876570d0c1e5f6d4a9d,2018-12,Essex Police,Essex Police,0.710811,51.534764,On or near CLIFTON MEWS,E01015852,Southend-on-Sea 015B,Unable to prosecute suspect
144eb3cc6703b150f7dd3aa87f5265affcf0b9415cb0224fa7f8912ff1456f03,2018-12,Essex Police,Essex Police,0.546112,51.612705,On or near ALICIA WALK,E01021340,Basildon 007C,Unable to prosecute suspect
4edd4c9f45bac0afaa60537954a9c123009e6eacfa78c93ad265309d3ffdf7c4,2018-12,Essex Police,Essex Police,0.459707,51.571362,On or near NORTH GUNNELS,E01021318,Basildon 015C,Further investigation is not in the public interest
30aedbf56d19ad9072b6f070708fbeeeb563da26d07a8f18458d63f540ce3468,2018-12,Essex Police,Essex Police,0.604033,51.584615,On or near CASTLE CLOSE,E01021966,Rochford 008F,Investigation complete; no suspect identified
17b31a515c5f7acaf8bbddccb06cf47a4870e2ac5a3a5dee82bb98ebdd94ad5a,2018-12,Essex Police,Essex Police,0.546112,51.612705,On or near ALICIA WALK,E01021340,Basildon 007C,Unable to prosecute suspect
443b51c760f2b38103a6f42f12a227041cecca4e4c27e14658a0e51dd0a5336f,2018-12,Essex Police,Essex Police,0.810547,51.902153,On or near FIDDLERS FOLLY,E01021730,Colchester 003D,Unable to prosecute suspect
40078fb147eaec4bd36bfeb12d626c33ad30fdd6e8983153c8989e624eba5d80,2018-12,Essex Police,Essex Police,0.374718,51.462740,On or near WORDSWORTH CLOSE,E01016005,Thurrock 018C,Unable to prosecute suspect
748569047267d2de24007ea03a6d1686cbdbc732d6ac74b51f6dc108e61c8b91,2018-12,Essex Police,Essex Police,0.546112,51.612705,On or near ALICIA WALK,E01021340,Basildon 007C,Unable to prosecute suspect
e6632d5a484e5d3d7248155cf076f1990b5ff70054d219e076f9c716f5bd8a92,2018-12,Essex Police,Essex Police,0.546112,51.612705,On or near ALICIA WALK,E01021340,Basildon 007C,Unable to prosecute suspect
2093180b15f4534af59d268d7a680543df78786f0818e7a654d6ecafadfbc162,2018-12,Essex Police,Essex Police,0.546112,51.612705,On or near ALICIA WALK,E01021340,Basildon 007C,Unable to prosecute suspect
0ae3a10a946b801eff100b7e50aefa418f4cfd560a1ce6c13cf6b7abbd4be74b,2018-12,Essex Police,Essex Police,0.612844,51.552492,On or near OAK ROAD NORTH,E01021518,Castle Point 006B,Offender given a drugs possession warning
1daacb2fada3ced6b9f3e2457aeb5423161d3029448515d7eb789c27d7397b41,2018-12,Essex Police,Essex Police,0.687432,51.546940,On or near WESTBOROUGH ROAD,E01015902,Southend-on-Sea 007B,Investigation complete; no suspect identified
9092edce876e193e529d9f51d885db34d3734f89330d74aa8e528b9847152eab,2018-12,Essex Police,Essex Police,0.507528,51.582005,On or near BURLINGTON COURT,E01021308,Basildon 011D,Unable to prosecute suspect
60736de822be84ccdec7667c0d8c6d12b2ddbea69457325b9579297ba097e0ce,2018-12,Essex Police,Essex Police,0.082897,51.648143,On or near VERE ROAD,E01021776,Epping Forest 011C,Investigation complete; no suspect identified
17fca9328aa3db7ef4bcdef164eddbd0f628f674be14b794ecf3b0404c66feca,2018-12,Essex Police,Essex Police,0.507528,51.582005,On or near BURLINGTON COURT,E01021308,Basildon 011D,Unable to prosecute suspect
691a7823083eac88ba5f2338e8270fa6c9e9ed7e04524389ffd32dfe1b963d83,2018-12,Essex Police,Essex Police,0.261741,51.889938,On or near Airport/Airfield,E01022090,Uttlesford 006B,Local resolution
7477d14dd503fcc7a4546abf72777eb3f5a0e3e2371e535cfb8b8d2078b915da,2018-12,Essex Police,Essex Police,0.507528,51.582005,On or near BURLINGTON COURT,E01021308,Basildon 011D,Unable to prosecute suspect
d304504b938a8b1f2a9929c20044689cb3f0849e8e7745f6942e196f5de02831,2018-12,Essex Police,Essex Police,0.507528,51.582005,On or near BURLINGTON COURT,E01021308,Basildon 011D,Unable to prosecute suspect
130e99a6d705f0c56442eacae754a56b6d9e0cca0b41adf80f02ffad10968598,2018-12,Essex Police,Essex Police,0.895335,51.889691,On or near BALKERNE GARDENS,E01021646,Colchester 007A,Unable to prosecute suspect
878032750bf21021595924cfffc3ce8c663aaf0ced227958c103ee7cd2779eed,2018-12,Essex Police,Essex Police,0.500879,51.590268,On or near Cricketers Retail Park,E01021307,Basildon 011C,Investigation complete; no suspect identified
945d3047fefccd3313ab5a0e5a1d2bf833bacdd7dcb4dca47a6adbfc76522937,2018-12,Essex Police,Essex Police,0.472257,51.733569,On or near Shopping Area,E01033141,Chelmsford 010G,Investigation complete; no suspect identified
4b4fe9e423d096604caf4f1cbc3179e5ac088ae14e161dad569eecd7c66f4781,2018-12,Essex Police,Essex Police,0.067905,51.645252,On or near ALDERTON HALL LANE,E01021772,Epping Forest 013B,Unable to prosecute suspect
5ecd37204e56f4268825b7ba87ad6924ed7866af4c40b2b0d6e52907b63aa936,2018-12,Essex Police,Essex Police,0.460282,51.576674,On or near LANDERMERE,E01021319,Basildon 017E,Unable to prosecute suspect
39df0fb9bca13abecf10b97af5e341bdd67b4a924b0662bfecaa15dfd23f4e72,2018-12,Essex Police,Essex Police,0.503773,51.578308,On or near MALYONS,E01021302,Basildon 013B,Unable to prosecute suspect
eac0532956c2b9fe9f1ccf0e97f6bb372b539d4de5f2509a800ee32a0b789bb6,2018-12,Essex Police,Essex Police,0.474561,51.566922,On or near CHURCH ROAD,E01021295,Basildon 020B,Unable to prosecute suspect
ef77e4737b13203aaec65052602ced24369388cef6c313e96c4ecd6d69adee0d,2018-12,Essex Police,Essex Police,0.490060,51.568249,On or near LUNCIES ROAD,E01021327,Basildon 019E,Offender given a drugs possession warning
fca22aae786458ce6cf94183748b3ca664d1544d3e83c04b0cbf4e17f2e34100,2018-12,Essex Police,Essex Police,0.574078,51.877421,On or near MARKS GARDENS,E01021369,Braintree 012D,Action to be taken by another organisation
9624cb0226c476276e8066c61a9ac950abcc11d5f07ffd397ff66fa3076ce342,2018-12,Essex Police,Essex Police,0.473830,51.736629,On or near Chelmsford Police Station,E01033141,Chelmsford 010G,Local resolution
3e4d5a2e3ca2cc8c5007e41d1292cbd2774f59c8a7aa1f1e6aa12ef833d6d1d1,2018-12,Essex Police,Essex Police,0.932424,51.887396,On or near FOREST ROAD,E01033722,Colchester 008H,Action to be taken by another organisation
4ec481a66f633136bc34e3df75d7f6bb74fb65dbeef7714a0e403f12d15cedb8,2018-12,Essex Police,Essex Police,0.574078,51.877421,On or near MARKS GARDENS,E01021369,Braintree 012D,Action to be taken by another organisation
21e40cf611272e4bef5f8e6b4bd01914c23f8a11a52c176d5c68b959c256e379,2018-12,Essex Police,Essex Police,0.590821,51.580249,On or near PENDOWER,E01021963,Rochford 008D,Investigation complete; no suspect identified
a76a0d6f3c2ddf13cde03d6cf38a2560395079ef61dee672227a805a78ed9505,2018-12,Essex Police,Essex Police,0.667456,51.543286,On or near Supermarket,E01015829,Southend-on-Sea 012C,Investigation complete; no suspect identified
05770e7a0bf4cfb57f772541b7225a9768d4a7269c5bcf5ef937c31b1bd70308,2018-12,Essex Police,Essex Police,0.681360,51.556036,On or near WESTBOURNE GROVE,E01015858,Southend-on-Sea 004B,Investigation complete; no suspect identified
9b5f5ca40c2047242ec9f694502975ed5a9225426a4c27f2d8bc4aaa31da4810,2018-12,Essex Police,Essex Police,0.488594,51.714041,On or near Supermarket,E01021565,Chelmsford 014C,Investigation complete; no suspect identified
2f380fde6a7b0427e2f9b8ea3ea27f06b1c9da09e3cf09055ce2089dcac279f0,2018-12,Essex Police,Essex Police,0.937354,51.891014,On or near HAWTHORN AVENUE,E01021696,Colchester 008A,Suspect charged
8c28a547a4e9f5495db65ab7f2e66419f8f7e2b05e3241a57a39488c429f3af2,2018-12,Essex Police,Essex Police,0.295639,51.522744,On or near CANTERBURY PARADE,E01015971,Thurrock 006B,Investigation complete; no suspect identified
1838b353fd939278fe55122b4c669d3c9087a828d93c1ae80547ef1d3b960806,2018-12,Essex Police,Essex Police,0.689093,51.553827,On or near Hospital,E01015858,Southend-on-Sea 004B,Investigation complete; no suspect identified
4cbccb89b6790b193d660a6eaec96095df7054f39f8b87b549227706440f45c0,2018-12,Essex Police,Essex Police,0.232047,51.482568,On or near HIGH STREET,E01016014,Thurrock 015E,Investigation complete; no suspect identified
0f7a3039278ac05d3437a38aad336b48bd891c12153ada0436c46fe1baca2fd1,2018-12,Essex Police,Essex Police,0.924353,51.898740,On or near WILSON MARRIAGE ROAD,E01021703,Colchester 022E,Offender given a drugs possession warning
77d881d3ef476f3ae4b980d4c834393d2f49979658216085ec771056c39d9168,2018-12,Essex Police,Essex Police,0.295907,51.523494,On or near BENYON PATH,E01015971,Thurrock 006B,Investigation complete; no suspect identified
12bee76ea7854c31c7e7fc009d531bacccd1e912f5db3ab3e12e7665cbb06138,2018-12,Essex Police,Essex Police,0.898584,51.898397,On or near BLOYES MEWS,E01021647,Colchester 007B,Suspect charged
c6f43dff0d11016de5926bbe8161e703395a828f9dab61fdf2b984b0b6f6cfe3,2018-12,Essex Police,Essex Police,0.488594,51.714041,On or near Supermarket,E01021565,Chelmsford 014C,Investigation complete; no suspect identified
27190f0994e90f21787f9fa469594422bc538ea99dfad91ef524c22fbcace1a6,2018-12,Essex Police,Essex Police,0.542308,51.567380,On or near LONDON ROAD,E01021312,Basildon 011F,Suspect charged
7907e26ff33fa540a7f657a3ab469d1beb8b2cbc1e29cdcfa8b028059127bf06,2018-12,Essex Police,Essex Police,0.932822,51.891064,On or near ELM CRESCENT,E01021699,Colchester 008D,Investigation complete; no suspect identified
b857c8a67d30247dd854a5801903143d199d7fc33401b8cf6e7ea521a1546f59,2018-12,Essex Police,Essex Police,0.590821,51.580249,On or near PENDOWER,E01021963,Rochford 008D,Offender given a caution
01de565dba60f70ff5d7278d7c98bd1d95ccc0866b02c8e3ba3df2b5928a44f4,2018-12,Essex Police,Essex Police,1.007245,51.935889,On or near Sports/Recreation Area,E01022013,Tendring 003B,Unable to prosecute suspect
9811db76b8e06579e8295d01e1c574a5c00a8051519c921de458a5bc66fc46f2,2018-12,Essex Police,Essex Police,0.115272,51.774611,On or near Parking Area,E01021844,Harlow 002A,Unable to prosecute suspect
43c4b98330215b0882e2ce71cc10409cd5303c413454827029482f5a3325f792,2018-12,Essex Police,Essex Police,0.468148,51.728322,On or near ANCHOR STREET,E01021582,Chelmsford 010D,Investigation complete; no suspect identified
63d0c2044eda5e8711567ab5b7e1302078c8b9c8abe5915c409048ec6a1c239f,2018-12,Essex Police,Essex Police,1.148970,51.786278,On or near TOWER ROAD,E01022025,Tendring 016B,Unable to prosecute suspect
8dcaef7b21560a3d76d51c15146ab5df8c51a56c6da6f0adb3ad7441e2b6e6d0,2018-12,Essex Police,Essex Police,0.926682,51.894320,On or near Supermarket,E01021704,Colchester 022F,Investigation complete; no suspect identified
23e19769e1af4a124e2f530d0713784a071cc15fd415d47400a8b02732a01b83,2018-12,Essex Police,Essex Police,1.255425,51.932151,On or near BLACKTHORN ROAD,E01022006,Tendring 002C,Unable to prosecute suspect
082f39e5a729d2eaa5a9838327ed0462ca11cacdf33edad0f31161b8475451a3,2018-12,Essex Police,Essex Police,0.926682,51.894320,On or near Supermarket,E01021704,Colchester 022F,Investigation complete; no suspect identified
d8f214e639dfd2745b0685d35a82f2f8dba267d357e30028826722da290eb324,2018-12,Essex Police,Essex Police,0.590484,51.514676,On or near LEIGH ROAD,E01021499,Castle Point 011C,Unable to prosecute suspect
f67643997dcf49e1cc2487e89ff0d3194eacde4ac4908ee69c3a33fe03d16a34,2018-12,Essex Police,Essex Police,0.486217,51.559454,On or near LONDON ROAD,E01021311,Basildon 022C,Suspect charged
d2434b6f55fdf1a19764bd6767f581bfe0227910a8186b48d70fa7dd089d3a40,2018-12,Essex Police,Essex Police,0.346423,51.578458,On or near SOUTHEND ARTERIAL ROAD,E01021446,Brentwood 009B,Investigation complete; no suspect identified
b31cf8049c0328ced6f79f48c2345db86db3df33ef68586cbf4f0fe77bafd083,2018-12,Essex Police,Essex Police,0.572558,51.887697,On or near COLLINGWOOD CLOSE,E01021349,Braintree 007A,Suspect charged
c517b1dc6dbe30ef92533c9a6563a160d79d9096cb3bcc078c7abd22c0e17464,2018-12,Essex Police,Essex Police,0.466253,51.737400,On or near Parking Area,E01021574,Chelmsford 010A,Unable to prosecute suspect
f3f164d13a838572a0916bbafe5ab9f7520071cbc8e3c951604957a9796ca3aa,2018-12,Essex Police,Essex Police,0.556455,51.679246,On or near PEASE PLACE,E01021535,Chelmsford 016B,Unable to prosecute suspect
efe6722d623f0f558bae60d5385052646d97ead01f7c9fd696f38e80243e1dc2,2018-12,Essex Police,Essex Police,0.466253,51.737400,On or near Parking Area,E01021574,Chelmsford 010A,Unable to prosecute suspect
7c37e31da89247d1839e6e1c71e5833cceb4e7f2d813163927b2e5d80748a116,2018-12,Essex Police,Essex Police,0.116365,51.619667,On or near INGLEBY GARDENS,E01021749,Epping Forest 016A,Unable to prosecute suspect
29c41ece74632dd332b6450302b8f02a9fab3c0291e6ae0d70b80f1ba103101f,2018-12,Essex Police,Essex Police,0.596017,51.650103,On or near BURNHAM ROAD,E01021614,Chelmsford 019D,Offender given penalty notice
3fc80bbd21eb776f2e18c4ead6b5a72e5828ccd416b456ed54b25a6d1887caf3,2018-12,Essex Police,Essex Police,0.701379,51.543022,On or near CLIFF AVENUE,E01015896,Southend-on-Sea 010B,Investigation complete; no suspect identified
73114a99ed54b92583fa7f61a44efb454afcf37d11fbe2e9d63f7af2f21285af,2018-12,Essex Police,Essex Police,0.415477,51.480182,On or near BATA AVENUE,E01015948,Thurrock 013B,Suspect charged
ca5ea8c36935b79ca9b863ea61018cd154bb59430d3425492aa6a4ba9ec915a2,2018-12,Essex Police,Essex Police,0.596017,51.650103,On or near BURNHAM ROAD,E01021614,Chelmsford 019D,Offender given a caution
59478f676e25bb15c093438de2a80f431789c93e344bb6a91853305c6b2887a2,2018-12,Essex Police,Essex Police,0.123993,51.781603,On or near STACKFIELD,E01021848,Harlow 002E,Investigation complete; no suspect identified
24f8709e8f447c2721b87d2f29f0613e96555bd3898f639636b49f72657728e0,2018-12,Essex Police,Essex Police,0.261741,51.889938,On or near Airport/Airfield,E01022090,Uttlesford 006B,Local resolution
a63f5f8b4188c5dc8bd0d4d22bf250068ab8f5e2e4fac91a28768eec730a8416,2018-12,Essex Police,Essex Police,0.489565,51.716431,On or near TYDEMANS,E01021565,Chelmsford 014C,Investigation complete; no suspect identified
d9327a5fbcfa40d684c8f18d55f6c86db2c0e5928669ac1c02ed9918f0add242,2018-12,Essex Police,Essex Police,0.307564,51.635327,On or near Parking Area,E01021465,Brentwood 005D,Investigation complete; no suspect identified
57742e53842200f1a8802e641856833daf1190bfe2af5cfa797c36e3bed6ea94,2018-12,Essex Police,Essex Police,0.091752,51.751867,On or near PINCEYBROOK ROAD,E01021859,Harlow 010C,Suspect charged
eb9c22e44b527b1357796d7dfb06ae400ef4a96ec95fc6162e8dbf16061b8221,2018-12,Essex Police,Essex Police,0.367415,51.864271,On or near DAVID WRIGHT CLOSE,E01022068,Uttlesford 007C,Suspect charged
d872b7562a9e0a7130d531191c38ab36807e0cf514909a13d06b0e4eb378875b,2018-12,Essex Police,Essex Police,0.712013,51.538486,On or near Nightclub,E01015852,Southend-on-Sea 015B,Suspect charged
1df34072548c71efb602bc0c491d9931d12a0f94c1f570ab3a458021db3ec507,2018-12,Essex Police,Essex Police,0.336223,51.488722,On or near Supermarket,E01015960,Thurrock 014A,Unable to prosecute suspect
db7538b42052e0d615b3d657f05d95b0fee4b650b6aea14f8339d0e1ac39e63e,2018-12,Essex Police,Essex Police,0.698300,51.546321,On or near WESTBOROUGH ROAD,E01015862,Southend-on-Sea 004F,Investigation complete; no suspect identified
151e444297c037e0e55e94f9829a96869b3482b3b510fbcb1ea718d7c3412386,2018-12,Essex Police,Essex Police,0.258173,51.868632,On or near DUNMOW ROAD,E01022091,Uttlesford 006C,Unable to prosecute suspect
12f676f9d7446929a2eeb36a88d859c698248d2bfc098f2c11389b230c536ee0,2018-12,Essex Police,Essex Police,0.484710,51.722424,On or near GOODWIN CLOSE,E01033137,Chelmsford 014F,Investigation complete; no suspect identified
0f06044d5e2d84b0da6f1d866ae742acaedb71ae4cd10093e17a2a05a698d215,2018-12,Essex Police,Essex Police,0.502231,51.579393,On or near FELMORES,E01021302,Basildon 013B,Investigation complete; no suspect identified
3173bc2baf15e767d966644bcb71db6b6d3628b95f793d63bfcdf7632b0885e7,2018-12,Essex Police,Essex Police,0.354930,51.503420,On or near BAKER STREET,E01015977,Thurrock 004A,Investigation complete; no suspect identified
38952c77b261b3bbadca73e352130f99070e54e46e4fd584fa30dd8503a4d566,2018-12,Essex Police,Essex Police,0.326939,51.490561,On or near LODGE LANE,E01015960,Thurrock 014A,Unable to prosecute suspect
235be191ac714e62bd89cfeb8789d40747597873085eff0c1bdd8bcbe734f04b,2018-12,Essex Police,Essex Police,0.271749,51.612122,On or near WINGRAVE CRESCENT,E01021468,Brentwood 006D,Investigation complete; no suspect identified
9796182d159ecc97f50644b89f09dc27fc49d02bec2f5a61ecccf609e04d8dc2,2018-12,Essex Police,Essex Police,-0.000617,51.723189,On or near Park/Open Space,E01021793,Epping Forest 002C,Investigation complete; no suspect identified
120d9787ff0945ae8b9113b35f35fab55d5284a3916b1be138841e5eb833d59c,2018-12,Essex Police,Essex Police,0.054924,51.650030,On or near HABGOOD ROAD,E01021791,Epping Forest 012F,Investigation complete; no suspect identified
6f5d8703477c25ac8f1a16fdee11dd93ef7e70527f7e48350113c48374dde33d,2018-12,Essex Police,Essex Police,0.905184,51.896589,On or near Theatre/Concert Hall,E01021647,Colchester 007B,Investigation complete; no suspect identified
a017ccfb2012614debaf7b4e94f8352b022fcf78ecc4e01c99d7981f10c28363,2018-12,Essex Police,Essex Police,1.060285,51.945575,On or near STATION ROAD,E01022020,Tendring 003F,Investigation complete; no suspect identified
8d6d8e498e83b0699bdc111f8e3920192c1118a4f63962f6316f341f97da5f20,2018-12,Essex Police,Essex Police,0.717086,51.575926,On or near ROSE WAY,E01021956,Rochford 007E,Investigation complete; no suspect identified
ea662abde1501bdec49970f5193e0eafb9eb087fd846387aeacb4b330ba4ce39,2018-12,Essex Police,Essex Police,0.289087,51.515417,On or near AYRON ROAD,E01015973,Thurrock 006D,Investigation complete; no suspect identified
b812b6d69832775630fd22be4784317a348910c8d2d39eda2d7033ad354a561e,2018-12,Essex Police,Essex Police,0.713791,51.540730,On or near CHICHESTER ROAD,E01015895,Southend-on-Sea 010A,Unable to prosecute suspect
f496c33e09f917dfa0175c7afcc45977a23b7adb88657311080d1303fc27a92f,2018-12,Essex Police,Essex Police,0.253167,51.499907,On or near CHICHESTER CLOSE,E01015926,Thurrock 008E,Investigation complete; no suspect identified
2ac98ba9954fac93d6651ee3412e6fb4386ce3fbb4899d3341b00af2b7738677,2018-12,Essex Police,Essex Police,0.713791,51.540730,On or near CHICHESTER ROAD,E01015895,Southend-on-Sea 010A,Unable to prosecute suspect
570d486cce3aeb4906a52083a8b9de0c993e2076a9ab548591bf1834a1eed88f,2018-12,Essex Police,Essex Police,0.697357,51.539166,On or near ST HELEN'S ROAD,E01015856,Southend-on-Sea 015F,Investigation complete; no suspect identified
06554b23bcc9b712e8a08ceb04fc1118ef3d4852e639a541472b82a24b547ddf,2018-12,Essex Police,Essex Police,1.125676,51.797126,On or near WRITTLE CLOSE,E01022030,Tendring 015C,Unable to prosecute suspect
331a27bc1582542084e7e405ffe22b94c7f7708f50baa9d77da999b8bd8c02f7,2018-12,Essex Police,Essex Police,0.570012,51.870072,On or near Shopping Area,E01021368,Braintree 011A,Unable to prosecute suspect
30e73809109d49cf8e2bd422621397702be2fb32269dccbbb2cd054bc88cd543,2018-12,Essex Police,Essex Police,0.651533,51.942969,On or near FENN ROAD,E01021388,Braintree 004B,Investigation complete; no suspect identified
93ac61ff83428ffca1757a8573f89bc905ca13eb9b76f5c0256eaa005dadb0c7,2018-12,Essex Police,Essex Police,0.690997,51.542100,On or near CRANLEY ROAD,E01015831,Southend-on-Sea 012E,Investigation complete; no suspect identified
343f45949539ef2a05702188795144078e4bbc6db10085c4866964033619b6d6,2018-12,Essex Police,Essex Police,0.677916,51.550944,On or near SOUTHBOURNE GROVE,E01015905,Southend-on-Sea 007E,Investigation complete; no suspect identified
2fea8404d2a75b64efd3cc9f1fb8d73e6be02239dff277550e84174bbbf54f1c,2018-12,Essex Police,Essex Police,0.699259,51.544734,On or near RAYLEIGH AVENUE,E01015900,Southend-on-Sea 010F,Investigation complete; no suspect identified
9b1af30b57a56abe905548d2b044793d4bd2081e083d8835ed326e76867422c8,2018-12,Essex Police,Essex Police,0.534136,51.883882,On or near WARNER DRIVE,E01021358,Braintree 008C,Investigation complete; no suspect identified
6fcc873f79d6010880f0381de60eaff3b73f39ed5dac9e0e6b6af63efe11ac6b,2018-12,Essex Police,Essex Police,0.281624,51.507981,On or near DENT CLOSE,E01015929,Thurrock 007C,Investigation complete; no suspect identified
bffcab4136752a64df15cd74c5c324ff0d143708623b2a8587982f5cc3d03a6a,2018-12,Essex Police,Essex Police,0.455025,51.557871,On or near FOBBING FARM CLOSE,E01021297,Basildon 020D,Local resolution
d4baa16ec95634c28ce8df4808c348d255991325e6b8c9c2f2f52883576c371f,2018-12,Essex Police,Essex Police,0.510671,51.566487,On or near HOWARD CRESCENT,E01021316,Basildon 018D,Investigation complete; no suspect identified
ad898288b0a030c25282520e0d1e83645fd9334a7cc7d0c599f90dc81c52144c,2018-12,Essex Police,Essex Police,0.696993,51.544706,On or near WEST ROAD,E01015900,Southend-on-Sea 010F,Investigation complete; no suspect identified
b6ce865af09ae22d62b66294f7044655a98fdb0f48ab5a748488084be9daccd3,2018-12,Essex Police,Essex Police,0.371175,51.484647,On or near FELICIA WAY,E01015934,Thurrock 012B,Investigation complete; no suspect identified
ad4aa5db0439fbd8235453617e38e2579686ba1bfe0f91bff95438235f7834e2,2018-12,Essex Police,Essex Police,0.248247,51.496845,On or near MYRTLE GROVE,E01015922,Thurrock 008A,Investigation complete; no suspect identified
a6885b3cbe7ab6403b5967578bba09482509cb092facf841efe4c850a0ff716b,2018-12,Essex Police,Essex Police,0.588448,51.594637,On or near RONALD DRIVE,E01021957,Rochford 006C,Investigation complete; no suspect identified
bbe53c06cc41def30dd96de74e4aa53f0ddfdde60c021c13b804609ebfd9fdbe,2018-12,Essex Police,Essex Police,0.384238,51.671565,On or near BAKERS LANE,E01021458,Brentwood 002B,Investigation complete; no suspect identified
95fd1503b298367d302b481b76126c1aef8e282b2668140d96aa83a91bc77e14,2018-12,Essex Police,Essex Police,0.195260,51.629927,On or near Park/Open Space,E01021800,Epping Forest 003C,Investigation complete; no suspect identified
38b7abb528c15e9c47216a8333320f9f44f1a7871a2d90361b09f9b8b89b73da,2018-12,Essex Police,Essex Police,0.228900,51.913505,On or near SAUNDERS CLOSE,E01022063,Uttlesford 005B,Unable to prosecute suspect
5e56c96be9e11e60bd832f22e6e0f86e55f5649c7209e57d63afbf84322c9a4d,2018-12,Essex Police,Essex Police,0.761926,51.535118,On or near FERMOY ROAD,E01015890,Southend-on-Sea 016B,Investigation complete; no suspect identified
e4bc094cc20c9bf56171b54f44d3f7113d8163833d050a25a31533397babedef,2018-12,Essex Police,Essex Police,0.244622,51.705144,On or near Supermarket,E01021753,Epping Forest 004A,Unable to prosecute suspect
aa6b02e5a7a05488f73c7b464583fc2f391ef439c81b77223c4dd78557349500,2018-12,Essex Police,Essex Police,-0.000232,51.686619,On or near Police Station,E01021818,Epping Forest 009C,Investigation complete; no suspect identified
83d11b10af00a2b00e64afe636cf66123b822deb7f4fa5dfea6ee1173c076dcf,2018-12,Essex Police,Essex Police,0.933752,51.880797,On or near TRIUMPH CLOSE,E01033719,Colchester 008G,Investigation complete; no suspect identified
3203bfa2fa9aaa47685a01d86b5c794e1959d24f4e9a33b2c9d20cc4e822076e,2018-12,Essex Police,Essex Police,0.856991,51.847522,On or near NEW CUT,E01021644,Colchester 019B,Unable to prosecute suspect
585ee5902270679c9a08a664a8d1bc1befe0636d687842a563d7a7fca23911dd,2018-12,Essex Police,Essex Police,0.506961,51.745891,On or near CUTON HALL LANE,E01021544,Chelmsford 008A,Investigation complete; no suspect identified
a92aa573f0e72fa1003326f1933a786608790ef47dcf16edee49bd59dbfa36cf,2018-12,Essex Police,Essex Police,0.699450,51.564030,On or near ALTON GARDENS,E01015867,Southend-on-Sea 002E,Unable to prosecute suspect
f53b2cb05c020affedb07abbece58bf7219ee079ef8f7c57f147c763738e8325,2018-12,Essex Police,Essex Police,0.464005,51.575589,On or near HONEYPOT LANE,E01021266,Basildon 015A,Investigation complete; no suspect identified
485f7c5f88a4390d6e702410a436e73438decc4a5cee407ea3c221ab59d7f04f,2018-12,Essex Police,Essex Police,0.557949,51.564504,On or near LEA ROAD,E01021478,Castle Point 003C,Action to be taken by another organisation
d40e49b493501b27d4e2a0054854d06beb3e5f07753fd5e5f582cdd3885f3582,2018-12,Essex Police,Essex Police,0.701205,51.537899,On or near AVENUE TERRACE,E01015856,Southend-on-Sea 015F,Investigation complete; no suspect identified
ed36f48d914e93bb29f96d60c64c9aeaf12c1c07ebd2c982f692c53a8cf516e5,2018-12,Essex Police,Essex Police,0.027258,51.692173,On or near AMESBURY,E01021814,Epping Forest 007C,Action to be taken by another organisation
a74a15a466f7c97017368e6ab2fbeffbae91e95fc7e374ba32f9a38d46d52106,2018-12,Essex Police,Essex Police,0.322355,51.479168,On or near Grays Police Station,E01015956,Thurrock 016B,Suspect charged
cbae6e47c065a6e650e58caf322f71b7587dfc1344ddd5c5420b02d9cef99535,2018-12,Essex Police,Essex Police,0.700356,51.538414,On or near MILTON ROAD,E01015856,Southend-on-Sea 015F,Investigation complete; no suspect identified
e2d8a7cd0e9c56300114f35f378dc6060a21baa0358a6ab1c711fe8bdfd341b2,2018-12,Essex Police,Essex Police,,,No location,,,Unable to prosecute suspect
8c5586e3b95e7a27d10cb099b08fa00b3c06cd026a2e8e7b78e6a4862082b20a,2018-12,Essex Police,Essex Police,0.282270,51.475629,On or near FOX MANOR WAY,E01016012,Thurrock 015C,Investigation complete; no suspect identified
02d5a96c11e1aed48b344d01435145ff44b8370a4b7a58923cd9de592348865d,2018-12,Essex Police,Essex Police,0.463491,51.677564,On or near Petrol Station,E01033143,Chelmsford 018E,Unable to prosecute suspect
d8c94f1192a93089d932035ac3639fa9843019a133f1e9939638598bb99c4d7f,2018-12,Essex Police,Essex Police,0.299140,51.484068,On or near MAUNDER CLOSE,E01015982,Thurrock 019A,Unable to prosecute suspect
5d17083930130f9777c79e3703e972c3d4998bb5959df7f60fec6923a64016e5,2018-12,Essex Police,Essex Police,1.260534,51.935391,On or near ROSEBANK,E01022007,Tendring 002D,Unable to prosecute suspect
22397ba31375932db61b071af653931c70aaf85af89103aa09baf0baa62918c3,2018-12,Essex Police,Essex Police,0.907575,51.864054,On or near STANSTED ROAD,E01021638,Colchester 018B,Investigation complete; no suspect identified
7885c12e7b2005fe8c8cdd0df08a1ef855894d61cd66e691f07cfeb3ddcfe64f,2018-12,Essex Police,Essex Police,0.547602,51.572490,On or near GLEBELANDS,E01021516,Castle Point 003D,Investigation complete; no suspect identified
f36ff19aaf679d8a0f15f12062ecf434b6c8d258864941d53d595050ae95eda3,2018-12,Essex Police,Essex Police,0.884495,51.866367,On or near BARONSWOOD WAY,E01033723,Colchester 015G,Investigation complete; no suspect identified
d7820873ef8a08e6f0bdb58bbe31d3bfa0a9a2adac858e7edfc3764c677a24ec,2018-12,Essex Police,Essex Police,0.227039,51.662736,On or near Park/Open Space,E01021443,Brentwood 001C,Investigation complete; no suspect identified
5b5c8c17235ebac554d52c348f08b5d2e5401ea61d8719481a9bf984fc0b6fd1,2018-12,Essex Police,Essex Police,0.518719,51.613134,On or near MARKET ROAD,E01021329,Basildon 006B,Investigation complete; no suspect identified
c7b620cd248e5b49c5b72351d39ddc056eded075d31a5290ffc3cbeb7e66582a,2018-12,Essex Police,Essex Police,1.142390,51.798641,On or near PATHFIELDS ROAD,E01022022,Tendring 013D,Unable to prosecute suspect
4de95656a658782e25e31ccf53d8ffde2acc1940244f9eb95509cc3fd38af231,2018-12,Essex Police,Essex Police,0.717404,51.535043,On or near CHANCELLOR ROAD,E01015852,Southend-on-Sea 015B,Investigation complete; no suspect identified
603f31c3fd5db1c0783cb497a0ffc63c5b151d56b8baf29bfe8fa4a54cd24587,2018-12,Essex Police,Essex Police,0.465424,51.774576,On or near Hospital,E01021542,Chelmsford 002A,Investigation complete; no suspect identified
36b98d2b4402fc3052d48a337ee44e85c7a26544a2b4b370d5a7540ed009fbf6,2018-12,Essex Police,Essex Police,0.393815,51.504377,On or near WHITMORE CLOSE,E01015979,Thurrock 004C,Investigation complete; no suspect identified
b480ae1703f5f802ec6d8209210b5a7d31955e9abe0b6c1760328a222f715b3b,2018-12,Essex Police,Essex Police,0.482106,51.723783,On or near WALLACE CRESCENT,E01021577,Chelmsford 012B,Investigation complete; no suspect identified
2c21244369344460fda7906427d984c8bab6b2f1697794b55f8643d0cd2aa42f,2018-12,Essex Police,Essex Police,0.331654,51.473137,On or near FALCON AVENUE,E01015952,Thurrock 017B,Unable to prosecute suspect
b877bfea7c6eb879e2e65ca1dae13c039707e1999f97b2402d491b066c798920,2018-12,Essex Police,Essex Police,1.091387,51.940507,On or near HARWICH ROAD,E01022021,Tendring 003G,Unable to prosecute suspect
44563112dc6b71ca0e854d05ed8295692b8d3ca89e60292ccab982981e1e2b37,2018-12,Essex Police,Essex Police,0.757686,51.878439,On or near MOTT'S LANE,E01021677,Colchester 010D,Investigation complete; no suspect identified
375c38111e84d8bd28e5b7d58ae919c175c9841deaf2647e628c029583bd9e8c,2018-12,Essex Police,Essex Police,0.289279,51.506591,On or near BROXBURN DRIVE,E01015931,Thurrock 007E,Investigation complete; no suspect identified
3840f712bb9080083a58b07742cf9510ff5b68e51403268701a0a9c8bbd06819,2018-12,Essex Police,Essex Police,0.934239,51.929962,On or near LODGE LANE,E01021655,Colchester 001A,Unable to prosecute suspect
443c1fa0152186b8a8a56edeec5f0502d0532ab0b56584ea6157ae42f14a0c66,2018-12,Essex Police,Essex Police,0.609026,51.582058,On or near RANDWAY,E01021966,Rochford 008F,Unable to prosecute suspect
acb42e4e9921e402e376f8af28eca1bb274b835e22625c4b068026be08c715d6,2018-12,Essex Police,Essex Police,0.480675,51.564454,On or near PITSEAVILLE GROVE,E01021324,Basildon 019C,Unable to prosecute suspect
e74460cde6410ae2a0d2807896c4cdf4296bf2b82144569158a43cf07bb54eb5,2018-12,Essex Police,Essex Police,0.338120,51.542391,On or near HARROW ROAD,E01015978,Thurrock 004B,Unable to prosecute suspect
ab729d59eb12d642b6d3c7bdc878a34b1e7255019afbac19a975520d657669cd,2018-12,Essex Police,Essex Police,0.492044,51.569439,On or near ELSENHAM MEWS,E01021326,Basildon 022D,Investigation complete; no suspect identified
e2af387bd2d23930ccb3333fd72dfa67bc9bb2867184e5014d43db57c0e989d0,2018-12,Essex Police,Essex Police,0.595841,51.776678,On or near MARINA ROAD,E01021394,Braintree 018B,Investigation complete; no suspect identified
7f1ba2e2658ff948646448efbf4794adc017b98e5fa82925597ce824ef0a00aa,2018-12,Essex Police,Essex Police,0.500859,51.717252,On or near Supermarket,E01021560,Chelmsford 013B,Investigation complete; no suspect identified
672dbdd4a853b84e7f34e229eb0546fa0fd969ebc6fa2da85ba22526c75b6a79,2018-12,Essex Police,Essex Police,0.463490,51.569268,On or near Supermarket,E01021318,Basildon 015C,Suspect charged
a32314f6ec9ce4ffc6991322bc1727a4fdd21514e45a331a05824bf137a8218e,2018-12,Essex Police,Essex Police,0.009745,51.685523,On or near Sports/Recreation Area,E01021813,Epping Forest 007B,Local resolution
c29a4683e46004bb9ce1522d8bcd427d6d3caac70b0643d5e2c2024b0aa3a7ef,2018-12,Essex Police,Essex Police,0.840960,51.757804,On or near CRESCENT ROAD,E01021908,Maldon 001A,Unable to prosecute suspect
eb2dff4f135f12eaec80f6b9457a40db4d27877b8459909de448c9cc842f8d6b,2018-12,Essex Police,Essex Police,0.171766,51.846222,On or near PORT LANE,E01022060,Uttlesford 009B,Investigation complete; no suspect identified
23c31aebddd1ffb77f7770ceb9e5be6ea4760d0fe2b98d501fc053ceba4682d8,2018-12,Essex Police,Essex Police,0.934239,51.929962,On or near LODGE LANE,E01021655,Colchester 001A,Unable to prosecute suspect
821a0f78f099f0b889be4e345b6a9021ada252abc057f7798313056e7c1e817b,2018-12,Essex Police,Essex Police,0.719983,51.545398,On or near NORTH AVENUE,E01015898,Southend-on-Sea 010D,Unable to prosecute suspect
0a71b867819bd00db1a837fb8cc752e1f968e1135655213eea0f2a357be1e311,2018-12,Essex Police,Essex Police,1.148499,51.810323,On or near RAYCLIFF AVENUE,E01022044,Tendring 013E,Unable to prosecute suspect
766944345a04c09d727e04964054e6d3744c2e133451e8fe1f386d6d5a60843c,2018-12,Essex Police,Essex Police,0.701155,51.546310,On or near AVEBURY ROAD,E01015900,Southend-on-Sea 010F,Unable to prosecute suspect
3959d6daa24c1e7e4353f90fef6fc151fdff0ffe44764d68b58fc0ac0c960678,2018-12,Essex Police,Essex Police,0.105212,51.689857,On or near Sports/Recreation Area,E01021759,Epping Forest 006D,Investigation complete; no suspect identified
ad53152ff0fb58c119d5b8d6070333526d077299b471f7e2f6728a1394d0f7b4,2018-12,Essex Police,Essex Police,0.693976,51.539541,On or near HAMLET COURT ROAD,E01015855,Southend-on-Sea 015E,Unable to prosecute suspect
53849f5f6aa013df699bc4149c7886341925095e8a40c98b8b57b332db4082af,2018-12,Essex Police,Essex Police,0.480435,51.733729,On or near Parking Area,E01033141,Chelmsford 010G,Investigation complete; no suspect identified
929bb39bd63a4f107b8e71da8188ea2796545a4ad8f4917f4c0532f6bb2db1ac,2018-12,Essex Police,Essex Police,0.718806,51.543087,On or near SWANAGE ROAD,E01015844,Southend-on-Sea 014F,Investigation complete; no suspect identified
4b0b931fc62b8034edf644e9142a9385f1da2f48bba4f9f620957aa3e9bd04c1,2018-12,Essex Police,Essex Police,0.889018,51.866445,On or near BERECHURCH ROAD,E01033723,Colchester 015G,Investigation complete; no suspect identified
41ab10370824c8d39d965e50642455f49ecbd0a2c42b6214231f4f51020064cb,2018-12,Essex Police,Essex Police,0.444115,51.572875,On or near BOYTONS,E01021291,Basildon 016E,Unable to prosecute suspect
ea43dca44752a13cbdd17bf7da4f0235e954308da6b78404fbbcc4f4fbe39599,2018-12,Essex Police,Essex Police,0.893010,51.885404,On or near ALEXANDRA TERRACE,E01021651,Colchester 013A,Action to be taken by another organisation
0b8ae7eb94045d6c3ee511662edb0a32603438bf6debc59508fe41cd90ee6d11,2018-12,Essex Police,Essex Police,,,No location,,,Unable to prosecute suspect
f869047ff6425a3bb4a7fd89700de4f51047d8be01ff38fc97c68c678f869dde,2018-12,Essex Police,Essex Police,0.476751,51.622840,On or near RAMSDEN PARK ROAD,E01021264,Basildon 006A,Investigation complete; no suspect identified
869fa9d3c03f35289b9120b3cfed6d9b6b37b53c7263acbc1b086e41fbfdaff1,2018-12,Essex Police,Essex Police,0.312040,51.478256,On or near PARKER ROAD,E01015955,Thurrock 016A,Unable to prosecute suspect
6748eb3c2c27d8dab33127a29be8bc8544b54c5a5a0efa2db1de070d24f424c4,2018-12,Essex Police,Essex Police,0.495881,51.732790,On or near Shopping Area,E01021547,Chelmsford 008D,Investigation complete; no suspect identified
76a69e590e62d7c515d98707b305e3d68230dd4c3f2384f8018173aa02a67a87,2018-12,Essex Police,Essex Police,0.610694,51.580699,On or near HARDWICK CLOSE,E01021966,Rochford 008F,Investigation complete; no suspect identified
5ff4762f2be7104dca4b6c2daf3f9321debf173d42926a7af49d568d3f599fca,2018-12,Essex Police,Essex Police,0.450954,51.728241,On or near DELAMERE ROAD,E01021631,Chelmsford 009E,Investigation complete; no suspect identified
e1c87ab8ed67ed2c479b4300f830e72b69114f6b4544036e86953b142bb90a72,2018-12,Essex Police,Essex Police,0.509668,51.610360,On or near DEIRDRE CLOSE,E01021332,Basildon 006D,Investigation complete; no suspect identified
0b2c4e1d17e71aebb5cc8a530f49ce5865d031a4709add1b65792afc9e7aa291,2018-12,Essex Police,Essex Police,0.324544,51.475203,On or near HAWKES CLOSE,E01015954,Thurrock 017D,Unable to prosecute suspect
4990de4b8756c072b04d33bea6a216bcbe243d9cf13f2395c0b2369278f83cf9,2018-12,Essex Police,Essex Police,0.472987,51.734470,On or near NEW STREET,E01033140,Chelmsford 010F,Investigation complete; no suspect identified
22d4533f450d842a449f7b32b60660df2b0438c2ab61acf9870d08b510ac7f46,2018-12,Essex Police,Essex Police,0.870752,51.869788,On or near DANIELL DRIVE,E01021711,Colchester 015A,Unable to prosecute suspect
561655bf574c59bd150a2dbc81b6b916e1a1599444dd983ab2311358e1dcda07,2018-12,Essex Police,Essex Police,0.125080,51.783750,On or near BROMLEY CLOSE,E01021848,Harlow 002E,Investigation complete; no suspect identified
6bf8cb64252a2156c07857bf5bbb23b00727807bd84c771c5eac756edf78214c,2018-12,Essex Police,Essex Police,0.446568,51.574479,On or near UPPER MAYNE,E01021293,Basildon 017C,Unable to prosecute suspect
7283f505e0a0668863ff1601646a040bcab600f57dd31ada320d6f28975eef5d,2018-12,Essex Police,Essex Police,0.347654,51.636465,On or near COLET ROAD,E01021451,Brentwood 003D,Investigation complete; no suspect identified
bb4e16fbf4a44667b0780de0be77033199e7370a7dafb9eef846219e9896c70e,2018-12,Essex Police,Essex Police,0.379818,51.672212,On or near STEEN CLOSE,E01021457,Brentwood 002A,Unable to prosecute suspect
ce51952c4e7cb15d8f1d7ae2b034c547a754320f9a4f3b405f8eb6cdd47ba1c6,2018-12,Essex Police,Essex Police,0.264850,51.609036,On or near Petrol Station,E01021468,Brentwood 006D,Investigation complete; no suspect identified
dd7d559c326346cf89c8f314b6a84e9645a9eed742bccc9006e624e966650893,2018-12,Essex Police,Essex Police,0.074812,51.657549,On or near COTEFORD CLOSE,E01021788,Epping Forest 012C,Investigation complete; no suspect identified
e6e7d996c292d5057398e7e2494caf905280b409c0e9eb6f926c6a88d747b3ea,2018-12,Essex Police,Essex Police,0.528225,51.617570,On or near RUNWELL ROAD,E01021334,Basildon 005A,Investigation complete; no suspect identified
0c3c1545476f96c095016da1a6e06556c6364e34b3d90c6e391542f5da7eb357,2018-12,Essex Police,Essex Police,0.446568,51.574479,On or near UPPER MAYNE,E01021293,Basildon 017C,Unable to prosecute suspect
60ce622d612f1eee36f0a1ee4e559d774b3ab2584237e866183bb5904c1438ab,2018-12,Essex Police,Essex Police,0.422293,51.512866,On or near RUNNYMEDE ROAD,E01015989,Thurrock 005A,Investigation complete; no suspect identified
004bc21a7f82e0bb4238301491b3a2b97df3f7156a41c897da793ed690be9985,2018-12,Essex Police,Essex Police,0.619119,51.517341,On or near SPRINGFIELD ROAD,E01021491,Castle Point 012C,Unable to prosecute suspect
fd1ba8779bc0bf98038cef3d2486a5b904d6301518325fc3520fa69f013e6cda,2018-12,Essex Police,Essex Police,0.516632,51.608826,On or near FARNES AVENUE,E01021329,Basildon 006B,Investigation complete; no suspect identified
a69e2714a26f9a05cfb644f03dd48e035f571a404537735409d7ba7354deb2df,2018-12,Essex Police,Essex Police,0.677916,51.550944,On or near SOUTHBOURNE GROVE,E01015905,Southend-on-Sea 007E,Action to be taken by another organisation
13147f2dc96ad5027e79dc781b957d88257dc75cd69ca421dbebd2dcac591a6a,2018-12,Essex Police,Essex Police,0.870752,51.869788,On or near DANIELL DRIVE,E01021711,Colchester 015A,Unable to prosecute suspect
6867adc571af32f87191a18990634156fbab11167cd8366176e504b4923b61a8,2018-12,Essex Police,Essex Police,1.149490,51.790419,On or near ROSEMARY ROAD WEST,E01022026,Tendring 016C,Investigation complete; no suspect identified
fe12f40a70cb015fa8a7a3dcf65bc5b971cd985e866438f26b7da232247b7669,2018-12,Essex Police,Essex Police,0.484654,51.736715,On or near Prison,E01021627,Chelmsford 010E,Action to be taken by another organisation
8b5507ff50bb94e42a94c7b8cec34eef751adf2cd76105af5d6a8399e553411d,2018-12,Essex Police,Essex Police,0.671866,51.719485,On or near SUNBURY WAY,E01021897,Maldon 005E,Unable to prosecute suspect
bf5cbcb05bb6afc6da3e185df2a8f6bf04f857a6113de75de7c7df4ef7ed442b,2018-12,Essex Police,Essex Police,0.446568,51.574479,On or near UPPER MAYNE,E01021293,Basildon 017C,Unable to prosecute suspect
cbac8d70b5eb6e22ee1b910f338bda4caae3c28e45030c535449f750c6d27f0b,2018-12,Essex Police,Essex Police,0.934089,51.887084,On or near CHASE COURT,E01021700,Colchester 008E,Unable to prosecute suspect
85cc83061da1bb4ae6192c729d5bdd8af46ba776a3985e4855560d3c74aeadc7,2018-12,Essex Police,Essex Police,1.154305,51.793321,On or near STATION ROAD,E01022027,Tendring 016D,Local resolution
d02a91ccfd3259aecb8fe74b662b75260fd3e7c92fc7b34a7f29fda26cdee4e6,2018-12,Essex Police,Essex Police,0.459686,51.749040,On or near MERLIN PLACE,E01021576,Chelmsford 006A,Unable to prosecute suspect
ef8cc2d99fc55e2a8eb4f1d0f0c5afecad24f3ee9c88366c8d21ab83cb166b59,2018-12,Essex Police,Essex Police,0.459410,51.568814,On or near SOUTHERNHAY,E01021318,Basildon 015C,Suspect charged
ae5258bf82e0f2fbe06ceefeba571bf4e93e20dfe6e17debe5f5f5217c4dedea,2018-12,Essex Police,Essex Police,1.260534,51.935391,On or near ROSEBANK,E01022007,Tendring 002D,Unable to prosecute suspect
b68cfa61b34f1e402e197f561299400d009bcca64fed995a59adc510300ecdf4,2018-12,Essex Police,Essex Police,1.060285,51.945575,On or near STATION ROAD,E01022020,Tendring 003F,Investigation complete; no suspect identified
36043357a8f0e96aa02a2a35c4a5c028c3fa46f88dd66d89bd6d6f68a46ded12,2018-12,Essex Police,Essex Police,1.260534,51.935391,On or near ROSEBANK,E01022007,Tendring 002D,Unable to prosecute suspect
93ca6bf67d94b93e8788685ddfbdc17760a9ddd6100a0efd9980fdee8cb3c414,2018-12,Essex Police,Essex Police,0.099011,51.752817,On or near SOUTHERN WAY,E01021858,Harlow 010B,Investigation complete; no suspect identified
fff4737298a674fab0d0972fb5e0a5e7b761bef8574696d34e1eb0fb4c864434,2018-12,Essex Police,Essex Police,0.916549,51.890938,On or near HAROLD COLLINS PLACE,E01021648,Colchester 007C,Investigation complete; no suspect identified
1e92088d4f6d9f8cfc48b9b568429fcc01c98731237e879edb42ee2614d6d6c7,2018-12,Essex Police,Essex Police,1.154305,51.793321,On or near STATION ROAD,E01022027,Tendring 016D,Local resolution
f8add8f3e211d3866bc7a87e959c30a17d6d69b8e2c7448d45f0957d506fa805,2018-12,Essex Police,Essex Police,0.283452,51.501596,On or near CORVE LANE,E01015929,Thurrock 007C,Investigation complete; no suspect identified
bf0bd8c94e9ddb614d3ebc6fc351006ba9bfa14655f3d7d5eb0eb9988527e505,2018-12,Essex Police,Essex Police,0.502915,51.565583,On or near BURNS AVENUE,E01021316,Basildon 018D,Investigation complete; no suspect identified
4d7777b7c3700e07e06e1d949ae5c2fa491f251c0e0a2eca1278544302c01a2d,2018-12,Essex Police,Essex Police,0.477311,51.732761,On or near HIGH BRIDGE ROAD,E01033140,Chelmsford 010F,Investigation complete; no suspect identified
ae1200482b7a1a84804e81945244de2fb84fd4341575efd5ac12b1f8d637db40,2018-12,Essex Police,Essex Police,0.451069,51.733050,On or near ASHFORD ROAD,E01021632,Chelmsford 011B,Investigation complete; no suspect identified
523abb149310e2bee55de9f0f2d2df3e96a164b34abddc4f2478e62c07e7b4b9,2018-12,Essex Police,Essex Police,0.545516,51.757293,On or near WALKFARES,E01021536,Chelmsford 005A,Investigation complete; no suspect identified
c4b65bd3caa1ed035e963ff1c078b4eec375462b6bfadd67c2eddfada8827562,2018-12,Essex Police,Essex Police,1.153536,51.806194,On or near ELM GROVE,E01022044,Tendring 013E,Unable to prosecute suspect
dfcdb3750a24bf627722cc29aacb1e19e2700ac162d1115182f4870649b48be2,2018-12,Essex Police,Essex Police,0.548082,51.878913,On or near Supermarket,E01021365,Braintree 009D,Investigation complete; no suspect identified
82b6752cadb823a29c41c82cbc8c5c046d76121e30cf2b98d926ff5a056eb15a,2018-12,Essex Police,Essex Police,0.865458,51.880655,On or near Supermarket,E01021693,Colchester 014E,Investigation complete; no suspect identified
b0cb57ea9ec363d39e11981571b3c5017c7bea701f10f592e64332ee0976879a,2018-12,Essex Police,Essex Police,1.146064,51.799109,On or near MELBOURNE ROAD,E01022022,Tendring 013D,Investigation complete; no suspect identified
ec457640bef8abc3257621049f609a22be2cb40990a69e13f2e15210d1359904,2018-12,Essex Police,Essex Police,0.743522,51.548501,On or near CHAINGATE AVENUE,E01015887,Southend-on-Sea 009E,Unable to prosecute suspect
dd0059d4af2c3febe56ba2201826d4ecd773f5b9c0281dc7cfd1f01f76204afb,2018-12,Essex Police,Essex Police,0.092766,51.779753,On or near FIFTH AVENUE ALLENDE AVENUE,E01021853,Harlow 003E,Unable to prosecute suspect
d744d15284e71eaf8af38637071cb3f052e1c0e3dcb901b58ef495489f9f0ec1,2018-12,Essex Police,Essex Police,0.319222,51.491793,On or near HOGG LANE,E01015957,Thurrock 009A,Unable to prosecute suspect
cdb83fe9570d16480fafe1a3c1b879d61638ade7e73288cb8c05d1c53b000c56,2018-12,Essex Police,Essex Police,0.671866,51.719485,On or near SUNBURY WAY,E01021897,Maldon 005E,Unable to prosecute suspect
a247b0f7d9b366926b69a5757695978d4bd8e6fc9b815a210ac5df4a44931524,2018-12,Essex Police,Essex Police,0.121022,51.755650,On or near SPINNING WHEEL MEAD,E01021835,Harlow 008C,Unable to prosecute suspect
d65f5339f678a62fb6ff5170a6a8450c2ecfe39b43b22f5a97c34f85faa08116,2018-12,Essex Police,Essex Police,0.237904,51.487177,On or near WATER LANE,E01016013,Thurrock 015D,Investigation complete; no suspect identified
57b43ec55145057c74395f90630411c369f39b8bbcbd70a119a382722fe35e5c,2018-12,Essex Police,Essex Police,0.798472,51.879337,On or near ALLENDALE DRIVE,E01021654,Colchester 010A,Unable to prosecute suspect
6801092f2786be31276b12b2092e660f7ddb0ea0f8b47972406c6e969ebc8aac,2018-12,Essex Police,Essex Police,0.261741,51.889938,On or near Airport/Airfield,E01022090,Uttlesford 006B,Investigation complete; no suspect identified
f6eb39ed37266c1d1479624f253aade85ccb72587049aa54345dd69d802a7ae1,2018-12,Essex Police,Essex Police,0.455025,51.557871,On or near FOBBING FARM CLOSE,E01021297,Basildon 020D,Unable to prosecute suspect
6852ab318dca83cf82fd9f9d36d8a0d7b71123b19283f400edec511d695139d2,2018-12,Essex Police,Essex Police,0.925258,51.882241,On or near HESPER ROAD,E01021685,Colchester 011C,Investigation complete; no suspect identified
202992549318c7808521bd8cbdec17c909b345bbad8ef0fa0110bcdcaf6820b5,2018-12,Essex Police,Essex Police,0.068637,51.663224,On or near CAMPIONS,E01021788,Epping Forest 012C,Investigation complete; no suspect identified
ac0cbc6eb3565f250cc06a935801bc87877997f35b022151d4eb0993a3ad6a60,2018-12,Essex Police,Essex Police,0.305190,51.622145,On or near Nightclub,E01021433,Brentwood 007A,Investigation complete; no suspect identified
9cbc7a7c23934595f2a080aab8b8648adac13b5e6134bc1db790caad9661ad53,2018-12,Essex Police,Essex Police,0.696453,51.835693,On or near THORNE ROAD,E01021401,Braintree 014D,Unable to prosecute suspect
930bb2cbc3fd9a32a81fbf4dbad81caa8b3476313db89653449ed8c73960d0cf,2018-12,Essex Police,Essex Police,0.957494,51.855065,On or near BATH STREET,E01021738,Colchester 017C,Unable to prosecute suspect
bc3b23f8b97c14ea9c9464a414a5344af162d444692101b73a1624d8400765eb,2018-12,Essex Police,Essex Police,1.254082,51.931289,On or near WILLOW WAY,E01022006,Tendring 002C,Unable to prosecute suspect
f80918e49a7ab1400581836304b79e650047cf65715b9f5f1e6d34a27b61990d,2018-12,Essex Police,Essex Police,0.102693,51.771572,On or near Sports/Recreation Area,E01021849,Harlow 003A,Investigation complete; no suspect identified
21e037b7075b30902c6849e8afc39987fc9006c12fe67c1df511eed650b21aba,2018-12,Essex Police,Essex Police,0.567412,51.519635,On or near Petrol Station,E01021501,Castle Point 011D,Investigation complete; no suspect identified
acbbbae1fa8521b514373d99b433676e9fedfdcd6e52d29e27b337a6709f31f4,2018-12,Essex Police,Essex Police,0.283452,51.501596,On or near CORVE LANE,E01015929,Thurrock 007C,Investigation complete; no suspect identified
9ae6200187789be80344ceb6fd059d902a1a2f67f876eb0a56d07cbacb1b3067,2018-12,Essex Police,Essex Police,0.113251,51.699983,On or near STAR LANE,E01021757,Epping Forest 006B,Investigation complete; no suspect identified
231294ded8f591f09febe8559ece9a8d2fab139ca5fb5db68ef33f03c7dd2ea9,2018-12,Essex Police,Essex Police,1.257809,51.933128,On or near Supermarket,E01022006,Tendring 002C,Suspect charged
847b93c99d4dd39109c96e9fc94d6f6b209bb67c20e7b6a18de3468ac686bcb2,2018-12,Essex Police,Essex Police,0.700619,51.927544,On or near THE GROVE,E01021410,Braintree 006E,Unable to prosecute suspect
1172f98b43de33b767cb632be0bf8c11a31c20cc07a9877d7a58de634ee07980,2018-12,Essex Police,Essex Police,1.142149,51.793296,On or near Shopping Area,E01021968,Tendring 017A,Unable to prosecute suspect
263252913dc59ae09d134022d1335dfc80cb5986c88bce7096e5a588bc5c78e2,2018-12,Essex Police,Essex Police,1.142149,51.793296,On or near Shopping Area,E01021968,Tendring 017A,Unable to prosecute suspect
feec3a762bcb532477e5dee34fe8ec56e06f8e9858f50bfbe211e0b94f20d6fe,2018-12,Essex Police,Essex Police,0.327036,51.475783,On or near THE RETREAT,E01015952,Thurrock 017B,Unable to prosecute suspect
6c09dbdec989dbf27617a324e47594ccfd61bf122959c61d28ea71f8eddb28f2,2018-12,Essex Police,Essex Police,0.886549,51.877343,On or near MENIN ROAD,E01021717,Colchester 013D,Unable to prosecute suspect
34ecab8f2a00a0fe688232c94793d91df3ca22c249c7b963b2362b5f1099a30d,2018-12,Essex Police,Essex Police,0.871978,51.872384,On or near ANGLIA CLOSE,E01021711,Colchester 015A,Unable to prosecute suspect
002dfa941906fd8ab4271e8a16e67cc3b68b07d3f2480cf37113aa22944f9231,2018-12,Essex Police,Essex Police,0.466467,51.747989,On or near BORDA CLOSE,E01021591,Chelmsford 002E,Offender given a drugs possession warning
b9a7589e783c34fa77852da52d65191171125c6d9377a01176af8609c238a3e1,2018-12,Essex Police,Essex Police,0.309324,51.812828,On or near Parking Area,E01022096,Uttlesford 009D,Investigation complete; no suspect identified
7b576db593b4de0a9cfeb0f58705f28b169a3e908affbe786703a081a495c33f,2018-12,Essex Police,Essex Police,0.039012,51.765015,On or near WOODREDON CLOSE,E01021801,Epping Forest 002E,Investigation complete; no suspect identified
349506fcc8af1b92afe1c603d2760c3398f33e8b6d42c658999e27b03e9f794d,2018-12,Essex Police,Essex Police,0.484709,51.570961,On or near SOUTH RIDING,E01021322,Basildon 019A,Investigation complete; no suspect identified
dc0d868462079b1ee90c6c114168f2c79498ed8fd942ca43fdaa59aa0b693955,2018-12,Essex Police,Essex Police,0.472257,51.733569,On or near Shopping Area,E01033141,Chelmsford 010G,Investigation complete; no suspect identified
fcd15dada7debba45023e04c20045942830f72948ecc7391757fa7ed4fcc2a0d,2018-12,Essex Police,Essex Police,0.132685,51.783909,On or near OAKWOOD MEWS,E01021855,Harlow 001B,Unable to prosecute suspect
0bdea243a7ca2e8b6b7877e1be52cb1f3521d64a8d62338417072452d6d039aa,2018-12,Essex Police,Essex Police,0.463590,51.579932,On or near GHYLLGROVE CLOSE,E01021268,Basildon 015B,Unable to prosecute suspect
c4b53a5337d7dcec2c7227006a56405b436f5a5854894a691e973a414ab1e199,2018-12,Essex Police,Essex Police,0.781177,51.531560,On or near CHELMER WAY,E01015917,Southend-on-Sea 017D,Unable to prosecute suspect
f7a5ac3aefa216f9e9f74c51fa1c2858a613c91d3d48db21618277e8c5488add,2018-12,Essex Police,Essex Police,0.264850,51.609036,On or near Petrol Station,E01021468,Brentwood 006D,Further investigation is not in the public interest
fb51202f07a5614edf24e71b223fc2e964d72d3f99ece1a6b91ddd72b2ac4c9b,2018-12,Essex Police,Essex Police,0.428103,51.731504,On or near ST JOHN'S ROAD,E01021633,Chelmsford 011C,Investigation complete; no suspect identified
856fde5bfca2967ba8a4e25e1a7296babcc667ab197765be8fa4dff11a39c209,2018-12,Essex Police,Essex Police,0.252335,51.505525,On or near MONNOW ROAD,E01015923,Thurrock 008B,Investigation complete; no suspect identified
c93094547ea73f14e0edf1d291e552d1c4bfa4688244fae1075be0cbe1c12048,2018-12,Essex Police,Essex Police,0.500879,51.590268,On or near Cricketers Retail Park,E01021307,Basildon 011C,Investigation complete; no suspect identified
30a8adbfaa19e4756127021fcedb94130af1f4cdb8610419c3dbd55f6fc03a29,2018-12,Essex Police,Essex Police,0.997054,51.954775,On or near FORGE STREET,E01021656,Colchester 001B,Unable to prosecute suspect
c8315c51662f470770f82eb4e9ca0e5eee9ca1a637b786d56202f4bbd46a72f1,2018-12,Essex Police,Essex Police,0.669102,51.541099,On or near HILLSIDE CRESCENT,E01015829,Southend-on-Sea 012C,Unable to prosecute suspect
c90afc5304c6cbd13a31d5a46d767f98117c3e67f351e557abd6d475cb6fe08e,2018-12,Essex Police,Essex Police,0.417763,51.628072,On or near TANFIELD DRIVE,E01021253,Basildon 004B,Investigation complete; no suspect identified
1620d77d2eae15aa7437d0871303eb02978f84dde1266d2cb0091c4dd68981bf,2018-12,Essex Police,Essex Police,0.111105,51.699284,On or near Nightclub,E01021762,Epping Forest 005C,Investigation complete; no suspect identified
70e710189150fff3b2cfc6748bdc7e10b2fe4f192935b6377866c3f1d2f82876,2018-12,Essex Police,Essex Police,0.297341,51.524482,On or near Tesco Express,E01015971,Thurrock 006B,Investigation complete; no suspect identified
4c38db2d6bfd52307f6bc396c9946ca0589fcdad53f417ccf2f172954356ee53,2018-12,Essex Police,Essex Police,0.902706,51.887692,On or near VINEYARD STREET,E01021649,Colchester 007D,Investigation complete; no suspect identified
5a88ecd0df56c5ef752bd4f2a182901ea11d8ae02ff145f2f5ac7589b7a143f7,2018-12,Essex Police,Essex Police,0.086843,51.651607,On or near ROOKWOOD AVENUE,E01021775,Epping Forest 011B,Investigation complete; no suspect identified
2587a43860674c7de9589c5b409f15e61125ffb599a09bf24583194dcd698bc7,2018-12,Essex Police,Essex Police,0.361488,51.464707,On or near THE CIRCLE,E01016010,Thurrock 018H,Unable to prosecute suspect
024b5f0412e51913e8c893262ab6cbb2264b48b86f2f1e2140c1d2fce88a4834,2018-12,Essex Police,Essex Police,0.511640,51.577007,On or near WINFIELDS,E01021303,Basildon 011B,Investigation complete; no suspect identified
73280e60c2cfd08d287fec08fd23a8fb0a3bad2fc37d7273eaed0e8e0b6e92f7,2018-12,Essex Police,Essex Police,0.084632,51.607807,On or near ORANGE GROVE,E01021764,Epping Forest 017A,Offender given a drugs possession warning
50f9101220902e2961c582914cf43a0dc530e1337e3520439d0db3428b86b44c,2018-12,Essex Police,Essex Police,0.424733,51.515100,On or near Supermarket,E01015989,Thurrock 005A,Investigation complete; no suspect identified
bb6d2a7f033ea5389d238200810f7d7a567cadbdd7c72aef758ea9613f3a628a,2018-12,Essex Police,Essex Police,0.478234,51.554865,On or near GLENMERE,E01021300,Basildon 022A,Unable to prosecute suspect
6b8e2565b9e589945a1f484191bcb21f6e43264312eea457979f620378b3b7b7,2018-12,Essex Police,Essex Police,0.423394,51.579178,On or near CLAREMONT ROAD,E01021274,Basildon 010D,Investigation complete; no suspect identified
2d8b91d9648063a25c31e5362d316d5e5e5e8fc050ada68ecbb7c9e59fe401f9,2018-12,Essex Police,Essex Police,0.997054,51.954775,On or near FORGE STREET,E01021656,Colchester 001B,Unable to prosecute suspect
69b1e54ead12e6532b801fea7bb5f4566c2f2253c695fa88e29f7711af9d2ca4,2018-12,Essex Police,Essex Police,0.484654,51.736715,On or near Prison,E01021627,Chelmsford 010E,Action to be taken by another organisation
9e610b8caff6ac92b85c9b0d2d144cc6916809175ee99afd58d3d5b34f0b0e1c,2018-12,Essex Police,Essex Police,0.319222,51.491793,On or near HOGG LANE,E01015957,Thurrock 009A,Unable to prosecute suspect
6c70013de1b889f2f0c4e7f0f331304e461f18ba6c7bc7e031c9ba40fe770831,2018-12,Essex Police,Essex Police,0.319222,51.491793,On or near HOGG LANE,E01015957,Thurrock 009A,Unable to prosecute suspect
5b40f1869b17a8b538aecb8427bb06c742f601099ae1efe99b2c2f088d1e8c17,2018-12,Essex Police,Essex Police,0.865458,51.880655,On or near Supermarket,E01021693,Colchester 014E,Investigation complete; no suspect identified
a7be170b975999e02bb2f772c514f47a0507d937580b1ac7c12732a2638ff0ac,2018-12,Essex Police,Essex Police,0.581077,51.519875,On or near Police Station,E01021502,Castle Point 011E,Unable to prosecute suspect
295406086142b37ac4b2a9724ec10aca5047f6702592e96c51517ad800a344ba,2018-12,Essex Police,Essex Police,0.282488,51.487496,On or near Shopping Area,E01016011,Thurrock 015B,Unable to prosecute suspect
acbcd9f301cdc584e2c904d94ec75e2514848a2c94704bf25a10f7ce86334ef6,2018-12,Essex Police,Essex Police,0.478234,51.554865,On or near GLENMERE,E01021300,Basildon 022A,Unable to prosecute suspect
8ecdb00eb068f7d05c00a3d7bb94222e75535640b5db02adf604a2c6803b2896,2018-12,Essex Police,Essex Police,0.438552,51.527170,On or near BLYTHE ROAD,E01016001,Thurrock 003E,Investigation complete; no suspect identified
546385d35b89d093502d430f9329588736c10700ff1b444aa361490c6d70ab75,2018-12,Essex Police,Essex Police,1.280267,51.936012,On or near EMPIRE ROAD,E01022001,Tendring 001D,Investigation complete; no suspect identified
ef4ebd02e63a71def0e9db14de03f0e00729ddd1d25cf002aeb0e7b84f39db6f,2018-12,Essex Police,Essex Police,0.114684,51.619572,On or near ALL SAINTS CLOSE,E01021749,Epping Forest 016A,Unable to prosecute suspect
1d8189ac1e741aa4b0cd81cc9d51e7aa455ed6817e1e6e0fcb0166c3bb484f14,2018-12,Essex Police,Essex Police,0.479587,51.579199,On or near ROYDON BRIDGE,E01021267,Basildon 012B,Investigation complete; no suspect identified
c19d29979021b7b078ec920ad4c79976d2e025a58a01550cc5f1b8adb8df4768,2018-12,Essex Police,Essex Police,0.043969,51.618585,On or near WALNUT WAY,E01021744,Epping Forest 015C,Investigation complete; no suspect identified
2cba24c4bb82b1bd8cef8278af79982b24b5744673f92a695c8607e720edaaf4,2018-12,Essex Police,Essex Police,0.316734,51.476815,On or near Supermarket,E01015953,Thurrock 017C,Investigation complete; no suspect identified
3c2453ca7f9eadb8a3d2bf58cdefcdfcb776530e6e21cc17711df7aded3d0c3d,2018-12,Essex Police,Essex Police,0.917781,51.871373,On or near ABBOT'S ROAD,E01021666,Colchester 016E,Unable to prosecute suspect
3dfadd5749732bf5c95cbb43271fc7f1e6e620dd60342bbcd7ffd788098ab401,2018-12,Essex Police,Essex Police,0.937727,51.884250,On or near WOODCOCK CLOSE,E01021700,Colchester 008E,Suspect charged
4693134d2018c022465a6e763b88881616d19baf8380a62fbb30bbc0f0a4cba1,2018-12,Essex Police,Essex Police,0.683039,51.728682,On or near WANTZ CHASE,E01021890,Maldon 004B,Unable to prosecute suspect
b93871cdb558a20d79925ce113bb2fe9c342ec4f3250df8f274744d56d18f893,2018-12,Essex Police,Essex Police,0.417763,51.628072,On or near TANFIELD DRIVE,E01021253,Basildon 004B,Investigation complete; no suspect identified
b697f73b43c32dee44e8cd237d06c7248cb199005134d0341ba62d7d9fe45a76,2018-12,Essex Police,Essex Police,0.012868,51.689399,On or near BROOMSTICK HALL ROAD,E01021811,Epping Forest 007A,Unable to prosecute suspect
897f1ac02cf2b2f33a8499186ec8583835fa11726453e03476420fca44150f59,2018-12,Essex Police,Essex Police,0.283467,51.508808,On or near Police Station,E01015976,Thurrock 007F,Investigation complete; no suspect identified
38ab8ed264a7077daba6ef8e6d0afdfd5c05772fa8ec3410ea00e9460659fe83,2018-12,Essex Police,Essex Police,0.896245,51.888706,On or near HEAD STREET,E01021649,Colchester 007D,Investigation complete; no suspect identified
26ad7a80ad882563cd982de7dd5b17c87c2d442b891508188f066a61f739b558,2018-12,Essex Police,Essex Police,0.134243,52.203961,On or near Theatre/Concert Hall,E01017991,Cambridge 008E,Investigation complete; no suspect identified
f36b33e88f11def9aab12927012e185c92382e4e4fea00ad120554b779c44d88,2018-12,Essex Police,Essex Police,0.476751,51.622840,On or near RAMSDEN PARK ROAD,E01021264,Basildon 006A,Investigation complete; no suspect identified
ea8269a34dea01d77fc389076bff6d6a1be72bcb4efc140edd6ed43caf03653e,2018-12,Essex Police,Essex Police,0.402843,51.566929,On or near OXFORD CLOSE,E01021285,Basildon 021F,Investigation complete; no suspect identified
cd062a877166924379cbda19ec34fcb5e0ae31f33506733e3e8c3f215d15a91e,2018-12,Essex Police,Essex Police,0.928443,51.881388,On or near CAELUM DRIVE,E01033719,Colchester 008G,Investigation complete; no suspect identified
24421a08f8def9341150ef90efbfac55d73212c18c31f7e7f207ec0d0d992bc0,2018-12,Essex Police,Essex Police,0.478933,51.557099,On or near SEAVIEW AVENUE,E01021300,Basildon 022A,Local resolution
231c4ed0227b4a8eb864dca8c45b58f92a755bd686ae7fa45ec1614534a9517f,2018-12,Essex Police,Essex Police,0.288966,51.632202,On or near Petrol Station,E01021464,Brentwood 004E,Investigation complete; no suspect identified
333eb801dd49e69ebfe6923ea9e0194daa8806935dd9d88cd5b76409182c1a2d,2018-12,Essex Police,Essex Police,1.149490,51.790419,On or near ROSEMARY ROAD WEST,E01022026,Tendring 016C,Unable to prosecute suspect
d176a67859a30e746e4292cece48716d49d58c592f9a391455818181461dd6df,2018-12,Essex Police,Essex Police,0.499503,51.580459,On or near LITTLEBURY GREEN,E01021307,Basildon 011C,Investigation complete; no suspect identified
96d10efe9105dffae88c9fa6fc8cbbf99f1562a7d20657801b227e6ca74de33d,2018-12,Essex Police,Essex Police,0.295900,51.630160,On or near RUSSELL CLOSE,E01021431,Brentwood 004A,Unable to prosecute suspect
2555b696630f6a2c8589957493499625d9e244c4e91e5fd5c420eaf3aeba44b3,2018-12,Essex Police,Essex Police,0.343201,51.953909,On or near STONY LANE,E01022092,Uttlesford 004A,Unable to prosecute suspect
e7a5dadb3bcf050f8e7ee1f3d90d63f4b4000b587e9bdf49e0a1ecf033a1fae9,2018-12,Essex Police,Essex Police,0.344899,51.645253,On or near Petrol Station,E01021467,Brentwood 005F,Investigation complete; no suspect identified
80c1398fd0d624209738114b73e37b6447ecfcdb7c2c42bc49dc6bd2b9b75590,2018-12,Essex Police,Essex Police,0.724204,51.539283,On or near FAIRBURN CLOSE,E01015844,Southend-on-Sea 014F,Unable to prosecute suspect
2f31aa89da1b03c715b0cb2743239e2a5dfd526514158ba53e3fd814660e6b5d,2018-12,Essex Police,Essex Police,,,No location,,,Investigation complete; no suspect identified
fc8793fb75c3f4bc3f9ffa78b617b6ab2ecbc533633e02d951950a7b46deb7c5,2018-12,Essex Police,Essex Police,0.484654,51.736715,On or near Prison,E01021627,Chelmsford 010E,Action to be taken by another organisation
07fa145d701731b2f88d1184e292c7dbae1f3861e3d873713541a81964f40671,2018-12,Essex Police,Essex Police,0.919154,51.871933,On or near POPPY GARDENS,E01021666,Colchester 016E,Investigation complete; no suspect identified
b96c32972734ddf8fe6d62a571f511f74a05bef5f72f24fe22765173aa60f03d,2018-12,Essex Police,Essex Police,0.096267,51.769898,On or near Parking Area,E01021872,Harlow 007E,Unable to prosecute suspect
711fb9aa5b54f815ff1e42d87b4f061ce59f7ff83949d48206de5886215882fb,2018-12,Essex Police,Essex Police,0.484654,51.736715,On or near Prison,E01021627,Chelmsford 010E,Action to be taken by another organisation
b366a0c5f4068d14ea729be764f5d98954f395cb22caf08bd6c460ac730d708d,2018-12,Essex Police,Essex Police,0.487609,51.572258,On or near MOPSIES ROAD,E01021326,Basildon 022D,Unable to prosecute suspect
fbff054e8650ee7792d5684f407c621b1a9d67941e9f40876aecddc4e2c21d02,2018-12,Essex Police,Essex Police,0.484654,51.736715,On or near Prison,E01021627,Chelmsford 010E,Action to be taken by another organisation
ad337bc66915af9325521d36c6f4f4de0d9be46fb8115bc25f23673a2c83d5ff,2018-12,Essex Police,Essex Police,0.109084,51.692531,On or near THE CRESCENT,E01021758,Epping Forest 006C,Unable to prosecute suspect
fb44dbb52147a7beedbbb655848281fa167b0e40f8a5f9300d989a7aeb7f6e76,2018-12,Essex Police,Essex Police,0.484654,51.736715,On or near Prison,E01021627,Chelmsford 010E,Unable to prosecute suspect
b19e0f7f763e61844bc023a129d5ed4fe8f3c64991c4c9c7456d2a648a4ab2bb,2018-12,Essex Police,Essex Police,0.484654,51.736715,On or near Prison,E01021627,Chelmsford 010E,Action to be taken by another organisation
f552a6f3b3586c1b08378091603853242301e6d64b4bdc218f1ccbb75640bddb,2018-12,Essex Police,Essex Police,0.511579,51.738256,On or near WEBB CLOSE,E01021545,Chelmsford 008B,Suspect charged
6b5f98ccbf9496b7b03aa866e99f908657ffbbcf7bdb0dfcf5e77d933edb0839,2018-12,Essex Police,Essex Police,0.489949,51.723419,On or near Supermarket,E01021563,Chelmsford 014B,Investigation complete; no suspect identified
13c6eaa5dcc7e8820eceeaa87355dc0342232233f081f382d485d0acc0128a8b,2018-12,Essex Police,Essex Police,0.714390,51.538674,On or near Parking Area,E01015852,Southend-on-Sea 015B,Investigation complete; no suspect identified
3d4cb070d519e50a72236aad269cdcdbf3edd5c9f2f550fd3c485007cedb4ef5,2018-12,Essex Police,Essex Police,0.261741,51.889938,On or near Airport/Airfield,E01022090,Uttlesford 006B,Investigation complete; no suspect identified
efa921e709734cfec6876e52a9ebf48bf8a0357e563bca2191ba63bac42b6e4d,2018-12,Essex Police,Essex Police,0.430906,51.579292,On or near ELGAR CLOSE,E01021279,Basildon 010E,Suspect charged
0ba0ce26808e8811b17db024a8f742eb6de8a9b2bff68fd8ae340e61e042bbe2,2018-12,Essex Police,Essex Police,0.099120,51.757662,On or near BARN MEAD,E01021869,Harlow 007C,Unable to prosecute suspect
bfa9f02a60a53140a3cfcc354587b2315be7d07175ddd4efe36674f014f53d27,2018-12,Essex Police,Essex Police,0.714390,51.538674,On or near Parking Area,E01015852,Southend-on-Sea 015B,Investigation complete; no suspect identified
c435305fe2f6ee204743aef24a16844c62064822fe24dc0919743ab1772527a8,2018-12,Essex Police,Essex Police,0.881566,51.868723,On or near FALLOWFIELD ROAD,E01033723,Colchester 015G,Unable to prosecute suspect
c868d5a2a9261fe6bb781b4da6ea2fedd7d464a1d0f3e1f88c7e43c180d24e13,2018-12,Essex Police,Essex Police,0.715773,51.533579,On or near PIER HILL,E01015852,Southend-on-Sea 015B,Suspect charged
3bea6e6722f616fed583907f9021435bb8d5b9ce7b382e5fdedaac7c979d271e,2018-12,Essex Police,Essex Police,0.903660,51.909028,On or near HOLLYMEAD CLOSE,E01021682,Colchester 004D,Unable to prosecute suspect
f67cea2ba2537d8f5ae57ea5b33533dba2d1fe5afe3bef96a0902e3be30049c3,2018-12,Essex Police,Essex Police,0.300501,51.572272,On or near CHURCH LANE,E01021473,Brentwood 008D,Investigation complete; no suspect identified
2e6e97671a0fa8f9edd4306f58d30a3c3f4b3b9b003bad12530795a8fd54becb,2018-12,Essex Police,Essex Police,0.715773,51.533579,On or near PIER HILL,E01015852,Southend-on-Sea 015B,Suspect charged
94b804126e825a6a241ae08a31d9352ad4026ad9cdb55716e558c4c8aa5242ae,2018-12,Essex Police,Essex Police,0.715773,51.533579,On or near PIER HILL,E01015852,Southend-on-Sea 015B,Suspect charged
13f53307256f5bdf7d3ff470c756a5ff678fd4e5252d8b6a4a7234beb97be27d,2018-12,Essex Police,Essex Police,0.366505,51.594656,On or near BILLERICAY ROAD,E01021445,Brentwood 009A,Investigation complete; no suspect identified
1dbd4dd4e8f5c58dbd94e450a949028c0d87083fdaa66ca1deefebab14b01526,2018-12,Essex Police,Essex Police,0.641352,51.800800,On or near NEWLAND STREET,E01021416,Braintree 017B,Investigation complete; no suspect identified
339d0707baf8699dbeb6891747ec10f434e3cfab91780141bfe5108fc6d29d1d,2018-12,Essex Police,Essex Police,0.892033,51.891013,On or near ST MARYS FIELDS,E01021646,Colchester 007A,Investigation complete; no suspect identified
68e8c8a37b2970e41fa4630c6d8c298d102aa1e6ea2292220706b00c151fa9f2,2018-12,Essex Police,Essex Police,0.261741,51.889938,On or near Airport/Airfield,E01022090,Uttlesford 006B,Local resolution
01cc4e3f1585d9342fcf050317ef0405d19bf6d77a137d8da609aa9c56a3f936,2018-12,Essex Police,Essex Police,0.679516,51.730822,On or near Parking Area,E01021890,Maldon 004B,Investigation complete; no suspect identified
39b90992c94ea2e1955270f197654640afaf2b56d4be79baaba83a45e15252f7,2018-12,Essex Police,Essex Police,0.461571,51.739207,On or near Petrol Station,E01021573,Chelmsford 009A,Unable to prosecute suspect
f1d0e0d5e4a26b536e0a4573376c0093cff78dae4ab3549b442a19d8512b21b9,2018-12,Essex Police,Essex Police,0.696008,51.596082,On or near Parking Area,E01021932,Rochford 007B,Unable to prosecute suspect
e0e7fd7b78fa8d355b982797a7a2d6b2221207241aed954b07820f6b5f6334d2,2018-12,Essex Police,Essex Police,0.296900,51.613332,On or near VICTORIA ROAD,E01021439,Brentwood 007C,Investigation complete; no suspect identified
2ae9e53ac24c960667418ead72a4a5c2cb4bd48c91e41427527ec3102f1516ce,2018-12,Essex Police,Essex Police,0.696008,51.596082,On or near Parking Area,E01021932,Rochford 007B,Unable to prosecute suspect
05d74d633846667bd6595b0047dc5f79b07ae45a46c5e827f369b543f08b6996,2018-12,Essex Police,Essex Police,0.463705,51.736095,On or near PARKWAY,E01021574,Chelmsford 010A,Unable to prosecute suspect
1ad8d236187f8d0f7af53058cabd8470983e9ac216712687a310aa13bafabdb3,2018-12,Essex Police,Essex Police,0.581549,51.565650,On or near BOYTON CLOSE,E01021512,Castle Point 004D,Investigation complete; no suspect identified
2004387539b73e739b47b0c67ec4ccd8ad9731d3ace0cb10f22437662f68d53b,2018-12,Essex Police,Essex Police,0.559088,51.522084,On or near CHARFLEETS SERVICE ROAD,E01021503,Castle Point 010D,Suspect charged
f876c6ea4dc31abe40dc81657db38e2f84ca9d0784d7ff10592ea5bfe239596a,2018-12,Essex Police,Essex Police,0.672416,51.554819,On or near ARUNDEL GARDENS,E01015857,Southend-on-Sea 004A,Unable to prosecute suspect
06dadce215ab77bf21d0c71a30fe0542347d97470288b92bbeddfc83e5d6d8b6,2018-12,Essex Police,Essex Police,0.283452,51.501596,On or near CORVE LANE,E01015929,Thurrock 007C,Unable to prosecute suspect
1c09e3205ace0b87c4acf9d4b6bd89af6fa35f14df17cec0809db0170c902fad,2018-12,Essex Police,Essex Police,0.769024,51.533269,On or near BLYTH AVENUE,E01015916,Southend-on-Sea 017C,Investigation complete; no suspect identified
bf15f0c7ed9bba2a01329e9fb2ac9bd9df074378cc284e11d68e70eb7dcb2c60,2018-12,Essex Police,Essex Police,1.131264,51.794882,On or near MAPLE CLOSE,E01022032,Tendring 015E,Investigation complete; no suspect identified
df185cff0bf1ad9c19c40dfb6809c125988b31af7bfd9bcdd68a9c4477d287aa,2018-12,Essex Police,Essex Police,0.557743,51.557493,On or near OAKFIELD ROAD,E01021524,Castle Point 007E,Unable to prosecute suspect
a22b54dc754afb528273087046e5881188f3200f975c13184f6298b8313d73fe,2018-12,Essex Police,Essex Police,0.558942,51.573718,On or near ROSEBERRY AVENUE,E01021513,Castle Point 001A,Investigation complete; no suspect identified
e037585ee1c594395587090d2cd802bc9dc1c25b74b70cd048e3cf9169434b63,2018-12,Essex Police,Essex Police,0.644076,51.561928,On or near MOOR PARK CLOSE,E01015817,Southend-on-Sea 003D,Investigation complete; no suspect identified
4771c0b3dd4021b2fe98b308eaec4ffbf12645e88772424aa68b9cea86da4213,2018-12,Essex Police,Essex Police,0.272254,51.492281,On or near Motorway Service Area,E01016012,Thurrock 015C,Investigation complete; no suspect identified
171d6072d234c1ea8050a145da5df40a213b663fc155b6892a450ba2e584038e,2018-12,Essex Police,Essex Police,-0.000050,51.677624,On or near HAYDEN ROAD,E01021817,Epping Forest 008E,Investigation complete; no suspect identified
284a5449fb158f5c4c0a2da2e6d4c78edfb5bcf73785645bc3ff2f1f420c3a74,2018-12,Essex Police,Essex Police,1.152295,51.790083,On or near Shopping Area,E01022025,Tendring 016B,Suspect charged
25b8f70274beac6a8736a9ea79bec195bf4c610aa8acf41795bc1e18e7e34dec,2018-12,Essex Police,Essex Police,0.474530,51.766138,On or near GLEBE CRESCENT,E01021542,Chelmsford 002A,Investigation complete; no suspect identified
91f4d104aa96f3b5aeb11581f17f6a6f53d2fc7a3346085c7c9281ab75a75123,2018-12,Essex Police,Essex Police,0.317020,51.491837,On or near ELIZABETH ROAD,E01015939,Thurrock 020A,Investigation complete; no suspect identified
5e79ee9fde71f8a4c163ed3c37c9408fcc9cc03e3260f0e08b35206c33abf46a,2018-12,Essex Police,Essex Police,0.704586,51.538487,On or near PARK ROAD,E01015856,Southend-on-Sea 015F,Investigation complete; no suspect identified
a6aa48dea76cfe3327354308e13e9d9496559675e6ebe4592e3e8e05d14e35f5,2018-12,Essex Police,Essex Police,0.645607,51.791468,On or near CONSTANCE CLOSE,E01021424,Braintree 018E,Investigation complete; no suspect identified
7a3819f20628bda3ec5d62f80763a11d023a72d9f97b05c9ed6468aee6b50396,2018-12,Essex Police,Essex Police,0.498423,51.752881,On or near BEARDSLEY DRIVE,E01021619,Chelmsford 004C,Investigation complete; no suspect identified
e95483ed2e1140da2bf5a8446f1e9503bcf19822cb106325f0ac10a63768f9dd,2018-12,Essex Police,Essex Police,0.229656,51.499106,On or near NEW ROAD,E01015925,Thurrock 008D,Investigation complete; no suspect identified
ae91a2cb5c7fa1f13d4b79a447333075f75b55db1b2f061d142ebd3c3f267bb4,2018-12,Essex Police,Essex Police,0.496866,51.749083,On or near CANVEY WALK,E01021620,Chelmsford 004D,Suspect charged
1baaf6c762c8ab9e5a6f5c203e07a6a1bc7a4012caf6edf7f618c785bbc86be0,2018-12,Essex Police,Essex Police,0.092811,51.774150,On or near Supermarket,E01021843,Harlow 004E,Investigation complete; no suspect identified
6955ce82470da7cfdb5da038e0acc8d564c27bfd2b4575b400d77fb763891225,2018-12,Essex Police,Essex Police,0.580761,51.567026,On or near HYDEWAY,E01021512,Castle Point 004D,Investigation complete; no suspect identified
91954c7a6cd14669a58be25829fc2f0d23b07fe446e36e322c9d5231cd1ec107,2018-12,Essex Police,Essex Police,0.649466,51.547426,On or near RONALD HILL GROVE,E01015845,Southend-on-Sea 011A,Investigation complete; no suspect identified
e093831a4dc7d85cb1c31ba569ecf2d39704a2b3f8238d3c65955577fed2d6a0,2018-12,Essex Police,Essex Police,1.081803,51.943781,On or near Parking Area,E01022020,Tendring 003F,Investigation complete; no suspect identified
518d2ea80a29a6631c7ea817d068914af6b6c7e9f076faf28562e34d6ee70dd7,2018-12,Essex Police,Essex Police,0.907575,51.864054,On or near STANSTED ROAD,E01021638,Colchester 018B,Unable to prosecute suspect
4eac54ec0d81e9cc8ede9d0fd2f431d9e704c98ea886e43aa83d2bf5d1fcd09b,2018-12,Essex Police,Essex Police,0.508650,51.740279,On or near ALDRIDGE CLOSE,E01021545,Chelmsford 008B,Suspect charged
48bd989c6adac8fa2361ea3a6773c7d810e015c9f99c64341825952b68154238,2018-12,Essex Police,Essex Police,0.652445,51.542097,On or near BROADWAY WEST,E01015848,Southend-on-Sea 011D,Investigation complete; no suspect identified
79f84bc7fceaa12d3f5f375c1592d2afab7fa4608d0892074a733df9ab9019f4,2018-12,Essex Police,Essex Police,0.644431,51.948146,On or near BOIS HALL GARDENS,E01021390,Braintree 006B,Investigation complete; no suspect identified
1fe8231a1226b022ade5fa5b050166ad077e1ef9bc633edb3464e2690b3bc52f,2018-12,Essex Police,Essex Police,0.293180,51.614619,On or near BOARDMAN PLACE,E01033063,Brentwood 007F,Investigation complete; no suspect identified
77aa2166a473e2f59f1922adae0f98c56f790cbc7d9201761cdad4a101e349d7,2018-12,Essex Police,Essex Police,0.697240,51.545959,On or near WENHAM DRIVE,E01015862,Southend-on-Sea 004F,Investigation complete; no suspect identified
f1f98c8005c5ed0dc35964a8feeadef3cc92ee8855f0b71d586c2d4ac0dceda9,2018-12,Essex Police,Essex Police,1.187478,51.807311,On or near NANSEN ROAD,E01022033,Tendring 012B,Unable to prosecute suspect
651767d1dd6a82eda3c640140f261d51576a4cc4b751f0699932c14f1e014a47,2018-12,Essex Police,Essex Police,0.536809,51.877421,On or near FRANCIS ROAD,E01021364,Braintree 010A,Investigation complete; no suspect identified
7615208c6111180858a0a5b91969710e2e962696216069574516f1723f5a67c6,2018-12,Essex Police,Essex Police,0.008508,51.746773,On or near Park/Open Space,E01021792,Epping Forest 002B,Unable to prosecute suspect
5e777c75601b868a961dc1b20905a2a3ba8f970b87ad09f677f6020eb2b0790d,2018-12,Essex Police,Essex Police,0.351940,51.464935,On or near RUSSELL ROAD,E01016003,Thurrock 018A,Investigation complete; no suspect identified
636e974c756b2af545d5c15befe84a328739cf06c8c3bd4e4f22f18b6daa8246,2018-12,Essex Police,Essex Police,0.098456,51.759284,On or near TENDRING ROAD,E01021870,Harlow 006E,Investigation complete; no suspect identified
7de18d17ae6ad7ba5d2db32b969f8f8262540bc3607907c973e7d1b3fe9c174b,2018-12,Essex Police,Essex Police,0.540828,51.877829,On or near GEORGE ROAD,E01021366,Braintree 010B,Investigation complete; no suspect identified
0879681047bddbd21f4468aa6da19ef21d3bf896c7d1b98c88cf0222feb43b6f,2018-12,Essex Police,Essex Police,0.505403,51.563326,On or near A132,E01021310,Basildon 022B,Investigation complete; no suspect identified
9faabe791354f153a5562191b367636d1f9bb0cb07387293daf1d0088f1d3913,2018-12,Essex Police,Essex Police,0.580695,51.565606,On or near VILLIERS WAY,E01021512,Castle Point 004D,Investigation complete; no suspect identified
772f571590148deea5e1a23488ce0f9dab16a22872cd3dda6dbc103f60c13b27,2018-12,Essex Police,Essex Police,0.480491,51.727343,On or near A1114,E01021577,Chelmsford 012B,Investigation complete; no suspect identified
d97b5bd139c9e97e31eaf1e307fd35c7253bbcfa826c6a31d5f1218dc3d0fba6,2018-12,Essex Police,Essex Police,0.540278,51.883542,On or near PORTERS FIELD,E01021358,Braintree 008C,Investigation complete; no suspect identified
7eed9a55d0c1dbe5829479ce8be6333ec886a1ecad780592388de2eaf0d55968,2018-12,Essex Police,Essex Police,0.542952,51.877882,On or near HUNNABLE ROAD,E01021366,Braintree 010B,Investigation complete; no suspect identified
e1c60a98c6a0e65564af6dda750095f49b38b23ce7f168eb1288dc8f30bc4be0,2018-12,Essex Police,Essex Police,0.781177,51.531560,On or near CHELMER WAY,E01015917,Southend-on-Sea 017D,Investigation complete; no suspect identified
764fe27f9997f0cd5839668f52c8337845ded1056f7e7742788ff52f23451a58,2018-12,Essex Police,Essex Police,1.122956,51.798700,On or near BATTISFORD DRIVE,E01022030,Tendring 015C,Investigation complete; no suspect identified
85697b25930f4c15fb056774ab262e1bc20f7431f12ad49c8fc29d47ddf7ef0c,2018-12,Essex Police,Essex Police,0.934485,51.886013,On or near ROCHDALE WAY,E01033722,Colchester 008H,Investigation complete; no suspect identified
c845e4585a3cb5af530a6c4b7acae75321ec02ffd7d4b13509a3e3b175c88fd0,2018-12,Essex Police,Essex Police,0.520333,51.755246,On or near A130,E01021537,Chelmsford 005B,Investigation complete; no suspect identified
21286bf900e5541c9847a8428b24819daee11ada796d5d35cf1ddec4a0149046,2018-12,Essex Police,Essex Police,0.428488,51.575367,On or near DEACON DRIVE,E01021289,Basildon 016C,Investigation complete; no suspect identified
aefd79a8aea9b61142ce5b6bea6d225d618fff660381aa2d17f297230cff971b,2018-12,Essex Police,Essex Police,0.445203,51.600929,On or near BARLEYLANDS ROAD,E01021257,Basildon 009B,Investigation complete; no suspect identified
ca46d195e0af16414b7af3b1544d5b5e1bfca0da7aea3e564e954351479f1295,2018-12,Essex Police,Essex Police,0.352501,51.595243,On or near DONOVAN'S GARDEN,E01021445,Brentwood 009A,Investigation complete; no suspect identified
a62e8c88cfaae04da3885335496cc7e79467396229617ec494c0d196b6e345e3,2018-12,Essex Police,Essex Police,0.541939,51.873066,On or near HAZEL GROVE,E01021366,Braintree 010B,Investigation complete; no suspect identified
7253fde0cabd5a68247395cbdcf4592f4b97dbc34771fa67f1a3ea976beeca41,2018-12,Essex Police,Essex Police,0.429842,51.586949,On or near OSIER DRIVE,E01021263,Basildon 010C,Unable to prosecute suspect
e771c886a96fed0b8bac7e78d3d7948b1aafd5c78fe8202cf90d5c970d333f6b,2018-12,Essex Police,Essex Police,0.787204,51.527540,On or near ASHES ROAD,E01015876,Southend-on-Sea 013A,Investigation complete; no suspect identified
036e94f3a40a283717d094320d5e426438de50830590ddccd106ade9dc8cef46,2018-12,Essex Police,Essex Police,0.630042,51.806854,On or near SAXON DRIVE,E01021426,Braintree 015E,Investigation complete; no suspect identified
53134d061e0af299448a2b4649e842847a48e3716465d3bc4f4c16b3bdd31fd2,2018-12,Essex Police,Essex Police,0.591471,51.525464,On or near SHORT ROAD,E01021494,Castle Point 008B,Investigation complete; no suspect identified
b316291e144d555760ab9174deeb511fdb960383b7e9ddb9c9f9f271bd58d6e3,2018-12,Essex Police,Essex Police,0.781125,51.535914,On or near Sports/Recreation Area,E01015882,Southend-on-Sea 013G,Investigation complete; no suspect identified
3c1c9ce2e80d5e8c9e180a63e8a818ce79cb1f9208c080a3a34b005c4b6a3f7f,2018-12,Essex Police,Essex Police,0.459410,51.568814,On or near SOUTHERNHAY,E01021318,Basildon 015C,Investigation complete; no suspect identified
adcfa17001c8ab4d810f3f6ba275f40359c54939559c963fca64f3d3400f055e,2018-12,Essex Police,Essex Police,0.612426,51.567359,On or near WESTERN ROAD,E01021531,Castle Point 002E,Investigation complete; no suspect identified
1023a8216f852871aeeac966074a73ff68cbddc50c480a4bda3ce1debb6df150,2018-12,Essex Police,Essex Police,0.282488,51.487496,On or near Shopping Area,E01016011,Thurrock 015B,Offender given a caution
2ce05ea84ea29d5b7544c37f1a678149c4d82084190f168393de480ece172515,2018-12,Essex Police,Essex Police,0.445203,51.600929,On or near BARLEYLANDS ROAD,E01021257,Basildon 009B,Investigation complete; no suspect identified
2b49a26aa6cde511091e7b573506455bebeab51a2ccdb2ec16e981d6338ce43d,2018-12,Essex Police,Essex Police,0.428605,51.587856,On or near RIVER VIEW CLOSE,E01021263,Basildon 010C,Unable to prosecute suspect
966233b31a8daea960ca3aa0da9d10152dd250d64a827a1a12edcd301b8dc2ae,2018-12,Essex Police,Essex Police,0.924388,51.887874,On or near HUNTING GATE,E01021706,Colchester 022H,Unable to prosecute suspect
0de42d1840d8b78d4bf42b2d7564ab70759072f64f614d16dc2c5242a01cf173,2018-12,Essex Police,Essex Police,0.397253,51.509757,On or near Petrol Station,E01015979,Thurrock 004C,Investigation complete; no suspect identified
fd3f090c58ade3f51ca08b331fb6f117e4ea2eefdfbe134648d2ca2201faef9d,2018-12,Essex Police,Essex Police,0.420159,51.572086,On or near BRIMSDOWN AVENUE,E01021275,Basildon 014B,Investigation complete; no suspect identified
8456bbe49319dd7c1503e9d960155a103ab4485d8c6d8c9511dc04a1252f7f6a,2018-12,Essex Police,Essex Police,0.348839,51.596180,On or near HERNSHAW,E01021445,Brentwood 009A,Investigation complete; no suspect identified
8cc434d0e320eda55ca40eb26df7b0840a0c4b1385d6b13a5fa4dd45c9073d89,2018-12,Essex Police,Essex Police,0.333747,51.624845,On or near OAKLANDS PARK,E01021455,Brentwood 005C,Investigation complete; no suspect identified
7c455a0c56c2d69e040998556ee2e88f5b84830c5f62db7f149531eee7d14ab1,2018-12,Essex Police,Essex Police,0.470205,51.753289,On or near DARRELL CLOSE,E01021587,Chelmsford 002C,Investigation complete; no suspect identified
926ec0b1ddb31ab83adcd7f623344c4d8410cf0831d885f769136b7e30c59076,2018-12,Essex Police,Essex Police,0.342516,51.627629,On or near NEWMANS GATE,E01021447,Brentwood 005A,Unable to prosecute suspect
7f3de3b5a264c90c1f20a08190f37dff2520c8ac23d5dcd21942e4896722aa92,2018-12,Essex Police,Essex Police,0.532694,51.860828,On or near DERWENT WAY,E01021384,Braintree 013C,Unable to prosecute suspect
f723c6fb49cf4ea2ba6803247a906d730adfabfaefa8910c3f4fdbc792a8887b,2018-12,Essex Police,Essex Police,0.509056,51.740819,On or near SHEPPARD DRIVE,E01021545,Chelmsford 008B,Suspect charged
d96b82a68188bc23c7637ffe7504aed38b432143e355755789fffe13cf50f7e5,2018-12,Essex Police,Essex Police,0.924668,51.910972,On or near CLEVELAND CLOSE,E01021670,Colchester 002C,Investigation complete; no suspect identified
2a3020e97d931db6ce41c6dd9d96b2e66c9a8d7c937e042f6ffca58197e9c73a,2018-12,Essex Police,Essex Police,0.076783,51.654483,On or near FAIRMEADS,E01021778,Epping Forest 011E,Investigation complete; no suspect identified
164c201c28b7e2f98f2a4b0ee2443e9a89872585de98bda999a0ce2cff7d5b15,2018-12,Essex Police,Essex Police,0.671033,51.543771,On or near LEIGH ROAD,E01015830,Southend-on-Sea 012D,Investigation complete; no suspect identified
76dc18672d0e7d55d5a4303840e8dd0cf670afc59852c81cee7309a7f200ce45,2018-12,Essex Police,Essex Police,0.914428,51.873885,On or near SIENA MEWS,E01021665,Colchester 016D,Unable to prosecute suspect
5c6bb93e49865d615c4024f6a20fdb51c9e4a98f498a79eebc4be5938019e29d,2018-12,Essex Police,Essex Police,0.621648,51.809946,On or near BRYONY CLOSE,E01021425,Braintree 016B,Investigation complete; no suspect identified
604618beab6f61fea6c397d37f6ebffb05b2abb33db6ec47cfca3ad5745ffd79,2018-12,Essex Police,Essex Police,0.815564,51.788436,On or near WHITEHOUSE HILL,E01021644,Colchester 019B,Unable to prosecute suspect
9fd0cb7f21b1ae7745e1329e13c28ccde7c7556a377ff59e5dee451d27b486db,2018-12,Essex Police,Essex Police,0.709427,51.537916,On or near GORDON PLACE,E01015852,Southend-on-Sea 015B,Unable to prosecute suspect
116c7f71ddd22d5bdade1ee92d5a35536aab7eda2de66de906a4f29aacc1f764,2018-12,Essex Police,Essex Police,0.694713,51.566406,On or near VICKERS ROAD,E01015865,Southend-on-Sea 002C,Unable to prosecute suspect
795335f3e570e78ff923efa9c0aa120f1b5fb10f53e8315b3f9e651aed42e3a5,2018-12,Essex Police,Essex Police,0.678186,51.542780,On or near KINGS ROAD,E01015830,Southend-on-Sea 012D,Investigation complete; no suspect identified
899267cba331fc9827fe94b1711216b03f5f8e94accf100bebd75745e95b1c47,2018-12,Essex Police,Essex Police,0.490313,51.758494,On or near WAVELL CLOSE,E01021617,Chelmsford 004B,Investigation complete; no suspect identified
d946550b2393b533b649bee5d6c2daae2ff73369a869c3f38d1db366d82e64ab,2018-12,Essex Police,Essex Police,0.092612,51.768596,On or near Theatre/Concert Hall,E01021872,Harlow 007E,Investigation complete; no suspect identified
24f0c04ae8778cbe0f863304f8e089e21928c0414b55e74f4520a9fcd5f795ef,2018-12,Essex Police,Essex Police,1.070999,51.853782,On or near ROWAN CLOSE,E01021993,Tendring 009C,Investigation complete; no suspect identified
c13a5ce7bc62e52146fd21c0f379988bb07d40e9edf53e33a86de0f40b249390,2018-12,Essex Police,Essex Police,0.068928,51.616592,On or near LYNDHURST RISE,E01021751,Epping Forest 016C,Investigation complete; no suspect identified
e1fce00acb831060f2897dfd07e2408cc35aa9227c3570f009f5780ddaae1e47,2018-12,Essex Police,Essex Police,0.414893,51.624912,On or near LION LANE,E01021244,Basildon 004A,Unable to prosecute suspect
5412d9211201ade8bea94c19c044964c156def688c09a96af8426e30dfc3f2d3,2018-12,Essex Police,Essex Police,0.556979,51.880015,On or near Petrol Station,E01033459,Braintree 009F,Investigation complete; no suspect identified
0dfc9dbdd50da371c36298f57996cca70268baf0838b6f1021b2adc1c516978f,2018-12,Essex Police,Essex Police,0.278302,51.868549,On or near GOODWINS CLOSE,E01022091,Uttlesford 006C,Unable to prosecute suspect
1849ca65dfb475db77e36af1b371a9b2452133789cf51c23d9d8dc7e330f8cb8,2018-12,Essex Police,Essex Police,0.281531,51.509871,On or near DERRY AVENUE,E01015972,Thurrock 006C,Unable to prosecute suspect
961f64863b728c01dd45ceae3daaa7cad7b257b08bc7904766e47b262e23cd0f,2018-12,Essex Police,Essex Police,0.085261,51.775147,On or near HODINGS ROAD,E01021839,Harlow 004A,Investigation complete; no suspect identified
167a14c7cf051196a90d606bd6515870fbe0d9c80ff0bb45eacd6d7de49ccab8,2018-12,Essex Police,Essex Police,0.111098,51.698807,On or near HIGH STREET,E01021762,Epping Forest 005C,Investigation complete; no suspect identified
88f15d6d3985113fa118db83a4eb86f5ffa30061af485912098b08f5a92dd1e5,2018-12,Essex Police,Essex Police,0.794009,51.539763,On or near LOWRY CLOSE,E01015881,Southend-on-Sea 013F,Unable to prosecute suspect
ade8e982ff4ffa2e0ff4b152a23d85b07612028bc1c7574041c7fabe147d379c,2018-12,Essex Police,Essex Police,0.794000,51.528089,On or near HOSPITAL ROAD,E01015876,Southend-on-Sea 013A,Investigation complete; no suspect identified
fd312e4bcc7f6b0c9dec6f30e011dbec7c47d335b7bb1bf5cfdec7f9b41aa05f,2018-12,Essex Police,Essex Police,0.406782,51.724101,On or near HIGHWOOD ROAD,E01021634,Chelmsford 011D,Investigation complete; no suspect identified
cf7b3aa143803e1ad53ac7632b947baa6de4b9c29f877f1b97a2ceaa19f917c9,2018-12,Essex Police,Essex Police,0.114883,51.758548,On or near Petrol Station,E01021823,Harlow 006D,Investigation complete; no suspect identified
0ef48077ebb04bbf229cd9fb9f9827475a18a8d3bb5edf2c18df12e2fa2d96a0,2018-12,Essex Police,Essex Police,0.421639,51.570616,On or near LITTLE OXCROFT,E01021286,Basildon 016A,Investigation complete; no suspect identified
7f490de21b1240d3008049f341036d457d7202f5101248ee4b9cb7540a3c74f5,2018-12,Essex Police,Essex Police,1.078139,51.944893,On or near THE LANE,E01022020,Tendring 003F,Investigation complete; no suspect identified
579113c9de4ed0e241469e2079cb9fe31e0048f7287043eb1372e65b79f4eb38,2018-12,Essex Police,Essex Police,0.406782,51.724101,On or near HIGHWOOD ROAD,E01021634,Chelmsford 011D,Investigation complete; no suspect identified
0dbc45531e4929f69eccb56e1ec4f2201f577fccd1fa4174b975d31d8552f233,2018-12,Essex Police,Essex Police,0.365425,51.467613,On or near SULLIVAN ROAD,E01016007,Thurrock 018E,Suspect charged
352d3c89200931a915979bc0231441c0b7300eaf0d7581893d1f7c210bb3f597,2018-12,Essex Police,Essex Police,0.839034,51.886342,On or near CHAPEL ROAD,E01021720,Colchester 012C,Unable to prosecute suspect
87dd3257d11c05ccb6e00296d8a034f70dd5f57eeaa029e3e44477d122a3ff1d,2018-12,Essex Police,Essex Police,0.546622,51.877767,On or near GRENVILLE ROAD,E01021365,Braintree 009D,Investigation complete; no suspect identified
23ad8132e954870d1d68399f1323c7043a483d5bbd3de717d165800db4ad3901,2018-12,Essex Police,Essex Police,0.709743,51.544690,On or near Police Station,E01015895,Southend-on-Sea 010A,Unable to prosecute suspect
11e04dd050f593626ab15516b0fadacd73c72f2660422c85f91fbf4f5bd98f45,2018-12,Essex Police,Essex Police,0.340105,51.489139,On or near LODGE LANE,E01015964,Thurrock 010B,Investigation complete; no suspect identified
5d58b057705ccd4d441dc3417bc26ed52f32a72956ea21830842dca36908b98c,2018-12,Essex Police,Essex Police,0.862262,51.887541,On or near HERRICK PLACE,E01021673,Colchester 009A,Investigation complete; no suspect identified
d92d6aeb7a82672b1d8ef27384447381b122a710996d5e45e01dcdffc01d08fa,2018-12,Essex Police,Essex Police,1.251897,51.845337,On or near WOODFIELD CLOSE,E01022012,Tendring 008H,Unable to prosecute suspect
a09915450cd51582c5074bb3380d0f7c29b6f4ddd748a18c5305e86d342163c7,2018-12,Essex Police,Essex Police,0.441899,51.573812,On or near TEAGLES,E01021291,Basildon 016E,Investigation complete; no suspect identified
983c8acf6399e3723fb79d99c455dbb626852bc1a51b1e1c3ef3b630df4e1c9f,2018-12,Essex Police,Essex Police,0.478813,51.571077,On or near BROWNLOW GREEN,E01021320,Basildon 015D,Investigation complete; no suspect identified
ff5abb2d0a326415b5cff14eea664f879b96aa0f58ed661a2d48123670a5df6b,2018-12,Essex Police,Essex Police,0.931256,51.879726,On or near QUAYSIDE DRIVE,E01033719,Colchester 008G,Investigation complete; no suspect identified
dee6d3f32c911f963bf6112bd20462a4bf2a0996190a97dd25dab9343e224677,2018-12,Essex Police,Essex Police,0.945359,51.891173,On or near IMOGEN CLOSE,E01021698,Colchester 008C,Unable to prosecute suspect
53f998444c3f403c4e1181db5fab496df8d49ef0d59809431bec1c8509078faa,2018-12,Essex Police,Essex Police,0.092636,51.771302,On or near Nightclub,E01021872,Harlow 007E,Unable to prosecute suspect
f4608ee8a8aefc6e6a46e9e544b223ed21c124504f646c51f8241e46364d7419,2018-12,Essex Police,Essex Police,0.348839,51.596180,On or near HERNSHAW,E01021445,Brentwood 009A,Investigation complete; no suspect identified
8571f869e8a8862e3981bb3baaa5e6ca040b2325a2690424de158d2c566540ea,2018-12,Essex Police,Essex Police,0.447317,51.572044,On or near DELIMANDS,E01021293,Basildon 017C,Suspect charged
b57e9032ab69debbdf1250ffccafd9cee9c0ea0bed0213b76e706aaeeccaa1f6,2018-12,Essex Police,Essex Police,0.639707,51.799461,On or near Newland Street,E01021416,Braintree 017B,Investigation complete; no suspect identified
afe8b7c27285abc94b20f9252cb643b3f375b3f883cc13b732a82b8af075289d,2018-12,Essex Police,Essex Police,0.528246,51.698967,On or near CHALKLANDS,E01021571,Chelmsford 013E,Unable to prosecute suspect
c61d6a7341d2e36341e2013711bfd904f3c105cf996897022fd0cb562111f3df,2018-12,Essex Police,Essex Police,0.564549,51.894815,On or near BROAD ROAD,E01021356,Braintree 007E,Unable to prosecute suspect
e96f7df9c2faa10066200da68285a7831e00195d60ceb0a626a1d7e76bfe8523,2018-12,Essex Police,Essex Police,0.663656,51.551808,On or near NORFOLK AVENUE,E01015820,Southend-on-Sea 005A,Unable to prosecute suspect
a018503cc0d1d80718c328625a6214d8dbf2c84ebb5b1068ca3039f11a81ff85,2018-12,Essex Police,Essex Police,0.464005,51.575589,On or near HONEYPOT LANE,E01021266,Basildon 015A,Unable to prosecute suspect
7792506dd9dd30e1b0de141a75a5f627d1ac3fac101bcf9a921c5213ef454cfc,2018-12,Essex Police,Essex Police,0.361679,51.461709,On or near CALCUTTA ROAD,E01016009,Thurrock 018G,Investigation complete; no suspect identified
8eee0296b13ef8a9e71e3c6498bb16664b71bd13c6fdad20a78d736ca0ba018a,2018-12,Essex Police,Essex Police,1.260356,51.940955,On or near Petrol Station,E01022007,Tendring 002D,Investigation complete; no suspect identified
de96add5b91515dd191fe66a270744caf8b99ec5469dc0c3be02a292a9266556,2018-12,Essex Police,Essex Police,0.517650,51.900135,On or near KETLEYS VIEW,E01021404,Braintree 005A,Investigation complete; no suspect identified
22b02792ceea413095cbabffde01f8ad55693b71a607a103ba3b18beb490291c,2018-12,Essex Police,Essex Police,0.902192,51.889423,On or near ST NICHOLAS STREET,E01021649,Colchester 007D,Investigation complete; no suspect identified
c868fe392fd8f01e747f9c7fb3da453abe903425da563af453ca853c1720e921,2018-12,Essex Police,Essex Police,1.245108,51.834542,On or near Shopping Area,E01021986,Tendring 006B,Investigation complete; no suspect identified
827402e513df338b1b3a70c1c2aed86fdcb626c416ba3bf702f30c21d10a2bdb,2018-12,Essex Police,Essex Police,0.355355,51.634198,On or near EDWARDS CLOSE,E01021450,Brentwood 003C,Investigation complete; no suspect identified
93a0615dbf9db9165f58abbca7c768262eac59f66f1822ae37b96541c1f4b1b3,2018-12,Essex Police,Essex Police,0.899327,51.860714,On or near THOMAS BENOLD WALK,E01021639,Colchester 018C,Unable to prosecute suspect
0555675561a74556693f5de3c239fdaa7dcf74b14a3ddd0f54bde62c5e04be47,2018-12,Essex Police,Essex Police,,,No location,,,Investigation complete; no suspect identified
91241b5bda0b817abd38e0dc3ea97d3b6842fe7f16816aa35cc8e81bec1d9ed3,2018-12,Essex Police,Essex Police,0.700166,51.552736,On or near JONES CLOSE,E01015861,Southend-on-Sea 004E,Investigation complete; no suspect identified
ad97ad1d81b7d6befde31a04cc66d1b2a3aa9f57640cf2734a1c5041b88abdb3,2018-12,Essex Police,Essex Police,0.129177,51.762984,On or near OAKLANDS DRIVE,E01021836,Harlow 008D,Unable to prosecute suspect
6d1e2ae6ea698a59baee620cb892bdf0fbcb595a6ad8519be471383f7d6b802d,2018-12,Essex Police,Essex Police,0.665191,51.552394,On or near SURREY AVENUE,E01015820,Southend-on-Sea 005A,Unable to prosecute suspect
0b2462d701cf4e60bf2b68b3fccbea6cd59ecb1527b0ac60b862af8b9b34dffb,2018-12,Essex Police,Essex Police,0.096267,51.769898,On or near Parking Area,E01021872,Harlow 007E,Suspect charged
c8c8f8843217631ca1d3a053cea7d80187095f7f81a41f3e328f3cd8897dd4af,2018-12,Essex Police,Essex Police,0.096410,51.669395,On or near WOBURN AVENUE,E01021804,Epping Forest 010C,Unable to prosecute suspect
5f6a2f08ccf36296f1f6fc67ceda246343598d13b99083404b4f873ad1be8f23,2018-12,Essex Police,Essex Police,0.902263,51.889844,On or near MUSEUM STREET,E01021649,Colchester 007D,Investigation complete; no suspect identified
7c9f592d909b13d60d3a2a04860721d497a67d21bf161c44ec5ddad3d3b3e3e0,2018-12,Essex Police,Essex Police,1.144951,51.797295,On or near CROFT ROAD,E01021970,Tendring 016A,Unable to prosecute suspect
cf1e8a122d8bfcfcab95467446b0e51b2a3504d4f1fffa02b695c6d9e16ee46c,2018-12,Essex Police,Essex Police,0.718808,51.537070,On or near TOLEDO ROAD,E01015841,Southend-on-Sea 014C,Unable to prosecute suspect
d8475c7310e992018dab305d9044b612cff2459097391b88f4c3bb33df38391a,2018-12,Essex Police,Essex Police,0.724916,51.543475,On or near BRANKSOME ROAD,E01015843,Southend-on-Sea 014E,Investigation complete; no suspect identified
b16be70ff581695267ebc1f0bb2515a35808dfeada644a2646f8c7261d08f575,2018-12,Essex Police,Essex Police,0.624941,51.805691,On or near Parking Area,E01021427,Braintree 016C,Unable to prosecute suspect
cba5ad34d48256d2703c51fdb7b7c80ab6bd06ab4941e8736302514955458d7a,2018-12,Essex Police,Essex Police,0.769024,51.533269,On or near BLYTH AVENUE,E01015916,Southend-on-Sea 017C,Unable to prosecute suspect
8944d04f7fe45cd25ed906b234b051b10268e7313d42b850b47d153de5f6d92c,2018-12,Essex Police,Essex Police,0.711662,51.536219,On or near Nightclub,E01015852,Southend-on-Sea 015B,Unable to prosecute suspect
7510c55d52a1d570922ee0765c46ff4ccfc6f73ac0297c86566362db798c2f44,2018-12,Essex Police,Essex Police,0.482637,51.565249,On or near RAVENSCOURT DRIVE,E01021327,Basildon 019E,Unable to prosecute suspect
68387197a37141b4e5929c67253746ae3a91c0e182eef88b8acece96898804b3,2018-12,Essex Police,Essex Police,0.118780,51.651350,On or near THE CHESTNUTS,E01021770,Epping Forest 010A,Investigation complete; no suspect identified
dc420d7c229df756be4ff9de3f0b145567d16bd5679d53ebfe060601919723bd,2018-12,Essex Police,Essex Police,0.567737,51.526166,On or near SIXTH AVENUE,E01021507,Castle Point 010E,Investigation complete; no suspect identified
5e880200af37bc7bbad1554a5aadace476c9bfce4d08353079bbee63faeadfe0,2018-12,Essex Police,Essex Police,0.324603,51.631672,On or near TUDOR CLOSE,E01021465,Brentwood 005D,Investigation complete; no suspect identified
d7d9102d8d6a9a62d3729656a93cf800c189bd2a3546cd9434bb6c000c6a2e49,2018-12,Essex Police,Essex Police,0.431215,51.574546,On or near THE NAVE,E01021289,Basildon 016C,Unable to prosecute suspect
a43966b75604f95676302ac9e0e64e28faeed646c15b31f60be1d7c334ab4fb0,2018-12,Essex Police,Essex Police,0.213995,51.979970,On or near STATION ROAD,E01022072,Uttlesford 003C,Investigation complete; no suspect identified
0db79e479618c9dfd4d16943fba45538fc9e4050cdcc6d109559bda5296688b7,2018-12,Essex Police,Essex Police,0.839034,51.886342,On or near CHAPEL ROAD,E01021720,Colchester 012C,Unable to prosecute suspect
b1601eede53c33d45efd689c7ca339ca979692841a24ed5b9f4e1432bc692af8,2018-12,Essex Police,Essex Police,0.045840,51.646358,On or near LITTLE DRAGONS,E01021781,Epping Forest 014B,Investigation complete; no suspect identified
f76e37699f7016ee1765bf4710163e0ce80f5298cfdd6fc26c4863b3d3dfcb6a,2018-12,Essex Police,Essex Police,0.725627,51.556329,On or near FOSSETTS WAY,E01015871,Southend-on-Sea 006C,Investigation complete; no suspect identified
bf1424dc3b976f6d919a05c4805e30828c1a35dc13094859153c9e1f5ea1d962,2018-12,Essex Police,Essex Police,0.636446,51.807205,On or near BELLFIELD CLOSE,E01021417,Braintree 015B,Unable to prosecute suspect
24e814b4d0da1ba4181c6ca68bba501fce69f6908acc36d56f38eb34d2eba272,2018-12,Essex Police,Essex Police,0.118780,51.651350,On or near THE CHESTNUTS,E01021770,Epping Forest 010A,Investigation complete; no suspect identified
e02a7920299ea136a44cfda9d1a5c92109b4a3ef22f9e76e2b044ae477dc65a9,2018-12,Essex Police,Essex Police,0.101956,51.754464,On or near FIVE ACRES,E01021871,Harlow 007D,Unable to prosecute suspect
4c1de68a86b742e5e4d35ef1ab04da413b1f9c49ebc0f54f56325db0caf1647e,2018-12,Essex Police,Essex Police,0.588876,51.570165,On or near TRITON WAY,E01021510,Castle Point 002B,Investigation complete; no suspect identified
84eb31055c88b01e62fb28e50cb88c6c6075b6b51fa820959393142a04d592d4,2018-12,Essex Police,Essex Police,0.624941,51.805691,On or near Parking Area,E01021427,Braintree 016C,Unable to prosecute suspect
f9d26a7aad545666f601dad373ca8a280e9bb75f22d7a48a34ef85295fe3f73b,2018-12,Essex Police,Essex Police,0.456959,51.570727,On or near Shopping Area,E01021318,Basildon 015C,Investigation complete; no suspect identified
e0ddcdfe97dbc2a438681b6930e46ea1bdd90d4d04922efdab7ab2905b1a9ed3,2018-12,Essex Police,Essex Police,0.271275,51.476355,On or near Petrol Station,E01016012,Thurrock 015C,Investigation complete; no suspect identified
908fd61f749d8812ab782fdcb71f9fc9c3ca7e08eb5e67830e7958e57c5abfbb,2018-12,Essex Police,Essex Police,0.505709,51.574139,On or near MALGRAVES,E01021304,Basildon 013C,Investigation complete; no suspect identified
6b22c8090f897987a0252f01211c78944ba335cfac57561d871d7f76cc705ccc,2018-12,Essex Police,Essex Police,0.361679,51.461709,On or near CALCUTTA ROAD,E01016009,Thurrock 018G,Unable to prosecute suspect
105f4cd13dbec3b6f201932ef0e62eb17defb7a7518c607fd0cf8b9ceb096dd2,2018-12,Essex Police,Essex Police,0.094895,51.770021,On or near Nightclub,E01021872,Harlow 007E,Investigation complete; no suspect identified
1144e654154643a4c94d551a48ee40fac39cc17aabd27e8c01868c00f77b11be,2018-12,Essex Police,Essex Police,0.469839,51.755616,On or near PEMBROKE PLACE,E01021588,Chelmsford 006B,Unable to prosecute suspect
9ab20d941668aa31a380fcc0c6acf8d55711e65e301ebd674e8cdeea41fe612e,2018-12,Essex Police,Essex Police,0.320568,51.622264,On or near WORRIN CLOSE,E01021466,Brentwood 005E,Investigation complete; no suspect identified
f6793fdc9afe34f67d2b5bcd5f236aab8bf4b96b32e980f66dc85f8de413e41d,2018-12,Essex Police,Essex Police,0.520333,51.755246,On or near A130,E01021537,Chelmsford 005B,Investigation complete; no suspect identified
ecb4968149c9ebffb8c272c54399a561fd58d1a8a65a859d668cddfaa3838f7c,2018-12,Essex Police,Essex Police,0.284143,51.486609,On or near Shopping Area,E01016011,Thurrock 015B,Local resolution
f3e2902cb45919fa5ad98213c04c7588c29c5d7d1fafa8646b366c046236ab35,2018-12,Essex Police,Essex Police,-0.004840,51.687786,On or near ROMELAND,E01021818,Epping Forest 009C,Unable to prosecute suspect
fa4c5cba3b7e1e3746f8b3e8ccecc8ea38161e6ad28142af2ad62c4762fd3be7,2018-12,Essex Police,Essex Police,0.897124,51.887227,On or near CHAPEL STREET NORTH,E01021649,Colchester 007D,Investigation complete; no suspect identified
1c629e373d6ed5d4c3577332fa4369f28827d8995ba58d008755693a601e967b,2018-12,Essex Police,Essex Police,1.093192,51.896326,On or near B1035,E01022019,Tendring 003E,Unable to prosecute suspect
a16629571d4e105847012ac6410c4b1629088eaf37ae7ee69f423acc0b4afd2a,2018-12,Essex Police,Essex Police,0.294551,51.617731,On or near Police Station,E01021439,Brentwood 007C,Unable to prosecute suspect
ff46efab621b9e3401b2301064e07722915057fc4e5a0e83d4296a841e2e40a8,2018-12,Essex Police,Essex Police,0.735048,51.536126,On or near SANDRINGHAM ROAD,E01015892,Southend-on-Sea 016D,Unable to prosecute suspect
2d22ed655fc7889b6b57fc504452a832395c21648b72d5a24e7a39ba1c3fec04,2018-12,Essex Police,Essex Police,0.103004,51.749886,On or near COPSHALL CLOSE,E01021858,Harlow 010B,Unable to prosecute suspect
9bfce9dcfcf99768a7b29ef1290718bbfbf35809d7ae417ccb803fa1b3244945,2018-12,Essex Police,Essex Police,0.452059,51.529821,On or near YORK AVENUE,E01015943,Thurrock 001A,Investigation complete; no suspect identified
4f9cec3cc8f072a4cb609e3f7515cdb0ec24608c0c0f9f9247c20b943bda689a,2018-12,Essex Police,Essex Police,0.456959,51.570727,On or near Shopping Area,E01021318,Basildon 015C,Unable to prosecute suspect
7c632b22a4b43c58967da104dd0de8968bb7354bcc6a4449448f6d2eaed292e9,2018-12,Essex Police,Essex Police,1.125924,51.798208,On or near MENDLESHAM CLOSE,E01022031,Tendring 015D,Unable to prosecute suspect
b96ac2ee4fab729368327e277c817e6d249ebca69598122ac152efa8daefff4f,2018-12,Essex Police,Essex Police,0.469663,51.575056,On or near GIPPESWYCK,E01021266,Basildon 015A,Unable to prosecute suspect
54b8f590e096d044b4ec745962a8ad6f863be91bbb98ec83b8344715c3423e78,2018-12,Essex Police,Essex Police,0.233207,51.914457,On or near Petrol Station,E01022062,Uttlesford 005A,Action to be taken by another organisation
72486b16c4bae688e570944aeb2ab94bbdb44fce88e8ab8aac18c9b040aca6b1,2018-12,Essex Police,Essex Police,0.115577,51.674456,On or near Park/Open Space,E01021800,Epping Forest 003C,Investigation complete; no suspect identified
a7e8cceec59aad184e903da1c9e90f3d7e4d54eeee5c2cbf449968db9c5a313d,2018-12,Essex Police,Essex Police,0.902192,51.889423,On or near ST NICHOLAS STREET,E01021649,Colchester 007D,Investigation complete; no suspect identified
c0f449f7693546f24e7246c72e0e04942caa02d99cb8452e72c8ededb53b6828,2018-12,Essex Police,Essex Police,0.428935,51.569953,On or near FOXGLOVE COURT,E01021288,Basildon 016B,Investigation complete; no suspect identified
dc9fdb17c0f6ab0d37682e96d7794002b113ce425b1e4d0276a7cf82bb914e88,2018-12,Essex Police,Essex Police,0.260030,51.498830,On or near AVELEY CLOSE,E01015926,Thurrock 008E,Investigation complete; no suspect identified
3836b9fc22ce046ea3094411986291320312df60d791699ae95acf2093f9fa5e,2018-12,Essex Police,Essex Police,0.362673,51.466194,On or near CENTRAL AVENUE,E01016007,Thurrock 018E,Local resolution
e0772a1c40c14587fdbd0f3264a3286f77c6cd129dcdfe0bd274cfed81c0c7e4,2018-12,Essex Police,Essex Police,0.322008,51.478851,On or near QUARRY HILL,E01015956,Thurrock 016B,Investigation complete; no suspect identified
04ea52f46c452329af600bd4ea5081d152e87723232c057eb686658564378543,2018-12,Essex Police,Essex Police,0.513170,51.751784,On or near White Hart Lane,E01033144,Chelmsford 005F,Investigation complete; no suspect identified
81529101f1b19335340c2f527054f661d7fed281cc17788a7cec5aabfb3c063f,2018-12,Essex Police,Essex Police,0.637897,51.809448,On or near Petrol Station,E01021416,Braintree 017B,Investigation complete; no suspect identified
65848dc0ca84206480a07d34df7552210c08b604c1e7aaf32d1fee4a706711a7,2018-12,Essex Police,Essex Police,0.116751,51.688166,On or near STEWARDS CLOSE,E01021759,Epping Forest 006D,Investigation complete; no suspect identified
769fc142c96c8d70da957e87fa28ee0c60ffe6d9f0baa4a036c50b25997bba47,2018-12,Essex Police,Essex Police,0.476787,51.713625,On or near PETREL WAY,E01021557,Chelmsford 015A,Investigation complete; no suspect identified
2893faad2b0a4b4f2daa72018aa48a08767a7508e70fb50893e2ba9e2107ebdd,2018-12,Essex Police,Essex Police,1.161910,51.791317,On or near CHURCH ROAD,E01022050,Tendring 014E,Investigation complete; no suspect identified
3568c802550a612d518e3af63a693113c064b8f3b371d3f46d8fba708dbf3dc2,2018-12,Essex Police,Essex Police,0.839034,51.886342,On or near CHAPEL ROAD,E01021720,Colchester 012C,Unable to prosecute suspect
8b4186258b80eaa2fe99500f8eeacb918ba2e814a8666e5d8ddbb069d0e632bb,2018-12,Essex Police,Essex Police,1.035237,51.793291,On or near COLNE VIEW,E01022046,Tendring 011E,Unable to prosecute suspect
7cbb2e695cdf2f289f8c81d910ae6ccdc399c599bc913721d4210c15742eda81,2018-12,Essex Police,Essex Police,0.473762,51.577191,On or near ORSETT END,E01021265,Basildon 012A,Suspect charged
7cbb2e695cdf2f289f8c81d910ae6ccdc399c599bc913721d4210c15742eda81,2018-12,Essex Police,Essex Police,0.473762,51.577191,On or near ORSETT END,E01021265,Basildon 012A,Suspect charged
64012dc31e0d6ddb89ec3a4367ff1cfc02fa779e74143bd74a48bb51583d127a,2018-12,Essex Police,Essex Police,0.302207,51.620297,On or near HIGH STREET,E01021433,Brentwood 007A,Investigation complete; no suspect identified
4eafd737da5071a9b57bd98e9cf7d37ade122e5f5b027f894c838a7d6b756baa,2018-12,Essex Police,Essex Police,0.468341,51.597810,On or near JUBILEE ROAD,E01021260,Basildon 009D,Investigation complete; no suspect identified
8f0bc50140a2cab4b4e58e75b81ac48af91d0ecca11fb8b04fc29274e152a314,2018-12,Essex Police,Essex Police,0.473762,51.577191,On or near ORSETT END,E01021265,Basildon 012A,Suspect charged
3611986e7d36e3ee7349a5ee439950f439551dd7562c361a7516a857195c2d80,2018-12,Essex Police,Essex Police,0.475387,51.732801,On or near Shopping Area,E01033140,Chelmsford 010F,Investigation complete; no suspect identified
b83e40547c111167a4728c23da14e8769c58c82eb52a96ac111caf5b036b203a,2018-12,Essex Police,Essex Police,0.506961,51.745891,On or near CUTON HALL LANE,E01021544,Chelmsford 008A,Investigation complete; no suspect identified
ab94c048e215088d4c2af3044952f9db3eb04990bb71000cda45dc39c0c95dea,2018-12,Essex Police,Essex Police,0.604033,51.584615,On or near CASTLE CLOSE,E01021966,Rochford 008F,Investigation complete; no suspect identified
e929ad55983263dde578acc42bd2460dbfa1cd7a0ab6f0ed921f19fc5a655600,2018-12,Essex Police,Essex Police,0.409905,51.596776,On or near RECTORY ROAD,E01021254,Basildon 009A,Investigation complete; no suspect identified
28c09de6b6e4802e69b5bec967177660b8ee7eec790e0378b4d499fba750c87e,2018-12,Essex Police,Essex Police,0.455025,51.557871,On or near FOBBING FARM CLOSE,E01021297,Basildon 020D,Unable to prosecute suspect
8429bafbffca33a66fd75aff89bb28673d5331b2ac3544e215ce31a9984af1ea,2018-12,Essex Police,Essex Police,0.551940,51.879054,On or near DRURY LANE,E01021365,Braintree 009D,Investigation complete; no suspect identified
f3156964e8c56c5bd4bf623834d8ed03926c4ecdf44dbd6c3141b7e8a4c18980,2018-12,Essex Police,Essex Police,0.425926,51.576310,On or near TOWER AVENUE,E01021290,Basildon 016D,Unable to prosecute suspect
2f6d3ef482d79233263bce11371607db4c70e3855e27b9f7d5aac3a7fedac989,2018-12,Essex Police,Essex Police,0.434705,51.521009,On or near WILLS HILL,E01015986,Thurrock 003C,Unable to prosecute suspect
242b1aff338f6226a4b61ee44f6a296233ace55e7595f397d8c80e149d3d56f9,2018-12,Essex Police,Essex Police,0.189241,51.897236,On or near PINES HILL,E01022087,Uttlesford 005F,Unable to prosecute suspect
4f73b3376715d0012f16eaeb45a6d72b56fb2dc1f63b39046416f61086d6a049,2018-12,Essex Police,Essex Police,0.357095,51.463006,On or near ALEXANDRA ROAD,E01016006,Thurrock 018D,Suspect charged
61f305a1a2ee8184b8d374bd76520c8b237def3e9fdaf97c6013fa2757e4e8ca,2018-12,Essex Police,Essex Police,0.854997,51.875882,On or near CLARA REEVE CLOSE,E01021690,Colchester 014B,Unable to prosecute suspect
70f481afb347d4cf1c3bf704d94e323f1ed514391e4492b337c8203618675c30,2018-12,Essex Police,Essex Police,0.904304,51.876636,On or near MAPLE WAY,E01021642,Colchester 018F,Unable to prosecute suspect
696438938750a85ed66a2c0a745757d883c7a76ec4455f9cb65b61030dcdd645,2018-12,Essex Police,Essex Police,0.373301,51.483417,On or near VIGERONS WAY,E01015933,Thurrock 012A,Investigation complete; no suspect identified
03e443a24f7b2b1d20a2a8ff54eac23499c69831969c186d0df628da05d7d308,2018-12,Essex Police,Essex Police,0.565974,51.523282,On or near SECOND AVENUE,E01021486,Castle Point 010B,Investigation complete; no suspect identified
84a2e4f6057eae811e7e53c5e32e38e047ee548d696ffc6e8dc289216b97bf78,2018-12,Essex Police,Essex Police,0.456169,51.571868,On or near Pedestrian Subway,E01021318,Basildon 015C,Unable to prosecute suspect
024a209ec28562f2f824695d990a510927fb18e0f9f611f65b0c0cb8207b9bc3,2018-12,Essex Police,Essex Police,0.447317,51.572044,On or near DELIMANDS,E01021293,Basildon 017C,Suspect charged
97968fb27812a95bde26e3f52ac5113fdb3ec5e8fcb635b5fb60803539e759e9,2018-12,Essex Police,Essex Police,0.475214,51.731744,On or near Shopping Area,E01033140,Chelmsford 010F,Investigation complete; no suspect identified
d8e202805f20153a8089ee00dbdd5f5ebaa9f17b42302de30a0baecdaa7358af,2018-12,Essex Police,Essex Police,0.425926,51.576310,On or near TOWER AVENUE,E01021290,Basildon 016D,Unable to prosecute suspect
9d7bd40f7a9f00b3f4195239bccef6adb8b51c38be7db0c40c035fa3df43239c,2018-12,Essex Police,Essex Police,0.712497,51.540310,On or near Bus/Coach Station,E01015895,Southend-on-Sea 010A,Unable to prosecute suspect
85e3f4b3026394f84205990a573632b463843a64b89dee8c3a8241a4dc19e704,2018-12,Essex Police,Essex Police,0.520333,51.755246,On or near A130,E01021537,Chelmsford 005B,Investigation complete; no suspect identified
2dab676e63bd4c9ce47843570df98ce29ab92e37c277072879da1da4bd1ff22c,2018-12,Essex Police,Essex Police,0.340118,51.498950,On or near ASHLEY GARDENS,E01015966,Thurrock 010D,Action to be taken by another organisation
02483aac767c4d8427e33c2bc3b68a554d7f5813757889124b44b3ecdfe3c4d2,2018-12,Essex Police,Essex Police,0.403279,51.570814,On or near PAXFORDS,E01021277,Basildon 014D,Unable to prosecute suspect
6c981bf169e28eab8319235bd285458065957fff94fbf8bf1ef0f9e6c1f46977,2018-12,Essex Police,Essex Police,1.273035,51.936411,On or near Supermarket,E01022000,Tendring 002A,Suspect charged
a3516b200b310bcb46bb6c0d71193b11ff710b4be8e0e491a141f631eb7b8676,2018-12,Essex Police,Essex Police,0.781010,51.527867,On or near ST ANDREWS CLOSE,E01015920,Southend-on-Sea 017G,Unable to prosecute suspect
4008b23606935ff1a28534c1772f4556d74e6c811b356fbf5a5d819329de365e,2018-12,Essex Police,Essex Police,1.273035,51.936411,On or near Supermarket,E01022000,Tendring 002A,Suspect charged
0da1d8af52fdb86d0b591a674edc64136eedda2d5a182b311fb6abbf8db7955f,2018-12,Essex Police,Essex Police,0.712497,51.540310,On or near Bus/Coach Station,E01015895,Southend-on-Sea 010A,Investigation complete; no suspect identified
a37df6b5174660b3040add5683a2f61080d8af1d387f7daf5a828346a922a702,2018-12,Essex Police,Essex Police,0.539912,51.589618,On or near SOUTHEND ARTERIAL ROAD,E01021344,Basildon 008D,Formal action is not in the public interest
0935227d3f50f1f88e6a58bb0b2b9545d6ac7f9a76612e7ec092ebb6dd902d95,2018-12,Essex Police,Essex Police,0.712497,51.540310,On or near Bus/Coach Station,E01015895,Southend-on-Sea 010A,Investigation complete; no suspect identified
4b51d41f66bd8c9fbedc2c51c0165d16d270ceac4e7c0750f4e3394fb905fc1f,2018-12,Essex Police,Essex Police,0.597126,51.668982,On or near ORMONDS CRESCENT,E01021535,Chelmsford 016B,Investigation complete; no suspect identified
cb210ca73ed27109326fddf4a90c9a6ae1af2b4d88afa59bdb82aa1c056722dd,2018-12,Essex Police,Essex Police,0.711264,51.538980,On or near Parking Area,E01015854,Southend-on-Sea 015D,Suspect charged
65d6dcc29976f9a31dce0f34bce7075836a5a2205e6c4e0fa088b46be45da767,2018-12,Essex Police,Essex Police,0.187051,51.582121,On or near Petrol Station,E01002353,Havering 013B,Unable to prosecute suspect
a3a0e582a32e5500baf151afb2c1265baeb039a8ff313137da226756d0e372fe,2018-12,Essex Police,Essex Police,0.285272,51.488728,On or near Parking Area,E01016011,Thurrock 015B,Local resolution
c565b9c1d9adae81944df9b1f3684f688f69a22a5fb47680419a81141c6ffbce,2018-12,Essex Police,Essex Police,0.457893,51.569044,On or near MARKET SQUARE,E01021318,Basildon 015C,Suspect charged
91bfc3f41e5ba09f6886e8e67251d0238519ca39bf9ecedfb6ff7bacd544d819,2018-12,Essex Police,Essex Police,0.967340,51.872040,On or near HEREWARD CLOSE,E01021737,Colchester 017B,Investigation complete; no suspect identified
8b800eff7bdd290478b0a1f9ee51237a5b731a754e02a7dfeac9c530da273323,2018-12,Essex Police,Essex Police,0.456512,51.570458,On or near Shopping Area,E01021318,Basildon 015C,Unable to prosecute suspect
dfd095ac9fc39afbc152da1947e44c67622761970e3cb4be500b2e6ab6b05f5b,2018-12,Essex Police,Essex Police,0.698821,51.559260,On or near MARLOW GARDENS,E01015866,Southend-on-Sea 002D,Action to be taken by another organisation
4038f8ca8d08b56bfcc0691be999a7ce0e381e999351eb180b2dfa2dfd48697a,2018-12,Essex Police,Essex Police,0.657560,51.542017,On or near ALEXANDRA ROAD,E01015847,Southend-on-Sea 011C,Investigation complete; no suspect identified
a74f55904064fe9b884bddfd87dd78a2b0d40836255cc3b414ddad0d45372f8e,2018-12,Essex Police,Essex Police,0.499551,51.750752,On or near LUPIN MEWS,E01021621,Chelmsford 007B,Investigation complete; no suspect identified
c20826d2dadf17de27c1b303c5045e31feb7a0313892688352f20adcdc75ba70,2018-12,Essex Police,Essex Police,0.477311,51.732761,On or near HIGH BRIDGE ROAD,E01033140,Chelmsford 010F,Investigation complete; no suspect identified
20815f9825d83b2e8fa71526d7fbfe0b81277389aaebd46b5264e0e94ffec962,2018-12,Essex Police,Essex Police,0.675197,51.731991,On or near GATE STREET,E01021891,Maldon 004C,Unable to prosecute suspect
a46c093a1df853645192dfbd3b1bb3a7ebfc1214178484a70644e5f13b2d2521,2018-12,Essex Police,Essex Police,0.627477,51.844053,On or near SCHOOL ROAD,E01021360,Braintree 012A,Unable to prosecute suspect
fe0208a12b3f28a24af6c5ef3408613ed7e2f31659a8ed3781ad55b2133659d2,2018-12,Essex Police,Essex Police,0.262613,51.888213,On or near Parking Area,E01022090,Uttlesford 006B,Investigation complete; no suspect identified
00f947ef72dd8da79e084df8192639f4d5ef591853c95634334bc972cb07e7f1,2018-12,Essex Police,Essex Police,0.552023,51.889745,On or near BEECH AVENUE,E01021359,Braintree 008D,Investigation complete; no suspect identified
d4e3c51d6c7f9901e9b8ea85565a2e47ba5b2ff4cc133213fcc8ef13a3b4f3d2,2018-12,Essex Police,Essex Police,0.472257,51.733569,On or near Shopping Area,E01033141,Chelmsford 010G,Investigation complete; no suspect identified
3d25359fea536a2f1ab7749cf3e92652107efe31c8c1d5a36af6fe9fe859726c,2018-12,Essex Police,Essex Police,0.454835,51.732792,On or near ASH TREE CRESCENT,E01033138,Chelmsford 009F,Unable to prosecute suspect
fcf3d4184854b9ae6b2fdad112a8d98c106a8354aad1fac179a80a902f618cc9,2018-12,Essex Police,Essex Police,1.155659,51.804392,On or near OLD ROAD,E01022042,Tendring 014A,Investigation complete; no suspect identified
ea4c1b5536330318f8c2a1a94ad69c5c50aab397c9b780010f73c6cf4bd80009,2018-12,Essex Police,Essex Police,0.159774,51.920783,On or near STEWARTS WAY,E01022089,Uttlesford 005G,Investigation complete; no suspect identified
e63b0c6e178fa3bcb583bf0294b6c2ac208a029821d3bab7cf8bc1b3b6895985,2018-12,Essex Police,Essex Police,0.731243,51.531591,On or near RETORT CLOSE,E01015841,Southend-on-Sea 014C,Investigation complete; no suspect identified
81023af0361cf7ac7a37f762b818a0d92b977ef7ec46df970a3b14b92209b4ed,2018-12,Essex Police,Essex Police,0.920374,51.916286,On or near HANNINGFIELD WAY,E01033720,Colchester 002F,Unable to prosecute suspect
c307ce2ee2364df9680e4ae2f0ef91c4173124b93bd0ad0fd80b6b5b3bdddcab,2018-12,Essex Police,Essex Police,0.701379,51.543022,On or near CLIFF AVENUE,E01015896,Southend-on-Sea 010B,Unable to prosecute suspect
13279f73545418a27ef2b00da98309d84f6f6ce4dbc21f095f21fe03c0af7e15,2018-12,Essex Police,Essex Police,0.568159,51.878854,On or near CRESSING ROAD,E01021370,Braintree 011B,Investigation complete; no suspect identified
7bd68e0b1c7fecf9ff08d4fc36c4b0c0cacb2b5d81dd83cfe9018231b57d955f,2018-12,Essex Police,Essex Police,0.566136,52.017174,On or near THE CROFT,E01021430,Braintree 001D,Investigation complete; no suspect identified
f06085040f2e3c7d2fd10a6f832eae5a1777b4922636c1cba51c8a07e9636ce3,2018-12,Essex Police,Essex Police,0.923381,51.915555,On or near REGENTS CLOSE,E01021669,Colchester 002B,Unable to prosecute suspect
9bb679ff6d925fad155c10f16ce875a6b25bb91a06682470a6db735e87e09b12,2018-12,Essex Police,Essex Police,0.281698,51.489840,On or near Parking Area,E01016011,Thurrock 015B,Local resolution
0f14ca20002f1a7a9c9919d2db74a64800b306d104191b00dee6e9610d719d07,2018-12,Essex Police,Essex Police,0.112038,51.621688,On or near GRAVEL CLOSE,E01021749,Epping Forest 016A,Investigation complete; no suspect identified
abbdb0cf3d812504589aad30329a32439d3350a83eda3e96a2f60022446d9e3f,2018-12,Essex Police,Essex Police,0.892052,51.890626,On or near HENRY LAVER COURT,E01021646,Colchester 007A,Investigation complete; no suspect identified
3e726b590c47fe8318424516e2d0cf5939410ccc0b2869ecfd94a430affda4fe,2018-12,Essex Police,Essex Police,0.292090,51.515807,On or near ORCHARD CLOSE,E01015932,Thurrock 006A,Investigation complete; no suspect identified
9c10b999b2e15862823006dd9e90fa7283fe8b7a64d87b41a5738d0599ef6802,2018-12,Essex Police,Essex Police,0.897825,51.889081,On or near CULVER STREET WEST,E01021649,Colchester 007D,Investigation complete; no suspect identified
e5a11c0492c37d0ffa6917c30efd281e2e32643746e3cc73e0eb71028089f578,2018-12,Essex Police,Essex Police,0.777217,51.525736,On or near WATERFORD ROAD,E01015920,Southend-on-Sea 017G,Investigation complete; no suspect identified
0f35994e2f111d76bcba2f7d5ebf67251dd5ab3e81375a6cd3c423f2389ba2dd,2018-12,Essex Police,Essex Police,0.082125,51.646763,On or near Petrol Station,E01021776,Epping Forest 011C,Investigation complete; no suspect identified
3755597d5ddb073ddfa71a4cc455c7a180c035e259fdd05b9f95f7e4fb900050,2018-12,Essex Police,Essex Police,0.462590,51.750481,On or near Sports/Recreation Area,E01021589,Chelmsford 006C,Local resolution
1b52e1fe7fa7df987a0054083c3e99e473d0df091ed22fcb846a177697e916d1,2018-12,Essex Police,Essex Police,0.343044,51.494764,On or near LAIRD AVENUE,E01015966,Thurrock 010D,Unable to prosecute suspect
46c7060b20db6ac895c3594c6c4ee11e9ac073ef0a1add399cddd2393b0e0aff,2018-12,Essex Police,Essex Police,0.443114,51.583274,On or near Pipps Hill Retail Park,E01021268,Basildon 015B,Local resolution
1f453653771fbe645e386ff3e92c9830cc71c4f2f497bb1155a0ef2f60c101ab,2018-12,Essex Police,Essex Police,0.615393,51.549405,On or near PARK CHASE,E01021518,Castle Point 006B,Unable to prosecute suspect
168de479908c33195b625bbedb7831d7f566c5a090b638a8469567d6a14a64db,2018-12,Essex Police,Essex Police,0.709743,51.544690,On or near Police Station,E01015895,Southend-on-Sea 010A,Unable to prosecute suspect
b35443ee120a50edd43962059ee20b0048c9c91280d42193a0e7c773dea80ecd,2018-12,Essex Police,Essex Police,0.473762,51.577191,On or near ORSETT END,E01021265,Basildon 012A,Suspect charged
450cb0f4e08bb32c2719bb42e0395a6c0b4e8857118eaa6d0deee8fefe910393,2018-12,Essex Police,Essex Police,0.295196,51.517941,On or near GARTH ROAD,E01015975,Thurrock 006F,Investigation complete; no suspect identified
7707718e312e51dfd7b9d7d5bd468f61276a8a5023fce7ffcf70bea469c63bb3,2018-12,Essex Police,Essex Police,0.277434,51.486092,On or near Shopping Area,E01016012,Thurrock 015C,Investigation complete; no suspect identified
5a93447117a69093b1760160e24956df5b166ed0a383d7e9c1e9b0ba76118613,2018-12,Essex Police,Essex Police,0.443114,51.583274,On or near Pipps Hill Retail Park,E01021268,Basildon 015B,Local resolution
27b47d3411b85cac7a35c3d84336a8c764bf5ff618b50cf3c6e25f6c1409a9a3,2018-12,Essex Police,Essex Police,0.324584,51.479375,On or near Theatre/Concert Hall,E01015959,Thurrock 016C,Investigation complete; no suspect identified
af8d86a71e0133d832098f298291237b4cec2257baaf9bc7257673c660e5e85c,2018-12,Essex Police,Essex Police,0.712311,51.534765,On or near Parking Area,E01015852,Southend-on-Sea 015B,Investigation complete; no suspect identified
4ce1e53c08941e0f945076b791c16918c047756f02282df66e253fb7d53b3052,2018-12,Essex Police,Essex Police,0.927614,51.918696,On or near SMEATON CLOSE,E01033720,Colchester 002F,Offender given a drugs possession warning
e4a262e1b8badc4b692db353ac204bf4ea2df08c70ffcd836b873fd352e4afab,2018-12,Essex Police,Essex Police,0.455025,51.557871,On or near FOBBING FARM CLOSE,E01021297,Basildon 020D,Local resolution
6cd5efe957e0cf58212773a7d3ce4d1edb1fe522dfbde6ac0e6a275cb0372ebb,2018-12,Essex Police,Essex Police,0.708174,51.587968,On or near ST CLARE MEADOW,E01021953,Rochford 004C,Suspect charged
8d4e5b99f71a1cf0ac8b613230ef662b2cf230afb1ca84fa8de600e280723a8c,2018-12,Essex Police,Essex Police,0.085796,51.647057,On or near TORRINGTON DRIVE,E01021776,Epping Forest 011C,Unable to prosecute suspect
d43af13c11199f60cb280214d246a15d021da9ffa75646922b141224bac8bdf5,2018-12,Essex Police,Essex Police,0.301336,51.518792,On or near BIRCH CLOSE,E01015974,Thurrock 006E,Offender given a drugs possession warning
68643d47199e79406d98fad0517cbd9c64034198542d3fa20d1383b8953b4f00,2018-12,Essex Police,Essex Police,0.455025,51.557871,On or near FOBBING FARM CLOSE,E01021297,Basildon 020D,Local resolution
53b26fbd95f901ed3fe809e4b87459955301a699b55b56022c62e494f6372d94,2018-12,Essex Police,Essex Police,0.471483,51.739277,On or near MARCONI ROAD,E01021574,Chelmsford 010A,Investigation complete; no suspect identified
174423344bf8ea8017670b980c5b44de369b6e2841ddacf4dccac6a5abfea8da,2018-12,Essex Police,Essex Police,0.460995,51.742996,On or near KIRKLEES,E01021573,Chelmsford 009A,Investigation complete; no suspect identified
c71bf9f348a00b201f0ed90be37130ab23f18f55a5efc53c9473ce9734989464,2018-12,Essex Police,Essex Police,0.869156,51.874153,On or near WALNUT TREE WAY,E01021713,Colchester 015C,Suspect charged
1492e1bd9003ba0dc167ca7e2a4933123b0dfd87c8463ef367afb0e64d42a2d5,2018-12,Essex Police,Essex Police,0.500879,51.590268,On or near Cricketers Retail Park,E01021307,Basildon 011C,Investigation complete; no suspect identified
2ce85b062d072a78959398f7d6e3da4c66593dd102056be5e28b381d209d537f,2018-12,Essex Police,Essex Police,0.441050,51.860913,On or near CHESTNUT WALK,E01033052,Uttlesford 008F,Unable to prosecute suspect
f5dfdba1c388dd3e1d276e0c9c5a450f5c8d2d869fe33e69a6ba19607195ed72,2018-12,Essex Police,Essex Police,0.281698,51.489840,On or near Parking Area,E01016011,Thurrock 015B,Local resolution
8d8dd2daeeb47e6e4ae38900408fcbe5d83483c4c1b6cf9b071261f854acf52e,2018-12,Essex Police,Essex Police,0.401581,51.570903,On or near BLACKMORES,E01021277,Basildon 014D,Investigation complete; no suspect identified
7878072c7ce449304ed31ae5016ebd2d2415da90ebfbe0dff53e36b326e74221,2018-12,Essex Police,Essex Police,0.579207,51.880708,On or near FORE FIELD,E01021369,Braintree 012D,Unable to prosecute suspect
fb38fd441b4c875d5419144c3fabff248a5527c7063941ae5d8e8a28f33b12bb,2018-12,Essex Police,Essex Police,0.639342,51.572377,On or near Petrol Station,E01015837,Southend-on-Sea 001E,Investigation complete; no suspect identified
c60dc855d25531dfc1652f00cc74032ad5ba11c20b4c534a26087b7b9af9536e,2018-12,Essex Police,Essex Police,1.271326,51.848530,On or near OLD PIER STREET,E01022056,Tendring 006E,Investigation complete; no suspect identified
7910190f8bf85d332a4438f068e5b59a9d8fa431692acc041b1470af6882f996,2018-12,Essex Police,Essex Police,0.448334,51.577527,On or near Sports/Recreation Area,E01021319,Basildon 017E,Investigation complete; no suspect identified
37104c1dee8e67edfa066db69874c657fc9f596a110a1962650ccebec2b39ef0,2018-12,Essex Police,Essex Police,0.579207,51.880708,On or near FORE FIELD,E01021369,Braintree 012D,Unable to prosecute suspect
0e662d968b3c16ef09cffce5a1b0896dc36080637cb5e01c82beba7a9f831dc6,2018-12,Essex Police,Essex Police,0.285272,51.488728,On or near Parking Area,E01016011,Thurrock 015B,Investigation complete; no suspect identified
5d6640911af74bb65174fc360146f99962eb015dad0da343d63955d6f983078f,2018-12,Essex Police,Essex Police,0.053305,51.643628,On or near OLD STATION ROAD,E01021781,Epping Forest 014B,Unable to prosecute suspect
68d08101cb9808315cd80db445fcf63c38ea355c893ceb30ac676f4072ae0233,2018-12,Essex Police,Essex Police,0.454958,51.753761,On or near PEGGOTTY CLOSE,E01021590,Chelmsford 002D,Local resolution
cbf107737a6abfc58db91b00fa2b6e9d192f3580c5af8e3672d43cf78a7742c2,2018-12,Essex Police,Essex Police,0.243726,51.480177,On or near OAKHILL ROAD,E01016013,Thurrock 015D,Investigation complete; no suspect identified
99493ae36154159a62ec0bf91fc43da6e7c4ed9257a661aec4259ea42bec52a2,2018-12,Essex Police,Essex Police,0.575173,51.598868,On or near LONDON ROAD,E01021920,Rochford 006A,Offender given a drugs possession warning
78b83e0c2bff7d5fb4f36e324999b7104cdac7ffa75f2b58a2b85ba3e0fb33cf,2018-12,Essex Police,Essex Police,0.611886,51.552388,On or near LONDON ROAD,E01021518,Castle Point 006B,Investigation complete; no suspect identified
09d90fa7f06b6c905f5450c2a2266f637c62bc2680ba25a82dee1e3e5e5fe35a,2018-12,Essex Police,Essex Police,0.075640,51.774598,On or near CANONS GATE,E01021840,Harlow 004B,Unable to prosecute suspect
39f408f81acde0e0bf62e2eae974996a7c4b22dc85b244c6339396d38b9b27aa,2018-12,Essex Police,Essex Police,0.455025,51.557871,On or near FOBBING FARM CLOSE,E01021297,Basildon 020D,Unable to prosecute suspect
20cef5bcc58aaa8d34924a8577db4155d47af8438f3ec5465af1b7c0ba4f2bbb,2018-12,Essex Police,Essex Police,0.875733,51.938692,On or near THE CAUSEWAY,E01021659,Colchester 001C,Suspect charged
1377a06ec99a8b57467c8c5abe000e6e9c3b762cb5d7d5d67023267db36d96d3,2018-12,Essex Police,Essex Police,0.092811,51.774150,On or near Supermarket,E01021843,Harlow 004E,Local resolution
157b0f9dd691949131feda0079c0c66d35a1b50b2044db4e9aec1a3f325af759,2018-12,Essex Police,Essex Police,0.455364,51.569789,On or near Shopping Area,E01021318,Basildon 015C,Investigation complete; no suspect identified
a8c09c41c122ad5b54343b79e3f6badd47f0f30c07f7bf67689ffad99f3f1faf,2018-12,Essex Police,Essex Police,0.117923,51.756309,On or near TROTTERS ROAD,E01021823,Harlow 006D,Unable to prosecute suspect
6741ccec159018a5ab7135b374538799cdc728b223c77fb940f174e3400c70ac,2018-12,Essex Police,Essex Police,0.696374,51.594221,On or near NUTCOMBE CRESCENT,E01021932,Rochford 007B,Unable to prosecute suspect
283d4ee53b60a67e76128b285dd65b441c4298de43a9c100ed505d7205cdf7fe,2018-12,Essex Police,Essex Police,0.725264,51.534824,On or near OUTING CLOSE,E01015842,Southend-on-Sea 014D,Unable to prosecute suspect
de795d1c27d7430621e5d36b665e2b1580e76ec2cf170e36622b5af34155af78,2018-12,Essex Police,Essex Police,0.894589,51.886462,On or near Police Station,E01021651,Colchester 013A,Suspect charged
9524078576955e62ca5b81a8b6bf1f62215a7e7e2dd817f08c4db84ce64aa186,2018-12,Essex Police,Essex Police,0.460775,51.569775,On or near Parking Area,E01021318,Basildon 015C,Unable to prosecute suspect
7f1f8289837276a28f9dff018ca798421ee9c4cd6a065e9b3d1c9372cb250a38,2018-12,Essex Police,Essex Police,0.566003,52.018669,On or near HIGHFIELDS,E01021430,Braintree 001D,Unable to prosecute suspect
0fa992ca75fe46cff7366cd38a577b07d5ca0a7bf0d7b1b207171d4aa67d926a,2018-12,Essex Police,Essex Police,0.869156,51.874153,On or near WALNUT TREE WAY,E01021713,Colchester 015C,Suspect charged
b7bc818823a57c453d02e786d8c08a22ec02e5b79854e792d847d2829b3e8c06,2018-12,Essex Police,Essex Police,0.284490,51.487772,On or near Shopping Area,E01016011,Thurrock 015B,Investigation complete; no suspect identified
6bfcc8df60c4271d19104176971f7d9d37504db12144c288e6231dba210048f8,2018-12,Essex Police,Essex Police,0.096056,51.768166,On or near SOUTH GATE,E01021868,Harlow 007B,Suspect charged
d9319545363e61953e33b20e204b9097ec92803a1468d02f52f1a0686e9388e2,2018-12,Essex Police,Essex Police,0.401581,51.570903,On or near BLACKMORES,E01021277,Basildon 014D,Unable to prosecute suspect
56ef4cf8be0e26ab9de7d3ae0e6102e860d3c01cb8cce00139abeb2af0fd50a6,2018-12,Essex Police,Essex Police,0.901167,51.873727,On or near GURDON ROAD,E01021642,Colchester 018F,Unable to prosecute suspect
318312a35f7a87d611eb76a19bc88314195130de6c9ff3d588ef4a11039a8fad,2018-12,Essex Police,Essex Police,0.592050,51.522960,On or near WAARDEN ROAD,E01021498,Castle Point 011B,Investigation complete; no suspect identified
a3300b0e646654f3ba5bc639c3d7ee26348a7a4f844b01b36405d47c086832f3,2018-12,Essex Police,Essex Police,0.566003,52.018669,On or near HIGHFIELDS,E01021430,Braintree 001D,Unable to prosecute suspect
415956d486bba6e7e705eb5bb357ae58babedc0d2f669af08f605338682c0177,2018-12,Essex Police,Essex Police,0.436682,51.662925,On or near FOSTERS CLOSE,E01033143,Chelmsford 018E,Unable to prosecute suspect
27e660d4f9553ceeb4f8973c632b25cf86dfaa20d568c3831f802ea62c1c940c,2018-12,Essex Police,Essex Police,0.458653,51.747083,On or near NORTH AVENUE,E01021576,Chelmsford 006A,Investigation complete; no suspect identified
93915c42c9083e67fae9790352bfbe31640a39096f57d7574b57c37ec1f7897f,2018-12,Essex Police,Essex Police,0.566003,52.018669,On or near HIGHFIELDS,E01021430,Braintree 001D,Unable to prosecute suspect
7111ea11ae90cb6cc2c55efaf1652d859cf8e2066d43fb60a7642ccab3ddb515,2018-12,Essex Police,Essex Police,1.146107,51.822628,On or near CHRISTOPHER DRIVE,E01022016,Tendring 007C,Unable to prosecute suspect
3a4d781914d06318af1269c88a1f450c5de08ec92146ba17b50ba183a3b1d3b6,2018-12,Essex Police,Essex Police,1.233363,51.930070,On or near CLAYTON ROAD,E01022028,Tendring 004F,Suspect charged
8c805c75b462b1fe974bf436f7a1610aa363e1b01bddf4ab169aae0399060b59,2018-12,Essex Police,Essex Police,0.087903,51.754804,On or near SHAWBRIDGE,E01021831,Harlow 007A,Unable to prosecute suspect
3b73dfa2179a37f42b9417c32a89902b4e7da2ba42df22d36e6758fe588ffe8b,2018-12,Essex Police,Essex Police,0.643572,51.796595,On or near Petrol Station,E01021415,Braintree 017A,Investigation complete; no suspect identified
72ce97df99618ed633844bc93afcd555e4da920b17c3e1fdf2724b7b0d12e076,2018-12,Essex Police,Essex Police,0.377250,51.465198,On or near FLEMING GARDENS,E01016008,Thurrock 018F,Unable to prosecute suspect
24be5b00b8b57514f28bc4ae495c4814a7bbf810d16c10ca23acc66f023d3360,2018-12,Essex Police,Essex Police,0.473762,51.577191,On or near ORSETT END,E01021265,Basildon 012A,Suspect charged
3af12278ce0a8f1ed48c827287ea23fcd5056b69bb977927aa1db51353e060a0,2018-12,Essex Police,Essex Police,0.781010,51.527867,On or near ST ANDREWS CLOSE,E01015920,Southend-on-Sea 017G,Offender given a drugs possession warning
2ef6e43e50bcea13bca1ec4e5f394a1a01434094fcdc30a64f2a3a62765c3eec,2018-12,Essex Police,Essex Police,0.487241,51.557337,On or near COTELANDS,E01021311,Basildon 022C,Action to be taken by another organisation
0c448c0ed0f4b66503281c5044d8c5eb718649639bbc488e8fe96102fb73ed0f,2018-12,Essex Police,Essex Police,0.628186,51.876395,On or near Petrol Station,E01021361,Braintree 012B,Investigation complete; no suspect identified
f88c50b0a11fd9dd4ca47b827aecfbf00f0e7cc475f53a6489cad3d014652c9c,2018-12,Essex Police,Essex Police,1.060285,51.945575,On or near STATION ROAD,E01022020,Tendring 003F,Offender given a drugs possession warning
38e2d3667b2cb71b1f0068229b336720ba7e59532eba1d2a0ca62a1089bf1836,2018-12,Essex Police,Essex Police,0.248986,52.014512,On or near ANSGAR ROAD,E01022082,Uttlesford 002G,Investigation complete; no suspect identified
5c409cba6f715bc59e5244bd60814d8c307ebba9dd9b03d9f4b534d548df410f,2018-12,Essex Police,Essex Police,0.377250,51.465198,On or near FLEMING GARDENS,E01016008,Thurrock 018F,Unable to prosecute suspect
ef71b56a6cde7f515ec03c46a84345c52ac769fbd2893a8e86a67bfeef8e5be1,2018-12,Essex Police,Essex Police,0.602963,51.584594,On or near HIGH STREET,E01021966,Rochford 008F,Investigation complete; no suspect identified
73021bae4098cde6fb39908a9480817258796c43926dea1976f729eda32f2c20,2018-12,Essex Police,Essex Police,0.688748,51.932142,On or near DE VERE ROAD,E01021410,Braintree 006E,Unable to prosecute suspect
545085d57fbef0cc908fb43b15aa9d83e2b0e4681f3a247a420089e02112e23b,2018-12,Essex Police,Essex Police,0.377250,51.465198,On or near FLEMING GARDENS,E01016008,Thurrock 018F,Unable to prosecute suspect
8bbd14e6b7333bc160d9e8f632ec31da6d0f29ec9e9ae1d4d68857fb46de4ef7,2018-12,Essex Police,Essex Police,0.417763,51.628072,On or near TANFIELD DRIVE,E01021253,Basildon 004B,Investigation complete; no suspect identified
30638a702b83adba48f979493b01bbaf5833e2b3cba2020100058b3e8c8067ed,2018-12,Essex Police,Essex Police,0.463062,51.746118,On or near KIPLING CLOSE,E01021592,Chelmsford 006D,Suspect charged
3de8e8d93dfc4d5e96e507eb721858cda9b111056464313f415a04c98b22ed4c,2018-12,Essex Police,Essex Police,0.712497,51.540310,On or near Bus/Coach Station,E01015895,Southend-on-Sea 010A,Unable to prosecute suspect
5e36d570055b42f728f43114c56340c8ac505ebe07e41dce84db5bd5d4513ee4,2018-12,Essex Police,Essex Police,0.463062,51.746118,On or near KIPLING CLOSE,E01021592,Chelmsford 006D,Suspect charged
27fafb279eea8f20ba7dd5a9ef6f2861b5a32398362ee7e4efef4dcb39beec92,2018-12,Essex Police,Essex Police,0.593727,51.778991,On or near RAINBOW MEAD,E01021394,Braintree 018B,Unable to prosecute suspect
e09e4748d8d78372bfd1b0a8df09cc44d73224b77aad95e53fce973a238a64fc,2018-12,Essex Police,Essex Police,0.336574,51.632343,On or near GREAT OAKS,E01021447,Brentwood 005A,Unable to prosecute suspect
05e94855593a64fbd67a390067691a40ab4b22faa845de730372ceabb1a12c63,2018-12,Essex Police,Essex Police,0.336574,51.632343,On or near GREAT OAKS,E01021447,Brentwood 005A,Unable to prosecute suspect
3ffd9a0c86d80ebbc5f4191e96b9c662c5bdefdc43b85819403bea4bc698d713,2018-12,Essex Police,Essex Police,0.467958,51.739450,On or near VICTORIA CRESCENT,E01021574,Chelmsford 010A,Unable to prosecute suspect
1035aec738f517436890e2b1d8e0fd0bfa21ada7c00c325163ebdb42402bc34a,2018-12,Essex Police,Essex Police,0.739402,51.547626,On or near PHILPOTT AVENUE,E01015887,Southend-on-Sea 009E,Unable to prosecute suspect
b0d21241a76b33813a450505ce12ab1d8fd39bce41ab7011d53471d874be1c56,2018-12,Essex Police,Essex Police,0.885570,51.868634,On or near BEECHWOOD CLOSE,E01033723,Colchester 015G,Unable to prosecute suspect
7788e8f9b1cc9218f654cf89b4f3f83071fffc853c4b23ba8787420d433250ef,2018-12,Essex Police,Essex Police,0.555844,51.886901,On or near WOOLPACK LANE,E01021357,Braintree 008B,Investigation complete; no suspect identified
9c75e039c208a3a1ebad864ed9e3f1907e7d9cbe3246abc2bdaaf52800ad1116,2018-12,Essex Police,Essex Police,0.627477,51.844053,On or near SCHOOL ROAD,E01021360,Braintree 012A,Unable to prosecute suspect
f13cb8e5752c5649994de02b8c70bbff7b4fdabc6e7b229ef6cd8501d4765266,2018-12,Essex Police,Essex Police,0.652747,51.811317,On or near EASTWAYS,E01021362,Braintree 015A,Investigation complete; no suspect identified
46cbb9919205d6f6dfa280094a8a25cd28956d8bba7d0097221e58fc14a01163,2018-12,Essex Police,Essex Police,0.860701,51.869826,On or near CAMULUS CLOSE,E01021715,Colchester 015E,Unable to prosecute suspect
462a0d8cc272f8513c2eae60e956ce4043136df2b8af2a377dcfcceb80ba8336,2018-12,Essex Police,Essex Police,0.700892,51.534795,On or near WESTCLIFF PARADE,E01015853,Southend-on-Sea 015C,Suspect charged
7d151598f12dee4bf09daad691cc4d69964249e28fed38cff3a8fc429da3db30,2018-12,Essex Police,Essex Police,0.924163,51.885074,On or near SPURGEON STREET,E01021685,Colchester 011C,Investigation complete; no suspect identified
6d345254ec4d0170d42dc5b39075d8da871a3e0ff13e105c1af3dfa779bd74fb,2018-12,Essex Police,Essex Police,1.150380,51.797348,On or near Petrol Station,E01021970,Tendring 016A,Unable to prosecute suspect
8d20dd6b1c8d413490df3fbf6099218a16f4945909d8e340ebf61b60d4f5ae88,2018-12,Essex Police,Essex Police,1.271676,51.930738,On or near ST MICHAEL'S ROAD,E01021999,Tendring 001C,Unable to prosecute suspect
88b1c31c66cbca77bf704840c134a20b3d961f8315a68858e62e8c1d274d7c9d,2018-12,Essex Police,Essex Police,1.154454,51.791509,On or near Parking Area,E01022025,Tendring 016B,Investigation complete; no suspect identified
174d7641ab4c967408c2fe7088e51c258d55534437f24e9f23f3b9f4d9f33fae,2018-12,Essex Police,Essex Police,0.739402,51.547626,On or near PHILPOTT AVENUE,E01015887,Southend-on-Sea 009E,Unable to prosecute suspect
8877eff998f35fbc2c99a5a146fb5fcc4240114492df9859e7e560e2c809ff77,2018-12,Essex Police,Essex Police,0.504955,51.759639,On or near BRAGANZA WAY,E01033144,Chelmsford 005F,Unable to prosecute suspect
40d61b4633b2c4495152c8f74cf4067b932eb674fe6de9d453a4994c19965a47,2018-12,Essex Police,Essex Police,0.582053,51.515465,On or near MAGNOLIA CLOSE,E01021500,Castle Point 012E,Unable to prosecute suspect
790859d44f472090ba3cbd8a1df9938355fd9be5fc55f371e7c0d159da884691,2018-12,Essex Police,Essex Police,1.172795,51.802564,On or near SHRUBLAND COURT,E01022050,Tendring 014E,Investigation complete; no suspect identified
c40f1613ccd424045309c25d8eb134f098265103374ff03972c064b3a66b816a,2018-12,Essex Police,Essex Police,0.916549,51.890938,On or near HAROLD COLLINS PLACE,E01021648,Colchester 007C,Investigation complete; no suspect identified
752f422ae7b1ae1877e57c2dfe9d955702c9b96dc86c94220bf49eb0a89c6c8d,2018-12,Essex Police,Essex Police,0.319731,51.477969,On or near Parking Area,E01015953,Thurrock 017C,Investigation complete; no suspect identified
2a90e39e2aa29a1dace74b9e8369041384c0a99a25cbd4f70a6e1d2fe8555cbb,2018-12,Essex Police,Essex Police,0.283944,51.513448,On or near DAIGLEN DRIVE,E01015973,Thurrock 006D,Investigation complete; no suspect identified
83bf0b1043e68f0b28ad8b4ae4816aaee9175e78e3582080c56c7785e0619212,2018-12,Essex Police,Essex Police,0.443284,51.751972,On or near MALVERN CLOSE,E01021601,Chelmsford 003E,Unable to prosecute suspect
3d0810380bc2295d51c4d872a76c62112d443da481e4c49e06d4204fca38c87d,2018-12,Essex Police,Essex Police,0.133591,52.036802,On or near ICKLETON ROAD,E01022098,Uttlesford 003E,Investigation complete; no suspect identified
e4e85abdbbc24a6f821f2d910f193389929924a36ccaf6e4d29ea815ed049905,2018-12,Essex Police,Essex Police,0.311932,51.475552,On or near GOLDACE,E01015953,Thurrock 017C,Investigation complete; no suspect identified
49b49bdc44bf7308e986db830eed5cde1b62593bf89d9936b49ee6794e7ebc99,2018-12,Essex Police,Essex Police,0.084421,51.614250,On or near DACRE GARDENS,E01021767,Epping Forest 017D,Investigation complete; no suspect identified
67e08e9c97ead1efa0a4bd1379a152cca7e95d759ceb670509d32f98e99fc227,2018-12,Essex Police,Essex Police,0.302374,51.612191,On or near CAMERON CLOSE,E01021475,Brentwood 007E,Investigation complete; no suspect identified
b7696606c9bb60395bd28e96d5418d5d8ae63c3027f913f5c0d16c361c9bf042,2018-12,Essex Police,Essex Police,0.920705,51.897184,On or near GRENFELL CLOSE,E01021702,Colchester 022D,Unable to prosecute suspect
a4c9463da3113d2a42ac575f2c6583cb93e35cc4378d50870d8f1196b47bac11,2018-12,Essex Police,Essex Police,0.704694,51.689927,On or near WEST CHASE,E01021874,Maldon 007B,Investigation complete; no suspect identified
7096c61ff90f6b6e7662485dbd6e2bb8897decdd062b6c9ab02355dcad5be63b,2018-12,Essex Police,Essex Police,0.250921,51.825786,On or near HAMMONDS ROAD,E01022059,Uttlesford 009A,Investigation complete; no suspect identified
969bb5f0b2de0466716fe03f717137cb716bf442ac8d1b78b0eede26da5ccaf1,2018-12,Essex Police,Essex Police,0.072179,51.640069,On or near HIGHWOOD LANE,E01021771,Epping Forest 013A,Investigation complete; no suspect identified
637ae0ac1de4cd0d938f30ff1dede73b5f748199d57abad62f55e78bab58c851,2018-12,Essex Police,Essex Police,0.763175,51.803017,On or near FACTORY HILL,E01021911,Maldon 001D,Investigation complete; no suspect identified
a868d0cedece5fb5421f2940eb7578dff578cd61488f97d56d34d4476b52a391,2018-12,Essex Police,Essex Police,0.898501,51.890107,On or near ST RUNWALD STREET,E01021649,Colchester 007D,Offender given a drugs possession warning
e867cea20283bf94019cc8b2f0e6efca9e020a67f3d49d491ac2e4688e15bc61,2018-12,Essex Police,Essex Police,0.681988,51.540958,On or near GALTON ROAD,E01015832,Southend-on-Sea 012F,Investigation complete; no suspect identified
5b0d9b7134fe48bb1cae5ebee602b0280914f5a846837a6ef8ff30dfb99531d7,2018-12,Essex Police,Essex Police,0.498958,51.713749,On or near Sports/Recreation Area,E01021566,Chelmsford 014D,Unable to prosecute suspect
0019672dbceec0078cf3e50156bb7c3ef1116ad96e35de3ccef41f0dcbd5f020,2018-12,Essex Police,Essex Police,0.599382,51.774972,On or near ORCHARD CLOSE,E01021395,Braintree 018C,Unable to prosecute suspect
65754edf7e188ec24dc9716f8e5a58c356c974dfa94e8e81877732dac5adc846,2018-12,Essex Police,Essex Police,0.894589,51.886462,On or near Police Station,E01021651,Colchester 013A,Suspect charged
ac6ac8b61654bb2868e1aa2e6e24bbbbc02b6bd9af2153d26bfb6a2896cef414,2018-12,Essex Police,Essex Police,0.634403,51.814715,On or near BRONTE ROAD,E01021418,Braintree 015C,Investigation complete; no suspect identified
2ba44a795c8e16eb2b9cf8b8de887713f9afce64b41c1168fdfd3bc2cf78b84f,2018-12,Essex Police,Essex Police,0.642065,51.798859,On or near THE RETREAT,E01021416,Braintree 017B,Investigation complete; no suspect identified
815931c43ad204e6165cfcffc4786c2a246f182743bbcf97e5d43de689eb44ff,2018-12,Essex Police,Essex Police,0.683614,51.548250,On or near FLEETWOOD AVENUE,E01015901,Southend-on-Sea 007A,Investigation complete; no suspect identified
5dfc01cab1223783a6c4c05cc3612f520ea614a0531b8d64cef933ac537607a1,2018-12,Essex Police,Essex Police,0.686468,51.538175,On or near STATION ROAD,E01015828,Southend-on-Sea 012B,Investigation complete; no suspect identified
88b852386f078b8d1e4e576563e5d12178cf91c50818ae6d9ab1b7f8c0205c59,2018-12,Essex Police,Essex Police,0.443729,51.586940,On or near KENILWORTH PLACE,E01021262,Basildon 010B,Offender given a caution
1579025d2deaf4089e5a195eccd85e36698bfc9d6a3ddca04d68990261cafc63,2018-12,Essex Police,Essex Police,0.292252,51.511847,On or near OAKLANDS DRIVE,E01015932,Thurrock 006A,Investigation complete; no suspect identified
0d349856ef03de29e2f885dc75478a33c8bc2f1eb3c6affdf0b51a5c346a3da5,2018-12,Essex Police,Essex Police,0.091290,51.606250,On or near SOUTHDALE,E01021764,Epping Forest 017A,Investigation complete; no suspect identified
531da16af7c2c19b4e2a514b7e9d8f1b0a1878658b5fb8d5a221bfbc3c720298,2018-12,Essex Police,Essex Police,0.503951,51.758779,On or near FLEETWOOD SQUARE,E01033144,Chelmsford 005F,Investigation complete; no suspect identified
3640f821846a79f05201abbbc19b79e2510c1b27152b06c82b60e56dfe650b6e,2018-12,Essex Police,Essex Police,0.309063,51.797510,On or near HOLLOWAY CRESCENT,E01022096,Uttlesford 009D,Investigation complete; no suspect identified
387143db6b527cf6063b97a3f8a14d4ce8210edc92aade8f33aa53208415b865,2018-12,Essex Police,Essex Police,0.459707,51.571362,On or near NORTH GUNNELS,E01021318,Basildon 015C,Offender given a drugs possession warning
1c42298ca0107f1487935d85a8f4e24564e81ec8a08be823cf99eb4452ff8ded,2018-12,Essex Police,Essex Police,0.323992,51.477085,On or near Shopping Area,E01015954,Thurrock 017D,Investigation complete; no suspect identified
4b1c934a1eb1c875f62371b5f9749db55ebb5475b7ea6412b68e14176d866a9e,2018-12,Essex Police,Essex Police,0.443729,51.586940,On or near KENILWORTH PLACE,E01021262,Basildon 010B,Offender given a caution
d17da47a00b974a263134882151be4cf26cd8e847c4eb11c8a41e90d223cf1fb,2018-12,Essex Police,Essex Police,0.072179,51.640069,On or near HIGHWOOD LANE,E01021771,Epping Forest 013A,Investigation complete; no suspect identified
514b113462575e346e1fd1e15c439cd585f5285eaa9371d6c0838e89fff615e5,2018-12,Essex Police,Essex Police,0.637404,51.545629,On or near CANVEY ROAD,E01015913,Southend-on-Sea 008F,Investigation complete; no suspect identified
45b8d54e576e24c461cafe0725bffb916b86a83de465d5d0d54ccce913be2261,2018-12,Essex Police,Essex Police,0.198201,51.945592,On or near Sports/Recreation Area,E01022072,Uttlesford 003C,Investigation complete; no suspect identified
2032085c06b0f22a63623c3f57bced30654d9723b2f284b6f6018e242954812b,2018-12,Essex Police,Essex Police,1.093192,51.896326,On or near B1035,E01022019,Tendring 003E,Unable to prosecute suspect
3f92f07f8769433daf7b6f7892b2947f5b4059e2d26e00a03d475c3403c18812,2018-12,Essex Police,Essex Police,1.022655,51.805767,On or near Ferry Terminal,E01021982,Tendring 011D,Unable to prosecute suspect
c11afc5e10d3e9738d5d1cd8d2acd87bfce9bdcb1625d0174f097121ad9eb218,2018-12,Essex Police,Essex Police,0.691224,51.540566,On or near VALKYRIE ROAD,E01015831,Southend-on-Sea 012E,Investigation complete; no suspect identified
df22769b5f27e9ee477e69c830f255cf94369a50e8a87e9f9fd0ccbc3b73a622,2018-12,Essex Police,Essex Police,0.495740,51.562363,On or near CHESTNUT COURT,E01021310,Basildon 022B,Unable to prosecute suspect
2917766b48bb2bb5f2cabe5bf9049e07c256eff4c0e02659499a66b1fd9b226d,2018-12,Essex Police,Essex Police,1.060285,51.945575,On or near STATION ROAD,E01022020,Tendring 003F,Investigation complete; no suspect identified
c6e0426cb214dfca76e750703bdc172a67e26425e5e9fcd2a34b5aaf4aaded75,2018-12,Essex Police,Essex Police,1.147433,51.789620,On or near Supermarket,E01022038,Tendring 017E,Investigation complete; no suspect identified
2bcf76ac19374cea56356d03a8b3732e403457ed5d4cadef03405c7656ab2d8e,2018-12,Essex Police,Essex Police,0.598170,51.568908,On or near NAPIER GARDENS,E01021531,Castle Point 002E,Investigation complete; no suspect identified
ff37865e0471a1c8d42942d95eb299d4004ace215f3b0bffa8eadc285fcde1d1,2018-12,Essex Police,Essex Police,0.590470,51.591346,On or near ELSENHAM COURT,E01021957,Rochford 006C,Unable to prosecute suspect
4594eddd499c14413600b403cdb21decd8552e5c7197f507a99e40ad64d16209,2018-12,Essex Police,Essex Police,0.838811,51.884656,On or near Sports/Recreation Area,E01021719,Colchester 012B,Unable to prosecute suspect
e83ce0ccfb7405e900701591507ae04403d6f3f1ca7c65221cdacfcbf5bdfaf5,2018-12,Essex Police,Essex Police,0.549221,51.881326,On or near WEAVERS CLOSE,E01021357,Braintree 008B,Investigation complete; no suspect identified
207e722db1d6bf5a8cc0dd11af400d4c7a2b5a7442a172378f8f1bc3c4065505,2018-12,Essex Police,Essex Police,0.903575,51.888768,On or near Theme/Adventure Park,E01021648,Colchester 007C,Unable to prosecute suspect
ee9878a46eae961325f83631b93d9dba413bead00041827f777ab4eacc093f7e,2018-12,Essex Police,Essex Police,0.463766,51.744143,On or near CORPORATION ROAD,E01021592,Chelmsford 006D,Suspect charged
d00336ae9bc0e577f756505534a194ea05a842bd1ad358cc02be5e5de3c98601,2018-12,Essex Police,Essex Police,0.912301,51.887734,On or near BROOKLANDS,E01021648,Colchester 007C,Unable to prosecute suspect
0f203cd50f8c2a827839faa1756ad5a2df1866fbfbbcf0e12797e318beb564b9,2018-12,Essex Police,Essex Police,0.475706,51.730411,On or near Parking Area,E01033140,Chelmsford 010F,Investigation complete; no suspect identified
a7f2ee756eed35465aa2850d1333555cb9210c3a8597fd944caa6c85823c6eeb,2018-12,Essex Police,Essex Police,0.306461,51.476433,On or near WOULDHAM ROAD,E01015951,Thurrock 017A,Investigation complete; no suspect identified
67d638fcb59b79218a6e567ef61694edc0c2b2b2e9dada52ee8d5306c7748205,2018-12,Essex Police,Essex Police,0.720578,51.533386,On or near LUCY ROAD,E01015841,Southend-on-Sea 014C,Unable to prosecute suspect
8778d9e6f28c0a3eb9ecd2631f4b684827e1c81454df625dbb7d8f687bfdfebc,2018-12,Essex Police,Essex Police,0.472257,51.733569,On or near Shopping Area,E01033141,Chelmsford 010G,Investigation complete; no suspect identified
b0ef3f7c1170ca4c282ba59b7bbb9cbe79d9b151e4d4490571fd99fd9bc6394c,2018-12,Essex Police,Essex Police,0.298764,51.618773,On or near CHATHAM WAY,E01021436,Brentwood 007B,Investigation complete; no suspect identified
010000a42b8b4695e50c263b3079eb108a19bfb90824774b67871110a2f4ed54,2018-12,Essex Police,Essex Police,0.594336,51.591287,On or near PURLEIGH ROAD,E01021926,Rochford 006B,Unable to prosecute suspect
921b63a3f9b3117e817e6dda2e626bfda79a783edb14f80f8ddc5bdc1012cdf8,2018-12,Essex Police,Essex Police,0.326367,51.478477,On or near BEDFORD ROAD,E01015956,Thurrock 016B,Unable to prosecute suspect
dd6e071886798841221e8af511a1b2240ef8816cef5d7863969dbec9e870afba,2018-12,Essex Police,Essex Police,0.580695,51.565606,On or near VILLIERS WAY,E01021512,Castle Point 004D,Investigation complete; no suspect identified
aae89d8c6a8098be5d837f0469bb41caa0afa783128d3a89de69b4eb6103e932,2018-12,Essex Police,Essex Police,0.917447,51.924516,On or near DE GREY ROAD,E01021682,Colchester 004D,Investigation complete; no suspect identified
ba508a90ed8f4f1680e8ae5421cdb660bae759e1503bef41d5fdc9ee20325413,2018-12,Essex Police,Essex Police,0.606294,51.555003,On or near Supermarket,E01021520,Castle Point 006C,Unable to prosecute suspect
bcd9ab37e36c7f8f54cb793c17bb17365c0bfc57657b372426ffe632d9340364,2018-12,Essex Police,Essex Police,0.686523,51.539595,On or near AILSA ROAD,E01015827,Southend-on-Sea 012A,Investigation complete; no suspect identified
06c69a0fe8fceb93c346aea1b66718ace783ba7710c26cbce68d8006ad2be13c,2018-12,Essex Police,Essex Police,0.563150,51.523578,On or near ST LUKES CLOSE,E01021503,Castle Point 010D,Unable to prosecute suspect
803534337d04d2bb32970abf7adb899b320b768420432fd8d82af001bcdbb7b8,2018-12,Essex Police,Essex Police,0.644573,51.802553,On or near Police Station,E01021416,Braintree 017B,Investigation complete; no suspect identified
6acf57ed1fb58b768c918e85eba3f3d337c0aa644469d56d9d679b8f10e615f7,2018-12,Essex Police,Essex Police,0.706796,51.573520,On or near SOUTHEND ROAD,E01021956,Rochford 007E,Investigation complete; no suspect identified
8d0d30ec1a8e93767c4652240d9f8b3c8d7de795ade44496d3395a6c5da67cd5,2018-12,Essex Police,Essex Police,0.303360,51.620247,On or near Supermarket,E01021436,Brentwood 007B,Investigation complete; no suspect identified
8965677b797f166870af4e874cefa5edc9ef657bbdcb1f2959a0bbf2ddd727a4,2018-12,Essex Police,Essex Police,0.890217,51.913667,On or near STUDD'S LANE,E01021680,Colchester 004B,Unable to prosecute suspect
2ca5db3676f45e0fbabc6b2d51dd77e6f9896a066968ec27ed417de1a43c9b7b,2018-12,Essex Police,Essex Police,0.471763,51.729820,On or near Supermarket,E01033140,Chelmsford 010F,Local resolution
f10fcde4084b19fdc183bff2c933320fc47cf78713549eed23d1946712d216f6,2018-12,Essex Police,Essex Police,0.474561,51.566922,On or near CHURCH ROAD,E01021295,Basildon 020B,Investigation complete; no suspect identified
b9d30d219500a108dc779a8872bb843a6a8f2d4cc2c77be664f5ea989ba4ceac,2018-12,Essex Police,Essex Police,0.470205,51.753289,On or near DARRELL CLOSE,E01021587,Chelmsford 002C,Investigation complete; no suspect identified
15a370cdb9b67157b52de8149a0017e30a3bb826cfa3b305889a832770253509,2018-12,Essex Police,Essex Police,0.706444,51.540387,On or near LONDON ROAD,E01015895,Southend-on-Sea 010A,Investigation complete; no suspect identified
cb62f05a443dfd2cb0d577204badf2a17577b1e942b80cff607aac6b32669464,2018-12,Essex Police,Essex Police,0.460775,51.569775,On or near Parking Area,E01021318,Basildon 015C,Suspect charged
08248746a365169f1466d2ea0d5b94197b5d07eb82802a0cbf7fe0ac51f360a8,2018-12,Essex Police,Essex Police,0.090994,51.771224,On or near Petrol Station,E01021872,Harlow 007E,Suspect charged
8c426e6f5ccd05b3b512395f614f60bfa3e5ef0debc70cec39f382303399f767,2018-12,Essex Police,Essex Police,0.326939,51.490561,On or near LODGE LANE,E01015960,Thurrock 014A,Investigation complete; no suspect identified
645e02671fa81431ad71589de21525ef2614f84dff2cabcb20e7c3ebbceb7845,2018-12,Essex Police,Essex Police,1.152288,51.788104,On or near Shopping Area,E01022025,Tendring 016B,Investigation complete; no suspect identified
fbf7c02d25842130272f5f0e613187da6d6524fe3aa09e953e4868ab3c83311b,2018-12,Essex Police,Essex Police,0.687811,51.542605,On or near ALLEYN PLACE,E01015831,Southend-on-Sea 012E,Investigation complete; no suspect identified
1e3776aa676af54b46c5e87c09e41463ebe39a84d55db9af582d612c2c9e1045,2018-12,Essex Police,Essex Police,0.361622,51.465910,On or near NORTH VIEW AVENUE,E01016007,Thurrock 018E,Investigation complete; no suspect identified
1293ee1b640d6c97b55ccb32f6e423d799aac271af77c7abf29771cd48908020,2018-12,Essex Police,Essex Police,0.438636,51.587522,On or near ABBOTS COURT,E01021262,Basildon 010B,Investigation complete; no suspect identified
12bf1007346d5a5c4aa127f935b093580289b8f444021fa86665349203a62f6e,2018-12,Essex Police,Essex Police,0.573410,51.878191,On or near BARTRAM AVENUE SOUTH,E01021370,Braintree 011B,Suspect charged
e7e3506e89c7b05f0f4b1b471041f444ccb9f5298f25e704f73dddf3f201134b,2018-12,Essex Police,Essex Police,1.249494,51.844639,On or near LUFF WAY,E01022012,Tendring 008H,Investigation complete; no suspect identified
3c6cf8c91ec8bcd56552f83dcb4e272df467ef8ae06c0323445da237354865ab,2018-12,Essex Police,Essex Police,0.284490,51.487772,On or near Shopping Area,E01016011,Thurrock 015B,Unable to prosecute suspect
acbbb6683d2a835e893f147e8e07614b4c6303a9e93c72651f2b98600be8eeab,2018-12,Essex Police,Essex Police,0.522443,51.614376,On or near THE BROADWAY,E01021334,Basildon 005A,Unable to prosecute suspect
1a32429b92d5b8130de72a427ba11f17b8f9f3fa7455e7953537d98826587e2d,2018-12,Essex Police,Essex Police,0.671033,51.543771,On or near LEIGH ROAD,E01015830,Southend-on-Sea 012D,Investigation complete; no suspect identified
d8c87ac5da1acea6def121909304dce189863f46b6b82ba363b5aec4a059eb66,2018-12,Essex Police,Essex Police,0.622112,51.792948,On or near ALFREG ROAD,E01021423,Braintree 016A,Investigation complete; no suspect identified
df6dd03f47ab1006d63017728edd6d05de0c798e5470b4cfc21db4d2334f53a5,2018-12,Essex Police,Essex Police,0.727044,51.532274,On or near BURDETT ROAD,E01015841,Southend-on-Sea 014C,Unable to prosecute suspect
18c42c228edefeb28a4db3c701daf0a9bc1a47e05b5d3ca10b987785d1de2a65,2018-12,Essex Police,Essex Police,0.473830,51.736629,On or near Chelmsford Police Station,E01033141,Chelmsford 010G,Unable to prosecute suspect
15e1a04ed9a0909a38323b9fd3487a589c759af17eed7226f7430db0269b0c6b,2018-12,Essex Police,Essex Police,0.558169,51.553527,On or near Parking Area,E01021522,Castle Point 007C,Investigation complete; no suspect identified
706b887e4dcf9c2a3c86e35078c7494e098ffe2111a580a1bf1e5f356a7b82f2,2018-12,Essex Police,Essex Police,0.427056,51.549838,On or near THAMES VIEW,E01021282,Basildon 021C,Investigation complete; no suspect identified
c4f74407197f3da15ec3513ee32a5aea3d52aeeaacd57ec4c0ab73558da815fd,2018-12,Essex Police,Essex Police,0.761926,51.535118,On or near FERMOY ROAD,E01015890,Southend-on-Sea 016B,Unable to prosecute suspect
19e564c758a6e86639322fda715fd564813359350f1c31f66ef6b6e6561c823b,2018-12,Essex Police,Essex Police,0.342926,51.476159,On or near LAWNS CRESCENT,E01015969,Thurrock 014D,Unable to prosecute suspect
6df9a028b4d8453490c5f30edb3ed6eb67231ebf09f555434058e73696051b0a,2018-12,Essex Police,Essex Police,0.299670,51.518060,On or near NORDMANN PLACE,E01015975,Thurrock 006F,Investigation complete; no suspect identified
13631857270c77e4df2bf241c56ab0f65aa11603499e419416a6b8467f093876,2018-12,Essex Police,Essex Police,0.096784,51.774178,On or near NETTESWELL ORCHARD,E01021851,Harlow 003C,Unable to prosecute suspect
32fd176e92578a7613cb289f3220f0f24c557c6d8bf430bb63efd7ec6bc6257b,2018-12,Essex Police,Essex Police,0.761926,51.535118,On or near FERMOY ROAD,E01015890,Southend-on-Sea 016B,Unable to prosecute suspect
0cc60afc7e3b6b0e796e811084289c9a04b157a81247026e2bbaadf474de5820,2018-12,Essex Police,Essex Police,0.715320,51.534677,On or near Shopping Area,E01015852,Southend-on-Sea 015B,Investigation complete; no suspect identified
a9e5ba668800422180c9f62c712cc4e709b3b0a522176cb70644f1d45f0a74ae,2018-12,Essex Police,Essex Police,0.095928,51.771666,On or near Pedestrian Subway,E01021872,Harlow 007E,Investigation complete; no suspect identified
b84b818027132e25e171125003a0f8d20c7046bd8bbe35f13c5e063c83be562c,2018-12,Essex Police,Essex Police,0.879098,51.864664,On or near HOMEFIELD ROAD,E01033723,Colchester 015G,Investigation complete; no suspect identified
1410f71c18294699fd1b2dd4b44236bc417e2f37a89b70da0a6ac782f35bf2ee,2018-12,Essex Police,Essex Police,0.470905,51.753373,On or near BROOMFIELD MEWS,E01021587,Chelmsford 002C,Investigation complete; no suspect identified
65918ccc72d25079c68e0907c24d14c255b5d5c8631412ad22ec93df6c335308,2018-12,Essex Police,Essex Police,1.217462,51.928249,On or near MAIN ROAD,E01022028,Tendring 004F,Unable to prosecute suspect
7606a5f56eca0bcaa8b93ae09157386e65603e34bdbbfde786ea6cc5ead19ec5,2018-12,Essex Police,Essex Police,0.714143,51.536234,On or near Shopping Area,E01015852,Southend-on-Sea 015B,Unable to prosecute suspect
487d9736d0824254c47b993b201e6fab7fefa31b648b391161aa983cedde05d1,2018-12,Essex Police,Essex Police,0.597617,51.594371,On or near SIR WALTER RALEIGH DRIVE,E01021959,Rochford 006E,Action to be taken by another organisation
d68c155e1f3698e90108c3596103312263049e9970a85efaba47d5b495ce869c,2018-12,Essex Police,Essex Police,0.845734,51.878068,On or near Petrol Station,E01021721,Colchester 012D,Investigation complete; no suspect identified
8d6847c28284b2505d2131d17447d4ac157ff2bfdcc3c352ee236a113efe3541,2018-12,Essex Police,Essex Police,1.169702,51.817407,On or near Bus/Coach Station,E01021984,Tendring 010A,Investigation complete; no suspect identified
4df4dd32bacad1bd8a63889e52676d1899b6dd8c4c23178e0281ff249a227e67,2018-12,Essex Police,Essex Police,0.806652,51.881660,On or near BELLINGHAM DRIVE,E01021654,Colchester 010A,Investigation complete; no suspect identified
5b110f0d837b9b31f57096bcc05cdc8fd45184a534b202cdea9f471b94e67ce8,2018-12,Essex Police,Essex Police,0.289542,51.512422,On or near ARAGLEN AVENUE,E01015976,Thurrock 007F,Unable to prosecute suspect
48e9b14276e58a6d51280a50a226e327fa55fa98211a9d47ba7bf88de02555b1,2018-12,Essex Police,Essex Police,0.293021,51.612320,On or near RED ROAD,E01033063,Brentwood 007F,Suspect charged
aa9d8ea2d5cc11c00134aa5f06ae1d8150bf7420130eba3245d94490ed5b84fd,2018-12,Essex Police,Essex Police,0.460775,51.569775,On or near Parking Area,E01021318,Basildon 015C,Suspect charged
39569f9735075b95601ca7c96ec644fd3513ffface29b4c2c8e3dbe303dbf17a,2018-12,Essex Police,Essex Police,0.253037,51.881266,On or near THREMHALL AVENUE,E01022090,Uttlesford 006B,Investigation complete; no suspect identified
b447b24696ff2503d1d88fc8f7288973c76b24a8a95017e0a251a3c333f07eff,2018-12,Essex Police,Essex Police,0.652526,51.545225,On or near HAMPTON COURT,E01015845,Southend-on-Sea 011A,Offender given a caution
11bb5cfdcdaf6baa522cb9f954004ae7efb5528cd25f077555c0e9897640558a,2018-12,Essex Police,Essex Police,0.289542,51.512422,On or near ARAGLEN AVENUE,E01015976,Thurrock 007F,Unable to prosecute suspect
9353201a86bfc4cca05242f84b4fb54f5183ca1e6cf43f44342986865300e47a,2018-12,Essex Police,Essex Police,0.289542,51.512422,On or near ARAGLEN AVENUE,E01015976,Thurrock 007F,Unable to prosecute suspect
673b23f3af5b071b1bdb53cef62d959e5e6dc2b0123a346644078838c5981b02,2018-12,Essex Police,Essex Police,0.135055,51.766259,On or near AYNSLEY GARDENS,E01021827,Harlow 005D,Unable to prosecute suspect
ddb9d23b391ae08394e57ef64559f0476dc6a3906f560165d02d0db49638b85a,2018-12,Essex Police,Essex Police,0.708233,51.539185,On or near QUEENS ROAD,E01015854,Southend-on-Sea 015D,Unable to prosecute suspect
ec203e02be6b0ee67d7835f9cec7fd4a631e8aa55d50dfb919f0788b8acb6c6e,2018-12,Essex Police,Essex Police,0.094165,51.759873,On or near WILLOWFIELD,E01021870,Harlow 006E,Unable to prosecute suspect
2f76d64ca02621a080c075f2314664ac659ed58bdc8bb8343a57527ec4372831,2018-12,Essex Police,Essex Police,0.481455,51.732529,On or near NAVIGATION ROAD,E01033140,Chelmsford 010F,Investigation complete; no suspect identified
fadbee6436f4f4ef594f91c02ff89a80e2426ff5aaf743f2997c6aecb90406f2,2018-12,Essex Police,Essex Police,0.289542,51.512422,On or near ARAGLEN AVENUE,E01015976,Thurrock 007F,Suspect charged
ff1cabfa24282d438c42459774bce437cef45b1572e9f53368e8c26c76dcd45a,2018-12,Essex Police,Essex Police,1.248772,51.844290,On or near Supermarket,E01021994,Tendring 008B,Local resolution
33be4c5cfd2d84d17e2a6dff9b9ede977a3fce8b918efad022dd12ca12b3a75e,2018-12,Essex Police,Essex Police,0.708233,51.539185,On or near QUEENS ROAD,E01015854,Southend-on-Sea 015D,Unable to prosecute suspect
239a660416898ac8e93f976f37a12c3de07aa3e2811d2d320dfae41079daf138,2018-12,Essex Police,Essex Police,0.652526,51.545225,On or near HAMPTON COURT,E01015845,Southend-on-Sea 011A,Unable to prosecute suspect
77e2bfce89d34dcb071295f8bbb62a6345467fb0324264684e80b687fee146c4,2018-12,Essex Police,Essex Police,0.298295,51.614645,On or near ST JAMES'S ROAD,E01021439,Brentwood 007C,Unable to prosecute suspect
0731260b9b26ba4968565b03c2ba6092800fa64ed93aa359dd05e891e274ac2e,2018-12,Essex Police,Essex Police,0.709743,51.544690,On or near Police Station,E01015895,Southend-on-Sea 010A,Local resolution
ad8ea595435be00a72e16b27773a97df537181b6168acd180af0ba40232f96c9,2018-12,Essex Police,Essex Police,0.674860,51.554179,On or near KENILWORTH GARDENS,E01015857,Southend-on-Sea 004A,Unable to prosecute suspect
ffab9e96d2c16447d9ef3087b547849ce930fa6660177cc84489f820354096af,2018-12,Essex Police,Essex Police,0.274335,51.512394,On or near HAMBLE LANE,E01015972,Thurrock 006C,Investigation complete; no suspect identified
d01b10460103fd49a1bd1074ed1d17a278353c1b9bada9b39ec01c5556ab07cd,2018-12,Essex Police,Essex Police,0.459123,51.744816,On or near Supermarket,E01021573,Chelmsford 009A,Investigation complete; no suspect identified
874a3435d67188775d152bd2704d9f66a8756b06c516169b3f137391d09f9b69,2018-12,Essex Police,Essex Police,0.045084,51.625382,On or near Supermarket,E01021748,Epping Forest 015G,Investigation complete; no suspect identified
97d647831c91d14584e17ac89a33faa4b775f960bd832b1e55e8a8a528f9c5d0,2018-12,Essex Police,Essex Police,0.567540,51.521386,On or near NEW ROAD,E01021486,Castle Point 010B,Investigation complete; no suspect identified
42def1f477903000e45e6188756f97318f787ab1a9d303b713f5f3b95a6929fc,2018-12,Essex Police,Essex Police,0.443729,51.586940,On or near KENILWORTH PLACE,E01021262,Basildon 010B,Offender given a caution
acd802c4b295ca45f41f17a425594218fb0df981df1fff1a19d2207ccd635e66,2018-12,Essex Police,Essex Police,1.163243,51.942338,On or near CHURCH ROAD,E01021978,Tendring 003A,Investigation complete; no suspect identified
5e2e42da3d903eae551c541b5ce420a6d03414da0b6bcadd24b50dba83348ee5,2018-12,Essex Police,Essex Police,0.906722,51.884841,On or near Sports/Recreation Area,E01021686,Colchester 011D,Investigation complete; no suspect identified
2bafa7573cc95b70ade222711e66d7e5f070f8ec63e3b1c0b5adb52dcd7dac56,2018-12,Essex Police,Essex Police,0.513170,51.751784,On or near White Hart Lane,E01033144,Chelmsford 005F,Investigation complete; no suspect identified
dcad845f64ba6426ca8f6bf1926cb6d8d411f28bd7f42d90d7bbd3f476c5c247,2018-12,Essex Police,Essex Police,0.149561,51.765914,On or near RIDGEWAYS,E01021824,Harlow 005A,Unable to prosecute suspect
b2158047ebe62686e66ceb1ae221df99c63ec6552e94c7f1afe9d8ce32473a04,2018-12,Essex Police,Essex Police,0.465684,51.724291,On or near ROTHESAY AVENUE,E01021580,Chelmsford 012D,Investigation complete; no suspect identified
1c756058da6a861534d465bba6889573c2e87b7363a17eb4efe5b6a312caaaf0,2018-12,Essex Police,Essex Police,0.487241,51.557337,On or near COTELANDS,E01021311,Basildon 022C,Unable to prosecute suspect
608d05fd9f398c6719c4bfe891f887946924ceda24e1a8527764beee2f999436,2018-12,Essex Police,Essex Police,0.788200,51.540531,On or near FALCON WAY,E01015879,Southend-on-Sea 013D,Unable to prosecute suspect
3a82070ff21f4cdb2edb0f7a6783627126261b1d886be1ef4adc5b3a2d1df1c1,2018-12,Essex Police,Essex Police,0.377021,51.490698,On or near WICKHAM ROAD,E01015938,Thurrock 012F,Unable to prosecute suspect
5d9ed709e1e9ee1cd2078618f7fef4179cd2c4d7b394b9fba5f1f02807bc0b46,2018-12,Essex Police,Essex Police,0.572224,51.516508,On or near HAWKESBURY CLOSE,E01021501,Castle Point 011D,Unable to prosecute suspect
da292dae3d6660225dc00a2d4da4cf4d7a1df9dd46f2495dc69bc03729702c0b,2018-12,Essex Police,Essex Police,0.298295,51.614645,On or near ST JAMES'S ROAD,E01021439,Brentwood 007C,Unable to prosecute suspect
1f5d3f74bcb15368cdd1f76bcd1ffb848213173ae4e495fce7f01fcba2b1ab6b,2018-12,Essex Police,Essex Police,0.311601,51.488940,On or near DAVIS ROAD,E01033614,Thurrock 020E,Investigation complete; no suspect identified
c5d4983cfda3b3a69472a36fc9846771303964020e194ee08c78a958710c7b38,2018-12,Essex Police,Essex Police,0.081105,51.646889,On or near BARRINGTON GREEN,E01021776,Epping Forest 011C,Investigation complete; no suspect identified
a9a11b3ae872792637e09a640bdea067c4bfc2d4760644125e6ef06face2ce91,2018-12,Essex Police,Essex Police,0.591036,51.982464,On or near RIPPERS COURT,E01021397,Braintree 003B,Unable to prosecute suspect
1a3367aa148f67f768f2b02838a8778d8d36b729a9efdd376fdbf1b2bb2088e2,2018-12,Essex Police,Essex Police,0.281698,51.489840,On or near Parking Area,E01016011,Thurrock 015B,Local resolution
862e3dd685948eb3afc54f7cd79b5f84b8de53310524cc30226920b40cb38040,2018-12,Essex Police,Essex Police,0.708846,51.542220,On or near Parking Area,E01015895,Southend-on-Sea 010A,Unable to prosecute suspect
fb93cc8cdbcea482476d61cf0b2cee0a1c6029fa7a6baa1d1c06e88d6e308da7,2018-12,Essex Police,Essex Police,0.014072,51.681636,On or near PINNACLES,E01021808,Epping Forest 008B,Suspect charged
f1501a270638b6b79070085d79d509d328625c26aeafe893c1e816b2fd24d981,2018-12,Essex Police,Essex Police,0.113251,51.699983,On or near STAR LANE,E01021757,Epping Forest 006B,Investigation complete; no suspect identified
a2b3f685d5bb92b6333c1f431513d7a3312e83eeba10ee5035478c6319949d83,2018-12,Essex Police,Essex Police,0.474503,51.554953,On or near LONDON ROAD,E01021300,Basildon 022A,Investigation complete; no suspect identified
327c8117ebb9c2bb34bdf22cf063030344826af0b6ff54642ed72cb0871f8824,2018-12,Essex Police,Essex Police,1.112662,51.774150,On or near LAKE WAY,E01021988,Tendring 018A,Investigation complete; no suspect identified
5a09da99295a729bafb9b4650697fadfff86847b0848f0bc95fad25164561d54,2018-12,Essex Police,Essex Police,1.148025,51.787913,On or near Police Station,E01022037,Tendring 017D,Unable to prosecute suspect
918da7c5513bb9d87daf555c2ed02a4a3df52218f2f5e36c8f090e418777cc6d,2018-12,Essex Police,Essex Police,0.669831,51.561426,On or near MARTOCK AVENUE,E01015824,Southend-on-Sea 005E,Unable to prosecute suspect
4f2786dfb98b59ca13dfba2dc298bcdecee050f3b8a9773da5261024bfeaade6,2018-12,Essex Police,Essex Police,0.638410,51.799355,On or near SCOTSFIELD MEWS,E01021415,Braintree 017A,Investigation complete; no suspect identified
a32752a5e5304d9d0ae1cb54d461a8b3c17712108bb4307a72f0aa1295bd8c4e,2018-12,Essex Police,Essex Police,0.834384,51.892120,On or near CORNFLOWER CLOSE,E01021718,Colchester 012A,Unable to prosecute suspect
60a2816300dd46ce226842e44fbca8508d50055fc0811f7d71f69e89fc6bf12b,2018-12,Essex Police,Essex Police,0.717736,51.534325,On or near HERBERT GROVE,E01015852,Southend-on-Sea 015B,Suspect charged
f1048620c8e865edd377a0fb8ba0c60aa4d89f7dbf15a8fd6087e0be086c40d5,2018-12,Essex Police,Essex Police,0.361899,51.462900,On or near OTTAWA ROAD,E01016009,Thurrock 018G,Investigation complete; no suspect identified
24d924777cec0110c744a711e11c0cfb503b0f0141ac4cd9810156762677b33a,2018-12,Essex Police,Essex Police,0.888902,51.871889,On or near Sports/Recreation Area,E01033723,Colchester 015G,Unable to prosecute suspect
b16aabcea8995db8473e4a32c272ff9f273c9512c91bd3a07f8a23c2dce3ef77,2018-12,Essex Police,Essex Police,0.547957,51.891614,On or near KINGS ROAD,E01021359,Braintree 008D,Investigation complete; no suspect identified
0efe2766e0872188a98d57e5a676e064e4e6315b181b4dd0b53a93f73d869b29,2018-12,Essex Police,Essex Police,0.900942,51.896630,On or near CATCHPOOL ROAD,E01021647,Colchester 007B,Investigation complete; no suspect identified
4272e06b66e1f412678e0f8159e593a09aad2e3e3f7547baf69949d14c81f18a,2018-12,Essex Police,Essex Police,0.098456,51.759284,On or near TENDRING ROAD,E01021870,Harlow 006E,Unable to prosecute suspect
408fd764ed54692a6209f9b0dc331de3e029b68f5c8edfdf362ec053e75cd550,2018-12,Essex Police,Essex Police,0.100077,51.773598,On or near Pedestrian Subway,E01021851,Harlow 003C,Investigation complete; no suspect identified
46513a29439e00160cf2efc165decc818fa44b2077b6d472310d0f50d1bf202f,2018-12,Essex Police,Essex Police,0.925456,51.881498,On or near MEACHEN ROAD,E01021685,Colchester 011C,Unable to prosecute suspect
b934af07f7f0b9d6fe0a2ebeabd966613619635079e8f4b46503e185eed6b562,2018-12,Essex Police,Essex Police,-0.000675,51.683479,On or near HARVEYFIELDS,E01021817,Epping Forest 008E,Unable to prosecute suspect
18246ddd5a6c6d7c45d586292114686814b1f76a60f0798151c773c22757fdb4,2018-12,Essex Police,Essex Police,0.149331,51.767474,On or near CHALLINOR,E01021824,Harlow 005A,Unable to prosecute suspect
a81f21ff488f7bda523947850dbd9f368de457cf66d972519b067be2baecfaa5,2018-12,Essex Police,Essex Police,0.591036,51.982464,On or near RIPPERS COURT,E01021397,Braintree 003B,Unable to prosecute suspect
136bd0043dc1a488cef5376637623e2b0e8719f2f00c7cc37a55e552268bd557,2018-12,Essex Police,Essex Police,0.234877,52.015356,On or near ADAMS COURT,E01022075,Uttlesford 001B,Investigation complete; no suspect identified
657d224ca5b4b7269f060b954a2d7f8ca15447e24f076b25180953f783c9a089,2018-12,Essex Police,Essex Police,-0.000675,51.683479,On or near HARVEYFIELDS,E01021817,Epping Forest 008E,Unable to prosecute suspect
39dfaaab9e710f28dd53e3fb16f369ada00f2adf782c4bf8d1f37ba183adaadc,2018-12,Essex Police,Essex Police,0.536885,51.611978,On or near Supermarket,E01021339,Basildon 005D,Unable to prosecute suspect
19a86eb2bde699e083b101f191c58d3719e418afe1bcf2c1f64ceb1d817cc10c,2018-12,Essex Police,Essex Police,0.678620,51.725231,On or near WARWICK CRESCENT,E01021894,Maldon 005B,Investigation complete; no suspect identified
bc9c869112e6cba6e47fac6bcf8c7ca4366fc2c173b0ff1355c4bd3c3035ca33,2018-12,Essex Police,Essex Police,0.685067,51.539358,On or near BRITANNIA GARDENS,E01015827,Southend-on-Sea 012A,Investigation complete; no suspect identified
81154612ae5beb62f7d78bf38e6cd21e4a0dd56cdca39101b2546584a1d5ae84,2018-12,Essex Police,Essex Police,0.701065,51.539917,On or near NORTH ROAD,E01015856,Southend-on-Sea 015F,Investigation complete; no suspect identified
316729e5979b429d9f60b42265fab6491a6a594a1c3983a9bd2cef0cd9a8655e,2018-12,Essex Police,Essex Police,0.925456,51.881498,On or near MEACHEN ROAD,E01021685,Colchester 011C,Unable to prosecute suspect
74ae4fbdd6e5b0cc5a892e92c3bb0944637d174b0c7b24c75a553535e24f6df4,2018-12,Essex Police,Essex Police,0.423576,51.567950,On or near STATION APPROACH,E01021286,Basildon 016A,Investigation complete; no suspect identified
3fa83ea6348ba0806d77843317458733b9459a9864040a30294d5dbd9d452280,2018-12,Essex Police,Essex Police,0.471763,51.729820,On or near Supermarket,E01033140,Chelmsford 010F,Investigation complete; no suspect identified
c4bc4191db45bd73f585ed37eab87532268fbd03c180bdc0665bf23bad4231f8,2018-12,Essex Police,Essex Police,0.638581,51.946173,On or near Parking Area,E01021387,Braintree 004A,Investigation complete; no suspect identified
744541850567f5987f98d57b666efe224408b89eb9d0fe5d71e7e21b3a7dd9d6,2018-12,Essex Police,Essex Police,0.456512,51.570458,On or near Shopping Area,E01021318,Basildon 015C,Unable to prosecute suspect
6d4c1f0c4834e5a93b07da0f1f8125fa4c56136ecf9a8a9442f534662052e1de,2018-12,Essex Police,Essex Police,0.783390,51.534026,On or near ELM ROAD,E01015917,Southend-on-Sea 017D,Investigation complete; no suspect identified
62d4598d6e8686520cff90b5a1a8fa1a2be9f6e42523b64a6bce132ecaffe70f,2018-12,Essex Police,Essex Police,0.281698,51.489840,On or near Parking Area,E01016011,Thurrock 015B,Offender given a caution
c0394731e8512a09aa8a8e4fc0ab98f58aaf4c576eb4a26560c3818996219a4d,2018-12,Essex Police,Essex Police,0.602775,51.520160,On or near ROSBACH ROAD,E01021497,Castle Point 012D,Investigation complete; no suspect identified
012383d6f7a2de2988837ac16208ccd169a44d9fef775f4f37a99b51977edd0e,2018-12,Essex Police,Essex Police,0.508650,51.740279,On or near ALDRIDGE CLOSE,E01021545,Chelmsford 008B,Investigation complete; no suspect identified
9804ba07b1e3d5c330d6478bda28f5f84912eb19587a49e564433ac29fa2a07a,2018-12,Essex Police,Essex Police,0.504922,51.828374,On or near OLD MOORS,E01021538,Chelmsford 001A,Suspect charged
f94bbbab0bcf20cd6be678e74299ef1aaae29d7b285b17201fe04e27760dcd7a,2018-12,Essex Police,Essex Police,0.473682,51.730490,On or near Pedestrian Subway,E01033140,Chelmsford 010F,Investigation complete; no suspect identified
c45478bffbf5218095e49f0c860261dbb97ca8ca614c4ebbb3f0e9118a0e3242,2018-12,Essex Police,Essex Police,1.254906,51.932022,On or near LAUREL AVENUE,E01022006,Tendring 002C,Investigation complete; no suspect identified
73307909531cfac428414383a70438df89be133b839271448429980187dd1fa6,2018-12,Essex Police,Essex Police,0.461459,51.569868,On or near Shopping Area,E01021318,Basildon 015C,Investigation complete; no suspect identified
ea55f0aa8d1e4d33fd581a7f426b4591426ac33c1f8a979b813582170762019d,2018-12,Essex Police,Essex Police,0.714148,51.540424,On or near Parking Area,E01015895,Southend-on-Sea 010A,Investigation complete; no suspect identified
ad1b46e124c37ba4c2da900edf8623ac7cc48b3d29f528cb23b6fd4e5ccd7802,2018-12,Essex Police,Essex Police,0.918452,51.889569,On or near MOORSIDE,E01021648,Colchester 007C,Unable to prosecute suspect
84629517bcd96c2160f7d1a41eeb364f82d765912f804d762331fefc83553a8c,2018-12,Essex Police,Essex Police,0.553608,51.877975,On or near Parking Area,E01033459,Braintree 009F,Unable to prosecute suspect
ec3e5830cc3a35ce6e9f965a8d28ab38b10c29e0df48619f235359defea0724a,2018-12,Essex Police,Essex Police,0.630094,51.801007,On or near Supermarket,E01021428,Braintree 015F,Investigation complete; no suspect identified
82e4aa6a4c2f5911920b83a508f376b267b06a9f160e1b471b827be35c4dddcf,2018-12,Essex Police,Essex Police,0.284490,51.487772,On or near Shopping Area,E01016011,Thurrock 015B,Investigation complete; no suspect identified
01d6bdd79f83565f45ed285c7e8813db8cba3581051e5060d6b69f7460aeb506,2018-12,Essex Police,Essex Police,0.548875,51.879067,On or near Shopping Area,E01021365,Braintree 009D,Unable to prosecute suspect
4bde0103e66886dc3d2e1fd4eadad7f666e6d2817343c33bc6c2aeedb2f5e516,2018-12,Essex Police,Essex Police,1.150793,51.796203,On or near FAIRFIELD ROAD,E01021970,Tendring 016A,Unable to prosecute suspect
085e560bb3a419973a714e5a38b8e241389940078967093822114526e7e602c3,2018-12,Essex Police,Essex Police,0.789851,51.540878,On or near BOWBANK CLOSE,E01015879,Southend-on-Sea 013D,Investigation complete; no suspect identified
533d263565d0431fd5960377b8aae5727c142a516be637c0db3ce344fa127a36,2018-12,Essex Police,Essex Police,0.603360,51.584468,On or near Supermarket,E01021966,Rochford 008F,Unable to prosecute suspect
a68e8d57c8af34bdac2f84f1323b4a86c4ce60cd29df7290a19f890f2ce1da8e,2018-12,Essex Police,Essex Police,0.919789,51.884409,On or near STANDARD ROAD,E01021685,Colchester 011C,Investigation complete; no suspect identified
9cab78532545e3f51d053d67d53b62ed58feadbe7ccb56801f2099f830faf69c,2018-12,Essex Police,Essex Police,0.367177,51.459745,On or near MONARCH CLOSE,E01016004,Thurrock 018B,Investigation complete; no suspect identified
8a983747750686f997f4281fcbb63bd021042d3056c3ad261d9d3f1a8e09413f,2018-12,Essex Police,Essex Police,0.697357,51.539166,On or near ST HELEN'S ROAD,E01015856,Southend-on-Sea 015F,Unable to prosecute suspect
5f2176d649193c0a8d35933184fb448b286d83a421ba7f1d9d3475eb08f8e177,2018-12,Essex Police,Essex Police,0.697465,51.555613,On or near PARKSTONE DRIVE,E01015860,Southend-on-Sea 004D,Investigation complete; no suspect identified
c5209263b24b4c0770c7504708c1dfdc37944f67513353919f13522f96e1647b,2018-12,Essex Police,Essex Police,0.636711,51.548622,On or near SYDNEY ROAD,E01015913,Southend-on-Sea 008F,Investigation complete; no suspect identified
7a1c7514a4129526ea24809beaec5ad8788e066f8d3a6b4258519994c343a4c5,2018-12,Essex Police,Essex Police,0.230757,51.485056,On or near MULBERRY DRIVE,E01016014,Thurrock 015E,Investigation complete; no suspect identified
f2761c8250bcf98bcdfa889810c88eb39cff50f44a24c01f560628b0ba5ca103,2018-12,Essex Police,Essex Police,1.254906,51.932022,On or near LAUREL AVENUE,E01022006,Tendring 002C,Investigation complete; no suspect identified
762aa69e2d187a9246eb626497951ec763aa8c1789b92bd29e28f1c731446f10,2018-12,Essex Police,Essex Police,0.540986,51.663394,On or near BENNETT'S AVENUE,E01021535,Chelmsford 016B,Investigation complete; no suspect identified
884f46d2f9a1e0fe14dd12c30a8a58625f6c55ed4a402e6f7a000da9031fff5f,2018-12,Essex Police,Essex Police,0.625479,51.807460,On or near Pedestrian Subway,E01021426,Braintree 015E,Unable to prosecute suspect
10e1ef09a5cfa39bd390e11b333d2ec43a4fcae3b20f65f20698b27281896179,2018-12,Essex Police,Essex Police,0.631272,51.550093,On or near HENRY DRIVE,E01015912,Southend-on-Sea 008E,Investigation complete; no suspect identified
4b9151ce80108f6f34d33f60b1f8648d2ffe378ce073d4adfc7708b377232f8b,2018-12,Essex Police,Essex Police,0.373301,51.483417,On or near VIGERONS WAY,E01015933,Thurrock 012A,Unable to prosecute suspect
03f4bfe764088ca72d4dd898e5eef5c8d2d1d560c975cd1a3f1ff9d7bbe7e174,2018-12,Essex Police,Essex Police,0.074693,51.641337,On or near MARLESCROFT WAY,E01021771,Epping Forest 013A,Investigation complete; no suspect identified
12cadde564115c7a7f9509679f949cb0084d2c9df3d61951a49f5fd6d5581081,2018-12,Essex Police,Essex Police,0.551687,51.567356,On or near LONDON ROAD,E01021476,Castle Point 003A,Investigation complete; no suspect identified
3b6e8a42303be6c26dd3fbca9eb4c7fddf255cc02709f3fd4e9ae28045477e86,2018-12,Essex Police,Essex Police,0.560540,51.576462,On or near WOODSIDE VIEW,E01021515,Castle Point 001C,Unable to prosecute suspect
2959f74293e8bc90d2bd1f757c141c865858040fd9cd37f2b7da63d5efecf069,2018-12,Essex Police,Essex Police,0.600650,51.520306,On or near FLORENCE ROAD,E01021497,Castle Point 012D,Unable to prosecute suspect
d05033ae27ff92516d8e65422eaff2ee6e9096c99f555fd276816196a9d6de1c,2018-12,Essex Police,Essex Police,0.257772,51.498343,On or near LENNARD ROW,E01015926,Thurrock 008E,Investigation complete; no suspect identified
ba0369eb2196fd0cfe6e3842c0bcbfacad705d6e4365f1526affce8f9dfdeeac,2018-12,Essex Police,Essex Police,0.466199,51.721519,On or near Pedestrian Subway,E01021580,Chelmsford 012D,Investigation complete; no suspect identified
7ce6be5e44b42142be23417b533f9ba3b0f208588ebe7c21cd943c46c17ce577,2018-12,Essex Police,Essex Police,0.375239,51.467226,On or near PAGEANT CLOSE,E01016008,Thurrock 018F,Investigation complete; no suspect identified
60de69f2353faf7f2666d2ad164decd3f98089e3d1e91bf57abc30f6bac6eed8,2018-12,Essex Police,Essex Police,0.456169,51.571868,On or near Pedestrian Subway,E01021318,Basildon 015C,Investigation complete; no suspect identified
d6d480d45fc723ecf4a03283e7d88a48351319ba36db6cc6421556232d3f2ff0,2018-12,Essex Police,Essex Police,0.284143,51.486609,On or near Shopping Area,E01016011,Thurrock 015B,Investigation complete; no suspect identified
20221bde198cd28c110044ecedbdef21aa268ef9ca295b53cd2a8a31cf9527df,2018-12,Essex Police,Essex Police,0.364345,51.459532,On or near NEWTON ROAD,E01016004,Thurrock 018B,Investigation complete; no suspect identified
6b5b508d9d8984db1bac93f95ef8e10731cb6b0f8b6e28a197b82dfd7f27ce8f,2018-12,Essex Police,Essex Police,0.928443,51.881388,On or near CAELUM DRIVE,E01033719,Colchester 008G,Investigation complete; no suspect identified
de764fd95d627727498da3697896552c6ff06dbd492e94764db90bce0108de5e,2018-12,Essex Police,Essex Police,1.254906,51.932022,On or near LAUREL AVENUE,E01022006,Tendring 002C,Investigation complete; no suspect identified
9c87dac2fd174c5fe76632df5cc49e15eb36d9f98bd66acd5c66d4e12e91cecc,2018-12,Essex Police,Essex Police,1.254906,51.932022,On or near LAUREL AVENUE,E01022006,Tendring 002C,Investigation complete; no suspect identified
58613206d5a99688b2b4cdd7c8055bf700f2b979cd3942da4247e7f57d6c1893,2018-12,Essex Police,Essex Police,0.080201,51.750211,On or near MILWARDS,E01021864,Harlow 011C,Unable to prosecute suspect
58c7ef0a6201649e256a12216038cb2894c6a31dea661a630bfe295d857073f6,2018-12,Essex Police,Essex Police,0.592590,51.973824,On or near HILTON WAY,E01021397,Braintree 003B,Investigation complete; no suspect identified
5b105f96a3976424e37c7bdd0af6a64eefd40b5c2d53b94448d115006ce0a1e1,2018-12,Essex Police,Essex Police,0.494995,51.733016,On or near Shopping Area,E01021547,Chelmsford 008D,Investigation complete; no suspect identified
16a5f2ca291fd0f1d62500ef17cf8af57964ba3f45874dda390fc56a9ff22327,2018-12,Essex Police,Essex Police,0.275564,51.489033,On or near Supermarket,E01016012,Thurrock 015C,Investigation complete; no suspect identified
e30f4fd0151eb48edcf891b319d72b5031dc1cfd0fae37af9123a78031d17435,2018-12,Essex Police,Essex Police,0.896616,51.895829,On or near ALBERT STREET,E01021650,Colchester 007E,Unable to prosecute suspect
c5b928cb97a6c09cbacfb5466f75e835ac8b300ea7f59a2c64db2374b91c01d0,2018-12,Essex Police,Essex Police,0.250681,51.504721,On or near NETHAN DRIVE,E01015923,Thurrock 008B,Unable to prosecute suspect
af1f2c232cea38d25c0bf36bb4dd4985f5bf6e8ea9b3d9ab2b3039926e28f8a5,2018-12,Essex Police,Essex Police,0.545003,51.568346,On or near WYCOMBE AVENUE,E01021516,Castle Point 003D,Investigation complete; no suspect identified
1e8785936decf853992fa45702cefa7087ef140cb2389e83b03edcbccc2dc6d1,2018-12,Essex Police,Essex Police,1.024169,51.821863,On or near Supermarket,E01021983,Tendring 009B,Investigation complete; no suspect identified
88131216ab4ac1c69c6dff016f8c3f583385f88eb36dd4a308021ed20cbaff1b,2018-12,Essex Police,Essex Police,0.704765,51.550264,On or near HILL ROAD,E01015861,Southend-on-Sea 004E,Investigation complete; no suspect identified
90d6333aeff710883c827967012a356de0232896bf4d398bf6e39f9fc6705116,2018-12,Essex Police,Essex Police,0.375239,51.467226,On or near PAGEANT CLOSE,E01016008,Thurrock 018F,Investigation complete; no suspect identified
6b35105f5c3d4d49663891e2439fb23d8b1f6e2da923f8f8461295fa23dd9672,2018-12,Essex Police,Essex Police,0.688748,51.932142,On or near DE VERE ROAD,E01021410,Braintree 006E,Unable to prosecute suspect
622145554c544af136ac3dc0c99a8cd572105fdcb164ecdece7fe1ee2836d509,2018-12,Essex Police,Essex Police,0.550842,51.878655,On or near Shopping Area,E01021365,Braintree 009D,Investigation complete; no suspect identified
05ba659aa96d1deca011492b539ace33380611940b82650a9a32acc04d06956b,2018-12,Essex Police,Essex Police,0.706187,51.583436,On or near ROCHE CLOSE,E01021955,Rochford 004D,Unable to prosecute suspect
049d0da35fc865b6fc3b2508f42021587a1b1a84684c445b829fd03d14c4fa80,2018-12,Essex Police,Essex Police,0.298021,51.667816,On or near Supermarket,E01021441,Brentwood 001A,Investigation complete; no suspect identified
1503a83be5eb2a28364345d1965d73309bd477555ead4c014f5a2ea49db00241,2018-12,Essex Police,Essex Police,0.282488,51.487496,On or near Shopping Area,E01016011,Thurrock 015B,Local resolution
d763ed963747dc64f60d2bfc82626682dac2e1f79d4ac03d1c178d4560f6d7b9,2018-12,Essex Police,Essex Police,0.890955,51.917912,On or near WHITEBEAM CLOSE,E01021680,Colchester 004B,Investigation complete; no suspect identified
a91cb67e616c9beaf8406edbdbb849d4972a05bb63324a022ebfc67b49713c4e,2018-12,Essex Police,Essex Police,0.508650,51.740279,On or near ALDRIDGE CLOSE,E01021545,Chelmsford 008B,Investigation complete; no suspect identified
db129f87001b1735ca35aa1ed43f64d0645626e247c00f0888ff1d2fd058437f,2018-12,Essex Police,Essex Police,0.712493,51.536371,On or near WESTON ROAD,E01015852,Southend-on-Sea 015B,Investigation complete; no suspect identified
d146e0d49575814be3ace92f8637c6b623956974f23b08c6d804a3ce72604fd9,2018-12,Essex Police,Essex Police,0.497687,51.561818,On or near CHESTNUT ROAD,E01021310,Basildon 022B,Investigation complete; no suspect identified
5d9e579e6deffeafd4dae6e099e99be60be90e3a24e6249fc5fd28686e9bb7ca,2018-12,Essex Police,Essex Police,0.113040,51.700130,On or near Police Station,E01021757,Epping Forest 006B,Unable to prosecute suspect
0d9e651955e2bac53008b4916d9bc1d3d4ca6c1f4c53b1f28a2fb157bcd64563,2018-12,Essex Police,Essex Police,0.228015,51.930877,On or near OLD MEAD ROAD,E01022062,Uttlesford 005A,Investigation complete; no suspect identified
022751474470f73b2d9bf0d8865422c77efb6bfc3ad94de18c304d1052f3ef13,2018-12,Essex Police,Essex Police,0.683177,51.725882,On or near HORTON CLOSE,E01021889,Maldon 004A,Investigation complete; no suspect identified
c956ab9ef839c7886354724bfd6f66694e91f201bf46347d6f0a6df9318cc393,2018-12,Essex Police,Essex Police,0.473208,51.727370,On or near MILDMAY ROAD,E01021579,Chelmsford 012C,Investigation complete; no suspect identified
92a73b55f89043ffeb76884f22ee7b4c38d5514dfdf56bfaedb30d5f3124b6c9,2018-12,Essex Police,Essex Police,0.899209,51.924796,On or near Parking Area,E01021682,Colchester 004D,Investigation complete; no suspect identified
28c129d749741558d3c61ed8b0d2eaa436d44449a0d347b920ffe96d2d5b3559,2018-12,Essex Police,Essex Police,0.549145,51.572223,On or near RUSHBOTTOM LANE,E01021516,Castle Point 003D,Investigation complete; no suspect identified
2a9bfc5d271d1575fa2b27ac6c7f2ff87eef32bf87ca087b99618e18adc25645,2018-12,Essex Police,Essex Police,0.375074,51.861320,On or near Petrol Station,E01022068,Uttlesford 007C,Unable to prosecute suspect
9c7849494953a4f135a23a196fb541c2a20c4918518065c8dfd64f63583e482f,2018-12,Essex Police,Essex Police,0.616019,51.558051,On or near SHEPHERDS WALK,E01021519,Castle Point 005B,Investigation complete; no suspect identified
b40996cdb018e695a82e89097fcdfdfafe1547654773d008cc7b3a25faaa11f3,2018-12,Essex Police,Essex Police,0.661805,51.540860,On or near GRAND DRIVE,E01015848,Southend-on-Sea 011D,Unable to prosecute suspect
5be72f687dfde6708bb2e29641dfee0366b298a10afecaf97eafabaf72f706f7,2018-12,Essex Police,Essex Police,0.102538,51.673359,On or near FOREST DRIVE,E01021805,Epping Forest 010D,Investigation complete; no suspect identified
348882fdcedbc7e088a40ff68349003b115c1b9247c623a3183bb8908549822d,2018-12,Essex Police,Essex Police,0.145837,51.690102,On or near BANKS LANE,E01021800,Epping Forest 003C,Investigation complete; no suspect identified
45f7a14b4f41a818ff95308649cfc83f1761f57cbce859266549a91bc32a1d43,2018-12,Essex Police,Essex Police,0.403279,51.570814,On or near PAXFORDS,E01021277,Basildon 014D,Unable to prosecute suspect
9a3fcb6acf0c8c402ee9699d65a01eaeaacd5bc1006279b9db6958231d16509f,2018-12,Essex Police,Essex Police,0.250736,52.026142,On or near MILL LANE,E01022078,Uttlesford 002C,Unable to prosecute suspect
19135376db2fff9bd0487ef8de71faaccbffff510c6d5c57599d2cdfc0fd56b7,2018-12,Essex Police,Essex Police,0.449838,51.587244,On or near THISTLE CLOSE,E01021260,Basildon 009D,Investigation complete; no suspect identified
6fdd4ab1d5975f544d646e95e68f206fe780658d2105ee9387ef4b03a33e04d3,2018-12,Essex Police,Essex Police,0.718800,51.547826,On or near SYCAMORE GROVE,E01015898,Southend-on-Sea 010D,Unable to prosecute suspect
1ed0f04c209bf209c9ad6c1c705497f9a72944ecb28503f9e8d4e18d4c44e657,2018-12,Essex Police,Essex Police,0.417763,51.628072,On or near TANFIELD DRIVE,E01021253,Basildon 004B,Unable to prosecute suspect
550b8b6a2477f443d244d8219134545b6f3b322695fd3db12b8bf392c836636e,2018-12,Essex Police,Essex Police,0.375056,51.492519,On or near RAVENCROFT,E01015938,Thurrock 012F,Unable to prosecute suspect
03d4fb1c70eb0d1b4d05afa54a645d798e5fb91cbe6faf91463a511a228abe73,2018-12,Essex Police,Essex Police,0.899183,51.910173,On or near Hospital,E01021682,Colchester 004D,Investigation complete; no suspect identified
dadebf28bdeebd74085c77f5580d70f3f631407f5d98c2d206ddb3f94c9d8664,2018-12,Essex Police,Essex Police,0.434043,51.567500,On or near BOSTOCHE CLOSE,E01021288,Basildon 016B,Investigation complete; no suspect identified
f07edfad535d170d210aad3bd018c9732ac699d775d7f639c7a90f3298099bf3,2018-12,Essex Police,Essex Police,0.939672,51.900013,On or near BLACKWATER AVENUE,E01021708,Colchester 022A,Unable to prosecute suspect
cc8672c763d086db2b7c2a1c37730969277cb675fa9516bccfc17da6a07723df,2018-12,Essex Police,Essex Police,0.903067,51.905014,On or near SINCLAIR CLOSE,E01021679,Colchester 004A,Unable to prosecute suspect
d775a5547934cd1f37421dfb1de79f640152e1347c7d0efefdb120c5f3782806,2018-12,Essex Police,Essex Police,0.683177,51.725882,On or near HORTON CLOSE,E01021889,Maldon 004A,Investigation complete; no suspect identified
a68b1833b4bb05be92ee060dccee1707e39c49bc5ee2c8fa150edc91ba25d12e,2018-12,Essex Police,Essex Police,0.329709,51.472268,On or near CREST AVENUE,E01015952,Thurrock 017B,Investigation complete; no suspect identified
f2e6e182cfcac81ce4c4e7cca31a552c51e0efe81e0b7b981d502d4aa35d0767,2018-12,Essex Police,Essex Police,0.136349,51.762953,On or near KILN LANE,E01021825,Harlow 005B,Unable to prosecute suspect
34230f2c4d8c0e7837d8f1c168afac97ad3a0c4cc7d794ced6b6f4cffc12ed97,2018-12,Essex Police,Essex Police,0.552299,51.566164,On or near HATLEY GARDENS,E01021476,Castle Point 003A,Investigation complete; no suspect identified
64755c34e6d4ba95a64d420caa755e062514a73663d86d4c7aebfcfa175e1d93,2018-12,Essex Police,Essex Police,1.142595,51.834720,On or near FEVERILLS ROAD,E01022017,Tendring 007D,Unable to prosecute suspect
bab34f6a09fa6e72440eb04950abebee1ee9a6440af06a58b4b845f6265e998b,2018-12,Essex Police,Essex Police,0.896245,51.888706,On or near HEAD STREET,E01021649,Colchester 007D,Unable to prosecute suspect
be05ff6b86abd4442ed55e237ccaa10f0e0a08f8826da0d21ae3d2651098afd8,2018-12,Essex Police,Essex Police,0.899875,51.890226,On or near Nightclub,E01021649,Colchester 007D,Local resolution
e41a2662cc646cfa228c8729dd631e43c402270fb0a403e082e8a2a43f19667c,2018-12,Essex Police,Essex Police,0.375056,51.492519,On or near RAVENCROFT,E01015938,Thurrock 012F,Unable to prosecute suspect
cdc939389df4f7592fb58cfbf8fe4634dbd1d919728f6d13eea72ae00e754f89,2018-12,Essex Police,Essex Police,0.375056,51.492519,On or near RAVENCROFT,E01015938,Thurrock 012F,Unable to prosecute suspect
58282d13f8a122baa07feb4cabfae66d14426bb55dc275f64e0c360d1330824f,2018-12,Essex Police,Essex Police,0.375056,51.492519,On or near RAVENCROFT,E01015938,Thurrock 012F,Unable to prosecute suspect
c3cc6be0c4e5c60d0b58cfad8f16772906b7c214d5902789f1ceeefc6e11d197,2018-12,Essex Police,Essex Police,0.436259,51.567661,On or near CLIFFORD CLOSE,E01021288,Basildon 016B,Unable to prosecute suspect
cbc9d7f30834076380620bc566a26e23a456f0ed6c809efafd947e909e5c1058,2018-12,Essex Police,Essex Police,0.790894,51.880155,On or near LONDON ROAD,E01021678,Colchester 010E,Unable to prosecute suspect
8a000bf4d8c704c72a73bc3bba3079ae42e18a23eb947eeeb631512757765427,2018-12,Essex Police,Essex Police,0.536997,51.614764,On or near HIGHCLIFFE ROAD,E01021339,Basildon 005D,Investigation complete; no suspect identified
afbd580bfcba103fa642c04bc24301443b1667249af25419139447da42b357ac,2018-12,Essex Police,Essex Police,0.417986,51.485688,On or near SEVERN,E01015947,Thurrock 013A,Offender given a drugs possession warning
b23e1c6917fa17ef1cd12f17f7d96ea3fac2e8350dfffdb55dceaf460dfb96be,2018-12,Essex Police,Essex Police,0.893010,51.885404,On or near ALEXANDRA TERRACE,E01021651,Colchester 013A,Offender given a drugs possession warning
6f62509a054d87c2727b92b1a7069b8d47c1f622cc6591c5a9283ad3f67cf708,2018-12,Essex Police,Essex Police,0.717736,51.534325,On or near HERBERT GROVE,E01015852,Southend-on-Sea 015B,Investigation complete; no suspect identified
769dec7896b4d5cb4a8c00719f33bf0be760da013856f277336e6a38365cd83c,2018-12,Essex Police,Essex Police,0.092759,51.771138,On or near Nightclub,E01021872,Harlow 007E,Unable to prosecute suspect
0dbeff4c2f5e6d586ddff3827a751a7a94204308fee497482b5b05569c379377,2018-12,Essex Police,Essex Police,0.120114,51.651443,On or near TURNERS COURT,E01021770,Epping Forest 010A,Investigation complete; no suspect identified
a496a235dfade01eb09d639f1bc526b4a580972b4a5067d54558fda95343e363,2018-12,Essex Police,Essex Police,0.074959,51.751221,On or near Sports/Recreation Area,E01021864,Harlow 011C,Unable to prosecute suspect
49d5572f79e43d0ec8e94c477025437c0f7b51e704901534b9767df4f3078131,2018-12,Essex Police,Essex Police,0.899415,51.887378,On or near ABBEY GATE STREET,E01021649,Colchester 007D,Investigation complete; no suspect identified
ecd63a7abf9674807de1555c4ff239cbcdfb020bc1db220591824b5d7e41e464,2018-12,Essex Police,Essex Police,0.700166,51.552736,On or near JONES CLOSE,E01015861,Southend-on-Sea 004E,Unable to prosecute suspect
80f7c7f8b20f39faea4cbddb2095c8cbe4ee61077ccff06d4cc41bfa67ebeb2c,2018-12,Essex Police,Essex Police,0.700525,51.551981,On or near BURR HILL CHASE,E01015861,Southend-on-Sea 004E,Unable to prosecute suspect
18f239b1dba7be786f2cb68dd1aa57a562ce1ad0a177067ba5d1a92e970efcd7,2018-12,Essex Police,Essex Police,0.528169,51.601491,On or near MACLAREN WAY,E01021343,Basildon 008C,Offender given a drugs possession warning
3fa59ca43bba8648f14d67c617a3418804b9954d99cf15ddb3030bbba18b21a6,2018-12,Essex Police,Essex Police,0.043019,51.625409,On or near KING'S AVENUE,E01021748,Epping Forest 015G,Unable to prosecute suspect
246e3015549e2017da184caad0f3992421153292b404bc01d864d6bcf5e8cf67,2018-12,Essex Police,Essex Police,1.152103,51.794810,On or near WELLESLEY ROAD,E01022043,Tendring 014B,Offender given a caution
21a2ba6f7fe8c8bcaac59818b386058baf84b1229e07d315afa29d88ab895a25,2018-12,Essex Police,Essex Police,0.666055,51.549415,On or near GLENBERVIE DRIVE,E01015820,Southend-on-Sea 005A,Investigation complete; no suspect identified
22665b1efe433df4327dc41a2724dd697f1e48e99628c5770a6741ceba37932d,2018-12,Essex Police,Essex Police,0.299706,51.619123,On or near Parking Area,E01021436,Brentwood 007B,Unable to prosecute suspect
5f708d00fa4b0ce7593d6fe9f4ca0d9e55047a3a1705484670972485a6ba55f2,2018-12,Essex Police,Essex Police,0.709743,51.544690,On or near Police Station,E01015895,Southend-on-Sea 010A,Suspect charged
e594a1b0d2fbf9db22e9f6d0300c4d557db641c1bc4916a8719d0972c792a696,2018-12,Essex Police,Essex Police,0.328510,51.480125,On or near ORSETT ROAD,E01015956,Thurrock 016B,Unable to prosecute suspect
3c1ad5d92218d34d2aa45cb168f876e2489f398ebebbac85f52093a4bf7f0ecd,2018-12,Essex Police,Essex Police,1.262339,51.846154,On or near BUTCHERS LANE,E01022055,Tendring 006D,Investigation complete; no suspect identified
a597e162fa4f300fc0228504d6927859239d056290668eafea6c0ba36d9281c8,2018-12,Essex Police,Essex Police,0.328510,51.480125,On or near ORSETT ROAD,E01015956,Thurrock 016B,Suspect charged
914eba4988ca38bc73d024d788e6f25d646b53df811a32ecfc616b6d707c7135,2018-12,Essex Police,Essex Police,1.117974,51.788939,On or near OAK AVENUE,E01021989,Tendring 018B,Offender given a caution
4288ada1d2f12ef90878aced1acaf17457ec4d4440674f75e22016f49911993f,2018-12,Essex Police,Essex Police,0.365425,51.467613,On or near SULLIVAN ROAD,E01016007,Thurrock 018E,Unable to prosecute suspect
6c762fbdc4bd70cedf88d6059faeef4785c46e4e5007b4ac90c3bff18881b3fd,2018-12,Essex Police,Essex Police,0.607532,51.587235,On or near Nightclub,E01021962,Rochford 008C,Unable to prosecute suspect
35014f4e4e407e693d6bc6523625500d617db32b56e994636aea9c070a206a07,2018-12,Essex Police,Essex Police,-0.010421,51.646263,On or near SEWARDSTONE ROAD,E01004349,Waltham Forest 001A,Unable to prosecute suspect
bb5fa8a9b7a3e0b2b1fedc2f5da4d30ad7120103748a74434336f2368f80b65b,2018-12,Essex Police,Essex Police,0.558661,51.878935,On or near RAILWAY STREET,E01033458,Braintree 009E,Offender given a caution
91675653aa22e7bf19221391007cb0166e47813a019778c59f0f35d4ff351731,2018-12,Essex Police,Essex Police,1.286649,51.946087,On or near WEST STREET,E01021997,Tendring 001A,Unable to prosecute suspect
f14766faef99eba9cc30117d938652b014c546fd9da38144fa8ef46c6a4da801,2018-12,Essex Police,Essex Police,0.294994,51.487827,On or near HAMPTON CLOSE,E01015982,Thurrock 019A,Investigation complete; no suspect identified
3a23215ca932e7a868593f180db987c010d72c1b524130decd541948657f280f,2018-12,Essex Police,Essex Police,0.694218,51.536567,On or near STATION ROAD,E01015851,Southend-on-Sea 015A,Unable to prosecute suspect
2f56d37bbe906f9d3d3cf4c48b5fba53d47c9be2ba6444d1569f97bd2a4ab70c,2018-12,Essex Police,Essex Police,0.605787,51.586267,On or near HIGH STREET,E01021962,Rochford 008C,Unable to prosecute suspect
f303642f91359aec7bfd1b2ef3b7f158b79362c71b7542726f8c7607fcd61551,2018-12,Essex Police,Essex Police,0.303360,51.620247,On or near Supermarket,E01021436,Brentwood 007B,Suspect charged
92a88bda7415b9c2ebd24edf4b5b0da9be31e5b1cd36ec40d6fc6d7d4debb32d,2018-12,Essex Police,Essex Police,0.467409,51.737088,On or near Nightclub,E01021574,Chelmsford 010A,Local resolution
236cba1413de23c3b757711228eab57a0c41257925d00474a015a0deb25e9cde,2018-12,Essex Police,Essex Police,0.619499,51.848179,On or near FRANCIS WAY,E01021360,Braintree 012A,Unable to prosecute suspect
c29a56c88d39807aafdd83557c4d0e73f393edeb8ba0f2ab6d8c9485f8a713e3,2018-12,Essex Police,Essex Police,0.696089,51.558451,On or near ROCHFORD ROAD,E01015859,Southend-on-Sea 004C,Investigation complete; no suspect identified
ef87c3e44d987bf5896cd062c61ed84301d3c19166b6be762623b19f5d132c63,2018-12,Essex Police,Essex Police,0.458601,51.749071,On or near CAMELOT CLOSE,E01021576,Chelmsford 006A,Unable to prosecute suspect
cc55b665230d26dcf7b75169bd29e58f94f50911bbcf4d5bb98b2f8ccde58cad,2018-12,Essex Police,Essex Police,0.072179,51.640069,On or near HIGHWOOD LANE,E01021771,Epping Forest 013A,Investigation complete; no suspect identified
b9e0d4762bdedb10ac984ad73061969d50bfc069ceead3c2b1f069de2e84ac37,2018-12,Essex Police,Essex Police,0.468926,51.695022,On or near PONDS ROAD,E01021552,Chelmsford 017A,Local resolution
24e37c2f5c74fa195dc2c11e518a2dbd5a30561110be8a1dd4bcd254cb6d5ed3,2018-12,Essex Police,Essex Police,0.563136,51.545648,On or near HIGH STREET,E01021480,Castle Point 007A,Investigation complete; no suspect identified
b131ed5ff4963b46a90430b846f58461eb252f5e074ca9f64daec18f09d46323,2018-12,Essex Police,Essex Police,0.286835,51.504120,On or near BROXBURN COURT,E01015927,Thurrock 007A,Investigation complete; no suspect identified
00d8110b525a0d7afa2f6b73f0eff4e5326931ad77a4f63329f505ae7a19d45e,2018-12,Essex Police,Essex Police,0.847097,51.888368,On or near NEW FARM ROAD,E01021674,Colchester 009B,Investigation complete; no suspect identified
e530bdf6b9b8f4938faf86b85f404fbe6fe96f5bb68a7fcf4b345f8208f6b15a,2018-12,Essex Police,Essex Police,0.500226,51.568374,On or near HARTFORD END,E01021317,Basildon 018E,Investigation complete; no suspect identified
114b576866ab8d024227dde14262bc11b12249630ed969d0c3c4fc3d36027944,2018-12,Essex Police,Essex Police,0.273008,51.612467,On or near TERN WAY,E01021468,Brentwood 006D,Unable to prosecute suspect
376d8f70dde84b70b07772e022ae0e03ccdac19ea3aac0fc5c7946ee3909d7ff,2018-12,Essex Police,Essex Police,0.455025,51.557871,On or near FOBBING FARM CLOSE,E01021297,Basildon 020D,Unable to prosecute suspect
6fa822684f1880362c886c28b6921e74a85c25556c1cbdbcecb3884c204f8514,2018-12,Essex Police,Essex Police,0.560285,51.877857,On or near MANOR STREET,E01033458,Braintree 009E,Offender given a drugs possession warning
c852960c77c687ed5508fbb665e91828dfe2ce24d9856edc4888962696dab96f,2018-12,Essex Police,Essex Police,0.549797,51.575878,On or near HAZELWOOD,E01021514,Castle Point 001B,Investigation complete; no suspect identified
dd64ea1f2d6c87a86875b2a5186124ada93c9f588772ff057a1e457a8fbce51e,2018-12,Essex Police,Essex Police,0.696089,51.558451,On or near ROCHFORD ROAD,E01015859,Southend-on-Sea 004C,Investigation complete; no suspect identified
f6e861875fb88033f8533bb2939c0ea2d27fe877b08aa62e927410f23870ea25,2018-12,Essex Police,Essex Police,0.524231,51.615102,On or near Petrol Station,E01021336,Basildon 005B,Investigation complete; no suspect identified
d1ee8867b1cd8f9f12b78831a9d78c604dacbd3edf693b5bcc53403602ec6b35,2018-12,Essex Police,Essex Police,0.136349,51.762953,On or near KILN LANE,E01021825,Harlow 005B,Unable to prosecute suspect
f83d3dbe55e85f70bb8e6e888fc417dfcaaeea3842a3feae2a8754309952aee9,2018-12,Essex Police,Essex Police,0.625429,51.651211,On or near WOODHAM ROAD,E01021611,Chelmsford 019A,Offender given a drugs possession warning
09ae14f99f9f57c6505fbdf87089e55e994d0a732d9c637de23e8efe043c7e8f,2018-12,Essex Police,Essex Police,1.118825,51.800015,On or near LINSTEAD CLOSE,E01021977,Tendring 013C,Unable to prosecute suspect
df6b4d66b1280eccd527e4bb4cd12244d6626c40ccce765c6c66299e200360b1,2018-12,Essex Police,Essex Police,0.500449,51.740247,On or near INKERPOLE PLACE,E01021544,Chelmsford 008A,Suspect charged
5fa100dc01bf64b83038f7b6dbc42941ef5d6794b12e364b55c232cbeb95de7f,2018-12,Essex Police,Essex Police,0.516750,51.604695,On or near KERSHAWS CLOSE,E01021342,Basildon 008B,Unable to prosecute suspect
531dc1681e86cad11ecdf074a00bff56f40feaaac5ad669f7f08fb87764b1dec,2018-12,Essex Police,Essex Police,0.859781,51.913458,On or near COOPERS CRESCENT,E01021729,Colchester 003C,Unable to prosecute suspect
be5fa6397c3883b48dbe5b9d76367d5226911200bbb8d2a19b567d8d0e0ff529,2018-12,Essex Police,Essex Police,0.670129,51.560852,On or near CHEDDAR AVENUE,E01015824,Southend-on-Sea 005E,Unable to prosecute suspect
1827f422b5e7e964efdb492f09d43c6376f910d4b0a5d77addf3aac388003553,2018-12,Essex Police,Essex Police,0.111264,51.705180,On or near MEADOW ROAD,E01021760,Epping Forest 005A,Unable to prosecute suspect
124e6ccf4c5fcba27e0cba696464ecf3392c983a262bff4da07318202f648b34,2018-12,Essex Police,Essex Police,0.737111,51.544073,On or near STORNOWAY ROAD,E01015884,Southend-on-Sea 009B,Unable to prosecute suspect
b457d41c4e85b6d3d6eae77760fb1482dd1871c9902c5c4f9d339d3ca64895c3,2018-12,Essex Police,Essex Police,0.709052,51.535488,On or near CASHIOBURY TERRACE,E01015853,Southend-on-Sea 015C,Investigation complete; no suspect identified
a85d09ee5033bb186f5dd6648c2c49c65a2b335ec32f479c63aeef8a1f5a466a,2018-12,Essex Police,Essex Police,0.715320,51.534677,On or near Shopping Area,E01015852,Southend-on-Sea 015B,Investigation complete; no suspect identified
51e2355ce07ed7a1dae80dd2d886f0d945cf08c580778b1fb2407b3e8dc3dc25,2018-12,Essex Police,Essex Police,1.070574,51.841148,On or near THE PADDOCKS,E01021993,Tendring 009C,Investigation complete; no suspect identified
00e4100a859393499a6e292e486fbca4d47805008748d25ce1aefb6ca0f1f672,2018-12,Essex Police,Essex Police,0.706956,51.534439,On or near CLIFFTOWN PARADE,E01015853,Southend-on-Sea 015C,Investigation complete; no suspect identified
b2d1582968e241794293d03698e71dc3061ff1258422c9d4b5a26b1d22d2bb21,2018-12,Essex Police,Essex Police,0.063333,51.636546,On or near BROOMFIELD AVENUE,E01021784,Epping Forest 013E,Suspect charged
a0e3215f88bcdf7a92d32905ae27f8f6a5daf3c83251baa62c793c021909f6c6,2018-12,Essex Police,Essex Police,0.575298,51.524499,On or near CEDAR ROAD,E01021488,Castle Point 010C,Investigation complete; no suspect identified
10c2b83af808c4ebec5a22ae059887f31edfeacbcb4c2c220d0dd9fa6b694968,2018-12,Essex Police,Essex Police,0.716855,51.546415,On or near SUTTON ROAD,E01015898,Southend-on-Sea 010D,Unable to prosecute suspect
891511117e3f4a32ca1e13fc7db551b4345811d48a0627d47f9b7b702cbcb942,2018-12,Essex Police,Essex Police,0.294551,51.617731,On or near Police Station,E01021439,Brentwood 007C,Investigation complete; no suspect identified
4b2b9e6962b607324e85ff0e1e006b1c5d5956638fc6bf6f5a1dd1c591ecb672,2018-12,Essex Police,Essex Police,0.737111,51.544073,On or near STORNOWAY ROAD,E01015884,Southend-on-Sea 009B,Unable to prosecute suspect
ea4f682d4743344d196e0766f577202609a6d3761a82b4d72f85234a3b3a2c7b,2018-12,Essex Police,Essex Police,1.148025,51.787913,On or near Police Station,E01022037,Tendring 017D,Unable to prosecute suspect
998a5922af5a233d2020980d03334718690407a10dab7fa920df151712fe1b86,2018-12,Essex Police,Essex Police,0.296149,51.486159,On or near VICTORY CLOSE,E01015982,Thurrock 019A,Investigation complete; no suspect identified
b96eda17af246e6854d12f89a6f48c9aca5167e690bcad73c9d9802e9cddf1df,2018-12,Essex Police,Essex Police,0.105096,51.751557,On or near THE BRIARS,E01021861,Harlow 010E,Unable to prosecute suspect
4bcb388efc390d1f9d436147d3bb2adc4411955cddd09c3106371ff3c32b0e9d,2018-12,Essex Police,Essex Police,0.876583,51.868503,On or near SALAMANCA WAY,E01021714,Colchester 015D,Investigation complete; no suspect identified
4ea1eb24c6331b7103cedaede97dea0bbfae28aa4ba505523ca7430f940c77d6,2018-12,Essex Police,Essex Police,0.361975,51.458798,On or near DOCK ROAD,E01016004,Thurrock 018B,Investigation complete; no suspect identified
add43dc74110a585498e7ed67549f43bd825c74c25219629d5865a8557eccdac,2018-12,Essex Police,Essex Police,0.270445,51.486039,On or near Parking Area,E01016012,Thurrock 015C,Investigation complete; no suspect identified
263fdfd67005b156cce7a1e8c9808b5b74e060cd8b9108424d1fa24487fa5784,2018-12,Essex Police,Essex Police,0.105096,51.751557,On or near THE BRIARS,E01021861,Harlow 010E,Unable to prosecute suspect
3227b957bf6db915310af4a467b262a35501539dc72dc98cbbb0cfa51f5e8d76,2018-12,Essex Police,Essex Police,0.327640,51.476886,On or near FINCHLEY ROAD,E01015952,Thurrock 017B,Unable to prosecute suspect
335d8cf89546f2d6f4af4ccf2f1c686966db27ef466fbdf69100cad014f52eac,2018-12,Essex Police,Essex Police,1.173987,51.802181,On or near MERRYMOUNT GARDENS,E01022050,Tendring 014E,Investigation complete; no suspect identified
0d28b676bc9e4a91273a100b12167a05b8f253771073b31c043f16342c7440a9,2018-12,Essex Police,Essex Police,0.281698,51.489840,On or near Parking Area,E01016011,Thurrock 015B,Suspect charged
ba101be051cf1324847e335f7d30492437c37551669f76a778cf1788c535d9a9,2018-12,Essex Police,Essex Police,1.163876,51.817932,On or near FARADAY CLOSE,E01021984,Tendring 010A,Investigation complete; no suspect identified
66d9862d534512eb3170c1854a5618ef4275cabc2580c61a26bd496c60328148,2018-12,Essex Police,Essex Police,0.781010,51.527867,On or near ST ANDREWS CLOSE,E01015920,Southend-on-Sea 017G,Unable to prosecute suspect
1d2e97a95db1bd632b51265aa1528a086d3f13326a32744f9d38e4d33ebc911f,2018-12,Essex Police,Essex Police,0.284490,51.487772,On or near Shopping Area,E01016011,Thurrock 015B,Suspect charged
4c6ccac5cde931745f7fbd7db1bafda4cb6f3d0ea159a728ac8f2bdcdb1db71b,2018-12,Essex Police,Essex Police,0.845734,51.878068,On or near Petrol Station,E01021721,Colchester 012D,Investigation complete; no suspect identified
2abfc28be2251d2d746342efc439469711ebb48179133330a366de9f0ac02216,2018-12,Essex Police,Essex Police,0.282026,51.488629,On or near Parking Area,E01016011,Thurrock 015B,Suspect charged
d484cde013e20a58b16a7be511e3605c854e0a89034b61fed1a96fe13bce70b2,2018-12,Essex Police,Essex Police,0.104199,51.617746,On or near SHILLIBEER WALK,E01021749,Epping Forest 016A,Investigation complete; no suspect identified
7bab1f3eebfb8e88d4d98ca7a35ef2fe2df3069b92a74a897f08149ab8feb0ee,2018-12,Essex Police,Essex Police,0.567412,51.519635,On or near Petrol Station,E01021501,Castle Point 011D,Unable to prosecute suspect
76fd41ac4b36431adff374fa13e9e3dc68f30797f803e7240be66d2a07255448,2018-12,Essex Police,Essex Police,0.618124,51.715065,On or near BRYANT'S LANE,E01021913,Maldon 002D,Investigation complete; no suspect identified
d554ff3d685b9b888a87888138b0613a966a6fc2780981faf9e982c9792b92b9,2018-12,Essex Police,Essex Police,0.800623,51.553752,On or near MORELAND CLOSE,E01021922,Rochford 010C,Unable to prosecute suspect
1e4eb138781afe4cab0af8c092a1c3be64b428540d8ac8e24716ac399721f165,2018-12,Essex Police,Essex Police,0.508593,51.874034,On or near KIDDER ROAD,E01021405,Braintree 010D,Investigation complete; no suspect identified
1df0fcf37ad017d5b7b7b8a3bc2a27eb88a82f093e0ae3f239a4ae6b526f4c73,2018-12,Essex Police,Essex Police,0.094846,51.771452,On or near ADAMS HOUSE,E01021872,Harlow 007E,Offender given a caution
d7ad8631c91508e7447c02ed8f55a80c3009c03015740a827e165bedd39ded5f,2018-12,Essex Police,Essex Police,0.186647,51.755374,On or near SCHOOL LANE,E01021796,Epping Forest 003B,Investigation complete; no suspect identified
22a59916a45b8c3ee3571ee174b2a1eb9e92e2965f1c28deeae8ec781a41ecfa,2018-12,Essex Police,Essex Police,1.035603,51.811693,On or near GREENHURST ROAD,E01021981,Tendring 011C,Investigation complete; no suspect identified
3c321a4f14197d2bbe6950d3b3a7777f4856cf99c280c0557d014e96fb339403,2018-12,Essex Police,Essex Police,1.047847,51.938352,On or near MEADWAY,E01022013,Tendring 003B,Investigation complete; no suspect identified
ed22acdf541cf39f9240d8726435430d7789c1aa64d9f9ecf5905f4e26adbfde,2018-12,Essex Police,Essex Police,0.496986,51.715536,On or near PLUMTREE AVENUE,E01021566,Chelmsford 014D,Investigation complete; no suspect identified
0053959a1264efca9efa2fa973ad9c782fc6dd314ef28838c64d2b2ec4769ca9,2018-12,Essex Police,Essex Police,0.474190,51.732359,On or near Shopping Area,E01033140,Chelmsford 010F,Investigation complete; no suspect identified
51e9869164450aaab4778c6a033411db1ab3956c124cef70d8ca51f1566be522,2018-12,Essex Police,Essex Police,0.935388,51.890514,On or near BLACKTHORN AVENUE,E01021696,Colchester 008A,Investigation complete; no suspect identified
015eec9bb395ca3a7315b981f2296bac6ce6486685e674853910007317b7e10d,2018-12,Essex Police,Essex Police,0.898584,51.898397,On or near BLOYES MEWS,E01021647,Colchester 007B,Investigation complete; no suspect identified
f3be94e7a1ef73a56e63a514870e325ddcd752004506b3158895ecffca0cb5d9,2018-12,Essex Police,Essex Police,0.506111,51.736026,On or near Village Square,E01021548,Chelmsford 013A,Investigation complete; no suspect identified
41e67e21df469c3d5cf2d51145cc998ea3d9946a068a906306c69337dd5f3a8c,2018-12,Essex Police,Essex Police,0.277554,51.476647,On or near THIRD AVENUE,E01016012,Thurrock 015C,Investigation complete; no suspect identified
28fc5510b24417f0343c1e9df545727049e1e10ec71d28b8477d82dcdebf6268,2018-12,Essex Police,Essex Police,0.086889,51.648207,On or near TORRINGTON GARDENS,E01021776,Epping Forest 011C,Unable to prosecute suspect
44107a1c285bc7267fe6231d6a1300ec24c37e867424c3de8689e29c42d08d15,2018-12,Essex Police,Essex Police,0.637426,51.935911,On or near SOUTH CLOSE,E01021393,Braintree 004E,Unable to prosecute suspect
00bd729e0cae76864d1e5f7f0dcd9a9a926c59e20fb6d55df33267cfd9224298,2018-12,Essex Police,Essex Police,0.438636,51.587522,On or near ABBOTS COURT,E01021262,Basildon 010B,Unable to prosecute suspect
ed1cb0b7b64d240674f300f1156a0cfdffab1f441ae285201a0cba2bd84be023,2018-12,Essex Police,Essex Police,0.487303,51.711623,On or near GARDENERS,E01021566,Chelmsford 014D,Unable to prosecute suspect
2c1d6497ecd4509a93146b16e270aa84ca7174d47741f01510e5567f1532a3f5,2018-12,Essex Police,Essex Police,0.229195,51.484933,On or near RIVER COURT,E01016014,Thurrock 015E,Investigation complete; no suspect identified
3f2bf39aa4fd66c571efa69719f29a94cf563dfa8497cfe5615c798c9816ae67,2018-12,Essex Police,Essex Police,0.303827,51.619195,On or near ALFRED ROAD,E01021436,Brentwood 007B,Investigation complete; no suspect identified
b6f4646b7146d6e9f3966d48b4b1f1ed520de1029a88a70404dc4f5a17a5e1ac,2018-12,Essex Police,Essex Police,0.600213,51.562216,On or near WESTWOOD LODGE,E01021529,Castle Point 006D,Unable to prosecute suspect
ebbd13754ba824e09b239e8311b2e561a0698a14541b1bdd5f3168306d8c13de,2018-12,Essex Police,Essex Police,0.113040,51.700130,On or near Police Station,E01021757,Epping Forest 006B,Investigation complete; no suspect identified
41672855cb83d77e4d66fdb6c2fb225e270f6224c4da50d0d52190820e943802,2018-12,Essex Police,Essex Police,0.681184,51.543224,On or near SEYMOUR ROAD,E01015832,Southend-on-Sea 012F,Investigation complete; no suspect identified
c47f2232dd7676cd5bf839efc9a8b9509cd238eaff9035c6a46bad30200501eb,2018-12,Essex Police,Essex Police,0.033419,51.624946,On or near DUCHESS GROVE,E01021745,Epping Forest 015D,Investigation complete; no suspect identified
2ee88eed362c2a27f9acfcb4b4754ed4aa265368972c6648399e1dbbc6e0e780,2018-12,Essex Police,Essex Police,0.412966,51.571703,On or near BRAXTEDS,E01021276,Basildon 014C,Investigation complete; no suspect identified
0bfb4c5e0e94ad26c96cfde12145304b535c4507cac2dfdd9d757ab4fd85398f,2018-12,Essex Police,Essex Police,0.193109,51.872201,On or near DUNMOW ROAD,E01022087,Uttlesford 005F,Investigation complete; no suspect identified
b49b7d423e445cabe57d3487d421a9cc6f31717491ebb479c8673f2ddfede151,2018-12,Essex Police,Essex Police,0.193109,51.872201,On or near DUNMOW ROAD,E01022087,Uttlesford 005F,Investigation complete; no suspect identified
19c527b77b0a4b98b30ac9a84c8a2de18d321307e0a7e75032f3432cd283d7a3,2018-12,Essex Police,Essex Police,0.476101,51.734998,On or near Parking Area,E01033141,Chelmsford 010G,Investigation complete; no suspect identified
10dcb6bf83c06a9d5e9a3ccc599806a8cebcddcb976f26fed7ca75efcc7c9c2b,2018-12,Essex Police,Essex Police,-0.003337,51.687086,On or near CHURCH STREET,E01021818,Epping Forest 009C,Unable to prosecute suspect
64e057e60c006ac208f7f6af91f7ea7e004ca4f08cc74178cc0e36ec2cfc9624,2018-12,Essex Police,Essex Police,1.117974,51.788939,On or near OAK AVENUE,E01021989,Tendring 018B,Unable to prosecute suspect
fcb87d1096868efb73e4b6c0490e7c63901f943b3d305c10dfd00685abf0cd4b,2018-12,Essex Police,Essex Police,0.914046,51.874946,On or near BRITTANY WAY,E01021665,Colchester 016D,Unable to prosecute suspect
5414ac41326570a755d9dd8f397c63ee4bde524b87f698d76c586842e5264102,2018-12,Essex Police,Essex Police,0.294127,51.491792,On or near Supermarket,E01015982,Thurrock 019A,Investigation complete; no suspect identified
c4c0ca95989c2c5236f1089e7e831333a5ef84518dce2f26760b61ab4ad424fa,2018-12,Essex Police,Essex Police,0.608621,51.611772,On or near HULLBRIDGE ROAD,E01021944,Rochford 001C,Investigation complete; no suspect identified
9049dcd4d5ad32d38bdd7c1e96a6b7ca9ac7196c8a9f8a3c9d02ccd9a32ff576,2018-12,Essex Police,Essex Police,0.284143,51.486609,On or near Shopping Area,E01016011,Thurrock 015B,Investigation complete; no suspect identified
2403704a3e8a3797b616596fe9e7875888cf1e3485f70c350d3ebfb438ffe5e4,2018-12,Essex Police,Essex Police,0.423167,51.556187,On or near WESTLEY ROAD,E01021282,Basildon 021C,Investigation complete; no suspect identified
816067502f6413d36862649dc6a08d8c5568ca9e6ac8463b217549657c6dfb83,2018-12,Essex Police,Essex Police,0.144472,51.765872,On or near SHELDON CLOSE,E01021826,Harlow 005C,Unable to prosecute suspect
4d29875f35f066fa48f67773a29fe410c9916b70f73cf15e4208b1a926346176,2018-12,Essex Police,Essex Police,0.479710,51.570590,On or near DENGAYNE,E01021322,Basildon 019A,Suspect charged
e314b8346f053179504f0f9b130292b82d6033252c818cbbb6d6b33b85488fac,2018-12,Essex Police,Essex Police,0.282488,51.487496,On or near Shopping Area,E01016011,Thurrock 015B,Local resolution
95e90b87ffa1e70d470e7d6493a37c9be0727e7f6ebe5072790ade0f7dda9b17,2018-12,Essex Police,Essex Police,0.328510,51.480125,On or near ORSETT ROAD,E01015956,Thurrock 016B,Suspect charged
41a4063259865d0657de42ba4e76e9875fc1f421938bca0ec025f9bd63621e0d,2018-12,Essex Police,Essex Police,0.460775,51.569775,On or near Parking Area,E01021318,Basildon 015C,Suspect charged
7d80651201aaf3007d39b331e7f9fd9eaebc37aa8b407ff11eb5a43d6c944f81,2018-12,Essex Police,Essex Police,0.901325,51.890172,On or near GEORGE STREET,E01021649,Colchester 007D,Investigation complete; no suspect identified
3713adbc7f6d4f3d0f5c4a45ff185320eda60771f1ada6709803bcf1df099955,2018-12,Essex Police,Essex Police,0.412966,51.571703,On or near BRAXTEDS,E01021276,Basildon 014C,Investigation complete; no suspect identified
569d70fbc2bc30b79eef264c5580ccac9a137ae0af8a6c30a32a9feeac709e83,2018-12,Essex Police,Essex Police,0.472257,51.733569,On or near Shopping Area,E01033141,Chelmsford 010G,Investigation complete; no suspect identified
1967663850ee6be42d535057e7222504ea5d10f0181fedc8b5cb48dab3b31477,2018-12,Essex Police,Essex Police,0.712850,51.587203,On or near STILLWELLS,E01021955,Rochford 004D,Unable to prosecute suspect
babf8418734e1515c9b60fe6f44e136af74b07f0160aef9fcb958f71ef5cbe21,2018-12,Essex Police,Essex Police,0.214811,51.811823,On or near PARK DRIVE,E01022070,Uttlesford 009C,Investigation complete; no suspect identified
a0e2513044cae72015b418cea5a7a89b090d4f5a6bd32972450fd7e7cc2f9fae,2018-12,Essex Police,Essex Police,0.238350,51.643735,On or near DYTCHLEYS ROAD,E01021443,Brentwood 001C,Investigation complete; no suspect identified
6e8414fc4e115969a088c7eb81a246d759ac5eefdf1f2ed0e6f0815aeaa5e0c3,2018-12,Essex Police,Essex Police,0.704854,51.547627,On or near WALLIS AVENUE,E01015899,Southend-on-Sea 010E,Investigation complete; no suspect identified
488112df25473908d8b9f8e5bf94951f45ff0ade1cc3838b4836b98213209814,2018-12,Essex Police,Essex Police,0.476123,51.729036,On or near ROCHFORD ROAD,E01033140,Chelmsford 010F,Investigation complete; no suspect identified
14738ebc962976e5b80e83143707102dc624a7319900696022b77f58fe1d6d96,2018-12,Essex Police,Essex Police,0.095357,51.767783,On or near Shopping Area,E01021872,Harlow 007E,Offender given a caution
d05f6b69f415b11d5c8fbb861b6a2f3cc61cac3eb11147e4bedd56c114f63454,2018-12,Essex Police,Essex Police,0.100436,51.676706,On or near PURLIEU WAY,E01021805,Epping Forest 010D,Unable to prosecute suspect
4cc4f8a762ec09e69f24095c722438b14c83618b3930b6f01c4ad998b4a68f46,2018-12,Essex Police,Essex Police,0.129177,51.762984,On or near OAKLANDS DRIVE,E01021836,Harlow 008D,Investigation complete; no suspect identified
b6ad5da8150f21b32b5c164fa0f04079622f4447e8380840dc55c94718ca3f8f,2018-12,Essex Police,Essex Police,0.674172,51.549590,On or near SHANKLIN DRIVE,E01015823,Southend-on-Sea 005D,Investigation complete; no suspect identified
9847149c5ea56f2f0ca6b3d3e5013de09d4e63a4030fc76b743dae5016af9e6e,2018-12,Essex Police,Essex Police,0.193109,51.872201,On or near DUNMOW ROAD,E01022087,Uttlesford 005F,Investigation complete; no suspect identified
4a18c23aaf60fd89ca85d14d82f53c908791c2f24b76ee8e4ee0891a4df32f81,2018-12,Essex Police,Essex Police,0.677696,51.545723,On or near SOUTHBOURNE GROVE,E01015905,Southend-on-Sea 007E,Unable to prosecute suspect
d5a980965174d4e314204b6c2da3fdd36af20fb7f8ecceb167a419d0d1a8096c,2018-12,Essex Police,Essex Police,0.685567,51.548107,On or near TINTERN AVENUE,E01015904,Southend-on-Sea 007D,Unable to prosecute suspect
0bba29643e538593cd745fa151cabe3d527a17e33a29d45c042c34ec77157baa,2018-12,Essex Police,Essex Police,0.895698,51.897371,On or near NORTH STATION ROAD,E01021650,Colchester 007E,Investigation complete; no suspect identified
5629640563dffe6c198d4e92855dc0090230aa80e77cd9e30b6a02262a1315f9,2018-12,Essex Police,Essex Police,0.136090,51.773443,On or near TATTON STREET,E01021857,Harlow 001D,Investigation complete; no suspect identified
c7f53f6fbee4518e383bfab02300c5f00537d435c567274b0c7882335ff5400a,2018-12,Essex Police,Essex Police,0.900615,51.887717,On or near VINEYARD GATE,E01021649,Colchester 007D,Local resolution
14b7f6ca98311530332ce10663066d2107c531e681cef4d337ef0cca5e03f10a,2018-12,Essex Police,Essex Police,0.493343,51.754311,On or near CLEMATIS TYE,E01021620,Chelmsford 004D,Suspect charged
c990782af2d674fc9e39ab0a7f8d640919484128cf892e95aabf675f88254b97,2018-12,Essex Police,Essex Police,0.490023,51.577351,On or near CRAYLANDS,E01021270,Basildon 012D,Investigation complete; no suspect identified
65f0af5c13465bdade38acc54beac7c3f719289026ba0ec3f46fc3946e13469d,2018-12,Essex Police,Essex Police,0.648079,51.556082,On or near TUDOR GARDENS,E01015819,Southend-on-Sea 003F,Investigation complete; no suspect identified
7a047414ef11cd8ea60ed0ac109be1c98f5c40790499e439952ff5a62e915292,2018-12,Essex Police,Essex Police,0.100436,51.676706,On or near PURLIEU WAY,E01021805,Epping Forest 010D,Unable to prosecute suspect
0fb5e6ee118d77b8618c2ae164694dadc1f00fbff217b599b8c50afbcd72acd7,2018-12,Essex Police,Essex Police,0.093027,51.753436,On or near Supermarket,E01021859,Harlow 010C,Local resolution
f8ddb5b5b6df54b67de6935c9ef9d6ef8ca2089813b451da389ab131526c7589,2018-12,Essex Police,Essex Police,0.424733,51.515100,On or near Supermarket,E01015989,Thurrock 005A,Investigation complete; no suspect identified
91d6b8e2effabcc503a3b1da806b04abbe6585e4bd7265a0b0751d26012c7762,2018-12,Essex Police,Essex Police,0.484749,51.703070,On or near KIRKMANS ROAD,E01021555,Chelmsford 017D,Investigation complete; no suspect identified
ebae83018da3b50b090c70bc4601f4f28ec9691aa86e3594cf43dbe6fa95405c,2018-12,Essex Police,Essex Police,0.262613,51.888213,On or near Parking Area,E01022090,Uttlesford 006B,Investigation complete; no suspect identified
1577127c8816ca3a800db3366a0a1680c45b2da76614e80f6328e457e128c415,2018-12,Essex Police,Essex Police,0.461228,51.569334,On or near Pedestrian Subway,E01021318,Basildon 015C,Investigation complete; no suspect identified
df01f00aa1dea23c888764e05652a5de2a5bfb1c3933332de5750ed440093953,2018-12,Essex Police,Essex Police,1.029738,51.798245,On or near NORTH WALL,E01022046,Tendring 011E,Suspect charged
df01f00aa1dea23c888764e05652a5de2a5bfb1c3933332de5750ed440093953,2018-12,Essex Police,Essex Police,1.029738,51.798245,On or near NORTH WALL,E01022046,Tendring 011E,Suspect charged
74a5c4f3db54031b2ebeb29cf293ebb8e40de6be81dc4916bf5181c0049d9f3d,2018-12,Essex Police,Essex Police,0.065252,51.767111,On or near BARROWS ROAD,E01021840,Harlow 004B,Local resolution
bb22be3cabbc5e35ab5b91e931a04324396f31cfaaff610e8bdb4619daefdb76,2018-12,Essex Police,Essex Police,0.329517,51.477560,On or near BRADBOURNE ROAD,E01015956,Thurrock 016B,Investigation complete; no suspect identified
9e3f02711cda11dbb2c1a22c1fe3d8071de48a11d26a2877f62bc528c89a9a4c,2018-12,Essex Police,Essex Police,0.967361,51.858899,On or near FRIARS CLOSE,E01021739,Colchester 017D,Action to be taken by another organisation
975fab20a2fa71516941793644439d8ec11753e24242474c5b5749dcb293a769,2018-12,Essex Police,Essex Police,0.506111,51.736026,On or near Village Square,E01021548,Chelmsford 013A,Investigation complete; no suspect identified
0d90f68ff07c9062a6e99655b5b1e7d83105bff78d3dfbd0dfc31f395260a4fa,2018-12,Essex Police,Essex Police,0.749412,51.545944,On or near ASHURST AVENUE,E01015888,Southend-on-Sea 009F,Investigation complete; no suspect identified
a40f7b00243076077336f0eae66df138d52f3803b093702a16e1d1d66aa8e2ac,2018-12,Essex Police,Essex Police,0.436916,51.527861,On or near CHURCHILL CRESCENT,E01016001,Thurrock 003E,Investigation complete; no suspect identified
13457fff355d37dd98e3de4f581245e5b3df61795036a3b3cf231e148d15ec57,2018-12,Essex Police,Essex Police,0.472257,51.733569,On or near Shopping Area,E01033141,Chelmsford 010G,Investigation complete; no suspect identified
61bc055b285844b7e16f7064af24b888a8734ad52ea20f56e5c69a935b66d613,2018-12,Essex Police,Essex Police,0.424733,51.515100,On or near Supermarket,E01015989,Thurrock 005A,Investigation complete; no suspect identified
ad953f3fcd3fb4a49c477ccd145c8c41f10fd1e8f75e5c242aafbc02e267e7e5,2018-12,Essex Police,Essex Police,0.601274,51.522918,On or near Petrol Station,E01021496,Castle Point 009D,Unable to prosecute suspect
a9a3b7e9265f9b0bbc90b4c09b9f07c6f1fa9fb8954488be07eb6fec36f3f862,2018-12,Essex Police,Essex Police,0.124229,51.785708,On or near Petrol Station,E01021848,Harlow 002E,Investigation complete; no suspect identified
7734b6a0f6c6c57f529bcd578486eae7d78a4cde9e01968a9fc65ad679023942,2018-12,Essex Police,Essex Police,0.424733,51.515100,On or near Supermarket,E01015989,Thurrock 005A,Investigation complete; no suspect identified
21e07777e1ca2d12ac44fc2c2561f67e0eb161d851ff9159dff0501824f7df7a,2018-12,Essex Police,Essex Police,0.648079,51.556082,On or near TUDOR GARDENS,E01015819,Southend-on-Sea 003F,Investigation complete; no suspect identified
59c283a3a61075d9404eb83a1fe04c49cc4e2c6c9e99d78c489e430c199ae5a4,2018-12,Essex Police,Essex Police,0.499299,51.670053,On or near MIDDLE MEAD CLOSE,E01033143,Chelmsford 018E,Unable to prosecute suspect
e6ec0dadddc23947dfa117860a70d4be8bf8d33908e5c1d9d22d3e2c09352c6e,2018-12,Essex Police,Essex Police,0.930084,51.911970,On or near EVERGREEN DRIVE,E01021710,Colchester 022C,Investigation complete; no suspect identified
40292efae54221a5714cee803197730e5001abe9e44d65c170f5576cecbc5f6e,2018-12,Essex Police,Essex Police,0.115396,51.752155,On or near COMMONSIDE ROAD,E01021838,Harlow 010A,Unable to prosecute suspect
d5086b760838993e041e9a400ac3aa3723df633b5aa786164cdcdceb2bb1e5ae,2018-12,Essex Police,Essex Police,0.250921,51.825786,On or near HAMMONDS ROAD,E01022059,Uttlesford 009A,Action to be taken by another organisation
3cb4ec61fdaded5e09439200d733b7362839b6dbb4a9a45a66d659085f3a054c,2018-12,Essex Police,Essex Police,0.648079,51.556082,On or near TUDOR GARDENS,E01015819,Southend-on-Sea 003F,Investigation complete; no suspect identified
5e42f360ba4f578781bed8c75b27708525f76faf3cd445ff45ec509f031626a0,2018-12,Essex Police,Essex Police,0.686449,51.725142,On or near FITCHES CRESCENT,E01021889,Maldon 004A,Unable to prosecute suspect
96fb6084a5f7ae5882c0cb0550e00031453b17a4ae76d8d5191d6779ffb4ac6a,2018-12,Essex Police,Essex Police,0.443720,51.579233,On or near Pedestrian Subway,E01021268,Basildon 015B,Investigation complete; no suspect identified
6457fa21c86605386b60fafa356663cb862a9d042c72fc7cd5143540807d9dd2,2018-12,Essex Police,Essex Police,0.553752,51.873080,On or near RIFLE HILL,E01021373,Braintree 011D,Investigation complete; no suspect identified
6b4b34deac37fecb48800ad273ea2959722c694cace66dc3a4f8efe5ee3f79d2,2018-12,Essex Police,Essex Police,0.473597,51.729449,On or near HALL STREET,E01033140,Chelmsford 010F,Local resolution
836ff503b4425f76bc7179f7444c4b7c46a93622f2d5e531745f4950aeda42ee,2018-12,Essex Police,Essex Police,0.097916,51.747315,On or near BERECROFT,E01021862,Harlow 011A,Unable to prosecute suspect
54f5c6faa5ebd2a2d1d783793eb489533ef76b2134b86dd997feef1eecf1ef5e,2018-12,Essex Police,Essex Police,0.893012,51.922080,On or near BOXTED ROAD,E01021680,Colchester 004B,Unable to prosecute suspect
f10fe85889bc8e0885d9cc29cacc322248e7a142d934a1fc1cd63494cd478552,2018-12,Essex Police,Essex Police,0.934635,51.919529,On or near WILLOW CLOSE,E01021971,Tendring 005A,Investigation complete; no suspect identified
365328cda5eb644e2e9ec5b05e261129dbace55c9107bb17d466a2870a3b009d,2018-12,Essex Police,Essex Police,0.294084,51.637974,On or near TULIP CLOSE,E01021462,Brentwood 006B,Unable to prosecute suspect
511ab8b17dc8ca205a30f63902d1b25ebd99afbcae874902ba5f56210e8c0251,2018-12,Essex Police,Essex Police,0.063519,51.770423,On or near Sports/Recreation Area,E01021840,Harlow 004B,Local resolution
47f3eba2bbecee08d14d35f9a143b181f296ac33b677dce6e595c4004ac330d8,2018-12,Essex Police,Essex Police,0.599531,51.583897,On or near BURROWS WAY,E01021963,Rochford 008D,Unable to prosecute suspect
ade6d749376e813f11845101ae8c6b88b839c46d779ee2f41dfb860864cab3f1,2018-12,Essex Police,Essex Police,0.294084,51.637974,On or near TULIP CLOSE,E01021462,Brentwood 006B,Unable to prosecute suspect
b6ca98c0b0f7965c12c5f38b6eadd8e41ab1f56d1532cb119aeab3b64f2ef2c0,2018-12,Essex Police,Essex Police,1.247783,51.930698,On or near ROWLAND'S YARD,E01033051,Tendring 002F,Suspect charged
16a3c47f11da131cab44f22e6d37b87ca7cbd4384b5bf47d4c61d5b8a6a73ddb,2018-12,Essex Police,Essex Police,0.780740,51.539296,On or near Supermarket,E01015882,Southend-on-Sea 013G,Local resolution
01d0e55808db29292191b7cd2185736ad97b130e059728b752c3fded24c14135,2018-12,Essex Police,Essex Police,0.421881,51.515141,On or near BUTTS ROAD,E01015989,Thurrock 005A,Investigation complete; no suspect identified
0ab06ebe261fa9cfc0f5bbd8618ba2cf64d0cd3a6bed086a0ddabb0664975677,2018-12,Essex Police,Essex Police,0.712013,51.538486,On or near Nightclub,E01015852,Southend-on-Sea 015B,Investigation complete; no suspect identified
cd7d87b0ab9c16b40f3162d81e5702efd4aa6cbfac3871f61ea52d8fa2e5aef7,2018-12,Essex Police,Essex Police,0.047734,51.620057,On or near CHESTNUT AVENUE,E01021744,Epping Forest 015C,Suspect charged
2b0dd36e45b139a6e52f4d4e736c105017767e014cbb014d08b8a70c6fc2c54b,2018-12,Essex Police,Essex Police,0.935388,51.890514,On or near BLACKTHORN AVENUE,E01021696,Colchester 008A,Unable to prosecute suspect
59591bee88a0539e42b6dfe5c996c319cb0dcfabfc9a68dcd7a181ad9f2aac3c,2018-12,Essex Police,Essex Police,0.473152,51.529530,On or near TRIPAT CLOSE,E01015946,Thurrock 001C,Investigation complete; no suspect identified
825e88bb4db72961405e9ab8bfa3f006454f1ba953f73c12d52f9709600fc3b6,2018-12,Essex Police,Essex Police,0.360076,51.463297,On or near SYCAMORE CLOSE,E01016010,Thurrock 018H,Investigation complete; no suspect identified
1a4b3b1ceb9fc6a2ff55f8960ef55d224c4ce43d3e2593ccd4ab9f679651a15b,2018-12,Essex Police,Essex Police,0.486524,51.723294,On or near SPOONER CLOSE,E01021563,Chelmsford 014B,Unable to prosecute suspect
12ed028fb9c3f43e3ea503eb86dfe282fb6dd49ece00e01e704a6bad8f000dd5,2018-12,Essex Police,Essex Police,0.083999,51.647287,On or near Parking Area,E01021776,Epping Forest 011C,Investigation complete; no suspect identified
fd0169174635cee88b39db19dff243dfe05ea3fe463dd4b395ebbc65977e0e63,2018-12,Essex Police,Essex Police,1.170701,51.858672,On or near ROLPH CLOSE,E01021973,Tendring 007A,Investigation complete; no suspect identified
8c60759d707d0e1e5747f1b104d05f8b8e3ae0481119098779878bcccef351b3,2018-12,Essex Police,Essex Police,0.935388,51.890514,On or near BLACKTHORN AVENUE,E01021696,Colchester 008A,Unable to prosecute suspect
1a66bc9913c58efe9f1bb50ccd94479d002ebd54c3540de40d58639a6665e32b,2018-12,Essex Police,Essex Police,0.666063,51.548327,On or near GRASMEAD AVENUE,E01015821,Southend-on-Sea 005B,Suspect charged
5e59852b407cc88a0f31413dc636ee137ae1d72f95a20fc4bf167a2ff9d0579e,2018-12,Essex Police,Essex Police,0.700892,51.534795,On or near WESTCLIFF PARADE,E01015853,Southend-on-Sea 015C,Investigation complete; no suspect identified
ada81b94735cd8b4fe9bc0f467480e60abb05f1f481ea110eb722350bbedfc0c,2018-12,Essex Police,Essex Police,0.510671,51.566487,On or near HOWARD CRESCENT,E01021316,Basildon 018D,Unable to prosecute suspect
3a1d6417b0cd201de6daf581c5aef058eb48621e201a7636677124c76f0040e2,2018-12,Essex Police,Essex Police,1.117151,51.784581,On or near CHAUCER CLOSE,E01021989,Tendring 018B,Investigation complete; no suspect identified
6bb43a4cf02711550f49f010d2596519528ebb46f2dc15ae12b0d62e7bffd7a3,2018-12,Essex Police,Essex Police,0.685067,51.539358,On or near BRITANNIA GARDENS,E01015827,Southend-on-Sea 012A,Investigation complete; no suspect identified
d1fce7ebf9a68919aaebaa4b68792ede9f7a0495754c948b6da550302f1dc7ff,2018-12,Essex Police,Essex Police,0.785829,51.534768,On or near Parking Area,E01015882,Southend-on-Sea 013G,Investigation complete; no suspect identified
1cfeaf54466740cacd8f56d6e26876e181dbf191fe92d80b2792b603a969fcc0,2018-12,Essex Police,Essex Police,0.681655,51.548295,On or near FAIRMEAD AVENUE,E01015903,Southend-on-Sea 007C,Investigation complete; no suspect identified
15e771951b6145b3a69f66c89ba2e775f7f961ab3ba4eaf6620293fac2a55f91,2018-12,Essex Police,Essex Police,0.092759,51.771138,On or near Nightclub,E01021872,Harlow 007E,Investigation complete; no suspect identified
39f4233e4a20ef928e587d55703b608c8abf45593e08cccab57ea4f6291c92dd,2018-12,Essex Police,Essex Police,0.232629,51.482098,On or near HARRISONS WHARF,E01016014,Thurrock 015E,Unable to prosecute suspect
dd1a465297c74909fc6ef2d6ca0d708dd4e78d0ed54f7c6d5bd1fdd6ad490d67,2018-12,Essex Police,Essex Police,0.653144,51.557586,On or near DANESCROFT CLOSE,E01015819,Southend-on-Sea 003F,Investigation complete; no suspect identified
fcd9f0a442232004b8bec6dadc742f6e691fed95069534f8ad5eefa05ecc8949,2018-12,Essex Police,Essex Police,0.094133,51.767643,On or near Shopping Area,E01021872,Harlow 007E,Investigation complete; no suspect identified
ad09bdd5e1fa36c6b1dfd00e6ed590466c2efff5f710585a5f97e308d26bf4a7,2018-12,Essex Police,Essex Police,0.475214,51.731744,On or near Shopping Area,E01033140,Chelmsford 010F,Investigation complete; no suspect identified
d283ea85514e24d0f349eeaddcce26f1acf9a9b2edb1ef45f749cd2f866e3d6d,2018-12,Essex Police,Essex Police,0.934485,51.886013,On or near ROCHDALE WAY,E01033722,Colchester 008H,Investigation complete; no suspect identified
44656ecc0046afc674359bef92bc95b9f4a29fde73912b7bfb902dd0e624648e,2018-12,Essex Police,Essex Police,0.865181,51.851181,On or near LAYER ROAD,E01021645,Colchester 019C,Unable to prosecute suspect
84b58690c8d5747c649130725a6d561d378357f41e1a21f1d702b6bf5997b43a,2018-12,Essex Police,Essex Police,0.047734,51.620057,On or near CHESTNUT AVENUE,E01021744,Epping Forest 015C,Suspect charged
b5323d5525f00d0171a38e96e5cdf6a7bfb64c9b90c420c65eb1a53feb4153e9,2018-12,Essex Police,Essex Police,0.083999,51.647287,On or near Parking Area,E01021776,Epping Forest 011C,Investigation complete; no suspect identified
8edb61c00316392db0207625168a2b6b40555c95a52387af22b7ec001bc1b3c2,2018-12,Essex Police,Essex Police,0.483438,51.562193,On or near OLDWYK,E01021323,Basildon 019B,Investigation complete; no suspect identified
6cd5142c2fba4ffc1ff4084c66df8e2b40c0e64f33823f4a8469544a763fb60e,2018-12,Essex Police,Essex Police,0.680675,51.548308,On or near WESTMINSTER DRIVE,E01015903,Southend-on-Sea 007C,Unable to prosecute suspect
56cc77ae84edbb50eaf045a549514afe0251f2ca7ef94fb966d2c06a219568e3,2018-12,Essex Police,Essex Police,0.673547,51.543848,On or near OLD LEIGH ROAD,E01015830,Southend-on-Sea 012D,Unable to prosecute suspect
49bcb91cce2945006893d4b0606c5e10eac28edba344b326868de08b68f56dc5,2018-12,Essex Police,Essex Police,0.460775,51.569775,On or near Parking Area,E01021318,Basildon 015C,Suspect charged
5b3b13753d710440bdfddb3f73be63668dba134e09b3271de35bcc05e06898b1,2018-12,Essex Police,Essex Police,0.655500,51.568055,On or near LAMBETH ROAD,E01015835,Southend-on-Sea 001C,Investigation complete; no suspect identified
adfc958fd16327abd703a75f851b56cabf70013e3145c094ded5708bbf8383d5,2018-12,Essex Police,Essex Police,0.094846,51.771452,On or near ADAMS HOUSE,E01021872,Harlow 007E,Offender given a caution
604ad76c6323fb2e8006c5e9858022541c745996b655e5b4d56a8bf549905def,2018-12,Essex Police,Essex Police,0.934485,51.886013,On or near ROCHDALE WAY,E01033722,Colchester 008H,Investigation complete; no suspect identified
646b6670b4ec7f3e430b67fa2e71550045726174c5bec9df8b3d22879a3bc463,2018-12,Essex Police,Essex Police,0.714687,51.928533,On or near COLNEFORD HILL,E01021408,Braintree 006C,Unable to prosecute suspect
954ffbac322e7d5e9d13a8c3bf5fcd8ae78ab947971c43930483f86b637bbd0c,2018-12,Essex Police,Essex Police,0.647710,51.552960,On or near EASTWOOD ROAD,E01015815,Southend-on-Sea 003B,Investigation complete; no suspect identified
c2246816a82bdf52bd78837d0f2632cd4bc378b5e6880406271db051cd01efff,2018-12,Essex Police,Essex Police,0.493343,51.754311,On or near CLEMATIS TYE,E01021620,Chelmsford 004D,Unable to prosecute suspect
9ef89818e20f36fed6f06a2190e82d3160cc4361df016347ff8edf5a6df96bda,2018-12,Essex Police,Essex Police,0.106737,51.748533,On or near FERN HILL LANE,E01021858,Harlow 010B,Investigation complete; no suspect identified
f0410539e1309e0f3702b47e61858acd5ffd93ad197dad8bfa6c58f95d3acac4,2018-12,Essex Police,Essex Police,0.586684,51.525705,On or near WAARDEN ROAD,E01021487,Castle Point 008A,Unable to prosecute suspect
5476a360d64e68d7bc7f1633191f28e5016ef41572ec6bf43ebecf7d67392a7c,2018-12,Essex Police,Essex Police,1.161910,51.791317,On or near CHURCH ROAD,E01022050,Tendring 014E,Investigation complete; no suspect identified
e465f3d739aaa0527575ac50166d5cd413e9750bdf3c956cfa1052ace70bff88,2018-12,Essex Police,Essex Police,0.768924,51.536131,On or near MAPLIN WAY NORTH,E01015893,Southend-on-Sea 016E,Unable to prosecute suspect
46c244d15ce659f80c3414ab562fb2f8b8b0ffb8f37104dfdf52dee9051415c2,2018-12,Essex Police,Essex Police,0.790600,51.535437,On or near Pedestrian Subway,E01015877,Southend-on-Sea 013B,Investigation complete; no suspect identified
6c75d43d377fa85f3b31fd6d8f34e1bdf6590718543e0827c556eba2a63396a8,2018-12,Essex Police,Essex Police,0.477646,51.571371,On or near BROWNLOW CROSS,E01021320,Basildon 015D,Investigation complete; no suspect identified
174c49f7be376c585229e2028d73d8658d92c4fe1744d46897c8ba542864d257,2018-12,Essex Police,Essex Police,1.143031,51.803472,On or near STANMORE CLOSE,E01022022,Tendring 013D,Investigation complete; no suspect identified
ec5a155bed78986e24c5d66502db6ada5b1a22d90a60fc58b116fe7316768384,2018-12,Essex Police,Essex Police,0.030938,51.624693,On or near Petrol Station,E01021745,Epping Forest 015D,Investigation complete; no suspect identified
9f13be7693d52173199771e33a5ff5a7d81d65d849d3b0dc23e111e05077ba99,2018-12,Essex Police,Essex Police,0.294658,51.475702,On or near HAYES CLOSE,E01016011,Thurrock 015B,Investigation complete; no suspect identified
cb3498b42399f436801d9f06e0dcec30df955b9b98df98fec38a4ba79ba6e252,2018-12,Essex Police,Essex Police,0.465958,51.749807,On or near THE DRIVE,E01021591,Chelmsford 002E,Investigation complete; no suspect identified
cef38f0681ad2882d061246106d5d0ed8141870db0f8da886c8e3e696d15ebdd,2018-12,Essex Police,Essex Police,0.640820,51.808078,On or near Petrol Station,E01021416,Braintree 017B,Investigation complete; no suspect identified
caf5a52294d6b7e6626d8fc236a318ed5cf63427bc5fb047e40573a83258e89b,2018-12,Essex Police,Essex Police,0.020264,51.736878,On or near HOECROFT,E01021794,Epping Forest 002D,Unable to prosecute suspect
d99999e0c252797118899bddc85b6cba732d9ad50e707de3d4bcb951240acd3e,2018-12,Essex Police,Essex Police,1.138407,51.795806,On or near BRANSTON ROAD,E01021969,Tendring 017B,Unable to prosecute suspect
b2e222b93bfc966b1120239f3bb85cce6a60baa105bbbc3996355ffc2528b116,2018-12,Essex Police,Essex Police,0.297884,51.609086,On or near LORNE ROAD,E01033064,Brentwood 007G,Investigation complete; no suspect identified
1dd2d41d9b5cae57b405d90eb1aaff78cff924866dd55c8c98b701d6e17434be,2018-12,Essex Police,Essex Police,0.504955,51.759639,On or near BRAGANZA WAY,E01033144,Chelmsford 005F,Unable to prosecute suspect
05967cc134bab51cb7bbbbad755ece09068f0dfae552fd0f6d3d97f8e19fde97,2018-12,Essex Police,Essex Police,0.603468,51.527258,On or near NEWLANDS ROAD,E01021495,Castle Point 009C,Unable to prosecute suspect
1a89a820a13ebd7b118667adee9663bacfa769542c9e06577e7fa24636aef127,2018-12,Essex Police,Essex Police,0.603468,51.527258,On or near NEWLANDS ROAD,E01021495,Castle Point 009C,Unable to prosecute suspect
372b75f231dae0903bd4215dd693640c06d3b9e34566fd63c22cd3f97bada30a,2018-12,Essex Police,Essex Police,0.889838,51.903469,On or near BERGHOLT ROAD,E01021681,Colchester 004C,Investigation complete; no suspect identified
5ae0b1c45ba6225bdf6d6fb9372c620a6413b832c60a2011f449cdbe3d41606a,2018-12,Essex Police,Essex Police,0.375578,51.489271,On or near HALTON ROAD,E01015938,Thurrock 012F,Unable to prosecute suspect
3edd7e656aee8b76e21eede653fd832f76acf33c8039dc2e6bf584f48b944294,2018-12,Essex Police,Essex Police,0.369491,51.459105,On or near BOWN CLOSE,E01016004,Thurrock 018B,Unable to prosecute suspect
b0fcc180aa4fbf1186e325c17376bef5aa244e96ce37160d2fbf7b7dec9d474b,2018-12,Essex Police,Essex Police,0.581550,51.591893,On or near ALDHAM GARDENS,E01021958,Rochford 006D,Formal action is not in the public interest
6f0438fba2302e0f83e7acbda22cbc10d7444c171c8e6d4252eda62aad64ed05,2018-12,Essex Police,Essex Police,0.501215,51.592707,On or near SOUTHEND ARTERIAL ROAD,E01021330,Basildon 006C,Investigation complete; no suspect identified
f276fe055a9302df876be8f02844a1e044da1913c8620904cc5d05d0eca627c4,2018-12,Essex Police,Essex Police,0.284143,51.486609,On or near Shopping Area,E01016011,Thurrock 015B,Investigation complete; no suspect identified
6098f04b73860ba0d24d89319b49a4361cac3b1517d2465b4c6b48b4d07b237b,2018-12,Essex Police,Essex Police,0.490430,51.723742,On or near Parking Area,E01021563,Chelmsford 014B,Unable to prosecute suspect
c6b6cc453890f5c62f239297b8643f59bdb5599ee7de6720501fcc75926a3097,2018-12,Essex Police,Essex Police,1.165312,51.793915,On or near VICTORIA ROAD,E01022048,Tendring 014C,Investigation complete; no suspect identified
3f706a4ef8d6ef6dc0853461f0baa4efc7bf12ca13964a374ec832ffba225724,2018-12,Essex Police,Essex Police,0.680115,51.553502,On or near PRITTLEWELL CHASE,E01015822,Southend-on-Sea 005C,Unable to prosecute suspect
de53aa7972f16526e4de0e0dacc3e9a54b5d3b2250907e39c528587d66a49848,2018-12,Essex Police,Essex Police,0.323432,51.476835,On or near Shopping Area,E01015954,Thurrock 017D,Suspect charged
1be1e5277c56290c81c595e9f02778aeaab439b8a5dca904c361700c7f6cd4b1,2018-12,Essex Police,Essex Police,0.641767,51.795745,On or near Sports/Recreation Area,E01021415,Braintree 017A,Investigation complete; no suspect identified
058288c3ae3d4881886d6e2b0f04e36a97067f1e10f8422528137b9e88c9ece3,2018-12,Essex Police,Essex Police,0.681157,51.670699,On or near PURLEIGH GROVE,E01021903,Maldon 007G,Investigation complete; no suspect identified
eb1920d18d08d31924cb41fd6ac9463fa438eee88c487c32f512e1407013356a,2018-12,Essex Police,Essex Police,0.262613,51.888213,On or near Parking Area,E01022090,Uttlesford 006B,Suspect charged
ce617414a9293a3c2c52d5bb1f0271de418a434fbea7f726762d79eb48241b89,2018-12,Essex Police,Essex Police,1.153985,51.796630,On or near HARROW ROAD,E01022043,Tendring 014B,Unable to prosecute suspect
cc96bd5c3dd54ef7aa927d2bbc3b90395475015496ce9267dd73b72e045d0733,2018-12,Essex Police,Essex Police,0.441899,51.573812,On or near TEAGLES,E01021291,Basildon 016E,Unable to prosecute suspect
c4b6168b00cee34fa9ce8f5e809d8f5741ae08c70b4ed3688a684329fc77aa90,2018-12,Essex Police,Essex Police,0.036568,51.775435,On or near B181,E01021801,Epping Forest 002E,Unable to prosecute suspect
f5c0cf2ae08e4e1bddffb8bb639c81e1fd89f0ce56e2389c0bd0ef2ce52c48e2,2018-12,Essex Police,Essex Police,0.924783,51.909611,On or near ARBOUR WAY,E01021670,Colchester 002C,Investigation complete; no suspect identified
c97fe1e0f07ef3afaa2024c382051f1827f4d2418c38f7b4983e735a929e4272,2018-12,Essex Police,Essex Police,0.036568,51.775435,On or near B181,E01021801,Epping Forest 002E,Unable to prosecute suspect
192738137e2c8a26166250cd5457133ff1d95e2a70e13d90f93a6b040632e583,2018-12,Essex Police,Essex Police,0.472257,51.733569,On or near Shopping Area,E01033141,Chelmsford 010G,Investigation complete; no suspect identified
8bfd467048dd13211e2d5ffd0b95130b886ab7f692914ba2e0f71bcf6ae1cfe0,2018-12,Essex Police,Essex Police,0.916545,51.920707,On or near TITUS WAY,E01033721,Colchester 002G,Unable to prosecute suspect
b9fdd637b3c7c05400660de02f89cc731467031e389ec1b5163f7c932411dd9c,2018-12,Essex Police,Essex Police,0.300442,51.621680,On or near CHESTNUT GROVE,E01021433,Brentwood 007A,Investigation complete; no suspect identified
b7b46b5ca1f726b35d7580a205a6c88f8c023f8ae33df350a7bbab3b6e88edb8,2018-12,Essex Police,Essex Police,0.636516,51.701712,On or near BURNHAM ROAD,E01021913,Maldon 002D,Unable to prosecute suspect
0778a76b7c0f36ddb50b46adaa115df2c0885b6ed59b5d142fd60454aafe179b,2018-12,Essex Police,Essex Police,0.636516,51.701712,On or near BURNHAM ROAD,E01021913,Maldon 002D,Unable to prosecute suspect
2f9b96a1b217aa9fd9c7452d11c73ef42173d9a6fb97151752d7c522cc33af2b,2018-12,Essex Police,Essex Police,0.566555,51.868295,On or near PUTTER COURT,E01021373,Braintree 011D,Investigation complete; no suspect identified
5d719fe36e0f5f0b1f6b4e2661116d93cf05871ef0b92ebb1f37eef4b96178fd,2018-12,Essex Police,Essex Police,1.235290,51.930764,On or near STOUR CLOSE,E01022028,Tendring 004F,Offender given a caution
e410878dc41a92348b6d01a256fedfdc29ff3540b114b48108d0d9144688ac06,2018-12,Essex Police,Essex Police,0.808631,51.553300,On or near Supermarket,E01021923,Rochford 010D,Unable to prosecute suspect
9f1b2457d408671c417ddc179c1d6158a05247c0c87811ebd1b837a8f5027b77,2018-12,Essex Police,Essex Police,0.689542,51.550678,On or near FIELDING WAY,E01015904,Southend-on-Sea 007D,Investigation complete; no suspect identified
ea887298f4e331823b0428cf97490c622c696ab514ccfcdb9265859f13984290,2018-12,Essex Police,Essex Police,0.567540,51.521386,On or near NEW ROAD,E01021486,Castle Point 010B,Investigation complete; no suspect identified
17200edd04c673f60466b6bebc0b3df46e72c874465ea8eeffafde07d8ddba41,2018-12,Essex Police,Essex Police,0.923905,51.783667,On or near GARDEN FARM,E01021732,Colchester 021B,Unable to prosecute suspect
6cd84f308d4340f57aa418450d0c8b48ba13ae53189343d4a82368aec44e55f5,2018-12,Essex Police,Essex Police,0.691251,51.876246,On or near PAYCOCKE WAY,E01021378,Braintree 014B,Unable to prosecute suspect
b0db34b0b5b76ec4d876f194f1753cb40dcd8e68c6f146b27acb34498b7da228,2018-12,Essex Police,Essex Police,0.474085,51.733089,On or near High Street Chelmsford,E01033140,Chelmsford 010F,Investigation complete; no suspect identified
1ddbeb22845f6e4588b4721f5afb788270a43826bcd232f2a528fab3ea800d58,2018-12,Essex Police,Essex Police,0.691718,51.543810,On or near Theatre/Concert Hall,E01015831,Southend-on-Sea 012E,Offender given a caution
236da18abea0516842f9e446ee8ff4e4b4ddb54338cb555fd291dc936ee6c3ae,2018-12,Essex Police,Essex Police,0.923905,51.783667,On or near GARDEN FARM,E01021732,Colchester 021B,Unable to prosecute suspect
d2e3169fa469497df444a9b003c616807ddfa5c4a4a96d25ac7cedc896563c0a,2018-12,Essex Police,Essex Police,0.122233,51.622214,On or near Parking Area,E01021749,Epping Forest 016A,Offender given a drugs possession warning
c62c2d3f1a1bd47056e1553238c22ddde757586a346cd0cbb5019d08fed5aed6,2018-12,Essex Police,Essex Police,0.122233,51.622214,On or near Parking Area,E01021749,Epping Forest 016A,Offender given a drugs possession warning
cad0a034cadc6837ace0df561e4fa03e4b3deaa1acf5252bdc8a6bf24b63e78b,2018-12,Essex Police,Essex Police,0.905184,51.896589,On or near Theatre/Concert Hall,E01021647,Colchester 007B,Offender given a drugs possession warning
05e375e994c71cbfb1781dcf4c05efbd4d41015877d9815d172e83bf48274932,2018-12,Essex Police,Essex Police,0.471839,51.572348,On or near THISTLEDOWN,E01021318,Basildon 015C,Unable to prosecute suspect
604ce839386cd0626a51c2309195b068b0eacf6962be7d6d1e3b2fd4c403d905,2018-12,Essex Police,Essex Police,0.638544,51.563833,On or near BELFAIRS PARK DRIVE,E01015816,Southend-on-Sea 003C,Investigation complete; no suspect identified
f553b13567b8f805ad1584bfa8889ab1f3ee80845c20a20fb533feeb41a5f7cf,2018-12,Essex Police,Essex Police,0.781177,51.531560,On or near CHELMER WAY,E01015917,Southend-on-Sea 017D,Investigation complete; no suspect identified
d9dabba3beb834fd56628482534283efb0664f4cb98bd8f2eadb23c8c099f45b,2018-12,Essex Police,Essex Police,0.351137,51.953418,On or near BARNARDS FIELD,E01022093,Uttlesford 004B,Unable to prosecute suspect
53f4e51bf13741eda107b71e7d8e69225b4f84b032a17bbb908ce055fdda0da9,2018-12,Essex Police,Essex Police,0.510671,51.566487,On or near HOWARD CRESCENT,E01021316,Basildon 018D,Investigation complete; no suspect identified
db2d29766ed463fdda465e578b90ee090d50dabdabc9e1a7bb408a86080d30c9,2018-12,Essex Police,Essex Police,0.317119,51.613555,On or near BRIDGE CLOSE,E01021435,Brentwood 008A,Investigation complete; no suspect identified
8a6db66f62d264fa97c920b7368fce88d83516e3af464920282759ddd48ee04e,2018-12,Essex Police,Essex Police,0.351137,51.953418,On or near BARNARDS FIELD,E01022093,Uttlesford 004B,Unable to prosecute suspect
bb12d68c4e5164827630623959c4290cf19bf794bbfa9e9e5786311941a7d065,2018-12,Essex Police,Essex Police,0.495691,51.571214,On or near PITSEA ROAD,E01021306,Basildon 013E,Investigation complete; no suspect identified
328c920d49958e08f241421b8a4814d9348a939040b2ff2ea3d3d95a253c7b76,2018-12,Essex Police,Essex Police,0.010051,51.735210,On or near ELIZABETH CLOSE,E01021793,Epping Forest 002C,Investigation complete; no suspect identified
8fa80a4daebf5a7e497fbae99894169fd01191ca3ae44f4e1273c136c0624ebb,2018-12,Essex Police,Essex Police,0.507528,51.582005,On or near BURLINGTON COURT,E01021308,Basildon 011D,Unable to prosecute suspect
29312307046832912ba02203a5110cd33930bd0c575d861e8aa2cb78ac27dd21,2018-12,Essex Police,Essex Police,0.706656,51.536910,On or near HAMLET ROAD,E01015854,Southend-on-Sea 015D,Unable to prosecute suspect
9119d343c3633bad9cf2839146f4d6a002e2df979690ccb80e9d9f22083b387c,2018-12,Essex Police,Essex Police,0.482868,51.731618,On or near BROCKLEY ROAD,E01033140,Chelmsford 010F,Investigation complete; no suspect identified
05d482e01729ad2a93a1f130eb8b835f906171e90f7555c9873a7a7da5eca2f3,2018-12,Essex Police,Essex Police,0.414367,51.631596,On or near RADFORD CRESCENT,E01021247,Basildon 003E,Investigation complete; no suspect identified
c85b09d3f0e031b06523a488f1dace2a8046f31757036e5ef4f2318ff92263a0,2018-12,Essex Police,Essex Police,0.317475,51.475514,On or near HOVE CLOSE,E01015953,Thurrock 017C,Investigation complete; no suspect identified
2a115fbdb95c915e597517de9d15398bf005e07d602cd215d4a948dd48084fed,2018-12,Essex Police,Essex Police,0.897840,51.886166,On or near CEDARS ROAD,E01021683,Colchester 011A,Unable to prosecute suspect
7376c562593192907b5f5fc13e57d15baea9f8ff17e4172b7f4e117ef51ffeb1,2018-12,Essex Police,Essex Police,0.369512,51.511742,On or near THE PADDOCKS,E01015977,Thurrock 004A,Investigation complete; no suspect identified
f862967dca0d82859333c45a14b9c07215df61bf1d1bb8a04ea29952cc772cfa,2018-12,Essex Police,Essex Police,0.724892,51.536803,On or near HONITON ROAD,E01015840,Southend-on-Sea 014B,Unable to prosecute suspect
fddfce5d263cc2514d59f8be40ae7314b30e2398b96d988dbb3dac9ee19fa742,2018-12,Essex Police,Essex Police,0.682483,51.539327,On or near Sports/Recreation Area,E01015827,Southend-on-Sea 012A,Investigation complete; no suspect identified
daa93713c8d38237f5af6c7f85c9870eaa095967a163f9697746c1ac1092390d,2018-12,Essex Police,Essex Police,1.028614,51.893268,On or near SPRINGHILL CLOSE,E01022051,Tendring 005C,Investigation complete; no suspect identified
90502339587265d22f2bf6aeedd4ffbc50cee116b49cd16e8f8b626bf3e62c95,2018-12,Essex Police,Essex Police,0.357564,51.468186,On or near Sports/Recreation Area,E01016007,Thurrock 018E,Unable to prosecute suspect
2617cf4f55f0a791b116da4f4aac3f1783d6562206bc8eb8ece39795c290a7c8,2018-12,Essex Police,Essex Police,0.134727,51.791858,On or near HART ROAD,E01021854,Harlow 001A,Investigation complete; no suspect identified
c7ed3e6bd582f70092f7de905c4648123572a4356e494dacaab8d5f8ab15e378,2018-12,Essex Police,Essex Police,0.523621,51.602542,On or near CAMPBELL CLOSE,E01021342,Basildon 008B,Investigation complete; no suspect identified
a3ecd0ca8ba504fd83483b42efa9b314a84aa512ede1dc9a3dbe97c9cfca5efb,2018-12,Essex Police,Essex Police,0.581067,51.869812,On or near SLOUGH HOUSE CLOSE,E01021367,Braintree 012C,Investigation complete; no suspect identified
2d6efc29a5556ea807742b99887a57ff0d6d7c305157d28c31ce83384a7fefb4,2018-12,Essex Police,Essex Police,1.160885,51.795321,On or near WALTON ROAD,E01022049,Tendring 014D,Investigation complete; no suspect identified
c3a3a6ef025e3488206124250ec31a5714d9c8577fe3d265d3228b061b91636c,2018-12,Essex Police,Essex Police,0.303317,51.476908,On or near EAST STREET,E01016015,Thurrock 015F,Investigation complete; no suspect identified
71677510694021c22ec85f994dff3f4f83e322af33d4cfbff8ed21e5caf99124,2018-12,Essex Police,Essex Police,0.903419,51.887036,On or near ST BOTOLPH'S STREET,E01021649,Colchester 007D,Investigation complete; no suspect identified
df824a29bdaade66dcf37a30a049c94ce4ea128d86ce3f9ee287219d37d135fc,2018-12,Essex Police,Essex Police,0.416847,51.689091,On or near JENNINGS PLACE,E01021602,Chelmsford 018B,Investigation complete; no suspect identified
250a923cd644f8691e7000839c677c71571774abe3b8e54469a2b6e77d3f3c5d,2018-12,Essex Police,Essex Police,0.280114,51.504584,On or near FORTIN WAY,E01015929,Thurrock 007C,Investigation complete; no suspect identified
12ae7bef30023b8e30f25dddea4511ab0e5f6f7029d0eb8c70b81fbb38c6bb5b,2018-12,Essex Police,Essex Police,0.692291,51.599648,On or near PRINCESS GARDENS,E01021928,Rochford 002C,Investigation complete; no suspect identified
a81d12b530768a003ed14d6933afbc968bd617e3b7bd3e56025c28854c6205a8,2018-12,Essex Police,Essex Police,1.265936,51.850695,On or near Martello Holiday Park,E01022055,Tendring 006D,Unable to prosecute suspect
0aa99f9d921b075e1a7292daedb19bbf3f73b280d57f821b5277da4a078bf0bf,2018-12,Essex Police,Essex Police,0.579953,51.567538,On or near PRINCES AVENUE,E01021512,Castle Point 004D,Investigation complete; no suspect identified
d4599f72a3dd0c0933c9c7482440fcf055c712f4e4be34210e41899f48173024,2018-12,Essex Police,Essex Police,0.039928,51.772778,On or near HIGH STREET,E01021801,Epping Forest 002E,Investigation complete; no suspect identified
ae4c5cdc1824bd76e53014de4b51637b1995f8c67f3c262b2fcf190d3fc8802e,2018-12,Essex Police,Essex Police,1.085134,51.800968,On or near CLACTON ROAD,E01022045,Tendring 018D,Investigation complete; no suspect identified
4bab3ffd76ab3476ac3d872cff92e5633c0b75dc7356ef9f641f4ca79c066f46,2018-12,Essex Police,Essex Police,0.349877,51.873913,On or near HOLM DRIVE,E01033054,Uttlesford 007D,Investigation complete; no suspect identified
467606a219063f94f3d72abb8b078442e861163ada363de1eed6b106d74a13c5,2018-12,Essex Police,Essex Police,0.775261,51.527698,On or near CHURCH ROAD,E01015920,Southend-on-Sea 017G,Investigation complete; no suspect identified
d7ac0886e443b7ecd9373c91039acad5b45d4ec3d143c250d251ee550f02b7fc,2018-12,Essex Police,Essex Police,0.568152,51.588599,On or near SOUTHEND ARTERIAL ROAD,E01021963,Rochford 008D,Investigation complete; no suspect identified
efde99489bb498099ea79b9b5f385c1b33391dbd50f3c807f35dd2ff4488caff,2018-12,Essex Police,Essex Police,0.461380,51.746090,On or near MILTON PLACE,E01021592,Chelmsford 006D,Investigation complete; no suspect identified
a64e8ec236a3f6c50c520b78a835639c55e6d68ffe0dabf1bce668d82dedf0d2,2018-12,Essex Police,Essex Police,,,No location,,,Investigation complete; no suspect identified
20a3f9de5076875f6a6e78e27a61bceddd25fc57f3af5a5c4f82453ddd2f1533,2018-12,Essex Police,Essex Police,0.036568,51.775435,On or near B181,E01021801,Epping Forest 002E,Unable to prosecute suspect
94fb50fbaae08ff429eda9a7974b063a868f6985683462a7bff8608cdf40432e,2018-12,Essex Police,Essex Police,0.192378,51.881962,On or near BIRCHANGER LANE,E01022087,Uttlesford 005F,Investigation complete; no suspect identified
917203b277726616965ff8dd0701a398fd688b969a5daf655c1342935753f3f5,2018-12,Essex Police,Essex Police,0.195994,51.902784,On or near CHAPEL HILL,E01022085,Uttlesford 005E,Investigation complete; no suspect identified
4d1bffb753f54c664f5b328971ae68c45667c2010375af369269c69f9bf257d6,2018-12,Essex Police,Essex Police,0.981921,51.928772,On or near DEDHAM ROAD,E01021971,Tendring 005A,Investigation complete; no suspect identified
22633df859e5edc68991e0041c647b4f22a4aa31a34bbe72d8babed763866324,2018-12,Essex Police,Essex Police,0.506496,51.827971,On or near MAIN ROAD,E01021538,Chelmsford 001A,Unable to prosecute suspect
135812594d74fd5a25fcbff5400f466b63fab1e8a934ac7acd5f3fb30da99c32,2018-12,Essex Police,Essex Police,0.017854,51.734141,On or near BARNARD ACRES,E01021794,Epping Forest 002D,Unable to prosecute suspect
9671d5c67a0c0f137a31abb7aaf40254796bba3914f05e65dfad30aaebd1a89b,2018-12,Essex Police,Essex Police,0.581322,51.524204,On or near SURIG ROAD,E01021488,Castle Point 010C,Unable to prosecute suspect
b4b09de92db317551efd7b61790958a12a8bea937bc34c8a8f28c72d62f53fcb,2018-12,Essex Police,Essex Police,0.114569,51.700948,On or near GROVE LANE,E01021757,Epping Forest 006B,Investigation complete; no suspect identified
2063bb7a5eac6ef52b30b3689a47f644aec839c54a38ba699dc951997eff90f3,2018-12,Essex Police,Essex Police,0.879031,51.867706,On or near EIGHT ACRE LANE,E01021714,Colchester 015D,Unable to prosecute suspect
4a4b0ba468fb89c30992aff5b452fe72fa03fc1ae962ae33987ca57f95aed326,2018-12,Essex Police,Essex Police,0.130475,51.760704,On or near PINEWOOD CLOSE,E01021836,Harlow 008D,Investigation complete; no suspect identified
9b2c287d3de1830ce81755cb278c190fb3cf68fb6d511132287db1801a41e904,2018-12,Essex Police,Essex Police,0.891461,51.888221,On or near MANOR ROAD,E01021649,Colchester 007D,Investigation complete; no suspect identified
42064bb4e7e3de35813bb3b2d432c9763b4f8181642178f96dabeb968590863c,2018-12,Essex Police,Essex Police,1.152103,51.794810,On or near WELLESLEY ROAD,E01022043,Tendring 014B,Unable to prosecute suspect
40ccb0fcf5ac4aea5074593fc788a0ec66074f4ab13eb0d2202374fe1645c206,2018-12,Essex Police,Essex Police,1.139374,51.791769,On or near WINDSOR ROAD,E01022032,Tendring 015E,Investigation complete; no suspect identified
3da65d9c2d15411b599831c12c47c0c68af20e947af455eff23c0c124ed46c49,2018-12,Essex Police,Essex Police,0.448188,51.524586,On or near Supermarket,E01015983,Thurrock 002B,Investigation complete; no suspect identified
aec368851c6251d02ace7685d46517d20a143ad7638673a803f5363b0f02510f,2018-12,Essex Police,Essex Police,1.152103,51.794810,On or near WELLESLEY ROAD,E01022043,Tendring 014B,Unable to prosecute suspect
2bf39dd350d2a171ad493b08999ab1008908934dc942926615a0daa5a5ed36f8,2018-12,Essex Police,Essex Police,1.233363,51.930070,On or near CLAYTON ROAD,E01022028,Tendring 004F,Suspect charged
dc6a5d57289841b985cecaf0d03e799596348873e80523755b569a7ca4f1de01,2018-12,Essex Police,Essex Police,1.153340,51.787393,On or near Nightclub,E01022025,Tendring 016B,Unable to prosecute suspect
4070e27f3eed3e6ba7125aeeee8a40cf76e801942e27cb267b6df675a95b280f,2018-12,Essex Police,Essex Police,0.472580,51.577477,On or near CHURCH ROAD,E01021268,Basildon 015B,Investigation complete; no suspect identified
e2f0af53699540e9910d5a80f3ba7fd31530cf78387e06a798215725de396bac,2018-12,Essex Police,Essex Police,0.690577,51.563326,On or near NORTH CRESCENT,E01015865,Southend-on-Sea 002C,Suspect charged
8644ed4b20487d92c1102783a813b4dcb8fd9b263e455768afd7ccf960a8ca4d,2018-12,Essex Police,Essex Police,0.132511,51.766089,On or near Supermarket,E01021827,Harlow 005D,Investigation complete; no suspect identified
3079a6581a3889ffdf7a1fa21380a2386233c24b158e7a669546c2b8ab53760e,2018-12,Essex Police,Essex Police,0.506496,51.827971,On or near MAIN ROAD,E01021538,Chelmsford 001A,Unable to prosecute suspect
468b31b85331bbc55263f4cc80def75b4d449b0c7bc64e26382687d29cb9b18d,2018-12,Essex Police,Essex Police,0.485775,51.562988,On or near CLAY HILL ROAD,E01021325,Basildon 019D,Unable to prosecute suspect
e9a7f6fd38f0a0b4336896812d08f1c548af8c2283291b85ed8b0be6afd0619c,2018-12,Essex Police,Essex Police,0.292176,51.521822,On or near ROSEMARY CLOSE,E01015971,Thurrock 006B,Unable to prosecute suspect
e167139e6470a24413e9035b66d15fb2dad8e0c1251fd17a1657fa20a6dfcdc0,2018-12,Essex Police,Essex Police,0.336108,51.499713,On or near ELMWAY,E01015993,Thurrock 009C,Investigation complete; no suspect identified
b2c98bb43253576fa62d3a9594bce81669dca5455cf4ea1605d7931851a8a391,2018-12,Essex Police,Essex Police,0.475706,51.730411,On or near Parking Area,E01033140,Chelmsford 010F,Investigation complete; no suspect identified
5f6fce07b17bd7f943ddda059bd67fdcceb30a78d380dad1b00d70148af063f1,2018-12,Essex Police,Essex Police,0.681081,51.726919,On or near QUEEN STREET,E01021894,Maldon 005B,Investigation complete; no suspect identified
397d2bbb28eb7fc38ed3755b6c7936b12be99acdeb0deabc96ad8c9bdd48c603,2018-12,Essex Police,Essex Police,0.710454,51.540888,On or near QUEENSWAY,E01015895,Southend-on-Sea 010A,Investigation complete; no suspect identified
b863c665f75ff4c6cb314d0f56871528e387328a2343b663a38f0767f61512a3,2018-12,Essex Police,Essex Police,0.509141,51.827258,On or near FORTUNE CLOSE,E01021538,Chelmsford 001A,Unable to prosecute suspect
67ee9a94971e94ba21bdc87dfb3f40c51dd76753a74c4617ec1c04e036a2b545,2018-12,Essex Police,Essex Police,,,No location,,,Investigation complete; no suspect identified
05e32e4bbcc5b574b03d5385b01e3d9b26d6e740fadc867b9d794f2b4ff5633c,2018-12,Essex Police,Essex Police,0.506496,51.827971,On or near MAIN ROAD,E01021538,Chelmsford 001A,Unable to prosecute suspect
b7f240c9f98494baa4db7749269ec4e3eb5a3a38b74df6646ca634b8dadfaae6,2018-12,Essex Police,Essex Police,0.056248,51.647021,On or near PRIORY ROAD,E01021791,Epping Forest 012F,Investigation complete; no suspect identified
cc9426d3704358ce4020e80dde11b211a2bfe120e0cf773e1f0efa59d1f5aa81,2018-12,Essex Police,Essex Police,0.614321,51.640829,On or near LITTLECROFT,E01021608,Chelmsford 020D,Investigation complete; no suspect identified
e9457f107d51121f342f2f2fa37b6afb2689b21314fae2141885c2e1a2c3fbc8,2018-12,Essex Police,Essex Police,0.112572,51.773913,On or near HOWARD WAY,E01021847,Harlow 002D,Investigation complete; no suspect identified
18ca34454fb768a8ab34cc4a8ca62d022d28afcf20294a71bfd090603165f4c7,2018-12,Essex Police,Essex Police,0.456959,51.570727,On or near Shopping Area,E01021318,Basildon 015C,Suspect charged
ff620382961748c7995e74b9b42e20cb601abf03cce4bde71744be1ce67ca647,2018-12,Essex Police,Essex Police,0.683487,51.536777,On or near GROSVENOR MEWS,E01015828,Southend-on-Sea 012B,Unable to prosecute suspect
355650e781c639a15eee90274d47493482a21506701002049123a3c128d3af41,2018-12,Essex Police,Essex Police,0.333212,51.499996,On or near OAKWAY,E01015993,Thurrock 009C,Action to be taken by another organisation
9d11b5c7c4c9f8bd47a3c50c1e4485da4ba7682b606e737ca30351509e9507bc,2018-12,Essex Police,Essex Police,0.533807,52.008638,On or near CHURCH LANE,E01021414,Braintree 001C,Investigation complete; no suspect identified
3c947a3f92790054945e6b04ca8c22346272b63d7713f9a64d35d2b5a12fc880,2018-12,Essex Police,Essex Police,0.564142,51.553279,On or near CRESCENT ROAD,E01021483,Castle Point 004C,Unable to prosecute suspect
6b0dd9a12c161af9813af0811a78cb3c0b33aaecd039e76b2cd9a36f989c29ea,2018-12,Essex Police,Essex Police,0.610044,51.550963,On or near BEECH ROAD,E01021518,Castle Point 006B,Investigation complete; no suspect identified
87cc82a3bde7fd6724f2cf04d3a3216171deb5ab3d860b648738c2c89adb75ef,2018-12,Essex Police,Essex Police,0.610044,51.550963,On or near BEECH ROAD,E01021518,Castle Point 006B,Investigation complete; no suspect identified
0c47ae6b881197a3a8de5f8f0537a19103d159ee7c9f4eebc7f2cbc5c18a159f,2018-12,Essex Police,Essex Police,0.655446,51.558218,On or near SHANNON CLOSE,E01015819,Southend-on-Sea 003F,Unable to prosecute suspect
5ea0450b39c7f3f80827e94d2ba51206f9553779f5cceceaa4cd67ac7c707cda,2018-12,Essex Police,Essex Police,1.155535,51.799296,On or near THORNBURY ROAD,E01022043,Tendring 014B,Unable to prosecute suspect
abc868a078b35a42f6fbc1d46e46569ea32e90397246f035fbb2118b63a416b4,2018-12,Essex Police,Essex Police,0.768924,51.536131,On or near MAPLIN WAY NORTH,E01015893,Southend-on-Sea 016E,Unable to prosecute suspect
8e1b429f5d453536fd8cb571323159219682d0f125c5f815d0beb911bab0a11a,2018-12,Essex Police,Essex Police,0.768924,51.536131,On or near MAPLIN WAY NORTH,E01015893,Southend-on-Sea 016E,Unable to prosecute suspect
263b354412801b9eca807a9205e955a7171d6f534b0d3bbc904f3389eec028cd,2018-12,Essex Police,Essex Police,0.548997,52.049228,On or near FOXES LANE,E01021414,Braintree 001C,Investigation complete; no suspect identified
6eb912ab055d31c496dc3313b2f83ac825d2e71032f8ebef77a8a9da5be45681,2018-12,Essex Police,Essex Police,0.066651,51.756160,On or near HEIGHAMS,E01021829,Harlow 009A,Unable to prosecute suspect
50742a0964c821af806b3c8bbb1f5c7a154c05117e03e619565f83403f27546a,2018-12,Essex Police,Essex Police,0.670129,51.560852,On or near CHEDDAR AVENUE,E01015824,Southend-on-Sea 005E,Unable to prosecute suspect
d969c49ee1de61822b39464a673f37af4c150ba2997127b8955c22791a07da3b,2018-12,Essex Police,Essex Police,0.075016,51.650621,On or near HATFIELDS,E01021790,Epping Forest 012E,Unable to prosecute suspect
d048a74f7e761151de543255dc21787626b07b1456b67321ad3b350c9a99d424,2018-12,Essex Police,Essex Police,0.598631,51.512958,On or near Parking Area,E01021500,Castle Point 012E,Investigation complete; no suspect identified
cb5e783f566966714d65a7e933f200775b20c99f28be2fe6271a72ebb6a998b0,2018-12,Essex Police,Essex Police,0.076638,51.657957,On or near PYRLES GREEN,E01021779,Epping Forest 011F,Unable to prosecute suspect
354da18bfbf1538009b5775cc23bbde2dd5537c1840cdc4f87d3fae383a66413,2018-12,Essex Police,Essex Police,0.693125,51.721724,On or near Park/Open Space,E01021889,Maldon 004A,Unable to prosecute suspect
70048e0ca98a3ede95017d56f5e9fafaf42172d49c2f35897cfa8c0a2443f795,2018-12,Essex Police,Essex Police,0.564142,51.553279,On or near CRESCENT ROAD,E01021483,Castle Point 004C,Unable to prosecute suspect
950c7be82660f421a01ea0fbcf2f519b742457f8ae9c56f47dcf4ad36881f9c8,2018-12,Essex Police,Essex Police,0.377732,51.515991,On or near Conference/Exhibition Centre,E01015980,Thurrock 004D,Investigation complete; no suspect identified
57827b6bafc17cff69b88062ecd4f73d409bd1735fe78b36ed165bbd1b2f457e,2018-12,Essex Police,Essex Police,0.968053,51.869404,On or near HENRIETTA CLOSE,E01021737,Colchester 017B,Investigation complete; no suspect identified
71d8c3f5f5be4b794c0d9db56d6620f0882030878619f31489dde90fcef540ce,2018-12,Essex Police,Essex Police,0.096056,51.768166,On or near SOUTH GATE,E01021868,Harlow 007B,Local resolution
0dc2133a1f90d2fc2734b13a7161f0d6e92d372dfb9f0fa668f2b1b812f8f93b,2018-12,Essex Police,Essex Police,0.713520,51.542966,On or near MILTON STREET,E01015898,Southend-on-Sea 010D,Unable to prosecute suspect
83911a1fe7c900581d37e87aa50d8ba7a9facef8586a6c3ad9b4c798da522353,2018-12,Essex Police,Essex Police,0.501352,51.589412,On or near BISHOPS CLOSE,E01021307,Basildon 011C,Unable to prosecute suspect
a26fde452d2f816f2f251e85a105abbbae40a508230b065886c38bd03146b15d,2018-12,Essex Police,Essex Police,1.154354,51.788616,On or near COLNE ROAD,E01022025,Tendring 016B,Unable to prosecute suspect
28d97b01ff60a1430b7d878a799456c724ce8f3b347845b5597a6ccf5e9f0166,2018-12,Essex Police,Essex Police,0.645356,51.813930,On or near FOREST ROAD,E01021420,Braintree 017C,Investigation complete; no suspect identified
1966b934ddc8c2c7914c05415b17902b23579a04ff8006ac105c6cda1b862137,2018-12,Essex Police,Essex Police,0.294788,51.639336,On or near ALDERTON CLOSE,E01021462,Brentwood 006B,Investigation complete; no suspect identified
bcf9941cfb5ff186e9510b396188063a7e55ce87042d70bef8d57822398af30c,2018-12,Essex Police,Essex Police,0.066651,51.756160,On or near HEIGHAMS,E01021829,Harlow 009A,Unable to prosecute suspect
1db45f6a2f12e505347b09248299030fe1795548895e33a84f606bb7e01b14bd,2018-12,Essex Police,Essex Police,0.304994,51.487028,On or near SYLVAN CLOSE,E01015941,Thurrock 020B,Investigation complete; no suspect identified
fea24f5061e9c3a32fd94815efaef95c1be87cbfb0b43322049da763159e94d2,2018-12,Essex Police,Essex Police,0.159987,51.813662,On or near Parking Area,E01021795,Epping Forest 001B,Unable to prosecute suspect
25530c60a2b8f24f0776dae9062380866fe50ef22896d9c3d0104aec1d87d299,2018-12,Essex Police,Essex Police,0.628756,51.940161,On or near Petrol Station,E01021392,Braintree 004D,Investigation complete; no suspect identified
2b7bc7eb07b9006bedbdd0622414f36bab26914d28e09bcccf84e9a3a9bf1eb7,2018-12,Essex Police,Essex Police,0.498438,51.563403,On or near HIGH ROAD,E01021328,Basildon 022E,Investigation complete; no suspect identified
39ab9ef04fa898d8c55d9ac3539d3db431e3937c0fe5dc0feb61f14b673086f8,2018-12,Essex Police,Essex Police,0.489565,51.716431,On or near TYDEMANS,E01021565,Chelmsford 014C,Investigation complete; no suspect identified
a4fab302e81463fb7a2fcad6f7045aaf54408d0aac2cf5788971363a6e6a4eaa,2018-12,Essex Police,Essex Police,0.303461,51.621954,On or near Parking Area,E01021433,Brentwood 007A,Investigation complete; no suspect identified
afcbb1c86979e6c01cd092529c44426a1d19a052f57f1e349e7658dfe28963f2,2018-12,Essex Police,Essex Police,0.768924,51.536131,On or near MAPLIN WAY NORTH,E01015893,Southend-on-Sea 016E,Unable to prosecute suspect
885844e45260f4825c685a821fc0a391e31a0bbe45394aceb1ea918cfeaa0e74,2018-12,Essex Police,Essex Police,0.450839,51.723720,On or near WESTWAY,E01033138,Chelmsford 009F,Investigation complete; no suspect identified
be32e15c07af4858b80b228cafd9ec0b39b20a0931df6b22bbfcf4a68faa9d2e,2018-12,Essex Police,Essex Police,0.343201,51.953909,On or near STONY LANE,E01022092,Uttlesford 004A,Unable to prosecute suspect
6b04a7a056915c2d261ad31820e758651842e8797ce8ec7e68fcb558340b89fa,2018-12,Essex Police,Essex Police,1.085328,51.802330,On or near D'ARCY ROAD,E01022047,Tendring 018E,Investigation complete; no suspect identified
5b7ff8f97edd69f34e77be627178711174451fd8ecdde898ad6ec43611cc5990,2018-12,Essex Police,Essex Police,0.616084,51.642570,On or near TALLOW GATE,E01021613,Chelmsford 019C,Investigation complete; no suspect identified
eebaa0484daccc0538190e8b1d27008f212801fe53e1520ea0d988a85efa2529,2018-12,Essex Police,Essex Police,0.489565,51.716431,On or near TYDEMANS,E01021565,Chelmsford 014C,Investigation complete; no suspect identified
aca5f7fad338e73aa7c80ea91f6a24f3b0843e8ec300595e6f81188e78000c17,2018-12,Essex Police,Essex Police,0.110149,51.702673,On or near INGELS MEAD,E01021762,Epping Forest 005C,Unable to prosecute suspect
91c2463bae5d9b8368f260e53e098cd9de921208c101cf187295a2b31fb50519,2018-12,Essex Police,Essex Police,0.615139,51.585951,On or near KINGS CLOSE,E01021950,Rochford 008A,Unable to prosecute suspect
04e8edb150e8efecddc60f8bac55035d328845eed8a5a8a68621a936708f1228,2018-12,Essex Police,Essex Police,0.804549,51.885685,On or near Parking Area,E01021654,Colchester 010A,Investigation complete; no suspect identified
4ad523960b1c59e92d6e4ba4d61ba54faf565f4ab22ba5b97890787b9b21b607,2018-12,Essex Police,Essex Police,0.255580,51.506173,On or near Sports/Recreation Area,E01015923,Thurrock 008B,Unable to prosecute suspect
e7d78e18488b1f5c3e5c0ee26843510f5e66f282108f8ce8fc86e8fc63eae077,2018-12,Essex Police,Essex Police,0.777231,51.542527,On or near SHILLINGSTONE,E01015915,Southend-on-Sea 017B,Unable to prosecute suspect
e37d285b4c75aaeaf590430d482157317b26362cc78dea1c97b37ddd8ef5591e,2018-12,Essex Police,Essex Police,0.563491,51.546836,On or near ST MARYS CLOSE,E01021522,Castle Point 007C,Investigation complete; no suspect identified
42cc96928f1843a6258c47e8e7414d668642ac4a811664e95e56d97534de79df,2018-12,Essex Police,Essex Police,0.551039,51.524067,On or near Petrol Station,E01021503,Castle Point 010D,Offender given a caution
be6f07c10d09395d902f37aa5ef9bbcad7d3e8fd343f2871724b9692da961d2e,2018-12,Essex Police,Essex Police,0.602490,51.574046,On or near Shopping Area,E01021531,Castle Point 002E,Investigation complete; no suspect identified
9157ad2ad3b79d1871fd690a6add4aa684f93d1d5dacc0902c679005be9ca331,2018-12,Essex Police,Essex Police,0.732150,51.533252,On or near NORTHUMBERLAND AVENUE,E01015892,Southend-on-Sea 016D,Formal action is not in the public interest
5acfbbdd858af8b20477b0425dd730f6db38b0d33c34c6ba74240f9de5268378,2018-12,Essex Police,Essex Police,0.231669,51.485749,On or near CHIEFTAN DRIVE,E01016014,Thurrock 015E,Unable to prosecute suspect
1a2c7bb998930ad9e8f04ebf24e5ae08a0e4ea30401af0a7c5873a36e40afb2e,2018-12,Essex Police,Essex Police,0.452059,51.529821,On or near YORK AVENUE,E01015943,Thurrock 001A,Investigation complete; no suspect identified
42d8d277779480546765df0dc7eb4808c10ff4f6d16e4e53744c931099de49a2,2018-12,Essex Police,Essex Police,0.680287,51.560594,On or near PRINCE AVENUE,E01015857,Southend-on-Sea 004A,Investigation complete; no suspect identified
af3ca8c1efc6c873d8827fffb6cf5eaa18d4d282857211084f3af44d5aab69fd,2018-12,Essex Police,Essex Police,0.898584,51.898397,On or near BLOYES MEWS,E01021647,Colchester 007B,Investigation complete; no suspect identified
c54b2488e480770b1af2a2fc08b9df0c1e822ad9a66fa8e0cc3b9df3fd533116,2018-12,Essex Police,Essex Police,0.291839,51.517701,On or near MAYFLOWER CLOSE,E01015975,Thurrock 006F,Suspect charged
c76e4e996587afd79fee37bfb3e807365e336f2f85b17c9e21cf7d204fea361e,2018-12,Essex Police,Essex Police,0.899875,51.890226,On or near Nightclub,E01021649,Colchester 007D,Investigation complete; no suspect identified
a9db8e004df486a052a9495fc10418b33b890cff83016ef314aae8eaab1c1d20,2018-12,Essex Police,Essex Police,0.494031,51.576744,On or near LINCOLN ROAD,E01021271,Basildon 013A,Unable to prosecute suspect
c884c109967cfa61ebff6f03127f13abd8f22463009754e55073eb1c282cef3e,2018-12,Essex Police,Essex Police,0.291839,51.517701,On or near MAYFLOWER CLOSE,E01015975,Thurrock 006F,Suspect charged
d590f83b01553844b001db61e4a167f6cce5bf87e288485708137e83d3e069bf,2018-12,Essex Police,Essex Police,0.095357,51.767783,On or near Shopping Area,E01021872,Harlow 007E,Suspect charged
8b290d2271a1d9c797c791e57f96277189777c96505e0923285c8d14d7542239,2018-12,Essex Police,Essex Police,0.407244,51.639260,On or near DOLPHIN GARDENS,E01021245,Basildon 002A,Investigation complete; no suspect identified
1ad302160465b3863f1ec86b905013c4be3a8be1be312b775236cbf9804d3e4d,2018-12,Essex Police,Essex Police,0.463880,51.709490,On or near GALLEYWOOD ROAD,E01021559,Chelmsford 017E,Investigation complete; no suspect identified
350c75800dc6159b14cad21c1e052c07088bfdb537dd45217c69eca09abafb46,2018-12,Essex Police,Essex Police,0.417270,51.571759,On or near SUSSEX CLOSE,E01021275,Basildon 014B,Unable to prosecute suspect
9fdfe7bba0eeda539d430defd6239cc9b528402bf45092e73026ccdfe8be43a9,2018-12,Essex Police,Essex Police,0.687811,51.542605,On or near ALLEYN PLACE,E01015831,Southend-on-Sea 012E,Investigation complete; no suspect identified
504d028037b0bd3efd930fc4972b62816a253818236d00ffe748d8fc4006395f,2018-12,Essex Police,Essex Police,0.546745,51.894338,On or near WINSTON CLOSE,E01021354,Braintree 008A,Unable to prosecute suspect
cf035e5efb7c79334575bc20aa89b5c588f6f77d90d0a8806107307285b61802,2018-12,Essex Police,Essex Police,0.095357,51.767783,On or near Shopping Area,E01021872,Harlow 007E,Local resolution
0a40983d722e7ac75f43891232f5cf91fbaa1a5a23482a7139d6c9cb3c08c9d1,2018-12,Essex Police,Essex Police,0.368407,51.482653,On or near Petrol Station,E01015934,Thurrock 012B,Investigation complete; no suspect identified
ec71c0ace2047f229f99e615ca4e8a2580e267be78f719cf02ee3a2e9ec820d3,2018-12,Essex Police,Essex Police,0.709743,51.544690,On or near Police Station,E01015895,Southend-on-Sea 010A,Offender given a drugs possession warning
721d146a01af721bd0586d32be3c77be61f7f964d26dff9460e4ff38193145cf,2018-12,Essex Police,Essex Police,0.291839,51.517701,On or near MAYFLOWER CLOSE,E01015975,Thurrock 006F,Suspect charged
885b424ec47912d9030134aa51c74479f78e451bf3b011ad2189adceaf311b9b,2018-12,Essex Police,Essex Police,0.546745,51.894338,On or near WINSTON CLOSE,E01021354,Braintree 008A,Unable to prosecute suspect
515e3e717f00f48232426f5c37775f699e24eaddb49c8b36f6822435d47a2bf7,2018-12,Essex Police,Essex Police,0.430650,51.567471,On or near GOWER CHASE,E01021288,Basildon 016B,Investigation complete; no suspect identified
765cf4f2d155cddf6622021af44f2e8bdc0332b3d059c880438458c8298ef50e,2018-12,Essex Police,Essex Police,0.494031,51.576744,On or near LINCOLN ROAD,E01021271,Basildon 013A,Unable to prosecute suspect
19bd8b1e19a00da7ffab6a4f17da00d7f9a4b0dd28977fc585347576d7063256,2018-12,Essex Police,Essex Police,0.494031,51.576744,On or near LINCOLN ROAD,E01021271,Basildon 013A,Unable to prosecute suspect
339544636699919757c2b774071449a8a8a406dd3ae2e2293b2148fa7940199a,2018-12,Essex Police,Essex Police,0.494031,51.576744,On or near LINCOLN ROAD,E01021271,Basildon 013A,Unable to prosecute suspect
1495659c29b8d6bcc0fa5ed6b83c542837eb491361215c6f72c79b7bccff4755,2018-12,Essex Police,Essex Police,0.579261,51.882172,On or near ROCHESTER CLOSE,E01021351,Braintree 007B,Unable to prosecute suspect
c71fbef3d5798108f37bf1c11a36b230e9b7d99631dee28f2f0a3b620a63a1e4,2018-12,Essex Police,Essex Police,0.727384,51.543976,On or near LYME ROAD,E01015843,Southend-on-Sea 014E,Unable to prosecute suspect
6f90f81749bb3865be4e04a2f43e9c347a5822eb4903d0937167f1421eb5df33,2018-12,Essex Police,Essex Police,0.546429,51.569071,On or near BARTLEY ROAD,E01021516,Castle Point 003D,Unable to prosecute suspect
77e1c2ef528e10d3b922fe6ad70c8ee6f78a7837e299cd60b31b3ed812f0b17e,2018-12,Essex Police,Essex Police,0.121381,51.783403,On or near SOUTH ROAD,E01021848,Harlow 002E,Investigation complete; no suspect identified
c7c40f98d5e8fc77b8778c1fa64d03d96e9632ba736d4781d28a365ea8f7fe12,2018-12,Essex Police,Essex Police,0.530550,51.606116,On or near ALRESFORD GREEN,E01021346,Basildon 008E,Investigation complete; no suspect identified
5977768532ecf0eeb8ab6947ee15f7ec35e311570c30aafb8ce517adb1155e19,2018-12,Essex Police,Essex Police,0.092612,51.768596,On or near Theatre/Concert Hall,E01021872,Harlow 007E,Investigation complete; no suspect identified
f6b5d92284ba7c61a649adcc26d4bd0c3821cd5fc431442283499d2d2a8e84fb,2018-12,Essex Police,Essex Police,1.288591,51.944576,On or near ST HELEN'S GREEN,E01021998,Tendring 001B,Investigation complete; no suspect identified
938d10c2c569e12b490209429003f45ea6eadc8a86e1309eebb500aee9946983,2018-12,Essex Police,Essex Police,0.764449,51.877120,On or near HAWLMARK END,E01021677,Colchester 010D,Unable to prosecute suspect
b165d2827f826187e6546ea2d8cd62476c126f574db5cf67c6f5220f0e43a3ad,2018-12,Essex Police,Essex Police,0.106748,51.646279,On or near ABRIDGE ROAD,E01021770,Epping Forest 010A,Investigation complete; no suspect identified
6c74ff4e6401b22318917edb893a14d6fac4473300fd854e1bf0ab46ab94c502,2018-12,Essex Police,Essex Police,0.935438,51.891493,On or near TAMARISK WAY,E01021696,Colchester 008A,Suspect charged
7a4f79329780d96dda3686c8d7c702e786827ca659766d5b1d81533d5b1b2364,2018-12,Essex Police,Essex Police,0.665191,51.552394,On or near SURREY AVENUE,E01015820,Southend-on-Sea 005A,Unable to prosecute suspect
74eeef6600670deecfa88547a42d812bdec81fa3099b34ef38eb93148e86e886,2018-12,Essex Police,Essex Police,0.601092,51.946136,On or near Sports/Recreation Area,E01021381,Braintree 007F,Investigation complete; no suspect identified
27b2ae3d5a96dd8016408ff97a258fd49f599b07dccafdd253e06251f1eb9559,2018-12,Essex Police,Essex Police,0.288664,51.514741,On or near ARCANY ROAD,E01015973,Thurrock 006D,Unable to prosecute suspect
8e3a54bec1b72cb92d6e3c0e6f8ce4fd54e7dbe78304506b024e7f6b92eb00cf,2018-12,Essex Police,Essex Police,0.691718,51.543810,On or near Theatre/Concert Hall,E01015831,Southend-on-Sea 012E,Investigation complete; no suspect identified
60458836068fcc5874d3daaf5110aa74cf25712dc63493d3527a45b712844ebb,2018-12,Essex Police,Essex Police,0.281531,51.509871,On or near DERRY AVENUE,E01015972,Thurrock 006C,Investigation complete; no suspect identified
a999d0ed92a994a7ca2820f50bbf13d3ea44f9e6a8692c2a03b49831a186c464,2018-12,Essex Police,Essex Police,0.798907,51.538027,On or near RUBENS CLOSE,E01015881,Southend-on-Sea 013F,Unable to prosecute suspect
75494c5a444c79957c2cfab859b8245d51a4b9c833c60b07959f4ca216dbdeca,2018-12,Essex Police,Essex Police,0.110047,51.782879,On or near DUKES PATH,E01021845,Harlow 002B,Investigation complete; no suspect identified
2dd541517c22bdcce2bd33a8a30e99e46af7f9e688ea5b8cf0c131fc8b1c2647,2018-12,Essex Police,Essex Police,1.150786,51.840797,On or near HARWICH ROAD,E01022017,Tendring 007D,Investigation complete; no suspect identified
4712bd262c425365e0d96b62af9318986fdcaa37bb1508e588b5c445d403f211,2018-12,Essex Police,Essex Police,0.750194,51.817342,On or near BARBROOK LANE,E01021726,Colchester 020D,Investigation complete; no suspect identified
1eeb5f967318807890c73ec5f320ed5d51f3868df520da63ac638fb51683283c,2018-12,Essex Police,Essex Police,1.177795,51.806404,On or near DERWENT GARDENS,E01022033,Tendring 012B,Suspect charged
b673ec48762167031a0b66ca660a755a529c617f370e619453ad302e431cfbde,2018-12,Essex Police,Essex Police,0.089593,51.752176,On or near SHENFIELD COURT,E01021859,Harlow 010C,Investigation complete; no suspect identified
f1360b31fa3bd148b5106a461f459dfb997be297f2ec6cbd69c09b46a482a817,2018-12,Essex Police,Essex Police,0.713520,51.542966,On or near MILTON STREET,E01015898,Southend-on-Sea 010D,Investigation complete; no suspect identified
1c3600ce4a8b94dfb4a217569f2a33604174a4e88ec9519e46a0c26feba77018,2018-12,Essex Police,Essex Police,0.624969,51.583924,On or near GROVE ROAD,E01021948,Rochford 009C,Investigation complete; no suspect identified
b9f1cc083dcd52b82a15b87036be7ac7c23d7ee953fc24726a9743dea68e5abe,2018-12,Essex Police,Essex Police,0.061556,51.649950,On or near ELEVEN ACRE RISE,E01021789,Epping Forest 012D,Investigation complete; no suspect identified
a1bde6ef94850a70f8f06ea524fc9dcf54eeee870ce5795ae2953271b6473de4,2018-12,Essex Police,Essex Police,0.900995,51.892951,On or near MIDDLE MILL,E01021650,Colchester 007E,Investigation complete; no suspect identified
c07eb7c556b235555b94547e783acef80c85e01d23bb4c8f3684ab3258199c56,2018-12,Essex Police,Essex Police,0.058148,51.650666,On or near KING'S GREEN,E01021787,Epping Forest 012B,Suspect charged
8db8130d317e68fb68b3fb00e407eea4db801b62cdf175eae6cc4b5438fb43ed,2018-12,Essex Police,Essex Police,0.679909,51.545583,On or near LONDON ROAD,E01015832,Southend-on-Sea 012F,Investigation complete; no suspect identified
d989ae526610828371bde050cfe18588594cc4a7eadd022bafaae73c1b246626,2018-12,Essex Police,Essex Police,0.734768,51.540116,On or near SURBITON AVENUE,E01015884,Southend-on-Sea 009B,Unable to prosecute suspect
7e627abeea6cdfb7fc84ece8959fc93bfdb9cb3b150aea9df7217a98c1f0a81c,2018-12,Essex Police,Essex Police,0.058148,51.650666,On or near KING'S GREEN,E01021787,Epping Forest 012B,Suspect charged
73800fb7a12d0310fd88c6b851f3d27685692760918d48f5ccbd3c27e1f51927,2018-12,Essex Police,Essex Police,0.903575,51.888768,On or near Theme/Adventure Park,E01021648,Colchester 007C,Investigation complete; no suspect identified
2bfb45577e871be50525ab5bc441d87d6eb9336405674938e1f621fa27b944be,2018-12,Essex Police,Essex Police,0.411786,51.483936,On or near STENNING AVENUE,E01015948,Thurrock 013B,Unable to prosecute suspect
9bcf55b10a3f4d191fdc19cb721d8482d3072ecace09e7fcd53fb219ef906e17,2018-12,Essex Police,Essex Police,0.913254,51.774560,On or near MEADOW LANE,E01021735,Colchester 021E,Unable to prosecute suspect
f5cf0d8225c55ac730f1319370b3e75303e6cc6e4e1d4ab96ac2ef3eab60d656,2018-12,Essex Police,Essex Police,0.888626,51.916072,On or near FORDS LANE,E01021680,Colchester 004B,Investigation complete; no suspect identified
8bbd3294f8c07c9a558995108f7ebdf75003e86202bb62d6f4ac39374f5e3f9e,2018-12,Essex Police,Essex Police,0.896444,51.887271,On or near ESSEX STREET,E01021649,Colchester 007D,Investigation complete; no suspect identified
9dbc56e3c44b904e53bd4ef028c7170c79d726a2d363e76b959bb4d48674a4f2,2018-12,Essex Police,Essex Police,0.470335,51.571490,On or near PRIORS EAST,E01021321,Basildon 015E,Investigation complete; no suspect identified
af976ef6d1a322c41698de5e1e17d5f93a5bfead1bda2f77be17ca763775defa,2018-12,Essex Police,Essex Police,0.608321,51.770601,On or near GREEN CLOSE,E01021396,Braintree 018D,Investigation complete; no suspect identified
8aa15b1feef022c379d359c636cb255c8eb7aaebe5ddc331bc8bb91db5f2b210,2018-12,Essex Police,Essex Police,0.262613,51.888213,On or near Parking Area,E01022090,Uttlesford 006B,Investigation complete; no suspect identified
fd1c47ebf02a9b5187a3df6702cbaa18fcfdb9680c977be775d866c3a710bd42,2018-12,Essex Police,Essex Police,0.288590,51.507800,On or near BARLE GARDENS,E01015931,Thurrock 007E,Unable to prosecute suspect
505f42e4970e18fe69b8208fd941f28714971420f4d187c7962c5cee8612f860,2018-12,Essex Police,Essex Police,0.715320,51.534677,On or near Shopping Area,E01015852,Southend-on-Sea 015B,Investigation complete; no suspect identified
0f5d3fb9d5c1db4275ab9928e1b0f3f1d3e072d766b068ae06440e827606451c,2018-12,Essex Police,Essex Police,0.882721,51.883597,On or near CAMBRIDGE ROAD,E01021652,Colchester 013B,Investigation complete; no suspect identified
6fbdc481149fdaa747562137ba491a4dc5db902b6b56dc4d9c8fcb1f603a0222,2018-12,Essex Police,Essex Police,0.288590,51.507800,On or near BARLE GARDENS,E01015931,Thurrock 007E,Unable to prosecute suspect
309354f7c23ef4eef5413a96c4e460c2bf0cb84a23c265169c5aee11c9339346,2018-12,Essex Police,Essex Police,0.516498,51.609278,On or near KEATS WAY,E01021329,Basildon 006B,Investigation complete; no suspect identified
de35283eeb73d65007bd87ff41407b59fae1475949245488df64147ceaffd7c7,2018-12,Essex Police,Essex Police,0.107814,51.763567,On or near NETTESWELLBURY FARM,E01021820,Harlow 006B,Unable to prosecute suspect
e06cddfd00d563b2b24dd62650283575f8c37f6312911361438cb0e2fe3470db,2018-12,Essex Police,Essex Police,0.905184,51.896589,On or near Theatre/Concert Hall,E01021647,Colchester 007B,Offender given a drugs possession warning
2bf65963b1980c7205dfbacab17885eb7389b8a64f191c972b0302ab94abf1fe,2018-12,Essex Police,Essex Police,0.416847,51.689091,On or near JENNINGS PLACE,E01021602,Chelmsford 018B,Investigation complete; no suspect identified
d107b4e362186a2cc5dd3a825d4caacd987a345f4d34129f788697bcde1a58a1,2018-12,Essex Police,Essex Police,0.493487,51.577880,On or near CHICHESTER CLOSE,E01021269,Basildon 012C,Investigation complete; no suspect identified
a8f787ca4b2616636712d1eb71f6076b709c112f24bb4552cda0f66d646f8671,2018-12,Essex Police,Essex Police,0.674643,51.568673,On or near SHEPARD CLOSE,E01015863,Southend-on-Sea 002A,Investigation complete; no suspect identified
5e76e0977fcf86f835950261923d68a8e7fd5a71ddf87b3e5a5ad9d0351107df,2018-12,Essex Police,Essex Police,0.900435,51.889439,On or near Shopping Area,E01021649,Colchester 007D,Offender given penalty notice
2f5b41edbd9dbc1af28d9f78c879cb7e30f8ccc7da792368a15e9d032261f595,2018-12,Essex Police,Essex Police,1.161070,51.805839,On or near HILLCREST,E01022041,Tendring 010D,Suspect charged
e84055ee0a6af62958218afd562ba0b86f6349337f807112ca4c1a447e769a7f,2018-12,Essex Police,Essex Police,0.307883,51.493474,On or near DUDLEY CLOSE,E01015942,Thurrock 020C,Investigation complete; no suspect identified
38ce4fffb82b9e763c7775504442e1bee712668c7ed75b5e55e7fed388c63d9c,2018-12,Essex Police,Essex Police,0.472987,51.734470,On or near NEW STREET,E01033140,Chelmsford 010F,Investigation complete; no suspect identified
7fb56a72141fa6ace2db9955358836f0c1dd654968bdb6ac75c9d37ca339b87e,2018-12,Essex Police,Essex Police,0.113929,51.775651,On or near THE STOW,E01021845,Harlow 002B,Local resolution
e764138879253f1a4f660d94a7f55a1c4cc26c2ebda2a8d28b630aeae7aab397,2018-12,Essex Police,Essex Police,0.899183,51.910173,On or near Hospital,E01021682,Colchester 004D,Suspect charged
6aa0a8cb01c2f894511c79d9a1f262ef9e7f0c2ab8e4452ada405f6ee6a2659b,2018-12,Essex Police,Essex Police,0.509855,51.574994,On or near RECTORY ROAD,E01021304,Basildon 013C,Investigation complete; no suspect identified
2e135c93f770ae91adfbd90467eb0877ffa9e643dc783495a6a1e0d5cb724cb2,2018-12,Essex Police,Essex Police,0.699490,51.565684,On or near NIGHTINGALE CLOSE,E01015867,Southend-on-Sea 002E,Unable to prosecute suspect
6c5dfa2769156b1b87d0a18fb28ef91cc8544435edbddd93d7bafffb354711b3,2018-12,Essex Police,Essex Police,0.441593,51.744795,On or near THAMES AVENUE,E01021598,Chelmsford 003C,Unable to prosecute suspect
5c97808bb1cf3f302d599652288b881c8d44efcadfc8aa6d08e98932d6737372,2018-12,Essex Police,Essex Police,0.456959,51.570727,On or near Shopping Area,E01021318,Basildon 015C,Suspect charged
c5e678bea81528602216b59c7ba35f7e08c24864a5acac00b4fd0fe763937a41,2018-12,Essex Police,Essex Police,0.712497,51.540310,On or near Bus/Coach Station,E01015895,Southend-on-Sea 010A,Suspect charged
a7331065a1acea9f59aee7ef50d71f5f43bdc1e9b99dd557e671eeffacc047d4,2018-12,Essex Police,Essex Police,,,No location,,,Investigation complete; no suspect identified
66754e1a6f88ae0dee07267d0d99df017f0c8577eb20e9047e545b9c84d86e62,2018-12,Essex Police,Essex Police,0.012077,51.683963,On or near SPRINGFIELDS,E01021808,Epping Forest 008B,Investigation complete; no suspect identified
5819e4f772d6086e0fe122cd76df56fe9a5f877c262ba11286191796d24a0701,2018-12,Essex Police,Essex Police,0.270445,51.486039,On or near Parking Area,E01016012,Thurrock 015C,Local resolution
2f4d624366ea8a10f20f2978860285fb3e28fc26b05fd2bb476d1ea3825d34a1,2018-12,Essex Police,Essex Police,0.509598,51.576097,On or near BRISCOE ROAD,E01021303,Basildon 011B,Investigation complete; no suspect identified
0cd14236bad687c2df39bfc787a5ca89b580637936915cb9141e558703f58149,2018-12,Essex Police,Essex Police,0.079501,51.653545,On or near FOXLEY CLOSE,E01021778,Epping Forest 011E,Investigation complete; no suspect identified
0ad75abe6f44712663073837790e9708ca62f3805c9bb57b96e1c2e718463168,2018-12,Essex Police,Essex Police,0.312040,51.478256,On or near PARKER ROAD,E01015955,Thurrock 016A,Investigation complete; no suspect identified
fabb7bb4cbb81693d234e0c496dfcbf8d0a6e22b55588d61cec29c4f1371c613,2018-12,Essex Police,Essex Police,0.550842,51.878655,On or near Shopping Area,E01021365,Braintree 009D,Investigation complete; no suspect identified
1ec8aaf6ad37be0c8f8c33b6bcd18ccfd3940b4617fdda4a141e16448c39abb7,2018-12,Essex Police,Essex Police,0.494965,51.581409,On or near HOLBECH ROAD,E01021269,Basildon 012C,Investigation complete; no suspect identified
c54a2fc9e51cddb5426eb9c541b600bcbfdb7d9d583ba90c962ab9540b857657,2018-12,Essex Police,Essex Police,0.332752,51.475760,On or near JOHN STREET,E01015962,Thurrock 016E,Investigation complete; no suspect identified
e5d797ec6ecbd40b7dd4e9177f29ebb279b63f9bfee8534acf166c2e4c246a6c,2018-12,Essex Police,Essex Police,0.415968,51.483211,On or near THOMAS BATA AVENUE,E01015948,Thurrock 013B,Unable to prosecute suspect
2d78bb4f5dee5c73e212d3a7e543acf840c8c1147b2a90683ec3d6c9d5c3d62f,2018-12,Essex Police,Essex Police,0.439974,51.569670,On or near SHEPESHALL,E01021287,Basildon 017A,Suspect charged
2e17c347a3c9eb5c92689cde04a97e502794a858117be32798fbf7a4b5f6b535,2018-12,Essex Police,Essex Police,0.496301,51.758537,On or near BARN GREEN,E01021616,Chelmsford 004A,Unable to prosecute suspect
caa0f3f1e3a87a99762278b2eea9f7c795bef432c985d6db47dcb754905d7c74,2018-12,Essex Police,Essex Police,0.452281,51.571751,On or near Park/Open Space,E01021319,Basildon 017E,Suspect charged
dcd1bee69c0596409186140a8b0a906bb6f7bb91ebce4e349126adc8c8366e3a,2018-12,Essex Police,Essex Police,0.736455,51.548522,On or near CROSSFIELD ROAD,E01015886,Southend-on-Sea 009D,Investigation complete; no suspect identified
d2236986a9b84789e10d09b24c71769c516587f436cfa14b507e058970a46ca1,2018-12,Essex Police,Essex Police,0.887497,51.867201,On or near ILEX CLOSE,E01033723,Colchester 015G,Unable to prosecute suspect
00cb6d235b1a9191c0557dbb208a07145f54d6010ed027a827c3e05c993e4651,2018-12,Essex Police,Essex Police,0.288671,51.634950,On or near BLENHEIM ROAD,E01021464,Brentwood 004E,Investigation complete; no suspect identified
cc0dbee7ec014a57e2cf9451c84524c267575413acdd51cbdf474b47a0dc5c57,2018-12,Essex Police,Essex Police,0.373479,51.484637,On or near ST PETERS ROAD,E01015933,Thurrock 012A,Investigation complete; no suspect identified
59f4d02f0fa2726671e8d4d0871e23148582430c7cb6df2d2ca6b8ea760ecfcb,2018-12,Essex Police,Essex Police,0.419838,51.576364,On or near VICTORIA CLOSE,E01021273,Basildon 014A,Unable to prosecute suspect
3ce5094bb5d1b8627cd05ce80177249c04ec5c03d017483cb0e45218b7d4498f,2018-12,Essex Police,Essex Police,0.357447,51.628562,On or near SPRINGFIELD AVENUE,E01021449,Brentwood 003B,Investigation complete; no suspect identified
c5a2259dc36f9fbff07d13327bf9c55bca6d902b138b7bf300bc119e9112395b,2018-12,Essex Police,Essex Police,0.680287,51.560594,On or near PRINCE AVENUE,E01015857,Southend-on-Sea 004A,Offender given a caution
17afa3cdf47b4408275dc0eb6c23c04056ceb3c837a59b4883899fe57b6ebcf7,2018-12,Essex Police,Essex Police,0.109109,51.702422,On or near CLOVER LEAS,E01021762,Epping Forest 005C,Investigation complete; no suspect identified
c821a0fc4cbbd21350ba086ba58b31b9f2acecad0f04bed7189d407f2df6b717,2018-12,Essex Police,Essex Police,0.318845,51.477268,On or near MAIDSTONE ROAD,E01015953,Thurrock 017C,Investigation complete; no suspect identified
3ef781961142ab43bb240aaa4f72d86298ac26c1c01f844531aa91293dc21b2e,2018-12,Essex Police,Essex Police,0.210427,52.005980,On or near MUTLOW CLOSE,E01022071,Uttlesford 003B,Investigation complete; no suspect identified
37234b6c00b461b1e6dea3f14968e2c1c76b585d0fd4a071e6508ec36709cdce,2018-12,Essex Police,Essex Police,0.474085,51.733089,On or near High Street Chelmsford,E01033140,Chelmsford 010F,Suspect charged
2bffe3be2105d0838da52ff303e5fb577689469f0100f3fe97361d2b25b03011,2018-12,Essex Police,Essex Police,0.725746,51.654986,On or near LOWER BURNHAM ROAD,E01021875,Maldon 007C,Investigation complete; no suspect identified
0a0629c1365dbbef1e9b23e50d2c530b0220cf5e18d371b200b2b9db12b156d1,2018-12,Essex Police,Essex Police,0.463832,51.730985,On or near SEYMOUR STREET,E01021582,Chelmsford 010D,Investigation complete; no suspect identified
2988b66c1d3a5d9d2d5dbd67b3d159a86ccd257bbcc4fe23ba9498790f926833,2018-12,Essex Police,Essex Police,0.641409,51.545053,On or near VERNON ROAD,E01015908,Southend-on-Sea 008A,Investigation complete; no suspect identified
33ccf3d0a587ffa5fe583f76652af8bb14a1a3b99fbfa333d758df22fe5a68b8,2018-12,Essex Police,Essex Police,0.899209,51.924796,On or near Parking Area,E01021682,Colchester 004D,Investigation complete; no suspect identified
e57506f64349585589aa2170c7c623643ee098cd23f5e93f6d1fc6d0edfcf566,2018-12,Essex Police,Essex Police,0.415968,51.483211,On or near THOMAS BATA AVENUE,E01015948,Thurrock 013B,Unable to prosecute suspect
80e1f17bedf8d8e7014d0cf140d879ab3d67fd06f83e738d60314ba01ef6ea71,2018-12,Essex Police,Essex Police,0.361679,51.461709,On or near CALCUTTA ROAD,E01016009,Thurrock 018G,Investigation complete; no suspect identified
2512634b5c97087d49cc8ae0a3763e2a9af16525fd075f68646a414c81462f33,2018-12,Essex Police,Essex Police,0.427331,51.571533,On or near MELLOW PURGESS CLOSE,E01021286,Basildon 016A,Unable to prosecute suspect
27be72568cf9ac2f47d899a5384a45676aa36c8a8822daf526b421dcab62d767,2018-12,Essex Police,Essex Police,0.367432,51.869289,On or near THE AVENUE,E01022067,Uttlesford 007B,Local resolution
d8b5e8f3ab6338498ba83ffa8f2a0e8c93ace25b5306fa97ff169a5224e9e475,2018-12,Essex Police,Essex Police,0.092379,51.613605,On or near MANOR ROAD,E01021765,Epping Forest 017B,Investigation complete; no suspect identified
d0d940c0ccd7357cf026aad30e473d4afd6fb0d8591c4c1dc79894249ba3369c,2018-12,Essex Police,Essex Police,0.476706,51.589656,On or near Sports/Recreation Area,E01021267,Basildon 012B,Investigation complete; no suspect identified
d6a8b79a9b764751d224f18cf302f7d5aaf3f7e6d66fc6400a87404769d7bb5a,2018-12,Essex Police,Essex Police,0.789680,51.536439,On or near HERMES WAY,E01015882,Southend-on-Sea 013G,Investigation complete; no suspect identified
f97cafe304ecc9fa5b61adf942ec287b40d14d3e466d71f51ce05783d480c856,2018-12,Essex Police,Essex Police,0.712788,51.543999,On or near SHORT STREET,E01015898,Southend-on-Sea 010D,Offender given penalty notice
1f818cf586108781c34723065e624e1507292ef87f8e0fb48bf5c15ced1c7dfc,2018-12,Essex Police,Essex Police,0.474285,51.741251,On or near Further/Higher Educational Building,E01021574,Chelmsford 010A,Unable to prosecute suspect
781a11511964451f90667e574e11e5d94be4565a98837e7a83c19f21aa877fba,2018-12,Essex Police,Essex Police,0.904501,51.861440,On or near BARDFIELD ROAD,E01021641,Colchester 018E,Unable to prosecute suspect
07479b669de04f6658b01bb693776d93d81fe7e85fc664044f43a6abd4cbe921,2018-12,Essex Police,Essex Police,0.910144,51.883362,On or near GOODEY CLOSE,E01021686,Colchester 011D,Unable to prosecute suspect
b7728c2e5db7a0cf2bdee8c73f516b2b37ac4d7f7006a997234618c1b4715059,2018-12,Essex Police,Essex Police,0.554706,51.879408,On or near Police Station,E01033459,Braintree 009F,Suspect charged
a3f9fd599086abc59d12eff3e15443e52df84f27ca58d01ae52c5af08d1852ab,2018-12,Essex Police,Essex Police,0.703329,51.566909,On or near Shopping Area,E01021956,Rochford 007E,Investigation complete; no suspect identified
0a4acb1824f9c5d6fa827ec181a2cf9521ac24fcdb7083bf8ef7123a1f9df1bf,2018-12,Essex Police,Essex Police,0.285222,51.484852,On or near Parking Area,E01016011,Thurrock 015B,Offender given a caution
4ca5c88aa6053e5a7ce2b97575b6ab42f4690d742a8016166a325cef69013d5c,2018-12,Essex Police,Essex Police,0.436777,51.623452,On or near MONOUX CLOSE,E01021241,Basildon 003C,Investigation complete; no suspect identified
d300fc9edb6e8b39870afb208d8961a509f6fb995c4a5cf819af74f56b7237d7,2018-12,Essex Police,Essex Police,0.326119,51.472186,On or near THAMES ROAD,E01015954,Thurrock 017D,Investigation complete; no suspect identified
bb1904c6205e6153df87edfdd16193e0084a8da880e8d044f509e88e92a732af,2018-12,Essex Police,Essex Police,0.763690,51.686872,On or near WORCESTER CLOSE,E01021899,Maldon 007D,Investigation complete; no suspect identified
ea95d0a4e929b422dad4d704def70b6cb15ccafa7deea5996b81218084866f34,2018-12,Essex Police,Essex Police,0.071614,51.749679,On or near BROADLEY ROAD,E01021865,Harlow 009E,Offender given a drugs possession warning
33e55cdb00a7b6c938e20ff5a1145883e2b8fcd288922cc957c9e96c4561a1c7,2018-12,Essex Police,Essex Police,0.084237,51.749465,On or near WISSANTS,E01021863,Harlow 011B,Investigation complete; no suspect identified
93fb0d40cf6fb2543d65d37d8568ecf0404117e0994da8213de7d421406a6d48,2018-12,Essex Police,Essex Police,0.639653,51.808464,On or near Braintree Road,E01021416,Braintree 017B,Investigation complete; no suspect identified
b638608dd3fd5389e839ae4ce16609cb2f08cbc8ccc9d8adabda9342a572da1d,2018-12,Essex Police,Essex Police,0.452059,51.529821,On or near YORK AVENUE,E01015943,Thurrock 001A,Investigation complete; no suspect identified
1eb32bf09f057e143f3e75da13d3b82fc66bc00a626d6b5410243e52da7b4934,2018-12,Essex Police,Essex Police,0.452059,51.529821,On or near YORK AVENUE,E01015943,Thurrock 001A,Investigation complete; no suspect identified
a3c3d7cc28e041e9f419bd74a09bd7606294b88cdf1852bbea776976f1978c0a,2018-12,Essex Police,Essex Police,0.548287,51.575200,On or near MAYFLOWERS,E01021514,Castle Point 001B,Suspect charged
a3c3d7cc28e041e9f419bd74a09bd7606294b88cdf1852bbea776976f1978c0a,2018-12,Essex Police,Essex Police,0.548287,51.575200,On or near MAYFLOWERS,E01021514,Castle Point 001B,Suspect charged
e55e482a6025cc6dae1f2fd9cabd9eed4b7eb89510bc079738f3f5eac5c816bf,2018-12,Essex Police,Essex Police,0.456169,51.571868,On or near Pedestrian Subway,E01021318,Basildon 015C,Suspect charged
e55e482a6025cc6dae1f2fd9cabd9eed4b7eb89510bc079738f3f5eac5c816bf,2018-12,Essex Police,Essex Police,0.456169,51.571868,On or near Pedestrian Subway,E01021318,Basildon 015C,Suspect charged
a0826ba8d619f2bc89ff5540b089ca5e46cad8486b74ce52817bf22f104e17f2,2018-12,Essex Police,Essex Police,0.618957,51.587835,On or near BULL LANE,E01021960,Rochford 005D,Investigation complete; no suspect identified
fe10ac35932295ff8f806d4e061648ff9909eb06a2f77314f765bbdb948e3d29,2018-12,Essex Police,Essex Police,0.077480,51.771427,On or near FOLD CROFT,E01021840,Harlow 004B,Unable to prosecute suspect
56a3ae63c004d60476fe04d632700c266456b246384ffdfe4a016b7b6d27ff4d,2018-12,Essex Police,Essex Police,0.948134,51.877838,On or near Park/Open Space,E01021736,Colchester 017A,Investigation complete; no suspect identified
7a3097ab4a454ee454913e4a580a87863fcafea2e65a6503ffd2be42cf25df24,2018-12,Essex Police,Essex Police,0.798907,51.538027,On or near RUBENS CLOSE,E01015881,Southend-on-Sea 013F,Unable to prosecute suspect
6963bef5d43627b0ef1ba897f8dee500ed01ffd3b706d034985de1f718a2f2d6,2018-12,Essex Police,Essex Police,0.570266,52.018289,On or near GOODCHILD WAY,E01021430,Braintree 001D,Unable to prosecute suspect
c3a45d532727421370c997492d0c2f676a784486516418266577c1ed84e3a711,2018-12,Essex Police,Essex Police,0.456169,51.571868,On or near Pedestrian Subway,E01021318,Basildon 015C,Suspect charged
c3a45d532727421370c997492d0c2f676a784486516418266577c1ed84e3a711,2018-12,Essex Police,Essex Police,0.456169,51.571868,On or near Pedestrian Subway,E01021318,Basildon 015C,Suspect charged
b51fb89bc7fceaf1939ec8cfeee32726e1fb26b5ce5d1852ce393af6a80ad926,2018-12,Essex Police,Essex Police,0.269710,51.738187,On or near WALKER AVENUE,E01021796,Epping Forest 003B,Investigation complete; no suspect identified
9e3bfae12354c15d5821194d516a60bf3453d0d0c23cbc20c18c01d49045a459,2018-12,Essex Police,Essex Police,0.318277,51.618425,On or near BISHOPS WALK,E01021466,Brentwood 005E,Investigation complete; no suspect identified
b10d2c887a58b9e29dd8173c4e4b33017b8cd4ca4f24cb3245c8b588edeacdda,2018-12,Essex Police,Essex Police,0.792587,51.538457,On or near Pedestrian Subway,E01015880,Southend-on-Sea 013E,Offender given a drugs possession warning
d0354bb4db6c295265d10bb955447593bb1a30ebc697d2925ac2d289e0d60d3b,2018-12,Essex Police,Essex Police,0.765519,51.686244,On or near NIPSELLS CHASE,E01021899,Maldon 007D,Investigation complete; no suspect identified
aaadcf56413761d8673087e138973bf4ea8fd50779cabe8cbe675b63c5b4a84f,2018-12,Essex Police,Essex Police,1.037833,51.842673,On or near HAZEL CLOSE,E01022053,Tendring 009D,Investigation complete; no suspect identified
c7107a93d98592f7d30838799207136c7e4ab31688ce549d6af67ff548451d64,2018-12,Essex Police,Essex Police,0.262519,51.981458,On or near IVY TODD HILL,E01022099,Uttlesford 004D,Unable to prosecute suspect
9d07961b79ceb0183a03676e33858374cfa4e4e37b83b813430cb5f672ef41b5,2018-12,Essex Police,Essex Police,0.720074,51.535817,On or near ST LEONARD'S ROAD,E01015841,Southend-on-Sea 014C,Investigation complete; no suspect identified
9e594ad1ebde54c0264f8212965aa0694f7565e610e566f7b1ab63669dde05b3,2018-12,Essex Police,Essex Police,0.484654,51.736715,On or near Prison,E01021627,Chelmsford 010E,Action to be taken by another organisation
518fa65628fcbb8e8bf60239d0ba6945c3c7f78d64eb707e74a1bc2209f4d159,2018-12,Essex Police,Essex Police,0.484654,51.736715,On or near Prison,E01021627,Chelmsford 010E,Action to be taken by another organisation
026596514bfda30ea0bc95e376d740fc727795fe4dac36ff40905c298e9c9894,2018-12,Essex Police,Essex Police,0.902263,51.889844,On or near MUSEUM STREET,E01021649,Colchester 007D,Suspect charged
026596514bfda30ea0bc95e376d740fc727795fe4dac36ff40905c298e9c9894,2018-12,Essex Police,Essex Police,0.902263,51.889844,On or near MUSEUM STREET,E01021649,Colchester 007D,Suspect charged
430f4b23dc9ff3ab90a830101a373ceb07c9de63ef3018c893f9c244474499a4,2018-12,Essex Police,Essex Police,0.089040,51.746799,On or near Pedestrian Subway,E01021862,Harlow 011A,Suspect charged
c63a254bcad0b2c8f3320097510831bd20d3fc855f7a8ae6bc2b6e5968e4ef5f,2018-12,Essex Police,Essex Police,0.282488,51.487496,On or near Shopping Area,E01016011,Thurrock 015B,Offender given a drugs possession warning
43965178e1c845eb2d0cfa83c09542f1efe80287f859686df7b76c334414d6a6,2018-12,Essex Police,Essex Police,0.484654,51.736715,On or near Prison,E01021627,Chelmsford 010E,Action to be taken by another organisation
170217e5d97d7334f4678eb58e43a02177f59815ab8dd16e911127ef81a9eb28,2018-12,Essex Police,Essex Police,0.570266,52.018289,On or near GOODCHILD WAY,E01021430,Braintree 001D,Unable to prosecute suspect
036fab15a5c4f9d753cd34e4fd25fa09fc1ac43594476fc500475c1dd8dc011e,2018-12,Essex Police,Essex Police,0.106498,51.695751,On or near Petrol Station,E01021758,Epping Forest 006C,Investigation complete; no suspect identified
ebea783c905bfbd8cc0246e79eca89d818d2fadc92de2f67a46127f4bccbbc45,2018-12,Essex Police,Essex Police,0.073189,51.646687,On or near COLSON GARDENS,E01021772,Epping Forest 013B,Offender given a drugs possession warning
c244038f3e39068910c98bf8cb19a040e8284ba3b99136b1bae086965592271c,2018-12,Essex Police,Essex Police,0.484654,51.736715,On or near Prison,E01021627,Chelmsford 010E,Action to be taken by another organisation
63d96ae37062678a0bac3f4068dff39c18744c749f091e75286e8556e5a2b452,2018-12,Essex Police,Essex Police,0.687568,51.874171,On or near WALFORD WAY,E01021378,Braintree 014B,Investigation complete; no suspect identified
5008e5e46ed4a81f2a79fa4e6f59cf1e6d8fc6c27b8b073cf05b2d8193fafd42,2018-12,Essex Police,Essex Police,0.687568,51.874171,On or near WALFORD WAY,E01021378,Braintree 014B,Unable to prosecute suspect
dac2805fd01178a1a0aaadbfa3a819b0de92e780707cf24c9ec64c3ecd8c2f75,2018-12,Essex Police,Essex Police,0.236297,52.025419,On or near BRIDGE STREET,E01022078,Uttlesford 002C,Investigation complete; no suspect identified
d35e3e12ae1075c4a7ac8e1f5fdd3ad3f4f538d65862f9028a13ee806a18ee20,2018-12,Essex Police,Essex Police,0.092612,51.768596,On or near Theatre/Concert Hall,E01021872,Harlow 007E,Investigation complete; no suspect identified
d210fe8acf36db1a238f8275718c21e0a85a232a0c3f0b1528ba91a35de38128,2018-12,Essex Police,Essex Police,0.570266,52.018289,On or near GOODCHILD WAY,E01021430,Braintree 001D,Suspect charged
fd21e96f205a04fb55118c9cae78a0dac1afd710b232ce8a044fccd10fecaf9d,2018-12,Essex Police,Essex Police,0.200343,52.062371,On or near MANOR LANE,E01022094,Uttlesford 001D,Investigation complete; no suspect identified
7df480b2d028b32fcacedf40c2093429afacbe3ce140e43c1b08e4a62d3127b3,2018-12,Essex Police,Essex Police,0.415968,51.483211,On or near THOMAS BATA AVENUE,E01015948,Thurrock 013B,Unable to prosecute suspect
0b5c64cbfc16a20b6a61491e7c403077b508824d92e537fb465d4c227c1b570d,2018-12,Essex Police,Essex Police,0.570266,52.018289,On or near GOODCHILD WAY,E01021430,Braintree 001D,Suspect charged
ed76ac3724586beee8b436f7dac9f2e6a0fd1e3d8cbd51cf700323ae7f359d9f,2018-12,Essex Police,Essex Police,0.473830,51.736629,On or near Chelmsford Police Station,E01033141,Chelmsford 010G,Suspect charged
6a03f330913058130fdbf59f6dea5211fd17578834f01f2f3467db9f4b4657b1,2018-12,Essex Police,Essex Police,0.926017,51.869550,On or near COTTAGE DRIVE,E01021667,Colchester 016F,Unable to prosecute suspect
8528b4077e1df77ff5b104fc9aed960df1f6f3a19bb76d9d172adae7a98fa1a2,2018-12,Essex Police,Essex Police,0.468397,51.757877,On or near BERWICK AVENUE,E01021542,Chelmsford 002A,Unable to prosecute suspect
9301d3f9c4f0d69fdff6be6e57f84c7060163694ea81a2c2b9308e0aaaa138d9,2018-12,Essex Police,Essex Police,0.944648,51.890750,On or near HAMLET DRIVE,E01021696,Colchester 008A,Unable to prosecute suspect
9301d3f9c4f0d69fdff6be6e57f84c7060163694ea81a2c2b9308e0aaaa138d9,2018-12,Essex Police,Essex Police,0.944648,51.890750,On or near HAMLET DRIVE,E01021696,Colchester 008A,Unable to prosecute suspect
a7c7f555ef510a195d51db5d07916cc355263c2049c14615d815a8cb63ddb980,2018-12,Essex Police,Essex Police,0.263449,51.489034,On or near SOUTHWAY,E01016012,Thurrock 015C,Investigation complete; no suspect identified
dea2b79402a494f9cd6fea65cc669a5b34e98229d87fa8e4a04bd0e57a843d7b,2018-12,Essex Police,Essex Police,0.253646,51.501148,On or near DAVIS ROAD,E01015923,Thurrock 008B,Unable to prosecute suspect
8649161208ee6c44a8e481fdc723d3e849a1590e8ed0600b0ae4c745225e3178,2018-12,Essex Police,Essex Police,1.217428,51.930417,On or near ORCHARD CLOSE,E01022028,Tendring 004F,Unable to prosecute suspect
5dfa3e657f8deaf0d76ca01c1eb30a121358111c9e3b308f63463381b6ed92c3,2018-12,Essex Police,Essex Police,0.508058,51.570410,On or near PEVENSEY WAY,E01021316,Basildon 018D,Unable to prosecute suspect
66c8db7578f27338d80f6ba58a959fefe0f21a48cc4d90ffff03d34cb7c0db57,2018-12,Essex Police,Essex Police,0.780740,51.539296,On or near Supermarket,E01015882,Southend-on-Sea 013G,Unable to prosecute suspect
95c4f76b2be30282eebfcd2af957274a4b68861b5c051931cdffb3487195f49b,2018-12,Essex Police,Essex Police,0.595645,51.561823,On or near WOODBURN CLOSE,E01021529,Castle Point 006D,Unable to prosecute suspect
0953c773bd102eb8794a226918a2852af12ee8e8b17be3e4254e3036d7e1a56e,2018-12,Essex Police,Essex Police,0.442421,51.588118,On or near CROUCH STREET,E01021261,Basildon 010A,Investigation complete; no suspect identified
19a0ea5e93d487cb847c437f91f2e80593fc1618c81296f06b43d0d759ce9efd,2018-12,Essex Police,Essex Police,0.784760,51.882720,On or near NORTH LANE,E01021678,Colchester 010E,Investigation complete; no suspect identified
afc747a93f6e8630dc53025ce9bae6494cd757edb30053cf64280cece01a4825,2018-12,Essex Police,Essex Police,0.343358,51.645931,On or near A1023,E01021467,Brentwood 005F,Investigation complete; no suspect identified
92f59b0222527c02ef8f59581567b630bb8362e54d1467e80ae09d3db51c0a55,2018-12,Essex Police,Essex Police,0.550809,51.893459,On or near CLAVERING ROAD,E01021354,Braintree 008A,Investigation complete; no suspect identified
c5759b9f1afb711668891baf2a5c3299972a744ab73978a48e38272e3e0e729f,2018-12,Essex Police,Essex Police,0.472659,51.729252,On or near ORCHARD STREET,E01033140,Chelmsford 010F,Unable to prosecute suspect
02f3e5a33098856a5ee88da89564bfb2f86e13de3f470764f2d2c97ad465a572,2018-12,Essex Police,Essex Police,0.513378,51.715852,On or near NEWPORT CLOSE,E01021561,Chelmsford 013C,Investigation complete; no suspect identified
cbd500796a679fed850b9e115f10f7adacfcbbe16a5cce201510787c195d72de,2018-12,Essex Police,Essex Police,1.165312,51.793915,On or near VICTORIA ROAD,E01022048,Tendring 014C,Investigation complete; no suspect identified
6bab600d5d78bb9cd3780f53d593222f5a96ff20d5a30daf3215c1d57fd0bbc7,2018-12,Essex Police,Essex Police,0.925907,51.888430,On or near HAYWARD COURT,E01021706,Colchester 022H,Investigation complete; no suspect identified
a7f798168d4a5e7fe31ade862cc708a3141debcd124002fe6ce1e46274d28623,2018-12,Essex Police,Essex Police,0.480675,51.564454,On or near PITSEAVILLE GROVE,E01021324,Basildon 019C,Investigation complete; no suspect identified
838079cd0f89a9e74794141e80191f09258d1ce316f2aa6a52b57fbcfd6ea259,2018-12,Essex Police,Essex Police,0.685274,51.872740,On or near STONEHAM STREET,E01021378,Braintree 014B,Unable to prosecute suspect
bca36ea08bff2a10112773893dc29077465c2a0cbd4930a1a100063bcd31e706,2018-12,Essex Police,Essex Police,0.200403,51.901677,On or near Parking Area,E01022083,Uttlesford 005C,Unable to prosecute suspect
0083e86dbaf799ded5d0d09f2c1bbeb328ef03b222e14552201baf7c642d99d0,2018-12,Essex Police,Essex Police,1.140092,51.830470,On or near THE STREET,E01022017,Tendring 007D,Investigation complete; no suspect identified
915e00761ed2c1b54c86ee0cd62ea3fd5fa91b5efcd1dfa1ed3bb1b5d0303340,2018-12,Essex Police,Essex Police,0.713475,51.842828,On or near SPA ROAD,E01021403,Braintree 014F,Investigation complete; no suspect identified
fb3e9f136cb031e29b80a8e125e5d52f51b7742c843a5e9d244db48168d05351,2018-12,Essex Police,Essex Police,0.882940,51.862493,On or near ST CATHERINES CLOSE,E01033723,Colchester 015G,Investigation complete; no suspect identified
a49c9af0cd450f804be456df987be62a48d316e38e65cac9b496d0a62d20d178,2018-12,Essex Police,Essex Police,0.452418,51.748859,On or near Supermarket,E01021596,Chelmsford 006E,Investigation complete; no suspect identified
1c0c52a071e05dddf9712242d1a6bd727c6b8cde142a821044b942faebcd689c,2018-12,Essex Police,Essex Police,0.546084,51.887023,On or near WINGATE CLOSE,E01021359,Braintree 008D,Investigation complete; no suspect identified
9f09bf34d35b6eff4361785e7ad2b4e515bc17c738b5703327aae66749b0ab12,2018-12,Essex Police,Essex Police,0.472694,51.725915,On or near BOUVERIE ROAD,E01021579,Chelmsford 012C,Investigation complete; no suspect identified
0a1214c610b1f931eedde278cecb20091e4803dfe9611369dd41f568f6b52817,2018-12,Essex Police,Essex Police,0.261741,51.889938,On or near Airport/Airfield,E01022090,Uttlesford 006B,Local resolution
a911993861da19ed63f7aed0a98203e6a54169802d8b6d03b7f3590b1d1abdd7,2018-12,Essex Police,Essex Police,0.276223,51.506881,On or near FOYLE DRIVE,E01015928,Thurrock 007B,Investigation complete; no suspect identified
0ecd35069d5aaa26460d6b78b6fd776a7b1a42539724a4dd9d9c35699b68e585,2018-12,Essex Police,Essex Police,0.195381,51.905116,On or near CLARENCE ROAD,E01022084,Uttlesford 005D,Investigation complete; no suspect identified
cadf12ea29e0a6ebc26310e6c98f70131bdafe5bdbb858ccd1f0d23ff95f6eed,2018-12,Essex Police,Essex Police,0.423310,51.583298,On or near VICTORIA CRESCENT,E01021274,Basildon 010D,Investigation complete; no suspect identified
7ba3c9f1c217aa12550cde6f1590003d09fd2a686b7b2b08d8cd54d743f8a256,2018-12,Essex Police,Essex Police,0.674824,51.570278,On or near WESTERN APPROACHES,E01015863,Southend-on-Sea 002A,Unable to prosecute suspect
13f19619b24595fc7e64d66460b0cf1d9a7e651bc18511fe5190bb166c2846c5,2018-12,Essex Police,Essex Police,0.405073,51.571182,On or near ROWENHALL,E01021277,Basildon 014D,Unable to prosecute suspect
3e363aba10cffad663796ce5bd5a3a9f166a6345723791136de02ba503a950c8,2018-12,Essex Police,Essex Police,1.155579,51.802416,On or near WINDMILL PARK,E01022043,Tendring 014B,Investigation complete; no suspect identified
689099c8dcf380048e2617a982b206d8b5b16b5e60e7221dbb8187b35dbd7ec5,2018-12,Essex Police,Essex Police,0.674824,51.570278,On or near WESTERN APPROACHES,E01015863,Southend-on-Sea 002A,Unable to prosecute suspect
62e02a11bec702518cc1eee692af3bc6457d11eb17e0bb5b3c11c6f59f52da95,2018-12,Essex Police,Essex Police,1.178854,51.797543,On or near LYNDHURST ROAD,E01022034,Tendring 012C,Investigation complete; no suspect identified
8965ab1cd0aa5d83944ad376a336f802159c1559fa50e1c367dfe21294d042a6,2018-12,Essex Police,Essex Police,0.459544,51.585458,On or near Park/Open Space,E01021268,Basildon 015B,Investigation complete; no suspect identified
23bd8589b87d4f3ebb011c37affd87ac2f3070988d49701d1907db48a40a5f9b,2018-12,Essex Police,Essex Police,0.681932,51.647083,On or near STRATHMORE ROAD,E01021902,Maldon 007F,Investigation complete; no suspect identified
8128aab24fb234829f499242a46c79b0caa8c7641b3dd59223fdb2abdd93e5dc,2018-12,Essex Police,Essex Police,0.067105,51.766745,On or near CAWLEY HATCH,E01021840,Harlow 004B,Investigation complete; no suspect identified
3396891bd5da7f67de8d8bcf942ceff72ea7016eb95b3657b2cb55fb911fe565,2018-12,Essex Police,Essex Police,0.737918,51.551510,On or near LLOYD WISE CLOSE,E01015886,Southend-on-Sea 009D,Investigation complete; no suspect identified
cd0b0cf4f5af6a07345dbef4a8512cf8f46cbe747efa85c09f7dd2dc6b7fcb70,2018-12,Essex Police,Essex Police,0.561195,51.879042,On or near ALBERT ROAD,E01033459,Braintree 009F,Suspect charged
b6cf2776cb3c690978c070992c78f0d8aef4b6f305e3c73917b13be04f26f26e,2018-12,Essex Police,Essex Police,0.830302,51.662198,On or near STATION ROAD,E01021906,Maldon 006D,Investigation complete; no suspect identified
23533bd7ad4e71d7a866150f8d90dafbd8efca25d177c4ab6579fc39baf0da91,2018-12,Essex Police,Essex Police,0.907073,51.877224,On or near DUDLEY CLOSE,E01021642,Colchester 018F,Unable to prosecute suspect
5f22fface6293427d4795b5717127a0d3f6fc09d70c233032809270dcafe30c3,2018-12,Essex Police,Essex Police,0.092379,51.613605,On or near MANOR ROAD,E01021765,Epping Forest 017B,Unable to prosecute suspect
965d4ae4d2e2529d476e254db4140e66dcc0d398dea749ba6d7883d94f4795ba,2018-12,Essex Police,Essex Police,0.674824,51.570278,On or near WESTERN APPROACHES,E01015863,Southend-on-Sea 002A,Unable to prosecute suspect
3ac5b496114129274331d26643f2046f4e58c8cbf37c5c52e784ad2fdc6fcd65,2018-12,Essex Police,Essex Police,0.476919,51.574723,On or near SAFFRON DRIVE,E01021265,Basildon 012A,Investigation complete; no suspect identified
7e8d703501a19c9bac9483cfef258f8ecc43b77430f41cb2022a85755fcd32a6,2018-12,Essex Police,Essex Police,0.689533,51.547593,On or near WESTCLIFF PARK DRIVE,E01015904,Southend-on-Sea 007D,Investigation complete; no suspect identified
52cbc1e762e584511de9bc0d636f61302b4dd0c649eb32baa8bcf3dd34aa1078,2018-12,Essex Police,Essex Police,0.092379,51.613605,On or near MANOR ROAD,E01021765,Epping Forest 017B,Unable to prosecute suspect
3fe5d2d42ceb635d142382d12f329c899cac86024cb32cf48dc76df4d44e5bf7,2018-12,Essex Police,Essex Police,0.681250,51.729047,On or near AMERICA STREET,E01021890,Maldon 004B,Investigation complete; no suspect identified
c562ffa32a569dad15e2d4a008b69dd57519b8e464de9304e9dbe5cafea79431,2018-12,Essex Police,Essex Police,0.461625,51.576151,On or near BUTNEYS,E01021319,Basildon 017E,Unable to prosecute suspect
45e848bf249f35813e7837191de5a3da3f445bacf25c931a573014641e3da723,2018-12,Essex Police,Essex Police,0.882940,51.862493,On or near ST CATHERINES CLOSE,E01033723,Colchester 015G,Investigation complete; no suspect identified
6e07e86a118db4d080f9233f3fb8ce53c3691cc666108ea109446daabf5f9f6c,2018-12,Essex Police,Essex Police,0.359888,51.461043,On or near BERMUDA ROAD,E01016003,Thurrock 018A,Investigation complete; no suspect identified
cd042b282b50853eebac72af08af39a751d4e528488f9497b947d5e729ef52d3,2018-12,Essex Police,Essex Police,0.298968,51.630522,On or near RUSHDENE ROAD,E01021431,Brentwood 004A,Investigation complete; no suspect identified
e73fe7e1fb056b708ef582ef0f707bc5709e7beed0ddcf84af546e02f6039fa0,2018-12,Essex Police,Essex Police,0.327036,51.475783,On or near THE RETREAT,E01015952,Thurrock 017B,Investigation complete; no suspect identified
797bfa80ade17edb5392346f4d473b4b44e4e291ddafa19320f51071332fd84c,2018-12,Essex Police,Essex Police,0.676388,51.718078,On or near RANDOLPH CLOSE,E01021897,Maldon 005E,Investigation complete; no suspect identified
9c1c4cecd0c69e2f043b1215d4f7f2f62e62f715a69695d528d18381657c13fb,2018-12,Essex Police,Essex Police,0.727549,51.532757,On or near BERESFORD ROAD,E01015841,Southend-on-Sea 014C,Unable to prosecute suspect
089592473fafaf8e3aa872b3eca7299914d8a5af514c80d3740d8a562b78fe88,2018-12,Essex Police,Essex Police,1.147433,51.789620,On or near Supermarket,E01022038,Tendring 017E,Investigation complete; no suspect identified
b53586f8797e07e0b90a94bdd38df5b3524438a75e4e5714940bb25173da92f0,2018-12,Essex Police,Essex Police,0.092379,51.613605,On or near MANOR ROAD,E01021765,Epping Forest 017B,Unable to prosecute suspect
93c10f94ddd5870cc3eefd35b1e6613da8f406fcf4828bd1f50abce60ead0d14,2018-12,Essex Police,Essex Police,0.705700,51.582035,On or near BACK LANE,E01021955,Rochford 004D,Investigation complete; no suspect identified
138de7e02870caf866849a8909380ce02f4ea77fc52fb73bf2d200b733c18e9a,2018-12,Essex Police,Essex Police,0.456959,51.570727,On or near Shopping Area,E01021318,Basildon 015C,Investigation complete; no suspect identified
7948dff90275fce46e7052a32de3bdac145983a6112cd9e8c872eca59eacb5fa,2018-12,Essex Police,Essex Police,0.506661,51.567571,On or near GIFFORD GREEN,E01021316,Basildon 018D,Action to be taken by another organisation
cf28de0c3c092ffa98a4f3906478ea26c92f644a301b99ed98349dd854345e3a,2018-12,Essex Police,Essex Police,0.489170,51.721628,On or near Petrol Station,E01021564,Chelmsford 013D,Suspect charged
97cc44cb4fc1da873ce89cffec4acedf58b2478df88839120b5e5420c7f0c9f3,2018-12,Essex Police,Essex Police,1.188251,51.803665,On or near PRINCES ROAD,E01022035,Tendring 012D,Investigation complete; no suspect identified
7bd2a350f564d1260704fd6de261303d94cc37abde0afaa57aa452436070a5f4,2018-12,Essex Police,Essex Police,0.610543,51.642244,On or near VICTORIA ROAD,E01021615,Chelmsford 019E,Unable to prosecute suspect
d71bf5b9aa0b1e1b8b738e37e7b586315b17951abf70693030a97bb043a89351,2018-12,Essex Police,Essex Police,0.563401,51.550876,On or near BOYCE GREEN,E01021483,Castle Point 004C,Offender given a caution
19e74967bd703fc632aa429fe8e18a0df84e6d839170bbd597e7ae2e34d30eb3,2018-12,Essex Police,Essex Police,0.918229,51.917293,On or near PURVIS WAY,E01033720,Colchester 002F,Unable to prosecute suspect
bac2263051a9962d674c402f2f30e73c1e7342bcad85cfece2ee1606c1a025fa,2018-12,Essex Police,Essex Police,0.567737,51.526166,On or near SIXTH AVENUE,E01021507,Castle Point 010E,Investigation complete; no suspect identified
9e5af1e46fb81c6ff07fcff94270599eb231eff0b770e07fa9d2bb9d83cd2e53,2018-12,Essex Police,Essex Police,0.928291,51.879728,On or near KING EDWARD QUAY,E01021685,Colchester 011C,Unable to prosecute suspect
4bfaaa45650abddfc0f2b7a01be96bb61f3681e29cb511976938135b276c3dbc,2018-12,Essex Police,Essex Police,0.343423,51.625327,On or near HANGING HILL LANE,E01021447,Brentwood 005A,Investigation complete; no suspect identified
b35c231c01bf6b0dab81d4edac8cb9de439d26d0ced92d0b408d8c8233f4cf9f,2018-12,Essex Police,Essex Police,0.367194,51.509288,On or near SCHOOL LANE,E01015977,Thurrock 004A,Investigation complete; no suspect identified
3562e219d6d5df6e714143c7c6a41e2fc6c1d938004655c53cca810dca313621,2018-12,Essex Police,Essex Police,0.286071,51.635549,On or near LARCHWOOD GARDENS,E01021464,Brentwood 004E,Unable to prosecute suspect
a73de5265976b53646ac6f63be765e558b32e35d5c53147ac04a9a1224a21421,2018-12,Essex Police,Essex Police,0.461204,51.563561,On or near CODENHAM STRAIGHT,E01021296,Basildon 020C,Unable to prosecute suspect
10618dfa13d60e04a299b6a2c61c7e38f10ad91b29a13f304051f50af8cdcb4d,2018-12,Essex Police,Essex Police,0.035382,51.631666,On or near HAWSTED,E01021746,Epping Forest 015E,Investigation complete; no suspect identified
74fae36db807b558cd50931606345df320bb60b6a1eb4466e1d64002421e2c2c,2018-12,Essex Police,Essex Police,0.359888,51.461043,On or near BERMUDA ROAD,E01016003,Thurrock 018A,Investigation complete; no suspect identified
428b5712533df9a28e1ea305e9c221b04a40922f81e2f4973f46a6579b3141dc,2018-12,Essex Police,Essex Police,0.471233,51.721432,On or near PRINCES ROAD,E01021580,Chelmsford 012D,Investigation complete; no suspect identified
2e00a170f1d12b9db66794eebb12f05e742b9bbe23ccee5290e2e1186e113786,2018-12,Essex Police,Essex Police,0.291839,51.517701,On or near MAYFLOWER CLOSE,E01015975,Thurrock 006F,Suspect charged
cc78b73315d32df458982f963893ef6377d0b376cf08d6a8a6403e2d7b703281,2018-12,Essex Police,Essex Police,0.717736,51.534325,On or near HERBERT GROVE,E01015852,Southend-on-Sea 015B,Investigation complete; no suspect identified
ec016db9ee5dac55b00fd24514c5f494bada1fa4f02345badca098ff85ba9fa4,2018-12,Essex Police,Essex Police,0.117502,51.768690,On or near QUARRY SPRING,E01021846,Harlow 002C,Unable to prosecute suspect
a322c5be8a2534772a23829a61f37370947a2182c673f1e2329232271fbf8bd6,2018-12,Essex Police,Essex Police,0.122640,51.772536,On or near LADYSHOT,E01021847,Harlow 002D,Investigation complete; no suspect identified
fb4e63b33713bccb50e6818722a82d798c27a0e803ddc821cd6e8a9779eb981f,2018-12,Essex Police,Essex Police,0.291839,51.517701,On or near MAYFLOWER CLOSE,E01015975,Thurrock 006F,Suspect charged
725003fd4725d34246f885d747b75bd93e0a5e530c9d32772a82eea18490e59c,2018-12,Essex Police,Essex Police,0.667012,51.548269,On or near BIRCHWOOD DRIVE,E01015821,Southend-on-Sea 005B,Investigation complete; no suspect identified
28e6597fad66b2ecf2b44e7420f90decfcfb6a066f9662e15b7df03afbc53ab5,2018-12,Essex Police,Essex Police,0.561195,51.879042,On or near ALBERT ROAD,E01033459,Braintree 009F,Suspect charged
46a856300686f5eb1f62d8bf9561db69952789c77ffb9494e924578afe311dca,2018-12,Essex Police,Essex Police,0.421799,51.561395,On or near Pedestrian Subway,E01021283,Basildon 021D,Action to be taken by another organisation
2e0f9138cdec5043fe2da3d949f5f8e1205f15fd01f5f24084b72d6a3565bbbc,2018-12,Essex Police,Essex Police,0.291839,51.517701,On or near MAYFLOWER CLOSE,E01015975,Thurrock 006F,Suspect charged
9057edda8a19d76dce404909580f3c5fb40d7220ebeeeeb7a375e702043e8cc1,2018-12,Essex Police,Essex Police,0.291839,51.517701,On or near MAYFLOWER CLOSE,E01015975,Thurrock 006F,Suspect charged
95bba201bc9ba9fd7ef74daa3fc0b33fbdf212da4b8cdab30d51a643cac3294c,2018-12,Essex Police,Essex Police,0.915893,51.887537,On or near Pedestrian Subway,E01021648,Colchester 007C,Investigation complete; no suspect identified
fc72b91195405c94daec7e9c03ddc5adbbfe17cd282cd7bb8067f0838d6fbd18,2018-12,Essex Police,Essex Police,0.526381,51.606215,On or near INGRAVE CLOSE,E01021346,Basildon 008E,Investigation complete; no suspect identified
19482900fcac7f47fed4f411a0c822f9061fc724c6adb1b17c2ce4f0b2aa63a9,2018-12,Essex Police,Essex Police,0.672310,51.564814,On or near BRENDON WAY,E01015864,Southend-on-Sea 002B,Unable to prosecute suspect
77410b63056df4133ac1bced631385d114f96f7d1972a82179dd4639a293896d,2018-12,Essex Police,Essex Police,0.517024,51.581451,On or near CAMELOT GARDENS,E01021309,Basildon 011E,Unable to prosecute suspect
6eddde83600914c87aef7e594fcf287116802e406c361c75de764bdf5ab405b0,2018-12,Essex Police,Essex Police,0.713520,51.542966,On or near MILTON STREET,E01015898,Southend-on-Sea 010D,Investigation complete; no suspect identified
c4b01be9da95bc3a9ccf1962efd373f7373075e8954cd9d644744e2306e9f2e2,2018-12,Essex Police,Essex Police,1.262733,51.929403,On or near HALL LANE,E01022006,Tendring 002C,Investigation complete; no suspect identified
a0fdac3d1bbc1166d336d81079fefd7f33ebe688e461ece4a292f0e1fdf60c1e,2018-12,Essex Police,Essex Police,0.928291,51.879728,On or near KING EDWARD QUAY,E01021685,Colchester 011C,Unable to prosecute suspect
9d06b5369bd7cdb7aa0c21842b65e27a59829185d3578ece85594c1226d0ca8c,2018-12,Essex Police,Essex Police,0.509301,51.582758,On or near HAWBUSH GREEN,E01021308,Basildon 011D,Investigation complete; no suspect identified
609813cccb7253dbd6bc42b8638a220a40387d4cd1303d8a2f42fcc7f3f65218,2018-12,Essex Police,Essex Police,0.011028,51.683145,On or near ROUNDHILLS,E01021808,Epping Forest 008B,Unable to prosecute suspect
685afd7ac0e0464a294146015d7f744c2958e918bef0030087f59eeee7818ba9,2018-12,Essex Police,Essex Police,0.526381,51.606215,On or near INGRAVE CLOSE,E01021346,Basildon 008E,Investigation complete; no suspect identified
8ee415978ee127974b110394e47472c4b918e496df4339775fdfed8563e1479a,2018-12,Essex Police,Essex Police,0.760241,51.877452,On or near COGGESHALL ROAD,E01021677,Colchester 010D,Investigation complete; no suspect identified
1a60cbf1be58e00118d123f702a6035b6964ebbfab0e47fd8242c309264bb603,2018-12,Essex Police,Essex Police,0.651700,51.542681,On or near RECTORY GROVE,E01015848,Southend-on-Sea 011D,Investigation complete; no suspect identified
2f751e543a8a912adcbe2e6afb4291ccc166cc8b59fa671fa3cdc37905807413,2018-12,Essex Police,Essex Police,0.483727,51.559560,On or near STURROCKS,E01021325,Basildon 019D,Investigation complete; no suspect identified
5a13614be15f9c080428fd33511ebe7fd6ffd659c0db6666021d7cd6d29256c6,2018-12,Essex Police,Essex Police,0.117502,51.768690,On or near QUARRY SPRING,E01021846,Harlow 002C,Unable to prosecute suspect
ad6227c19af5800193968b09f377c128dee147aaf6a4ff11b684c1022fa493d2,2018-12,Essex Police,Essex Police,0.895674,51.887964,On or near CHURCH WALK,E01021649,Colchester 007D,Investigation complete; no suspect identified
bbe45ba2323130a4a1bbf28fb19d260316c967101c8bd81775ea2b60189fc691,2018-12,Essex Police,Essex Police,0.494995,51.733016,On or near Shopping Area,E01021547,Chelmsford 008D,Unable to prosecute suspect
f9b8f13c95b89910e1a46c0a7db8661b3f891e94d6b38bd8243bd732c2cbccf0,2018-12,Essex Police,Essex Police,1.159236,51.793926,On or near SKELMERSDALE ROAD,E01022049,Tendring 014D,Unable to prosecute suspect
0679bb0f5e4e8808e177d0696c6e84e7d4eb6d5c429e355f6ca9df4fb137aa49,2018-12,Essex Police,Essex Police,0.278766,51.472649,On or near GARDNER'S WAY,E01016012,Thurrock 015C,Investigation complete; no suspect identified
b9d7cd5bc8cc3dbed5ed944f92a5367a20730bd0da9071e41f56a13c119afce1,2018-12,Essex Police,Essex Police,0.559088,51.522084,On or near CHARFLEETS SERVICE ROAD,E01021503,Castle Point 010D,Investigation complete; no suspect identified
2d3e7f9d599134928446919cc3dcfbfc0beb7838fd96dd1bfc4d5a4e974bd7df,2018-12,Essex Police,Essex Police,0.414888,51.618842,On or near QUILTERS DRIVE,E01021255,Basildon 004C,Investigation complete; no suspect identified
7d93e766500805ba8c880c60a02ce4ce0417f6d6b5c64a1b34ab58e53756fb2f,2018-12,Essex Police,Essex Police,1.142533,51.802370,On or near EDGWARE ROAD,E01022022,Tendring 013D,Unable to prosecute suspect
3da4520f4a1e23a3e6822e3395957d7eff4871f18ce0dae7686fbf919b9fc428,2018-12,Essex Police,Essex Police,0.460283,51.572942,On or near AUDLEY WAY,E01021318,Basildon 015C,Investigation complete; no suspect identified
06e82da3688bbc63914e034fc389a4ea0e90cce8f9eb27a253933cba27de0a03,2018-12,Essex Police,Essex Police,0.569481,51.544844,On or near EASTLEIGH ROAD,E01021480,Castle Point 007A,Investigation complete; no suspect identified
40361e3dfff457a449cf973eed990bb09c36044bea10a6e2f70cfb9dc05b1a6b,2018-12,Essex Police,Essex Police,0.363628,51.464043,On or near CHRISTCHURCH ROAD,E01016010,Thurrock 018H,Unable to prosecute suspect
350d7d4fa40233619a2715951d0328a3e6fe3461fd7865989c7af41dca886ce3,2018-12,Essex Police,Essex Police,0.094133,51.767643,On or near Shopping Area,E01021872,Harlow 007E,Unable to prosecute suspect
16a44e263979a6ec5757eebd2fa3e8780ab7592677f55108d56efced46eb9952,2018-12,Essex Police,Essex Police,0.406531,51.633987,On or near EARL MOUNTBATTEN WAY,E01021246,Basildon 002B,Investigation complete; no suspect identified
99a2bddda88ae8e92241a0179cc0a02a6bb6aad597a665dd1e9e51bd73bdcf93,2018-12,Essex Police,Essex Police,0.899288,51.889233,On or near Shopping Area,E01021649,Colchester 007D,Investigation complete; no suspect identified
53f288c82e9438ef33dbd5daefa39d7c997384e11b8138fb46e57ecb01c56c3b,2018-12,Essex Police,Essex Police,0.369722,51.466897,On or near FEENAN HIGHWAY,E01016007,Thurrock 018E,Unable to prosecute suspect
10af478ea98f308c686cfe9fead958c46a6c77d04e007ce63e07bc2e1a46fcb3,2018-12,Essex Police,Essex Police,0.900109,51.953859,On or near Park/Open Space,E01021659,Colchester 001C,Investigation complete; no suspect identified
d2db82c9a2e3bb1fc569e000ef792d5c4a627c1b00495e08f788e640e5865dc3,2018-12,Essex Police,Essex Police,0.502915,51.565583,On or near BURNS AVENUE,E01021316,Basildon 018D,Investigation complete; no suspect identified
0cde7c1609a6600225683c840bdc4f93125cac74242bacd0a76401b4e864ab14,2018-12,Essex Police,Essex Police,1.247783,51.930698,On or near ROWLAND'S YARD,E01033051,Tendring 002F,Unable to prosecute suspect
90a985195cc947bbe17bd5cfae54fb7e8ce2aefe62060d0bee01aa2314001d78,2018-12,Essex Police,Essex Police,0.094481,51.770766,On or near EAST GATE,E01021872,Harlow 007E,Investigation complete; no suspect identified
1013ca70466d67af1a77773561443e0926ed79377d0cfa9f6d0a2e7c71c88667,2018-12,Essex Police,Essex Police,0.369722,51.466897,On or near FEENAN HIGHWAY,E01016007,Thurrock 018E,Unable to prosecute suspect
2c914fb2c3a4972fe122b4454c050ccd881882cd455b6da8b6129231127af278,2018-12,Essex Police,Essex Police,0.318857,51.630356,On or near LEWIS CLOSE,E01021465,Brentwood 005D,Investigation complete; no suspect identified
f04b75be86d26f4fc04696b6f6fabdfecafb8cc0f6541125a99defdf842a627d,2018-12,Essex Police,Essex Police,0.554248,51.893618,On or near CHURCH LANE,E01021356,Braintree 007E,Investigation complete; no suspect identified
5d29913ae0b2979405ba2f9334861f85391d4d8ce511ccf87ee26fee5bba5822,2018-12,Essex Police,Essex Police,1.185299,51.804177,On or near FRINTON ROAD,E01022035,Tendring 012D,Investigation complete; no suspect identified
b0af3e9ea0f01936fe97b55f29ec99e4fbeaa5b07d9c2add5e620186e8bc8edc,2018-12,Essex Police,Essex Police,0.324019,51.478460,On or near Theatre/Concert Hall,E01015956,Thurrock 016B,Unable to prosecute suspect
22d02ec0768f1ce85456935af449fd022c2734acd51d806a17d902a1323d92c0,2018-12,Essex Police,Essex Police,1.273012,51.849338,On or near Parking Area,E01022056,Tendring 006E,Local resolution
baba1359e2884c02d41d8bba151ccce6b636d925260ee14447b8a8ea30ebccdc,2018-12,Essex Police,Essex Police,0.302207,51.620297,On or near HIGH STREET,E01021433,Brentwood 007A,Unable to prosecute suspect
1922077186bfcf04b82ac34c633bd7cf509d800b019ccb358bd0d9b27a6ce8ee,2018-12,Essex Police,Essex Police,1.245567,51.838694,On or near BLOOM CLOSE,E01021994,Tendring 008B,Action to be taken by another organisation
0f85d9c899a872c5ba444fd081f33c11b8eb14dc1c2a722963d030fa98950eb5,2018-12,Essex Police,Essex Police,1.167645,51.819108,On or near Shopping Area,E01021984,Tendring 010A,Investigation complete; no suspect identified
a4b3d60ff75251dc5b1ef2a7ae1cfccac18a07853410316badcd7b31d8d2d092,2018-12,Essex Police,Essex Police,0.572469,51.528788,On or near CENTRAL AVENUE,E01021505,Castle Point 008D,Investigation complete; no suspect identified
73e6c4ee298db8810c71e5cee42bee422cbf3ab96c6d936ce4770b5c5c6d3d9b,2018-12,Essex Police,Essex Police,0.357564,51.468186,On or near Sports/Recreation Area,E01016007,Thurrock 018E,Local resolution
b633808db6e67c2126e4c4bcfa8fed8fab26393e587eb140ca20928acd0ade65,2018-12,Essex Police,Essex Police,0.886172,51.881435,On or near CONSTANTINE ROAD,E01021653,Colchester 013C,Investigation complete; no suspect identified
bf04892e45cc8678c65dce83445579856850eb82a21e57b0197bf36ff6f833c1,2018-12,Essex Police,Essex Police,0.452281,51.571751,On or near Park/Open Space,E01021319,Basildon 017E,Investigation complete; no suspect identified
b13099470ad8dcf01a3f612c8cf211e6504e3ecafe449f868ff8b6b749cb1c4b,2018-12,Essex Police,Essex Police,0.504052,51.566305,On or near Supermarket,E01021316,Basildon 018D,Investigation complete; no suspect identified
87d27a9f55231ccdb2b17bf1f7cef16fc17621bad2af6cc04b3d4cf2ed1cc308,2018-12,Essex Police,Essex Police,0.910977,51.896931,On or near MEANDER MEWS,E01021647,Colchester 007B,Unable to prosecute suspect
5b01bfcfbb4e6f67038bd0aa58df7b3345f2e85198fe78f362d67e92400d4e72,2018-12,Essex Police,Essex Police,0.587728,51.717727,On or near BELVEDERE CLOSE,E01021572,Chelmsford 016E,Investigation complete; no suspect identified
755dc0b93541acf64d8f7e142c03fcadfcc06b9b1f44f46b0c08851fb341e276,2018-12,Essex Police,Essex Police,0.195589,52.059438,On or near ASH GREEN,E01022094,Uttlesford 001D,Investigation complete; no suspect identified
a145024f9963fce3b60f0976b4b99d92280b451caf20c39362bb3391a4d55f53,2018-12,Essex Police,Essex Police,1.125924,51.798208,On or near MENDLESHAM CLOSE,E01022031,Tendring 015D,Suspect charged
413a13d60eafe157688787b9770fe6e1c788cc60136e3db79f966220c919f594,2018-12,Essex Police,Essex Police,0.740635,51.534547,On or near LIFSTAN WAY,E01015894,Southend-on-Sea 016F,Investigation complete; no suspect identified
21b028d2776863d175d18026c2b90e44133656c6df5213a280612492efd28a2c,2018-12,Essex Police,Essex Police,0.886172,51.881435,On or near CONSTANTINE ROAD,E01021653,Colchester 013C,Unable to prosecute suspect
f123b1bcefa9c287c7b7b1b0d4fcad4153836498b190f9203ad251072545accf,2018-12,Essex Police,Essex Police,0.903419,51.887036,On or near ST BOTOLPH'S STREET,E01021649,Colchester 007D,Investigation complete; no suspect identified
674421549b3f8daf863c3fd8e7507746af09b425bd9a91a68537ee96e79fb9ed,2018-12,Essex Police,Essex Police,0.428538,51.732052,On or near BRUCE ROAD,E01021633,Chelmsford 011C,Investigation complete; no suspect identified
c8f98ddb9b0dc9eed4e0829fa6553bb2a4924b3569c8214c3e4d0046bff13e0d,2018-12,Essex Police,Essex Police,0.423863,51.583655,On or near Petrol Station,E01021274,Basildon 010D,Investigation complete; no suspect identified
f43c421617605291726152b27d00eaa4091970765b28cc9a98de2c656cc8fe48,2018-12,Essex Police,Essex Police,0.489980,51.579996,On or near SOUTHCOTE CRESCENT,E01021269,Basildon 012C,Investigation complete; no suspect identified
61b9a6cf26d018d22189c29caccf61f0d70153c5d7c153a93df39490c16f0ed8,2018-12,Essex Police,Essex Police,0.541117,51.880638,On or near MALYON CLOSE,E01021365,Braintree 009D,Unable to prosecute suspect
7bdd4f734069e5a68fed339fa67669ea5e2929e7adda26323dd4476e064fb851,2018-12,Essex Police,Essex Police,0.639707,51.799461,On or near Newland Street,E01021416,Braintree 017B,Investigation complete; no suspect identified
9a4edd6d2ce64a60c148410a9f5e48f3da899863f30bfe977daadb48c4fd12a7,2018-12,Essex Police,Essex Police,0.899183,51.910173,On or near Hospital,E01021682,Colchester 004D,Investigation complete; no suspect identified
4650119dff854c97391e03dc4f41a1a6cc538ccd6c86dceaf94a5d9e7f7edf7c,2018-12,Essex Police,Essex Police,0.474190,51.732359,On or near Shopping Area,E01033140,Chelmsford 010F,Investigation complete; no suspect identified
091021919442dbc415901ade3e798e9197c6695786aff39715b7a57b3472bf9b,2018-12,Essex Police,Essex Police,0.682681,51.730948,On or near QUEST PLACE,E01021890,Maldon 004B,Investigation complete; no suspect identified
aaff0f885488d33e1b558a453b73598c944e62d015705824dc83ea9c09146d3f,2018-12,Essex Police,Essex Police,0.057030,51.649274,On or near HIGH ROAD,E01021791,Epping Forest 012F,Unable to prosecute suspect
6708d946dae9841c140cf30e4e14d04943261f70fd335662954a8408548ed62a,2018-12,Essex Police,Essex Police,0.541117,51.880638,On or near MALYON CLOSE,E01021365,Braintree 009D,Unable to prosecute suspect
4692e116ee51bab03c851c49169ae7b8a61600968f35d55cb5f7e8ebf6f3de1d,2018-12,Essex Police,Essex Police,0.691853,51.607131,On or near Sports/Recreation Area,E01021914,Rochford 002A,Unable to prosecute suspect
d613753c5aa8ef2ae2f442d3f1adf9d3f04b96b67def9c13769d52fd52a24208,2018-12,Essex Police,Essex Police,0.483487,51.566284,On or near Parking Area,E01021327,Basildon 019E,Investigation complete; no suspect identified
5ac2b0c244337a919e449b9b674110db1e9ba58be2158c3a70a2f9f27cb75cd3,2018-12,Essex Police,Essex Police,0.367971,51.867111,On or near CHELMSFORD ROAD,E01022067,Uttlesford 007B,Investigation complete; no suspect identified
dbd3e320a30c99568fdae69459dd216002d25e8c5e59b5ad89dc9973f884d40b,2018-12,Essex Police,Essex Police,0.542834,51.759068,On or near JUNIPER ROAD,E01021537,Chelmsford 005B,Unable to prosecute suspect
8e2b11fbd3f3d52d57f72b060db94ca5ac412471d0c85682ad3a628c898ffa8a,2018-12,Essex Police,Essex Police,0.891545,51.913059,On or near Supermarket,E01021680,Colchester 004B,Unable to prosecute suspect
659ccb9405fdd8c3df4cbca4139319b0f2a5b6c560462905e9b83ebf275ab31e,2018-12,Essex Police,Essex Police,0.080081,51.774718,On or near Supermarket,E01021840,Harlow 004B,Investigation complete; no suspect identified
864d17e50062dd86189b3f42939f9d1c831bafbc4c920be8111a017bde0556de,2018-12,Essex Police,Essex Police,0.367971,51.867111,On or near CHELMSFORD ROAD,E01022067,Uttlesford 007B,Investigation complete; no suspect identified
43bce5726dd0a8d45d1e76e893050a6264edee9e79dc1aebbb19403971bd77ab,2018-12,Essex Police,Essex Police,0.605787,51.586267,On or near HIGH STREET,E01021962,Rochford 008C,Investigation complete; no suspect identified
8959ce024561ee84e32082ab167fc9db38f056ecc3f62e0495e8abda57dbb57e,2018-12,Essex Police,Essex Police,0.474085,51.733089,On or near High Street Chelmsford,E01033140,Chelmsford 010F,Investigation complete; no suspect identified
3c597a4cbbc641d97f252aaf98ffb9998ccbe7da1a1ae926294bfd89f8a24816,2018-12,Essex Police,Essex Police,0.337179,51.477281,On or near CEMENT BLOCK COTTAGES,E01015969,Thurrock 014D,Investigation complete; no suspect identified
a9cdb98c135161f8e20d2f9a1f1e8e157f9e28614e5c4164f87506e926fa840b,2018-12,Essex Police,Essex Police,0.269797,51.472409,On or near OLIVER CLOSE,E01016012,Thurrock 015C,Unable to prosecute suspect
a195aa69960938c272445dcb3f5aec122b8396f20538e1537193bdf82da9d249,2018-12,Essex Police,Essex Police,0.667606,51.608926,On or near HARROGATE ROAD,E01021940,Rochford 003H,Investigation complete; no suspect identified
ac5162e1b3f5fc34c91a110bf3c5ac3464840abfaeef006aa8a4462e516537a9,2018-12,Essex Police,Essex Police,0.521403,51.613859,On or near Pedestrian Subway,E01021334,Basildon 005A,Investigation complete; no suspect identified
104c635bebc6f0fd82265549f30b4b71df0a74d8d5b19aba8a895ebf3143362c,2018-12,Essex Police,Essex Police,0.699183,51.597268,On or near HILARY CLOSE,E01021931,Rochford 002E,Investigation complete; no suspect identified
a5e75523062032973e111cde6045ba06b80f1ad4380878b533252aaef39df157,2018-12,Essex Police,Essex Police,0.282026,51.488629,On or near Parking Area,E01016011,Thurrock 015B,Investigation complete; no suspect identified
d248ab118977464ded7a08b72e5841bfee66ef328b406fd11eabdd236489d887,2018-12,Essex Police,Essex Police,0.244800,51.710483,On or near GREAT LAWN,E01021755,Epping Forest 004C,Unable to prosecute suspect
6e63ca1d272a86493c65b194daca317a30d3f6b7a2de023418c3692c3fdae032,2018-12,Essex Police,Essex Police,0.475214,51.731744,On or near Shopping Area,E01033140,Chelmsford 010F,Investigation complete; no suspect identified
6687dff4c470067d2a1e3c0f7020022b30800e80046b53626fe1c19927058223,2018-12,Essex Police,Essex Police,0.317489,51.474668,On or near LEWES CLOSE,E01015953,Thurrock 017C,Investigation complete; no suspect identified
27b07dc113a78791d963943625f088550effd506046546602384f51db40f2b36,2018-12,Essex Police,Essex Police,0.244800,51.710483,On or near GREAT LAWN,E01021755,Epping Forest 004C,Unable to prosecute suspect
1483f612cf47251f36572e313542592ad428174eda744b5c5bf45eb2ba77491e,2018-12,Essex Police,Essex Police,0.359020,51.461240,On or near MALTA ROAD,E01016003,Thurrock 018A,Unable to prosecute suspect
d16eedfa07e66656288b217a58d3759a3172fb4cc27cd661e318ab5463473f8e,2018-12,Essex Police,Essex Police,0.082820,51.643936,On or near CHIGWELL LANE,E01021773,Epping Forest 013C,Investigation complete; no suspect identified
e0767287d544acc8581628690d28a276a1e15c023ff356e5642f860a82b7d651,2018-12,Essex Police,Essex Police,0.116365,51.619667,On or near INGLEBY GARDENS,E01021749,Epping Forest 016A,Investigation complete; no suspect identified
d7fc2130ec580397bd31c4266b499cf1b7df3666db29675f3c0e641a163920b7,2018-12,Essex Police,Essex Police,0.460775,51.569775,On or near Parking Area,E01021318,Basildon 015C,Investigation complete; no suspect identified
2fb5a4395c5342fe0c4f1bc6417e2ca84cd16b7b227e93dc19d65ce4b6a2c572,2018-12,Essex Police,Essex Police,0.643992,51.545571,On or near BURNHAM ROAD,E01015913,Southend-on-Sea 008F,Investigation complete; no suspect identified
6866f5e72f4ef2198b8a44812739a655432785e2e88f41360833fff74b6c41e2,2018-12,Essex Police,Essex Police,0.500271,51.585496,On or near REPTON CLOSE,E01021307,Basildon 011C,Investigation complete; no suspect identified
cd2d37c9c16d1363b4fe939dfc4dff69a4a086b275ae8522357816441f7a3f33,2018-12,Essex Police,Essex Police,0.143366,51.766683,On or near RUSHTON GROVE,E01021826,Harlow 005C,Investigation complete; no suspect identified
bff4861a8df82454be97be690888edd8c2e2996267bba6cd1b24635548f05fc6,2018-12,Essex Police,Essex Police,0.514055,51.717366,On or near LEACH CLOSE,E01021561,Chelmsford 013C,Investigation complete; no suspect identified
6c25b618ecb0ddea97dc6313bf11b10dd209b2a03a2d3bd8f70fc6e0ddbc4f84,2018-12,Essex Police,Essex Police,0.794009,51.539763,On or near LOWRY CLOSE,E01015881,Southend-on-Sea 013F,Unable to prosecute suspect
046b0ad4055416025e460788b1c406c0503fdf253bd8aefeeb2806c047723ea2,2018-12,Essex Police,Essex Police,0.441494,51.581060,On or near REGENT COURT,E01021279,Basildon 010E,Investigation complete; no suspect identified
e54a338caf83b31a778d740fc5f73a7fab4eae0b75d4dc39178ca5ca2364835f,2018-12,Essex Police,Essex Police,0.103168,51.769001,On or near GREENHILLS,E01021849,Harlow 003A,Suspect charged
e5dccbd6810ddf62a3b9338bd1c8ea7599929f6fcfe85d29066aec520bc218e9,2018-12,Essex Police,Essex Police,0.253646,51.501148,On or near DAVIS ROAD,E01015923,Thurrock 008B,Investigation complete; no suspect identified
b6f4fd276454cef51578ac51143b020f7910e2ed9860c88311793c578f5fdd86,2018-12,Essex Police,Essex Police,0.092811,51.774150,On or near Supermarket,E01021843,Harlow 004E,Investigation complete; no suspect identified
57bf1d333511c76fc43eb053a8bec7da6aba5f6ddd5ba824975b7f1bc078822f,2018-12,Essex Police,Essex Police,0.588021,51.566803,On or near SIXTH AVENUE,E01021511,Castle Point 002C,Suspect charged
75b592fbefa1f4fe71c03882632d0e6950da2c1d8ad7eadc9a35fa2f8de6b7d6,2018-12,Essex Police,Essex Police,0.901260,51.888708,On or near Shopping Area,E01021649,Colchester 007D,Formal action is not in the public interest
cc3eabb926fa8692e0219ea77bb38e1a491a1526204099f103b48c039d2c78a5,2018-12,Essex Police,Essex Police,0.579937,51.518065,On or near BEVERLEY AVENUE,E01021502,Castle Point 011E,Unable to prosecute suspect
80a9d141a98015b1f05412e2ae908551c7da74dcd2cd39597ed8e718a8328d5c,2018-12,Essex Police,Essex Police,0.555844,51.886901,On or near WOOLPACK LANE,E01021357,Braintree 008B,Investigation complete; no suspect identified
807203d36fbfe9fcd46791d54b40cf92b71d0bacd84fa4a2b6149e09b16a7c00,2018-12,Essex Police,Essex Police,0.474870,51.757777,On or near SAXON WAY,E01021543,Chelmsford 002B,Investigation complete; no suspect identified
b00835d787139d617c2bb68f8817fd9ad0f63e0e3a4025ddab987f2197551d7a,2018-12,Essex Police,Essex Police,0.484709,51.570961,On or near SOUTH RIDING,E01021322,Basildon 019A,Investigation complete; no suspect identified
1526e72b6985b9aca1438c263352391f849488d0328384766551b202f9cdf7a5,2018-12,Essex Police,Essex Police,0.618869,51.556171,On or near THE WOODS,E01021519,Castle Point 005B,Investigation complete; no suspect identified
734b88aae729527384fbb09c3496c4df563d2d8b9c0a3f1c1c8c5e889ecaec5c,2018-12,Essex Police,Essex Police,0.067754,51.647655,On or near THE HAWTHORNS,E01021772,Epping Forest 013B,Investigation complete; no suspect identified
9bb5d7adf7d5103ec1138da7dfa6840b09e1f255040bcbfcc3a1adead9792b79,2018-12,Essex Police,Essex Police,0.082182,51.771875,On or near UPPER PARK,E01021841,Harlow 004C,Investigation complete; no suspect identified
c7203dbf3357906f3f2aba8da7043f7f3ccc93a3ffe2576a450b01bc6a642415,2018-12,Essex Police,Essex Police,0.352088,51.636143,On or near TIPTREE COURT,E01021451,Brentwood 003D,Unable to prosecute suspect
778829b1db433573f66317931e1a7de3e40fefafc37727b734894dbc4f68811a,2018-12,Essex Police,Essex Police,0.413821,51.581021,On or near BOURNE CLOSE,E01021278,Basildon 014E,Investigation complete; no suspect identified
5ea669412293a77588c8d412ba140e430e96d406bafc064f7a4fcab522840165,2018-12,Essex Police,Essex Police,0.676680,51.777661,On or near GREAT TOTHAM ROAD,E01021912,Maldon 002C,Unable to prosecute suspect
4fc6addca395c3d9e999a7efa246225f71f5d15eaf56d1104bbd178115238f60,2018-12,Essex Police,Essex Police,0.439237,51.944665,On or near Theatre/Concert Hall,E01021411,Braintree 005B,Investigation complete; no suspect identified
86cf4ad83064f6462eabacb8c137aada874393bb367ee9385237e781fac74185,2018-12,Essex Police,Essex Police,1.149822,51.802040,On or near KNOX ROAD,E01022042,Tendring 014A,Unable to prosecute suspect
586fa8dd970cd6bba2d188724067c62c894ec4ded707b2059e32f56cf556cee8,2018-12,Essex Police,Essex Police,0.367212,51.880588,On or near CHURCH END,E01033056,Uttlesford 007F,Unable to prosecute suspect
7f22cf5794c50db423df7e5508104cd3c14a1975724f23cbb082a7c2b4cb39dd,2018-12,Essex Police,Essex Police,0.105862,51.779231,On or near NETTESWELL ROAD,E01021853,Harlow 003E,Unable to prosecute suspect
97fbf4401d920ebf78fa73f4407eaf6ec1826e0d9a2fa30893527fcf4731d9e4,2018-12,Essex Police,Essex Police,0.758329,51.811081,On or near GAGER DRIVE,E01021723,Colchester 020A,Investigation complete; no suspect identified
d0a307935282e414634ac4069d95144a31dbf788a3d705f23e5dfafee806bf31,2018-12,Essex Police,Essex Police,1.152215,51.788718,On or near Shopping Area,E01022025,Tendring 016B,Offender given penalty notice
7669af7304c102291ad668ce30b8771638a2ffb8b1b20fd4a7102460f559f891,2018-12,Essex Police,Essex Police,0.285222,51.484852,On or near Parking Area,E01016011,Thurrock 015B,Suspect charged
ec7e62f657b1d4c4c12f00f870ab6d95618a627d46fefe401e9f470fc04d84ea,2018-12,Essex Police,Essex Police,0.533406,51.601135,On or near IRVINE PLACE,E01021345,Basildon 007E,Investigation complete; no suspect identified
4f2f74ee59fbf92bd1b304d51849a601adf76fab95d366cd83c31c1cd914702a,2018-12,Essex Police,Essex Police,0.601624,51.774131,On or near Parking Area,E01021395,Braintree 018C,Unable to prosecute suspect
ef324cd9c96bd99332429429b7710878e94dac5a8baf84636669ddc3aae70bdb,2018-12,Essex Police,Essex Police,1.127436,51.799508,On or near NAYLAND DRIVE,E01022030,Tendring 015C,Investigation complete; no suspect identified
0463f8962f1e7aef526f63dabdfe9e5999c21c31524424dd27d26ed0293f6c31,2018-12,Essex Police,Essex Police,0.440639,51.575340,On or near BALLARDS WALK,E01021291,Basildon 016E,Unable to prosecute suspect
376292e021fe158f9ef1e0a154300d9ca6596ecb2cb7e2ffe55ef795522d94d8,2018-12,Essex Police,Essex Police,0.966462,51.869517,On or near MEDE WAY,E01021737,Colchester 017B,Investigation complete; no suspect identified
0a77e3e1ec27565a70be76bfdc208303cb2b2bfee389d2d76a2077eded2af7b7,2018-12,Essex Police,Essex Police,0.113633,51.708806,On or near Sports/Recreation Area,E01021760,Epping Forest 005A,Unable to prosecute suspect
c1fedce21e217b8b0eb0a6c3fc63e47254f4ddb27d600bbe3ff57ee3fce47495,2018-12,Essex Police,Essex Police,0.092373,51.766253,On or near LUTHER KING ROAD,E01021868,Harlow 007B,Suspect charged
d3ebeef10aa33e86b948ee4b9e0ee0362557f6e10938626afe46b3c2b8c1e1ee,2018-12,Essex Police,Essex Police,0.605068,51.646835,On or near BRUNEL WAY,E01021615,Chelmsford 019E,Investigation complete; no suspect identified
9e3336590346f4243616a5d64929e712302f10d7435ed9d6cb623296acd74d78,2018-12,Essex Police,Essex Police,0.786680,51.536187,On or near ANSON CHASE,E01015882,Southend-on-Sea 013G,Unable to prosecute suspect
5870422c79b57efd1732d24b0c308b7761774e3d20b7a273cb015f3eefe4e838,2018-12,Essex Police,Essex Police,0.997902,51.883271,On or near ORCHARD CLOSE,E01022052,Tendring 005D,Unable to prosecute suspect
a20a333be05561315fbe95df5221d72bb1cbed501f46289ae8699adda46c289c,2018-12,Essex Police,Essex Police,0.410746,51.484973,On or near HIGH ASH CLOSE,E01015950,Thurrock 013D,Investigation complete; no suspect identified
4a87720cdc2a644ae6fca53f2a2ffb45b21ac33e46832584e80b427ab30c5f1b,2018-12,Essex Police,Essex Police,0.331846,51.479447,On or near BLACKMORE ROAD,E01015961,Thurrock 016D,Unable to prosecute suspect
e3b0d0a219e7ed8365c2991088be9662a47c048bff99fedff9a0a780538dcd1f,2018-12,Essex Police,Essex Police,0.591332,51.560578,On or near Petrol Station,E01021511,Castle Point 002C,Unable to prosecute suspect
5a8f89ac4bbd4ba2bb56892d9755e2dfca3c1941746d39e641cd5e9518a36769,2018-12,Essex Police,Essex Police,0.620104,51.645116,On or near TRINITY ROW,E01021613,Chelmsford 019C,Investigation complete; no suspect identified
f83c7881dfb9ec00abff761e663c08d33c5697ae93f016efb9d02ba7abcb1acd,2018-12,Essex Police,Essex Police,0.908856,51.871972,On or near Petrol Station,E01021637,Colchester 018A,Suspect charged
54ffd3872b71c9519350007cb85223bc530241d97650e23c88980e166a1e9fbf,2018-12,Essex Police,Essex Police,0.684702,51.545167,On or near LONDON ROAD,E01015832,Southend-on-Sea 012F,Investigation complete; no suspect identified
132999a11e8dc8556ef57787b893b6e7c1da859a6b3eead5612a8c9b5e9ce9a7,2018-12,Essex Police,Essex Police,0.454994,51.574168,On or near ROODEGATE,E01021319,Basildon 017E,Suspect charged
4a21db245c33667dfb2dc07b281ea4d6ad3c58bfb3450980cf1275e403d4c487,2018-12,Essex Police,Essex Police,0.572578,51.879135,On or near CUNNINGTON ROAD,E01021370,Braintree 011B,Local resolution
018ab891df888fa9eed0778d2654ec2039a74bc5fd62e194cab2feb37dc8d9bc,2018-12,Essex Police,Essex Police,0.897028,51.861103,On or near Sports/Recreation Area,E01021639,Colchester 018C,Unable to prosecute suspect
1726c9a84834ac1d17f563ced0b630d6eb40608a26a24965f11186abf4849bf6,2018-12,Essex Police,Essex Police,0.486281,51.558778,On or near RYEDENE CLOSE,E01021311,Basildon 022C,Investigation complete; no suspect identified
5bbbd920eed5f9c4152598ac137163c7845d17a5736ebf215ba75262314c9969,2018-12,Essex Police,Essex Police,1.030952,51.811579,On or near OYSTERS REACH,E01021981,Tendring 011C,Investigation complete; no suspect identified
b4b864203cab931e2194ea6156385b5c3c23ab14efed8f6791489ba48ef6b2f0,2018-12,Essex Police,Essex Police,0.897028,51.861103,On or near Sports/Recreation Area,E01021639,Colchester 018C,Unable to prosecute suspect
dabbde912fb92461d9721c9de67da996ede67f91bf6c695df9699510844627ac,2018-12,Essex Police,Essex Police,0.702103,51.547700,On or near Petrol Station,E01015861,Southend-on-Sea 004E,Investigation complete; no suspect identified
dc9f75d3cfe7d54ddb6dd48d0830c7585e4f81c1113ef5463fbcbed1a548f15c,2018-12,Essex Police,Essex Police,0.906130,51.862156,On or near TERLING CLOSE,E01021641,Colchester 018E,Unable to prosecute suspect
a341837a955d131e0a8850715cd17b04ceb270df889d0de6b17e76c4b086f0a9,2018-12,Essex Police,Essex Police,0.285272,51.488728,On or near Parking Area,E01016011,Thurrock 015B,Investigation complete; no suspect identified
448b5b6ab3459f65c7c26aadfbe6023b0209de1624c7d4c3635d6a52f15f5b12,2018-12,Essex Police,Essex Police,0.285272,51.488728,On or near Parking Area,E01016011,Thurrock 015B,Investigation complete; no suspect identified
8b9165f28f71561cd7a202d167a3fb1946105c37301fbc4dd3daa1cd81499e93,2018-12,Essex Police,Essex Police,0.330953,51.632356,On or near Parking Area,E01021467,Brentwood 005F,Investigation complete; no suspect identified
0048061ab06b1f3d3a96963b9aa5bfbacad87763d61ea3b027326255f74fb457,2018-12,Essex Police,Essex Police,0.322008,51.478851,On or near QUARRY HILL,E01015956,Thurrock 016B,Unable to prosecute suspect
f17c802ccb6c4991c58fb32883465e28b6798eba688475036b85e5f0d3a86ae9,2018-12,Essex Police,Essex Police,0.715320,51.534677,On or near Shopping Area,E01015852,Southend-on-Sea 015B,Unable to prosecute suspect
196055b2e8e195b8389d249da46c71b1ea0cee630581c336a610f1cff8d75a6a,2018-12,Essex Police,Essex Police,0.244646,51.701529,On or near BUSHY LEA,E01021754,Epping Forest 004B,Investigation complete; no suspect identified
8c4f69c2a9ce2ed8ee3c7d30d79cdd61e899645905cde401c4e02092d23bf9f4,2018-12,Essex Police,Essex Police,0.928291,51.879728,On or near KING EDWARD QUAY,E01021685,Colchester 011C,Unable to prosecute suspect
c3a8ea1890f5be58100e5bc25472d394c2c42429e460deb2e650586b508ba104,2018-12,Essex Police,Essex Police,0.702103,51.547700,On or near Petrol Station,E01015861,Southend-on-Sea 004E,Investigation complete; no suspect identified
347bc8d82e1c1349218d0dc4eb4780e1f24a120d6fe06a90c2dc5debd62073b9,2018-12,Essex Police,Essex Police,0.600394,51.519619,On or near HILBERY ROAD,E01021497,Castle Point 012D,Unable to prosecute suspect
9702cd37fe997525c5ed37ab5c745a6d71b484a67bd861dacb2f89abe126dbb6,2018-12,Essex Police,Essex Police,0.480486,51.725679,On or near VAN DIEMAN'S ROAD,E01021577,Chelmsford 012B,Offender given a drugs possession warning
c2a1d143c9304a3fb53492f1f9e8d414b5f492f90ebac964fd2b7bf14a2dd067,2018-12,Essex Police,Essex Police,0.308996,51.861737,On or near HIGHCROSS LANE,E01022090,Uttlesford 006B,Investigation complete; no suspect identified
6ea25c80ecd4fc15e2b7eefd011207e6d7a39dfbe1b7acff2ae0332f069d86b4,2018-12,Essex Police,Essex Police,0.071462,51.656996,On or near HILLCROFT,E01021779,Epping Forest 011F,Unable to prosecute suspect
ea6e7e0dd72d78fa94523410158220e3cc1cd7eb1018b1ba06737d20555675a1,2018-12,Essex Police,Essex Police,0.347480,51.624715,On or near LEAFY WAY,E01021447,Brentwood 005A,Unable to prosecute suspect
372c0c91d9ee5b5be95a2c271e85f88117eb091429bbfc538800f8d78a337f46,2018-12,Essex Police,Essex Police,0.462235,51.775920,On or near PUDDINGS WOOD LANE,E01021542,Chelmsford 002A,Unable to prosecute suspect
45380dbd2d2ce18b061e5f6a1897cb00a3582121f47c79e235bd6508507de24b,2018-12,Essex Police,Essex Police,1.257809,51.933128,On or near Supermarket,E01022006,Tendring 002C,Suspect charged
c077686856cde43f24ce16c01c83632f9c75af3dfee7857bc3c26e0e22f0e585,2018-12,Essex Police,Essex Police,0.294422,51.628633,On or near THE COURTYARD,E01021431,Brentwood 004A,Unable to prosecute suspect
d723f8896798d98b087e12e47c7d793de1e5a5b9a86a6a7e708a6c6b37e09ba0,2018-12,Essex Police,Essex Police,0.071462,51.656996,On or near HILLCROFT,E01021779,Epping Forest 011F,Unable to prosecute suspect
0dad07f04c196f149affeba65f90129f6fab3e1440339fe2912dc40559801b9d,2018-12,Essex Police,Essex Police,0.284016,51.475982,On or near ELM TERRACE,E01016011,Thurrock 015B,Unable to prosecute suspect
ad4909f56298bb5e279dd177b581de3477ff2f9368c027b25c9d87ea1086dec3,2018-12,Essex Police,Essex Police,0.462235,51.775920,On or near PUDDINGS WOOD LANE,E01021542,Chelmsford 002A,Unable to prosecute suspect
06d554e2e95c97d28c554100f3f56932689e05eb0dc6667a66bfd549b7916960,2018-12,Essex Police,Essex Police,0.913033,51.878830,On or near BOURNE ROAD,E01021684,Colchester 011B,Unable to prosecute suspect
d7c28a6b163cb176c06d232c9d9f76e1759275b95cf5d8d9921039e07bbf1446,2018-12,Essex Police,Essex Police,0.715320,51.534677,On or near Shopping Area,E01015852,Southend-on-Sea 015B,Suspect charged
d7c28a6b163cb176c06d232c9d9f76e1759275b95cf5d8d9921039e07bbf1446,2018-12,Essex Police,Essex Police,0.715320,51.534677,On or near Shopping Area,E01015852,Southend-on-Sea 015B,Suspect charged
f9690083eb2f59d7b382a22463a19438d230b26d74e616e02b41dcab3a72dc22,2018-12,Essex Police,Essex Police,0.294422,51.628633,On or near THE COURTYARD,E01021431,Brentwood 004A,Unable to prosecute suspect
621e335559c809537014f2e8293419ccaca1b8b25313f7cd956366f3526f80ae,2018-12,Essex Police,Essex Police,0.504955,51.759639,On or near BRAGANZA WAY,E01033144,Chelmsford 005F,Unable to prosecute suspect
1e7a1383e05ff646565415bd84ab60ec6bb0e0788d634ca7adcf878b098e78b4,2018-12,Essex Police,Essex Police,0.715320,51.534677,On or near Shopping Area,E01015852,Southend-on-Sea 015B,Suspect charged
1e7a1383e05ff646565415bd84ab60ec6bb0e0788d634ca7adcf878b098e78b4,2018-12,Essex Police,Essex Police,0.715320,51.534677,On or near Shopping Area,E01015852,Southend-on-Sea 015B,Suspect charged
4e2de241dd461a3272d5b2080eeab66f4a3c46619a77550ed7af2ffbd62792f3,2018-12,Essex Police,Essex Police,0.737940,51.541301,On or near Parking Area,E01015884,Southend-on-Sea 009B,Unable to prosecute suspect
59d581aa1537b13850995c1a87d218dc04df136c079f635edd302c144f50b772,2018-12,Essex Police,Essex Police,0.502389,51.710349,On or near WORCESTER COURT,E01021562,Chelmsford 014A,Unable to prosecute suspect
c1496e7535efc20455eda17c66a5d76dc92625aa8cd3a4184ac28b90f7129a9c,2018-12,Essex Police,Essex Police,0.617106,51.641504,On or near NELSON PLACE,E01021608,Chelmsford 020D,Unable to prosecute suspect
b33dbaf67373f97034e34851adc8c770de6f7ee6a5b4a3818188b6555ef1660b,2018-12,Essex Police,Essex Police,0.579366,51.515353,On or near AZALEA MEWS,E01021502,Castle Point 011E,Unable to prosecute suspect
2797683aa2c98ff9b85682872baf302a7cd7d41f6ac3e0dbd0376a64c3707150,2018-12,Essex Police,Essex Police,0.505657,51.565066,On or near HIGH ROAD,E01021316,Basildon 018D,Investigation complete; no suspect identified
4bb4cbe453bb4dbd110bfa0838c7d381e139f20181456dedb3d1a9205dfc122e,2018-12,Essex Police,Essex Police,0.670841,51.727629,On or near GREENWAYS,E01021898,Maldon 005F,Investigation complete; no suspect identified
98f4dc58866fba74167427219bc94739f2a1fac9ec43c5656ee9ba6aff633879,2018-12,Essex Police,Essex Police,0.903937,51.885827,On or near Pedestrian Subway,E01021683,Colchester 011A,Investigation complete; no suspect identified
1cace719b4aa48e51ed02fbbd241325a4fdb57a8c2fca5697fb7f2a58b48eb27,2018-12,Essex Police,Essex Police,1.118825,51.800015,On or near LINSTEAD CLOSE,E01021977,Tendring 013C,Local resolution
ce8f23b0d61e6b43f2bde5b4233dce805454aa1e6f610a5833d59de0b02b0172,2018-12,Essex Police,Essex Police,1.138407,51.795806,On or near BRANSTON ROAD,E01021969,Tendring 017B,Unable to prosecute suspect
2811820d4e18904f9d008dff9b52c357f251d9ca961dd79403426516b4dea421,2018-12,Essex Police,Essex Police,0.239236,52.010418,On or near WARDS CROFT,E01022074,Uttlesford 002A,Unable to prosecute suspect
bfb0e08273098c54d264512c2719c420b3854d71dbaf982566a8cfbe4ad3e3c1,2018-12,Essex Police,Essex Police,0.422742,51.573175,On or near Parking Area,E01021290,Basildon 016D,Investigation complete; no suspect identified
101923932ce6d3109218a0fd9a0738011dad1c3eb8d56aefc4e1145a04f1c568,2018-12,Essex Police,Essex Police,0.512949,51.876602,On or near THE MALTINGS,E01021405,Braintree 010D,Unable to prosecute suspect
5b981e2ed0ba4648b448494be36927f603f0f93bc645601f3501628dc2210c4c,2018-12,Essex Police,Essex Police,0.469405,51.705417,On or near Parking Area,E01021555,Chelmsford 017D,Investigation complete; no suspect identified
b1b24ee88b9f3482dbf138b79ad5e55fcadcd650ac0c9dd22cdb455171070825,2018-12,Essex Police,Essex Police,1.139751,51.794268,On or near ST OSYTH ROAD,E01021969,Tendring 017B,Offender given a drugs possession warning
da7ff04dabf74f756cdb01389db26a99697994b434e7e97aedd0470016feb2ce,2018-12,Essex Police,Essex Police,0.234545,51.487403,On or near MARLOW AVENUE,E01016013,Thurrock 015D,Offender given a drugs possession warning
a48327eec6cf942c7d2e8f28175a729abd6a4341871fee3c31d352f166ae4e76,2018-12,Essex Police,Essex Police,0.577019,51.516160,On or near LAVENDER MEWS,E01021502,Castle Point 011E,Unable to prosecute suspect
542390c6d3deaf61d584441f8329e83cbfe4b705bf918864f01cf8490d731358,2018-12,Essex Police,Essex Police,0.109490,51.753529,On or near SAKINS CROFT,E01021861,Harlow 010E,Investigation complete; no suspect identified
ecf894f7c1427811949d2a4a16ec1d6c5792136c48f8d875b501f82160583fba,2018-12,Essex Police,Essex Police,0.911734,51.880985,On or near MYRTLE GROVE,E01021688,Colchester 011F,Investigation complete; no suspect identified
6989b9499efd980ee56d52cbc31e55629530fb0230d0f5fcd57bf02bf1203699,2018-12,Essex Police,Essex Police,0.507038,51.583068,On or near VOYSEY GARDENS,E01021308,Basildon 011D,Unable to prosecute suspect
74377190be0aca03d70078b1591f867253266b0c64b8a0261302c379800f7809,2018-12,Essex Police,Essex Police,1.150793,51.796203,On or near FAIRFIELD ROAD,E01021970,Tendring 016A,Unable to prosecute suspect
5750358ab86f5dfc911241bc16819dbf0cf9d4e39f61f6fce731989640a35bda,2018-12,Essex Police,Essex Police,0.577019,51.516160,On or near LAVENDER MEWS,E01021502,Castle Point 011E,Unable to prosecute suspect
e2c06199a48151f2689c6919665a2b2f64c65108629cd93354e71c74ac1cd364,2018-12,Essex Police,Essex Police,0.439093,51.748947,On or near WELLAND AVENUE,E01021597,Chelmsford 003B,Unable to prosecute suspect
a09f7f2516205f53d02bc9b0d87d54cc9c5d177f86ade63576577a0a0084878c,2018-12,Essex Police,Essex Police,0.439093,51.748947,On or near WELLAND AVENUE,E01021597,Chelmsford 003B,Unable to prosecute suspect
0bbc98008a081cf5c4a9033af45768b02e58f77d520c0558285f92ff7d0accde,2018-12,Essex Police,Essex Police,0.141140,51.782739,On or near MULBERRY GARDENS,E01021857,Harlow 001D,Unable to prosecute suspect
886b5caa1e9c468c47a7f4ebd00885aa6057e0f62438e92f1f212e7b800ce2a0,2018-12,Essex Police,Essex Police,0.497687,51.561818,On or near CHESTNUT ROAD,E01021310,Basildon 022B,Investigation complete; no suspect identified
ce2af72e619da3ae1abc30136bbedd60c0da228e3319a9171ce82bed07c84041,2018-12,Essex Police,Essex Police,0.900116,51.889231,On or near Shopping Area,E01021649,Colchester 007D,Local resolution
9773aeae5258391470b084b5751a2107960677badcfc8f39986452685c49f4b0,2018-12,Essex Police,Essex Police,0.095709,51.772884,On or near A1019,E01021851,Harlow 003C,Unable to prosecute suspect
e1aa42d960194628c4203cd6b91cd3be1b6fc42861f0c14877405ac50d13c64f,2018-12,Essex Police,Essex Police,0.324602,51.476614,On or near Supermarket,E01015954,Thurrock 017D,Suspect charged
6ab2303ba9a0e49bf254c9c779f49bff9386abae57a421ec04859121f6193fd7,2018-12,Essex Police,Essex Police,0.715320,51.534677,On or near Shopping Area,E01015852,Southend-on-Sea 015B,Formal action is not in the public interest
78a441df1076b3591c081b9fa989641590387dd81d29754db8ed8ed71db86c15,2018-12,Essex Police,Essex Police,0.709743,51.544690,On or near Police Station,E01015895,Southend-on-Sea 010A,Unable to prosecute suspect
c481b4bcf685a7bfeca8d257254e56ca329f3d5413d7ecc48c81ccec9a64aca8,2018-12,Essex Police,Essex Police,0.477646,51.571371,On or near BROWNLOW CROSS,E01021320,Basildon 015D,Unable to prosecute suspect
1ae08cb889692d21f0a3d1bf8025bee9160c2b4e65d92aba1059d61268ac4dc2,2018-12,Essex Police,Essex Police,0.365680,51.880745,On or near CHURCH STREET,E01033056,Uttlesford 007F,Offender given a drugs possession warning
e576dca1918bf07176028383f9362f59517a3554058810c243587659028351b1,2018-12,Essex Police,Essex Police,0.902272,51.888620,On or near LONG WYRE STREET,E01021649,Colchester 007D,Investigation complete; no suspect identified
9b0c92d8b438044ab5e137fd8c305d393d9bffa9442d555f6fe08a6919c1d5b6,2018-12,Essex Police,Essex Police,0.375595,51.462992,On or near BRONTE CLOSE,E01016005,Thurrock 018C,Unable to prosecute suspect
be51811d48aa88dc8cd43de08f75834e930fee9def5b077a0db7a923cd575c8c,2018-12,Essex Police,Essex Police,0.726765,51.546661,On or near FERNDALE ROAD,E01015870,Southend-on-Sea 006B,Unable to prosecute suspect
b788ca15e8dc111c1408439f4b3dff4181034a3ad8687676212b8d1721cde0fd,2018-12,Essex Police,Essex Police,0.364492,51.469071,On or near BERKELEY TERRACE,E01016007,Thurrock 018E,Unable to prosecute suspect
d79f0971fe7054b6b63159a2eab4ca62436d4bbfa5d6288b2d675a1d99988a40,2018-12,Essex Police,Essex Police,0.900942,51.896630,On or near CATCHPOOL ROAD,E01021647,Colchester 007B,Unable to prosecute suspect
eb80c42e038f9b38364401464eeb91875fd4a5d906155b6d57e1f16c60dbd7ac,2018-12,Essex Police,Essex Police,0.159987,51.813662,On or near Parking Area,E01021795,Epping Forest 001B,Unable to prosecute suspect
54d6c1e94884dd9741321da7dd81ea294164e867bf71ea923a02e8bf1fb62d92,2018-12,Essex Police,Essex Police,1.154354,51.788616,On or near COLNE ROAD,E01022025,Tendring 016B,Unable to prosecute suspect
d43b2292e4b9a275269dc301111eb4fcd20e6efa2e7835b9795ae342b5200fdc,2018-12,Essex Police,Essex Police,0.073189,51.646687,On or near COLSON GARDENS,E01021772,Epping Forest 013B,Unable to prosecute suspect
e5369c61cf43ad560ae0c4607cec90d15a539929adc694ab8c3c77d7e55afbab,2018-12,Essex Police,Essex Police,0.325264,51.475198,On or near NEW ROAD,E01015954,Thurrock 017D,Unable to prosecute suspect
2b9c17c27bda2b5125d29b641412a1d910b5a6d9b52ab1a5a2b9c5bb85c1cedb,2018-12,Essex Police,Essex Police,0.935180,51.893775,On or near SPRUCE AVENUE,E01021697,Colchester 008B,Unable to prosecute suspect
09526ec34b067730380987a6fb014e5bd323ec460a55a7bcde125ac9ff26e993,2018-12,Essex Police,Essex Police,0.094481,51.770766,On or near EAST GATE,E01021872,Harlow 007E,Investigation complete; no suspect identified
f84a9f647640ae29c30fe0c6d5d60a2c79b3c470050ac3a83c6ec358e00fb010,2018-12,Essex Police,Essex Police,1.131556,51.791771,On or near WALNUT WAY,E01022032,Tendring 015E,Investigation complete; no suspect identified
c890263b04fc9279a0b0896a765156c28237c53ca4262777b07945bb9405dca1,2018-12,Essex Police,Essex Police,0.895892,51.905128,On or near HUTLEY DRIVE,E01021680,Colchester 004B,Unable to prosecute suspect
6245d688711c96c5f3645971788aa99b5bbe205f2c59398180fa5f71a95c697b,2018-12,Essex Police,Essex Police,0.102691,51.773722,On or near THE DASHES,E01021851,Harlow 003C,Unable to prosecute suspect
f3155941a7a841bd40de184cf339daa178cdb90ed674f5df4a2d485bd3962809,2018-12,Essex Police,Essex Police,0.141140,51.782739,On or near MULBERRY GARDENS,E01021857,Harlow 001D,Suspect charged
e21f8f089600224c966db845c014e185d8108016ba32aa04cf6f415870d499eb,2018-12,Essex Police,Essex Police,0.473358,51.730650,On or near PARKWAY,E01033140,Chelmsford 010F,Unable to prosecute suspect
4a11eb9d920e02bdfdec5b5b95419f3aef93d628a4d4388e7cd8ba5700172213,2018-12,Essex Police,Essex Police,0.647565,51.813008,On or near YEW CLOSE,E01021420,Braintree 017C,Investigation complete; no suspect identified
39e0bb3a3aa818e7c2794bee501410d686bb166db0594a12b0184fd79bab73c8,2018-12,Essex Police,Essex Police,0.363736,51.480067,On or near CROUCH ROAD,E01015935,Thurrock 012C,Suspect charged
5daadad4f8d6386ef9050caec43e0cb3e1b6638bfa408010019dafd425bfddad,2018-12,Essex Police,Essex Police,0.717374,51.545917,On or near Sports/Recreation Area,E01015898,Southend-on-Sea 010D,Investigation complete; no suspect identified
e30348a23a91b665686b6e7fed3e35e03c1c8c809a1d16c483de3abc77164348,2018-12,Essex Police,Essex Police,0.917521,51.924991,On or near SEVERALLS LANE,E01033720,Colchester 002F,Unable to prosecute suspect
9a46560568f1ddecc1676aba8973b94116fb6cc622d82e7735afdbfa57f25f72,2018-12,Essex Police,Essex Police,0.086303,51.771334,On or near Hospital,E01021843,Harlow 004E,Unable to prosecute suspect
14aed1e2b56ba67624cc1d849820516f858c6b032bfabafa6b845b4d51f58b89,2018-12,Essex Police,Essex Police,0.363736,51.480067,On or near CROUCH ROAD,E01015935,Thurrock 012C,Unable to prosecute suspect
876867e8e6bccd18028ffdc019dfa43d44cafd8acce346699c07dea92ce60c7d,2018-12,Essex Police,Essex Police,0.363736,51.480067,On or near CROUCH ROAD,E01015935,Thurrock 012C,Suspect charged
99097b2664687c41d618c117f08bb8c43f0621a1f8c00426e5840f920878e07c,2018-12,Essex Police,Essex Police,0.583313,51.590145,On or near DENHAM VALE,E01021958,Rochford 006D,Unable to prosecute suspect
c4930234721cd3553297ed9d2130e557dc4a069aab9517c06ff9f5615b50dbd4,2018-12,Essex Police,Essex Police,0.236271,51.961178,On or near HAMEL WAY,E01022072,Uttlesford 003C,Investigation complete; no suspect identified
80578e6dfa28d57cab5fa94bda1689a38278ce44ebd4ad01b1eba0c1b15e4507,2018-12,Essex Police,Essex Police,0.247775,52.010111,On or near OZIER COURT,E01022080,Uttlesford 002E,Investigation complete; no suspect identified
5a054f417e0b20dcf1fb4a9aa891ea5e191448f2e648ac03899c001e7667e166,2018-12,Essex Police,Essex Police,0.063675,51.638681,On or near SOUTH VIEW ROAD,E01021783,Epping Forest 013D,Investigation complete; no suspect identified
d37aa16dce803f34bb7e3a46fbb5e2671de2381c3eac350f029fc3c39ec61a0a,2018-12,Essex Police,Essex Police,,,No location,,,Investigation complete; no suspect identified
26de2d2ea77242c75ba6451490bd7facd0f1ba4e7d3114de5bdd388972055c5d,2018-12,Essex Police,Essex Police,0.653931,51.597599,On or near WOOD END,E01021936,Rochford 003D,Unable to prosecute suspect
d0a335065583b24ed13ac48b36f98682d37385ffe0a550e73c9c6276540b88c3,2018-12,Essex Police,Essex Police,0.653931,51.597599,On or near WOOD END,E01021936,Rochford 003D,Unable to prosecute suspect
05d4679b3e11044f781383511d9f407d68230db81b1f6e604ae6a5ca64478972,2018-12,Essex Police,Essex Police,0.516402,51.576977,On or near ASHFIELDS,E01021301,Basildon 011A,Investigation complete; no suspect identified
3f7493f5b8fe084e8541eb910151dacf6dcfefcd60f09c4459e5e6510f18211d,2018-12,Essex Police,Essex Police,0.938692,51.898589,On or near PAUL SPENDLOVE COURT,E01021708,Colchester 022A,Investigation complete; no suspect identified
553cad060075fe448827b01832f7f4b0ca49c65a6210c6c69fc1d2c322b005f9,2018-12,Essex Police,Essex Police,0.230459,51.913871,On or near GLEBE END,E01022063,Uttlesford 005B,Unable to prosecute suspect
83a17d63ea254773685b43c13090282d9de70688a31d2418506cb8d488821fee,2018-12,Essex Police,Essex Police,0.362689,51.874969,On or near NORTH STREET,E01022069,Uttlesford 008D,Investigation complete; no suspect identified
43e3a8836f5d1e31979657779c699b5a5e5c725255a0470442870d86af6ada85,2018-12,Essex Police,Essex Police,0.694982,51.538267,On or near CANEWDON ROAD,E01015855,Southend-on-Sea 015E,Investigation complete; no suspect identified
f74600f10fb92b34cfed97e466f566a70f1e85c8175aa61a20a0c7d2a9cc9bf2,2018-12,Essex Police,Essex Police,0.718808,51.537070,On or near TOLEDO ROAD,E01015841,Southend-on-Sea 014C,Unable to prosecute suspect
7bd9fe291a39dde3dc4bbcc2b9b3a78d728627be69060df2847ab13b35dace36,2018-12,Essex Police,Essex Police,0.617717,51.519279,On or near THOMPSON AVENUE,E01021492,Castle Point 009A,Investigation complete; no suspect identified
5767aa9b96a7447e6cb43c2b036ea023b818d915fe095188d2212a9e98e06804,2018-12,Essex Police,Essex Police,0.541834,51.629201,On or near LYNFORDS AVENUE,E01021594,Chelmsford 021B,Investigation complete; no suspect identified
bf1316ffd073fd912a6f0be58a8acc1a1902296f723f1299bb5b07ba2c3dd865,2018-12,Essex Police,Essex Police,0.657678,51.607847,On or near THE ACORNS,E01021938,Rochford 003F,Unable to prosecute suspect
b5ea43265f28c96fd292ae0a7e75fb8f0f42693807c700e9d79a3bdbea1bf50e,2018-12,Essex Police,Essex Police,0.928443,51.881388,On or near CAELUM DRIVE,E01033719,Colchester 008G,Investigation complete; no suspect identified
542f7793bae0c6898b7857fd54302ba7a95623eb2f7d9d75543cac0492461002,2018-12,Essex Police,Essex Police,0.896698,51.906358,On or near KNEVETT CLOSE,E01021680,Colchester 004B,Investigation complete; no suspect identified
ea449cee1c875ca703e0cb6a3a91ced436bca62947030f4f357fab32bd05ac62,2018-12,Essex Police,Essex Police,0.635375,51.574652,On or near GLENWOOD AVENUE,E01021946,Rochford 009A,Investigation complete; no suspect identified
38cba3d3cce8d514908f06c49e8f951e5eaf8f7a631528aad2c86acfab24ad06,2018-12,Essex Police,Essex Police,0.425990,51.585923,On or near WINCHESTER GARDENS,E01021263,Basildon 010C,Investigation complete; no suspect identified
2a0072e30ccbcdd4b307490f580cdacb4b532e012ca3fe88a96bd6922c329e27,2018-12,Essex Police,Essex Police,0.871994,51.871493,On or near Supermarket,E01021711,Colchester 015A,Investigation complete; no suspect identified
83d15d4af60cf819647056cfa4b20dc8ff7c63538a75b5720dbc1c967ba902ba,2018-12,Essex Police,Essex Police,0.694351,51.537095,On or near LEONARD ROAD,E01015851,Southend-on-Sea 015A,Investigation complete; no suspect identified
3ca05f9e05f1406412f1b32fdbef137fc069ffff2184460a5b1075c34bb60fb2,2018-12,Essex Police,Essex Police,,,No location,,,Investigation complete; no suspect identified
5a133f2765afaba613772782ba90069334f192df94b9e88b1521e601f4203182,2018-12,Essex Police,Essex Police,0.126125,51.781627,On or near BROOMFIELD,E01021848,Harlow 002E,Investigation complete; no suspect identified
ac98b2b4fe0629f18162192a08fb93bd95f7def321e073662be74ebbb1e03afb,2018-12,Essex Police,Essex Police,0.689542,51.550678,On or near FIELDING WAY,E01015904,Southend-on-Sea 007D,Investigation complete; no suspect identified
acafd85bd3ee35005f97a90e7e9ab3737fda4d91b242f80e4180fa83a0b6b9dd,2018-12,Essex Police,Essex Police,0.900874,51.891524,On or near TAYLOR COURT,E01021649,Colchester 007D,Offender given a drugs possession warning
b75faf8b90449ceee6937ce61b470d4fb4c0d21dcb35e7731f6d697ba9d8c2f9,2018-12,Essex Police,Essex Police,0.708233,51.539185,On or near QUEENS ROAD,E01015854,Southend-on-Sea 015D,Investigation complete; no suspect identified
188abeb2badecf6e58d261bb3f00d508f253846820f3d9eafbcca53767807fcd,2018-12,Essex Police,Essex Police,0.286624,51.869656,On or near STOKES ROAD,E01022090,Uttlesford 006B,Investigation complete; no suspect identified
32cc159aeedb9975be8b6564600ea579efb04229ed883f4020e3ba87a0cd6cee,2018-12,Essex Police,Essex Police,0.689066,51.539195,On or near METEOR ROAD,E01015831,Southend-on-Sea 012E,Investigation complete; no suspect identified
beb038d09381d21005fc7282f429521e831bef0338f042a9a193626a2a9e6c96,2018-12,Essex Police,Essex Police,0.287837,51.767844,On or near SCHOOL LANE,E01021769,Epping Forest 003A,Investigation complete; no suspect identified
592cdaafbb835ac0ea8dcdae4f28b9d5a98881cd868e16d1c42ec1f6fff7d2a2,2018-12,Essex Police,Essex Police,0.694351,51.537095,On or near LEONARD ROAD,E01015851,Southend-on-Sea 015A,Investigation complete; no suspect identified
2578882c9ccfc4df662e3973087c72da87f06da95f2cd292063083435762c926,2018-12,Essex Police,Essex Police,0.897825,51.889081,On or near CULVER STREET WEST,E01021649,Colchester 007D,Investigation complete; no suspect identified
8dbb1549297c8cbe834ac3cf739ad4cd47460332990e61a01259cfe5460429c3,2018-12,Essex Police,Essex Police,0.506467,51.564041,On or near Shopping Area,E01021310,Basildon 022B,Offender given a caution
3f2b54c41f6b130382cc2e05776a492e2cd93c600ca1c24f37f8175f039994e6,2018-12,Essex Police,Essex Police,0.084680,51.767568,On or near HARE STREET,E01021842,Harlow 004D,Investigation complete; no suspect identified
a6698f9629cf54c5ce8e18ed0219c195ffb5f4c9da470c24ff2a6ed131565b76,2018-12,Essex Police,Essex Police,0.452281,51.571751,On or near Park/Open Space,E01021319,Basildon 017E,Unable to prosecute suspect
d51d496ee55b29a0b3c70649a5fd3e4f3315fb6d2303844fa0e9e50391171fdd,2018-12,Essex Police,Essex Police,1.289363,51.945382,On or near KINGS QUAY STREET,E01021998,Tendring 001B,Suspect charged
d3614e8b8107bd8ca5fb85a6451d12eac0662de0126d0f6fd6661e71906237b7,2018-12,Essex Police,Essex Police,-0.003372,51.686286,On or near SILVER STREET,E01021818,Epping Forest 009C,Investigation complete; no suspect identified
38b86f3811e6aee90170f820335472ccabc5716f7ab7ee1ea5a3e8766dcea523,2018-12,Essex Police,Essex Police,0.443854,51.742131,On or near MEDWAY CLOSE,E01021599,Chelmsford 009C,Investigation complete; no suspect identified
639f80feb9d21cf0edea1a81491e5c79754a14a82ce9c73b4a403d331d227db9,2018-12,Essex Police,Essex Police,0.103993,51.768672,On or near GREEN PARK,E01021849,Harlow 003A,Investigation complete; no suspect identified
766b10ce7446b2fdf01e3132d5b7f06ded531813c602a7934f116c194938d3b8,2018-12,Essex Police,Essex Police,0.067726,51.753992,On or near Pedestrian Subway,E01021829,Harlow 009A,Investigation complete; no suspect identified
3111aff52cf7b95f4bc4235fe165b5e350557cb01b22f135be554e35cc130312,2018-12,Essex Police,Essex Police,0.479589,51.728594,On or near Supermarket,E01033140,Chelmsford 010F,Investigation complete; no suspect identified
77bedf6847b257818775340fcd77da9e7f0ed4785537997bc20de8773691c54f,2018-12,Essex Police,Essex Police,0.551130,51.549939,On or near DOVE DRIVE,E01021521,Castle Point 007B,Investigation complete; no suspect identified
7c447d72bff81a717d7185a7169b4d189afa6278a06819cd2c9c522908dcfe37,2018-12,Essex Police,Essex Police,0.657678,51.607847,On or near THE ACORNS,E01021938,Rochford 003F,Local resolution
73e95ecc86b4a212d05fd2bb55edab1218780d9c8ac600d4061b17e8d0936366,2018-12,Essex Police,Essex Police,0.592497,51.521692,On or near FURTHERWICK ROAD,E01021498,Castle Point 011B,Investigation complete; no suspect identified
2220869ce267ab3cedd982fa8cddb28d7bce2e6811971894ae6882b08b3e8327,2018-12,Essex Police,Essex Police,0.680284,51.552463,On or near WESTBOURNE GROVE,E01015822,Southend-on-Sea 005C,Investigation complete; no suspect identified
9e91d0bb9034ae5f1dafb6f48c35c9cfb8f2019fd7c8494667f98ef71e8857a6,2018-12,Essex Police,Essex Police,0.873318,51.869024,On or near HARVEY ROAD,E01021711,Colchester 015A,Unable to prosecute suspect
be91d471bb311098e57d168fac05963c97c5551d80ee3ef7832ee27a03b1eabc,2018-12,Essex Police,Essex Police,0.281698,51.489840,On or near Parking Area,E01016011,Thurrock 015B,Local resolution
ffb6b086cf059b52d47c3c7f43812d276e850db991e66d8d23d1b98c772d9117,2018-12,Essex Police,Essex Police,0.621977,51.630226,On or near Sports/Recreation Area,E01021942,Rochford 001A,Investigation complete; no suspect identified
16bc1442fdc68ae13fdbc238478fe30bc2798025763785ae157bc7595e18b409,2018-12,Essex Police,Essex Police,0.523443,51.861360,On or near HIDCOTE WAY,E01021385,Braintree 013D,Investigation complete; no suspect identified
862d8ce984797a8c6a18b8f312aabc8dc05715970bab6e516e9a0a7b9c48a45d,2018-12,Essex Police,Essex Police,0.466294,51.567222,On or near GUN HILL PLACE,E01021295,Basildon 020B,Investigation complete; no suspect identified
eaf840ef4684d73b942ea92fa7d8f2818311b6d7ba181f961b27e00503af37f6,2018-12,Essex Police,Essex Police,0.778362,51.528200,On or near CHURCH CLOSE,E01015920,Southend-on-Sea 017G,Unable to prosecute suspect
521f7cfdc608f5088bcf27cfdad5ec02360ac8d1cb3be07c3760581505203d52,2018-12,Essex Police,Essex Police,0.563536,51.573789,On or near CARTWRIGHT ROAD,E01021528,Castle Point 002D,Investigation complete; no suspect identified
521f7cfdc608f5088bcf27cfdad5ec02360ac8d1cb3be07c3760581505203d52,2018-12,Essex Police,Essex Police,0.563536,51.573789,On or near CARTWRIGHT ROAD,E01021528,Castle Point 002D,Investigation complete; no suspect identified
521f7cfdc608f5088bcf27cfdad5ec02360ac8d1cb3be07c3760581505203d52,2018-12,Essex Police,Essex Police,0.563536,51.573789,On or near CARTWRIGHT ROAD,E01021528,Castle Point 002D,Investigation complete; no suspect identified
78b72af61681d165ab45e5ec5a16824e1f163a5db4ec886def52457de2bcdac9,2018-12,Essex Police,Essex Police,1.199649,51.805631,On or near SAXON WAY,E01022008,Tendring 012A,Investigation complete; no suspect identified
9fd1f5d0c6174ba63c0a91d164eb3786eaa5e94a77464dcf3c1769203e3aaf49,2018-12,Essex Police,Essex Police,0.524480,51.861724,On or near TIMBERS CLOSE,E01021385,Braintree 013D,Investigation complete; no suspect identified
f7330b3e97f4177ee3f464d86c1896e3d7661ba8ca11ef725edc045379bd64fe,2018-12,Essex Police,Essex Police,0.713510,51.594392,On or near DOGGETTS CHASE,E01021953,Rochford 004C,Investigation complete; no suspect identified
37261f84ad837a303508e864801ab25eebd2db07f805a381e2791334227209dc,2018-12,Essex Police,Essex Police,0.088038,51.768722,On or near WEDHEY,E01021842,Harlow 004D,Unable to prosecute suspect
a33bf4180f3c4e0f58988f529a3b88af065c92acd5b7563bbd2b189927c4f441,2018-12,Essex Police,Essex Police,0.705899,51.543115,On or near BOSTON AVENUE,E01015896,Southend-on-Sea 010B,Investigation complete; no suspect identified
1c446f01be461d43e8a043b1a319f52965bd5dbb7db320f1e18d899bacac6953,2018-12,Essex Police,Essex Police,0.661335,51.565666,On or near BROOKLANDS AVENUE,E01015835,Southend-on-Sea 001C,Unable to prosecute suspect
ca265a79472a6e72ce498d8aaaf0ea8f2feb26ce89ce872a7c4144dc2922cdee,2018-12,Essex Police,Essex Police,0.276108,51.838332,On or near BOXLEY LANE,E01022059,Uttlesford 009A,Investigation complete; no suspect identified
6c206c88e227ddba05817473c09bd6c07a7a911dcf7db053348f0f8e7bfb1adc,2018-12,Essex Police,Essex Police,0.709094,51.540820,On or near Supermarket,E01015895,Southend-on-Sea 010A,Suspect charged
7aebfad00be71f213c8c12ba77bfc7817fa3b5e3c1d82b468212cff533b9dad1,2018-12,Essex Police,Essex Police,0.900116,51.889231,On or near Shopping Area,E01021649,Colchester 007D,Suspect charged
c24245c90730500e736ca531f7c5ba267403ffaa0f4be273c2db5cd2af93a7f0,2018-12,Essex Police,Essex Police,0.669305,51.567472,On or near WHITEHOUSE MEADOWS,E01015863,Southend-on-Sea 002A,Investigation complete; no suspect identified
441ac01032077a926c2e4ba384fe782d38cd934f3c09fc9a392863facef37f80,2018-12,Essex Police,Essex Police,0.655381,51.566268,On or near MANSEL CLOSE,E01015835,Southend-on-Sea 001C,Unable to prosecute suspect
4b79ac0954b6f6bfe07dbb76dda91f96d09094362525f47d0acf2c8b53864a33,2018-12,Essex Police,Essex Police,0.124276,51.755214,On or near BROOKLANE FIELD,E01021835,Harlow 008C,Unable to prosecute suspect
2e196605db0aee690964bc86de19bf5f366a97a51a9afc739c1cd3cf7e38fe80,2018-12,Essex Police,Essex Police,0.484223,51.560719,On or near SWANSTEAD,E01021325,Basildon 019D,Investigation complete; no suspect identified
1775ca6c550ccbfa835e1f695753ed817303e2f09315aebfc74a2fb310508bc8,2018-12,Essex Police,Essex Police,1.289363,51.945382,On or near KINGS QUAY STREET,E01021998,Tendring 001B,Investigation complete; no suspect identified
c257055006b3d286a35956dd7c2e528fc88f6ea071853273d2d87234845e71d0,2018-12,Essex Police,Essex Police,0.049948,51.643534,On or near SALCOMBE PARK,E01021782,Epping Forest 014C,Investigation complete; no suspect identified
4c63d12606ff7253b57855b0fa1561bfb16a743117caf006e7cf9f6fb494524a,2018-12,Essex Police,Essex Police,0.328649,51.630261,On or near Supermarket,E01021465,Brentwood 005D,Investigation complete; no suspect identified
06cbc696b1ee43d790d50570d973aed590cef852d6021ccf151040122188a761,2018-12,Essex Police,Essex Police,0.993440,51.958869,On or near HIGH STREET,E01021656,Colchester 001B,Investigation complete; no suspect identified
723aadba7de9200fd53f160068a1d31afdfe0b445b93509bafb684811181d6e8,2018-12,Essex Police,Essex Police,0.631674,51.794767,On or near WINDSOR CLOSE,E01033462,Braintree 017H,Unable to prosecute suspect
f6a1cdc0b4216f8d4ec5cbfddc6394b5a72f47697b8003ead1c955eabe34e1bf,2018-12,Essex Police,Essex Police,0.031578,51.633863,On or near Petrol Station,E01021746,Epping Forest 015E,Investigation complete; no suspect identified
c87535ce542a929c3a293bb268c9f9ea6bd8a644353f684e47c31ec5e3f672d7,2018-12,Essex Police,Essex Police,0.460775,51.569775,On or near Parking Area,E01021318,Basildon 015C,Investigation complete; no suspect identified
05479a611c5fdda98131794461f12fe424e052df8539401b948b826270039057,2018-12,Essex Police,Essex Police,0.661335,51.565666,On or near BROOKLANDS AVENUE,E01015835,Southend-on-Sea 001C,Unable to prosecute suspect
c6a1a59ef2a834291fc7a464227b271891d8ff7e6fa1c3170ee59407131eb5e0,2018-12,Essex Police,Essex Police,0.361679,51.461709,On or near CALCUTTA ROAD,E01016009,Thurrock 018G,Investigation complete; no suspect identified
c5fcd1f332ea640309a55ee34e0361f799d6c2d30f2e7380738bc9cfec25643b,2018-12,Essex Police,Essex Police,0.281698,51.489840,On or near Parking Area,E01016011,Thurrock 015B,Local resolution
d41e502edb9199e733a486b1edb73249acc42835cc3bfeb0376e5e2c900aca8e,2018-12,Essex Police,Essex Police,0.460775,51.569775,On or near Parking Area,E01021318,Basildon 015C,Investigation complete; no suspect identified
320627c9f5770d64a109e40dcb0197056a4b4b27f05be64b2a04cd65b13b00fe,2018-12,Essex Police,Essex Police,0.448766,51.522731,On or near PEARSONS,E01015983,Thurrock 002B,Offender given a caution
c3964ffff72cfc96ac69dcbe3492dd581d89f9fcfad1a5ab69dbd7f3427b6449,2018-12,Essex Police,Essex Police,0.388403,51.756437,On or near A1060,E01021550,Chelmsford 003A,Investigation complete; no suspect identified
386664faa6efc1adc258773765137296df2d92136197ea02cc8d1fbdaa600fda,2018-12,Essex Police,Essex Police,0.326119,51.472186,On or near THAMES ROAD,E01015954,Thurrock 017D,Investigation complete; no suspect identified
1af38a620407c967da584b8bfbfa29fd5819726018e0ca76b396172a78b34d75,2018-12,Essex Police,Essex Police,0.285222,51.484852,On or near Parking Area,E01016011,Thurrock 015B,Local resolution
1749734f2afe690f0d6970d2eed4bbbba2f75d52abeb021dd991da939602a58b,2018-12,Essex Police,Essex Police,0.478813,51.571077,On or near BROWNLOW GREEN,E01021320,Basildon 015D,Investigation complete; no suspect identified
d1d9619b54b0a465d3f97af03da2423279de53827c6ea691bee945e5989f3ab6,2018-12,Essex Police,Essex Police,0.282488,51.487496,On or near Shopping Area,E01016011,Thurrock 015B,Investigation complete; no suspect identified
7a569c440adf943542d673502d80cde6339e8708ee3133a733863602edfbbaa2,2018-12,Essex Police,Essex Police,0.281531,51.509871,On or near DERRY AVENUE,E01015972,Thurrock 006C,Unable to prosecute suspect
3fad448c9b7530d495c439ccb2841cac8f064e7885cb21e7e1d289bad8b09b49,2018-12,Essex Police,Essex Police,0.714390,51.538674,On or near Parking Area,E01015852,Southend-on-Sea 015B,Investigation complete; no suspect identified
dc332d50d78a2efee4ff889945f3ecd171733a60e49530a84812ee5256c2aea5,2018-12,Essex Police,Essex Police,0.285222,51.484852,On or near Parking Area,E01016011,Thurrock 015B,Suspect charged
bd3058c4bded55d56ff8b9843df6bac381ff17eaf4c83f4708d970c85311af20,2018-12,Essex Police,Essex Police,0.851920,51.953229,On or near Sports/Recreation Area,E01021660,Colchester 003A,Unable to prosecute suspect
552033d8e1d85d37304dbd2d5eacd97bdc1ac3acc23c5dd7df005e3dceb6fd92,2018-12,Essex Police,Essex Police,0.458240,51.569324,On or near Supermarket,E01021318,Basildon 015C,Suspect charged
4f39c67385e16c44bad0457078a46b8a27d7eee346d6cca873832ef079fb02ab,2018-12,Essex Police,Essex Police,0.106661,51.747842,On or near GIBB CROFT,E01021858,Harlow 010B,Investigation complete; no suspect identified
801d5c9832025cc9e58aef3efe80e30a9badfaad095532c03e63f5ce7726e3be,2018-12,Essex Police,Essex Police,0.594395,51.522108,On or near Parking Area,E01021498,Castle Point 011B,Investigation complete; no suspect identified
d75477fb636f3c84dc1d92ff89ccfa29952a9973a6bfe52c3dead11e45804cea,2018-12,Essex Police,Essex Police,0.615301,51.553328,On or near THE AVENUE,E01021518,Castle Point 006B,Investigation complete; no suspect identified
fe75f95a7bf0fb85e8c85bbe3f318f32e1553e527da7a8062815973ff7b079d2,2018-12,Essex Police,Essex Police,0.093567,51.769182,On or near Shopping Area,E01021872,Harlow 007E,Local resolution
afd16271e91d4597130bc9dfb5a9fd82f513aaddd94e5231621025215ea356ec,2018-12,Essex Police,Essex Police,0.093567,51.769182,On or near Shopping Area,E01021872,Harlow 007E,Local resolution
6a185fc0b9f9e475b69c69351300b915983fc7f83211facbd6e259c4d3a53f81,2018-12,Essex Police,Essex Police,0.465733,51.754983,On or near CORNWALL CRESCENT,E01021588,Chelmsford 006B,Investigation complete; no suspect identified
420d0f3601f7a382d7f9a4cf557ad5699b7c9240ff7f5a95ebc6d3a80f9d94e7,2018-12,Essex Police,Essex Police,0.656969,51.600408,On or near SOUTHEND ROAD,E01021937,Rochford 003E,Investigation complete; no suspect identified
85ef8f61206f899fb823cc766f663fd2aef09a03bacd4d98bd26058091907b48,2018-12,Essex Police,Essex Police,0.896444,51.887271,On or near ESSEX STREET,E01021649,Colchester 007D,Offender given a drugs possession warning
ed09d5c4728073c0f670cc301484468d6db87ae1c7221c530b7680d6085ca82f,2018-12,Essex Police,Essex Police,0.336191,51.475134,On or near CHURCH STREET,E01015962,Thurrock 016E,Investigation complete; no suspect identified
c441c3331f8bc2b7e2f833d2c1722f2d26b13b23c1ac41e5091d96c3adc05dc5,2018-12,Essex Police,Essex Police,0.597808,51.557233,On or near PINETREES,E01021482,Castle Point 006A,Local resolution
e07a167a8f65eac677d35c77a5c9dcdde654dea723e701615d287413c98a8d1b,2018-12,Essex Police,Essex Police,0.325819,51.499118,On or near CHAFFORD WAY,E01015996,Thurrock 009F,Investigation complete; no suspect identified
5f00a442fea08f883222ca662fcdd389f05be5f77f9d9fc4cdd14a8dd49ae53e,2018-12,Essex Police,Essex Police,0.894589,51.886462,On or near Police Station,E01021651,Colchester 013A,Suspect charged
15653a12989ae68f30ef35e6ddc9ad34065ba02263400bfa0493805ef99345c2,2018-12,Essex Police,Essex Police,0.613680,51.627677,On or near RIVERVIEW WALK,E01021942,Rochford 001A,Investigation complete; no suspect identified
243adbd02083022017d2853e9fa8cee460b9e0d6fee85e2eb23d29dd1da9b0d1,2018-12,Essex Police,Essex Police,0.790894,51.880155,On or near LONDON ROAD,E01021678,Colchester 010E,Suspect charged
c12748f545bc103dbc64e282d3fab08c478a40b69037ed7d392308de42ce717f,2018-12,Essex Police,Essex Police,0.866678,51.877676,On or near PLUME AVENUE,E01021689,Colchester 014A,Investigation complete; no suspect identified
95bd8107bfbc2ee808425b78b60961cf0125b2a88091078c57cac5038c06a06e,2018-12,Essex Police,Essex Police,0.762072,51.542534,On or near BROADCLYST GARDENS,E01015885,Southend-on-Sea 009C,Unable to prosecute suspect
88cc480fd9e603ed59069c45f7955d217fd028dc60117239dcd9a2dabf70891f,2018-12,Essex Police,Essex Police,0.790894,51.880155,On or near LONDON ROAD,E01021678,Colchester 010E,Suspect charged
8363abcae242cf124244c9b560878b9dda563fa94becc3984959cc66952de139,2018-12,Essex Police,Essex Police,0.905184,51.896589,On or near Theatre/Concert Hall,E01021647,Colchester 007B,Investigation complete; no suspect identified
e64dbe1b93d9e097204e8922f0045ac968426ed592e367fbdcffb415845b07c4,2018-12,Essex Police,Essex Police,0.300949,51.615133,On or near GRESHAM ROAD,E01021436,Brentwood 007B,Suspect charged
4844a6f0584e3daa2855a59b2a206fa2ccf274dfd75a45b80d6f9e1d4d77c5a8,2018-12,Essex Police,Essex Police,0.041491,51.636748,On or near AVENUE GATE,E01021780,Epping Forest 014A,Investigation complete; no suspect identified
ca64e179667058cbbe5cc35c578e6ffc87b8e35a6652aec02ba699ca39d4f994,2018-12,Essex Police,Essex Police,0.663180,51.719502,On or near Petrol Station,E01021896,Maldon 005D,Investigation complete; no suspect identified
633d8d2ad28c5fb7303bb22e63de277346f9a0ea7cd754baa0beeaedf3eee341,2018-12,Essex Police,Essex Police,1.144116,51.910446,On or near GLEBE CLOSE,E01021978,Tendring 003A,Investigation complete; no suspect identified
e5962c0334bd3994efa07f97db74e2cc9187638b06f504c16f7f2908ef5885e6,2018-12,Essex Police,Essex Police,0.243209,51.877938,On or near TAYLORS END ROAD,E01022090,Uttlesford 006B,Offender given a drugs possession warning
d61e92977028f9b6e37efb5a451807c44b8b2dd8b533dad7e75ed62196d3b114,2018-12,Essex Police,Essex Police,0.567412,51.519635,On or near Petrol Station,E01021501,Castle Point 011D,Investigation complete; no suspect identified
94c9edd9b6da09dc243dc5efb79689ebef5cfb8958da90cc8fa62c136d1a3b29,2018-12,Essex Police,Essex Police,0.131431,51.779769,On or near Pedestrian Subway,E01021856,Harlow 001C,Investigation complete; no suspect identified
b984178dc600693d9271af137309e8e48dcd8e3d2bab021d9b81e03cab332e63,2018-12,Essex Police,Essex Police,0.462750,51.565722,On or near TERLING,E01021296,Basildon 020C,Investigation complete; no suspect identified
e48f44072ee1d517457ee2624c0250c05fc9df815a38de21542e37ac08a993c2,2018-12,Essex Police,Essex Police,0.500956,51.749158,On or near MARIGOLD CLOSE,E01021621,Chelmsford 007B,Local resolution
f06f7aee729963d531b4844d8fcf2cf53bd7dfb6f26350065f1f1539ac8b2030,2018-12,Essex Police,Essex Police,1.141386,51.827575,On or near THE STREET,E01022016,Tendring 007C,Investigation complete; no suspect identified
a69023554b8d4a22e06c5c0c7e3a48b18c27666a77d750390acdb80014410bc0,2018-12,Essex Police,Essex Police,0.899183,51.910173,On or near Hospital,E01021682,Colchester 004D,Suspect charged
b05fc83d53effc0f577815bc4074956f4e7896f8bf524c8f94d4c4ab994267a4,2018-12,Essex Police,Essex Police,0.375872,51.679999,On or near BACK LANE,E01021457,Brentwood 002A,Investigation complete; no suspect identified
83f95dd1b4de2e0b93a5803148d9acfd67de3b84b44741398b3486af007529a2,2018-12,Essex Police,Essex Police,0.449532,51.747201,On or near MURCHISON CLOSE,E01021596,Chelmsford 006E,Unable to prosecute suspect
5d2e0acb0868c65f7fbe6b64c6e489b3c4f6de34eb5d3d0ba892e912e85120da,2018-12,Essex Police,Essex Police,0.243209,51.877938,On or near TAYLORS END ROAD,E01022090,Uttlesford 006B,Offender given a drugs possession warning
f8d6fd9ffaab35357f445643099332904dc5ccbcf3b15b73ac3e8cd667918dab,2018-12,Essex Police,Essex Police,0.039186,51.681985,On or near SOUTHEND LANE,E01021806,Epping Forest 009A,Investigation complete; no suspect identified
b83a668ef950f6636dbbb5299896c5e864fc4b7c94377e98d96be71c1160c076,2018-12,Essex Police,Essex Police,0.790894,51.880155,On or near LONDON ROAD,E01021678,Colchester 010E,Suspect charged
671f0fe5399d9f879addce4c093268099faab2bb269e65c55584e6c262b92a2b,2018-12,Essex Police,Essex Police,0.499167,51.749825,On or near SUNFLOWER CLOSE,E01021621,Chelmsford 007B,Local resolution
240d787b94e604675b269be23c6dc087af7f0b9888c32f4562e356efeb3bfd4f,2018-12,Essex Police,Essex Police,0.473482,51.731591,On or near BARRACK SQUARE,E01033140,Chelmsford 010F,Investigation complete; no suspect identified
b1d025ce59053fba4887ff6dacbb161beffd40a0331f6356811cda445ed38564,2018-12,Essex Police,Essex Police,0.246591,51.703398,On or near CASTLE STREET,E01021753,Epping Forest 004A,Investigation complete; no suspect identified
0a98ab1673bef5b5fcbacfff6869c15cb3c545bb1956c715f55cd10336a0ab96,2018-12,Essex Police,Essex Police,0.284143,51.486609,On or near Shopping Area,E01016011,Thurrock 015B,Investigation complete; no suspect identified
21ddd28145df3b52b84379f114d199175c72c166d95ee5aebcfe8ef1c524ef6b,2018-12,Essex Police,Essex Police,0.275564,51.489033,On or near Supermarket,E01016012,Thurrock 015C,Investigation complete; no suspect identified
19798e3246d2337ad123a99b81637fcd9c8b322ab689c2f6dc3a3d3ee4386ad2,2018-12,Essex Police,Essex Police,1.164592,51.792954,On or near RUSSELL ROAD,E01022048,Tendring 014C,Investigation complete; no suspect identified
15fefbf925fd966e9d10bb5b8933cebeb6c194e66dcc6508d1783e38571618f4,2018-12,Essex Police,Essex Police,0.717415,51.549513,On or near RUSKIN AVENUE,E01015897,Southend-on-Sea 010C,Unable to prosecute suspect
780ce9931265666f457b870ab195d815d7f2ad3a56de265c4a6a8cfda07a2f73,2018-12,Essex Police,Essex Police,0.495013,51.723870,On or near LONGMORE AVENUE,E01021563,Chelmsford 014B,Suspect charged
64efd8af9fc2418fca874e167bd7414bb429877601661fc223b8a1843190b871,2018-12,Essex Police,Essex Police,0.495013,51.723870,On or near LONGMORE AVENUE,E01021563,Chelmsford 014B,Suspect charged
608e42bd56af345975acba6679a629aefa99bbced0e3b81fd531c01936402073,2018-12,Essex Police,Essex Police,0.894589,51.886462,On or near Police Station,E01021651,Colchester 013A,Suspect charged
bc55a5a77576a443a83493154957621e971bb599e3a497d4db6d7318817ad710,2018-12,Essex Police,Essex Police,0.455025,51.557871,On or near FOBBING FARM CLOSE,E01021297,Basildon 020D,Suspect charged
59d1947a4a8fcaa5df0f256ddab0f0a0b8e9315cd91d4197a6896d2dcdb79567,2018-12,Essex Police,Essex Police,0.484670,51.724071,On or near BADDOW ROAD,E01021563,Chelmsford 014B,Suspect charged
701721f24c84c9a235335035042642c9b4937f4b0f8b07d9eb27c7f5cf9a6558,2018-12,Essex Police,Essex Police,0.484670,51.724071,On or near BADDOW ROAD,E01021563,Chelmsford 014B,Suspect charged
6eca83c0d50b922118eabe4ac130aa06dd6421f03458239de882d1d2daab6a13,2018-12,Essex Police,Essex Police,0.495013,51.723870,On or near LONGMORE AVENUE,E01021563,Chelmsford 014B,Suspect charged
546c61ee516b970b5f827665feb77263c766c6f4dfa697a64029a6d646129fa3,2018-12,Essex Police,Essex Police,0.495013,51.723870,On or near LONGMORE AVENUE,E01021563,Chelmsford 014B,Suspect charged
27db98f83526c15bc32c240139aa8edb8704b99ff55c2d1fc88da7988a6385e7,2018-12,Essex Police,Essex Police,0.488125,51.579603,On or near SOUTHCOTE SQUARE,E01021269,Basildon 012C,Unable to prosecute suspect
1ad8731510c8a4793c4e1638fbb087fe93481e35ab0c0e8d148b55d675c03fde,2018-12,Essex Police,Essex Police,0.715713,51.550245,On or near STUART CLOSE,E01015874,Southend-on-Sea 006F,Unable to prosecute suspect
6e95f0ccb2f660ca704d01f6c1fe200b5d09da949d4cf5fd29df170f49bd2449,2018-12,Essex Police,Essex Police,0.926501,51.872524,On or near Bus/Coach Station,E01021666,Colchester 016E,Investigation complete; no suspect identified
2fb6e9fe3668f9d97e283cf143f8b6a470c899790db9c47834fd2198c386b8f2,2018-12,Essex Police,Essex Police,0.212896,51.981313,On or near CHESTNUT COURT,E01022072,Uttlesford 003C,Unable to prosecute suspect
6654d377ea38646c0e071c19bcce9d2684196566c3dc646821abbb63acae0f96,2018-12,Essex Police,Essex Police,0.231669,51.485749,On or near CHIEFTAN DRIVE,E01016014,Thurrock 015E,Unable to prosecute suspect
2393269ac7c2d19282c076d0da7d320dd6f8c4c024dbd12cd10c1bf22edc9fae,2018-12,Essex Police,Essex Police,,,No location,,,Investigation complete; no suspect identified
adc8f893607036e65c271f9217d298157d08d1280c8850daf1c61768c176c320,2018-12,Essex Police,Essex Police,0.624734,51.802629,On or near CROUCH DRIVE,E01021429,Braintree 016D,Investigation complete; no suspect identified
bc9baa70b19684049defb33daf4a9b3fc7cb079d7e8ad103efefd6f80c6f6c7c,2018-12,Essex Police,Essex Police,0.099202,51.756006,On or near PARTRIDGE ROAD,E01021871,Harlow 007D,Unable to prosecute suspect
03463a471c5b1326474a53a052dc1fbbc5451597c1d530ef33dbfec836e1649d,2018-12,Essex Police,Essex Police,0.104773,51.747426,On or near SIBNEYS GREEN,E01021858,Harlow 010B,Unable to prosecute suspect
338fa6739f74b2382b429e6f42a46bb0c132ead34c975d5c849aeaa8eb6850d2,2018-12,Essex Police,Essex Police,0.581746,51.516155,On or near LAMBOURNE,E01021502,Castle Point 011E,Unable to prosecute suspect
40575d4e8e0adea665a63091b5407ff820c57ca0f86238297308f2fd218baa07,2018-12,Essex Police,Essex Police,0.193109,51.872201,On or near DUNMOW ROAD,E01022087,Uttlesford 005F,Investigation complete; no suspect identified
439e3f6ec571dcdaecbf233673f904ef72b5c72dd662604fa7b15c85cb1666a1,2018-12,Essex Police,Essex Police,0.249467,51.628883,On or near Park/Open Space,E01021468,Brentwood 006D,Unable to prosecute suspect
9dc1ad5aae62ec8f97109be8630d0ebb64909b69a3cbc1babe6dd2f288a046c6,2018-12,Essex Police,Essex Police,0.061690,51.674551,On or near EPPING NEW ROAD,E01021787,Epping Forest 012B,Investigation complete; no suspect identified
32ad4192ee7395c21c14bcfdd0b22f52e49cc0ed5f5ecdce6392175d1a325c44,2018-12,Essex Police,Essex Police,0.472987,51.734470,On or near NEW STREET,E01033140,Chelmsford 010F,Investigation complete; no suspect identified
d1a346f908567fd3bb6479e34e03ff24e3f7af9b312435b46843f3e749a59be5,2018-12,Essex Police,Essex Police,0.297875,51.619779,On or near WESTERN GARDENS,E01021434,Brentwood 004C,Unable to prosecute suspect
7fe3d8df1a29d19e51500bcc9675b53ec21443770df7052a9c77cfadcd38142c,2018-12,Essex Police,Essex Police,0.501237,51.723045,On or near BRAMSTON CLOSE,E01021560,Chelmsford 013B,Investigation complete; no suspect identified
810a8e004750675d85864618a088e76dbaab96cfc68c75f8f59303d528340233,2018-12,Essex Police,Essex Police,0.092664,51.777866,On or near NEWSTEAD WAY,E01021843,Harlow 004E,Unable to prosecute suspect
edaae673a577009803b28691a6d4910228cb747b51460fde3e457f189ce2caf0,2018-12,Essex Police,Essex Police,0.297875,51.619779,On or near WESTERN GARDENS,E01021434,Brentwood 004C,Investigation complete; no suspect identified
c3128fcd2efdb630a6323814494849780654b437afafb647e4e43f3f7829fd34,2018-12,Essex Police,Essex Police,0.483178,51.559815,On or near GAMBLESIDE,E01021325,Basildon 019D,Suspect charged
8ea10c70ce10331d8b5115b26c5552641f922cf73e055b732a9690e8767b4c80,2018-12,Essex Police,Essex Police,0.879465,51.879036,On or near ALPORT AVENUE,E01021713,Colchester 015C,Offender given a drugs possession warning
c01d1a5996dac69f7214267ba1d8dad3f4e405eae5286760145c8beedc937f52,2018-12,Essex Police,Essex Police,0.695863,51.551459,On or near CLEVELAND DRIVE,E01015862,Southend-on-Sea 004F,Unable to prosecute suspect
aa53b3eb1aa3c40ab8e098e449281c0fce468cb2399c0233c5c21f0d6249f7e8,2018-12,Essex Police,Essex Police,0.695863,51.551459,On or near CLEVELAND DRIVE,E01015862,Southend-on-Sea 004F,Unable to prosecute suspect
359a8122d9d486b829d99d6d3a5942420fd563a9050ec4c55537a63fc51342ac,2018-12,Essex Police,Essex Police,0.677199,51.731325,On or near Supermarket,E01021890,Maldon 004B,Unable to prosecute suspect
df5ad671bb18e3585f138f0be9be1cb7ee71948d4a8a54710ca934976e9e6670,2018-12,Essex Police,Essex Police,0.677199,51.731325,On or near Supermarket,E01021890,Maldon 004B,Unable to prosecute suspect
329d9457778467e04897768d2df5091163d81527b28bc37035fff321448e02c6,2018-12,Essex Police,Essex Police,0.897934,51.888970,On or near Shopping Area,E01021649,Colchester 007D,Offender given a drugs possession warning
933a3e1de8de0bcf4625156ff768798bfc9a881b55404cb418dee356b77aeb48,2018-12,Essex Police,Essex Police,0.469495,51.755947,On or near BERWICK AVENUE,E01021588,Chelmsford 006B,Suspect charged
f9eca975fce1cb9ea641629448c875cf289e461286abf9019b6f3910c3ea3372,2018-12,Essex Police,Essex Police,0.611825,51.520867,On or near BARDENVILLE ROAD,E01021492,Castle Point 009A,Unable to prosecute suspect
9db1d4b886f7e8931159cfc1e9d074142062db5151db72156560c118edf9f52a,2018-12,Essex Police,Essex Police,0.469495,51.755947,On or near BERWICK AVENUE,E01021588,Chelmsford 006B,Suspect charged
f12ca5a8d0bff0ae80a4d811640067646f4f4cebee46c0d1bdee70d216639816,2018-12,Essex Police,Essex Police,0.633390,51.940282,On or near CUTTING DRIVE,E01021393,Braintree 004E,Suspect charged
ae2861537299c887f85f50cfc6f241de4eca1040689dac781503164a9f4053df,2018-12,Essex Police,Essex Police,0.899875,51.890226,On or near Nightclub,E01021649,Colchester 007D,Unable to prosecute suspect
c3c1dba50d49f42fe047ae549971eef8606773a913583838849f5c62529fddfb,2018-12,Essex Police,Essex Police,0.664271,51.543079,On or near LEIGH ROAD,E01015846,Southend-on-Sea 011B,Investigation complete; no suspect identified
2db82055ead545b2e14e7350a259de2e321af41df9e9750d1535bd4049bbb800,2018-12,Essex Police,Essex Police,-0.000515,51.687110,On or near DARBY DRIVE,E01021818,Epping Forest 009C,Investigation complete; no suspect identified
638d6e7f00880bb8e4cc03f2acc8adae0aee6fab7b82e30e5c9afce503f57b16,2018-12,Essex Police,Essex Police,0.493487,51.577880,On or near CHICHESTER CLOSE,E01021269,Basildon 012C,Unable to prosecute suspect
21220af858c8e127113fb2b81f88ad189aa4e9492fed5ae167aa1348473026da,2018-12,Essex Police,Essex Police,0.900413,51.887074,On or near WHITEWELL ROAD,E01021649,Colchester 007D,Unable to prosecute suspect
4ab7722e3871e19a07c4f0dd2e9e778a844f30711423a4a69f9e4c590fadd02d,2018-12,Essex Police,Essex Police,0.413130,51.637979,On or near WELLINGTON MEWS,E01021248,Basildon 002C,Unable to prosecute suspect
775a4d4463a88168c41c17d9ff29ee318fe2444b54ccdbcb207890ee33028ea4,2018-12,Essex Police,Essex Police,0.633390,51.940282,On or near CUTTING DRIVE,E01021393,Braintree 004E,Suspect charged
a71db8453d386653f4848577d79923263efb869a53d8fb38ee95a2b5fdd1e9cc,2018-12,Essex Police,Essex Police,0.903906,51.862570,On or near MIDDLEWICK CLOSE,E01021641,Colchester 018E,Unable to prosecute suspect
63d78070c5ae7dbe3aba707ed7f59d59d19a084afea0fa9517007bd3d9779999,2018-12,Essex Police,Essex Police,0.913705,51.886287,On or near BROOK STREET,E01021686,Colchester 011D,Offender given a caution
0a5eec25b13c1df1817ebd64db278dca3bd1e29e5a13ecd4fd7a976d723465f3,2018-12,Essex Police,Essex Police,0.638244,51.808424,On or near BRAINTREE ROAD,E01021416,Braintree 017B,Unable to prosecute suspect
66ac3ee6dab859c7f0efd3af9a05ea021ed7cf9e3785428e16d9186dc831d580,2018-12,Essex Police,Essex Police,-0.000515,51.687110,On or near DARBY DRIVE,E01021818,Epping Forest 009C,Unable to prosecute suspect
eb9273eab0837e448ae537496e031ace7bd8339d45e6b911fb7837ee016ae928,2018-12,Essex Police,Essex Police,0.443008,51.749262,On or near CHILTERN CLOSE,E01021597,Chelmsford 003B,Unable to prosecute suspect
7a6bed65877f0222f86273c6879d0654c4f2ddb12dbec017e6266a42665cc918,2018-12,Essex Police,Essex Police,1.284054,51.941438,On or near ALEXANDRA STREET,E01021998,Tendring 001B,Suspect charged
fbec32b3a6acb8607ad5220cd4257534dcdd4ebcdd124cea73ca86a84d9efcef,2018-12,Essex Police,Essex Police,0.443008,51.749262,On or near CHILTERN CLOSE,E01021597,Chelmsford 003B,Unable to prosecute suspect
6b068a99a33d729410c430a6845c8b6ec6ca70242bdb77bb0cd613d9d74bc8ac,2018-12,Essex Police,Essex Police,1.284054,51.941438,On or near ALEXANDRA STREET,E01021998,Tendring 001B,Suspect charged
625c1504501c6b9e847515f2673d468aeb8e7e88bab9867db5fadff60f8b7ef2,2018-12,Essex Police,Essex Police,1.152103,51.794810,On or near WELLESLEY ROAD,E01022043,Tendring 014B,Unable to prosecute suspect
ab2e805bb52072d623ae4d95bfe10318b4ddffde351c8cf95aa241f46ff51b29,2018-12,Essex Police,Essex Police,0.672053,51.546158,On or near LONDON ROAD,E01015823,Southend-on-Sea 005D,Unable to prosecute suspect
279303001c620d2cc54cc9c830c1ae588f3c822ec82f282de3c06ef7c9cb3c4a,2018-12,Essex Police,Essex Police,0.434981,51.647106,On or near THE VALE,E01021238,Basildon 001B,Unable to prosecute suspect
adaa75193e99ac415461797cce5b4297309ef3f83a6ea7ba0f7414a893fa122c,2018-12,Essex Police,Essex Police,0.434981,51.647106,On or near THE VALE,E01021238,Basildon 001B,Unable to prosecute suspect
fb5a2366b969bfdff13cdcf939a2df0c70490b1e2c6c40857b1eb24a3f7de656,2018-12,Essex Police,Essex Police,0.931256,51.879726,On or near QUAYSIDE DRIVE,E01033719,Colchester 008G,Unable to prosecute suspect
cb789ef9f78320a129c790fab83af8f8bd4e0f0e31e87348c6cefa43859e2b12,2018-12,Essex Police,Essex Police,0.117933,51.757774,On or near LONGFIELD,E01021823,Harlow 006D,Investigation complete; no suspect identified
9b91c5f34da8d5c8a95e04fc6d536b44366e951bdd4f04adce26fb006dedc4cd,2018-12,Essex Police,Essex Police,0.497068,51.757217,On or near HARNESS CLOSE,E01021616,Chelmsford 004A,Investigation complete; no suspect identified
8583984fc7bbf87ccec0762137853395226880dfbb9c3c9e7df5b876edd8baf5,2018-12,Essex Police,Essex Police,0.870752,51.869788,On or near DANIELL DRIVE,E01021711,Colchester 015A,Unable to prosecute suspect
2ac034b5bb1c6ea844ce6a0ab77bf7ee949ed32684531992c11e575b3e1ff802,2018-12,Essex Police,Essex Police,0.677696,51.545723,On or near SOUTHBOURNE GROVE,E01015905,Southend-on-Sea 007E,Investigation complete; no suspect identified
565eaa2bbd5bbb5a67c307685eb01cfb5b5fb2ec2ce66955439c7cb25ac659d6,2018-12,Essex Police,Essex Police,0.467459,51.563690,On or near KINGFISHERS,E01021295,Basildon 020B,Investigation complete; no suspect identified
701ec81cdcf574d41def57611d193a0058b34944f5362ead1610cc36f7d21db6,2018-12,Essex Police,Essex Police,0.626644,51.942115,On or near WINDMILL ROAD,E01021392,Braintree 004D,Investigation complete; no suspect identified
3ca6400bd06fd157c1726425daa1c5d89d123197ea405817c5aad61c81fa9f61,2018-12,Essex Police,Essex Police,0.459245,51.748644,On or near ARTHUR COURT,E01021576,Chelmsford 006A,Investigation complete; no suspect identified
2272c05cb79ff24314ac6b81a7194ab3ebfe9b1d6dcd41281823062834d2d4cf,2018-12,Essex Police,Essex Police,0.316476,51.478259,On or near GROVELANDS WAY,E01015953,Thurrock 017C,Investigation complete; no suspect identified
a9fc0076df0629f2d30248379ae13e9b209f0e79f2991454d97d6f075c2ebfd2,2018-12,Essex Police,Essex Police,0.927887,51.867920,On or near Petrol Station,E01021667,Colchester 016F,Unable to prosecute suspect
07c6c73bc1d2cdd2f1047298fadbf3f451e16f29a3d9f4d4e683964c27640660,2018-12,Essex Police,Essex Police,0.731243,51.531591,On or near RETORT CLOSE,E01015841,Southend-on-Sea 014C,Investigation complete; no suspect identified
e649fe22d993f48972e4e096e913a2f10e9b8930e8d3ac9fe6fe8dcbd34cbf8d,2018-12,Essex Police,Essex Police,0.499614,51.735355,On or near BEELEIGH LINK,E01021546,Chelmsford 008C,Unable to prosecute suspect
e869c2e794e05bd4f66064099ca82eb04505448bc665343c3f6ca455b84e8c94,2018-12,Essex Police,Essex Police,0.622053,51.584924,On or near TUDOR CLOSE,E01021951,Rochford 008B,Investigation complete; no suspect identified
1ac0041afea2de506525bd5af38c23d0cfd8f18e412984ca54b8a90a491e45cb,2018-12,Essex Police,Essex Police,0.494158,51.567730,On or near STAGDEN CROSS,E01021326,Basildon 022D,Unable to prosecute suspect
2b9c8eb628edce6f7f3ac5e4794c05b3da8fb499832c55d9d2952d280cea399c,2018-12,Essex Police,Essex Police,0.659766,51.541014,On or near ASHLEIGH DRIVE,E01015848,Southend-on-Sea 011D,Investigation complete; no suspect identified
377a2ebe2629cab22a81427ae7f5e98ad18aee6365499e48464c0a1bb3698b5a,2018-12,Essex Police,Essex Police,0.456169,51.571868,On or near Pedestrian Subway,E01021318,Basildon 015C,Investigation complete; no suspect identified
85ae69164c7696db56245c8b448882986e428a2454cc3db2ac02f6b27becee5a,2018-12,Essex Police,Essex Police,0.464113,51.725754,On or near YORK ROAD,E01021578,Chelmsford 010B,Investigation complete; no suspect identified
f5ddab64c710212850f5356261a4beefbf7e62fc640dc14e0891ffd2e478b4ea,2018-12,Essex Police,Essex Police,0.657099,51.554403,On or near WINCHCOMBE CLOSE,E01015826,Southend-on-Sea 005G,Investigation complete; no suspect identified
ff0c10dfc46adbeb219c8081c81faeefd47c7f6421b14053faea10851129d038,2018-12,Essex Police,Essex Police,0.484040,51.567423,On or near PATHWAYS,E01021322,Basildon 019A,Investigation complete; no suspect identified
c314167fe09a9c404a94d96c9bb2485d9de3f8d9b252eee3e12245807db7999d,2018-12,Essex Police,Essex Police,0.853046,51.881785,On or near STERLING CLOSE,E01021691,Colchester 014C,Investigation complete; no suspect identified
433da72c1683f5988d5f08e547c27f7c712370d7b8610438e1dd50cf2f09939a,2018-12,Essex Police,Essex Police,0.353142,51.488293,On or near GRANGEWOOD AVENUE,E01015965,Thurrock 010C,Unable to prosecute suspect
2ade1540a7056d71db1568069566e00e0452f4a9df579e4dbd8a3860db2b66da,2018-12,Essex Police,Essex Police,1.151360,51.814311,On or near Highfield Holiday Park,E01022039,Tendring 010B,Investigation complete; no suspect identified
fe2c1d9179239cd002b3501011de2c5e75e6bdc2f9d55e4bfb4c3942dcc66175,2018-12,Essex Police,Essex Police,0.677757,51.550695,On or near CAVENDISH GARDENS,E01015905,Southend-on-Sea 007E,Investigation complete; no suspect identified
20de44f88696a5a1ab0cd6a43272c4cf15473b5d88d05d7874027c4bc05a79f3,2018-12,Essex Police,Essex Police,0.055877,51.642324,On or near Sports/Recreation Area,E01021791,Epping Forest 012F,Investigation complete; no suspect identified
a1b9986fb4049ff301200e5392e9cc6f63b5c3a52edc12246dffe3c9f0678845,2018-12,Essex Police,Essex Police,0.083999,51.647287,On or near Parking Area,E01021776,Epping Forest 011C,Investigation complete; no suspect identified
7684a6521d91cf323cf8eac2a0ad546f574c87f498b793da4854529a8455aa3a,2018-12,Essex Police,Essex Police,0.674132,51.547675,On or near KINGSWAY MEWS,E01015823,Southend-on-Sea 005D,Investigation complete; no suspect identified
c7f79ad12bc51c4f01700b14de151aeef2859af999a1d789f397444779af3375,2018-12,Essex Police,Essex Police,0.494158,51.567730,On or near STAGDEN CROSS,E01021326,Basildon 022D,Unable to prosecute suspect
b4e51a725a9f72aa7172f14f54e8fa5f5d774ab88d18044b488c062eb23b526b,2018-12,Essex Police,Essex Police,1.146107,51.822628,On or near CHRISTOPHER DRIVE,E01022016,Tendring 007C,Investigation complete; no suspect identified
dff7f6a67c543b26bef097f47afea0da7a6a4914924c033e06c35ad6eb4b2419,2018-12,Essex Police,Essex Police,0.679909,51.545583,On or near LONDON ROAD,E01015832,Southend-on-Sea 012F,Unable to prosecute suspect
f17271e0b43ac216b9098fd6c0a720bc59b3fbfd015ad78681d5d987ea1491f2,2018-12,Essex Police,Essex Police,0.673594,51.548092,On or near KINGSWAY,E01015823,Southend-on-Sea 005D,Investigation complete; no suspect identified
8527a03e1213a8ea2a713621db24bd12cbf7aad0bec333d6e1ba7180b8b451f1,2018-12,Essex Police,Essex Police,0.459707,51.571362,On or near NORTH GUNNELS,E01021318,Basildon 015C,Investigation complete; no suspect identified
f51975a02f8eb3911181279c5aa24cda2088a454e298581b31cfef4e4d259682,2018-12,Essex Police,Essex Police,0.681184,51.543224,On or near SEYMOUR ROAD,E01015832,Southend-on-Sea 012F,Investigation complete; no suspect identified
e14ef00058b7d3c34fa92d47737cf9dcbd00ded481aae89ab7caface85df5442,2018-12,Essex Police,Essex Police,0.515670,51.574699,On or near CLARENDON ROAD,E01021314,Basildon 018B,Suspect charged
5cb3f8d07e563db132c18ce9924b4b80eef07412c27c6678bb430f2a8cb3be8e,2018-12,Essex Police,Essex Police,0.897292,51.912873,On or near NORTHERN APPROACH,E01021680,Colchester 004B,Unable to prosecute suspect
6ff67c0cc44e2efb987a1bb228deb5025582e94a00d1513ec79cc20c5b3221d0,2018-12,Essex Police,Essex Police,0.456169,51.571868,On or near Pedestrian Subway,E01021318,Basildon 015C,Suspect charged
fc0833b0042964ae4585b98b933a351a59ac122db80951337ad9a7c5d491f5ca,2018-12,Essex Police,Essex Police,0.689585,51.544327,On or near SHOE LANE,E01015831,Southend-on-Sea 012E,Investigation complete; no suspect identified
b50f988712bc6a0a5e310a88e3dc7e0aa06f5a3924cb4dc4a5b81b6f2f9b3f55,2018-12,Essex Police,Essex Police,0.082968,51.661055,On or near CHESTER CLOSE,E01021774,Epping Forest 011A,Unable to prosecute suspect
44b456512d9a8747ea04136a85bb32d8a084ba5ae86ea9eb518c8006c6dd30ac,2018-12,Essex Police,Essex Police,0.686674,51.538494,On or near BRITANNIA ROAD,E01015828,Southend-on-Sea 012B,Investigation complete; no suspect identified
6b9ed4dc276f360504631237482529a1880afb44f77ff29977b5ddca5bdce43d,2018-12,Essex Police,Essex Police,0.360632,51.510590,On or near HIGH ROAD,E01015978,Thurrock 004B,Investigation complete; no suspect identified
9471a5b689cde62924d88996afbb8ab412f62a5b433faad218d921ab63645549,2018-12,Essex Police,Essex Police,0.289806,51.503604,On or near CALLAN GROVE,E01015930,Thurrock 007D,Unable to prosecute suspect
82f27ef1addf482e387da65f357799b63b012d56d6570103af64ee9a8c23dfb9,2018-12,Essex Police,Essex Police,0.677696,51.545723,On or near SOUTHBOURNE GROVE,E01015905,Southend-on-Sea 007E,Investigation complete; no suspect identified
fc98b294fd86e70f932339c8c3f9f384110c27febb0bcfa80a547f32d96c2ac4,2018-12,Essex Police,Essex Police,0.282314,51.590658,On or near Sports/Recreation Area,E01021473,Brentwood 008D,Unable to prosecute suspect
1fca15d444bfe60bb01e6ddfbda1b332713ab8449b7fe779e0ee1691843caae1,2018-12,Essex Police,Essex Police,0.321162,51.613233,On or near ROWAN GREEN WEST,E01021437,Brentwood 008B,Unable to prosecute suspect
d485ccb3e2b2860cfc34f7920a54a814d0d736f2424dbc81337dee90bc0874a0,2018-12,Essex Police,Essex Police,0.526497,51.600241,On or near DRUMMOND PLACE,E01021344,Basildon 008D,Unable to prosecute suspect
210ad01b60cdc91076ce52a2fd4cfd8fba12b85ff6541e242d2b67868957286d,2018-12,Essex Police,Essex Police,0.745463,51.821158,On or near CEDAR AVENUE,E01021726,Colchester 020D,Unable to prosecute suspect
084e6f057c2b2dddde1711b423c5d270892fc4eed304bc47add67952c788dda2,2018-12,Essex Police,Essex Police,0.288589,51.485920,On or near FLEMMING ROAD,E01033613,Thurrock 019D,Unable to prosecute suspect
6478249208f5392dbdacb7bc04d1a8f635c1571775734c6a97609ce3313351f9,2018-12,Essex Police,Essex Police,0.475058,51.572082,On or near LONG RIDING,E01021321,Basildon 015E,Unable to prosecute suspect
e570509ed26fce6731ef85038291a8659ddc6daf2d79a8cb8eca61b09c0890fb,2018-12,Essex Police,Essex Police,1.267194,51.933327,On or near HIGHFIELD AVENUE,E01022005,Tendring 004E,Investigation complete; no suspect identified
5baa3584ab7a602c6977cb172105e3bab0371565bf082bf07bc3c77d0ad48639,2018-12,Essex Police,Essex Police,0.441086,51.530877,On or near FOURTH AVENUE,E01015998,Thurrock 002E,Unable to prosecute suspect
efc92c4b487c6c5de1e118cf799325c77e04b1835ae0d4305b6777083bce7544,2018-12,Essex Police,Essex Police,0.908712,51.920361,On or near COMYNS CLOSE,E01021682,Colchester 004D,Investigation complete; no suspect identified
99fae026a74528236aa489faf0d06413b9a271d25a6970b8cdc4049e5d85925d,2018-12,Essex Police,Essex Police,1.024070,51.810866,On or near VICTORIA PLACE,E01021982,Tendring 011D,Investigation complete; no suspect identified
abf92919a1b02c5f1be37148e55d2546e92c7fbc6af2a44b166a15a3e3dd1129,2018-12,Essex Police,Essex Police,0.484710,51.722424,On or near GOODWIN CLOSE,E01033137,Chelmsford 014F,Investigation complete; no suspect identified
e119512089f4231b85207a254785c58220fa9363da5f624949c02f31505d9a5b,2018-12,Essex Police,Essex Police,0.572367,51.525444,On or near THE CHILTERNS,E01021508,Castle Point 010F,Investigation complete; no suspect identified
8728dbf26ae71be6f175d016c2cd8d60c06e940164919fbe3a1a7eaf08ff6e61,2018-12,Essex Police,Essex Police,0.709726,51.539807,On or near COLLEGE WAY,E01015854,Southend-on-Sea 015D,Investigation complete; no suspect identified
baf8a8f7c1fe685c56e655d72fa05786e7b2163acaefd7b8710beda7b916b6f7,2018-12,Essex Police,Essex Police,0.185003,51.658535,On or near Sports/Recreation Area,E01021800,Epping Forest 003C,Unable to prosecute suspect
47ed779163555b75cf9bb2ba9d441276cf1fa89666e0cced12561012d2d634d7,2018-12,Essex Police,Essex Police,0.420107,51.485761,On or near SOLWAY,E01015947,Thurrock 013A,Suspect charged
c191fbdbaa4ffac3e3a98ab97f549f123a1bc60c772700665a9c3d5b85baf963,2018-12,Essex Police,Essex Police,0.185003,51.658535,On or near Sports/Recreation Area,E01021800,Epping Forest 003C,Unable to prosecute suspect
1fcf006d2158823c99431866fe8716f2afac1c24e818bd1cf224d23a737977a2,2018-12,Essex Police,Essex Police,0.303200,51.615376,On or near LEASWAY,E01021436,Brentwood 007B,Unable to prosecute suspect
7ad7072a23ba79939497085b35c9517bffc53bc47e06721ca0efba249f1e3ba2,2018-12,Essex Police,Essex Police,1.152101,51.791878,On or near HAYES ROAD,E01022026,Tendring 016C,Unable to prosecute suspect
672ba76f580495a58cf649b8c0e21fa859832dffdf5fac8d5b0406b314f8c12f,2018-12,Essex Police,Essex Police,1.152101,51.791878,On or near HAYES ROAD,E01022026,Tendring 016C,Unable to prosecute suspect
f97500b7ce12f691b9e356af300ed03dae19dc15e9b38feba584127d6636bf6e,2018-12,Essex Police,Essex Police,1.152288,51.788104,On or near Shopping Area,E01022025,Tendring 016B,Unable to prosecute suspect
906b3e6ab2d2cd64654ac5b0c8d3923596186959a64a5fb228c08900db0f9ffb,2018-12,Essex Police,Essex Police,1.004858,51.908006,On or near ARDLEIGH ROAD,E01022051,Tendring 005C,Unable to prosecute suspect
afe77013aa487b0597fe3c4aca900f13c5406227237f0a41364b7675852722dc,2018-12,Essex Police,Essex Police,0.471085,51.762515,On or near Sports/Recreation Area,E01021543,Chelmsford 002B,Unable to prosecute suspect
4e15b097e6fdae644a7b6d8ea1d566805c0bc92065324feff697a83000727d99,2018-12,Essex Police,Essex Police,0.423449,51.563672,On or near Pedestrian Subway,E01021283,Basildon 021D,Investigation complete; no suspect identified
1e43daaa5365ea4ede6a4c1507da476dc616978cef1735a1d78ef0f8fb86a9c9,2018-12,Essex Police,Essex Police,0.577550,51.528379,On or near FAIRVIEW,E01021506,Castle Point 008E,Unable to prosecute suspect
a03b52b45ab6adca7c7c58ca19e2baf597763be75acdb99f764e0758c3e6e3bc,2018-12,Essex Police,Essex Police,0.691411,51.607483,On or near ASHINGDON ROAD,E01021914,Rochford 002A,Suspect charged
ed8ee9ae164c48556c679747801777a96b5766906cfb4313df6b497cc43ea172,2018-12,Essex Police,Essex Police,0.600653,51.521367,On or near OXFORD ROAD,E01021497,Castle Point 012D,Unable to prosecute suspect
edca88c3798fafdaee8b64439c7dfd19284c40e2810af127b34d5b87133f6b1e,2018-12,Essex Police,Essex Police,0.691908,51.561919,On or near SOUTH CRESCENT,E01015865,Southend-on-Sea 002C,Local resolution
bccaac0fedca2c1b5ab3faf81381e8d24db056199b959439b59a74144027699c,2018-12,Essex Police,Essex Police,0.899288,51.889233,On or near Shopping Area,E01021649,Colchester 007D,Unable to prosecute suspect
84deccfcd94eddfe19724bdb6e39eb07ccdb20c3f2667bd6fa09927da4ad104f,2018-12,Essex Police,Essex Police,0.691908,51.561919,On or near SOUTH CRESCENT,E01015865,Southend-on-Sea 002C,Local resolution
a6b4645549aabc054af06e4e326223e12afc66806c403cdd0312ab2be24e3ece,2018-12,Essex Police,Essex Police,0.521403,51.613859,On or near Pedestrian Subway,E01021334,Basildon 005A,Unable to prosecute suspect
e65d3305860289fdc86732a4dd1842cd057232306c7606b20f73a30860a9c01e,2018-12,Essex Police,Essex Police,0.905634,51.890498,On or near Parking Area,E01021648,Colchester 007C,Investigation complete; no suspect identified
9d2f01a0d6dd4c1239fc397c5f9c6126d4807598bc27a2f1223ed3042ac7e2ee,2018-12,Essex Police,Essex Police,0.463062,51.746118,On or near KIPLING CLOSE,E01021592,Chelmsford 006D,Suspect charged
85b7f2cc58abe34780c975fdcb39375760ac9dd0f414416333b24f59739efbde,2018-12,Essex Police,Essex Police,0.714394,51.550618,On or near SUTTON ROAD,E01015897,Southend-on-Sea 010C,Unable to prosecute suspect
e08381edea9f821fea2ebbc5f0e54a52dd4cea9590cee4310b6397db208242b3,2018-12,Essex Police,Essex Police,0.366057,51.482610,On or near MERTON PLACE,E01015935,Thurrock 012C,Investigation complete; no suspect identified
c82770cb04825219f1c6bed0a0b2a46a5e5bc5c549d24e9adb449d6ecb76a56a,2018-12,Essex Police,Essex Police,0.094942,51.750669,On or near PARNALL ROAD,E01021859,Harlow 010C,Unable to prosecute suspect
a5bf34865dd6cc97edd0335051017f8118edf4495d577f727299828b3092bb6c,2018-12,Essex Police,Essex Police,0.920705,51.897184,On or near GRENFELL CLOSE,E01021702,Colchester 022D,Unable to prosecute suspect
29636e33f110cae4505c4ac7ed8969f1ea337e4d2fa2f530b5230a75ee2a7c92,2018-12,Essex Police,Essex Police,0.094942,51.750669,On or near PARNALL ROAD,E01021859,Harlow 010C,Unable to prosecute suspect
b61f9ae438c4afc45286aa17506e114b42122ebce9ff4ffdc1b3c27565859f4e,2018-12,Essex Police,Essex Police,0.677916,51.550944,On or near SOUTHBOURNE GROVE,E01015905,Southend-on-Sea 007E,Investigation complete; no suspect identified
7920aead8e5790cdcf6c56fa088f09bd0579fb152ca950caf72f164fe47d0dff,2018-12,Essex Police,Essex Police,0.488030,51.731203,On or near BYRON ROAD,E01021629,Chelmsford 008F,Unable to prosecute suspect
ac7b445bed068f447116a69348a26c03bccdb712b7e1da9e665d4e27de0b4859,2018-12,Essex Police,Essex Police,0.714390,51.538674,On or near Parking Area,E01015852,Southend-on-Sea 015B,Investigation complete; no suspect identified
6baa5555e871cd0fb39431e94a638c030dff9b90a92e15881601564bf036db04,2018-12,Essex Police,Essex Police,0.498438,51.563403,On or near HIGH ROAD,E01021328,Basildon 022E,Offender given a drugs possession warning
524ae8c3c18dc58ed9fa246ced8c8beba27e3f63262c42a7af5d106903efd7e4,2018-12,Essex Police,Essex Police,0.071462,51.656996,On or near HILLCROFT,E01021779,Epping Forest 011F,Investigation complete; no suspect identified
57371d08c52bfd9fbda04295001272a1a852f1c9ec7e17bc10efc4fd1640e376,2018-12,Essex Police,Essex Police,0.920705,51.897184,On or near GRENFELL CLOSE,E01021702,Colchester 022D,Unable to prosecute suspect
91ebbca2dbc1cc6719e0230b74734a048c6e12eb548a2ed1ce6e408f879fff9a,2018-12,Essex Police,Essex Police,0.071462,51.656996,On or near HILLCROFT,E01021779,Epping Forest 011F,Investigation complete; no suspect identified
f8007b62a8216558506aa19721d8cfa5d0565c6392360c0a147755b12a41b065,2018-12,Essex Police,Essex Police,0.731073,51.540319,On or near Parking Area,E01015839,Southend-on-Sea 014A,Unable to prosecute suspect
9ee8cc1a8c1f67dcd1e433b8a3da4f4ac0b509999b1cb1c42f5afcbafde79eae,2018-12,Essex Police,Essex Police,1.113477,51.774407,On or near YEW WAY,E01021988,Tendring 018A,Investigation complete; no suspect identified
d7a31d62fc60d32375faae94e5bc76a2c141bdf1fe1caa671b8e05300426ce22,2018-12,Essex Police,Essex Police,0.515180,51.582291,On or near ORLANDO DRIVE,E01021309,Basildon 011E,Investigation complete; no suspect identified
c802b3b7d94067e19f388ebbc12df5a2bad5aa863baf334d0bf0afac3b7e7c19,2018-12,Essex Police,Essex Police,0.582065,51.523568,On or near SYDERVELT ROAD,E01021488,Castle Point 010C,Unable to prosecute suspect
a4c431c86fdbef03c97a2949bc153be7fc25776037d3b6132990eb398d53de41,2018-12,Essex Police,Essex Police,0.570701,51.545006,On or near GLYDERS,E01021480,Castle Point 007A,Investigation complete; no suspect identified
f79aac720900193f6247de929eb09a865a3edcbc07ac9ad81f92d953c382583f,2018-12,Essex Police,Essex Police,0.239727,51.697747,On or near MEAD WALK,E01021754,Epping Forest 004B,Offender given a caution
5238da7a4e55473888d5473a6638d09d663bcd79d2ffbeb195a79545d1bceaeb,2018-12,Essex Police,Essex Police,0.271749,51.612122,On or near WINGRAVE CRESCENT,E01021468,Brentwood 006D,Unable to prosecute suspect
5175b3e5fdadeb073a86dd98dd1a05bee16a6963ba3dc6b55b08d13034b7c427,2018-12,Essex Police,Essex Police,0.331654,51.473137,On or near FALCON AVENUE,E01015952,Thurrock 017B,Unable to prosecute suspect
2844cf73f2cd5056a7d3edaade6b868a084fb79110e1d06afe165a62567dfc9e,2018-12,Essex Police,Essex Police,0.915317,51.834183,On or near PYEFLEET VIEW,E01021695,Colchester 019E,Unable to prosecute suspect
04d0e593113258a03c0940f5cdb09e844dd6ae6b1166ea0fbc2abd5d52b3a6fa,2018-12,Essex Police,Essex Police,0.054524,51.632214,On or near PENTLOW WAY,E01021742,Epping Forest 015A,Suspect charged
0a69ead7c02c853a7e512dc93dee6c03f9699bf7f95f956e8f657bcc3d639f89,2018-12,Essex Police,Essex Police,1.030364,51.810811,On or near MARGARET CLOSE,E01021981,Tendring 011C,Unable to prosecute suspect
35de922c9154a2ec45533e2a02a1f27d2dd4b44f90ca1b55136239ff25f8ab08,2018-12,Essex Police,Essex Police,0.794767,51.527657,On or near HALE WAY,E01015876,Southend-on-Sea 013A,Investigation complete; no suspect identified
5309cb5815d8aedbdb389212baeb43c0fff4def5af26b1491697c97de7fdf2f1,2018-12,Essex Police,Essex Police,1.154883,51.790382,On or near HIGH STREET,E01022025,Tendring 016B,Suspect charged
fc4994283143d87ebb2498753d0404ca6d80f2a9235af80bbf186c6c79f73e27,2018-12,Essex Police,Essex Police,0.703342,51.540125,On or near LONDON ROAD,E01015896,Southend-on-Sea 010B,Offender given a caution
8194fe836b877d19f599c1891be6a8e7ee39772abedb335d8b910bae4a83e73e,2018-12,Essex Police,Essex Police,0.492424,51.579557,On or near PETERBOROUGH WAY,E01021271,Basildon 013A,Investigation complete; no suspect identified
1ffbb8f5ee245dce67fe251349daabd6310c12e120343e236e11bfeafc891cb4,2018-12,Essex Police,Essex Police,0.926608,51.900329,On or near PEGASUS WAY,E01021709,Colchester 022B,Unable to prosecute suspect
07185beb5eb236fd7adc3dbb0d7cbb3761499b1df62ec919b68cc1ce816919e5,2018-12,Essex Police,Essex Police,0.917545,51.883206,On or near ARTILLERY STREET,E01021685,Colchester 011C,Offender given a drugs possession warning
b4c58fc9f391bcbb7f3c608fc9fc7ca1e7b8c4ae5241bb801f466f590148e921,2018-12,Essex Police,Essex Police,0.618594,51.785544,On or near Hatfield Road (Near Service Station),E01033460,Braintree 017F,Unable to prosecute suspect
96236e0e1c86f86508cea194e8463fbabb0fbf6c744f5a24bc3a7a079879645e,2018-12,Essex Police,Essex Police,0.682812,51.570654,On or near AVIATION WAY,E01021954,Rochford 007D,Unable to prosecute suspect
989a5efc02c22c86db450406f801fe039c9cfdf6f13a3c3307838cdd45e5a94d,2018-12,Essex Police,Essex Police,0.364350,51.875619,On or near COUNTING HOUSE LANE,E01022069,Uttlesford 008D,Unable to prosecute suspect
247a26cfa912c5e2778908212fc29bb82a04002b9abc6e4c4f115cedacb57648,2018-12,Essex Police,Essex Police,0.624350,51.643546,On or near CORNWALLIS DRIVE,E01021610,Chelmsford 020F,Investigation complete; no suspect identified
a1a6dc3426074894e328c5c817c044c6acce26ab5162c544014f2e3c6564baab,2018-12,Essex Police,Essex Police,0.590821,51.580249,On or near PENDOWER,E01021963,Rochford 008D,Offender given a caution
94848c0b1aeea346b385f95bc1ca12bab6e86a58a7d142c99d6f116b93ebd014,2018-12,Essex Police,Essex Police,1.283255,51.937278,On or near ORWELL ROAD,E01022001,Tendring 001D,Investigation complete; no suspect identified
9eb8eb23497c3edbe3d225d33db895f1748130bf555924ea0f4de92a03660ffb,2018-12,Essex Police,Essex Police,0.127294,51.756859,On or near Pedestrian Subway,E01021821,Harlow 008A,Offender given a drugs possession warning
aa6dfbba53444fae0f98c4d3f865a29c5d49e907a1e905a8d71683cb6c2b17a1,2018-12,Essex Police,Essex Police,1.279495,51.938201,On or near NELSON ROAD,E01022001,Tendring 001D,Investigation complete; no suspect identified
82cef5145ac3847a08268d9ef1722006c67c1d7def0c105a433e3bba4679a167,2018-12,Essex Police,Essex Police,0.488871,51.954363,On or near SAFFRON CLOSE,E01021413,Braintree 005D,Unable to prosecute suspect
ca91a66a3f9a0780ecfcd94532e03a9ae53f09a08f65229c588ca3135c38e856,2018-12,Essex Police,Essex Police,0.545535,51.566752,On or near ROMSEY CLOSE,E01021476,Castle Point 003A,Suspect charged
6cce6c8ebb1b7fac9d9baa22874b5561492c1a4db749c43cff3f2202b2c8f54d,2018-12,Essex Police,Essex Police,0.545535,51.566752,On or near ROMSEY CLOSE,E01021476,Castle Point 003A,Suspect charged
944fdbbcead812c38cf36178a4aecf5b0dd44d3f29b3cd2448bf593ddaefe8ea,2018-12,Essex Police,Essex Police,0.074693,51.641337,On or near MARLESCROFT WAY,E01021771,Epping Forest 013A,Unable to prosecute suspect
2a75633ea9885801ecaf7b5352be5274b07b8fb203504018ba5c13a75eba978e,2018-12,Essex Police,Essex Police,0.415477,51.480182,On or near BATA AVENUE,E01015948,Thurrock 013B,Unable to prosecute suspect
da4ffa2c29609df529d55c13fcafab9cb995bd7ee2e47d1c159b6815da43bc8b,2018-12,Essex Police,Essex Police,0.737940,51.541301,On or near Parking Area,E01015884,Southend-on-Sea 009B,Investigation complete; no suspect identified
091d4a1cd6b7bdcf5d59671ad3f0c8f2329bd3e2732d0924171708f10562fe17,2018-12,Essex Police,Essex Police,0.611600,51.618631,On or near ABBEY ROAD,E01021945,Rochford 001D,Offender given penalty notice
8717fcbfa36b3650324e9b8019545daf5ae9612b3ef003cc4a81e0d36d4d55dd,2018-12,Essex Police,Essex Police,0.691411,51.607483,On or near ASHINGDON ROAD,E01021914,Rochford 002A,Suspect charged
3e78dba3874b317d0b1fb62882fdecab4047aac28f4a754d5b5a5d101a0f63bd,2018-12,Essex Police,Essex Police,0.366046,51.462915,On or near ARKWRIGHT ROAD,E01016009,Thurrock 018G,Investigation complete; no suspect identified
7e0487f77da3ef258c212fa382ac9f7abcd5e973b5eaacbfe967ecbd12533b5f,2018-12,Essex Police,Essex Police,0.698801,51.540896,On or near LONDON ROAD,E01015855,Southend-on-Sea 015E,Investigation complete; no suspect identified
4bb9263cfe0424bdac5627ab53d1621f7a07817e9c73cb5c720a6a65b62759bb,2018-12,Essex Police,Essex Police,0.477843,51.581637,On or near SPENDERS CLOSE,E01021267,Basildon 012B,Investigation complete; no suspect identified
8bb110d056bff2e070d4ee78681bb717d97fcf311fd039c8998a1c2a484801aa,2018-12,Essex Police,Essex Police,0.949051,51.854764,On or near STEPHEN CRANFIELD CLOSE,E01021657,Colchester 016A,Unable to prosecute suspect
f35e4ebdfd596472f8c576e2ff8b01525ce56c151e6872c172b265349fc73d66,2018-12,Essex Police,Essex Police,1.280271,51.855890,On or near GREEN LANE,E01022054,Tendring 006C,Investigation complete; no suspect identified
37e954a298c8ba4919aeb00f380c06311f43778d4c13dc5c85298ccd53b2e72c,2018-12,Essex Police,Essex Police,0.701379,51.543022,On or near CLIFF AVENUE,E01015896,Southend-on-Sea 010B,Offender given a caution
747b9994b59f1418729e03b5567295ce8c73f1770ef7c109b52a4676c8c5dec7,2018-12,Essex Police,Essex Police,0.694351,51.537095,On or near LEONARD ROAD,E01015851,Southend-on-Sea 015A,Investigation complete; no suspect identified
a9d66364788718d3788da8659c2c428dfa5d2a71dad94060ebf832293756cabb,2018-12,Essex Police,Essex Police,0.088530,51.764946,On or near NORTHBROOKS,E01021872,Harlow 007E,Investigation complete; no suspect identified
da6f87eaa2e0d4d9f6abeb655b64632eed8f2589041035e5ac96f833be3e2fd7,2018-12,Essex Police,Essex Police,0.637897,51.809448,On or near Petrol Station,E01021416,Braintree 017B,Offender given a drugs possession warning
af480c39be206f91d1ef954032b7e3e141b5659a9a1d69286de017d22898437f,2018-12,Essex Police,Essex Police,0.546942,51.894990,On or near ROMNEY CLOSE,E01021354,Braintree 008A,Suspect charged
14b4b3222c22f9cb93c0f999aae4327cf2ec3523621521488e0802b6e00abfc3,2018-12,Essex Police,Essex Police,0.464682,51.730904,On or near WOLSELEY ROAD,E01021582,Chelmsford 010D,Investigation complete; no suspect identified
997076c6c82c3e159888938dad9018447b5ded89327658c6adf307239553e6c5,2018-12,Essex Police,Essex Police,0.675517,51.547923,On or near SOUTHBOROUGH DRIVE,E01015823,Southend-on-Sea 005D,Investigation complete; no suspect identified
edb21125a913b2605196dc376b6e98dbdbe94e6064c92f1c59172515269ef35a,2018-12,Essex Police,Essex Police,0.491302,51.756980,On or near MOUNTBATTEN WAY,E01021617,Chelmsford 004B,Investigation complete; no suspect identified
db1fc7e1218338d07b5504807f0c4dc40e04c08bd19c057c988bed6f7457fe2e,2018-12,Essex Police,Essex Police,1.151293,51.796927,On or near CAMBRIDGE ROAD,E01021970,Tendring 016A,Unable to prosecute suspect
e9a9eb676d5920081fdf929a4ed37fe862d252d025bddc348dabec623fc6e284,2018-12,Essex Police,Essex Police,0.413821,51.581021,On or near BOURNE CLOSE,E01021278,Basildon 014E,Investigation complete; no suspect identified
ef3b5cd9a3bc8ef36fd380e5d5611a1a53cf543093fdabe34fbb3484223ef000,2018-12,Essex Police,Essex Police,0.464682,51.730904,On or near WOLSELEY ROAD,E01021582,Chelmsford 010D,Unable to prosecute suspect
319fdacfe28db1614204246f47253321db7268d14040244c42845c2546db1bfa,2018-12,Essex Police,Essex Police,0.417873,51.629320,On or near Petrol Station,E01021247,Basildon 003E,Investigation complete; no suspect identified
568560c82356ce6eb24ac604cf89bbba80904163012d8b7a9780ea585abe4ad1,2018-12,Essex Police,Essex Police,0.575854,51.520035,On or near LINDEN WAY,E01021485,Castle Point 010A,Investigation complete; no suspect identified
280ef2a74fb2b71fdabc28cfaa897c33b10572bb797427282ed7369fd9c08729,2018-12,Essex Police,Essex Police,0.474246,51.698112,On or near HOME MEAD,E01021554,Chelmsford 017C,Suspect charged
df555c44076f67e514d064cfd0560ba349fc97f59676ba6a7ecdb83e1bf53c35,2018-12,Essex Police,Essex Police,0.105174,51.770368,On or near MADDOX ROAD,E01021849,Harlow 003A,Investigation complete; no suspect identified
593e7146f604e8862dd0c621989e406798c7af68227440b1aea9db90d6fd8677,2018-12,Essex Police,Essex Police,1.273918,51.851624,On or near EAGLE AVENUE,E01022056,Tendring 006E,Investigation complete; no suspect identified
41fed589406293afcf195cbae21c649ce12a966c660bf68136e42e9e9b97e8a3,2018-12,Essex Police,Essex Police,0.593462,51.521931,On or near Shopping Area,E01021498,Castle Point 011B,Investigation complete; no suspect identified
a662d43e637cc8137eb788b9dad26c5c6ba58390d481b429b3a9c3f0f3fa117a,2018-12,Essex Police,Essex Police,0.447985,51.562974,On or near GERNONS,E01021294,Basildon 020A,Investigation complete; no suspect identified
e5de29d38b28f8085b92e0a5e219840d3d49d43c29180e4377048231b510a0de,2018-12,Essex Police,Essex Police,0.511518,51.739768,On or near MILBANK,E01021545,Chelmsford 008B,Investigation complete; no suspect identified
b1bcf183508dd2afa4eab81df9451970c401656df9fdcd0cb60c7e3550be193d,2018-12,Essex Police,Essex Police,0.547839,51.898253,On or near DEANERY HILL,E01021355,Braintree 007D,Unable to prosecute suspect
f584938ba8cb561d45eeb366dc1dd7fd264cf4fc9335a05f942450853ebf296d,2018-12,Essex Police,Essex Police,0.615627,51.651466,On or near MILLARS CLOSE,E01021612,Chelmsford 019B,Investigation complete; no suspect identified
fb5c8fa4b45f781d0932c503b367b94c651548403ff79a71a87e161b7685afa5,2018-12,Essex Police,Essex Police,0.698537,51.558610,On or near HAMPTON GARDENS,E01015868,Southend-on-Sea 002F,Suspect charged
c5d9f4c480635e1ec4261857bb38213dc905cc1bd1fa88d1363a08f1ab8352ce,2018-12,Essex Police,Essex Police,0.615627,51.651466,On or near MILLARS CLOSE,E01021612,Chelmsford 019B,Investigation complete; no suspect identified
8118e698ab096e2076369201108e79d1739b55b15a6305f7550929589184c475,2018-12,Essex Police,Essex Police,1.264578,51.933570,On or near MANOR ROAD,E01022006,Tendring 002C,Investigation complete; no suspect identified
c45228c2390e7763bb9585c7357046dd413cc7a4c5baa9377538bcb13c2cf32d,2018-12,Essex Police,Essex Police,0.281698,51.489840,On or near Parking Area,E01016011,Thurrock 015B,Local resolution
675cd24c0ddb981832077739dc3fb1f9af21cac9d6be2a069ae097cbb3d46680,2018-12,Essex Police,Essex Police,0.894982,51.909071,On or near DICKENSON ROAD,E01021680,Colchester 004B,Investigation complete; no suspect identified
f13eaeffc4613ea588dbaf5979a95597e09e0d554e75a67a2f5bec45d748196a,2018-12,Essex Police,Essex Police,0.677269,51.547307,On or near SILVERSEA DRIVE,E01015905,Southend-on-Sea 007E,Investigation complete; no suspect identified
33da2ea2cc6b6f2dc35e22cfc5d70713ad42a54e469fb667bc7b6ff131fe6f4c,2018-12,Essex Police,Essex Police,0.854610,51.889490,On or near Parking Area,E01021675,Colchester 009C,Suspect charged
22980cf43492b9503fecdc9b93c7ba97beda549a579336d4421ef2005e187f17,2018-12,Essex Police,Essex Police,0.460775,51.569775,On or near Parking Area,E01021318,Basildon 015C,Local resolution
745d615dc8c7f29565490246f7e92b0f4852b53ec719c185ee21da2a4a6f6b60,2018-12,Essex Police,Essex Police,1.107714,51.802136,On or near EARLS HALL DRIVE,E01021977,Tendring 013C,Investigation complete; no suspect identified
409b4a21ceda1e5eef6518aa8d38f7849b4a5eb69f406edf53bf286d271415c9,2018-12,Essex Police,Essex Police,0.282488,51.487496,On or near Shopping Area,E01016011,Thurrock 015B,Local resolution
ae5519f01b19c9cb03d7330832d7841bdc4d1acfcb40f9c272cbfdb90455f691,2018-12,Essex Police,Essex Police,0.627081,51.809816,On or near BRAMBLE ROAD,E01021426,Braintree 015E,Unable to prosecute suspect
3ae9d59ff48288e4110de42585b00b715d7dda3aeb83f63e76104a5457d8dd39,2018-12,Essex Police,Essex Police,0.722299,51.532744,On or near MARINE PARADE,E01015841,Southend-on-Sea 014C,Unable to prosecute suspect
cb9e1af46473b174a6e8b7f528eb4dfd1ae4bd330e71b418a4bae1d846912af0,2018-12,Essex Police,Essex Police,0.519138,51.622253,On or near ARUNDEL ROAD,E01021338,Basildon 005C,Unable to prosecute suspect
9737ca2ea84be4ff298eadb6322a7aadc87cb104587f34d25c5d5dc80796d9a8,2018-12,Essex Police,Essex Police,0.309379,51.619293,On or near Sports/Recreation Area,E01021436,Brentwood 007B,Investigation complete; no suspect identified
fa9aaa781b04b288ba23cc93caf2285efacc2b50f7a91e16579e45f2d3542918,2018-12,Essex Police,Essex Police,0.460775,51.569775,On or near Parking Area,E01021318,Basildon 015C,Suspect charged
d8d02a26cbdb5878dc47e3be5a647c72e754abe7a4b3aada04197a7185b9694c,2018-12,Essex Police,Essex Police,0.396053,51.693708,On or near IVY BARNS LANE,E01021602,Chelmsford 018B,Unable to prosecute suspect
d8d02a26cbdb5878dc47e3be5a647c72e754abe7a4b3aada04197a7185b9694c,2018-12,Essex Police,Essex Police,0.396053,51.693708,On or near IVY BARNS LANE,E01021602,Chelmsford 018B,Unable to prosecute suspect
d8d02a26cbdb5878dc47e3be5a647c72e754abe7a4b3aada04197a7185b9694c,2018-12,Essex Police,Essex Police,0.396053,51.693708,On or near IVY BARNS LANE,E01021602,Chelmsford 018B,Unable to prosecute suspect
3362a51916d6dbe37ed6b36017b49b0a846a1c28657a1fdbd0d58a209911a1e4,2018-12,Essex Police,Essex Police,0.357310,51.461302,On or near DOCK ROAD,E01016003,Thurrock 018A,Suspect charged
7a18ff3dc22a3a03a1825e791cd3927a5ed68fb5a80064c281878740334f2cfd,2018-12,Essex Police,Essex Police,0.893532,51.917264,On or near Parking Area,E01021680,Colchester 004B,Unable to prosecute suspect
777f5750d66508e06d2704d1071f2f24a476bbb809948983628d9391c1bf8347,2018-12,Essex Police,Essex Police,0.357310,51.461302,On or near DOCK ROAD,E01016003,Thurrock 018A,Suspect charged
4c049dcfa403fd70cc1a1d780fc2ca8e5d7b8bac1d9908241ca4ccfa7135e67d,2018-12,Essex Police,Essex Police,0.464682,51.730904,On or near WOLSELEY ROAD,E01021582,Chelmsford 010D,Investigation complete; no suspect identified
91e4f728a3a8955982652d1976449de7f0897582da4fe6ceaf29d75a7bb57c98,2018-12,Essex Police,Essex Police,0.427435,51.613835,On or near HICKSTARS LANE,E01021258,Basildon 004E,Investigation complete; no suspect identified
ec575022747e5e19c8182be157bd4ea39a805c81986f2f3345a3fa7f4a1317dd,2018-12,Essex Police,Essex Police,0.357310,51.461302,On or near DOCK ROAD,E01016003,Thurrock 018A,Suspect charged
676d4d1eda8f2c936936ae2ca5ed039dac7de317bf738c2b9189dd1b826638b6,2018-12,Essex Police,Essex Police,0.088038,51.768722,On or near WEDHEY,E01021842,Harlow 004D,Investigation complete; no suspect identified
db3b34cacdbae11b2d6c1c355bf56318fd0273048b98375560ffedd0e7a99b90,2018-12,Essex Police,Essex Police,0.325332,51.474261,On or near SHERFIELD ROAD,E01015954,Thurrock 017D,Investigation complete; no suspect identified
a116d8d4cfa5a12e8a5c1724267ee590ba0c4aecdce7ef7a4a25db5f4d4cc8a2,2018-12,Essex Police,Essex Police,0.677004,51.555308,On or near SELDON CLOSE,E01015858,Southend-on-Sea 004B,Investigation complete; no suspect identified
333d136866c43a738f440128a4b8729780548b087b348d318b094c554ee718b4,2018-12,Essex Police,Essex Police,0.455025,51.557871,On or near FOBBING FARM CLOSE,E01021297,Basildon 020D,Suspect charged
f0e8711fc5de43f7166a83ebd0a0b1272ecde33a20d2f0bb2f9402ae040364df,2018-12,Essex Police,Essex Police,0.474246,51.698112,On or near HOME MEAD,E01021554,Chelmsford 017C,Suspect charged
90fca61a44b029d50c6388fac18fec49700b5e7dafafbb8e0339634a572235df,2018-12,Essex Police,Essex Police,0.558327,51.884824,On or near BLACKWATER WAY,E01021350,Braintree 009A,Unable to prosecute suspect
2c26a6245d6e24562c5aef2223f660650f9462d9b143014e0fd70aaa2697aecc,2018-12,Essex Police,Essex Police,0.360158,51.463772,On or near ALBANY ROAD,E01016010,Thurrock 018H,Suspect charged
c582347a058fa45c476aa1c8c9dce0527170ef79460b05fb65102bbe790315ad,2018-12,Essex Police,Essex Police,0.697983,51.540483,On or near BURDETT AVENUE,E01015855,Southend-on-Sea 015E,Unable to prosecute suspect
988d58705a1c0ac9dfa24c3fa32cb55c1bc8538476c0c17de9f53f1c915a14bc,2018-12,Essex Police,Essex Police,0.731243,51.531591,On or near RETORT CLOSE,E01015841,Southend-on-Sea 014C,Investigation complete; no suspect identified
22378c660560e95b410f39ab4237a6db0d3b6491c3511cb8c750c02142bc1798,2018-12,Essex Police,Essex Police,0.463490,51.569268,On or near Supermarket,E01021318,Basildon 015C,Investigation complete; no suspect identified
bb1b0bafc7a54632c2d0456fd014339179d39ce0ef60db8cb6f7f620551bb8a1,2018-12,Essex Police,Essex Police,0.897877,51.888090,On or near Shopping Area,E01021649,Colchester 007D,Unable to prosecute suspect
ddebf05fc2b7c742c031e04d9c2896ffdfa392e657c7b7e70ed61f70568fe428,2018-12,Essex Police,Essex Police,0.474246,51.698112,On or near HOME MEAD,E01021554,Chelmsford 017C,Unable to prosecute suspect
62bb69f7ab3808f0da5efa649e85cd99f775826f305a8044c27f2ebb402a8b69,2018-12,Essex Police,Essex Police,0.298576,51.478863,On or near MILL LANE,E01016011,Thurrock 015B,Investigation complete; no suspect identified
40af74405b93c0b89bff72a64fbf30bc1a068fd730e5a82f2aa574dbf2b8df35,2018-12,Essex Police,Essex Police,0.288589,51.485920,On or near FLEMMING ROAD,E01033613,Thurrock 019D,Suspect charged
37188f4ebe11b9aad7e3a3c112277b89069f0d052018aeaccc7ac22c75fc9dac,2018-12,Essex Police,Essex Police,0.284143,51.486609,On or near Shopping Area,E01016011,Thurrock 015B,Investigation complete; no suspect identified
4f7a92965d899d10f9b2acaac8b666df5d9f165ff09aa32b4a937c12a231c39b,2018-12,Essex Police,Essex Police,0.890860,51.888820,On or near PAPILLON ROAD,E01021646,Colchester 007A,Unable to prosecute suspect
ab79a1fe170c9a7089fc3470ab3ba5d1dabe6e0d2001047ea0eeb7c1d7bf68a7,2018-12,Essex Police,Essex Police,0.512834,51.740774,On or near SILVESTER WAY,E01021545,Chelmsford 008B,Investigation complete; no suspect identified
c2afed8c8a4715f8763e98ed09c742df3a15d4567dde502adc0a991c77de2e9c,2018-12,Essex Police,Essex Police,0.913712,51.778515,On or near VINCE CLOSE,E01021732,Colchester 021B,Unable to prosecute suspect
0f5219e74c0c8a1bef4073f728f9cbb5e3847a8cbdf9d723ff255691e929dc68,2018-12,Essex Police,Essex Police,1.028538,51.810409,On or near HIGH STREET,E01021981,Tendring 011C,Investigation complete; no suspect identified
7742fd13239bdae2947f1f267b4fe12644964923d0c21e00e61bd48d0a0203b5,2018-12,Essex Police,Essex Police,0.890860,51.888820,On or near PAPILLON ROAD,E01021646,Colchester 007A,Unable to prosecute suspect
89f1c8f92f8bc9911bfebbb328316ecbe0fdd7a1eded8c914713c611073e1cc8,2018-12,Essex Police,Essex Police,0.294891,51.518756,On or near MAR ROAD,E01015975,Thurrock 006F,Investigation complete; no suspect identified
4e21c90612eb56041a3aeb0143ea9f997d515e7b18ce96bff82619f85be637a0,2018-12,Essex Police,Essex Police,0.571785,51.526626,On or near BENDERLOCH,E01021507,Castle Point 010E,Unable to prosecute suspect
4577c6cb802674ea964842877308162ed89f91f55d21a8f558ab020951a51a49,2018-12,Essex Police,Essex Police,0.475387,51.732801,On or near Shopping Area,E01033140,Chelmsford 010F,Investigation complete; no suspect identified
0d5f348c2bc7213e2d63638b0491f0fc0a81535ff3f9f8f381c686546c6b0029,2018-12,Essex Police,Essex Police,0.686468,51.538175,On or near STATION ROAD,E01015828,Southend-on-Sea 012B,Investigation complete; no suspect identified
8e009e236ed85f8dab3ddaf28bd28f917824ea8fd07a9185f1719c15dc94eb42,2018-12,Essex Police,Essex Police,0.477081,51.569207,On or near AMPERS END,E01021320,Basildon 015D,Unable to prosecute suspect
13ac8d9431fc6ecb7f0010f6673b6091ec2f2d3263c34782bbe0d83d4f8171b1,2018-12,Essex Police,Essex Police,0.905299,51.778454,On or near ROSEBANK ROAD,E01021735,Colchester 021E,Unable to prosecute suspect
fe78ca49877e5ee15c9ac8700113666df64c32411b9496ecbe4872f92e78485b,2018-12,Essex Police,Essex Police,0.474085,51.733089,On or near High Street Chelmsford,E01033140,Chelmsford 010F,Suspect charged
8fde896ad301d5400465cf382ecd08588ae3355ebb3aef187acacace7282b4ff,2018-12,Essex Police,Essex Police,1.078696,51.798465,On or near CHAPEL LANE,E01022047,Tendring 018E,Unable to prosecute suspect
530800cc09383e4c7d2b473295b7ec18d4788677baa67c481e901b1a5b59550c,2018-12,Essex Police,Essex Police,0.443864,51.749568,On or near PENNINE ROAD,E01021597,Chelmsford 003B,Unable to prosecute suspect
386c2d7c69fe8f00e20e3ff78d063db77fd605e6297310804d01039983e257eb,2018-12,Essex Police,Essex Police,0.281698,51.489840,On or near Parking Area,E01016011,Thurrock 015B,Local resolution
474f08bed470c2e424463675ef7f9000e94ce87b94cdc1b77611558d5e2a258b,2018-12,Essex Police,Essex Police,0.758482,51.684979,On or near KATONIA AVENUE,E01021873,Maldon 007A,Investigation complete; no suspect identified
dd19465f27d7a957a7e5e1d1770d41e2f5432d800bf12d49a607c0611b770a67,2018-12,Essex Police,Essex Police,0.479518,51.702434,On or near ARNOLD WAY,E01021555,Chelmsford 017D,Suspect charged
18c00260dee6c440ebc5fe73416320bf21016c9120a3a1bc43070a55ab050d7c,2018-12,Essex Police,Essex Police,0.476798,51.702968,On or near Sports/Recreation Area,E01021555,Chelmsford 017D,Suspect charged
490ac960b3009525b079a4df4c96899bc3637999029876dee54eb1b72417dcd1,2018-12,Essex Police,Essex Police,0.474246,51.698112,On or near HOME MEAD,E01021554,Chelmsford 017C,Suspect charged
50387914e9ae4a389d27d5b07b4dba78094d3ca6d29576476d6460cdf2dd8cb4,2018-12,Essex Police,Essex Police,0.702404,51.552046,On or near VICTORIA AVENUE,E01015861,Southend-on-Sea 004E,Investigation complete; no suspect identified
7af6ff1fb0b00ba63fc6e320df3123e3252c176d3bb8a28a142c92b6353d7ec5,2018-12,Essex Police,Essex Police,0.744695,51.900138,On or near HARVESTERS' WAY,E01021662,Colchester 010B,Investigation complete; no suspect identified
7cbcfa92fdc7a17f847da78072da75df09e71c0b27aa37a5813198154dbc18e1,2018-12,Essex Police,Essex Police,0.444776,51.563940,On or near Supermarket,E01021294,Basildon 020A,Unable to prosecute suspect
3c1fd0358e6d11ed8c10af5e2e34906b4b3874c1fbc0f39a598c6963d7a669dd,2018-12,Essex Police,Essex Police,0.290712,51.682042,On or near SOAMES MEAD,E01021470,Brentwood 001F,Unable to prosecute suspect
da06a53b8981ba87d5af7bb0bc17e1445c9efd624016d25107162fc6dc46b2bc,2018-12,Essex Police,Essex Police,1.267943,51.935231,On or near Petrol Station,E01022000,Tendring 002A,Unable to prosecute suspect
d5685e2be22315a3f96da96a204187abacab0125fa8b0bec00a84eb1b270f2dd,2018-12,Essex Police,Essex Police,0.463838,51.585035,On or near Parking Area,E01021268,Basildon 015B,Investigation complete; no suspect identified
46d8d0ae6e8a8525838b9434729e678030a5c7e76bbdaacfea8ffe62d94139a5,2018-12,Essex Police,Essex Police,0.474246,51.698112,On or near HOME MEAD,E01021554,Chelmsford 017C,Suspect charged
e8e7f59cf3b5aff082bafdabc9b51a95873ff78fac9acca0d22f27f0bbaffe94,2018-12,Essex Police,Essex Police,0.199414,51.909402,On or near FIVE ACRES,E01022084,Uttlesford 005D,Investigation complete; no suspect identified
95cd2f1954bed20071ada86b6025e83d17bade5ff4c5be972e0ec46de575fda4,2018-12,Essex Police,Essex Police,0.374551,51.491684,On or near SLEEPERS FARM ROAD,E01015938,Thurrock 012F,Investigation complete; no suspect identified
9225c11052a6d1051345f181ac0c64275cf85c58205a465faa867f71514a98f3,2018-12,Essex Police,Essex Police,0.281698,51.489840,On or near Parking Area,E01016011,Thurrock 015B,Local resolution
3e2b31a5f939447268748c64184ef3f5a427855a17f8a3d6b32b824912388f65,2018-12,Essex Police,Essex Police,0.193109,51.872201,On or near DUNMOW ROAD,E01022087,Uttlesford 005F,Investigation complete; no suspect identified
a56800299e215b197d94acce4c08c40330ae02cda2a025e648ffe1acac8abd75,2018-12,Essex Police,Essex Police,0.582864,51.520618,On or near BREWSTER CLOSE,E01021484,Castle Point 011A,Investigation complete; no suspect identified
aeb564a6415ae110d881cc7b5dc250cc2d32d1b189aaf558f5c5b0f652e58c35,2018-12,Essex Police,Essex Police,0.284143,51.486609,On or near Shopping Area,E01016011,Thurrock 015B,Investigation complete; no suspect identified
5d324cae309fc13e33903bb9cc87834c69d82e765900450cb5801fb864d21b0e,2018-12,Essex Police,Essex Police,1.137601,51.786708,On or near CROWN ROAD,E01022038,Tendring 017E,Unable to prosecute suspect
5b99d4801cd09841e73d8ad612665d43238d6b39f5fbc77e76c7364a16da66b4,2018-12,Essex Police,Essex Police,0.251804,51.495347,On or near HALL ROAD,E01015922,Thurrock 008A,Unable to prosecute suspect
d8621d191fe3e5f289d84d2208c0210f484575d20de76717519710fc0904e667,2018-12,Essex Police,Essex Police,0.585628,51.569904,On or near GRANGEWAY,E01021510,Castle Point 002B,Unable to prosecute suspect
5acae3963160a235cf880d1b54db35ef6a8914ee98b6a73966b06bccc939896a,2018-12,Essex Police,Essex Police,0.109402,51.778358,On or near ALTHAM GROVE,E01021853,Harlow 003E,Investigation complete; no suspect identified
84fb92a6d987b9967c147dabc030fe2a53e49dcb72bb2583f9638c324bac7df2,2018-12,Essex Police,Essex Police,0.056892,51.745487,On or near SILVERWOOD CLOSE,E01021741,Epping Forest 002A,Investigation complete; no suspect identified
9f0c5480adfbb52600a493a07dbb0321337aeb099f42554faf306773212f683c,2018-12,Essex Police,Essex Police,0.500879,51.590268,On or near Cricketers Retail Park,E01021307,Basildon 011C,Unable to prosecute suspect
250671067a9623137a809eb22666d0d04c749243aff39d4b1adc909553d5617b,2018-12,Essex Police,Essex Police,1.136094,51.803018,On or near FINER CLOSE,E01022024,Tendring 015B,Unable to prosecute suspect
4711715eb63d3e2c4ec2e317b2feb475281f8a1fe0221f6bd01584124f4a4d52,2018-12,Essex Police,Essex Police,0.598574,51.772777,On or near LABURNUM WAY,E01021395,Braintree 018C,Unable to prosecute suspect
3ef3190e4b3d0e17e670f3846e722e3a19b0fd74579ca06e0b90d0c129e8c764,2018-12,Essex Police,Essex Police,0.702850,51.547152,On or near HOWARDS CHASE,E01015899,Southend-on-Sea 010E,Suspect charged
75456b57806151a349653ca605bc3c9fad714ae13d6e0906d3368d55fe905078,2018-12,Essex Police,Essex Police,0.702850,51.547152,On or near HOWARDS CHASE,E01015899,Southend-on-Sea 010E,Suspect charged
ebeef67517ffed362f1ee0ec59cdf1267b4b2e16881558f28d497c7ed76cbbd2,2018-12,Essex Police,Essex Police,0.077815,51.656812,On or near DROVEWAY,E01021777,Epping Forest 011D,Suspect charged
7e0b58625b23c02bdf995e0d949287e2770bbde886a9e9bacbb0da4bd2bbb7a4,2018-12,Essex Police,Essex Police,0.348031,51.633427,On or near BIRKBECK ROAD,E01021451,Brentwood 003D,Unable to prosecute suspect
79ea1d3c613ca28cea9013a610541c85362c3fd9afae673bee230ea51549fcdb,2018-12,Essex Police,Essex Police,0.508699,51.825568,On or near HELEN HOW,E01021538,Chelmsford 001A,Unable to prosecute suspect
153816d69779af3ca3c6676177f3ccc50c347c6da948d51c2e97e0686493eb53,2018-12,Essex Police,Essex Police,0.109084,51.692531,On or near THE CRESCENT,E01021758,Epping Forest 006C,Offender given a drugs possession warning
0d2e2d9cd3678d6d7e37e1252f4bd1704f8fbea28265f59e34f475efd32e9416,2018-12,Essex Police,Essex Police,0.535806,51.604294,On or near IONA WAY,E01021345,Basildon 007E,Unable to prosecute suspect
6fcf793e2379985b16ce8311301daaae35826f7c5479ff6d19ec777ab8ea5231,2018-12,Essex Police,Essex Police,0.429041,51.575724,On or near TEMPLE CLOSE,E01021289,Basildon 016C,Unable to prosecute suspect
ef5786f6de0be4a9b5628d643a6817a95b15aeb9a5921457dc2422c169323f2e,2018-12,Essex Police,Essex Police,1.152956,51.787493,On or near Parking Area,E01022025,Tendring 016B,Unable to prosecute suspect
3ab407efa2b337f3732d871c03d933f920d334a6a354ec690ed31550b693c096,2018-12,Essex Police,Essex Police,0.463832,51.730985,On or near SEYMOUR STREET,E01021582,Chelmsford 010D,Unable to prosecute suspect
8d1a8d20f87d0e1d0f44f6602573c2500b325120c9ca92a8e48bd3f4ff81444f,2018-12,Essex Police,Essex Police,0.463832,51.730985,On or near SEYMOUR STREET,E01021582,Chelmsford 010D,Unable to prosecute suspect
c709d3ff74dbcfc3cdfc7434e065559bdaab87f852a623e4b048b55710f2c4de,2018-12,Essex Police,Essex Police,0.067121,51.639456,On or near RIVER WAY,E01021784,Epping Forest 013E,Unable to prosecute suspect
f1e9e6cc75439b490fd0ccfb407c5c45ed0398fc059e8f902392225f74a9b22e,2018-12,Essex Police,Essex Police,0.473830,51.736629,On or near Chelmsford Police Station,E01033141,Chelmsford 010G,Offender given a drugs possession warning
d3c47a023315b3a7606d9bce9edcc0c2bfb0f24b52c674286e5268d651753849,2018-12,Essex Police,Essex Police,0.655050,51.548451,On or near Supermarket,E01015814,Southend-on-Sea 003A,Unable to prosecute suspect
0334aafd5d32f6fa69f69e02d00a62d4e9523a6348b812a93587e9ce4264451e,2018-12,Essex Police,Essex Police,0.568429,51.534632,On or near SOMNES AVENUE,E01021503,Castle Point 010D,Investigation complete; no suspect identified
8a00acf26dd4cba1ce381ae8fc1a872f03c0d190c05c068ce49e0d2c9cc0b4a5,2018-12,Essex Police,Essex Police,0.898584,51.898397,On or near BLOYES MEWS,E01021647,Colchester 007B,Unable to prosecute suspect
70c1ca6769238238e3462582e3d4c9eb78a616df73531967a40f8aa0415f024e,2018-12,Essex Police,Essex Police,0.425540,51.522710,On or near WEELKES CLOSE,E01016000,Thurrock 005D,Suspect charged
8603127c2beb08b6f88df9abe387f8ca425aa3dbbeeccd7dbaf0d618c0844f17,2018-12,Essex Police,Essex Police,0.710206,51.550310,On or near STATION APPROACH,E01015861,Southend-on-Sea 004E,Investigation complete; no suspect identified
dc7e4747b5c08dc0be35e54c7950099a303235a1844edd2e1e32be80f1d09719,2018-12,Essex Police,Essex Police,0.619298,51.623604,On or near CHERRYDENE CLOSE,E01021942,Rochford 001A,Investigation complete; no suspect identified
258f0ba216e2a4c13fb86daaaf9752822f5061abea87c93597575226749b144f,2018-12,Essex Police,Essex Police,0.475214,51.731744,On or near Shopping Area,E01033140,Chelmsford 010F,Investigation complete; no suspect identified
e4997251a55653666858dcb4cf99f020d888e5d3a83a11a4d8c0ab7695333274,2018-12,Essex Police,Essex Police,0.548558,51.560166,On or near LIMETREE AVENUE,E01021523,Castle Point 007D,Unable to prosecute suspect
4b036743d645db0775892cc288ed3d07825b797be3ca5921fdbed3fceb44a27f,2018-12,Essex Police,Essex Police,0.425540,51.522710,On or near WEELKES CLOSE,E01016000,Thurrock 005D,Suspect charged
3b45cdec530c7bc63df5b832ed7967722cdec1a8b926f133eb3172dd4c14b320,2018-12,Essex Police,Essex Police,0.332262,51.472073,On or near CURZON DRIVE,E01015952,Thurrock 017B,Investigation complete; no suspect identified
036f4f87d55c1bc313682ca614002fedd649b79a7a43dfe5c5b5dc3ba2fc1acb,2018-12,Essex Police,Essex Police,0.200403,51.901677,On or near Parking Area,E01022083,Uttlesford 005C,Investigation complete; no suspect identified
73f65f82ebd249105e1b9e45d3f911361d1fee640d8db9a4a400a6fd5853505f,2018-12,Essex Police,Essex Police,0.917545,51.883206,On or near ARTILLERY STREET,E01021685,Colchester 011C,Investigation complete; no suspect identified
2ecf86bae93690338bac489908d618a2cbc980c6f92f9cf54e669a4ce74d9c7f,2018-12,Essex Police,Essex Police,0.092373,51.766253,On or near LUTHER KING ROAD,E01021868,Harlow 007B,Suspect charged
6f7024534da32d971ed293d949e4465f92937389e1924a5c7c2c35d274359fa0,2018-12,Essex Police,Essex Police,0.510879,51.739737,On or near PEERS SQUARE,E01021545,Chelmsford 008B,Investigation complete; no suspect identified
7a008ce448ac0171243306098f2d0c1e69ca140e86f5f74dc7b7673fb160c5e9,2018-12,Essex Police,Essex Police,0.701844,51.548200,On or near ROOTS HALL DRIVE,E01015862,Southend-on-Sea 004F,Investigation complete; no suspect identified
01d4301a56e7823e01596637915829ca4d71ed7215e97345cd5a73c77e061616,2018-12,Essex Police,Essex Police,0.516507,51.872399,On or near NEW ROAD,E01021383,Braintree 010C,Unable to prosecute suspect
f252327b7443e2f4d0e28fe055bda98e617109958ce6a8f034d0c26c821cb7a4,2018-12,Essex Police,Essex Police,0.702103,51.547700,On or near Petrol Station,E01015861,Southend-on-Sea 004E,Investigation complete; no suspect identified
012597692fa2f64c3c168e29ef3735a6159033df8f4de0242f2b1c286e7bcf8d,2018-12,Essex Police,Essex Police,0.699259,51.544734,On or near RAYLEIGH AVENUE,E01015900,Southend-on-Sea 010F,Investigation complete; no suspect identified
8c85c49db6501d8957acee336d21d541e2127c26e1e3be0b949b6e21fe44b67d,2018-12,Essex Police,Essex Police,0.682566,51.541952,On or near CHADWICK ROAD,E01015832,Southend-on-Sea 012F,Investigation complete; no suspect identified
e8c61154aa22a4558ba18895105bcc33eacc3b9832380304cf3d9d4238fd7d44,2018-12,Essex Police,Essex Police,0.421054,51.581600,On or near SCHOOL AVENUE,E01021274,Basildon 010D,Unable to prosecute suspect
919b0807c47af8320ad267dbe4d800d68dafdb27b8e40579e74ffa12c0f1fdd7,2018-12,Essex Police,Essex Police,0.725264,51.534824,On or near OUTING CLOSE,E01015842,Southend-on-Sea 014D,Investigation complete; no suspect identified
c75e191738eb37fabeae3c353989d7766b0f7e6e6713a7cef39c9fdc30d8cbd4,2018-12,Essex Police,Essex Police,1.148025,51.787913,On or near Police Station,E01022037,Tendring 017D,Unable to prosecute suspect
2906bf4d945b62660a84040df942d270891ab95a55f5203be06f70c0afff3eae,2018-12,Essex Police,Essex Police,0.485242,51.563000,On or near MIDDLE CROCKERFORD,E01021323,Basildon 019B,Investigation complete; no suspect identified
308412ae59fd2602eb802374849198b155cf3910e7242e4f35fafc30b3b8c261,2018-12,Essex Police,Essex Police,1.152215,51.788718,On or near Shopping Area,E01022025,Tendring 016B,Investigation complete; no suspect identified
378a165ef6664c7c6dcaa76c9f789be7a136b7e31df1926b38d68a4328b08fca,2018-12,Essex Police,Essex Police,0.767567,51.533258,On or near MAPLIN WAY,E01015916,Southend-on-Sea 017C,Investigation complete; no suspect identified
4bc3ee926c5cf6964a78e12cbe29739b678ae3b8683df892440ddd5f9f115fa3,2018-12,Essex Police,Essex Police,0.724204,51.539283,On or near FAIRBURN CLOSE,E01015844,Southend-on-Sea 014F,Suspect charged
f544742ef852fe4a3a38bba73d66e55039732fa657c305c0d6c1cc55ec2a3e0b,2018-12,Essex Police,Essex Police,1.152215,51.788718,On or near Shopping Area,E01022025,Tendring 016B,Investigation complete; no suspect identified
9c6d9c0bec4b33fd80379d7d0224615e0cb7577a18c83bee8f2bdcd740f2ca50,2018-12,Essex Police,Essex Police,0.333485,51.618618,On or near THAL MASSING CLOSE,E01021456,Brentwood 009D,Unable to prosecute suspect
6ae0aef20e14794b2cef07588d6e78461d02c55e864c1b8291deb5ee4f8ed6aa,2018-12,Essex Police,Essex Police,0.724204,51.539283,On or near FAIRBURN CLOSE,E01015844,Southend-on-Sea 014F,Suspect charged
09a26267cffb34737de24fdf2c0fea50f9c81adbdae058ba676a98f12eb5f351,2018-12,Essex Police,Essex Police,0.705899,51.543115,On or near BOSTON AVENUE,E01015896,Southend-on-Sea 010B,Investigation complete; no suspect identified
faf1c915ff11240d2540c1f650a27903c9bebafb747f307e42d4c617f28edb11,2018-12,Essex Police,Essex Police,0.430408,51.609178,On or near TYRONE ROAD,E01021257,Basildon 009B,Investigation complete; no suspect identified
41dca813a9c9009182b352582796a6a611b07a3baf9bf92300c6ac629ff4f8db,2018-12,Essex Police,Essex Police,1.126707,51.801344,On or near FLATFORD DRIVE,E01022030,Tendring 015C,Unable to prosecute suspect
f4bd2889af7e538c128cd62097f1779d79f1eff578edcdc567ab9a81dcd19e54,2018-12,Essex Police,Essex Police,0.704765,51.550264,On or near HILL ROAD,E01015861,Southend-on-Sea 004E,Investigation complete; no suspect identified
42630546f93db4438d93167e09c8ff9cedcd073e617737438b9bb8368c07c20a,2018-12,Essex Police,Essex Police,0.736804,51.544728,On or near TRINITY ROAD,E01015887,Southend-on-Sea 009E,Suspect charged
ba6fb0b87a86d0d8a231bc866c33cf5b8aa02254f98a09a0f4e1479248321bff,2018-12,Essex Police,Essex Police,0.092373,51.766253,On or near LUTHER KING ROAD,E01021868,Harlow 007B,Unable to prosecute suspect
91fc073a94b0c21ef0e2fd80087e101287d8c5ca47e0315e7b90fef4cfed9de3,2018-12,Essex Police,Essex Police,0.190173,51.882921,On or near HARRISONS,E01022087,Uttlesford 005F,Investigation complete; no suspect identified
b641b8ec62f190e9a70a8f8fddef6118d41cc30ad6ef6feff08716c09e2b05ca,2018-12,Essex Police,Essex Police,0.475387,51.732801,On or near Shopping Area,E01033140,Chelmsford 010F,Investigation complete; no suspect identified
597f1a1ca7c321c56e7d938b007e74a1b397442ef2ee79d394cc9299cfb7e019,2018-12,Essex Police,Essex Police,0.915696,51.917931,On or near AVITUS WAY,E01033721,Colchester 002G,Local resolution
069511c40a4ec1b0598ca15160823dc13c496d18093ffebbaba649f174fb9cb5,2018-12,Essex Police,Essex Police,0.697836,51.547987,On or near MACDONALD AVENUE,E01015862,Southend-on-Sea 004F,Investigation complete; no suspect identified
077c491a1d9eea9fb832d612bc7f60eb44df50eb77b6396b47faa6a493f2e5cc,2018-12,Essex Police,Essex Police,1.278647,51.856529,On or near PERCIVAL ROAD,E01022054,Tendring 006C,Unable to prosecute suspect
7e62a7b67f4f8ed245e08345b795c9078f38a222d006474d441eb0a09f882571,2018-12,Essex Police,Essex Police,1.261481,51.934205,On or near MAIN ROAD,E01022006,Tendring 002C,Investigation complete; no suspect identified
21228e42cbbee25698f8665dad29b61a80980638cc041637239819c15c57e9ea,2018-12,Essex Police,Essex Police,0.509987,51.586548,On or near SWINBORNE COURT,E01021309,Basildon 011E,Investigation complete; no suspect identified
752a0d0ceb016666dd21627fff6cb160b2786c1fdc2d42d8f0a5cc1282d73fab,2018-12,Essex Police,Essex Police,0.714148,51.540424,On or near Parking Area,E01015895,Southend-on-Sea 010A,Investigation complete; no suspect identified
dbe78f8a8ba47f58bd78595d2715276d0c85ec9afe8a7881f80aa7b3ff60a711,2018-12,Essex Police,Essex Police,0.499342,51.736197,On or near RAMSHAW DRIVE,E01021547,Chelmsford 008D,Unable to prosecute suspect
74d7bab1ab5bed445624098366d698a2fa2c2b1eb119eda2c0cdec943a1b46a0,2018-12,Essex Police,Essex Police,0.333485,51.618618,On or near THAL MASSING CLOSE,E01021456,Brentwood 009D,Suspect charged
5c7c04e9d12ec9dfe626cabcfb6ef96a491de3029eccf08f122786ecc0b35ace,2018-12,Essex Police,Essex Police,0.724204,51.539283,On or near FAIRBURN CLOSE,E01015844,Southend-on-Sea 014F,Suspect charged
a1bf5f4a8a47c8355c7943a98bc048e6450b65d0f044a61b2911800dd5b4dd52,2018-12,Essex Police,Essex Police,0.911032,51.776747,On or near QUEENS MEWS,E01021735,Colchester 021E,Investigation complete; no suspect identified
7fd7caca10649399be237fd978a4e3da257f60e729b2f4e90b098be3d43bf2e1,2018-12,Essex Police,Essex Police,0.915696,51.917931,On or near AVITUS WAY,E01033721,Colchester 002G,Unable to prosecute suspect
cd80ca1955779cc38d3aeb12f16ccbc40fabc7c03c40375de45face162ef2b45,2018-12,Essex Police,Essex Police,0.693292,51.547003,On or near HAINAULT AVENUE,E01015906,Southend-on-Sea 007F,Investigation complete; no suspect identified
2734144e5015c054dfe041e4928a3cc5f6d112d799f01046e7c9ff007ce09e65,2018-12,Essex Police,Essex Police,0.915696,51.917931,On or near AVITUS WAY,E01033721,Colchester 002G,Local resolution
dd141240fd2df2ec7214c623ef696dbf95c04ef9ac5d832d14818174e2eaad06,2018-12,Essex Police,Essex Police,0.915696,51.917931,On or near AVITUS WAY,E01033721,Colchester 002G,Unable to prosecute suspect
ead2b024e79b450a5a78c811860c1c2f16da04b845a66c4772728e090e1de189,2018-12,Essex Police,Essex Police,0.468921,51.751535,On or near Supermarket,E01021589,Chelmsford 006C,Investigation complete; no suspect identified
fe3dd18526a19a4f63be20d884b81b03d91cf180713a530b5d73c0b359a046fd,2018-12,Essex Police,Essex Police,0.085746,51.756102,On or near HOLLY FIELD,E01021831,Harlow 007A,Investigation complete; no suspect identified
150004c6d489c89969fe90fff36994443c80e7a0b101e8f8f2aea83b7a74747b,2018-12,Essex Police,Essex Police,0.704765,51.550264,On or near HILL ROAD,E01015861,Southend-on-Sea 004E,Investigation complete; no suspect identified
7cf12cb5119f38b9a59548ba6a8bf932797870c39b26015fa0c80bd1570720a9,2018-12,Essex Police,Essex Police,0.709743,51.544690,On or near Police Station,E01015895,Southend-on-Sea 010A,Investigation complete; no suspect identified
7342a321ae7d6f204e56989c41c088496c81e411d5596c22ff0976ed4e13d3c8,2018-12,Essex Police,Essex Police,1.154354,51.788616,On or near COLNE ROAD,E01022025,Tendring 016B,Suspect charged
7342a321ae7d6f204e56989c41c088496c81e411d5596c22ff0976ed4e13d3c8,2018-12,Essex Police,Essex Police,1.154354,51.788616,On or near COLNE ROAD,E01022025,Tendring 016B,Suspect charged
1e2e4ca83be85079edbd8bd128a24c76474d24c798bb5e13cc4435d4103205f9,2018-12,Essex Police,Essex Police,0.495881,51.732790,On or near Shopping Area,E01021547,Chelmsford 008D,Investigation complete; no suspect identified
9ffbc4fe1708cf331699b5dda238bbe88cf8ef1e98fc47807a40468dd9560399,2018-12,Essex Police,Essex Police,1.117067,51.780626,On or near CROSSWAYS,E01021990,Tendring 018C,Suspect charged
44c3c892a7d088191a794329c884c46faf1952dffaadea6b42b8faf8f792706a,2018-12,Essex Police,Essex Police,0.418713,51.578006,On or near ROBERTS ROAD,E01021273,Basildon 014A,Investigation complete; no suspect identified
931e6fb17dd3b422b8acc65a3f96ce63e60c7535c31c6a709daf65c61889d661,2018-12,Essex Police,Essex Police,0.592539,51.925506,On or near NEW ROAD,E01021381,Braintree 007F,Unable to prosecute suspect
e5059c63196c9663bb4018fba3cbed9ffbd612608aedc488fea9da38fa6a8b61,2018-12,Essex Police,Essex Police,0.623200,51.845894,On or near TEMPLE LANE,E01021360,Braintree 012A,Local resolution
67399bae96e01bcf527ac2939b069e9f8ee02a0d530419e7389b0376658ad917,2018-12,Essex Police,Essex Police,0.718899,51.552141,On or near WENTWORTH ROAD,E01015874,Southend-on-Sea 006F,Investigation complete; no suspect identified
32be3191eec36db2ccd21bb684ae30c8c181509a6f799c9f44a40bc1aa298777,2018-12,Essex Police,Essex Police,0.021708,51.690362,On or near BROADGATE,E01021814,Epping Forest 007C,Investigation complete; no suspect identified
e48fd32b3df324166285d66d864ec2f8c4efdccb8f7355d9e772aa3d5ce83ef8,2018-12,Essex Police,Essex Police,1.082635,51.774555,On or near LINKS ROAD,E01022045,Tendring 018D,Unable to prosecute suspect
a077c3e9d3bff70a3e926a3a34ec642645696c149df3c5c3e933c353859892c3,2018-12,Essex Police,Essex Police,0.646955,52.073155,On or near SCHOOL ROAD,E01021406,Braintree 002B,Investigation complete; no suspect identified
b43b0691b812369a564332b5bb471b1d969bb32f28993e0ec34fe3525518b97b,2018-12,Essex Police,Essex Police,0.277986,51.868322,On or near FLEMING ROAD,E01022091,Uttlesford 006C,Investigation complete; no suspect identified
4ba12452a8eec7fb9244ac5f491cfeb45d2826144ab58adf778894bd3f6726e3,2018-12,Essex Police,Essex Police,0.488444,51.561664,On or near BYFLETTS,E01021328,Basildon 022E,Investigation complete; no suspect identified
caf10c6df76299208bb3ab6e05ac7644a22055e48b76ab1accbdfa71f5511eb7,2018-12,Essex Police,Essex Police,0.409302,51.640468,On or near MILNER PLACE,E01021245,Basildon 002A,Unable to prosecute suspect
bbbd71d53b5a3a94061d2c99596e790d1dd4b4c7928db001606fcedb5a2ded20,2018-12,Essex Police,Essex Police,0.033497,51.667066,On or near WELLINGTON HILL,E01021806,Epping Forest 009A,Investigation complete; no suspect identified
e4d1f482412a68d2d3c3a17fc7baa8071192c122337489085f01f504e602943a,2018-12,Essex Police,Essex Police,0.302056,51.485899,On or near WARREN LANE,E01015982,Thurrock 019A,Investigation complete; no suspect identified
a2f0ee3035d5e471b8c526f11898d5353313c7152562ff954989385c7eb1d6a2,2018-12,Essex Police,Essex Police,0.724204,51.539283,On or near FAIRBURN CLOSE,E01015844,Southend-on-Sea 014F,Unable to prosecute suspect
21f6da61eee517c1322d59b4ec52b9a870c1ec690aa18bae0359ec983cfbb5a8,2018-12,Essex Police,Essex Police,1.019227,51.811125,On or near LOWER PARK ROAD,E01021980,Tendring 011B,Unable to prosecute suspect
f21e589f2925f877a8191f498e58a48bd07da4bb6a4aa84a98f7285cb746493f,2018-12,Essex Police,Essex Police,0.941749,51.857492,On or near HILL VIEW CLOSE,E01021657,Colchester 016A,Investigation complete; no suspect identified
c4471282b6de6627aa5341d688941d7f5324f785b9e61e522cc1a7fd67e4d362,2018-12,Essex Police,Essex Police,0.129620,51.765009,On or near HADLEY GRANGE,E01021827,Harlow 005D,Investigation complete; no suspect identified
a5102275a5c17aa46d25b65cf0774d5836e291f774bec23057bef43307238f15,2018-12,Essex Police,Essex Police,0.671282,51.570917,On or near Supermarket,E01015863,Southend-on-Sea 002A,Investigation complete; no suspect identified
dde9ff75b97661a7cb93715c497c4bea26e268a1bdc34ad2af8a8ec328edef40,2018-12,Essex Police,Essex Police,0.624383,51.551209,On or near HEATHER DRIVE,E01021517,Castle Point 005A,Investigation complete; no suspect identified
ff5a743024a0c1b60afd1e0eef35969fd7aaae99c05617400800a17760b62a08,2018-12,Essex Police,Essex Police,0.363818,51.482764,On or near MORLEY SQUARE,E01015935,Thurrock 012C,Offender given a caution
671462e6362536794cf92970e9c7e52adcf7136dee22f401d0f4b509d7980623,2018-12,Essex Police,Essex Police,0.435357,51.771597,On or near WOODHALL HILL,E01021550,Chelmsford 003A,Investigation complete; no suspect identified
8a1f188b4c2574b2605d4abedc65b4c006b5d0c8785fbd6e31a482c36bfa88ce,2018-12,Essex Police,Essex Police,0.923295,51.885581,On or near GEOFF SEADEN CLOSE,E01021685,Colchester 011C,Investigation complete; no suspect identified
4c6358742bcec73ca0c9ac7e6c531529e5fa0858577ffba12ce8e2fe3b049e44,2018-12,Essex Police,Essex Police,0.700260,51.549937,On or near FAIRFAX DRIVE,E01015862,Southend-on-Sea 004F,Investigation complete; no suspect identified
558d90184b5c002194eb1f48dd74916e99f66bbb2df55e48dec92bf08f986eaa,2018-12,Essex Police,Essex Police,0.693292,51.547003,On or near HAINAULT AVENUE,E01015906,Southend-on-Sea 007F,Investigation complete; no suspect identified
00272cb3e2bc828ce1f68ee4ea9d1de2f06fdec67ee875ee93652ae5046016a5,2018-12,Essex Police,Essex Police,0.504192,51.585656,On or near ARCHERS FIELDS,E01021307,Basildon 011C,Investigation complete; no suspect identified
5141759ca0e8be45ad31e517136c4c3f313279631ca65f1dcbd8b9e8e167ffe0,2018-12,Essex Police,Essex Police,0.434574,51.625216,On or near MONS AVENUE,E01021241,Basildon 003C,Investigation complete; no suspect identified
7d158baeff5b2fc57f6deac6161eed77e207152760685a8c82b9324248bd5efb,2018-12,Essex Police,Essex Police,0.510879,51.739737,On or near PEERS SQUARE,E01021545,Chelmsford 008B,Investigation complete; no suspect identified
e1cec7d7b369652b88e50ede415ff0518bfba2a320857143a3e7b526df2c76ae,2018-12,Essex Police,Essex Police,0.455851,51.791558,On or near DUFFRIES CLOSE,E01021540,Chelmsford 001C,Investigation complete; no suspect identified
82bc1675146c688dd6be0fb19867d8e0fa45cf7fa3b2450445d73eb9326f9d5c,2018-12,Essex Police,Essex Police,1.238283,51.838760,On or near CHAPELFIELDS,E01021995,Tendring 008C,Investigation complete; no suspect identified
71aabb7cf93907d3396683420057f010736d101ed6587db41e6852319abed1a6,2018-12,Essex Police,Essex Police,0.717784,51.553030,On or near CROMWELL ROAD,E01015874,Southend-on-Sea 006F,Unable to prosecute suspect
825407a3c832bb2bfebe8b119c4ad860a3727edae4ea5aaccd6edf88e76ef664,2018-12,Essex Police,Essex Police,0.475214,51.731744,On or near Shopping Area,E01033140,Chelmsford 010F,Offender given penalty notice
1df5edc22a0b114768c7e1b82ede2cceecfe3ce2e4e463ccc5a48a7fbd8ceb94,2018-12,Essex Police,Essex Police,0.510879,51.739737,On or near PEERS SQUARE,E01021545,Chelmsford 008B,Investigation complete; no suspect identified
0c85c87ab755239361e0913aad269fafab73f864a18ccdd7077b0a568c05cb62,2018-12,Essex Police,Essex Police,0.665178,51.609881,On or near ORCHARD CLOSE,E01021940,Rochford 003H,Unable to prosecute suspect
09ed1d7d1edadc4f82c6c3c71478b86acddd0ce2744285789b8f907f9de48837,2018-12,Essex Police,Essex Police,1.173025,51.800471,On or near NORWOOD AVENUE,E01022050,Tendring 014E,Unable to prosecute suspect
8c939df4d6a0851ba4004c0d433cf4a8527e47ee91116e46fefd6f6c2386995b,2018-12,Essex Police,Essex Police,0.471939,51.696677,On or near MORETONS,E01021554,Chelmsford 017C,Unable to prosecute suspect
c3a0134ae65d71f99b11d32ac4629dbdd12a3b8b2de85801c5b05ce481d8f123,2018-12,Essex Police,Essex Police,0.495785,51.775195,On or near PRATT'S FARM LANE,E01021540,Chelmsford 001C,Investigation complete; no suspect identified
e7fcc3453d07d193884c530b61ecbc986254e8fbbfcd5452d0cdc282e9ffedae,2018-12,Essex Police,Essex Police,1.151440,51.787381,On or near PENFOLD ROAD,E01022025,Tendring 016B,Unable to prosecute suspect
2e8953af32f2cdd4ae3866253367b1cc894b6d0b5d56c4b33b12ba8866271af6,2018-12,Essex Police,Essex Police,0.445997,51.568960,On or near WICKHAY,E01021287,Basildon 017A,Investigation complete; no suspect identified
c3987793612448c35ac261b647b9c2e8cf08df247f456a1dabfcb235b6b3273f,2018-12,Essex Police,Essex Police,0.457729,51.792499,On or near WOLMERS HEY,E01021540,Chelmsford 001C,Investigation complete; no suspect identified
7b97daee2e109d95a811387a9ab3ff23e5b1b01b3f59b384efd1bbb47d81d78e,2018-12,Essex Police,Essex Police,0.066882,51.765338,On or near Bus/Coach Station,E01021840,Harlow 004B,Investigation complete; no suspect identified
3f396ab19067fc71b2a786559196f9bd8786e44f932141ce0adb39586dcab50f,2018-12,Essex Police,Essex Police,0.085834,51.767754,On or near HARE STREET SPRINGS,E01021842,Harlow 004D,Investigation complete; no suspect identified
67fa2ba19b1ce218f1974e4272aa78a2b2deb389359bc3ee92feb74796f64b27,2018-12,Essex Police,Essex Police,0.065910,51.654783,On or near Petrol Station,E01021787,Epping Forest 012B,Unable to prosecute suspect
d4a80b2c0fc8e63e4443d75d932cb65813df5c745bd17de61c2198e203dbecfe,2018-12,Essex Police,Essex Police,1.271602,51.936721,On or near KING GEORGE'S AVENUE,E01022000,Tendring 002A,Unable to prosecute suspect
8ef38d7f096036709525fbaa4c51a944bb1ab73daab8f5270703996af03674f2,2018-12,Essex Police,Essex Police,0.323890,51.483868,On or near RUSSEL ROAD,E01015958,Thurrock 009B,Investigation complete; no suspect identified
938306764443e53b99af264d5fd2a26e733a4d2ee190f6ac039ed8cb1eae59f4,2018-12,Essex Police,Essex Police,0.724493,51.540490,On or near FERNDOWN CLOSE,E01015844,Southend-on-Sea 014F,Offender given a drugs possession warning
4983781ff3bb3169db9baa4bf7ee565de4ce7e87cde5228fb18591632162f243,2018-12,Essex Police,Essex Police,1.271407,51.934235,On or near MAPLE CLOSE,E01021999,Tendring 001C,Unable to prosecute suspect
763638256e950668aff1eb3a3fff0501d6e75ad3b2776e678179f2e4cea38ffc,2018-12,Essex Police,Essex Police,1.176151,51.815002,On or near TELFORD ROAD,E01021984,Tendring 010A,Investigation complete; no suspect identified
66c537c1f4b32d0de6cee79554c5e1a95a583ec8c0de7b983e7e8479ff46008c,2018-12,Essex Police,Essex Police,0.465367,51.525270,On or near HERD LANE,E01015945,Thurrock 002A,Unable to prosecute suspect
c34efe54d1f693f0d13e5fffb16c99c6794ff61afcd4146db301dc635989b258,2018-12,Essex Police,Essex Police,0.726073,51.540157,On or near SOUTHCHURCH ROAD,E01015839,Southend-on-Sea 014A,Investigation complete; no suspect identified
048098878e1607186f0fa5a2ade4a0ec4bfaf1064ac325d6ef6dbeebbfd92bba,2018-12,Essex Police,Essex Police,0.461696,51.726578,On or near Sports/Recreation Area,E01021578,Chelmsford 010B,Investigation complete; no suspect identified
a80e65f2a2953fc99df6e4ad8dce7f4fc3f1cc1e73e2fb3070407ad5b5874d3d,2018-12,Essex Police,Essex Police,0.591332,51.560578,On or near Petrol Station,E01021511,Castle Point 002C,Investigation complete; no suspect identified
aee8a0ae65795cc072a99647a7c53b47df6e128ba3b24027eb9b74b2302b1c63,2018-12,Essex Police,Essex Police,0.419272,51.629552,On or near RADFORD COURT,E01021247,Basildon 003E,Investigation complete; no suspect identified
7cbf306e58119932a651c0e6441e3ea27ac99c484f6a58f697998c8476829027,2018-12,Essex Police,Essex Police,1.035237,51.793291,On or near COLNE VIEW,E01022046,Tendring 011E,Suspect charged
3b385e29b953428528a5c9b3a6265a6e50330084cc4877ffb8b9c5e924cbe418,2018-12,Essex Police,Essex Police,1.151204,51.800222,On or near Petrol Station,E01022043,Tendring 014B,Investigation complete; no suspect identified
d05ff06bc7e775878169f779f0c628b0fa173b3f7ad31dc526ff26b168f24ba6,2018-12,Essex Police,Essex Police,1.085171,51.776242,On or near SEAVIEW ROAD,E01022045,Tendring 018D,Investigation complete; no suspect identified
974c43aa883cabd2f83b6e12694e30917d12d6385c3c627dd69bed1da44c06ae,2018-12,Essex Police,Essex Police,0.245286,51.712703,On or near A414,E01021802,Epping Forest 004D,Investigation complete; no suspect identified
6439d1c3a9defb0ffb660543f50d137d869fd6f80ef71f7d7bb58a0cec3fa6ab,2018-12,Essex Police,Essex Police,0.881549,51.885721,On or near QUEEN'S ROAD,E01021676,Colchester 009D,Unable to prosecute suspect
7ad87cad2debcb26974524bfdfacc8534cf3ddb41b86b66c95708c3b0d5dd3b4,2018-12,Essex Police,Essex Police,0.716199,51.548714,On or near CEDAR CLOSE,E01015897,Southend-on-Sea 010C,Unable to prosecute suspect
836e2757f0d992e8a51427e4aaf9995c3468b1eed340921c80763c26df9f51f5,2018-12,Essex Police,Essex Police,0.410823,51.632631,On or near RICKETTS DRIVE,E01021246,Basildon 002B,Investigation complete; no suspect identified
f89a9111e7a0138a78fc7a5b8dc6b6814630932e31b0dbbfee4d612d5b055990,2018-12,Essex Police,Essex Police,0.898885,51.779269,On or near Parking Area,E01021733,Colchester 021C,Unable to prosecute suspect
1234c5bc7c4aa96c2bc20afee6beba07ce0ad99742b3096e89f2de1835541709,2018-12,Essex Police,Essex Police,0.465367,51.525270,On or near HERD LANE,E01015945,Thurrock 002A,Unable to prosecute suspect
9d6bcb4e9307222d2f6b42f6da2854c995673d9e10209f406cb5586b23b6f6d8,2018-12,Essex Police,Essex Police,0.893864,51.896652,On or near ST PAUL'S ROAD,E01021650,Colchester 007E,Suspect charged
bffa7d6cdfdd699b55c50c497ef6b5871a8d6d57cb6a507f8aa3b9a4747931cb,2018-12,Essex Police,Essex Police,0.821218,51.624463,On or near THE BELVEDERE,E01021880,Maldon 008E,Investigation complete; no suspect identified
36260fd464a68cbcbb6c5fced3c0d19a239d65a966b9bf83dbd7dd2463ba4c84,2018-12,Essex Police,Essex Police,0.715713,51.550245,On or near STUART CLOSE,E01015874,Southend-on-Sea 006F,Investigation complete; no suspect identified
517fc378cdca28a4f78bce76163e41fcba0d212b2420d8d1b875b643e5a8d5fd,2018-12,Essex Police,Essex Police,0.709743,51.544690,On or near Police Station,E01015895,Southend-on-Sea 010A,Unable to prosecute suspect
ad29bbe96c965c67f994058264b74fc152b7e012bcb442f9326daf7ce180129c,2018-12,Essex Police,Essex Police,0.317231,51.483784,On or near ADSTOCK WAY,E01015955,Thurrock 016A,Investigation complete; no suspect identified
22f17dddc646e1a34f244ba1ba468d6ad370b6be7eb146b96cf9a3f0a038a562,2018-12,Essex Police,Essex Police,0.410154,51.634173,On or near WICK GLEN,E01021246,Basildon 002B,Unable to prosecute suspect
2dfb67b041aeb3678c2013530272e73636364ea69d341b632064fac63cadf743,2018-12,Essex Police,Essex Police,0.501263,51.749996,On or near ASTER COURT,E01021621,Chelmsford 007B,Investigation complete; no suspect identified
c4dc65bc7525bc0906977f2a6b21c3fff2eefd918c0bdce1205d5ad6035c7c1e,2018-12,Essex Police,Essex Police,0.453684,51.661249,On or near MILL ROAD,E01033143,Chelmsford 018E,Investigation complete; no suspect identified
9d99f91102d33946f61947b67ffbee6610c7d63eb3d1da1b5a4e2e8e463e52e7,2018-12,Essex Police,Essex Police,0.893864,51.896652,On or near ST PAUL'S ROAD,E01021650,Colchester 007E,Suspect charged
cea1b9e6b135501f85607fbc07db722b38d9b43d7864eb1c7432398cfc33fee6,2018-12,Essex Police,Essex Police,0.709743,51.544690,On or near Police Station,E01015895,Southend-on-Sea 010A,Unable to prosecute suspect
a1726de00cbad5bd896ce3761890b1cf5920f82884e3a4e687f0987c5d6cf726,2018-12,Essex Police,Essex Police,0.563771,52.016083,On or near BRIDGE STREET,E01021430,Braintree 001D,Investigation complete; no suspect identified
4917fe104583de60bd175a7668146db84dc9f7f6662d4fbf52063b81904603e5,2018-12,Essex Police,Essex Police,0.410154,51.634173,On or near WICK GLEN,E01021246,Basildon 002B,Unable to prosecute suspect
f0af0c0da3003cb3aca9e7c003afdaa884b4f7c92b773661486ffd325dc0e9f3,2018-12,Essex Police,Essex Police,0.817821,51.663119,On or near QUEEN STREET,E01021904,Maldon 006B,Investigation complete; no suspect identified
9ab424d4ede8d094434203fc92200b8cb900618315086d04cc0dde6f913b7735,2018-12,Essex Police,Essex Police,0.136266,51.787279,On or near MANOR ROAD,E01021855,Harlow 001B,Unable to prosecute suspect
b8ee0303ae76fbaa8b3fae8b20be37e3bd150ba74d957c7197efcee91b6a481a,2018-12,Essex Police,Essex Police,0.896245,51.888706,On or near HEAD STREET,E01021649,Colchester 007D,Investigation complete; no suspect identified
11106cad02afac3ecec4e874da2f93b52397f76a2d9335e00fa8f9362d19d769,2018-12,Essex Police,Essex Police,0.316476,51.478259,On or near GROVELANDS WAY,E01015953,Thurrock 017C,Investigation complete; no suspect identified
52fd8200175fdce3da888957349c3bfd54761e162653fdb504faf077c8f3ac51,2018-12,Essex Police,Essex Police,0.368407,51.482653,On or near Petrol Station,E01015934,Thurrock 012B,Investigation complete; no suspect identified
58d3636d8fd57fa844400b21d59a6d984b9ce0776b1b7d038f52c8581b138e5d,2018-12,Essex Police,Essex Police,0.481140,51.570614,On or near BEATTY LANE,E01021322,Basildon 019A,Investigation complete; no suspect identified
0ec07abdb0d6797f08bad346714cca3f034f3cb0e220db12980c79645193ae86,2018-12,Essex Police,Essex Police,0.591332,51.560578,On or near Petrol Station,E01021511,Castle Point 002C,Investigation complete; no suspect identified
d1c61b368cf9c7683e78e77ec8247c495a5ff54a9cb7649722b3c27826e64fcf,2018-12,Essex Police,Essex Police,0.648756,51.546138,On or near MARINE AVENUE,E01015909,Southend-on-Sea 008B,Investigation complete; no suspect identified
02255c74f8eaba5f05cf062caa19eed4a46bca222f56969bce6eabd27fa6378f,2018-12,Essex Police,Essex Police,0.281698,51.489840,On or near Parking Area,E01016011,Thurrock 015B,Local resolution
e4423f95ed5274b280015b6f2b27415b61e78a48860a09c92916da5cb08b706d,2018-12,Essex Police,Essex Police,0.368121,51.489925,On or near CEDAR ROAD,E01015937,Thurrock 012E,Investigation complete; no suspect identified
3ac567921d3c309dc2298aac9b7d4fd500998a3ea8f96ad6cb95a99387dea19f,2018-12,Essex Police,Essex Police,0.281698,51.489840,On or near Parking Area,E01016011,Thurrock 015B,Local resolution
0937fc1a0741983ef78f00c9f12515e3dd7fa478eb3e63752f98f7ea0ceb4a19,2018-12,Essex Police,Essex Police,1.150793,51.796203,On or near FAIRFIELD ROAD,E01021970,Tendring 016A,Unable to prosecute suspect
238602e0c3626cf1b1456db066b44e6f46c87867f5aa9197fd409cb1f76510eb,2018-12,Essex Police,Essex Police,0.760006,51.874796,On or near HONYWOOD CLOSE,E01021678,Colchester 010E,Investigation complete; no suspect identified
650697046cdac749e9cbb925b40875c3d2da471f348e7d6a46682399ae036132,2018-12,Essex Police,Essex Police,0.541117,51.880638,On or near MALYON CLOSE,E01021365,Braintree 009D,Unable to prosecute suspect
e16e4e42faf965109c6bd7bcfc0cb446765bb017a082b9300ac299e8bd2bd650,2018-12,Essex Police,Essex Police,0.929648,51.885162,On or near Supermarket,E01033722,Colchester 008H,Investigation complete; no suspect identified
a82cddb84e4bb5931a2e0b5b901304d2d6a381dace3de81801bb713926c32a26,2018-12,Essex Police,Essex Police,0.316476,51.478259,On or near GROVELANDS WAY,E01015953,Thurrock 017C,Investigation complete; no suspect identified
b1a7d6dd9010d1169240f70dcaedee6b83c40cb96af6ab021409c7231f28e871,2018-12,Essex Police,Essex Police,0.301672,51.476851,On or near CHARLTON STREET,E01016015,Thurrock 015F,Suspect charged
dce0ab3054885d17a4ac6702366ff3150844a5abe5d80fb2fa48bfe3229b906a,2018-12,Essex Police,Essex Police,0.500271,51.585496,On or near REPTON CLOSE,E01021307,Basildon 011C,Investigation complete; no suspect identified
8ae1e891d67ca751d91ee9a5ce7b7426fcdd506bb65b707a7a868b09a069e4c3,2018-12,Essex Police,Essex Police,0.542308,51.567380,On or near LONDON ROAD,E01021312,Basildon 011F,Suspect charged
16702e39a0f000b02d9e4e564078ea9bc858b0b31e46e14eb7351e91bdb08de3,2018-12,Essex Police,Essex Police,0.072034,51.641015,On or near MONKSGROVE,E01021771,Epping Forest 013A,Unable to prosecute suspect
c564fc1e98db03b7628072ca26ef256be36353f91ae472f11d3101937fc6ea61,2018-12,Essex Police,Essex Police,0.463590,51.579932,On or near GHYLLGROVE CLOSE,E01021268,Basildon 015B,Investigation complete; no suspect identified
dedf0f5ad38716dc4c248ea68215a37a0f213225815792488c90778e4174bfde,2018-12,Essex Police,Essex Police,0.716891,51.561775,On or near COOPERS WAY,E01015874,Southend-on-Sea 006F,Suspect charged
e9785e2c06fc11d77d0fc1152d2458625473a1f66f2ffbda125ddcbf55c60eff,2018-12,Essex Police,Essex Police,0.506145,51.566323,On or near RECTORY PARK DRIVE,E01021316,Basildon 018D,Local resolution
c8bd9726631b604286d04e8b06a0a1d053a36a65b5e9902771f208bedac60e01,2018-12,Essex Police,Essex Police,0.639510,51.799555,On or near COACH HOUSE WAY,E01021415,Braintree 017A,Investigation complete; no suspect identified
8e3575f6906d311c06ca13b91f8c500d00f63e29667a29834337c49d23c13493,2018-12,Essex Police,Essex Police,0.080081,51.645684,On or near LADYFIELDS,E01021773,Epping Forest 013C,Investigation complete; no suspect identified
3b6dba4f51ae4b5c2ade8325bf1c6932dc77ed43364790764d8c87b20358051e,2018-12,Essex Police,Essex Police,0.429041,51.575724,On or near TEMPLE CLOSE,E01021289,Basildon 016C,Investigation complete; no suspect identified
18091e5d21e833a4e422ee1bf8d4942c64b3d52a285db6c8cf3187acf59ca297,2018-12,Essex Police,Essex Police,0.500271,51.585496,On or near REPTON CLOSE,E01021307,Basildon 011C,Investigation complete; no suspect identified
2b9debebdc13119eaef6d33f76c9eff728161752dde98903e4b76e1d40a40586,2018-12,Essex Police,Essex Police,0.460762,51.569263,On or near Supermarket,E01021318,Basildon 015C,Investigation complete; no suspect identified
8591ed8133b7020ade7d46fe6bb50f5418086f0c2523ce25d8f24201d2526a61,2018-12,Essex Police,Essex Police,0.094481,51.770766,On or near EAST GATE,E01021872,Harlow 007E,Unable to prosecute suspect
1c939ced3ab9972d8508c1db67d0baacb4be112c6f87fb1a504eb3d95a17c37f,2018-12,Essex Police,Essex Police,0.580237,51.570014,On or near PARK ROAD,E01021528,Castle Point 002D,Unable to prosecute suspect
583de628c1064d7fbce3cd950a2e8a2665fbdfb52edbd8272cad0a148e710db3,2018-12,Essex Police,Essex Police,0.580237,51.570014,On or near PARK ROAD,E01021528,Castle Point 002D,Unable to prosecute suspect
4bcdcdef7dc300eee9c3f96e6de02a1332601ff5fef94952bda2b21248dc89f3,2018-12,Essex Police,Essex Police,0.904812,51.885194,On or near SHRUBLAND ROAD,E01021686,Colchester 011D,Unable to prosecute suspect
6b4b2fbb9b1fb7d17f3e6798d506a0b040a5a51b54586b49ed11cc7455ea18ac,2018-12,Essex Police,Essex Police,1.152103,51.794810,On or near WELLESLEY ROAD,E01022043,Tendring 014B,Unable to prosecute suspect
191c34c3f22cd371adf18fd9ad73e7b46e9b248c0fbff0488cfc71bcdf74c728,2018-12,Essex Police,Essex Police,0.109048,52.039510,On or near ENGLERIC,E01022098,Uttlesford 003E,Suspect charged
89f19e0de45a56bfea304b197a2102038bccfcb00e5d304c3a1c6c0dd86e5f1c,2018-12,Essex Police,Essex Police,0.556427,51.679777,On or near PAYNE PLACE,E01021535,Chelmsford 016B,Unable to prosecute suspect
3a194f327e9458158e3bda99f600cc935d1a7cada10952b3a9e9f35af879e95c,2018-12,Essex Police,Essex Police,0.494995,51.733016,On or near Shopping Area,E01021547,Chelmsford 008D,Unable to prosecute suspect
372f1440a671def8f4ee95be0b550ce25fe85f7a03a4f02563a65dda5eb84255,2018-12,Essex Police,Essex Police,0.713962,51.534151,On or near Nightclub,E01015852,Southend-on-Sea 015B,Investigation complete; no suspect identified
a40b56cfe123d1c573d8663e9b63b7043f27a8a51192611746660f05ea562750,2018-12,Essex Police,Essex Police,0.477608,51.733690,On or near Supermarket,E01033141,Chelmsford 010G,Local resolution
6a85f71b75a6e1e85a844709e818bd4507f3f43c68514cfe750f2ae2e9573670,2018-12,Essex Police,Essex Police,0.760006,51.874796,On or near HONYWOOD CLOSE,E01021678,Colchester 010E,Investigation complete; no suspect identified
8ce2269e901571086be85bfd27228a0ca962fca47a1bc7f0aefc53ddb12ee4ab,2018-12,Essex Police,Essex Police,0.289850,51.475724,On or near Parking Area,E01016011,Thurrock 015B,Investigation complete; no suspect identified
d3df7c9346572d5a0bad207f84e3b3006fd7d0c0315dfc7ec984f5d4485acefa,2018-12,Essex Police,Essex Police,0.751812,51.809363,On or near Church Road,E01021723,Colchester 020A,Unable to prosecute suspect
67f464cc4dce90d58ab3c00c6e84449d519c342f09d94f21029a5ea303e83378,2018-12,Essex Police,Essex Police,0.886735,51.915606,On or near Sports/Recreation Area,E01021680,Colchester 004B,Suspect charged
97c070e6ee3c5bdb0d605c4aaaf46ebecde03adf8bb7468ae5a54bf1a469b6b5,2018-12,Essex Police,Essex Police,0.729537,51.543332,On or near STORNOWAY ROAD,E01015872,Southend-on-Sea 006D,Investigation complete; no suspect identified
f3dee4e73f241996a697bcc2dab567724ae36bca99ff6ffb45f64bfdb2ed79ff,2018-12,Essex Police,Essex Police,0.693428,51.541990,On or near ARGYLL ROAD,E01015855,Southend-on-Sea 015E,Investigation complete; no suspect identified
74d007fb570c2f76fe1ae80739524b543281b893bda71feffd748638f72418ab,2018-12,Essex Police,Essex Police,0.709743,51.544690,On or near Police Station,E01015895,Southend-on-Sea 010A,Suspect charged
3e8da953e2396a57429739586e446d7e01920391ca8fd0742add3f6ab0804a76,2018-12,Essex Police,Essex Police,0.426494,51.515154,On or near Supermarket,E01015989,Thurrock 005A,Suspect charged
8ae4c659745ffbcf1ad440d024f4ee6314eae36290c9eb641852185988490593,2018-12,Essex Police,Essex Police,0.275564,51.489033,On or near Supermarket,E01016012,Thurrock 015C,Investigation complete; no suspect identified
a1aee8ad0ef60d54abd502121a5d0520b5a31193649138f6df38fea9500bd96a,2018-12,Essex Police,Essex Police,0.547481,51.895536,On or near DOVER CLOSE,E01021354,Braintree 008A,Suspect charged
b4cf8a6373296701dc7e5649e9d234f952f18e0b8c4e8cd369f5f58b344bf889,2018-12,Essex Police,Essex Police,,,No location,,,Investigation complete; no suspect identified
2e46c6b0b82faeb529e18b2eb97c9fbe4fdf6b25add20d8f8ca16a790ccb6caa,2018-12,Essex Police,Essex Police,0.075640,51.774598,On or near CANONS GATE,E01021840,Harlow 004B,Unable to prosecute suspect
49d29107f576e42456c1763daf87620b042933b10f61f1eba55c818eebd91a82,2018-12,Essex Police,Essex Police,0.791939,51.529038,On or near HORSESHOE CRESCENT,E01015877,Southend-on-Sea 013B,Unable to prosecute suspect
b89bb24b0a46c058b552e2cfeb06153af5ce4ad204438ecd07c6ff22139cfaac,2018-12,Essex Police,Essex Police,0.742422,51.547240,On or near WHITTINGHAM AVENUE,E01015887,Southend-on-Sea 009E,Unable to prosecute suspect
b0dcf532732a4a9674a4a1ea8d61cdbfb72ac64dcb6225a838f574c51474204a,2018-12,Essex Police,Essex Police,0.696993,51.544706,On or near WEST ROAD,E01015900,Southend-on-Sea 010F,Investigation complete; no suspect identified
1aa4f550c808464e333d773d23eb862196f264c6e7c2ef6d04a5a4e4aaecebe3,2018-12,Essex Police,Essex Police,0.281698,51.489840,On or near Parking Area,E01016011,Thurrock 015B,Suspect charged
8b5da5ab9bc30b9df8ec50c85d222e2297bfec270fad2da07728128a4fe62238,2018-12,Essex Police,Essex Police,0.477608,51.733690,On or near Supermarket,E01033141,Chelmsford 010G,Investigation complete; no suspect identified
75d88da24634cb2a9c13e51474032b35e94f575380cee5ea359695ce43e574ac,2018-12,Essex Police,Essex Police,0.193109,51.872201,On or near DUNMOW ROAD,E01022087,Uttlesford 005F,Investigation complete; no suspect identified
ca91f006036ecc0cbe90ba7d041bfec33454f463de8aff81dead8c3a17b584df,2018-12,Essex Police,Essex Police,1.157648,51.817066,On or near HOMERTON CLOSE,E01022039,Tendring 010B,Suspect charged
a8a97a52d454d8463965dbb9de184ef7b19bf1524bfe57f999680bb892b056b9,2018-12,Essex Police,Essex Police,0.658225,51.547974,On or near Supermarket,E01015821,Southend-on-Sea 005B,Investigation complete; no suspect identified
72c2fe9c32e5b39134c7dae685060305d8c5e11057f5b8486090cdc285c6ccca,2018-12,Essex Police,Essex Police,0.561932,51.548085,On or near GREEN ROAD,E01021522,Castle Point 007C,Investigation complete; no suspect identified
45ed5625c4d89114416e6ba6a40d0c5d656fab06dc0c240288dfda5de1ba9e2f,2018-12,Essex Police,Essex Police,1.142850,51.796290,On or near AGINCOURT ROAD,E01021968,Tendring 017A,Unable to prosecute suspect
c8cabefbe6bd9d6f5a5dc53a6fefd12fd821a777c17c2e2c9f218acef51fe6dc,2018-12,Essex Police,Essex Police,0.629811,51.795654,On or near EPPING WAY,E01033462,Braintree 017H,Unable to prosecute suspect
3c39109eef248de951c3c9f27cd77df2a0ef33088b2eda3bbc525025d2cab01f,2018-12,Essex Police,Essex Police,0.904812,51.885194,On or near SHRUBLAND ROAD,E01021686,Colchester 011D,Local resolution
e117a49a9010ce45b44a56190664be3c711a6ceadce04d1d7e7174a7142e31be,2018-12,Essex Police,Essex Police,0.594395,51.522108,On or near Parking Area,E01021498,Castle Point 011B,Unable to prosecute suspect
bbe1ecad1931d1b2acfd95bff87fb11a0dd21f208edebf4ca6ccac8aa5134262,2018-12,Essex Police,Essex Police,,,No location,,,Investigation complete; no suspect identified
e022021476948f015b4ecb53bb4bc079b22f61e9800f46ecc6bc3b428d10b20e,2018-12,Essex Police,Essex Police,0.305190,51.622145,On or near Nightclub,E01021433,Brentwood 007A,Unable to prosecute suspect
f5e8364371ca66535cf8febc2f5708bbb353941f7ef7c85bd2afa0d3d8113a2b,2018-12,Essex Police,Essex Police,0.488030,51.731203,On or near BYRON ROAD,E01021629,Chelmsford 008F,Suspect charged
87223597629c7b4a4b599b07339193ced40e6d8161357ab1f8bb94e22426c031,2018-12,Essex Police,Essex Police,0.415477,51.480182,On or near BATA AVENUE,E01015948,Thurrock 013B,Offender given a caution
91237dfd493fe92d6eb0854454105a7dcc233c010731af2ae22345a2753307f7,2018-12,Essex Police,Essex Police,0.115890,51.760868,On or near LITTLE BRAYS,E01021820,Harlow 006B,Investigation complete; no suspect identified
399ea9d3d4c2ccfa2b35aff35467ffc7958b24fb5983b3f957887442e44712a6,2018-12,Essex Police,Essex Police,0.722210,51.548881,On or near LAWN AVENUE,E01015869,Southend-on-Sea 006A,Investigation complete; no suspect identified
2714f6435b5fdfa11606fcde2f3003bddbeaf2ca537fcc3d26c41455314689ba,2018-12,Essex Police,Essex Police,0.742422,51.547240,On or near WHITTINGHAM AVENUE,E01015887,Southend-on-Sea 009E,Unable to prosecute suspect
8fbb28b3ed81d32f96f898570b9384c482736aa22d13fb4e78b86a5ef8ba9a53,2018-12,Essex Police,Essex Police,0.658225,51.547974,On or near Supermarket,E01015821,Southend-on-Sea 005B,Investigation complete; no suspect identified
003bc4450202e57f23c30293d6c6c8698d2f7573b0b3c04d9f33358581765d85,2018-12,Essex Police,Essex Police,0.342516,51.627629,On or near NEWMANS GATE,E01021447,Brentwood 005A,Unable to prosecute suspect
e612674f78b1df41b14d3587895f5c51024663831697cacbf8b1e1e78449a441,2018-12,Essex Police,Essex Police,1.249570,51.846291,On or near GATEFIELD CLOSE,E01022012,Tendring 008H,Investigation complete; no suspect identified
dddab9c935e09ee13138bb08f36d4ebc970728c5175aeaee76904e26b2a18fd9,2018-12,Essex Police,Essex Police,0.364648,51.868572,On or near HASLERS LANE,E01022067,Uttlesford 007B,Unable to prosecute suspect
73258f4d950a9ee6e15f64cb0e458b06c80fe87081b8b7973cee1a7ccf22c27f,2018-12,Essex Police,Essex Police,0.078769,51.774237,On or near SPRING HILLS,E01021840,Harlow 004B,Unable to prosecute suspect
74d67ded18ca0289a03f41d8f445cdcf691282a0217d8c54675d0421ed4bd721,2018-12,Essex Police,Essex Police,0.295027,51.633747,On or near HIGHGROVE,E01021461,Brentwood 004D,Investigation complete; no suspect identified
50e61ac8566089c77fd014740b0fcb4d96789434a2601bd9059d5ff9d1fbf5a1,2018-12,Essex Police,Essex Police,0.712497,51.540310,On or near Bus/Coach Station,E01015895,Southend-on-Sea 010A,Investigation complete; no suspect identified
b671533fa00887728ab9d5f217ef9d8c50ee9a6926c4064281184268243ed1b8,2018-12,Essex Police,Essex Police,0.441060,51.574045,On or near THORNBUSH,E01021292,Basildon 017B,Investigation complete; no suspect identified
42cc24202e13d830b7fc59d7c59c13f816926dc3beb2b9a185f9154753c32716,2018-12,Essex Police,Essex Police,0.329135,51.476551,On or near Sports/Recreation Area,E01015952,Thurrock 017B,Suspect charged
267485f9793087570d4e35ceca23fd77abc115c93eacc53f68c2d76ca8653fd1,2018-12,Essex Police,Essex Police,0.116751,51.688166,On or near STEWARDS CLOSE,E01021759,Epping Forest 006D,Unable to prosecute suspect
ba4e5125479d2cee924007aa60d723095822b1d8e7c8f4ffafd90d0cf707a753,2018-12,Essex Police,Essex Police,0.251308,51.478854,On or near LINDEN CLOSE,E01016012,Thurrock 015C,Unable to prosecute suspect
9ea14b12fc107d266997639d36430f64ff9021d1b4b157317aad114f8f09776a,2018-12,Essex Police,Essex Police,0.720943,51.535878,On or near ALBERT ROAD,E01015841,Southend-on-Sea 014C,Unable to prosecute suspect
eb2782b15755ade3653d07c0f4f8326917337c068acc8bd3d88bdf75a0311333,2018-12,Essex Police,Essex Police,0.116751,51.688166,On or near STEWARDS CLOSE,E01021759,Epping Forest 006D,Unable to prosecute suspect
371ef5d0a2ae5e511570360987e811bd40b5bcb25bfdaef8137b8c76dc04ed65,2018-12,Essex Police,Essex Police,0.702236,51.563813,On or near MANNERS WAY,E01015867,Southend-on-Sea 002E,Investigation complete; no suspect identified
15fb5df17fbb298f66bd99aa2e7b0cbd9c8d97ef591044bb31357a2f040ad5f5,2018-12,Essex Police,Essex Police,0.781888,51.527379,On or near NESS ROAD,E01015920,Southend-on-Sea 017G,Investigation complete; no suspect identified
8cc9ed2d5b9d11f2f107932bf9fe219ffafaf4c0b9e264d6f2721b6d09186702,2018-12,Essex Police,Essex Police,0.115390,51.784591,On or near Supermarket,E01021845,Harlow 002B,Offender given a caution
edc3cd7ff2c6be4c04aea2bd0c43edb1df918d2d14de2ec6d9990f7efc1567fb,2018-12,Essex Police,Essex Police,0.285604,51.517814,On or near AVONTAR ROAD,E01015972,Thurrock 006C,Investigation complete; no suspect identified
b46cf48ee0e3d34fc873bdcecdb67fe581ed5ff019a773d7615d96532937674c,2018-12,Essex Police,Essex Police,0.292530,51.508200,On or near VERBENA CLOSE,E01015932,Thurrock 006A,Unable to prosecute suspect
c90844f45317f505b13237c44f638a75a1ec0270c5c805d7835bdcf2329297e4,2018-12,Essex Police,Essex Police,0.112455,51.757441,On or near Supermarket,E01021823,Harlow 006D,Investigation complete; no suspect identified
157a88722f0f256aa9b4942470df8da4aa3b92bd3ec5c8c163ba395beeaf6d1d,2018-12,Essex Police,Essex Police,0.419802,51.583290,On or near BRAISWICK PLACE,E01021278,Basildon 014E,Investigation complete; no suspect identified
b499af5e2c34927c8f7791d6e9fa72d4309f04a68f0be25069dda32db4a7fd58,2018-12,Essex Police,Essex Police,0.940529,51.892221,On or near YEW TREE CLOSE,E01021696,Colchester 008A,Unable to prosecute suspect
9468c8b1bba5bbc283e1e20e59892214246b7d24b617a24e4b61d478c0196854,2018-12,Essex Police,Essex Police,1.275214,51.935172,On or near PORTLAND CRESCENT,E01021999,Tendring 001C,Unable to prosecute suspect
e722185863d03a37468177d977e5b6481afd04f4f2b5135ccac155c137f8ac8f,2018-12,Essex Police,Essex Police,0.907789,51.889653,On or near ST. JAMES' RISE,E01021648,Colchester 007C,Unable to prosecute suspect
4ba449df44a52d228426459c6925de2dba3403d9eee1b29098cf455be8ba766a,2018-12,Essex Police,Essex Police,0.897825,51.889081,On or near CULVER STREET WEST,E01021649,Colchester 007D,Unable to prosecute suspect
bfbcc00e847343cd95abf5653cb0b9d68b7b3f290be569edb9889ecd4340c992,2018-12,Essex Police,Essex Police,0.317489,51.474668,On or near LEWES CLOSE,E01015953,Thurrock 017C,Unable to prosecute suspect
04120fa547a81cd3f821b14640b8a66c9fc370bae789f1e6f73d255613946a17,2018-12,Essex Police,Essex Police,0.902706,51.887692,On or near VINEYARD STREET,E01021649,Colchester 007D,Unable to prosecute suspect
2c9a114e7920cf0de3f33428a9b27ec2a66d2282e638d298661da8045709e936,2018-12,Essex Police,Essex Police,1.257820,51.928055,On or near REBOW ROAD,E01022004,Tendring 004D,Unable to prosecute suspect
297f344cc74415c28daad761cbd9f86423347e6f79c5e218041adf4df0d7e06f,2018-12,Essex Police,Essex Police,0.556107,51.569742,On or near CHANCEL CLOSE,E01021525,Castle Point 001D,Unable to prosecute suspect
2e4e29dd21ac03f9e21e9a4090ae229fe38073b83eb430f7f15af67e8055e88c,2018-12,Essex Police,Essex Police,0.261741,51.889938,On or near Airport/Airfield,E01022090,Uttlesford 006B,Offender given a caution
6cc007f48dc7999debf0104a9cdb94a17b281ff84e67ac3601274791cc43dcfa,2018-12,Essex Police,Essex Police,0.417129,51.626206,On or near Parking Area,E01021244,Basildon 004A,Investigation complete; no suspect identified
1fcb90b97647358cd1a499b416850938970e32d3ba00146b9122f1cb6525a190,2018-12,Essex Police,Essex Police,0.366115,51.458408,On or near HUME CLOSE,E01016004,Thurrock 018B,Local resolution
2cb7b5073dd6d39e248f6878d598a66b5d31a638f5df9d554120b6dc1ed15610,2018-12,Essex Police,Essex Police,0.443714,52.069714,On or near BUMPSTEAD ROAD,E01021376,Braintree 001B,Investigation complete; no suspect identified
f558ff381c6145bfed5491f64ab350245389c27a502126e7c8c3919803ecd13b,2018-12,Essex Police,Essex Police,0.582766,51.869793,On or near Petrol Station,E01021380,Braintree 012E,Investigation complete; no suspect identified
2a69fb1a9ab5b6f0d43cfdcc44d3521833e6a983677ef955cd4e95c39f7cba1e,2018-12,Essex Police,Essex Police,0.366115,51.458408,On or near HUME CLOSE,E01016004,Thurrock 018B,Unable to prosecute suspect
32869a6aa3ec9f429c6ac66cc6cffaaa4e7b83bb602d0888ad641b788d047b14,2018-12,Essex Police,Essex Police,0.080081,51.774718,On or near Supermarket,E01021840,Harlow 004B,Investigation complete; no suspect identified
1034e40686f12fcf62f02b82f90e385dc0694bd20ae4390d1842f0edea9671cf,2018-12,Essex Police,Essex Police,0.657153,51.570923,On or near SYMONS AVENUE,E01015838,Southend-on-Sea 001F,Investigation complete; no suspect identified
d1bfc452e9147e92f496af822197e77977e6a411de4692d7d0dbadb0ba6323fd,2018-12,Essex Police,Essex Police,0.271749,51.612122,On or near WINGRAVE CRESCENT,E01021468,Brentwood 006D,Unable to prosecute suspect
05cede8697151f7caf8b95c8784508fe0ec6f0184f697f8b14222d0915585e82,2018-12,Essex Police,Essex Police,0.903191,51.863433,On or near MONKWICK AVENUE,E01021638,Colchester 018B,Unable to prosecute suspect
417cfa514671a72f4737c855dfbb43ad80bbbcef21a0b0f1377c908495c9f1ae,2018-12,Essex Police,Essex Police,0.231185,51.486442,On or near RAPIER CLOSE,E01016014,Thurrock 015E,Investigation complete; no suspect identified
db7275a7f0bf623d4e832012851d326395f66e914695836fb863ec9385de3725,2018-12,Essex Police,Essex Police,0.488444,51.561664,On or near BYFLETTS,E01021328,Basildon 022E,Suspect charged
cc30baafff929fb1e081002a1e626a690f2128b3d51c47efdb98bf9f6eade226,2018-12,Essex Police,Essex Police,0.679909,51.545583,On or near LONDON ROAD,E01015832,Southend-on-Sea 012F,Suspect charged
c650f989cd5a35aece3d087d328b0f2fffdf3c5a2af8e68ae6b5cec0aaa3dc27,2018-12,Essex Police,Essex Police,0.727463,51.542409,On or near OBAN ROAD,E01015843,Southend-on-Sea 014E,Investigation complete; no suspect identified
b708c5f95d87213f85fc16304407586ad993aa3c2dcfea0683602dda9e045922,2018-12,Essex Police,Essex Police,0.488444,51.561664,On or near BYFLETTS,E01021328,Basildon 022E,Unable to prosecute suspect
69d21a9ec4c407139e8c677881b772688bf3730f334c86eddda1bdb1d4a9612e,2018-12,Essex Police,Essex Police,0.700525,51.551981,On or near BURR HILL CHASE,E01015861,Southend-on-Sea 004E,Unable to prosecute suspect
8db41f01f8ba8fcfffcb6e4be60e8b66ec18febac1f76304f52fc9d8ec39e042,2018-12,Essex Police,Essex Police,0.067105,51.766745,On or near CAWLEY HATCH,E01021840,Harlow 004B,Investigation complete; no suspect identified
c8461f5ddb5b40272e3cb7b2209fdea2425ec782711f0032197311ff495b84b0,2018-12,Essex Police,Essex Police,0.319731,51.477969,On or near Parking Area,E01015953,Thurrock 017C,Investigation complete; no suspect identified
78276434712b39c376ffd4d5b5688e8d8586fc9d9f1061b466d290bd08d4361f,2018-12,Essex Police,Essex Police,0.465013,51.696795,On or near BIRCHES WALK,E01021552,Chelmsford 017A,Investigation complete; no suspect identified
85628eec1867a099288d1ccc10d8beaae36fb5e37ba62dfa613e0962f34b9b4d,2018-12,Essex Police,Essex Police,1.137601,51.786708,On or near CROWN ROAD,E01022038,Tendring 017E,Unable to prosecute suspect
afc8b87f4ea1274d34a17eac170bd05db2625ff948498338334016b7075c0497,2018-12,Essex Police,Essex Police,1.049750,51.940452,On or near EDGEFIELD AVENUE,E01022014,Tendring 003C,Investigation complete; no suspect identified
7136144800ec730ef16576ad56ba7873cd1d863a43c3c75da3e83c0f1faf85c1,2018-12,Essex Police,Essex Police,0.461625,51.576151,On or near BUTNEYS,E01021319,Basildon 017E,Investigation complete; no suspect identified
b247ffa704edd53b137427b494890b83c8a34662322a95c4a669f4d5c2a5719f,2018-12,Essex Police,Essex Police,0.735133,51.530574,On or near CHESTER AVENUE,E01015891,Southend-on-Sea 016C,Investigation complete; no suspect identified
ffd7ee71dbcda8af34b90be85df7b1ce853af9f1c373e36dd21706ed8ae658b0,2018-12,Essex Police,Essex Police,1.137601,51.786708,On or near CROWN ROAD,E01022038,Tendring 017E,Unable to prosecute suspect
f83cb00d9b712d85a55038625459f4d41c18dbdd093ab22a3dc898756ef52f6e,2018-12,Essex Police,Essex Police,0.458379,51.567352,On or near CHERRYDOWN EAST,E01021296,Basildon 020C,Investigation complete; no suspect identified
d70f7004dcf69d758b53c8bcdd6923040609356b2a20fb7495adfd9467c99df6,2018-12,Essex Police,Essex Police,0.452418,51.748859,On or near Supermarket,E01021596,Chelmsford 006E,Unable to prosecute suspect
1f14283ea5ca4232f24d2fb05f42d7dc452fcd832783167a780744ae3f815896,2018-12,Essex Police,Essex Police,0.099011,51.752817,On or near SOUTHERN WAY,E01021858,Harlow 010B,Investigation complete; no suspect identified
84bf40c6e43e46a8c6f234459e7fe988355c7d96021464cc1a9a5018ea51e825,2018-12,Essex Police,Essex Police,0.702236,51.563813,On or near MANNERS WAY,E01015867,Southend-on-Sea 002E,Investigation complete; no suspect identified
6659bef285cfd71e97106b9d3cbb1a683c74e60e5f61919a6cfa7d8a0c84ae34,2018-12,Essex Police,Essex Police,0.711073,51.587191,On or near DOGGETTS CLOSE,E01021955,Rochford 004D,Investigation complete; no suspect identified
9b705606650dabfcf148046f193aa6158df73d7631af919c423bb86ee9b3bd0d,2018-12,Essex Police,Essex Police,0.089122,51.767723,On or near LITTLE GROVE FIELD,E01021872,Harlow 007E,Investigation complete; no suspect identified
5b90cc53182bfef74d849142f9ccf3d0b5159844e2e67cc9aeb1be1c6fc41cdb,2018-12,Essex Police,Essex Police,0.937354,51.891014,On or near HAWTHORN AVENUE,E01021696,Colchester 008A,Investigation complete; no suspect identified
384c3bd0fd7ec6d831c9df392ff8e3795a45c7be79102dad996b46946a154f7d,2018-12,Essex Police,Essex Police,0.590821,51.580249,On or near PENDOWER,E01021963,Rochford 008D,Investigation complete; no suspect identified
a6f75922e941d244e19972cbfe27e52b4f0b65b2e64efefc1cb68ffe084296a9,2018-12,Essex Police,Essex Police,0.472492,51.571336,On or near CLICKETT END,E01021321,Basildon 015E,Investigation complete; no suspect identified
8268487855449e23b5004aebfe4c11e696c6c02993d76dfde48cc4bf7d2ea154,2018-12,Essex Police,Essex Police,0.375056,51.492519,On or near RAVENCROFT,E01015938,Thurrock 012F,Investigation complete; no suspect identified
a6115f68e1b0c4d8990219d44336fef4b937815362af5ba6e70d2356fd34c3e8,2018-12,Essex Police,Essex Police,0.496933,51.568597,On or near BUCKERILLS,E01021317,Basildon 018E,Investigation complete; no suspect identified
9fe9b8cd0031157572852c9cf1025ac9d675b5925a767b37328d4b7e42f74290,2018-12,Essex Police,Essex Police,0.902192,51.889423,On or near ST NICHOLAS STREET,E01021649,Colchester 007D,Investigation complete; no suspect identified
1eaf009a43d044b386959400c692c943fd7d74722d187795e4d97ee7c5f7d229,2018-12,Essex Police,Essex Police,0.545146,51.883015,On or near Supermarket,E01021358,Braintree 008C,Investigation complete; no suspect identified
bc7b3ee7b65db28af280237dacfd9396848856cd35e4acc4a03b237bed5a876b,2018-12,Essex Police,Essex Police,0.439140,51.641641,On or near DERBY CLOSE,E01021237,Basildon 001A,Investigation complete; no suspect identified
3a5606cc771ceff65aa378f401f4988097b9ff1610f52b43d44ec861374fe5e9,2018-12,Essex Police,Essex Police,0.472492,51.571336,On or near CLICKETT END,E01021321,Basildon 015E,Investigation complete; no suspect identified
f92aceac53bab817ed584b0d1ae7b8ad9524c48562e9059f9c45a0688b5ff5dc,2018-12,Essex Police,Essex Police,-0.003188,51.682569,On or near BROOKER ROAD,E01021817,Epping Forest 008E,Investigation complete; no suspect identified
33c1def96f0f11f8bcec794c430ec050501e81636b279ee4d1b3ae50de938f92,2018-12,Essex Police,Essex Police,0.700091,51.560238,On or near FAIRLAWN GARDENS,E01015866,Southend-on-Sea 002D,Investigation complete; no suspect identified
3d17014813521bb1b0bfc2099746e597546818d5cfaad5678aa1b57fce07e377,2018-12,Essex Police,Essex Police,1.111341,51.774122,On or near SEA WAY,E01021988,Tendring 018A,Unable to prosecute suspect
3098ea3c1adfd55553ce867fd1e5c7f9c5c81ab0adeee4d5f17c0d216541d169,2018-12,Essex Police,Essex Police,1.117151,51.784581,On or near CHAUCER CLOSE,E01021989,Tendring 018B,Offender given a caution
911deb83314a9796ee77a2bd71d4f599e3fff20ee1d75d21f26de51872a2b283,2018-12,Essex Police,Essex Police,0.687811,51.542605,On or near ALLEYN PLACE,E01015831,Southend-on-Sea 012E,Investigation complete; no suspect identified
4122cce248673a07ea02586e6e99ccdd003f8ab194d4742010dd952cc92a579f,2018-12,Essex Police,Essex Police,0.647508,51.707769,On or near HAZELEIGH HALL LANE,E01021913,Maldon 002D,Investigation complete; no suspect identified
da5b0105f0f42b30f35429efe34224cea6a8292fc0cd549dd3c23b8175b0b6a4,2018-12,Essex Police,Essex Police,0.679909,51.545583,On or near LONDON ROAD,E01015832,Southend-on-Sea 012F,Investigation complete; no suspect identified
f1cd00adc66d8a411031c9961cc67c93915f727f95c275c0811f20727056ea16,2018-12,Essex Police,Essex Police,1.249088,51.830942,On or near ESPLANADE,E01021986,Tendring 006B,Investigation complete; no suspect identified
ccd2efaa1f86a5da95b542a5971369309c7968ee331c3bd2d71f9ccd9cf46250,2018-12,Essex Police,Essex Police,0.771709,51.535921,On or near GOLDMER CLOSE,E01015916,Southend-on-Sea 017C,Investigation complete; no suspect identified
c8f1aa6c001bc7c0b474ad56848659a8882cd072cac5bc1f3ec6e609a39eac5e,2018-12,Essex Police,Essex Police,0.515692,51.625520,On or near DELMAR GARDENS,E01021595,Chelmsford 021C,Investigation complete; no suspect identified
1f9038becb1f6013bfe96d69057be5e8139f74d9bf8eebd9cfa659a77ff71709,2018-12,Essex Police,Essex Police,0.359218,51.873330,On or near Parking Area,E01022069,Uttlesford 008D,Investigation complete; no suspect identified
8a5bd0732699a5a6b8fa82c5ee0ec7d6a200661d63466f4f2b63ffe9893e87cd,2018-12,Essex Police,Essex Police,0.471106,51.727594,On or near HAMLET ROAD,E01033140,Chelmsford 010F,Investigation complete; no suspect identified
965946ae9951e5768e7f0838ca34870ef8a15499dc5bf183eaad0ff034da0446,2018-12,Essex Police,Essex Police,0.699731,51.561236,On or near KEITH WAY,E01015866,Southend-on-Sea 002D,Investigation complete; no suspect identified
1a0500f5ab58ba70a56424e89f0a141eb0fd299a2b47c0421fcbd4f13960ce61,2018-12,Essex Police,Essex Police,0.418788,51.571269,On or near BEDFORD ROAD,E01021275,Basildon 014B,Investigation complete; no suspect identified
961fdd18bd51e3d7b0c3f2e5226237543beeef6a05cd38076088bd2fb55ebe07,2018-12,Essex Police,Essex Police,0.714394,51.550618,On or near SUTTON ROAD,E01015897,Southend-on-Sea 010C,Investigation complete; no suspect identified
55acf5845a4d25b6a4132c6d8a5e04659c1682fcff353d3a19480dc01286de6f,2018-12,Essex Police,Essex Police,0.688503,51.557276,On or near THEAR CLOSE,E01015859,Southend-on-Sea 004C,Investigation complete; no suspect identified
a9af03956b11a26666ec507a92d04ffb5fa1cecb70f0f5e599eca954a2239fdf,2018-12,Essex Police,Essex Police,0.646286,51.547309,On or near PERCY ROAD,E01015909,Southend-on-Sea 008B,Investigation complete; no suspect identified
921d8ec51b96063f5274effa8216aa09d486af8ca77ee1d833bb0016d61d2fd1,2018-12,Essex Police,Essex Police,0.704419,51.560723,On or near THORNFORD GARDENS,E01015866,Southend-on-Sea 002D,Investigation complete; no suspect identified
ef5602f1dd78ba006fde9a60d3406bb18d6543d483c033f6bdf783fdd5c916a6,2018-12,Essex Police,Essex Police,0.512253,51.715669,On or near ISAAC SQUARE,E01021561,Chelmsford 013C,Investigation complete; no suspect identified
1b2e60a061ccc4735bbf24d5597fce9920167bf9622ef1774437f7ec03c06948,2018-12,Essex Police,Essex Police,0.651422,51.666033,On or near THE STREET,E01021902,Maldon 007F,Investigation complete; no suspect identified
bf01dfc2966a298774608ea1004115ca4b49ae56f289fc5c82e0685f1f84ec59,2018-12,Essex Police,Essex Police,0.657560,51.546217,On or near QUEEN'S AVENUE,E01015847,Southend-on-Sea 011C,Investigation complete; no suspect identified
ae95cfefa9d9e616405ea797872e7aa9088bcf2c09b0300a277dd9d1157f72c6,2018-12,Essex Police,Essex Police,1.161070,51.805839,On or near HILLCREST,E01022041,Tendring 010D,Investigation complete; no suspect identified
c6c97faaaf357f3cd900c549b563926f9e0c2c9c13b366c04b380f7f69cb50bf,2018-12,Essex Police,Essex Police,0.568327,51.525380,On or near SEVENTH AVENUE,E01021507,Castle Point 010E,Investigation complete; no suspect identified
101aef59de14e2f704fca6c48d0f200c2bd3b0b6eb150efd3849c4ca289e019d,2018-12,Essex Police,Essex Police,0.706412,51.551755,On or near PRIORY CRESCENT,E01015861,Southend-on-Sea 004E,Investigation complete; no suspect identified
88306a0aa0a5af4590d21edbe3b4a37ea147c4ca4aafef19636e43789cc0fee7,2018-12,Essex Police,Essex Police,0.440639,51.575340,On or near BALLARDS WALK,E01021291,Basildon 016E,Investigation complete; no suspect identified
cd44d84a9ef391a221165bb0b96831c5c20ede6eec613c41de70f5df6049fe8a,2018-12,Essex Police,Essex Police,0.079668,51.652769,On or near APPLETON ROAD,E01021778,Epping Forest 011E,Investigation complete; no suspect identified
be7194ee697f907b637d3e4c8f76b084684ce8392211861c1669f4357f410b13,2018-12,Essex Police,Essex Police,0.510894,51.575521,On or near Pedestrian Subway,E01021303,Basildon 011B,Unable to prosecute suspect
9aef9dde57d30a9522a81b8ae12de5ccae830da0da776e2f63c629f9268a3028,2018-12,Essex Police,Essex Police,0.548082,51.878913,On or near Supermarket,E01021365,Braintree 009D,Local resolution
4cf19c2a2a65dc1bfc7de804f0ef982d429a553a077d5e1a2d1413f9a37887c5,2018-12,Essex Police,Essex Police,0.708823,51.545719,On or near CARNARVON ROAD,E01015895,Southend-on-Sea 010A,Investigation complete; no suspect identified
0a9b59523598a391492ff904e784ab79a9c31a82db6c8ff47a58979e63d58007,2018-12,Essex Police,Essex Police,0.430366,51.730495,On or near ST JOHN'S GREEN,E01021633,Chelmsford 011C,Offender given a drugs possession warning
888a735527181d9ca51b6f0ae6ce234e6f9236861d0aceb8580f0ac874fd3cf5,2018-12,Essex Police,Essex Police,0.521190,51.600373,On or near MUIR PLACE,E01021344,Basildon 008D,Investigation complete; no suspect identified
031ff2263627dd8cd7fb1d57cb41e2f46adc276c928914d486159e2bb5768c71,2018-12,Essex Police,Essex Police,0.706444,51.540387,On or near LONDON ROAD,E01015895,Southend-on-Sea 010A,Unable to prosecute suspect
031ff2263627dd8cd7fb1d57cb41e2f46adc276c928914d486159e2bb5768c71,2018-12,Essex Police,Essex Police,0.706444,51.540387,On or near LONDON ROAD,E01015895,Southend-on-Sea 010A,Unable to prosecute suspect
8051d0ff811ef09824c1afaa3b51e8a9518e62465815e50b9fe835878ee17575,2018-12,Essex Police,Essex Police,0.574580,51.870431,On or near MERSEA FLEET WAY,E01021368,Braintree 011A,Investigation complete; no suspect identified
31d4fe19ed8357ca0d1671ec357bc6a0e9a1d6eb5afa26979edccc9a89695a10,2018-12,Essex Police,Essex Police,0.316734,51.476815,On or near Supermarket,E01015953,Thurrock 017C,Investigation complete; no suspect identified
3babd523f8eaa81073381cc916a0f24a3ff9bbb70516c0527b4977c97878bba2,2018-12,Essex Police,Essex Police,0.901994,51.891307,On or near RYEGATE ROAD,E01021649,Colchester 007D,Investigation complete; no suspect identified
e43327afe34e8ec219f9b74ef647a22235dd7697d840b5be931da4b589815378,2018-12,Essex Police,Essex Police,1.260356,51.940955,On or near Petrol Station,E01022007,Tendring 002D,Investigation complete; no suspect identified
e9e2ec8ef6a4fb3c40294b4421eda9e3f35ced4fb494e9c88cec7f7e271a2083,2018-12,Essex Police,Essex Police,0.423690,51.631916,On or near ST JOHN'S ROAD,E01021239,Basildon 003A,Local resolution
b5d943cea28ef9ae5f06e6e86e414329acaefc87de6af30664fd2050b660ae93,2018-12,Essex Police,Essex Police,0.282488,51.487496,On or near Shopping Area,E01016011,Thurrock 015B,Local resolution
a374ad3a2a3472fd7e5f605bcf6b692622f76691651383827c45b6256dc63a69,2018-12,Essex Police,Essex Police,0.688443,51.743353,On or near HUNT AVENUE,E01021888,Maldon 003E,Investigation complete; no suspect identified
df20610ce1e51eeeb06bae866ac103c416485ad5038b89d0570fa864e6755833,2018-12,Essex Police,Essex Police,0.689093,51.553827,On or near Hospital,E01015858,Southend-on-Sea 004B,Investigation complete; no suspect identified
fc9a670cab452146335e218cb43b2afe8c4c7210690c27786cd82a0132d8cd75,2018-12,Essex Police,Essex Police,0.484601,51.742085,On or near HILLARY CLOSE,E01021622,Chelmsford 007C,Investigation complete; no suspect identified
5ddb86d9982d45ceefd0fc6620869a2d1f39535e284e62306d525930c3271d26,2018-12,Essex Police,Essex Police,1.164961,51.805878,On or near ANDOVER CLOSE,E01022041,Tendring 010D,Unable to prosecute suspect
469f92521ea34afdd3d99c262537bc1977a25f097c8aeccc066b03eaf28caf07,2018-12,Essex Police,Essex Police,0.120045,51.621759,On or near LAMBOURNE ROAD,E01021749,Epping Forest 016A,Unable to prosecute suspect
106bd4d72bafb4c8a78ca0c741390a3186765fba96fde4abfbfa80f4244e2b5b,2018-12,Essex Police,Essex Police,0.494724,51.849211,On or near EVELYN ROAD,E01022064,Uttlesford 008B,Unable to prosecute suspect
ab14ff6dbbe60747878990a6d5238711110f13b1bec002093bd647d49e45fd22,2018-12,Essex Police,Essex Police,0.689621,51.541026,On or near FINCHLEY ROAD,E01015831,Southend-on-Sea 012E,Investigation complete; no suspect identified
1a71ae6958ac79766ac163a7d723d0144c1b9ff69edfc20d205f42d7f6b1a472,2018-12,Essex Police,Essex Police,0.516019,51.572659,On or near CROWN CLOSE,E01021314,Basildon 018B,Suspect charged
5e2f69d162960d718773a0d73ba13e436dd18e5bf21907fca102ff467155f553,2018-12,Essex Police,Essex Police,0.899288,51.889233,On or near Shopping Area,E01021649,Colchester 007D,Investigation complete; no suspect identified
0b20c5c5baa5d1786390190e3c1af4ec3e86e56327518982a3b74ff3acfd21af,2018-12,Essex Police,Essex Police,0.397896,51.574387,On or near Petrol Station,E01021277,Basildon 014D,Investigation complete; no suspect identified
70c95e1eff7b3c022090c75b2cfdf2bebb9fc2d2860e014ebb003dc22d62f20d,2018-12,Essex Police,Essex Police,0.288664,51.514741,On or near ARCANY ROAD,E01015973,Thurrock 006D,Unable to prosecute suspect
dc07d8aecdfbb1d3ea06aed78da62e9aaede8860682ed6fbce75cc5f005419c7,2018-12,Essex Police,Essex Police,0.280084,51.611556,On or near SHEVON WAY,E01021468,Brentwood 006D,Investigation complete; no suspect identified
5a23189fd33b696b0a651ac166302e4b6626540ad936b82d94924e056c8ff864,2018-12,Essex Police,Essex Police,0.657560,51.546217,On or near QUEEN'S AVENUE,E01015847,Southend-on-Sea 011C,Investigation complete; no suspect identified
10553a2c0dfeb10ce00afbf3042fdec7c0ce802bc9957b7cfaf0a99ffd756e2e,2018-12,Essex Police,Essex Police,0.716797,51.541802,On or near COLEMAN STREET,E01015895,Southend-on-Sea 010A,Investigation complete; no suspect identified
479844a262e487a2ec326a33877677185c27f431081c94d11fd294f48d84f57e,2018-12,Essex Police,Essex Police,0.284143,51.486609,On or near Shopping Area,E01016011,Thurrock 015B,Investigation complete; no suspect identified
c320dff4176401e561fa3e7c6ace178510fac84677bc4c8a0be4f6bc4075a4d1,2018-12,Essex Police,Essex Police,0.499342,51.736197,On or near RAMSHAW DRIVE,E01021547,Chelmsford 008D,Unable to prosecute suspect
caee03233a45a1a8e2887b5be03ee82d1cd78f72bb95d7826ae2b6889d4dd0f6,2018-12,Essex Police,Essex Police,0.673547,51.543848,On or near OLD LEIGH ROAD,E01015830,Southend-on-Sea 012D,Unable to prosecute suspect
ba450290edf83f91f5b7fa1a8edf8f39914463de8901c5afc9ce6f145490f72d,2018-12,Essex Police,Essex Police,0.716192,51.535521,On or near HEYGATE AVENUE,E01015852,Southend-on-Sea 015B,Unable to prosecute suspect
1e5c9d07b5c27ab9005895f815c0c8a68113c6ec11399d90838b8c21810f4f64,2018-12,Essex Police,Essex Police,1.029426,51.797264,On or near CRUCE WAY,E01022046,Tendring 011E,Investigation complete; no suspect identified
c8eb18163604611c9cf42e9e8da877940111f53e2489322c81bfa3ebd50edd67,2018-12,Essex Police,Essex Police,0.511062,51.580922,On or near MEADGATE,E01021303,Basildon 011B,Unable to prosecute suspect
07c90688287b46520a0f5f3eeb01bceb1fccc15baa8cab725ca4fdb38326fcc9,2018-12,Essex Police,Essex Police,0.327036,51.475783,On or near THE RETREAT,E01015952,Thurrock 017B,Suspect charged
271dbd172567257746bf431d2d4cfbf61e8ede8d1337f99e3144290663e11940,2018-12,Essex Police,Essex Police,1.012958,51.947956,On or near JUPES HILL,E01021656,Colchester 001B,Investigation complete; no suspect identified
af9b0524a9a92fc0b3fdb4e2e98a8cfef86701ab15452e1ad038e3cebf3e8f26,2018-12,Essex Police,Essex Police,0.375056,51.492519,On or near RAVENCROFT,E01015938,Thurrock 012F,Investigation complete; no suspect identified
75854d75db94afbe606e5735720e5fb21d266b5bd752d1418d9e9aea19228070,2018-12,Essex Police,Essex Police,0.473830,51.736629,On or near Chelmsford Police Station,E01033141,Chelmsford 010G,Unable to prosecute suspect
c8f7982a868dc8ebde02cb2a5c8b1ba5fdcf786192366bb387b475d0a0e34710,2018-12,Essex Police,Essex Police,0.284143,51.486609,On or near Shopping Area,E01016011,Thurrock 015B,Investigation complete; no suspect identified
4d3551b6c83dc6b31d242f5dc4afe1fd2fec011f14d053cbb850f4269135b3e1,2018-12,Essex Police,Essex Police,0.694876,51.550618,On or near HIGHFIELD CLOSE,E01015860,Southend-on-Sea 004D,Investigation complete; no suspect identified
cae4775e4cbecdcad213e27efa01e2fd478c6df6571deabbdf041572821f3f23,2018-12,Essex Police,Essex Police,0.500226,51.568374,On or near HARTFORD END,E01021317,Basildon 018E,Unable to prosecute suspect
a95a9a59b1e6f03ce612d19ee39205a85f784b022dec3a0a298cd42e77501178,2018-12,Essex Police,Essex Police,1.150380,51.797348,On or near Petrol Station,E01021970,Tendring 016A,Investigation complete; no suspect identified
2f1bfcfb0a83c10bf6490829127c132c6645f5a5350f467983c6c6ad52dbd122,2018-12,Essex Police,Essex Police,0.931567,51.890987,On or near HICKORY AVENUE,E01021699,Colchester 008D,Investigation complete; no suspect identified
1d5f30625b12e054f942023e3c6de114763fbb33fb111cd6412d22e76e903863,2018-12,Essex Police,Essex Police,0.474190,51.732359,On or near Shopping Area,E01033140,Chelmsford 010F,Suspect charged
39dfe0acf7c6beed74048a82477f504b4d2b1c7ce6c79dbf0959aa79a385bcfc,2018-12,Essex Police,Essex Police,0.087505,51.767851,On or near LITTLE GROVE FIELD,E01021842,Harlow 004D,Investigation complete; no suspect identified
0e98b3cc688eff23ff1149cebfdda0a5c1abb461b9bb9422786729197a8da4f4,2018-12,Essex Police,Essex Police,0.697240,51.545959,On or near WENHAM DRIVE,E01015862,Southend-on-Sea 004F,Investigation complete; no suspect identified
c55c266f72f202b2c512072c8cdc41593a2068e5aa8b6c86b7923a4e0591ec76,2018-12,Essex Police,Essex Police,0.469016,51.569512,On or near EAST THORPE,E01021321,Basildon 015E,Investigation complete; no suspect identified
ca4fe62e5187d142ebbd9d2746a4277086ee47b0685864d8af3974b13873c0a5,2018-12,Essex Police,Essex Police,0.252886,52.016722,On or near BURNSALL CLOSE,E01022081,Uttlesford 002F,Investigation complete; no suspect identified
a48eefeb0fbcf21745f57a8af9c28c94a978d792e85c124e9a8742d61f79bee2,2018-12,Essex Police,Essex Police,0.776767,51.529461,On or near ST ANDREWS ROAD,E01015918,Southend-on-Sea 017E,Investigation complete; no suspect identified
076ed06abab26b43a7311f113cdc293cb709ec93199fe112e83170b791e57280,2018-12,Essex Police,Essex Police,0.460393,51.725787,On or near CHERRYGARDEN LANE,E01021578,Chelmsford 010B,Unable to prosecute suspect
61ff0c0653fa12180b60ec2693ffed486bfa068aa980ab9341a0da2d4ab0e27a,2018-12,Essex Police,Essex Police,0.460393,51.725787,On or near CHERRYGARDEN LANE,E01021578,Chelmsford 010B,Unable to prosecute suspect
47c1bbc422900fc7a64565f0780af03df8f08097d4c60bc0a7e1ed80a15cb4ec,2018-12,Essex Police,Essex Police,0.183699,51.723999,On or near HIGH ROAD,E01021797,Epping Forest 001C,Unable to prosecute suspect
a0ad4abe2993d057a37ab0a11edef75990f2c292525e92f480fbcfe2f764bda1,2018-12,Essex Police,Essex Police,0.183699,51.723999,On or near HIGH ROAD,E01021797,Epping Forest 001C,Investigation complete; no suspect identified
58c3882bcb31b7f3171302e4ab81848af7a0c67921dd247d4e95c0a20075bdbd,2018-12,Essex Police,Essex Police,0.440307,51.520911,On or near PRIORY ROAD,E01015985,Thurrock 003B,Unable to prosecute suspect
4554f3bc6a5d8e861ad4ef5f7a0baa7000859f37035fd0b4be06d221d9beb0fa,2018-12,Essex Police,Essex Police,0.475214,51.731744,On or near Shopping Area,E01033140,Chelmsford 010F,Investigation complete; no suspect identified
48f93871e4e8b198b975f3e8fd299e1051221f429dba221139f592f470a35aa8,2018-12,Essex Police,Essex Police,0.681707,51.537645,On or near CROWSTONE AVENUE,E01015827,Southend-on-Sea 012A,Investigation complete; no suspect identified
746be3b5db0dfeb1d75a1123251841ad02da3786d760b90c610b1905d03655a5,2018-12,Essex Police,Essex Police,0.106661,51.747842,On or near GIBB CROFT,E01021858,Harlow 010B,Investigation complete; no suspect identified
aca3161f5c6374dde88988a6dab4bbbfc07153777f3ebbfd59ab01fc8ff54567,2018-12,Essex Police,Essex Police,0.505906,51.575879,On or near PLUMLEYS,E01021304,Basildon 013C,Suspect charged
d1deb488921ac3893afa4b01fbae72ce247534d4fee55ae715c2f19e6f46d9ee,2018-12,Essex Police,Essex Police,0.516019,51.572659,On or near CROWN CLOSE,E01021314,Basildon 018B,Suspect charged
9f25fc290f299640bbb02d9407fa1d692fd8f7984bb286e8a0dad3889d535a1d,2018-12,Essex Police,Essex Police,0.712497,51.540310,On or near Bus/Coach Station,E01015895,Southend-on-Sea 010A,Suspect charged
a0498453867baed6eb052b6b58417e1004ef964b0f909c468746ef1508c23fb7,2018-12,Essex Police,Essex Police,0.714390,51.538674,On or near Parking Area,E01015852,Southend-on-Sea 015B,Investigation complete; no suspect identified
254e928b4961d7926e116ad3b0c7e00b8939a2ab9a26f4be4ae5ccf2ac9add4d,2018-12,Essex Police,Essex Police,0.600065,51.576825,On or near CLAYDONS LANE,E01021966,Rochford 008F,Investigation complete; no suspect identified
5317cd219cdb4583b8c18b8de70eb8f49b2bb304b57b35d68dde31a6e317a86d,2018-12,Essex Police,Essex Police,0.295639,51.522744,On or near CANTERBURY PARADE,E01015971,Thurrock 006B,Investigation complete; no suspect identified
ea54fb962746de3689f77e489ea1d68b0cca09aecacc79cf92c5af5e48497bbc,2018-12,Essex Police,Essex Police,0.426494,51.515154,On or near Supermarket,E01015989,Thurrock 005A,Investigation complete; no suspect identified
ddba1f13715b49c21919b9942aeac483adb619ab0e51a6f3223fef6585989818,2018-12,Essex Police,Essex Police,0.713596,51.539394,On or near Nightclub,E01015852,Southend-on-Sea 015B,Suspect charged
33563c55e51fcc99b06a661791ab344c45ae69abb4da18c1d7dcccc27468a87b,2018-12,Essex Police,Essex Police,0.575854,51.520035,On or near LINDEN WAY,E01021485,Castle Point 010A,Unable to prosecute suspect
2130445b93d1a70c2dab6718e933aa57348f6fb5c4eeec280934edf7058befb0,2018-12,Essex Police,Essex Police,0.323967,51.476321,On or near Pedestrian Subway,E01015954,Thurrock 017D,Investigation complete; no suspect identified
80cd91dab8a5da1da93219aa86c458da11009fc780fbcca2ba7b9002d0dc656f,2018-12,Essex Police,Essex Police,0.542308,51.567380,On or near LONDON ROAD,E01021312,Basildon 011F,Suspect charged
5e59fbe6684177d18e20c844112b5d326c4fdc4151b33fcc7f648754943ddf46,2018-12,Essex Police,Essex Police,1.151293,51.796927,On or near CAMBRIDGE ROAD,E01021970,Tendring 016A,Unable to prosecute suspect
2d472cb1330b4d7172d3777665d9acc1aadc2558559d9b1875791e93dcfcb101,2018-12,Essex Police,Essex Police,0.456169,51.571868,On or near Pedestrian Subway,E01021318,Basildon 015C,Suspect charged
b946235b432b223a1517b83972c25caa0948fcb48c7043f18be0df9a6afc0f82,2018-12,Essex Police,Essex Police,0.504179,51.710778,On or near MALTINGS ROAD,E01021562,Chelmsford 014A,Investigation complete; no suspect identified
1da6f534f8163db580dbb94c790b29786b096f8e8ea31e280f37b657c344b851,2018-12,Essex Police,Essex Police,0.085172,51.648588,On or near THE BROADWAY,E01021776,Epping Forest 011C,Unable to prosecute suspect
a2165aff60a8e6aca17cb84e2734d11c651c30f8b1b2d5a3472b11a89f14d52f,2018-12,Essex Police,Essex Police,0.122786,51.775033,On or near CHURCHFIELD,E01021844,Harlow 002A,Investigation complete; no suspect identified
e15f101da61aeee0e6318d25de696bec364a33fe280abdfcb2bbd785edb1f1da,2018-12,Essex Police,Essex Police,0.053993,51.644444,On or near STATION ROAD,E01021791,Epping Forest 012F,Investigation complete; no suspect identified
e95506a64269ccbce9803490e1735c33f55dc2705676e962e4741797eb8f2d89,2018-12,Essex Police,Essex Police,0.421463,51.566474,On or near FLORENCE WAY,E01021281,Basildon 021B,Unable to prosecute suspect
ff67d239396f630df7f922ce653a7dd8d870d2ee4c7792dd9dbff75fc1944d41,2018-12,Essex Police,Essex Police,0.713520,51.542966,On or near MILTON STREET,E01015898,Southend-on-Sea 010D,Offender given a caution
8535e73a2395f3be721c38688879651758a1c5a82ca5ed74ba93b3bfc76126a7,2018-12,Essex Police,Essex Police,0.421463,51.566474,On or near FLORENCE WAY,E01021281,Basildon 021B,Unable to prosecute suspect
1b3f751d2833f9654abea8c20b5832983cebd3f184dede07bd254bc8ee549f2f,2018-12,Essex Police,Essex Police,0.713520,51.542966,On or near MILTON STREET,E01015898,Southend-on-Sea 010D,Unable to prosecute suspect
06988beea29f70a28a22ae6388657777cc4e05e655aacd00905bd89749c4503b,2018-12,Essex Police,Essex Police,0.574078,51.877421,On or near MARKS GARDENS,E01021369,Braintree 012D,Investigation complete; no suspect identified
ff1de371da3cf85986e41404c42891124729914559418104542c74f21dcc84b3,2018-12,Essex Police,Essex Police,0.080081,51.774718,On or near Supermarket,E01021840,Harlow 004B,Investigation complete; no suspect identified
8d4e094b2ddb1178135823cd93646394a1c88678d4a195d8ebd0d3df8e86db65,2018-12,Essex Police,Essex Police,1.148025,51.787913,On or near Police Station,E01022037,Tendring 017D,Suspect charged
27020b7ce2957a46f3c09269e5f90d89ed252f03bdb5a2a7f1b756ca76e3430d,2018-12,Essex Police,Essex Police,0.472870,51.733906,On or near TINDAL STREET,E01033141,Chelmsford 010G,Investigation complete; no suspect identified
7c72bb52dde3e1a823f06c8d0d13650daa5c9af988dc2d37db8be9f1efe3945f,2018-12,Essex Police,Essex Police,0.459876,51.735204,On or near Parking Area,E01033139,Chelmsford 009G,Investigation complete; no suspect identified
53e071e861c0489822d5ef2367dfa2e6c1e5ffd58dc6a73b303149f9a511f1e8,2018-12,Essex Police,Essex Police,0.124229,51.785708,On or near Petrol Station,E01021848,Harlow 002E,Investigation complete; no suspect identified
27a25c78b25c38e273de6d85b99c4510180e8d23e3eee817d1804d1f3be6cdb0,2018-12,Essex Police,Essex Police,1.146887,51.784903,On or near TRAFALGAR ROAD,E01022037,Tendring 017D,Unable to prosecute suspect
9bbce6bea9db96f20ba4ba26c980ff431ce656ac3b326a56343a556128d0d4f3,2018-12,Essex Police,Essex Police,1.146280,51.795973,On or near WARWICK CRESCENT,E01021970,Tendring 016A,Investigation complete; no suspect identified
ef8b49787ef3580296ad72a4e6a9dbe203f342e9b0415ad89bdfe6674d982bde,2018-12,Essex Police,Essex Police,1.164961,51.805878,On or near ANDOVER CLOSE,E01022041,Tendring 010D,Unable to prosecute suspect
1d5bf70dbcfe40853c1fd678d281a70ddc8de7f5b7c9492be64072a07c4362cd,2018-12,Essex Police,Essex Police,0.684702,51.545167,On or near LONDON ROAD,E01015832,Southend-on-Sea 012F,Investigation complete; no suspect identified
77535aa9416a51e608c647718fe39500e032603f86cb86c7055f555c5de4ec4d,2018-12,Essex Police,Essex Police,0.666359,51.777923,On or near CHURCH ROAD,E01021912,Maldon 002C,Suspect charged
d76c272c9cf90cc57155efe1db7878fa5e7c4807606da12ccbc44364c0de3c44,2018-12,Essex Police,Essex Police,1.254999,51.942947,On or near GARLAND ROAD,E01033051,Tendring 002F,Investigation complete; no suspect identified
856459a94b73c78259daf43ff353218fb7613326f89927f1e732a811ed12449c,2018-12,Essex Police,Essex Police,0.316734,51.476815,On or near Supermarket,E01015953,Thurrock 017C,Investigation complete; no suspect identified
1ef74c96cd8c51aa042444aa1d6746184175540660dbf8f5498305ebb165cd60,2018-12,Essex Police,Essex Police,0.619447,51.579281,On or near Supermarket,E01021949,Rochford 009D,Investigation complete; no suspect identified
1f3bdb7320f3584c2544ff06b4847d5c8a9f83c15b960fa7761f0893ef27f9e6,2018-12,Essex Police,Essex Police,0.357564,51.468186,On or near Sports/Recreation Area,E01016007,Thurrock 018E,Investigation complete; no suspect identified
d80e299067fb26361379b2392c180b2b82052b2643938882ac84e78672f87351,2018-12,Essex Police,Essex Police,1.150511,51.809828,On or near LONDON ROAD,E01022044,Tendring 013E,Offender given a drugs possession warning
28d63e38db102c904ed4750a322ad22ef71781e1dfd6740de9baa8abcbed321d,2018-12,Essex Police,Essex Police,1.254999,51.942947,On or near GARLAND ROAD,E01033051,Tendring 002F,Investigation complete; no suspect identified
52b7b2b18a398f2930301a2bcd43562f92ae05d6f964ad32134b6dda8f1d6fbf,2018-12,Essex Police,Essex Police,1.151293,51.796927,On or near CAMBRIDGE ROAD,E01021970,Tendring 016A,Unable to prosecute suspect
62d165b5b0fa3d0e14ac652929dce63b3961bb98fe61757ea5da90a05fd2e0c3,2018-12,Essex Police,Essex Police,0.722299,51.532744,On or near MARINE PARADE,E01015841,Southend-on-Sea 014C,Unable to prosecute suspect
d8614ff2ab4a402a4cd06d568c2c2fc0bdbcb3f4b1a9863f32411267f8c45619,2018-12,Essex Police,Essex Police,0.792850,51.535923,On or near THE WOODLANDS,E01015880,Southend-on-Sea 013E,Suspect charged
583aa5d76cc55f4e0511d88d4080afe1e0bc7306adb3b8c9d25463c46d3ce25b,2018-12,Essex Police,Essex Police,0.256196,52.024572,On or near ELIZABETH WAY,E01022079,Uttlesford 002D,Unable to prosecute suspect
eb1c12761afb2778a383d550454e141a590aed7aff10a5a2bb3f783fe4acc976,2018-12,Essex Police,Essex Police,0.518561,51.605583,On or near PARK DRIVE,E01021331,Basildon 008A,Suspect charged
a7ce6f2ced5255ab2051427269db634a22355c5c26d57472493e5a4b2888317e,2018-12,Essex Police,Essex Police,0.375056,51.492519,On or near RAVENCROFT,E01015938,Thurrock 012F,Unable to prosecute suspect
e503dc69b46391df34a3bd4429878277c16b46976251f1d6bac6615ccc3bb898,2018-12,Essex Police,Essex Police,0.296095,51.636010,On or near WISTARIA CLOSE,E01021461,Brentwood 004D,Unable to prosecute suspect
fbbc9c5e161580e877a4c818b0da54b8f58d8daf34735c301ae9e9c30ce19722,2018-12,Essex Police,Essex Police,0.792850,51.535923,On or near THE WOODLANDS,E01015880,Southend-on-Sea 013E,Suspect charged
3871a82ed0d3fd2c86b1f8acd70955c979ddc1621349e173e2f174e82b1f9b17,2018-12,Essex Police,Essex Police,0.935388,51.890514,On or near BLACKTHORN AVENUE,E01021696,Colchester 008A,Unable to prosecute suspect
57f11123d7cde0ea6454d273599c026c0d1c980748e85587d8eca6a1787323a7,2018-12,Essex Police,Essex Police,0.296095,51.636010,On or near WISTARIA CLOSE,E01021461,Brentwood 004D,Suspect charged
8d2de5299fb400201a955546082e476fe32e1b893192e7da4653e376e35aa31b,2018-12,Essex Police,Essex Police,0.920090,51.878295,On or near SCARLETTS ROAD,E01021664,Colchester 016C,Unable to prosecute suspect
0b2031b4817f640e5a2f0c0f9592f847eb2c807290d2e908073af681675bc674,2018-12,Essex Police,Essex Police,0.309065,51.707222,On or near Park/Open Space,E01021769,Epping Forest 003A,Investigation complete; no suspect identified
21a5f84ba83784b3187985b3d0e7aa0e9804e39dac83d4904e8bb4e3599c704c,2018-12,Essex Police,Essex Police,0.739402,51.547626,On or near PHILPOTT AVENUE,E01015887,Southend-on-Sea 009E,Suspect charged
23c16b10668fc453559ac3b3f081c83ec91d9665f89133cea5ceb2e477dc5929,2018-12,Essex Police,Essex Police,0.567947,51.519408,On or near GRASMERE ROAD,E01021501,Castle Point 011D,Unable to prosecute suspect
dfc987cbebdd79db120e8286b6fde2e8ce0be3704f23226c93b3b145a566d444,2018-12,Essex Police,Essex Police,0.108668,51.690137,On or near CENTRE GREEN,E01021759,Epping Forest 006D,Unable to prosecute suspect
59c364edd5b2fce9d921179aedd916b8ea6621c6ef3edc81b75c80341d7fed61,2018-12,Essex Police,Essex Police,0.529843,51.609261,On or near HILLWOOD GROVE,E01021336,Basildon 005B,Suspect charged
73e07d04581d32fe351774acf50c09009d974a363e60d80d63afbd323519402a,2018-12,Essex Police,Essex Police,0.496220,51.564538,On or near SANDON ROAD,E01021328,Basildon 022E,Suspect charged
44151f4ff705f3f795a6a681b4122e267c49aa6ff25396a54a803c9e6a371f84,2018-12,Essex Police,Essex Police,0.664271,51.543079,On or near LEIGH ROAD,E01015846,Southend-on-Sea 011B,Investigation complete; no suspect identified
5dc67354dbfa2a07d7e3ca3beffc9e902a518a9f3f055d2fd908220d03fc8219,2018-12,Essex Police,Essex Police,0.575886,51.569372,On or near BORROWDALE CLOSE,E01021526,Castle Point 004E,Investigation complete; no suspect identified
6160d3f83c22df82802b0b98075ddad0b4361faefd3b39d5de2ba6c95496afee,2018-12,Essex Police,Essex Police,0.482306,51.741172,On or near HILL VIEW ROAD,E01021627,Chelmsford 010E,Investigation complete; no suspect identified
e519342f2f67ebd77ad7179251ad965fbe7d2bcd4379a9a6a537e70691cd525f,2018-12,Essex Police,Essex Police,0.581077,51.519875,On or near Police Station,E01021502,Castle Point 011E,Investigation complete; no suspect identified
e4a9591ec38d3a0028682bee2945a6d72901f9e3ccca983753c303fb554435a4,2018-12,Essex Police,Essex Police,1.029426,51.797264,On or near CRUCE WAY,E01022046,Tendring 011E,Unable to prosecute suspect
53e8664577c2dc20303b7032ecee0657d20237387cf34a815e7308bca56530ef,2018-12,Essex Police,Essex Police,1.152101,51.791878,On or near HAYES ROAD,E01022026,Tendring 016C,Unable to prosecute suspect
578c11028c1c418d50616c478dcba3edda35279733de5b25fdeefaf36666c481,2018-12,Essex Police,Essex Police,0.950526,51.845581,On or near CHURCH ROAD,E01021694,Colchester 019D,Investigation complete; no suspect identified
c0b58ca832d574c91cfe7cae33a7a532a463fc6f722cbd6a89843ead593c8f10,2018-12,Essex Police,Essex Police,0.316476,51.478259,On or near GROVELANDS WAY,E01015953,Thurrock 017C,Investigation complete; no suspect identified
1ca5feaae5af5d5eab3c175927abac84c9e32fdd080e76ee1bdf5f853bba41aa,2018-12,Essex Police,Essex Police,1.029426,51.797264,On or near CRUCE WAY,E01022046,Tendring 011E,Unable to prosecute suspect
ec76eaa58330958f6f0b11c1be958d3a94a3654a4df03a517d4b96ecf34a1c28,2018-12,Essex Police,Essex Police,0.475214,51.731744,On or near Shopping Area,E01033140,Chelmsford 010F,Offender given a caution
840fea63c3598dd624ee8b31f060ed3b291e65bb921924b864f547bf6c6b259b,2018-12,Essex Police,Essex Police,0.902477,51.881213,On or near Sports/Recreation Area,E01021683,Colchester 011A,Investigation complete; no suspect identified
9e461422281f1f334b8a22f9fb31a496221e0ed2db91b06c62920b8b61eaf923,2018-12,Essex Police,Essex Police,0.485242,51.563000,On or near MIDDLE CROCKERFORD,E01021323,Basildon 019B,Investigation complete; no suspect identified
d7e496ba3e706cd7c0c8c766bfc8eb8a693a9d43fe828c8ecbe7c9bf3c528b86,2018-12,Essex Police,Essex Police,0.683783,51.741247,On or near BENBRIDGE CLOSE,E01021888,Maldon 003E,Investigation complete; no suspect identified
ef20b499c597713818d24fac5f98a9439fbe54de9f32531c0506fa1447f543e3,2018-12,Essex Police,Essex Police,-0.005392,51.658426,On or near Petrol Station,E01021806,Epping Forest 009A,Investigation complete; no suspect identified
22d8612ef3f1cc46602d198acad56414f2950d224f4dcda8529462262367482a,2018-12,Essex Police,Essex Police,0.340229,51.909959,On or near B184,E01022095,Uttlesford 006D,Investigation complete; no suspect identified
5a0cf04ed4e763beba3ee6833cd01958a9d0ec9bf289970dd41f1218db2b2776,2018-12,Essex Police,Essex Police,0.474246,51.698112,On or near HOME MEAD,E01021554,Chelmsford 017C,Suspect charged
4dd2887f2f3aa1768a9f69df09d7ee8139d2e7caa8a604984504faee961a3c8a,2018-12,Essex Police,Essex Police,1.130224,51.798084,On or near POLSTEAD WAY,E01022031,Tendring 015D,Investigation complete; no suspect identified
257ad6bbc1cc986cbcdb7c4d8c77cc41fb99d85738568dcae63fa3ef9098ea24,2018-12,Essex Police,Essex Police,1.099820,51.774408,On or near DAIMLER AVENUE,E01021988,Tendring 018A,Unable to prosecute suspect
e1ae85a5768f3090db5f19da5617d5f020f83ac72306b7f3ac8563b3291e8a30,2018-12,Essex Police,Essex Police,0.474246,51.698112,On or near HOME MEAD,E01021554,Chelmsford 017C,Suspect charged
b5184a65f99315878641f34658e53d6288038c5a323c6b11e14dbc98123afd5b,2018-12,Essex Police,Essex Police,0.474246,51.698112,On or near HOME MEAD,E01021554,Chelmsford 017C,Suspect charged
052f3ece6d067aa03fb53c4bd4b092592b7c08f45c22ec1b45035f2a68e0b7bf,2018-12,Essex Police,Essex Police,0.712493,51.536371,On or near WESTON ROAD,E01015852,Southend-on-Sea 015B,Investigation complete; no suspect identified
94204b17b74cfec98877192ddab0556246cb144b636e81ab3488a4f33d29706d,2018-12,Essex Police,Essex Police,0.465958,51.749807,On or near THE DRIVE,E01021591,Chelmsford 002E,Investigation complete; no suspect identified
aff40f1d2d3103ceed90287c81024bc048b43bb1cd5147df76a143a82bd1d56a,2018-12,Essex Police,Essex Police,0.484709,51.570961,On or near SOUTH RIDING,E01021322,Basildon 019A,Investigation complete; no suspect identified
3d2ccc5552277dd4fff5ed5bd6e2b8a27a89081534c54e688c5bfdaf313ae2cd,2018-12,Essex Police,Essex Police,0.443714,52.069714,On or near BUMPSTEAD ROAD,E01021376,Braintree 001B,Investigation complete; no suspect identified
53902a75c460a545a1c293d3b119ca5e94f10ec86e255f3fd65841b031247b7e,2018-12,Essex Police,Essex Police,0.664271,51.543079,On or near LEIGH ROAD,E01015846,Southend-on-Sea 011B,Investigation complete; no suspect identified
7021ea9eaf655f53e91429a75e64d3e5499ff2fb4891c9f910d01dbc4f5b63bd,2018-12,Essex Police,Essex Police,0.421725,51.639790,On or near WESTBOURNE GARDENS,E01021250,Basildon 001D,Investigation complete; no suspect identified
c5b389336fb5a3ba1d4406889cc5adcf7646dc615ac6b0316c16e0ec758c54c4,2018-12,Essex Police,Essex Police,1.024070,51.810866,On or near VICTORIA PLACE,E01021982,Tendring 011D,Unable to prosecute suspect
ccd592680b4c0c5ed8255518b43cb476d44ac159e9c8d35afe583cf1ba1583f1,2018-12,Essex Police,Essex Police,0.475801,51.698502,On or near Supermarket,E01021553,Chelmsford 017B,Suspect charged
2d58260acae4001197e4ae9cc708e4cd41c69edfb4128cd9475f8fb3a6b1ae20,2018-12,Essex Police,Essex Police,0.456384,51.559264,On or near LINNETS,E01021299,Basildon 020E,Investigation complete; no suspect identified
946f4c299b9322c8bcde025b7d923124075aead0256dd54ae699a8e739d60a5c,2018-12,Essex Police,Essex Police,0.468812,51.697984,On or near CHAPLIN CLOSE,E01021552,Chelmsford 017A,Suspect charged
83e3e0d5dd03b9e238eec9d2d94a25c1f674752b372df478fa2f8c2d8869d9b3,2018-12,Essex Police,Essex Police,0.475474,51.701782,On or near WATCHOUSE ROAD,E01021555,Chelmsford 017D,Suspect charged
b5d64ebb3bf0ab2d469c65b9494092ba432023dea816e5da7d39a320c691d4e1,2018-12,Essex Police,Essex Police,0.465717,51.577082,On or near TANGHAM WALK,E01021266,Basildon 015A,Investigation complete; no suspect identified
8c9a92c221579306d330440f3a2bf65787f0a1343b0bcf46060740f7ee9f576c,2018-12,Essex Police,Essex Police,0.905634,51.890498,On or near Parking Area,E01021648,Colchester 007C,Investigation complete; no suspect identified
3c394440a016b90b746c3b56cb291d8a5ee31825060c20659cacae667ebbe8d6,2018-12,Essex Police,Essex Police,0.664271,51.543079,On or near LEIGH ROAD,E01015846,Southend-on-Sea 011B,Investigation complete; no suspect identified
bbd7c7cea2ffab7b229451855f4e3836f6b1515140bd123f2d4c9e020c152f6c,2018-12,Essex Police,Essex Police,0.468812,51.697984,On or near CHAPLIN CLOSE,E01021552,Chelmsford 017A,Suspect charged
8bfad7e93763f1b179d22197c56eb6f3ddec581a4489419e960d1eda8100e0c8,2018-12,Essex Police,Essex Police,0.468812,51.697984,On or near CHAPLIN CLOSE,E01021552,Chelmsford 017A,Suspect charged
ab3c2eca598783871d1b68c57ac8e6179b4b7151d2d26394c67bdc4ff09251c6,2018-12,Essex Police,Essex Police,0.668936,51.546876,On or near FERNLEIGH DRIVE,E01015823,Southend-on-Sea 005D,Investigation complete; no suspect identified
2e0124ce3c8a28e0a3d77ff0231a16e881c57b6ff33f288a7e3d89b2ead45a4f,2018-12,Essex Police,Essex Police,0.465424,51.774576,On or near Hospital,E01021542,Chelmsford 002A,Unable to prosecute suspect
caac824a981a393343162e12c4aa43644ccd0062f674d08be416c71ac95f3a88,2018-12,Essex Police,Essex Police,0.080313,51.766836,On or near HELIONS ROAD,E01021842,Harlow 004D,Unable to prosecute suspect
bad0ab8187aebeb4af0e8ca4c246a25a7cabf2d861f74a9022198bd7884530e0,2018-12,Essex Police,Essex Police,0.666195,51.542937,On or near NELSON DRIVE,E01015846,Southend-on-Sea 011B,Investigation complete; no suspect identified
755e9a7d08af7712ea1458e9536f39c08c9ed4c0cf45cd9a9de9731a6d14037d,2018-12,Essex Police,Essex Police,0.068637,51.663224,On or near CAMPIONS,E01021788,Epping Forest 012C,Investigation complete; no suspect identified
49719ddcceefde8bf5aa17757aabccacd5abd2ab045600a13dc1f32af9350cb4,2018-12,Essex Police,Essex Police,0.414201,51.579754,On or near WESTFIELD,E01021278,Basildon 014E,Investigation complete; no suspect identified
ed7b27e7693d8f86bea7083caeba2751247d00735848d3a1c04a2cf7faa5b6b7,2018-12,Essex Police,Essex Police,0.491796,51.577574,On or near EXETER CLOSE,E01021271,Basildon 013A,Investigation complete; no suspect identified
f6562004026933cdd02eec0b4fba06f0db5bca58ab49f600cc190b72721971eb,2018-12,Essex Police,Essex Police,0.107981,51.755966,On or near TYE GREEN VILLAGE,E01021822,Harlow 006C,Investigation complete; no suspect identified
b5c19252f7dfd3e7c26025ae3e1ed8ae0be46bbaa520c79474a4dd89f244760e,2018-12,Essex Police,Essex Police,0.916350,51.882471,On or near MORANT ROAD,E01021687,Colchester 011E,Investigation complete; no suspect identified
ee280d87ce404d94068f83ea01e31ceaaee357e1f8181168121823ea76b8c16f,2018-12,Essex Police,Essex Police,0.479589,51.728594,On or near Supermarket,E01033140,Chelmsford 010F,Investigation complete; no suspect identified
beed45c2417358bbf55d32e0635bb8f9947f3d0b9b21e44516fb5e662644d348,2018-12,Essex Police,Essex Police,0.461380,51.746090,On or near MILTON PLACE,E01021592,Chelmsford 006D,Investigation complete; no suspect identified
6ea22d1fb7f840037c021da20507525fbdfe07621217755238200f6659debca5,2018-12,Essex Police,Essex Police,0.868293,51.875883,On or near SHRUB END ROAD,E01021713,Colchester 015C,Investigation complete; no suspect identified
a030a5a43890de2cc32b829ab117ed2c28ff6ea9378a99f306489387f4d3c0e2,2018-12,Essex Police,Essex Police,0.311202,51.475071,On or near JOSLING CLOSE,E01015951,Thurrock 017A,Investigation complete; no suspect identified
87dd17f3752b4f02849261046b8bbf5f300cea3d88808dc47a36d4989bfd3ce9,2018-12,Essex Police,Essex Police,1.153985,51.796630,On or near HARROW ROAD,E01022043,Tendring 014B,Investigation complete; no suspect identified
99383f6390840c862c1a5fb2b92a8fc34fcbdc4b021da575083b19aabf4d7d2d,2018-12,Essex Police,Essex Police,0.483487,51.566284,On or near Parking Area,E01021327,Basildon 019E,Investigation complete; no suspect identified
0f1b14884b07d1387302c5247ed7efeb82615c4e70cc0963221ec53c234d7940,2018-12,Essex Police,Essex Police,0.493667,51.749133,On or near HELSTON ROAD,E01021624,Chelmsford 004F,Investigation complete; no suspect identified
d42eeede6df82a9a6472ed90e9643ebeb31006fcf41c7da64a73b4d0569ae805,2018-12,Essex Police,Essex Police,0.723012,51.541784,On or near BOURNEMOUTH PARK ROAD,E01015844,Southend-on-Sea 014F,Investigation complete; no suspect identified
2da77fa07a7c80c909ae49150b3c9387a755ddb30bd77afa0e0a86e4558e205e,2018-12,Essex Police,Essex Police,0.441086,51.530877,On or near FOURTH AVENUE,E01015998,Thurrock 002E,Investigation complete; no suspect identified
ef0ef0c6950d8033d3cca6c6fed20ef6d7949da6fc4e6e842600a68243770cc7,2018-12,Essex Police,Essex Police,0.481232,51.562752,On or near VANGE HILL DRIVE,E01021323,Basildon 019B,Investigation complete; no suspect identified
83f8abd9885d3f36428ea782fe06403f9900389488ba0e29ea3fd5c54218ec44,2018-12,Essex Police,Essex Police,0.908761,51.885357,On or near Supermarket,E01021686,Colchester 011D,Investigation complete; no suspect identified
88a1f571726fad76655ccb68cadb07e1ac0b2237fd3230db4910ce621e4519ea,2018-12,Essex Police,Essex Police,0.475817,51.718934,On or near CROSSWAYS,E01021583,Chelmsford 015C,Unable to prosecute suspect
82433b5292aadbbd3d5b8d6d5f74f20b274650dc1ade8fa604fdf80832b171db,2018-12,Essex Police,Essex Police,1.146196,51.789968,On or near Supermarket,E01022038,Tendring 017E,Investigation complete; no suspect identified
91a59f055343f355e674a1f4d7efb598f9a4edeadc67ab653fcdf8cb66d8fde4,2018-12,Essex Police,Essex Police,0.521607,51.613890,On or near HIGH STREET,E01021334,Basildon 005A,Investigation complete; no suspect identified
2d7032ac22e7563d4441b77e8c3a77e40e33b0393d26789b7268328650848437,2018-12,Essex Police,Essex Police,0.602261,51.518480,On or near ROSERNA ROAD,E01021497,Castle Point 012D,Investigation complete; no suspect identified
765e37aa42728743b02bd2b0cb647ba82157c14036810075309b0a4509a8f4d6,2018-12,Essex Police,Essex Police,0.565387,51.870236,On or near RYE GRASS WAY,E01021373,Braintree 011D,Investigation complete; no suspect identified
cd87b63ed1049ef877a7a7de94c09e7145399193873caf2f9b742dfb4dbe84d1,2018-12,Essex Police,Essex Police,0.282470,51.500968,On or near CRANELL GREEN,E01015929,Thurrock 007C,Suspect charged
3e468f9db5db8e1d3800156af73aed5a7f2bb59c4851ea78acbb814092e74858,2018-12,Essex Police,Essex Police,0.185003,51.658535,On or near Sports/Recreation Area,E01021800,Epping Forest 003C,Unable to prosecute suspect
eae27a32f53223497a2a287379b4721971897a57c0e09e17100bdcaa0dfb2a38,2018-12,Essex Police,Essex Police,0.072211,51.747529,On or near TAYLIFERS,E01021866,Harlow 011D,Unable to prosecute suspect
ae4e400e137dd78253ce440a38a0d092d98d177fc3dcdda528562ca57b11c9bd,2018-12,Essex Police,Essex Police,0.115851,51.687481,On or near FLUX'S LANE,E01021759,Epping Forest 006D,Investigation complete; no suspect identified
fa6b4cc2dfa9b88abaaa40fd6834d30bdce68ac8ce9726334feb857a1099d9da,2018-12,Essex Police,Essex Police,0.111225,51.697816,On or near HEMNALL STREET,E01021757,Epping Forest 006B,Investigation complete; no suspect identified
4aaf7a057b719997dc4973ec2609e3949e3efe84b93538f9fabc06e45e568297,2018-12,Essex Police,Essex Police,0.284490,51.487772,On or near Shopping Area,E01016011,Thurrock 015B,Investigation complete; no suspect identified
b5574a7620dfa6579c95acf4a25ad1023599f23a7285835836657a25acc84de6,2018-12,Essex Police,Essex Police,0.737422,51.533642,On or near Parking Area,E01015891,Southend-on-Sea 016C,Investigation complete; no suspect identified
9ef3eb8ccc2378dcfe0765f120df0380b612214af4dc77680c828eeffc33ed75,2018-12,Essex Police,Essex Police,0.547602,51.572490,On or near GLEBELANDS,E01021516,Castle Point 003D,Investigation complete; no suspect identified
44c05bf7bdc9995d346405b93937d4d55f03992b493843e572958c6f3e6b8575,2018-12,Essex Police,Essex Police,0.303360,51.620247,On or near Supermarket,E01021436,Brentwood 007B,Unable to prosecute suspect
3e245bab526a13ffe8370f63537772fdb3c09d459a3094f04070afa6f0d609c0,2018-12,Essex Police,Essex Police,1.150694,51.840313,On or near EDWARD CLOSE,E01022017,Tendring 007D,Local resolution
0214066fbd5b4c449700ba086fb2a0a0aa50fd2f2e9a2d53d7d3e0a745ada78c,2018-12,Essex Police,Essex Police,0.707820,51.536605,On or near SCRATTON ROAD,E01015854,Southend-on-Sea 015D,Investigation complete; no suspect identified
0556dc042f41113635adec7b7d35563f6b460e669f6ab8192db85932e3ba5cc9,2018-12,Essex Police,Essex Police,0.566492,51.550431,On or near Nightclub,E01021480,Castle Point 007A,Investigation complete; no suspect identified
fe090e79008c6692cc8f769c01fd185efd06c72edff06e48579496b024c09dd3,2018-12,Essex Police,Essex Police,0.328649,51.630261,On or near Supermarket,E01021465,Brentwood 005D,Investigation complete; no suspect identified
f0c8b0caee4a92ea0d38578f69725573b56b9c6a40f76e4f92a68c8fe5c40de8,2018-12,Essex Police,Essex Police,0.453124,51.720993,On or near LONDON ROAD,E01021556,Chelmsford 012A,Investigation complete; no suspect identified
9eceea35e8f6b7837ef9a9eae2aac30da023762940d3864d76d68df8a72da361,2018-12,Essex Police,Essex Police,0.635463,51.574677,On or near RAYLEIGH ROAD,E01021946,Rochford 009A,Investigation complete; no suspect identified
9da3d4a9253aec7d6ca0c8613712bbe81f0979d4a0d2a4d436f39c3f68b69a5a,2018-12,Essex Police,Essex Police,0.302264,51.618857,On or near Shopping Area,E01021436,Brentwood 007B,Local resolution
80487db4aa84418a6fdc30e1fb8fa0ef26363c01dc54c527471f5a8e9d06863a,2018-12,Essex Police,Essex Police,0.303360,51.620247,On or near Supermarket,E01021436,Brentwood 007B,Unable to prosecute suspect
0dc66eaee5c5d275aedf6d06f5db10131fd32e391c4c2fb56f574a4d44fe6786,2018-12,Essex Police,Essex Police,0.348839,51.596180,On or near HERNSHAW,E01021445,Brentwood 009A,Investigation complete; no suspect identified
fd1c12062c1a9085f6be01dc69831b88c8dfb64f0c29d2af8094e28a69cb39c5,2018-12,Essex Police,Essex Police,0.114883,51.758548,On or near Petrol Station,E01021823,Harlow 006D,Investigation complete; no suspect identified
69487a2afc1e2efaee2c39765ab4fd66a4d47ffceb831c7b1718f417b5e8ac5f,2018-12,Essex Police,Essex Police,0.606619,51.553134,On or near HOMESTEAD WAY,E01021518,Castle Point 006B,Unable to prosecute suspect
c782194d75dec94155b23d9b4c5d2280334236c0d3e0bbcb8302fc07e4cda8b4,2018-12,Essex Police,Essex Police,1.152845,51.797551,On or near WELLESLEY ROAD,E01022043,Tendring 014B,Unable to prosecute suspect
be72f01acfac812b3f3cde2034dc8c79f67ac54af8b666012f7c33f504c22023,2018-12,Essex Police,Essex Police,0.695119,51.541061,On or near Supermarket,E01015855,Southend-on-Sea 015E,Investigation complete; no suspect identified
f782995424920115a42ff3d85d795bcf2482420925a2e668b9035fc73aec7895,2018-12,Essex Police,Essex Police,0.474085,51.733089,On or near High Street Chelmsford,E01033140,Chelmsford 010F,Suspect charged
b6441d664f71b138e6f6b54a22995c92b6e4f24ef05d681c93a6a3bbafc6b42c,2018-12,Essex Police,Essex Police,0.456169,51.571868,On or near Pedestrian Subway,E01021318,Basildon 015C,Investigation complete; no suspect identified
3a52a3e004caac470c22d6859408b8982ef1514bcbcdc7d0236f9eceabd96614,2018-12,Essex Police,Essex Police,1.148030,51.786105,On or near Clacton and District Hospital,E01022037,Tendring 017D,Investigation complete; no suspect identified
08b66f5a1143fc1a82b9d9f5fa9e431129a9febd22b0b7b65bedec34b9e772f9,2018-12,Essex Police,Essex Police,1.152845,51.797551,On or near WELLESLEY ROAD,E01022043,Tendring 014B,Suspect charged
fac52dfa7b5c20b800781d8b1a7ef12b16f4df17c6951e9e3f04a2dd5e97a655,2018-12,Essex Police,Essex Police,0.602963,51.584594,On or near HIGH STREET,E01021966,Rochford 008F,Investigation complete; no suspect identified
0c0c6666ba67d2da30fb39884fa39b8c5b5cf285fd901c2a42adb0cec981c0c6,2018-12,Essex Police,Essex Police,0.606619,51.553134,On or near HOMESTEAD WAY,E01021518,Castle Point 006B,Unable to prosecute suspect
4091773e0eb3a6efe0986d2c23352365b42290235e7285844f859f39e878ab31,2018-12,Essex Police,Essex Police,0.899183,51.910173,On or near Hospital,E01021682,Colchester 004D,Offender given a caution
1ba21d56e7751dc11f67fa8c188275bb0ee0b7324d1f4254a70c90e5bf8e6415,2018-12,Essex Police,Essex Police,0.715963,51.544987,On or near GREYHOUND WAY,E01015898,Southend-on-Sea 010D,Investigation complete; no suspect identified
9d155da3bd82e9070ed0eeebf7c8ad3ff8c294bab487f8aaf48a3880c3f6ff64,2018-12,Essex Police,Essex Police,0.892052,51.890626,On or near HENRY LAVER COURT,E01021646,Colchester 007A,Investigation complete; no suspect identified
30b8a99da7c84f93b479763ffd28c8b93299b4ca0909a373f542694483a8ecef,2018-12,Essex Police,Essex Police,0.740228,51.806153,On or near BIRKIN CLOSE,E01021725,Colchester 020C,Investigation complete; no suspect identified
e0a98bdbd1d738e449e541c98d670c485778df918d9a2972817f0f35d2352fc7,2018-12,Essex Police,Essex Police,0.691150,51.544444,On or near Supermarket,E01015902,Southend-on-Sea 007B,Investigation complete; no suspect identified
a9244c46045f5140fd551371e96cae55a40f4848f93456398029407a2378dba3,2018-12,Essex Police,Essex Police,1.152845,51.797551,On or near WELLESLEY ROAD,E01022043,Tendring 014B,Suspect charged
43423b4ee24e2a0656cb251ecccb80f9b0e91e159d86efc5e7b651a42c5dd83f,2018-12,Essex Police,Essex Police,0.388041,51.797883,On or near THE STREET,E01021550,Chelmsford 003A,Investigation complete; no suspect identified
4c3af0b1603d24e7540e9b02516b41f6053d51a142bbcf4a063f97ddafff261e,2018-12,Essex Police,Essex Police,1.152845,51.797551,On or near WELLESLEY ROAD,E01022043,Tendring 014B,Suspect charged
150ddc89d28900d0521307bb86527f2a7381f4e38f6c7935393c909175e82937,2018-12,Essex Police,Essex Police,1.152845,51.797551,On or near WELLESLEY ROAD,E01022043,Tendring 014B,Unable to prosecute suspect
9c20ed8e182d73ea3906bb00f1467dadf5dcf46e93b5dff62b030c0bf5df206d,2018-12,Essex Police,Essex Police,0.494158,51.567730,On or near STAGDEN CROSS,E01021326,Basildon 022D,Investigation complete; no suspect identified
68eacc65ec02ef5164385481e9c85286573868a2272e11af9106976b23b00bf3,2018-12,Essex Police,Essex Police,0.709743,51.544690,On or near Police Station,E01015895,Southend-on-Sea 010A,Unable to prosecute suspect
61cab418b89309c1f1eb967e01bbf48c2a71d91d17c6df8928348789fa622c98,2018-12,Essex Police,Essex Police,0.563064,52.015442,On or near Police Station,E01021430,Braintree 001D,Investigation complete; no suspect identified
fb1d9a10cde6f4139b014514fc94ccc9eb0e65ce55ee6aaee2b92ba6023931aa,2018-12,Essex Police,Essex Police,0.516632,51.608826,On or near FARNES AVENUE,E01021329,Basildon 006B,Investigation complete; no suspect identified
2c5a3b3fd7f11adc299141ada412287e0e22a714411216f63168a51fa5813ea9,2018-12,Essex Police,Essex Police,0.483438,51.562193,On or near OLDWYK,E01021323,Basildon 019B,Investigation complete; no suspect identified
db6004006f810b23792e26d240ba1408ba0b3b43cd4c006d31ce24b5289dc48a,2018-12,Essex Police,Essex Police,0.904292,51.884343,On or near FAIRFAX ROAD,E01021683,Colchester 011A,Unable to prosecute suspect
b3154c1da4894b57c4f6ec8e0643fb24829e443513b8a22513916c2232498496,2018-12,Essex Police,Essex Police,0.658869,51.543687,On or near PALL MALL,E01015847,Southend-on-Sea 011C,Investigation complete; no suspect identified
b025390fe6890cd28ce6fcb0c53d894864905915c214df41c9e8a6bf215a62cd,2018-12,Essex Police,Essex Police,0.323432,51.476835,On or near Shopping Area,E01015954,Thurrock 017D,Investigation complete; no suspect identified
33e3a88d327cb5430158f13b7c2bc4ce1359a05eae5a86e6f31afced3eb54299,2018-12,Essex Police,Essex Police,0.061180,51.637843,On or near MALVERN GARDENS,E01021783,Epping Forest 013D,Investigation complete; no suspect identified
191680400797ee125ac4e1a4d960589d29fd1a4dd8efe9773a116ac1f9857ffb,2018-12,Essex Police,Essex Police,0.299223,51.619294,On or near HART STREET,E01021436,Brentwood 007B,Investigation complete; no suspect identified
48f50b3bba270b6631465664f05204a3ceffc115932e789679cc542b3646b7c2,2018-12,Essex Police,Essex Police,0.443114,51.583274,On or near Pipps Hill Retail Park,E01021268,Basildon 015B,Investigation complete; no suspect identified
88222d45418088f3d29f0a90f0a2d403fb53b0fa5d63ed5dbda2c4e74443c0ac,2018-12,Essex Police,Essex Police,0.477608,51.733690,On or near Supermarket,E01033141,Chelmsford 010G,Local resolution
9e262620d340b9585b6526e1ce7486c65ee080edf4f7aee9689bb9cedca54fe3,2018-12,Essex Police,Essex Police,0.509073,51.562627,On or near MOUNTFIELDS,E01021310,Basildon 022B,Investigation complete; no suspect identified
99e8582803f5e870e0e4874aabec96967b04451fb0c2dd58cb378064d6b35275,2018-12,Essex Police,Essex Police,0.627196,51.876363,On or near Park/Open Space,E01021361,Braintree 012B,Investigation complete; no suspect identified
ca8daaeba4a6adb8ba56dce1d0041627d737a818689d5f952e97f8fd040e87e6,2018-12,Essex Police,Essex Police,0.695375,51.601483,On or near NANSEN AVENUE,E01021914,Rochford 002A,Investigation complete; no suspect identified
89aab9b790608ac9aef81c8db37e153661f29187e8aa8848e17c2631c3212eec,2018-12,Essex Police,Essex Police,0.576037,51.878637,On or near RUSTIC CLOSE,E01021369,Braintree 012D,Unable to prosecute suspect
01dfd73094d34893b810a67c95a30094dc408c7c1e4ca73ecd71d7819f664d91,2018-12,Essex Police,Essex Police,0.316734,51.476815,On or near Supermarket,E01015953,Thurrock 017C,Investigation complete; no suspect identified
91ec79c6e12b366e4ac15efa884f5ad28f2c0247d0e9da85a1f553bc17edb350,2018-12,Essex Police,Essex Police,0.099224,51.677078,On or near HAREWOOD HILL,E01021805,Epping Forest 010D,Unable to prosecute suspect
c271abd8b9879fe6f13dbea9e74d2cee0707f6fed6e1d87954258c9a572a20ca,2018-12,Essex Police,Essex Police,0.365814,51.865598,On or near NURSERY RISE,E01022068,Uttlesford 007C,Unable to prosecute suspect
648b7c998f7686ca9bab050746f5c2e877e2178e072251714a0d75f19a8b283d,2018-12,Essex Police,Essex Police,0.410960,51.573067,On or near FORD CLOSE,E01021276,Basildon 014C,Investigation complete; no suspect identified
5c040ee3e3e20e35e96a808369dfe2a586ee0132596997387c5c518cc1937fdd,2018-12,Essex Police,Essex Police,0.090927,51.768833,On or near Parking Area,E01021872,Harlow 007E,Investigation complete; no suspect identified
b3d9bdcf6e16cf9905b1ddd663bbae74b87c44873f31c48dd218a5ece59a059f,2018-12,Essex Police,Essex Police,0.316734,51.476815,On or near Supermarket,E01015953,Thurrock 017C,Investigation complete; no suspect identified
fe0c88f3ce0abc743ed8398c7a911da16caacc33fd5500c85a2a0a2e585c4816,2018-12,Essex Police,Essex Police,0.114717,51.768956,On or near ROSELYN GARDENS,E01021852,Harlow 003D,Investigation complete; no suspect identified
0f95a3e9f33eaf569c83f019ab7b490c75aa8782e1f5a2453d56634dc1a64503,2018-12,Essex Police,Essex Police,0.466017,51.746110,On or near KINGS ROAD,E01021591,Chelmsford 002E,Investigation complete; no suspect identified
c6700cdc602f17345c0b7155e98a61dcba7f9837be6a33b6a625f4c0781cf9a5,2018-12,Essex Police,Essex Police,0.483178,51.559815,On or near GAMBLESIDE,E01021325,Basildon 019D,Investigation complete; no suspect identified
821bdde8f5f932a4cccfa64f4af052c51a202c547bd62e6d853cd1297253bb66,2018-12,Essex Police,Essex Police,0.466017,51.746110,On or near KINGS ROAD,E01021591,Chelmsford 002E,Investigation complete; no suspect identified
b90245c49034cb5bf04a258eac9226503a4935da533ce58d5c252cb9dd8377fd,2018-12,Essex Police,Essex Police,0.432059,51.584664,On or near BOX CLOSE,E01021263,Basildon 010C,Unable to prosecute suspect
8035e4a6abdb2fcc68664a2d27545867525a6f9681d39c2514d6e26c1430037d,2018-12,Essex Police,Essex Police,0.493564,51.746491,On or near TAUNTON ROAD,E01021625,Chelmsford 007D,Investigation complete; no suspect identified
1f5b3002c59127038fcc795be659501a5b85fec987dd1867c344ecd31bd1ea6e,2018-12,Essex Police,Essex Police,0.693247,51.544045,On or near WEST ROAD,E01015900,Southend-on-Sea 010F,Investigation complete; no suspect identified
55995f78c780642690d1bfb5ead5c780e95a53c91b768df4ebb7fe171306154c,2018-12,Essex Police,Essex Police,0.078046,51.742731,On or near HOLMES MEADOW,E01021866,Harlow 011D,Investigation complete; no suspect identified
001db7dea0d0fa651020566eedfca364db08cb86fcee446623ce62432bd766af,2018-12,Essex Police,Essex Police,0.356329,51.630401,On or near LAMBOURNE DRIVE,E01021449,Brentwood 003B,Unable to prosecute suspect
0cd42aacc72c169b2f67e059995f0f2886abb62538945416ce30c39887cb90dd,2018-12,Essex Police,Essex Police,0.490321,51.748358,On or near LYNTON DRIVE,E01021624,Chelmsford 004F,Investigation complete; no suspect identified
655b6016ff8d5041b8e4040cbf5dda6ecdc9dd3088a25dbd7f5055e62b10bfaa,2018-12,Essex Police,Essex Police,0.356329,51.630401,On or near LAMBOURNE DRIVE,E01021449,Brentwood 003B,Unable to prosecute suspect
d98c283109bece91a28ee6dd6308352b3556ca82f3fff3676338bb8df9a4aee9,2018-12,Essex Police,Essex Police,0.324602,51.476614,On or near Supermarket,E01015954,Thurrock 017D,Formal action is not in the public interest
fd0810692a54196cc7ade810094ba4ac5a2548a0861584096f8f1fa84749800b,2018-12,Essex Police,Essex Police,0.429293,51.574226,On or near FONT CLOSE,E01021290,Basildon 016D,Investigation complete; no suspect identified
28e2acf21636e9c621a2c2d73382114b92467a2765db447be679d9b82a1281f1,2018-12,Essex Police,Essex Police,0.488796,51.747240,On or near Supermarket,E01021624,Chelmsford 004F,Investigation complete; no suspect identified
5cf7a075b955fda6e9119feb1007c12182d78af3182e5a50c7990836d7e91378,2018-12,Essex Police,Essex Police,0.306619,51.494110,On or near ARTERIAL ROAD NORTH STIFFORD,E01015942,Thurrock 020C,Action to be taken by another organisation
05072c693b5bedc8f66466b007e526ee11d2450e6876317bde4d7a5ba483f9fc,2018-12,Essex Police,Essex Police,0.115333,51.748343,On or near CORNER MEADOW,E01021838,Harlow 010A,Investigation complete; no suspect identified
f7d4873d97d9e7d017578e26390386dd59cbf472929557a62b0056dae994cfe6,2018-12,Essex Police,Essex Police,0.463136,51.523203,On or near CHURCH ROAD,E01015945,Thurrock 002A,Investigation complete; no suspect identified
f9ebe0b6fcc2aeb6a98899d44269af15a259f5f0f96b771055de0a3ad140bf4d,2018-12,Essex Police,Essex Police,0.780348,51.530968,On or near AVON WAY,E01015917,Southend-on-Sea 017D,Unable to prosecute suspect
db92409557238c7cb453839843208b15064fa4a95a4f03b5e7897146c190fb45,2018-12,Essex Police,Essex Police,0.183699,51.723999,On or near HIGH ROAD,E01021797,Epping Forest 001C,Unable to prosecute suspect
0c915bdf9814b8e22de4c520505e2fd17ba9110d7e7d8e74b9de557bf9961391,2018-12,Essex Police,Essex Police,0.550382,51.879259,On or near Supermarket,E01021365,Braintree 009D,Investigation complete; no suspect identified
c524c07377d3c747c1fa1366d752304977cdb12863b36b58bb6e2693ad9b6c51,2018-12,Essex Police,Essex Police,0.183699,51.723999,On or near HIGH ROAD,E01021797,Epping Forest 001C,Unable to prosecute suspect
79712d70f31a752ddf9c85ebad86951c89737063788f7ed5d29affbe70e3d7c6,2018-12,Essex Police,Essex Police,0.724923,51.532971,On or near Supermarket,E01015842,Southend-on-Sea 014D,Investigation complete; no suspect identified
a1b8a2bfead6e5cee667ed286e3801fbe53ef758122260ddb65c813680dbe669,2018-12,Essex Police,Essex Police,0.666195,51.542937,On or near NELSON DRIVE,E01015846,Southend-on-Sea 011B,Investigation complete; no suspect identified
0642e9f43b2e400fff823edc29daa96d19f04eb6f42a0566d2efd39bd276335e,2018-12,Essex Police,Essex Police,0.563064,52.015442,On or near Police Station,E01021430,Braintree 001D,Investigation complete; no suspect identified
3611ba2f8959fc88b4c0bed82c3ddbeabc6a49e354cc62a4113fa709dc6f3e54,2018-12,Essex Police,Essex Police,0.667784,51.721214,On or near HEMMINGS COURT,E01021896,Maldon 005D,Unable to prosecute suspect
3d0a432f717c974edcff856ffb01005b35bec6df932c4aaab237525195ba7a64,2018-12,Essex Police,Essex Police,0.739897,51.541948,On or near SOUTHCHURCH BOULEVARD,E01015884,Southend-on-Sea 009B,Investigation complete; no suspect identified
ded0812d79d0cee7979a97da97da47e156f780132edec51a111ec99ba7e2b477,2018-12,Essex Police,Essex Police,0.144218,51.902283,On or near RECTORY LANE,E01022089,Uttlesford 005G,Unable to prosecute suspect
d7441d830b3b4fa6970c1e80592e0f8ccc51b9d1af0f3f4dfc849e8e0aa30349,2018-12,Essex Police,Essex Police,0.338988,52.011347,On or near Parking Area,E01022097,Uttlesford 004C,Unable to prosecute suspect
c41e3bcbf47200b9f9f0bd40670701a3508e4d7deaa897dfb76cf1c69064a69f,2018-12,Essex Police,Essex Police,0.791530,51.530837,On or near ROSEWOOD LANE,E01015877,Southend-on-Sea 013B,Investigation complete; no suspect identified
aaf8989f7b2d62cf32ad9760f380d75459c7c8423982ce5b2451fcfad0261aed,2018-12,Essex Police,Essex Police,1.024169,51.821863,On or near Supermarket,E01021983,Tendring 009B,Investigation complete; no suspect identified
791b382772fbc36ec48adf47fc485fbfac353a60cb052b6b7e1c32e394f235e1,2018-12,Essex Police,Essex Police,0.516423,51.573972,On or near CROWN AVENUE,E01021314,Basildon 018B,Investigation complete; no suspect identified
eef6db1b822708dff1e08ef42231b91312a97068d2f112cf3263ceb0cf3aecf7,2018-12,Essex Police,Essex Police,0.472257,51.733569,On or near Shopping Area,E01033141,Chelmsford 010G,Suspect charged
56eb2000191379bad00d0058928cb65f7b80d2069172349d46785e20f9f459b4,2018-12,Essex Police,Essex Police,0.491697,51.750730,On or near TOTNES WALK,E01021624,Chelmsford 004F,Investigation complete; no suspect identified
1bddcc1f5ec2d8ff183a3b64e61fc91f38734c3e44a274b0cf9f6098caab26bd,2018-12,Essex Police,Essex Police,0.617864,51.556005,On or near SCRUB LANE,E01021519,Castle Point 005B,Investigation complete; no suspect identified
8fd239228ae581316f5d44207574d2352b631d76cae5c05784c19016504bf984,2018-12,Essex Police,Essex Police,0.895056,51.877439,On or near LITTLE FOXBURROWS,E01021717,Colchester 013D,Investigation complete; no suspect identified
ee623c7f5a7c0d64c69b92f2143eb2bb2c04b3223a90b6a5162f51d6075fb6c9,2018-12,Essex Police,Essex Police,0.472257,51.733569,On or near Shopping Area,E01033141,Chelmsford 010G,Suspect charged
9950ee335d7103a226d8843a32c62302e45f4c0d7ec397e10697b0aef6dd17cc,2018-12,Essex Police,Essex Police,0.442421,51.588118,On or near CROUCH STREET,E01021261,Basildon 010A,Investigation complete; no suspect identified
2ca4c4c78b4418605187a0ca20519354e60065e67bf88fa5cb16be8fbd114c50,2018-12,Essex Police,Essex Police,0.921379,51.889874,On or near KERRY COURT,E01021706,Colchester 022H,Investigation complete; no suspect identified
b2939b41bce4e00428a5df43f354b7343de7cd61ebfbe7a966efcb85fd68b4f8,2018-12,Essex Police,Essex Police,0.145568,51.784089,On or near Pedestrian Subway,E01021854,Harlow 001A,Unable to prosecute suspect
d286a07f0ebdbbc1638ad940d42682d18eef8fa782e530db999c922d0eaae138,2018-12,Essex Police,Essex Police,0.538076,51.878752,On or near Petrol Station,E01021358,Braintree 008C,Investigation complete; no suspect identified
67a2cf20df92466d22d0d13dc542d447e63f7d574a85300c92f06ca0c0137896,2018-12,Essex Police,Essex Police,0.723660,51.537668,On or near SOUTHCHURCH AVENUE,E01015839,Southend-on-Sea 014A,Unable to prosecute suspect
27ea002496069723e6457cde8b614087270a9499e2bb2c9a0b4009333a57dd31,2018-12,Essex Police,Essex Police,0.693247,51.544045,On or near WEST ROAD,E01015900,Southend-on-Sea 010F,Investigation complete; no suspect identified
fdeb1cd636e1d6991d8918931d683bd5b51e488765d1926623d45f09636718f1,2018-12,Essex Police,Essex Police,0.465356,51.583483,On or near CARNIVAL CLOSE,E01021268,Basildon 015B,Investigation complete; no suspect identified
e35c216ce4fef44ca45b594d0f40f28a05c8fdeadc77054de5d2d27fa9ae876b,2018-12,Essex Police,Essex Police,0.289521,51.480371,On or near SOUTHWELL CLOSE,E01033611,Thurrock 019C,Investigation complete; no suspect identified
da260f771d29f6e47f8cc8172bf29267c36d020cd85d86f50e8b89727a57b8f7,2018-12,Essex Police,Essex Police,0.343044,51.494764,On or near LAIRD AVENUE,E01015966,Thurrock 010D,Suspect charged
56bd8389e554c704c20be902d105bdae3d96041de070520268af75fb6b85aebb,2018-12,Essex Police,Essex Police,0.240983,52.024673,On or near JOHNSONS YARD,E01022076,Uttlesford 002B,Investigation complete; no suspect identified
c78e3d5bdd054c881f0c7167067efc658221dd9044087d6bfcee2b94f33e7088,2018-12,Essex Police,Essex Police,0.311474,51.488133,On or near DUARTE PLACE,E01033612,Thurrock 020D,Investigation complete; no suspect identified
5e6d3115ca1ccce232a9e758e43c7883abd7d9b42f9a6eb086464483112a1875,2018-12,Essex Police,Essex Police,0.353833,51.464519,On or near SEYMOUR ROAD,E01016003,Thurrock 018A,Investigation complete; no suspect identified
40212dc242d02231e362714768eb88ff2721929f81654c4f60100b6590472a70,2018-12,Essex Police,Essex Police,0.518117,51.620000,On or near Conference/Exhibition Centre,E01021338,Basildon 005C,Unable to prosecute suspect
31f83496632b3c765c76ab0d59ada49676a4a9df15f4840018c0d34a191e1f12,2018-12,Essex Police,Essex Police,0.688550,51.547795,On or near NORTHVIEW DRIVE,E01015904,Southend-on-Sea 007D,Investigation complete; no suspect identified
0cd56bf02b1abbc1299ecc3180171d6f52502696bece9f6c659396397a1f5385,2018-12,Essex Police,Essex Police,0.518117,51.620000,On or near Conference/Exhibition Centre,E01021338,Basildon 005C,Unable to prosecute suspect
6e9df9943a3470c03a92c9c7713f814bb24de006e864c48f4f0e4ffacf67aafb,2018-12,Essex Police,Essex Police,0.667320,51.542434,On or near WOODFIELD ROAD,E01015846,Southend-on-Sea 011B,Investigation complete; no suspect identified
eeb6ca8428057445bf815b05b9b2c6ac80f8017073548ce35f4633abf160b5ff,2018-12,Essex Police,Essex Police,0.122640,51.772536,On or near LADYSHOT,E01021847,Harlow 002D,Unable to prosecute suspect
5b50902e669c7f680fb6fcd6d0bf38e0e07c6f57fd46efe7562e69e1620b2652,2018-12,Essex Police,Essex Police,0.296244,51.484619,On or near SAN LUIS DRIVE,E01015982,Thurrock 019A,Suspect charged
3ae4e4826d05ae2fe48e0ba9760ac2134097d92af037add2386143a2bbb6bf21,2018-12,Essex Police,Essex Police,0.934635,51.919529,On or near WILLOW CLOSE,E01021971,Tendring 005A,Suspect charged
96d837d774ee813e7f3e0d0f24cd811c614ae976b978954937b5f43be47de8e9,2018-12,Essex Police,Essex Police,0.481554,51.569211,On or near FRETTONS,E01021322,Basildon 019A,Investigation complete; no suspect identified
4e763f32a7a55b5fd4369d2166ed6c940897c0b2f78704f389c60837dfa0189f,2018-12,Essex Police,Essex Police,0.723380,51.536595,On or near YORK ROAD,E01015840,Southend-on-Sea 014B,Unable to prosecute suspect
960323e5b6709ee2bec24d697ffe4b6536777d6c84f214c18c51dbe84ec42e21,2018-12,Essex Police,Essex Police,0.297875,51.619779,On or near WESTERN GARDENS,E01021434,Brentwood 004C,Unable to prosecute suspect
960323e5b6709ee2bec24d697ffe4b6536777d6c84f214c18c51dbe84ec42e21,2018-12,Essex Police,Essex Police,0.297875,51.619779,On or near WESTERN GARDENS,E01021434,Brentwood 004C,Unable to prosecute suspect
83f5429216dbb4509ff9692c7d5e3b050f4d561935448fd17a708654296b486c,2018-12,Essex Police,Essex Police,1.170212,51.808345,On or near PAULINE CLOSE,E01021984,Tendring 010A,Unable to prosecute suspect
a3fbd86189b5119ee99fb1f1bca77200fcb18e1d7198fa471c2486a5e08a5383,2018-12,Essex Police,Essex Police,0.904292,51.884343,On or near FAIRFAX ROAD,E01021683,Colchester 011A,Unable to prosecute suspect
6aa3fee11c54b3db9b0b0e2ea312f05ae998530fbc66ff8123903363930a2bdf,2018-12,Essex Police,Essex Police,0.443336,51.531442,On or near HILLVIEW GARDENS,E01015998,Thurrock 002E,Investigation complete; no suspect identified
5cef34820d29e5a23e50f3cf25460075aa67f3ec1926f8a4a4995991c4294ca4,2018-12,Essex Police,Essex Police,0.231669,51.485749,On or near CHIEFTAN DRIVE,E01016014,Thurrock 015E,Unable to prosecute suspect
ab52621db93abd4d19c85ef14995a5b88e73f8ba88f7996969df972a87d45a53,2018-12,Essex Police,Essex Police,0.204141,51.816448,On or near HOME PASTURES,E01022070,Uttlesford 009C,Investigation complete; no suspect identified
d522a14be2cbb2adc772ff03ee80e56193b4d517a29e2da42320adae7ab23e0c,2018-12,Essex Police,Essex Police,0.714345,51.540114,On or near SOUTHCHURCH ROAD,E01015895,Southend-on-Sea 010A,Investigation complete; no suspect identified
3ff8646859214c00f68ea387ac4a0a7770b0e2ed566aa31d648379fcfd373d77,2018-12,Essex Police,Essex Police,0.375576,51.485359,On or near ST PATRICK'S PLACE,E01015936,Thurrock 012D,Investigation complete; no suspect identified
a71ba7f2add206238762d7257c910dfd7ee7898848c971d3dca2a7a92ae868c4,2018-12,Essex Police,Essex Police,0.227075,51.869575,On or near DUNMOW ROAD,E01022059,Uttlesford 009A,Unable to prosecute suspect
874a47bff38d4a5afd10bf36fd9405210766c725dfa93df655faf7a52c7a5a68,2018-12,Essex Police,Essex Police,0.484162,51.737517,On or near OLD COURT ROAD,E01021627,Chelmsford 010E,Offender given a caution
0a28ef6cccddbbe187ef4cd9c0194b19614a9dc3fa8daae6fd01134b0473fd5c,2018-12,Essex Police,Essex Police,0.299223,51.619294,On or near HART STREET,E01021436,Brentwood 007B,Investigation complete; no suspect identified
007fee5d054798d204d35816a3ba4a879ddc364ee57ae5028c5bd0aea4d839c8,2018-12,Essex Police,Essex Police,0.021086,51.687441,On or near HILLHOUSE,E01021816,Epping Forest 007E,Investigation complete; no suspect identified
9a573e60311b1d90bb11939c47553e82b45e7e2c10fe9d764d1a9beb17eae4d9,2018-12,Essex Police,Essex Police,0.120947,51.760238,On or near TILBURY MEAD,E01021819,Harlow 006A,Investigation complete; no suspect identified
880483cd811093d52cacd78ca44399de38d8d9356b0a6593458d08cda51959b5,2018-12,Essex Police,Essex Police,0.332699,51.487973,On or near TENNYSON AVENUE,E01015960,Thurrock 014A,Offender given a caution
94cfc77a37186f982da358ac7dd670a9b4b1cd1d62ce8bc2bbeb17f02af2571d,2018-12,Essex Police,Essex Police,0.677340,51.546541,On or near WELLINGTON AVENUE,E01015905,Southend-on-Sea 007E,Investigation complete; no suspect identified
65594ff6416a2b49dfb034be341823e2f4c2e61f033c5adcb18801d901003240,2018-12,Essex Police,Essex Police,0.425632,51.517375,On or near GENTRY CLOSE,E01015989,Thurrock 005A,Investigation complete; no suspect identified
71f9fd0b773963c1a32af73f44183c9a8516b28288d5c00c1d68e185da359faf,2018-12,Essex Police,Essex Police,0.559645,51.877583,On or near CAMULUS CLOSE,E01033458,Braintree 009E,Investigation complete; no suspect identified
053e849995230aecffc81e48bca33e5efdb6936e0ca81ec49de6ad9b57f600eb,2018-12,Essex Police,Essex Police,0.714146,51.537250,On or near PITMANS CLOSE,E01015852,Southend-on-Sea 015B,Suspect charged
cd4b68d8279f9f3c8f5b64e6d78daebf00c20755340d305026efbd37261bb73a,2018-12,Essex Police,Essex Police,0.817821,51.663119,On or near QUEEN STREET,E01021904,Maldon 006B,Investigation complete; no suspect identified
a352adc654f6ddc27d77330de50165dfabeb01b4420e8e5aeaeb88e33e8e19ba,2018-12,Essex Police,Essex Police,0.145568,51.784089,On or near Pedestrian Subway,E01021854,Harlow 001A,Investigation complete; no suspect identified
f383b08f4107cee817df053ba52940fa28d5bb9cc116a18c75b580a35dac5231,2018-12,Essex Police,Essex Police,0.669914,51.541665,On or near CLIFF ROAD,E01015829,Southend-on-Sea 012C,Investigation complete; no suspect identified
a3d5fa1431911d79fc50f91622205892e3330776482f111c23fdf86dd1e7f96d,2018-12,Essex Police,Essex Police,0.668494,51.542282,On or near UPLAND ROAD,E01015829,Southend-on-Sea 012C,Investigation complete; no suspect identified
0e71cadd53b4385fbc11ee50691f76b0c91b9b575903036bc602a29dc90c5cd2,2018-12,Essex Police,Essex Police,0.297875,51.619779,On or near WESTERN GARDENS,E01021434,Brentwood 004C,Investigation complete; no suspect identified
eec1965c8be50ef142cdee63f9584845381882cb23b6ba4ecf40fe3c9883eb70,2018-12,Essex Police,Essex Police,0.668685,51.539633,On or near CLIFF GARDENS,E01015848,Southend-on-Sea 011D,Investigation complete; no suspect identified
ab5a6f70206fbcab7bee5f33d1e377da48d7065774bf0418a943a365ec981811,2018-12,Essex Police,Essex Police,0.168142,51.981840,On or near POORE STREET,E01022071,Uttlesford 003B,Investigation complete; no suspect identified
5180b7948b16a0ec7eeeaf2d4325eda1f285a6b911aa2112203833bdffa34581,2018-12,Essex Police,Essex Police,0.437796,51.624142,On or near GREENWAY,E01021241,Basildon 003C,Investigation complete; no suspect identified
d2be5a228dfa9ce281e66d64e7e61bee744cb95a14c7ba0a13d3954b260efbe9,2018-12,Essex Police,Essex Police,0.115880,51.704530,On or near LINDSEY STREET,E01021760,Epping Forest 005A,Investigation complete; no suspect identified
fcb04eb2d67af076afdbf7629f78886fcba5148e4fa54104b9e5a307f4035fad,2018-12,Essex Police,Essex Police,0.095357,51.767783,On or near Shopping Area,E01021872,Harlow 007E,Investigation complete; no suspect identified
2a39e1980a4b05cf53c8d86d6b5368c283523d6f97c4c9f5e13b27922c842e87,2018-12,Essex Police,Essex Police,0.568159,51.878854,On or near CRESSING ROAD,E01021370,Braintree 011B,Investigation complete; no suspect identified
633b925027aa0de170a6ad7fa6d86c44dcadcbcf97044e789d38fe435cc54925,2018-12,Essex Police,Essex Police,0.700224,51.567844,On or near Airport/Airfield,E01021956,Rochford 007E,Investigation complete; no suspect identified
99e66467032f96a53445f4cefaa6f06ebbdceb02b242c49b2f2194bfc3d24e76,2018-12,Essex Police,Essex Police,0.095357,51.767783,On or near Shopping Area,E01021872,Harlow 007E,Investigation complete; no suspect identified
4f1187a578a1bf8cc1e6dbe6ad11ff2cf9254883881282313575e53745cc5447,2018-12,Essex Police,Essex Police,1.161645,51.794778,On or near COLLEGE ROAD,E01022049,Tendring 014D,Investigation complete; no suspect identified
cad64c8550256aa7257657e8560a40fc2b95bb1ce03cec76d1a7c1fafa57e872,2018-12,Essex Police,Essex Police,0.464005,51.575589,On or near HONEYPOT LANE,E01021266,Basildon 015A,Investigation complete; no suspect identified
3e354f9310c6cd1125f2e736bbc18a0f2ffe5fa7c5f4c50969a1046976985589,2018-12,Essex Police,Essex Police,0.113165,51.754955,On or near LITTLE PYNCHONS,E01021823,Harlow 006D,Investigation complete; no suspect identified
594b72ee65a7b393683b924b72a90a7fcfeb29438a6aea62a1f4858906f4c9e1,2018-12,Essex Police,Essex Police,0.686050,51.871139,On or near MARKET HILL,E01021377,Braintree 014A,Investigation complete; no suspect identified
acf56d120d1e767d2c06e4cf5ba3984fcf47137e0fbb928cb1bde28ce6538b38,2018-12,Essex Police,Essex Police,0.088255,51.752397,On or near CECIL COURT,E01021859,Harlow 010C,Investigation complete; no suspect identified
8aae7c8b2ab6963db25a23f7c3a1b9b8775c479d14fa19a36e9799187751d29a,2018-12,Essex Police,Essex Police,0.468593,51.736218,On or near DUKE STREET,E01033141,Chelmsford 010G,Suspect charged
6b574fcf742315c0dd3961dcce03e4cf6982197d4593836647f034918cba4b90,2018-12,Essex Police,Essex Police,0.148734,51.782367,On or near CHURCHGATE STREET,E01021857,Harlow 001D,Investigation complete; no suspect identified
55fb8ad4e9c5c9312c6db7636118cc122e8f9990d0ffc8dc352df1c2c0bff5fa,2018-12,Essex Police,Essex Police,0.039654,51.770885,On or near TEMPLE MEAD,E01021801,Epping Forest 002E,Investigation complete; no suspect identified
600dc355ad70a54933cdef4cba5e58a628d4c0ff43a07c383e3951302a564535,2018-12,Essex Police,Essex Police,0.489170,51.721628,On or near Petrol Station,E01021564,Chelmsford 013D,Investigation complete; no suspect identified
462784d0dfa992ccc77320efad7e27b45a6ae57a7528943b5c8c3026bcf37521,2018-12,Essex Police,Essex Police,0.430750,51.520111,On or near PLAISTOW CLOSE,E01015986,Thurrock 003C,Investigation complete; no suspect identified
49f2f16930b0f394c658a08eb9d8a6721e98e92a811977e8c952c1844ddd47a0,2018-12,Essex Police,Essex Police,0.405184,51.525701,On or near VINCENT AVENUE,E01015980,Thurrock 004D,Investigation complete; no suspect identified
7361bed7234bc1f0b1f8788ba577f71f1707e1a84488362622708954fe73f1c6,2018-12,Essex Police,Essex Police,0.494031,51.576744,On or near LINCOLN ROAD,E01021271,Basildon 013A,Investigation complete; no suspect identified
85a41a98669077a7a732fa0c40744f697de10bf21417300065b319f3f530c7c5,2018-12,Essex Police,Essex Police,0.931567,51.890987,On or near HICKORY AVENUE,E01021699,Colchester 008D,Investigation complete; no suspect identified
8d66715b132be4e0eefa17a65ac896abc7016e92cd430fc2e665300c70f46516,2018-12,Essex Police,Essex Police,0.312141,51.489640,On or near DUFFIELD CLOSE,E01033614,Thurrock 020E,Investigation complete; no suspect identified
b79dd83557ae9e17fe876368817fddefb2b7472c1a391f9a5f86c2bd150de231,2018-12,Essex Police,Essex Police,0.454070,51.727223,On or near WATERHOUSE STREET,E01033138,Chelmsford 009F,Investigation complete; no suspect identified
9b98d2bd9d49804441e1ad5bd90cc53b292513e9b33d5997c8e064f6d7489019,2018-12,Essex Police,Essex Police,0.927700,51.874652,On or near GRANGE FARM ROAD,E01021664,Colchester 016C,Investigation complete; no suspect identified
edce45a6282a15c54fc8c1734e78abd6773c3be8c5cf9051a8f0eb0c475de718,2018-12,Essex Police,Essex Police,0.591332,51.560578,On or near Petrol Station,E01021511,Castle Point 002C,Unable to prosecute suspect
fcd32ac82567e5eb1bed79804927ebe49aa7622b4f9e200c3e421db1672924f4,2018-12,Essex Police,Essex Police,0.583009,51.916605,On or near GOSFIELD ROAD,E01021381,Braintree 007F,Unable to prosecute suspect
9d5c418a0c8b7f6618e977240eb66b9523e27b1c19c87621c64ad7ae881d588b,2018-12,Essex Police,Essex Police,0.698079,51.541605,On or near RICHMOND AVENUE,E01015896,Southend-on-Sea 010B,Investigation complete; no suspect identified
fa665233b2f764dfcaffb428e353e7e2b6621c3bd90b2d238c700de15776f596,2018-12,Essex Police,Essex Police,0.241740,51.715631,On or near SHELLEY CLOSE,E01021802,Epping Forest 004D,Unable to prosecute suspect
4321f29ba1db8173caea3d6726debcc5096fe5e5ccff7ff40dd014ea79e05ceb,2018-12,Essex Police,Essex Police,0.293958,51.522291,On or near NICHOLAS CLOSE,E01015971,Thurrock 006B,Investigation complete; no suspect identified
2f7d812d29e32283b19ca3fd039b2f071c0aad1b154e890da3928c6d063061a1,2018-12,Essex Police,Essex Police,0.244024,51.705048,On or near Parking Area,E01021753,Epping Forest 004A,Investigation complete; no suspect identified
e51a4c235fe6b5c3c69c529531cd9301de2ec5ff7bfe15008e5deaa10a2d3840,2018-12,Essex Police,Essex Police,0.209077,52.033594,On or near HIGH STREET,E01022071,Uttlesford 003B,Suspect charged
6ad4b04869f6036095f4ba6b25a6bd3c7571726e7d79a7008a07137c987a9232,2018-12,Essex Police,Essex Police,0.732557,51.548946,On or near RYLANDS ROAD,E01015870,Southend-on-Sea 006B,Investigation complete; no suspect identified
ae8308625ec71b88bca2e31e75871233f1678943b556531a40f6141fc19d12ab,2018-12,Essex Police,Essex Police,0.306786,51.475176,On or near HASTINGS CLOSE,E01015951,Thurrock 017A,Investigation complete; no suspect identified
2f7eeace8aae8a24a6f4c60e269ac62bb9bd7d87001cb91ede4ed367e281fe3a,2018-12,Essex Police,Essex Police,0.639510,51.799555,On or near COACH HOUSE WAY,E01021415,Braintree 017A,Investigation complete; no suspect identified
618af6e32bc4c77342d4fc38ae88b4fc7246565eb825f0daa94d733efc68aae9,2018-12,Essex Police,Essex Police,0.241740,51.715631,On or near SHELLEY CLOSE,E01021802,Epping Forest 004D,Unable to prosecute suspect
5d3783afa4f544dd48e5ed007c8c66b6f5d76cbf77dd77156b958fe839c35841,2018-12,Essex Police,Essex Police,0.451540,51.529274,On or near NEWTON CLOSE,E01015987,Thurrock 002C,Investigation complete; no suspect identified
76657b9a13edb8e31fa70cc6cd92d71cd767f02f5644e606efa31d9a22893f08,2018-12,Essex Police,Essex Police,0.639956,51.811416,On or near MANOR ROAD,E01021419,Braintree 015D,Investigation complete; no suspect identified
733c00b0b7b930952b97ece8ac2cef36947acc6b72208f97eb97ca62c87edad3,2018-12,Essex Police,Essex Police,0.459341,51.574742,On or near Supermarket,E01021318,Basildon 015C,Unable to prosecute suspect
9a5881ae712a48d3832c2727aae8e381867e98b7e4c4604500879fab63212624,2018-12,Essex Police,Essex Police,0.712904,51.673334,On or near MALDON ROAD,E01021874,Maldon 007B,Investigation complete; no suspect identified
51a36023a867aac6b87685c2e8f679fd18a8ffea13cd46dd505161fc9f41eadc,2018-12,Essex Police,Essex Police,0.063427,51.675222,On or near B172,E01021806,Epping Forest 009A,Investigation complete; no suspect identified
15f844c7a194aeaaab1dd0397d6f9039fcf3beb978addcdff344235c9e44c420,2018-12,Essex Police,Essex Police,1.257515,51.839281,On or near AUDLEY WAY,E01021985,Tendring 006A,Investigation complete; no suspect identified
f06dbfb33cf9ddf9498938de4d8bf81c5f484c2df9df48208acbf6916a05cd0f,2018-12,Essex Police,Essex Police,0.130475,51.760704,On or near PINEWOOD CLOSE,E01021836,Harlow 008D,Unable to prosecute suspect
455284f37c67f8984cb5b28e162b4fcb5ddde578248e866adaa4fc41ad47d787,2018-12,Essex Police,Essex Police,0.488594,51.714041,On or near Supermarket,E01021565,Chelmsford 014C,Investigation complete; no suspect identified
d86279053255aba34ecaa9dc9bfbf3d658e68404e31c32c1414a41e60529f923,2018-12,Essex Police,Essex Police,0.635700,51.934016,On or near TIDINGS HILL,E01021382,Braintree 003A,Suspect charged
edb1ed684e6df870004bec32a62ae046205f38eabe5e0f7b48dc25d5f8a1c705,2018-12,Essex Police,Essex Police,0.928443,51.881388,On or near CAELUM DRIVE,E01033719,Colchester 008G,Unable to prosecute suspect
ec9c7673d869ef394fcfd52b942e4a7f5ed5842b33793238d727e5621351832c,2018-12,Essex Police,Essex Police,1.279473,51.937104,On or near Supermarket,E01022001,Tendring 001D,Suspect charged
ac47ef30b2b23e2c13651dc71cb72c227c7425ca7152b100976ab424f8e733d6,2018-12,Essex Police,Essex Police,0.708877,51.573805,On or near ROCHEFORT DRIVE,E01021956,Rochford 007E,Unable to prosecute suspect
050d71735430c565dd30d31404ca565a197123aae593ac91246c5330bca9a651,2018-12,Essex Police,Essex Police,0.446449,51.529254,On or near QUEEN ELIZABETH DRIVE,E01015998,Thurrock 002E,Unable to prosecute suspect
c04084d021cd6d25b5db59d3874eaddd41c10287d45d9239d741298a5d3c2850,2018-12,Essex Police,Essex Police,0.470494,51.717436,On or near TYLERS CLOSE,E01021584,Chelmsford 012E,Unable to prosecute suspect
c17a8e4d3bd46035afa64aa85681b6d4fa73d937fa6f8ae4791064050e1acb38,2018-12,Essex Police,Essex Police,0.236133,52.020071,On or near BECK ROAD,E01022075,Uttlesford 001B,Local resolution
b3332aba6a35c711b995659c86e5ca93bcb3dbd4a20a6bbcf84e0a4142fdd274,2018-12,Essex Police,Essex Police,0.610621,51.553486,On or near Supermarket,E01021518,Castle Point 006B,Investigation complete; no suspect identified
89f9b348ead8802dba228963f07195ae6dc5413386800405e1c0d37235398379,2018-12,Essex Police,Essex Police,0.782655,51.532388,On or near JENA CLOSE,E01015917,Southend-on-Sea 017D,Unable to prosecute suspect
16dbaa52a4bd407e96f784d780e8ed315bc49cac0acb9dd24f14975ecc995275,2018-12,Essex Police,Essex Police,0.473989,51.730007,On or near Parking Area,E01033140,Chelmsford 010F,Investigation complete; no suspect identified
08c216d930fe799bb3e79c8fef6a5d739467075c3f0007a015d15942c526746c,2018-12,Essex Police,Essex Police,0.454172,51.745144,On or near FOX CRESCENT,E01021599,Chelmsford 009C,Local resolution
362b00678b98b3544a5be8fa88f1ee033e4f92cadb07b8764d236ab5a0b89169,2018-12,Essex Police,Essex Police,0.086303,51.771334,On or near Hospital,E01021843,Harlow 004E,Unable to prosecute suspect
24a6bea36bb52ac126898c044bbfe365c8848d9265ede73d40cefe69916a3afb,2018-12,Essex Police,Essex Police,0.524111,51.601489,On or near SINCLAIR WALK,E01021344,Basildon 008D,Unable to prosecute suspect
6c5509dfbbcfbd63a246b3e8973793504de2378d229cd63f7a2bff6a9827c930,2018-12,Essex Police,Essex Police,0.417812,51.632262,On or near RUSKIN DENE,E01021247,Basildon 003E,Unable to prosecute suspect
2ec827aed3668f046aa9d570d0b6d0f8ed143cf06d7dc8c89797ebd4ba06f006,2018-12,Essex Police,Essex Police,0.113571,51.775748,On or near Parking Area,E01021845,Harlow 002B,Unable to prosecute suspect
279f06ab3d7950fd9db4ed0c603769a8b9480c5eaaa8cd1a76e503e1476f0f89,2018-12,Essex Police,Essex Police,0.363247,51.863456,On or near ONGAR ROAD,E01022068,Uttlesford 007C,Unable to prosecute suspect
d25110e2d402e6faa700ece79f5692c5f4029937eb4bceccc9379db7b8e9e332,2018-12,Essex Police,Essex Police,0.709743,51.544690,On or near Police Station,E01015895,Southend-on-Sea 010A,Unable to prosecute suspect
1467299533ba0e9e1b22c29c4016ca1db21547a40c53e2d15abd1c4e6ae607ac,2018-12,Essex Police,Essex Police,0.652747,51.811317,On or near EASTWAYS,E01021362,Braintree 015A,Investigation complete; no suspect identified
84a870ef0d7ad65327a40474df83e96cbfbad1077e546de1f6c4409aba96590c,2018-12,Essex Police,Essex Police,0.081628,51.614128,On or near LECHMERE AVENUE,E01021767,Epping Forest 017D,Investigation complete; no suspect identified
9407a0b47fb625781ea7a9523d30bb898c3ac71628f23fad3be17aef2ba274e6,2018-12,Essex Police,Essex Police,1.151023,51.790144,On or near PIER AVENUE,E01022026,Tendring 016C,Unable to prosecute suspect
df82f07a15da9a68a55ad07a26d83b4776cf42cd6296cc4d124ec8f10d0d5e3d,2018-12,Essex Police,Essex Police,1.194337,51.803977,On or near PRIMROSE ROAD,E01022035,Tendring 012D,Unable to prosecute suspect
df1b8dd53a1ab127e821759c8b4cf77ec6fc703a2525a46cee78aa7d6a695ec2,2018-12,Essex Police,Essex Police,0.925409,51.883226,On or near PERTWEES COURT,E01021685,Colchester 011C,Unable to prosecute suspect
c319c9d28244034960ebdc677ceebb93c6780df51077ca2ba7f7f9348bec299a,2018-12,Essex Police,Essex Police,0.619447,51.579281,On or near Supermarket,E01021949,Rochford 009D,Investigation complete; no suspect identified
f03c8037c50c2ce580daff2bcc8aa4134fa89e4cfbca5cf9ad0ea05fd3abccfe,2018-12,Essex Police,Essex Police,1.030997,51.795811,On or near MERSEA VIEW,E01022046,Tendring 011E,Unable to prosecute suspect
76b1a0614753fa2e2dcb036a2646cceb28c5321f9d942b97d05be1cbd88d456c,2018-12,Essex Police,Essex Police,0.328715,51.634360,On or near KILWORTH AVENUE,E01021467,Brentwood 005F,Investigation complete; no suspect identified
06559429dd18de9266294ee4972edd4b75d0a5af1a9c6fc07e1bdc0f1a17e1ab,2018-12,Essex Police,Essex Police,0.561498,51.565011,On or near GIFFORD ROAD,E01021478,Castle Point 003C,Investigation complete; no suspect identified
359e7d03f2412dc099b386d926a0051eba35fa24397ed0dd1487c2cd4982b6ed,2018-12,Essex Police,Essex Police,0.561498,51.565011,On or near GIFFORD ROAD,E01021478,Castle Point 003C,Investigation complete; no suspect identified
8f05f3805ae5d6b7c0fc094114bd44f05c283d1829f1068e5f06faf24109a971,2018-12,Essex Police,Essex Police,0.709632,51.549622,On or near EAST STREET,E01015899,Southend-on-Sea 010E,Unable to prosecute suspect
7e947ebd001e0d15cf33242882c6466bcd3ba736a28051934ca36c757967238f,2018-12,Essex Police,Essex Police,0.714390,51.538674,On or near Parking Area,E01015852,Southend-on-Sea 015B,Investigation complete; no suspect identified
9d180a711656e470305ebdf38ae3595c03f41e1acdcf1c54d955f1867b694f7b,2018-12,Essex Police,Essex Police,0.244622,51.705144,On or near Supermarket,E01021753,Epping Forest 004A,Investigation complete; no suspect identified
04ab80aaac652297c99e15e2819f89e79518b0ab263a62880d576803941f5644,2018-12,Essex Police,Essex Police,0.676392,51.568966,On or near LUNDY CLOSE,E01015863,Southend-on-Sea 002A,Unable to prosecute suspect
84130439a01e3ddd4e1f3e8da83a8dcd46dc2ce26f933a1a4c8155698affcb23,2018-12,Essex Police,Essex Police,0.387680,51.689976,On or near Park/Open Space,E01021457,Brentwood 002A,Unable to prosecute suspect
ec98ae227a111eef3d73ca0067d2db41d18002d402b3cdaf534ade3ce3e6e191,2018-12,Essex Police,Essex Police,0.511579,51.738256,On or near WEBB CLOSE,E01021545,Chelmsford 008B,Investigation complete; no suspect identified
9d7bf6fc1ad14ff9bf9d224f7ea962db61a79dcd512d4e7892f6bf98f4147a30,2018-12,Essex Police,Essex Police,0.676392,51.568966,On or near LUNDY CLOSE,E01015863,Southend-on-Sea 002A,Unable to prosecute suspect
7a75c7ae3770a67ac42f9f13621e1885e98d888f208073d84a62a66e133e4bc7,2018-12,Essex Police,Essex Police,0.720578,51.533386,On or near LUCY ROAD,E01015841,Southend-on-Sea 014C,Unable to prosecute suspect
db6ffa080827fb9d162b27af996a9b173eb3151a9182ae7db58c5bc3e7778ab6,2018-12,Essex Police,Essex Police,1.073792,51.843195,On or near GEORGE MITCHEL CLOSE,E01021993,Tendring 009C,Investigation complete; no suspect identified
c3609cd5c033f61f33bbe56508c3786117ea982e84caefdc59805ed05a0cbc87,2018-12,Essex Police,Essex Police,0.283199,51.634769,On or near ONGAR ROAD,E01021463,Brentwood 006C,Unable to prosecute suspect
b2e2885beeac57ab19f51e45bc778c0b78ae2987081da89b49dc22f45c4f5159,2018-12,Essex Police,Essex Police,0.387680,51.689976,On or near Park/Open Space,E01021457,Brentwood 002A,Unable to prosecute suspect
32ebcf944e977b49693a6c94923df2c8e3f2cbc5276cbe0a10314fa97a2bfef2,2018-12,Essex Police,Essex Police,0.631674,51.794767,On or near WINDSOR CLOSE,E01033462,Braintree 017H,Investigation complete; no suspect identified
b75be0edcaf41bc84cc62b5824562e68e8f6ac3cb68a5783f53555a0ca7b8a07,2018-12,Essex Police,Essex Police,0.111391,51.706985,On or near GREENACRES,E01021760,Epping Forest 005A,Investigation complete; no suspect identified
395a096d753a2b0ed948fea3828337e2b4e14101726bef63feb6e941e0ff4ce7,2018-12,Essex Police,Essex Police,0.563105,51.877364,On or near MANOR STREET,E01033459,Braintree 009F,Unable to prosecute suspect
672be2779c8653d3c57174258c041ebf376a29b24c80e77f10a511697e221b43,2018-12,Essex Police,Essex Police,0.901260,51.888708,On or near Shopping Area,E01021649,Colchester 007D,Suspect charged
6393dd3df7fe79227b1a398e7a34520af033d1975656005721682184074e4195,2018-12,Essex Police,Essex Police,0.612681,51.621845,On or near Supermarket,E01021943,Rochford 001B,Unable to prosecute suspect
2bb04fad689b270bf203b63194fcf58fe7f66646cfa229e1b665f44487695018,2018-12,Essex Police,Essex Police,1.152103,51.794810,On or near WELLESLEY ROAD,E01022043,Tendring 014B,Unable to prosecute suspect
3eed14905afa78adc578dc54096141255abcc4a59421955ebd38874eb5d9c99e,2018-12,Essex Police,Essex Police,0.683758,51.729574,On or near TAIT MEWS,E01021890,Maldon 004B,Unable to prosecute suspect
ef1c261d4757ead842f0969c21a991e0e22862a0d8001dd5f1ce095b25fdd7f6,2018-12,Essex Police,Essex Police,0.018747,51.734044,On or near TOVEY CLOSE,E01021794,Epping Forest 002D,Investigation complete; no suspect identified
17b7093cd39364657fcfc1a6cf3f7b12fe6c463a67234447c72b7805494ce5f0,2018-12,Essex Police,Essex Police,0.612140,51.515527,On or near SOUTH PARADE,E01021490,Castle Point 012B,Unable to prosecute suspect
601b049d7dd2de2648731cecfd22b149bcd167c4633ca975a119bdf0d38cff79,2018-12,Essex Police,Essex Police,0.488796,51.747240,On or near Supermarket,E01021624,Chelmsford 004F,Investigation complete; no suspect identified
3c91359ef554dc8ea157de8a8d26d4008e9c0b9ca730bb00fcffc7c341b2f746,2018-12,Essex Police,Essex Police,0.283199,51.634769,On or near ONGAR ROAD,E01021463,Brentwood 006C,Unable to prosecute suspect
0c96adacf1b09b942d154f7640206592bef4ba6b0247ab8686f97d87a83d7dbb,2018-12,Essex Police,Essex Police,0.618479,51.640736,On or near MIDDLETON ROW,E01021608,Chelmsford 020D,Unable to prosecute suspect
02f9c020f84562cb9b438b787ad545ffc1c161dca7cf0e43437fe080296ca84b,2018-12,Essex Police,Essex Police,0.691885,51.877364,On or near FABIANS CLOSE,E01021378,Braintree 014B,Suspect charged
d350a176e8985f2af2aca81cd2d36c2965b86d56d8711a5e1322993ed7d29b2d,2018-12,Essex Police,Essex Police,0.618479,51.640736,On or near MIDDLETON ROW,E01021608,Chelmsford 020D,Unable to prosecute suspect
82fb7fbeaff0593cf14fb8dd124c3b7ddaa019650e04117367886c6a32baa65b,2018-12,Essex Police,Essex Police,0.617481,51.643493,On or near Queen Elizabeth Way,E01021613,Chelmsford 019C,Unable to prosecute suspect
990af63c296dcb96b7104d96748597d78e87bb7efbb75e5211ade4d0d767902f,2018-12,Essex Police,Essex Police,0.905946,51.916715,On or near SQUIRRELS FIELD,E01021682,Colchester 004D,Investigation complete; no suspect identified
ffca772b64347977cd3700764eb1d07198d164448933c61784be5af785d26b08,2018-12,Essex Police,Essex Police,0.715320,51.534677,On or near Shopping Area,E01015852,Southend-on-Sea 015B,Investigation complete; no suspect identified
1a9c8d1dee3a21e76f89cef29042acfeaa2bc6a09405fdea65cb715b945609ac,2018-12,Essex Police,Essex Police,0.827388,51.664175,On or near COOMBE ROAD,E01021905,Maldon 006C,Investigation complete; no suspect identified
8ae17256549cc40d094c633acfe0e476fd80ffd40b82e4b4de034063b0458ac5,2018-12,Essex Police,Essex Police,0.110153,51.775189,On or near HALLING HILL,E01021850,Harlow 003B,Unable to prosecute suspect
d1f6bebb0e928d99c32a592351211d8ae2fda586fbd39ad0f268016568a7be70,2018-12,Essex Police,Essex Police,0.524111,51.601489,On or near SINCLAIR WALK,E01021344,Basildon 008D,Unable to prosecute suspect
dc99fb6028b5f8fc5aa3667a76dae43f450fefff1f6881b784b79321ee0987e0,2018-12,Essex Police,Essex Police,0.618479,51.640736,On or near MIDDLETON ROW,E01021608,Chelmsford 020D,Unable to prosecute suspect
11f5fae6d618b0b7cfe98604a7b0f8564e52efdf23db1ad529ad7821d8e334d2,2018-12,Essex Police,Essex Police,0.889135,51.887073,On or near Hospital,E01021652,Colchester 013B,Investigation complete; no suspect identified
9583ff6554097b81cd0b20faca9c14de5e454f901b4787f2c590af3e1fd93c27,2018-12,Essex Police,Essex Police,0.895892,51.905128,On or near HUTLEY DRIVE,E01021680,Colchester 004B,Unable to prosecute suspect
d1896ecc2615ca5fa0191b5a41c5c5e95ce761f1a9bc4f09b9b4e8cad524bdb0,2018-12,Essex Police,Essex Police,0.051740,51.629439,On or near ROUS ROAD,E01021742,Epping Forest 015A,Investigation complete; no suspect identified
e92a1aab9881ca42bfed2114e742fe5258fc3a716646fb78e13713591eaef703,2018-12,Essex Police,Essex Police,0.194365,51.904847,On or near Supermarket,E01022084,Uttlesford 005D,Investigation complete; no suspect identified
4c8748fec8c72012b32ef04f2c529e32b611ef641516152377f3a125fd7afb59,2018-12,Essex Police,Essex Police,1.130224,51.798084,On or near POLSTEAD WAY,E01022031,Tendring 015D,Unable to prosecute suspect
14c87402c4012182c92c9c392cf57c02392fd99b775c04daa4b67b1fa22d797b,2018-12,Essex Police,Essex Police,0.902217,51.858682,On or near LETHE GROVE,E01021639,Colchester 018C,Investigation complete; no suspect identified
1ca10ce41e26e5d20849d6898a2ba547626096b5f1b03e026285438ce99b03b6,2018-12,Essex Police,Essex Police,0.383277,51.791982,On or near BARRACK ROAD,E01021550,Chelmsford 003A,Unable to prosecute suspect
dcff13b929df53f22d54ffee3a04052b425c1d43c2a8c3515530a10c1c3af6f8,2018-12,Essex Police,Essex Police,1.130224,51.798084,On or near POLSTEAD WAY,E01022031,Tendring 015D,Unable to prosecute suspect
09f585e0826fdf9831d639a5142e3ed42be60d4a2568c9c8941269cd9a316def,2018-12,Essex Police,Essex Police,0.383277,51.791982,On or near BARRACK ROAD,E01021550,Chelmsford 003A,Unable to prosecute suspect
64443eb2b6b6c77ea5bd956d09359dfb0c0beeb2dad1c8f758ce993ab33e545a,2018-12,Essex Police,Essex Police,0.713596,51.539394,On or near Nightclub,E01015852,Southend-on-Sea 015B,Unable to prosecute suspect
af1be4b119849ccea7e319c788e5592d5704ab0fb2f3f6d2c0144490d5985e9c,2018-12,Essex Police,Essex Police,0.882982,51.695829,On or near CASEY LANE,E01021907,Maldon 006E,Unable to prosecute suspect
f8aee35772c4ca1e9d67178dd764578b7db60f7464525a5421cbc2bf41b759cc,2018-12,Essex Police,Essex Police,0.508754,51.573876,On or near EASTBROOKS MEWS,E01021304,Basildon 013C,Investigation complete; no suspect identified
99f211174a0ff666ac56546d1a04cb7750a536cf6d93c563813b073422456930,2018-12,Essex Police,Essex Police,0.515047,51.571790,On or near LEIGH FELLS,E01021315,Basildon 018C,Offender given a caution
745923c31db7696b3fcccdb517c967955134ff13175c44ecc8f3a549fdf61a7b,2018-12,Essex Police,Essex Police,0.931060,51.913556,On or near BULLOCK WOOD CLOSE,E01021710,Colchester 022C,Suspect charged
94da04d1c08276fac11382ed5393110d9f31b75173eb3a3073212bdb043e01ca,2018-12,Essex Police,Essex Police,0.966188,51.860278,On or near TURNER CLOSE,E01021739,Colchester 017D,Unable to prosecute suspect
61ea742856075730e09e9bd623d24a6809af08aa6985befce57e68785decd93e,2018-12,Essex Police,Essex Police,0.520508,51.612565,On or near HIGH STREET,E01021331,Basildon 008A,Investigation complete; no suspect identified
f1d9224a81eb4b6da5860dab9345116ab4d69688e56567c8fb9ad5a5acda18a1,2018-12,Essex Police,Essex Police,0.374551,51.491684,On or near SLEEPERS FARM ROAD,E01015938,Thurrock 012F,Investigation complete; no suspect identified
92f67d18314f8284f39d3cf7a959318d96172fe2373d0695de1f955c1fe33bd0,2018-12,Essex Police,Essex Police,0.931567,51.890987,On or near HICKORY AVENUE,E01021699,Colchester 008D,Investigation complete; no suspect identified
6084183a758af2d1fa9693baf0c08a9a179c4c9b178b28129a7292a7e880e519,2018-12,Essex Police,Essex Police,0.895640,51.896024,On or near NORTH STATION ROAD,E01021650,Colchester 007E,Unable to prosecute suspect
98cfac4c2a35560f74b5a44dfd0dc6a65376c38a9b368b04643b38bc14e7adb1,2018-12,Essex Police,Essex Police,0.722299,51.532744,On or near MARINE PARADE,E01015841,Southend-on-Sea 014C,Unable to prosecute suspect
5d3dad200493e24ce4c44755bc0027b6be851931271188719cba4a4a433f874a,2018-12,Essex Police,Essex Police,1.113674,51.858470,On or near WOODLANDS RISE,E01022018,Tendring 007E,Unable to prosecute suspect
70738edd61cf451a227edbd172f587a6b1a95fef7377be04ff5ba3c6d1960121,2018-12,Essex Police,Essex Police,0.449369,51.730811,On or near FOREST DRIVE,E01021631,Chelmsford 009E,Unable to prosecute suspect
72aa3c492d03e61c705d5e730f3c408639abdd38a8534d309468144701dfa9f2,2018-12,Essex Police,Essex Police,0.724546,51.555868,On or near Supermarket,E01015871,Southend-on-Sea 006C,Investigation complete; no suspect identified
bf14f99dd146130cb762ade441041c35c7007ec536b5f1cf2a0aa61e90be4eb5,2018-12,Essex Police,Essex Police,0.707609,51.549075,On or near EAST STREET,E01015861,Southend-on-Sea 004E,Unable to prosecute suspect
fb8805bf83c5676c61e28ce020c9e58520c12024138aff2147c9402578285476,2018-12,Essex Police,Essex Police,0.713176,51.550763,On or near EAST STREET,E01015897,Southend-on-Sea 010C,Unable to prosecute suspect
c42bdad231fc7f7eee414c3e99c7cec8d7ade35cec6261cba74102e8acc431a4,2018-12,Essex Police,Essex Police,0.686458,51.541674,On or near CROWSTONE ROAD,E01015832,Southend-on-Sea 012F,Suspect charged
eab25c75ac7e76df08d637c45ebb1e997f086bef5ebf785e0abfc23c5fde9d3e,2018-12,Essex Police,Essex Police,0.622397,51.580878,On or near ESSEX CLOSE,E01021950,Rochford 008A,Investigation complete; no suspect identified
23f3f9cab158c756cbcaf6edd820bc1cc9aaefd46761a9b371936d2e5b445678,2018-12,Essex Police,Essex Police,0.648079,51.556082,On or near TUDOR GARDENS,E01015819,Southend-on-Sea 003F,Unable to prosecute suspect
c58531ce3d21ec990284fbce5e56197996602da33c59fc059d550e10a50397a4,2018-12,Essex Police,Essex Police,0.473830,51.736629,On or near Chelmsford Police Station,E01033141,Chelmsford 010G,Unable to prosecute suspect
4683194d4ce8a00bd5065529bba3fcd8aa397b07f8806de6491f59ca6182a46e,2018-12,Essex Police,Essex Police,0.475470,51.577551,On or near Petrol Station,E01021272,Basildon 012E,Unable to prosecute suspect
b846be4e10626ba3ec368ae49ed87900a1befcc8f7761f2472b28badd267c347,2018-12,Essex Police,Essex Police,0.289753,51.481266,On or near HEDINGHAM ROAD,E01033611,Thurrock 019C,Unable to prosecute suspect
fb1fb69ce59e6eba15fbf396baa1d0fa5adcbb108348b9429cd3ec2e1078f627,2018-12,Essex Police,Essex Police,0.289753,51.481266,On or near HEDINGHAM ROAD,E01033611,Thurrock 019C,Investigation complete; no suspect identified
9e7d1864aaf27d318c8c3b4ab82a8d13766408c7bda63b35f7250dc7f25c6b5e,2018-12,Essex Police,Essex Police,0.289753,51.481266,On or near HEDINGHAM ROAD,E01033611,Thurrock 019C,Unable to prosecute suspect
ddd34475dabae4d85041829257dbeed3344726612d6b516d8831b710d73a0f12,2018-12,Essex Police,Essex Police,0.920942,51.884039,On or near ST LEONARD'S ROAD,E01021685,Colchester 011C,Unable to prosecute suspect
13513a44fa807e0ac95a07a56278932c149840606f3b8f9382b3f8264266697b,2018-12,Essex Police,Essex Police,0.880032,51.871998,On or near REED HALL AVENUE,E01033723,Colchester 015G,Unable to prosecute suspect
6e9c85a8460d1cb41b456e065b16c017a2f794c827b6a4dc0d2b82067877ed86,2018-12,Essex Police,Essex Police,0.897124,51.887227,On or near CHAPEL STREET NORTH,E01021649,Colchester 007D,Unable to prosecute suspect
f07c2df75615d9306a16c4432cf7306fae1148ce60eb1bb03cb5590a772a7142,2018-12,Essex Police,Essex Police,0.524480,51.861724,On or near TIMBERS CLOSE,E01021385,Braintree 013D,Unable to prosecute suspect
bae4ad042637caa1ca78f3a4d77d2a035f1e501d9f64ba4b32ab3e8b7c6457c9,2018-12,Essex Police,Essex Police,0.699675,51.566858,On or near Parking Area,E01015867,Southend-on-Sea 002E,Unable to prosecute suspect
cf87707240449f67acf30099cf196e3da128a12193b4c8a87567f35aa3806af0,2018-12,Essex Police,Essex Police,0.522405,51.713131,On or near CARD'S ROAD,E01021571,Chelmsford 013E,Investigation complete; no suspect identified
e82bae30a3c414c2d62e4604b2ce543769ef19df3d7d3eb8ebc40c2c1054713b,2018-12,Essex Police,Essex Police,0.631810,51.787137,On or near BAKER WAY,E01033461,Braintree 017G,Unable to prosecute suspect
18fa965bc67aa1d9aa5f4f98020f908d62ee5330e7c690fbedfe66ed0819c14c,2018-12,Essex Police,Essex Police,0.699675,51.566858,On or near Parking Area,E01015867,Southend-on-Sea 002E,Unable to prosecute suspect
9703dd09829503418af85dc37cb877311423c5a99f690961c288ee9cd8647226,2018-12,Essex Police,Essex Police,0.631810,51.787137,On or near BAKER WAY,E01033461,Braintree 017G,Unable to prosecute suspect
2eac519dedf43dc9bbec383e74f0f8feea3f4f2c0ebdcc39b876bdc6bebb1115,2018-12,Essex Police,Essex Police,0.302207,51.620297,On or near HIGH STREET,E01021433,Brentwood 007A,Investigation complete; no suspect identified
d4a5484e6074b9268e082a20b319a7e8328a0142e8bf7af15388cc03077f529f,2018-12,Essex Police,Essex Police,0.321708,51.613744,On or near CHERRY AVENUE,E01021435,Brentwood 008A,Investigation complete; no suspect identified
eb34d675a556a3eaa741b9a9c050dea382a63cd58753d9c998df0bf348eb41f0,2018-12,Essex Police,Essex Police,0.752446,51.542680,On or near BOVINGER WAY,E01015883,Southend-on-Sea 009A,Unable to prosecute suspect
59a7ddae35eb72c1c7ea6ffca4ec894ffc92589105baa826b168746d1719de24,2018-12,Essex Police,Essex Police,0.525148,51.622771,On or near CANEWDON GARDENS,E01021593,Chelmsford 021A,Investigation complete; no suspect identified
6dcdfe05cb7030c7d9e7ccfa36416435ede57229922536e7b99ba28cb1ab3a57,2018-12,Essex Police,Essex Police,0.323113,51.612978,On or near OAKTREE CLOSE,E01021437,Brentwood 008B,Unable to prosecute suspect
2661332da51a8658d6e0104a43646ec850f9f3614ce746148e0848014a812569,2018-12,Essex Police,Essex Police,0.880032,51.871998,On or near REED HALL AVENUE,E01033723,Colchester 015G,Unable to prosecute suspect
ba671b9a7801889bd153a053e2c4ad15a9d2a76d20fb4206faaccc8b4c6cfff2,2018-12,Essex Police,Essex Police,0.588021,51.566803,On or near SIXTH AVENUE,E01021511,Castle Point 002C,Unable to prosecute suspect
dfdccc14e97064f938a4bf5c73ff9ff9aeb43adac9eb916c08109420619dac7b,2018-12,Essex Police,Essex Police,0.226532,51.959690,On or near HOLLOW ROAD,E01022072,Uttlesford 003C,Unable to prosecute suspect
c94dcb871dbcf09665a70556f63aa9e259ff6293574c0d3ed3952756348a2046,2018-12,Essex Police,Essex Police,0.605360,51.650921,On or near CORAL CLOSE,E01021614,Chelmsford 019D,Unable to prosecute suspect
d132dce6facfdcf4259b190219c5b67c1ce943eb6c7e050f86c66273d922382b,2018-12,Essex Police,Essex Police,0.691150,51.544444,On or near Supermarket,E01015902,Southend-on-Sea 007B,Unable to prosecute suspect
0b3a2ad0ba34076a38376b8e105f724ea230f06123be593cd39e0e427d1c7415,2018-12,Essex Police,Essex Police,0.297816,51.602586,On or near GIBRALTAR CLOSE,E01021472,Brentwood 008C,Unable to prosecute suspect
cec774ac9da2a0f2e1b81d0cafb64a12294bcd356c2bb995a8ef02f35d81181e,2018-12,Essex Police,Essex Police,0.499090,51.714313,On or near GREENLAND GARDENS,E01021566,Chelmsford 014D,Investigation complete; no suspect identified
6648898236c8a65bb757226b520aef7e0e0628b57cda7678cc508060f7abddc3,2018-12,Essex Police,Essex Police,0.407665,51.631383,On or near WHINHAMS WAY,E01021246,Basildon 002B,Investigation complete; no suspect identified
5e9130b7df02ae118c7b77a3db6d57fc1388b9264af03a0a287d6be9ebe68d4a,2018-12,Essex Police,Essex Police,0.699078,51.588448,On or near Petrol Station,E01021930,Rochford 007A,Investigation complete; no suspect identified
49755cc6286bc533c0a945eccaf1ed86db36c1160eca28cf45df785fd7fadf74,2018-12,Essex Police,Essex Police,0.887610,51.813165,On or near ST IVES ROAD,E01021694,Colchester 019D,Investigation complete; no suspect identified
2193aaa2f1e47270f0cca68f0f72553d0634da0c61498794924551f67fbcb5b6,2018-12,Essex Police,Essex Police,0.723660,51.537668,On or near SOUTHCHURCH AVENUE,E01015839,Southend-on-Sea 014A,Unable to prosecute suspect
840df5f83f8fa6e7d0628b8de215239733819c1df958b66c64558333975d794f,2018-12,Essex Police,Essex Police,0.479710,51.570590,On or near DENGAYNE,E01021322,Basildon 019A,Investigation complete; no suspect identified
59eda1fb8d29ee325106cedcd403cf7d60d5dcac2e8c82ed479acd7b5419a133,2018-12,Essex Police,Essex Police,0.843201,51.882356,On or near FARRIERS END,E01021720,Colchester 012C,Investigation complete; no suspect identified
d1cfcd2b5923c7433d69812867b67868b601cc96c46fa7227088c0cb03c6256e,2018-12,Essex Police,Essex Police,1.085171,51.776242,On or near SEAVIEW ROAD,E01022045,Tendring 018D,Unable to prosecute suspect
c53931374c07a21f7c0288bc02cabf3f1d4b5228920a94b8a1511d1eab0dff49,2018-12,Essex Police,Essex Police,0.921205,51.890787,On or near HARWICH ROAD,E01021706,Colchester 022H,Unable to prosecute suspect
e2c6f3bc80fc4bee63dd2fc1bb33270b8c1492668e111293e534b4f4560df1a9,2018-12,Essex Police,Essex Police,0.246083,52.022886,On or near EAST STREET,E01022081,Uttlesford 002F,Unable to prosecute suspect
ffa348ea5211bf0a6e79f3d8db26d66688f4975975c833c7c3b834a925a4f9b8,2018-12,Essex Police,Essex Police,0.910040,51.879956,On or near CANTERBURY ROAD,E01021684,Colchester 011B,Action to be taken by another organisation
6af38e9ba7c1f9117b0fead2f17f4e5694593ccb14933272f68ab7d38275c0e9,2018-12,Essex Police,Essex Police,0.634403,51.814715,On or near BRONTE ROAD,E01021418,Braintree 015C,Unable to prosecute suspect
dc5a26cfda335b1d807f563b0b4361fb2955213db3170ec077472a0ebbff0fcc,2018-12,Essex Police,Essex Police,-0.011977,51.743785,On or near OLD NAZEING ROAD,E01023292,Broxbourne 004D,Unable to prosecute suspect
bfc901b9d6e536c47648da5c793ddd22d97d811385b99b9f1e38cd56c3917819,2018-12,Essex Police,Essex Police,0.599190,51.576161,On or near Petrol Station,E01021531,Castle Point 002E,Investigation complete; no suspect identified
86d7975094f8bf7ccee08e37613a5d922e5601e9ce032797d1fcd21270642c1d,2018-12,Essex Police,Essex Police,1.271384,51.927535,On or near Park/Open Space,E01022005,Tendring 004E,Local resolution
6fdd1096e86bc5ce810f30c97392f4f3b747e5949e00713dcbfe4b01f8c37a1d,2018-12,Essex Police,Essex Police,0.092811,51.774150,On or near Supermarket,E01021843,Harlow 004E,Unable to prosecute suspect
edc5414b30770e841e4eaa4854ac3acfb8f61a722eb9083170fea8a0d7d535ba,2018-12,Essex Police,Essex Police,0.871899,51.881173,On or near REMBRANDT WAY,E01021689,Colchester 014A,Unable to prosecute suspect
c74af716c2a61dbe458160ac5b588aa0ae1ed46c806b0e61cf17399f68d1bbec,2018-12,Essex Police,Essex Police,0.906436,51.859909,On or near PEBMARSH CLOSE,E01021641,Colchester 018E,Unable to prosecute suspect
73160f3cc7275fd1b715facc1087f5ee9208941c2ada1d69bb07be4c1c9b3218,2018-12,Essex Police,Essex Police,0.691346,51.537254,On or near Parking Area,E01015851,Southend-on-Sea 015A,Suspect charged
9ae9353347c644323270826e47f0e4049f9955201d60636c82b11a05ef7e94a0,2018-12,Essex Police,Essex Police,1.025030,51.808521,On or near SYDNEY STREET,E01021982,Tendring 011D,Unable to prosecute suspect
007ba0a4d4914b7c3ee6917c9db74450c6827457a613d3e61c85beccb49f4bc9,2018-12,Essex Police,Essex Police,0.713778,51.584358,On or near MORNINGTON AVENUE,E01021952,Rochford 007C,Investigation complete; no suspect identified
fa4ebfca893d37c227937cdaf19a1876e3995d29a6dc61b8f606d57f66ed5571,2018-12,Essex Police,Essex Police,0.527145,51.618924,On or near WHITELANDS CLOSE,E01021334,Basildon 005A,Unable to prosecute suspect
aebcbf29277fc9012a5ad62c1359419bd6bc98b6da5a3c27c2230b0883a1309c,2018-12,Essex Police,Essex Police,0.485409,51.561566,On or near SOUTH CROCKERFORD,E01021325,Basildon 019D,Unable to prosecute suspect
f7354a7c74a84d241b9bcf8bb86fe6752ec6721bb623ebc9f09557e552a625af,2018-12,Essex Police,Essex Police,0.517023,51.622415,On or near HASLEMERE ROAD,E01021338,Basildon 005C,Investigation complete; no suspect identified
52df3dddf9d5203785146f1e22ed42720a4487032a6533131d8ce3ea6d0f5b0c,2018-12,Essex Police,Essex Police,0.699378,51.542600,On or near BALMORAL ROAD,E01015896,Southend-on-Sea 010B,Unable to prosecute suspect
a0e9bed5dae9b75ab057780eea7ac1d9a422b2abbdd4663b9f022e0768cdc913,2018-12,Essex Police,Essex Police,0.354700,51.462622,On or near BROADWAY,E01016003,Thurrock 018A,Suspect charged
bfb8979a88af95b6c9a89cc53d2f363dd7d89b6b5a4e283fdcf85d2fe3dc90dd,2018-12,Essex Police,Essex Police,0.713778,51.584358,On or near MORNINGTON AVENUE,E01021952,Rochford 007C,Investigation complete; no suspect identified
1d74386ebdb9cd53ed2941660117580f6e486fb19a28052df5407d57bb97501d,2018-12,Essex Police,Essex Police,0.623744,51.804576,On or near BURE DRIVE,E01021427,Braintree 016C,Unable to prosecute suspect
92da3a4c95e7e3fb59d2755033efd92a77513c5926d4f85553cf5b2fde382ebe,2018-12,Essex Police,Essex Police,0.591323,51.715777,On or near HOYNORS,E01021572,Chelmsford 016E,Investigation complete; no suspect identified
5e2ce3515b595fa7eeefceaf07a41a748daa42621fd2d05408da9bfe946a38ea,2018-12,Essex Police,Essex Police,0.715773,51.533579,On or near PIER HILL,E01015852,Southend-on-Sea 015B,Unable to prosecute suspect
f3604ced5326068be3329a749bd898a7b5bf24a512d23684f7e6ff10001eb4b0,2018-12,Essex Police,Essex Police,0.724423,51.546563,On or near ELY ROAD,E01015869,Southend-on-Sea 006A,Unable to prosecute suspect
0ef6a7420666e0f716e8467d74abcff030c984f0d2a85921945a053d0b9b797c,2018-12,Essex Police,Essex Police,0.739857,51.550403,On or near LINCOLN CHASE,E01015886,Southend-on-Sea 009D,Offender given a drugs possession warning
c90ce7a69f63292570bf5bea52f29a6263252e4025d789d990d9a1833fdb52ec,2018-12,Essex Police,Essex Police,0.494384,51.735601,On or near CAVENDISH GARDENS,E01021628,Chelmsford 008E,Action to be taken by another organisation
3bf57582dec8e2eb4071724c33cf336a5d64f2fbcc1ee169e75a0ca6f4aee6af,2018-12,Essex Police,Essex Police,1.134644,51.792588,On or near Supermarket,E01022032,Tendring 015E,Suspect charged
3fb88e05bdedcbbccf2c055eecafebcd20e346cfd7793d1b105427c07f726649,2018-12,Essex Police,Essex Police,0.001105,51.693314,On or near MARLE GARDENS,E01021812,Epping Forest 009B,Investigation complete; no suspect identified
7698e2742f852da90498b6927385a593bd18e4234d76adb6964ca52b2061a9db,2018-12,Essex Police,Essex Police,0.595813,51.563753,On or near KINGSMERE,E01021529,Castle Point 006D,Action to be taken by another organisation
62f1c0cd61c7ff3357fcc54964339993cd7588bc4be450a1f1cbe49ad4032886,2018-12,Essex Police,Essex Police,1.245127,51.832995,On or near CONNAUGHT AVENUE,E01021986,Tendring 006B,Unable to prosecute suspect
04b11bb6876b850d5cefba03dd8df01ef4283a73b6db8d9f559462302a543efb,2018-12,Essex Police,Essex Police,0.905583,51.879797,On or near Supermarket,E01021684,Colchester 011B,Investigation complete; no suspect identified
f6b23ae948f9781ae57f3ae5b16b71d7d8850c8bd5ae616fce194a95a6ef914f,2018-12,Essex Police,Essex Police,0.699327,51.586319,On or near ROCHE AVENUE,E01021930,Rochford 007A,Investigation complete; no suspect identified
d5e0a84a358f2505fae5bbf7935f7334d16dab5d870718c7b92d6877e01a4d62,2018-12,Essex Police,Essex Police,0.700723,51.794495,On or near BRAXTED LANE,E01021882,Maldon 002A,Investigation complete; no suspect identified
748992e1536628402c90804c21cf9dfa57351099678f982ce08830b28481170a,2018-12,Essex Police,Essex Police,0.320050,51.489654,On or near GRAYS END CLOSE,E01015958,Thurrock 009B,Unable to prosecute suspect
838c10e979add9adb3eb3797ffcdede0f7ad1c879034aa17c7803817dfdb9c3e,2018-12,Essex Police,Essex Police,0.465038,51.552005,On or near A176,E01021299,Basildon 020E,Investigation complete; no suspect identified
939445358a3479a1a190084d54f73f4b1b665a9c89d7993408523a12fabe397c,2018-12,Essex Police,Essex Police,0.704419,51.560723,On or near THORNFORD GARDENS,E01015866,Southend-on-Sea 002D,Unable to prosecute suspect
4057cd15ace2ce8dd6d8460a4647ca8986ee66b4d0ad17cbb84b30a268ee3cc9,2018-12,Essex Police,Essex Police,0.129053,52.019844,On or near B1039,E01022098,Uttlesford 003E,Investigation complete; no suspect identified
0982e47ad405ae2b461ca6e733ed72996620a4ab9d47560a356b1e11b5f27816,2018-12,Essex Police,Essex Police,1.083186,51.798788,On or near CLINTON CLOSE,E01022045,Tendring 018D,Unable to prosecute suspect
95a69e90ab93b2377268e3bfe42ae48259e3de9f92c2f0622becba4b81e14ba5,2018-12,Essex Police,Essex Police,0.066872,51.656861,On or near RECTORY COURT,E01021786,Epping Forest 012A,Local resolution
b9d38665c119f96528ea7694ea0e41ea8943c3987f6049a84168cee280440b9b,2018-12,Essex Police,Essex Police,0.499503,51.580459,On or near LITTLEBURY GREEN,E01021307,Basildon 011C,Investigation complete; no suspect identified
e0a2b127258931c018e0042d13586ed1e009b15e0ca2758790587f96ca0a408b,2018-12,Essex Police,Essex Police,0.221278,51.869847,On or near DUNMOW ROAD,E01022059,Uttlesford 009A,Investigation complete; no suspect identified
80b5f48919c1030a3d37fc406cc8e5233ea7ecdcd2b3df6a0c67f8c1bb0c1229,2018-12,Essex Police,Essex Police,0.476747,51.570509,On or near CLAYBURN CIRCLE,E01021320,Basildon 015D,Unable to prosecute suspect
bdc9e9da472882cc703d6473f0ca533729a39124226ef766f8c86bcca2a42c3e,2018-12,Essex Police,Essex Police,0.254456,51.498866,On or near NEW MALTINGS,E01015921,Thurrock 015A,Unable to prosecute suspect
8b5cd555205b3bf2d2cfeddf6ca71906387b73c029593f770db3a4b8f1ee25b9,2018-12,Essex Police,Essex Police,0.095939,51.770326,On or near Parking Area,E01021872,Harlow 007E,Investigation complete; no suspect identified
00527da9a086cb4c83c7284c5938163819bce1e4e9e7a2b7a8e0756485b036ed,2018-12,Essex Police,Essex Police,0.372042,51.467219,On or near DICKENS AVENUE,E01016007,Thurrock 018E,Unable to prosecute suspect
022e04d1088634b6087bd8dd158c58465e33efadd6260b76bcf28ccb667b178c,2018-12,Essex Police,Essex Police,0.138642,51.761491,On or near BURLEY HILL,E01021825,Harlow 005B,Investigation complete; no suspect identified
2a068ff9d432f28f45d28096240e4fe04df17e13e75725510bd7278662f64a13,2018-12,Essex Police,Essex Police,0.695119,51.541061,On or near Supermarket,E01015855,Southend-on-Sea 015E,Unable to prosecute suspect
aaf186219e4c88c420fef6e806e8eb455d72c14ea7147c06960d14589d60b074,2018-12,Essex Police,Essex Police,0.670275,51.728110,On or near GREENWAYS CHASE,E01021892,Maldon 004D,Investigation complete; no suspect identified
0e91404ef0c2f7ad1b6dc0fd0afb19dd0238520ea153e81f187231b214d0a620,2018-12,Essex Police,Essex Police,0.011028,51.683145,On or near ROUNDHILLS,E01021808,Epping Forest 008B,Unable to prosecute suspect
eadb74c1f3236e076c2e1dfe04c690e752a686a3e58c475e97eb57dc4ff028ac,2018-12,Essex Police,Essex Police,0.491014,51.713567,On or near READERS COURT,E01021565,Chelmsford 014C,Local resolution
99c1039b53ed0d733d9e82c220fbde0f6f3fe254d4c9188bb2b731b64ed829c9,2018-12,Essex Police,Essex Police,0.610528,51.762638,On or near PEVEREL AVENUE,E01021396,Braintree 018D,Investigation complete; no suspect identified
d4fc7dac3d9f5592bfb536764333a231610d75a2d811eb2fb498681f630054c4,2018-12,Essex Police,Essex Police,0.374921,51.461378,On or near AUSTEN CLOSE,E01016005,Thurrock 018C,Unable to prosecute suspect
9962425cc4275e033bb39c89505e9903963a3094e35feadc420cc798c48cfa87,2018-12,Essex Police,Essex Police,0.374921,51.461378,On or near AUSTEN CLOSE,E01016005,Thurrock 018C,Unable to prosecute suspect
dbd8d6deb09fb88e6be9cbce33a084de5fb7bcc5cac509e4800206be6adf7bcb,2018-12,Essex Police,Essex Police,1.033652,51.845704,On or near STATION ROAD,E01022053,Tendring 009D,Investigation complete; no suspect identified
ad393765091be90abbb8dc7b964aa649e03efe35fa485cfe94847e2daf2cde57,2018-12,Essex Police,Essex Police,0.013174,51.682595,On or near THE DALE,E01021808,Epping Forest 008B,Unable to prosecute suspect
0ade818ef9a28778680d4276fda6d489b736844696ef2cde5259d113beae2486,2018-12,Essex Police,Essex Police,0.770499,51.529537,On or near PENTLAND AVENUE,E01015919,Southend-on-Sea 017F,Investigation complete; no suspect identified
b0f237a860006c7495a653f5c99c6fef0292cc0c55f7f29d88d470d80ceeb9ca,2018-12,Essex Police,Essex Police,1.021273,51.809391,On or near Police Station,E01021982,Tendring 011D,Investigation complete; no suspect identified
47c46be7c10a9e81cfc8ba22867fc0664f146df6ef30b56c5382fef306f9b5bf,2018-12,Essex Police,Essex Police,0.459707,51.571362,On or near NORTH GUNNELS,E01021318,Basildon 015C,Investigation complete; no suspect identified
da36208f7a1e0626f5d131d3c7b5f3909c17b608bc36da51d98e82fe289a7c0f,2018-12,Essex Police,Essex Police,0.094104,51.777661,On or near GLADWIN WAY,E01021843,Harlow 004E,Investigation complete; no suspect identified
59a4a9ccdd5924899738c6c78dc47351e188e7834ec7e65daee831ae8625ea32,2018-12,Essex Police,Essex Police,1.127436,51.799508,On or near NAYLAND DRIVE,E01022030,Tendring 015C,Unable to prosecute suspect
6fe2e107a61165e9291bac37736930398f2f376b50def8b171673ffc77a0529a,2018-12,Essex Police,Essex Police,0.290289,51.511787,On or near ALDHAM DRIVE,E01015976,Thurrock 007F,Unable to prosecute suspect
a38f0a3575feee09b4818ee981a72bf19505cf5c732b8f97803eded5f3851488,2018-12,Essex Police,Essex Police,0.699378,51.542600,On or near BALMORAL ROAD,E01015896,Southend-on-Sea 010B,Unable to prosecute suspect
44a20b25094e5f5af8bcb7fae4875f9126a195dd5861755b132c525badd2e55e,2018-12,Essex Police,Essex Police,0.637897,51.809448,On or near Petrol Station,E01021416,Braintree 017B,Offender given a drugs possession warning
8687f6aa79115c175086f015d13dc1c0285655de6b59d1e2479f6379003987bb,2018-12,Essex Police,Essex Police,0.270445,51.486039,On or near Parking Area,E01016012,Thurrock 015C,Investigation complete; no suspect identified
ed56095cce89035c171450999407c85653911d049d1513ca388250b72786f27a,2018-12,Essex Police,Essex Police,0.794465,51.533097,On or near FRIARS STREET,E01015877,Southend-on-Sea 013B,Investigation complete; no suspect identified
b948b99d7e62d61f425251e5d199a03cd7370fb98b10ab95bbc53d2119225bc9,2018-12,Essex Police,Essex Police,0.667456,51.543286,On or near Supermarket,E01015829,Southend-on-Sea 012C,Unable to prosecute suspect
8e5ef2f990eb4a08e7d07bde45f8046820d27a05c594c9daaaee9b9113aafbd3,2018-12,Essex Police,Essex Police,0.649788,51.540071,On or near ALLEY DOCK,E01015848,Southend-on-Sea 011D,Unable to prosecute suspect
0b7758f5fe7e38b21c8f9bf747aaad20c19418635e4f869bf3890ada5549fa21,2018-12,Essex Police,Essex Police,0.582053,51.515465,On or near MAGNOLIA CLOSE,E01021500,Castle Point 012E,Unable to prosecute suspect
14ee5ab9b05576eb8cca298b04c77c298b63bd2b37c4f8204c9b6988c2a89e96,2018-12,Essex Police,Essex Police,0.020599,51.689185,On or near EDWARD COURT,E01021814,Epping Forest 007C,Unable to prosecute suspect
51da56870ea82235a8eb8f5740252ce069954cb37b0b687a5cbac02aceff4966,2018-12,Essex Police,Essex Police,0.874004,51.879314,On or near NORMAN WAY,E01021689,Colchester 014A,Unable to prosecute suspect
403e52fdb147b01ab047e18c3743fe673a4f7381ed8d5cbd9d9327f8a8315819,2018-12,Essex Police,Essex Police,1.167499,51.815173,On or near WOODLANDS CLOSE,E01021984,Tendring 010A,Unable to prosecute suspect
34ca4445df660e01dbcfb58f0c07e78ace105f7cafdd6f7c87f3b0e251710635,2018-12,Essex Police,Essex Police,0.874004,51.879314,On or near NORMAN WAY,E01021689,Colchester 014A,Investigation complete; no suspect identified
8e5a07865fc6401ed0de47a7b1a1248a5c53d2030debf421acfc509d92df32de,2018-12,Essex Police,Essex Police,0.874004,51.879314,On or near NORMAN WAY,E01021689,Colchester 014A,Unable to prosecute suspect
17da94219c33c831ea9516b82211e97aaf7d2b06432184ad1fce610bf624f7d0,2018-12,Essex Police,Essex Police,0.345374,51.497217,On or near KERRY ROAD,E01015963,Thurrock 010A,Local resolution
7148f74b65a4af302675c1a296577079dc4de389f6691211dcce8c34758e95af,2018-12,Essex Police,Essex Police,0.371596,51.480817,On or near GIFFORDSIDE,E01015933,Thurrock 012A,Action to be taken by another organisation
a978acc983153a81545724659111f143fd29420b339ac0b4b06efb5358382d0c,2018-12,Essex Police,Essex Police,1.139751,51.794268,On or near ST OSYTH ROAD,E01021969,Tendring 017B,Unable to prosecute suspect
c004b9d5c7eed4300b0cecdaa344ebab3b7d15faf311973608ea22aa49043640,2018-12,Essex Police,Essex Police,0.460775,51.569775,On or near Parking Area,E01021318,Basildon 015C,Investigation complete; no suspect identified
a26d9677c18bd08c2eb749ec9b066945ff99849b5d6e575a1eb2a19516eb8d14,2018-12,Essex Police,Essex Police,0.264850,51.609036,On or near Petrol Station,E01021468,Brentwood 006D,Unable to prosecute suspect
c03d5b4713b2a3f3e3f3ec50d6301a802bf39e3998c87dcf97035ff461340bb0,2018-12,Essex Police,Essex Police,0.490801,51.578647,On or near CANTERBURY CLOSE,E01021271,Basildon 013A,Local resolution
cdda151499e807f47ee21cca017724b7ac9c3bff7386efddd72305481ffe273e,2018-12,Essex Police,Essex Police,0.627148,51.848359,On or near Parking Area,E01021360,Braintree 012A,Investigation complete; no suspect identified
c5aaa48fe2d4318b1514bb59087dd0fa393a3eff02ea34dd31cef7128446fec3,2018-12,Essex Police,Essex Police,0.092664,51.777866,On or near NEWSTEAD WAY,E01021843,Harlow 004E,Investigation complete; no suspect identified
d197ec10928a9788538852eae51560eb683a16c73e66fcfebc4381efab0447c5,2018-12,Essex Police,Essex Police,0.718637,51.542191,On or near SUTTON ROAD,E01015895,Southend-on-Sea 010A,Unable to prosecute suspect
246c8066f759802ed307391500c0d2b078faee330114a6b4803a025f419626a4,2018-12,Essex Police,Essex Police,0.688170,51.743881,On or near EVEREST WAY,E01021888,Maldon 003E,Unable to prosecute suspect
e8e205c14fc43c353a2644f98f4dbe6a16f6928dc86a54ab1d003a5786c8da22,2018-12,Essex Police,Essex Police,0.039654,51.770885,On or near TEMPLE MEAD,E01021801,Epping Forest 002E,Unable to prosecute suspect
9616b89a10010edbd75095db9735cccbe65fa724a943c21b2572015cc716d589,2018-12,Essex Police,Essex Police,0.695119,51.541061,On or near Supermarket,E01015855,Southend-on-Sea 015E,Investigation complete; no suspect identified
65525b3a405b766f4c9ed3b54f662aa0ce578487bba1b354a6a7a21656cbf028,2018-12,Essex Police,Essex Police,0.450369,51.731896,On or near DANE ROAD,E01021632,Chelmsford 011B,Unable to prosecute suspect
df80f485e3e97c19f3bab269b254d009d6964dd25c34935a3d8874255ba77d1b,2018-12,Essex Police,Essex Police,0.101550,51.696074,On or near LOWER BURY LANE,E01021763,Epping Forest 005D,Investigation complete; no suspect identified
aafce06cc293204475ce8fa92bcbed59923764f83309b3f541f2333ffa99157c,2018-12,Essex Police,Essex Police,0.482633,51.563046,On or near DEWSGREEN,E01021323,Basildon 019B,Unable to prosecute suspect
fb4ad9724a39b86b5d118c84a4b2eee9825b9828017d0d0bcace2988e8f9fbbe,2018-12,Essex Police,Essex Police,1.160885,51.795321,On or near WALTON ROAD,E01022049,Tendring 014D,Action to be taken by another organisation
b6c4d12aca9bf5a36c1be71a8e8ab6eda7845e2c420693a42966cc16410e60a9,2018-12,Essex Police,Essex Police,0.113251,51.699983,On or near STAR LANE,E01021757,Epping Forest 006B,Investigation complete; no suspect identified
63ad8f1aa9e1b528ce2037572e52675a5b2245efc36efdb05b1c276e85bb5117,2018-12,Essex Police,Essex Police,0.088035,51.646082,On or near LENTHALL ROAD,E01021776,Epping Forest 011C,Unable to prosecute suspect
78e7cc30182a9351e032584a656ffee99a2f392d8ea0c26bd9c339a7334fd364,2018-12,Essex Police,Essex Police,0.899183,51.910173,On or near Hospital,E01021682,Colchester 004D,Action to be taken by another organisation
c318fc263d4aecad052fed5e3c00dfbc0268ef8acb72d07886fb35238feba480,2018-12,Essex Police,Essex Police,0.258541,52.027431,On or near DE VIGIER AVENUE,E01022077,Uttlesford 001C,Unable to prosecute suspect
a1d79c3408ae0c132e4db0d7aeb9d2e340ba198b110f6936be03ca4145e2fb7a,2018-12,Essex Police,Essex Police,0.310644,51.490245,On or near CAMDEN ROAD,E01033614,Thurrock 020E,Investigation complete; no suspect identified
7dd1dad18bb10be09b6e84303456dec5563f97f6ced245bf80de83aa1119c115,2018-12,Essex Police,Essex Police,0.679909,51.545583,On or near LONDON ROAD,E01015832,Southend-on-Sea 012F,Investigation complete; no suspect identified
f64ad6ab414f0799aa4d79aa3389790b5213f9d6a584dd4604ce34e8d3299b37,2018-12,Essex Police,Essex Police,0.202722,51.746575,On or near WIND HILL,E01021796,Epping Forest 003B,Suspect charged
f64ad6ab414f0799aa4d79aa3389790b5213f9d6a584dd4604ce34e8d3299b37,2018-12,Essex Police,Essex Police,0.202722,51.746575,On or near WIND HILL,E01021796,Epping Forest 003B,Suspect charged
9e7d80657cf79914f93ca215afca974318b59726df8909f4f555fb785d9d7810,2018-12,Essex Police,Essex Police,0.735718,51.540328,On or near OAKLEIGH AVENUE,E01015884,Southend-on-Sea 009B,Investigation complete; no suspect identified
be052c0c4313ccc67f8a37422955e67537d8805b6017e182c5976985bbe0ec46,2018-12,Essex Police,Essex Police,0.328663,51.630809,On or near Supermarket,E01021465,Brentwood 005D,Investigation complete; no suspect identified
fc07d9fb5cb402977c219e1e2f622daecd88928f4bb45a6b81540204eb789fe2,2018-12,Essex Police,Essex Police,0.928291,51.879728,On or near KING EDWARD QUAY,E01021685,Colchester 011C,Investigation complete; no suspect identified
a8975506f39d0d43b34664114048d2ac8176877981f4b8149df6c5c4efae7223,2018-12,Essex Police,Essex Police,0.098456,51.759284,On or near TENDRING ROAD,E01021870,Harlow 006E,Unable to prosecute suspect
b89f7e389ea7039dc0cfaa80296114843312073d3bfd93063c07b59c41bbc14b,2018-12,Essex Police,Essex Police,0.297322,51.628261,On or near ROBIN HOOD ROAD,E01021431,Brentwood 004A,Investigation complete; no suspect identified
bfe3ebfa75bd9fe315ff4bc13e0e3e7260b1b4e931f58858246c5aaae2ce96f7,2018-12,Essex Police,Essex Police,0.613827,51.520570,On or near HORNSLAND ROAD,E01021492,Castle Point 009A,Local resolution
bbbbfc73b7cdc0fccc39200410332c46b08964b26aae2c39b6349152f3d9af7c,2018-12,Essex Police,Essex Police,0.061542,51.642639,On or near HOGARTH REACH,E01021772,Epping Forest 013B,Investigation complete; no suspect identified
d58f680fc180cba42c60e0d142a0de1ada9dbc11295a1a1b3ecbdfc4cfff5260,2018-12,Essex Police,Essex Police,0.463432,51.757172,On or near NORFOLK DRIVE,E01021588,Chelmsford 006B,Unable to prosecute suspect
639ef5b31636b43b26b7cf78d44f12f41807fc088da84519856cd0ae35f9d7dc,2018-12,Essex Police,Essex Police,0.349063,51.639126,On or near PINE CRESCENT,E01021452,Brentwood 003E,Unable to prosecute suspect
e67967716461c852c02c2577bddf5c71173647e5f4b1fbadbca04d5812b0499c,2018-12,Essex Police,Essex Police,0.349063,51.639126,On or near PINE CRESCENT,E01021452,Brentwood 003E,Unable to prosecute suspect
cbb2396f4b4b78e2901702d8c6d75dbe271a04bb524326bdb55dddcf4e1effb3,2018-12,Essex Police,Essex Police,0.329461,51.916809,On or near ABBEY VIEW,E01022092,Uttlesford 004A,Unable to prosecute suspect
54036f7fabf2350651a69c39038fb2e4dad867c946d761eb337d04b47515ddd9,2018-12,Essex Police,Essex Police,0.326841,51.614415,On or near THE BROAD WALK (NORTH),E01021437,Brentwood 008B,Unable to prosecute suspect
cebbcbff32bf42478bce7a99ed7bf4a23da012d43ce4fe1204dda8a4776da033,2018-12,Essex Police,Essex Police,0.689690,51.557833,On or near COLEMANS AVENUE,E01015859,Southend-on-Sea 004C,Investigation complete; no suspect identified
a12439a08079fbfd6ab6ef3dc53d57b44a3befc7ead326767152ff4b4c04e289,2018-12,Essex Police,Essex Police,0.682300,51.554360,On or near HOLMSDALE CLOSE,E01015858,Southend-on-Sea 004B,Investigation complete; no suspect identified
403c39547aeca1b19a6a6415c9f4c1d897ae373b9d1ca549d6cdd65853079742,2018-12,Essex Police,Essex Police,1.136094,51.803018,On or near FINER CLOSE,E01022024,Tendring 015B,Unable to prosecute suspect
41b0e2e7cef9d298d7e5af9ecb33c1bcfb28ca2467c403b5215be54a51c134b1,2018-12,Essex Police,Essex Police,1.066906,51.945771,On or near THE WALLS,E01022020,Tendring 003F,Investigation complete; no suspect identified
f1c24aac33fa41f0b2f08393ba340a6eec9a2f0f9485e1b3b522267db6e5c2a2,2018-12,Essex Police,Essex Police,0.286401,51.613960,On or near MANOR WAY,E01021438,Brentwood 006A,Unable to prosecute suspect
3d3edaf8529a6d667d8b49f482763048d37daa8c9a6f2eb3ff0013eb950ed7c2,2018-12,Essex Police,Essex Police,0.500938,51.570832,On or near Pedestrian Subway,E01021305,Basildon 013D,Action to be taken by another organisation
084f8ff6b55b437bce2a248deb9a7c4932e8f010c306ded00d239066d3904ad2,2018-12,Essex Police,Essex Police,1.268786,51.928812,On or near KRESWELL GROVE,E01022005,Tendring 004E,Unable to prosecute suspect
610e1fb66adc6c0d9ba5931246257f123e0ef9913c59404fe4b92d2ade076625,2018-12,Essex Police,Essex Police,0.736768,51.608017,On or near SCOTTS HALL ROAD,E01021915,Rochford 004A,Unable to prosecute suspect
f544f6eccb3cc74f2097137217911c6fb102bb25e8198194b84eb09c4b15a16b,2018-12,Essex Police,Essex Police,0.002803,51.669176,On or near THE GRANGE,E01021806,Epping Forest 009A,Investigation complete; no suspect identified
c1886db2d382664c1d99407a64cf368412a111cda71765781d8aeed66c7cc7e7,2018-12,Essex Police,Essex Police,1.153340,51.787393,On or near Nightclub,E01022025,Tendring 016B,Unable to prosecute suspect
f80b0b3dcf8026003979ef83a4eeb44ba9245279688b043d26e7742f135de7d7,2018-12,Essex Police,Essex Police,0.700166,51.552736,On or near JONES CLOSE,E01015861,Southend-on-Sea 004E,Unable to prosecute suspect
ad3a2883d0dc197010c31ea5f3576e65d784154ebf76e0d7e84e0974705f34eb,2018-12,Essex Police,Essex Police,0.493970,51.753857,On or near FORSYTHIA CLOSE,E01021620,Chelmsford 004D,Unable to prosecute suspect
26679f9208472b119419e4d2ef63e82a3f645edb8e6edc91144f262f7bd35504,2018-12,Essex Police,Essex Police,0.107407,51.757945,On or near HOOK FIELD,E01021822,Harlow 006C,Suspect charged
009220f0ce479d94f9074cb58fa1f91aa2aaf57b443bdfeb2642d609e04e501b,2018-12,Essex Police,Essex Police,0.443008,51.749262,On or near CHILTERN CLOSE,E01021597,Chelmsford 003B,Investigation complete; no suspect identified
0bcc1e9e590f80ab183355d1894f4e01a2c61116c93b2cd223f9ff8e5f0387d0,2018-12,Essex Police,Essex Police,0.053404,51.634931,On or near FELSTEAD ROAD,E01021785,Epping Forest 014D,Offender given a caution
b3bd90db254fa1ee499194e45d2ef1ecebe46d401032b45227b8c8382d296662,2018-12,Essex Police,Essex Police,1.134644,51.792588,On or near Supermarket,E01022032,Tendring 015E,Suspect charged
a1284657dd9087ff632d2e27e695c349a1e01edae8a3867d0483fbd18356140e,2018-12,Essex Police,Essex Police,0.053404,51.634931,On or near FELSTEAD ROAD,E01021785,Epping Forest 014D,Unable to prosecute suspect
4770e445d77d06e55eafd6a637c206598b43900f7385c3c002b0ae5abd4def8b,2018-12,Essex Police,Essex Police,0.466439,51.574162,On or near LONGACRE,E01021266,Basildon 015A,Unable to prosecute suspect
36bae69825a854be20915961df912962d86e94c3912cf02196b7942fdeeb13df,2018-12,Essex Police,Essex Police,1.258434,51.936934,On or near PARKESTON ROAD,E01022007,Tendring 002D,Unable to prosecute suspect
17f72d6ad388f32d25efe4bc65e73de0a29b6a5128b2473e37b699121c9253b2,2018-12,Essex Police,Essex Police,0.461621,51.777417,On or near WOODLANDS WAY,E01021542,Chelmsford 002A,Unable to prosecute suspect
ded40d3fb8a3ca60bff44ac0a0abd24f837e2388a8eb476353c0bd301c2fed89,2018-12,Essex Police,Essex Police,0.428935,51.569953,On or near FOXGLOVE COURT,E01021288,Basildon 016B,Unable to prosecute suspect
766841ecbba367d151ecf00bd1cc1b8e4bc721c7b64fae6bb74f9f1781684aca,2018-12,Essex Police,Essex Police,0.485242,51.563000,On or near MIDDLE CROCKERFORD,E01021323,Basildon 019B,Unable to prosecute suspect
ab20c7f647179ec6f853edc66c253e84af7537cc3c865aefe1c448a759ee2f90,2018-12,Essex Police,Essex Police,0.101956,51.754464,On or near FIVE ACRES,E01021871,Harlow 007D,Investigation complete; no suspect identified
806ad5c50c1b00958f41d5242a1958e3621909e9a08b7541cb9a577a756c1ebe,2018-12,Essex Police,Essex Police,1.031103,51.816638,On or near BELLFIELD AVENUE,E01021979,Tendring 011A,Suspect charged
1b25cebfe46afe306881b67ffd5149f40161715f0599162d01002aa9c8b34486,2018-12,Essex Police,Essex Police,1.031103,51.816638,On or near BELLFIELD AVENUE,E01021979,Tendring 011A,Suspect charged
c0d64f8c85ec26da87586c99c831a8311f85bc9b34341c60d37cd820adac258f,2018-12,Essex Police,Essex Police,0.485775,51.562988,On or near CLAY HILL ROAD,E01021325,Basildon 019D,Unable to prosecute suspect
31c6dd17e28a82e7de438bdcc053db98ba8c43c2a6196a9a0bbd051d0f285a5c,2018-12,Essex Police,Essex Police,0.046514,51.622489,On or near LIME CLOSE,E01021744,Epping Forest 015C,Unable to prosecute suspect
5532658b4c6621eab01bafebcdc2eb800d15dcebc68ee02352e2a8bab191cfe3,2018-12,Essex Police,Essex Police,0.691263,51.745222,On or near Supermarket,E01021888,Maldon 003E,Unable to prosecute suspect
c062f87185d21ded7a68452b21b9d93efa9bcee40cf8d05acab84eeb1f813106,2018-12,Essex Police,Essex Police,0.413811,51.637453,On or near Supermarket,E01021252,Basildon 002E,Investigation complete; no suspect identified
c7600f21e2018b1a84b97e755a226dd57cc8d69e55728f6e4145c86f84e1f9f5,2018-12,Essex Police,Essex Police,0.099011,51.752817,On or near SOUTHERN WAY,E01021858,Harlow 010B,Investigation complete; no suspect identified
2a4e587140579432bdf5bbcc3c34dcd59489e1376910fe022180dad8f5e4361c,2018-12,Essex Police,Essex Police,0.815316,51.836126,On or near MILL LANE,E01021644,Colchester 019B,Unable to prosecute suspect
9757a0f5338a54698b8c2afe1d4e0d0d23c0626e4ab1101192fd64a0eb612bb5,2018-12,Essex Police,Essex Police,0.332699,51.487973,On or near TENNYSON AVENUE,E01015960,Thurrock 014A,Unable to prosecute suspect
44751753edc463a439f0d6e9346ec1b72b90421efefe05b066c5fcbf166d48af,2018-12,Essex Police,Essex Police,0.722696,51.536008,On or near OLD SOUTHEND ROAD,E01015841,Southend-on-Sea 014C,Unable to prosecute suspect
4b85660935fa9eb22084f2d536ff7555f3337be23c97cb37f8e00d274e6ac7ee,2018-12,Essex Police,Essex Police,0.355394,51.878289,On or near THE MEAD,E01033055,Uttlesford 007E,Unable to prosecute suspect
fa3331b8112c99291e38d37bdd9fa0a4f589265936dac42cd2639751ab1947be,2018-12,Essex Police,Essex Police,0.462186,51.721478,On or near Petrol Station,E01021556,Chelmsford 012A,Unable to prosecute suspect
06824e5a24312e3255ee21456088b250b29b3dda13c347363081a33c52640eb2,2018-12,Essex Police,Essex Police,0.552125,51.901299,On or near MEWS COURT,E01021355,Braintree 007D,Action to be taken by another organisation
9c25a06ffdc646707b07a8729e66d7762105a17e0de9f713a1a0c46da80b27a1,2018-12,Essex Police,Essex Police,0.466253,51.737400,On or near Parking Area,E01021574,Chelmsford 010A,Investigation complete; no suspect identified
a75c64949658ebadb106e436c49cdcf2e908705c6ffdef04dcb2682bacbf47c1,2018-12,Essex Police,Essex Police,0.332699,51.487973,On or near TENNYSON AVENUE,E01015960,Thurrock 014A,Unable to prosecute suspect
ca7c370837c9f6eebb37674e751c85243e544243313f7a5df000bbec9b44b912,2018-12,Essex Police,Essex Police,0.565974,51.523282,On or near SECOND AVENUE,E01021486,Castle Point 010B,Unable to prosecute suspect
23037f51d40c5035f897972791a2593024c49d0c67e9ed51eb8c803bc05fb0d2,2018-12,Essex Police,Essex Police,0.109228,51.781779,On or near Shopping Area,E01021845,Harlow 002B,Suspect charged
b78177edc1c1256319e2ace907899e68670453d6ab279e27e21d0479ff803e81,2018-12,Essex Police,Essex Police,0.466253,51.737400,On or near Parking Area,E01021574,Chelmsford 010A,Investigation complete; no suspect identified
e9479ea77e5fc751ab35506688c883fde21457a24a32b649beafa037d03f897b,2018-12,Essex Police,Essex Police,0.581491,51.568449,On or near Parking Area,E01021512,Castle Point 004D,Investigation complete; no suspect identified
3b3ff00d3b6ab453d8c5e94da2eb1882e4d6c80a42d95c5810956781de74ca60,2018-12,Essex Police,Essex Police,0.097001,51.781044,On or near Parking Area,E01021853,Harlow 003E,Investigation complete; no suspect identified
c064e069b8cde92d92015716715f454aa8a7b0f4210540dd26a2f255c427c7d7,2018-12,Essex Police,Essex Police,0.112455,51.757441,On or near Supermarket,E01021823,Harlow 006D,Investigation complete; no suspect identified
e96c4c5f9cc5c937263d147e17bb910e4a2c07062fb9df24d41e77e4e778826e,2018-12,Essex Police,Essex Police,0.456349,51.565299,On or near TAKELY END,E01021297,Basildon 020D,Investigation complete; no suspect identified
a2f804e7ff7353917774af29f5473dac86f84eb9a2d6302dce2a96711d7cc77a,2018-12,Essex Police,Essex Police,0.112455,51.757441,On or near Supermarket,E01021823,Harlow 006D,Investigation complete; no suspect identified
6681ed882b7c399186c821ca0b35f6f79d0093bd9ae7ef362333244593ccd557,2018-12,Essex Police,Essex Police,0.550085,51.866046,On or near Further/Higher Educational Building,E01021371,Braintree 013B,Further investigation is not in the public interest
3d22cec2857f32de152d4eb5b1db400541923054c009cbf53b0dbfdc4ba87363,2018-12,Essex Police,Essex Police,1.158318,51.802162,On or near BULL HILL ROAD,E01022043,Tendring 014B,Investigation complete; no suspect identified
d2f03e1ec2b54bb2a5830b7eceb994241d2a191ba44da0a1096845977ee57477,2018-12,Essex Police,Essex Police,0.928291,51.879728,On or near KING EDWARD QUAY,E01021685,Colchester 011C,Investigation complete; no suspect identified
f8c6b97fa3efb5f979e5d5d58e91b6fd9b013eb1b3644054c070505292482454,2018-12,Essex Police,Essex Police,1.258434,51.936934,On or near PARKESTON ROAD,E01022007,Tendring 002D,Unable to prosecute suspect
20724a04abb5ebb32a48ef6f5f3ee4cef9046c6d8af1848ce41ed922fae48190,2018-12,Essex Police,Essex Police,0.720616,51.537397,On or near HASTINGS ROAD,E01015841,Southend-on-Sea 014C,Unable to prosecute suspect
2a6e7d8665dd3c47a21093608426c720a67643c52177fa8209fe4373ca205e55,2018-12,Essex Police,Essex Police,0.720616,51.537397,On or near HASTINGS ROAD,E01015841,Southend-on-Sea 014C,Unable to prosecute suspect
ab468db360b2a7a15719907ef385481136ef0ddba85955a62481168cd0c248c4,2018-12,Essex Police,Essex Police,0.961726,51.863322,On or near HARVEY ROAD,E01021739,Colchester 017D,Investigation complete; no suspect identified
74bffce97ca7a5d20243f318e0f587c7757952fb51629591a6adee715599d534,2018-12,Essex Police,Essex Police,1.258434,51.936934,On or near PARKESTON ROAD,E01022007,Tendring 002D,Unable to prosecute suspect
a9d3850594cb07f8a8626012a4768cf4c4c7f02d1502ed995bdecd0685909299,2018-12,Essex Police,Essex Police,1.258434,51.936934,On or near PARKESTON ROAD,E01022007,Tendring 002D,Unable to prosecute suspect
b94ce659dd427d670df51ace46ffbff1a355d75c56cc5315d0ccf12fb2202bfe,2018-12,Essex Police,Essex Police,0.320050,51.489654,On or near GRAYS END CLOSE,E01015958,Thurrock 009B,Unable to prosecute suspect
b22d35a550899748302c29cbe5a136c6a65f5939151ea7eef50da641cb8d5442,2018-12,Essex Police,Essex Police,0.329135,51.476551,On or near Sports/Recreation Area,E01015952,Thurrock 017B,Offender given a caution
6204ba61f213fa77a7e99f0a8ede5a50dc47582f46f7c5d02ab2aa9322b6e65e,2018-12,Essex Police,Essex Police,0.720616,51.537397,On or near HASTINGS ROAD,E01015841,Southend-on-Sea 014C,Unable to prosecute suspect
15192ea4d5463a4ffb52b430535042389bceae8b174e80e53124625669e87f6c,2018-12,Essex Police,Essex Police,0.928291,51.879728,On or near KING EDWARD QUAY,E01021685,Colchester 011C,Investigation complete; no suspect identified
6b98d30248a530acee976eaddf99d7dd2d22884728d5ea70c21cf6ca149d5106,2018-12,Essex Police,Essex Police,0.243915,51.698737,On or near COOPERS HILL,E01021754,Epping Forest 004B,Investigation complete; no suspect identified
9891ce9ffc7b4c3af631987afa47413c580ca32b4725d77a73240f0d68e01c47,2018-12,Essex Police,Essex Police,1.152809,51.812195,On or near CHANTRY CLOSE,E01022039,Tendring 010B,Suspect charged
a046363e8c0028ca0c6804cd2e294b06916138536aea67f8adff7a741accc45a,2018-12,Essex Police,Essex Police,0.686468,51.538175,On or near STATION ROAD,E01015828,Southend-on-Sea 012B,Unable to prosecute suspect
7bb5c3b72010d8c4565425574b2c8d177792b1b447f85b343966770ca6b09c36,2018-12,Essex Police,Essex Police,1.152809,51.812195,On or near CHANTRY CLOSE,E01022039,Tendring 010B,Unable to prosecute suspect
eb4c5590833d657fb5cc0ded82cc8f1c01099e9a94d8e0ec1c51fffe1cb6157a,2018-12,Essex Police,Essex Police,0.505657,51.565066,On or near HIGH ROAD,E01021316,Basildon 018D,Investigation complete; no suspect identified
9c7e3c7dbb2350e50b39e0a564014f6ce1a365315d701aa7da2b7b759126b7e6,2018-12,Essex Police,Essex Police,0.728458,51.542161,On or near STROMNESS ROAD,E01015843,Southend-on-Sea 014E,Unable to prosecute suspect
f228e4b4b6e23bceab17a80bcc6f6a00ed9adace2ec38eacdb79148c90b3101a,2018-12,Essex Police,Essex Police,0.686468,51.538175,On or near STATION ROAD,E01015828,Southend-on-Sea 012B,Unable to prosecute suspect
686ce27d6a593910309eb72ce160f3ee38377910cf06fe194260ed90f58d6819,2018-12,Essex Police,Essex Police,1.139815,51.793106,On or near WINDSOR AVENUE,E01022032,Tendring 015E,Unable to prosecute suspect
f9d2aa664fcc72ed536a1cb72c4a6a407bcdd0b8bac84fd55fd64f76fa8c5dc8,2018-12,Essex Police,Essex Police,1.152809,51.812195,On or near CHANTRY CLOSE,E01022039,Tendring 010B,Unable to prosecute suspect
990314b0c2d7a98954c7c1f65243823ef2f7140ce30cdb8d95bbb9e70a4f22a7,2018-12,Essex Police,Essex Police,1.152809,51.812195,On or near CHANTRY CLOSE,E01022039,Tendring 010B,Unable to prosecute suspect
1ec69875677101a80a30231cc44a365ac2dfc37dc19d91c40210ee276b59c15f,2018-12,Essex Police,Essex Police,0.997331,51.860064,On or near B1027,E01021967,Tendring 009A,Unable to prosecute suspect
888f6316819ac9f45e03393125273f9889100ce1a525864f063070bfa0fbcd9f,2018-12,Essex Police,Essex Police,0.997331,51.860064,On or near B1027,E01021967,Tendring 009A,Unable to prosecute suspect
ce31872eaaaab5dd801a5a8a3792dbe7f92c2ac0b2459eeb061c83af89ae6564,2018-12,Essex Police,Essex Police,0.286401,51.613960,On or near MANOR WAY,E01021438,Brentwood 006A,Unable to prosecute suspect
c5530b8f8a4b3a917108cf1763f307368ca7eb3a0ec6f2c227788d7665bc6e9f,2018-12,Essex Police,Essex Police,0.092670,51.767966,On or near COLLEGE SQUARE,E01021872,Harlow 007E,Unable to prosecute suspect
ccfba8c87216b5c03dd43467e34eefbf6e72092636010fba7f4ef7a44a08390a,2018-12,Essex Police,Essex Police,0.160226,51.532061,On or near OVAL ROAD NORTH,E01000089,Barking and Dagenham 020D,Action to be taken by another organisation
bcdfa1b27fc29017295822d7beb2d352fb6f148dd29cd6db3d3fbf004fefe79f,2018-12,Essex Police,Essex Police,0.899363,51.891759,On or near STOCKWELL,E01021649,Colchester 007D,Unable to prosecute suspect
756d4475d964c3f17858c31a317ddc6458f0d61978bc6050d91c1f0bf605f25e,2018-12,Essex Police,Essex Police,0.488889,51.724692,On or near MEADGATE AVENUE,E01021563,Chelmsford 014B,Suspect charged
874bec4e4bf925ebbce70f1bade5654bfca645f62fbcbc961202742132929bd1,2018-12,Essex Police,Essex Police,0.470207,51.740590,On or near RECTORY LANE,E01021574,Chelmsford 010A,Unable to prosecute suspect
ff33b3e84b35492a12143668dc3b6666144f4ea200122d6156f171bc8243983b,2018-12,Essex Police,Essex Police,0.357310,51.461302,On or near DOCK ROAD,E01016003,Thurrock 018A,Unable to prosecute suspect
2239cb388b547f4d163aa712346c8fc239abb4163d3415d02966181d61018a95,2018-12,Essex Police,Essex Police,0.568327,51.525380,On or near SEVENTH AVENUE,E01021507,Castle Point 010E,Investigation complete; no suspect identified
b0f9ac8cc43e8d3512a9a629eeca12c3a3e9ff025c178f8a38cff0df33041ac3,2018-12,Essex Police,Essex Police,0.341620,51.569534,On or near SANDERSON CLOSE,E01021446,Brentwood 009B,Local resolution
9232b73edb795906156a089fa113c13af206eea5095fee7fa77440636c2e1b74,2018-12,Essex Police,Essex Police,0.367091,51.479496,On or near LEA ROAD,E01015935,Thurrock 012C,Unable to prosecute suspect
5f6790f3647300bc6aba75bfe72e5a44c6fef2efdf76153035ab0dd55c1945c5,2018-12,Essex Police,Essex Police,0.093567,51.769182,On or near Shopping Area,E01021872,Harlow 007E,Investigation complete; no suspect identified
d90f902655e78d508d0605f5f456c9bed7276576c481aaa97e541d45c1a94f64,2018-12,Essex Police,Essex Police,0.599190,51.576161,On or near Petrol Station,E01021531,Castle Point 002E,Unable to prosecute suspect
fe09c077f1ee5ca3274f48d4d6cbd1398f7bf34f7aed30fa8e83a6a7c89a9fe9,2018-12,Essex Police,Essex Police,0.533951,51.578236,On or near POUND LANE,E01021312,Basildon 011F,Unable to prosecute suspect
fcfcd8adb47999d1aa457058298cde5b49430a3c97bfe8c676b098ebc1dd3160,2018-12,Essex Police,Essex Police,,,No location,,,Unable to prosecute suspect
00ebb8f1916f0f907e45620293a7bca348e34916210fe0ae1328442671673f3c,2018-12,Essex Police,Essex Police,0.253459,51.485377,On or near BATON CLOSE,E01015921,Thurrock 015A,Investigation complete; no suspect identified
1ed3e009fe33c0dd2d805ff68b067155ece205d81798125092d52a85e269fed9,2018-12,Essex Police,Essex Police,0.280735,51.512405,On or near ERNAN CLOSE,E01015972,Thurrock 006C,Unable to prosecute suspect
0ca6869216101b2e2a9839d34c4d52fddcdc648b631c2590ee760173ecf17a7e,2018-12,Essex Police,Essex Police,1.148149,51.793234,On or near OLD ROAD,E01022026,Tendring 016C,Unable to prosecute suspect
65bdaac304a599a7283645356fda62cb9fb24a1a559c6ad6b73370afa82688e6,2018-12,Essex Police,Essex Police,0.443284,51.751972,On or near MALVERN CLOSE,E01021601,Chelmsford 003E,Unable to prosecute suspect
fb8c6cc739e478e9cbaf73f3241e11b753e35e01931672082d62621c5b99f929,2018-12,Essex Police,Essex Police,1.276917,51.936573,On or near Supermarket,E01022001,Tendring 001D,Suspect charged
52c1c2e10a05572631bff2cc5661d8bb79fc9d8e9cc3564f72532a7735d9a681,2018-12,Essex Police,Essex Police,0.505331,51.735026,On or near ASHTON PLACE,E01021548,Chelmsford 013A,Unable to prosecute suspect
12b667d6946e42812610030fcce7487b8ecdf75fcf1edcc1a7086e27d150d543,2018-12,Essex Police,Essex Police,0.775746,51.534971,On or near LONGSANDS,E01015917,Southend-on-Sea 017D,Unable to prosecute suspect
1a2ac8e0b9bae05f1d73ba616c01c778995261e920c5705c37097c1b8aed3de6,2018-12,Essex Police,Essex Police,0.483727,51.559560,On or near STURROCKS,E01021325,Basildon 019D,Unable to prosecute suspect
515ca29e5c83e9694c98cb41e1be4b9d11cc47adc76122856f2e7eaf682126f8,2018-12,Essex Police,Essex Police,0.453480,51.570171,On or near Parking Area,E01021318,Basildon 015C,Investigation complete; no suspect identified
cafd640d49a87cfff284ca8c11e3662420447fbf377bc76d220306d70e99a8ca,2018-12,Essex Police,Essex Police,0.660648,51.601089,On or near GLADSTONE ROAD,E01021936,Rochford 003D,Unable to prosecute suspect
92c884073f1b52f69188edaf640006317af6d966afe9d957ad908b1772a1fe98,2018-12,Essex Police,Essex Police,0.678742,51.548317,On or near ST GEORGE'S PARK AVENUE,E01015905,Southend-on-Sea 007E,Unable to prosecute suspect
a5ddf4f461738fcd76126126ebd71855279432b7c5421f8ef13026a42571ef20,2018-12,Essex Police,Essex Police,0.678742,51.548317,On or near ST GEORGE'S PARK AVENUE,E01015905,Southend-on-Sea 007E,Unable to prosecute suspect
74a4dfda1161a3e6be8b4da54a23de4f1899c2138e71df6a83b0a390c7e0fc7e,2018-12,Essex Police,Essex Police,0.280735,51.512405,On or near ERNAN CLOSE,E01015972,Thurrock 006C,Unable to prosecute suspect
50bf8dd38c4a388e7590dbda7e107bf1fc6e67bec78a59f745c060aa8951fbc4,2018-12,Essex Police,Essex Police,0.462186,51.721478,On or near Petrol Station,E01021556,Chelmsford 012A,Investigation complete; no suspect identified
78c32269b76445a4e09f638d0422c9dae163e5f99a68fd468da24eff39ad652e,2018-12,Essex Police,Essex Police,0.678389,51.567580,On or near COMET WAY,E01015863,Southend-on-Sea 002A,Investigation complete; no suspect identified
59aaf51eed66e9b8e1e4b637bb5bff13e98c8a2bc1ea850235df1ab807e9dd7f,2018-12,Essex Police,Essex Police,0.282026,51.488629,On or near Parking Area,E01016011,Thurrock 015B,Investigation complete; no suspect identified
40e9ba7d14ee706af86f31f9dedef38450b334d66463f04b3f62ff8a5cb5dd3f,2018-12,Essex Police,Essex Police,0.444657,51.730162,On or near EXMOOR CLOSE,E01021631,Chelmsford 009E,Unable to prosecute suspect
106e916afe273cc86e14629565da8ce5ceab7e76b1080e8b486c89a3e99afdfc,2018-12,Essex Police,Essex Police,1.160885,51.795321,On or near WALTON ROAD,E01022049,Tendring 014D,Offender given a caution
5eac405a550066654b64d7ab9c4e7c6ba3ab279256165983dd449fe2461e21fa,2018-12,Essex Police,Essex Police,0.444657,51.730162,On or near EXMOOR CLOSE,E01021631,Chelmsford 009E,Unable to prosecute suspect
1a1b32e855bb8c9522982743e024e683145c81f4d68b680b79df278cdabad2df,2018-12,Essex Police,Essex Police,1.085171,51.776242,On or near SEAVIEW ROAD,E01022045,Tendring 018D,Unable to prosecute suspect
5e240cf5d9e38c95884b56055f6aad57111132edcbeca30e61d53d1b485cc909,2018-12,Essex Police,Essex Police,0.110153,51.775189,On or near HALLING HILL,E01021850,Harlow 003B,Local resolution
7934126a462d7067bcf5ca77840ccb31899ec23d598425e8a1a87915afe486ce,2018-12,Essex Police,Essex Police,0.895004,51.886362,On or near BUTT ROAD,E01021683,Colchester 011A,Unable to prosecute suspect
be662cb19620d0b4748e76258836d1053e888f38ad9085129cb0786005c06bbb,2018-12,Essex Police,Essex Police,0.456959,51.570727,On or near Shopping Area,E01021318,Basildon 015C,Unable to prosecute suspect
60e708e8e67c7cdc4bd575d4f0dad612fecae60770a3e3f4e3e735340b0897aa,2018-12,Essex Police,Essex Police,0.323992,51.477085,On or near Shopping Area,E01015954,Thurrock 017D,Unable to prosecute suspect
e561c9c5e03c56065fb2ddece014ca8ec64c17ae8e7dce5d7ca78ae9d9f66fbe,2018-12,Essex Police,Essex Police,0.486307,51.721176,On or near SEARLE CLOSE,E01033137,Chelmsford 014F,Unable to prosecute suspect
9a42283323e831552939a3dede69a2366cb0227c0413d31e7a102f92b19f048c,2018-12,Essex Police,Essex Police,0.117296,51.785653,On or near Petrol Station,E01021848,Harlow 002E,Unable to prosecute suspect
9afc3b6272742bf2c64ea33edf56bb5dba202522e2e6a2b7292338ff99b1c256,2018-12,Essex Police,Essex Police,0.511187,51.575065,On or near CHARLTON CLOSE,E01021314,Basildon 018B,Unable to prosecute suspect
5e0083e9e5d907d047ec2e8212f81fd9e7b0a638927d2aa08992ce958607a7b9,2018-12,Essex Police,Essex Police,0.724916,51.543475,On or near BRANKSOME ROAD,E01015843,Southend-on-Sea 014E,Unable to prosecute suspect
173e33a8f04f678008baed64410b2b1bf9250d13ed5bd36c23133b9da30310a5,2018-12,Essex Police,Essex Police,0.456959,51.570727,On or near Shopping Area,E01021318,Basildon 015C,Suspect charged
74e8d177b08341e5a9d58cc51ddfa1030576394e65da56767977f6d65833f135,2018-12,Essex Police,Essex Police,1.160885,51.795321,On or near WALTON ROAD,E01022049,Tendring 014D,Offender given a caution
fd9ad5d9181c03acdadfce0f26a627a74a04e587a5c673121c83ff5f73294703,2018-12,Essex Police,Essex Police,0.116751,51.688166,On or near STEWARDS CLOSE,E01021759,Epping Forest 006D,Unable to prosecute suspect
aaa2c277f60d952f84f064d2d405c9d6fae5c3a11f9df502cc0531b2473289be,2018-12,Essex Police,Essex Police,0.807218,51.927090,On or near PLUMMERS ROAD,E01021660,Colchester 003A,Unable to prosecute suspect
b06ee731e7bb23a287a85aa8b5f11af75986aa1a6023cdfff1d749e4ca95a769,2018-12,Essex Police,Essex Police,0.463590,51.579932,On or near GHYLLGROVE CLOSE,E01021268,Basildon 015B,Action to be taken by another organisation
e457f01216d2c674eb793a6bcdf7c277d0662095adb877124cd49c71ecb4967d,2018-12,Essex Police,Essex Police,0.276744,51.478030,On or near FIFTH AVENUE,E01016012,Thurrock 015C,Investigation complete; no suspect identified
8486b9fb8cc656f0bdcd201fee1d3c4471898ea37d7f25cc8124f8ce270f8e2e,2018-12,Essex Police,Essex Police,0.285766,51.510112,On or near GALEY GREEN,E01015976,Thurrock 007F,Unable to prosecute suspect
6d99101efa485cbf8395424b1b566bfe446205a61141742210edc415a6e2cca1,2018-12,Essex Police,Essex Police,0.285766,51.510112,On or near GALEY GREEN,E01015976,Thurrock 007F,Unable to prosecute suspect
23bc0102d0ec266a6747c71052e91152c74d4e022b86da3f71d1d3c29633bf74,2018-12,Essex Police,Essex Police,0.324242,51.496442,On or near FIELDWAY,E01015994,Thurrock 009D,Unable to prosecute suspect
cb2ca2b67bfc2a968e426f62fbf4f1a3a0c12d1dd1bd72dc83a5b15beb201ae0,2018-12,Essex Police,Essex Police,0.892280,51.888974,On or near CROWHURST ROAD,E01021646,Colchester 007A,Unable to prosecute suspect
a1bc03c8ee5efb1702f128655511cc950e302878e2da342758fa65dc138fc9a6,2018-12,Essex Police,Essex Police,0.079667,51.649576,On or near IBBETSON PATH,E01021776,Epping Forest 011C,Unable to prosecute suspect
10d066d50b4aa9913de88684c86addc1239bf37096c6033c8afad88ca1b0291b,2018-12,Essex Police,Essex Police,0.434043,51.567500,On or near BOSTOCHE CLOSE,E01021288,Basildon 016B,Unable to prosecute suspect
080aa18ff28e21e0a87df3310d2076e9a210c620c0681448ca1d16c010861ed3,2018-12,Essex Police,Essex Police,0.068337,51.655379,On or near MAPLE GATE,E01021786,Epping Forest 012A,Unable to prosecute suspect
e9bea06c470dc508a5a7d5ea27ab4ae7a6561bdf996e1a5e215cc578950a995b,2018-12,Essex Police,Essex Police,0.898530,51.887615,On or near ST JOHN'S STREET,E01021649,Colchester 007D,Unable to prosecute suspect
df05a284c2da6864294872bdc41c3342fb3975df22b9df985caa6ed976527a42,2018-12,Essex Police,Essex Police,0.148734,51.782367,On or near CHURCHGATE STREET,E01021857,Harlow 001D,Unable to prosecute suspect
6cb4782a7281edd0f789542ef768a3f896ca7e31187f7bbc9ab5c7bf1bede384,2018-12,Essex Police,Essex Police,1.129371,51.796650,On or near LANGHAM DRIVE,E01022031,Tendring 015D,Unable to prosecute suspect
4f5d4ff8a28da86c8b82bc4489f8c71770347c9ef60a22656618c67ca46a73e8,2018-12,Essex Police,Essex Police,0.372233,51.485606,On or near ST MARY'S ROAD,E01015934,Thurrock 012B,Action to be taken by another organisation
8c61fcbefd56b1f9690c01a45f635f7fbc8a5f595246798705be0259b149d109,2018-12,Essex Police,Essex Police,0.030938,51.624693,On or near Petrol Station,E01021745,Epping Forest 015D,Unable to prosecute suspect
63c8d8cae57869c32e9bacb2885e7f7b12a04c1559ab65247ebf4b5070d6ee12,2018-12,Essex Police,Essex Police,1.136122,51.808441,On or near ABINGER CLOSE,E01021975,Tendring 013A,Unable to prosecute suspect
721b5e612b7c3ef2c4197efcb7a2319eaaf9365581a56f30b1839de276b5c638,2018-12,Essex Police,Essex Police,0.599683,51.578209,On or near Petrol Station,E01021966,Rochford 008F,Investigation complete; no suspect identified
e62271e1abd302e2851a4a1f0c853560f0aeee9f6c17b26c8c00cf23ec92ddd9,2018-12,Essex Police,Essex Police,0.368407,51.482653,On or near Petrol Station,E01015934,Thurrock 012B,Local resolution
51fe29d8b92b91fcda122d7361eab732ff8d57addd3df2f1b6c497d8cd61b947,2018-12,Essex Police,Essex Police,0.732557,51.548946,On or near RYLANDS ROAD,E01015870,Southend-on-Sea 006B,Suspect charged
7ee81ce94341d47d5a3e7100faceb15f70643b51a4e4184540a3d181dc50d815,2018-12,Essex Police,Essex Police,0.346604,51.630974,On or near BROOKFIELD CLOSE,E01021448,Brentwood 003A,Investigation complete; no suspect identified
7419fe486b983af8f662d61dc43e794d1f0880ecbdeeb6d84acdf21251c6bcdb,2018-12,Essex Police,Essex Police,0.590821,51.580249,On or near PENDOWER,E01021963,Rochford 008D,Investigation complete; no suspect identified
7ba22b03d7d15fea5b09e4b1fe48ca10e3db417ca9a9a6e373a6ccf624231983,2018-12,Essex Police,Essex Police,0.082820,51.643936,On or near CHIGWELL LANE,E01021773,Epping Forest 013C,Investigation complete; no suspect identified
ff9197e984988ec79d546d8646116f161b407e71cfd674bd698b7206f66aab64,2018-12,Essex Police,Essex Police,0.462186,51.721478,On or near Petrol Station,E01021556,Chelmsford 012A,Suspect charged
681acff45bcdee1bff695c1db6a3f86c9d016c7cbee62318108c96d7048cb98c,2018-12,Essex Police,Essex Police,0.602080,51.515553,On or near ROGGEL ROAD,E01021500,Castle Point 012E,Unable to prosecute suspect
08419078ff68990e2356a9ee09a34e7a73b5d5356ea7887e556ff0ab46dac5e8,2018-12,Essex Police,Essex Police,0.436259,51.567661,On or near CLIFFORD CLOSE,E01021288,Basildon 016B,Unable to prosecute suspect
4c2c1a3ed48f7f7e77306cd32f3826c05d992269306b538c6aeec4c6d74fdda6,2018-12,Essex Police,Essex Police,0.663340,51.610570,On or near RUSSET WAY,E01021940,Rochford 003H,Offender given a caution
bf42e5b96955126a09f27df8baf365cd5cdc58faf8db93ab2ba075655b0efe59,2018-12,Essex Police,Essex Police,0.427226,51.569835,On or near POPPY GARDENS,E01021286,Basildon 016A,Unable to prosecute suspect
407f3f3a4387b63755296910ec118a8507a7e3c511986fe30e2ff0b96aecdd24,2018-12,Essex Police,Essex Police,0.663340,51.610570,On or near RUSSET WAY,E01021940,Rochford 003H,Offender given a caution
7df85e4e13e8956af423331dceeda967aa68a3e3901321955f1b339d7deb6d29,2018-12,Essex Police,Essex Police,0.663340,51.610570,On or near RUSSET WAY,E01021940,Rochford 003H,Offender given a caution
f1cdabe9a953bd054d68cd45715035900991b9c130b7adec03e9e6765e81a75e,2018-12,Essex Police,Essex Police,0.473482,51.731591,On or near BARRACK SQUARE,E01033140,Chelmsford 010F,Unable to prosecute suspect
9ed986a2814fc0d073f9651a3e9c472ddb338e145258d52fe4eca582262f3a50,2018-12,Essex Police,Essex Police,0.713438,51.535279,On or near ALEXANDRA STREET,E01015852,Southend-on-Sea 015B,Unable to prosecute suspect
f1d4f944fcb3333d0dd6e5be8cf2a8dff9feedf17cb7c7c09c85f77ceafe1c8b,2018-12,Essex Police,Essex Police,0.270445,51.486039,On or near Parking Area,E01016012,Thurrock 015C,Investigation complete; no suspect identified
f2281a2e22de0a05eba312db5e5d2aec22503f2ec3bf08a38ae07e90f4b59a4a,2018-12,Essex Police,Essex Police,0.552537,51.878313,On or near MARKET PLACE,E01033459,Braintree 009F,Unable to prosecute suspect
8b40c155245e80317a33b94761aae01cc9a62a1dc525dd32ea9ed15b22b501eb,2018-12,Essex Police,Essex Police,0.611886,51.552388,On or near LONDON ROAD,E01021518,Castle Point 006B,Unable to prosecute suspect
e45845f97541237a6f1d8068184f41590a206d8ff8a573608fd7ca4b947e32a5,2018-12,Essex Police,Essex Police,0.036477,51.624507,On or near WOODSIDE,E01021745,Epping Forest 015D,Investigation complete; no suspect identified
09368bd9fee2c22a94a5cc7738631463e692ea9ab503a7c6c30294dd973f2c73,2018-12,Essex Police,Essex Police,0.072960,51.622348,On or near LEE GROVE,E01021751,Epping Forest 016C,Investigation complete; no suspect identified
32705dc0c73ea9baa73775bc3c7fbd3a9d88f71325be865781403b2d7acf383b,2018-12,Essex Police,Essex Police,0.430366,51.730495,On or near ST JOHN'S GREEN,E01021633,Chelmsford 011C,Unable to prosecute suspect
9286f9ffce136555dc7054ae777d1e2705f88286d9fb8c9ad4c0d2ede1b0defb,2018-12,Essex Police,Essex Police,0.640458,51.943200,On or near ST ANDREWS ROAD,E01021388,Braintree 004B,Investigation complete; no suspect identified
f5a78edf65ce84112f4b36d0b9e250a1f86ae45cd0219faee17f51ab863748bc,2018-12,Essex Police,Essex Police,0.868435,51.869907,On or near HAZELL AVENUE,E01021715,Colchester 015E,Unable to prosecute suspect
12b6327e7fb1a73774309d52cb1fb71e76bea9c6cdd4be3fc3430d68046dda65,2018-12,Essex Police,Essex Police,0.082897,51.648143,On or near VERE ROAD,E01021776,Epping Forest 011C,Investigation complete; no suspect identified
1ae2d70795f5b885e655e07b69df831e9767e598056aa113b3041426353c45b7,2018-12,Essex Police,Essex Police,0.297875,51.619779,On or near WESTERN GARDENS,E01021434,Brentwood 004C,Investigation complete; no suspect identified
5708e4d354ea069158f93f00093a8df2004d77028c3050944689538a12b07439,2018-12,Essex Police,Essex Police,0.513588,51.611238,On or near Supermarket,E01021329,Basildon 006B,Unable to prosecute suspect
886109452cdb55926b5c4c6a0354dfb4e09a8ff605d9823fbbfe5e9d0d55b646,2018-12,Essex Police,Essex Police,0.919605,51.890323,On or near EAST STREET,E01021706,Colchester 022H,Unable to prosecute suspect
6de51b83cbf214c8c6037724545ee1343deb648b6db10d5cf3fc52ec25e5c84e,2018-12,Essex Police,Essex Police,0.479589,51.728594,On or near Supermarket,E01033140,Chelmsford 010F,Unable to prosecute suspect
3b1c0e1050b3d6f5f629a6e2d05343420498eb489dfb82a9de15ee694142e7e4,2018-12,Essex Police,Essex Police,0.069128,51.647343,On or near BARFIELDS GARDENS,E01021772,Epping Forest 013B,Unable to prosecute suspect
b02a526aebceb25529c03f2efc2b7c6ed4f1aa98ccbd06781112d90f3fc1398c,2018-12,Essex Police,Essex Police,0.716176,51.536213,On or near YORK ROAD,E01015852,Southend-on-Sea 015B,Unable to prosecute suspect
a7258801cffac89807a9148000f3342ac369fc7fa4fab0859120628c4fe658c9,2018-12,Essex Police,Essex Police,0.455025,51.557871,On or near FOBBING FARM CLOSE,E01021297,Basildon 020D,Unable to prosecute suspect
13a57f2b7fa75e6a98cfbcf5017939ed7a377066d4b94c344801b3143cf370e9,2018-12,Essex Police,Essex Police,0.439830,51.747826,On or near CHERWELL DRIVE,E01021597,Chelmsford 003B,Local resolution
cc04266a4a667d5dfe9beceb638b9b1712b17dce457fad39dae6108107e7c875,2018-12,Essex Police,Essex Police,0.723074,51.582659,On or near MILL LANE,E01021915,Rochford 004A,Local resolution
bfcca107e9eda37ec95dd5119e0f3ba12c9bc59f60c3e1fa7676654fb4166a3f,2018-12,Essex Police,Essex Police,0.716176,51.536213,On or near YORK ROAD,E01015852,Southend-on-Sea 015B,Unable to prosecute suspect
5afc70e89ebbbe442de100c9869d8af6b99c9e99f7382971dc96aa383cd51a63,2018-12,Essex Police,Essex Police,1.026271,51.810359,On or near THOMAS STREET,E01021981,Tendring 011C,Investigation complete; no suspect identified
664e3aecf9b3cdcb7d67e449a51db386986b233588f3598a02afc621d7ec9b1c,2018-12,Essex Police,Essex Police,0.377732,51.515991,On or near Conference/Exhibition Centre,E01015980,Thurrock 004D,Investigation complete; no suspect identified
5eb7d1e9714dbeea49b071c1e4ea0f67cd78cc448d8965500c8653b4fb21c2c0,2018-12,Essex Police,Essex Police,1.026271,51.810359,On or near THOMAS STREET,E01021981,Tendring 011C,Investigation complete; no suspect identified
ace45fbd3f2b9785d93bcf4941e660150e3c61aec83ef2f3673cf71aa94e7a2d,2018-12,Essex Police,Essex Police,0.455832,51.749300,On or near MELBOURNE AVENUE,E01021589,Chelmsford 006C,Local resolution
31567f4c10fd1e86174089053e486ec5e43aa815977c74567603e61166356e73,2018-12,Essex Police,Essex Police,0.412754,51.578327,On or near MERRYLANDS,E01021278,Basildon 014E,Unable to prosecute suspect
224591b6dec21604e9a11a463d9d2d987aab598c005a49046dbe2966375451c1,2018-12,Essex Police,Essex Police,0.525211,51.610116,On or near TIPTREE GROVE,E01021346,Basildon 008E,Investigation complete; no suspect identified
582cf37a0559ee4ee671ab1a11a96fbffe781ddd5776b5ec6dcdce96d0d464ae,2018-12,Essex Police,Essex Police,0.455832,51.749300,On or near MELBOURNE AVENUE,E01021589,Chelmsford 006C,Local resolution
cf1587cac5d59b8f2fa4593511281f09b5f5bc0f59c3e7dd9c1a4a59060f81cb,2018-12,Essex Police,Essex Police,0.723074,51.582659,On or near MILL LANE,E01021915,Rochford 004A,Local resolution
93296afb7b05b9f8fd75b3df10ecc383415bbc4769e526759a70947bb0fe35ce,2018-12,Essex Police,Essex Police,0.439830,51.747826,On or near CHERWELL DRIVE,E01021597,Chelmsford 003B,Local resolution
3f2067c4297e6d4c0503c28fe4e8dc9e7a6bbe8b56ea72f8a66d30e28b255603,2018-12,Essex Police,Essex Police,0.377732,51.515991,On or near Conference/Exhibition Centre,E01015980,Thurrock 004D,Investigation complete; no suspect identified
cf4552c01ce6d78f4bf4d5dfa5aea21b2d34b577dd6079c82821825515b69f3a,2018-12,Essex Police,Essex Police,0.377732,51.515991,On or near Conference/Exhibition Centre,E01015980,Thurrock 004D,Investigation complete; no suspect identified
9db0a3e6646b8ee8ab7b85a55553504869a5fce611fb8f43f5a29acde7abd4cd,2018-12,Essex Police,Essex Police,0.300242,51.620299,On or near Nightclub,E01021433,Brentwood 007A,Unable to prosecute suspect
723ec9a22e29f6472716143c32d8d6ba4cd84c9cdb3c8f7a593e88d4697cf581,2018-12,Essex Police,Essex Police,0.723074,51.582659,On or near MILL LANE,E01021915,Rochford 004A,Local resolution
e378777aedd15e23923a048722c17c9a4b8e4322f32e952eef5e1fa3dba2ffc7,2018-12,Essex Police,Essex Police,0.300242,51.620299,On or near Nightclub,E01021433,Brentwood 007A,Unable to prosecute suspect
5abca70598ceedf361cb585b290ace15a475df683754513bb7dea179548b3ddd,2018-12,Essex Police,Essex Police,0.300242,51.620299,On or near Nightclub,E01021433,Brentwood 007A,Unable to prosecute suspect
6bdf5f8b6c5235b516c5e3191ec151c68394d564e45c8b26cd64987e8bd144cf,2018-12,Essex Police,Essex Police,0.568327,51.525380,On or near SEVENTH AVENUE,E01021507,Castle Point 010E,Unable to prosecute suspect
cddfc94de1721f819b3a701408acbbebd204dc7e2f64b9e56b06e205c108ab78,2018-12,Essex Police,Essex Police,0.802322,51.554404,On or near TWYFORD AVENUE,E01021922,Rochford 010C,Unable to prosecute suspect
45e453a712b8f587de45133b3b6eb6dcf02c534631a5f47a49e4fb90616c5e2a,2018-12,Essex Police,Essex Police,0.495785,51.775195,On or near PRATT'S FARM LANE,E01021540,Chelmsford 001C,Unable to prosecute suspect
9e4e5b4efec75c20149c6b3dd5bde1c882893377c807c7bbbc4f5d00bdf624f4,2018-12,Essex Police,Essex Police,0.126263,51.763586,On or near SECOND AVENUE,E01021836,Harlow 008D,Unable to prosecute suspect
d1c5b7b77b62d676a7753085ae624c3f9457c1af5761076ffe5ad79222c06d71,2018-12,Essex Police,Essex Police,0.366505,51.594656,On or near BILLERICAY ROAD,E01021445,Brentwood 009A,Unable to prosecute suspect
506630019a6b14ec216f2c9cc61804a949cb0c3b4791fc75e6923214462e1975,2018-12,Essex Police,Essex Police,1.129838,51.791457,On or near POPLAR CLOSE,E01022032,Tendring 015E,Unable to prosecute suspect
44acfff8d3203cd361f2d7cbf90b1224143f2e8607e6c4a5e46ab46dc59d5ae7,2018-12,Essex Police,Essex Police,0.045084,51.625382,On or near Supermarket,E01021748,Epping Forest 015G,Investigation complete; no suspect identified
16f9c8a1f2dc1e52f9ea56ad7b2a5ba40b13bffd5c196906f6b90efbf4380a3d,2018-12,Essex Police,Essex Police,1.148025,51.787913,On or near Police Station,E01022037,Tendring 017D,Unable to prosecute suspect
26b27f08c12bb1c4cd7d34b84efb173b3a489ede2b3c7e6252ac4512389d3767,2018-12,Essex Police,Essex Police,0.096056,51.768166,On or near SOUTH GATE,E01021868,Harlow 007B,Local resolution
47df851f675a97b1d78fdf1f358e60e47380b8918346075e6660d3ab90c7dad1,2018-12,Essex Police,Essex Police,0.543600,51.881897,On or near TABOR AVENUE,E01021358,Braintree 008C,Unable to prosecute suspect
2a4cdef486b699118052a86942635d39c6c30b307cfc529f5611031b32b0c1a4,2018-12,Essex Police,Essex Police,0.475214,51.731744,On or near Shopping Area,E01033140,Chelmsford 010F,Unable to prosecute suspect
ef2abb8c8de7528a7ffdc4b8fa44fc298ea181a903c50127daafc8bb0c466978,2018-12,Essex Police,Essex Police,0.110047,51.782879,On or near DUKES PATH,E01021845,Harlow 002B,Investigation complete; no suspect identified
1a44922d526d1fd24bd1f9c79bedec69853e23a4dc85b50dc841c91b0b23ee9c,2018-12,Essex Police,Essex Police,0.612140,51.515527,On or near SOUTH PARADE,E01021490,Castle Point 012B,Unable to prosecute suspect
d19480476c1b7c1e1cc008357a2295fc4381ec1d22669dc04a4b60c16d850b67,2018-12,Essex Police,Essex Police,0.910977,51.896931,On or near MEANDER MEWS,E01021647,Colchester 007B,Unable to prosecute suspect
b778d349bcf97ba0d919d83af49cf1dec6bf972c82b9c006ebaa27329bb19151,2018-12,Essex Police,Essex Police,1.158318,51.802162,On or near BULL HILL ROAD,E01022043,Tendring 014B,Investigation complete; no suspect identified
fac754f8c48360daf6881e376663be28a42f6a2a20136e9863d92a72a7a4b6b6,2018-12,Essex Police,Essex Police,0.835539,51.664086,On or near NEW MOOR CLOSE,E01021905,Maldon 006C,Unable to prosecute suspect
91a7980a6cf62aeddb8e51cfcb831ce9f8d67e85ece42f957fe4dcd03670920d,2018-12,Essex Police,Essex Police,0.798196,51.538665,On or near GOYA RISE,E01015881,Southend-on-Sea 013F,Unable to prosecute suspect
58cb9bf38e75a04ab46cc043bc6cbf0db302df1358bc1a910ef1c8b79fca241f,2018-12,Essex Police,Essex Police,0.298520,51.629092,On or near DODDINGHURST ROAD,E01021431,Brentwood 004A,Unable to prosecute suspect
d5e552c8449c9df443c145e490fca7f4693f90fda6b61ed4c4b5c9605be2b5e5,2018-12,Essex Police,Essex Police,0.693186,51.745645,On or near SYCAMORE ROAD,E01021888,Maldon 003E,Unable to prosecute suspect
768171f25a8fa6365e39c17a77aa113157393d913b3330286a083bba6598f691,2018-12,Essex Police,Essex Police,0.899288,51.889233,On or near Shopping Area,E01021649,Colchester 007D,Unable to prosecute suspect
768171f25a8fa6365e39c17a77aa113157393d913b3330286a083bba6598f691,2018-12,Essex Police,Essex Police,0.899288,51.889233,On or near Shopping Area,E01021649,Colchester 007D,Unable to prosecute suspect
768171f25a8fa6365e39c17a77aa113157393d913b3330286a083bba6598f691,2018-12,Essex Police,Essex Police,0.899288,51.889233,On or near Shopping Area,E01021649,Colchester 007D,Unable to prosecute suspect
5b0145862ffd816659be396f8a3fea562ed0c5b9d94207174fb44568e8313bf5,2018-12,Essex Police,Essex Police,0.497724,51.735233,On or near CUSAK ROAD,E01021547,Chelmsford 008D,Unable to prosecute suspect
1007ff81fcd8c7e803f30a568b790d15751c0d757a112c011955f3c4fe95d187,2018-12,Essex Police,Essex Police,1.119632,51.774936,On or near SEA GLEBE WAY,E01021988,Tendring 018A,Unable to prosecute suspect
c54caf25689d88f7a68fa9e8c0f5df9daf0703828503a1c9a2d1573b3aac880d,2018-12,Essex Police,Essex Police,1.159276,51.789733,On or near CHURCH CRESCENT,E01022027,Tendring 016D,Formal action is not in the public interest
b5f7e3bbe4589551bcc74a334b4ec555be5c0f99a5fdd5592806aa809240042a,2018-12,Essex Police,Essex Police,1.120830,51.775282,On or near SEA CORNFLOWER WAY,E01021988,Tendring 018A,Unable to prosecute suspect
c8526f40e469710fcc4b4cee07e7156e5118778d89d794095cdc68347b0315f4,2018-12,Essex Police,Essex Police,0.723074,51.582659,On or near MILL LANE,E01021915,Rochford 004A,Investigation complete; no suspect identified
5be90f93d098470aa4f16ce2857403138ed5e73a0edd4a11353d81a4a2c78abd,2018-12,Essex Police,Essex Police,0.092612,51.768596,On or near Theatre/Concert Hall,E01021872,Harlow 007E,Investigation complete; no suspect identified
74896f8598920ce6facd459fb6bd0e730c443d2bcc0c92c00804bc4b453a2ab1,2018-12,Essex Police,Essex Police,0.877264,51.862326,On or near BERECHURCH HALL ROAD,E01021714,Colchester 015D,Unable to prosecute suspect
a5d92b2ba50a5baf21d828e3370de33bc325f4ad51e6417c1aca21e4c21733e9,2018-12,Essex Police,Essex Police,0.902237,51.912877,On or near FIELDVIEW CLOSE,E01021682,Colchester 004D,Investigation complete; no suspect identified
02aa96bfd33f5f16403cbc22392c06fa623e159559b41c5fd5c4b102073cf51e,2018-12,Essex Police,Essex Police,0.920705,51.897184,On or near GRENFELL CLOSE,E01021702,Colchester 022D,Unable to prosecute suspect
8daf3315e9ab6527d12859064a4909abd05b3234d00be0a3149de247d8114d21,2018-12,Essex Police,Essex Police,0.555087,51.867664,On or near MASEFIELD ROAD,E01021372,Braintree 011C,Unable to prosecute suspect
b331fa42f0829f45c2dc987cd88d98f2e15b71401dfe837f423dfc636c253e71,2018-12,Essex Police,Essex Police,0.323992,51.477085,On or near Shopping Area,E01015954,Thurrock 017D,Unable to prosecute suspect
0d8e95917a9be5f28e4c01e60f6a663f45a70346cb2c5c345536b0ba1bf7ee3a,2018-12,Essex Police,Essex Police,0.472270,51.734594,On or near TINDAL STREET,E01033141,Chelmsford 010G,Unable to prosecute suspect
0490d5e1f9931c3dc69e5250de2ea4f482faedfd8ef3c291e533938ab6e9627d,2018-12,Essex Police,Essex Police,0.136707,51.759503,On or near PERRY SPRING,E01021834,Harlow 008B,Unable to prosecute suspect
7ce61ffc9b9f443836e8bcf8e67b3c6cc1ad23de973ab6472258514177ec3f8d,2018-12,Essex Police,Essex Police,0.692929,51.598725,On or near CENTRAL AVENUE,E01021931,Rochford 002E,Investigation complete; no suspect identified
12ba2c3cd6ecb747bdb58d42cf42be82b10c9dc53b6273ce7d96916e11f80ae3,2018-12,Essex Police,Essex Police,1.120830,51.775282,On or near SEA CORNFLOWER WAY,E01021988,Tendring 018A,Unable to prosecute suspect
a2d593a35dc1bb33fb013f60a9c0b3666de89e915f32ef90300579588b761367,2018-12,Essex Police,Essex Police,0.876876,51.870592,On or near ANZIO CRESCENT,E01033723,Colchester 015G,Unable to prosecute suspect
b218918dc627aa90a11b54b02095d93cf42cc3fddd06d5d63f1d5c5e48766ef6,2018-12,Essex Police,Essex Police,0.699078,51.588448,On or near Petrol Station,E01021930,Rochford 007A,Unable to prosecute suspect
d1cf05d243191c2c022c537deed9f8cfd9adfe695dcdcfaa9061160f9368c7b0,2018-12,Essex Police,Essex Police,0.597612,51.567724,On or near BALMERINO AVENUE,E01021531,Castle Point 002E,Investigation complete; no suspect identified
decd0d3ad16b36af7eca023f75af271d20ac1a8a963f6507ca9958f035139b32,2018-12,Essex Police,Essex Police,0.437339,51.522285,On or near CORNWELL CRESCENT,E01015986,Thurrock 003C,Unable to prosecute suspect
3434d87e4e8b240f8c3b5e6ef4e3f6c303ce8cc606b949b85fd32cd890dc2039,2018-12,Essex Police,Essex Police,0.900435,51.889439,On or near Shopping Area,E01021649,Colchester 007D,Investigation complete; no suspect identified
2a59b4ee28ce882c9ab4a5b876ce6662e161f925aa986244f6073d11af242d7c,2018-12,Essex Police,Essex Police,0.437339,51.522285,On or near CORNWELL CRESCENT,E01015986,Thurrock 003C,Unable to prosecute suspect
f8e7ec8755e168febb3d1b06a4c00b1d0a6d39133ef634ce2ae5ff4dd1a5feb1,2018-12,Essex Police,Essex Police,0.611162,51.556883,On or near RECTORY ROAD,E01021519,Castle Point 005B,Unable to prosecute suspect
a26673e4770487b28124eb5cbfc60babaa8a1aacaaa837119cf7ebe31aba5f36,2018-12,Essex Police,Essex Police,0.876876,51.870592,On or near ANZIO CRESCENT,E01033723,Colchester 015G,Unable to prosecute suspect
5d2667b142ab489818c0b3509732f28ff65e88a1427a4b2558779a74bb6ff46c,2018-12,Essex Police,Essex Police,0.447220,51.747591,On or near AUCKLAND CLOSE,E01021598,Chelmsford 003C,Unable to prosecute suspect
a82a0a95715924aba3ee81ec66c5a5f49cf584d1b5c26585ff856fffbfa45ed6,2018-12,Essex Police,Essex Police,0.611162,51.556883,On or near RECTORY ROAD,E01021519,Castle Point 005B,Unable to prosecute suspect
62a41adee135f88ebc42ad598a84713ffebfe1ffc3b43525b702058c4e28ad84,2018-12,Essex Police,Essex Police,0.797168,51.533185,On or near SOUTHCHURCH AVENUE,E01015877,Southend-on-Sea 013B,Unable to prosecute suspect
04d238d92fd63917885e2bb4db3fea2dbc29084a3d9a15a1f84feb3c72ea2d25,2018-12,Essex Police,Essex Police,0.132995,51.791727,On or near CAMBRIDGE ROAD,E01021854,Harlow 001A,Unable to prosecute suspect
fc93da3d7df762be8f7f886e2ff0771f8a4ea1329ecfa21a271e3269122bd31c,2018-12,Essex Police,Essex Police,0.093567,51.769182,On or near Shopping Area,E01021872,Harlow 007E,Investigation complete; no suspect identified
da7a17ec0d458c6c403cbf395d0d04f4a905b5860976f297c92f335e5f6d775e,2018-12,Essex Police,Essex Police,0.582757,51.859496,On or near HOMEFIELD WAY,E01021380,Braintree 012E,Investigation complete; no suspect identified
b871c9488e0356a16a40e0b50060a80b732fddb249c650ceafd15a8700df50f2,2018-12,Essex Police,Essex Police,0.324602,51.476614,On or near Supermarket,E01015954,Thurrock 017D,Investigation complete; no suspect identified
31a0667ab7f2f190c534a883b915aaa34f1e631bcb657f677b30992eb52a1f61,2018-12,Essex Police,Essex Police,0.102693,51.771572,On or near Sports/Recreation Area,E01021849,Harlow 003A,Unable to prosecute suspect
960710b781602fb5ab7b933d8af90d09be6ae0af0e4ac0c3c7bb165d2d20ac02,2018-12,Essex Police,Essex Police,0.117991,51.650869,On or near MARKET PLACE,E01021770,Epping Forest 010A,Investigation complete; no suspect identified
66de45b5ab0519b4b501455b41a5430009fdf89ef659162a2a77aa851c92859a,2018-12,Essex Police,Essex Police,0.915843,51.884300,On or near CANNON ROAD,E01021687,Colchester 011E,Investigation complete; no suspect identified
eeb48a853081c1ee3d2843f2db80225b27d1fc973e78028e5d20c196c39c4d51,2018-12,Essex Police,Essex Police,0.482633,51.563046,On or near DEWSGREEN,E01021323,Basildon 019B,Action to be taken by another organisation
cb5cf4b3b0fdcac7123463925beb440b9494d11eb71994d371aaaf6a647659fb,2018-12,Essex Police,Essex Police,,,No location,,,Suspect charged
cb5cf4b3b0fdcac7123463925beb440b9494d11eb71994d371aaaf6a647659fb,2018-12,Essex Police,Essex Police,,,No location,,,Suspect charged
cb5cf4b3b0fdcac7123463925beb440b9494d11eb71994d371aaaf6a647659fb,2018-12,Essex Police,Essex Police,,,No location,,,Suspect charged
e47b9c925683c38f4639b1f49997c9b93853615b6ff820d590f6a08b51ddf55f,2018-12,Essex Police,Essex Police,0.716192,51.535521,On or near HEYGATE AVENUE,E01015852,Southend-on-Sea 015B,Unable to prosecute suspect
bfce60cb0ed4c5217e88b17aa990bad6830f8a3aad6150faff80d9dc739342e5,2018-12,Essex Police,Essex Police,0.057293,51.651265,On or near YORK CRESCENT,E01021791,Epping Forest 012F,Unable to prosecute suspect
2f5b10bb19e47138f5cef2a84e0007032fc2f9477810774f9852c78d3948b029,2018-12,Essex Police,Essex Police,0.612001,51.600212,On or near EASTVIEW DRIVE,E01021919,Rochford 005B,Suspect charged
5d9c835e5a3f4ea013a60667854b997dc973fd1a04822fd3ffc026cbf48eb097,2018-12,Essex Police,Essex Police,0.897825,51.889081,On or near CULVER STREET WEST,E01021649,Colchester 007D,Suspect charged
58e58cc5aa6d27182cbf64b15b091f9711356fd291eb19eb486349dd573e93df,2018-12,Essex Police,Essex Police,0.064091,51.762608,On or near FLEX MEADOW,E01021840,Harlow 004B,Unable to prosecute suspect
c5b655d23675aec0c6efdeaf4baa5dec6d1d3e0f6775a1638f5c0fe1301cd662,2018-12,Essex Police,Essex Police,0.462457,51.585127,On or near Nightclub,E01021268,Basildon 015B,Unable to prosecute suspect
39e81f6504d79adc17e73ecf037056dd9866000933b5fc856ce9a386e2d75fb2,2018-12,Essex Police,Essex Police,0.740097,51.541197,On or near SOUTHCHURCH RECTORY CHASE,E01015884,Southend-on-Sea 009B,Investigation complete; no suspect identified
112e2ef0f14f55a1fab8d4cb7c3b39affbfb0da9ce2f20ebf0bbb9a4c7b987fb,2018-12,Essex Police,Essex Police,0.593349,51.515368,On or near ASHINGDALE CLOSE,E01021498,Castle Point 011B,Unable to prosecute suspect
f412ad639a8b8d01efa327ceb9ffed03d64e29dbe262271d79c7b52f96892961,2018-12,Essex Police,Essex Police,0.475706,51.730411,On or near Parking Area,E01033140,Chelmsford 010F,Unable to prosecute suspect
130c4989e16a93b0bf433562682d7fc754de085c614f7df7432cfa33da5edeaf,2018-12,Essex Police,Essex Police,0.456169,51.571868,On or near Pedestrian Subway,E01021318,Basildon 015C,Unable to prosecute suspect
deaf791398509592b23031b08612789455a07331ba63b8178a0960cb102a6af6,2018-12,Essex Police,Essex Police,0.495275,52.042896,On or near MOAT ROAD,E01021414,Braintree 001C,Unable to prosecute suspect
1f116054cf976fc0c1a52c756d6e46483e0997c2f03f6927a27b2cfc6d6d7035,2018-12,Essex Police,Essex Police,0.454994,51.574168,On or near ROODEGATE,E01021319,Basildon 017E,Unable to prosecute suspect
ffd5134d58929859851dd6dee5325610caec5b42b2d511daf90f331d1c561a8f,2018-12,Essex Police,Essex Police,0.454994,51.574168,On or near ROODEGATE,E01021319,Basildon 017E,Unable to prosecute suspect
a7521b818d5def34c9cc6919eb666bc100a3272179d01f192095759cc5d30e14,2018-12,Essex Police,Essex Police,0.279535,51.867932,On or near BROADFIELD ROAD,E01022091,Uttlesford 006C,Action to be taken by another organisation
8d88ffd657d3530e5daf78576273f44a78aad2271af33872e8f3bf743a83033c,2018-12,Essex Police,Essex Police,0.291839,51.517701,On or near MAYFLOWER CLOSE,E01015975,Thurrock 006F,Investigation complete; no suspect identified
22ed135b45473b9e879c8c9df3e8c1a0b5455a5addb5feb16761c63b276698cd,2018-12,Essex Police,Essex Police,0.454994,51.574168,On or near ROODEGATE,E01021319,Basildon 017E,Unable to prosecute suspect
c56ee67863c39bbcf306f91f1ed7280742b0ac0015be2c4a971c66e2537e7993,2018-12,Essex Police,Essex Police,0.532211,51.600424,On or near NAPIER CRESCENT,E01021343,Basildon 008C,Formal action is not in the public interest
74991cf9b61e69f87bd5f72455309a5a3793c3e537c1c5862bf03d8833e19d76,2018-12,Essex Police,Essex Police,0.613335,51.561817,On or near SOUTHFIELD DRIVE,E01021532,Castle Point 005D,Unable to prosecute suspect
efbbdc588569b1d387af12e1b1b3380b8cdbcf3a6fd8d2ff0da3bf8383f85647,2018-12,Essex Police,Essex Police,0.367203,51.468315,On or near RAPHAEL AVENUE,E01016010,Thurrock 018H,Investigation complete; no suspect identified
8d0f46935001d41c7c8fa386e23678b0027d4ff5237c6546568b4228bff067f9,2018-12,Essex Police,Essex Police,1.251120,51.848866,On or near AUDRIES ESTATE,E01022012,Tendring 008H,Unable to prosecute suspect
574a570b3416215b8bbaf198dcd856374d8533269728fee92a3ff0d86cbe8ce2,2018-12,Essex Police,Essex Police,0.846964,51.885799,On or near SADDLE MEWS,E01021720,Colchester 012C,Offender given a caution
22b97268a6ef15fdc79708dc0404df21f35ee7d21701dd4730c78e3d32ca9fa8,2018-12,Essex Police,Essex Police,0.337179,51.477281,On or near CEMENT BLOCK COTTAGES,E01015969,Thurrock 014D,Suspect charged
728f261d4af83efc9479914ef0a48ecdf896f908d665536798c8e7d02263612c,2018-12,Essex Police,Essex Police,0.250610,51.495981,On or near HALL CRESCENT,E01015922,Thurrock 008A,Unable to prosecute suspect
9494d808afe5c3dd7cf1a70d78dfe62a021a4a671c84f55aa93763c03cfd63cb,2018-12,Essex Police,Essex Police,0.476751,51.622840,On or near RAMSDEN PARK ROAD,E01021264,Basildon 006A,Unable to prosecute suspect
b5734c92ff722e1ee6c5c626f7670435684ff779386fb83b7560ade4a4d1052f,2018-12,Essex Police,Essex Police,0.040555,51.627170,On or near PALMERSTON ROAD,E01021746,Epping Forest 015E,Unable to prosecute suspect
7841ce238c0a3f71f93ca525c2e08b6b6e2d081b1c1bccb617ad46ae64714416,2018-12,Essex Police,Essex Police,0.899183,51.910173,On or near Hospital,E01021682,Colchester 004D,Unable to prosecute suspect
03cbb7b2c1171e4ffb74a002201d3cb8b16d4ad8cd82aa2048439815b341b331,2018-12,Essex Police,Essex Police,0.646243,51.545574,On or near WESTCLIFF DRIVE,E01015909,Southend-on-Sea 008B,Investigation complete; no suspect identified
d4329206e50e5918bb8a5b90a564a14a84fa161084c1cb99ad64e47cbd16acef,2018-12,Essex Police,Essex Police,0.452418,51.748859,On or near Supermarket,E01021596,Chelmsford 006E,Investigation complete; no suspect identified
2cc0ef7aad9aedfc3572031b1d5d81723ed81a3a5f12578110a2582310eda176,2018-12,Essex Police,Essex Police,0.148734,51.782367,On or near CHURCHGATE STREET,E01021857,Harlow 001D,Unable to prosecute suspect
b363946a88913be3b6e27fc49fa7cf88d99247b012a8a0dc3a55e0c0e275389c,2018-12,Essex Police,Essex Police,0.899183,51.910173,On or near Hospital,E01021682,Colchester 004D,Unable to prosecute suspect
a447d62674b644aada9f3ec85b18e0ace76df9cb245f52ea91fd8b7e69e950df,2018-12,Essex Police,Essex Police,0.113243,51.758173,On or near TILEGATE ROAD,E01021823,Harlow 006D,Local resolution
c84921270b4dab89ec12f3f9c0cc76d79af423fa5bede34aa1e6fc103e8f8b93,2018-12,Essex Police,Essex Police,0.709439,51.547108,On or near CROWBOROUGH ROAD,E01015899,Southend-on-Sea 010E,Unable to prosecute suspect
094351cdbe3ac4708cdbfaf2ea87a30c17c7b847d73afedf6e4c1dc48d77b772,2018-12,Essex Police,Essex Police,0.094165,51.759873,On or near WILLOWFIELD,E01021870,Harlow 006E,Unable to prosecute suspect
24a180b2f9bac77c979b94f919544a95e9d364d9eca2f664a9d6ff6e5efc9bb7,2018-12,Essex Police,Essex Police,0.552291,51.874991,On or near STONE CLOSE,E01021365,Braintree 009D,Unable to prosecute suspect
6c21754988d0f63488d65a50d6513d91faa2f98e751f7f2596dd8d276dca83fb,2018-12,Essex Police,Essex Police,0.088530,51.764946,On or near NORTHBROOKS,E01021872,Harlow 007E,Unable to prosecute suspect
c75faa5e4d1586f33ba403ea054b4edc06bea363e3f3db8ba371ab8397f96bef,2018-12,Essex Police,Essex Police,0.715320,51.534677,On or near Shopping Area,E01015852,Southend-on-Sea 015B,Suspect charged
b7e74c764abf86d830b3f411deb1524d0225b670c5e7c0c30971cb044234a3a9,2018-12,Essex Police,Essex Police,0.083956,51.774181,On or near PARK MEAD,E01021839,Harlow 004A,Unable to prosecute suspect
2f4b117a1088e8776909de15652b07baf240f3476ed2c105483042b8228b030a,2018-12,Essex Police,Essex Police,0.443720,51.579233,On or near Pedestrian Subway,E01021268,Basildon 015B,Investigation complete; no suspect identified
5eb502494b5d53f1e6156dc0c7a7e12addbebfdc578ce698b8c32302b9f846e8,2018-12,Essex Police,Essex Police,0.669914,51.541665,On or near CLIFF ROAD,E01015829,Southend-on-Sea 012C,Unable to prosecute suspect
137c3a8cb775e2f1f041fbb430a0fd25a18773e56fd90fca04ab76b42607caa2,2018-12,Essex Police,Essex Police,0.930314,51.919960,On or near TELFORD WAY,E01033720,Colchester 002F,Unable to prosecute suspect
73fdd5d80e7b5dc7c89519e051c5ac1f2997f2f9d38344555115ffe9174f1c40,2018-12,Essex Police,Essex Police,0.792324,51.621017,On or near Park/Open Space,E01021915,Rochford 004A,Unable to prosecute suspect
f53da4a8039ec00088f4068ffe0f6a219d80492d59ebd6e761a2da89b999f846,2018-12,Essex Police,Essex Police,0.579404,51.532611,On or near ELSINOR AVENUE,E01021504,Castle Point 008C,Investigation complete; no suspect identified
db4835feb818bb38b36c1b1911185d76464aeb4d8feb9ad9115028dcb8a82480,2018-12,Essex Police,Essex Police,0.742422,51.547240,On or near WHITTINGHAM AVENUE,E01015887,Southend-on-Sea 009E,Local resolution
0692a4d6ab959e491ac18b2d7f000c6581742c8cdb21c844f407efb26974a85c,2018-12,Essex Police,Essex Police,0.648527,52.021060,On or near SUDBURY ROAD,E01021398,Braintree 002A,Investigation complete; no suspect identified
0ab660edc3a60b56366ef482bf6dd08adf9cf0724b543ccdc5ed555b91206d4e,2018-12,Essex Police,Essex Police,0.282026,51.488629,On or near Parking Area,E01016011,Thurrock 015B,Investigation complete; no suspect identified
a68210c2a84db75ed678b49cbef9d5bb40be944376bf733cfa978e497760b7ff,2018-12,Essex Police,Essex Police,0.284143,51.486609,On or near Shopping Area,E01016011,Thurrock 015B,Investigation complete; no suspect identified
4aeb4f51b4aa881338c9f47e9cf2455c595b926cb7e9314586cf67c91346d353,2018-12,Essex Police,Essex Police,0.281531,51.509871,On or near DERRY AVENUE,E01015972,Thurrock 006C,Unable to prosecute suspect
c8af199204adcb6e241363dabd0957448dd4e932f420f2d92bdb4709364fb24e,2018-12,Essex Police,Essex Police,0.742422,51.547240,On or near WHITTINGHAM AVENUE,E01015887,Southend-on-Sea 009E,Local resolution
adad0d5380cbb67ad33c84b9f7249f5e12b4113af7c62e272ed47966ba58b765,2018-12,Essex Police,Essex Police,0.499199,51.723897,On or near SPALDING WAY,E01021564,Chelmsford 013D,Unable to prosecute suspect
4e3d278e70a41db372c4c4fbdd0b7ad558731bc0e9f37211ea33bf724dbbf5ef,2018-12,Essex Police,Essex Police,0.085287,51.759041,On or near LINFORD CLOSE,E01021833,Harlow 009D,Action to be taken by another organisation
0e1898f6a2390aec56664d266f89d9ee9977650769754ad33c63c372f3c7a7ec,2018-12,Essex Police,Essex Police,1.022331,51.817611,On or near LODGE ROAD,E01021980,Tendring 011B,Investigation complete; no suspect identified
90abb3abb2e41ed1b9681d610f9f713e8d38ea451796b630d34887102ab19fbb,2018-12,Essex Police,Essex Police,0.742422,51.547240,On or near WHITTINGHAM AVENUE,E01015887,Southend-on-Sea 009E,Local resolution
11d27531bef10f6b1f8ce48c14e569cc32896c273127dc033b384c4080c68871,2018-12,Essex Police,Essex Police,0.577530,51.910071,On or near HIGH GARRETT,E01021381,Braintree 007F,Unable to prosecute suspect
caabe2a317db807bc10845038d010bad0123fc9b91644f45fbfc74c162e1e056,2018-12,Essex Police,Essex Police,0.742422,51.547240,On or near WHITTINGHAM AVENUE,E01015887,Southend-on-Sea 009E,Local resolution
dd28085de01dd6164d0d6ee7374c181d943c9272c40a5c15c112bdb8314298e3,2018-12,Essex Police,Essex Police,0.727421,51.538327,On or near AMBLESIDE DRIVE,E01015840,Southend-on-Sea 014B,Unable to prosecute suspect
de8bb3744cb07890e4e1617b3ad5e17dc73879775e6d44fa7e805685c39e4c6c,2018-12,Essex Police,Essex Police,0.605474,51.638040,On or near CRICKHOLLOW,E01021607,Chelmsford 020C,Local resolution
0ef8080a0c5ab226bbfaecf3e50b7445e4c8ec2444393e382b176f4897aec81b,2018-12,Essex Police,Essex Police,0.909628,51.919233,On or near OTHO DRIVE,E01033720,Colchester 002F,Unable to prosecute suspect
48114f4798c4a40d85731e546c0ecfb40c1d32b753408638c3ee3baa0e51f243,2018-12,Essex Police,Essex Police,0.501995,51.742274,On or near OYSTER PLACE,E01021544,Chelmsford 008A,Action to be taken by another organisation
023e68dbcf2648cf57a012f19acb520c1738d9ae20eb233fe4b701c94c28f8d9,2018-12,Essex Police,Essex Police,0.465356,51.583483,On or near CARNIVAL CLOSE,E01021268,Basildon 015B,Investigation complete; no suspect identified
eba83c0f5f743f5f3ceeaa99672c8f2f8e7a5da207da943eea25e0a452d3f7cd,2018-12,Essex Police,Essex Police,0.465356,51.583483,On or near CARNIVAL CLOSE,E01021268,Basildon 015B,Investigation complete; no suspect identified
e2888f002ac9d9ca8ddaa4ac7e091b69314c4e56db9e92b3201a8476ea407aa9,2018-12,Essex Police,Essex Police,1.140502,51.789427,On or near ROBERTSON CLOSE,E01022038,Tendring 017E,Investigation complete; no suspect identified
46c6e734d1e902ddd6f629af003843f11299bbbe6613c4276f6b81b0f405b299,2018-12,Essex Police,Essex Police,0.613335,51.561817,On or near SOUTHFIELD DRIVE,E01021532,Castle Point 005D,Unable to prosecute suspect
7e63c567c7dd27f62ef11e3dbb18e0b3aee6f129c7a0112756d7da26714ed220,2018-12,Essex Police,Essex Police,0.411799,51.726939,On or near THE SHRUBBERIES,E01021635,Chelmsford 011E,Local resolution
dea2653831b4969e8696a10f4219fc5f2a98df55138a9aefcab1fdc9f5e350ad,2018-12,Essex Police,Essex Police,0.691263,51.745222,On or near Supermarket,E01021888,Maldon 003E,Unable to prosecute suspect
0f1612f1a95b82bf3eaded716013d4d99a937bb99ae013d0060d4fc6a87298fc,2018-12,Essex Police,Essex Police,0.637559,51.813341,On or near CHASEWAY,E01021419,Braintree 015D,Unable to prosecute suspect
b8b14bc55953a6990903640f48e9b7fe2efa359973dc226885e5d26d5d7c36ff,2018-12,Essex Police,Essex Police,0.637559,51.813341,On or near CHASEWAY,E01021419,Braintree 015D,Unable to prosecute suspect
a82536a264068ebb57733516408b6d7ef58ca0a4d94a6c06d4a7a68ffd4873c5,2018-12,Essex Police,Essex Police,1.122534,51.801626,On or near WORDSWORTH WAY,E01021977,Tendring 013C,Investigation complete; no suspect identified
e02ea8f536431a2f8c5497ff6e89f0f593f2ff4488dc7a456986b6ee27a37d05,2018-12,Essex Police,Essex Police,0.475801,51.698502,On or near Supermarket,E01021553,Chelmsford 017B,Unable to prosecute suspect
bf337798cc6509fb6c33795fb98dfbbbfe217804dfeb066910ee9b4ffa49a8a6,2018-12,Essex Police,Essex Police,0.735950,51.551879,On or near HAMSTEL ROAD,E01015875,Southend-on-Sea 006G,Unable to prosecute suspect
b556c2be0183d94045a3d0a43e2903d904512950745630accf5e3221cb7b39ad,2018-12,Essex Police,Essex Police,0.553451,51.877250,On or near FAIRFIELD ROAD,E01033459,Braintree 009F,Unable to prosecute suspect
49abff1de9d1b2b52bbf6e7ddbcd281e2cf4284de6b5437aa12aebf0f1821f84,2018-12,Essex Police,Essex Police,0.575618,51.532460,On or near Petrol Station,E01021505,Castle Point 008D,Unable to prosecute suspect
2a8c3317c148c463e189b486c09da73e39a35aa59b396f82345bb4fec997e57e,2018-12,Essex Police,Essex Police,0.896245,51.888706,On or near HEAD STREET,E01021649,Colchester 007D,Unable to prosecute suspect
9634896965c70f74ace8321088660208b2470aa613dcf5f37326adf00df921af,2018-12,Essex Police,Essex Police,0.712497,51.540310,On or near Bus/Coach Station,E01015895,Southend-on-Sea 010A,Unable to prosecute suspect
85c0a43d41576a6f8f98a73e9cdaeca39885d67d788765bee95b1e226b6143b8,2018-12,Essex Police,Essex Police,0.272254,51.492281,On or near Motorway Service Area,E01016012,Thurrock 015C,Unable to prosecute suspect
28622c5922986bf2a1299c10a6c440d42e486a9212ad2466c4ffffc84fa9a7ba,2018-12,Essex Police,Essex Police,0.693292,51.547003,On or near HAINAULT AVENUE,E01015906,Southend-on-Sea 007F,Unable to prosecute suspect
47a2b903e63aca44ddff0a2953d8c5d98637ccdda1c2614456213059513bb650,2018-12,Essex Police,Essex Police,0.089752,51.777585,On or near RIVERMILL,E01021843,Harlow 004E,Local resolution
1f7f135ab275acea0853fd75925d79df0a33d15422a09aaeb67a3713b4a619b1,2018-12,Essex Police,Essex Police,0.674136,51.538646,On or near LEAS CLOSE,E01015830,Southend-on-Sea 012D,Local resolution
82c7a6d1c020ded3148b6c0c4c1a69c0036cf644b2aaa7bf5afc2736d6c2de7d,2018-12,Essex Police,Essex Police,0.573557,51.744046,On or near NORTH HILL,E01021568,Chelmsford 005D,Unable to prosecute suspect
42fc3b8722b4e341ce79d79b5fcd9ad262ea6cdd08083e5b0633acf29fb384ea,2018-12,Essex Police,Essex Police,0.691400,51.547208,On or near RAMUZ DRIVE,E01015906,Southend-on-Sea 007F,Local resolution
a554a1fb6baa601dc2509793833b082b3ebb107fb0e2e734e667552a74962ffb,2018-12,Essex Police,Essex Police,0.674136,51.538646,On or near LEAS CLOSE,E01015830,Southend-on-Sea 012D,Local resolution
66da9095dc533b17eb743cbb868e310ed9758fd957b96f9fc86c3f95743ff1c2,2018-12,Essex Police,Essex Police,1.252621,51.942869,On or near ADELAIDE STREET,E01033051,Tendring 002F,Investigation complete; no suspect identified
591c4cd10039e38892721176f22eafe6c19fdb2c5402ec408f3e6e5c3b9082ea,2018-12,Essex Police,Essex Police,0.780740,51.539296,On or near Supermarket,E01015882,Southend-on-Sea 013G,Suspect charged
0970b6b10b01e126539fca9debe456ce5b4cfee4026283a1e883ce203c2dd286,2018-12,Essex Police,Essex Police,0.069128,51.647343,On or near BARFIELDS GARDENS,E01021772,Epping Forest 013B,Unable to prosecute suspect
5372475d9a4e1e59fdac241745feea58c24917d844ab97a7904f02f05d8c4ad0,2018-12,Essex Police,Essex Police,0.674136,51.538646,On or near LEAS CLOSE,E01015830,Southend-on-Sea 012D,Local resolution
fc00a9eddccf84c41f7ba7caf2ec46a64d7e76e944a8fa871ea99e47e62b17e2,2018-12,Essex Police,Essex Police,0.674136,51.538646,On or near LEAS CLOSE,E01015830,Southend-on-Sea 012D,Local resolution
7fce15d10585148f503c639799f8aef292b3fd0493dfee0588b11e81206c6521,2018-12,Essex Police,Essex Police,0.057482,51.634032,On or near GREENSTED ROAD,E01021784,Epping Forest 013E,Unable to prosecute suspect
9dbc532268545b3b8835d7668cfac5812e4cb43ee8a4424b07db6313faa83c85,2018-12,Essex Police,Essex Police,0.442770,51.519249,On or near CANON CLOSE,E01015985,Thurrock 003B,Local resolution
5d63056d3a328cef6e7f8e44ad98c3b6cd1ef4c2b752290cfab4885d60b81b88,2018-12,Essex Police,Essex Police,0.718650,51.539502,On or near TYRREL DRIVE,E01015844,Southend-on-Sea 014F,Local resolution
96d5877fdbe78be8353699c131842c149a921cbe26e974cc35b7796047a5fea6,2018-12,Essex Police,Essex Police,0.301804,51.622040,On or near William Hunter Way,E01021433,Brentwood 007A,Suspect charged
3a8685537e16cb3e36c1019b478b24bded22b776a440cad943c2b1366e8dc95a,2018-12,Essex Police,Essex Police,1.155426,51.805424,On or near Supermarket,E01022044,Tendring 013E,Suspect charged
a657d2abc93b21d91972d822e28e55006d27ed421ddbba5077ef3f7e3a86a707,2018-12,Essex Police,Essex Police,0.410419,51.630454,On or near WOODBROOK CRESCENT,E01021246,Basildon 002B,Investigation complete; no suspect identified
eb5a70dba9fa6e2195cd996a4224d4dac8df1bfdd668e14659f67736ba043d1f,2018-12,Essex Police,Essex Police,0.251620,51.485476,On or near Sports/Recreation Area,E01015921,Thurrock 015A,Investigation complete; no suspect identified
3db63dcfadfe27019fbe673a2a9b0ce51490d4f78d0c84bcc390a9fb0856fbee,2018-12,Essex Police,Essex Police,0.443114,51.583274,On or near Pipps Hill Retail Park,E01021268,Basildon 015B,Investigation complete; no suspect identified
72ac20987833bede8e572b1d45c816f014b849929e6dd6851a3159993c6b3a25,2018-12,Essex Police,Essex Police,0.867700,51.876167,On or near POND CHASE,E01021689,Colchester 014A,Unable to prosecute suspect
2e8d829768f43453de1dc667e7ee30eac2ca5e76ab3dc3522913b038ae76e56f,2018-12,Essex Police,Essex Police,0.422057,51.693723,On or near A12,E01021602,Chelmsford 018B,Unable to prosecute suspect
ebb3b68b90d8c4f587c2c03e6aba23fd898cb9459fb7af169402eeedb1e939ee,2018-12,Essex Police,Essex Police,0.867700,51.876167,On or near POND CHASE,E01021689,Colchester 014A,Unable to prosecute suspect
e0d368e3ed98352012e6e0c320cfb92526fa7eaae894240562252a63eccacc56,2018-12,Essex Police,Essex Police,0.534253,51.760846,On or near CROMWELL CLOSE,E01021536,Chelmsford 005A,Unable to prosecute suspect
47d9e72b34283377edf520fb8ea634d1cea37c323ab69ef1faac7ceb7671ace6,2018-12,Essex Police,Essex Police,0.651056,51.569802,On or near RAYLEIGH ROAD,E01015834,Southend-on-Sea 001B,Investigation complete; no suspect identified
2cdb32ca8ea631104dd51c6d87cc29a7b4a20d3c7da1b6f2d121e3173d031cd3,2018-12,Essex Police,Essex Police,0.703329,51.566909,On or near Shopping Area,E01021956,Rochford 007E,Investigation complete; no suspect identified
01f1bea8c6c99b285cb581287ce5fd4905975355327dc8a83796ffab08e7d088,2018-12,Essex Police,Essex Police,0.575358,51.567684,On or near FOXMEADOWS,E01021526,Castle Point 004E,Investigation complete; no suspect identified
115b2c1ff98cd9acba4aa454093dba46eab97615e1dff4bb944112fa8185ceda,2018-12,Essex Police,Essex Police,0.362790,51.462873,On or near QUEBEC ROAD,E01016009,Thurrock 018G,Suspect charged
2aba630f8f50d9ec2843b4abd802e65409b312e6b6d6780fe0534d2f0c4fc0e3,2018-12,Essex Police,Essex Police,0.726847,51.533789,On or near HAWTREE CLOSE,E01015842,Southend-on-Sea 014D,Unable to prosecute suspect
b10fb784b00549bfccd5b918a01d50bd7ed0821fdfda0215ceb72a2bf6028c2a,2018-12,Essex Police,Essex Police,0.475214,51.731744,On or near Shopping Area,E01033140,Chelmsford 010F,Investigation complete; no suspect identified
fcc5c0ca1e1d6faedb4fcf48da1b02c778022320f3d70cdd0e8acd6b442ad631,2018-12,Essex Police,Essex Police,0.105268,51.768352,On or near THE DOWNS,E01021849,Harlow 003A,Unable to prosecute suspect
82df6174c83ab8c1fcfab365aa93f5ffa85f87564543c2525d65abe7f5139089,2018-12,Essex Police,Essex Police,0.919727,51.910133,On or near Supermarket,E01021671,Colchester 002D,Investigation complete; no suspect identified
ff98327e6aab9de32192d169dfe08a62d135b3b9a071391fc22b9f7b0168b64d,2018-12,Essex Police,Essex Police,0.611552,51.590626,On or near HOCKLEY ROAD,E01021961,Rochford 005E,Unable to prosecute suspect
8c97bb1433d34b2404cdeb3e230a983ab44bdeaf8b4b5fbf8ef592fd281770be,2018-12,Essex Police,Essex Police,1.116619,51.931045,On or near THE STREET,E01021978,Tendring 003A,Unable to prosecute suspect
979839e328c9bea12f6753f72f133ac2241da610b11389b4b6dc8ffabbe88f2a,2018-12,Essex Police,Essex Police,0.457517,51.737097,On or near NELSON GROVE,E01021575,Chelmsford 009B,Unable to prosecute suspect
e20b05204697dad07855c19ae20449eb349a3a689b4726403c31a0c31d210d99,2018-12,Essex Police,Essex Police,0.243639,51.486627,On or near A1306,E01015921,Thurrock 015A,Investigation complete; no suspect identified
f33a81e9e38e6576aaff85eab487cafaef46b24340f8f7ebb98117683ceeebf1,2018-12,Essex Police,Essex Police,0.120291,51.622708,On or near COOPERS CLOSE,E01021749,Epping Forest 016A,Action to be taken by another organisation
08553428fe767c88fc3deb263ed9fc69d1421b854805946fa1f8051f56f6cb85,2018-12,Essex Police,Essex Police,0.921243,51.911759,On or near GAZELLE COURT,E01021669,Colchester 002B,Unable to prosecute suspect
1f56a0824840450c76a85986f205204432c7bd0791c2edbe81a34bdc04207662,2018-12,Essex Police,Essex Police,0.581077,51.519875,On or near Police Station,E01021502,Castle Point 011E,Unable to prosecute suspect
f3510baa2fe4d97d4d73925962cb11d712467e9b81014743f36a753ea33e5b5f,2018-12,Essex Police,Essex Police,1.089337,51.939050,On or near RIGBY AVENUE,E01022021,Tendring 003G,Unable to prosecute suspect
130ff8f6191007ac80def958c7a1698af74bb615cd09ae25c59071a182a73e46,2018-12,Essex Police,Essex Police,0.072211,51.747529,On or near TAYLIFERS,E01021866,Harlow 011D,Investigation complete; no suspect identified
04704ef4f5c413624ce16956edd3590ee0602ae0c90ea3e2f13359825cd8183b,2018-12,Essex Police,Essex Police,0.693303,51.540842,On or near ANERLEY ROAD,E01015855,Southend-on-Sea 015E,Local resolution
e851f9c26b12f4c4503e634358fb6d91cd0c66da76108b381c85c09b17c1b407,2018-12,Essex Police,Essex Police,1.089337,51.939050,On or near RIGBY AVENUE,E01022021,Tendring 003G,Unable to prosecute suspect
2ee7211f3b5f43c68ee7474cf2834c81f3da4b7a578db34fdac4378a65a22f31,2018-12,Essex Police,Essex Police,0.828716,51.663909,On or near QUEENBOROUGH ROAD,E01021905,Maldon 006C,Action to be taken by another organisation
66b301913e829d0aa348fc0bfd5c7886588222285e0026aa33041f298e3aad9c,2018-12,Essex Police,Essex Police,0.137771,51.706544,On or near GARNON MEAD,E01021800,Epping Forest 003C,Unable to prosecute suspect
b64e3a124bf3c2f9442004c63ac98fd2e60c2c5f1a0372cb558b8dd0999a02b8,2018-12,Essex Police,Essex Police,1.220397,51.841230,On or near CROSSFIELD WAY,E01022011,Tendring 008G,Investigation complete; no suspect identified
bf4109569e6e47df3bba75a454cd33706fee216c44d95e705f281efec04798e2,2018-12,Essex Police,Essex Police,0.579366,51.515353,On or near AZALEA MEWS,E01021502,Castle Point 011E,Investigation complete; no suspect identified
2f839c0c2d03b9ff22818fdd946fa2996348abf53013e882074d38223be8b21d,2018-12,Essex Police,Essex Police,1.184647,51.902259,On or near SCHOOL ROAD,E01021991,Tendring 004A,Unable to prosecute suspect
5baab927b9212a33946d5ba887fa919607694efdd079b53ae0eac69eab365b67,2018-12,Essex Police,Essex Police,0.115390,51.784591,On or near Supermarket,E01021845,Harlow 002B,Unable to prosecute suspect
9f4351af5f0c4d54df3a4d6721c2c2766179be64334b1b8c472a9e35c6a32e1d,2018-12,Essex Police,Essex Police,0.579366,51.515353,On or near AZALEA MEWS,E01021502,Castle Point 011E,Investigation complete; no suspect identified
3e64a92de5b48489f8c5120d055a29cb7228c75c2eff1577e86f99756cfcd06b,2018-12,Essex Police,Essex Police,1.065097,51.943147,On or near OXFORD ROAD,E01022020,Tendring 003F,Unable to prosecute suspect
bb88d6d83975d0e153d421988118c8be6b9180f767accabb04a39e552075aa3c,2018-12,Essex Police,Essex Police,0.679893,51.780259,On or near KELVEDON ROAD,E01021912,Maldon 002C,Investigation complete; no suspect identified
eaaaa3656a1c523a1b0c9c53dd0bd47475a7d16abd8b2526d46c9492a3712ccb,2018-12,Essex Police,Essex Police,0.316734,51.476815,On or near Supermarket,E01015953,Thurrock 017C,Investigation complete; no suspect identified
91ddab0cc2dabc9d493e8dad537ff270054b67568c39c3992195c88b8c48d8a8,2018-12,Essex Police,Essex Police,0.920449,51.885175,On or near TARRETT DRIVE,E01021685,Colchester 011C,Suspect charged
153e76ef6596d70ce66077661d618d2d63dc947b56597a7b7f674f763a16a307,2018-12,Essex Police,Essex Police,0.928291,51.879728,On or near KING EDWARD QUAY,E01021685,Colchester 011C,Investigation complete; no suspect identified
4ebf44f44c3f5d5603708f5e53aa25d8b93dfe2b47704381e07aa469c82de234,2018-12,Essex Police,Essex Police,0.336834,51.629811,On or near CORY DRIVE,E01021447,Brentwood 005A,Unable to prosecute suspect
264ba1501d80af1369ef18116a8e64521d5fcb3421a3c2869e1693acf4181ae2,2018-12,Essex Police,Essex Police,0.920449,51.885175,On or near TARRETT DRIVE,E01021685,Colchester 011C,Suspect charged
19b71f64f890ba5e7be41b0c70d1c746bb6fd532546680af7c28f6d353880be6,2018-12,Essex Police,Essex Police,0.573633,51.880308,On or near WHEATLEY AVENUE,E01021370,Braintree 011B,Unable to prosecute suspect
0ae7b3c3b1fd02e994383d1c8bde0257afc61efa133463c297890c6b4577609d,2018-12,Essex Police,Essex Police,0.456169,51.571868,On or near Pedestrian Subway,E01021318,Basildon 015C,Unable to prosecute suspect
e5147985463ecb0ec5c4cd2e3dddf06037dc608e9f75989a21d50b988e1e9462,2018-12,Essex Police,Essex Police,0.923824,51.775026,On or near WILLOUGHBY AVENUE,E01021731,Colchester 021A,Investigation complete; no suspect identified
70372c279a1eeb5518d02639174f1e94f4177cd5819d2888da6ec08c38e92771,2018-12,Essex Police,Essex Police,0.917545,51.883206,On or near ARTILLERY STREET,E01021685,Colchester 011C,Unable to prosecute suspect
2d376e1f44b463df72713f555f85bb7108e81e88de2229b43dedcf65a5122ada,2018-12,Essex Police,Essex Police,0.721827,51.535947,On or near WESLEY ROAD,E01015841,Southend-on-Sea 014C,Unable to prosecute suspect
ce5f1fde8ef43fcc5f58e8a2591e6a29e58f1b8a5a037c74d4fa67679a9c8b1d,2018-12,Essex Police,Essex Police,0.316734,51.476815,On or near Supermarket,E01015953,Thurrock 017C,Investigation complete; no suspect identified
d32b5b5d390eaf29c392f526b57f97e5325540c6c9cbabc78bf49c3b0c70f0fc,2018-12,Essex Police,Essex Police,0.915043,51.909430,On or near EASTWOOD DRIVE,E01021671,Colchester 002D,Investigation complete; no suspect identified
529055302989c1dd3d4caa85ecbb67617f8830a2ca63a42f451516d4550457cc,2018-12,Essex Police,Essex Police,0.117502,51.768690,On or near QUARRY SPRING,E01021846,Harlow 002C,Unable to prosecute suspect
a96b7d6ce363b77e1d8f38bb268f8191f276ae544511e7373ccdd378b22d5767,2018-12,Essex Police,Essex Police,0.920287,51.776149,On or near VICTORIA MEWS,E01021735,Colchester 021E,Investigation complete; no suspect identified
a21d056d38132af18ca2f12d48c43898e270a3176c33c8bd3cc460c06e480506,2018-12,Essex Police,Essex Police,0.299860,51.613310,On or near MYRTLE ROAD,E01021475,Brentwood 007E,Unable to prosecute suspect
37329655173a0dd09d732b4a14f25876c5a4b657c5b6d172d75d6751315e5e21,2018-12,Essex Police,Essex Police,0.120113,51.769668,On or near PENNYMEAD,E01021846,Harlow 002C,Unable to prosecute suspect
4360fb03593113ad26091f49b01c7acc625f36a9f41ba5698e0849a4777dca96,2018-12,Essex Police,Essex Police,0.707964,51.544866,On or near VICTORIA AVENUE,E01015895,Southend-on-Sea 010A,Unable to prosecute suspect
4360fb03593113ad26091f49b01c7acc625f36a9f41ba5698e0849a4777dca96,2018-12,Essex Police,Essex Police,0.707964,51.544866,On or near VICTORIA AVENUE,E01015895,Southend-on-Sea 010A,Unable to prosecute suspect
65cd242a1ef5b05a0d5f0859f2aa1a046145677c3272815e8e10bbb0e453e81b,2018-12,Essex Police,Essex Police,0.119667,51.774990,On or near COOKS SPINNEY,E01021844,Harlow 002A,Investigation complete; no suspect identified
d04b4a512d8f77515698e752600b3f3282420d3bff2aac2a347bb95e0d319e75,2018-12,Essex Police,Essex Police,0.465424,51.774576,On or near Hospital,E01021542,Chelmsford 002A,Local resolution
6cdc219565174da16429ea7a63b270bf26c3d0eb22f98d40c8c3fd1237c5d40f,2018-12,Essex Police,Essex Police,0.397253,51.509757,On or near Petrol Station,E01015979,Thurrock 004C,Offender given a drugs possession warning
621b7ad9769d5de37447a0e3d2cdcbbf360832e9d142e91a551a2bdc072e3b55,2018-12,Essex Police,Essex Police,0.328510,51.480125,On or near ORSETT ROAD,E01015956,Thurrock 016B,Unable to prosecute suspect
de4943710bff97c09b6552c820905b4aa82ccf4b577ab1fd77c0b8ddda318cb5,2018-12,Essex Police,Essex Police,0.490988,51.566232,On or near FEERING ROW,E01021326,Basildon 022D,Investigation complete; no suspect identified
e551b69aa684813797640003a72998c4e6641467a1e9c1f821e3f8e083094259,2018-12,Essex Police,Essex Police,0.670164,51.603544,On or near CHESTNUT CLOSE,E01021939,Rochford 003G,Investigation complete; no suspect identified
17b854feed3430aeb49f5f8908c9418d78be9a2b4c21a6187500619320d1e5c8,2018-12,Essex Police,Essex Police,0.337763,51.489257,On or near LODGE LANE,E01015964,Thurrock 010B,Investigation complete; no suspect identified
2f71affc3c2535f64a371c5bec4c836768d7961056e5eb0a6ace4e6b62327247,2018-12,Essex Police,Essex Police,0.563856,51.880603,On or near COGGESHALL ROAD,E01033459,Braintree 009F,Suspect charged
f35126bcd87bfed1bc6736286784349d7c165ce873b75dd4c015eb4d50b86f3e,2018-12,Essex Police,Essex Police,0.461571,51.739207,On or near Petrol Station,E01021573,Chelmsford 009A,Investigation complete; no suspect identified
be30a0e0495cc41c430e3910cd048d05a5f39f977747134f8436f3ce6e8f5cf6,2018-12,Essex Police,Essex Police,0.482022,51.636300,On or near WINDSOR ROAD,E01021604,Chelmsford 018D,Investigation complete; no suspect identified
b1348ce819a0977915800756e99424c6ebb30700fc67755e2c2268d1932164f4,2018-12,Essex Police,Essex Police,0.551134,51.879450,On or near BANK STREET,E01021365,Braintree 009D,Investigation complete; no suspect identified
6abaa3b300bd9d493b24f6a66a964a82a5afd86f9f60451c8ec259affdc741c3,2018-12,Essex Police,Essex Police,0.330502,51.474554,On or near BRIDGE ROAD,E01015952,Thurrock 017B,Unable to prosecute suspect
3e532312af79b2d42dab1be4653f57d7a36cb3344ed7743365cb06303ee68e92,2018-12,Essex Police,Essex Police,0.278766,51.472649,On or near GARDNER'S WAY,E01016012,Thurrock 015C,Unable to prosecute suspect
3fc41ede6c70431cd64a1aa79f2c4676a6e207b6d2b0bf994f021f153270473b,2018-12,Essex Police,Essex Police,0.717784,51.553030,On or near CROMWELL ROAD,E01015874,Southend-on-Sea 006F,Unable to prosecute suspect
99486cedddcc7eb84e44f36e497eaf9de98007780cfcd1b03a462ee0dd0f97f9,2018-12,Essex Police,Essex Police,0.115390,51.784591,On or near Supermarket,E01021845,Harlow 002B,Unable to prosecute suspect
d9cc52862e52ea2fbce121cb27035c216c3565003aaba929d93d1554a8c0f9b2,2018-12,Essex Police,Essex Police,1.287314,51.946420,On or near CHURCH STREET,E01021997,Tendring 001A,Unable to prosecute suspect
88b81429e9e4cec30f46ebb10222ee72c67d96150fec42a9373618c5e63c1016,2018-12,Essex Police,Essex Police,0.609835,51.554115,On or near Parking Area,E01021520,Castle Point 006C,Investigation complete; no suspect identified
6680542ff22478c4810d4284f547827714afbe61952bfa28532d1b65b1ad7fdc,2018-12,Essex Police,Essex Police,0.463834,51.577499,On or near WALDRINGFIELD,E01021266,Basildon 015A,Investigation complete; no suspect identified
a9414b95464256e8df208a90588b5a199a3a3b7a5515e292e6c2d4346d1836b9,2018-12,Essex Police,Essex Police,0.873707,51.870552,On or near Police Station,E01021711,Colchester 015A,Investigation complete; no suspect identified
dbe289e6574ce128c10d9445dc645e909ccf4b62fd264cb25a1ec5a8bd03c23a,2018-12,Essex Police,Essex Police,0.277434,51.486092,On or near Shopping Area,E01016012,Thurrock 015C,Investigation complete; no suspect identified
c181b5b344f2bdc0b0ee8aaeb7570e2ca74a96f531eb74f7f01f0d78020b4669,2018-12,Essex Police,Essex Police,0.156495,51.711597,On or near PIKE WAY,E01021799,Epping Forest 001E,Action to be taken by another organisation
0f49f46dab0503daba122aa04768fdc40ebddc5a78773464050d7f88f5fef8a8,2018-12,Essex Police,Essex Police,,,No location,,,Investigation complete; no suspect identified
e1e446d67065b970007446447a9815f866f508d4eedeac87ded49a4472a1c93e,2018-12,Essex Police,Essex Police,0.716797,51.541802,On or near COLEMAN STREET,E01015895,Southend-on-Sea 010A,Unable to prosecute suspect
e9dbbe07781baa9a918c4e86fa87591d02a41dbad8ab449659aafa59e1afbd74,2018-12,Essex Police,Essex Police,0.672453,51.561609,On or near BRUTON AVENUE,E01015824,Southend-on-Sea 005E,Unable to prosecute suspect
9ad6ea7d9f8ce230535ec9bc755e5bcf7b111ae1a344f30fca0549b196466d66,2018-12,Essex Police,Essex Police,0.713596,51.539394,On or near Nightclub,E01015852,Southend-on-Sea 015B,Unable to prosecute suspect
93cfa4a8973187a319f676310f119583770a89beba058df3d1751788ca3c9e51,2018-12,Essex Police,Essex Police,0.794767,51.527657,On or near HALE WAY,E01015876,Southend-on-Sea 013A,Offender given a caution
af8ba779e04171200e44490d368330c7a808868a547b4416b003646fd3883bad,2018-12,Essex Police,Essex Police,0.912317,51.854493,On or near BOYLES COURT,E01021658,Colchester 016B,Unable to prosecute suspect
94a6435d287362deb37d906185dbd6f95dafe4145d89a6e5dd91d720976f951f,2018-12,Essex Police,Essex Police,0.456169,51.571868,On or near Pedestrian Subway,E01021318,Basildon 015C,Unable to prosecute suspect
ec8984544b7b021e880ba56eaa22a9035b6ad2f2d8ae637f5ae285d8af773c35,2018-12,Essex Police,Essex Police,0.282026,51.488629,On or near Parking Area,E01016011,Thurrock 015B,Suspect charged
2019a8d2a68dcd2632b22fe01f7615ef77f7d08b2c71ca7b88b8f3343c5a138a,2018-12,Essex Police,Essex Police,0.226532,51.959690,On or near HOLLOW ROAD,E01022072,Uttlesford 003C,Unable to prosecute suspect
a14a2ecd5aa0a3cbc59ae062d34e7028dbfaa6a604e5a4bbb5b22f00e05e98ac,2018-12,Essex Police,Essex Police,0.897840,51.886166,On or near CEDARS ROAD,E01021683,Colchester 011A,Unable to prosecute suspect
df2e5c40b7e01fd87f3235963a477f0e5d06aa91a004088e1a8898ae264b99cd,2018-12,Essex Police,Essex Police,0.894626,51.882963,On or near STABLE ROAD,E01021651,Colchester 013A,Unable to prosecute suspect
4210a0c8d4a690feff2a731263e35af0a386d3b06e9d348763bfc1b2c5116138,2018-12,Essex Police,Essex Police,0.897840,51.886166,On or near CEDARS ROAD,E01021683,Colchester 011A,Unable to prosecute suspect
90c531b2d6f06c33b78fdb45bfbb8bf9fd52aa7323ae2f114557d002bc2811f2,2018-12,Essex Police,Essex Police,0.465424,51.774576,On or near Hospital,E01021542,Chelmsford 002A,Local resolution
8524580d9d1c82d00a4a52d9f6b2f56987fb9d871e9f185fb2c8d464e185b59e,2018-12,Essex Police,Essex Police,0.332399,51.483231,On or near COLLEGE AVENUE,E01015960,Thurrock 014A,Unable to prosecute suspect
1d36883a794ff8c97b522e447dfc93df7f71785671190373c82c3f59c7b42e13,2018-12,Essex Police,Essex Police,0.549662,51.877053,On or near ST MICHAEL'S ROAD,E01021365,Braintree 009D,Unable to prosecute suspect
d69a8449aef8ba6ccbdc160109b1d6f5e76616d6a122c1552de1fa3edacea143,2018-12,Essex Police,Essex Police,0.226532,51.959690,On or near HOLLOW ROAD,E01022072,Uttlesford 003C,Unable to prosecute suspect
db23d198f679f0a13d16acdf1b47095d5e4221f0f9f91419fff76642aca14dd7,2018-12,Essex Police,Essex Police,0.471125,51.745463,On or near FELL CHRISTY,E01021592,Chelmsford 006D,Unable to prosecute suspect
86e878d32c9a1c457389ec82870bab3616708b5e2312e18882f5348942e918d6,2018-12,Essex Police,Essex Police,0.470045,51.747977,On or near THIRD AVENUE,E01021591,Chelmsford 002E,Unable to prosecute suspect
e6e72177ef2d7f7a59434e74fa3a407fcb135de07a3956bab7eeb044790c6c5c,2018-12,Essex Police,Essex Police,0.600663,51.515224,On or near MAY AVENUE,E01021500,Castle Point 012E,Unable to prosecute suspect
fd4f96748736ced156094028cd44eb6abfe83b956e1c83aa1c159391548c5dce,2018-12,Essex Police,Essex Police,0.086303,51.771334,On or near Hospital,E01021843,Harlow 004E,Investigation complete; no suspect identified
f50dc5456541de657b7a6e7429e043bacf12e07711a8b16cbe0fe46cce860aa2,2018-12,Essex Police,Essex Police,1.255586,51.943416,On or near PRINCESS STREET,E01033051,Tendring 002F,Unable to prosecute suspect
bc85b199ee2f8c3f563b889b49125ce5348e1b64bdbeb5cabf583dbbf4b5ab17,2018-12,Essex Police,Essex Police,0.342211,51.954729,On or near Further/Higher Educational Building,E01022092,Uttlesford 004A,Unable to prosecute suspect
a82809a9b9f94dc90018515ee1030f3de66ecc27572a7e9d488a910f4be9ce89,2018-12,Essex Police,Essex Police,0.115390,51.784591,On or near Supermarket,E01021845,Harlow 002B,Unable to prosecute suspect
3bc55e4e8fd232e0d21317c8209237ad6383b7ff50ec8cb46d666b5e140d4f7c,2018-12,Essex Police,Essex Police,0.713596,51.539394,On or near Nightclub,E01015852,Southend-on-Sea 015B,Investigation complete; no suspect identified
e3ab18945c42f10cb99ace91b3c92bebd41670f352d337753de97a2ed0edeb53,2018-12,Essex Police,Essex Police,0.630017,51.579853,On or near LILLYVILLE WALK,E01021947,Rochford 009B,Investigation complete; no suspect identified
d0765619437565b002bbf28261156bb84e4a537edd6d135a4c44a5db1863d81c,2018-12,Essex Police,Essex Police,0.635749,51.572143,On or near GROVEWOOD AVENUE,E01015837,Southend-on-Sea 001E,Local resolution
9654b34ecca29bea3e64648a08ab95896e3a7d13281184d53598392a3d640115,2018-12,Essex Police,Essex Police,0.905583,51.879797,On or near Supermarket,E01021684,Colchester 011B,Suspect charged
9654b34ecca29bea3e64648a08ab95896e3a7d13281184d53598392a3d640115,2018-12,Essex Police,Essex Police,0.905583,51.879797,On or near Supermarket,E01021684,Colchester 011B,Suspect charged
6b72242dcd30daa49d3b26a2a578d3e071f7b7c52e3808ee9e09b6896a8afcd6,2018-12,Essex Police,Essex Police,0.679909,51.545583,On or near LONDON ROAD,E01015832,Southend-on-Sea 012F,Unable to prosecute suspect
e9b454998bc131cd0749e6ffa86b761c06f53b07515c856b8a201497ac256166,2018-12,Essex Police,Essex Police,0.552773,51.870673,On or near NOTLEY ROAD,E01021371,Braintree 013B,Investigation complete; no suspect identified
be3a053df5fe311f8fe4a028b5290415650be9efb1441426b9e68870d4f84874,2018-12,Essex Police,Essex Police,0.416799,51.860443,On or near BRIGHT ROAD,E01033053,Uttlesford 008G,Unable to prosecute suspect
0cda6e1a87c8beb4d52593657c0b78b108acebd5302cddf296813d896e2a194c,2018-12,Essex Police,Essex Police,0.430048,51.640823,On or near ORCHARD AVENUE,E01021251,Basildon 001E,Investigation complete; no suspect identified
10f5504488609ec8b2487ac57b8992c5a4f9c3db08c0f930594444e354b76515,2018-12,Essex Police,Essex Police,0.663281,51.599941,On or near KENT GREEN CLOSE,E01021936,Rochford 003D,Investigation complete; no suspect identified
51a283037afa23cbe356f5e1ef4f2dfa4ef6f94d4c75a70e3b0bdf369fd561c0,2018-12,Essex Police,Essex Police,0.569075,51.526893,On or near MIDDLESBURG,E01021507,Castle Point 010E,Investigation complete; no suspect identified
8b23c9224c87573d08db721efe4bcc81e5895705217a0f9c0eda81003ebaea55,2018-12,Essex Police,Essex Police,0.301164,51.620236,On or near BANK PLACE,E01021433,Brentwood 007A,Investigation complete; no suspect identified
6dd616cadbe8a0a6ce97f2f332dec65fe060b3cb5f32322755ce004206ab77fc,2018-12,Essex Police,Essex Police,0.135468,51.758734,On or near RED LION LANE,E01021834,Harlow 008B,Unable to prosecute suspect
1a560d33f9d3404740c1aa145c897e8a9bd7977dfc040b57d43accfc884e0ac8,2018-12,Essex Police,Essex Police,0.331992,51.489363,On or near CONNAUGHT AVENUE,E01015995,Thurrock 009E,Investigation complete; no suspect identified
32b55616c34a3c6c43b19c79efa23b6a7f53c3c8b2d083c0fdf07136d3bd26a9,2018-12,Essex Police,Essex Police,0.135468,51.758734,On or near RED LION LANE,E01021834,Harlow 008B,Unable to prosecute suspect
6593f78fad68ad385ee4e071ccf87a8d3c2c518de6c1ed4225ef5f6d35d0c046,2018-12,Essex Police,Essex Police,0.261520,51.480906,On or near Pedestrian Subway,E01016012,Thurrock 015C,Investigation complete; no suspect identified
bc601ab4bc392498270e89bb7a002e837f0282ceea33177681c62a84c40057e1,2018-12,Essex Police,Essex Police,0.117819,51.788468,On or near PRINTERS WAY,E01021848,Harlow 002E,Unable to prosecute suspect
7d5f7dcfcb6d0cf584ff0025da29c718c2ee0155f19f02201dcc3ea8c0dca79d,2018-12,Essex Police,Essex Police,0.691952,51.550451,On or near SPRINGFIELD DRIVE,E01015904,Southend-on-Sea 007D,Unable to prosecute suspect
d3f9ba5c40f94d2fab0e52c1e24f2e698a2ecd60f051fa984dc3f54ab4799e79,2018-12,Essex Police,Essex Police,0.005981,51.688087,On or near MONKSWOOD AVENUE,E01021813,Epping Forest 007B,Investigation complete; no suspect identified
862c2807bc972e83a7ab59da18fba72d7551258fe13191c0ecc5d4268e9cd726,2018-12,Essex Police,Essex Police,0.032408,51.689890,On or near PRINCESFIELD ROAD,E01021815,Epping Forest 007D,Unable to prosecute suspect
8536272e5836f4a70151483231c3614adc338e95089cabe1d835027931e6c73a,2018-12,Essex Police,Essex Police,0.300897,51.620394,On or near Further/Higher Educational Building,E01021433,Brentwood 007A,Investigation complete; no suspect identified
58d1724de95f21856e92253b038c323dab3d78b2f1f2031032081e2cd713a591,2018-12,Essex Police,Essex Police,0.905667,51.859919,On or near WETHERSFIELD ROAD,E01021641,Colchester 018E,Unable to prosecute suspect
9d62a70f1a903b2e0ad9cd617724bd989ab64233fb1999e44929fff7f780367f,2018-12,Essex Police,Essex Police,0.482637,51.721578,On or near WHITFIELD LINK,E01021583,Chelmsford 015C,Unable to prosecute suspect
f4068e4e09a1842e17d829e8c175701e4ab9fad73220d443d2ecb12f1ea2390a,2018-12,Essex Police,Essex Police,0.905667,51.859919,On or near WETHERSFIELD ROAD,E01021641,Colchester 018E,Unable to prosecute suspect
f6228b7484cb3e46ed870194b990cf148893e898b0810e6cb551a54cbd4f87d1,2018-12,Essex Police,Essex Police,0.893012,51.922080,On or near BOXTED ROAD,E01021680,Colchester 004B,Unable to prosecute suspect
062badf24abf402a93529df15af34be6aadd563d415959bf6b7fb825fb1c66ab,2018-12,Essex Police,Essex Police,0.650526,51.940698,On or near LARKS RISE,E01021389,Braintree 006A,Unable to prosecute suspect
eb78ee38510d1ee999c64747c070b790b3b19c0ea2fde7089f54bb0ca6d0baf3,2018-12,Essex Police,Essex Police,0.301128,51.615534,On or near GRESHAM CLOSE,E01021436,Brentwood 007B,Investigation complete; no suspect identified
b6a13837a149e4ca5614b77ed7ebbb155c1dee66cad1a80fa2f6309e4e72688a,2018-12,Essex Police,Essex Police,0.131134,51.720540,On or near ROWLEY MEAD,E01021761,Epping Forest 005B,Unable to prosecute suspect
248199e41a41e50e1cc7b4bd61937c7618593a63f63d44c23e5298393a8bdf36,2018-12,Essex Police,Essex Police,0.897532,51.892209,On or near SHORT CUT ROAD,E01021649,Colchester 007D,Investigation complete; no suspect identified
d97a58c4b099bb70257ce6a3a70fa7498e88386b555d83d4e818fda4787da788,2018-12,Essex Police,Essex Police,0.131134,51.720540,On or near ROWLEY MEAD,E01021761,Epping Forest 005B,Unable to prosecute suspect
71a568f72147b64690d03562af594fc3cc13016eca46c340dcc4e359d61c2c27,2018-12,Essex Police,Essex Police,0.131134,51.720540,On or near ROWLEY MEAD,E01021761,Epping Forest 005B,Unable to prosecute suspect
5cedebd56f6645dbde24062a74df42b810945d7f0472765bed816d804db17508,2018-12,Essex Police,Essex Police,0.131134,51.720540,On or near ROWLEY MEAD,E01021761,Epping Forest 005B,Unable to prosecute suspect
adb0b87da21913358590649ce437cbe5eda5945774e996cf146e0ac05625e561,2018-12,Essex Police,Essex Police,0.471707,51.739938,On or near BISHOP ROAD,E01021574,Chelmsford 010A,Unable to prosecute suspect
03484f1fedbdd0bcc22c80b35bdc759b00801ccca1ae62644c092358a8833a8b,2018-12,Essex Police,Essex Police,0.110441,51.762738,On or near TENDRING ROAD,E01021820,Harlow 006B,Unable to prosecute suspect
6eec39e06909f399e1998b0750d1c5c734868aa9a4f422565af40b9e03030e7f,2018-12,Essex Police,Essex Police,0.783390,51.534026,On or near ELM ROAD,E01015917,Southend-on-Sea 017D,Unable to prosecute suspect
33d88f60668f6f0075a7771515082704b4afafdd0237019371f2c6a48a51d722,2018-12,Essex Police,Essex Police,0.110441,51.762738,On or near TENDRING ROAD,E01021820,Harlow 006B,Unable to prosecute suspect
b23d286ac736cfa02c2f1c4c1870b73ad41bc8b11bb537fd97ce8f4eb3d72a9c,2018-12,Essex Police,Essex Police,0.460393,51.725787,On or near CHERRYGARDEN LANE,E01021578,Chelmsford 010B,Unable to prosecute suspect
0df791b7fabd29df3e4c21b3e37799a0b94ad4639829369ffd639f8569e61a5e,2018-12,Essex Police,Essex Police,0.556586,51.868495,On or near CHALLIS LANE,E01021372,Braintree 011C,Suspect charged
495de7fd912295004c85d38670a8bf995edc2f89102260efd7ca09da302124ae,2018-12,Essex Police,Essex Police,0.343188,51.474247,On or near COLTSFOOT COURT,E01016003,Thurrock 018A,Investigation complete; no suspect identified
e9082851938ce7e900849a84bcf17c94116d8ac9dd4d20a56afeb2332e102f92,2018-12,Essex Police,Essex Police,1.085171,51.776242,On or near SEAVIEW ROAD,E01022045,Tendring 018D,Unable to prosecute suspect
e13076c0325a99c050e645ba0e08dac92da8a8f5ebe2ef3893bc4514cadb0327,2018-12,Essex Police,Essex Police,1.155579,51.802416,On or near WINDMILL PARK,E01022043,Tendring 014B,Unable to prosecute suspect
2b433cd9e26640a16a48e243959702471a84b7b741d8b5e518784f9f9332c4f3,2018-12,Essex Police,Essex Police,0.777217,51.525736,On or near WATERFORD ROAD,E01015920,Southend-on-Sea 017G,Local resolution
4b96f6e7391e80f37e5c5cdab54c63a7ad85ee32873207a4f1577e617a9923a2,2018-12,Essex Police,Essex Police,0.608154,51.584227,On or near KING GEORGE'S CLOSE,E01021962,Rochford 008C,Investigation complete; no suspect identified
088f5696a03ac6f88c3e2ff2315a3967519adb89b8d004ef581f6267b1a10204,2018-12,Essex Police,Essex Police,0.554504,51.886850,On or near WILLIAMS DRIVE,E01021357,Braintree 008B,Unable to prosecute suspect
36f58dbcff1fe3c30e34a00cb1092c1510b989f5bc97963af1cc3de3d4022022,2018-12,Essex Police,Essex Police,1.116500,51.874755,On or near HOLLYVIEW CLOSE,E01022019,Tendring 003E,Suspect charged
918c179975b9049034487109cbddbd0a023b11d98aa106d77ca1bdd651fe80df,2018-12,Essex Police,Essex Police,0.608154,51.584227,On or near KING GEORGE'S CLOSE,E01021962,Rochford 008C,Investigation complete; no suspect identified
d1f293d930f20f6b1b894ed437331ea986a50e66dfd978b398665f452d44661f,2018-12,Essex Police,Essex Police,0.305265,51.621631,On or near ONGAR PLACE,E01021433,Brentwood 007A,Investigation complete; no suspect identified
614d19432d1380b55c1bedaf53096beb11911591e82def1b9b99195fbf224861,2018-12,Essex Police,Essex Police,0.835539,51.664086,On or near NEW MOOR CLOSE,E01021905,Maldon 006C,Unable to prosecute suspect
b1cdfdbd9047f959a31bae93dcc9973b62b3e526153289b0c2273a37601ef6bc,2018-12,Essex Police,Essex Police,0.461554,51.728236,On or near UPPER BRIDGE ROAD,E01021578,Chelmsford 010B,Unable to prosecute suspect
e8f68a6aabefa73d98de86c42fbbf9c68ec9a824741b6adf8eaf84b058d85e1a,2018-12,Essex Police,Essex Police,0.561564,51.869420,On or near HARRISON DRIVE,E01021372,Braintree 011C,Unable to prosecute suspect
49a1b41f7e57913b98fea28adddd10882ab48dee0198955aef6e9ef44e4d4d06,2018-12,Essex Police,Essex Police,0.339427,51.483496,On or near MACLEOD CLOSE,E01015967,Thurrock 014B,Unable to prosecute suspect
00e435426704fbe9d934c1128a3c5093878d9373c97beca76ca17d8bd357953c,2018-12,Essex Police,Essex Police,0.455025,51.557871,On or near FOBBING FARM CLOSE,E01021297,Basildon 020D,Action to be taken by another organisation
f16ff18c9093f780f6df9fa815467f12e9a4d9bd86763c20d26a11b3e9833675,2018-12,Essex Police,Essex Police,0.290865,51.616841,On or near Petrol Station,E01021438,Brentwood 006A,Investigation complete; no suspect identified
f4c879f55d9fb033f00fe4d23a9d710691905f021424f4d3967994f01779954c,2018-12,Essex Police,Essex Police,1.066817,51.824967,On or near B1027,E01021993,Tendring 009C,Investigation complete; no suspect identified
e509c43cb5860a8c02d02f6e4d1777ef27f2edfd16a8b78ddf85f26f7ca90263,2018-12,Essex Police,Essex Police,0.087505,51.767851,On or near LITTLE GROVE FIELD,E01021842,Harlow 004D,Action to be taken by another organisation
6c666f9d0c36e66d5ed64c7ad188cec15949485d536ff1fd75398e4bb679d633,2018-12,Essex Police,Essex Police,0.322710,51.476508,On or near CROWN ROAD,E01015954,Thurrock 017D,Unable to prosecute suspect
6d3656d90a06ea908ea344f73b3ec6b1c391587ac3b490889d4a43e2080b7b6c,2018-12,Essex Police,Essex Police,0.105286,52.041681,On or near MILL CAUSEWAY,E01022098,Uttlesford 003E,Unable to prosecute suspect
e148670e53616f2236788982d2d2bf0fd74bf96014e0cdc1c4ae35e53dffb753,2018-12,Essex Police,Essex Police,0.090994,51.771224,On or near Petrol Station,E01021872,Harlow 007E,Unable to prosecute suspect
c4e0e77de03c9ac3b6ea63e069c3013cdf7f61b3246e3a576218aaa6b422e217,2018-12,Essex Police,Essex Police,0.355201,51.654093,On or near ROMAN CLOSE,E01021460,Brentwood 002D,Investigation complete; no suspect identified
c183d5919c8ffff59226046c6d5ee2abec1af840750d39cc38642236cee1a4c6,2018-12,Essex Police,Essex Police,0.815110,51.629898,On or near STATION ROAD,E01021881,Maldon 008F,Local resolution
da199634b4abde87076ceaec35be6b94e98666181f815f88c876d0d4b1adc393,2018-12,Essex Police,Essex Police,0.355201,51.654093,On or near ROMAN CLOSE,E01021460,Brentwood 002D,Unable to prosecute suspect
63df967b08191df30aa79940e5d1275c6e9cfabb32908fd479bb18079eb64efb,2018-12,Essex Police,Essex Police,0.355201,51.654093,On or near ROMAN CLOSE,E01021460,Brentwood 002D,Investigation complete; no suspect identified
c44aa1503199a59da591df920ef0ada778eeb46a53a87b4bdc97d81f00ee7a13,2018-12,Essex Police,Essex Police,0.927131,51.877302,On or near WATERSIDE LANE,E01021664,Colchester 016C,Offender given a caution
34a84b0db4b76f888845e064470837e46649a12f6ffdfd4c0db610650946b6f5,2018-12,Essex Police,Essex Police,0.623555,51.793581,On or near CHRISTINA ROAD,E01021423,Braintree 016A,Unable to prosecute suspect
a167efb4ae67e0fa8b98058756da65387edab5ff5113973257201aa8abae9f93,2018-12,Essex Police,Essex Police,0.049948,51.643534,On or near SALCOMBE PARK,E01021782,Epping Forest 014C,Investigation complete; no suspect identified
02a5f3fd4b267c9bfb598e725a88f8cf8f9de52991d40bfa1dcef154b619528f,2018-12,Essex Police,Essex Police,0.455359,51.745920,On or near LANGTON AVENUE,E01021576,Chelmsford 006A,Unable to prosecute suspect
5b471ca9ff2d75693d5bd1212479d7870e081c80e8644cedd1238adf1ad894dd,2018-12,Essex Police,Essex Police,0.101550,51.696074,On or near LOWER BURY LANE,E01021763,Epping Forest 005D,Local resolution
f91678bfea213e6d05a69498531941a08fc358754f1fe37d9de33bd25c8d77ff,2018-12,Essex Police,Essex Police,0.279140,51.512777,On or near ERRIFF DRIVE,E01015972,Thurrock 006C,Action to be taken by another organisation
7cca09d7dd9c7f19d6abe5b90513beab207a90d6e621373621d224aeeaa45fd9,2018-12,Essex Police,Essex Police,0.525203,51.850000,On or near LONDON ROAD,E01021385,Braintree 013D,Unable to prosecute suspect
1d4a8c78f41e67a6fbcda2290e645d4e464521ecfeeb1bbb8787e1c1544dd55d,2018-12,Essex Police,Essex Police,0.264850,51.609036,On or near Petrol Station,E01021468,Brentwood 006D,Unable to prosecute suspect
a4b3c61f00917e2ed7874037138942b516865c270510a243a37056af12a57897,2018-12,Essex Police,Essex Police,0.429590,51.613062,On or near GANELS ROAD,E01021258,Basildon 004E,Unable to prosecute suspect
5f5d84f5cc25bd2558537ae8c3d17ce90dfdf7eb5477de7ff5cb4512e784e3d3,2018-12,Essex Police,Essex Police,0.270445,51.486039,On or near Parking Area,E01016012,Thurrock 015C,Investigation complete; no suspect identified
64c198a824120d9566ac2d478916a0109cfbe6110103db06738fb94abb8ed9b3,2018-12,Essex Police,Essex Police,0.247780,51.867914,On or near WESTWOOD MEWS,E01022090,Uttlesford 006B,Investigation complete; no suspect identified
95e98abbd66f680b7375be7dcc9c9330da11137db047ab3857e0cb6f2d97099c,2018-12,Essex Police,Essex Police,0.625391,51.802956,On or near HAMBLE CLOSE,E01021429,Braintree 016D,Unable to prosecute suspect
999aac39a407891f741f84433c998d02e5f5ea74ffc1f825ed48e5743bc6d7bb,2018-12,Essex Police,Essex Police,0.094895,51.770021,On or near Nightclub,E01021872,Harlow 007E,Investigation complete; no suspect identified
272c5febe37d9ca1792f221a058aab9d3b981c08648c59590a13ca0b69900854,2018-12,Essex Police,Essex Police,0.426622,51.640282,On or near GRAHAM CLOSE,E01021251,Basildon 001E,Investigation complete; no suspect identified
1487d4f447fba6135dc65fb10c0242226eebe0b8f11b28669f36f9a6ff3de947,2018-12,Essex Police,Essex Police,0.429590,51.613062,On or near GANELS ROAD,E01021258,Basildon 004E,Unable to prosecute suspect
ee4d9f653533f60b6ef086cbebef3dc9aade017aebf7ee4237f3bf1e57390966,2018-12,Essex Police,Essex Police,0.480509,51.749627,On or near TEES ROAD,E01021623,Chelmsford 004E,Investigation complete; no suspect identified
1cd2bee8c5936d8be89f9e8beeffe97e1e6e13839552f67e228d09a78e92618f,2018-12,Essex Police,Essex Police,0.695710,51.535696,On or near Parking Area,E01015851,Southend-on-Sea 015A,Unable to prosecute suspect
e83cbfa86059cb3ad8a6f4cd5dc8163ab7567122c97dd9eb02ca2acf648feb42,2018-12,Essex Police,Essex Police,0.556586,51.868495,On or near CHALLIS LANE,E01021372,Braintree 011C,Suspect charged
73437733e42508fa9800a6cf8d935adad1d3ab4524399258ab76f8387bd5606d,2018-12,Essex Police,Essex Police,0.589159,51.715654,On or near THE AVENUE,E01021572,Chelmsford 016E,Investigation complete; no suspect identified
6f2a200f15817946d0971b49498bd2298cccd096171965be6f8d9fd6af72496b,2018-12,Essex Police,Essex Police,0.716797,51.541802,On or near COLEMAN STREET,E01015895,Southend-on-Sea 010A,Unable to prosecute suspect
a137a1a9b9a41c0ed50e48f5197f195f42c36f8e9f8fb2cbd5c662da971dc86a,2018-12,Essex Police,Essex Police,0.282124,51.878898,On or near Park/Open Space,E01022090,Uttlesford 006B,Local resolution
42612fda9947d0c9339708604fee965dfc7ee84c7e7c7def109bf718b354a99e,2018-12,Essex Police,Essex Police,0.648260,51.558695,On or near Supermarket,E01015819,Southend-on-Sea 003F,Unable to prosecute suspect
3f7df94e1999ca9e027f9ed8490ea04e85848e1cc3e4936b540b2b48b7013966,2018-12,Essex Police,Essex Police,0.665223,51.545297,On or near LORD ROBERTS AVENUE,E01015850,Southend-on-Sea 011F,Unable to prosecute suspect
7c65e8ffbe407e27249dcce8318a821f2e82d149fc9a2e850cc823d88040849e,2018-12,Essex Police,Essex Police,0.338766,51.493653,On or near CULFORD ROAD,E01015966,Thurrock 010D,Investigation complete; no suspect identified
f9fc1d0d2157f7c57ccedd782791ebcafc02d674786aa7b828d56108a333ce28,2018-12,Essex Police,Essex Police,0.716797,51.541802,On or near COLEMAN STREET,E01015895,Southend-on-Sea 010A,Unable to prosecute suspect
67fd24d59ebc2e23b30e611d0c4d47acc672bf2d8a38c9154f239080a8acf3b3,2018-12,Essex Police,Essex Police,0.113571,51.775748,On or near Parking Area,E01021845,Harlow 002B,Unable to prosecute suspect
cbb6953c9c9666e9c0bb9d8fec7c0692c2ce9e57b63c13f37c215383990d508c,2018-12,Essex Police,Essex Police,0.648496,51.560030,On or near WOOD FARM CLOSE,E01015819,Southend-on-Sea 003F,Investigation complete; no suspect identified
8948703a899423d1a156cb1f79dc583085e76192fbce42e05c7568575ad40059,2018-12,Essex Police,Essex Police,0.363301,51.481128,On or near CHELMER ROAD,E01015935,Thurrock 012C,Unable to prosecute suspect
8d67aca8de5373815a00a7f2711fbc941c0ba7fa785bb3300046a1fdf2d03d43,2018-12,Essex Police,Essex Police,0.315349,51.489271,On or near BEAUFORT CLOSE,E01015939,Thurrock 020A,Unable to prosecute suspect
7817ae4e8631dc2e3319700f118708b67e0dc25e47891ba2d69f2fedc129d5ac,2018-12,Essex Police,Essex Police,0.315349,51.489271,On or near BEAUFORT CLOSE,E01015939,Thurrock 020A,Unable to prosecute suspect
282aa0220b56a5cd711ef8bf328c181fc2a8cf0fc27dce27f2e5ce9d4d57fe55,2018-12,Essex Police,Essex Police,0.032408,51.689890,On or near PRINCESFIELD ROAD,E01021815,Epping Forest 007D,Unable to prosecute suspect
2bfd458f579b5f02cd1dff493cce9c6757922cfa3340f17d25792172470d11e7,2018-12,Essex Police,Essex Police,0.099011,51.752817,On or near SOUTHERN WAY,E01021858,Harlow 010B,Unable to prosecute suspect
9f8ed986c3f644125ce24251f522c5901b57dba6a513447136df956c98602332,2018-12,Essex Police,Essex Police,0.369970,51.868114,On or near SUNBANK,E01022067,Uttlesford 007B,Investigation complete; no suspect identified
11f8fbf7c5852023a8888f6846a6fc16a0c817ca748c1a505f4a94dd3d2d471e,2018-12,Essex Police,Essex Police,0.523732,51.856137,On or near STANSTRETE FIELD,E01021386,Braintree 013E,Unable to prosecute suspect
f741af39324b3bab48b58c1959f9010f04e2ce981a205a6e8e01da09f6f35815,2018-12,Essex Police,Essex Police,0.335593,51.618594,On or near VICTOR'S CRESCENT,E01021454,Brentwood 009C,Investigation complete; no suspect identified
c2cdd7a4c5aeb0a3156af359c67f779a833fd8e9f79d8ef32355b002d48cb42a,2018-12,Essex Police,Essex Police,0.846808,51.890219,On or near KING COEL ROAD,E01021674,Colchester 009B,Suspect charged
b806f064cc99b944736bce2510a24f2ea30049c445b23c7579599379e6d7d44c,2018-12,Essex Police,Essex Police,0.927131,51.877302,On or near WATERSIDE LANE,E01021664,Colchester 016C,Investigation complete; no suspect identified
ab8ead9fc6183aeaa54f7c298c7429b8104c92fb2c0dead8dd71433a65a01ab8,2018-12,Essex Police,Essex Police,0.444115,51.572875,On or near BOYTONS,E01021291,Basildon 016E,Unable to prosecute suspect
1342fb9c761acae748ae5a0888f713f476c54c313ae5e82769f8547cd028e4df,2018-12,Essex Police,Essex Police,0.444115,51.572875,On or near BOYTONS,E01021291,Basildon 016E,Unable to prosecute suspect
4207b6fc505fe91deec4391a90173f7d56c79ec2ebf74fd666068d2583a43c03,2018-12,Essex Police,Essex Police,1.148679,51.788768,On or near WEST AVENUE,E01022025,Tendring 016B,Unable to prosecute suspect
532291b42a5a03a9ad1809180a458d9e0c8d8464d53b7bdbb16e114408be0078,2018-12,Essex Police,Essex Police,0.893214,51.899204,On or near ESSEX HALL ROAD,E01021650,Colchester 007E,Investigation complete; no suspect identified
edc3c14abc7a8e43035dce29fd8e55e6c87cf160ca68c9f9aff5fd6876e03003,2018-12,Essex Police,Essex Police,0.782655,51.532388,On or near JENA CLOSE,E01015917,Southend-on-Sea 017D,Investigation complete; no suspect identified
f0f46fed576e90869de3bd2e1575a0942809c4014906414b23ac8c098842c214,2018-12,Essex Police,Essex Police,0.412853,51.566022,On or near GREAT BERRY LANE,E01021281,Basildon 021B,Unable to prosecute suspect
ed10715b57e7542737754355977dd2e10861cde6d70b17371b99c345fc99ee69,2018-12,Essex Police,Essex Police,0.103079,51.770217,On or near BROADFIELD,E01021849,Harlow 003A,Unable to prosecute suspect
8ed7678f8c22fe9bc9473875be026cf7b83063f6a59a14348cf21bdd26a7d75a,2018-12,Essex Police,Essex Police,0.117933,51.757774,On or near LONGFIELD,E01021823,Harlow 006D,Unable to prosecute suspect
0df91441823c57bdaa1bbfa73dc1d0c4bf2a22a4e5e431a514dd71387da64ceb,2018-12,Essex Police,Essex Police,0.713520,51.542966,On or near MILTON STREET,E01015898,Southend-on-Sea 010D,Unable to prosecute suspect
6f9eddde4dd0860a91a0e743370e43e4607f6936b0441f4cec781abc1cfa72d8,2018-12,Essex Police,Essex Police,0.303461,51.621954,On or near Parking Area,E01021433,Brentwood 007A,Unable to prosecute suspect
ba3986eccd1bacec788293022ee5419bb8d9349b40e1c2aa374f82f73a1574d2,2018-12,Essex Police,Essex Police,0.713520,51.542966,On or near MILTON STREET,E01015898,Southend-on-Sea 010D,Unable to prosecute suspect
f1c7eb88bd2a6731741634712d255c75e68977675a1701829d8b8f12b97fe8a8,2018-12,Essex Police,Essex Police,0.713520,51.542966,On or near MILTON STREET,E01015898,Southend-on-Sea 010D,Unable to prosecute suspect
eff633eb46fe50a7d4ab4f68e2dff6db7344e662d21f4b8e272b2b6c1b88c436,2018-12,Essex Police,Essex Police,0.442770,51.519249,On or near CANON CLOSE,E01015985,Thurrock 003B,Investigation complete; no suspect identified
c78a93f8e85f4c8ac9e6f0222a1e0dbd2d0fb5baedacb19084f5825e0f49d584,2018-12,Essex Police,Essex Police,0.309168,51.487549,On or near SACHFIELD DRIVE,E01033612,Thurrock 020D,Unable to prosecute suspect
d2409aa1610f4baa71829e1f82dcfe98442e513430f3cddbfc7227d53df577e2,2018-12,Essex Police,Essex Police,0.302768,51.491164,On or near DONNELLA CLOSE,E01015941,Thurrock 020B,Unable to prosecute suspect
fff867ee8a353f540618d0c23122cd3f3e50632bbf67865e6ab6032f2c6070dc,2018-12,Essex Police,Essex Police,0.445296,51.573912,On or near LITTLE LULLAWAY,E01021293,Basildon 017C,Unable to prosecute suspect
6ed3a4969d8aadff0e049a740c3b5aa8dbc4f0dd2b6892a53bb473786270f600,2018-12,Essex Police,Essex Police,0.751829,51.541534,On or near COPTFOLD CLOSE,E01015883,Southend-on-Sea 009A,Unable to prosecute suspect
659c93c188cc2d88b0c43cd8fb931dd141810dbec2b1d9b86e13a1efafb720a4,2018-12,Essex Police,Essex Police,0.832338,51.662850,On or near ORCHARD CLOSE,E01021905,Maldon 006C,Unable to prosecute suspect
9da93786c76c0fc2e7ea2721ce0b5e5615f9515030c85168de3df56b85f12f6a,2018-12,Essex Police,Essex Police,0.294809,51.614273,On or near ROLLASON WAY,E01021439,Brentwood 007C,Unable to prosecute suspect
06f954e35ca1e6f1a6ccd3d41215c5e443a9335694c4722475f2bd227a8cb026,2018-12,Essex Police,Essex Police,0.145837,51.690102,On or near BANKS LANE,E01021800,Epping Forest 003C,Investigation complete; no suspect identified
bd0817abc78f179178be2639ee3c250e3efb3b0c81ae29f588cb0bfe1770335d,2018-12,Essex Police,Essex Police,0.293575,51.679144,On or near REEVES CLOSE,E01021470,Brentwood 001F,Unable to prosecute suspect
61a23fb4cb6799fc19840f52fe4984e28ce907d67bda20975ef7fc2c6a60270a,2018-12,Essex Police,Essex Police,0.229701,51.486443,On or near MARINE COURT,E01016014,Thurrock 015E,Investigation complete; no suspect identified
69b7612e63ad4c5f56e93b1c0333c50160da53236433c1e0d723fde12915de5c,2018-12,Essex Police,Essex Police,0.659961,51.781548,On or near MOPE LANE,E01021912,Maldon 002C,Suspect charged
469ca87cab5279cc0f1360d8b5e08fa68363696d35a7fa764f75905da4c13926,2018-12,Essex Police,Essex Police,0.296900,51.613332,On or near VICTORIA ROAD,E01021439,Brentwood 007C,Unable to prosecute suspect
37ee8879fc7ad09a8ee0ebd7d5fd2ec4d6c10cababfdbc8ac9f9aea6babdfd92,2018-12,Essex Police,Essex Police,0.783461,51.530714,On or near GROVE WALK,E01015917,Southend-on-Sea 017D,Unable to prosecute suspect
ff4f312ced06c593da17ce612159a85917194808faad5eefdb6453932f537a9e,2018-12,Essex Police,Essex Police,0.678375,51.731127,On or near CHEQUERS LANE,E01021890,Maldon 004B,Investigation complete; no suspect identified
41d69eceff7b8b251fe02efc377cb911ed2c065377d34e849f544d736517b364,2018-12,Essex Police,Essex Police,0.510671,51.566487,On or near HOWARD CRESCENT,E01021316,Basildon 018D,Unable to prosecute suspect
b63da821785b6941d52e1b333db999ab92f48e810135debc2eb9d83008497873,2018-12,Essex Police,Essex Police,0.444694,51.730854,On or near HATFIELD GROVE,E01021631,Chelmsford 009E,Unable to prosecute suspect
4e42ea5b36bd3d89089e41fd53535502fa86b5caa708ee671a87afcd1215f4b7,2018-12,Essex Police,Essex Police,0.105862,51.779231,On or near NETTESWELL ROAD,E01021853,Harlow 003E,Investigation complete; no suspect identified
8332c8c6a52db3f8543cf0386bfe9fc70fa063b022eff4140957045f5600e481,2018-12,Essex Police,Essex Police,0.502267,51.562719,On or near Supermarket,E01021310,Basildon 022B,Unable to prosecute suspect
c095d647272b09252bb7f897e4b1bc91c82461e9209cb2c24711faa936e09a6f,2018-12,Essex Police,Essex Police,0.510671,51.566487,On or near HOWARD CRESCENT,E01021316,Basildon 018D,Unable to prosecute suspect
03e66fefb8f8d3026ccd5d4247e12d8f7f7ef4414bef3274ae162af6751f67b7,2018-12,Essex Police,Essex Police,0.427435,51.613835,On or near HICKSTARS LANE,E01021258,Basildon 004E,Unable to prosecute suspect
75894683816d72d5e47c9907859794fc07dc8149e5e72783a22dd568c12af0e6,2018-12,Essex Police,Essex Police,0.038200,51.760164,On or near Park/Open Space,E01021801,Epping Forest 002E,Unable to prosecute suspect
27b4a1a3783e9b0c34856c0f18d8788b6b4f2e85250cee9bda874acf6ca8f043,2018-12,Essex Police,Essex Police,0.434819,51.576900,On or near WEYMARKS,E01021289,Basildon 016C,Unable to prosecute suspect
8e16a017ff9727e44d87a54835d6e67a1f5994cb4bff6587efab81a8b931c383,2018-12,Essex Police,Essex Police,0.713596,51.539394,On or near Nightclub,E01015852,Southend-on-Sea 015B,Suspect charged
f2faef214cbc6ad5fcbbea399fdcff54cd0f19796539faa60330944cce3c5e18,2018-12,Essex Police,Essex Police,0.505195,51.560327,On or near Parking Area,E01021310,Basildon 022B,Investigation complete; no suspect identified
d83793277dd6c5d48e7ca923143f442893e7b9d8b3efb9a549d9bcade05a84f0,2018-12,Essex Police,Essex Police,0.434819,51.576900,On or near WEYMARKS,E01021289,Basildon 016C,Unable to prosecute suspect
c2a129556efe3d1728d69340b100d07118e958253a9db60dc327883ba73dd6c6,2018-12,Essex Police,Essex Police,0.792324,51.621017,On or near Park/Open Space,E01021915,Rochford 004A,Unable to prosecute suspect
eda828c30e27b833c4035a12ed8b28d52b806890a210a3bdad5650ef8c8d2524,2018-12,Essex Police,Essex Police,0.375745,51.466425,On or near PARKER AVENUE,E01016008,Thurrock 018F,Unable to prosecute suspect
ea86251aa7bf045654a1340d79328983b1a149331a57b6815305174e096386e3,2018-12,Essex Police,Essex Police,1.148025,51.787913,On or near Police Station,E01022037,Tendring 017D,Suspect charged
003b2ed314a546b9b837c38601976a15c496a714640afbc9c7dceb869a9e5141,2018-12,Essex Police,Essex Police,0.739022,51.536024,On or near RUTLAND AVENUE,E01015894,Southend-on-Sea 016F,Investigation complete; no suspect identified
5fd17c41e7969f03f176688559784814ec81e506b876d34407ef39be616db760,2018-12,Essex Police,Essex Police,0.714143,51.536234,On or near Shopping Area,E01015852,Southend-on-Sea 015B,Unable to prosecute suspect
f2e2388b7cbc37c9e0d494a72b62782707bbe62e1ee4ec27f6bc1e2bdd9df454,2018-12,Essex Police,Essex Police,0.715320,51.534677,On or near Shopping Area,E01015852,Southend-on-Sea 015B,Suspect charged
8a8279d28ea86937b123f826a84745bbf5003d04a0c59628dd73f122fb4435f2,2018-12,Essex Police,Essex Police,0.994470,51.852852,On or near WIVENHOE ROAD,E01021967,Tendring 009A,Unable to prosecute suspect
72563060b24d0a61941c55e5cf028432815883dbfd87eca5f0bfae0d315afa69,2018-12,Essex Police,Essex Police,0.079972,51.756591,On or near ROSEMOUNT,E01021833,Harlow 009D,Unable to prosecute suspect
c5afd241e512a3857a379f00c90261f9b4d99f42fe6b3c817d1ef4a916d67284,2018-12,Essex Police,Essex Police,0.301378,51.613631,On or near Parking Area,E01021436,Brentwood 007B,Unable to prosecute suspect
99ec7e480ab8f27637a6738b3e390403d423ce03d2f3b19baacc45bb1a5be83c,2018-12,Essex Police,Essex Police,0.115890,51.760868,On or near LITTLE BRAYS,E01021820,Harlow 006B,Unable to prosecute suspect
fab49a6ffcd0f739680075577da86eae7902f2aa680cfbdef8bd8c6053b186af,2018-12,Essex Police,Essex Police,0.261741,51.889938,On or near Airport/Airfield,E01022090,Uttlesford 006B,Local resolution
55ec4f608e781da601d6b2392bc04db65f151da3181535c609caa8e2abcb4099,2018-12,Essex Police,Essex Police,0.105862,51.779231,On or near NETTESWELL ROAD,E01021853,Harlow 003E,Further investigation is not in the public interest
7c3ab48b00fda85283d68f23a9ef308dfa73b39802ecf484e3da48cb78c099f6,2018-12,Essex Police,Essex Police,0.330490,51.624442,On or near THE GLADE,E01021455,Brentwood 005C,Investigation complete; no suspect identified
61f04c0571172e5d623d7ace24766b9c95bcfffed4c5f93b414befb80b993e22,2018-12,Essex Police,Essex Police,0.584525,51.523990,On or near URMOND ROAD,E01021488,Castle Point 010C,Unable to prosecute suspect
1670a479afba46738a43c308b88e4939c4c8e564fe7c90e3b032cc858b939256,2018-12,Essex Police,Essex Police,0.296249,51.492452,On or near A1306,E01015982,Thurrock 019A,Unable to prosecute suspect
16ddfb013e316a1e8d8308fd5a142d13323102569bbe866e8bb4804c61da424a,2018-12,Essex Police,Essex Police,1.148679,51.788768,On or near WEST AVENUE,E01022025,Tendring 016B,Investigation complete; no suspect identified
415fca9974f61283c2a70c5070848ccba68a747e6e786250c5895b27b2fa378a,2018-12,Essex Police,Essex Police,0.506467,51.564041,On or near Shopping Area,E01021310,Basildon 022B,Investigation complete; no suspect identified
ef28586ff358ac9386a48d5ecedc54bc04074f9c93df117d4f8c8e8492060a0d,2018-12,Essex Police,Essex Police,0.056742,51.633326,On or near ROYDON CLOSE,E01021785,Epping Forest 014D,Investigation complete; no suspect identified
e0e35e2e114800c7dd86585ea77caa8d95eafdc31cad350b5b61e41c391b4099,2018-12,Essex Police,Essex Police,0.110045,51.618900,On or near WILLOWMEAD,E01021749,Epping Forest 016A,Investigation complete; no suspect identified
5954f9210bbf6a4ea7c4d40379779395c9f5dab1a8c731843cdc9faec2108256,2018-12,Essex Police,Essex Police,0.285272,51.488728,On or near Parking Area,E01016011,Thurrock 015B,Unable to prosecute suspect
a768cf85f1c5a72e85d100521041c0bdf56ef7a68e55bafd7de85d62e020cda7,2018-12,Essex Police,Essex Police,0.285604,51.517814,On or near AVONTAR ROAD,E01015972,Thurrock 006C,Suspect charged
8ee08a592042fea211f52346e29e196559c9531ba0f37092319fe42e7940babc,2018-12,Essex Police,Essex Police,0.691824,51.538996,On or near DITTON COURT ROAD,E01015855,Southend-on-Sea 015E,Unable to prosecute suspect
00b9ec0496cc45f2872dd9c47febc395e824027e18cccebfad10fa714bd75849,2018-12,Essex Police,Essex Police,0.419809,51.485290,On or near HAYLE,E01015947,Thurrock 013A,Unable to prosecute suspect
b9f544d8b6e6706d320e1075a0747aef6c6a71be0a4de0b85970a63d3176600c,2018-12,Essex Police,Essex Police,0.885120,51.867053,On or near HORNBEAM CLOSE,E01033723,Colchester 015G,Investigation complete; no suspect identified
b03de228edce719a12f6ceba99816a13f0d510a6fd184b447e948fa10fe99ed1,2018-12,Essex Police,Essex Police,0.628728,51.580278,On or near WARWICK GREEN,E01021947,Rochford 009B,Investigation complete; no suspect identified
7bf2fb63d0edf07df5ac9053069df074f0c19a849e209e70badc1e859cb0f8e1,2018-12,Essex Police,Essex Police,1.155426,51.805424,On or near Supermarket,E01022044,Tendring 013E,Suspect charged
58d13f8a6e23c19323891ede1b924fc9b672aba86f03abb4432d6c46144d91d2,2018-12,Essex Police,Essex Police,1.035237,51.793291,On or near COLNE VIEW,E01022046,Tendring 011E,Unable to prosecute suspect
72fb56ea92bf5e76b9943d9a6ba812db5c179f04e43654d9ddbcde1a6f3d1002,2018-12,Essex Police,Essex Police,0.108071,51.697207,On or near Supermarket,E01021762,Epping Forest 005C,Investigation complete; no suspect identified
ff39fcfd5203b476fac1cff7b3d8e059879a9b4f1bb39cccfe91989a7bedbadc,2018-12,Essex Police,Essex Police,0.195610,51.901164,On or near WOODFIELD CLOSE,E01022085,Uttlesford 005E,Investigation complete; no suspect identified
6b936bbb3896d9168d50337cb46fa165ced8454f1594c18a8a13122a756a2cd3,2018-12,Essex Police,Essex Police,0.290969,51.636686,On or near CORNWALL ROAD,E01021461,Brentwood 004D,Unable to prosecute suspect
682fa37ef3354992b80fa507fef6255bd011a373e40856c6680b9d56a8b7b0c5,2018-12,Essex Police,Essex Police,0.691150,51.544444,On or near Supermarket,E01015902,Southend-on-Sea 007B,Unable to prosecute suspect
d122c2ffd17848397ed2f19b1691fb75adbd43c093178db8cb1ba3d47aa95680,2018-12,Essex Police,Essex Police,0.688353,51.543969,On or near CROWSTONE CLOSE,E01015831,Southend-on-Sea 012E,Unable to prosecute suspect
daae07fbaec48ae90055a298bbcf3dbf80f83eaa2364e128feb52a5a09be2e24,2018-12,Essex Police,Essex Police,0.364792,51.491575,On or near GREYHOUND LANE,E01015937,Thurrock 012E,Investigation complete; no suspect identified
8fc851c9587b25c72d7681a17198fe01a39b7ac9743b9d083161afe9bcf34c00,2018-12,Essex Police,Essex Police,0.504899,51.577250,On or near MALYONS MEWS,E01021302,Basildon 013B,Unable to prosecute suspect
dcf91a080bedadf800e006a124c8cae2eab565cb720dac648f9c95df2821d190,2018-12,Essex Police,Essex Police,0.812785,51.547921,On or near BROOKSIDE AVENUE,E01021923,Rochford 010D,Unable to prosecute suspect
fc9919c529599e8e77bd1b88370967b78a4853ac0c2ed20488933e30dce210e8,2018-12,Essex Police,Essex Police,0.101550,51.696074,On or near LOWER BURY LANE,E01021763,Epping Forest 005D,Local resolution
f91341e7b16a33e4757fd45d12f8ce6716bf326a18103c8aa4649b3013a8c435,2018-12,Essex Police,Essex Police,0.012077,51.683963,On or near SPRINGFIELDS,E01021808,Epping Forest 008B,Unable to prosecute suspect
65c7068c0b743775f33f16b78776367ace5dabb94588df982b388a51a54966e4,2018-12,Essex Police,Essex Police,0.624941,51.805691,On or near Parking Area,E01021427,Braintree 016C,Investigation complete; no suspect identified
c6c53414b6eb34c6e0a67aad651f8ff725e39fca6b88161ff96569df3a6cc3b5,2018-12,Essex Police,Essex Police,0.606326,51.519730,On or near HIGH STREET,E01021489,Castle Point 012A,Offender given a caution
c6c53414b6eb34c6e0a67aad651f8ff725e39fca6b88161ff96569df3a6cc3b5,2018-12,Essex Police,Essex Police,0.606326,51.519730,On or near HIGH STREET,E01021489,Castle Point 012A,Offender given a caution
34f8aacce70fbbafe40f43cb875d860866cc25eb4b2de66c3c82e76ca074be3d,2018-12,Essex Police,Essex Police,0.287502,51.511688,On or near ANNALEE GARDENS,E01015976,Thurrock 007F,Investigation complete; no suspect identified
644d5829c04fcafec7bff3b72c4d422cb4f93956eb84463a9283d0bfefe073f1,2018-12,Essex Police,Essex Police,0.707609,51.549075,On or near EAST STREET,E01015861,Southend-on-Sea 004E,Unable to prosecute suspect
b20605959f09d44671d642d16b91d3267dafe55c5e9aa6e9cc58bff9d63b525b,2018-12,Essex Police,Essex Police,0.375595,51.462992,On or near BRONTE CLOSE,E01016005,Thurrock 018C,Unable to prosecute suspect
8430896a6d33757a25ac83abc3666a545f68b4a78db3044944ec573f64aa6624,2018-12,Essex Police,Essex Police,1.152215,51.788718,On or near Shopping Area,E01022025,Tendring 016B,Unable to prosecute suspect
e4617489237603886170ec85a7b2a155da6252230711d2fd2e8a4711ec66b8ea,2018-12,Essex Police,Essex Police,0.846808,51.890219,On or near KING COEL ROAD,E01021674,Colchester 009B,Unable to prosecute suspect
fcc8e2f827f0692a71c192b4ef92d23190c72f12d7029d6195067873c04bca7a,2018-12,Essex Police,Essex Police,0.055877,51.642324,On or near Sports/Recreation Area,E01021791,Epping Forest 012F,Unable to prosecute suspect
4fcbff75f2e911c45bb15dd554fb8c892303377377bb42f2c8cdc367d83f5e87,2018-12,Essex Police,Essex Police,0.306440,51.622003,On or near Theatre/Concert Hall,E01021433,Brentwood 007A,Investigation complete; no suspect identified
207e8b827f20907c8f00e2812b5b4dc6cc13bbe94146bbdd6d9ad953d35da4bd,2018-12,Essex Police,Essex Police,0.591332,51.560578,On or near Petrol Station,E01021511,Castle Point 002C,Unable to prosecute suspect
d07919eb2c6f4eb83e436603df754d76a2b7fb717905bc3c87f2bb95906f8a28,2018-12,Essex Police,Essex Police,0.204096,51.871393,On or near Petrol Station,E01022087,Uttlesford 005F,Investigation complete; no suspect identified
f2524ea13a63d3681c69a5b9b70cd9f9e0b569e71517e496a0f43266466842f9,2018-12,Essex Police,Essex Police,0.737940,51.541301,On or near Parking Area,E01015884,Southend-on-Sea 009B,Unable to prosecute suspect
b44c773a0fd8756fec1de9dba8f5be9c20c936781051dd06496aac7ec40537ff,2018-12,Essex Police,Essex Police,0.269797,51.472409,On or near OLIVER CLOSE,E01016012,Thurrock 015C,Investigation complete; no suspect identified
bb93483320ad160ed03fb19717f0de9d011d807907d57e03977f5381e6758032,2018-12,Essex Police,Essex Police,0.074617,51.647264,On or near HOMECROFT GARDENS,E01021772,Epping Forest 013B,Investigation complete; no suspect identified
bea4d982b388784562053ad37be2be27bf1a62b7b44376c44f2bcd2045adc0e0,2018-12,Essex Police,Essex Police,0.922576,51.892875,On or near ST EDMUND'S COURT,E01021704,Colchester 022F,Investigation complete; no suspect identified
c42e32b16e81e612f53f0aa863940eeb7e57971bb032172303e0f56140c77953,2018-12,Essex Police,Essex Police,0.125771,51.773172,On or near Sports/Recreation Area,E01021846,Harlow 002C,Unable to prosecute suspect
3ed1ec0c653ef9d70f0327e200ddc9a5bfc8379fb06e26f172d6aeff6c39230f,2018-12,Essex Police,Essex Police,0.704330,51.536118,On or near CAMBRIDGE ROAD,E01015853,Southend-on-Sea 015C,Unable to prosecute suspect
1a3e3a2d1f3ba11d2510c47392c72be9025c3c75e0d89c8bb2daa6a919b74799,2018-12,Essex Police,Essex Police,0.429041,51.575724,On or near TEMPLE CLOSE,E01021289,Basildon 016C,Unable to prosecute suspect
82e67f33ed5062636260c3e9bfdc16bd8cbf6c0591d1e0333c98cf1f53a46be1,2018-12,Essex Police,Essex Police,,,No location,,,Investigation complete; no suspect identified
569cfb72bc38798d2697e35d078c75cb645dd87a3cb611f8e048ba4004f8bbfb,2018-12,Essex Police,Essex Police,0.409131,51.573140,On or near JEFFERSON AVENUE,E01021276,Basildon 014C,Investigation complete; no suspect identified
2aaa3279b32d4457e2e693becb044225b89d5f2e5981ac20208de13e372821cc,2018-12,Essex Police,Essex Police,0.690564,51.560655,On or near CRANSTON AVENUE,E01015868,Southend-on-Sea 002F,Unable to prosecute suspect
ffe79ebaa81d98181b0ca69fa80f39206c81794d394743f368a0b35d13ec52d5,2018-12,Essex Police,Essex Police,0.343423,51.625327,On or near HANGING HILL LANE,E01021447,Brentwood 005A,Unable to prosecute suspect
f9c4ecf61d033112200b9d0552a4d699853dd4382679192a5486002257b0cb50,2018-12,Essex Police,Essex Police,0.492424,51.579557,On or near PETERBOROUGH WAY,E01021271,Basildon 013A,Investigation complete; no suspect identified
b2c1595fc568023a092e9d5ab8a753ace0b9a230fdf124de3cfe7d23420ff45e,2018-12,Essex Police,Essex Police,0.931739,51.783283,On or near STABLE CLOSE,E01021733,Colchester 021C,Investigation complete; no suspect identified
ca62c081d528e86b828ec216707bfe6c288968930bfd8ee5c13a7726f511af4d,2018-12,Essex Police,Essex Police,0.342356,51.482187,On or near MEDINA ROAD,E01015967,Thurrock 014B,Unable to prosecute suspect
d505efcef98eb779b54075bffa7c45d015b987e7054562bdb59a3a14aec2cbf4,2018-12,Essex Police,Essex Police,0.502359,51.564129,On or near TENNYSON DRIVE,E01021316,Basildon 018D,Investigation complete; no suspect identified
4c68542ad9150ca650d60a7b4b8d34546b90a02d769a304ec902d0a3abad8cca,2018-12,Essex Police,Essex Police,0.902706,51.887692,On or near VINEYARD STREET,E01021649,Colchester 007D,Unable to prosecute suspect
c9c77aa873356e8361d66799ba4d8143c0d1aebf0065a26adfb0845eb49835e8,2018-12,Essex Police,Essex Police,0.590921,51.526682,On or near FARM ROAD,E01021494,Castle Point 008B,Unable to prosecute suspect
0ccce3d4e3c04802e3c1a0aa8820f4d60267ea6155fe40951b3a4a6c3ccafcf5,2018-12,Essex Police,Essex Police,1.185767,51.798480,On or near KINGS PARADE,E01022034,Tendring 012C,Unable to prosecute suspect
48e78e5cd79440d9a2ea1d29ed8d152f9726deb9882b957a157e46563c8eedff,2018-12,Essex Police,Essex Police,0.326939,51.490561,On or near LODGE LANE,E01015960,Thurrock 014A,Unable to prosecute suspect
8edefee8bfbd645951121d4dfbd07b0ec8e26a11a419c9af2bd445a21e3bd6f5,2018-12,Essex Police,Essex Police,0.326939,51.490561,On or near LODGE LANE,E01015960,Thurrock 014A,Unable to prosecute suspect
230a0597c0e448fd8f30d9af40033377b0943d6baf41f7dbc4d25a4b49f25a3b,2018-12,Essex Police,Essex Police,1.153112,51.804272,On or near RAMPLINGS AVENUE,E01022042,Tendring 014A,Unable to prosecute suspect
0496c09f3ccba14f6b494c888a77999a4797cc3e0dfbf02d64ff7faa752d4853,2018-12,Essex Police,Essex Police,0.326939,51.490561,On or near LODGE LANE,E01015960,Thurrock 014A,Unable to prosecute suspect
d5aa74c45d441e226a5d90ec9d1408bfb2db6315e83198bc0a4b2cf3f7441e33,2018-12,Essex Police,Essex Police,1.197015,51.803067,On or near FERNWOOD AVENUE,E01022008,Tendring 012A,Unable to prosecute suspect
5a4fb11bd81f617798a618bae64fea5a283dfd3cbf71e4218bd10fc4846cde1e,2018-12,Essex Police,Essex Police,0.484654,51.736715,On or near Prison,E01021627,Chelmsford 010E,Unable to prosecute suspect
0c19c6559388fde9e9522904ffb723a5e4aca491bc430b6c70a1e720d0a49c6a,2018-12,Essex Police,Essex Police,0.016766,51.685627,On or near MASON WAY,E01021809,Epping Forest 008C,Unable to prosecute suspect
6bacfb2e87118b88ad1acbafc9d193f8b0aa8c730878cdfd8d603bfb275fbe22,2018-12,Essex Police,Essex Police,0.280536,51.482444,On or near Parking Area,E01016011,Thurrock 015B,Investigation complete; no suspect identified
b317bb00b75fed0bdf496873e5262d5a80708774afec6c33d4e88e921093b8a1,2018-12,Essex Police,Essex Police,0.276324,51.867643,On or near RODING DRIVE,E01022091,Uttlesford 006C,Investigation complete; no suspect identified
81b02d472ee949230e5f744be963e2b8a72b7241f198e8402bc74c5db5920146,2018-12,Essex Police,Essex Police,0.781203,51.533403,On or near NESS ROAD,E01015917,Southend-on-Sea 017D,Unable to prosecute suspect
053bd570d163b265e97d45a0d441df41603d340feae6f43bd8ffb512b48ffd4f,2018-12,Essex Police,Essex Police,0.464292,51.738098,On or near CEDAR AVENUE,E01021574,Chelmsford 010A,Investigation complete; no suspect identified
ca46de998e5a5efd64290d54a7bc90abbdadc97f77668cfa047ff5d4cc130a7c,2018-12,Essex Police,Essex Police,0.256976,52.022695,On or near HORN BOOK,E01022081,Uttlesford 002F,Investigation complete; no suspect identified
6e72ef0f14b96eccffd8fa37c0f1dc81c16a209358f44e8fdf2f82180611aeee,2018-12,Essex Police,Essex Police,0.284490,51.487772,On or near Shopping Area,E01016011,Thurrock 015B,Local resolution
debbce5c699e48aaca93487393b207072daa4d7ae9645b2286fa48e2c79765a8,2018-12,Essex Police,Essex Police,0.576934,51.565185,On or near KENNETH ROAD,E01021512,Castle Point 004D,Investigation complete; no suspect identified
abfca296a823c05c6079ed3062541923b0082135589d2601b44de2dfd47fe31e,2018-12,Essex Police,Essex Police,0.280536,51.482444,On or near Parking Area,E01016011,Thurrock 015B,Investigation complete; no suspect identified
141533839a3b59ef982b3ba8790612d375921e4e6984b90d3840a13ad0f1c7b0,2018-12,Essex Police,Essex Police,1.279473,51.937104,On or near Supermarket,E01022001,Tendring 001D,Suspect charged
26fc04f183409ee5fe69606e14f61c4c5ce0085be1c1dd7129e469ac9516193d,2018-12,Essex Police,Essex Police,1.185767,51.798480,On or near KINGS PARADE,E01022034,Tendring 012C,Unable to prosecute suspect
0d99505244db08cc58cfe2ff06860f50daffecb6caf952d03c52619aaac11006,2018-12,Essex Police,Essex Police,1.120830,51.775282,On or near SEA CORNFLOWER WAY,E01021988,Tendring 018A,Unable to prosecute suspect
93bf3c0eb11c332a02ac28389a20fbfb0c1df68a7bd3aea272bb2a2581f18b09,2018-12,Essex Police,Essex Police,1.073792,51.843195,On or near GEORGE MITCHEL CLOSE,E01021993,Tendring 009C,Unable to prosecute suspect
42554a537883fe83be724ccb00fff65e72b9544d89e433fbb4c9170a62c67d37,2018-12,Essex Police,Essex Police,0.745463,51.821158,On or near CEDAR AVENUE,E01021726,Colchester 020D,Investigation complete; no suspect identified
0ed97b8efcb8a60c3d8804d5789132ccbc3309706fc2cecd72462e5629f547fc,2018-12,Essex Police,Essex Police,0.309595,51.499402,On or near WELL LANE,E01015942,Thurrock 020C,Unable to prosecute suspect
ce986b60c2facb0e8a3eb30c243f4c6d4be2d6f23f1283a4a98babcdd21e38e2,2018-12,Essex Police,Essex Police,0.016766,51.685627,On or near MASON WAY,E01021809,Epping Forest 008C,Unable to prosecute suspect
9a0e58c8892d3b2682975bda384506cdaf3821251373b3cb84901b695deb83e9,2018-12,Essex Police,Essex Police,0.309595,51.499402,On or near WELL LANE,E01015942,Thurrock 020C,Unable to prosecute suspect
7fab8a19126fd819e36d1d2bf4aa8a6563b7d1a17781fd3cfecf6aa187d3f829,2018-12,Essex Police,Essex Police,0.115851,51.687481,On or near FLUX'S LANE,E01021759,Epping Forest 006D,Unable to prosecute suspect
95205174c4a5028b0e77bcb89561e9bdae557885de12905e34198583b52b3fa2,2018-12,Essex Police,Essex Police,0.623788,51.550395,On or near ALMA CLOSE,E01021517,Castle Point 005A,Investigation complete; no suspect identified
788333b7cec4337d9edf7b709683bec864665e6a589d744b0c7c084c22e6b5a8,2018-12,Essex Police,Essex Police,0.727044,51.532274,On or near BURDETT ROAD,E01015841,Southend-on-Sea 014C,Unable to prosecute suspect
2b8fb2771829c979f0dce5895dc0bfc023e818436724d1a5e53aa45559f87632,2018-12,Essex Police,Essex Police,0.107473,51.770255,On or near WHITEWAITS,E01021852,Harlow 003D,Unable to prosecute suspect
90f84fe06f5a337a6eef06346644f239981eaade087db3da7e1ed0f08cc512f9,2018-12,Essex Police,Essex Police,0.575528,51.873297,On or near HUNTER DRIVE,E01021369,Braintree 012D,Local resolution
94f73581b308dbb46af10d86472ea3780cbd774ca8b64dd3b5a8145fbc4bccb0,2018-12,Essex Police,Essex Police,0.466253,51.737400,On or near Parking Area,E01021574,Chelmsford 010A,Unable to prosecute suspect
5db75f00e7b9d2f526fa43b6a93acc3703c6eec5ba7bf02ec060bf2c7df0fc44,2018-12,Essex Police,Essex Police,0.707609,51.549075,On or near EAST STREET,E01015861,Southend-on-Sea 004E,Investigation complete; no suspect identified
9ed75c2ab9163b8bb087afa02bed3fb149e176cfef0894d91ad380dbfd646bab,2018-12,Essex Police,Essex Police,0.579444,51.516736,On or near ESSEX CLOSE,E01021502,Castle Point 011E,Unable to prosecute suspect
1e89b20b11be2ede552751e9a52e8b9cd5a3ed726eee847ec457d2f763901fbc,2018-12,Essex Police,Essex Police,0.706150,51.578922,On or near THE RIDINGS,E01021952,Rochford 007C,Unable to prosecute suspect
5edb496122aa849a4e0857a9f996e6b68f7c1880592287116a094cc7c90bee34,2018-12,Essex Police,Essex Police,0.486524,51.723294,On or near SPOONER CLOSE,E01021563,Chelmsford 014B,Unable to prosecute suspect
3b1952f15c8696994c959ba4d4acea4d88109236d131d687e67c24cea299f0c0,2018-12,Essex Police,Essex Police,0.568159,51.878854,On or near CRESSING ROAD,E01021370,Braintree 011B,Unable to prosecute suspect
bbf7c04590a36b1eb4a50c82e4c9d943c0fc7dd13782453d30dc075e4a579e67,2018-12,Essex Police,Essex Police,1.030239,51.813486,On or near BAYARD AVENUE,E01021981,Tendring 011C,Unable to prosecute suspect
9f0299d368bf1e6843e4c94ab470d81d1ebb6b1cf368288943ac03bb11ecc30b,2018-12,Essex Police,Essex Police,0.088416,51.764363,On or near APPLETON CLOSE,E01021872,Harlow 007E,Further investigation is not in the public interest
966e9f0195734e92f5b176a760c9c50ed6b8f861eed239d181a572023b2058d1,2018-12,Essex Police,Essex Police,0.899288,51.889233,On or near Shopping Area,E01021649,Colchester 007D,Unable to prosecute suspect
161933c09f6eb5686d7bdac1f25b7f81b269ed7b8d6fc9d144e7f484e7792b0f,2018-12,Essex Police,Essex Police,0.493507,51.570855,On or near STUBLANDS,E01021326,Basildon 022D,Unable to prosecute suspect
598d9f0f7347fec200ea490ab6296e580a2d80bce0d9b15e23915bced59e8811,2018-12,Essex Police,Essex Police,0.491520,51.571212,On or near RAVENSFIELD,E01021326,Basildon 022D,Unable to prosecute suspect
c433ca397cfede92d7a16eb66e46f4bbe9ef99136ee4cb20ee10958639d62728,2018-12,Essex Police,Essex Police,0.491520,51.571212,On or near RAVENSFIELD,E01021326,Basildon 022D,Investigation complete; no suspect identified
18f1fbf836259df87bbf91d5a047d37c820d4d5e714e0cab347b7456803fa7ca,2018-12,Essex Police,Essex Police,0.683783,51.741247,On or near BENBRIDGE CLOSE,E01021888,Maldon 003E,Investigation complete; no suspect identified
ff4803b7265c40cb4986f55089b434418e22534f066b5260bafdd715b4967032,2018-12,Essex Police,Essex Police,0.561494,51.523605,On or near ST PETERS ROAD,E01021503,Castle Point 010D,Suspect charged
8aecae0ee3d862c396681772a071fee5610a312fc379f5ce033b0e6a49b99659,2018-12,Essex Police,Essex Police,0.466069,51.575590,On or near HORSLEY CROSS,E01021266,Basildon 015A,Unable to prosecute suspect
669513f5a1c5afe4470a012996314b5afb7aa75a39e856fbb491378d0a5186b2,2018-12,Essex Police,Essex Police,0.231669,51.485749,On or near CHIEFTAN DRIVE,E01016014,Thurrock 015E,Unable to prosecute suspect
4db839fc221ecfec3d83213b930979b6a8ec64f648e229c455adaad716768b43,2018-12,Essex Police,Essex Police,0.231669,51.485749,On or near CHIEFTAN DRIVE,E01016014,Thurrock 015E,Unable to prosecute suspect
3de82f75b7143893fa06c108ecc1c19e7bad536986e755d5e9217bdc432753b7,2018-12,Essex Police,Essex Police,0.795596,51.529193,On or near Sports/Recreation Area,E01015877,Southend-on-Sea 013B,Unable to prosecute suspect
88be4c6bd9a1a90e773951632d0e2c48c33a444f8af723826154fe0f878f98e5,2018-12,Essex Police,Essex Police,0.187051,51.582121,On or near Petrol Station,E01002353,Havering 013B,Action to be taken by another organisation
2b87c24f45a51d157a92c4b99cd3e5954d9e89be02990fabe943206d16d9dea0,2018-12,Essex Police,Essex Police,0.902108,51.780700,On or near THE LANE,E01021734,Colchester 021D,Unable to prosecute suspect
239df6671aafd10e6240ce81432b7269a77fbee340f5d8b99bbcad3e4552954c,2018-12,Essex Police,Essex Police,0.632330,51.942312,On or near NEW STREET,E01021392,Braintree 004D,Unable to prosecute suspect
7b165812fbcf29c1a7fac790efaca3fa7ecba6f3bcd5ccff990e2b4ee78fbc5c,2018-12,Essex Police,Essex Police,0.481969,51.569131,On or near FAIRVIEW ROAD,E01021322,Basildon 019A,Local resolution
0099962ae022914fcfe1557ae09f4f51eb66b6882ea0926d6f730e4abc06b2bf,2018-12,Essex Police,Essex Police,0.192378,51.881962,On or near BIRCHANGER LANE,E01022087,Uttlesford 005F,Formal action is not in the public interest
0b10dc32e81288d9284b06659c06d5a50b00ae20e885f8b4064b098ebfdef57e,2018-12,Essex Police,Essex Police,0.262086,51.499906,On or near STANFORD GARDENS,E01015926,Thurrock 008E,Investigation complete; no suspect identified
8dbc00a0b42542442fd4556b09d5b6e615d6b4aa007a4aa797f3ee44fe07cc4d,2018-12,Essex Police,Essex Police,0.479805,51.568349,On or near GORDON ROAD,E01021322,Basildon 019A,Local resolution
6b1f5059091d6561f8de9edaf56a65e66166a20badccd81295298821ddabc24c,2018-12,Essex Police,Essex Police,0.714143,51.536234,On or near Shopping Area,E01015852,Southend-on-Sea 015B,Unable to prosecute suspect
b83afba0ef23c7db4a8df85888b5a9a75531971847342e3fdb0e14c1c993b103,2018-12,Essex Police,Essex Police,0.076393,51.652278,On or near LAWTON ROAD,E01021778,Epping Forest 011E,Investigation complete; no suspect identified
af03345e6e96a782a9b405d8e84240c3541ce63c227b6d785d492cf279a7a21c,2018-12,Essex Police,Essex Police,0.782388,51.541487,On or near WEAVERDALE,E01015878,Southend-on-Sea 013C,Investigation complete; no suspect identified
3b5aa3b54d29013fe8db82008a85989a11c2d21e81df992cbce85b1188691a60,2018-12,Essex Police,Essex Police,0.567737,51.526166,On or near SIXTH AVENUE,E01021507,Castle Point 010E,Offender given a caution
30804d7abd6e3105a62fc7b80517a4b8915c70d1420880e97eee9bf464730c4a,2018-12,Essex Police,Essex Police,0.039813,51.618666,On or near BROADFIELD WAY,E01021748,Epping Forest 015G,Investigation complete; no suspect identified
9bf6b13008655689f26a10e19872872fd98a963d365c395f6ab14ba7be376a5b,2018-12,Essex Police,Essex Police,0.472270,51.734594,On or near TINDAL STREET,E01033141,Chelmsford 010G,Investigation complete; no suspect identified
97bd2489bc4470169bed05ed4599b69ed41286b83120ab6a612ab22874609a5b,2018-12,Essex Police,Essex Police,0.574160,51.563097,On or near LONDON ROAD,E01021526,Castle Point 004E,Unable to prosecute suspect
3a4ba73ed2b7314e99b54a65c601d7c953b7bbe0c0f6cd6227e377ff6d7a61eb,2018-12,Essex Police,Essex Police,0.902706,51.887692,On or near VINEYARD STREET,E01021649,Colchester 007D,Local resolution
a0324fb215d308f808d882d2c95b7874ead9cd887c6f644f4b16a75c68c1a72a,2018-12,Essex Police,Essex Police,0.899875,51.890226,On or near Nightclub,E01021649,Colchester 007D,Unable to prosecute suspect
a1f8e9fa149f2cb1231d4f79ff521a768694c8ef8a3a0c25d80bdd867c23f9dc,2018-12,Essex Police,Essex Police,0.899875,51.890226,On or near Nightclub,E01021649,Colchester 007D,Unable to prosecute suspect
7f5775bbbb6e12c759fc450e05f0710aecdfc39b826494c90e9ab0c54eb317ce,2018-12,Essex Police,Essex Police,0.899875,51.890226,On or near Nightclub,E01021649,Colchester 007D,Unable to prosecute suspect
a76672ec67434e18d91b724497bdab7190d25a385520b44b935f0c1a713d4a2a,2018-12,Essex Police,Essex Police,0.707741,51.586269,On or near ST MARK'S FIELD,E01021953,Rochford 004C,Unable to prosecute suspect
f373b547c7e8975bd8b9ff912775775a87500c2a77fa067090c8036f79adcf3b,2018-12,Essex Police,Essex Police,0.595788,51.518975,On or near ASH ROAD,E01021498,Castle Point 011B,Unable to prosecute suspect
fe6156897185900f2920ef64ffb7cb4ecbae8b681da88d0cd733be215980a8c7,2018-12,Essex Police,Essex Police,0.703299,51.583674,On or near Hospital,E01021955,Rochford 004D,Unable to prosecute suspect
397e64d6b2b4539be2fd0d2ae8d373d8b126ac01b64dd3337dda82fb07aaaade,2018-12,Essex Police,Essex Police,0.087744,51.656744,On or near AUDLEY GARDENS,E01021775,Epping Forest 011B,Unable to prosecute suspect
ab1899dea3f385aef692277e5d1d54e75caac11f76926ebbf8e2457fb3c69ecd,2018-12,Essex Police,Essex Police,0.340105,51.489139,On or near LODGE LANE,E01015964,Thurrock 010B,Unable to prosecute suspect
6dc0fff2c116d73caab365790849496553e571b4b22545cc3ab3e67a55e26819,2018-12,Essex Police,Essex Police,0.243291,52.016905,On or near MOUNT PLEASANT ROAD,E01022075,Uttlesford 001B,Investigation complete; no suspect identified
1db96994fde74ddc2688078c7a934157ddaa13b1fe56a858502fb3f8088ee48b,2018-12,Essex Police,Essex Police,0.073055,51.658326,On or near COLES GREEN,E01021788,Epping Forest 012C,Action to be taken by another organisation
201e4d1851bd282137b91a165ce557d386ca4f46e0252ff5f3cefbf6e22daabc,2018-12,Essex Police,Essex Police,0.278595,51.479918,On or near MOTHERWELL WAY,E01016012,Thurrock 015C,Unable to prosecute suspect
8b5df0f367b11aae9ab9e8f3ecdbfee7dd22ebdcf0264c705a1d438dc179ec30,2018-12,Essex Police,Essex Police,0.424066,51.561708,On or near THE HYDE,E01021283,Basildon 021D,Unable to prosecute suspect
faa034a92b7e41f6848f7f5723b5e0a98ee6e232fc3ebe6e0005c25aa2deea09,2018-12,Essex Police,Essex Police,0.502419,51.623519,On or near VERA ROAD,E01021604,Chelmsford 018D,Investigation complete; no suspect identified
9fad76f676f752b0f30507256270a70f9623b591248d36919d873d361f65b91a,2018-12,Essex Police,Essex Police,0.455569,51.568490,On or near Further/Higher Educational Building,E01021318,Basildon 015C,Unable to prosecute suspect
c0e463561ba29c759f68dd55320b041e272137d2fd8279fe073c243da366db7e,2018-12,Essex Police,Essex Police,0.660371,51.547422,On or near Parking Area,E01015850,Southend-on-Sea 011F,Suspect charged
a3072035aaddc9e515a1e0369e15f27127eeda936a49564c556617fac7d31b7b,2018-12,Essex Police,Essex Police,0.459707,51.571362,On or near NORTH GUNNELS,E01021318,Basildon 015C,Offender given a drugs possession warning
2bbe8c85740b1b146195ba82452874a9c4f7236ee08e234fd9bbaa4219e33c98,2018-12,Essex Police,Essex Police,0.447317,51.572044,On or near DELIMANDS,E01021293,Basildon 017C,Investigation complete; no suspect identified
6c0be61c09a3281fd113eb095f96ecf146c191b733f34b7624e52d3673e4ab79,2018-12,Essex Police,Essex Police,0.309065,51.707222,On or near Park/Open Space,E01021769,Epping Forest 003A,Investigation complete; no suspect identified
bdbe103e98079e0178f89c5870ac27cf0aa5e651540066f1c8be57e6b7e1536d,2018-12,Essex Police,Essex Police,0.073055,51.658326,On or near COLES GREEN,E01021788,Epping Forest 012C,Action to be taken by another organisation
fdf40f94472951ac734b2c7e665832271f1c6b0f698272421b42dda841315892,2018-12,Essex Police,Essex Police,0.880769,51.902603,On or near AXIAL DRIVE,E01021681,Colchester 004C,Unable to prosecute suspect
cecb2bb70fed881f6a3ce28e39437972dcae1899e702eed9eb09b1a55497e35f,2018-12,Essex Police,Essex Police,0.425305,51.648637,On or near Supermarket,E01021245,Basildon 002A,Unable to prosecute suspect
6ac889b41a546a7523bed7531a82d0c564cb82c2a925001ebe7310417e02fbbd,2018-12,Essex Police,Essex Police,0.796892,51.536681,On or near VERMEER CRESCENT,E01015876,Southend-on-Sea 013A,Suspect charged
330b40090e848a205e8de3883b965763b774530b3f56658f6d4e3acaad9961d3,2018-12,Essex Police,Essex Police,0.070517,51.643893,On or near PARKMEAD,E01021773,Epping Forest 013C,Unable to prosecute suspect
d459d657996df2c1e1c736d2b5f3ce3f471ce864cd847f488b13f68966bbc989,2018-12,Essex Police,Essex Police,0.796892,51.536681,On or near VERMEER CRESCENT,E01015876,Southend-on-Sea 013A,Suspect charged
e4ed11fc033602f16164e2e515f552742a9f2b54e6edeef747dc007a3072452f,2018-12,Essex Police,Essex Police,0.502915,51.565583,On or near BURNS AVENUE,E01021316,Basildon 018D,Investigation complete; no suspect identified
095f821f2e6533c7695ba4be091a3cf83caed7c170f7fe38094e9f8833f4a354,2018-12,Essex Police,Essex Police,0.443720,51.579233,On or near Pedestrian Subway,E01021268,Basildon 015B,Suspect charged
4c81b8596206e6459b18f0196ccd4e7b5d40bb9392adfce12e0e53f2f27f94ab,2018-12,Essex Police,Essex Police,0.567982,51.879820,On or near BEAUMONT PLACE,E01021370,Braintree 011B,Investigation complete; no suspect identified
b084b78f55e0079789535fcc68f40c0ad4639e3346ccb7a598b3c74221d05a91,2018-12,Essex Police,Essex Police,0.322008,51.478851,On or near QUARRY HILL,E01015956,Thurrock 016B,Unable to prosecute suspect
2e34b4241d6bcd87a6e27b4d2222bd5d69c7aa65d7bb1419ddffa7717cb5b5e6,2018-12,Essex Police,Essex Police,0.342393,51.483463,On or near BOSCOMBE AVENUE,E01015967,Thurrock 014B,Unable to prosecute suspect
d1f32b1ca5a6942664cf1acdb93815c62a51f7d20e2724747620369ea581e9e2,2018-12,Essex Police,Essex Police,1.105667,51.773624,On or near MORRIS AVENUE,E01021988,Tendring 018A,Unable to prosecute suspect
1f39729a3ea4de99c9e4880427ac7c4aca63b620cb9f4f1b8e291c6812bf70d6,2018-12,Essex Police,Essex Police,0.925889,51.898225,On or near BARKSTEAD ROAD,E01021703,Colchester 022E,Unable to prosecute suspect
21accfe4528a6a5fd5861b5f64aac5bd25d893fe7280bf9921bb1f140a4a0780,2018-12,Essex Police,Essex Police,0.622181,51.641778,On or near MERTON PLACE,E01021610,Chelmsford 020F,Unable to prosecute suspect
3b0e07dc0f3bf9a40537fc907308d9ff50c7f02c08089d1fd08629072a12f660,2018-12,Essex Police,Essex Police,0.753606,51.814052,On or near TAWELL MEWS,E01021643,Colchester 019A,Investigation complete; no suspect identified
23c5834ff37dcfa9788cd5349db46e59661c1358bfd1f348d060e9f8f6819928,2018-12,Essex Police,Essex Police,0.094394,51.758241,On or near OLD ORCHARD,E01021869,Harlow 007C,Unable to prosecute suspect
4f75e391a92e40836a440e7c51b81d1605a407fd8baa78cfeb8ae4e9117c823a,2018-12,Essex Police,Essex Police,0.272092,51.666109,On or near MILL LANE,E01021444,Brentwood 001D,Unable to prosecute suspect
d677335cc3916a0b5657c18ef992258ee0e25d17e55edd348bfc89669727b7ac,2018-12,Essex Police,Essex Police,0.484476,51.559536,On or near POLSTEADS,E01021325,Basildon 019D,Action to be taken by another organisation
85ec3a3ec50ac781bbadf53164dbbc5904ba0e0ec1c39b0b3f81fac0e2c6ef50,2018-12,Essex Police,Essex Police,0.486217,51.559454,On or near LONDON ROAD,E01021311,Basildon 022C,Local resolution
d94333d07e0d81c0d7ad0e5837298b3c42caf5fee39047d359d13622110ce5f9,2018-12,Essex Police,Essex Police,0.432500,51.612372,On or near BRIAR VIEW,E01021259,Basildon 009C,Investigation complete; no suspect identified
ac92e4ccd3dec5f96df1822c96b0690dc3a28815dd5a7e778ef79adb376b588e,2018-12,Essex Police,Essex Police,0.484476,51.559536,On or near POLSTEADS,E01021325,Basildon 019D,Action to be taken by another organisation
7fdbea93327a755a13c3ba79ed222efc8597722fada74388417b1440022716e9,2018-12,Essex Police,Essex Police,0.725456,51.549606,On or near ST LUKE'S ROAD,E01015869,Southend-on-Sea 006A,Unable to prosecute suspect
0d14a669e77d804a2c9fb8bfae50f3455ffebfa2566f082b3f9427dac0cf7a30,2018-12,Essex Police,Essex Police,0.294551,51.617731,On or near Police Station,E01021439,Brentwood 007C,Unable to prosecute suspect
e11d5cd437ef161c0ace840f2c9bb8e7442ec5fd72c86377948091e8da00231b,2018-12,Essex Police,Essex Police,0.057293,51.651265,On or near YORK CRESCENT,E01021791,Epping Forest 012F,Unable to prosecute suspect
d8a77c30cf7fb343d8b947337fbe6a39d27019b3208420ba0bff42f6c076b425,2018-12,Essex Police,Essex Police,0.598981,51.523410,On or near KEEGAN PLACE,E01021496,Castle Point 009D,Unable to prosecute suspect
36750cf3358cfdd3312928e2c2cfb0eb7ec777157cfcefa9ed149153917560d1,2018-12,Essex Police,Essex Police,0.725456,51.549606,On or near ST LUKE'S ROAD,E01015869,Southend-on-Sea 006A,Unable to prosecute suspect
37da310b5a9b08f7dcb26bf13935bc90105b5ebabbddd3fe30802e41d4eb1284,2018-12,Essex Police,Essex Police,0.478813,51.571077,On or near BROWNLOW GREEN,E01021320,Basildon 015D,Investigation complete; no suspect identified
9f58e877201fd76997dfa54aa3bab727a0ea2c579f74a94ea7cbd7f751ad01d6,2018-12,Essex Police,Essex Police,0.581820,51.871280,On or near PLAINS FIELD,E01021367,Braintree 012C,Unable to prosecute suspect
4999d4123d92e7428444ad09fc54e5d5d30d26f15605e9a981ae335e0acf2827,2018-12,Essex Police,Essex Police,0.102611,51.752645,On or near AYLETS FIELD,E01021858,Harlow 010B,Unable to prosecute suspect
116aa0faaaa2372507a8e1786436eb8c65600aa30e5e83b5ad6bf5122d9a0423,2018-12,Essex Police,Essex Police,0.712497,51.540310,On or near Bus/Coach Station,E01015895,Southend-on-Sea 010A,Unable to prosecute suspect
dd5c45d23056d5c02544ff0ff8880eae5362f8122fb473c0582f8ca0a82741df,2018-12,Essex Police,Essex Police,0.439830,51.747826,On or near CHERWELL DRIVE,E01021597,Chelmsford 003B,Unable to prosecute suspect
07803feddcf00df4d2a8c4bc82f78a469318429bf21ddfd5f129af69cbac70df,2018-12,Essex Police,Essex Police,0.453120,51.748449,On or near SPALDING AVENUE,E01021596,Chelmsford 006E,Unable to prosecute suspect
3b669dfb7f55c41879b12aa0f1d590b356344db6fef368704942f4e36d52620d,2018-12,Essex Police,Essex Police,0.791530,51.530837,On or near ROSEWOOD LANE,E01015877,Southend-on-Sea 013B,Unable to prosecute suspect
ade7c37736762dfe5df6f85589350646855085e5ec78221636afd4da23bcfaf3,2018-12,Essex Police,Essex Police,0.340522,51.477871,On or near CRESCENT AVENUE,E01015969,Thurrock 014D,Unable to prosecute suspect
4551319dcbc4f9aa5e31b9cf535e24acebb2fe39254e31e5654a1089dd3f4ee9,2018-12,Essex Police,Essex Police,0.498600,51.750062,On or near LUPIN DRIVE,E01021621,Chelmsford 007B,Unable to prosecute suspect
26a88a18a686f197d6deede7622bc47136a49047f54f87d01f842a36088286d9,2018-12,Essex Police,Essex Police,0.716314,51.536840,On or near BALTIC AVENUE,E01015852,Southend-on-Sea 015B,Unable to prosecute suspect
8c19ede03a6c649fe04b5f1d072b94ef198a3e3ba0dc3a2860b6eae3a59ea4bd,2018-12,Essex Police,Essex Police,0.727306,51.549904,On or near NORWICH AVENUE,E01015875,Southend-on-Sea 006G,Suspect charged
f66a55088891b2540cdc364cf5a180f5ad94bb34eab0a047dfc253a0380b3179,2018-12,Essex Police,Essex Police,1.153551,51.802047,On or near OLD ROAD,E01022042,Tendring 014A,Suspect charged
63a5dbda29a3f0c8f75c4448120c8d800a1d1b68c190da978d4539075b425500,2018-12,Essex Police,Essex Police,1.164183,51.801402,On or near ARCHERY FIELDS,E01022049,Tendring 014D,Unable to prosecute suspect
ab51e46812f3735cf288f5f96c2208e066421ca5cd2c5419f0b4d57952e96678,2018-12,Essex Police,Essex Police,0.903575,51.888768,On or near Theme/Adventure Park,E01021648,Colchester 007C,Investigation complete; no suspect identified
b5ce4f6a201248430255d8402e987abe66f032c68d89c4db02adba8ec89c93b0,2018-12,Essex Police,Essex Police,1.273035,51.936411,On or near Supermarket,E01022000,Tendring 002A,Investigation complete; no suspect identified
6697df5e5260788b821449bb6142c56fe45cba66c8e4a8384e34b7a3f6d3e675,2018-12,Essex Police,Essex Police,0.288966,51.632202,On or near Petrol Station,E01021464,Brentwood 004E,Investigation complete; no suspect identified
5796bf26181a2f6750395e1f5446807834c333aa983bd2b90f16afeac0f93f18,2018-12,Essex Police,Essex Police,0.921243,51.911759,On or near GAZELLE COURT,E01021669,Colchester 002B,Unable to prosecute suspect
10fcc34d19d31d92a2ccd28e3526494aae442408dc45df6d14548bab724243f3,2018-12,Essex Police,Essex Police,0.727463,51.542409,On or near OBAN ROAD,E01015843,Southend-on-Sea 014E,Suspect charged
915696a0a885755675989bd77ea95eeffcafd810a40035b298686c786812d180,2018-12,Essex Police,Essex Police,1.281605,51.938205,On or near CROWN LANE,E01022001,Tendring 001D,Investigation complete; no suspect identified
53e7adb61a84fd3c5421b35f5e6047c64f89725fb5d2f5263f81e89a90d309cf,2018-12,Essex Police,Essex Police,0.058523,51.609473,On or near THE CHILDERS,E01021752,Epping Forest 016D,Unable to prosecute suspect
0a2aafccc3a7955eae24d073c5a12a68d4d20a1bb2831c81fe5e7411801ccf18,2018-12,Essex Police,Essex Police,0.008481,51.687694,On or near THE GLADEWAY,E01021813,Epping Forest 007B,Unable to prosecute suspect
ac739bbf0d454c563ed4d4884aa507ef432f102a7173f659e8d7fb5ea37ab756,2018-12,Essex Police,Essex Police,0.198180,51.906754,On or near NORMAN'S WAY,E01022083,Uttlesford 005C,Investigation complete; no suspect identified
e22b9f07cf34ef7a1f0d9801b75124eb7cf80928c6d3e9af8aa26f632ee76c8a,2018-12,Essex Police,Essex Police,0.727463,51.542409,On or near OBAN ROAD,E01015843,Southend-on-Sea 014E,Investigation complete; no suspect identified
9bc1c383a6c063809a16d1a2af9644a1133b4cbfd3389f24eb550fd9c340842e,2018-12,Essex Police,Essex Police,0.442167,51.581774,On or near UPPER MAYNE,E01021279,Basildon 010E,Unable to prosecute suspect
5270e6fc841c172b275cff5c33ef19f507f2bc3d52f2f9800fd83cfaed22014e,2018-12,Essex Police,Essex Police,0.462186,51.721478,On or near Petrol Station,E01021556,Chelmsford 012A,Investigation complete; no suspect identified
c0996e14b1df6a7a422f723db5dc508352127eab8d283e0c8849b1666bdd210a,2018-12,Essex Police,Essex Police,0.928291,51.879728,On or near KING EDWARD QUAY,E01021685,Colchester 011C,Investigation complete; no suspect identified
535bb73e299e597aea1ec5bbdf3da6bf9f4806842a218080c20e12dbd2bd55ce,2018-12,Essex Police,Essex Police,0.610044,51.550963,On or near BEECH ROAD,E01021518,Castle Point 006B,Unable to prosecute suspect
676c7a58e545cab8dc9b418252a86a17355c4cb68e0c7558592be05b7fa07479,2018-12,Essex Police,Essex Police,0.520333,51.755246,On or near A130,E01021537,Chelmsford 005B,Investigation complete; no suspect identified
6ae4babcd245a504502e5c48c58f2606ec0c730b1fc0b00692c248122734f40f,2018-12,Essex Police,Essex Police,0.442167,51.581774,On or near UPPER MAYNE,E01021279,Basildon 010E,Unable to prosecute suspect
0cf9225cf853c5004471aa4430c47cd73e6a1c79e0fbc78fd630dfe55b7f67dd,2018-12,Essex Police,Essex Police,0.925409,51.883226,On or near PERTWEES COURT,E01021685,Colchester 011C,Unable to prosecute suspect
53ab891459acd678b61b42b8c3493b8cf1beb5299689733a8f9fa21ad3ef8455,2018-12,Essex Police,Essex Police,0.442167,51.581774,On or near UPPER MAYNE,E01021279,Basildon 010E,Unable to prosecute suspect
8863cc79d4d291712958979258115bbd7a9da6b10dd99f5496d171a8bb7ef1f2,2018-12,Essex Police,Essex Police,0.288966,51.632202,On or near Petrol Station,E01021464,Brentwood 004E,Investigation complete; no suspect identified
4357268eef6f800ddd29800f7927d62729a00d29272a895ebbe49f44f878917c,2018-12,Essex Police,Essex Police,0.416509,51.623512,On or near Supermarket,E01021244,Basildon 004A,Unable to prosecute suspect
e97d5162ca104aa90839b4922c7be8b8a95ce82750c3d8f98d1cbf017860978b,2018-12,Essex Police,Essex Police,0.281531,51.509871,On or near DERRY AVENUE,E01015972,Thurrock 006C,Unable to prosecute suspect
2c340f4d3beff412e25aab5f5e9da028d82c725abcf9a7a239af7defa123170e,2018-12,Essex Police,Essex Police,0.325241,51.831165,On or near THE STREET,E01022096,Uttlesford 009D,Investigation complete; no suspect identified
7428b600308b76ec5209397dd89ab19ca038566c48910df3292f9c782a2b735e,2018-12,Essex Police,Essex Police,0.689866,51.742915,On or near HILLARY CLOSE,E01021888,Maldon 003E,Unable to prosecute suspect
b9c4306451212d2f37dd82002dd67f94170aa7595930f3fdb3d679193ff9740e,2018-12,Essex Police,Essex Police,0.444694,51.730854,On or near HATFIELD GROVE,E01021631,Chelmsford 009E,Unable to prosecute suspect
0cdde44e143c44d003d587a75f2a5bf24e251f0952b9684e10850cfda4599378,2018-12,Essex Police,Essex Police,0.706305,51.588830,On or near THE BOULEVARD,E01021954,Rochford 007D,Investigation complete; no suspect identified
6bbb9b37eb8cc09465a1b489de528e201df9af731eaf4dda4ecc82c8c2fbcc7f,2018-12,Essex Police,Essex Police,0.203336,51.895075,On or near JORDAN CLOSE,E01022086,Uttlesford 006A,Unable to prosecute suspect
1725f5b52c623bb6fbc334b6b7b7b4382a229d32954890db96c9a12772ec57d8,2018-12,Essex Police,Essex Police,0.282026,51.488629,On or near Parking Area,E01016011,Thurrock 015B,Unable to prosecute suspect
1725f5b52c623bb6fbc334b6b7b7b4382a229d32954890db96c9a12772ec57d8,2018-12,Essex Police,Essex Police,0.282026,51.488629,On or near Parking Area,E01016011,Thurrock 015B,Unable to prosecute suspect
474ed8babefb2d26cb1db3e3f60304648cde23477a9516f584e90a383927e620,2018-12,Essex Police,Essex Police,0.657612,51.562459,On or near SHIRLEY ROAD,E01015818,Southend-on-Sea 003E,Unable to prosecute suspect
60cf58fda30c04a440c73945e7b6a776528a14f94a4e8efcb88c8a8ce591207e,2018-12,Essex Police,Essex Police,0.203530,51.815524,On or near LITTLE HEATH,E01022070,Uttlesford 009C,Investigation complete; no suspect identified
e25a8f30576138c179a36615c13e935a015c88b35a89a46aec533dd9a335e1f0,2018-12,Essex Police,Essex Police,0.324242,51.496442,On or near FIELDWAY,E01015994,Thurrock 009D,Unable to prosecute suspect
01c2e88b7c9302262d89c34fccbb011aa1a4e0bb702c4dc61420e53b1c38d35d,2018-12,Essex Police,Essex Police,0.706047,51.567961,On or near WARNERS BRIDGE CHASE,E01021956,Rochford 007E,Action to be taken by another organisation
08296a48b7ac03d584db025db690e7b1cf0414516e4d5f519c633ca363387e5e,2018-12,Essex Police,Essex Police,0.603468,51.527258,On or near NEWLANDS ROAD,E01021495,Castle Point 009C,Unable to prosecute suspect
ffcf87d4bc489aece7653afc1a095df37a56c38eea4d8899b3fb77e48c185f33,2018-12,Essex Police,Essex Police,0.282966,51.514079,On or near ESKLEY GARDENS,E01015973,Thurrock 006D,Investigation complete; no suspect identified
2bc62eb24da200a44df6c3a3e453d460ab9950ce85131df36eab45019623c9d0,2018-12,Essex Police,Essex Police,0.370501,51.488870,On or near NEVELL ROAD,E01015937,Thurrock 012E,Investigation complete; no suspect identified
89c6c2d727c241db2e5bff98cb11e1afc4bfb29266d908930760cbccd6fc23e8,2018-12,Essex Police,Essex Police,0.593705,51.520379,On or near OAK ROAD,E01021498,Castle Point 011B,Investigation complete; no suspect identified
1da2ed567bc6ae8f6e4879fc9df7a5de5c280bdbe6220c08d5ffbdccf2308716,2018-12,Essex Police,Essex Police,0.440436,51.569399,On or near TRINDEHAY,E01021287,Basildon 017A,Investigation complete; no suspect identified
47f1ed6fbc3e81820e0bf61a69455d6cda10cb381237d33c7ba3f9cfd98cf24b,2018-12,Essex Police,Essex Police,,,No location,,,Investigation complete; no suspect identified
bb59d55fbd91ccea59f76bc49cb649ba5534fba351db456946eb0f8d691e69a9,2018-12,Essex Police,Essex Police,0.695330,51.877636,On or near MONKDOWNS ROAD,E01021377,Braintree 014A,Unable to prosecute suspect
e0fd41b53971f8b276b03e927d52a4f4eb3e48083d7c2ab783b5c96364c8dd29,2018-12,Essex Police,Essex Police,0.924388,51.887874,On or near HUNTING GATE,E01021706,Colchester 022H,Investigation complete; no suspect identified
92a5f67c086099f9c746ff6a0c04e1ef65476c945a667025866f2792f3dc16d7,2018-12,Essex Police,Essex Police,0.643021,51.809989,On or near WALNUT DRIVE,E01021420,Braintree 017C,Unable to prosecute suspect
ac0f9b79905e5a2e75a8469236c474147b2c541bf464afd6d34a9af5990cb4eb,2018-12,Essex Police,Essex Police,0.700525,51.551981,On or near BURR HILL CHASE,E01015861,Southend-on-Sea 004E,Unable to prosecute suspect
13a46da1aea12a46cd4e892fbd9d91f180dd634fd8b40399e3c99d45559a71b4,2018-12,Essex Police,Essex Police,0.893532,51.917264,On or near Parking Area,E01021680,Colchester 004B,Unable to prosecute suspect
b1e7d551272f6a835c1c41fdb951b61dad4178963a00fe15e118bfe3dd3fa19b,2018-12,Essex Police,Essex Police,0.405647,51.524648,On or near HIGH ROAD,E01015980,Thurrock 004D,Local resolution
697c0af298132c9b8140e07d05710f84d9747903244fb1c9870e3b36520b39d9,2018-12,Essex Police,Essex Police,0.472270,51.734594,On or near TINDAL STREET,E01033141,Chelmsford 010G,Suspect charged
6a722a8b851da2f23e55036af2b329df14008bb87868f45aae0a950fc75a1bfe,2018-12,Essex Police,Essex Police,1.254508,51.943599,On or near HAMILTON STREET,E01033051,Tendring 002F,Unable to prosecute suspect
a5109796bd680a6a4d082d1d948eaacbfa1568f5a3edab96dc27cf5074968055,2018-12,Essex Police,Essex Police,1.254508,51.943599,On or near HAMILTON STREET,E01033051,Tendring 002F,Unable to prosecute suspect
c2a880425679b1ed9c4536e269e832a9caa49c938f60832209742acb76c27892,2018-12,Essex Police,Essex Police,0.244622,51.705144,On or near Supermarket,E01021753,Epping Forest 004A,Unable to prosecute suspect
93b4eff23639f93575a94d21c015e1b47681659d6a9deb52e568457b195b7490,2018-12,Essex Police,Essex Police,0.468128,51.738062,On or near Parking Area,E01021574,Chelmsford 010A,Unable to prosecute suspect
264cc848372373c51f3534523c31de591de07aa2662ae24ffe1fab77e6390342,2018-12,Essex Police,Essex Police,0.475214,51.731744,On or near Shopping Area,E01033140,Chelmsford 010F,Investigation complete; no suspect identified
8eba4d6f9e06bd2077d79308e9005a941bc3b2369053d92b46a7a0fa6c8928bc,2018-12,Essex Police,Essex Police,1.254508,51.943599,On or near HAMILTON STREET,E01033051,Tendring 002F,Unable to prosecute suspect
24a6e6157a7f48582275dfbb11a39a273e3172ff96d80f3dfcf778e6b36e8294,2018-12,Essex Police,Essex Police,0.901433,51.872893,On or near LORD HOLLAND ROAD,E01021637,Colchester 018A,Investigation complete; no suspect identified
ebd93c660cee4a3b107ee0b573e440ac0e26a29c11ea30e1ef6b6b50df6c717d,2018-12,Essex Police,Essex Police,,,No location,,,Unable to prosecute suspect
73a9ac7c5c6f8f2d74bf15927281dc5b63d7d45272f7117821686953392380ec,2018-12,Essex Police,Essex Police,0.098586,51.771475,On or near THE HIDES,E01021851,Harlow 003C,Investigation complete; no suspect identified
9f333c975f89c0e7df3949704006d320fcec35033e0f06f626613978cc12fe18,2018-12,Essex Police,Essex Police,0.713316,51.537359,On or near High Street Southend,E01015852,Southend-on-Sea 015B,Investigation complete; no suspect identified
7829431af5da151ffd36eb7ff480b7cc2a020c59952fdcfe4476c74a210481d1,2018-12,Essex Police,Essex Police,0.264850,51.609036,On or near Petrol Station,E01021468,Brentwood 006D,Investigation complete; no suspect identified
954e1c6567ca99b0c569075cebc62e9e42777258247549920c8217ed6ac97a7d,2018-12,Essex Police,Essex Police,0.031099,51.628628,On or near TRENT ROAD,E01021745,Epping Forest 015D,Unable to prosecute suspect
3c4735b8f18f89eccaf3f49c65c236c1b8be2b46143fb5f9508ada3eb4302331,2018-12,Essex Police,Essex Police,0.476101,51.734998,On or near Parking Area,E01033141,Chelmsford 010G,Suspect charged
1f7784d7ed2e2c2e4f924d9702250838f807ebd5b87aa55db68f0c44625f8df1,2018-12,Essex Police,Essex Police,0.720578,51.533386,On or near LUCY ROAD,E01015841,Southend-on-Sea 014C,Investigation complete; no suspect identified
2e9b2392da6fafe3565fc87d825651c98af09af4f56e2777a2e24bfb923403d2,2018-12,Essex Police,Essex Police,0.504768,51.564104,On or near BROADWAY LINK,E01021316,Basildon 018D,Investigation complete; no suspect identified
b956b8d6eb7887b3036423d64a5fddf57df9ab8ed58b892210350a52605efdc8,2018-12,Essex Police,Essex Police,0.442770,51.519249,On or near CANON CLOSE,E01015985,Thurrock 003B,Investigation complete; no suspect identified
2b74d72150b38130b5f8b5f43c7b6d10b7f607bb3e86b2220e89d3178c26b6a1,2018-12,Essex Police,Essex Police,0.503637,51.713011,On or near COLLEY ROAD,E01021561,Chelmsford 013C,Investigation complete; no suspect identified
8835dd68d35b75e4bc7f7b4f67ffb5a06cc63a70b8a94ec0ac1a8d1f3fe51d2b,2018-12,Essex Police,Essex Police,0.513283,51.582970,On or near CHARLESTON COURT,E01021309,Basildon 011E,Unable to prosecute suspect
584b1f56066314c81c8679ddc0a049f9075887305cb6af93c6ae36435607ccfc,2018-12,Essex Police,Essex Police,0.900615,51.887717,On or near VINEYARD GATE,E01021649,Colchester 007D,Investigation complete; no suspect identified
f1e26443dd81fcc6e8e193cc278830caf558d1c5ab0ce4eaed21d6b0075b9234,2018-12,Essex Police,Essex Police,0.527419,51.854044,On or near AYLESBURY DRIVE,E01021386,Braintree 013E,Unable to prosecute suspect
bd4faa53130c11d1ef794690a7416de1206c237b1b5d70a14640bcf6cd1a75e2,2018-12,Essex Police,Essex Police,0.447985,51.562974,On or near GERNONS,E01021294,Basildon 020A,Investigation complete; no suspect identified
1383ccfab7b4b77f158487800ff451e49937d4585dd8b8fe6d28c5542f1dd127,2018-12,Essex Police,Essex Police,0.713596,51.539394,On or near Nightclub,E01015852,Southend-on-Sea 015B,Unable to prosecute suspect
1f6c31a868e022305a7995e8111cf54c5091d266474c01ce93c4a3d707cd17ce,2018-12,Essex Police,Essex Police,0.714143,51.536234,On or near Shopping Area,E01015852,Southend-on-Sea 015B,Investigation complete; no suspect identified
cb99fe3e5c370e000cabbfa351332b4565107b267900fcbe48176c510bfb5248,2018-12,Essex Police,Essex Police,0.687328,51.877693,On or near WESTFIELD DRIVE,E01021379,Braintree 014C,Investigation complete; no suspect identified
6bce663de1b2cf275f9a0aac7277eec8555f6c56d7420dc917798bf8d3e9a5e2,2018-12,Essex Police,Essex Police,0.290951,51.638899,On or near HATCH ROAD,E01021462,Brentwood 006B,Investigation complete; no suspect identified
560b2c9d39b88c75160b8095231eb0e227e9711af09bd5b77bd0cb8da1243b5f,2018-12,Essex Police,Essex Police,0.711519,51.535997,On or near CLARENCE ROAD,E01015852,Southend-on-Sea 015B,Investigation complete; no suspect identified
dcfa05bf6c413d0f8d85a2cc5d7860d2a3404afc7f2b2b54b782eb56d5097572,2018-12,Essex Police,Essex Police,1.139751,51.794268,On or near ST OSYTH ROAD,E01021969,Tendring 017B,Investigation complete; no suspect identified
c908fa306b85ab57212b8517fc9e4c536de44eaa8fb260b5b17db1960e4ed710,2018-12,Essex Police,Essex Police,0.707721,51.582771,On or near OLD SHIP LANE,E01021955,Rochford 004D,Investigation complete; no suspect identified
5953e3fd95f10656bdabd152c09c46aa000d00d748b744a6551ca3a801df7366,2018-12,Essex Police,Essex Police,0.135652,51.704883,On or near COOPERSALE COMMON,E01021756,Epping Forest 006A,Unable to prosecute suspect
caddcc3a8d0a61bc61c40eedf492581c2fd3a60efee7467660b2562cbb35640e,2018-12,Essex Police,Essex Police,1.076904,51.798782,On or near CHURCH SQUARE,E01022047,Tendring 018E,Unable to prosecute suspect
10f0c5882c1e30c2e41ec0e3a9eccd5c3708bd15974c2254a891c7be04993d49,2018-12,Essex Police,Essex Police,0.581820,51.871280,On or near PLAINS FIELD,E01021367,Braintree 012C,Unable to prosecute suspect
ebeab8a0e82629d3a14b21bf4c01e26b36d6da51657c676f63c71881bed5d78a,2018-12,Essex Police,Essex Police,0.084919,51.764884,On or near Sports/Recreation Area,E01021842,Harlow 004D,Unable to prosecute suspect
9540f6f0e54c9fecc8fcf5de698ee3795072d34af4629ec0e9f48214ee145d13,2018-12,Essex Police,Essex Police,0.472504,51.567568,On or near MISTLEY SIDE,E01021295,Basildon 020B,Investigation complete; no suspect identified
89a8f879a20b0fdac3bf78777d182835ac7ee38fe4a781c24005f41a815b5179,2018-12,Essex Police,Essex Police,0.472504,51.567568,On or near MISTLEY SIDE,E01021295,Basildon 020B,Investigation complete; no suspect identified
33beb2a83653a69e0e3ce562ffa1beb5e8ae28fbff912e92b1137706733cf3a0,2018-12,Essex Police,Essex Police,1.117180,51.786271,On or near VIRGINIA CLOSE,E01021989,Tendring 018B,Unable to prosecute suspect
0ca6861340231d37436661b040a5227a5bb51aabdfd02781c4e24cf5414c0b50,2018-12,Essex Police,Essex Police,0.521198,51.652363,On or near CHURCH LANE,E01021604,Chelmsford 018D,Unable to prosecute suspect
84497c897f06d3f6c016687f27d1ebd67b0759838ad71549d294fd6c00f7acc1,2018-12,Essex Police,Essex Police,0.283452,51.501596,On or near CORVE LANE,E01015929,Thurrock 007C,Unable to prosecute suspect
2ae3c1b4033efd2938dc56dfe2b7e75c3f560c8fdfe29efbb043adfd9419d6b5,2018-12,Essex Police,Essex Police,0.086303,51.771334,On or near Hospital,E01021843,Harlow 004E,Unable to prosecute suspect
b74ecc597600b20719c4cff34901b0fea0b4e79c42aa0487240824b6132f62cb,2018-12,Essex Police,Essex Police,0.909402,51.884262,On or near JAMES STREET,E01021686,Colchester 011D,Unable to prosecute suspect
a648a966e12b4ea6a30ab8267ed9589d5f08c279db6bb6c7d3b038a80090e9dd,2018-12,Essex Police,Essex Police,0.455025,51.557871,On or near FOBBING FARM CLOSE,E01021297,Basildon 020D,Unable to prosecute suspect
55b68e1247e4ba48f8c3fe71752293cc34112844e7289fd31227060d7f23e9a3,2018-12,Essex Police,Essex Police,0.537901,51.761810,On or near CLEVES COURT,E01021536,Chelmsford 005A,Unable to prosecute suspect
df339f8e11b26bd7bc6d7d342cffd685bf242e7da90dcab32b8bfb86a7dacdd1,2018-12,Essex Police,Essex Police,0.550961,51.568829,On or near ELGAR CLOSE,E01021525,Castle Point 001D,Investigation complete; no suspect identified
b3bacae4c76f7e1c2e33afe47b7fd8b48ab11d1c2e41cc1ab2af3ad3b7350fae,2018-12,Essex Police,Essex Police,1.060285,51.945575,On or near STATION ROAD,E01022020,Tendring 003F,Investigation complete; no suspect identified
aed5416836cf0b3bc5061c4c90613daf41e4cd48df28e543f1cea5a11350c7d3,2018-12,Essex Police,Essex Police,0.455025,51.557871,On or near FOBBING FARM CLOSE,E01021297,Basildon 020D,Unable to prosecute suspect
5e2a096ba6a5f398fb668d97ee4d64a6fe5dda2bdbde2248637417c06f042da4,2018-12,Essex Police,Essex Police,0.356329,51.630401,On or near LAMBOURNE DRIVE,E01021449,Brentwood 003B,Unable to prosecute suspect
ea1ef77981690107654f971d71472728ec54abb768c67bf2b7fd4cac48821fd6,2018-12,Essex Police,Essex Police,0.455364,51.569789,On or near Shopping Area,E01021318,Basildon 015C,Unable to prosecute suspect
44fafb0fbeb7d80152f90d2e176459b9bbdf1793ae249d9e954049123a22e682,2018-12,Essex Police,Essex Police,0.192378,51.881962,On or near BIRCHANGER LANE,E01022087,Uttlesford 005F,Formal action is not in the public interest
b4634176c7d1dc012e098dfcd6c950923c17ee899c0250183418c4f0accd6f59,2018-12,Essex Police,Essex Police,0.592651,51.710648,On or near HAWKS CLOSE,E01021572,Chelmsford 016E,Unable to prosecute suspect
117b85115e937ab9a61dabaa81467e5b36ca90ede4ccc1fff51432519fa9bfb7,2018-12,Essex Police,Essex Police,0.282026,51.488629,On or near Parking Area,E01016011,Thurrock 015B,Investigation complete; no suspect identified
7a800d820347344464fda15320045d44a72b50672d781c1ba2051a0809185739,2018-12,Essex Police,Essex Police,0.552316,51.877733,On or near Supermarket,E01033459,Braintree 009F,Local resolution
5e6607e58211c6346c3dc5639039be746ff26abdfbb31a0579847a7d94d84a64,2018-12,Essex Police,Essex Police,0.076401,51.629679,On or near Sports/Recreation Area,E01021750,Epping Forest 016B,Unable to prosecute suspect
c5899f33523094ded605f355234f785ed87e92983697ec649999c2398c6b4d43,2018-12,Essex Police,Essex Police,0.658225,51.547974,On or near Supermarket,E01015821,Southend-on-Sea 005B,Unable to prosecute suspect
7da2064ca969154434933f90a80e8694db6db8279c6d775a7589e088aa0c4895,2018-12,Essex Police,Essex Police,0.562614,51.545596,On or near HIGH STREET,E01021522,Castle Point 007C,Unable to prosecute suspect
724a9d4c64c44d452e1813c9f08f2e1a238ecc64d3499e857def401f6dfa19db,2018-12,Essex Police,Essex Police,0.648079,51.556082,On or near TUDOR GARDENS,E01015819,Southend-on-Sea 003F,Unable to prosecute suspect
68e720f07723c6c8c4d62c24b8e2e5f9befbea682eccf47698ee805f5c1f7383,2018-12,Essex Police,Essex Police,0.094846,51.771452,On or near ADAMS HOUSE,E01021872,Harlow 007E,Investigation complete; no suspect identified
8df261112dcec0ff938039664cb51cb034c17b96c1be4fa1121e1a6b12e02c1c,2018-12,Essex Police,Essex Police,0.044145,51.642098,On or near ALBION HILL,E01021780,Epping Forest 014A,Investigation complete; no suspect identified
6a14b69d16ada0f6ff70f84b3809111941286d7730b7def706b1fea4f6bc0991,2018-12,Essex Police,Essex Police,0.689028,51.605766,On or near ALEXANDRA ROAD,E01021927,Rochford 002B,Suspect charged
9352de87dda6e0636a50da1e24411915c64ca27b72dea367f6e8f547f3ef489d,2018-12,Essex Police,Essex Police,0.481222,51.566817,On or near SOUTHVIEW ROAD,E01021324,Basildon 019C,Unable to prosecute suspect
16ca7d32c1ed80bf6b4725cda6e6f141556100e3a17377b6a231c81aed6b4251,2018-12,Essex Police,Essex Police,0.323432,51.476835,On or near Shopping Area,E01015954,Thurrock 017D,Suspect charged
75e3409837df8936f35bed728454f09e234387da0a167ffbef91c05a4f4ba0b2,2018-12,Essex Police,Essex Police,0.635627,51.943704,On or near Shopping Area,E01021387,Braintree 004A,Local resolution
d9b90d48f5a53fa969348be4216713e5f4918d153b7436661f2bbeecf32f7452,2018-12,Essex Police,Essex Police,-0.002165,51.686760,On or near Supermarket,E01021818,Epping Forest 009C,Investigation complete; no suspect identified
afd986e9e311e85e28a6758f59e4be26f88b685b09353027ef6dd9c1c9fcbf4c,2018-12,Essex Police,Essex Police,0.316734,51.476815,On or near Supermarket,E01015953,Thurrock 017C,Unable to prosecute suspect
99a53f3f955e2c9bbc4ad35f9d88f3eef11ac2058b588f32b1cc76012c1f86ed,2018-12,Essex Police,Essex Police,0.741125,51.593058,On or near ASH TREE COURT,E01021915,Rochford 004A,Unable to prosecute suspect
a3018024b2b44e804453a2c36a17ccdd4fea0dc78d046a1a3ff9f4b0e1df04f0,2018-12,Essex Police,Essex Police,0.099619,51.664050,On or near THEYDON PARK ROAD,E01021803,Epping Forest 010B,Investigation complete; no suspect identified
7d5124e159d681fbe4e4d54e8d362054e69af2095c49fde115aac4be598e9412,2018-12,Essex Police,Essex Police,0.780348,51.530968,On or near AVON WAY,E01015917,Southend-on-Sea 017D,Unable to prosecute suspect
c88a77878d47d389a219c374038eca2a53e095d9496e70a7905a2edf7465dacd,2018-12,Essex Police,Essex Police,0.589685,51.527518,On or near ETON CLOSE,E01021494,Castle Point 008B,Investigation complete; no suspect identified
0debe843e9b85fec23b94baeb8a1a2c2677a8f8a6e13c45de7d46a06e5553a45,2018-12,Essex Police,Essex Police,0.651056,51.569802,On or near RAYLEIGH ROAD,E01015834,Southend-on-Sea 001B,Investigation complete; no suspect identified
c764e205d5a9eb76301613097493eddff9dd5c6f6885eafb2107d1479d0c46f0,2018-12,Essex Police,Essex Police,0.912379,51.883999,On or near WINSLEY ROAD,E01021687,Colchester 011E,Investigation complete; no suspect identified
e250b8a1acf9f4a54d4f8c81eefba8dfc20c95bb499d899d86cb1efa77859b5e,2018-12,Essex Police,Essex Police,0.924191,51.906991,On or near Petrol Station,E01021670,Colchester 002C,Suspect charged
d636ee8189a5d3d7eeaa01ff4e18f55ecec454e8c045037b97d212d92b8d86c9,2018-12,Essex Police,Essex Police,0.395649,51.569810,On or near MAIN DRIVE,E01021277,Basildon 014D,Suspect charged
d636ee8189a5d3d7eeaa01ff4e18f55ecec454e8c045037b97d212d92b8d86c9,2018-12,Essex Police,Essex Police,0.395649,51.569810,On or near MAIN DRIVE,E01021277,Basildon 014D,Suspect charged
2bb60cf2949bf5cb33324d1da77444a2b4e84209d22c2dd82816f2065a63e4f2,2018-12,Essex Police,Essex Police,0.395649,51.569810,On or near MAIN DRIVE,E01021277,Basildon 014D,Suspect charged
2bb60cf2949bf5cb33324d1da77444a2b4e84209d22c2dd82816f2065a63e4f2,2018-12,Essex Police,Essex Police,0.395649,51.569810,On or near MAIN DRIVE,E01021277,Basildon 014D,Suspect charged
cf872acff97f88e209bba6ec68bf2ba120578dc869aeb85a6487cdda3c9d6177,2018-12,Essex Police,Essex Police,0.395649,51.569810,On or near MAIN DRIVE,E01021277,Basildon 014D,Suspect charged
cf872acff97f88e209bba6ec68bf2ba120578dc869aeb85a6487cdda3c9d6177,2018-12,Essex Police,Essex Police,0.395649,51.569810,On or near MAIN DRIVE,E01021277,Basildon 014D,Suspect charged
9667ff7ff56ac912e288234a6bf52d555ed5f8878379402a9c1cf04848b55b2c,2018-12,Essex Police,Essex Police,0.471939,51.696677,On or near MORETONS,E01021554,Chelmsford 017C,Unable to prosecute suspect
cd5cb024611d690cd40742fdff58447a13ac6ea36f4e0b28256488a86c0df05b,2018-12,Essex Police,Essex Police,1.158897,51.791992,On or near HOLLAND ROAD,E01022027,Tendring 016D,Unable to prosecute suspect
a0ba6c011ffe119b11ea9c49150c837b132944cceaf95e1f529f76c42534ea4c,2018-12,Essex Police,Essex Police,0.561894,51.544587,On or near HIGH STREET,E01021480,Castle Point 007A,Unable to prosecute suspect
9cfc355ecbd20c4558d81b2cf5f6dc3f96b1043cf9f862b3b851ccf177c40cfc,2018-12,Essex Police,Essex Police,0.291489,51.479982,On or near SEWELL CLOSE,E01033611,Thurrock 019C,Investigation complete; no suspect identified
75278eae5e4eeff83e4d4d0408432d35b871a564b505b78c5e2a2cc457bfcd9c,2018-12,Essex Police,Essex Police,0.850990,51.804265,On or near CHURCH LANE,E01021644,Colchester 019B,Investigation complete; no suspect identified
e7b56d2333ed7b35f55e2806777ca00ab0405cbb5f64a361c315cbae6f44b6f3,2018-12,Essex Police,Essex Police,1.153551,51.802047,On or near OLD ROAD,E01022042,Tendring 014A,Suspect charged
ad17866084aec5fe85939daf92d38cfa16ab5017a2df28179bb74d4d78d113f4,2018-12,Essex Police,Essex Police,1.153551,51.802047,On or near OLD ROAD,E01022042,Tendring 014A,Unable to prosecute suspect
7cd6dfaf4fb4482342bc3f7df8faace5606845fdf0f18a7eb0ea7389ddfe6a40,2018-12,Essex Police,Essex Police,0.575961,51.887218,On or near NORRIS CLOSE,E01021349,Braintree 007A,Unable to prosecute suspect
48cb5742e18a4e6ae904612da262d42c71287341f92d27b64d693263e2ef5918,2018-12,Essex Police,Essex Police,1.153551,51.802047,On or near OLD ROAD,E01022042,Tendring 014A,Suspect charged
7718389e9ff02f2b6948761c38765674d59abfe9fd9ee925e5674894127aba6b,2018-12,Essex Police,Essex Police,0.907985,51.858476,On or near CHESTNUT AVENUE,E01021641,Colchester 018E,Investigation complete; no suspect identified
a329e007d1a2e237288cd65ab6c57f5d8fd684e497102c4c778c274e3787b2f8,2018-12,Essex Police,Essex Police,1.153340,51.787393,On or near Nightclub,E01022025,Tendring 016B,Investigation complete; no suspect identified
7f44bcc9d153655097bc2bdeb4b321ffbc35e5717fcffe1e38d9cd3ba52a2f26,2018-12,Essex Police,Essex Police,0.691430,51.581914,On or near HALL ROAD,E01021954,Rochford 007D,Unable to prosecute suspect
486b73df9fcbf5e9dbf8105f75c89c0a12eb308b14eaf16b7df156a0bffc75c5,2018-12,Essex Police,Essex Police,1.148663,51.797061,On or near MAGDALEN ROAD,E01021970,Tendring 016A,Unable to prosecute suspect
f2db74b1b0b3c9e9e26639ba052c6bbe9c325deefa893cca65689ce2b6555234,2018-12,Essex Police,Essex Police,1.125924,51.798208,On or near MENDLESHAM CLOSE,E01022031,Tendring 015D,Unable to prosecute suspect
c6ef75d6f93a3d1f7fc7ecf750569bc1e7ed99d6192f551be2a3d59523bfe462,2018-12,Essex Police,Essex Police,0.727306,51.549904,On or near NORWICH AVENUE,E01015875,Southend-on-Sea 006G,Unable to prosecute suspect
8609a3d7ba594bf9d9d721e054ae5dd578bafdbb2a5da712f0025ea82c30a336,2018-12,Essex Police,Essex Police,0.475573,51.698039,On or near BARNARD ROAD,E01021554,Chelmsford 017C,Unable to prosecute suspect
4501b45773b7e73fece011a731ca1dc0c0763350a1551437a33ea120667132c1,2018-12,Essex Police,Essex Police,0.676415,51.724175,On or near FAMBRIDGE ROAD,E01021894,Maldon 005B,Offender given a drugs possession warning
0641559057f26c146bce674a30e968f33c5aead6096a2f08039e974573a29094,2018-12,Essex Police,Essex Police,0.045511,51.639376,On or near NEWNHAM CLOSE,E01021780,Epping Forest 014A,Investigation complete; no suspect identified
cd6aaac1da82f976aed91de1bfac8f39844d9d0464d69050c0d74633ea7fea24,2018-12,Essex Police,Essex Police,0.565542,51.522266,On or near FIRST AVENUE,E01021486,Castle Point 010B,Unable to prosecute suspect
e8ce4177ea65aab06b70b7ba34380e3ccbf238692fc5916fbd1dcaf3e4f0c34e,2018-12,Essex Police,Essex Police,0.410154,51.634173,On or near WICK GLEN,E01021246,Basildon 002B,Investigation complete; no suspect identified
4a21557efc9c7cd3665c70063ef7fbcbbc4bef379035ea281f9b1c4f31102124,2018-12,Essex Police,Essex Police,0.727306,51.549904,On or near NORWICH AVENUE,E01015875,Southend-on-Sea 006G,Unable to prosecute suspect
9b3172c99b9445df72da62ef7d0a1d49c0cdba05b46fee3596ea9ea871dc846a,2018-12,Essex Police,Essex Police,0.558641,51.553966,On or near HIGH ROAD,E01021522,Castle Point 007C,Investigation complete; no suspect identified
cdc266bf49e8b16e4de94a320a95b1dec8e028cb87bc729a9bb0de09979154d2,2018-12,Essex Police,Essex Police,0.814210,51.545522,On or near CUPIDS CHASE,E01021921,Rochford 010B,Suspect charged
f456b1968145a5e03baabc4a92d05e1d84b9d3e4818ee9c96d85aadb35473e14,2018-12,Essex Police,Essex Police,0.325596,51.489940,On or near LUDLOW PLACE,E01015957,Thurrock 009A,Investigation complete; no suspect identified
46003b48d1b71d8421862adc713d92c4b3688e7faf7d543055f9bbd4341a0919,2018-12,Essex Police,Essex Police,0.377253,51.490999,On or near SEMPER ROAD,E01015938,Thurrock 012F,Investigation complete; no suspect identified
ed6f26585ca1e6fbef7bdbcd05c73975a1fdb62f24fbd0904c9258b35a817342,2018-12,Essex Police,Essex Police,1.287314,51.946420,On or near CHURCH STREET,E01021997,Tendring 001A,Unable to prosecute suspect
f90602b8b33502e4989f15ca874226338afdbca4a2f23f2ae9e5527df55c3068,2018-12,Essex Police,Essex Police,0.252071,51.510117,On or near RAVEL GARDENS,E01015924,Thurrock 008C,Investigation complete; no suspect identified
b53a9494ac7cd8c3f894987db6d88be6f25020c4363cc60fb738c22d15ed63d8,2018-12,Essex Police,Essex Police,0.520333,51.755246,On or near A130,E01021537,Chelmsford 005B,Unable to prosecute suspect
0a98b8efb9b0674c6154daeaa5461f1e6e5a89b6e455d015022d6440580aa3b9,2018-12,Essex Police,Essex Police,0.250354,51.485212,On or near SOUTH GATE,E01015921,Thurrock 015A,Investigation complete; no suspect identified
ee6663802d6ad8dae515f5d2852f198c9c103c33bdeaa7e0675d91db69722243,2018-12,Essex Police,Essex Police,0.378743,51.670480,On or near EXLEY CLOSE,E01021457,Brentwood 002A,Unable to prosecute suspect
65ff0983c0522ff6a4b0c1601a996e0e33497672f61cc12087fe6809866dbe1f,2018-12,Essex Police,Essex Police,0.500938,51.570832,On or near Pedestrian Subway,E01021305,Basildon 013D,Unable to prosecute suspect
2838bed292b59792acb5a3304ca1acf2601f5b1fa85661c740f4e15acc34e70b,2018-12,Essex Police,Essex Police,0.595676,51.552478,On or near Park/Open Space,E01021520,Castle Point 006C,Unable to prosecute suspect
962e104a706fc1be6268e98d1bc88493ba6df3583e0637fba5269f09d07d2cc7,2018-12,Essex Police,Essex Police,0.489100,51.715083,On or near DORSET AVENUE,E01021565,Chelmsford 014C,Unable to prosecute suspect
0b092ac479ecf16343f51d5cbb94ed756a8c5d71fb9cb9b0eed7f6eecfc59785,2018-12,Essex Police,Essex Police,0.122226,51.757535,On or near TRACYES ROAD,E01021821,Harlow 008A,Investigation complete; no suspect identified
c382613571af84dba42bfb57a4921644beaa38c1980b5d34ac8811e041036e0a,2018-12,Essex Police,Essex Police,0.489100,51.715083,On or near DORSET AVENUE,E01021565,Chelmsford 014C,Unable to prosecute suspect
470679abaf425aa7aa37b295790046d1c8b54847b12c1e52a53ed2d6ab9ac308,2018-12,Essex Police,Essex Police,0.458555,51.727678,On or near ROOKES CRESCENT,E01033139,Chelmsford 009G,Unable to prosecute suspect
067272724d9e6fe754ca018e5a6b38382c23f2d62da2f4daf989deb881fb04c8,2018-12,Essex Police,Essex Police,0.920449,51.885175,On or near TARRETT DRIVE,E01021685,Colchester 011C,Suspect charged
7a683549f333058774d520b2f4d72c5c456e3d8854e3c57a64740f472f9f15c0,2018-12,Essex Police,Essex Police,0.354930,51.503420,On or near BAKER STREET,E01015977,Thurrock 004A,Unable to prosecute suspect
9d0ba9d77ab9434b84d5071990651335f2cfdacc82efea309b2d68ba9e91df42,2018-12,Essex Police,Essex Police,0.094394,51.758241,On or near OLD ORCHARD,E01021869,Harlow 007C,Unable to prosecute suspect
544a2553d275bbe49169abb15c2af57a0121e708921beb08f18753e2aa717d55,2018-12,Essex Police,Essex Police,0.539912,51.589618,On or near SOUTHEND ARTERIAL ROAD,E01021344,Basildon 008D,Investigation complete; no suspect identified
484d4b43f6f9c26449dcd4c572c6a594b82bac1ecb369d25ed054de560bc2c53,2018-12,Essex Police,Essex Police,0.007864,51.685195,On or near ROCHFORD AVENUE,E01021813,Epping Forest 007B,Investigation complete; no suspect identified
c318158c726709cd3b1b6d3c0608610646d2602da29f00c2484998cbd722db1e,2018-12,Essex Police,Essex Police,0.895674,51.887964,On or near CHURCH WALK,E01021649,Colchester 007D,Unable to prosecute suspect
2706410bcb1060a5588ec07060996b79b542ebf9db9933f8b11a9847e424b84f,2018-12,Essex Police,Essex Police,0.373479,51.484637,On or near ST PETERS ROAD,E01015933,Thurrock 012A,Unable to prosecute suspect
35da6172f99e13c7429a1e2a7846c909888f460b024dddc40c80786d07b64351,2018-12,Essex Police,Essex Police,0.298562,51.605350,On or near CHINDITS LANE,E01021472,Brentwood 008C,Unable to prosecute suspect
a5fd575296f10b620a680bcc89b4030eb127dfcd262cf2491703a3445b230280,2018-12,Essex Police,Essex Police,,,No location,,,Investigation complete; no suspect identified
220e39cceac516145be743929ae5b34291aca9391135eadee2e695098333a204,2018-12,Essex Police,Essex Police,0.688376,51.561721,On or near DENTON CLOSE,E01015868,Southend-on-Sea 002F,Investigation complete; no suspect identified
66bce9fb0bada4743a8c0a6c0a871c19401cad7387bb3fafef5fb91774467f53,2018-12,Essex Police,Essex Police,1.152226,51.789923,On or near ROSEMARY ROAD,E01022025,Tendring 016B,Investigation complete; no suspect identified
b2042a8703941e35d1f383a2837c0ff9ce1c481e6dced3b2be08526759c4116d,2018-12,Essex Police,Essex Police,0.018503,51.683376,On or near HONEY LANE,E01021809,Epping Forest 008C,Local resolution
009d101862cd7e347a0583c369af3ba769bbe6d636fca8b93477ec805825ede5,2018-12,Essex Police,Essex Police,0.455025,51.557871,On or near FOBBING FARM CLOSE,E01021297,Basildon 020D,Unable to prosecute suspect
b4f27e342ad57ad130ea19d0c2da23e3f73d873302fae717f8da36a6901a2a7e,2018-12,Essex Police,Essex Police,0.751812,51.809363,On or near Church Road,E01021723,Colchester 020A,Investigation complete; no suspect identified
724790ccf85ab9893e941fb4ec3a51ed00916c073a24656df94964715e5271ed,2018-12,Essex Police,Essex Police,0.723844,51.533985,On or near SOUTHCHURCH AVENUE,E01015842,Southend-on-Sea 014D,Unable to prosecute suspect
06feda900762a23196bc4919f271dc060d69d53d526dd8a64c543f9a14be8afa,2018-12,Essex Police,Essex Police,0.692323,51.546971,On or near BRIGHTWELL AVENUE,E01015902,Southend-on-Sea 007B,Unable to prosecute suspect
98847f842083939cc9030a2719f909adfda967b108e3d705b2dd0674502757a8,2018-12,Essex Police,Essex Police,0.715320,51.534677,On or near Shopping Area,E01015852,Southend-on-Sea 015B,Unable to prosecute suspect
640a52e93866fcc4401466773c10e3318896ec9bbf8f0a8c8aaff4d1f4fded64,2018-12,Essex Police,Essex Police,1.144951,51.797295,On or near CROFT ROAD,E01021970,Tendring 016A,Unable to prosecute suspect
d1a658000b2f423269e11b7719625c3d070dd64dbd29c5aa5a29d6c4885908fb,2018-12,Essex Police,Essex Police,0.925409,51.883226,On or near PERTWEES COURT,E01021685,Colchester 011C,Unable to prosecute suspect
0085475e26b39cd7e71ff3a4dd9fff1e3b64c22e70f6771cbc30ae03b63f9b32,2018-12,Essex Police,Essex Police,0.121149,51.771349,On or near MOMPLES ROAD,E01021847,Harlow 002D,Unable to prosecute suspect
3eab0ac1e9609b783eff676e8f69e628138bd349e6b835902205c6a4f40dd15c,2018-12,Essex Police,Essex Police,0.741996,51.549265,On or near SHERWOOD WAY,E01015886,Southend-on-Sea 009D,Investigation complete; no suspect identified
0882bce897821461bc112bef4da5cf0783eebe66e7975b7723e321e7e247a7e1,2018-12,Essex Police,Essex Police,0.424474,51.566115,On or near WESTMEDE,E01021283,Basildon 021D,Unable to prosecute suspect
94e97b733f90a35b6c27a440326499231016a29abd2c68c4328e69d2ca980e13,2018-12,Essex Police,Essex Police,0.925409,51.883226,On or near PERTWEES COURT,E01021685,Colchester 011C,Unable to prosecute suspect
bb67bc6405c0bc2d50852e62844cc263500054eb64d6cfa48bd9874091731eb0,2018-12,Essex Police,Essex Police,0.472257,51.733569,On or near Shopping Area,E01033141,Chelmsford 010G,Investigation complete; no suspect identified
b410f1e3d7d0bdad14c61e10329b38478962bc8d7285deef0d8103c738189875,2018-12,Essex Police,Essex Police,0.917521,51.924991,On or near SEVERALLS LANE,E01033720,Colchester 002F,Investigation complete; no suspect identified
ef5e9015e24cd9c9a376c72e07656028d28638187bbbbf7df5fd6d0215ac2c10,2018-12,Essex Police,Essex Police,0.476747,51.570509,On or near CLAYBURN CIRCLE,E01021320,Basildon 015D,Unable to prosecute suspect
1fc49b81760642f1f0ded0ae8f4bfe42cf20c9a298efaade6089ef392646bde0,2018-12,Essex Police,Essex Police,0.621973,51.617878,On or near COVENTRY CLOSE,E01021944,Rochford 001C,Local resolution
2fec2ad7e23bf6d22327a11206ccacdd50ce4c6ac021a8113c9ffb1ef1be7de6,2018-12,Essex Police,Essex Police,0.690564,51.560655,On or near CRANSTON AVENUE,E01015868,Southend-on-Sea 002F,Unable to prosecute suspect
1d26487dd0cf83f2c2c7e905e575ef4e0960a5d139dd93d9d9ac15dcfde1c3f6,2018-12,Essex Police,Essex Police,0.703299,51.583674,On or near Hospital,E01021955,Rochford 004D,Unable to prosecute suspect
04868d11c61eb59effb37cb94e0130924d642f555f6314f0f9b8931d421f4f3c,2018-12,Essex Police,Essex Police,0.596739,51.514915,On or near ATHERSTONE ROAD,E01021498,Castle Point 011B,Unable to prosecute suspect
1602cbe32465a19a2eca90da53fdd57f8b62e498bc648ce087d150ad4d0e869a,2018-12,Essex Police,Essex Police,0.355201,51.654093,On or near ROMAN CLOSE,E01021460,Brentwood 002D,Investigation complete; no suspect identified
f88002953cdfb0b7300806a62197e683486bc84d6aae0c97ad18088c79ccaad4,2018-12,Essex Police,Essex Police,0.856991,51.847522,On or near NEW CUT,E01021644,Colchester 019B,Unable to prosecute suspect
08cf395ff7a8f3662ae0126374c48a14b3849d9556c1e4f963a4ddce4608e88a,2018-12,Essex Police,Essex Police,0.599062,51.557970,On or near KILN ROAD,E01021529,Castle Point 006D,Investigation complete; no suspect identified
44caef3641f75eb1a678e0469472ff9db9fac36e960e93bf35ef12b815ecd380,2018-12,Essex Police,Essex Police,0.443720,51.579233,On or near Pedestrian Subway,E01021268,Basildon 015B,Investigation complete; no suspect identified
b0b9a8355cee636fc31b3b27fe336f30d3d23147fcaf4392e4467804d57ad47c,2018-12,Essex Police,Essex Police,0.699078,51.588448,On or near Petrol Station,E01021930,Rochford 007A,Unable to prosecute suspect
77bbe54bad9fde2ebe27c65a7be638728a056e7feb778671b7876983a068dd83,2018-12,Essex Police,Essex Police,0.463364,51.728764,On or near BRADFORD STREET,E01021582,Chelmsford 010D,Unable to prosecute suspect
05d461e54ec2530a89ca00d305ffc750139bc202abc8642e63d2170150d21db1,2018-12,Essex Police,Essex Police,0.113243,51.758173,On or near TILEGATE ROAD,E01021823,Harlow 006D,Unable to prosecute suspect
41a81f34fdcf5339eb1b7392cee31adf813d0826a49a99ef39137cb4bd98e6fe,2018-12,Essex Police,Essex Police,0.058015,51.649958,On or near Sports/Recreation Area,E01021789,Epping Forest 012D,Investigation complete; no suspect identified
6c4c68072f7e0c297e62e894fb03847008cafc95e045eaf415a8e51357d8472a,2018-12,Essex Police,Essex Police,0.492504,51.717223,On or near ROTHMANS PLACE,E01021565,Chelmsford 014C,Unable to prosecute suspect
fbc2a5402a050ddee4fd5d8dc735ea250314125073c40475466c120a19ac2ab1,2018-12,Essex Police,Essex Police,0.486113,51.737692,On or near REGENCY CLOSE,E01021628,Chelmsford 008E,Unable to prosecute suspect
f4d90b7c841eab39028fd9e9ce950e3aa74a131bc6220e0427aafadc4857b9cc,2018-12,Essex Police,Essex Police,0.472504,51.567568,On or near MISTLEY SIDE,E01021295,Basildon 020B,Investigation complete; no suspect identified
87ac0fc906fa892357516c417a00fe6a6c041ef42e2d09ecaa0e923dcc9f4775,2018-12,Essex Police,Essex Police,0.607532,51.587235,On or near Nightclub,E01021962,Rochford 008C,Investigation complete; no suspect identified
578938a237c3bcec484fee1214584b3748da41775d90a91292484a39b3a544b9,2018-12,Essex Police,Essex Police,0.564236,51.568800,On or near KENTS HILL ROAD NORTH,E01021527,Castle Point 001E,Unable to prosecute suspect
577cdee335d5e37c5ad77999e499460cd8d123154feb84690783a10a91123d6e,2018-12,Essex Police,Essex Police,0.322861,51.490264,On or near LISLE PLACE,E01015957,Thurrock 009A,Investigation complete; no suspect identified
a406df0ea6e698b2035a54066470699fbdb6e85f6d1e9ffe54d66a61f4f136b5,2018-12,Essex Police,Essex Police,0.581077,51.519875,On or near Police Station,E01021502,Castle Point 011E,Unable to prosecute suspect
23004a1fea85fec7d36dcb60da15fda4297ce9780d61ee2e9ffe7d63db473ba0,2018-12,Essex Police,Essex Police,0.502743,51.579265,On or near DELVINS,E01021302,Basildon 013B,Local resolution
a04031cedcc690f80a4e91b0361c740791d280264a0f1a6199e9e7d1559a7724,2018-12,Essex Police,Essex Police,1.287314,51.946420,On or near CHURCH STREET,E01021997,Tendring 001A,Investigation complete; no suspect identified
d0e9dfeb96b17b68f0192f4f2b3f073bc635b03222838a626afddffe2664d28f,2018-12,Essex Police,Essex Police,0.547766,51.884388,On or near SPALDING CLOSE,E01021359,Braintree 008D,Investigation complete; no suspect identified
a7a43f8be7a61de4ca98bae1c9890d20789c995b869d92bde6e605ea02b3a6a0,2018-12,Essex Police,Essex Police,0.140503,51.783057,On or near THE COURTYARD,E01021857,Harlow 001D,Local resolution
3801c4978ccc37aa29caf2d20f085591f47e148a1e27fa62456c6473f2271638,2018-12,Essex Police,Essex Police,0.132511,51.766089,On or near Supermarket,E01021827,Harlow 005D,Investigation complete; no suspect identified
6e4c8144e14414feda5acf64c2c28a945b1df63b7d9867c222cbf722de14e8ac,2018-12,Essex Police,Essex Police,0.684100,51.561163,On or near Supermarket,E01015868,Southend-on-Sea 002F,Investigation complete; no suspect identified
d1b69e29c9cc5f13bbf4a63100afa68121e784060fcb3c05d612ba05756ca76a,2018-12,Essex Police,Essex Police,0.854997,51.875882,On or near CLARA REEVE CLOSE,E01021690,Colchester 014B,Investigation complete; no suspect identified
302c87972585f3a18953f1bd0166e1091582fe8449a4d7169bd2c8840df7c95b,2018-12,Essex Police,Essex Police,0.693247,51.544045,On or near WEST ROAD,E01015900,Southend-on-Sea 010F,Unable to prosecute suspect
615ecbe9cb4594fd88941b2e01d344dd2affce45c91be009ca473d1a152bfedb,2018-12,Essex Police,Essex Police,0.913163,51.893648,On or near WELLS ROAD,E01021648,Colchester 007C,Investigation complete; no suspect identified
a2ed5e4f16bac3c2126fa63eb601bd3b68e5182f52ee82e73c93652b2f35fda0,2018-12,Essex Police,Essex Police,0.689542,51.550678,On or near FIELDING WAY,E01015904,Southend-on-Sea 007D,Suspect charged
1600e8bf3eaf77a6d4712dc0e29df340052b756b051808f6abe6eb3d5237ad65,2018-12,Essex Police,Essex Police,0.541902,51.869559,On or near LONDON ROAD,E01021383,Braintree 010C,Unable to prosecute suspect
91285013de163d3f4e6cec9745d1517126f1f50298712c5d4e11287d1b0b4937,2018-12,Essex Police,Essex Police,0.401097,51.657516,On or near BUTTSBURY,E01021602,Chelmsford 018B,Investigation complete; no suspect identified
7176c8f992502700186cd873efd90670d1dd740d8b0640343c2dd3e37370f81d,2018-12,Essex Police,Essex Police,0.299860,51.613310,On or near MYRTLE ROAD,E01021475,Brentwood 007E,Investigation complete; no suspect identified
0828a1b987f1ba96f61ac69d35997708e5f9529110766cb06f8eb57d41caba7c,2018-12,Essex Police,Essex Police,0.280701,51.488628,On or near Parking Area,E01016012,Thurrock 015C,Investigation complete; no suspect identified
2157fc1ce3f98572d8812cf9d6d9cf8fd8a3125587ba68c15c3b853681c7fb3c,2018-12,Essex Police,Essex Police,0.758329,51.811081,On or near GAGER DRIVE,E01021723,Colchester 020A,Unable to prosecute suspect
48e9e4fe370100ce23e3f5d7c5678feac6b4f03402dfb9e81efa6a7d236a09fa,2018-12,Essex Police,Essex Police,0.435277,51.521995,On or near NURSERY ROAD,E01015986,Thurrock 003C,Investigation complete; no suspect identified
e4a22aaa03ef8bc5848013ed57d78310f036ef991be5a4a2f8588a81f5b26017,2018-12,Essex Police,Essex Police,0.570012,51.870072,On or near Shopping Area,E01021368,Braintree 011A,Investigation complete; no suspect identified
8b54388ed381f114132f2d0ca7dec50d7090cfa5e4572aded5ce09b88f7e8a81,2018-12,Essex Police,Essex Police,0.140503,51.783057,On or near THE COURTYARD,E01021857,Harlow 001D,Local resolution
9116feb4a2b587c287507319125e7aab7a5e154f34b177b17e64b524af4449f6,2018-12,Essex Police,Essex Police,0.781010,51.527867,On or near ST ANDREWS CLOSE,E01015920,Southend-on-Sea 017G,Suspect charged
eba4b8a2a88d7ba74d787ebaf7e407f2d19dbcfe0c4af8cf043db17e37aca82f,2018-12,Essex Police,Essex Police,0.140503,51.783057,On or near THE COURTYARD,E01021857,Harlow 001D,Local resolution
c3d24a9b8da0d4ead2aae734dd744c4a2754d906047d49eeaf3f7ad3d5a581d7,2018-12,Essex Police,Essex Police,0.926682,51.894320,On or near Supermarket,E01021704,Colchester 022F,Unable to prosecute suspect
f26d7609cebb276e2adbeedc2f522ccfc191d8e3e5ae7abddc9db4a335cc2ce4,2018-12,Essex Police,Essex Police,0.896932,51.885595,On or near SOUTH STREET,E01021683,Colchester 011A,Unable to prosecute suspect
59523a92a08de969d8ee75022a499154db04445d886404080c1ce61e2cffd2b2,2018-12,Essex Police,Essex Police,0.280701,51.488628,On or near Parking Area,E01016012,Thurrock 015C,Investigation complete; no suspect identified
b5c09412e9ecf6a50b64f2ed863c9df517267ad9a8bef2ca24741e91d7c2e1ad,2018-12,Essex Police,Essex Police,0.896932,51.885595,On or near SOUTH STREET,E01021683,Colchester 011A,Unable to prosecute suspect
5ddf780ef7ddd4f025d38562c259d58d35124f132e1d2767129fc9fd36536ac5,2018-12,Essex Police,Essex Police,0.460775,51.569775,On or near Parking Area,E01021318,Basildon 015C,Local resolution
5e4c6c5fbeccf9374995d7abfc85fd400096553ffaf3dc5216b9e38ae9a3b6fc,2018-12,Essex Police,Essex Police,1.018317,51.812498,On or near BEACON CLOSE,E01021980,Tendring 011B,Unable to prosecute suspect
70185d128b9a62abe35ab73fa138868b6a3c485e425ab76789428d2a94fbdf8b,2018-12,Essex Police,Essex Police,0.382292,51.670310,On or near NORTON ROAD,E01021458,Brentwood 002B,Unable to prosecute suspect
45bb9baf362895d656f94c4764f6339722d890c4c2e74d308453c78e1692a9f9,2018-12,Essex Police,Essex Police,0.264850,51.609036,On or near Petrol Station,E01021468,Brentwood 006D,Unable to prosecute suspect
6684085cf8b7392b021619eb61b5de5dd5912a379cff952f1abdf201655e9d80,2018-12,Essex Police,Essex Police,0.297875,51.619779,On or near WESTERN GARDENS,E01021434,Brentwood 004C,Investigation complete; no suspect identified
830e8c87e2e203e93cdc58b6f57c96e755a27a8bcdcbeb04c34e077c9736f5fb,2018-12,Essex Police,Essex Police,1.021756,51.809459,On or near Supermarket,E01021982,Tendring 011D,Investigation complete; no suspect identified
60946f75ac48a5d87f391fe2f54eaff1aeb41c7a8a00731f1fc3861260eab243,2018-12,Essex Police,Essex Police,0.322355,51.479168,On or near Grays Police Station,E01015956,Thurrock 016B,Suspect charged
87630f187f25d6a3af84c235c2afac631af0e4d6675b5b3c117dd28c782d66ae,2018-12,Essex Police,Essex Police,0.673547,51.543848,On or near OLD LEIGH ROAD,E01015830,Southend-on-Sea 012D,Unable to prosecute suspect
49ff87622ae1142e2d4b4eeaed8127c73d9d2b7641908b5cede019f5c7f018a3,2018-12,Essex Police,Essex Police,0.301903,51.625708,On or near TREE TOPS,E01021431,Brentwood 004A,Unable to prosecute suspect
cad4c55eab14d57ceef802b2064b7920e3fd5a191e2110e70ac0e90101e0f5a2,2018-12,Essex Police,Essex Police,0.301903,51.625708,On or near TREE TOPS,E01021431,Brentwood 004A,Investigation complete; no suspect identified
dc655bf994eb7fe9082ce96ec109a9b0c1234da846354c98b46d32dd9a4eef40,2018-12,Essex Police,Essex Police,0.114569,51.700948,On or near GROVE LANE,E01021757,Epping Forest 006B,Investigation complete; no suspect identified
d5e7b39a09b1c84b20c8ba31790203ff38fe4db8fbc7bbb690c78702f0461987,2018-12,Essex Police,Essex Police,0.375059,51.463201,On or near COLERIDGE ROAD,E01016005,Thurrock 018C,Investigation complete; no suspect identified
2fbc7b16fd4fabab601ecf824bb6d3e31d60699d3d25f5b542611cc1d912c856,2018-12,Essex Police,Essex Police,0.094481,51.770766,On or near EAST GATE,E01021872,Harlow 007E,Unable to prosecute suspect
9599cc7491414b3466e313d523c14e7d1785c76099217d187a1097c5334cca13,2018-12,Essex Police,Essex Police,0.655495,51.541965,On or near WEST STREET,E01015849,Southend-on-Sea 011E,Investigation complete; no suspect identified
fc9f139b76e1ab5545951b8fb85e5fb19b450af8ca68b1c61ea349d5eaed64ae,2018-12,Essex Police,Essex Police,0.453120,51.748449,On or near SPALDING AVENUE,E01021596,Chelmsford 006E,Unable to prosecute suspect
caace698aca4ed7576c7d496b05e4d0317264c5180a6a0518e05cff704589c85,2018-12,Essex Police,Essex Police,0.371713,51.464752,On or near COWPER AVENUE,E01016009,Thurrock 018G,Investigation complete; no suspect identified
bbf827ea9b1c5665e874ced62848776d85e335ee9b5c23a71c5f4083933c72cc,2018-12,Essex Police,Essex Police,0.887203,51.882111,On or near HAMILTON ROAD,E01021652,Colchester 013B,Investigation complete; no suspect identified
dd7674ec468ddc4ca022eafb7b208681944cb7c1dc19c608615764563180077d,2018-12,Essex Police,Essex Police,0.115390,51.784591,On or near Supermarket,E01021845,Harlow 002B,Unable to prosecute suspect
80784a05a97db20be5e83f64cb53eabd7d7ba88b0c970c271faeed293cd160e5,2018-12,Essex Police,Essex Police,0.450964,51.527145,On or near ASHLEY CLOSE,E01015987,Thurrock 002C,Unable to prosecute suspect
a226ecd3bed13edb60fb55d426cb9bc21c9e5409e7cac26d00faa5ad64b778d9,2018-12,Essex Police,Essex Police,0.128334,51.763243,On or near POTTER STREET,E01021827,Harlow 005D,Investigation complete; no suspect identified
126841a24169ec0cb39fd0abbffc1a1edb7ea2c15d0399a5f4290cb5fb6a8458,2018-12,Essex Police,Essex Police,0.277434,51.486092,On or near Shopping Area,E01016012,Thurrock 015C,Investigation complete; no suspect identified
eec8a4dd420a66712d85780146f698902d9a0bf97e048fc245dfdead14b9dedf,2018-12,Essex Police,Essex Police,0.581077,51.519875,On or near Police Station,E01021502,Castle Point 011E,Investigation complete; no suspect identified
ed2af36682c0deb8d937e3bd501c96493d5c77c5154953c300378b78c5082276,2018-12,Essex Police,Essex Police,0.780740,51.539296,On or near Supermarket,E01015882,Southend-on-Sea 013G,Unable to prosecute suspect
9f6c3a3005bec7270b8bbbaa587143681df38b80572d5677c54665273dff9eb2,2018-12,Essex Police,Essex Police,1.037811,51.792316,On or near BEACON HEIGHTS,E01022046,Tendring 011E,Unable to prosecute suspect
ad1b786993b563a1565f84a371c27c11be9ea0ca24e7a5c378fb0ed2d638b035,2018-12,Essex Police,Essex Police,0.492044,51.569439,On or near ELSENHAM MEWS,E01021326,Basildon 022D,Investigation complete; no suspect identified
3a1a3efaecb13d18125a7ca1d9acd23d62fa2e6dbd4c49fc056836a211ce5f06,2018-12,Essex Police,Essex Police,0.135652,51.704883,On or near COOPERSALE COMMON,E01021756,Epping Forest 006A,Unable to prosecute suspect
69fed60a56068adb21b2d9dbf228cb339172d70cc6b122208abd39c286c12a9a,2018-12,Essex Police,Essex Police,0.581077,51.519875,On or near Police Station,E01021502,Castle Point 011E,Investigation complete; no suspect identified
524f06e1b7f125a5111912a22cb7c403d0d8c603b73b4b6c696f9f53b28467dd,2018-12,Essex Police,Essex Police,0.652104,51.600446,On or near WOODLANDS CLOSE,E01021937,Rochford 003E,Unable to prosecute suspect
a100acc2bf47b1a1f06c698e8201989fcc0203101f023cff4b771ffe77c69e1e,2018-12,Essex Police,Essex Police,0.686138,51.559983,On or near PRINCE CLOSE,E01015868,Southend-on-Sea 002F,Unable to prosecute suspect
3c62388f076fa0dc014d311efd3450930693819a552d21b1980df1c986088f3d,2018-12,Essex Police,Essex Police,0.900136,51.780920,On or near CARRIERS CLOSE,E01021734,Colchester 021D,Unable to prosecute suspect
71e7143976ed71c9704bd78ee8d6cc26f5f56c6b49a5f14c5ac9de6e1970996e,2018-12,Essex Police,Essex Police,0.590470,51.591346,On or near ELSENHAM COURT,E01021957,Rochford 006C,Unable to prosecute suspect
e0376d38f6c28799c518da548ee6e0b603902bb93a016a3f725b4aabdb60d27c,2018-12,Essex Police,Essex Police,0.576771,51.872416,On or near SALCOMBE ROAD,E01021368,Braintree 011A,Investigation complete; no suspect identified
a6b5dc79f03a41d98e5e3f4f95c7f6ebdba88605cf46acc5d733fa856d44e286,2018-12,Essex Police,Essex Police,0.112741,51.707689,On or near FRAMPTON ROAD,E01021760,Epping Forest 005A,Unable to prosecute suspect
201516f57e2f30107681e4b6ccbed3a4f81752edf5a4ccefa1422fcc9faa82e7,2018-12,Essex Police,Essex Police,0.652104,51.600446,On or near WOODLANDS CLOSE,E01021937,Rochford 003E,Suspect charged
26dbcc9634954e81a0d5ca96a676aeb10c92b6a2cd79c094441c8f69fde0c8d2,2018-12,Essex Police,Essex Police,0.649933,51.544789,On or near GLENDALE GARDENS,E01015845,Southend-on-Sea 011A,Unable to prosecute suspect
1ba49b3363aa8625d891a73c1b0a43e9f98fb347dda2f1f74f75fd74227acf45,2018-12,Essex Police,Essex Police,0.112741,51.707689,On or near FRAMPTON ROAD,E01021760,Epping Forest 005A,Unable to prosecute suspect
7f070de1c392b15c5211ccaf8bc5d55896acb550c546a93583cdf00367dd46ba,2018-12,Essex Police,Essex Police,0.737111,51.544073,On or near STORNOWAY ROAD,E01015884,Southend-on-Sea 009B,Offender given a caution
c24070c60ed47bd3a615f964ebe369345c7b11a1257a6e5b75e5441153769dd1,2018-12,Essex Police,Essex Police,1.093192,51.896326,On or near B1035,E01022019,Tendring 003E,Formal action is not in the public interest
15e756fd17c7fd111ab3853e1d997ab08c62babe0edf5986471cc8ea87f8ac9e,2018-12,Essex Police,Essex Police,1.169541,51.801680,On or near CLARENDON PARK,E01022048,Tendring 014C,Unable to prosecute suspect
e1c2d34713f1beadf59b5d08f30597688d70924e2bee9af4719a3f2054491854,2018-12,Essex Police,Essex Police,1.106754,51.773623,On or near SUNBEAM AVENUE,E01021988,Tendring 018A,Investigation complete; no suspect identified
5923c3a688c54cc62075d4e4ef18e16fa78c986beb380cb64aadcab788bd6975,2018-12,Essex Police,Essex Police,0.282488,51.487496,On or near Shopping Area,E01016011,Thurrock 015B,Investigation complete; no suspect identified
a04fee84e8ca09140fcde20695d9feef6ee1e5143aee63d79425e24205dbd3e9,2018-12,Essex Police,Essex Police,0.831247,51.883849,On or near Supermarket,E01021718,Colchester 012A,Investigation complete; no suspect identified
ea001c6378eecf99aac83e4e730210237846ef35a261b5d284b9174339e4c648,2018-12,Essex Police,Essex Police,0.473989,51.730007,On or near Parking Area,E01033140,Chelmsford 010F,Investigation complete; no suspect identified
0d04ebf5bb4fc42b4cf8e217e70a788c29b1ee7f4fd0f2ead996a4add404ad58,2018-12,Essex Police,Essex Police,0.919720,51.777925,On or near Petrol Station,E01021731,Colchester 021A,Unable to prosecute suspect
008da7c77d1ab1802812dc31f904ca7ea96b4fde2e67900b7e618e89434357d4,2018-12,Essex Police,Essex Police,0.519267,51.833931,On or near BANTERS LANE,E01021538,Chelmsford 001A,Unable to prosecute suspect
1061bee2cbb9c0463a08db2ecb061b0f5c94bb849f900fb8b23f5905f44bf2b4,2018-12,Essex Police,Essex Police,0.686138,51.559983,On or near PRINCE CLOSE,E01015868,Southend-on-Sea 002F,Unable to prosecute suspect
0c7ebbf9bef4f65e1e93e265cd54847389485988699b54f5b2788951bbc5f7c9,2018-12,Essex Police,Essex Police,0.444115,51.572875,On or near BOYTONS,E01021291,Basildon 016E,Action to be taken by another organisation
2805e2ef171bd91dd8350df975e4082f7bedcf2dafec403d2f04a6176d32e8ee,2018-12,Essex Police,Essex Police,1.257809,51.933128,On or near Supermarket,E01022006,Tendring 002C,Suspect charged
25fb15d2cd0d6ab8b0611aab67c952fdc2133c26ae9a4010754b8d5a8cde3be4,2018-12,Essex Police,Essex Police,0.241587,51.699078,On or near GREEN WALK,E01021754,Epping Forest 004B,Investigation complete; no suspect identified
003512521f345a7b783b9079b72bc55bfd2b1877c712afb1387238ff2c613753,2018-12,Essex Police,Essex Police,0.444115,51.572875,On or near BOYTONS,E01021291,Basildon 016E,Action to be taken by another organisation
0c1348610fb5ad1c6805e59dada7642f96d3679667a3de00c5fa0f6db97a16a8,2018-12,Essex Police,Essex Police,0.239813,51.700371,On or near KILNFIELD,E01021753,Epping Forest 004A,Unable to prosecute suspect
aacc248655b20eca50fc4bc0f24e477b470d38948e07da5b7f59e3196b7c9a0b,2018-12,Essex Police,Essex Police,0.737111,51.544073,On or near STORNOWAY ROAD,E01015884,Southend-on-Sea 009B,Unable to prosecute suspect
19f24fa52ffa90f4617c3cf6794739d05ef483916b054885018bf73aaaae0fee,2018-12,Essex Police,Essex Police,0.591357,51.594744,On or near LONDON ROAD,E01021957,Rochford 006C,Unable to prosecute suspect
f368cf41007115b467d317236f655619c58d412072741ee78b63205d55778d6f,2018-12,Essex Police,Essex Police,0.908303,51.859125,On or near BLENHEIM DRIVE,E01021641,Colchester 018E,Investigation complete; no suspect identified
67aa3d7c9eb0dd7856f2ec94a1e52eed6bd8c60d1752515f711585cad851d084,2018-12,Essex Police,Essex Police,0.103934,51.700977,On or near LOWER SWAINES,E01021760,Epping Forest 005A,Investigation complete; no suspect identified
ed4f4f345dd49e7799b3fa719e6fa9c5227a448b1153ecc7d2927327799a8a41,2018-12,Essex Police,Essex Police,0.289279,51.506591,On or near BROXBURN DRIVE,E01015931,Thurrock 007E,Unable to prosecute suspect
95aaa1397c3a655578b108e38d524f05d947e660fe98fc55f2b237bb6ca526de,2018-12,Essex Police,Essex Police,0.471884,51.568111,On or near OSBORNE ROAD,E01021295,Basildon 020B,Investigation complete; no suspect identified
4bfb96e4566fd5b39a2fa0e8cbc20e6755ee17b1e36a270ed2c68e20cdbd80d6,2018-12,Essex Police,Essex Police,1.128238,51.806268,On or near PURLEY WAY,E01021977,Tendring 013C,Unable to prosecute suspect
c37630a4fb8ce12a85495ab7ce56cb73a2cc636e897d8b2c47589051191378c9,2018-12,Essex Police,Essex Police,1.255586,51.943416,On or near PRINCESS STREET,E01033051,Tendring 002F,Investigation complete; no suspect identified
d0ff2d05916d9314ddea8515ff66cc9f3a2b42fe604c274fc89c7c62fc139cba,2018-12,Essex Police,Essex Police,0.591661,51.556964,On or near SHERIDAN AVENUE,E01021482,Castle Point 006A,Action to be taken by another organisation
b86704f4801ccbf83c300222d44e66b5295cf2a8fd0fce598c950ac8f6ffd94f,2018-12,Essex Police,Essex Police,0.261741,51.889938,On or near Airport/Airfield,E01022090,Uttlesford 006B,Unable to prosecute suspect
21dbe1d16e660f54b4754f5ea05cc66d4c04f60dfe7c9d47d0170498a4369e7f,2018-12,Essex Police,Essex Police,0.661572,51.598613,On or near Park/Open Space,E01021935,Rochford 003C,Investigation complete; no suspect identified
f114f29fdf9763c02bfa8378b86570fd9f7ca318a07a607c8b3e30cabcb94b4d,2018-12,Essex Police,Essex Police,0.580237,51.570014,On or near PARK ROAD,E01021528,Castle Point 002D,Investigation complete; no suspect identified
bde81066de4590b87248219328190c75b4b7a7610910b1bb012c82bfe137a6ef,2018-12,Essex Police,Essex Police,0.440436,51.569399,On or near TRINDEHAY,E01021287,Basildon 017A,Investigation complete; no suspect identified
73a9e37cf3f340e774784ff45c902e5795a268cf4f92da56689cc0840b54a6b2,2018-12,Essex Police,Essex Police,0.415527,51.859741,On or near RANULF ROAD,E01033053,Uttlesford 008G,Unable to prosecute suspect
b51808d442cd054ed288264e1af984e2c25a5085e041aaafbc5e26865ed2624c,2018-12,Essex Police,Essex Police,0.306619,51.494110,On or near ARTERIAL ROAD NORTH STIFFORD,E01015942,Thurrock 020C,Unable to prosecute suspect
a48820ddee3bd412710d0b065767f12f0e2a3516795d53766b6a633adfa24a82,2018-12,Essex Police,Essex Police,1.093192,51.896326,On or near B1035,E01022019,Tendring 003E,Unable to prosecute suspect
ad975d192a3106991cc1f2efd72b04165de12ce5a3eaa335358d23611d2cf703,2018-12,Essex Police,Essex Police,0.871899,51.881173,On or near REMBRANDT WAY,E01021689,Colchester 014A,Unable to prosecute suspect
a4f85d8464efccabc974335bb68ec99e668b5cb5a148f9d158dfd0e5b07b38f6,2018-12,Essex Police,Essex Police,0.900615,51.887717,On or near VINEYARD GATE,E01021649,Colchester 007D,Investigation complete; no suspect identified
3a8e867e39622632fabf58a00e3fe0894077a416a123c6b1a0080e37e98db59c,2018-12,Essex Police,Essex Police,0.568086,51.872983,On or near CENTURY DRIVE,E01021368,Braintree 011A,Investigation complete; no suspect identified
34f7181746c0248bade24d7e74ecac2b89a98c73cb7d71b9b0757e51962a4f86,2018-12,Essex Police,Essex Police,1.169110,51.817854,On or near Pedestrian Subway,E01021984,Tendring 010A,Suspect charged
1d6ca227a29ef6617e77678567503e9e3d8d33293a997724cc0529cdc9242ba0,2018-12,Essex Police,Essex Police,0.726082,51.533546,On or near KURSAAL WAY,E01015842,Southend-on-Sea 014D,Investigation complete; no suspect identified
0f71b2f14dc39be9956ea85b8edc3f261515589d4fa0b554b4bf7bca6a699ff4,2018-12,Essex Police,Essex Police,0.366991,51.467267,On or near ELGAR GARDENS,E01016010,Thurrock 018H,Unable to prosecute suspect
e3312bc900a578dbe3aa5dbf8b90acdf431811679daedbfd30781e7181b65d1a,2018-12,Essex Police,Essex Police,0.360076,51.463297,On or near SYCAMORE CLOSE,E01016010,Thurrock 018H,Unable to prosecute suspect
11b07c688331c8e7881182419096173395e8dc52614fded82a18828bce8c250c,2018-12,Essex Police,Essex Police,0.472504,51.567568,On or near MISTLEY SIDE,E01021295,Basildon 020B,Investigation complete; no suspect identified
ca243a0d936f567436be92395391162dc9e789b98055600b60b6767ebd21ba82,2018-12,Essex Police,Essex Police,0.865458,51.880655,On or near Supermarket,E01021693,Colchester 014E,Action to be taken by another organisation
eea786b8b4d1d72139dc478e579a5b749b024844f376b621002dc7d1e6ac391a,2018-12,Essex Police,Essex Police,0.511579,51.738256,On or near WEBB CLOSE,E01021545,Chelmsford 008B,Unable to prosecute suspect
886dedff8bbf0b89e9dda1d7b7b23cda12dae62eca3fbe7b75b6f505d2c8ef3f,2018-12,Essex Police,Essex Police,0.761816,51.536874,On or near Parking Area,E01015890,Southend-on-Sea 016B,Investigation complete; no suspect identified
25070501e4db60c6efb7f566e1ce5e228c643ccaf59871cad377bc779490ce80,2018-12,Essex Police,Essex Police,0.366991,51.467267,On or near ELGAR GARDENS,E01016010,Thurrock 018H,Unable to prosecute suspect
2a10be109eed9e388674f166d6077bd128e5fe39769cab06573b51cc6fd7bae8,2018-12,Essex Police,Essex Police,0.702354,51.543665,On or near NORTH ROAD,E01015899,Southend-on-Sea 010E,Unable to prosecute suspect
d86dfb7329f7d4f6892db0c9ce6b013d8d39fd9fdd3e052dc7fad7e76305db1e,2018-12,Essex Police,Essex Police,1.142775,51.799584,On or near PATHFIELDS ROAD,E01022022,Tendring 013D,Local resolution
a1357f691d1518bbaf884800ba0ffc586a60adc6ebea5330fa65bec14097ce30,2018-12,Essex Police,Essex Police,1.169110,51.817854,On or near Pedestrian Subway,E01021984,Tendring 010A,Suspect charged
cbdd22d202742e0cef6e15db20841e2a66f56124569aacb3fdf0d85ce89099dc,2018-12,Essex Police,Essex Police,0.472504,51.567568,On or near MISTLEY SIDE,E01021295,Basildon 020B,Investigation complete; no suspect identified
71b0b48f3b76016a4bb83fcb243885894eb5d9a663ed962b65247ec542bf69d6,2018-12,Essex Police,Essex Police,0.366991,51.467267,On or near ELGAR GARDENS,E01016010,Thurrock 018H,Unable to prosecute suspect
7cd676098f6cddd3df5b8fe5857e82417fb04db87bb8ed7bd51287e87a02d601,2018-12,Essex Police,Essex Police,0.720578,51.533386,On or near LUCY ROAD,E01015841,Southend-on-Sea 014C,Investigation complete; no suspect identified
925cf403c7aceb3ae52382deaa7858a5818106b868377317913062c85920a36a,2018-12,Essex Police,Essex Police,0.135641,51.761464,On or near COALPORT CLOSE,E01021825,Harlow 005B,Unable to prosecute suspect
edc98415d521c785f3c175711b55e56629bcfa3452f05f77c2115f195e9a038b,2018-12,Essex Police,Essex Police,0.346772,51.629468,On or near QUENNELL WAY,E01021448,Brentwood 003A,Unable to prosecute suspect
e7d9817e7a1b817295ff2799d0d75645139219530ea72e3b48f2a8d8bcf9fb5e,2018-12,Essex Police,Essex Police,0.541788,51.604084,On or near HEATHERCROFT ROAD,E01021341,Basildon 007D,Unable to prosecute suspect
70cc9832688f9149f89aec1b54f7547ec55e9cef2a9a5dca67298c083e9ccb9b,2018-12,Essex Police,Essex Police,0.683177,51.725882,On or near HORTON CLOSE,E01021889,Maldon 004A,Unable to prosecute suspect
aa1414923677e9e732da79f4ec3ee4857458585de7fbcc44c070a5859191224d,2018-12,Essex Police,Essex Police,0.919727,51.910133,On or near Supermarket,E01021671,Colchester 002D,Unable to prosecute suspect
371b800d4c27b987ce7c333434fc1aa37cfad1346e103ba4839e7d697e6886fe,2018-12,Essex Police,Essex Police,0.355524,51.462417,On or near SELWYN ROAD,E01016003,Thurrock 018A,Unable to prosecute suspect
f0d368c6a00849a519023689d3c4665b750c4a74d4f78a626831150a23bd5d7d,2018-12,Essex Police,Essex Police,0.299223,51.619294,On or near HART STREET,E01021436,Brentwood 007B,Unable to prosecute suspect
99277d0f8a8846f9617bab0f8263db430e2e3937f15d72cff355aa84164a05ee,2018-12,Essex Police,Essex Police,0.913033,51.878830,On or near BOURNE ROAD,E01021684,Colchester 011B,Unable to prosecute suspect
90db54fa18f01b67e6b2dd3f3cae5dc9a61f290d9536b01bb91b2ee30f04327f,2018-12,Essex Police,Essex Police,0.623555,51.793581,On or near CHRISTINA ROAD,E01021423,Braintree 016A,Action to be taken by another organisation
39eba9c9dbaf7459cd429bf70a4bdeafc4e4ddeb6cf646455f46d10866df94e4,2018-12,Essex Police,Essex Police,0.606990,51.644311,On or near RAYMONDS CLOSE,E01021615,Chelmsford 019E,Unable to prosecute suspect
07ab4fca0c8afc90f701586ecb92f90c71a8675af8ceabbc3465e0a80c61cab7,2018-12,Essex Police,Essex Police,0.865458,51.880655,On or near Supermarket,E01021693,Colchester 014E,Action to be taken by another organisation
20c0b70af04c2edbfe05d8d4b6950b06152ecf1516f0fe1ad9154ea141e83f9c,2018-12,Essex Police,Essex Police,0.096908,51.770291,On or near VELIZY AVENUE,E01021849,Harlow 003A,Unable to prosecute suspect
d60078b40062482342dfbce8b49084a91f05e737d299f466704405625afb1d85,2018-12,Essex Police,Essex Police,0.900116,51.889231,On or near Shopping Area,E01021649,Colchester 007D,Investigation complete; no suspect identified
83e7f2a7a8cb1f83ea14b419d60395ce6df050987824a22317402bdec3279bff,2018-12,Essex Police,Essex Police,0.623555,51.793581,On or near CHRISTINA ROAD,E01021423,Braintree 016A,Action to be taken by another organisation
82ae217c95d9a8f363591365bd3445eb44bdc09f5857eb24faa850af24016463,2018-12,Essex Police,Essex Police,1.161910,51.791317,On or near CHURCH ROAD,E01022050,Tendring 014E,Unable to prosecute suspect
f108510904945e32dc5596dfab419abf911e8c345a527a18bc754c1f89d0129d,2018-12,Essex Police,Essex Police,0.110807,51.769026,On or near Sports/Recreation Area,E01021852,Harlow 003D,Unable to prosecute suspect
130d132596db7a0c661852f43f55eec884ed09fe0d93924637178c0a0713dd69,2018-12,Essex Police,Essex Police,0.113040,51.700130,On or near Police Station,E01021757,Epping Forest 006B,Suspect charged
5f8d5acaf3903ec6a1df7a97b607bd2a20f834849c588400659ccbf3d16546b1,2018-12,Essex Police,Essex Police,0.427331,51.571533,On or near MELLOW PURGESS CLOSE,E01021286,Basildon 016A,Suspect charged
dbba7a11ab3e2e2131d31ec5d2721fed526a8647bc1a418f76607c4833f6f0a9,2018-12,Essex Police,Essex Police,0.427331,51.571533,On or near MELLOW PURGESS CLOSE,E01021286,Basildon 016A,Unable to prosecute suspect
ca92e6380c6dec540932bd9cfb6220fe739e1b0d1f6dea89d81f03ff92bb8899,2018-12,Essex Police,Essex Police,0.236126,51.764685,On or near LITTLE LAVER ROAD,E01021796,Epping Forest 003B,Investigation complete; no suspect identified
fd4e212431a80e543f37be002a17e47d693773787ecc841952f49cab9708e623,2018-12,Essex Police,Essex Police,0.680115,51.553502,On or near PRITTLEWELL CHASE,E01015822,Southend-on-Sea 005C,Unable to prosecute suspect
2414a05b0c5a4e59ff32d2666a5862d85851623181db9c9e25e40b6b287f47ab,2018-12,Essex Police,Essex Police,0.253037,51.881266,On or near THREMHALL AVENUE,E01022090,Uttlesford 006B,Investigation complete; no suspect identified
768036a26382889624a55d8d3d5d85dced25ac3bf17a4b2af1a8828c9cb80dd1,2018-12,Essex Police,Essex Police,0.110807,51.769026,On or near Sports/Recreation Area,E01021852,Harlow 003D,Unable to prosecute suspect
fa0d61be71d512464930ea2aa56c802422fadcddbbdf9457761ff0c537d1e93f,2018-12,Essex Police,Essex Police,0.919727,51.910133,On or near Supermarket,E01021671,Colchester 002D,Unable to prosecute suspect
fa8013ecc2e551549aee1569a7a4771c4f89ca5ef57cc211ba8a2b821dda67a4,2018-12,Essex Police,Essex Police,0.074769,51.645517,On or near COLSON ROAD,E01021773,Epping Forest 013C,Investigation complete; no suspect identified
43e373cca5ce46e7daacb50e51db6bd6061d06e03e585e72c636bb95375a6806,2018-12,Essex Police,Essex Police,0.421557,51.574215,On or near SYLVAN CLOSE,E01021275,Basildon 014B,Unable to prosecute suspect
74b6a1d547072690aa657c88999a1ce717fec730f1459ffd4f576974e8a4cdb0,2018-12,Essex Police,Essex Police,0.293896,51.475726,On or near PARSONAGE ROAD,E01016011,Thurrock 015B,Investigation complete; no suspect identified
70627469c5177e31e7d0a4502fea839a65f845ba744b1fb7968ee94e41c88082,2018-12,Essex Police,Essex Police,0.435277,51.521995,On or near NURSERY ROAD,E01015986,Thurrock 003C,Unable to prosecute suspect
eb373529190dce0dd7ee1ca13ec559190019681214cb30e61b56c4638f6fb893,2018-12,Essex Police,Essex Police,0.463444,51.753394,On or near KELVEDON CLOSE,E01021589,Chelmsford 006C,Unable to prosecute suspect
84a2f2f13bf052eefec93f6d5708df4867451ebcb98688679a03e5769ee7cb28,2018-12,Essex Police,Essex Police,0.477311,51.732761,On or near HIGH BRIDGE ROAD,E01033140,Chelmsford 010F,Investigation complete; no suspect identified
245b6bf5ea2de78b9996317cc61467cb3e8bb60e4f8a8b0f7c013c327e3a700e,2018-12,Essex Police,Essex Police,0.919892,51.916928,On or near MABBITT WAY,E01033720,Colchester 002F,Unable to prosecute suspect
c16054d4d89f393f8fea538c13b46c5d6e56dfdefb056d754d119d36943765b9,2018-12,Essex Police,Essex Police,0.087104,51.657609,On or near COLLARD AVENUE,E01021774,Epping Forest 011A,Unable to prosecute suspect
061fcd338b5233b3f02b71eed5afc11bcc99c1ab17a114efc39cc3bcccad7b78,2018-12,Essex Police,Essex Police,0.647018,51.811842,On or near ELDERBERRY GARDENS,E01021420,Braintree 017C,Unable to prosecute suspect
b456c6fd34cd45e66d79f5fc5792a344d2eb37503dfe1d6c45e744eff2104763,2018-12,Essex Police,Essex Police,0.647018,51.811842,On or near ELDERBERRY GARDENS,E01021420,Braintree 017C,Unable to prosecute suspect
5f1ba4a70f829f14b8b4b8c29746bc8d2758966362a7702659d6dab987f015d3,2018-12,Essex Police,Essex Police,1.157180,51.798550,On or near OXFORD ROAD,E01022043,Tendring 014B,Investigation complete; no suspect identified
92d1652b2b54dea89dca4424efe7f19a34687f0a8e32636b1a2232ad96f7706d,2018-12,Essex Police,Essex Police,0.894191,51.861272,On or near SPENCER ROAD,E01021638,Colchester 018B,Unable to prosecute suspect
aeb27955e7237ed8392d861516bad4ff8ad701a760debbce3097246a315bd945,2018-12,Essex Police,Essex Police,0.284143,51.486609,On or near Shopping Area,E01016011,Thurrock 015B,Investigation complete; no suspect identified
5c9cbacd4d2f35856c73e4096a2790178a60c7b28ddc4c851c8863e80e43a1a4,2018-12,Essex Police,Essex Police,0.899199,51.888534,On or near TRINITY STREET,E01021649,Colchester 007D,Investigation complete; no suspect identified
e4c8a15b98560c6d556e39fcb55efd1e58cf64347fbbf00de58c69674033f025,2018-12,Essex Police,Essex Police,1.021696,51.813112,On or near Sports/Recreation Area,E01021980,Tendring 011B,Local resolution
2e7ed3236b4bced52da34c27c30a1dac33ffe7f668b8f2694e1a0db010575fc0,2018-12,Essex Police,Essex Police,0.894191,51.861272,On or near SPENCER ROAD,E01021638,Colchester 018B,Unable to prosecute suspect
316b1d617bac98d44950296ed61167010280008814770bc1d63ebf8e4d2e9d02,2018-12,Essex Police,Essex Police,0.894191,51.861272,On or near SPENCER ROAD,E01021638,Colchester 018B,Unable to prosecute suspect
ea99207425fa69f3db575d0fed91796bdc9fff8e6e30e6102fde61f0d0d5fe20,2018-12,Essex Police,Essex Police,0.914404,51.874641,On or near CHURCHILL WAY,E01021665,Colchester 016D,Unable to prosecute suspect
ac91e5777b869359af9c6e623e7ca66bac8d97144deb8f2bfb62420f91af634e,2018-12,Essex Police,Essex Police,0.284143,51.486609,On or near Shopping Area,E01016011,Thurrock 015B,Unable to prosecute suspect
d7354b62069e02187652751411150a1a60b651206158e0bd465910812e58aa36,2018-12,Essex Police,Essex Police,0.498489,51.734129,On or near GREENWOOD CLOSE,E01021546,Chelmsford 008C,Unable to prosecute suspect
2e381774e370cc65e74f8a3b888ab6c57dc8e90fb4f05651d483eb09c07378d4,2018-12,Essex Police,Essex Police,0.761816,51.536874,On or near Parking Area,E01015890,Southend-on-Sea 016B,Investigation complete; no suspect identified
215b0b19ccce017ecc5a65e3e1b845fd61bb773c3746febeb88c49d20309aab4,2018-12,Essex Police,Essex Police,0.703128,51.561337,On or near MANNERS WAY,E01015866,Southend-on-Sea 002D,Action to be taken by another organisation
a07ba54003294dcbf2989d922ebae1fdc42ee54ce876dc39a042729a26099332,2018-12,Essex Police,Essex Police,0.445269,51.519341,On or near WHYBREWS,E01015985,Thurrock 003B,Unable to prosecute suspect
4b9c180faf94936018ce200dc42a536827683b8c39e942da4fb1747dbc779c55,2018-12,Essex Police,Essex Police,0.454784,51.863191,On or near WATCH HOUSE GREEN,E01022064,Uttlesford 008B,Unable to prosecute suspect
a6ae1ef17ab86ef8b7e343f7521058250dff685737f8551d28aa3a1b45bf57d0,2018-12,Essex Police,Essex Police,0.634446,51.943649,On or near BRIDGE STREET,E01021387,Braintree 004A,Unable to prosecute suspect
96492913ca5bc1f29e74db65bb3f35b5c70be2ed0a1f72878e8a079e9073eb5a,2018-12,Essex Police,Essex Police,0.109402,51.778358,On or near ALTHAM GROVE,E01021853,Harlow 003E,Unable to prosecute suspect
0d8c88452c4ef8cb955a48f584563ff73ff4df4ddce7756679598ff4d521ad0a,2018-12,Essex Police,Essex Police,0.109402,51.778358,On or near ALTHAM GROVE,E01021853,Harlow 003E,Unable to prosecute suspect
a57e2082aec29096c5d395f866428a96b6b458418f573da078c98d4b6d65c3e6,2018-12,Essex Police,Essex Police,0.414376,51.574624,On or near RAILWAY APPROACH,E01021275,Basildon 014B,Unable to prosecute suspect
7c57cc2d63ecd74e18cd0385ee7ae27c8296fde53fd0366dd048580155a93566,2018-12,Essex Police,Essex Police,0.377250,51.465198,On or near FLEMING GARDENS,E01016008,Thurrock 018F,Unable to prosecute suspect
357156b0d27a36d622d3f5fd85324df0aef06b5716281e50d2c0fc2d26b1d033,2018-12,Essex Police,Essex Police,0.501073,51.583024,On or near LONGBOROUGH CLOSE,E01021307,Basildon 011C,Investigation complete; no suspect identified
7c558f8f6152ade26261682b59b2054ba3f05aa1d349b1de2cda838f909d60d8,2018-12,Essex Police,Essex Police,0.691400,51.547208,On or near RAMUZ DRIVE,E01015906,Southend-on-Sea 007F,Suspect charged
7c558f8f6152ade26261682b59b2054ba3f05aa1d349b1de2cda838f909d60d8,2018-12,Essex Police,Essex Police,0.691400,51.547208,On or near RAMUZ DRIVE,E01015906,Southend-on-Sea 007F,Suspect charged
cf2af7f7e2e4a1f9323d0ddcf8adee005ece252f2a4e78551bf08cb8df555750,2018-12,Essex Police,Essex Police,0.505657,51.565066,On or near HIGH ROAD,E01021316,Basildon 018D,Suspect charged
0ef7579653c1b979e4c4cade41da9a807e58d10ae1cfe9febdc5eb54c6054cfa,2018-12,Essex Police,Essex Police,0.254560,51.520249,On or near Parking Area,E01002385,Havering 024A,Investigation complete; no suspect identified
e4cb983c9e881661aa795baff32f0a651249da858687fb027e0fd232ae61b448,2018-12,Essex Police,Essex Police,0.324602,51.476614,On or near Supermarket,E01015954,Thurrock 017D,Investigation complete; no suspect identified
b21f6a84cea3b44bc7ccf354a86d5b152e9a379d9e2e187e611894a954e9dfef,2018-12,Essex Police,Essex Police,0.095939,51.770326,On or near Parking Area,E01021872,Harlow 007E,Unable to prosecute suspect
d14e593a82984c73d84cb32b64f163687e06408de0f6c0d34ca29112208f8173,2018-12,Essex Police,Essex Police,0.134145,51.628527,On or near Parking Area,E01021770,Epping Forest 010A,Investigation complete; no suspect identified
c63efc73ccf7708a788f766fbbe19d4ddd7acf6544257164b7f63d49ace023dc,2018-12,Essex Police,Essex Police,0.582766,51.869793,On or near Petrol Station,E01021380,Braintree 012E,Investigation complete; no suspect identified
4aa882edb64498afdccefef678e85392ef0ae0b58d6770256bef3698a693da45,2018-12,Essex Police,Essex Police,0.069128,51.647343,On or near BARFIELDS GARDENS,E01021772,Epping Forest 013B,Unable to prosecute suspect
f7513219ed7013427728787d8b9402a19a730199d572bbb0236ad76d896be04e,2018-12,Essex Police,Essex Police,0.488474,51.744548,On or near THE LAWNS,E01021622,Chelmsford 007C,Action to be taken by another organisation
a8910a16f25360cf6c5cdfce02532154848418b322a44ebdc6996e9bb192c955,2018-12,Essex Police,Essex Police,0.137415,51.785514,On or near ST JOHN'S AVENUE,E01021855,Harlow 001B,Unable to prosecute suspect
0228b961fb49da27cc85de70f75c35f259ef1b6d164006836626fd010ad4f518,2018-12,Essex Police,Essex Police,0.488474,51.744548,On or near THE LAWNS,E01021622,Chelmsford 007C,Action to be taken by another organisation
da31e58e6a966ab8e0e25c2bbbd7947801469a1f8bfca8fd80ae212aee61e432,2018-12,Essex Police,Essex Police,0.294809,51.614273,On or near ROLLASON WAY,E01021439,Brentwood 007C,Unable to prosecute suspect
2420a9d5a0aec50d514ddc712c6f5d90c26093091908ec9b9d71eca7cf522a3c,2018-12,Essex Police,Essex Police,0.484654,51.736715,On or near Prison,E01021627,Chelmsford 010E,Unable to prosecute suspect
c07e1a48e9f80a81e674a6df499f6907383de59f3bcab07ca705e24274591765,2018-12,Essex Police,Essex Police,0.491367,51.566566,On or near FEERING DRIVE,E01021326,Basildon 022D,Investigation complete; no suspect identified
e1396f8809680682e568e94e255c542dd72dd3265551778c36b5f232d6cc74ca,2018-12,Essex Police,Essex Police,0.463062,51.725074,On or near ELM ROAD,E01021578,Chelmsford 010B,Unable to prosecute suspect
f2a95be7e5821d454ed1d213532839a6c6c3743c841080be411f5af1342385e3,2018-12,Essex Police,Essex Police,0.850130,51.886451,On or near LANVALLEY ROAD,E01021674,Colchester 009B,Action to be taken by another organisation
6a747f551d8a636d453da2bafe6837f7284f56c35d161b3adfdb518e58e1518f,2018-12,Essex Police,Essex Police,0.903575,51.888768,On or near Theme/Adventure Park,E01021648,Colchester 007C,Unable to prosecute suspect
69ce92f1b8b32ef42c706bf5ac2eb09c83273fc62a4047e3a3f1fbfe4441c1ba,2018-12,Essex Police,Essex Police,0.462621,51.571346,On or near Parking Area,E01021318,Basildon 015C,Investigation complete; no suspect identified
eec2ffc3a2c5da62541e6683c1f2aeab1c19b8c7f4b69fe93b0026e1002968e4,2018-12,Essex Police,Essex Police,0.521183,51.610419,On or near WICK DRIVE,E01021331,Basildon 008A,Unable to prosecute suspect
2b62ce78dfa6701d6e2ac9a04aaed0b10be3361e81de996a0a651dae62bf05bc,2018-12,Essex Police,Essex Police,0.074639,51.618928,On or near Shopping Area,E01021750,Epping Forest 016B,Investigation complete; no suspect identified
1b96bb6f1e5e64281b04e2ec04fb8718f6e92d6e122073a326286fc997bff6f0,2018-12,Essex Police,Essex Police,0.647204,51.570087,On or near Petrol Station,E01015834,Southend-on-Sea 001B,Investigation complete; no suspect identified
e94ba671f4dc77c0c14008b7cba023ed74d53804055cf07572f744a33100eedc,2018-12,Essex Police,Essex Police,0.284565,51.510307,On or near EDEN GREEN,E01015976,Thurrock 007F,Unable to prosecute suspect
e689055db3b8b67907aed58fa3f2f3a67f300b4c5f001c2959a01f9b5f451ba3,2018-12,Essex Police,Essex Police,0.877404,51.868159,On or near CORUNNA DRIVE,E01021714,Colchester 015D,Action to be taken by another organisation
6f956e93d888e352ce1df9a1259d710c5de0f54c63a091ba20529e5ac6a08343,2018-12,Essex Police,Essex Police,0.771709,51.535921,On or near GOLDMER CLOSE,E01015916,Southend-on-Sea 017C,Unable to prosecute suspect
ea8ac8faa82aa6dff7ccf09e493694c49c1136f5bdcdb3a8171aa20f7fb3e020,2018-12,Essex Police,Essex Police,0.489565,51.716431,On or near TYDEMANS,E01021565,Chelmsford 014C,Investigation complete; no suspect identified
3f6273f05c073f7cfd5498c190ba77ec14d6cc8e11afd607cfd7806aac1b1e64,2018-12,Essex Police,Essex Police,0.417129,51.626206,On or near Parking Area,E01021244,Basildon 004A,Investigation complete; no suspect identified
765f33253e64c9c44e46ac689099b72cc5bcde9a6409d1cac1f4841fb8439f07,2018-12,Essex Police,Essex Police,0.499299,51.670053,On or near MIDDLE MEAD CLOSE,E01033143,Chelmsford 018E,Investigation complete; no suspect identified
e307b77da33e650c9555771a08ace72f574484ab18e44159f97f9e11fa688c0f,2018-12,Essex Police,Essex Police,0.677916,51.550944,On or near SOUTHBOURNE GROVE,E01015905,Southend-on-Sea 007E,Investigation complete; no suspect identified
c70fe3bede68e6178baf7c27c633f88574056267ae515de7d7feba6ae4a30d6d,2018-12,Essex Police,Essex Police,0.630927,51.548617,On or near Parking Area,E01015913,Southend-on-Sea 008F,Unable to prosecute suspect
20e956406299f4413381bcfbcd7b80344fa735ff9e045a2b244d1d08a1064e02,2018-12,Essex Police,Essex Police,0.630094,51.801007,On or near Supermarket,E01021428,Braintree 015F,Unable to prosecute suspect
09f551a0a364316e026be7fb4b9f83a2d060bde20cca3fcb7aaefd25aa9d0efc,2018-12,Essex Police,Essex Police,1.151440,51.787381,On or near PENFOLD ROAD,E01022025,Tendring 016B,Unable to prosecute suspect
cb62fc54341a94d0347a91392885e2435e15757d67a3bc2bb239578214ec420c,2018-12,Essex Police,Essex Police,0.456959,51.570727,On or near Shopping Area,E01021318,Basildon 015C,Investigation complete; no suspect identified
8e42bc46f4a02e5298cbba5646c862aa0e94e8074e82595d784436923ea78e5f,2018-12,Essex Police,Essex Police,0.460775,51.569775,On or near Parking Area,E01021318,Basildon 015C,Unable to prosecute suspect
701e15d40a59dc8c7a1b785c414d06331d27fb41dbb8a132e5a7848ce3b973e9,2018-12,Essex Police,Essex Police,0.659312,51.544604,On or near OAKLEIGH PARK DRIVE,E01015847,Southend-on-Sea 011C,Action to be taken by another organisation
32fde931cde3542139a5c8a5c04f933b6010a325e224b3b465516f21550c4511,2018-12,Essex Police,Essex Police,0.871899,51.881173,On or near REMBRANDT WAY,E01021689,Colchester 014A,Action to be taken by another organisation
e1a1148a03672feaaf0b3b908f811bec03779dc33dcbcbaddadaa50433081b4a,2018-12,Essex Police,Essex Police,0.127294,51.756859,On or near Pedestrian Subway,E01021821,Harlow 008A,Local resolution
44abd18c43dbf510043c10f38e132544fdd220549b01d374e1d921029dbfe388,2018-12,Essex Police,Essex Police,0.579207,51.880708,On or near FORE FIELD,E01021369,Braintree 012D,Local resolution
a2c149d8f8c7e080c5b4d089b1c69818b959b94471442cc9e0b39ec7a90d713c,2018-12,Essex Police,Essex Police,0.051740,51.629439,On or near ROUS ROAD,E01021742,Epping Forest 015A,Unable to prosecute suspect
68af2816d69781045d0bae36afa6124478e15ba384e190a865291d6af3bcc719,2018-12,Essex Police,Essex Police,0.460775,51.569775,On or near Parking Area,E01021318,Basildon 015C,Unable to prosecute suspect
edee920f5b46f9913cedfda2f8f8909ced5f790234f6c9cdb8667dacce8bf73a,2018-12,Essex Police,Essex Police,0.371903,51.487564,On or near Parking Area,E01015936,Thurrock 012D,Unable to prosecute suspect
053db3e30c2b2a6f5c46a00d9d02c2a3fe5c03052a3910f312c51b7bd9a58355,2018-12,Essex Police,Essex Police,0.871899,51.881173,On or near REMBRANDT WAY,E01021689,Colchester 014A,Action to be taken by another organisation
ae85ab5f2677985d413ddf915448c6a6fc1734970494c9257f916ba65de2c0cd,2018-12,Essex Police,Essex Police,0.313019,51.575227,On or near Petrol Station,E01021473,Brentwood 008D,Unable to prosecute suspect
4b52f70e0c8d9ebf78dba5659a0b35670f0f6ff00cbe02dd16d0064700364e44,2018-12,Essex Police,Essex Police,0.260030,51.498830,On or near AVELEY CLOSE,E01015926,Thurrock 008E,Unable to prosecute suspect
f52481a3a4ac29982309204f3c70c40644f288af6b1f754dfc8aa5839be2e680,2018-12,Essex Police,Essex Police,0.371903,51.487564,On or near Parking Area,E01015936,Thurrock 012D,Unable to prosecute suspect
f49c867cda861679a16dc11476962b3ffb1479970a61c60b05529fa1ed8161e7,2018-12,Essex Police,Essex Police,0.437342,51.670915,On or near SWAN LANE,E01021602,Chelmsford 018B,Unable to prosecute suspect
48ece489bc8214c0a81dcacd1f92c8a22cc8a206619214899472093ea4062249,2018-12,Essex Police,Essex Police,0.495881,51.732790,On or near Shopping Area,E01021547,Chelmsford 008D,Investigation complete; no suspect identified
d13372079fbb51126f1ce6b1d8f6e1b0227e7df2a2ffdcc9908ff8a20a1f8ddb,2018-12,Essex Police,Essex Police,0.680641,51.730985,On or near HIGH STREET,E01021890,Maldon 004B,Offender given a caution
2a79e16e8721d45c390689e9bfca2c4147e6d3b523987984ee1284dba989a69c,2018-12,Essex Police,Essex Police,1.182329,51.806506,On or near SLADE ROAD,E01022033,Tendring 012B,Unable to prosecute suspect
a5b6403d22128d13073f5412b450ed4f181fb51b8a55ef5fb88bb73e0533a3ef,2018-12,Essex Police,Essex Police,0.877404,51.868159,On or near CORUNNA DRIVE,E01021714,Colchester 015D,Action to be taken by another organisation
6ed5b95f0f6a63c61180cb78994d8541358188637f558ff0f94a65452605abeb,2018-12,Essex Police,Essex Police,0.461459,51.569868,On or near Shopping Area,E01021318,Basildon 015C,Unable to prosecute suspect
64213759973f844421d021666eab714ceaccf396b63fa3f3a5b21c229c9d5aec,2018-12,Essex Police,Essex Police,0.200403,51.901677,On or near Parking Area,E01022083,Uttlesford 005C,Local resolution
25d1a44eaecf9f0c0984c2fd503cde476097c3c71b3ff9f637efc37014619f6e,2018-12,Essex Police,Essex Police,0.313019,51.575227,On or near Petrol Station,E01021473,Brentwood 008D,Unable to prosecute suspect
22d27f86dcbf4601a1f603881c67bdaf165a89a1bac1f5a6dc8170e185c92fe0,2018-12,Essex Police,Essex Police,0.456169,51.571868,On or near Pedestrian Subway,E01021318,Basildon 015C,Unable to prosecute suspect
32525473dcb3a2ed8979ba7a2bc074c422ad98b05fb923ec2a8fea667915e149,2018-12,Essex Police,Essex Police,0.124229,51.785708,On or near Petrol Station,E01021848,Harlow 002E,Investigation complete; no suspect identified
aab3c7e4fa5a90bc6692e253d6ef1e3c78a90465c71b93fa0ae2a990db0c3719,2018-12,Essex Police,Essex Police,0.707672,51.538721,On or near ASHBURNHAM ROAD,E01015854,Southend-on-Sea 015D,Action to be taken by another organisation
c55bed9ad80cb6a93f4c66f0efafb5a457d87152a1b170c2f3042f45727aacfb,2018-12,Essex Police,Essex Police,0.470379,51.581615,On or near EGRET CLOSE,E01021268,Basildon 015B,Unable to prosecute suspect
6b3df16bc27c2c643be5b7120f30357403e227fa7846491a6bcbd4f091286f90,2018-12,Essex Police,Essex Police,0.525741,51.602758,On or near INNES CLOSE,E01021343,Basildon 008C,Unable to prosecute suspect
b28636556b3e4ea95ab57c38aba3cf4f062a3eafdc53e1a346bec565262e8a88,2018-12,Essex Police,Essex Police,0.480749,51.572700,On or near HERON DALE,E01021320,Basildon 015D,Investigation complete; no suspect identified
09b8e9d9584ded818b3ecee63e09f69862acaf4d0e7bc0dc3d93c0207a498bdc,2018-12,Essex Police,Essex Police,1.244785,51.832276,On or near OLD WAY,E01021987,Tendring 008A,Investigation complete; no suspect identified
9db9995661f13f5015aabd234404c2638def3b5ab01d54f36d002c8eea85c857,2018-12,Essex Police,Essex Police,1.172795,51.802564,On or near SHRUBLAND COURT,E01022050,Tendring 014E,Investigation complete; no suspect identified
f7a0e3aaadc65d060c3333abab941656e5ee6df057a287c50a12019ec63041cc,2018-12,Essex Police,Essex Police,0.718899,51.552141,On or near WENTWORTH ROAD,E01015874,Southend-on-Sea 006F,Action to be taken by another organisation
dd0ffeb6c8c8f809bb01cb89cc6a3bb6e735c3bf6199dddfe922412ea840d8b1,2018-12,Essex Police,Essex Police,0.719543,51.835835,On or near Pedestrian Subway,E01021643,Colchester 019A,Unable to prosecute suspect
f0f5c1cb6251beefb09d1acc6e6e240f7c5881c07b1f09e038f2a27edcbe4661,2018-12,Essex Police,Essex Police,0.261741,51.889938,On or near Airport/Airfield,E01022090,Uttlesford 006B,Local resolution
e2d8d407246ace092b7d50b115c4c173d76b2fa69ff43d85f752d3c462651b8c,2018-12,Essex Police,Essex Police,0.111105,51.699284,On or near Nightclub,E01021762,Epping Forest 005C,Investigation complete; no suspect identified
50c3640ab209d98b8b816c933a9199c0f79474864719b7633595d07df05d5c76,2018-12,Essex Police,Essex Police,0.511627,51.569174,On or near DELHI ROAD,E01021315,Basildon 018C,Investigation complete; no suspect identified
0295e68c95c3bab56b082c056f1f94c75167dc598be3e20d08f131dbb43d815f,2018-12,Essex Police,Essex Police,0.719543,51.835835,On or near Pedestrian Subway,E01021643,Colchester 019A,Unable to prosecute suspect
100d88043c3e804496a289d125eec7dd1b1949825e5ca30807b418820061a658,2018-12,Essex Police,Essex Police,0.262613,51.888213,On or near Parking Area,E01022090,Uttlesford 006B,Investigation complete; no suspect identified
3504205b910d707e14df04738ba19c69cc360bdf448eff16635f369bbc4c024a,2018-12,Essex Police,Essex Police,0.054196,51.647669,On or near CLIFTON ROAD,E01021791,Epping Forest 012F,Unable to prosecute suspect
0efeb2fa7a89123e7d00948f7a9cf72ae87b4a4524ec76abbefc4f77c38a5930,2018-12,Essex Police,Essex Police,0.422007,51.572650,On or near HIGH ROAD,E01021290,Basildon 016D,Unable to prosecute suspect
71759d84896cefe1e69d524629630e3a5e54c83f158c531c06621963bb33b08f,2018-12,Essex Police,Essex Police,0.638927,51.944376,On or near Parking Area,E01021387,Braintree 004A,Unable to prosecute suspect
ba979e1c546ba0b5258d004338705396a72ace6baccc8123be76909e538d3200,2018-12,Essex Police,Essex Police,0.094481,51.770766,On or near EAST GATE,E01021872,Harlow 007E,Unable to prosecute suspect
ff4e2e4e569d06aab72fec70ad0eff4a2706ea747362fc7eb8ed1feca15eda31,2018-12,Essex Police,Essex Police,0.422007,51.572650,On or near HIGH ROAD,E01021290,Basildon 016D,Unable to prosecute suspect
71b216da281829acae045cd93681ba2e5def1e29536eae10915433d338fac9d8,2018-12,Essex Police,Essex Police,0.648260,51.558695,On or near Supermarket,E01015819,Southend-on-Sea 003F,Unable to prosecute suspect
7317976e3831588281b56575ed9be61500c31438b0147b076fc57b9be337d43e,2018-12,Essex Police,Essex Police,0.648260,51.558695,On or near Supermarket,E01015819,Southend-on-Sea 003F,Unable to prosecute suspect
c0711ca98159ac96f4e8e1ab7b3632acdbac24489abb60e1d2dfdeaa74536a15,2018-12,Essex Police,Essex Police,0.464974,51.754361,On or near RUTLAND ROAD,E01021588,Chelmsford 006B,Investigation complete; no suspect identified
9a77f8dcd89fbc9e501e28b6770ff24644c753c18713f6657de0a94422cb02f4,2018-12,Essex Police,Essex Police,0.471763,51.729820,On or near Supermarket,E01033140,Chelmsford 010F,Unable to prosecute suspect
f5134a6e82409ede5916662a40d15801b1b9b3877fa397fd80c1485256f6df77,2018-12,Essex Police,Essex Police,0.428821,51.584587,On or near ASPEN COURT,E01021263,Basildon 010C,Action to be taken by another organisation
0073db4b5d44eac25f582e4eb612417b2482470bc15a737d06fbc8c8ce247adf,2018-12,Essex Police,Essex Police,0.736804,51.544728,On or near TRINITY ROAD,E01015887,Southend-on-Sea 009E,Unable to prosecute suspect
959ac826d799326e85d5014556bfaa3670cef67c9409df77c8219e8814b7aec2,2018-12,Essex Police,Essex Police,0.288966,51.632202,On or near Petrol Station,E01021464,Brentwood 004E,Investigation complete; no suspect identified
1a7153aca083f4bb843547de8842ba5590bd574a5f676c3235da8e49d3af0fad,2018-12,Essex Police,Essex Police,0.508934,51.572676,On or near TANSWELL CLOSE,E01021304,Basildon 013C,Investigation complete; no suspect identified
ae0a15e56dc9afef4d4c416e283747282485675cf0ac972d4105b32fc3917a05,2018-12,Essex Police,Essex Police,0.086144,51.607394,On or near Supermarket,E01021764,Epping Forest 017A,Suspect charged
ca489e11a80245bf7cf27c6017fdb7f93a0bf5aaa4eed27e447ecbbf59901f78,2018-12,Essex Police,Essex Police,0.900058,51.890581,On or near EAST STOCKWELL STREET,E01021649,Colchester 007D,Investigation complete; no suspect identified
cf237f102173dc4e3c97034fa6725c7bf1e5d50b3f184e12ad12ac51559ae7d3,2018-12,Essex Police,Essex Police,0.426676,51.580360,On or near BOULT ROAD,E01021274,Basildon 010D,Local resolution
85b29bb02caba2ce531d6dbe08862861307a9b350003593689665b8220c90bf4,2018-12,Essex Police,Essex Police,0.603998,51.589301,On or near HILLVIEW ROAD,E01021964,Rochford 008E,Unable to prosecute suspect
e039b59b9cae1c60bb45d70c5ef051309a47cfeb16b909b5f713f0b91c300b65,2018-12,Essex Police,Essex Police,0.086144,51.607394,On or near Supermarket,E01021764,Epping Forest 017A,Suspect charged
ced0954a1ad4bfc24b9b965e8c79c222e51c634990a97cc6f63770d2f27a7541,2018-12,Essex Police,Essex Police,0.667648,51.731200,On or near BEACON HILL,E01021892,Maldon 004D,Unable to prosecute suspect
f14cc48cde12880c133bd34b89c9d142ace7558df3a295faa2851778d088fef0,2018-12,Essex Police,Essex Police,0.086144,51.607394,On or near Supermarket,E01021764,Epping Forest 017A,Suspect charged
c2b7733c7f18cb9948df2ef7b6a9ce33b46f28fba24b347f01955cf6bff6c89d,2018-12,Essex Police,Essex Police,0.426676,51.580360,On or near BOULT ROAD,E01021274,Basildon 010D,Local resolution
eaa88c4c43813c2ae6605ca7e0e101729fe177c48990b9d325f71127cf793dab,2018-12,Essex Police,Essex Police,0.086144,51.607394,On or near Supermarket,E01021764,Epping Forest 017A,Suspect charged
dc7df2a42bf908fc51af39bf36461aaa2f97bb10efe503b5d754e95b4404e82c,2018-12,Essex Police,Essex Police,0.617481,51.643493,On or near Queen Elizabeth Way,E01021613,Chelmsford 019C,Investigation complete; no suspect identified
e44d8b52fb50eca35b34ba037ec3e9fb7a03cee4eae965f912e5c892ced9068c,2018-12,Essex Police,Essex Police,0.086144,51.607394,On or near Supermarket,E01021764,Epping Forest 017A,Suspect charged
b31d557d5e7f7b3fa399192a74619190bfd788879f7c56383ff836bac2a64de1,2018-12,Essex Police,Essex Police,0.638927,51.944376,On or near Parking Area,E01021387,Braintree 004A,Unable to prosecute suspect
24c27f91941333b502e5b2f7e717ccbe12aa88a406363be39de24d1f198fb1d2,2018-12,Essex Police,Essex Police,0.086144,51.607394,On or near Supermarket,E01021764,Epping Forest 017A,Suspect charged
e768d914ad5090e143f25673027fb9e4b908eb78726c0714860518ed7ebb71fd,2018-12,Essex Police,Essex Police,0.570393,51.880064,On or near HOWARD CLOSE,E01021370,Braintree 011B,Further investigation is not in the public interest
d586d831a294c594b7816335d29d750bb311d282b9dd7eb3def62bcde8b51065,2018-12,Essex Police,Essex Police,0.084346,51.605978,On or near BROOKSIDE,E01003702,Redbridge 006E,Suspect charged
6937652a0200dc162207638af776f982f5815f8dceb28e7bc257669a741b8347,2018-12,Essex Police,Essex Police,0.048082,51.623621,On or near CEDAR CLOSE,E01021743,Epping Forest 015B,Suspect charged
137900b22d70dd586068fabfc7e9a9f2abf1cb6b7ab78c4e1a50632a3e6c7f45,2018-12,Essex Police,Essex Police,0.418637,51.579851,On or near KING EDWARD ROAD,E01021278,Basildon 014E,Investigation complete; no suspect identified
1b41119828125912de04cf4cf35468141d168e1fb1af3f2a1ec9d7de62d48e20,2018-12,Essex Police,Essex Police,0.693292,51.547003,On or near HAINAULT AVENUE,E01015906,Southend-on-Sea 007F,Investigation complete; no suspect identified
5c7e547c8159b8235c5e91bb96af64a2e893ffa6e80a43b900c21d76f09e4f8d,2018-12,Essex Police,Essex Police,0.048082,51.623621,On or near CEDAR CLOSE,E01021743,Epping Forest 015B,Suspect charged
2ff96f57fdb69557c61deab534bc80aeea2b2290f470aa848d5fc77ced98c84a,2018-12,Essex Police,Essex Police,0.048082,51.623621,On or near CEDAR CLOSE,E01021743,Epping Forest 015B,Suspect charged
2e6a51d6981573f98ccf9ff9ebdc59f14ee52a92a3b1b2062dbb49b2b839dcc7,2018-12,Essex Police,Essex Police,0.617481,51.643493,On or near Queen Elizabeth Way,E01021613,Chelmsford 019C,Investigation complete; no suspect identified
55091947856cf6ef1d19283372b905f2e606534ea3b6e1d0118fe463f50a073a,2018-12,Essex Police,Essex Police,0.081559,51.650172,On or near MORNINGTON ROAD,E01021776,Epping Forest 011C,Suspect charged
2d8c159b7fde7c2cb97b58d071433f479eb6a96b9bd76a80bbb47e04146aeb8c,2018-12,Essex Police,Essex Police,0.080305,51.651525,On or near WESTALL ROAD,E01021778,Epping Forest 011E,Suspect charged
5bb49d1de18e7217103ffc95d4bc35d5bbbd873373347ec7a95801a219b4be7d,2018-12,Essex Police,Essex Police,0.342701,51.477108,On or near TYRRELLS HALL CLOSE,E01015969,Thurrock 014D,Investigation complete; no suspect identified
25d9f56d850bdb764fbdfcc2be687fe26a8c8fdc9da7c833f2787feb6edcecc2,2018-12,Essex Police,Essex Police,0.491999,51.758845,On or near ANVIL WAY,E01021616,Chelmsford 004A,Investigation complete; no suspect identified
bab91734d4bf46da89de182f79a04d9e58332363282cfa6a2ef9f951cbf58fb5,2018-12,Essex Police,Essex Police,0.500728,51.746078,On or near Supermarket,E01021626,Chelmsford 007E,Unable to prosecute suspect
f3eb196b6e5d5098aef8ed9f4db36f778f83e29d862ff5fda108c78bf5aee4b2,2018-12,Essex Police,Essex Police,0.894982,51.909071,On or near DICKENSON ROAD,E01021680,Colchester 004B,Unable to prosecute suspect
5be63cfee31457a97ad7c4e9026cf73325f0f58e32e83a087e214cca88e9da33,2018-12,Essex Police,Essex Police,0.189821,51.702672,On or near MILL LANE,E01021800,Epping Forest 003C,Investigation complete; no suspect identified
7111c490eb08ef808b7f34c979a439f85ec31f7a37dc3b0509256d68a156e0d3,2018-12,Essex Police,Essex Police,0.461621,51.777417,On or near WOODLANDS WAY,E01021542,Chelmsford 002A,Unable to prosecute suspect
4895fa5d702521e6eec5a7bb73872efd4e2222a8cdc1036f0fd6a594ba72843c,2018-12,Essex Police,Essex Police,0.572069,51.869209,On or near CHARTER WAY,E01021368,Braintree 011A,Investigation complete; no suspect identified
59a69c1f7b3ce69f5f3e65930a4d84d05515843dce960d357e194a3aaba739b2,2018-12,Essex Police,Essex Police,0.076065,51.659028,On or near ENGLAND'S LANE,E01021788,Epping Forest 012C,Investigation complete; no suspect identified
68eb7553be90fb47b8cbdd9fb3a0dfb0a03ed2d73e4f54cadd2e531953a8c1ae,2018-12,Essex Police,Essex Police,0.512418,51.569391,On or near LITTLE CHARLTON,E01021315,Basildon 018C,Investigation complete; no suspect identified
27dafd721ad8b865f4bd8b364bac644adfb007deddbf0d39f60e06bd2b352312,2018-12,Essex Police,Essex Police,0.120291,51.622708,On or near COOPERS CLOSE,E01021749,Epping Forest 016A,Unable to prosecute suspect
d8baa7359e557133a1775ee230be42495977cbbe2510731678db2e46a2dc4f4e,2018-12,Essex Police,Essex Police,1.148025,51.787913,On or near Police Station,E01022037,Tendring 017D,Unable to prosecute suspect
85d8daa497f13f80eac2c11261a1d021d6a8bbc4ddceb4bb0be799d077b43e3f,2018-12,Essex Police,Essex Police,0.439093,51.748947,On or near WELLAND AVENUE,E01021597,Chelmsford 003B,Unable to prosecute suspect
3cd3d1355829b09910f72b0cb952166e652615fd69642aa2c5891414cf09ca3f,2018-12,Essex Police,Essex Police,0.717425,51.540717,On or near Pedestrian Subway,E01015895,Southend-on-Sea 010A,Investigation complete; no suspect identified
8331bc27bdd6d3cafc990c37c93a2deaefcf972b893754d77b60a225566c2a90,2018-12,Essex Police,Essex Police,0.439093,51.748947,On or near WELLAND AVENUE,E01021597,Chelmsford 003B,Unable to prosecute suspect
48bc6c0d990a4357c80bd9568f0f2fd31155063f12dbc03af04b7305b502effd,2018-12,Essex Police,Essex Police,0.504955,51.759639,On or near BRAGANZA WAY,E01033144,Chelmsford 005F,Investigation complete; no suspect identified
bf3cfb5d6115eb1800c61029546ff386b0e2c23c42e48b9fbb0e173216341fab,2018-12,Essex Police,Essex Police,0.535790,51.576793,On or near CLIFTON ROAD,E01021312,Basildon 011F,Offender given a caution
7584316e9ee001b061e3fff15f7328376661e1b737b72c33888d11d27dc6c957,2018-12,Essex Police,Essex Police,0.494384,51.735601,On or near CAVENDISH GARDENS,E01021628,Chelmsford 008E,Action to be taken by another organisation
81b6544c25b5f77b8575ac291d7ae60b8da6f4f8263b9c2df34ca697ca44d278,2018-12,Essex Police,Essex Police,0.091175,51.769800,On or near WEST GATE,E01021872,Harlow 007E,Investigation complete; no suspect identified
44464a44bbb799dc30f6ee4866e256a6af7a11b6ab9a4b1064d2f27efbd6ccc8,2018-12,Essex Police,Essex Police,0.328361,51.474075,On or near EXMOUTH ROAD,E01015954,Thurrock 017D,Unable to prosecute suspect
1d47eac5f18e74bf5e02420deac88279ce2784e3a78a8008115b161161be52c2,2018-12,Essex Police,Essex Police,0.282314,51.590658,On or near Sports/Recreation Area,E01021473,Brentwood 008D,Investigation complete; no suspect identified
e547a0ee3c9cb571f2ecbcc831999c1a4cc3bf40799f8051179bede04171a2e1,2018-12,Essex Police,Essex Police,0.457057,51.739571,On or near HARRISON COURT,E01021575,Chelmsford 009B,Investigation complete; no suspect identified
b86971a47989183cef79f40cbde8d21b4a8521e7d890b3095c45f14a09005b3c,2018-12,Essex Police,Essex Police,0.931256,51.879726,On or near QUAYSIDE DRIVE,E01033719,Colchester 008G,Investigation complete; no suspect identified
09bcba93eb051829a3bbfb4831c9acd7e5ac9c1313f069034f63e978e4c245dc,2018-12,Essex Police,Essex Police,0.485353,51.749974,On or near WEAR DRIVE,E01021623,Chelmsford 004E,Investigation complete; no suspect identified
21639ac5b7162ff1bd33fe28f6b43e7a3a9a840f4cd6a824fcd3206eb9d4226b,2018-12,Essex Police,Essex Police,0.504768,51.564104,On or near BROADWAY LINK,E01021316,Basildon 018D,Investigation complete; no suspect identified
b6e9c9828a58d5baa65e7a301330fb98c860de575a1ff2233f63cbef0c1c0bdf,2018-12,Essex Police,Essex Police,0.910782,51.888509,On or near SMYTHIES AVENUE,E01021648,Colchester 007C,Unable to prosecute suspect
d64a0467939af21724924258781c95c674b16f4cc6b475e4049a32d3e9fd8d98,2018-12,Essex Police,Essex Police,0.288966,51.632202,On or near Petrol Station,E01021464,Brentwood 004E,Investigation complete; no suspect identified
2014cb3d2ec490866a1062a17a479b186e0ec5e6492fc3091229c7256569a79d,2018-12,Essex Police,Essex Police,0.910782,51.888509,On or near SMYTHIES AVENUE,E01021648,Colchester 007C,Unable to prosecute suspect
c1c12231d20a82a064ac80e830c8b271e759e581a74892dd104213be7692118f,2018-12,Essex Police,Essex Police,0.289652,51.609103,On or near RHAPSODY CRESCENT,E01033063,Brentwood 007F,Unable to prosecute suspect
eeeeec08c036ae7dce3163c32c663482e51357b6426f77bbc98a8e67ab7bf1a5,2018-12,Essex Police,Essex Police,0.645356,51.813930,On or near FOREST ROAD,E01021420,Braintree 017C,Unable to prosecute suspect
015d5eb9e25d2966ebeed9c66b0783eba4d0f8b8bd706b84dafbd7b55c11272e,2018-12,Essex Police,Essex Police,0.115390,51.784591,On or near Supermarket,E01021845,Harlow 002B,Investigation complete; no suspect identified
2e3a0d29f5bc71a0b42dd46afad8ccf630cc1a66ad1061c7da749936dbb7d188,2018-12,Essex Police,Essex Police,0.707614,51.580480,On or near Police Station,E01021955,Rochford 004D,Unable to prosecute suspect
35951d678662b756f6cc2d7dfa4e126f2d0127563e4eb84256c86b25491e8f73,2018-12,Essex Police,Essex Police,0.780724,51.534539,On or near WATSON CLOSE,E01015915,Southend-on-Sea 017B,Local resolution
cfda69084ea9107ddb8c8856640067a41de683d515d333e4b6bb6e422cf5138e,2018-12,Essex Police,Essex Police,0.482872,51.749127,On or near MEON CLOSE,E01021622,Chelmsford 007C,Investigation complete; no suspect identified
78199708771607bac7e806cd2354037f35f70dca6fae9cbfd0397fbeb062160e,2018-12,Essex Police,Essex Police,0.712186,51.548672,On or near KENWAY,E01015897,Southend-on-Sea 010C,Unable to prosecute suspect
c333302e368f2782e30204d57c6e2d50f6ccdf724c15e3ec7f8c9aa2b40482a5,2018-12,Essex Police,Essex Police,0.712788,51.543999,On or near SHORT STREET,E01015898,Southend-on-Sea 010D,Unable to prosecute suspect
a9c8f44ce524cdb0fd6f010b0d3c02a776bffb0d2dc5aba4f2ecd355f8d0a8ed,2018-12,Essex Police,Essex Police,0.426751,51.576086,On or near SPIRE ROAD,E01021289,Basildon 016C,Unable to prosecute suspect
08ca9befeea9e21d435bbeca5a1c0157135d6f8ba40a6f07c41998747f492ae7,2018-12,Essex Police,Essex Police,0.538919,51.623841,On or near BARNET PARK ROAD,E01021595,Chelmsford 021C,Investigation complete; no suspect identified
7456a07ca3c9873fa4c637e1027d11b49b94c102102c3bac863a15e4cc13bd21,2018-12,Essex Police,Essex Police,0.695797,51.826894,On or near Parking Area,E01021882,Maldon 002A,Investigation complete; no suspect identified
20052f1918fb272704674297d5a0c81de1823d9cecca60a19d69a38e2241aeab,2018-12,Essex Police,Essex Police,0.931256,51.879726,On or near QUAYSIDE DRIVE,E01033719,Colchester 008G,Investigation complete; no suspect identified
956458b676d21a7110117f935b7f4fda3b1c2a753d1096a317bd6382979c28c6,2018-12,Essex Police,Essex Police,0.474085,51.733089,On or near High Street Chelmsford,E01033140,Chelmsford 010F,Unable to prosecute suspect
fb47c5d37f2669dcbea2f10a81305fec1c99c98923ab7379511b3a1547d0ec6b,2018-12,Essex Police,Essex Police,0.968053,51.869404,On or near HENRIETTA CLOSE,E01021737,Colchester 017B,Unable to prosecute suspect
1d436afd6f287dbb493ba6dee0d210a9b4de761cf2a4c4be2cc7764d8c11c7e4,2018-12,Essex Police,Essex Police,0.097001,51.781044,On or near Parking Area,E01021853,Harlow 003E,Action to be taken by another organisation
0e30de4c550becac7b6d9e315647b7992ca7f272595376fa881a29aa253e469b,2018-12,Essex Police,Essex Police,0.324599,51.479968,On or near Parking Area,E01015959,Thurrock 016C,Unable to prosecute suspect
7e04904e54f2caee3bf562f905ea9d0fae1ee0f4b2ed88b0d39c172538c91056,2018-12,Essex Police,Essex Police,0.639511,51.568821,On or near CORNEC CHASE,E01015837,Southend-on-Sea 001E,Action to be taken by another organisation
23a45491e5a98e24dd58bbb3f2879f3b1d1f4c7a62c827357bee9fa07a7fc636,2018-12,Essex Police,Essex Police,0.426751,51.576086,On or near SPIRE ROAD,E01021289,Basildon 016C,Unable to prosecute suspect
e68c5c95f66041d311d4e46949ec22f6fab958accbb0ba780a52e512c04726ab,2018-12,Essex Police,Essex Police,0.346488,51.632927,On or near FIELDING WAY,E01021451,Brentwood 003D,Investigation complete; no suspect identified
a2135a791c5f4d640c0ac50bcc2b75ed4e3e2a12eb8549e1c08e8ecc29d68311,2018-12,Essex Police,Essex Police,0.713520,51.542966,On or near MILTON STREET,E01015898,Southend-on-Sea 010D,Investigation complete; no suspect identified
7df4a95b789cee248482e59f77c99e29e6a725b1632febc0a0267e95b0a743ff,2018-12,Essex Police,Essex Police,0.120291,51.622708,On or near COOPERS CLOSE,E01021749,Epping Forest 016A,Unable to prosecute suspect
0c8db7440d07ba8c02f9e47e19efe77850b7b3dd8b84daffabf03810a3a9a86a,2018-12,Essex Police,Essex Police,0.296900,51.613332,On or near VICTORIA ROAD,E01021439,Brentwood 007C,Investigation complete; no suspect identified
67c3f8b0909bef2f30a48b83d99531f7b606788f87fca14b23a2c7e23568d6c3,2018-12,Essex Police,Essex Police,0.430299,51.580914,On or near KATHLEEN FERRIER CRESCENT,E01021274,Basildon 010D,Unable to prosecute suspect
9a185640cead254961b8f9bd443fcb00f5d85e931f58f4f1a7a7c7ea82322a95,2018-12,Essex Police,Essex Police,0.112826,51.687760,On or near BROOK ROAD,E01021759,Epping Forest 006D,Investigation complete; no suspect identified
1dee32a235605b51c9aa469a09d964e0dd1e1eef6da325881388b1ce222294c6,2018-12,Essex Police,Essex Police,0.915793,51.914718,On or near HANBURY GARDENS,E01021668,Colchester 002A,Unable to prosecute suspect
9c5fa20993338e1946d55ed853d98df8040b81e9d9aabcd2cba6473b23a718a3,2018-12,Essex Police,Essex Police,0.150313,51.782941,On or near MILL LANE,E01021857,Harlow 001D,Unable to prosecute suspect
3249b0faa1bbb5d00e4f3b37570fee9d703eec3165e59b99e492a7e4ee14dfeb,2018-12,Essex Police,Essex Police,0.353833,51.464519,On or near SEYMOUR ROAD,E01016003,Thurrock 018A,Unable to prosecute suspect
74b8761144717e4c4e9c716611026342e06a6ea1439798c5b64990c2e56d7dae,2018-12,Essex Police,Essex Police,0.371410,51.468077,On or near Sports/Recreation Area,E01016007,Thurrock 018E,Unable to prosecute suspect
e461d31c3d6a48399443889cb75ebb52735fa665b6fe6088decd4e7c4cace3a1,2018-12,Essex Police,Essex Police,0.926788,51.867543,On or near CHEVELING ROAD,E01021667,Colchester 016F,Unable to prosecute suspect
e096af398cc7633e2a152a2e951424216c687f756b2c697acfd50929269c7393,2018-12,Essex Police,Essex Police,0.371410,51.468077,On or near Sports/Recreation Area,E01016007,Thurrock 018E,Unable to prosecute suspect
8b7f7142ff0ddf3171569f7b009a8ffed2f64b839191bdd91db0ac0843b87f26,2018-12,Essex Police,Essex Police,1.137461,51.792423,On or near GREENFORD ROAD,E01022032,Tendring 015E,Unable to prosecute suspect
db7961d441eda1d521094a55c9ec5ce4c6ae538927f0dfb6aa0333bf001f6ad5,2018-12,Essex Police,Essex Police,0.926788,51.867543,On or near CHEVELING ROAD,E01021667,Colchester 016F,Unable to prosecute suspect
66b107b3561fe6249699d217d1be47b9e4412a9fef0d6447663da09e8df864e6,2018-12,Essex Police,Essex Police,0.241610,51.700418,On or near JACKSONS CLOSE,E01021753,Epping Forest 004A,Unable to prosecute suspect
5c96476f121a38af83f821446f776fd42cc1636b21801d86a9e0d7f27dc035ca,2018-12,Essex Police,Essex Police,0.510396,51.736762,On or near DUNMORE ROAD,E01021545,Chelmsford 008B,Investigation complete; no suspect identified
19d86d01dd00c5c3b205ca823b1bc18a8725ee2c6c852c77e44e044187dfa626,2018-12,Essex Police,Essex Police,0.064799,51.640504,On or near ALDERTON WAY,E01021783,Epping Forest 013D,Action to be taken by another organisation
519871a0748ea87f4a79ed538d24565326181b4b2972c5d753f89e77bc6af76e,2018-12,Essex Police,Essex Police,0.331992,51.489363,On or near CONNAUGHT AVENUE,E01015995,Thurrock 009E,Local resolution
25d07aab730c3266548dee2d3d2ebb010f6c91cd8a644ab9d450c18e43b8e5e4,2018-12,Essex Police,Essex Police,1.025227,51.835272,On or near BRIGHTLINGSEA ROAD,E01022053,Tendring 009D,Unable to prosecute suspect
f54bc493a828e3741d11c73c7a5f215f011e8da78fe7ea52beebdb9c2bfa0231,2018-12,Essex Police,Essex Police,0.331992,51.489363,On or near CONNAUGHT AVENUE,E01015995,Thurrock 009E,Local resolution
362a731fec93d7c104142aa9f2f2afc184230dc3e01bf248dfff51de2fae7351,2018-12,Essex Police,Essex Police,0.331992,51.489363,On or near CONNAUGHT AVENUE,E01015995,Thurrock 009E,Local resolution
4c9896b20a87a05874ecd2bbf960274af1c0d7f964be95b7349501029096ed8b,2018-12,Essex Police,Essex Police,0.196077,51.897333,On or near STONEY COMMON,E01022087,Uttlesford 005F,Unable to prosecute suspect
9abd38881f4d5ea87cf90e75465c5098b15511a46f1235ffff669fe79cfb2db1,2018-12,Essex Police,Essex Police,0.713041,51.540981,On or near Parking Area,E01015895,Southend-on-Sea 010A,Unable to prosecute suspect
9ddda5d4ba4e299ac69540761f185c02c7ed0fcbd8e06718ddbfd36d08146e44,2018-12,Essex Police,Essex Police,0.086195,51.776857,On or near THE HORNBEAMS,E01021839,Harlow 004A,Unable to prosecute suspect
3788283da4f1cb1753226250f764378ac9256695e7f4f1ebad0aa8c106c48ae5,2018-12,Essex Police,Essex Police,0.278244,51.611736,On or near WESTBOURNE DRIVE,E01021468,Brentwood 006D,Unable to prosecute suspect
461d5d052515b458a3082eb3faa78792ef7724f987362065ecd35b71fa86ca87,2018-12,Essex Police,Essex Police,0.554982,51.876317,On or near SOUTH STREET,E01033459,Braintree 009F,Investigation complete; no suspect identified
58f3626f5ca4d0f87c9002494a04ac6938f1f63f0ce342e7aa97aa57f311b872,2018-12,Essex Police,Essex Police,0.455025,51.557871,On or near FOBBING FARM CLOSE,E01021297,Basildon 020D,Investigation complete; no suspect identified
ff58d0bfaa7f29911bc7d7a809b1e76f4c2893c2ae924599b2b1b84a6a1b13a9,2018-12,Essex Police,Essex Police,0.932578,51.900028,On or near FRANCIS WAY,E01021707,Colchester 022I,Unable to prosecute suspect
62acfc33011770b569ab736c7e3190c78ca25a9a26f7af05a26a59c93284b70a,2018-12,Essex Police,Essex Police,0.331992,51.489363,On or near CONNAUGHT AVENUE,E01015995,Thurrock 009E,Local resolution
cca9633ac216de11863aa4e364e209e409271eaf1b0a632587496736a0a51e99,2018-12,Essex Police,Essex Police,0.599683,51.578209,On or near Petrol Station,E01021966,Rochford 008F,Unable to prosecute suspect
f361f8adfc686eff8bdedd78f84df3617ec2a6a12a71f0c5a54f2c887d3cc6b3,2018-12,Essex Police,Essex Police,0.328361,51.474075,On or near EXMOUTH ROAD,E01015954,Thurrock 017D,Unable to prosecute suspect
3683dfcef9769512047fe9544b50328180811ee46eb6faeab61db2c3e5c4dcfd,2018-12,Essex Police,Essex Police,0.913251,51.919251,On or near FREEMAN CLOSE,E01033721,Colchester 002G,Unable to prosecute suspect
32a122ff5e1f97c6c175aea709625170e6fe28e27bfff3e93e6c2d8c59778614,2018-12,Essex Police,Essex Police,1.093192,51.896326,On or near B1035,E01022019,Tendring 003E,Local resolution
406dee70ad1648c4ebe11f161bcdf6d932ebdae57ac50808fec0829a771c1b2f,2018-12,Essex Police,Essex Police,0.579261,51.882172,On or near ROCHESTER CLOSE,E01021351,Braintree 007B,Investigation complete; no suspect identified
aeb4f726dcf4ef26e966f74a5136606bf4cc78836c69a6db49a7722058b9a9ff,2018-12,Essex Police,Essex Police,0.713596,51.539394,On or near Nightclub,E01015852,Southend-on-Sea 015B,Unable to prosecute suspect
f51588d5eeb980749ca6186a41351c2eae0c08a8085fb12e2b18c68aba9c80bb,2018-12,Essex Police,Essex Police,0.915511,51.778525,On or near GRAYS CLOSE,E01021732,Colchester 021B,Unable to prosecute suspect
5a50ff4a3459b8f0ce919207cadf666a82075d6c0e48b778f4d6a0aee4940c5e,2018-12,Essex Police,Essex Police,0.828663,51.885503,On or near Hospital,E01021718,Colchester 012A,Investigation complete; no suspect identified
e3269def1a43d48419bad2cc6a7b25e137348299c3246edfbcc651b8ec210a36,2018-12,Essex Police,Essex Police,0.901260,51.888708,On or near Shopping Area,E01021649,Colchester 007D,Offender given penalty notice
d18efdf68df42683a5bc67b54af7abd9ec879c9aa421dea27fcb4e1d55320b5c,2018-12,Essex Police,Essex Police,0.718899,51.552141,On or near WENTWORTH ROAD,E01015874,Southend-on-Sea 006F,Local resolution
d659794cee71a85db8dd034b3855aa2f50b01cf9bcc801949e31a5f0b23183b8,2018-12,Essex Police,Essex Police,0.605750,51.582832,On or near HEATHFIELD,E01021966,Rochford 008F,Unable to prosecute suspect
3f9e014dc1bb8b46ceaaf998404bce4363ca37bcf137eee6960b1e8a2d8bb8b3,2018-12,Essex Police,Essex Police,0.353833,51.464519,On or near SEYMOUR ROAD,E01016003,Thurrock 018A,Investigation complete; no suspect identified
0e2e066463bed1f2e93e82f02eb05111ac44ba6356225d475ad8dbc95c6e8de7,2018-12,Essex Police,Essex Police,0.426103,51.637874,On or near DUKES FARM ROAD,E01021250,Basildon 001D,Investigation complete; no suspect identified
1a726efa3824d624e28ef722dbae1ba3038b0b3914a1d0cfccb11d48f6f4cae8,2018-12,Essex Police,Essex Police,0.285272,51.488728,On or near Parking Area,E01016011,Thurrock 015B,Suspect charged
d7c13a7000d3249404047b74d99eafe6aac83485da8ff9ca0dd5ccd45674ec70,2018-12,Essex Police,Essex Police,0.507038,51.583068,On or near VOYSEY GARDENS,E01021308,Basildon 011D,Unable to prosecute suspect
06a7d9c62b4d36c042f564e37524d12678176ab25c496279eaaab0df3a4dbb80,2018-12,Essex Police,Essex Police,0.415477,51.480182,On or near BATA AVENUE,E01015948,Thurrock 013B,Unable to prosecute suspect
0c9390e5bf3486a65d92802061eb344e48987c1383241ecf2b9cdd551eed6166,2018-12,Essex Police,Essex Police,0.691591,51.889710,On or near COLNE ROAD,E01021379,Braintree 014C,Investigation complete; no suspect identified
357d1a3ef6ef7f927b7d3c01b67e50b356e1e8f6e7f5ea9bf3c28db2dc2d6462,2018-12,Essex Police,Essex Police,0.744470,51.814130,On or near HOLLY WAY,E01021727,Colchester 020E,Investigation complete; no suspect identified
e38d14092416bd2a8b839642680b10efbd6f13649facddd5076b2ca4796cc7bd,2018-12,Essex Police,Essex Police,0.485775,51.562988,On or near CLAY HILL ROAD,E01021325,Basildon 019D,Unable to prosecute suspect
b15806f3167698dee0ad0de0d562afe048a018ccd2d9305535aa504e63fd9e05,2018-12,Essex Police,Essex Police,0.718899,51.552141,On or near WENTWORTH ROAD,E01015874,Southend-on-Sea 006F,Unable to prosecute suspect
bafbd6376363ea02063bb53a10ac598f3bd944cbd8bc763df3906dc17f34e923,2018-12,Essex Police,Essex Police,0.472270,51.734594,On or near TINDAL STREET,E01033141,Chelmsford 010G,Unable to prosecute suspect
b90f7dd48124116cd78158f0bfd1730a369e016149b37f9a5cc0bfb730035310,2018-12,Essex Police,Essex Police,0.091175,51.769800,On or near WEST GATE,E01021872,Harlow 007E,Unable to prosecute suspect
77435a71fab20e050bbc15ef22935b7fb574e74c12b67e2708bb1c54435932ab,2018-12,Essex Police,Essex Police,0.039393,51.774109,On or near DUCKETTS MEAD,E01021801,Epping Forest 002E,Unable to prosecute suspect
80d395ea070f9c180ccf3752d3631ea8fa386a67028cc26e39ff3e0e08114842,2018-12,Essex Police,Essex Police,0.713041,51.540981,On or near Parking Area,E01015895,Southend-on-Sea 010A,Unable to prosecute suspect
a4fdf21dcfb8f06bbe47d1f94527325f572e51937b1c72e16bea5a0d89a22e31,2018-12,Essex Police,Essex Police,0.901567,51.857385,On or near FRIDAY WOOD GREEN,E01021639,Colchester 018C,Investigation complete; no suspect identified
5619df51ee67b6f904342e538ba9a69b2eb7455d998430870b6d244a3e94016e,2018-12,Essex Police,Essex Police,0.471707,51.739938,On or near BISHOP ROAD,E01021574,Chelmsford 010A,Unable to prosecute suspect
aac728e90ac33eb0113bd6e77cbe2357064a025f81bcc4a752b0dbbd9257b2a4,2018-12,Essex Police,Essex Police,0.261741,51.889938,On or near Airport/Airfield,E01022090,Uttlesford 006B,Local resolution
1ec10e5c2922cbfe4b63152b1917e600e6641d609973e6f2566c04a894d6aa7a,2018-12,Essex Police,Essex Police,0.102611,51.752645,On or near AYLETS FIELD,E01021858,Harlow 010B,Investigation complete; no suspect identified
956b67307927eb008cb6466953642e1868eda179f5fca6b7eb9c877580034ed8,2018-12,Essex Police,Essex Police,0.505943,51.579710,On or near BARTLOW SIDE,E01021302,Basildon 013B,Unable to prosecute suspect
6ba7b6eb94a6627792f00d298809578209a944bdcf3335dbdd6943ef1e0ebb03,2018-12,Essex Police,Essex Police,0.256580,51.501622,On or near MARTIN ROAD,E01015923,Thurrock 008B,Unable to prosecute suspect
6bd93d8eef63c29bbec11162e6ae1255d409c79a97d2d6d1f5370c09051e71e9,2018-12,Essex Police,Essex Police,0.702180,51.550693,On or near Hospital,E01015862,Southend-on-Sea 004F,Unable to prosecute suspect
3b3ce5b8f4a6dde5b706aa198d2e3506990af2c9c6a190ecfe7715fbc123c5a5,2018-12,Essex Police,Essex Police,0.573475,51.875500,On or near Sports/Recreation Area,E01021369,Braintree 012D,Investigation complete; no suspect identified
201203f32a6244ada3cbf928d5a89e5aeebf6edf40cc01f7b07f33d3f37c70eb,2018-12,Essex Police,Essex Police,0.684980,51.554290,On or near CARDIGAN AVENUE,E01015858,Southend-on-Sea 004B,Unable to prosecute suspect
16f4b82e6cb47f8ed95d6b8452a58145d2dbdd64450e4fdc9e710e739caac880,2018-12,Essex Police,Essex Police,0.494952,51.754582,On or near VIOLET CLOSE,E01021620,Chelmsford 004D,Investigation complete; no suspect identified
1f135266198514bfb558c6d20a6e258ff384e184faa75a9c35b730b16baefee6,2018-12,Essex Police,Essex Police,0.056395,51.632046,On or near BRADWELL ROAD,E01021785,Epping Forest 014D,Unable to prosecute suspect
46993f271b78ec8ba6fc29d3b56ae7044369e512500393a667a5b23916c00461,2018-12,Essex Police,Essex Police,0.081302,51.752413,On or near KINGSMOOR ROAD,E01021830,Harlow 009B,Unable to prosecute suspect
7c656303b332be71fc78db089d9fe1e66a0d9b9f7e1a43cd4702965996412997,2018-12,Essex Police,Essex Police,1.286188,51.946550,On or near CUSTOM HOUSE LANE,E01021997,Tendring 001A,Unable to prosecute suspect
e7b507f79a412446d47e569e07ef9fea860a08ac981ccb1bd9a4c95eb7b812e4,2018-12,Essex Police,Essex Police,0.089752,51.777585,On or near RIVERMILL,E01021843,Harlow 004E,Unable to prosecute suspect
ada41387abfc4bad809d1c5c9a9aaec8f18c9190ad51eba56cf3d8040ccabb69,2018-12,Essex Police,Essex Police,0.229701,51.486443,On or near MARINE COURT,E01016014,Thurrock 015E,Action to be taken by another organisation
db3199cffec3ca00392409982c4ecd3f9cb4b701aceb844721e83b8a1b6632d2,2018-12,Essex Police,Essex Police,0.211779,51.984355,On or near GILBEY GREEN,E01022073,Uttlesford 003D,Investigation complete; no suspect identified
37eea51e2e25beeee729b1f726f596686205522cc11f06e36e681d9eed3444e6,2018-12,Essex Police,Essex Police,0.089752,51.777585,On or near RIVERMILL,E01021843,Harlow 004E,Unable to prosecute suspect
ac4a3bdc196b8430ce4b09c9e95ee4cb7ca81bc4515630c6426d84e0c60bb6b4,2018-12,Essex Police,Essex Police,0.229701,51.486443,On or near MARINE COURT,E01016014,Thurrock 015E,Action to be taken by another organisation
6e50aed7388d583ebc499b136932958cda22e8913353d67961dd3a00ad67c719,2018-12,Essex Police,Essex Police,0.106319,51.700925,On or near ASHLYNS ROAD,E01021763,Epping Forest 005D,Investigation complete; no suspect identified
52a754369f776b3bfaf24304f1ec7f02a9efaf851d984afedc1ec434430f2abc,2018-12,Essex Police,Essex Police,0.688353,51.543969,On or near CROWSTONE CLOSE,E01015831,Southend-on-Sea 012E,Offender given a drugs possession warning
7656b3930c47b3174600f16c731a0c6ba929a42b96ddf5583306b29127f4e7d8,2018-12,Essex Police,Essex Police,0.736659,51.545441,On or near SOUTH AVENUE,E01015887,Southend-on-Sea 009E,Action to be taken by another organisation
cb18f0f9e9f99e01ae218b977566c5e2f8bf6993ae656e2e6d4bab03e99e5c12,2018-12,Essex Police,Essex Police,0.689585,51.544327,On or near SHOE LANE,E01015831,Southend-on-Sea 012E,Offender given a drugs possession warning
3fe448b89ecf9c58b63392a2c35b630eebab66584a03cc413ed1a7eab208503a,2018-12,Essex Police,Essex Police,0.410154,51.634173,On or near WICK GLEN,E01021246,Basildon 002B,Investigation complete; no suspect identified
31793e03e433a425035f2fc59943115fe3f63ad82c26d4fca620ed54a08ffc28,2018-12,Essex Police,Essex Police,0.156820,51.975340,On or near CLATTERBURY LANE,E01022061,Uttlesford 003A,Investigation complete; no suspect identified
c28a47d066a247397095234f7d6c5921d4d25cc2e0ba6af23a9fafa35765a9ec,2018-12,Essex Police,Essex Police,0.094481,51.770766,On or near EAST GATE,E01021872,Harlow 007E,Local resolution
2ff66566ec30b258f510d29068656872e06ac7ef86369228f9977018bf0f664c,2018-12,Essex Police,Essex Police,0.666240,51.603120,On or near BROAD WALK,E01021939,Rochford 003G,Investigation complete; no suspect identified
74e168985a634c0e3dea98f46dfee19cd1976b06a2f5ac489a92a52f6d7d330c,2018-12,Essex Police,Essex Police,0.418384,51.624274,On or near CHAPEL STREET,E01021244,Basildon 004A,Investigation complete; no suspect identified
4b4cd531b5d1b85114c5255a5d6c5d0d2882c0e412c0922f816d00db238f9edb,2018-12,Essex Police,Essex Police,0.292176,51.521822,On or near ROSEMARY CLOSE,E01015971,Thurrock 006B,Unable to prosecute suspect
b662485039969a11fb78696e3df14625d0e5768d21b063da50f7c26463e82ca1,2018-12,Essex Police,Essex Police,0.332399,51.483231,On or near COLLEGE AVENUE,E01015960,Thurrock 014A,Unable to prosecute suspect
f99789b1ae086a0e8f158ba23818993652bb08e63d1d7bb1fe409b39c14a7bdc,2018-12,Essex Police,Essex Police,0.917545,51.883206,On or near ARTILLERY STREET,E01021685,Colchester 011C,Investigation complete; no suspect identified
f8fb295ff00eedd7f7e9da800d993898f76bcb3ac9cedeaa5ced51fd05441a8b,2018-12,Essex Police,Essex Police,0.565120,51.719401,On or near PARKDALE,E01021569,Chelmsford 016C,Investigation complete; no suspect identified
6a2fc494e8fc1c72b4a06fcf9034fd8aa3b460f32b847259dbc0756aa4e6c7d7,2018-12,Essex Police,Essex Police,0.912484,51.882027,On or near GRANVILLE ROAD,E01021688,Colchester 011F,Investigation complete; no suspect identified
46c197c66772635f5a52030b50f1d86a926c09e1caaaeb711219dd240eef4e19,2018-12,Essex Police,Essex Police,0.460730,51.569200,On or near Parking Area,E01021318,Basildon 015C,Local resolution
cc212813bfaa15189242a3fed2e748ab8f3fe8ce41eb5b98b594a2bd089ea96d,2018-12,Essex Police,Essex Police,1.161910,51.791317,On or near CHURCH ROAD,E01022050,Tendring 014E,Unable to prosecute suspect
b89344e01dbc054812f658f4a09b1746343f83bff3fa2f0971b68665d6588231,2018-12,Essex Police,Essex Police,0.285272,51.488728,On or near Parking Area,E01016011,Thurrock 015B,Investigation complete; no suspect identified
6e5a5f94f7e45dcc16a6c61a8347cf393f1d2f1ce6e0e295ab9e63298951731c,2018-12,Essex Police,Essex Police,0.523001,51.623915,On or near RUNWELL GARDENS,E01021593,Chelmsford 021A,Unable to prosecute suspect
e9dde4c270b7be37bbb611bacf5b4c20c6e65e7ce1dc7c5953ce57b0f2285a7c,2018-12,Essex Police,Essex Police,0.642609,51.572708,On or near BOLEYN CLOSE,E01015836,Southend-on-Sea 001D,Action to be taken by another organisation
3b222ea0c2446148cc097a9d342513997fa71d2d21a08e4fe89d39077116ca8b,2018-12,Essex Police,Essex Police,0.476101,51.734998,On or near Parking Area,E01033141,Chelmsford 010G,Suspect charged
cf638b27293c3ae8b95d5d08943ebf5c3beb919f660930cca72b427918ba7c9a,2018-12,Essex Police,Essex Police,0.926682,51.894320,On or near Supermarket,E01021704,Colchester 022F,Suspect charged
bac677e2c0f702674773cbdcd1866bd599a3555988b16f6985ce5439765733ff,2018-12,Essex Police,Essex Police,0.551504,51.553780,On or near BENFLEET PARK ROAD,E01021524,Castle Point 007E,Investigation complete; no suspect identified
37f3a4aa02eae4ebf80c550dad1b3ef24919dec479736877640d9a44e7f14bf2,2018-12,Essex Police,Essex Police,1.093192,51.896326,On or near B1035,E01022019,Tendring 003E,Local resolution
bccaf3ce0a774c1e4566d1670a6675b92fe7892ffa901d683d173edf8104e51b,2018-12,Essex Police,Essex Police,0.861991,51.882808,On or near DE VERE ROAD,E01021693,Colchester 014E,Action to be taken by another organisation
bd1441bd7ec6fd44537804a7386978cc3e38086a8bb68ac907a4031c2e34b508,2018-12,Essex Police,Essex Police,0.351253,51.633129,On or near RAYLEIGH ROAD,E01021448,Brentwood 003A,Unable to prosecute suspect
f93b09b66a411052796a67a16950325086d75db61db997fadf9e5b2bcd03de22,2018-12,Essex Police,Essex Police,0.663671,51.605616,On or near GREENSWARD LANE,E01021939,Rochford 003G,Investigation complete; no suspect identified
6af12907926329d049c0c6d4d6fe82709b44feecdd3f087970d62e6e8599202a,2018-12,Essex Police,Essex Police,-0.002165,51.686760,On or near Supermarket,E01021818,Epping Forest 009C,Investigation complete; no suspect identified
ae705bf39fd2797d4db3679169d4799e0430e58c05c9ccabf3bee47f5853e304,2018-12,Essex Police,Essex Police,0.325596,51.489940,On or near LUDLOW PLACE,E01015957,Thurrock 009A,Action to be taken by another organisation
5ecd6233738a952cafb75664359acb9f6859bf318b523c8b839f17fa85c2b910,2018-12,Essex Police,Essex Police,0.564080,51.520626,On or near EDITH ROAD,E01021486,Castle Point 010B,Suspect charged
e7c8c5b2801269273b4947c2ad137dd9b219994a880fd29c05b643b147772333,2018-12,Essex Police,Essex Police,1.151440,51.787381,On or near PENFOLD ROAD,E01022025,Tendring 016B,Investigation complete; no suspect identified
6dd9e4f3a054b7e348d4f12e17043234e301fb7e9134c3ed85ae9caf467e7554,2018-12,Essex Police,Essex Police,0.921916,51.873519,On or near CAVENDISH AVENUE,E01021664,Colchester 016C,Unable to prosecute suspect
fa197911feee97c1f84bcf4e516655d5bacc6127f9cba4e5783f2a4eab3f75cf,2018-12,Essex Police,Essex Police,0.561354,51.865990,On or near HASKELL MEWS,E01021372,Braintree 011C,Investigation complete; no suspect identified
d49bfb3eea27adf8ec21f2217f379cdcf36d6588f06d536180baba48cd033e5a,2018-12,Essex Police,Essex Police,0.653215,51.565742,On or near CHESTERFIELD CRESCENT,E01015834,Southend-on-Sea 001B,Unable to prosecute suspect
a3d5993b161081525cd62acac4ffc166e26f4afbd7b4ef8baf12e866bac9bd3e,2018-12,Essex Police,Essex Police,0.550039,51.565503,On or near GLENEAGLES,E01021476,Castle Point 003A,Investigation complete; no suspect identified
3ef2c178df07bfd6c47438af6861f05d9462a0d34817604f31e4369d9db3e114,2018-12,Essex Police,Essex Police,0.113040,51.700130,On or near Police Station,E01021757,Epping Forest 006B,Unable to prosecute suspect
a32f3d8ea64835927e241acf75c7e32026e18f4893ea092ad1f180281c469b90,2018-12,Essex Police,Essex Police,0.703128,51.561337,On or near MANNERS WAY,E01015866,Southend-on-Sea 002D,Action to be taken by another organisation
12317361a226a536eb6ac3284aa56f46d682ea629937c1c3d51ce86ef7b5aecc,2018-12,Essex Police,Essex Police,0.456169,51.571868,On or near Pedestrian Subway,E01021318,Basildon 015C,Unable to prosecute suspect
965c84e7101107852d43804deb17788bfe0eebbf46ab75baa620fdb4c65909bd,2018-12,Essex Police,Essex Police,0.456011,51.558489,On or near NETHER MAYNE,E01021299,Basildon 020E,Investigation complete; no suspect identified
535cf8eb365fa85a13835f72c9369496a3fcb0dd9b6c2667127fe8c797a1b089,2018-12,Essex Police,Essex Police,0.906419,51.884417,On or near GOLDEN NOBLE HILL,E01021686,Colchester 011D,Unable to prosecute suspect
772484f1545b92e3efc208334c4e05026a9800743dfeec00f223ca1990432fee,2018-12,Essex Police,Essex Police,0.712471,51.535517,On or near Theatre/Concert Hall,E01015852,Southend-on-Sea 015B,Unable to prosecute suspect
9ed4ba9de10c6cefe6499e47e722e78b2ffe9cf9a00413e99ad078fb335b45ee,2018-12,Essex Police,Essex Police,0.045873,51.620440,On or near WILLOW CLOSE,E01021744,Epping Forest 015C,Unable to prosecute suspect
0e2487ac87029ca7d2f50464735bdc2fbc94a706eb8698ee48c0d19f00314b11,2018-12,Essex Police,Essex Police,0.415477,51.480182,On or near BATA AVENUE,E01015948,Thurrock 013B,Unable to prosecute suspect
9710a917fbed288f8acaad522b134d1333134f6b16902e680cc5f17010c7b839,2018-12,Essex Police,Essex Police,0.415477,51.480182,On or near BATA AVENUE,E01015948,Thurrock 013B,Unable to prosecute suspect
4f662abe3234c70c62e74f124e7e5264350621becb2f15159f607a63b140ece9,2018-12,Essex Police,Essex Police,0.544561,51.613377,On or near BEAUCHAMPS DRIVE,E01021337,Basildon 007B,Local resolution
80429f9c8101c16871561086653c32228924711020564aafd5f465191b7d8aa6,2018-12,Essex Police,Essex Police,1.130063,51.797846,On or near BURSTALL CLOSE,E01022031,Tendring 015D,Unable to prosecute suspect
34737e15c8b8e97b63e310ad3eaf8f68097f6c579574b82f3b1ddd5ad86ad014,2018-12,Essex Police,Essex Police,0.688020,51.539785,On or near SATANITA ROAD,E01015828,Southend-on-Sea 012B,Unable to prosecute suspect
83da07befbd9cc00b2d2aab48db1c6822d50bd1a2fd8c30b399bded51b726933,2018-12,Essex Police,Essex Police,0.688020,51.539785,On or near SATANITA ROAD,E01015828,Southend-on-Sea 012B,Unable to prosecute suspect
b884ed61c01affa0ba4aaf90f28a29056e23973cb4f4452ab7688b7ca5619b30,2018-12,Essex Police,Essex Police,0.266292,51.478970,On or near A282,E01016012,Thurrock 015C,Unable to prosecute suspect
4bb907d56551116aece7bb45c801623dc5653d1a0a99667b8a0630570ad1876d,2018-12,Essex Police,Essex Police,0.063143,51.764720,On or near Supermarket,E01021840,Harlow 004B,Investigation complete; no suspect identified
124b8158a8c6af0ed1eaa8b076a364abe6766e9bb559d27272e25baf49911b65,2018-12,Essex Police,Essex Police,0.263449,51.489034,On or near SOUTHWAY,E01016012,Thurrock 015C,Investigation complete; no suspect identified
06ac8110050bebb5966aea20ef775a90cb2ffd3c4a950dbeddda75c27c3920b1,2018-12,Essex Police,Essex Police,0.276799,51.503407,On or near STIFFORD ROAD,E01015929,Thurrock 007C,Unable to prosecute suspect
f5354e5146427ae20e61fe199aae20ceeee2276551530c2b9a40422007440787,2018-12,Essex Police,Essex Police,0.929648,51.885162,On or near Supermarket,E01033722,Colchester 008H,Unable to prosecute suspect
4a26f438d839481c0be07c4893d253e9a640156cce1c7222d7998ae646a9ebfa,2018-12,Essex Police,Essex Police,1.000381,51.853510,On or near POPLARS CLOSE,E01021967,Tendring 009A,Investigation complete; no suspect identified
8d1010c17888b1e3c308ce1346cadf748a7afa23968d2d113445b480338a49e6,2018-12,Essex Police,Essex Police,0.666711,51.552494,On or near MIDDLESEX AVENUE,E01015820,Southend-on-Sea 005A,Investigation complete; no suspect identified
cbf11217473ce3566baf98643085b5e2743b2de770a730c294ba0a6e6d3f1cea,2018-12,Essex Police,Essex Police,0.462457,51.585127,On or near Nightclub,E01021268,Basildon 015B,Investigation complete; no suspect identified
08c2a1c4193391a83c2afac27bd1a8ea241a02e75079afef06f83c866edf5e12,2018-12,Essex Police,Essex Police,0.680287,51.560594,On or near PRINCE AVENUE,E01015857,Southend-on-Sea 004A,Unable to prosecute suspect
efdfded593cbdc81ab8580a97d4e6fd46a27bcbcb8fcd9c859bc7806cc3c4c5e,2018-12,Essex Police,Essex Police,0.503717,51.752714,On or near MIMOSA CLOSE,E01021618,Chelmsford 007A,Unable to prosecute suspect
318a77e56bba124bce3226820e7f8ea0c02ba704c8a1b4507ec56aa6b5e64aaf,2018-12,Essex Police,Essex Police,0.535854,51.881363,On or near SWINBOURNE DRIVE,E01021358,Braintree 008C,Investigation complete; no suspect identified
65820b89a5c3f45c390e8ab88bc111f8ee81c364e1d831948179ecd1ea4f25ea,2018-12,Essex Police,Essex Police,0.908514,51.857447,On or near ASH GROVE,E01021641,Colchester 018E,Unable to prosecute suspect
f58fdda32b8030ac1a4ed9347a56d89bb496a05d17b9c2658567d7a2faacf60f,2018-12,Essex Police,Essex Police,0.436261,51.575781,On or near KNIGHTS,E01021289,Basildon 016C,Unable to prosecute suspect
8dc369ee38c463ab3554aca99428043443177a301b29f9ebc9eebb4bd4dba1ee,2018-12,Essex Police,Essex Police,0.706747,51.583864,On or near NORTH STREET,E01021955,Rochford 004D,Unable to prosecute suspect
298e9b307933cbb64a5e767a4c302a2da4531555495a14f335f2cc2ff0212a09,2018-12,Essex Police,Essex Police,0.590470,51.591346,On or near ELSENHAM COURT,E01021957,Rochford 006C,Unable to prosecute suspect
6ed72d550c116764664b0fe2d4423ce35fc28ae1fbcbb12b619024c4efe2a08e,2018-12,Essex Police,Essex Police,,,No location,,,Unable to prosecute suspect
1d6811fea4720ef496a71d8c5d401bc26f2531817f1c1b267edc4fe0c69e1c12,2018-12,Essex Police,Essex Police,0.002803,51.669176,On or near THE GRANGE,E01021806,Epping Forest 009A,Investigation complete; no suspect identified
2499d8f47b6628b5a6a2154fd1b30d5e7d818ca0a509329ea00cd393b20deffe,2018-12,Essex Police,Essex Police,0.292499,51.475142,On or near PORTER CLOSE,E01016011,Thurrock 015B,Unable to prosecute suspect
4d5e0f881e619bce1bdbf95c21e38199a02a918d5a089956e283e0da2731a84e,2018-12,Essex Police,Essex Police,,,No location,,,Unable to prosecute suspect
11169e390dd16fb0aced2e6c2ec60cca18f212f9c8b1787fb1cc66ba51d3cc0c,2018-12,Essex Police,Essex Police,0.046565,51.638701,On or near SUMMERFIELD ROAD,E01021780,Epping Forest 014A,Investigation complete; no suspect identified
e3f8c25d84823316c7b4e3dbf1b73882b718d9adc763a7d6e49ff5abe6dfb2c3,2018-12,Essex Police,Essex Police,0.706747,51.583864,On or near NORTH STREET,E01021955,Rochford 004D,Unable to prosecute suspect
fbfe945549d77086fa1208e0b4754933fab0df392fc83863cf4cc8848e900113,2018-12,Essex Police,Essex Police,0.581820,51.871280,On or near PLAINS FIELD,E01021367,Braintree 012C,Investigation complete; no suspect identified
a18b8fb5230845caeaddd3bd544aca246837224fc75cfa6bb01c66d6018cda16,2018-12,Essex Police,Essex Police,0.130609,51.766636,On or near Petrol Station,E01021827,Harlow 005D,Action to be taken by another organisation
cdfa42ce283811f26fbbf54f8e7da32c8c1f00060aeb219ff1d8f0cff6b6f05d,2018-12,Essex Police,Essex Police,0.910977,51.896931,On or near MEANDER MEWS,E01021647,Colchester 007B,Unable to prosecute suspect
3d500473f2a3fb5a552f8bdd3172575f3bcdbce57875a0edfb3316d850276052,2018-12,Essex Police,Essex Police,1.145014,51.799245,On or near THOMAS ROAD,E01022022,Tendring 013D,Local resolution
f7294f139117e6e743327036d241e3a33115d00db4c5e27eb5b0f79075de03a1,2018-12,Essex Police,Essex Police,1.145014,51.799245,On or near THOMAS ROAD,E01022022,Tendring 013D,Unable to prosecute suspect
7f76d18738bbafb03f84bb9bce4c9cb3d76e6959002df57b1e62052dab2df394,2018-12,Essex Police,Essex Police,0.707614,51.580480,On or near Police Station,E01021955,Rochford 004D,Offender given a drugs possession warning
5824ca5e3a665283c78ceafbf7dcf2669e7fce66dc84ec6f49fcc101252cab3b,2018-12,Essex Police,Essex Police,1.145014,51.799245,On or near THOMAS ROAD,E01022022,Tendring 013D,Unable to prosecute suspect
1f9b2fe26720b84322601b16b89f81ffa9e560a042da8709e8f880cadb762894,2018-12,Essex Police,Essex Police,,,No location,,,Local resolution
22bc1fe7e656b077249d657e0306c4be84ba2ee879ce572ce138db6f753af1cf,2018-12,Essex Police,Essex Police,0.568271,51.882854,On or near YORK GARDENS,E01021353,Braintree 009B,Unable to prosecute suspect
2b857ecae64cdabd06523cf445d22587f9ce725630e866755c7b349a114f3ef4,2018-12,Essex Police,Essex Police,1.125924,51.798208,On or near MENDLESHAM CLOSE,E01022031,Tendring 015D,Unable to prosecute suspect
679b98bac230cd217bf799578a2ddbe2d2e6ed7a137934e493dc644ce68b7426,2018-12,Essex Police,Essex Police,0.313396,51.574707,On or near Petrol Station,E01021446,Brentwood 009B,Investigation complete; no suspect identified
9c5bdc7be47ace42524c95865129625bce36ddd8ca8aed6d356e2c2c95191ea7,2018-12,Essex Police,Essex Police,0.483438,51.562193,On or near OLDWYK,E01021323,Basildon 019B,Suspect charged
7fc63bee501940292243fb4ddb7973c83a28295e998483a99aaa2db23c0220bb,2018-12,Essex Police,Essex Police,0.736645,51.546161,On or near CENTRAL AVENUE,E01015887,Southend-on-Sea 009E,Investigation complete; no suspect identified
58afe265243c6aa6510aa05ec5dfd612ac3679adaa2296eda2395db7b55c1012,2018-12,Essex Police,Essex Police,0.908727,51.885511,On or near MAGDALEN STREET,E01021686,Colchester 011D,Investigation complete; no suspect identified
1e558c91583ea8c591a9bdd94e909b63bba9a25f162132dc9d0922898c8b1d90,2018-12,Essex Police,Essex Police,0.258101,52.023330,On or near FERGUSON CLOSE,E01022079,Uttlesford 002D,Investigation complete; no suspect identified
9d5bb5410e2406f5c3eea36d528ac869950628db9dff1db604ef0e886a2d81bd,2018-12,Essex Police,Essex Police,0.252215,51.696573,On or near STONDON ROAD,E01021754,Epping Forest 004B,Unable to prosecute suspect
618b15f1f0b8e5125dbbe3342601d96789994b0677bd5b0e746f0cb8bf154aa2,2018-12,Essex Police,Essex Police,0.695174,51.541519,On or near Parking Area,E01015855,Southend-on-Sea 015E,Investigation complete; no suspect identified
8647419ba58b3a00f96cf35b30c0488810e53350ed6847b9fdbcead4d295d84b,2018-12,Essex Police,Essex Police,0.442167,51.581774,On or near UPPER MAYNE,E01021279,Basildon 010E,Investigation complete; no suspect identified
efb2bb2eef8caee29570800d4908e52f82fd44fb686a0381f1815725610f1c61,2018-12,Essex Police,Essex Police,0.592714,51.976726,On or near Petrol Station,E01021397,Braintree 003B,Unable to prosecute suspect
4566bc07bed412a29ccaee23c1648ceb6f5f0377d10afb81dbe5d9908476c099,2018-12,Essex Police,Essex Police,0.922576,51.892875,On or near ST EDMUND'S COURT,E01021704,Colchester 022F,Unable to prosecute suspect
381300be6bdc99994686990538cdfef54bbd184a5c5776d0465eb0b38181bed3,2018-12,Essex Police,Essex Police,0.550842,51.878655,On or near Shopping Area,E01021365,Braintree 009D,Local resolution
5b297ef6df9b89c1ad1fa35da768722f57c60faa7734038d7d9020fcbb9057ef,2018-12,Essex Police,Essex Police,0.262613,51.888213,On or near Parking Area,E01022090,Uttlesford 006B,Investigation complete; no suspect identified
f12c9dd0deb574488c70bafa7680214a5c364051978c0b1f7a6f26cd060aa440,2018-12,Essex Police,Essex Police,0.568266,52.016696,On or near LEATHER LANE,E01021430,Braintree 001D,Investigation complete; no suspect identified
d63cf3187ece67de5df0fc76d5e9c9e1e8c013b29dbb1e70babb340a2a5c4b23,2018-12,Essex Police,Essex Police,0.458379,51.567352,On or near CHERRYDOWN EAST,E01021296,Basildon 020C,Investigation complete; no suspect identified
b5e7e08f497d5b1a16636991ff7bf90cec8ec719c999d82d40d4d4cc282c3d31,2018-12,Essex Police,Essex Police,0.615541,51.769874,On or near MALDON ROAD,E01021396,Braintree 018D,Investigation complete; no suspect identified
e5af888fa120f0cad701bda3831cbe7ceee0ee0c8c594fca1959dbc59a656e18,2018-12,Essex Police,Essex Police,0.258101,52.023330,On or near FERGUSON CLOSE,E01022079,Uttlesford 002D,Investigation complete; no suspect identified
b7a6833956674656c2a6dfa9161d367781b899abf7a62c96aa5f273bbfbdfa86,2018-12,Essex Police,Essex Police,0.258101,52.023330,On or near FERGUSON CLOSE,E01022079,Uttlesford 002D,Investigation complete; no suspect identified
c688797dae7e27870f1de3c83a216e1b241038ba85019ab1f72e392b1aca5a70,2018-12,Essex Police,Essex Police,0.258101,52.023330,On or near FERGUSON CLOSE,E01022079,Uttlesford 002D,Investigation complete; no suspect identified
a930607f82d02ba6f21e1ce9bc644012352a60b952f5a086021c9e342341b673,2018-12,Essex Police,Essex Police,0.449777,51.570014,On or near CRESSELLS,E01021293,Basildon 017C,Unable to prosecute suspect
045ebb25c3ef042d1c1c6c87a1922d966810bde7d73b955f3e5919a03c098080,2018-12,Essex Police,Essex Police,0.714143,51.536234,On or near Shopping Area,E01015852,Southend-on-Sea 015B,Suspect charged
108fe10e24eea0bdb3dd828769387e28fef5520542a7c6d9031639c1c046dda5,2018-12,Essex Police,Essex Police,0.691731,51.543298,On or near CRANLEY AVENUE,E01015831,Southend-on-Sea 012E,Investigation complete; no suspect identified
0280a4490ca18c5b78e7b655454c81b092faecb9fddf21bcfba5e92ac1dc29b4,2018-12,Essex Police,Essex Police,1.263064,51.936365,On or near RAY AVENUE,E01022000,Tendring 002A,Unable to prosecute suspect
747b1e98b6962497d98c27e7bba207653ba375dc15536ed99736f3b79989df7a,2018-12,Essex Police,Essex Police,0.256400,51.500897,On or near DACRE CRESCENT,E01015923,Thurrock 008B,Unable to prosecute suspect
8ac50809b02e48bd74f18d888aa4de1e57afa20e7c5c331cad39142b70d215db,2018-12,Essex Police,Essex Police,0.090424,51.774561,On or near MORLEY GROVE,E01021843,Harlow 004E,Unable to prosecute suspect
9505e32b14d8b34055a05f214b203a3083e70c3771788395a6f7bfaeb7b8cc5c,2018-12,Essex Police,Essex Police,0.252521,51.501124,On or near HANFORD ROAD,E01015926,Thurrock 008E,Unable to prosecute suspect
c465cca5d627bac16d063f4ff28373cae0defe0ead980aee1b70f4c22f736d47,2018-12,Essex Police,Essex Police,0.256400,51.500897,On or near DACRE CRESCENT,E01015923,Thurrock 008B,Unable to prosecute suspect
43c138a38d9ec6f5fa410ab7fc3e5084a87a9e508760ab52b012d639329fdd5e,2018-12,Essex Police,Essex Police,0.446162,51.581979,On or near Shopping Area,E01021268,Basildon 015B,Unable to prosecute suspect
0fe784ec7043f5ff9d1954ed93289431d24f54f7c93a49263a0e45e2d44ba623,2018-12,Essex Police,Essex Police,0.281698,51.489840,On or near Parking Area,E01016011,Thurrock 015B,Local resolution
59f5cde8bc832c49ced02aab02583c1cfe1f8c5f42d10dbdb8c6eb4d9fa64068,2018-12,Essex Police,Essex Police,0.521403,51.613859,On or near Pedestrian Subway,E01021334,Basildon 005A,Investigation complete; no suspect identified
79e1e6757ca52a57e9564ab2465ba26cb8780e636dc1c875e38e2f299025572a,2018-12,Essex Police,Essex Police,0.477296,51.730630,On or near Parking Area,E01033140,Chelmsford 010F,Investigation complete; no suspect identified
102ff7f4c114a893272c35386ae73d114cc29d22ec752574f68d3f0d495bd55e,2018-12,Essex Police,Essex Police,0.505657,51.565066,On or near HIGH ROAD,E01021316,Basildon 018D,Investigation complete; no suspect identified
4dd39975e0e60e053e397f1397b77fd5197ec19d126cfeb1f132cce87b2691b8,2018-12,Essex Police,Essex Police,0.712497,51.540310,On or near Bus/Coach Station,E01015895,Southend-on-Sea 010A,Unable to prosecute suspect
9af83a5156c2a1195ef761a8b38117208eec2fdc194398ecf618db5be4fc1fa2,2018-12,Essex Police,Essex Police,0.372456,51.872569,On or near Sports/Recreation Area,E01022069,Uttlesford 008D,Unable to prosecute suspect
080c2c5efd1a296614960080d0b30f03c3686141adb2091c5f2b4803af9a12c8,2018-12,Essex Police,Essex Police,1.055915,51.794716,On or near GREENLAND GROVE,E01022046,Tendring 011E,Unable to prosecute suspect
55d392eea48b4b51f3b7bf8e66bf16af8fd99c5d4365135d3784379ed7675669,2018-12,Essex Police,Essex Police,0.297289,51.607030,On or near WARLEY HILL,E01021472,Brentwood 008C,Investigation complete; no suspect identified
6b58e5d701cf0f2cdb2535f595075d0d84c5c792171bf5620ce3711237bfc63b,2018-12,Essex Police,Essex Police,0.425784,51.575549,On or near ST CHADS CLOSE,E01021290,Basildon 016D,Investigation complete; no suspect identified
7f8e4112f19a87f5847fe51077bfab94f794ce008dc9d8d1f8b0301b71375be7,2018-12,Essex Police,Essex Police,0.285272,51.488728,On or near Parking Area,E01016011,Thurrock 015B,Investigation complete; no suspect identified
70b9f9d2b48ee9b7803164ab2d5b7448c2030d79d84b27329251c0e8532a9ac3,2018-12,Essex Police,Essex Police,1.142775,51.799584,On or near PATHFIELDS ROAD,E01022022,Tendring 013D,Action to be taken by another organisation
aff539ca8bcdb3dad6f8bfc6c5f05b24faf744d8cd4bdc387c6e1cfaec2a8c31,2018-12,Essex Police,Essex Police,0.500271,51.585496,On or near REPTON CLOSE,E01021307,Basildon 011C,Unable to prosecute suspect
fc4c5429510942741d69e4bd1d5224d7cd9dc95e14c55f92e41b7ccc70d9d411,2018-12,Essex Police,Essex Police,0.637934,51.660149,On or near WOODHAM ROAD,E01021902,Maldon 007F,Investigation complete; no suspect identified
11933f3e9a5f0e774537067234796ebddc06f7145bda56b1762fce09cd6d418d,2018-12,Essex Police,Essex Police,0.134261,51.770914,On or near MOSS LANE,E01021857,Harlow 001D,Unable to prosecute suspect
49c8bbb226e2a4ed5f7df996770517696fcc9f6f68a606fbc300cb60c5b4ebe3,2018-12,Essex Police,Essex Police,0.625249,51.843932,On or near STRETFORD COURT,E01021360,Braintree 012A,Unable to prosecute suspect
8e8932e9c3e3eec2144cc29b62b77bc541b3216c33daf76ed2f4fae5366f7b2d,2018-12,Essex Police,Essex Police,0.443720,51.579233,On or near Pedestrian Subway,E01021268,Basildon 015B,Investigation complete; no suspect identified
10ad2cbda309eeb802d53ae80697bb758ff9695abe9b15d084b81e5f8f5bb9bf,2018-12,Essex Police,Essex Police,0.282488,51.487496,On or near Shopping Area,E01016011,Thurrock 015B,Investigation complete; no suspect identified
fbeb0e1a430c539d7361baedbe3650a7b46505f37572053ae0b6d26e300b7a45,2018-12,Essex Police,Essex Police,0.737940,51.541301,On or near Parking Area,E01015884,Southend-on-Sea 009B,Investigation complete; no suspect identified
959678e5512c7c03391b5c64d65efbebb3223c7fc4a83990f023ca3aa26858d6,2018-12,Essex Police,Essex Police,0.675298,51.560905,On or near SOMERTON AVENUE,E01015857,Southend-on-Sea 004A,Investigation complete; no suspect identified
bf3803adb3597b8c49346a8dcf48ff52ad13b49ad82a7c78397452d146b9d1ca,2018-12,Essex Police,Essex Police,0.544561,51.613377,On or near BEAUCHAMPS DRIVE,E01021337,Basildon 007B,Local resolution
8334233135e6737e84bb862b8045e1a81966ff8dc77a5bbdfa8a19c2bb4f387f,2018-12,Essex Police,Essex Police,0.797962,51.642656,On or near PINNERS CLOSE,E01033057,Maldon 008G,Investigation complete; no suspect identified
9d684690d010ba4e8a816b1f6f64f8e7ad43ec003e63b960e6c9865f0ace88f6,2018-12,Essex Police,Essex Police,0.118327,51.651565,On or near ABRIDGE ROAD,E01021770,Epping Forest 010A,Investigation complete; no suspect identified
986c2a16482a00c14d0c95bf2d2438943508d37fa895585b607d7c422c283f3e,2018-12,Essex Police,Essex Police,0.980163,51.925075,On or near AVELINE ROAD,E01021972,Tendring 005B,Unable to prosecute suspect
a646630347b0a4b8775dd34a15af7bc714824f4000e87b2a6d02925c1683287b,2018-12,Essex Police,Essex Police,0.555240,51.572297,On or near BLYTHE WAY,E01021513,Castle Point 001A,Local resolution
51686bced0a367432963d4b85492fc4cc47fdbae5239caf4a867a6c038a92d68,2018-12,Essex Police,Essex Police,0.555240,51.572297,On or near BLYTHE WAY,E01021513,Castle Point 001A,Unable to prosecute suspect
82b961bf5c76384535d41dab5df725dd16a18ad49af1bbf1d11d3ca53d771be6,2018-12,Essex Police,Essex Police,0.115390,51.784591,On or near Supermarket,E01021845,Harlow 002B,Unable to prosecute suspect
4df7b176e16aea5a3abacb93faa350e94c8e507c93b5a0b2927287c63991274a,2018-12,Essex Police,Essex Police,0.417873,51.629320,On or near Petrol Station,E01021247,Basildon 003E,Investigation complete; no suspect identified
8e08f961502a85f73ebbd2d2479b3903b3543b6dbcaa9088a272aeb78654ea7e,2018-12,Essex Police,Essex Police,0.699731,51.561236,On or near KEITH WAY,E01015866,Southend-on-Sea 002D,Formal action is not in the public interest
0b8d549fe84d3660780ed97d91759a7a44aced0218ce758182bf519a8072524b,2018-12,Essex Police,Essex Police,1.150320,51.801073,On or near KNOX GARDENS,E01022042,Tendring 014A,Unable to prosecute suspect
889350970a2b7e5471cf48727c7d4f5cdc7d9f9f0eac31554a0f244b682a7cbc,2018-12,Essex Police,Essex Police,0.915893,51.887537,On or near Pedestrian Subway,E01021648,Colchester 007C,Action to be taken by another organisation
284f0c79c83259bba01a444f106c76f7c56e3329361fbc6a30ea2e9132e9b380,2018-12,Essex Police,Essex Police,1.150320,51.801073,On or near KNOX GARDENS,E01022042,Tendring 014A,Unable to prosecute suspect
21723aef130e56fd2c870262d7a73da66f136adb41b32e08e77967c76883fd41,2018-12,Essex Police,Essex Police,-0.007082,51.687122,On or near WINCHESTER CLOSE,E01021818,Epping Forest 009C,Investigation complete; no suspect identified
26bf1148b160559b29a4d8e12d341168d8117997effa0edda9fda13eed201fb8,2018-12,Essex Police,Essex Police,0.602963,51.584594,On or near HIGH STREET,E01021966,Rochford 008F,Unable to prosecute suspect
4959c93021485d07738ff1be73b11038dd30ce80179dbd7fa1dcb10f54decb3a,2018-12,Essex Police,Essex Police,1.150320,51.801073,On or near KNOX GARDENS,E01022042,Tendring 014A,Unable to prosecute suspect
f884bb9892411d05072599c85c89de107eeb99ccf2c144c775b1342eacab57ff,2018-12,Essex Police,Essex Police,0.281698,51.489840,On or near Parking Area,E01016011,Thurrock 015B,Local resolution
a32c7fdade2cb0346b371421d5973d24e7f06fee937b6df4570826926fb7ac7b,2018-12,Essex Police,Essex Police,0.082820,51.643936,On or near CHIGWELL LANE,E01021773,Epping Forest 013C,Investigation complete; no suspect identified
a746258f14c16d59b5a2c95daf6b7d04b202fa4889c5d796dd1468d07c245b50,2018-12,Essex Police,Essex Police,0.281698,51.489840,On or near Parking Area,E01016011,Thurrock 015B,Investigation complete; no suspect identified
314fdac56eed198a6662ec89899624ecf0873ee55f9836e56005c86300196ec1,2018-12,Essex Police,Essex Police,0.076638,51.657957,On or near PYRLES GREEN,E01021779,Epping Forest 011F,Investigation complete; no suspect identified
409f2f3b9996f18966495c399d38e225765ac414c0c8412a5fc07f13e89b56f6,2018-12,Essex Police,Essex Police,0.262086,51.499906,On or near STANFORD GARDENS,E01015926,Thurrock 008E,Action to be taken by another organisation
c183a206232df466bc1c36d303b5c4e28eedc2a07723f601d677e7c3548fa517,2018-12,Essex Police,Essex Police,0.597966,51.588599,On or near Parking Area,E01021964,Rochford 008E,Investigation complete; no suspect identified
01a560f48c8617cc6d23fa1455987783f0aac1b2a7b62209308213a4f7cb878f,2018-12,Essex Police,Essex Police,0.486281,51.558778,On or near RYEDENE CLOSE,E01021311,Basildon 022C,Unable to prosecute suspect
8da8fbf79aba05f000d9ebec70a6f2765822eabf164ed40eb2a1d35929c12988,2018-12,Essex Police,Essex Police,1.152681,51.792492,On or near ALEXANDRA ROAD,E01022026,Tendring 016C,Investigation complete; no suspect identified
05f2798b90eb7e9207450b2d00be33abf78180a96091b37a02f15e299d55ef91,2018-12,Essex Police,Essex Police,0.455025,51.557871,On or near FOBBING FARM CLOSE,E01021297,Basildon 020D,Unable to prosecute suspect
aa033912f6d3d6149aeed8141a5c112ce72194a655703a617c7ac26159f81fad,2018-12,Essex Police,Essex Police,0.076638,51.657957,On or near PYRLES GREEN,E01021779,Epping Forest 011F,Investigation complete; no suspect identified
c615e99a7771ecd1f101da04348428f725be5b4b01b6874a35faadf673f1184a,2018-12,Essex Police,Essex Police,0.673547,51.543848,On or near OLD LEIGH ROAD,E01015830,Southend-on-Sea 012D,Unable to prosecute suspect
05c5fc0c2344d25b973c467c98bdb099e9c4c5590f5a88d06fc59e21ce8aa02b,2018-12,Essex Police,Essex Police,0.079027,51.658346,On or near CHANDLER ROAD,E01021777,Epping Forest 011D,Investigation complete; no suspect identified
7d55ea41ba8119b8f0c079748d2ee9616624fa8ebeb43b391250d3298b91dfd3,2018-12,Essex Police,Essex Police,0.448334,51.577527,On or near Sports/Recreation Area,E01021319,Basildon 017E,Unable to prosecute suspect
cfb619b36ef480f34e0eb180e83605d6c997d2672badfbf5fa437f05ed097316,2018-12,Essex Police,Essex Police,0.871980,51.871494,On or near Supermarket,E01021711,Colchester 015A,Unable to prosecute suspect
16cb141db5b8154e80fd0b9813c5131507467ca4e5044a17f77def299b52feb2,2018-12,Essex Police,Essex Police,0.132120,51.762401,On or near KINGSDON LANE,E01021834,Harlow 008B,Investigation complete; no suspect identified
b3ed6cf5f220cdbd6889b4662d637d0f80aa08c554a3af0303d113031167fcb5,2018-12,Essex Police,Essex Police,0.732625,51.542388,On or near LOVELACE GARDENS,E01015873,Southend-on-Sea 006E,Unable to prosecute suspect
cfde71a123cae1767e5a13132620a909c44ce24250a5964cafc7f05832cac670,2018-12,Essex Police,Essex Police,0.510671,51.566487,On or near HOWARD CRESCENT,E01021316,Basildon 018D,Unable to prosecute suspect
c955819d5953ebb7ec772d929e6a0111f1cdc166bb0659cfbefb0f1b32623804,2018-12,Essex Police,Essex Police,0.262613,51.888213,On or near Parking Area,E01022090,Uttlesford 006B,Local resolution
08e8cfe1d8358755c6ff2e6b03821c143720326119e7d6c54589c044dfe9a321,2018-12,Essex Police,Essex Police,0.900116,51.889231,On or near Shopping Area,E01021649,Colchester 007D,Suspect charged
27311424b13b94a2e7ba40b3866b0ef52123268ee60dd5eb805caa61ed1fdbba,2018-12,Essex Police,Essex Police,0.561239,51.891820,On or near HIGHFIELD CLOSE,E01021356,Braintree 007E,Unable to prosecute suspect
512c339d937ea7bbe15d2f1c29ae56df43df34566f56d3e165f7929e89dfb004,2018-12,Essex Police,Essex Police,0.428078,51.575259,On or near ALTAR PLACE,E01021289,Basildon 016C,Unable to prosecute suspect
c3eb1c08e5e5ec670137f006023f633ebdadd6d9f0f2e6d3f0ac778f4448d49f,2018-12,Essex Police,Essex Police,0.428078,51.575259,On or near ALTAR PLACE,E01021289,Basildon 016C,Unable to prosecute suspect
c1a5e2a761de1cef3f97f7349ad342717adf91c67ff5140a2b24f477933bb1e7,2018-12,Essex Police,Essex Police,-0.006290,51.687379,On or near BARGE YARD,E01021818,Epping Forest 009C,Investigation complete; no suspect identified
2393ece0ec5ce28ed48d78c28e7ab232551048ac51786d4f6cbf44aa111c9e5a,2018-12,Essex Police,Essex Police,0.251124,52.054757,On or near PETTS LANE,E01022077,Uttlesford 001C,Unable to prosecute suspect
f03114cfbdd4f0fbebdb1a3e2f21e6dd907467577aafa6f340f3df4279f7d8bc,2018-12,Essex Police,Essex Police,-0.006290,51.687379,On or near BARGE YARD,E01021818,Epping Forest 009C,Investigation complete; no suspect identified
36b7f92ea0ab70ec1c2d4df971ed8c5278ca9e57a3cdeadf214a806cfad4386d,2018-12,Essex Police,Essex Police,0.484223,51.560719,On or near SWANSTEAD,E01021325,Basildon 019D,Unable to prosecute suspect
638522cc9d2cf5a67e72c498740b8708eb02b58535ad3ba6b4cc7a97c49dd460,2018-12,Essex Police,Essex Police,0.510671,51.566487,On or near HOWARD CRESCENT,E01021316,Basildon 018D,Unable to prosecute suspect
61b06b85368e48d52a378e2faedaec55b7671ef255a620d378d72a802218003b,2018-12,Essex Police,Essex Police,0.472575,51.563825,On or near THE LEYS,E01021324,Basildon 019C,Investigation complete; no suspect identified
73a06c439bdb8cafc90d0f0aa027769493e41bb7a825203e9ba15fc7f81787cd,2018-12,Essex Police,Essex Police,0.709081,51.842192,On or near BARNFIELD,E01021403,Braintree 014F,Local resolution
c1868fe20703082b45ebaa80ee6e96e1b21f8fe3fd173a51f2c9a1586e569cbe,2018-12,Essex Police,Essex Police,0.540114,51.883987,On or near LAMBERTS ORCHARD,E01021358,Braintree 008C,Unable to prosecute suspect
1fe30fd70970ab1065699d495297df32869b398e6c828ff46cb281503d39de6c,2018-12,Essex Police,Essex Police,0.007121,51.753730,On or near BLYTHE ROAD,E01021801,Epping Forest 002E,Investigation complete; no suspect identified
315dad7447e2fcdcbe3ab59acdc1625d28a8ca952d95802b40af363a64a3ab86,2018-12,Essex Police,Essex Police,0.663019,51.549547,On or near KATHLEEN DRIVE,E01015821,Southend-on-Sea 005B,Unable to prosecute suspect
9f9e6f81a9cfe7210b90b324f96743356b2b68c430f03a29ce41c11e4a40901a,2018-12,Essex Police,Essex Police,0.430650,51.567471,On or near GOWER CHASE,E01021288,Basildon 016B,Unable to prosecute suspect
5547a6c7b3b4398455edc11b232ea45963a67a29a06fff1b7812cf4ac6f73c4f,2018-12,Essex Police,Essex Police,0.582748,51.872267,On or near MIDDLE KING,E01021367,Braintree 012C,Investigation complete; no suspect identified
aa2eadbb4fc52a95dc9b740c992b2990058fe1f96a98e3d38c443862a1241a44,2018-12,Essex Police,Essex Police,0.592286,51.975359,On or near CAMBRIDGE AVENUE,E01021399,Braintree 003C,Unable to prosecute suspect
2de2d51260d94170e684b0249e636e55393121957cc2b06697cf8ca589fedca9,2018-12,Essex Police,Essex Police,0.266292,51.478970,On or near A282,E01016012,Thurrock 015C,Unable to prosecute suspect
27b5e9b0c739ba0f7b7c9e298b291a6e8291441a09677716b7cec0f3a81431c9,2018-12,Essex Police,Essex Police,0.515658,51.608712,On or near LABURNUM CLOSE,E01021329,Basildon 006B,Unable to prosecute suspect
99c6523b5d64d445243da01a38e2a06892d988218c0a93e62d010be0a8773010,2018-12,Essex Police,Essex Police,0.572069,51.869209,On or near CHARTER WAY,E01021368,Braintree 011A,Unable to prosecute suspect
47f072f021beee4db2db67fd24085717a5f4aaba4ff9a214c740260818d35914,2018-12,Essex Police,Essex Police,0.466294,51.567222,On or near GUN HILL PLACE,E01021295,Basildon 020B,Investigation complete; no suspect identified
928c0d8a9a85431da90b3a6064d4f0cca6ef1f1a3c6ad6701eec720a0d404295,2018-12,Essex Police,Essex Police,0.488889,51.724692,On or near MEADGATE AVENUE,E01021563,Chelmsford 014B,Unable to prosecute suspect
0e142a1a8a155c041cc2df46ce28d6c0f80e1479a267ab8875e208ce3ef91ea6,2018-12,Essex Police,Essex Police,0.606613,51.634453,On or near ARLINGTON SQUARE,E01021606,Chelmsford 020B,Unable to prosecute suspect
05e3730b04e8a0391b7364b6053b7977792d9f101d3f73e608847146fe3f8617,2018-12,Essex Police,Essex Police,0.053139,51.645061,On or near Conference/Exhibition Centre,E01021781,Epping Forest 014B,Offender given a drugs possession warning
9e550906dd31dabf096103964766463436ac6a4f97776d06f430b1a31cabddd2,2018-12,Essex Police,Essex Police,0.900615,51.887717,On or near VINEYARD GATE,E01021649,Colchester 007D,Suspect charged
da35066398e5b9dee387b05ab0d77d732be16ba8fc63f8e45eff857f1a20b8fd,2018-12,Essex Police,Essex Police,0.895335,51.889691,On or near BALKERNE GARDENS,E01021646,Colchester 007A,Suspect charged
9ef43e280cda6ddb4a387df5a195ca28af31c59a6d691f0eb78b17ef803027b0,2018-12,Essex Police,Essex Police,0.487178,51.732031,On or near SHELLEY ROAD,E01021629,Chelmsford 008F,Unable to prosecute suspect
b199b32d44e279da2be7bcc9c8af8d5dc2a9b5631228e32ed2391b9f886d2202,2018-12,Essex Police,Essex Police,0.410565,51.637843,On or near HAREBELL CLOSE,E01021248,Basildon 002C,Investigation complete; no suspect identified
b1da1c08a6f75955f9ba4100915bcae06615e7e6c40539dd55d0e1950587bd46,2018-12,Essex Police,Essex Police,0.417818,51.581010,On or near CROMER AVENUE,E01021278,Basildon 014E,Unable to prosecute suspect
13e5bf66fe7b51c885b8b46d0414237c72e96cc5e94fab07169b469fd0bc59db,2018-12,Essex Police,Essex Police,0.475214,51.731744,On or near Shopping Area,E01033140,Chelmsford 010F,Unable to prosecute suspect
34ccafa6dbd306ae5318e03a7c4b9fd5ce5f41a9cc3721cfffb3126774f3c3af,2018-12,Essex Police,Essex Police,0.783504,51.544878,On or near DATCHET DRIVE,E01015878,Southend-on-Sea 013C,Unable to prosecute suspect
b66433657e378ce1f2bc6e264da881906dad80b8c9e8dfe14abb40761eeb72c4,2018-12,Essex Police,Essex Police,0.352088,51.636143,On or near TIPTREE COURT,E01021451,Brentwood 003D,Unable to prosecute suspect
f4551e7669fb7c839b616a39844253a8ffcfd2b81db7f47cc9d952df39925996,2018-12,Essex Police,Essex Police,0.431215,51.574546,On or near THE NAVE,E01021289,Basildon 016C,Suspect charged
31f5956078b16df643bef600c752a59b493f9abdd91f7bb0f72604dc420e63cf,2018-12,Essex Police,Essex Police,1.265858,51.928156,On or near GORDON WAY,E01022005,Tendring 004E,Unable to prosecute suspect
1b0e6aac2187b5fdc8186dc2ae40f6448bb99e79649fd52d9449714bf5655fb8,2018-12,Essex Police,Essex Police,0.133364,51.783564,On or near Supermarket,E01021855,Harlow 001B,Investigation complete; no suspect identified
dbf52f493b94c079d9f0f7ad0e37b8ad98be7458974641145928f3f70d033d5e,2018-12,Essex Police,Essex Police,0.498831,51.737440,On or near WILSHIRE AVENUE,E01021547,Chelmsford 008D,Investigation complete; no suspect identified
759bd91f5685bd43ca7e876d7f57208d525b00163b5e05c8f409c4e0b1f91591,2018-12,Essex Police,Essex Police,0.898597,51.892722,On or near ST PETER'S STREET,E01021650,Colchester 007E,Unable to prosecute suspect
4ce7fa7a71022f66f04f1f4386824b3e534882bb4552cd2f58d539d9485546cc,2018-12,Essex Police,Essex Police,0.481140,51.570614,On or near BEATTY LANE,E01021322,Basildon 019A,Unable to prosecute suspect
d3dfb8d06daea02824d0d1f088e81a74e07ac555c282873a648a2ac7c8e6780d,2018-12,Essex Police,Essex Police,0.623951,51.549978,On or near ALMA ROAD,E01021517,Castle Point 005A,Investigation complete; no suspect identified
cd63f9590787ea0d5edb47495b50f8bfd8bc9bdcd4f24356fb72d25938da82e7,2018-12,Essex Police,Essex Police,0.301378,51.613631,On or near Parking Area,E01021436,Brentwood 007B,Unable to prosecute suspect
70f68403c1a8ee51efccf5d50db1dd07c4b3648d476b3679953527e9b3762f06,2018-12,Essex Police,Essex Police,0.724162,51.553539,On or near WALTHAM CRESCENT,E01015871,Southend-on-Sea 006C,Unable to prosecute suspect
dbcbbd4b0f8f1bd7514efd9f93b2d3658bb1b40446d3973b2d883041fc4fb76f,2018-12,Essex Police,Essex Police,0.301378,51.613631,On or near Parking Area,E01021436,Brentwood 007B,Unable to prosecute suspect
48c148490a8a337a955e583087497344f14795fe780986bc9a1a30bb53e8e108,2018-12,Essex Police,Essex Police,0.328510,51.480125,On or near ORSETT ROAD,E01015956,Thurrock 016B,Investigation complete; no suspect identified
33110315e481e1ff82f2a59d65c0572a1c7ee0c860613aa609a321a8ce6c3957,2018-12,Essex Police,Essex Police,0.619447,51.579281,On or near Supermarket,E01021949,Rochford 009D,Unable to prosecute suspect
d57e7a76700709b6156e009bf7c3e4ab77bd735a4d7538dd967fba5aa700a8d7,2018-12,Essex Police,Essex Police,-0.008474,51.677830,On or near ROMAN WAY,E01021817,Epping Forest 008E,Investigation complete; no suspect identified
4ae55bf8de974f9a0dee9ee0c349655d0fb68062c8a640e7c09ee7b888fb85e3,2018-12,Essex Police,Essex Police,0.316734,51.476815,On or near Supermarket,E01015953,Thurrock 017C,Investigation complete; no suspect identified
64d2d5d50a3f6cd9dba4366fb8f96c6d12feb8f519e9b033298a10fa60be308e,2018-12,Essex Police,Essex Police,0.710811,51.534764,On or near CLIFTON MEWS,E01015852,Southend-on-Sea 015B,Investigation complete; no suspect identified
f3ad5fb1fb1095972a760114bd9d31176afc95b79f1c58e7ca9e59323d0df982,2018-12,Essex Police,Essex Police,0.476706,51.589656,On or near Sports/Recreation Area,E01021267,Basildon 012B,Investigation complete; no suspect identified
b843be3c978cccc87a2aedc7927a0a4aa002a9a1eb627d81e4d4f028c4dfacd2,2018-12,Essex Police,Essex Police,0.102691,51.773722,On or near THE DASHES,E01021851,Harlow 003C,Investigation complete; no suspect identified
703496bdeb41c716dcf394003957e1161aee128c13b27deb1ef251cddda13ee2,2018-12,Essex Police,Essex Police,0.903575,51.888768,On or near Theme/Adventure Park,E01021648,Colchester 007C,Suspect charged
090a29fd7b1673da30a0188b9f95bbd50d7ab397f098f23392fdb59b038f1d2f,2018-12,Essex Police,Essex Police,0.492039,51.560382,On or near SPRINGFIELDS,E01021311,Basildon 022C,Unable to prosecute suspect
9e4a0fd18b3fea703365ad01be80039788c3f77f799d4537b17d5f89d473449e,2018-12,Essex Police,Essex Police,0.132685,51.783909,On or near OAKWOOD MEWS,E01021855,Harlow 001B,Investigation complete; no suspect identified
f804a0afc0d0f6e9cd45c1421d56435313f5c6bc09f82e5f700d973726ff6597,2018-12,Essex Police,Essex Police,0.132685,51.783909,On or near OAKWOOD MEWS,E01021855,Harlow 001B,Investigation complete; no suspect identified
0f6392aa0b0f0b277bb305e3b041a2ace895e335fe24a53fc3c4dfe5a9396dda,2018-12,Essex Police,Essex Police,0.132685,51.783909,On or near OAKWOOD MEWS,E01021855,Harlow 001B,Investigation complete; no suspect identified
987e9d7b140cb05780efbee0c03f208717d720b547e2757306c9afa876ca9ca4,2018-12,Essex Police,Essex Police,0.718808,51.537070,On or near TOLEDO ROAD,E01015841,Southend-on-Sea 014C,Unable to prosecute suspect
720e4c357e245d9254b63b8199a5c4866cfa6be476a664e34a807006677d8069,2018-12,Essex Police,Essex Police,0.398536,51.680195,On or near HIGH STREET,E01021602,Chelmsford 018B,Offender given a drugs possession warning
91904f81b5ae18732fc80a386f594bfc8e83918509cfdb0c998ca3f442ee2d44,2018-12,Essex Police,Essex Police,0.477029,51.572769,On or near FAIRLOP GARDENS,E01021321,Basildon 015E,Investigation complete; no suspect identified
88c2fc5cf60616efb28a91f7404ce19c4e3c680097c8df7d6824d9cbf1f686c7,2018-12,Essex Police,Essex Police,0.292024,51.520809,On or near LARKSPUR CLOSE,E01015973,Thurrock 006D,Investigation complete; no suspect identified
7dd1be1a4dd95ffa737c9037b9a98190f7662f710fd9dc3dfa6ce82b029f5463,2018-12,Essex Police,Essex Police,0.081672,51.608139,On or near SHRUBLANDS CLOSE,E01021766,Epping Forest 017C,Investigation complete; no suspect identified
8bec43635f82eb851368e2abe1af8aac4715ee4ac110ed3246aaf0397bba9606,2018-12,Essex Police,Essex Police,0.686138,51.559983,On or near PRINCE CLOSE,E01015868,Southend-on-Sea 002F,Investigation complete; no suspect identified
64dc7678b973fb7d0ff79cd9f1d2306b24367db86a2e77ed9db278451fb39270,2018-12,Essex Police,Essex Police,0.102691,51.773722,On or near THE DASHES,E01021851,Harlow 003C,Investigation complete; no suspect identified
c476a08b698f929ffaa05c5e1a65b508245aabff189ce972b335a8ff20db3976,2018-12,Essex Police,Essex Police,0.876361,51.867762,On or near TALAVERA CRESCENT,E01021714,Colchester 015D,Unable to prosecute suspect
fda068ffba15d1194482db19f740b879cb3edd72c8c8c2af5b2e95f9f7fe67d5,2018-12,Essex Police,Essex Police,0.714143,51.536234,On or near Shopping Area,E01015852,Southend-on-Sea 015B,Investigation complete; no suspect identified
63847704e760468931de4f52a3dd39177673e5a81782ad54870ba392e7365c62,2018-12,Essex Police,Essex Police,0.436732,51.527388,On or near THIRD AVENUE,E01016001,Thurrock 003E,Unable to prosecute suspect
54273f0673f9c2a461012236f24cda106712b1f62c3da0534097f7c502e2c1f9,2018-12,Essex Police,Essex Police,0.800851,51.882545,On or near COPINGFORD END,E01021654,Colchester 010A,Unable to prosecute suspect
0dfe0a4b6612aadf6a95d70e614c96b94e5c88dfc3207c51d0d84f43fd3a2216,2018-12,Essex Police,Essex Police,0.417459,51.581045,On or near CROMER CLOSE,E01021278,Basildon 014E,Unable to prosecute suspect
a0cbdc33e163b76c4e9677d84404a2c6fb1b424216827fbc41ba41a6f38d5c8a,2018-12,Essex Police,Essex Police,0.281161,51.477359,On or near PARK AVENUE,E01016012,Thurrock 015C,Unable to prosecute suspect
e6f43b15a7623634ec4b1a817ef657aea6dafe2985fe470644dc2a1a5553e144,2018-12,Essex Police,Essex Police,0.458240,51.569324,On or near Supermarket,E01021318,Basildon 015C,Unable to prosecute suspect
338bbe68825a7719c269dc29f8d41abab71d7fbb2956dfb112c361011e6d5c9e,2018-12,Essex Police,Essex Police,1.278761,51.855905,On or near HALL LANE,E01022054,Tendring 006C,Unable to prosecute suspect
65379b6189b1f61957acb4ebdefb05c759f8dfc8e3ad329e6493c6f08670fdc5,2018-12,Essex Police,Essex Police,0.455569,51.568490,On or near Further/Higher Educational Building,E01021318,Basildon 015C,Unable to prosecute suspect
1b7361032b7a7412ad54d86e8cacbdd0fff3b5c64dc2b49501bbd1ff99c52ea3,2018-12,Essex Police,Essex Police,0.576037,51.878637,On or near RUSTIC CLOSE,E01021369,Braintree 012D,Unable to prosecute suspect
580f7a17d467fbbf5eb4e49f5cadfb735e7741ced605c4037e3b78d908121124,2018-12,Essex Police,Essex Police,0.082820,51.643936,On or near CHIGWELL LANE,E01021773,Epping Forest 013C,Investigation complete; no suspect identified
359598d84c9f5619d43ee4d4c6594c58ef37fedb65bd60232a79fbf18c086519,2018-12,Essex Police,Essex Police,0.615541,51.769874,On or near MALDON ROAD,E01021396,Braintree 018D,Unable to prosecute suspect
51d8c309b41573eb57e2638767da2658d8d4eaa94b59bbb3ededbadcf7a36714,2018-12,Essex Police,Essex Police,0.581820,51.871280,On or near PLAINS FIELD,E01021367,Braintree 012C,Unable to prosecute suspect
cf23804f3cd7d4c5bbcec16511333331196ebf114058f71b1adaf0a276ce6340,2018-12,Essex Police,Essex Police,0.328361,51.474075,On or near EXMOUTH ROAD,E01015954,Thurrock 017D,Unable to prosecute suspect
384ee21a2cc2a70b3b9fcd500401bfc438401632dc79ee7c4fba41349cd9a38a,2018-12,Essex Police,Essex Police,0.872165,51.869385,On or near JOHN KENT AVENUE,E01021711,Colchester 015A,Investigation complete; no suspect identified
5f538deab553ac57808a36c2554ac27df8ed18a37c4eba3e98cb11dd998bd7ba,2018-12,Essex Police,Essex Police,0.581820,51.871280,On or near PLAINS FIELD,E01021367,Braintree 012C,Unable to prosecute suspect
f03a98cd98fa3939d34d65dbcb2ce1d7dcaa9b6c4c137d181cd26df6fbdc1933,2018-12,Essex Police,Essex Police,0.600619,51.642096,On or near THE WITHYWINDLE,E01021606,Chelmsford 020B,Unable to prosecute suspect
9dda9ddfb7456fb53bbdeb271da664a27d4c0c08613076dc9fe26e41ce923577,2018-12,Essex Police,Essex Police,0.302207,51.620297,On or near HIGH STREET,E01021433,Brentwood 007A,Investigation complete; no suspect identified
57244876c8827b355b28d7bc3a13472638dc06a2a0e3707943a36f8ba107029c,2018-12,Essex Police,Essex Police,0.432912,51.570113,On or near TURNER CLOSE,E01021292,Basildon 017B,Unable to prosecute suspect
fa08d911321c12eb3e5a55b05d141a99761cbd80846828a82ce30d04ce356102,2018-12,Essex Police,Essex Police,0.322710,51.476508,On or near CROWN ROAD,E01015954,Thurrock 017D,Unable to prosecute suspect
0d1264f962251b6236ddff37890627a78123bbc73e8c9f5a013df9031de4159c,2018-12,Essex Police,Essex Police,0.665099,51.553043,On or near SUFFOLK AVENUE,E01015820,Southend-on-Sea 005A,Unable to prosecute suspect
3b1616a9c4979a47b89cf78f8be1dd9acfaf562b7687b597694374199abdb89d,2018-12,Essex Police,Essex Police,0.640820,51.808078,On or near Petrol Station,E01021416,Braintree 017B,Unable to prosecute suspect
125d8446b8edf79a55b9c0ca259af6031b962e9fe9b66efe9300cc66669c64bd,2018-12,Essex Police,Essex Police,0.405677,51.577141,On or near FENTON WAY,E01021277,Basildon 014D,Investigation complete; no suspect identified
6055f9e188660e32fe3276f7c37d0132b383a3cedb388bc2747b7869142079b2,2018-12,Essex Police,Essex Police,0.600619,51.642096,On or near THE WITHYWINDLE,E01021606,Chelmsford 020B,Unable to prosecute suspect
1e5644c1b18534cf5f36023f0849258ff79eeb7c5640107c83b611519df45cc0,2018-12,Essex Police,Essex Police,0.742704,51.550732,On or near ARCHER CLOSE,E01015886,Southend-on-Sea 009D,Unable to prosecute suspect
f15b8755a202db40556e1f5423adea5e8eab2f4052a9e1fb7d6a5635680f4f9f,2018-12,Essex Police,Essex Police,0.899288,51.889233,On or near Shopping Area,E01021649,Colchester 007D,Investigation complete; no suspect identified
3f94bbaf9c7f032e3af094dedce8f6e67e75a302f9fe5119e493c862f97d24b5,2018-12,Essex Police,Essex Police,0.581322,51.524204,On or near SURIG ROAD,E01021488,Castle Point 010C,Unable to prosecute suspect
e7bb50e2d50bdf90cc15d55df55b7169d28f4c749ff9c1c0cd10d47a9690201a,2018-12,Essex Police,Essex Police,0.330800,51.566485,On or near CHILDERDITCH LANE,E01015978,Thurrock 004B,Investigation complete; no suspect identified
70375c594c7487821469580c91b00b6816730f8cbcb74987e68103dc4ac64892,2018-12,Essex Police,Essex Police,0.405677,51.577141,On or near FENTON WAY,E01021277,Basildon 014D,Investigation complete; no suspect identified
73c0d0bc58e0897e5f70c003ecaa82c68013c3f0627b3d0dca7e4a766466adf0,2018-12,Essex Police,Essex Police,1.160885,51.795321,On or near WALTON ROAD,E01022049,Tendring 014D,Unable to prosecute suspect
ce049f65d9ba1588e3df2786696ce5090d7c1dfeee1c63aff5aa3e5938d9b38c,2018-12,Essex Police,Essex Police,0.461625,51.576151,On or near BUTNEYS,E01021319,Basildon 017E,Unable to prosecute suspect
da54229794f9d35c887d9fd1628f4035b8805d7cdba4f9d5feb326f74d66155d,2018-12,Essex Police,Essex Police,0.665099,51.553043,On or near SUFFOLK AVENUE,E01015820,Southend-on-Sea 005A,Investigation complete; no suspect identified
ad711ac77647de2b7ff9cb87eb882ab9feef7bb75317c77eac3da05834d402d3,2018-12,Essex Police,Essex Police,0.375595,51.462992,On or near BRONTE CLOSE,E01016005,Thurrock 018C,Unable to prosecute suspect
dde487052e1e040afffca1941737657175b3af0ad0de110f813cff87fdb22f5d,2018-12,Essex Police,Essex Police,0.873707,51.870552,On or near Police Station,E01021711,Colchester 015A,Unable to prosecute suspect
60406e37c6091f55368edf13c9ed476176b356db8970cb3eefb899da82b8d259,2018-12,Essex Police,Essex Police,0.885447,51.880562,On or near ST HELENA MEWS,E01021653,Colchester 013C,Unable to prosecute suspect
715fb252b6d41a1589e71c16fa26ded50ff85f4cccad7d741172078004635033,2018-12,Essex Police,Essex Police,0.885447,51.880562,On or near ST HELENA MEWS,E01021653,Colchester 013C,Unable to prosecute suspect
61d3265e647680c4dfb8db7b0816631d85bb89d5ca0e3597a5af05923fabf242,2018-12,Essex Police,Essex Police,0.455025,51.557871,On or near FOBBING FARM CLOSE,E01021297,Basildon 020D,Unable to prosecute suspect
87375ac18710e329d8ba4ac45457ed3f1f4b64aea932c61f58c7d601c3e4dc4c,2018-12,Essex Police,Essex Police,1.082635,51.774555,On or near LINKS ROAD,E01022045,Tendring 018D,Unable to prosecute suspect
b0229538a887c6c41591ee5267deed65d4ba17731cad29f8ac613eebed922f19,2018-12,Essex Police,Essex Police,0.113519,51.768429,On or near LONG LEY,E01021852,Harlow 003D,Unable to prosecute suspect
3ea1a30f10197542ddd0cbc722ca135fba681bcdfe411b8563cb64a513ee637c,2018-12,Essex Police,Essex Police,0.873707,51.870552,On or near Police Station,E01021711,Colchester 015A,Unable to prosecute suspect
f2aff3c88ba44e877b6727497e38d2f1a26e76a2a15e5ab7b0e43021f87c0c9b,2018-12,Essex Police,Essex Police,0.279751,51.487198,On or near Park/Open Space,E01016012,Thurrock 015C,Investigation complete; no suspect identified
2c08180388db9f9deaa59c0c3c4e9f6e9058a4c827f5962fb821789433b0cb65,2018-12,Essex Police,Essex Police,0.117349,51.651367,On or near TREE CLOSE,E01021770,Epping Forest 010A,Unable to prosecute suspect
f78a9b947b80a420db98f5180ccf723a5f4e9602ae9a4c077c3a265a183d100b,2018-12,Essex Police,Essex Police,0.081345,51.610779,On or near Petrol Station,E01021767,Epping Forest 017D,Unable to prosecute suspect
6b9529cc5d4414fa7084133d3bbdd5ee26cd6f5748e96fbc9b0aff16b780b0d0,2018-12,Essex Police,Essex Police,0.279751,51.487198,On or near Park/Open Space,E01016012,Thurrock 015C,Investigation complete; no suspect identified
cfc87afaafc9db00c0d63373ccf9ab7ecf274e3713ecdead7ff4d3c6a13b6517,2018-12,Essex Police,Essex Police,0.501215,51.592707,On or near SOUTHEND ARTERIAL ROAD,E01021330,Basildon 006C,Local resolution
345abcfb7249e32a5400c63b89e2108226ee1fc47f97381bf665f7cb4be93336,2018-12,Essex Police,Essex Police,0.498831,51.737440,On or near WILSHIRE AVENUE,E01021547,Chelmsford 008D,Investigation complete; no suspect identified
42a9a7239c2366c6a4c6aa10ebb19c8d5ffc2630892851612c42d465d8f04c5c,2018-12,Essex Police,Essex Police,0.906614,51.879789,On or near CAMPION ROAD,E01021684,Colchester 011B,Investigation complete; no suspect identified
135776a2aff6b43f684fac6378a44dc0d855e5fae8a4ff58a6bbac5ae1506627,2018-12,Essex Police,Essex Police,0.567412,51.519635,On or near Petrol Station,E01021501,Castle Point 011D,Investigation complete; no suspect identified
65bc18154aa3d6f604826389b1cd6efccd236592edca8e5958db31515fa67df1,2018-12,Essex Police,Essex Police,0.297289,51.607030,On or near WARLEY HILL,E01021472,Brentwood 008C,Investigation complete; no suspect identified
aaf3153d86eb42f12139edff699cd349c03445efefd25f9e15c644207d0d4bb0,2018-12,Essex Police,Essex Police,0.641865,51.935938,On or near BRENDON,E01021389,Braintree 006A,Unable to prosecute suspect
6a957d3f8b7a0afaf18ecf550a280af4253730ff0f0e83340e37825c06345261,2018-12,Essex Police,Essex Police,0.291393,51.626453,On or near COSTEAD MANOR ROAD,E01021432,Brentwood 004B,Unable to prosecute suspect
e1ad44ba63c3ef7b99f458255a13c953ea751a48af7049f82ac2cfc0df02a3bd,2018-12,Essex Police,Essex Police,0.262278,51.867069,On or near HARVEST FIELDS,E01022091,Uttlesford 006C,Investigation complete; no suspect identified
7c8e80737d5eddc0c06376300b278ec0ea012ebfbd85e134bc9c35aa538804c4,2018-12,Essex Police,Essex Police,0.814226,51.900302,On or near CHOATS WOOD,E01021730,Colchester 003D,Unable to prosecute suspect
ad9b3306760ec9e5fc52f11cb5ade7e942a7620cdc98454c6c3e717596056be4,2018-12,Essex Police,Essex Police,0.902192,51.889423,On or near ST NICHOLAS STREET,E01021649,Colchester 007D,Unable to prosecute suspect
31e726dff3f292a4763fbd596a4a7a3272348f623e4b130860a30a656e842b9f,2018-12,Essex Police,Essex Police,0.924388,51.887874,On or near HUNTING GATE,E01021706,Colchester 022H,Unable to prosecute suspect
0ff5e41c3ba695441a1ec10069fc726f2efee87cf25778f620d9f4808fc92bf8,2018-12,Essex Police,Essex Police,0.294809,51.614273,On or near ROLLASON WAY,E01021439,Brentwood 007C,Unable to prosecute suspect
2cd7c4ac11d2a052e78404eb78d14a0c983cda02efb1cce82ee40464f02c40dd,2018-12,Essex Police,Essex Police,0.463490,51.569268,On or near Supermarket,E01021318,Basildon 015C,Investigation complete; no suspect identified
84c140d899d47598d46b4b0d35bf3903430944f1e43f55a83f280711ab36f0e6,2018-12,Essex Police,Essex Police,0.397253,51.509757,On or near Petrol Station,E01015979,Thurrock 004C,Investigation complete; no suspect identified
cc9134769a71e07af22f2bf4b6d65c940f828b611b4d3e54d0dbed695cb12bec,2018-12,Essex Police,Essex Police,0.934305,51.891962,On or near CONIFER CLOSE,E01021697,Colchester 008B,Unable to prosecute suspect
e59faae393438bb4c321d255e10228da4f11c1cf3167daef6e2f60ccd5ed775a,2018-12,Essex Police,Essex Police,0.454784,51.863191,On or near WATCH HOUSE GREEN,E01022064,Uttlesford 008B,Unable to prosecute suspect
732998c603ee1880a66a31e67306f26dbee477945a25d9c613aa46a483210dea,2018-12,Essex Police,Essex Police,0.456488,51.721876,On or near LONDON ROAD,E01033138,Chelmsford 009F,Unable to prosecute suspect
fded74025075238b7d6eab6deea8d6b31d6019f9bb8e987878229e2b0d9b866c,2018-12,Essex Police,Essex Police,0.298576,51.478863,On or near MILL LANE,E01016011,Thurrock 015B,Unable to prosecute suspect
8cc868ba22ed93737e2feec3307be8a28e1a36c8fb899964d1c16561fc935c32,2018-12,Essex Police,Essex Police,0.112801,51.693444,On or near Parking Area,E01021758,Epping Forest 006C,Unable to prosecute suspect
b18cdfb086e383f480c4c7e03b217511aa56bda548f6246b47c264629f49bcdd,2018-12,Essex Police,Essex Police,0.703294,51.544911,On or near CHELMSFORD AVENUE,E01015899,Southend-on-Sea 010E,Unable to prosecute suspect
4f128122aefd7207fc19df606d7065625ababdfff896f21f82319300e6ef0f74,2018-12,Essex Police,Essex Police,0.703128,51.561337,On or near MANNERS WAY,E01015866,Southend-on-Sea 002D,Action to be taken by another organisation
51188e705fff782aefd55f131a6937e5d028e8e281e91f7ca97a7d86f83aee79,2018-12,Essex Police,Essex Police,0.322420,51.490075,On or near LENTHALL AVENUE,E01015957,Thurrock 009A,Unable to prosecute suspect
4043f2653fc3e42dde5ebe1e6854dbc5cd8299a1b1fe0004752a258b45d2a74f,2018-12,Essex Police,Essex Police,0.328361,51.474075,On or near EXMOUTH ROAD,E01015954,Thurrock 017D,Investigation complete; no suspect identified
64b2eb5eb89a2db2f54cf9977bf5132331bcc42fbfb9aaa58c20c8ddb857fdc1,2018-12,Essex Police,Essex Police,0.459178,51.744491,On or near KINGS ROAD,E01021573,Chelmsford 009A,Local resolution
2d8594fa70577286f935286dc74f7c646d283eb2269c18a7910a39fdc5f06424,2018-12,Essex Police,Essex Police,0.322420,51.490075,On or near LENTHALL AVENUE,E01015957,Thurrock 009A,Unable to prosecute suspect
5a435d769ab0d3d0b8097cd5fd3d332cead0c11a2d71f33df2b222d4c8b007c8,2018-12,Essex Police,Essex Police,0.322420,51.490075,On or near LENTHALL AVENUE,E01015957,Thurrock 009A,Unable to prosecute suspect
90bc4e0e9da198efd2314ec777e5ee0c6971c61c495d65598c50c5f940fb06f2,2018-12,Essex Police,Essex Police,0.309168,51.487549,On or near SACHFIELD DRIVE,E01033612,Thurrock 020D,Unable to prosecute suspect
1a9b3b0c84192ec21a7504ce396a304d3f8d12f65b04aed63a99ec3105c048d6,2018-12,Essex Police,Essex Police,0.616326,51.643518,On or near SQUIRE STREET,E01021613,Chelmsford 019C,Unable to prosecute suspect
26ed89deb252f302219fd589f7ebc2c81de02e249fbdb2c6ce0d5ec9c4aee702,2018-12,Essex Police,Essex Police,0.892033,51.891013,On or near ST MARYS FIELDS,E01021646,Colchester 007A,Unable to prosecute suspect
d8284b371566335e817ac423dd31cd2d311d1b32541777feb0bcf36bcf1ad7c6,2018-12,Essex Police,Essex Police,0.892033,51.891013,On or near ST MARYS FIELDS,E01021646,Colchester 007A,Unable to prosecute suspect
2d2b8757fa6c0c960510bfec2300e1a2c024ec5f2db1cf1feaa7a28c1d313c65,2018-12,Essex Police,Essex Police,0.081454,51.759514,On or near THREE HORSESHOES ROAD,E01021833,Harlow 009D,Unable to prosecute suspect
14c6b4a65f2cdf5412e1e1c00433ae64d8be327f355fd970a51a714a56b21251,2018-12,Essex Police,Essex Police,0.713596,51.539394,On or near Nightclub,E01015852,Southend-on-Sea 015B,Investigation complete; no suspect identified
afe7a3f45d775946afa8e7d9ddfd2756a11fb1222793dda92758a1547e844ca9,2018-12,Essex Police,Essex Police,0.094846,51.771452,On or near ADAMS HOUSE,E01021872,Harlow 007E,Unable to prosecute suspect
e707177dabc57089d22947e6dd76c2be6bbbae39ed408ba4fde7fc667b8d82a2,2018-12,Essex Police,Essex Police,0.427331,51.571533,On or near MELLOW PURGESS CLOSE,E01021286,Basildon 016A,Investigation complete; no suspect identified
23bb76c802556b825009d96a4170cae7b8b838a8f1e2063e8054d03a6912606f,2018-12,Essex Police,Essex Police,0.089122,51.767723,On or near LITTLE GROVE FIELD,E01021872,Harlow 007E,Unable to prosecute suspect
c3442a1fd3198575766037c00fe468c6ecf2009dbc91b5e715b66a2f1487eb33,2018-12,Essex Police,Essex Police,0.900116,51.889231,On or near Shopping Area,E01021649,Colchester 007D,Investigation complete; no suspect identified
3a72a44fa49123b57e066f44e95422a4e3b37f576affeff20ab6aa0879865a50,2018-12,Essex Police,Essex Police,0.314975,51.592428,On or near HOME FARM ROAD,E01021473,Brentwood 008D,Unable to prosecute suspect
be60d1c695da0001c10cafa07939105f4382d2b74415df782dd1356d943bc4c9,2018-12,Essex Police,Essex Police,-0.004840,51.687786,On or near ROMELAND,E01021818,Epping Forest 009C,Unable to prosecute suspect
e94173a2f45d619d1d24f2a8f8d2f84ecff48f977554540fa85c5b00ce66aebb,2018-12,Essex Police,Essex Police,0.401097,51.657516,On or near BUTTSBURY,E01021602,Chelmsford 018B,Investigation complete; no suspect identified
8713d23106d3bbc348cd23bae9a5c8959f7ba196af48f5a2111e62ed2da9e318,2018-12,Essex Police,Essex Police,0.314975,51.592428,On or near HOME FARM ROAD,E01021473,Brentwood 008D,Unable to prosecute suspect
9a16b3dfd32c62d311f0bd67181d0af3b9674c878551b508dcf5f17f8fc03157,2018-12,Essex Police,Essex Police,0.873318,51.869024,On or near HARVEY ROAD,E01021711,Colchester 015A,Unable to prosecute suspect
c2ea49d1df6a6814851ea16d1d5775bfde8333c435accdb053343ccc1cedfc2b,2018-12,Essex Police,Essex Police,0.901260,51.888708,On or near Shopping Area,E01021649,Colchester 007D,Investigation complete; no suspect identified
c81b22da5e3f99f27459aaf4b42bd2c01b6f38d0afdd22bf1ee82750a517ac4e,2018-12,Essex Police,Essex Police,0.290955,51.490892,On or near HOWARD ROAD,E01015982,Thurrock 019A,Unable to prosecute suspect
57edc3145ee6482a2b2059a74f20cea4e8230fe297b8dcf0382fb6d76162eb7f,2018-12,Essex Police,Essex Police,0.249082,51.502386,On or near ROWAN GROVE,E01015925,Thurrock 008D,Unable to prosecute suspect
cacdd271c4dd7ff27dad11711adfc232573ee368c53c99357359494d89574f84,2018-12,Essex Police,Essex Police,0.466069,51.575590,On or near HORSLEY CROSS,E01021266,Basildon 015A,Investigation complete; no suspect identified
4a6969d043aafebaf321567b573fc5c0410801b5a36b537a52d97e65da983023,2018-12,Essex Police,Essex Police,0.110047,51.782879,On or near DUKES PATH,E01021845,Harlow 002B,Investigation complete; no suspect identified
c1986a4186f24fc58139d9764b16860d1f939c62fdbe40a10ddb0ed8ed3a2a30,2018-12,Essex Police,Essex Police,0.283224,51.475413,On or near FLINT STREET,E01016012,Thurrock 015C,Investigation complete; no suspect identified
f665ababc00f5d08541ae9cb155504a98760ae25b0aec48ca18de5a6ccb45f16,2018-12,Essex Police,Essex Police,0.283452,51.501596,On or near CORVE LANE,E01015929,Thurrock 007C,Investigation complete; no suspect identified
04dbba9961dfe105dd5403f75b6b6a637ec824b4b368a80fabbcd7c7f271135f,2018-12,Essex Police,Essex Police,0.730497,51.552618,On or near EASTERN AVENUE,E01015875,Southend-on-Sea 006G,Further investigation is not in the public interest
48e7c49d14feb8c8c57c3c7c7c9a6fa15a7d5fd27e129b8256a3a9dbc91f3fe1,2018-12,Essex Police,Essex Police,0.911500,51.887700,On or near CHILDWELL ALLEY,E01021648,Colchester 007C,Unable to prosecute suspect
319ee13f19b8dccf060ef8e3b4ca9af741a0ec77bb32b24e66219546c161cf7d,2018-12,Essex Police,Essex Police,0.398987,51.577836,On or near CHRISTY CLOSE,E01021277,Basildon 014D,Unable to prosecute suspect
57bb18fd3861be37af59917f664035c422be5913d7c1259ea0b58183f4e80f7b,2018-12,Essex Police,Essex Police,0.780211,51.532041,On or near WATERLOO ROAD,E01015918,Southend-on-Sea 017E,Unable to prosecute suspect
bcb0ae94cb9bd083d05d5670818373d4b75e69e8e19ed03e86300780817745ae,2018-12,Essex Police,Essex Police,0.473482,51.731591,On or near BARRACK SQUARE,E01033140,Chelmsford 010F,Investigation complete; no suspect identified
cbc35f91966fc7e1403ceaf04d25219632b1422862825c31ad6e40b4364ac992,2018-12,Essex Police,Essex Police,0.579439,51.717351,On or near Supermarket,E01021570,Chelmsford 016D,Unable to prosecute suspect
a761bffee7c02be6fce36240f445ec04afedbbf897b01037c32f5f77f2aa841b,2018-12,Essex Police,Essex Police,0.548964,51.567424,On or near LONDON ROAD,E01021516,Castle Point 003D,Investigation complete; no suspect identified
a223c090f605f6b967244bd1eeb33426fa71002e363f435b939554fa05c60d16,2018-12,Essex Police,Essex Police,0.262086,51.499906,On or near STANFORD GARDENS,E01015926,Thurrock 008E,Action to be taken by another organisation
7e38773af9c8dd82df2c6f8ac2350876721e9c7bd0b03df17eaf368716eee780,2018-12,Essex Police,Essex Police,0.634446,51.943649,On or near BRIDGE STREET,E01021387,Braintree 004A,Investigation complete; no suspect identified
3ad048d50e2815cb9d5f98f9005bbf960001a25b0c2b352e524ab10cabe9ec09,2018-12,Essex Police,Essex Police,1.146107,51.822628,On or near CHRISTOPHER DRIVE,E01022016,Tendring 007C,Unable to prosecute suspect
a0b7f0cfc10b464591e05bc68a2b152c325ca1d4779d46234d36ef4bd7fae056,2018-12,Essex Police,Essex Police,0.474190,51.732359,On or near Shopping Area,E01033140,Chelmsford 010F,Investigation complete; no suspect identified
2f8d973da48aa48f2d7a2235e8079bd8f4db26fd259854db744b7ff3c86a5218,2018-12,Essex Police,Essex Police,0.900615,51.887717,On or near VINEYARD GATE,E01021649,Colchester 007D,Investigation complete; no suspect identified
d41e68e16b1cfee41d9869dafd88d34f09e0a481a5b050297763fd56287d1f99,2018-12,Essex Police,Essex Police,0.599683,51.578209,On or near Petrol Station,E01021966,Rochford 008F,Unable to prosecute suspect
818bdee19828a1c21474fed8a0e50d656fa1463f34ab5ecb3ba8148e66aaf9ef,2018-12,Essex Police,Essex Police,0.279751,51.487198,On or near Park/Open Space,E01016012,Thurrock 015C,Investigation complete; no suspect identified
e1e64295eceeb981c6b31d82c26969f9997526cb8a9ac86e79cf4f6dc5457010,2018-12,Essex Police,Essex Police,0.549741,51.878194,On or near Shopping Area,E01021365,Braintree 009D,Investigation complete; no suspect identified
28f5c44971b3a38fa84172774a9b1a711e99d3e6a68b484da35fcd2d92f01cc3,2018-12,Essex Police,Essex Police,0.436143,51.574120,On or near BELSTEDES,E01021292,Basildon 017B,Unable to prosecute suspect
e4116cceb2cb4ae14673f90bbb28926af76e06f841a4331fd9fa14cb93de40ef,2018-12,Essex Police,Essex Police,0.900615,51.887717,On or near VINEYARD GATE,E01021649,Colchester 007D,Investigation complete; no suspect identified
d915b85b2d10bd33274a00590db4c00afdddc2c859b822be59f4162d63f95941,2018-12,Essex Police,Essex Police,0.292499,51.475142,On or near PORTER CLOSE,E01016011,Thurrock 015B,Unable to prosecute suspect
7410fb159a54b96927fa92fe8284933107f1455b406251b864b9a2fed48c41e6,2018-12,Essex Police,Essex Police,0.900435,51.889439,On or near Shopping Area,E01021649,Colchester 007D,Investigation complete; no suspect identified
a5d9bd844538e947ef6b297993f4596c8922c596d566f131281b62a6e21a85ce,2018-12,Essex Police,Essex Police,0.704600,51.584660,On or near POLLARDS COURT,E01021955,Rochford 004D,Unable to prosecute suspect
3c9acad7472e3007a9fdd98ce5aa3e7b6bea474e44ff425ac391bfc6fe0c2cf3,2018-12,Essex Police,Essex Police,0.314975,51.592428,On or near HOME FARM ROAD,E01021473,Brentwood 008D,Unable to prosecute suspect
7db3bd22e2c3d0559d03440436e3d17cd3e7997d9531a14ad4e5adfabe3f1d97,2018-12,Essex Police,Essex Police,0.769024,51.533269,On or near BLYTH AVENUE,E01015916,Southend-on-Sea 017C,Unable to prosecute suspect
753eb5b17aad21206ca3f38d64f35b49c34eaace80e11f05213867a397afd406,2018-12,Essex Police,Essex Police,0.741520,51.816690,On or near KINGSWAY,E01021727,Colchester 020E,Unable to prosecute suspect
13d76b7adffe59dc4c237842807cba7d8931b6848250dfb1ef5ae636608488f4,2018-12,Essex Police,Essex Police,0.297249,51.615394,On or near CHASE ROAD,E01021439,Brentwood 007C,Suspect charged
13d76b7adffe59dc4c237842807cba7d8931b6848250dfb1ef5ae636608488f4,2018-12,Essex Police,Essex Police,0.297249,51.615394,On or near CHASE ROAD,E01021439,Brentwood 007C,Suspect charged
a38316698b62b0118bcbcf3bf79e65d9eba666c08a919ba526fa41a53720dcb7,2018-12,Essex Police,Essex Police,0.699078,51.588448,On or near Petrol Station,E01021930,Rochford 007A,Investigation complete; no suspect identified
2c6544e68f53859191259ac599b39b9f6754987c12b301139ee9f3206ea5d759,2018-12,Essex Police,Essex Police,0.783526,51.822053,On or near STOCKHOUSE ROAD,E01021643,Colchester 019A,Investigation complete; no suspect identified
bc3bf21bc4cae3b3b4a40c04d605ebf3bdb1be63aa3b8b63796c73374def96b8,2018-12,Essex Police,Essex Police,0.470656,51.716156,On or near JUNIPER DRIVE,E01021584,Chelmsford 012E,Investigation complete; no suspect identified
3dbad9b619fc5066a43a005ab5867e3ac5256e5787bfc38216560082f8ae7848,2018-12,Essex Police,Essex Police,0.592613,51.941431,On or near HIGHLANDS,E01021381,Braintree 007F,Investigation complete; no suspect identified
76a3ad077862ba02489912011797d66ed63a21dd85d7f1dc925dae3adc8930ed,2018-12,Essex Police,Essex Police,0.498831,51.737440,On or near WILSHIRE AVENUE,E01021547,Chelmsford 008D,Investigation complete; no suspect identified
1e3570f27a885cce158316d0271e89acabbff85afe9453a91fe28154bc348861,2018-12,Essex Police,Essex Police,0.564080,51.520626,On or near EDITH ROAD,E01021486,Castle Point 010B,Suspect charged
4cc614c5a370508308104ecb116ff70bf3f10062b44625a9c80496cf256ed33f,2018-12,Essex Police,Essex Police,0.871994,51.871493,On or near Supermarket,E01021711,Colchester 015A,Unable to prosecute suspect
7d648470cc5af83dd3c9def0f0f13a948911f08846365169fff7c2223450e44d,2018-12,Essex Police,Essex Police,0.623555,51.793581,On or near CHRISTINA ROAD,E01021423,Braintree 016A,Suspect charged
6239736d88ec8f8874b769dbaa2b62609ee77dc4c22bed77c2605930cd92a73a,2018-12,Essex Police,Essex Police,1.158897,51.791992,On or near HOLLAND ROAD,E01022027,Tendring 016D,Unable to prosecute suspect
91fcc3517ae82fbf1fae9df9c229fe9eb60dda0bed15d6aafb8439ef5dfd4fab,2018-12,Essex Police,Essex Police,0.296900,51.613332,On or near VICTORIA ROAD,E01021439,Brentwood 007C,Unable to prosecute suspect
f4e6a26749243ff4932f5cdb9ae4dbde2d9b4bc4bcc940649f60cfc2695036c9,2018-12,Essex Police,Essex Police,0.290865,51.616841,On or near Petrol Station,E01021438,Brentwood 006A,Local resolution
580b10b557d33e510b1a7884b4dced59b5092982cb3f5134bd33bfab6315f576,2018-12,Essex Police,Essex Police,0.458379,51.567352,On or near CHERRYDOWN EAST,E01021296,Basildon 020C,Suspect charged
580b10b557d33e510b1a7884b4dced59b5092982cb3f5134bd33bfab6315f576,2018-12,Essex Police,Essex Police,0.458379,51.567352,On or near CHERRYDOWN EAST,E01021296,Basildon 020C,Suspect charged
954d244d53063add78f8a1ad30ee9f951bc800a2529e461feed14497fc54d957,2018-12,Essex Police,Essex Police,1.158897,51.791992,On or near HOLLAND ROAD,E01022027,Tendring 016D,Unable to prosecute suspect
9a82a632adb3cd9dfc4755c25dbfb049fca6228e549bdf53765b4f0414c296f4,2018-12,Essex Police,Essex Police,0.254456,51.498866,On or near NEW MALTINGS,E01015921,Thurrock 015A,Unable to prosecute suspect
d3407807b380aecf58e299df8bd735cbcb96489e6205090476f39895ca50f012,2018-12,Essex Police,Essex Police,0.672780,51.614636,On or near NEW PARK ROAD,E01021914,Rochford 002A,Unable to prosecute suspect
f0b27d1230f87ea28023336c9b067d9a4dbe5e7cae0f4c6e69d31283bbbd3401,2018-12,Essex Police,Essex Police,0.520454,51.614715,On or near Parking Area,E01021334,Basildon 005A,Unable to prosecute suspect
ac0d956b8d4f3e0686c19a24cafa0c06166a385962a1d9a8795d34c94c854ba6,2018-12,Essex Police,Essex Police,1.159574,51.790679,On or near HAROLD ROAD,E01022027,Tendring 016D,Unable to prosecute suspect
09a1e7e80b063d9d96cf77fa4e1761fd52905a083ab8b5eec92f68f50011027e,2018-12,Essex Police,Essex Police,0.900410,51.900565,On or near Petrol Station,E01021679,Colchester 004A,Investigation complete; no suspect identified
ac8b9e488c77c307db01036e0ef3d870c050af24dca0e1eff02208c06e5b9754,2018-12,Essex Police,Essex Police,0.471163,51.714310,On or near MAGNOLIA CLOSE,E01021586,Chelmsford 015E,Investigation complete; no suspect identified
1d8f126f440647201afabc353cb425dc06a0f43e405a0b99816d53ec300e7835,2018-12,Essex Police,Essex Police,1.128869,51.803859,On or near ST JOHN'S ROAD,E01021977,Tendring 013C,Investigation complete; no suspect identified
841b306d56fbcf589812405130328d1d5dec71c536e4f826937866fdf4d37777,2018-12,Essex Police,Essex Police,0.769024,51.533269,On or near BLYTH AVENUE,E01015916,Southend-on-Sea 017C,Unable to prosecute suspect
f7a94f48070c14efce72cef4653d8f3c079985c0fc2ce892051f6bb5313af07b,2018-12,Essex Police,Essex Police,0.765519,51.686244,On or near NIPSELLS CHASE,E01021899,Maldon 007D,Investigation complete; no suspect identified
41f5b0337a0a0c88d1d5a9fa785c23789142b3ce11c7a7e0dc0d4f2fb0253eea,2018-12,Essex Police,Essex Police,0.300242,51.620299,On or near Nightclub,E01021433,Brentwood 007A,Investigation complete; no suspect identified
3a6c84490d89227779ad5fd19ae87ff37300db9946351de18d9d11d597bb2133,2018-12,Essex Police,Essex Police,0.105749,51.759378,On or near RUSHES MEAD,E01021822,Harlow 006C,Action to be taken by another organisation
f4deb4f5452660462693831ad059ff884d8b17f711d64e9294f77a2a63a336e6,2018-12,Essex Police,Essex Police,0.254456,51.498866,On or near NEW MALTINGS,E01015921,Thurrock 015A,Unable to prosecute suspect
cd0533efe0bc65339e10bdbef64472d3adfddb3e2daf3f9bbb008ee624185132,2018-12,Essex Police,Essex Police,0.483233,51.726116,On or near MEADGATE TERRACE,E01021563,Chelmsford 014B,Unable to prosecute suspect
8ceafa25872007fd9ab95b327be6b32aade2d6aac65f44b9bfa7fbb59f01ad5e,2018-12,Essex Police,Essex Police,0.469663,51.575056,On or near GIPPESWYCK,E01021266,Basildon 015A,Investigation complete; no suspect identified
4451a5f6a40c4701d6e93ef71daf62ff94cf61298bea28ec52bfbeee59743bdc,2018-12,Essex Police,Essex Police,0.946975,51.922296,On or near CROWN LANE NORTH,E01021971,Tendring 005A,Unable to prosecute suspect
62685ebbe44d6df92c3cce7b5de92f27cc3b99efaf106c121f7fb4aeef7c5df4,2018-12,Essex Police,Essex Police,0.355623,51.635739,On or near WASH ROAD,E01021450,Brentwood 003C,Unable to prosecute suspect
a8b7503a73d6be5d3d20249f6274ae1f541dad068740c7153254a15a63c7702b,2018-12,Essex Police,Essex Police,0.403387,51.636300,On or near THE WARREN,E01021249,Basildon 002D,Unable to prosecute suspect
0a31a3e1c72f081fe7f8c6d365d3bcaad0d87ce444729dfb070e904ca8a12bbd,2018-12,Essex Police,Essex Police,0.419664,51.480383,On or near GLOUCESTER AVENUE,E01015948,Thurrock 013B,Unable to prosecute suspect
d5d05e57819023b8a6dd40c5fd2c105c6cc33a91e6d326f78d1d520372d02f8a,2018-12,Essex Police,Essex Police,0.403387,51.636300,On or near THE WARREN,E01021249,Basildon 002D,Unable to prosecute suspect
abf67d8738e0c962e08370bbd330667a3cd4caede98d22e7bddc5ad902f19c7b,2018-12,Essex Police,Essex Police,0.270445,51.486039,On or near Parking Area,E01016012,Thurrock 015C,Investigation complete; no suspect identified
9c39aaf2488812c4d402766726f1cd48a248a5310a68e4fa053d935212c1d813,2018-12,Essex Police,Essex Police,0.554706,51.879408,On or near Police Station,E01033459,Braintree 009F,Investigation complete; no suspect identified
3a10e7f38a9d461f9fd57335b93036a0e6a3e9e6e22742f783622c0e105ce567,2018-12,Essex Police,Essex Police,0.634948,51.571271,On or near GROVEWOOD CLOSE,E01015837,Southend-on-Sea 001E,Local resolution
cbd524060baeb027bc391fcde7b269db9fa66b4e41099a9db7c65aca8befb847,2018-12,Essex Police,Essex Police,0.547481,51.895536,On or near DOVER CLOSE,E01021354,Braintree 008A,Unable to prosecute suspect
9a6f80ab443309254c771b3b8922409e12c1d36cacdff68d9ef6be3e47641675,2018-12,Essex Police,Essex Police,0.082820,51.643936,On or near CHIGWELL LANE,E01021773,Epping Forest 013C,Investigation complete; no suspect identified
ccf9baeb63036f614611ee7989be61fbb02df32f7ec3bdd2d3e71200adf697e3,2018-12,Essex Police,Essex Police,0.403532,51.633842,On or near MOUNTNESSING ROAD,E01021249,Basildon 002D,Unable to prosecute suspect
50880ce0d738b7f2b02b54106881f369deff6268d87996cce57b4f1d5a5fa04c,2018-12,Essex Police,Essex Police,0.534156,51.613035,On or near BRUNWINS CLOSE,E01021339,Basildon 005D,Unable to prosecute suspect
17c2b03bdccf90f0df7b34599c77c520b6b04a92b596cf1631bddaa0cfc69efe,2018-12,Essex Police,Essex Police,0.355623,51.635739,On or near WASH ROAD,E01021450,Brentwood 003C,Unable to prosecute suspect
1fdcd6923d963ffc2200a308465d9232e38a132ef95fc5c1908750df164d53a6,2018-12,Essex Police,Essex Police,0.090927,51.768833,On or near Parking Area,E01021872,Harlow 007E,Unable to prosecute suspect
1d105940883fba38cacb940e1b01b99c141df442017f954c5d0d8082a3374de3,2018-12,Essex Police,Essex Police,0.904184,51.861709,On or near INWORTH WALK,E01021639,Colchester 018C,Unable to prosecute suspect
4dc8aed4c28824b9aa7ffbbd916b3a402a9fd20297f4d8967df21fdb7f7dee98,2018-12,Essex Police,Essex Police,0.500879,51.590268,On or near Cricketers Retail Park,E01021307,Basildon 011C,Local resolution
9e12292061eac2edd57d4bc57fb44f9d0402ee4536bb19bf6d58e096cab5835c,2018-12,Essex Police,Essex Police,1.279473,51.937104,On or near Supermarket,E01022001,Tendring 001D,Suspect charged
ac54bac8d3fdfbe3e00c629fd167e8341c6b27628d61236bab46bb01df53ca49,2018-12,Essex Police,Essex Police,0.082820,51.643936,On or near CHIGWELL LANE,E01021773,Epping Forest 013C,Investigation complete; no suspect identified
37727b522fe3329e69236a058d4d69b494d631cf65c722b7739a51365236f18e,2018-12,Essex Police,Essex Police,0.092612,51.768596,On or near Theatre/Concert Hall,E01021872,Harlow 007E,Unable to prosecute suspect
b32fb8ffa48f27986a0518ab91b652c41768fd4a834285ec7df7519e26ddf4b0,2018-12,Essex Police,Essex Police,0.403532,51.633842,On or near MOUNTNESSING ROAD,E01021249,Basildon 002D,Unable to prosecute suspect
df6e1024f39830760e6459e7dfa963d8c554fed90ede17c45e3be174303a660b,2018-12,Essex Police,Essex Police,1.169110,51.817854,On or near Pedestrian Subway,E01021984,Tendring 010A,Suspect charged
b202c233a6e11af27bd4af4d4ca7c5895e5716ce7a3e41458d64c53f4590da84,2018-12,Essex Police,Essex Police,0.297875,51.619779,On or near WESTERN GARDENS,E01021434,Brentwood 004C,Investigation complete; no suspect identified
2add886ed572d516d4c67bfcd5806710522f956c65099f544e4edfa2038bb0c1,2018-12,Essex Police,Essex Police,0.928291,51.879728,On or near KING EDWARD QUAY,E01021685,Colchester 011C,Unable to prosecute suspect
e0870fd9f98c8c8096e26513ec3b1547265687a83f5e6f0f0fe978656d4eea33,2018-12,Essex Police,Essex Police,0.706305,51.588830,On or near THE BOULEVARD,E01021954,Rochford 007D,Unable to prosecute suspect
64748483677f396977ccecdfb45717a98acf9ab25086eb61eff779927332048d,2018-12,Essex Police,Essex Police,0.895335,51.889691,On or near BALKERNE GARDENS,E01021646,Colchester 007A,Local resolution
b1bbd367aca3a6d2502f5e951d0bd8221a90fbfca725520812a2178073b0f081,2018-12,Essex Police,Essex Police,0.925406,51.875348,On or near WHITEHALL CLOSE,E01021664,Colchester 016C,Unable to prosecute suspect
209b49679890d4695fc72fffcfc0a42d07c81cefd704b7a8c78deb96a6e8d44d,2018-12,Essex Police,Essex Police,0.002785,51.689427,On or near MARGARET CLOSE,E01021812,Epping Forest 009B,Unable to prosecute suspect
30ae8251152dc828d27d6d37343395ff73c6dd59f3a721d6bc7acbcd6d0109c1,2018-12,Essex Police,Essex Police,0.270445,51.486039,On or near Parking Area,E01016012,Thurrock 015C,Investigation complete; no suspect identified
673a779ac587dbfea874f7db2f32a36a2fabfb93161d6c6680a0298744084b49,2018-12,Essex Police,Essex Police,0.270445,51.486039,On or near Parking Area,E01016012,Thurrock 015C,Investigation complete; no suspect identified
27e3959182988dc6678b488b351b0b929e1592a692175c6911797df86a1f0e13,2018-12,Essex Police,Essex Police,0.117502,51.768690,On or near QUARRY SPRING,E01021846,Harlow 002C,Suspect charged
b2c7aff1adf98badee115cdd08ee683819ee89d97e3a8e6b351ccb8c9f314570,2018-12,Essex Police,Essex Police,0.052114,51.641572,On or near LOWER PARK ROAD,E01021782,Epping Forest 014C,Investigation complete; no suspect identified
64a4ca0015206b381230084ec7247b95608653c36e4d984339dacd8f77453991,2018-12,Essex Police,Essex Police,0.641738,51.600995,On or near ALDERMAN'S HILL,E01021941,Rochford 003I,Unable to prosecute suspect
550e5e03b017fc8e0ef501b6ffb4b55e9731d4f59e54540fb7224c0b513a0921,2018-12,Essex Police,Essex Police,0.628186,51.876395,On or near Petrol Station,E01021361,Braintree 012B,Local resolution
26c4b2094fdf0259dc2209f7e315a1022dc8923d12b00adc92f9acdd193195d7,2018-12,Essex Police,Essex Police,0.117502,51.768690,On or near QUARRY SPRING,E01021846,Harlow 002C,Unable to prosecute suspect
d950d4cc247e0b71de3232461b69abb492e4600ca515b9d2f32ad6cce1a75231,2018-12,Essex Police,Essex Police,0.782655,51.532388,On or near JENA CLOSE,E01015917,Southend-on-Sea 017D,Unable to prosecute suspect
af86420201c3ec74de5cbe0ce46e807a24a0769f08178c5c60ec0305e7a5f713,2018-12,Essex Police,Essex Police,1.082635,51.774555,On or near LINKS ROAD,E01022045,Tendring 018D,Unable to prosecute suspect
3dad144c0333ed7eaeb6fdedea8f2284f62f25e4554d3e33dffc2b22f2e58560,2018-12,Essex Police,Essex Police,0.568637,52.024197,On or near MILL LANE,E01021430,Braintree 001D,Investigation complete; no suspect identified
2c015edc304a8a000e9b1dc63de54d7b6def16dfcc3f7e967c1073cdc22778df,2018-12,Essex Police,Essex Police,0.792769,51.540485,On or near EXETER CLOSE,E01015880,Southend-on-Sea 013E,Investigation complete; no suspect identified
1dd2eae31c4a6aa81bc7928b8af0ed5e3c8a79d02ea2afa74caa71619b6fdd9f,2018-12,Essex Police,Essex Police,0.540213,51.754970,On or near THE CHASE,E01021536,Chelmsford 005A,Investigation complete; no suspect identified
1d7dbf0ad235ac9a8f0500d6c50f0642b9866df329f29d320e96c5cec321fcc2,2018-12,Essex Police,Essex Police,0.860701,51.869826,On or near CAMULUS CLOSE,E01021715,Colchester 015E,Unable to prosecute suspect
343ae0f1d0cd7430477470138e632f0374895d9a65e2ccc38e3b0e3ac97a4b52,2018-12,Essex Police,Essex Police,0.660062,51.569319,On or near FAIRFIELD ROAD,E01015833,Southend-on-Sea 001A,Investigation complete; no suspect identified
0c33412adf49d147fef0df2a5ffc758b1c3254dd168d7400f420b3fa7f98b441,2018-12,Essex Police,Essex Police,0.524111,51.601489,On or near SINCLAIR WALK,E01021344,Basildon 008D,Unable to prosecute suspect
64186fcb2553d13f55f27538ae6a6d68e6563ae9f0ee254715743a14b4190625,2018-12,Essex Police,Essex Police,0.457893,51.569044,On or near MARKET SQUARE,E01021318,Basildon 015C,Local resolution
bf830b0c64b2269f229ba6aa6970a2236cef8f92a638d5197c854bbb2dc19564,2018-12,Essex Police,Essex Police,0.474941,51.695462,On or near LOWER GREEN,E01021554,Chelmsford 017C,Unable to prosecute suspect
7dd9943ed4c15d3d926c26aae3642df8bd469e355e9f8925c5de8fc34ea10b7d,2018-12,Essex Police,Essex Police,0.606326,51.519730,On or near HIGH STREET,E01021489,Castle Point 012A,Suspect charged
d62ba8bdf1f91a323c97c0689ee9e43d98ecec53e97134e7e15bfee5d7f2ce7f,2018-12,Essex Police,Essex Police,0.415897,51.513466,On or near ROOKERY CLOSE,E01015991,Thurrock 005B,Investigation complete; no suspect identified
4666c0c5b929a6f2453ae524e424c276fc1c4329d2f197a7711b6c6deba62f7f,2018-12,Essex Police,Essex Police,0.474941,51.695462,On or near LOWER GREEN,E01021554,Chelmsford 017C,Unable to prosecute suspect
8acc3e3e6cd46ef71f2fd4e6c7a3be725b11a2da502aa82d0f65f24ca3a16c30,2018-12,Essex Police,Essex Police,0.555967,51.889336,On or near COLDNAILHURST AVENUE,E01021359,Braintree 008D,Investigation complete; no suspect identified
16b8a9ec9b90e9c2d4628c297b26556e2cd39fdd11783fa8139fde11ec45725e,2018-12,Essex Police,Essex Police,0.602372,51.518901,On or near ROCHFORD ROAD,E01021497,Castle Point 012D,Investigation complete; no suspect identified
aae43b661a7d540d0b00d6ef482019ed97734cb2c67149f5cdcd0e90d11cbde1,2018-12,Essex Police,Essex Police,0.912484,51.882027,On or near GRANVILLE ROAD,E01021688,Colchester 011F,Investigation complete; no suspect identified
0547e2b244cd679adb2ea9a91bbe5f68dfeff46f56c96d45690d449a259c7eea,2018-12,Essex Police,Essex Police,0.430524,51.577816,On or near CAROL CLOSE,E01021279,Basildon 010E,Unable to prosecute suspect
a97d33a1989fdd1dc761ec5ed4e04cc54307a53ee9d190fe3c7eaf32860db203,2018-12,Essex Police,Essex Police,0.915055,51.883582,On or near REBOW STREET,E01021687,Colchester 011E,Suspect charged
a7646201f185e2442e9a94460105c795c3cd93c2432353786137c5b63ffdd356,2018-12,Essex Police,Essex Police,0.450658,51.720361,On or near TATTERSALL WAY,E01033138,Chelmsford 009F,Offender given a drugs possession warning
0e5dc14ac587fe6a23d11169326ae46ce260b2b8046feba8bfb21fcc86c615b9,2018-12,Essex Police,Essex Police,0.430524,51.577816,On or near CAROL CLOSE,E01021279,Basildon 010E,Unable to prosecute suspect
233df3f84540e12438c90ee78fe73776646bccfb809881f3762308ed96a1806f,2018-12,Essex Police,Essex Police,1.247841,51.842858,On or near ELM TREE CLOSE,E01021996,Tendring 008D,Unable to prosecute suspect
3dc99c8a681bc6109d31dff0eacbc5fa723a3786a4b2934813988a40447bcb6e,2018-12,Essex Police,Essex Police,0.779048,51.530225,On or near RICHMOND AVENUE,E01015918,Southend-on-Sea 017E,Unable to prosecute suspect
e23647a527e730e9276568280c8c68f00ee604c7c238671b5fc901b81ed61586,2018-12,Essex Police,Essex Police,0.915893,51.887537,On or near Pedestrian Subway,E01021648,Colchester 007C,Unable to prosecute suspect
f41a52b355c53a30f0aa59ffc642e72019792c758cfe0d6e9ab7eef09084e931,2018-12,Essex Police,Essex Police,1.054461,51.945312,On or near HARVEY CLOSE,E01022015,Tendring 003D,Investigation complete; no suspect identified
8981d736807a218e7fdc924e7c4cac446ec1032fc7dcfa6805fd14285cc086ad,2018-12,Essex Police,Essex Police,0.501202,51.580108,On or near LOXFORD,E01021302,Basildon 013B,Unable to prosecute suspect
279bb07c3790619a3060087e1c12a4de4920e704ff62ddc2e5ba6954ab33c4b6,2018-12,Essex Police,Essex Police,0.270445,51.486039,On or near Parking Area,E01016012,Thurrock 015C,Investigation complete; no suspect identified
4e6193084ba65e72ede659279f62ea1bd2f2eec3c309afa5bbe84efebed2d0dc,2018-12,Essex Police,Essex Police,0.126116,51.776493,On or near FELMONGERS,E01021848,Harlow 002E,Unable to prosecute suspect
6ddb2cc34d901ba385d5f6f7379147e3f36ce5c7c16803d1201ccacb0f94b7ab,2018-12,Essex Police,Essex Police,0.122640,51.772536,On or near LADYSHOT,E01021847,Harlow 002D,Unable to prosecute suspect
ce9336500146a56f0a535088199bfe1da46a9369f26ecd322f5be6709b605b93,2018-12,Essex Police,Essex Police,1.153985,51.796630,On or near HARROW ROAD,E01022043,Tendring 014B,Unable to prosecute suspect
33ad136c381bfd7213c38c7ef1cdc1e7731959bd5a7952380b20a3dad95779d0,2018-12,Essex Police,Essex Police,0.705899,51.543115,On or near BOSTON AVENUE,E01015896,Southend-on-Sea 010B,Unable to prosecute suspect
9f39982a73bcff70599e841da45a1a261311bcf03136b29f097b8a6cc875483d,2018-12,Essex Police,Essex Police,0.330926,51.631259,On or near HUTTON ROAD,E01021455,Brentwood 005C,Local resolution
61018af1a799a82cbab7bdd50598d4330734e58266a986108d51ccf215ad87fe,2018-12,Essex Police,Essex Police,0.284818,51.869853,On or near MORTYMER CLOSE,E01022090,Uttlesford 006B,Investigation complete; no suspect identified
ec691a0428680f0f0d72d5fb743103b4f8d769d9eda3f086bda553ecc259990a,2018-12,Essex Police,Essex Police,0.262613,51.888213,On or near Parking Area,E01022090,Uttlesford 006B,Investigation complete; no suspect identified
e3e6fcc690d4f6eb88e690f099a9b448d54b45490633f9c2bf512fde77145623,2018-12,Essex Police,Essex Police,0.241602,51.480344,On or near BEACON HILL,E01016013,Thurrock 015D,Unable to prosecute suspect
2aee314053a57670b0f3490baeb0686f4ed39a944ba3e2b7f1eb61081c0a4ac2,2018-12,Essex Police,Essex Police,0.582160,51.874681,On or near BRICK KILN WAY,E01021367,Braintree 012C,Investigation complete; no suspect identified
41edc411e455ea9f71f084f463afb33fb0a9ff274b6970f09dfd318a12d51e68,2018-12,Essex Police,Essex Police,0.482656,51.747828,On or near HUMBER ROAD,E01021622,Chelmsford 007C,Unable to prosecute suspect
5d683864fea8e974b97726f34c23b49bf867b7b94a705c2448d9f0a8fd3da577,2018-12,Essex Police,Essex Police,0.241587,51.699078,On or near GREEN WALK,E01021754,Epping Forest 004B,Action to be taken by another organisation
574313209efc8d0c4ec8068b979164dc550c585db51dfa5bca2e0ceb81130e12,2018-12,Essex Police,Essex Police,0.166669,51.782982,On or near MATCHING ROAD,E01021857,Harlow 001D,Offender given a drugs possession warning
fab06ed40cece4e838ca79e69dcf950349f1536022feac2b27d552716e97d8a5,2018-12,Essex Police,Essex Police,0.579366,51.515353,On or near AZALEA MEWS,E01021502,Castle Point 011E,Investigation complete; no suspect identified
adbf07f755d63d531fca8bd9555ac16694b1b24b6b00feca002e53f521e17ae6,2018-12,Essex Police,Essex Police,0.476706,51.589656,On or near Sports/Recreation Area,E01021267,Basildon 012B,Investigation complete; no suspect identified
84fd89c703869c40ba8fb98e8f25ac801e1380b94957895821726e9f3dfc9429,2018-12,Essex Police,Essex Police,0.607583,51.521051,On or near HASSELL ROAD,E01021490,Castle Point 012B,Action to be taken by another organisation
e6b3ee69089c1bd8bbbd7e2a914de7ac41d56d28a40e0f83a2e5967c276e7102,2018-12,Essex Police,Essex Police,0.459544,51.585458,On or near Park/Open Space,E01021268,Basildon 015B,Investigation complete; no suspect identified
b3d038460997e75f3e040a2cb80ab11ed7e63348b81c3cedaf23a0dbfa4d52b7,2018-12,Essex Police,Essex Police,0.098456,51.759284,On or near TENDRING ROAD,E01021870,Harlow 006E,Investigation complete; no suspect identified
f71c131545545b57f68d49d43fbb086006661c64170f9425cddd68a22c03a959,2018-12,Essex Police,Essex Police,0.779048,51.530225,On or near RICHMOND AVENUE,E01015918,Southend-on-Sea 017E,Suspect charged
665847974be1cfbd553558f8e08c11a53aed7784583d9265159b1e8edc34fc69,2018-12,Essex Police,Essex Police,0.351940,51.464935,On or near RUSSELL ROAD,E01016003,Thurrock 018A,Investigation complete; no suspect identified
6d5893103253272f27f4483937b444c1b1648fff6b6120b2ff5156ea812ffb40,2018-12,Essex Police,Essex Police,0.251916,51.497035,On or near EASTERN AVENUE,E01015922,Thurrock 008A,Unable to prosecute suspect
3cf5c743a2df062b8e45f351bb68684782f5dabf564cc2717400af3b6f2aafcf,2018-12,Essex Police,Essex Police,0.251916,51.497035,On or near EASTERN AVENUE,E01015922,Thurrock 008A,Unable to prosecute suspect
166c467ce7f8c683a7dbc9875f3fe7b8cfb7f30b114be64abeeb34c1d2c0a93c,2018-12,Essex Police,Essex Police,0.709726,51.539807,On or near COLLEGE WAY,E01015854,Southend-on-Sea 015D,Investigation complete; no suspect identified
2334db325063dd8f0206395cc315a98f1095271dfc4bc24da5438b72d112c7ea,2018-12,Essex Police,Essex Police,0.024939,51.684318,On or near PEREGRIN ROAD,E01021810,Epping Forest 008D,Unable to prosecute suspect
1819c7b9bd3a2486dc600409f3f56b20731909f59e71cafd472b96e5caf36a9d,2018-12,Essex Police,Essex Police,0.149561,51.765914,On or near RIDGEWAYS,E01021824,Harlow 005A,Investigation complete; no suspect identified
273b81f81b201712eee5cd69d126a55ef137f61e7d7e4c56bf737087ba523ebb,2018-12,Essex Police,Essex Police,0.357564,51.468186,On or near Sports/Recreation Area,E01016007,Thurrock 018E,Investigation complete; no suspect identified
adf9d0015082b4b373239c7260dd9297f4c50323d869fdfeac9c0e7fd2267272,2018-12,Essex Police,Essex Police,0.678833,51.725882,On or near WARWICK DRIVE,E01021894,Maldon 005B,Unable to prosecute suspect
81182dadd09d417c6c84535464640c0eb122baa51af13ad2e7e05c1b32367e33,2018-12,Essex Police,Essex Police,0.492619,51.636894,On or near SCHOOL ROAD,E01033143,Chelmsford 018E,Investigation complete; no suspect identified
5a5f281656a14de645df5d0d779a5c63c46fff4bdb3db20a27cadb2fe93defe3,2018-12,Essex Police,Essex Police,0.720785,51.533957,On or near HARTINGTON ROAD,E01015841,Southend-on-Sea 014C,Unable to prosecute suspect
0ad200e07b051af7d0ec0b1a3e65860aee45e941502454fba67228bbe411d78f,2018-12,Essex Police,Essex Police,0.920629,51.895343,On or near DILBRIDGE ROAD WEST,E01021703,Colchester 022E,Unable to prosecute suspect
4c092f66f709449995478e5b41e13b8238e6ea9d1aad15be5fdd340e965d0b9e,2018-12,Essex Police,Essex Police,0.118560,51.962492,On or near COCK LANE,E01022061,Uttlesford 003A,Unable to prosecute suspect
0331a4ee7b0dfd33b93d124ad4b393ef457a83f5561029728b9485fa7fddb9d2,2018-12,Essex Police,Essex Police,0.618285,51.623329,On or near BEECH ROAD,E01021944,Rochford 001C,Suspect charged
5962df4b36da091378694188e97ac68b47ebd62025a55db7b04f9bc3b7b90b91,2018-12,Essex Police,Essex Police,0.114149,51.760513,On or near TILLWICKS ROAD,E01021823,Harlow 006D,Local resolution
05cf365b7801ebfeccb65cc006c3662af67a6c7f70d07a0ba8add349c73175c0,2018-12,Essex Police,Essex Police,0.901260,51.888708,On or near Shopping Area,E01021649,Colchester 007D,Investigation complete; no suspect identified
18fd948830fc6698b0df01d57b7b8426d049e4815701995371c178a22611b47e,2018-12,Essex Police,Essex Police,1.148025,51.787913,On or near Police Station,E01022037,Tendring 017D,Unable to prosecute suspect
d7d095776e4cbdf2409282b396ca17701b91e23e64ce6f26f21c78ad4c408d6c,2018-12,Essex Police,Essex Police,0.324584,51.479375,On or near Theatre/Concert Hall,E01015959,Thurrock 016C,Unable to prosecute suspect
9666864bd9c262aa388d452230265b860b3e49ea15006e4211737e3adb0ed7d6,2018-12,Essex Police,Essex Police,1.150956,51.798951,On or near OLD ROAD,E01021970,Tendring 016A,Unable to prosecute suspect
4965aaa47c88e3328bb40526b1401f1563b82126437e5f29f7470deb6125c867,2018-12,Essex Police,Essex Police,0.114883,51.758548,On or near Petrol Station,E01021823,Harlow 006D,Investigation complete; no suspect identified
c3611996dffd9f95126fab4c68c1cf57615ff80ab461ab9715a9b29249f1c716,2018-12,Essex Police,Essex Police,0.394288,51.876605,On or near HOMELYE CHASE,E01033052,Uttlesford 008F,Unable to prosecute suspect
c3611996dffd9f95126fab4c68c1cf57615ff80ab461ab9715a9b29249f1c716,2018-12,Essex Police,Essex Police,0.394288,51.876605,On or near HOMELYE CHASE,E01033052,Uttlesford 008F,Unable to prosecute suspect
c3611996dffd9f95126fab4c68c1cf57615ff80ab461ab9715a9b29249f1c716,2018-12,Essex Police,Essex Police,0.394288,51.876605,On or near HOMELYE CHASE,E01033052,Uttlesford 008F,Unable to prosecute suspect
0b6b632e7980ac05c027ffacd5be0e6c460d81ca23491e37db527bbfa4fa7abe,2018-12,Essex Police,Essex Police,0.709439,51.547108,On or near CROWBOROUGH ROAD,E01015899,Southend-on-Sea 010E,Unable to prosecute suspect
dd6b016e23f195270d501befb21282f621a67de0019fede9e18c644369c66231,2018-12,Essex Police,Essex Police,0.394288,51.876605,On or near HOMELYE CHASE,E01033052,Uttlesford 008F,Unable to prosecute suspect
20579a430f36e0b79f6c49f8fdb8e0fbbf6e6adfadd024f9d2430df4d9177ca9,2018-12,Essex Police,Essex Police,0.682681,51.730948,On or near QUEST PLACE,E01021890,Maldon 004B,Unable to prosecute suspect
6cde1f83a57a23a413f6a3aba8d8308fca1c6d42ee301eb0bbd08003a8a31a62,2018-12,Essex Police,Essex Police,0.706385,51.587973,On or near THE DRIVE,E01021954,Rochford 007D,Local resolution
8b5b2f2c6cb6a7dd0739aea5b762a2e8612aba24d4b5f0e2e50681d646323b47,2018-12,Essex Police,Essex Police,0.637046,51.939103,On or near RAYNER WAY,E01021393,Braintree 004E,Unable to prosecute suspect
07c2bda8e5f18021c54931550ede2ef5f750ecd00daa48f8c3224569234ba1f4,2018-12,Essex Police,Essex Police,0.281531,51.509871,On or near DERRY AVENUE,E01015972,Thurrock 006C,Investigation complete; no suspect identified
e53b262a97fc6cdf54ad4b5e081e951d6df2b6c02814988d672dd1bb065172ca,2018-12,Essex Police,Essex Police,1.025338,51.799258,On or near COLNE WAY,E01022046,Tendring 011E,Unable to prosecute suspect
7f591369e2b0ebde6445086d15b3d3afb94272c97f24015e55dc238490c39eb6,2018-12,Essex Police,Essex Police,0.504484,51.591747,On or near LORDS COURT,E01021307,Basildon 011C,Unable to prosecute suspect
a4a51c502d6eb73dd06962dc92fe145f4697de3311a8d06175ea655134037da3,2018-12,Essex Police,Essex Police,0.048389,51.624659,On or near MOUNTBATTEN COURT,E01021743,Epping Forest 015B,Unable to prosecute suspect
1c8f9e450b91def430382a44ed80717d6bf12e4393e9ff08b05cdf2d66860846,2018-12,Essex Police,Essex Police,0.323432,51.476835,On or near Shopping Area,E01015954,Thurrock 017D,Unable to prosecute suspect
0a2d505f636ea739ed54247edb0c20b6f9d7901d7a8f9ea4e281e9ff2dabb037,2018-12,Essex Police,Essex Police,0.048389,51.624659,On or near MOUNTBATTEN COURT,E01021743,Epping Forest 015B,Investigation complete; no suspect identified
3e52943563f004590104b843f577f2489408b214a4b539619a02dff41a289f2c,2018-12,Essex Police,Essex Police,0.239557,52.022677,On or near GEORGE STREET,E01022076,Uttlesford 002B,Investigation complete; no suspect identified
5aa212634ff4c79f95126d1c57bcc39a1935f6bd3b329e3aab8f4d75291369bf,2018-12,Essex Police,Essex Police,0.561195,51.879042,On or near ALBERT ROAD,E01033459,Braintree 009F,Unable to prosecute suspect
1a476890d6053d50da5015b0676ebe488c8de11fe61d42cbce6281a83b6b038f,2018-12,Essex Police,Essex Police,0.518400,51.653278,On or near BROAD MEAD,E01021604,Chelmsford 018D,Unable to prosecute suspect
97265e4a12e48c7015092772653b2c2968d1cb057a8aadc659de2bfce4f15aae,2018-12,Essex Police,Essex Police,0.686138,51.559983,On or near PRINCE CLOSE,E01015868,Southend-on-Sea 002F,Unable to prosecute suspect
9462dca43b0cde4853845f5873da08a03d5da16cac1454b3970595407bbde58d,2018-12,Essex Police,Essex Police,0.048389,51.624659,On or near MOUNTBATTEN COURT,E01021743,Epping Forest 015B,Unable to prosecute suspect
5d7f80b91093720b23e8b01716a0bc5d7ee781e51b16393a831c9f6cb57e3f23,2018-12,Essex Police,Essex Police,0.443114,51.583274,On or near Pipps Hill Retail Park,E01021268,Basildon 015B,Local resolution
6805518c813d6de43f21e167ae561df645443b19aa4f5fd5e80ad0030cb8f339,2018-12,Essex Police,Essex Police,0.048389,51.624659,On or near MOUNTBATTEN COURT,E01021743,Epping Forest 015B,Investigation complete; no suspect identified
4610c603a924ad3cc0e98c1e19cbb08fd38eb72cff778f1655eeff5006c32987,2018-12,Essex Police,Essex Police,0.782655,51.532388,On or near JENA CLOSE,E01015917,Southend-on-Sea 017D,Investigation complete; no suspect identified
ff3b53983bd7409342da434f7e0fa6663ccebb67b32f41a64d9877a776541253,2018-12,Essex Police,Essex Police,0.900116,51.889231,On or near Shopping Area,E01021649,Colchester 007D,Suspect charged
42c47539544c642ef91d12340f9d863ac1bb45d146820a7059bb3aa0693f6620,2018-12,Essex Police,Essex Police,0.284547,51.515712,On or near AIRE DRIVE,E01015973,Thurrock 006D,Unable to prosecute suspect
3c8b47e576344a7b5fd18f6f1a5316c70d1d260c2eb0d77f942aa96b57247311,2018-12,Essex Police,Essex Police,0.918216,51.918885,On or near TIBERIUS CLOSE,E01033721,Colchester 002G,Unable to prosecute suspect
b529b377eda35d47c1f3d72c02a6c302ca74e8343c0fb502b22aa219f7447a24,2018-12,Essex Police,Essex Police,0.602541,51.575439,On or near CLAYDONS LANE,E01021531,Castle Point 002E,Investigation complete; no suspect identified
bb7495c3756208fcd879ae96070bcdfd68eca931fc3cd05cc55c5152281c2bbe,2018-12,Essex Police,Essex Police,0.686138,51.559983,On or near PRINCE CLOSE,E01015868,Southend-on-Sea 002F,Unable to prosecute suspect
5a98f64c523a3c276eada31e8f272f69dac64540295e7f8cf31ada8930be84ee,2018-12,Essex Police,Essex Police,0.515692,51.625520,On or near DELMAR GARDENS,E01021595,Chelmsford 021C,Investigation complete; no suspect identified
468799229e434c33ced419b0d8169b6922dd2b8f40f4a59fda8f685332174a8e,2018-12,Essex Police,Essex Police,0.284143,51.486609,On or near Shopping Area,E01016011,Thurrock 015B,Unable to prosecute suspect
08d91fd7f4eb3e075e171429b360a90e81784efbc240d71e2101ad51ac618e2a,2018-12,Essex Police,Essex Police,0.561195,51.879042,On or near ALBERT ROAD,E01033459,Braintree 009F,Unable to prosecute suspect
a150c6e14d90903f64740500d91d6c21c6ad325798e08cb41711d5a91b22c0f5,2018-12,Essex Police,Essex Police,0.784465,51.541960,On or near FROBISHER WAY,E01015879,Southend-on-Sea 013D,Unable to prosecute suspect
9c536e66ab5b495754ca8e10ab9e81fbe5062d3aa68f80ee86b4f2bb02b4588b,2018-12,Essex Police,Essex Police,0.070319,51.755574,On or near BROOKSIDE,E01021829,Harlow 009A,Unable to prosecute suspect
95dec7ce5a89b7553c49688a448cc15fbbaebef0080c5628c9640c4f8a37e0f3,2018-12,Essex Police,Essex Police,0.898501,51.890107,On or near ST RUNWALD STREET,E01021649,Colchester 007D,Unable to prosecute suspect
f4b9bf43f0660d3160d87b558b751f3cfb992231ff746d1bd021c5a1b4d12b24,2018-12,Essex Police,Essex Police,1.153112,51.804272,On or near RAMPLINGS AVENUE,E01022042,Tendring 014A,Unable to prosecute suspect
9b9d5696e5344c57d395a48be65b89b4932c6e75e340ddb30e9cc3fa53d1a8a5,2018-12,Essex Police,Essex Police,0.056248,51.647021,On or near PRIORY ROAD,E01021791,Epping Forest 012F,Investigation complete; no suspect identified
c0678886f4b878de364d03e85dbedb1a7230df1b1779a63e53750dbcbb51372f,2018-12,Essex Police,Essex Police,0.642036,51.816460,On or near SYCAMORE CLOSE,E01021419,Braintree 015D,Investigation complete; no suspect identified
e503e5ca2da2b8e9d4f0ec3eb84b8277a411a23f4180c06fcd21b67fe145099c,2018-12,Essex Police,Essex Police,0.638111,51.807645,On or near Parking Area,E01021416,Braintree 017B,Investigation complete; no suspect identified
9eb8c6ab91b234333b6d7d10c4787e61af4fa36a878abad34d3335f8c10cf032,2018-12,Essex Police,Essex Police,1.164183,51.801402,On or near ARCHERY FIELDS,E01022049,Tendring 014D,Unable to prosecute suspect
c8b3737005a8eadc3d442170dac80440295822bbf6fd4c6a17ae2eee72667543,2018-12,Essex Police,Essex Police,0.598837,51.525931,On or near ESSEX ROAD,E01021496,Castle Point 009D,Investigation complete; no suspect identified
eae1e95b8d20f6c531758d2745fb66ee10820a1a9fe15858e7430d461ef120ad,2018-12,Essex Police,Essex Police,0.458379,51.567352,On or near CHERRYDOWN EAST,E01021296,Basildon 020C,Suspect charged
f3ac64875e0315daa99170c98b177bdf93449f4c5966b1be445ec0af50cdfd38,2018-12,Essex Police,Essex Police,0.901837,51.860895,On or near AGNES SILVERSIDE CLOSE,E01021639,Colchester 018C,Unable to prosecute suspect
4a31a8bf28cf3201a4474d36fef3ed2d16242bf4d93d37dfaea1728aae31321d,2018-12,Essex Police,Essex Police,0.476101,51.734998,On or near Parking Area,E01033141,Chelmsford 010G,Suspect charged
29d88760e35d7d5ab756ae760964af1954450ac31a81c7728146b8373f2c9036,2018-12,Essex Police,Essex Police,0.071140,51.616328,On or near TUDOR CLOSE,E01021752,Epping Forest 016D,Investigation complete; no suspect identified
c6a65e08f0c598de0a9735015e281bc2846288f882a8492b4c8131e64f1d3427,2018-12,Essex Police,Essex Police,0.598837,51.525931,On or near ESSEX ROAD,E01021496,Castle Point 009D,Investigation complete; no suspect identified
f9832d74c3399835fc39e107608b7647090f7c7a7614f9e32eec834227f6438b,2018-12,Essex Police,Essex Police,0.598837,51.525931,On or near ESSEX ROAD,E01021496,Castle Point 009D,Investigation complete; no suspect identified
bf56a2357ce182940a671eb73c680c755247d5e588c2dc5c8cd3ddbdb2679b3a,2018-12,Essex Police,Essex Police,0.320463,51.478773,On or near ARGYLL ROAD,E01015956,Thurrock 016B,Unable to prosecute suspect
0db03d7b987bf380aeeaa9420771b7c42d4120fc10dca9e5f88468982dba77af,2018-12,Essex Police,Essex Police,0.684721,51.740695,On or near B1018,E01021888,Maldon 003E,Unable to prosecute suspect
f061fd50228621852450518bd99e0abfa578c1ee343eece561a5943e925fcbfd,2018-12,Essex Police,Essex Police,0.302207,51.620297,On or near HIGH STREET,E01021433,Brentwood 007A,Unable to prosecute suspect
6f479b55a7c611d3b743e93125516783ae73d2106b899e629c538c253ff50438,2018-12,Essex Police,Essex Police,0.672416,51.554819,On or near ARUNDEL GARDENS,E01015857,Southend-on-Sea 004A,Unable to prosecute suspect
4af4f13c3585f20eb312461b1c78990ad7b5dfee77c174d1cf391954ccc7a33d,2018-12,Essex Police,Essex Police,0.722334,51.542501,On or near WIMBORNE ROAD,E01015844,Southend-on-Sea 014F,Offender given a drugs possession warning
19b0af04f88b5d587faa7f73998771c633c1e2a08e8ce0efa948f5f46ceb78c6,2018-12,Essex Police,Essex Police,0.270445,51.486039,On or near Parking Area,E01016012,Thurrock 015C,Investigation complete; no suspect identified
93be16441c1882a9ee7e45d83691be0047e08eb4052bf9ebe3ba49048bb17671,2018-12,Essex Police,Essex Police,0.430299,51.580914,On or near KATHLEEN FERRIER CRESCENT,E01021274,Basildon 010D,Unable to prosecute suspect
eb74ae136bfc4c51113e147310a78a52c5ea2e93681d17f2f17fdce692eb77a9,2018-12,Essex Police,Essex Police,0.291703,51.518720,On or near CELANDINE CLOSE,E01015975,Thurrock 006F,Unable to prosecute suspect
f4448d0650ed2696483398b38edc114c8131df2b6af3c41b4bd7df467b27bf86,2018-12,Essex Police,Essex Police,0.700166,51.552736,On or near JONES CLOSE,E01015861,Southend-on-Sea 004E,Investigation complete; no suspect identified
e710e6b818b6a4f778a06321002f26b3a6af26772454a03f5f08e56caf33dcc1,2018-12,Essex Police,Essex Police,0.592767,51.710142,On or near CAPONS LANE,E01021570,Chelmsford 016D,Investigation complete; no suspect identified
f84740412a19fa5517a50f236a3ab968e6e70b3449b10adca575cc5fd2087ae2,2018-12,Essex Police,Essex Police,0.672416,51.554819,On or near ARUNDEL GARDENS,E01015857,Southend-on-Sea 004A,Unable to prosecute suspect
d73fb70a3c6937379af9feb61816e2ef9c3733160e1c2290e76d993a1e54d7cf,2018-12,Essex Police,Essex Police,0.761816,51.536874,On or near Parking Area,E01015890,Southend-on-Sea 016B,Unable to prosecute suspect
fbc725b66670a1bf39c3933accb5fbcb3870593f86dc385a8ab03f0679a8ff2d,2018-12,Essex Police,Essex Police,0.115093,51.771719,On or near VICARAGE WOOD,E01021847,Harlow 002D,Unable to prosecute suspect
c4ab22fc20ac9fc58f1253107cea485ef65c506b6078e99c514c5046ee813276,2018-12,Essex Police,Essex Police,1.060285,51.945575,On or near STATION ROAD,E01022020,Tendring 003F,Unable to prosecute suspect
d646d3a0f88c72bfa1f826b55f0185da60e8d5edf675582299ddb4fe9a2a9eb1,2018-12,Essex Police,Essex Police,1.060285,51.945575,On or near STATION ROAD,E01022020,Tendring 003F,Investigation complete; no suspect identified
2bfd6005b24cbe4fb7ed51915a67d32ee47051ba7f35f94977071f1ae908100c,2018-12,Essex Police,Essex Police,0.761816,51.536874,On or near Parking Area,E01015890,Southend-on-Sea 016B,Unable to prosecute suspect
cf0a72348dd8cfe1d0e8e88365093472ce47ddd5ecc90579d5dfefdd1d1937ff,2018-12,Essex Police,Essex Police,0.853072,51.679346,On or near Park/Open Space,E01021907,Maldon 006E,Unable to prosecute suspect
35bb49393225f9aa733794f381d343db6ae9321d759a93dc5d678f636e6935e8,2018-12,Essex Police,Essex Police,0.905634,51.890498,On or near Parking Area,E01021648,Colchester 007C,Unable to prosecute suspect
9be78e2116df0acd8a1086d8fc2b24a7dbfeff5fb25eb28a4b1c3625d4ce26a9,2018-12,Essex Police,Essex Police,0.247121,51.480112,On or near KENDAL,E01016013,Thurrock 015D,Unable to prosecute suspect
b58b41785b7065cf2f32e24174ad9849fe92aff428485953c21c6b380ba580e2,2018-12,Essex Police,Essex Police,1.093192,51.896326,On or near B1035,E01022019,Tendring 003E,Unable to prosecute suspect
683f5f704ad72fa5ae0e35b46b99c422fa07fabcd6646f3cbead3e0b6bea3826,2018-12,Essex Police,Essex Police,0.724546,51.555868,On or near Supermarket,E01015871,Southend-on-Sea 006C,Unable to prosecute suspect
8e23045062003e0d7ab8b80907b5e534ca4bb87b2e94e42b17daa1dd6837cfba,2018-12,Essex Police,Essex Police,0.994136,51.905537,On or near COLCHESTER ROAD,E01021972,Tendring 005B,Unable to prosecute suspect
f5d7c6685b55bc5d3b718b0c976677392921d3c953a5ed8e41897246288ee0df,2018-12,Essex Police,Essex Police,0.344932,51.872959,On or near Petrol Station,E01033055,Uttlesford 007E,Unable to prosecute suspect
3f6be404af8b94f05dd1a42f33e16c296d85fd6581873c8d0cad95b54f19f2e8,2018-12,Essex Police,Essex Police,0.414367,51.631596,On or near RADFORD CRESCENT,E01021247,Basildon 003E,Unable to prosecute suspect
f014ac152d0ccda348be521215f977b0d4fe563ba2905662b7b6138228ecb20b,2018-12,Essex Police,Essex Police,0.490906,51.588484,On or near HONYWOOD ROAD,E01021267,Basildon 012B,Offender given a caution
3cd01aabf732de3dfbe714e186be571098888bc918997d4bfbe233ce02e40eb6,2018-12,Essex Police,Essex Police,0.352574,51.875756,On or near ACACIA DRIVE,E01033054,Uttlesford 007D,Unable to prosecute suspect
e07d6cfece057918b1ef06fd4e8659cd3fd3f8bb4c8aea40b228845ffb1f42b2,2018-12,Essex Police,Essex Police,0.090424,51.774561,On or near MORLEY GROVE,E01021843,Harlow 004E,Unable to prosecute suspect
9f60a1289f8dc7281f48d1b05d27afdf2de2226e1b857ca68a51dfb861cfe4d7,2018-12,Essex Police,Essex Police,0.761816,51.536874,On or near Parking Area,E01015890,Southend-on-Sea 016B,Suspect charged
c854e71c8928104cf838e933ba100c712f86dbc4525e6cb67955bda103d98982,2018-12,Essex Police,Essex Police,0.894589,51.886462,On or near Police Station,E01021651,Colchester 013A,Unable to prosecute suspect
f58c947249b8aff5ea913cdc7231d40cf9521d324b59f9b8e29a313fc885cff8,2018-12,Essex Police,Essex Police,0.751829,51.541534,On or near COPTFOLD CLOSE,E01015883,Southend-on-Sea 009A,Investigation complete; no suspect identified
c1ca774d9550e0846726aaf4f40eb402f0a8d7e2cd7920ac2388be939c73b451,2018-12,Essex Police,Essex Police,0.915217,51.908068,On or near WEST VIEW CLOSE,E01021671,Colchester 002D,Investigation complete; no suspect identified
3ea182e060f7996f9d5e2e4d082ccf647e30212c48d16830d2d4388656ba7084,2018-12,Essex Police,Essex Police,0.073189,51.646687,On or near COLSON GARDENS,E01021772,Epping Forest 013B,Investigation complete; no suspect identified
634d4cadfcf20e84c3ef3a4123fb5b03c2ef36427f0b0f44a93b5eb6f412c457,2018-12,Essex Police,Essex Police,0.066882,51.765338,On or near Bus/Coach Station,E01021840,Harlow 004B,Unable to prosecute suspect
6f7f89645ffd932f183e8f263c6764b7b4ca8453c4f3631b3d1a7e1fe8c2e6c5,2018-12,Essex Police,Essex Police,1.149490,51.790419,On or near ROSEMARY ROAD WEST,E01022026,Tendring 016C,Unable to prosecute suspect
becfcb7fa38df748352b56bba63b5a05e6b9ecb358636b6b93fc0ec41ec4f415,2018-12,Essex Police,Essex Police,1.288751,51.942782,On or near HARBOUR CRESCENT,E01021997,Tendring 001A,Unable to prosecute suspect
dacdc9252d0ffba0c2c586a71a71e8d69bc7e180bc208907decf35aef0143b97,2018-12,Essex Police,Essex Police,1.005162,51.853334,On or near CRESTLANDS,E01021967,Tendring 009A,Investigation complete; no suspect identified
29f3487ad199605b5abae64d7bef968ff3da7b45d13be30fb8c9b3e098283e83,2018-12,Essex Police,Essex Police,0.816309,51.631047,On or near LILIAN ROAD,E01021881,Maldon 008F,Unable to prosecute suspect
cdfbc7039c36514980af7578ce7e5991967a813683bba3b12579b672f3c92149,2018-12,Essex Police,Essex Police,0.787192,51.527100,On or near Sports/Recreation Area,E01015876,Southend-on-Sea 013A,Investigation complete; no suspect identified
5d8b647cba2bb37b422a1f176a7657d6d7d5b1a9ae535dbdc82002941f9d645e,2018-12,Essex Police,Essex Police,0.261741,51.889938,On or near Airport/Airfield,E01022090,Uttlesford 006B,Local resolution
0d4923ae5a58da11a7bf0b38a40fffc59a736807d60c06a0059eb60d74aa094f,2018-12,Essex Police,Essex Police,0.689942,51.871842,On or near ALBERT GARDENS,E01021377,Braintree 014A,Investigation complete; no suspect identified
0126b396b26306111cc958f2d1d415d5c3556ed03457b6c51268609859aadc95,2018-12,Essex Police,Essex Police,0.792850,51.535923,On or near THE WOODLANDS,E01015880,Southend-on-Sea 013E,Investigation complete; no suspect identified
59ba6bf5f6b0f5961884fa522610c8f7ac2f36d2f5fd8e5da3bc9276a43d4d12,2018-12,Essex Police,Essex Police,1.119792,51.787758,On or near JAYWICK LANE,E01022032,Tendring 015E,Unable to prosecute suspect
9f63e3e21ba98a915a8afad2616df869752f51827584e781d237ad96b71c16c1,2018-12,Essex Police,Essex Police,0.684980,51.554290,On or near CARDIGAN AVENUE,E01015858,Southend-on-Sea 004B,Unable to prosecute suspect
96cd2ba386ac784b1cacdc63de9dbc12a4aaf34aba11eb574fdeaf8a6fb60cfb,2018-12,Essex Police,Essex Police,1.119792,51.787758,On or near JAYWICK LANE,E01022032,Tendring 015E,Unable to prosecute suspect
637b1ebc7b719a5c1c2f1cdaf7705efb32e3eb1afa84202da4d571856848a3f4,2018-12,Essex Police,Essex Police,0.976727,51.932267,On or near FEN LANE,E01021971,Tendring 005A,Unable to prosecute suspect
5a33cc3657ea1df1bd394046850e20e6808f5684f3f9a02eafd6f4212fcc0d4b,2018-12,Essex Police,Essex Police,0.488217,51.561992,On or near MOLLANDS,E01021325,Basildon 019D,Investigation complete; no suspect identified
260081df27ac0a7bb44dacd4838fbf759fb0b8c86dd2cfbeb5d8d950d8934132,2018-12,Essex Police,Essex Police,0.682457,51.727176,On or near DYER'S ROAD,E01021889,Maldon 004A,Local resolution
8b65866eba156336e8a5f51c6a55054879ee1b875099ae2f1840ae95f07a4747,2018-12,Essex Police,Essex Police,0.293021,51.612320,On or near RED ROAD,E01033063,Brentwood 007F,Unable to prosecute suspect
db584d1c9ab96d82c6bbd01fd7eda789d01571f8cbad30565dae78a0679f15df,2018-12,Essex Police,Essex Police,0.324019,51.478460,On or near Theatre/Concert Hall,E01015956,Thurrock 016B,Unable to prosecute suspect
24dae70ef30efbc504e808943fdffd2c65101fc9c539853fa8c2d7dfcb54c77c,2018-12,Essex Police,Essex Police,0.324019,51.478460,On or near Theatre/Concert Hall,E01015956,Thurrock 016B,Unable to prosecute suspect
5cda50f9af12e6c54dd925bc39b9c0093c29f8b393f3b9680a0b238ec078bf3d,2018-12,Essex Police,Essex Police,0.283014,51.510418,On or near Supermarket,E01015976,Thurrock 007F,Investigation complete; no suspect identified
0e5d08784174c1c46086195e37aae210721fed1cb00be03e4be5177908c2ab12,2018-12,Essex Police,Essex Police,1.060285,51.945575,On or near STATION ROAD,E01022020,Tendring 003F,Investigation complete; no suspect identified
3dcd1207555b78b78f1f43bd20707600862baeda6d29a1c862197e339b4d43a4,2018-12,Essex Police,Essex Police,0.886384,51.884748,On or near INGLIS ROAD,E01021652,Colchester 013B,Unable to prosecute suspect
3ba27885f26403edbd713faaa3636cbc7d042603da70c256896c3e2f26386cb0,2018-12,Essex Police,Essex Police,0.573410,51.878191,On or near BARTRAM AVENUE SOUTH,E01021370,Braintree 011B,Local resolution
214a45c9aedbf5f882761d19148d10043b90e7c7418d155f8ba9baee8299f46b,2018-12,Essex Police,Essex Police,0.561894,51.544587,On or near HIGH STREET,E01021480,Castle Point 007A,Unable to prosecute suspect
f4f53738263534f0fdcf4c0d52f263a66876fdfae8a3f63d7581f8c41d79cf58,2018-12,Essex Police,Essex Police,0.262613,51.888213,On or near Parking Area,E01022090,Uttlesford 006B,Local resolution
fda8193dd9cecea891ce4eecdc5e130b99ccd5ae5173bf83e239f8cf5fb73536,2018-12,Essex Police,Essex Police,0.369893,51.482974,On or near MARISCO CLOSE,E01015934,Thurrock 012B,Unable to prosecute suspect
b619f26e07259b90b370888d8e0344c09034945d8f10039507b31c7c483c0980,2018-12,Essex Police,Essex Police,0.592722,51.776144,On or near SWAN CLOSE,E01021394,Braintree 018B,Unable to prosecute suspect
6e401eff7a2697f03d1161edf6566b2031131b7e20467f652bedf0a431d9d51b,2018-12,Essex Police,Essex Police,0.249347,51.500753,On or near MANOR CLOSE,E01015926,Thurrock 008E,Investigation complete; no suspect identified
4cc73b340654bd9ef5362ea63533d0c9fbd0b50985642a01a55831e67d8c4b7c,2018-12,Essex Police,Essex Police,0.069041,51.610511,On or near FOREST LANE,E01021752,Epping Forest 016D,Investigation complete; no suspect identified
d9bc355c190b16230f6cc463b4aef55d1127276602181e4505840a28569e939b,2018-12,Essex Police,Essex Police,0.573410,51.878191,On or near BARTRAM AVENUE SOUTH,E01021370,Braintree 011B,Local resolution
6675ca913be17d1dcd69f1450cb3b7980b9d607941ef9b15e5ae43c6eecca41f,2018-12,Essex Police,Essex Police,0.429157,51.567349,On or near Pedestrian Subway,E01021288,Basildon 016B,Investigation complete; no suspect identified
5db77c35f2c83c8ecb9bd1ad1c4312b0c8ee7c0febc7489ff314c49d2d8b6be2,2018-12,Essex Police,Essex Police,0.369893,51.482974,On or near MARISCO CLOSE,E01015934,Thurrock 012B,Investigation complete; no suspect identified
9564f1486c0329542d9a373056e8f692be2ab0ab5ce0f98c127bc66e8af54d54,2018-12,Essex Police,Essex Police,0.463732,51.721418,On or near Petrol Station,E01021556,Chelmsford 012A,Offender given a drugs possession warning
9ec20d3e634c9e923191df8861179bfb2ffb6836c0243d654ca713104b65861b,2018-12,Essex Police,Essex Police,1.093192,51.896326,On or near B1035,E01022019,Tendring 003E,Unable to prosecute suspect
4c712c9a88704c4c4bc3ce7fbffd4457ab85a9df5719cfe5d0e4a09416e752e8,2018-12,Essex Police,Essex Police,0.460730,51.569200,On or near Parking Area,E01021318,Basildon 015C,Investigation complete; no suspect identified
da6fa8524e89b8b8157392caeb166e1b51ca75d908ddb2253508a8c6e051284d,2018-12,Essex Police,Essex Police,0.296900,51.613332,On or near VICTORIA ROAD,E01021439,Brentwood 007C,Local resolution
a582b9d881ba4442fde5f3468b75bb108639ee7e3bbcabde7d4dfe6133bb7a0b,2018-12,Essex Police,Essex Police,0.972231,51.921930,On or near Petrol Station,E01021971,Tendring 005A,Unable to prosecute suspect
61a5ba957e5519ea68e1eccdc381296bf1bdfcd225c91a179edf2806c919c5c7,2018-12,Essex Police,Essex Police,0.296900,51.613332,On or near VICTORIA ROAD,E01021439,Brentwood 007C,Local resolution
e8fb4919657ce2ccc06003926b6edb72237be740fd18328400b4387812ba190d,2018-12,Essex Police,Essex Police,0.648496,51.560030,On or near WOOD FARM CLOSE,E01015819,Southend-on-Sea 003F,Unable to prosecute suspect
a0036e6c5bf7ede2dcbb8a603657796ba700efa57cad1e1d993bd1e831630b2a,2018-12,Essex Police,Essex Police,0.700224,51.567844,On or near Airport/Airfield,E01021956,Rochford 007E,Unable to prosecute suspect
18f1eb281dd2949a69d64b131c4a871970f0040440d2b5d4988cfe336cb0f382,2018-12,Essex Police,Essex Police,0.424041,51.569380,On or near Pedestrian Subway,E01021286,Basildon 016A,Local resolution
09d38a1d9770c201c2a93215099f48cbb24c3d3ad148022bf0f04dd6c274fe67,2018-12,Essex Police,Essex Police,0.489827,51.590134,On or near Shopping Area,E01021267,Basildon 012B,Investigation complete; no suspect identified
9137d7be59b7b86289ef1166eca924c355d43586d66f0e9e46a05f4c17936f5a,2018-12,Essex Police,Essex Police,0.092373,51.766253,On or near LUTHER KING ROAD,E01021868,Harlow 007B,Suspect charged
5703a6408c93d85e06e5f045d1f27b01a03236f6801785be5de37d83e2e81395,2018-12,Essex Police,Essex Police,0.419708,51.629327,On or near RADSTOCKS,E01021247,Basildon 003E,Unable to prosecute suspect
ae5478951482a36165d1593728f096ed577bcdbea3b599365b53241db33875d1,2018-12,Essex Police,Essex Police,0.043212,51.620379,On or near FOREST EDGE,E01021748,Epping Forest 015G,Unable to prosecute suspect
6c6a1adf7fc25313cd57ad7025d18ace54ba73f369de2e26ea87e00bb05723cc,2018-12,Essex Police,Essex Police,0.576037,51.878637,On or near RUSTIC CLOSE,E01021369,Braintree 012D,Unable to prosecute suspect
ec33d876a5500f823c96b83a4e28dfb27d9f9fd99cc367f4b3b3b8db25c7d641,2018-12,Essex Police,Essex Police,1.276542,51.933427,On or near FIRST AVENUE,E01021999,Tendring 001C,Unable to prosecute suspect
ebf1b10584ed076cd2022e25f0849969a028802038eeba21f8a3ef8bf1c29f90,2018-12,Essex Police,Essex Police,0.507038,51.583068,On or near VOYSEY GARDENS,E01021308,Basildon 011D,Investigation complete; no suspect identified
8aca1386a3263692a28432d534e3c6d9c4792aee81bf62604c88236811efd599,2018-12,Essex Police,Essex Police,0.424733,51.515100,On or near Supermarket,E01015989,Thurrock 005A,Offender given a drugs possession warning
2c39cab9cff754cd5aa30e7fe06f9b5e888b45016e8d02f36b9233f3748d46c9,2018-12,Essex Police,Essex Police,1.125676,51.797126,On or near WRITTLE CLOSE,E01022030,Tendring 015C,Investigation complete; no suspect identified
1f14ad63ff7ad3dd4f88ce0568177bfe031bc3b154f1494c8b7d7a2f6496195b,2018-12,Essex Police,Essex Police,0.426127,51.574948,On or near HERMITAGE DRIVE,E01021290,Basildon 016D,Unable to prosecute suspect
12d0b8af795d95537a6b643ddd25d0cc1d5c499fd6d44c811dfc33527b2bb9c8,2018-12,Essex Police,Essex Police,0.712855,51.537855,On or near Nightclub,E01015852,Southend-on-Sea 015B,Suspect charged
a3a7bf4f6000f42bf340fc85249c69cb066b85f5cfb77b2e44ea55efa17bee1e,2018-12,Essex Police,Essex Police,0.065865,51.649343,On or near ELMORES,E01021789,Epping Forest 012D,Investigation complete; no suspect identified
51e8dc47a02a5bd499627d4808ef876e46ee5508bc4113e61d0acb8dd1af4c0e,2018-12,Essex Police,Essex Police,0.377253,51.490999,On or near SEMPER ROAD,E01015938,Thurrock 012F,Unable to prosecute suspect
a0a46b57d3c31b600263d59e2179a07e8c3ee4b737c6f67b47b119c4999fde44,2018-12,Essex Police,Essex Police,1.250910,51.930882,On or near HOLYROOD,E01033051,Tendring 002F,Unable to prosecute suspect
9880ed4351d71b021510138bdc3808c6b68ff5d16b4eba5dcd9c12c543a54c3b,2018-12,Essex Police,Essex Police,0.631836,51.943564,On or near TRINITY STREET,E01021387,Braintree 004A,Unable to prosecute suspect
8f2e6769bfced1668cc17a9bc9389791d74f5d347bc604b3a242c3204b858dba,2018-12,Essex Police,Essex Police,0.897315,51.891773,On or near NUNN'S ROAD,E01021649,Colchester 007D,Investigation complete; no suspect identified
560811bc15c14cea649ee076c17a077ab310fa85a7f22421642f84a555f1fe8e,2018-12,Essex Police,Essex Police,0.491770,51.737059,On or near KINGSTON CRESCENT,E01021628,Chelmsford 008E,Unable to prosecute suspect
953bcf398711044f8bf0d15e8cb1dde2a37d62a776f1e341c9df3e24c3bbf8f1,2018-12,Essex Police,Essex Police,0.475214,51.731744,On or near Shopping Area,E01033140,Chelmsford 010F,Unable to prosecute suspect
4969e99620966a2bdd5e1f0f1475bcc59fdf432b6c18544045c542943c1d8c15,2018-12,Essex Police,Essex Police,0.199619,51.902582,On or near LOWER STREET,E01022083,Uttlesford 005C,Investigation complete; no suspect identified
b547de617d51a41733957968d4ff871a94270ab9d7b3a0c6c4632cd1fb24fd19,2018-12,Essex Police,Essex Police,0.117819,51.788468,On or near PRINTERS WAY,E01021848,Harlow 002E,Unable to prosecute suspect
3657675a3eb405ead1242aaa0ca3be806860a3a19e441c49c725a6d0e58194e3,2018-12,Essex Police,Essex Police,0.461571,51.739207,On or near Petrol Station,E01021573,Chelmsford 009A,Unable to prosecute suspect
fd82465152e2d1bcdc0c0adc4b442de21467a631008d02c3289da21001bb8fac,2018-12,Essex Police,Essex Police,0.069734,51.658735,On or near GOLDINGS ROAD,E01021788,Epping Forest 012C,Investigation complete; no suspect identified
41afc1b478982c0ab92dbe71212ac2f35724a47d8cc8e6c673981fa89d600186,2018-12,Essex Police,Essex Police,0.427245,51.576427,On or near PARISH WAY,E01021289,Basildon 016C,Unable to prosecute suspect
4c76d2fbe11dcaedd1c04ab85080b357588a047e2e5ecd14a8fc59001e0c6be4,2018-12,Essex Police,Essex Police,0.419386,51.481117,On or near PRINCESS AVENUE,E01015948,Thurrock 013B,Unable to prosecute suspect
446d599bb0e57a563bb490c82b6a86dda1bf00211acf5cc76d54afb01883f60a,2018-12,Essex Police,Essex Police,0.474813,51.754882,On or near AUBREY CLOSE,E01021587,Chelmsford 002C,Investigation complete; no suspect identified
52b649a9ed7b4293c292875132986819ffb5366989c5efda37da6346dc77c89e,2018-12,Essex Police,Essex Police,0.325332,51.474261,On or near SHERFIELD ROAD,E01015954,Thurrock 017D,Unable to prosecute suspect
35209b14aa334f99ba016377b26298d5ce97ebb7605eb7b86543f1630163f62c,2018-12,Essex Police,Essex Police,0.504501,51.574479,On or near WALTHAMS PLACE,E01021304,Basildon 013C,Unable to prosecute suspect
a65c2423ca8bc6ecf5f47d9218ef7275eef55e5677a0d3170ab5360522b89c43,2018-12,Essex Police,Essex Police,0.561239,51.891820,On or near HIGHFIELD CLOSE,E01021356,Braintree 007E,Unable to prosecute suspect
067b1109fe928d0e227c3aa4aa63dc716bae3beb1c7ad3da323946a3207c6314,2018-12,Essex Police,Essex Police,0.699378,51.542600,On or near BALMORAL ROAD,E01015896,Southend-on-Sea 010B,Investigation complete; no suspect identified
62b227e92310240bb4f5afacccb226459b8d31a3683b707f542336cb81bb3a91,2018-12,Essex Police,Essex Police,0.049293,51.621955,On or near HORNBEAM CLOSE,E01021744,Epping Forest 015C,Investigation complete; no suspect identified
ef7d9627f6b5cef8dce3cdeb3ec8807a8f57c4a5bd5e949323fb58b2a3e6915e,2018-12,Essex Police,Essex Police,0.604153,51.771485,On or near Parking Area,E01021395,Braintree 018C,Action to be taken by another organisation
0dcd6842347f756d56a39c23527cbff2cf69218ca78e685b9799fac84594d83c,2018-12,Essex Police,Essex Police,1.288078,51.947316,On or near KING'S QUAY STREET,E01021997,Tendring 001A,Unable to prosecute suspect
3a8a3cef6406687738278ae7454fe23349afe326f0223d80ed321c6f1fd4dfe3,2018-12,Essex Police,Essex Police,0.508183,51.565596,On or near PARKHURST ROAD,E01021316,Basildon 018D,Investigation complete; no suspect identified
cf19aed59e186467c13fa9a2f9ff9de13658d351fba86e0efbe39c83b1a274cf,2018-12,Essex Police,Essex Police,0.437190,51.519500,On or near ALDRIN CLOSE,E01015985,Thurrock 003B,Unable to prosecute suspect
c3dd89a58ab990862a43952de4530ee053df6d9c31a392d53d6b664b1a4ec325,2018-12,Essex Police,Essex Police,0.686468,51.538175,On or near STATION ROAD,E01015828,Southend-on-Sea 012B,Investigation complete; no suspect identified
46114ab8c54f415813c4225953eddf4a783c320d5cd763fdc767fa6b003ec446,2018-12,Essex Police,Essex Police,0.466439,51.574162,On or near LONGACRE,E01021266,Basildon 015A,Investigation complete; no suspect identified
7f056d99fad44ebcfaa3b04472f092bb37fb88f4a6fa64022aa0f3de169235b9,2018-12,Essex Police,Essex Police,0.569295,52.017869,On or near LITTLE HYDE CLOSE,E01021430,Braintree 001D,Unable to prosecute suspect
aa5823661b110c482ffed23fc1a1a9cff5f28265d1766cac07f1a132140b4d41,2018-12,Essex Police,Essex Police,0.561239,51.891820,On or near HIGHFIELD CLOSE,E01021356,Braintree 007E,Unable to prosecute suspect
1e8fde765e78c0b859fdfd0ab37377ea8c89e77df7d639b1cc3585134ecb842a,2018-12,Essex Police,Essex Police,0.898252,51.871335,On or near MARIO WAY,E01021642,Colchester 018F,Unable to prosecute suspect
76a6cde948bdd816c2c042c5c67b69c628f4f2ad7aab50d18b14234bbb7c3653,2018-12,Essex Police,Essex Police,0.509598,51.576097,On or near BRISCOE ROAD,E01021303,Basildon 011B,Investigation complete; no suspect identified
9436bd1f4a5685b057ff0d41a604292345fa515bf07ec47c67c236831ab90657,2018-12,Essex Police,Essex Police,0.236535,51.480971,On or near LONDON ROAD PURFLEET,E01016013,Thurrock 015D,Unable to prosecute suspect
41756cc9d51f9ea3b8935cbb7f7a77a52af4604097f787b439e52501c44935a4,2018-12,Essex Police,Essex Police,0.928291,51.879728,On or near KING EDWARD QUAY,E01021685,Colchester 011C,Investigation complete; no suspect identified
2afb28c6c63c4aaca0582eacc4e56ce74fa8936601cd8a1f3b3482de04194496,2018-12,Essex Police,Essex Police,0.288590,51.507800,On or near BARLE GARDENS,E01015931,Thurrock 007E,Investigation complete; no suspect identified
c6070f55592f4ea0cfe75712457ee169cffed2d9e30e9df0cbd749072437f995,2018-12,Essex Police,Essex Police,0.270445,51.486039,On or near Parking Area,E01016012,Thurrock 015C,Investigation complete; no suspect identified
ac6024596d8a2d618b7c085bbb67a1e7ef56a1999ecd3dd51abe011b91f3ec27,2018-12,Essex Police,Essex Police,0.159008,51.807151,On or near SUN STREET,E01021795,Epping Forest 001B,Unable to prosecute suspect
e42c6a5b20cc177b26da84f1850487e0ef74f5393631bf9703fe9d4bcefebca3,2018-12,Essex Police,Essex Police,0.474799,51.755953,On or near ROLANDS CLOSE,E01021543,Chelmsford 002B,Investigation complete; no suspect identified
55edcdc133b99ecab5b0a22bf2299170dbb41153609c74211bdfaf8f259e71fb,2018-12,Essex Police,Essex Police,0.699378,51.542600,On or near BALMORAL ROAD,E01015896,Southend-on-Sea 010B,Unable to prosecute suspect
848619adecf83d733d28647bff116f8c66b351b639122a9df4398d5c0c5ade53,2018-12,Essex Police,Essex Police,0.375595,51.462992,On or near BRONTE CLOSE,E01016005,Thurrock 018C,Unable to prosecute suspect
d466b371e8533a9d4752f838ede2ca85760eb85f7d3d25a49e810b804a22c42f,2018-12,Essex Police,Essex Police,0.109687,51.700838,On or near BAKERS LANE,E01021762,Epping Forest 005C,Unable to prosecute suspect
a687a2c1bdfa762900717b19b6cdba24da6304084b7017cfbcccafc1cbf01c82,2018-12,Essex Police,Essex Police,0.243209,51.877938,On or near TAYLORS END ROAD,E01022090,Uttlesford 006B,Offender given a drugs possession warning
5442f0380711a08d280e93af3bedac99b9e23828c16b0b4b93fbc3f23c0baaa9,2018-12,Essex Police,Essex Police,1.157828,51.795376,On or near RECREATION ROAD,E01022049,Tendring 014D,Unable to prosecute suspect
d6bb4262e57230dac8e43fa63eb69a467ec2d868e6d65f4c92f46a47b9d24437,2018-12,Essex Police,Essex Police,0.925889,51.898225,On or near BARKSTEAD ROAD,E01021703,Colchester 022E,Unable to prosecute suspect
6b649ff289bd2a136e52dca4487948dc4973edf87bbc9fef43cb4af9639942a0,2018-12,Essex Police,Essex Police,0.576037,51.878637,On or near RUSTIC CLOSE,E01021369,Braintree 012D,Local resolution
2e38a3b2b36c5a41dfad4a8dd8b571ff40f57bee22ef756b75f981202223d695,2018-12,Essex Police,Essex Police,0.182631,51.804296,On or near HIGH PASTURES,E01021768,Epping Forest 001A,Unable to prosecute suspect
bb36db04f9f171bbc72dbb73f0f28b8194b7c9c6de481bbef7744ce0308a8114,2018-12,Essex Police,Essex Police,0.721464,51.533968,On or near HARTINGTON PLACE,E01015841,Southend-on-Sea 014C,Unable to prosecute suspect
8461be43347fcb8b8d518f5174555e3fe469ee746fefd36da0189d42dc749656,2018-12,Essex Police,Essex Police,0.249516,52.016948,On or near HOP FIELDS,E01022081,Uttlesford 002F,Unable to prosecute suspect
4bbd2ccca33bc40bf904c919407939e7e8a4b582f70ed6e835078eb20cddf68e,2018-12,Essex Police,Essex Police,0.460775,51.569775,On or near Parking Area,E01021318,Basildon 015C,Suspect charged
6320c4772403d76db51ebd26fc66948b1aae005ea4007e5d667e55a22b3ce321,2018-12,Essex Police,Essex Police,0.910820,51.926191,On or near Petrol Station,E01021682,Colchester 004D,Suspect charged
a14360f1891b59901dfebb42d943169d6dfa8a7953a833ab9ab721aa1abb7d9f,2018-12,Essex Police,Essex Police,0.471707,51.739938,On or near BISHOP ROAD,E01021574,Chelmsford 010A,Unable to prosecute suspect
359ac3a4107dd5b3dc779bbcff5558c31500e11a695243f3c6c8ac498548b8fc,2018-12,Essex Police,Essex Police,0.255495,51.498900,On or near HIGH STREET,E01015921,Thurrock 015A,Investigation complete; no suspect identified
2962215a88020915dde1b41ba91aa9fb50a6c1223698c1124e43bfa175bfa1db,2018-12,Essex Police,Essex Police,0.443720,51.579233,On or near Pedestrian Subway,E01021268,Basildon 015B,Investigation complete; no suspect identified
0d90e550aa5a00ce00fa82a35f6efa2e3374b7b9425f464c2306bfd3192ee128,2018-12,Essex Police,Essex Police,0.261741,51.889938,On or near Airport/Airfield,E01022090,Uttlesford 006B,Local resolution
65c62afcff0106b6a6af7a7e079c1eadbafaa3dd7dc9036f70ca8b8b979238eb,2018-12,Essex Police,Essex Police,1.137960,51.779557,On or near SELSEY AVENUE,E01022036,Tendring 017C,Investigation complete; no suspect identified
834fb96329ef90f7810bf49df10f76519ee528e1403e0e8a4ae6436cbd83fde1,2018-12,Essex Police,Essex Police,0.625531,51.647711,On or near Sports/Recreation Area,E01021610,Chelmsford 020F,Unable to prosecute suspect
b25da21baf020a5b15a3223d2a2e6345a69f770a6ef2156961062eb53718feb7,2018-12,Essex Police,Essex Police,0.249516,52.016948,On or near HOP FIELDS,E01022081,Uttlesford 002F,Unable to prosecute suspect
4cc8af0b3e738708a901f97677588316652fcf7ce8edf7c3f806d17272a6c632,2018-12,Essex Police,Essex Police,0.865458,51.880655,On or near Supermarket,E01021693,Colchester 014E,Unable to prosecute suspect
9af38b58db705141129ce86b1f4e8e23fbf5e9601f00764752bda1cd254eaf9e,2018-12,Essex Police,Essex Police,0.591938,51.576546,On or near KINGSLEY LANE,E01021528,Castle Point 002D,Unable to prosecute suspect
98ceb188273688565e7880ee7827a5c83ec7a0193c6c65c5fa4708f715eca826,2018-12,Essex Police,Essex Police,0.183433,51.804973,On or near Sports/Recreation Area,E01021768,Epping Forest 001A,Unable to prosecute suspect
60d54257724336a960e79b02bedd29992d63293b9b9b0f1428a0900c869231b6,2018-12,Essex Police,Essex Police,0.713520,51.542966,On or near MILTON STREET,E01015898,Southend-on-Sea 010D,Unable to prosecute suspect
a9f65e58d5b233ead131dde667a9dbedf3d951db99f5f9338a5aad5f5472d97c,2018-12,Essex Police,Essex Police,0.788320,51.557580,On or near THE CROFTS,E01021917,Rochford 010A,Unable to prosecute suspect
0cbb1b915ecb01cc36cd79b036e491b61bf94fb4926200a327a663e0f70548f5,2018-12,Essex Police,Essex Police,0.247462,51.500223,On or near LOWLANDS ROAD,E01015925,Thurrock 008D,Unable to prosecute suspect
15abab7983c892d50140f9b182a52cd52970024ac1994b4a9688925dcc9fade6,2018-12,Essex Police,Essex Police,1.153824,51.813436,On or near HAVERING CLOSE,E01022039,Tendring 010B,Local resolution
84d1fae400f379e74729235c7e70d05d6a233fdc304264fedd8ab8a0130b03b0,2018-12,Essex Police,Essex Police,1.279473,51.937104,On or near Supermarket,E01022001,Tendring 001D,Suspect charged
110c66cac3a910a62d13d823bdea3c59d6a72dac6687dabe81f8f111fe1ccb23,2018-12,Essex Police,Essex Police,0.901522,51.888045,On or near Supermarket,E01021649,Colchester 007D,Investigation complete; no suspect identified
68a53e8a7af5c25d78684f7222b05d869073313792604cb15527d544a5c8f34a,2018-12,Essex Police,Essex Police,0.962721,51.956400,On or near IPSWICH ROAD,E01021655,Colchester 001A,Unable to prosecute suspect
1f9dbecfd27e62d3b8a62211edf5330a87fbb1f4a4b3e3c484bd5caf1809b599,2018-12,Essex Police,Essex Police,0.440685,51.628425,On or near WHITEWAYS,E01021242,Basildon 001C,Further investigation is not in the public interest
0f4a076213a594025aa02171c8e2779b33afc5e898d38b670c4468ccecc54722,2018-12,Essex Police,Essex Police,0.120113,51.769668,On or near PENNYMEAD,E01021846,Harlow 002C,Unable to prosecute suspect
803488ff61473d8b7af64a74325c30a7b060c8733a70180bb96d6bcd5ef2fa94,2018-12,Essex Police,Essex Police,0.697357,51.539166,On or near ST HELEN'S ROAD,E01015856,Southend-on-Sea 015F,Unable to prosecute suspect
08871431faacbfe639ed1ad251dddfa2bc27ea7ac1c2427fe6036c372b2720aa,2018-12,Essex Police,Essex Police,0.901486,51.905305,On or near STANFORD ROAD,E01021679,Colchester 004A,Unable to prosecute suspect
d9bc405c3425e0948c5e595154d33429ab8e9a6a413e60d324c1ccf866dc6053,2018-12,Essex Police,Essex Police,0.247462,51.500223,On or near LOWLANDS ROAD,E01015925,Thurrock 008D,Local resolution
965c411c4bc7ee3fe8f1b79afeaeee436bd9aad9d600b7fd8173b1b3e6b27c05,2018-12,Essex Police,Essex Police,0.642880,51.813032,On or near LABURNUM WAY,E01021420,Braintree 017C,Unable to prosecute suspect
7047cb7841dba17f017c21d30e596fac0d3fa5378abaf74bebc76b15e0c71a64,2018-12,Essex Police,Essex Police,0.691731,51.543298,On or near CRANLEY AVENUE,E01015831,Southend-on-Sea 012E,Unable to prosecute suspect
bf4f1b5bd82a95db797218f760a5ba9b2d085375d4845efc2046edfea54b7e35,2018-12,Essex Police,Essex Police,0.319731,51.477969,On or near Parking Area,E01015953,Thurrock 017C,Unable to prosecute suspect
b313a4f36965d49f88a81f75652f3a93781fdddc1f80933c56556c30e79733b6,2018-12,Essex Police,Essex Police,0.469961,51.773501,On or near THE WINDMILLS,E01021541,Chelmsford 001D,Unable to prosecute suspect
2230a3be63631beeacfb884b9cf6186582eb8660058404e9178d3104c5a7204e,2018-12,Essex Police,Essex Police,0.607052,51.639588,On or near GOLDBERRY MEAD,E01021607,Chelmsford 020C,Unable to prosecute suspect
b7ee238160df9bda61140607c52029974e0a94499b5e6e9f0953ca451172d754,2018-12,Essex Police,Essex Police,0.472257,51.733569,On or near Shopping Area,E01033141,Chelmsford 010G,Unable to prosecute suspect
03ecd7fb6d8ec74a5266b6d4ff60a3fc9d76c74b53f19d33735b7f24560da28f,2018-12,Essex Police,Essex Police,0.899434,51.912721,On or near BEAUMONT CLOSE,E01021682,Colchester 004D,Unable to prosecute suspect
46f18c46534d8accc01cbf78f733373a74514716f38cda309357958980b5a6a7,2018-12,Essex Police,Essex Police,0.891461,51.888221,On or near MANOR ROAD,E01021649,Colchester 007D,Unable to prosecute suspect
0aa05f6fd64f868d371c899414e10e47bf128fce08e41101ad1122506c07ee76,2018-12,Essex Police,Essex Police,0.924191,51.906991,On or near Petrol Station,E01021670,Colchester 002C,Unable to prosecute suspect
b54ee29ce239bd2d236c1d72a8c0f8260b979090f45b728e191a51535c2c33a2,2018-12,Essex Police,Essex Police,0.597725,51.943018,On or near HALSTEAD ROAD,E01021381,Braintree 007F,Suspect charged
ff68d9c9ef74d08125290f6a2dc766048d61c4812bcca1472b4f53c0df0a906e,2018-12,Essex Police,Essex Police,0.000092,51.682810,On or near CARTERSFIELD ROAD,E01021817,Epping Forest 008E,Unable to prosecute suspect
3ba367c9569e2b5d89f11fa71bf796fe1fe143172cc27ac5a93d9ca65b29d091,2018-12,Essex Police,Essex Police,1.269300,51.846617,On or near AGAR ROAD APPROACH,E01022056,Tendring 006E,Unable to prosecute suspect
f2172f41eca90ef617b51f9a82d613e07a0b37727bb355009cba848da97670f2,2018-12,Essex Police,Essex Police,0.261741,51.889938,On or near Airport/Airfield,E01022090,Uttlesford 006B,Local resolution
c4edeee29ba50446b09cb2ee7e070b54bea2b24ffbc541a0a943fc975f5d2707,2018-12,Essex Police,Essex Police,0.000092,51.682810,On or near CARTERSFIELD ROAD,E01021817,Epping Forest 008E,Unable to prosecute suspect
3edc991544330ebf0774f7e43eb7b4bce5990fe922da30026918944fedc6d69d,2018-12,Essex Police,Essex Police,0.580560,51.530094,On or near BRIARSWOOD,E01021506,Castle Point 008E,Unable to prosecute suspect
ace18f4a798de77950466563978552feafc42563488c62640ed1343fad91b634,2018-12,Essex Police,Essex Police,0.815316,51.836126,On or near MILL LANE,E01021644,Colchester 019B,Unable to prosecute suspect
08aa618354da0f0f8ba87a65dfd70c690ef02998df3b9e6c3515443f6e7fd58b,2018-12,Essex Police,Essex Police,0.093027,51.753436,On or near Supermarket,E01021859,Harlow 010C,Investigation complete; no suspect identified
752fda23c941a9d1b29f94f135c45072320f413401c2702ab0810505cd6f53be,2018-12,Essex Police,Essex Police,0.724546,51.555868,On or near Supermarket,E01015871,Southend-on-Sea 006C,Investigation complete; no suspect identified
7c747b5d220b28d8c1104337d107b7571e1b436153352d76ca7cbbd48351f86f,2018-12,Essex Police,Essex Police,0.486307,51.721176,On or near SEARLE CLOSE,E01033137,Chelmsford 014F,Unable to prosecute suspect
53193cf0be4dae42ec4169c41c5ab225a4240f993fb9e62de782ce0584301ab6,2018-12,Essex Police,Essex Police,1.267194,51.933327,On or near HIGHFIELD AVENUE,E01022005,Tendring 004E,Investigation complete; no suspect identified
46304f16d225dfd225da1e3ef14caf1b14ee5b7cb9948445c6846ed85681559e,2018-12,Essex Police,Essex Police,0.472891,51.740669,On or near B1008,E01021574,Chelmsford 010A,Unable to prosecute suspect
3ffda6f972cae72504d509b909ad5d62178620ea490d927ef77da66078f78357,2018-12,Essex Police,Essex Police,0.322634,51.492022,On or near ALBEMARLE CLOSE,E01015957,Thurrock 009A,Unable to prosecute suspect
37d8350b9cf4dee97b4759a986572a32581ce587f3ce6be1dfad9af1f5e1ec46,2018-12,Essex Police,Essex Police,0.460775,51.569775,On or near Parking Area,E01021318,Basildon 015C,Investigation complete; no suspect identified
6b769c26fdd8d449704f1cf1273bf150e167589c6213544349abf39c9abe133e,2018-12,Essex Police,Essex Police,0.093027,51.753436,On or near Supermarket,E01021859,Harlow 010C,Investigation complete; no suspect identified
2bd29dc24a895ee867a20c1e427d51d0085357493a60565b623d783c50bbeea8,2018-12,Essex Police,Essex Police,0.282124,51.878898,On or near Park/Open Space,E01022090,Uttlesford 006B,Investigation complete; no suspect identified
d8138f80c6752bfb8c64669a62bf7141117d82669a109284c051cb265c2d4a4a,2018-12,Essex Police,Essex Police,0.450876,51.968092,On or near BRIDGE STREET,E01021412,Braintree 005C,Investigation complete; no suspect identified
72f386c36f3249f6cd3c6184cd2ba23c5c46fe891225195778e824b010a07762,2018-12,Essex Police,Essex Police,0.633520,51.937779,On or near HOLMES ROAD,E01021391,Braintree 004C,Unable to prosecute suspect
4a33a596b0cddf9adbba159e89e1172d2da9c4725eed5c9499df6f221c351c43,2018-12,Essex Police,Essex Police,0.121283,51.705260,On or near WINCH VIEW,E01021761,Epping Forest 005B,Local resolution
517ddde024b31c1ec4ec8483a01292bc95e6c1d461bb7af49cd16361f4d6a887,2018-12,Essex Police,Essex Police,0.322634,51.492022,On or near ALBEMARLE CLOSE,E01015957,Thurrock 009A,Unable to prosecute suspect
dc7e60aef197439c6b804c9432834e83369ac8e7d3d9aeac8a6313aa483fd332,2018-12,Essex Police,Essex Police,0.075801,51.646605,On or near BRYONY CLOSE,E01021773,Epping Forest 013C,Unable to prosecute suspect
7dc91420d2e7ad64adac717a996ca07d16138bf4547c87593de088268913921c,2018-12,Essex Police,Essex Police,0.488444,51.561664,On or near BYFLETTS,E01021328,Basildon 022E,Investigation complete; no suspect identified
8ab1531f5848328061558f20c32264d166c590636dafb867d257e1f2430c31f2,2018-12,Essex Police,Essex Police,0.300074,51.516919,On or near LAUREL DRIVE,E01015975,Thurrock 006F,Unable to prosecute suspect
fc703ea41d725e39d1530e60536cf0cae3b29912ec0f909d01dd2f0bdb156f56,2018-12,Essex Police,Essex Police,0.455025,51.557871,On or near FOBBING FARM CLOSE,E01021297,Basildon 020D,Unable to prosecute suspect
f37c88eff73b79426ed8e3abf9608b68f682e442b6122b7d12127ca55ef8ce8a,2018-12,Essex Police,Essex Police,0.261741,51.889938,On or near Airport/Airfield,E01022090,Uttlesford 006B,Local resolution
9045d290d57bf86fd783a5c9ea147da8eb3ddea40de35bd619d236cec64e5017,2018-12,Essex Police,Essex Police,0.905583,51.879797,On or near Supermarket,E01021684,Colchester 011B,Suspect charged
8caa468c3b114b950c4cdc7ee246cf2c0c2abb0c1d26bd3ab60b3d64ae958c4b,2018-12,Essex Police,Essex Police,0.574019,52.032865,On or near BELCHAMP ROAD,E01021406,Braintree 002B,Unable to prosecute suspect
7cb59fa08a5480577a2887c951df370bd35ebf06db84666471f892b97964c2c6,2018-12,Essex Police,Essex Police,0.548175,51.876978,On or near HIGH STREET,E01021365,Braintree 009D,Unable to prosecute suspect
573715de8005b460c088635cbe2233c76df54f3c6d1b2b739431a12a5376608d,2018-12,Essex Police,Essex Police,0.443114,51.583274,On or near Pipps Hill Retail Park,E01021268,Basildon 015B,Investigation complete; no suspect identified
bc1f7a4a6c625489cb05433fe090d488e0c6f96ee05c81009c357979e4d8bc9c,2018-12,Essex Police,Essex Police,0.540114,51.883987,On or near LAMBERTS ORCHARD,E01021358,Braintree 008C,Investigation complete; no suspect identified
0188394d877594d6840093a2739cabde88b305548f5d7ca38eea1c20ec98ddcb,2018-12,Essex Police,Essex Police,0.853641,51.912258,On or near ERLE HAVARD ROAD,E01021729,Colchester 003C,Investigation complete; no suspect identified
03b9d46c9b7fd17b9b8e6e05a0fe51b99c58c82ebbe670336fda20cfd07275c8,2018-12,Essex Police,Essex Police,1.154883,51.790382,On or near HIGH STREET,E01022025,Tendring 016B,Suspect charged
1ac10064013814bd63934155e5b330950899a0f8e47d5a18acc080eeb37b549b,2018-12,Essex Police,Essex Police,0.245294,52.012964,On or near GREENWAYS,E01022082,Uttlesford 002G,Unable to prosecute suspect
6c208dfaebc1467223e7b30e4decfbe913451c8eee642f3779112bc55a8c2ad9,2018-12,Essex Police,Essex Police,0.211905,51.808479,On or near ARDLEY CRESCENT,E01022070,Uttlesford 009C,Investigation complete; no suspect identified
cc65aaa4092bd8e00ef6e320cf59adff93b1f9d62c5eadbed99fd6a6e5a8ad87,2018-12,Essex Police,Essex Police,0.084421,51.614250,On or near DACRE GARDENS,E01021767,Epping Forest 017D,Investigation complete; no suspect identified
7ac5527c72b0cbc960da87209ea0f5d9f4bbffedd84d995884d7f20ca5fb0c6b,2018-12,Essex Police,Essex Police,0.261741,51.889938,On or near Airport/Airfield,E01022090,Uttlesford 006B,Local resolution
7125ab1a6b458a4cf40a6b007c873617ac9b15806abcb1b74f0cb6dbe38793b5,2018-12,Essex Police,Essex Police,0.411211,51.640762,On or near MUNSTER COURT,E01021245,Basildon 002A,Unable to prosecute suspect
51bdcf87b4cd7bc394b5eb0a7682e379bccd164fca2af744ab106850fd76eb0e,2018-12,Essex Police,Essex Police,0.211905,51.808479,On or near ARDLEY CRESCENT,E01022070,Uttlesford 009C,Investigation complete; no suspect identified
95a31357988563b4285ea757148388f4a9021f93868d2328e6ba8eb07282a92d,2018-12,Essex Police,Essex Police,0.511791,51.609307,On or near ALMOND AVENUE,E01021332,Basildon 006D,Investigation complete; no suspect identified
ac3e499888831544fa06c19e761cac7bc497d3a8abacf99c84172f396779c12e,2018-12,Essex Police,Essex Police,0.889354,51.879612,On or near GOOJERAT ROAD,E01021717,Colchester 013D,Unable to prosecute suspect
a9ceccc5036de779c38ae5a6746cfdacc82ea12ad214c75df4a982b63f809166,2018-12,Essex Police,Essex Police,0.463270,51.572142,On or near Parking Area,E01021318,Basildon 015C,Suspect charged
ff9881e3c6a3ebb6dfa68ca3a7dc40c7af4bc2e294c889c7cdb72cd76a65d8dd,2018-12,Essex Police,Essex Police,1.135746,51.800518,On or near GERANIUM CLOSE,E01022023,Tendring 015A,Unable to prosecute suspect
733a448080c5906bfecb161d97f48bde92613d765d93c72313bf8118b3f0548b,2018-12,Essex Police,Essex Police,0.561894,51.544587,On or near HIGH STREET,E01021480,Castle Point 007A,Unable to prosecute suspect
06389711353c5a4c6b9538b8ca343f1d67042f096290df8b91e3ada4d12f2619,2018-12,Essex Police,Essex Police,1.148663,51.797061,On or near MAGDALEN ROAD,E01021970,Tendring 016A,Unable to prosecute suspect
858dde85342a9e4c3703b1d571ed766fde2e8986a62a8d6bd8d8647b9fb7f488,2018-12,Essex Police,Essex Police,0.964577,51.869789,On or near LEYS ROAD,E01021737,Colchester 017B,Investigation complete; no suspect identified
08276a262b95a5e26888aa3cee302bb92d5e18daa90d6562de9bcf761ce3885e,2018-12,Essex Police,Essex Police,0.626418,51.843313,On or near BRISTOL COURT,E01021360,Braintree 012A,Unable to prosecute suspect
3c335864b837be544fc54193e84145e2639c6c1055b8931596a9ee830c54dc9c,2018-12,Essex Police,Essex Police,0.885255,51.894336,On or near Sports/Recreation Area,E01021676,Colchester 009D,Unable to prosecute suspect
0f7b21bccb0e80fb79a7fc010a2ce650d9e642a838bdc93cedfd02c95b98aef4,2018-12,Essex Police,Essex Police,0.780740,51.539296,On or near Supermarket,E01015882,Southend-on-Sea 013G,Investigation complete; no suspect identified
e98bca8faf0f3e33b27aadc2f38b8a917cf60ce1aec23616ca7731029833f36b,2018-12,Essex Police,Essex Police,1.148663,51.797061,On or near MAGDALEN ROAD,E01021970,Tendring 016A,Action to be taken by another organisation
c0a8dd82168c9b76f211bf813062c29b1dbac1c99e918a911edff0f6e03dddd9,2018-12,Essex Police,Essex Police,0.893532,51.917264,On or near Parking Area,E01021680,Colchester 004B,Unable to prosecute suspect
b832ddd793561a31bfc85cc769e31f5d11bcee10261e0a512daaf858bb1641e9,2018-12,Essex Police,Essex Police,0.068634,51.654600,On or near THE GREENS CLOSE,E01021786,Epping Forest 012A,Suspect charged
6e51e89e72c0bf21fb288b7a3f5955124b6fd902d654a98f48c5c603727e0d5c,2018-12,Essex Police,Essex Police,0.527419,51.854044,On or near AYLESBURY DRIVE,E01021386,Braintree 013E,Unable to prosecute suspect
e355c15e06b27e5b383f46bfdd174483ab985226199234d953958a62ee66c37d,2018-12,Essex Police,Essex Police,0.411211,51.640762,On or near MUNSTER COURT,E01021245,Basildon 002A,Unable to prosecute suspect
f3900ce1ab6fbe2c5995613674111a0bf578f5c0626a44231bfdb0e464bf620e,2018-12,Essex Police,Essex Police,0.527792,51.876230,On or near SPRINGFIELDS,E01021364,Braintree 010A,Local resolution
554539650befb6af18fb52077a45844a0ccd7f75a8eed20d8389fae55dec91da,2018-12,Essex Police,Essex Police,0.261741,51.889938,On or near Airport/Airfield,E01022090,Uttlesford 006B,Investigation complete; no suspect identified
a32c9e18e6dfb676d81682a151e76d8203758dcab74b8eb23b8effcd12e9db56,2018-12,Essex Police,Essex Police,0.498348,51.733403,On or near BERKELY DRIVE,E01021546,Chelmsford 008C,Unable to prosecute suspect
e06458d37dae576d3c0078c81e66af86ab2e4ffedd9ca0aa2cd748580a537cb6,2018-12,Essex Police,Essex Police,0.402709,51.576159,On or near HORNSBY WAY,E01021277,Basildon 014D,Investigation complete; no suspect identified
817beb80f2656485f59fec4496f124e52a27f2d1e706db0851d7d3d2ed2d435f,2018-12,Essex Police,Essex Police,0.477311,51.732761,On or near HIGH BRIDGE ROAD,E01033140,Chelmsford 010F,Investigation complete; no suspect identified
dccac09c5ee39f82b9804a3cecbb0eab185165684b2f966723dc1902571d2aef,2018-12,Essex Police,Essex Police,1.093192,51.896326,On or near B1035,E01022019,Tendring 003E,Unable to prosecute suspect
f06ee174d3dd7e93a9d130de178ca55c315fcae4a02b6cdaf212ecdacbe75d95,2018-12,Essex Police,Essex Police,0.293149,51.484086,On or near MARY ROSE CLOSE,E01033610,Thurrock 019B,Investigation complete; no suspect identified
a873ca49e282288982594d66a4ce1adb48f27a35d6f444948feb2d203d0dbb55,2018-12,Essex Police,Essex Police,0.667456,51.543286,On or near Supermarket,E01015829,Southend-on-Sea 012C,Unable to prosecute suspect
a63cedc5501b7719204a8b32b503a580978e1baefa7c688f005a7400e8ac1e3c,2018-12,Essex Police,Essex Police,0.281698,51.489840,On or near Parking Area,E01016011,Thurrock 015B,Local resolution
7492e229fe6ff49b1e00d91289270452c2310792b4aaf9c1b2d8216fa8acb09a,2018-12,Essex Police,Essex Police,0.619663,51.810252,On or near CORNEL CLOSE,E01021425,Braintree 016B,Investigation complete; no suspect identified
c5257a1f85ecc484c4f07e91491f2e69d3e0bd6d511b45798843356fa058652c,2018-12,Essex Police,Essex Police,0.402709,51.576159,On or near HORNSBY WAY,E01021277,Basildon 014D,Investigation complete; no suspect identified
4bf63b9dbbbba366b22525b4c0e28d3abc803ff61e89ce90d001695a0c041acb,2018-12,Essex Police,Essex Police,0.554177,51.568264,On or near KENNINGTON AVENUE,E01021525,Castle Point 001D,Investigation complete; no suspect identified
e57ca89efcd4dad5fd380e36d8c3ada919578fe422f05bd081d5da5538759950,2018-12,Essex Police,Essex Police,0.108668,51.690137,On or near CENTRE GREEN,E01021759,Epping Forest 006D,Investigation complete; no suspect identified
26873f3488880c1b7b97f8d0cb43286c2643d45a7f731b16a38db826ed1344ad,2018-12,Essex Police,Essex Police,0.900435,51.889439,On or near Shopping Area,E01021649,Colchester 007D,Investigation complete; no suspect identified
3945ccb5beb2e31d407ba70fe2e3eee4e7700b734322d35b61db96e55a03a4bc,2018-12,Essex Police,Essex Police,1.130420,51.797135,On or near TRIMLEY CLOSE,E01022031,Tendring 015D,Unable to prosecute suspect
132901baa3badf24cde706bcd7eb673c8d8e65b7d832f0b49801ddc7d3bbd135,2018-12,Essex Police,Essex Police,0.414835,51.729835,On or near ONGAR ROAD,E01021635,Chelmsford 011E,Investigation complete; no suspect identified
7508c88f9524e7280e12e125da28954561e0e8ff8e28c351b32346970f3bc63e,2018-12,Essex Police,Essex Police,0.788200,51.540531,On or near FALCON WAY,E01015879,Southend-on-Sea 013D,Unable to prosecute suspect
0f00948d22ed4184308f77b35016055dbe8e15f75656934aba1dab5698841f55,2018-12,Essex Police,Essex Police,0.500064,51.581984,On or near ABINGDON COURT,E01021307,Basildon 011C,Unable to prosecute suspect
365807ba5a541e4c351eccfc0c6f41093ffb0448230dc686216e73076b1b8d52,2018-12,Essex Police,Essex Police,1.007245,51.935889,On or near Sports/Recreation Area,E01022013,Tendring 003B,Unable to prosecute suspect
094811aa641cbd6a5937377720a6e2936037d9f61acf5b9fb7fd389236587ce9,2018-12,Essex Police,Essex Police,0.474085,51.733089,On or near High Street Chelmsford,E01033140,Chelmsford 010F,Investigation complete; no suspect identified
44cdb7816d516712e8a75652e8c87753cd32b39e0cc2fd04116be2ebb2a97f20,2018-12,Essex Police,Essex Police,0.558369,51.872772,On or near PEARTREE CLOSE,E01021373,Braintree 011D,Unable to prosecute suspect
ac7677022edc3909f52e1763c130227ed3db95696ec9c6efd17a836bd55dd638,2018-12,Essex Police,Essex Police,0.290955,51.490892,On or near HOWARD ROAD,E01015982,Thurrock 019A,Unable to prosecute suspect
688ba4315bea2d9c10820c8c77f4fad8add544fa8ae0e8a02d96d484a97ad342,2018-12,Essex Police,Essex Police,0.370316,51.539991,On or near Park/Open Space,E01015978,Thurrock 004B,Unable to prosecute suspect
db89c62749014a3ea9530619ba4ccf7fa3a504892780d91c3419922b0459e2e6,2018-12,Essex Police,Essex Police,0.620104,51.645116,On or near TRINITY ROW,E01021613,Chelmsford 019C,Action to be taken by another organisation
28ab074464771cda71a22af2327daf1cd9ffab066334431e35d4c7d1c40ae7b7,2018-12,Essex Police,Essex Police,0.677916,51.550944,On or near SOUTHBOURNE GROVE,E01015905,Southend-on-Sea 007E,Action to be taken by another organisation
e39427d1435d60ac247192d7daa50929b9d39b359740eaf4d7ff33aefc0ea6a4,2018-12,Essex Police,Essex Police,0.242033,51.715418,On or near ST PETER'S AVENUE,E01021802,Epping Forest 004D,Unable to prosecute suspect
b48eac5c116247d8980418dceb8d307e77d10eff6e583b9a34bbb8ed15acd3e3,2018-12,Essex Police,Essex Police,0.242033,51.715418,On or near ST PETER'S AVENUE,E01021802,Epping Forest 004D,Unable to prosecute suspect
abeb8312fb6d5bb8dcc28a294b90c81aa78e124131317f57f4194ffabca5ebcd,2018-12,Essex Police,Essex Police,0.622121,51.517642,On or near CHAPMAN ROAD,E01021491,Castle Point 012C,Suspect charged
faf964a76723111c3b32c93b4023c6026c68f0e9d354a8f704b0f7ae497dfdae,2018-12,Essex Police,Essex Police,0.305909,51.509736,On or near BUCKLES LANE,E01015932,Thurrock 006A,Unable to prosecute suspect
3398c666668ed8bbce760d1a10185fb65d7354652249b464e3f9853fa1a14592,2018-12,Essex Police,Essex Police,0.286835,51.504120,On or near BROXBURN COURT,E01015927,Thurrock 007A,Investigation complete; no suspect identified
685dcb5adc4c81c1338c6b364dd97d80c959354111318e6189f06db358fc975d,2018-12,Essex Police,Essex Police,0.106661,51.747842,On or near GIBB CROFT,E01021858,Harlow 010B,Unable to prosecute suspect
2b2eeb1630b77fa724fdebd429b68a90d7db0bb87ef2faf236644ed2a17ffb86,2018-12,Essex Police,Essex Police,0.094895,51.778141,On or near GLADWIN WAY,E01021853,Harlow 003E,Unable to prosecute suspect
8db389f6a721e5c22c03ea667f62716bffe785feaa3bb3482f4162c44b2f1524,2018-12,Essex Police,Essex Police,0.564080,51.520626,On or near EDITH ROAD,E01021486,Castle Point 010B,Investigation complete; no suspect identified
01208364e7c60576db47993df2bb41ea7b742f1bcbe229a4e1cd19d18033c6ba,2018-12,Essex Police,Essex Police,0.470193,51.576052,On or near COPDOEK,E01021265,Basildon 012A,Investigation complete; no suspect identified
34f8df4e0abca0851d949e39d93eeb4a354d70be5637f5b21aeac01613453b07,2018-12,Essex Police,Essex Police,0.225087,51.646218,On or near OLD ROAD,E01021443,Brentwood 001C,Unable to prosecute suspect
c734f651e3df9f4d2aeb79d9f16b18de9f9f4bd990c389657f96370cdd5a0c73,2018-12,Essex Police,Essex Police,0.267514,51.667106,On or near CHURCH CLOSE,E01021443,Brentwood 001C,Unable to prosecute suspect
b1caa870bb4e865d81c79e44d3865424d02ae5cf716317e63c07fe11863f28fd,2018-12,Essex Police,Essex Police,0.491999,51.758845,On or near ANVIL WAY,E01021616,Chelmsford 004A,Offender given a drugs possession warning
0bf934705d0ee597a04e93b7db72d621ac20af1824a6f1ceabb0199c4e58f44a,2018-12,Essex Police,Essex Police,0.634183,51.939662,On or near MITCHELL AVENUE,E01021393,Braintree 004E,Unable to prosecute suspect
2b52d2d498121f08b857bb6faf9beec21a652520a86e03c6c5494c9d4067fffd,2018-12,Essex Police,Essex Police,0.628008,51.789345,On or near EVERITT COURT,E01033461,Braintree 017G,Investigation complete; no suspect identified
9b7a475d6b679075009cd6ba604ba353535424ce4de97f57990a1373ad1bb845,2018-12,Essex Police,Essex Police,0.374718,51.462740,On or near WORDSWORTH CLOSE,E01016005,Thurrock 018C,Investigation complete; no suspect identified
8abe10366fbb56c6bbaaa2fe5b469f33db65b1d0fba3ccc898d863f76fc4875a,2018-12,Essex Police,Essex Police,0.480314,51.575047,On or near CURLING WALK,E01021270,Basildon 012D,Investigation complete; no suspect identified
485ba9fbf0570e77ffa6035a97cad95d815706df4c2641be9a4e8d2e454e0e8a,2018-12,Essex Police,Essex Police,1.093192,51.896326,On or near B1035,E01022019,Tendring 003E,Unable to prosecute suspect
08a41706a89308b28928bd10589c6ae86ff20738b855dc50eb6707e9d0b98713,2018-12,Essex Police,Essex Police,0.924928,51.913178,On or near ELIZABETH CLOSE,E01021670,Colchester 002C,Unable to prosecute suspect
2e57121f13c64fa5b140cebaed64fb7940b442cee434cf598e0053f946707bb3,2018-12,Essex Police,Essex Police,0.716176,51.536213,On or near YORK ROAD,E01015852,Southend-on-Sea 015B,Unable to prosecute suspect
c4062a983b603b5da9e7b14c9898ff8a4dde236bb8d7a6776b1553496fa6bd43,2018-12,Essex Police,Essex Police,0.924388,51.887874,On or near HUNTING GATE,E01021706,Colchester 022H,Unable to prosecute suspect
b1516eb860ad572da4489eaca05eb8f0474f94325512d96fb5c53b24d5585f47,2018-12,Essex Police,Essex Police,0.623200,51.845894,On or near TEMPLE LANE,E01021360,Braintree 012A,Unable to prosecute suspect
0b07e6f6867882d2372c512555ef2d739e819d870ae3691a59890134c3a7d428,2018-12,Essex Police,Essex Police,0.351253,51.633129,On or near RAYLEIGH ROAD,E01021448,Brentwood 003A,Investigation complete; no suspect identified
77c28bb1a1e2ed09bbdcf3de2daeccda95238c241f585a31c02423617f27a301,2018-12,Essex Police,Essex Police,0.030576,51.623719,On or near HIGH ROAD BUCKHURST HILL,E01021745,Epping Forest 015D,Investigation complete; no suspect identified
7a013d4086c7bac4778009e82f16c1514c6db46966a66c12e4b2d607b944ff36,2018-12,Essex Police,Essex Police,0.417587,51.567957,On or near ELDERBERRY CLOSE,E01021281,Basildon 021B,Investigation complete; no suspect identified
bf996ad7194f1ae9c3b0de089cac8c771e25ac4c59206411920b008e56794b41,2018-12,Essex Police,Essex Police,0.409832,51.483760,On or near BEECHCROFT AVENUE,E01015950,Thurrock 013D,Investigation complete; no suspect identified
38f4103f5684ec0293052f9f9e83ef545fa19e89b4ad6d27a34300a6d437cd7e,2018-12,Essex Police,Essex Police,0.637406,51.805502,On or near TEMPLEMEAD,E01021416,Braintree 017B,Investigation complete; no suspect identified
529e1c3e2adc7947a96deec9e399c1a241840306e6521d9545fa3f0b762c93c8,2018-12,Essex Police,Essex Police,1.266125,51.939239,On or near YORKTOWN CLOSE,E01022007,Tendring 002D,Unable to prosecute suspect
70e1f30bcc201a4eccb4e658e01ce1f68106409be59578e53b626e3466b19071,2018-12,Essex Police,Essex Police,0.095357,51.767783,On or near Shopping Area,E01021872,Harlow 007E,Investigation complete; no suspect identified
3ad7dc5cc1b5e4db2135f1b7e0e237b2c9b3c6e248c41e031efa551bf239b4d8,2018-12,Essex Police,Essex Police,0.115851,51.687481,On or near FLUX'S LANE,E01021759,Epping Forest 006D,Unable to prosecute suspect
6d17063b246b214cf83820c5b3cb4040c7c7b642da397052826b4991d051cf0a,2018-12,Essex Police,Essex Police,0.135652,51.704883,On or near COOPERSALE COMMON,E01021756,Epping Forest 006A,Unable to prosecute suspect
ca6c5a6a29a32d17ed73fc9aef1cd653ff55356e5ce40b4004b11204d6ecdaf4,2018-12,Essex Police,Essex Police,0.708823,51.545719,On or near CARNARVON ROAD,E01015895,Southend-on-Sea 010A,Unable to prosecute suspect
454f6125ea7f618a243a4b16f742e89f5e8cb363df3b324deb1d31e618eff01b,2018-12,Essex Police,Essex Police,0.565542,51.522266,On or near FIRST AVENUE,E01021486,Castle Point 010B,Unable to prosecute suspect
2a5fbdbf65f9b82c82f6487e9bb9e34485fe8408b4b29c4efd7ba3c1c581009c,2018-12,Essex Police,Essex Police,0.299860,51.613310,On or near MYRTLE ROAD,E01021475,Brentwood 007E,Unable to prosecute suspect
b518feac9f9f49110154eb887b090d49aee891989282a8109c19133157ec4020,2018-12,Essex Police,Essex Police,0.757731,51.688810,On or near NORTH DRIVE,E01021873,Maldon 007A,Investigation complete; no suspect identified
2de213938bce4e03750ba9394c584e7453bf2c837ae66dac55f7efe853377af7,2018-12,Essex Police,Essex Police,0.850130,51.886451,On or near LANVALLEY ROAD,E01021674,Colchester 009B,Action to be taken by another organisation
20792a5df9955c035f9eaffe70ba6f8894f5e1e7650799a02902d609bbdc8980,2018-12,Essex Police,Essex Police,0.660671,51.547388,On or near Supermarket,E01015850,Southend-on-Sea 011F,Investigation complete; no suspect identified
1e5a090ede3ae09b395daca9b337b74bde8b79634715052871988c77e99cf863,2018-12,Essex Police,Essex Police,0.239603,52.020104,On or near DEBDEN ROAD,E01022076,Uttlesford 002B,Investigation complete; no suspect identified
0042e1af7d63f9c0baeccdff5286421587a0c8542c6fd64e6ef156a38c5e78b6,2018-12,Essex Police,Essex Police,0.509987,51.586548,On or near SWINBORNE COURT,E01021309,Basildon 011E,Investigation complete; no suspect identified
6ff087dcda21d8df78d63749319d2fbe896fc2d759c3c7a1cc0854517a919bab,2018-12,Essex Police,Essex Police,0.366966,51.469012,On or near MELBA GARDENS,E01016007,Thurrock 018E,Action to be taken by another organisation
027f84abf94bdb41d13dcea43a6f4e44a87daa30f9d4f630a925c11f6c36eaab,2018-12,Essex Police,Essex Police,0.550752,51.562511,On or near HIGH ROAD,E01021476,Castle Point 003A,Investigation complete; no suspect identified
ad0c7200fdd6f028f2bc3c8977c6fb0c121693ae72d7acfa4617558cf66fdeaf,2018-12,Essex Police,Essex Police,1.024470,51.813590,On or near SPRING ROAD,E01021980,Tendring 011B,Unable to prosecute suspect
1434ca9a184f0c1b42fa7f10e1439e25946b42c7dc0a6c2e76238749806107de,2018-12,Essex Police,Essex Police,0.696045,51.558191,On or near Petrol Station,E01015859,Southend-on-Sea 004C,Local resolution
934db1670abc03c12e9ff643492d08b1482c59f21591ef7f2c64a2c014a73b04,2018-12,Essex Police,Essex Police,0.324934,51.477776,On or near CLARENCE ROAD,E01015956,Thurrock 016B,Unable to prosecute suspect
f6eedb8a693361bb3dfcdb4a501ca470542373a380806ee9daa80a75fd917b11,2018-12,Essex Police,Essex Police,0.792769,51.540485,On or near EXETER CLOSE,E01015880,Southend-on-Sea 013E,Unable to prosecute suspect
c785ed75367d2a280a7f7c1fd7bfe2edf0f5d288bbbbff9de9c9492ee569e778,2018-12,Essex Police,Essex Police,0.374017,51.487782,On or near TASKER ROAD,E01015936,Thurrock 012D,Unable to prosecute suspect
56d79e464a3964fa48da8851e104ed7c206f7b1cbab8fe9ed6046e364ac6d3d9,2018-12,Essex Police,Essex Police,0.280536,51.482444,On or near Parking Area,E01016011,Thurrock 015B,Investigation complete; no suspect identified
35aff5f842378d8d5259849cf1fc1448e19c2c21a6601a096852c8cbb3143870,2018-12,Essex Police,Essex Police,0.107407,51.757945,On or near HOOK FIELD,E01021822,Harlow 006C,Unable to prosecute suspect
ef445fd9f884a120dfa4219d9a2cf3fb2e4066edce84b277418b211db4af19bc,2018-12,Essex Police,Essex Police,0.471839,51.572348,On or near THISTLEDOWN,E01021318,Basildon 015C,Local resolution
077dba633722d72dc58863dcfb877264b1c385b1e3b54dd61e86fd5923d97a6c,2018-12,Essex Police,Essex Police,0.392632,51.583793,On or near B148,E01021261,Basildon 010A,Unable to prosecute suspect
b5f58e291f38f1a9dabf71460ae109681bea96efee90bcb9e978ba544c0865a1,2018-12,Essex Police,Essex Police,0.471839,51.572348,On or near THISTLEDOWN,E01021318,Basildon 015C,Local resolution
99899c18699ac513453f73df83af18496528150ada602c32a115ef4f2093aa85,2018-12,Essex Police,Essex Police,0.107407,51.757945,On or near HOOK FIELD,E01021822,Harlow 006C,Unable to prosecute suspect
4cba5a99e6d2f516f5956ccc28f1b965d5f0f803f48c3870fb16db9fdc8b3f18,2018-12,Essex Police,Essex Police,0.107407,51.757945,On or near HOOK FIELD,E01021822,Harlow 006C,Unable to prosecute suspect
c33fa4263aea07c1eaf199c59ded97374a3f3a5ca02145777407a97ecd10edac,2018-12,Essex Police,Essex Police,0.239693,51.717873,On or near BROOKFIELDS,E01021802,Epping Forest 004D,Unable to prosecute suspect
f5f5be71452c0f7e9da1dfe11baf25fe68dd3fe9a0f34c024773a123eecbe917,2018-12,Essex Police,Essex Police,0.696045,51.558191,On or near Petrol Station,E01015859,Southend-on-Sea 004C,Local resolution
d5a67aa9a305071579bce9c29c59ba1a67e973e4cd085911c38664b604016a72,2018-12,Essex Police,Essex Police,0.118336,51.779376,On or near MOWBRAY ROAD,E01021844,Harlow 002A,Unable to prosecute suspect
86026640db4d3639498a026709bc34c51c05486d6be6f46cbaa666b7924e49ec,2018-12,Essex Police,Essex Police,0.566374,51.715983,On or near WELL LANE,E01021569,Chelmsford 016C,Investigation complete; no suspect identified
963ebd86c22a8234b336c4f65ad65afd0002678bb3da45f0c3df4c508fc5de56,2018-12,Essex Police,Essex Police,0.835371,51.886106,On or near TOLLGATE EAST,E01021719,Colchester 012B,Unable to prosecute suspect
e5eba1b989134801fd9e9c16fe63d219e7da4b7c9d172e2cd4444277b0f520e9,2018-12,Essex Police,Essex Police,0.302207,51.620297,On or near HIGH STREET,E01021433,Brentwood 007A,Investigation complete; no suspect identified
d303e19c5b1823d55dc43e7ebca681f13bc02af1722e90679d5935321913a957,2018-12,Essex Police,Essex Police,0.622181,51.641778,On or near MERTON PLACE,E01021610,Chelmsford 020F,Unable to prosecute suspect
ddd1d890b7c6d6ae2f51b8f2962f5c4f8a222e6866f5f48ed54e45f9525607bb,2018-12,Essex Police,Essex Police,0.460283,51.572942,On or near AUDLEY WAY,E01021318,Basildon 015C,Investigation complete; no suspect identified
81dc9514fe9495c94a679a89eb6db20db8d5482794e92874da39bf83f059cd34,2018-12,Essex Police,Essex Police,0.567412,51.519635,On or near Petrol Station,E01021501,Castle Point 011D,Investigation complete; no suspect identified
198fadbcd5fa2654d74ad61fa39f39c064d1f57ea06b5dbc65c250b28233551b,2018-12,Essex Police,Essex Police,0.882721,51.883597,On or near CAMBRIDGE ROAD,E01021652,Colchester 013B,Local resolution
7b94722ce3c3b42b223063ac224b43ed2bff3f0567cde4befc96692efce880e4,2018-12,Essex Police,Essex Police,0.459410,51.568814,On or near SOUTHERNHAY,E01021318,Basildon 015C,Unable to prosecute suspect
b0be26cf38cdfa3a325da8100884ff08cefdfb429b1388fa9af2e4e1a38ea729,2018-12,Essex Police,Essex Police,0.684980,51.554290,On or near CARDIGAN AVENUE,E01015858,Southend-on-Sea 004B,Action to be taken by another organisation
9299aa35f9e033be8b73b1b82026b6032d92c7bea2db3572d5994d355c9e66d0,2018-12,Essex Police,Essex Police,0.689366,51.542812,On or near COTSWOLD ROAD,E01015831,Southend-on-Sea 012E,Investigation complete; no suspect identified
4d13a2c9cd6a9d9ed828f6c14bf0cfd92981476482b0218e723d24ff232b942c,2018-12,Essex Police,Essex Police,0.281698,51.489840,On or near Parking Area,E01016011,Thurrock 015B,Local resolution
76d53ca71a158b339a801cc303cc994b6c70f28d8b7257040826fb97bbd922bb,2018-12,Essex Police,Essex Police,0.181428,51.725858,On or near HOWS MEAD,E01021797,Epping Forest 001C,Unable to prosecute suspect
4acacee2a4890945babe07fb400ee4e03e1c15eb2d83d5a279c996fe40a4871f,2018-12,Essex Police,Essex Police,0.605787,51.586267,On or near HIGH STREET,E01021962,Rochford 008C,Local resolution
31d4abc05826e2f0ec5ec6c21a0c6ad2f73e0657ff6d3c5a0110fbf916c9f02e,2018-12,Essex Police,Essex Police,0.118336,51.779376,On or near MOWBRAY ROAD,E01021844,Harlow 002A,Unable to prosecute suspect
28dda8a8f3250a9e74342db239ce2745fa00370d3ef300466783d2eacb3c67bf,2018-12,Essex Police,Essex Police,0.132511,51.766089,On or near Supermarket,E01021827,Harlow 005D,Investigation complete; no suspect identified
7e419769891bf87c7664f8a4b7cc7d5427f51a0a3f55c4bacac7b2ad6ef486c0,2018-12,Essex Police,Essex Police,0.900782,51.904980,On or near POTTER MEWS,E01021679,Colchester 004A,Unable to prosecute suspect
de76342d63de3f1341b7178e959a06b95febc2ec6993c72a8315815619908ec6,2018-12,Essex Police,Essex Police,1.025338,51.799258,On or near COLNE WAY,E01022046,Tendring 011E,Investigation complete; no suspect identified
24a47c4727777dcb4251e1af00c38723f4ffbe9a1d79c81e1eb9e67be78fb9ab,2018-12,Essex Police,Essex Police,0.133364,51.783564,On or near Supermarket,E01021855,Harlow 001B,Unable to prosecute suspect
6120ec997a54dc205714aa550cdc827f3b2ed11e7c339a64966490b225dfa034,2018-12,Essex Police,Essex Police,0.924702,51.868314,On or near SAVILL ROAD,E01021667,Colchester 016F,Unable to prosecute suspect
d9470122fe85966bd66ae6dda4f40b4a229498a7f79432100cd239a34d3a4c0b,2018-12,Essex Police,Essex Police,1.177795,51.806404,On or near DERWENT GARDENS,E01022033,Tendring 012B,Suspect charged
1ac8485ef936e9ec683334b2d8fe53229ab9e45d4c39870d8841ee2cf9247fd1,2018-12,Essex Police,Essex Police,0.605828,51.585708,On or near Shopping Area,E01021962,Rochford 008C,Local resolution
a0a89914f590c86482e23b65355f15d5ff68808c15a0b552f8f3509a364c1464,2018-12,Essex Police,Essex Police,0.567506,51.876323,On or near CHAPEL HILL,E01033459,Braintree 009F,Investigation complete; no suspect identified
3f9eccb61603cca5400d7cf7a90a9dca9f458b8fefcbc503dec5ed6fe0503fe3,2018-12,Essex Police,Essex Police,0.513170,51.751784,On or near White Hart Lane,E01033144,Chelmsford 005F,Unable to prosecute suspect
84d77ccb3d14becd41033eff7d93eff639fb78826f53b38084f9b53ae292efd8,2018-12,Essex Police,Essex Police,0.621439,51.517568,On or near ZELHAM DRIVE,E01021491,Castle Point 012C,Investigation complete; no suspect identified
17110b15597ad67ca5bd88cce11f1ed7e7bfa039a84bd6fe3627cb22d552bdf4,2018-12,Essex Police,Essex Police,1.025338,51.799258,On or near COLNE WAY,E01022046,Tendring 011E,Investigation complete; no suspect identified
009b6808f4c931dd9567fe85096f4f12ad7d5f09eeba8f902721ebfd828dd70a,2018-12,Essex Police,Essex Police,-0.003337,51.687086,On or near CHURCH STREET,E01021818,Epping Forest 009C,Unable to prosecute suspect
23b2bc60f780d29e0e26e19069c6e20c27fa184941ed16de136d0b71b14b901b,2018-12,Essex Police,Essex Police,0.109228,51.781779,On or near Shopping Area,E01021845,Harlow 002B,Investigation complete; no suspect identified
2556f3aa34ab5da6d6cbf00ee4fa30331e5d9c922407e4bd4ad5d6f922c4eba4,2018-12,Essex Police,Essex Police,0.113136,51.779784,On or near GLEBELANDS,E01021845,Harlow 002B,Unable to prosecute suspect
f63da37ac056c890eb311108e3b057034aabaa1161a43e365da018bfca781778,2018-12,Essex Police,Essex Police,1.154379,51.789595,On or near ROSEMARY ROAD,E01022025,Tendring 016B,Unable to prosecute suspect
24f9556edeefd4be80ed512d56201ca701727ca80adccde67d88bbd43135a027,2018-12,Essex Police,Essex Police,0.565542,51.522266,On or near FIRST AVENUE,E01021486,Castle Point 010B,Investigation complete; no suspect identified
513799073e1443b6c760abf258466fb6da9b0b03a15164c5ad7b38d022b5dfc3,2018-12,Essex Police,Essex Police,0.565542,51.522266,On or near FIRST AVENUE,E01021486,Castle Point 010B,Investigation complete; no suspect identified
763e876af36b5f289fc014e1993db1386ef37f45cda8100bad07495076257797,2018-12,Essex Police,Essex Police,0.684707,51.740461,On or near THE CAUSEWAY,E01021886,Maldon 003C,Unable to prosecute suspect
d308c6cc25c6a2fafe4d06f039aed5a8e1c60b09253601d798121c87bd79f49f,2018-12,Essex Police,Essex Police,0.113136,51.779784,On or near GLEBELANDS,E01021845,Harlow 002B,Unable to prosecute suspect
12dd36cf9c10d3ece5a8b18acbbc3ed6ecad3c3521217b02dcd9fb7ba23cf88a,2018-12,Essex Police,Essex Police,0.527336,51.599746,On or near CALADONIA LANE,E01021344,Basildon 008D,Investigation complete; no suspect identified
9371fd9a531a7b035d7d8a62ec2a15bc9c9f0d7822bc13be1ba75dd654b7c4cd,2018-12,Essex Police,Essex Police,1.148499,51.810323,On or near RAYCLIFF AVENUE,E01022044,Tendring 013E,Unable to prosecute suspect
64869095e3705e393238ad1f43eeef5e4aea3b974bcf8a957294a3a9b3459650,2018-12,Essex Police,Essex Police,0.558604,51.566666,On or near LONDON ROAD,E01021478,Castle Point 003C,Investigation complete; no suspect identified
7a2c9d66a068cc63dd8b4076983473494d90c62c0bc1c77d9a510fa72f5d87d4,2018-12,Essex Police,Essex Police,0.598837,51.525931,On or near ESSEX ROAD,E01021496,Castle Point 009D,Investigation complete; no suspect identified
cf088840484ac337977e459c2848346eb9724efd57547cf952958d50503ceb1a,2018-12,Essex Police,Essex Police,0.931567,51.890987,On or near HICKORY AVENUE,E01021699,Colchester 008D,Action to be taken by another organisation
9a35143a2da78270547282cab5942fe5db9f70389a61733bfd2a57241951c8a1,2018-12,Essex Police,Essex Police,0.351546,51.638231,On or near STORR GARDENS,E01021452,Brentwood 003E,Action to be taken by another organisation
0254769e9acb2ce508f2533667e0adbfda81ae8a50e7d85087aae901f7d90138,2018-12,Essex Police,Essex Police,0.712789,51.535770,On or near CLARENCE STREET,E01015852,Southend-on-Sea 015B,Investigation complete; no suspect identified
2e39fa7450520c5a88a63618d62ff05d21fbd9f6ae09d7734f2986ccbcf4bb56,2018-12,Essex Police,Essex Police,0.102693,51.771572,On or near Sports/Recreation Area,E01021849,Harlow 003A,Unable to prosecute suspect
d74e569c06c52c1f6bca5fc010ab4d8fdea41d916dece4c4155d4bf17e10a78b,2018-12,Essex Police,Essex Police,0.364274,51.487134,On or near ORSETT HEATH CRESCENT,E01015937,Thurrock 012E,Investigation complete; no suspect identified
6d2c8247380439a6a19211e52db2459f15e93803c9f9f40c0c9bb7a006430658,2018-12,Essex Police,Essex Police,0.524937,51.601543,On or near FRERICHS CLOSE,E01021344,Basildon 008D,Investigation complete; no suspect identified
03fd14ef00adc89c4d071241a260d33e5450b87623c707a3e999db2b65bb2fe0,2018-12,Essex Police,Essex Police,0.020133,51.690093,On or near PATERNOSTER CLOSE,E01021814,Epping Forest 007C,Investigation complete; no suspect identified
7a296b7a57c5742bab36111437c7a824dc755b83e7b5510d60cb1828e26e1bf8,2018-12,Essex Police,Essex Police,0.833461,51.877222,On or near WREN CLOSE,E01021722,Colchester 012E,Unable to prosecute suspect
ffa012f1fed11f2528685d82cbe480ec0943e62d7ec7a48fd11c483398471d79,2018-12,Essex Police,Essex Police,0.808924,51.884996,On or near TURKEY COCK LANE,E01021654,Colchester 010A,Unable to prosecute suspect
92f673bf8558980ff7da1dda6aa37ffc50e8183c481e203016c2b29893323863,2018-12,Essex Police,Essex Police,0.362733,51.871937,On or near ANGEL LANE,E01022067,Uttlesford 007B,Investigation complete; no suspect identified
af2495e8d44b6c6a9cdd6d3ef8e9bb342ba0c2139e2275069b35bf4801b976bf,2018-12,Essex Police,Essex Police,0.101550,51.696074,On or near LOWER BURY LANE,E01021763,Epping Forest 005D,Unable to prosecute suspect
c2f86a513d397ebc0b17fdb4950b92f1a555c5c25811d28128e74800a1f9b114,2018-12,Essex Police,Essex Police,0.841355,51.888111,On or near Petrol Station,E01021719,Colchester 012B,Investigation complete; no suspect identified
8c694c77cc095092fd5462e90fc58b609ca76e4fefae956f36fe9b2c3cc0b47f,2018-12,Essex Police,Essex Police,0.245607,51.714802,On or near CLARE MEWS,E01021802,Epping Forest 004D,Local resolution
c61dc33949bd6dc95c61994fa558769be20700181fd12c62ae81086bf3eb73a5,2018-12,Essex Police,Essex Police,0.256149,51.499894,On or near CRESCENT WAY,E01015926,Thurrock 008E,Investigation complete; no suspect identified
ad8e70209918ae4371f5f9e9a69259bdaeeeddac3e8ada14fcc81d6bd9dfb12c,2018-12,Essex Police,Essex Police,0.996292,51.946412,On or near ANCHOR LANE,E01021656,Colchester 001B,Investigation complete; no suspect identified
d9bee3f77add143ea58d277b778c5f13d4ec898b8eac51de82612543f251e2ea,2018-12,Essex Police,Essex Police,0.833461,51.877222,On or near WREN CLOSE,E01021722,Colchester 012E,Unable to prosecute suspect
c66d8ed1b2d544cf6d147d793233ae44ccea30d71cf98132466d4a1e26458f3c,2018-12,Essex Police,Essex Police,0.146573,51.762200,On or near DAVENPORT,E01021828,Harlow 005E,Unable to prosecute suspect
b5f3a70427dae90cdfad6b9f26c30bf12131c299c8489b01e8cdb4be8020c247,2018-12,Essex Police,Essex Police,0.849654,51.890636,On or near HALSTEAD ROAD,E01021674,Colchester 009B,Unable to prosecute suspect
5069b155bae391cee1e1eeefc8e486889517184021f102b8849e82c060875ee7,2018-12,Essex Police,Essex Police,0.281698,51.489840,On or near Parking Area,E01016011,Thurrock 015B,Local resolution
391da6d34fc90ee81eddf2d4f223c56dffd45c6bade934d2c685c6fa5ce1b108,2018-12,Essex Police,Essex Police,0.281698,51.489840,On or near Parking Area,E01016011,Thurrock 015B,Local resolution
cbb433e596d31d1fe7e54cff228182e07ca2e3614277f7fd59f992f0b7474494,2018-12,Essex Police,Essex Police,0.013992,51.734270,On or near POUND CLOSE,E01021794,Epping Forest 002D,Unable to prosecute suspect
ac4cc21e87977dd69c26c679edadeb2ec30ddddb2196e5a5006dffd22b35a69d,2018-12,Essex Police,Essex Police,0.281698,51.489840,On or near Parking Area,E01016011,Thurrock 015B,Local resolution
b04ebb849cce085e83c9512f1eaa90ffef7742481cdf6821b2183ae89a9a85f8,2018-12,Essex Police,Essex Police,0.507593,51.569305,On or near CAISTER DRIVE,E01021316,Basildon 018D,Suspect charged
b04ebb849cce085e83c9512f1eaa90ffef7742481cdf6821b2183ae89a9a85f8,2018-12,Essex Police,Essex Police,0.507593,51.569305,On or near CAISTER DRIVE,E01021316,Basildon 018D,Suspect charged
f6433834fffc5018cfea870a87db1a825efe9016fca7e3e0668b3bc41bb043ce,2018-12,Essex Police,Essex Police,0.773254,51.544258,On or near SHOEBURY ROAD,E01015914,Southend-on-Sea 017A,Investigation complete; no suspect identified
391ac9edcc68aa7b789b0563ff468c9aceb00c648b8d569fe62ab1ea39b250d8,2018-12,Essex Police,Essex Police,0.485242,51.563000,On or near MIDDLE CROCKERFORD,E01021323,Basildon 019B,Investigation complete; no suspect identified
bbd77125f0abb7c8e48bb9a334f082ced189e9e14246258e8f1117cfb3efac57,2018-12,Essex Police,Essex Police,0.281698,51.489840,On or near Parking Area,E01016011,Thurrock 015B,Local resolution
d0fe7e136d66e78428a06f23d9106f57923087a45679f806f7f613d90eb7794f,2018-12,Essex Police,Essex Police,0.105174,51.770368,On or near MADDOX ROAD,E01021849,Harlow 003A,Investigation complete; no suspect identified
93b611914dcdc26fe84af42a2630bc8983ce77bebe589ae5866a7f56e910bb03,2018-12,Essex Police,Essex Police,0.744747,51.544650,On or near STEYNING AVENUE,E01015888,Southend-on-Sea 009F,Investigation complete; no suspect identified
6060858e4335e5afbaba19fad23d5aa7e709667eb2808bad79f72a4cc444c616,2018-12,Essex Police,Essex Police,0.710563,51.538844,On or near ELMER AVENUE,E01015854,Southend-on-Sea 015D,Investigation complete; no suspect identified
396de19e199ce0f0b35e9748c49bacc15344001305f5cbced864a715b71198b5,2018-12,Essex Police,Essex Police,0.249762,51.505377,On or near PERRY WAY,E01015923,Thurrock 008B,Unable to prosecute suspect
3792c6945834591b509c7b41f020cffe544c65ba58e47d35804623fb4b5ddb1b,2018-12,Essex Police,Essex Police,0.631810,51.787137,On or near BAKER WAY,E01033461,Braintree 017G,Unable to prosecute suspect
94b6575951d15f70c7c042153690a880e8c68c4ee0775a14356d6b867d095e99,2018-12,Essex Police,Essex Police,0.283867,51.503270,On or near CHANLOCK PATH,E01015927,Thurrock 007A,Investigation complete; no suspect identified
d10b916c933088b3a3a2fb9c8d5e7db1f247801fd84740124bba7826660a421a,2018-12,Essex Police,Essex Police,0.317231,51.483784,On or near ADSTOCK WAY,E01015955,Thurrock 016A,Investigation complete; no suspect identified
725b7313cb4b0b9a8d3d95b65756dff5be74418ffe4b12e65ae774e7b44ae067,2018-12,Essex Police,Essex Police,0.261741,51.889938,On or near Airport/Airfield,E01022090,Uttlesford 006B,Local resolution
a8b67b5767d5119d79ae603b0857abfe2b62557d7fb525c3e65366cbfc859ff6,2018-12,Essex Police,Essex Police,0.261741,51.889938,On or near Airport/Airfield,E01022090,Uttlesford 006B,Investigation complete; no suspect identified
53d12913c1cddccf69b5169a63d380d8d67900fb19bbe7a879a6bc5077cc6303,2018-12,Essex Police,Essex Police,0.631810,51.787137,On or near BAKER WAY,E01033461,Braintree 017G,Unable to prosecute suspect
8291311652e6c41c5122bb7963453b998c6bc230a98ad6fe1bb9c828a391300c,2018-12,Essex Police,Essex Police,0.916470,51.896444,On or near ROMFORD CLOSE,E01021702,Colchester 022D,Investigation complete; no suspect identified
cee9336af43680461b6b6d111d147b7c88fe5f23202a12b18d3c63e0b50b5219,2018-12,Essex Police,Essex Police,0.104603,51.763706,On or near TRIPTON ROAD,E01021870,Harlow 006E,Action to be taken by another organisation
591f0f477bf8579d5882fb36c3a2f29211b21a8e3f1141cce7c3a75a1ec9356c,2018-12,Essex Police,Essex Police,0.741520,51.816690,On or near KINGSWAY,E01021727,Colchester 020E,Unable to prosecute suspect
2f2631f2718f8b5bc1b70b6dae76ea410bd4c207ebd56d0f1eceb72407b6a308,2018-12,Essex Police,Essex Police,0.246591,51.703398,On or near CASTLE STREET,E01021753,Epping Forest 004A,Investigation complete; no suspect identified
32832610335ab160f09e04e194612189e0437165f76c38e17a09b2034be18bbd,2018-12,Essex Police,Essex Police,0.518117,51.620000,On or near Conference/Exhibition Centre,E01021338,Basildon 005C,Unable to prosecute suspect
f1b7cb22a09767e9e0397f4a7d05a0c8e061130a2cc227a53da180b2c1d39e4a,2018-12,Essex Police,Essex Police,0.897825,51.889081,On or near CULVER STREET WEST,E01021649,Colchester 007D,Unable to prosecute suspect
fe196e70a4f13ad40cfb3907267dcb66230359971c7cb69435624f9ede8c5464,2018-12,Essex Police,Essex Police,0.325332,51.474261,On or near SHERFIELD ROAD,E01015954,Thurrock 017D,Investigation complete; no suspect identified
8414f3d2e1baea0a9fd7205310d48a8f9720a770527b44d54ad360f4b410c27a,2018-12,Essex Police,Essex Police,0.233165,51.495721,On or near LONDON ROAD,E01015925,Thurrock 008D,Suspect charged
a4e4eea7be9ab6a0ddbb26a0a44f02eb50ee7c10ab05618634c551aee710bdd4,2018-12,Essex Police,Essex Police,0.897825,51.889081,On or near CULVER STREET WEST,E01021649,Colchester 007D,Unable to prosecute suspect
107c6c6cd7f2b95ba8f69a797dab91b5f90158d6bbb797da09e7898067876dd0,2018-12,Essex Police,Essex Police,1.053242,51.944076,On or near LYDGATE CLOSE,E01022015,Tendring 003D,Investigation complete; no suspect identified
7af156ff5c9d8f553b72028caac55cbcc9e6f848a8c333d7b13fada87ec24c20,2018-12,Essex Police,Essex Police,0.741674,51.537203,On or near GLEBE CLOSE,E01015894,Southend-on-Sea 016F,Investigation complete; no suspect identified
42683f0f046d3a7cac857ed462a48a77c090492266e5b3c9bd3188ba55cff909,2018-12,Essex Police,Essex Police,0.429041,51.575724,On or near TEMPLE CLOSE,E01021289,Basildon 016C,Unable to prosecute suspect
2b9ec02081a5f7a3a84dcb43f110c8c5ddf8bd219fba4bce826a96fe5a774be1,2018-12,Essex Police,Essex Police,0.877404,51.868159,On or near CORUNNA DRIVE,E01021714,Colchester 015D,Unable to prosecute suspect
907d8c38b2fefa1a6e551ad1a5e205a2eb3530711387f1085dcdbdabf67f52fa,2018-12,Essex Police,Essex Police,0.570012,51.870072,On or near Shopping Area,E01021368,Braintree 011A,Local resolution
03f5e28793c425e06b95aca9e5f819c3c42d19c895409a8ee3991174b41bc60c,2018-12,Essex Police,Essex Police,0.814210,51.545522,On or near CUPIDS CHASE,E01021921,Rochford 010B,Unable to prosecute suspect
5f905426d2782b2f3a6c7b09c95c2fc61047d19680fe9a9898c2434c2cd80ad7,2018-12,Essex Police,Essex Police,0.088038,51.768722,On or near WEDHEY,E01021842,Harlow 004D,Investigation complete; no suspect identified
41b9073bae1e58b9ae6b6f01df4eb6da157754c0909b9622bcec283def6c1afa,2018-12,Essex Police,Essex Police,0.082426,51.648592,On or near BARRINGTON CLOSE,E01021776,Epping Forest 011C,Unable to prosecute suspect
8d1e3849770340c483ab9a02452588fb38e6a3738dee26fd34d7b1bf911e5dbb,2018-12,Essex Police,Essex Police,0.012649,51.686408,On or near ROSEBANK,E01021807,Epping Forest 008A,Unable to prosecute suspect
942d6c5abc958fb0f1963988689e5b853c4cacae4f376d1e8825342efa6c60e6,2018-12,Essex Police,Essex Police,0.270445,51.486039,On or near Parking Area,E01016012,Thurrock 015C,Investigation complete; no suspect identified
08af055f83e256851791a3c341829deeff109cea2d8c9f1afd4d1dd6c73de574,2018-12,Essex Police,Essex Police,0.174590,52.040081,On or near STRETHALL ROAD,E01022071,Uttlesford 003B,Investigation complete; no suspect identified
3934f0b045db99dbe139193dc589bc20e774ac4c29b2a055170f7ebbb26a052a,2018-12,Essex Police,Essex Police,0.429041,51.575724,On or near TEMPLE CLOSE,E01021289,Basildon 016C,Investigation complete; no suspect identified
f576afae30a52ce160b4bd0b7a2db366762094f5ce36f62ea01ce07668d6b290,2018-12,Essex Police,Essex Police,0.486893,51.564970,On or near BARDFIELD,E01021323,Basildon 019B,Unable to prosecute suspect
623467fa8027c4ef43544ab1c5daf674d5bda23c9fdde15c9e4e7f5fd64f7891,2018-12,Essex Police,Essex Police,0.908437,51.885959,On or near CHILDWELL ALLEY,E01021686,Colchester 011D,Investigation complete; no suspect identified
5617e51344a6b243b1492e2b76da9212aeb145f4fea77a05ce1505991733ec7e,2018-12,Essex Police,Essex Police,0.761816,51.536874,On or near Parking Area,E01015890,Southend-on-Sea 016B,Investigation complete; no suspect identified
4c0ee9c2c2c3f77835ece1b340045bdd1c002b99fff6d3c294fa4b91531f2acf,2018-12,Essex Police,Essex Police,0.085746,51.756102,On or near HOLLY FIELD,E01021831,Harlow 007A,Unable to prosecute suspect
e3f1ea24c3ef04f6e8cf98f57116f950fa852ddba220808a21cb1e2de9dc4893,2018-12,Essex Police,Essex Police,1.108363,51.773625,On or near SWIFT AVENUE,E01021988,Tendring 018A,Unable to prosecute suspect
aef34261840f47409f4de4b09548098d4c53553db3a1dbf848bb46efc15b9a43,2018-12,Essex Police,Essex Police,0.916006,51.914416,On or near GRASSMERE,E01021668,Colchester 002A,Unable to prosecute suspect
6e2de1bcf25f1948064105a3e1563284509f628e6080db4f542ebc57610a2a2c,2018-12,Essex Police,Essex Police,0.314190,52.057159,On or near CARTERS CROFT,E01022057,Uttlesford 001A,Unable to prosecute suspect
a91e7ae4241a8a8abdf846c90879d39a86afac941db0b8fd232f3fa760cb620d,2018-12,Essex Police,Essex Police,0.456169,51.571868,On or near Pedestrian Subway,E01021318,Basildon 015C,Investigation complete; no suspect identified
665ab95c650c4b282d1ff451c361f92e2f5ef2d2238ff484ee8be0cbab478abc,2018-12,Essex Police,Essex Police,0.428970,51.616060,On or near FIELDFARE,E01021258,Basildon 004E,Investigation complete; no suspect identified
41b60478ed010be48fd2e3311fcc1663c122e6c7f1c0a8de947c01e022ca0901,2018-12,Essex Police,Essex Police,0.421054,51.581600,On or near SCHOOL AVENUE,E01021274,Basildon 010D,Unable to prosecute suspect
8a2f2d4e0e6503a242885209b4787b736099fc6f45795ab8cccd3b57ffd9a1f7,2018-12,Essex Police,Essex Police,0.421054,51.581600,On or near SCHOOL AVENUE,E01021274,Basildon 010D,Unable to prosecute suspect
c3ea05e7ea85dc762fd9e9434d4749a7671ea8f932f9db998a7325170bee2d11,2018-12,Essex Police,Essex Police,0.248851,51.508533,On or near Parking Area,E01015924,Thurrock 008C,Unable to prosecute suspect
4e28e17fd3dafee119778ea67db504e2345b62d126a753e6de46af199063bfdb,2018-12,Essex Police,Essex Police,0.617106,51.641504,On or near NELSON PLACE,E01021608,Chelmsford 020D,Unable to prosecute suspect
286314233ad6cdf8421c81d72809d4021f226d301b59f8f7f6b3d6b94c0d30ae,2018-12,Essex Police,Essex Police,0.247462,51.500223,On or near LOWLANDS ROAD,E01015925,Thurrock 008D,Unable to prosecute suspect
f72c8ffb714eaabe0c80f1bfed9553ff97c9940b7357309e8f5785d3d007c18a,2018-12,Essex Police,Essex Police,0.665191,51.552394,On or near SURREY AVENUE,E01015820,Southend-on-Sea 005A,Unable to prosecute suspect
80ad7bfbb9a3625c1760acf6398aecb82f5bda8a30040cc4c8929575cf139b9f,2018-12,Essex Police,Essex Police,0.592233,51.521616,On or near LIONEL ROAD,E01021498,Castle Point 011B,Investigation complete; no suspect identified
90642c165d4651206527308a8b56d638a016ed4e074d9713d341f82192f4f95c,2018-12,Essex Police,Essex Police,1.155313,51.791756,On or near CARNARVON ROAD,E01022027,Tendring 016D,Investigation complete; no suspect identified
6bd8e9f66b52682e2169aedcd19d399295cc332861c84a3d04aec61e88f6737e,2018-12,Essex Police,Essex Police,0.549938,51.876292,On or near CORONATION AVENUE,E01021365,Braintree 009D,Investigation complete; no suspect identified
181670ea89cc65afd11b1a5e6fa9b89e74a7e9fe54f6e5bb597409359a37576f,2018-12,Essex Police,Essex Police,0.774843,51.535523,On or near SAXON GARDENS,E01015916,Southend-on-Sea 017C,Unable to prosecute suspect
8f495b6c4c9dfd1a434348f1cc82fcb2a7f14749424a9280d924fe051aa52fd5,2018-12,Essex Police,Essex Police,1.155313,51.791756,On or near CARNARVON ROAD,E01022027,Tendring 016D,Investigation complete; no suspect identified
6a546c5a33bb2e264ebf001e28b843db9d7641cdf35dd04c580767072e48f43a,2018-12,Essex Police,Essex Police,1.151204,51.800222,On or near Petrol Station,E01022043,Tendring 014B,Investigation complete; no suspect identified
2dc9d48aa049aeb9d39e81eaddd72c41f8a5e5f1179af1b84d433477911f502e,2018-12,Essex Police,Essex Police,0.447317,51.572044,On or near DELIMANDS,E01021293,Basildon 017C,Unable to prosecute suspect
7e2ead8f30b57d70df1789fb7f37d547224c6c9d0eb8cb4a940933703bb5e7cd,2018-12,Essex Police,Essex Police,0.742261,51.807626,On or near FRANCIS CLOSE,E01021725,Colchester 020C,Investigation complete; no suspect identified
0d605f98647b2307ec4e19191fdd131bfdcd4b163bf0b931ddcae463bbc18721,2018-12,Essex Police,Essex Police,0.261741,51.889938,On or near Airport/Airfield,E01022090,Uttlesford 006B,Unable to prosecute suspect
6727613e7ae0506ca84cd6142d1bc1cadd704ac33d21531fa9a9165e3995540f,2018-12,Essex Police,Essex Police,0.280536,51.482444,On or near Parking Area,E01016011,Thurrock 015B,Unable to prosecute suspect
ee0418e25782c990c158f5775f8cbd996c05d5b61729da04780149276edb04cf,2018-12,Essex Police,Essex Police,0.559057,51.523856,On or near ST MARKS ROAD,E01021503,Castle Point 010D,Investigation complete; no suspect identified
74103453c41dea560969194444cf263f5602628b260a0044e414894ef37e58e2,2018-12,Essex Police,Essex Police,0.498523,51.565218,On or near ELM GREEN,E01021317,Basildon 018E,Investigation complete; no suspect identified
53e9169a0a234a4ee0dd03ea9161da0b6c0a3a2f60b5e7eaa30fd8b3a1d7c316,2018-12,Essex Police,Essex Police,0.561112,51.518343,On or near CLINTON ROAD,E01021501,Castle Point 011D,Investigation complete; no suspect identified
1a1a351d68a81bc9b4635d2e732a5b16aa3637e6edacbeeaffea704972a0445e,2018-12,Essex Police,Essex Police,0.472270,51.734594,On or near TINDAL STREET,E01033141,Chelmsford 010G,Unable to prosecute suspect
b07b5c31e401738e60984b7e054ae86c629e8d15588c70a2b13d5a9ea25170f4,2018-12,Essex Police,Essex Police,0.968053,51.869404,On or near HENRIETTA CLOSE,E01021737,Colchester 017B,Unable to prosecute suspect
2682a6a7aa3c4992e9cf782b831c6a256c24ca74620ac3386a995933d833a4ca,2018-12,Essex Police,Essex Police,0.500879,51.590268,On or near Cricketers Retail Park,E01021307,Basildon 011C,Investigation complete; no suspect identified
044e7824945ee9600272dc6a4dfc3d0729e7f257f3a21b61a5966645f615b749,2018-12,Essex Police,Essex Police,0.905634,51.890498,On or near Parking Area,E01021648,Colchester 007C,Investigation complete; no suspect identified
f556259596a662767c622f9622fbab39320016cd663bf57d258b8ada707b5581,2018-12,Essex Police,Essex Police,0.529843,51.609261,On or near HILLWOOD GROVE,E01021336,Basildon 005B,Investigation complete; no suspect identified
4bd8569e3473adf8f9a821828438905579f95c5373ae33115a9419888193c917,2018-12,Essex Police,Essex Police,0.626229,51.801903,On or near COLNE CHASE,E01021429,Braintree 016D,Unable to prosecute suspect
e0fe07c955c23a2221de422ac770754608c1150cbcc933e97d7db0a685993da7,2018-12,Essex Police,Essex Police,0.931256,51.879726,On or near QUAYSIDE DRIVE,E01033719,Colchester 008G,Investigation complete; no suspect identified
1c8a98b628c6a13365aff19b1f47a5a6247a029ba2645e9618fe59200e249e67,2018-12,Essex Police,Essex Police,0.909470,51.863935,On or near BRISBANE WAY,E01021640,Colchester 018D,Investigation complete; no suspect identified
bc565c480e8b63dac43148a341cab99dd3bc6457821bac73c9936818ebd2af51,2018-12,Essex Police,Essex Police,0.968053,51.869404,On or near HENRIETTA CLOSE,E01021737,Colchester 017B,Unable to prosecute suspect
c46ac19157d5fcec2e79dfa956b97fb03b5a79f9384659150bd1ad3006672d55,2018-12,Essex Police,Essex Police,0.458555,51.727678,On or near ROOKES CRESCENT,E01033139,Chelmsford 009G,Unable to prosecute suspect
666871576b3de23c11a1334f4c22abe63b305d4b236613fc1510b8b3a391d0a4,2018-12,Essex Police,Essex Police,0.894346,51.885164,On or near Parking Area,E01021683,Colchester 011A,Unable to prosecute suspect
b7f09b9e3b8a7cef88966a8f2b15d20b39a9f22321ce43fd6fc7afa2e5041971,2018-12,Essex Police,Essex Police,0.595794,51.596849,On or near WIMARC CRESCENT,E01021959,Rochford 006E,Unable to prosecute suspect
9aac861bdf7c69ed1ff5d8c6319974569f5c2598452f148831b7174a943aff9f,2018-12,Essex Police,Essex Police,0.626229,51.801903,On or near COLNE CHASE,E01021429,Braintree 016D,Unable to prosecute suspect
42de19663bb212fccbc763a42343b2317207c5a475421c1fad2de85c0234423d,2018-12,Essex Police,Essex Police,0.277161,51.610866,On or near SOUTHALL WAY,E01021468,Brentwood 006D,Unable to prosecute suspect
f0fbe9ffc841eda0b5f79c86e297ebf3fd30259fe4f8fec803a2214f90d7b3c0,2018-12,Essex Police,Essex Police,0.948134,51.877838,On or near Park/Open Space,E01021736,Colchester 017A,Investigation complete; no suspect identified
40cdbe997436a8524e302de729a8a609e24fe1545ad269017eb25717eff582ae,2018-12,Essex Police,Essex Police,0.560646,51.878065,On or near MALTINGS VIEW,E01033458,Braintree 009E,Unable to prosecute suspect
df1bda8d1bc805b2571c945c1d0621a60f22c7ab24e8da187da733f8e6bab099,2018-12,Essex Police,Essex Police,0.626229,51.801903,On or near COLNE CHASE,E01021429,Braintree 016D,Unable to prosecute suspect
4c3cb8e7fc81d384fede0329bf4d6d71ac8f3c4b05f6f5b1e2f1ebcf97391890,2018-12,Essex Police,Essex Police,0.937766,51.885517,On or near LAING ROAD,E01021700,Colchester 008E,Unable to prosecute suspect
9c93a7e10c936c5c87247628cc666ad36c58bfc1291c2a4a49ad2de99921c9bf,2018-12,Essex Police,Essex Police,0.508821,51.568281,On or near CORFE CLOSE,E01021316,Basildon 018D,Unable to prosecute suspect
eef479a29c2af2751348a069fbe3fad0b94febe8a8af60389b7b12dedc80d022,2018-12,Essex Police,Essex Police,0.475214,51.731744,On or near Shopping Area,E01033140,Chelmsford 010F,Unable to prosecute suspect
716de3278328eb45886f1df5a4522d7b00c05e5262c6c5fb7386a107e09117e8,2018-12,Essex Police,Essex Police,0.697069,51.542572,On or near Parking Area,E01015900,Southend-on-Sea 010F,Unable to prosecute suspect
0a6d9ed0ef43e66ddc007fd554cec3cecf4b94c9d33e279a15bc3318a70f70bd,2018-12,Essex Police,Essex Police,0.291069,51.635506,On or near Supermarket,E01021461,Brentwood 004D,Investigation complete; no suspect identified
5e8a621167e4e6d60728bc1f1705c9a13067f682291514d1310f51628a9d082f,2018-12,Essex Police,Essex Police,0.904135,51.870191,On or near WYCH ELM,E01021637,Colchester 018A,Investigation complete; no suspect identified
c4cd5dc37cb70fa7ca96dcb13d6a14a05854b93bf5b64e4889d0ce7767f7c9cf,2018-12,Essex Police,Essex Police,0.291069,51.635506,On or near Supermarket,E01021461,Brentwood 004D,Suspect charged
1f709441b0456479a0166d524778db730008cc2676b339ddb8eae3e829b09d69,2018-12,Essex Police,Essex Police,0.463270,51.572142,On or near Parking Area,E01021318,Basildon 015C,Investigation complete; no suspect identified
2d118db8b9e59e09530f554b93c525b77bb4f7269f0ff0adfe9a95e6bdf667fc,2018-12,Essex Police,Essex Police,0.559792,51.522815,On or near ST JAMES CLOSE,E01021503,Castle Point 010D,Investigation complete; no suspect identified
294ce07d1d35c99463d22228f26d1df22ae166e8515f550b7ef17b080e78ab71,2018-12,Essex Police,Essex Police,0.692643,51.553610,On or near CHASE GARDENS,E01015860,Southend-on-Sea 004D,Action to be taken by another organisation
b5b14f5d2fdee86bea3a719bc76153e9cca714b2ebd1c95525e1a22512c80ac5,2018-12,Essex Police,Essex Police,0.592714,51.976726,On or near Petrol Station,E01021397,Braintree 003B,Local resolution
a154253173cce524a27f4d0c135f0d8c8b52a27cdd3f000dd2495fac5d577813,2018-12,Essex Police,Essex Police,0.717113,51.536938,On or near PORTLAND AVENUE,E01015852,Southend-on-Sea 015B,Investigation complete; no suspect identified
bcda4060c307e682024e2a9f3c01b741834e0ab819a2404999684a82dd6d4b35,2018-12,Essex Police,Essex Police,0.456959,51.570727,On or near Shopping Area,E01021318,Basildon 015C,Suspect charged
e2123a51531271bb9c5435c412ee7e749c3c67b967e0cc718d7e4bc08243f0db,2018-12,Essex Police,Essex Police,0.662280,51.562335,On or near Petrol Station,E01015818,Southend-on-Sea 003E,Investigation complete; no suspect identified
73eb0a78076fbb486e7d3ddadbfa269043b1457120fb47d838eab110334f6b89,2018-12,Essex Police,Essex Police,0.709562,51.545297,On or near Further/Higher Educational Building,E01015895,Southend-on-Sea 010A,Unable to prosecute suspect
568100981a16ead28fb359be42e1e076f701e1b85dc31a87b8b576bd764a77a6,2018-12,Essex Police,Essex Police,0.368411,51.864980,On or near UPPER MILL FIELD,E01022068,Uttlesford 007C,Unable to prosecute suspect
ba29687f390a53e0f48a0d560d9e3ff35a405a15e03216e1b5cbc4fd34b476c0,2018-12,Essex Police,Essex Police,0.388403,51.756437,On or near A1060,E01021550,Chelmsford 003A,Investigation complete; no suspect identified
f32a92dd8969d429686a927267d9ba3cdf94f1ad9c029516fee5736e19cb4b75,2018-12,Essex Police,Essex Police,0.894129,51.887886,On or near Parking Area,E01021649,Colchester 007D,Unable to prosecute suspect
2beb4acbe2cdfc90f1350dd09e0ac6d5ad127b6428a1e07af7ae3812eb71269d,2018-12,Essex Police,Essex Police,0.428235,51.626912,On or near KELVEDON ROAD,E01021240,Basildon 003B,Unable to prosecute suspect
af4b9be2f1856e8d36f383984158c52910c18cbce6e867a577daaf73aa5c0f75,2018-12,Essex Police,Essex Police,0.217367,51.951230,On or near NORTH HALL ROAD,E01022083,Uttlesford 005C,Unable to prosecute suspect
43a300c5808c869db258b4af1b873395a20dc0d9993fef8ccb8adb565a911043,2018-12,Essex Police,Essex Police,0.083274,51.766631,On or near THE WRENS,E01021842,Harlow 004D,Unable to prosecute suspect
43a300c5808c869db258b4af1b873395a20dc0d9993fef8ccb8adb565a911043,2018-12,Essex Police,Essex Police,0.083274,51.766631,On or near THE WRENS,E01021842,Harlow 004D,Unable to prosecute suspect
43a300c5808c869db258b4af1b873395a20dc0d9993fef8ccb8adb565a911043,2018-12,Essex Police,Essex Police,0.083274,51.766631,On or near THE WRENS,E01021842,Harlow 004D,Unable to prosecute suspect
43a300c5808c869db258b4af1b873395a20dc0d9993fef8ccb8adb565a911043,2018-12,Essex Police,Essex Police,0.083274,51.766631,On or near THE WRENS,E01021842,Harlow 004D,Unable to prosecute suspect
2827c62c46f97243c4a534045f9b1de316655d71be15d094a08728fd362833df,2018-12,Essex Police,Essex Police,0.534544,51.868918,On or near A120,E01021383,Braintree 010C,Unable to prosecute suspect
71b5458b7de59c9b3add62a81a91b520f2d28e3f94f786861b1433ce1dd7738a,2018-12,Essex Police,Essex Police,0.681655,51.548295,On or near FAIRMEAD AVENUE,E01015903,Southend-on-Sea 007C,Unable to prosecute suspect
e004fcef9a9cbc4396b580796be6c84e9140bed90b3be5625afd6d2bed23e43d,2018-12,Essex Police,Essex Police,0.239155,51.716642,On or near SHORTLANDS AVENUE,E01021802,Epping Forest 004D,Unable to prosecute suspect
87fb6cd3450bc9a9cbf85ec1d9c27ab94d596bc7a47accb473d487f397f066a3,2018-12,Essex Police,Essex Police,0.491982,51.571481,On or near ROSE ACRE,E01021326,Basildon 022D,Unable to prosecute suspect
0855926daa4c4d833db5348fd9e038a443a30523990adaf2202bc46817156afb,2018-12,Essex Police,Essex Police,0.465805,51.576054,On or near LITTLE BENTLEY,E01021266,Basildon 015A,Unable to prosecute suspect
1c04d0b16da6afbf1d01b4c560303a4749b6f6486bfa4f603ab39ab2d2ec90dd,2018-12,Essex Police,Essex Police,0.495881,51.732790,On or near Shopping Area,E01021547,Chelmsford 008D,Unable to prosecute suspect
7ab0eb6dae35b96102a8b2227b23d3ff70f5916dae52072ce4be2539acccf091,2018-12,Essex Police,Essex Police,0.901388,51.886861,On or near Parking Area,E01021649,Colchester 007D,Unable to prosecute suspect
6b8569be744252034afb620fd25c2102d0ff6bf8348f90152c29b13a80743b16,2018-12,Essex Police,Essex Police,0.891954,51.893857,On or near Pedestrian Subway,E01021646,Colchester 007A,Unable to prosecute suspect
c23f2bc8412511685ef70ee14a7723b4d8e6bc63488ee3ebf562e58d91e89e60,2018-12,Essex Police,Essex Police,0.596881,51.602994,On or near PRIORY CHASE,E01021920,Rochford 006A,Investigation complete; no suspect identified
255dedf58f27871cf163bbceb7e6f5b46e3d3d5a92634626e63e0a5834d556f8,2018-12,Essex Police,Essex Police,0.470335,51.571490,On or near PRIORS EAST,E01021321,Basildon 015E,Unable to prosecute suspect
3edd88fe3f0699c3e7dcf7eb863060c4917ca92ae78dc6c0677d34498e65550c,2018-12,Essex Police,Essex Police,0.472270,51.734594,On or near TINDAL STREET,E01033141,Chelmsford 010G,Unable to prosecute suspect
8ccd5fee19cdf5621db5264d44c2a7a36cd034fa66cd7ba8a27986814f03794c,2018-12,Essex Police,Essex Police,0.515984,51.578559,On or near HAVENGORE,E01021301,Basildon 011A,Unable to prosecute suspect
44d2734981d80abe5910ed49a9a960c43023e9dedf0b9323b533487c4cb18a44,2018-12,Essex Police,Essex Police,0.516032,51.579431,On or near GREAT RANTON,E01021301,Basildon 011A,Unable to prosecute suspect
4078bbebb0427efe68822c85643dd9194a65de638ee9d795af63771bdd47c10f,2018-12,Essex Police,Essex Police,0.658225,51.547974,On or near Supermarket,E01015821,Southend-on-Sea 005B,Unable to prosecute suspect
3d742ae3fb359e42f84039c14cdad442ebfacfa0c673b13555aa6b72f940726f,2018-12,Essex Police,Essex Police,0.715499,51.535743,On or near Bus/Coach Station,E01015852,Southend-on-Sea 015B,Local resolution
19baa981b98620af2315dc855a57c5397ec8c4fb9cf67ddcb8a90c251a08b724,2018-12,Essex Police,Essex Police,0.495881,51.732790,On or near Shopping Area,E01021547,Chelmsford 008D,Unable to prosecute suspect
b0a93ae8cc445c3332ede9d99e3b0f55de46117c14f3044ffd91dbf9c290fd36,2018-12,Essex Police,Essex Police,0.419664,51.480383,On or near GLOUCESTER AVENUE,E01015948,Thurrock 013B,Unable to prosecute suspect
9d6ddd1bbedc784a66e4abfc63b9082df8a21a670f67ac6b162c45b40baaf81d,2018-12,Essex Police,Essex Police,0.323992,51.477085,On or near Shopping Area,E01015954,Thurrock 017D,Investigation complete; no suspect identified
b7b7aacfba7157c6523663797f690c9d7d83d62ddecd7d14022da6999c4210b6,2018-12,Essex Police,Essex Police,0.284016,51.475982,On or near ELM TERRACE,E01016011,Thurrock 015B,Investigation complete; no suspect identified
d84938799c649ece6dc50f82bcb4e727a08fbf5c4ce61199a3fd30ac6943bf2c,2018-12,Essex Police,Essex Police,1.153551,51.802047,On or near OLD ROAD,E01022042,Tendring 014A,Unable to prosecute suspect
5abd8b697ca81235cbb2dea560731f72d7590e99c44ea6d4916064b71f573b69,2018-12,Essex Police,Essex Police,0.419664,51.480383,On or near GLOUCESTER AVENUE,E01015948,Thurrock 013B,Unable to prosecute suspect
aba1d825a3a2cff679c82f5c1c3656924c02d1227d5c1fcfc0858cf6f2f35ad9,2018-12,Essex Police,Essex Police,0.281698,51.489840,On or near Parking Area,E01016011,Thurrock 015B,Local resolution
ea35c20fbc35a0cce586d5d3e39d327ea982c7702ad83a7f76cc0c2faf045bc9,2018-12,Essex Police,Essex Police,0.471125,51.745463,On or near FELL CHRISTY,E01021592,Chelmsford 006D,Unable to prosecute suspect
31652a1e2db6664a5c01b534b19c022417eeb09a4416022b66f6bbb082b2d263,2018-12,Essex Police,Essex Police,0.573557,51.744046,On or near NORTH HILL,E01021568,Chelmsford 005D,Unable to prosecute suspect
c0bacd5482cc49ea5e67213fafd5236c32fd667d6c17d5736881b523124f8f2a,2018-12,Essex Police,Essex Police,0.658225,51.547974,On or near Supermarket,E01015821,Southend-on-Sea 005B,Unable to prosecute suspect
9f23a0aeb74f49eb36a82355fc9ae7bf934cb47fe7a135f5d84e9ca93aea05a3,2018-12,Essex Police,Essex Police,0.464723,51.570987,On or near Pedestrian Subway,E01021318,Basildon 015C,Unable to prosecute suspect
7af3e85c6f4a992a0a92228dffa7cfc438f8260f83699c8de4de3778be1ed8ec,2018-12,Essex Police,Essex Police,1.148663,51.797061,On or near MAGDALEN ROAD,E01021970,Tendring 016A,Unable to prosecute suspect
5bf4c76e4cf60696a374538167f0645b113868899967c7f9cef2519c95ff4fd4,2018-12,Essex Police,Essex Police,0.683177,51.725882,On or near HORTON CLOSE,E01021889,Maldon 004A,Unable to prosecute suspect
7d974088e3f2ecbfd1d32a62f2ef628ddfe014fe541f28ecda5be809e0da00b4,2018-12,Essex Police,Essex Police,0.573557,51.744046,On or near NORTH HILL,E01021568,Chelmsford 005D,Unable to prosecute suspect
4b2c58ca0943915cc8c1473f4cf1d786449befc8483de6a9b2f88cac93244abb,2018-12,Essex Police,Essex Police,0.503664,51.572905,On or near WIMBISH END,E01021306,Basildon 013E,Investigation complete; no suspect identified
cb8fdfb33613e3350ec0d4c2390b673296cd6a4573968441665c0b26c94aff51,2018-12,Essex Police,Essex Police,0.419664,51.480383,On or near GLOUCESTER AVENUE,E01015948,Thurrock 013B,Unable to prosecute suspect
0dbf860bbf60e48519ed5469db01fb4509a62d68d38addc0adc96d4c83a528b5,2018-12,Essex Police,Essex Police,0.363477,51.460018,On or near MONTREAL ROAD,E01016004,Thurrock 018B,Action to be taken by another organisation
69ea10b45204032d6d520ca1a18632f52161c0093a9a1521bfba28456fb5b513,2018-12,Essex Police,Essex Police,0.424041,51.569380,On or near Pedestrian Subway,E01021286,Basildon 016A,Unable to prosecute suspect
f52cdb879ec066ac84576335858fc90c99cb3cc02b85e1b6e472d0eef59c4477,2018-12,Essex Police,Essex Police,0.798472,51.879337,On or near ALLENDALE DRIVE,E01021654,Colchester 010A,Unable to prosecute suspect
ed3f89befefda7a3081180a1396320c121667acfb53d8ab0701ad520980e2281,2018-12,Essex Police,Essex Police,0.502915,51.565583,On or near BURNS AVENUE,E01021316,Basildon 018D,Unable to prosecute suspect
9629e8c958f21627b550dc5859f38c3782169c4fe5564ae42ed2d0898865c925,2018-12,Essex Police,Essex Police,0.506467,51.564041,On or near Shopping Area,E01021310,Basildon 022B,Investigation complete; no suspect identified
076119f3e00f8c494a65d81c82d0fd41dff5230d898b05038387d9c118a0e548,2018-12,Essex Police,Essex Police,0.876115,51.927611,On or near RAMPARTS CLOSE,E01021661,Colchester 001D,Unable to prosecute suspect
b70c8f40eda9314176a80d390fbfd4706dad3e8edeb7928ffef860ed5df22da0,2018-12,Essex Police,Essex Police,0.515984,51.578559,On or near HAVENGORE,E01021301,Basildon 011A,Unable to prosecute suspect
c488f417fb87a47bc7457f951615f8d9097c640936099ae05f4620e0b0dbb1a3,2018-12,Essex Police,Essex Police,0.472492,51.571336,On or near CLICKETT END,E01021321,Basildon 015E,Suspect charged
c488f417fb87a47bc7457f951615f8d9097c640936099ae05f4620e0b0dbb1a3,2018-12,Essex Police,Essex Police,0.472492,51.571336,On or near CLICKETT END,E01021321,Basildon 015E,Suspect charged
d10a530186c15b5f15316a7fca7808a8515904d34796cf79a4e5431f238e4aad,2018-12,Essex Police,Essex Police,0.255580,51.506173,On or near Sports/Recreation Area,E01015923,Thurrock 008B,Local resolution
2ffa7a2895327d384dd565b8099eda119b953f511cf0d765c6918472fd702c0e,2018-12,Essex Police,Essex Police,0.554522,51.573904,On or near EVERSLEY ROAD,E01021513,Castle Point 001A,Investigation complete; no suspect identified
1351abf37a933069c3ce30ac4a00700d8fa37336d9a10b270d384191871130fe,2018-12,Essex Police,Essex Police,0.500600,51.568888,On or near WICKFORD AVENUE,E01021305,Basildon 013D,Unable to prosecute suspect
9111d91d14c51ce44217156bf1f027ab83cb5f358aa8ee62d1dca70f9de741db,2018-12,Essex Police,Essex Police,0.324310,51.477114,On or near Shopping Area,E01015954,Thurrock 017D,Unable to prosecute suspect
fc7be75cc8a4cc81a3cb6c8ca028c03ca10a6d0cd459edc8836e2036e75759da,2018-12,Essex Police,Essex Police,0.516032,51.579431,On or near GREAT RANTON,E01021301,Basildon 011A,Unable to prosecute suspect
a894d008d92726308a859d22e70f67b0e75a384684c82b362c50f3d6774df964,2018-12,Essex Police,Essex Police,0.870073,51.875327,On or near GURNEY BENHAM CLOSE,E01021713,Colchester 015C,Unable to prosecute suspect
46134cd03cdae4a643ada025eaecb5eb89894143d20720af0355fda0e816104d,2018-12,Essex Police,Essex Police,0.689093,51.553827,On or near Hospital,E01015858,Southend-on-Sea 004B,Investigation complete; no suspect identified
8fcaa72cf314be7ff57df9c4db727449d43bc6075d82234c7c53edd5804dbc4c,2018-12,Essex Police,Essex Police,0.710081,51.539700,On or near Further/Higher Educational Building,E01015854,Southend-on-Sea 015D,Investigation complete; no suspect identified
c3788e19ff9f6ccd47cec827818d8f02068f3a44d4990f0dff9b79e8f80046ac,2018-12,Essex Police,Essex Police,0.489634,51.734290,On or near SPRINGFIELD PARK ROAD,E01021628,Chelmsford 008E,Unable to prosecute suspect
68e4213a1a925d0c3d09bd431e1d9577ad134ab5bc282b61819f6aa095922454,2018-12,Essex Police,Essex Police,1.151204,51.800222,On or near Petrol Station,E01022043,Tendring 014B,Investigation complete; no suspect identified
38aa8b886760dfd5ab3bf823f3e1e88a24bb7f63a9b1e4a1d939d68980b1d6f1,2018-12,Essex Police,Essex Police,0.462186,51.721478,On or near Petrol Station,E01021556,Chelmsford 012A,Unable to prosecute suspect
eefd4fe13ea4fc5bec4530278e13df617122af26cbc4edc1e6a76087e17d1935,2018-12,Essex Police,Essex Police,0.472270,51.734594,On or near TINDAL STREET,E01033141,Chelmsford 010G,Unable to prosecute suspect
3a093ab19a8607c48d789e121d19ce5c9383875cf743dd9d949653831ead022c,2018-12,Essex Police,Essex Police,0.497687,51.561818,On or near CHESTNUT ROAD,E01021310,Basildon 022B,Investigation complete; no suspect identified
d890db3a91b27e817e231616807a965564b76a60a75533de40976b972b1adb4d,2018-12,Essex Police,Essex Police,0.071845,51.645758,On or near DEEPDENE ROAD,E01021773,Epping Forest 013C,Unable to prosecute suspect
e8c94a5ef3e2f104fbdab44d315e379255393ad14b8171bf6ae886770917ffc4,2018-12,Essex Police,Essex Police,1.119912,51.781090,On or near Petrol Station,E01021990,Tendring 018C,Unable to prosecute suspect
3e3fa9634598151b03ad5b8dd047331ba152c86233dcf8a47a316e44d034b661,2018-12,Essex Police,Essex Police,1.197015,51.803067,On or near FERNWOOD AVENUE,E01022008,Tendring 012A,Unable to prosecute suspect
3117902baf4c8cc704df304a170ab0354268001d16accb943b4082b20c0512f2,2018-12,Essex Police,Essex Police,0.506145,51.566323,On or near RECTORY PARK DRIVE,E01021316,Basildon 018D,Investigation complete; no suspect identified
dd8044ce9afddeeb9e09b464e47ff4c089af2736261c347686f8b11cc85712ed,2018-12,Essex Police,Essex Police,0.471420,51.732822,On or near BELLMEAD,E01033141,Chelmsford 010G,Investigation complete; no suspect identified
de7993aa9965415d368170f9cbb96822590ca6d3c582202ea67619162ab757eb,2018-12,Essex Police,Essex Police,0.301998,51.479893,On or near PALMERSTON ROAD,E01016015,Thurrock 015F,Investigation complete; no suspect identified
fea6be0d7619988e89e7b072ce335835520ad1529c4c39118cdda53518683644,2018-12,Essex Police,Essex Police,0.784465,51.541960,On or near FROBISHER WAY,E01015879,Southend-on-Sea 013D,Investigation complete; no suspect identified
04631eb26de405eb087c0e114dd03b72f40f1df4c7a8db2b80d43b76122dcf11,2018-12,Essex Police,Essex Police,0.103241,51.776194,On or near SCHOOL LANE,E01021853,Harlow 003E,Offender given a drugs possession warning
2a435753d869ef11dc7734882afc89ab54b876a4b61ffaef99b347a6459d1fa6,2018-12,Essex Police,Essex Police,1.279568,51.936607,On or near HORDLE PLACE,E01022001,Tendring 001D,Unable to prosecute suspect
23bd28ec32208ffd536fb955d07d2a6f16ceba950c20b4fc295290b5b194c732,2018-12,Essex Police,Essex Police,0.703128,51.561337,On or near MANNERS WAY,E01015866,Southend-on-Sea 002D,Action to be taken by another organisation
2a0d9da089d2a388eaa20c669b5f1853ab98cfcf59f3333c8ec078e79cd1ebac,2018-12,Essex Police,Essex Police,0.838096,51.892210,On or near TUDOR ROSE CLOSE,E01021718,Colchester 012A,Unable to prosecute suspect
f81efadebcbc0cab70f494df1a16d5247c0752dfb4a64c62ff534ba760868b71,2018-12,Essex Police,Essex Police,0.494407,51.563039,On or near WEAVERS,E01021328,Basildon 022E,Unable to prosecute suspect
7a4000205c18e4d97f70d1c24f63dd6b9144ab1a68be28ba8ce404a96a5cc467,2018-12,Essex Police,Essex Police,0.096056,51.768166,On or near SOUTH GATE,E01021868,Harlow 007B,Unable to prosecute suspect
48d32e6668bfde1a9b091f21a53171b8b9d4aff35c94a6696357cba629b4eb54,2018-12,Essex Police,Essex Police,0.712788,51.543999,On or near SHORT STREET,E01015898,Southend-on-Sea 010D,Unable to prosecute suspect
540921c5ec750331c592a85b43b23252c294e1becb7ac3437c0cf157df890655,2018-12,Essex Police,Essex Police,0.666711,51.552494,On or near MIDDLESEX AVENUE,E01015820,Southend-on-Sea 005A,Investigation complete; no suspect identified
df227a188dd88fb9035fb937611e051cbf6e5b7bae79daf4b53b93c8678c6413,2018-12,Essex Police,Essex Police,1.062736,51.941167,On or near TRINITY ROAD,E01022019,Tendring 003E,Unable to prosecute suspect
b3403f3a4da7ba3c7edd6ae2bb145fb1b9c382e8033e68926c461145bf806fa3,2018-12,Essex Police,Essex Police,0.674261,51.554049,On or near MANNERING GARDENS,E01015822,Southend-on-Sea 005C,Unable to prosecute suspect
26d3a0fde2233df0bf23800c9e9c1702b8e3abe86dfe9e7d197646b71aa12d68,2018-12,Essex Police,Essex Police,0.245607,51.714802,On or near CLARE MEWS,E01021802,Epping Forest 004D,Local resolution
0ee3912b9734665a24818528750613cc649e03e506679c0fa03a394a07251cc0,2018-12,Essex Police,Essex Police,0.713474,51.534918,On or near MARKET PLACE,E01015852,Southend-on-Sea 015B,Unable to prosecute suspect
7a6006be1f28516b05a8f4693baf4b6cce090ccae5cb9e424e9e2283d8182711,2018-12,Essex Police,Essex Police,0.512370,51.606975,On or near ELDER AVENUE,E01021332,Basildon 006D,Investigation complete; no suspect identified
8232e9dcb9937db218126d40400c1b23f808487aa3e1ae23bd17ec4d68f05da0,2018-12,Essex Police,Essex Police,0.267167,51.471633,On or near COSGROVE ROAD,E01016012,Thurrock 015C,Unable to prosecute suspect
13a8b19998c3b125cd509f4a5140d72b50bc5019046fa141636fecd4bfd0d5ea,2018-12,Essex Police,Essex Police,0.070517,51.643893,On or near PARKMEAD,E01021773,Epping Forest 013C,Local resolution
05f51d387820f1abb3a4ac503684bf48fc0051324ebafc60acd12c60bd0fe030,2018-12,Essex Police,Essex Police,0.906740,51.888726,On or near Sports/Recreation Area,E01021648,Colchester 007C,Local resolution
471de1ba3754f01afbb230cc70dc5a9f7081e30b95a8ac26d2aec5397d1c3acc,2018-12,Essex Police,Essex Police,0.269009,51.750512,On or near NORWOOD END,E01021796,Epping Forest 003B,Unable to prosecute suspect
f2158afe49e05d6310c1b3f44d160582f3a66c60001fa8a65f304427a0e71363,2018-12,Essex Police,Essex Police,1.247783,51.930698,On or near ROWLAND'S YARD,E01033051,Tendring 002F,Unable to prosecute suspect
2aa9eacb0b422f2161412836aeb00f081b2a0bf962027786c0ca9147fbc3bbe7,2018-12,Essex Police,Essex Police,0.244039,52.011172,On or near REDDINGS CLOSE,E01022080,Uttlesford 002E,Local resolution
fb2ea46bff8b6df5347a10197d5617dff290d480372fe8f2f3c206bf806aebd2,2018-12,Essex Police,Essex Police,0.608739,51.516565,On or near GAFZELLE DRIVE,E01021490,Castle Point 012B,Unable to prosecute suspect
0b904fe7629f48463679a3c44cf099ae031c1dc8a96d2bc40940cf9e9a29d7e1,2018-12,Essex Police,Essex Police,1.156341,51.788832,On or near BEACH ROAD,E01022025,Tendring 016B,Investigation complete; no suspect identified
510102b5125bcef3c49e1b47f604e1c69284e6a35d4121e58a14721092f76b71,2018-12,Essex Police,Essex Police,1.273035,51.936411,On or near Supermarket,E01022000,Tendring 002A,Suspect charged
43020c58545e9389606752e116e614746689efa5a4e7e549801305809b44f511,2018-12,Essex Police,Essex Police,0.901837,51.860895,On or near AGNES SILVERSIDE CLOSE,E01021639,Colchester 018C,Action to be taken by another organisation
8960b484864bacdf190eb0b4bab6be7e5885b94791d42eab8908f3bfd3133200,2018-12,Essex Police,Essex Police,0.281698,51.489840,On or near Parking Area,E01016011,Thurrock 015B,Local resolution
e32bf47edaf2cbf7c2b5fcfb2fd9edc31eaf501120de9021b7ecb827b6189da1,2018-12,Essex Police,Essex Police,0.901837,51.860895,On or near AGNES SILVERSIDE CLOSE,E01021639,Colchester 018C,Action to be taken by another organisation
1293db45a4c02690c523857d14bb4b6173e1fe89bce573814d67bc7595b37ad6,2018-12,Essex Police,Essex Police,0.270445,51.486039,On or near Parking Area,E01016012,Thurrock 015C,Investigation complete; no suspect identified
79de8a65db7512f271b14643bc637a7bf94f8b69de5d32749904227f04b10f7f,2018-12,Essex Police,Essex Police,0.432653,51.606325,On or near BURSTEAD GRANGE,E01021257,Basildon 009B,Unable to prosecute suspect
105020052d18074a6369fa5a3ad13c25ef47489c743a453a688803f5eb107162,2018-12,Essex Police,Essex Police,1.244040,51.831595,On or near OLD ROAD,E01021987,Tendring 008A,Unable to prosecute suspect
926040d77e81f16bb88fa0c7fddc3e8279a389cd7df74a8ca8acdcd85c26ecda,2018-12,Essex Police,Essex Police,0.429041,51.575724,On or near TEMPLE CLOSE,E01021289,Basildon 016C,Unable to prosecute suspect
7b93543295ef60f261eca0fa5f86565bd8819d28132aa79149bded7dc16a6e58,2018-12,Essex Police,Essex Police,1.247783,51.930698,On or near ROWLAND'S YARD,E01033051,Tendring 002F,Unable to prosecute suspect
9913c7b50745d0185b4d5cfc7aa88bbaf210688a17157a59cad38b76f02f2c3f,2018-12,Essex Police,Essex Police,1.247783,51.930698,On or near ROWLAND'S YARD,E01033051,Tendring 002F,Unable to prosecute suspect
279b7d23f8bbca62117079698d69baffd86255183cf68be43b39365c32c8b326,2018-12,Essex Police,Essex Police,0.295027,51.633747,On or near HIGHGROVE,E01021461,Brentwood 004D,Unable to prosecute suspect
73e439bfd03aa17a90164fca45130879021f639357a11c60f462cce69649f29f,2018-12,Essex Police,Essex Police,0.269009,51.750512,On or near NORWOOD END,E01021796,Epping Forest 003B,Unable to prosecute suspect
d0bb588c37c9ce655bbc548ce72a0cd850532052c27f6795fbf1c1468cdaf99a,2018-12,Essex Police,Essex Police,0.563387,51.543439,On or near Parking Area,E01021480,Castle Point 007A,Unable to prosecute suspect
0c1a8347c7624b0614601efa29941a8d028a8e30db23cd5e51c1fafcb7df6b16,2018-12,Essex Police,Essex Police,0.295027,51.633747,On or near HIGHGROVE,E01021461,Brentwood 004D,Unable to prosecute suspect
ad04b78cc8f80d2ab0ad1ad17038e384ae0d71f6012ed814a05fcd0e8dd2aa99,2018-12,Essex Police,Essex Police,1.135951,51.781526,On or near PEVENSEY DRIVE,E01022036,Tendring 017C,Unable to prosecute suspect
5e9b1e047f3be39e863a032acd2781c3361cbc32e0e8e696fb1d29271071763d,2018-12,Essex Police,Essex Police,0.705899,51.543115,On or near BOSTON AVENUE,E01015896,Southend-on-Sea 010B,Unable to prosecute suspect
5e4eb1bed56fd39eb8e491881b4b47101ca0d710f397a453a0ce0d4c736521c8,2018-12,Essex Police,Essex Police,0.689197,51.929685,On or near DUDLEY ROAD,E01021410,Braintree 006E,Unable to prosecute suspect
4b3956a28ea371dbb487aaed25c82154da11707bc042837cfb1e8d8c83324ff5,2018-12,Essex Police,Essex Police,0.601981,51.523181,On or near GAINS CLOSE,E01021496,Castle Point 009D,Unable to prosecute suspect
3199653baad89bdba261ec7880e3dda3a0de6aafbd8749c54e39513b2832b6a1,2018-12,Essex Police,Essex Police,0.642010,52.084813,On or near PENTLOW LANE,E01021406,Braintree 002B,Action to be taken by another organisation
d93e2f8ea6192edc87472ef78cd51594a7e78abf29ab023cecb888486d3a6b62,2018-12,Essex Police,Essex Police,0.551464,51.557711,On or near OAKFIELD ROAD,E01021523,Castle Point 007D,Unable to prosecute suspect
0e9269c48f796d3d1c3101ffe6b55149529a189963f29db9afed2d47d51b5e13,2018-12,Essex Police,Essex Police,0.504484,51.591747,On or near LORDS COURT,E01021307,Basildon 011C,Investigation complete; no suspect identified
3d82c4ce9cd33d276ffa1e1b2fc6b10e97a0731abf2a69cbca3ad32476470731,2018-12,Essex Police,Essex Police,0.110807,51.769026,On or near Sports/Recreation Area,E01021852,Harlow 003D,Unable to prosecute suspect
2a6fc7ff5489b525355d23eeca47c97a98590d7d152c281d4a10871faecfa06c,2018-12,Essex Police,Essex Police,0.429041,51.575724,On or near TEMPLE CLOSE,E01021289,Basildon 016C,Unable to prosecute suspect
530df68791899b54f466ff6a5a7a8ab61af69d527eca3a7f1119ca2479e3d376,2018-12,Essex Police,Essex Police,0.504484,51.591747,On or near LORDS COURT,E01021307,Basildon 011C,Investigation complete; no suspect identified
fcf034d85ae9aa7778168d01a76438a2ce8efb2a3c87485557d1723ff02ae2dd,2018-12,Essex Police,Essex Police,0.615932,51.640685,On or near MELVILLE HEATH,E01021608,Chelmsford 020D,Unable to prosecute suspect
c245406c1e391464a2044fdf7d805470359a568ec6fece468257279cc577551c,2018-12,Essex Police,Essex Police,0.315909,51.628364,On or near SHENFIELD PLACE,E01021466,Brentwood 005E,Investigation complete; no suspect identified
b87f419c80daff241b54a2e87553af628e140cb84dd2bbd2a856155bbf05a8f2,2018-12,Essex Police,Essex Police,0.608739,51.516565,On or near GAFZELLE DRIVE,E01021490,Castle Point 012B,Unable to prosecute suspect
e698e2d1192b6f41c7f63d0909a7edcd918fc2147921af362c51d4b328f60864,2018-12,Essex Police,Essex Police,0.429041,51.575724,On or near TEMPLE CLOSE,E01021289,Basildon 016C,Unable to prosecute suspect
c18e561c36be5dc8c4e95cfdecea630d2dcac764ccda9a0ba064b4c4adf27e0a,2018-12,Essex Police,Essex Police,1.244040,51.831595,On or near OLD ROAD,E01021987,Tendring 008A,Unable to prosecute suspect
2e2706d9d568bf2373344c0b8dd5047554dc054064b081cd7f1b86199125ec47,2018-12,Essex Police,Essex Police,0.062261,51.675665,On or near Nightclub,E01021806,Epping Forest 009A,Investigation complete; no suspect identified
1d8c33a26ceed409ccd4789e4bd7ed132248404e83d5349a8d9d463d9559d7b2,2018-12,Essex Police,Essex Police,0.783902,51.565096,On or near CARPENTERS,E01021917,Rochford 010A,Local resolution
43c405764ba30a9d6e9a9f684045ca17d902effe20281ef890327a17ded36ec1,2018-12,Essex Police,Essex Police,0.110807,51.769026,On or near Sports/Recreation Area,E01021852,Harlow 003D,Unable to prosecute suspect
63346d15af82a9bdfe4af25a7b76670e82f0c0e8bce28df1e7caa28865bec640,2018-12,Essex Police,Essex Police,0.354940,51.489921,On or near CARLTON ROAD,E01015965,Thurrock 010C,Investigation complete; no suspect identified
d1cb19ba29b306655b064d3c9aaee5d7221aca5787469ee7b955debcd92e65ee,2018-12,Essex Police,Essex Police,0.783902,51.565096,On or near CARPENTERS,E01021917,Rochford 010A,Local resolution
335bd1cc130e338ccd518ee94d342a4e0945c1adf43311603d0eaf5f0a001233,2018-12,Essex Police,Essex Police,0.429041,51.575724,On or near TEMPLE CLOSE,E01021289,Basildon 016C,Unable to prosecute suspect
4c2b67120025452072b83807cd5cdf01e6e92f8e4f951c44ee343331bd85790c,2018-12,Essex Police,Essex Police,0.783902,51.565096,On or near CARPENTERS,E01021917,Rochford 010A,Local resolution
6a3c3780c6540da450c73f82cf428d05cbce8615d31e1146ba27bdde61fad40d,2018-12,Essex Police,Essex Police,0.584517,51.691888,On or near HILL VIEW,E01021533,Chelmsford 016A,Investigation complete; no suspect identified
e8223b1b05944aa179331bd8093614c9c4ead64bd5c3dbe3b9c5eec19f1cc28d,2018-12,Essex Police,Essex Police,0.084390,51.647298,On or near BURTON ROAD,E01021776,Epping Forest 011C,Unable to prosecute suspect
79f052d8e7903ea4242f2ed02052d13a60254f5da30616c51fa773a102e4d72c,2018-12,Essex Police,Essex Police,0.505195,51.737790,On or near JENNER MEAD,E01021544,Chelmsford 008A,Investigation complete; no suspect identified
94a2aeb8f71e6c9cacb39766e2f82792aaa38f3c024a324e97de0b6a5dce098f,2018-12,Essex Police,Essex Police,0.783902,51.565096,On or near CARPENTERS,E01021917,Rochford 010A,Local resolution
5898ed3dab51597e693d9c212180ad4697a7ded76af8fbcb0f580013af3a0875,2018-12,Essex Police,Essex Police,0.458240,51.569324,On or near Supermarket,E01021318,Basildon 015C,Unable to prosecute suspect
9728caad212310014a327699e0cd738e30b000f3fe9a7b60088c65c977550a0f,2018-12,Essex Police,Essex Police,0.001181,51.688160,On or near CROOKED MILE,E01021812,Epping Forest 009B,Unable to prosecute suspect
4952d9821b4911dc61e13d8723debc600870e751655337d140ff31d69228f7ee,2018-12,Essex Police,Essex Police,0.783902,51.565096,On or near CARPENTERS,E01021917,Rochford 010A,Local resolution
7232957b7d1c7dcc1323205fa06e8b472da7500c825010bee6c6c01b73f9c485,2018-12,Essex Police,Essex Police,0.306461,51.476433,On or near WOULDHAM ROAD,E01015951,Thurrock 017A,Unable to prosecute suspect
367fc1808afc276d985aa749d9f37a683df56c6d13827e43ee090768d50edf8c,2018-12,Essex Police,Essex Police,0.477608,51.733690,On or near Supermarket,E01033141,Chelmsford 010G,Investigation complete; no suspect identified
f807ad3bbd99f612316fe01d0418d68617add755c757f525b5c098acb47e8bc7,2018-12,Essex Police,Essex Police,0.905184,51.896589,On or near Theatre/Concert Hall,E01021647,Colchester 007B,Investigation complete; no suspect identified
b5fcb84a4b795ac39b690ceec3890cb7066f9001af6809911e5b5be502a020dd,2018-12,Essex Police,Essex Police,0.636821,51.937004,On or near TIDINGS HILL,E01021393,Braintree 004E,Investigation complete; no suspect identified
44fdf5a0dcba80bb4947498b32b4d80293840e6bf74ce068e36f81d755248230,2018-12,Essex Police,Essex Police,0.630094,51.801007,On or near Supermarket,E01021428,Braintree 015F,Unable to prosecute suspect
04a0973a4f5b16c65edf9fbba35c19ff248dfbc5218243ec3b07933230bffc1e,2018-12,Essex Police,Essex Police,0.429041,51.575724,On or near TEMPLE CLOSE,E01021289,Basildon 016C,Unable to prosecute suspect
f460988b4f8971b806a1eea3e3b08a256dbbd883f3c2dd1a18a85c65f5f997ed,2018-12,Essex Police,Essex Police,0.506400,51.517952,On or near Park/Open Space,E01015946,Thurrock 001C,Investigation complete; no suspect identified
061ecb5fdb9dafb135e88b2726b62e2c559bbedd218644d55133b3a5ec2432d7,2018-12,Essex Police,Essex Police,0.739402,51.547626,On or near PHILPOTT AVENUE,E01015887,Southend-on-Sea 009E,Investigation complete; no suspect identified
3de965cdec74cb8bd0dada30320e04c685a712ceae8faf3ec11f64f217be116d,2018-12,Essex Police,Essex Police,0.891856,51.912242,On or near LINK CLOSE,E01021680,Colchester 004B,Investigation complete; no suspect identified
9d5684b7dbf1ebb952ca314993d4b1f8b7b26502c251954a2f2f59899a262a0a,2018-12,Essex Police,Essex Police,0.429041,51.575724,On or near TEMPLE CLOSE,E01021289,Basildon 016C,Unable to prosecute suspect
c3721a88322b5fa2c566bcaa50efc76d35c73a0c1d02f455267be95a8d87cc15,2018-12,Essex Police,Essex Police,0.899183,51.910173,On or near Hospital,E01021682,Colchester 004D,Investigation complete; no suspect identified
d8b1b76bef726db0a7680c81ede4e5ee0c0f86de9cc534482441b9bcc320258f,2018-12,Essex Police,Essex Police,0.494965,51.581409,On or near HOLBECH ROAD,E01021269,Basildon 012C,Offender given a drugs possession warning
8934510eff2d446460d5b50c2a5c49d94fbaf43d2484bae227f91a429bd7f9c4,2018-12,Essex Police,Essex Police,0.894982,51.909071,On or near DICKENSON ROAD,E01021680,Colchester 004B,Unable to prosecute suspect
b44ed14b661216855ffdcff28725ba547f4bf36b76695a161e09ee04609f291a,2018-12,Essex Police,Essex Police,0.457517,51.737097,On or near NELSON GROVE,E01021575,Chelmsford 009B,Unable to prosecute suspect
b36c0ad8d5a4c673a34b0b1beb5fd86a36dbf1fcf576bfa15229dfd5c2aae49a,2018-12,Essex Police,Essex Police,,,No location,,,Investigation complete; no suspect identified
738dca2757b580b62b240d256774bb26a36d23142a6cce866d558c8889b71497,2018-12,Essex Police,Essex Police,0.429041,51.575724,On or near TEMPLE CLOSE,E01021289,Basildon 016C,Unable to prosecute suspect
c88c6adefc3e362f38fbdbde127aef4ca7626c3445918ba474ab833687fef882,2018-12,Essex Police,Essex Police,0.701152,51.556239,On or near A127,E01015861,Southend-on-Sea 004E,Unable to prosecute suspect
595d2ab82dc761d11a027973bb2a62f60b41399bb3ba65545509ec2b2a106349,2018-12,Essex Police,Essex Police,0.309716,51.614834,On or near Sports/Recreation Area,E01021436,Brentwood 007B,Local resolution
5aab81e15827706479951c9c891cc4fdd5ca66f75d078523889c203b999282fe,2018-12,Essex Police,Essex Police,1.151333,51.789380,On or near Supermarket,E01022025,Tendring 016B,Investigation complete; no suspect identified
3e05c897ab31182092f29b48ce98cfde39dd2ff99371544eaea76fd062521fbc,2018-12,Essex Police,Essex Police,0.429041,51.575724,On or near TEMPLE CLOSE,E01021289,Basildon 016C,Unable to prosecute suspect
06fcfa6a5a9f43dea6c8398cb288dbe018e8d19565ed95138ca449edc83d8d8d,2018-12,Essex Police,Essex Police,0.318830,51.479813,On or near HOGG LANE,E01015956,Thurrock 016B,Unable to prosecute suspect
0ec985eaa3e7e337c5a46420f59182033f9c989e49e3ca592433f5472cb28d17,2018-12,Essex Police,Essex Police,1.232197,51.850881,On or near VICTORIA AVENUE,E01022009,Tendring 008E,Unable to prosecute suspect
d1b357fb87b9a7b502270af71fba88636247f20ac4840a11f7cad97710f7516e,2018-12,Essex Police,Essex Police,0.476706,51.589656,On or near Sports/Recreation Area,E01021267,Basildon 012B,Investigation complete; no suspect identified
fd7ea52809d9affacfe5728c24115c2fd6a880556e04c43db244290cf84c8147,2018-12,Essex Police,Essex Police,0.670721,51.568735,On or near BORMAN CLOSE,E01015863,Southend-on-Sea 002A,Unable to prosecute suspect
a0bb08d6bad588f41319bbd0d63b58ebe3fdb13a92715f5f036c74de63bd916e,2018-12,Essex Police,Essex Police,0.912283,51.949898,On or near EAST SIDE,E01021659,Colchester 001C,Investigation complete; no suspect identified
ba1d6d5500d3029e3193b4803474b2d2b47f9f634fa56a3d948945b061b02378,2018-12,Essex Police,Essex Police,0.485242,51.563000,On or near MIDDLE CROCKERFORD,E01021323,Basildon 019B,Unable to prosecute suspect
191f064d12d5fb6191573498d0d08bdd0356e5bd30fbba36bd59269a2a7fad56,2018-12,Essex Police,Essex Police,1.244040,51.831595,On or near OLD ROAD,E01021987,Tendring 008A,Unable to prosecute suspect
4538f11f68e275b69505766491c91e7eadbfcf0ca7b564f5dd77475cb4363586,2018-12,Essex Police,Essex Police,0.636176,51.797112,On or near Parking Area,E01021415,Braintree 017A,Unable to prosecute suspect
d7f8c5109a7a7503aad7ed51714ddd6d52974c90c1aca70c83b9e2a51ae8bfe8,2018-12,Essex Police,Essex Police,0.604153,51.771485,On or near Parking Area,E01021395,Braintree 018C,Unable to prosecute suspect
fc7237ab9c3830aef41b16c6063c7ba95128916d8d534651a6d104db1339e1f6,2018-12,Essex Police,Essex Police,,,No location,,,Unable to prosecute suspect
f7553ac2e933a26f9bf21d70c0d41340f76e97abb2382bfed3778648f7090acf,2018-12,Essex Police,Essex Police,0.336751,51.484394,On or near COLLEGE ROAD,E01015968,Thurrock 014C,Unable to prosecute suspect
848cc6c80ec38b52513fffc2dbc308674787dd3932eee571ee04c68eba43ca14,2018-12,Essex Police,Essex Police,0.513746,51.572537,On or near MANOR AVENUE,E01021314,Basildon 018B,Suspect charged
1aec848fdfe0d205d9745e5a0b8d7cdb4bac308b97ab89c0ae7498dec028e4c4,2018-12,Essex Police,Essex Police,0.290170,51.930835,On or near Park/Open Space,E01022062,Uttlesford 005A,Unable to prosecute suspect
cd374fc1fc6b3a3b85b763b5d02655a6998b5343b888eff74b75196717eec5f3,2018-12,Essex Police,Essex Police,0.604153,51.771485,On or near Parking Area,E01021395,Braintree 018C,Unable to prosecute suspect
b389f4266913d78d85d5ec549d30d9458e26341a9cba38b5e61933b7cb44d2a9,2018-12,Essex Police,Essex Police,0.556284,51.576501,On or near WOODSIDE AVENUE,E01021515,Castle Point 001C,Investigation complete; no suspect identified
87caef5213f41e3f002da74bf9c47dc663013355076c460762a6bc086de8a5e6,2018-12,Essex Police,Essex Police,0.501870,51.568096,On or near STEEPLEHALL,E01021317,Basildon 018E,Unable to prosecute suspect
81cd6c16228f3b72c5db8e8639cf160785829ce07597fbdfb22d58c69922d669,2018-12,Essex Police,Essex Police,1.253913,51.935782,On or near BRIARDALE AVENUE,E01022007,Tendring 002D,Unable to prosecute suspect
5b56baae0bde0c6c3544f392221e1d07ad2e8aa02b1fe430964281b75afe3cee,2018-12,Essex Police,Essex Police,0.737732,51.542170,On or near GLENMORE STREET,E01015884,Southend-on-Sea 009B,Unable to prosecute suspect
44c226b239e3510c43c992ae32bc8a570223a22ac8b2d4aad9ee530b3af219fb,2018-12,Essex Police,Essex Police,0.416509,51.623512,On or near Supermarket,E01021244,Basildon 004A,Investigation complete; no suspect identified
1efd14232e610d3958fd25a28c361941119af5043ee41901889528269caba322,2018-12,Essex Police,Essex Police,0.416509,51.623512,On or near Supermarket,E01021244,Basildon 004A,Investigation complete; no suspect identified
129b1ab683139bd4973b45e4eb0df79eae15487fc66a6aed9178b4016716d4b5,2018-12,Essex Police,Essex Police,1.257809,51.933128,On or near Supermarket,E01022006,Tendring 002C,Suspect charged
927556e1f27355aabdfd23ea2410b6412f7069540d9060ce8a0eecf52a0b399c,2018-12,Essex Police,Essex Police,0.560540,51.576462,On or near WOODSIDE VIEW,E01021515,Castle Point 001C,Investigation complete; no suspect identified
46768f4e6bfb77f2012e02a8c6dc73e05db14b5278de8ae7ca13398c0a823bf0,2018-12,Essex Police,Essex Police,0.908447,51.890392,On or near LAND LANE,E01021648,Colchester 007C,Unable to prosecute suspect
8164a3ac41460420b61b08cf3b6bc753fa254f1c595dbac6ee5f652483d6ec69,2018-12,Essex Police,Essex Police,0.798355,51.553708,On or near BROUGHAM CLOSE,E01021922,Rochford 010C,Unable to prosecute suspect
b53f459fcf9149b49aab8c21d51ac48b95995380e3cfff974265a912ccd1ad7a,2018-12,Essex Police,Essex Police,0.416509,51.623512,On or near Supermarket,E01021244,Basildon 004A,Investigation complete; no suspect identified
ff00dc19a7f9b5d142fd6b3ec986d2a70f091daa27a5f4c06c5893dec163ad91,2018-12,Essex Police,Essex Police,0.798355,51.553708,On or near BROUGHAM CLOSE,E01021922,Rochford 010C,Unable to prosecute suspect
a5f49582f733ec82973f0913443b6df2961c1c533e1b8e85fad3cc61779a248f,2018-12,Essex Police,Essex Police,0.798355,51.553708,On or near BROUGHAM CLOSE,E01021922,Rochford 010C,Local resolution
4a192e81008dabab821e156185ed02f320c4fb6b637242319de6c86d595f37b5,2018-12,Essex Police,Essex Police,0.798355,51.553708,On or near BROUGHAM CLOSE,E01021922,Rochford 010C,Local resolution
7191d15cc93cee59922a4a43e1ad1ddeb3e4cc248452a37883e78ad9ec579071,2018-12,Essex Police,Essex Police,0.798355,51.553708,On or near BROUGHAM CLOSE,E01021922,Rochford 010C,Local resolution
433086baf495467694a9b135b8ad3938dce6c0ff8730b5db050fd9bad4ffe119,2018-12,Essex Police,Essex Police,0.908447,51.890392,On or near LAND LANE,E01021648,Colchester 007C,Unable to prosecute suspect
910853239c4edbb3b9026d4a10d3d7e4d7bb4b4f296df06c54b6bf0b01e58d79,2018-12,Essex Police,Essex Police,0.104799,51.699352,On or near UPPER SWAINES,E01021763,Epping Forest 005D,Investigation complete; no suspect identified
9080576876054cabfd91575dd610a95f0e2c758c4133b5e95b937bb677d0bcf0,2018-12,Essex Police,Essex Police,0.020157,51.668861,On or near AVEY LANE,E01021806,Epping Forest 009A,Action to be taken by another organisation
4093df29868371599b8dbec5d27b1db5140f658f862dfb86e45d8055e37f5986,2018-12,Essex Police,Essex Police,0.303116,51.608004,On or near BLACKTHORN WAY,E01021475,Brentwood 007E,Unable to prosecute suspect
f24b4205cd5c2b4d1d5f6a5e08ee953e30906a10d77b697248df4d4245970efd,2018-12,Essex Police,Essex Police,0.357952,51.584234,On or near BRENTWOOD ROAD,E01021446,Brentwood 009B,Investigation complete; no suspect identified
2d3b9d34f8809844a03e2a86577ce7eac35aa76b8675d93c3fdebbb3097c5fd2,2018-12,Essex Police,Essex Police,0.280895,51.506079,On or near FAYMORE GARDENS,E01015929,Thurrock 007C,Offender given a drugs possession warning
7aefb6519129d388f7dc5ccf0bbf22723610fb3b3e8061094df0a689952745fa,2018-12,Essex Police,Essex Police,0.073257,51.651353,On or near HAMPTON MEAD,E01021790,Epping Forest 012E,Unable to prosecute suspect
54827cad4043becec9e5e774046e0fd0bc76429cb86fedff0ad0f1e28f617358,2018-12,Essex Police,Essex Police,0.021086,51.687441,On or near HILLHOUSE,E01021816,Epping Forest 007E,Unable to prosecute suspect
24d9559c148ee7702b382401d69cf6c0f04bcbee992265a824c18a52b3d3c972,2018-12,Essex Police,Essex Police,0.558641,51.553966,On or near HIGH ROAD,E01021522,Castle Point 007C,Investigation complete; no suspect identified
6ebcf655a54f1d001bdc9342f909fcbb8c86f7de1a73afaa7e8e4e142f7ee597,2018-12,Essex Police,Essex Police,0.371175,51.484647,On or near FELICIA WAY,E01015934,Thurrock 012B,Unable to prosecute suspect
5ad1faa61782ac3dbbe8084de3224200b66bf13927e6ccef70035c3a89fb69e7,2018-12,Essex Police,Essex Police,0.249251,51.483579,On or near BRIDGLAND ROAD,E01016013,Thurrock 015D,Investigation complete; no suspect identified
29527f78b53eb220ed375d080412037a723e57684c9772e547db5a4ef299bd16,2018-12,Essex Police,Essex Police,0.629203,51.810137,On or near BENTLEY ROAD,E01021426,Braintree 015E,Investigation complete; no suspect identified
b75d0e4cc8f5dae6f6c32daa93f67be0ef2ac6168235e813c056b83ba37c85e7,2018-12,Essex Police,Essex Police,1.101711,51.773234,On or near RILEY AVENUE,E01021988,Tendring 018A,Unable to prosecute suspect
e3100833a92a71e29aae76959ea51503f7bb5b016c797d8015a5a643a8691873,2018-12,Essex Police,Essex Police,0.248449,51.495087,On or near KENT VIEW,E01015922,Thurrock 008A,Investigation complete; no suspect identified
28699522ca42a305f6c38b0054d895ff85f85dc334e235ead7ed6b79350e6d53,2018-12,Essex Police,Essex Police,0.308996,51.861737,On or near HIGHCROSS LANE,E01022090,Uttlesford 006B,Unable to prosecute suspect
47ee01b832c2fe437f6d9b12cefe44eaf2ca4faf4bf34de7cfe119d3da6e81a0,2018-12,Essex Police,Essex Police,0.374355,51.483468,On or near ST AUGUSTINE ROAD,E01015933,Thurrock 012A,Unable to prosecute suspect
a792e62dae1af3fabfbd7f659bdbef41c309063da15a35ac80d31a1fad90e6b3,2018-12,Essex Police,Essex Police,0.735846,51.550866,On or near EASTCOTE GROVE,E01015886,Southend-on-Sea 009D,Local resolution
290cce37f103a17724750683ce113808a77875607dd7e4fac05f282df0618d16,2018-12,Essex Police,Essex Police,1.128813,51.801369,On or near KERSEY DRIVE,E01022030,Tendring 015C,Investigation complete; no suspect identified
712c8061e7682fb12ac519a48dcf2a58085de837957642e3f6997b30d964f5a5,2018-12,Essex Police,Essex Police,0.557561,51.883366,On or near HOLLYBROOK,E01021350,Braintree 009A,Investigation complete; no suspect identified
38eaaeb87aa651735551bbcc81781f0a5f78081f5d9a1f27255f5d190c9106a2,2018-12,Essex Police,Essex Police,0.407050,51.567346,On or near MAPLE TREE LANE,E01021280,Basildon 021A,Investigation complete; no suspect identified
bbc4d309db8785a12ad70671cd0b791adbf397f85823f972c7b69b154774b501,2018-12,Essex Police,Essex Police,0.583992,51.689795,On or near LYNDHURST DRIVE,E01021533,Chelmsford 016A,Investigation complete; no suspect identified
a8df5681bdc8a6470d02617a09455f4ccc0b93f3039e4950a4ebc08cb4276d1f,2018-12,Essex Police,Essex Police,0.484654,51.736715,On or near Prison,E01021627,Chelmsford 010E,Action to be taken by another organisation
f87cf85e7fe8e53a6e4aad67ea922fc051c1773fb025c02d0af38d6236eb7e38,2018-12,Essex Police,Essex Police,0.556419,51.870926,On or near STEPHENSON ROAD,E01021373,Braintree 011D,Investigation complete; no suspect identified
020a5bbcd967153f87a663af901e0ad1d11d973294c1ac7f3c05895793aa91fe,2018-12,Essex Police,Essex Police,0.371959,51.487824,On or near DELARGY CLOSE,E01015936,Thurrock 012D,Unable to prosecute suspect
1aecd39267bf83d2cac2678465a8ca11a3dbfb8105ce417cd318f1c6bec52842,2018-12,Essex Police,Essex Police,0.325177,51.473212,On or near ARGENT STREET,E01015954,Thurrock 017D,Unable to prosecute suspect
6ee8f2b4a18cfd2058ab5eb2aa1d4fbffad13f4db589137cc3c896c1cf5f9fc9,2018-12,Essex Police,Essex Police,0.249082,51.502386,On or near ROWAN GROVE,E01015925,Thurrock 008D,Investigation complete; no suspect identified
d1bbfaa21dd98a3bef6d921fc2643058ccd1965ddc2c434064b12144c2a92980,2018-12,Essex Police,Essex Police,0.640825,51.942265,On or near PARSONAGE STREET,E01021388,Braintree 004B,Unable to prosecute suspect
98aac423920fb7555bfe998912ae49a78aedf7945caa2ec1d138d11eb446f892,2018-12,Essex Police,Essex Police,0.605787,51.586267,On or near HIGH STREET,E01021962,Rochford 008C,Investigation complete; no suspect identified
fa0b8858cb7f10bfc85b9effa78232c61a035d151c665c5c3c8f498c0f67e62f,2018-12,Essex Police,Essex Police,0.739411,51.549937,On or near CANTERBURY AVENUE,E01015886,Southend-on-Sea 009D,Unable to prosecute suspect
edf1c55d3d711f37a17149aed66686eb61b69d7ce48ff26ca2c743e00abbe86c,2018-12,Essex Police,Essex Police,0.324934,51.477776,On or near CLARENCE ROAD,E01015956,Thurrock 016B,Unable to prosecute suspect
0a7a3646e55582fb91e31812d2a35c757dcc3f514e89acbdad9d33cbe6fc8ecc,2018-12,Essex Police,Essex Police,0.117502,51.768690,On or near QUARRY SPRING,E01021846,Harlow 002C,Unable to prosecute suspect
7a2ebec44e760a3f267e17f698b0cb6cf9a59a6451a04cb2e7927785ebe94176,2018-12,Essex Police,Essex Police,0.549708,51.874273,On or near CLAIRMONT CLOSE,E01021365,Braintree 009D,Investigation complete; no suspect identified
dde3eb37d98b5b3d8af8fa62061593937e67951c646a838b3eb8cf8bc2bbd692,2018-12,Essex Police,Essex Police,0.281531,51.509871,On or near DERRY AVENUE,E01015972,Thurrock 006C,Investigation complete; no suspect identified
432dcad261bfeba87f028b133e49466402fd264dfd38ba9b2b9ab4c051fbe52a,2018-12,Essex Police,Essex Police,0.724204,51.539283,On or near FAIRBURN CLOSE,E01015844,Southend-on-Sea 014F,Unable to prosecute suspect
10e12a25a58c49ff8810e9d761f02e1d434e6fa3c32d0e347065958d36df0ca6,2018-12,Essex Police,Essex Police,0.010414,51.752846,On or near ELDON ROAD,E01021801,Epping Forest 002E,Unable to prosecute suspect
b4ced450cdca35a486ac13f2e64519ee64c3e21922d4b62ba9fe0736351362b5,2018-12,Essex Police,Essex Police,0.919720,51.777925,On or near Petrol Station,E01021731,Colchester 021A,Unable to prosecute suspect
baadb08cf852c91a70ac34c45008583b311052e0960f71bdbdc588bf167e9b55,2018-12,Essex Police,Essex Police,0.477097,51.564737,On or near COLLINGWOOD WALK,E01021324,Basildon 019C,Suspect charged
0142c74ad0aa90a9c12e161ac8ee79dfd4685809bfbbd3f74ca43f521a8415c2,2018-12,Essex Police,Essex Police,0.560360,51.549630,On or near HOPE ROAD,E01021522,Castle Point 007C,Unable to prosecute suspect
1f2ceeaa7ffd4e8374841174c84c0c79e047d72f3539203c1ffa69c8ac84383d,2018-12,Essex Police,Essex Police,0.730497,51.552618,On or near EASTERN AVENUE,E01015875,Southend-on-Sea 006G,Investigation complete; no suspect identified
9e8acf6ddfb98fdbc5db6c0935236798f4d0a8d63bda2ec644c6270962a053c7,2018-12,Essex Police,Essex Police,0.099202,51.756006,On or near PARTRIDGE ROAD,E01021871,Harlow 007D,Investigation complete; no suspect identified
8dee62e0aa62faa38064d804143ccc6d044e1486c1468ee98ae29e4d9c3d365d,2018-12,Essex Police,Essex Police,0.592084,51.520253,On or near Parking Area,E01021498,Castle Point 011B,Unable to prosecute suspect
6b6d7cde22b6b453ac67a94f80c22d173fa18d5f37828e62ccf2817bbc9a3b5f,2018-12,Essex Police,Essex Police,0.919720,51.777925,On or near Petrol Station,E01021731,Colchester 021A,Unable to prosecute suspect
57276d81d36832e2d016a8ddb44bbbcab0f71cfefc176ab99b2376dc5921f92c,2018-12,Essex Police,Essex Police,0.560360,51.549630,On or near HOPE ROAD,E01021522,Castle Point 007C,Unable to prosecute suspect
935897a0edddd105baf9655a695c685a96c1c8507b79a46415f0d3dd5fd0a381,2018-12,Essex Police,Essex Police,0.929648,51.885162,On or near Supermarket,E01033722,Colchester 008H,Unable to prosecute suspect
58cba8c2e0ce00daffd9a17fe73be78fe2d85dd646df85581dd852a97c6d735e,2018-12,Essex Police,Essex Police,0.053954,51.633357,On or near LOUGHTON WAY,E01021785,Epping Forest 014D,Investigation complete; no suspect identified
0b52f29b013a071c67f33f1f1940c298effb9ed19fb5d092407ea42bead7bffe,2018-12,Essex Police,Essex Police,0.460775,51.569775,On or near Parking Area,E01021318,Basildon 015C,Suspect charged
53df766a64ffb5f24f2bc239fd075f25d83386a9eb40168c84553752a9dce79b,2018-12,Essex Police,Essex Police,-0.008518,51.686706,On or near GROVE COURT,E01021817,Epping Forest 008E,Unable to prosecute suspect
29315769afb7630dca6df2f02ee95e0525e98a7ba7a8c07d72f89270f3dd22b0,2018-12,Essex Police,Essex Police,0.919720,51.777925,On or near Petrol Station,E01021731,Colchester 021A,Unable to prosecute suspect
ee6608e1ecb0679f13f17aac92129731c22a506c1d5ab92ad8220ec2e298b9f7,2018-12,Essex Police,Essex Police,0.500929,51.754437,On or near VERMEER RIDE,E01021618,Chelmsford 007A,Investigation complete; no suspect identified
0a2da591e0e615c7650e131feb65783e2f093b73b3e221070d2eac8773e32717,2018-12,Essex Police,Essex Police,0.522216,51.856296,On or near RAGLEY CLOSE,E01021385,Braintree 013D,Unable to prosecute suspect
53f318884ebcb55f2a147533c6ade713d9c8414e9ce7732806ee8f593051d8c4,2018-12,Essex Police,Essex Police,0.562615,51.519947,On or near PALMERSTONE ROAD,E01021501,Castle Point 011D,Investigation complete; no suspect identified
86fd3f45b14a965aa6903ad13afb9550fc84bcbe2d2d22dc64f2a5cffc327250,2018-12,Essex Police,Essex Police,0.305909,51.509736,On or near BUCKLES LANE,E01015932,Thurrock 006A,Unable to prosecute suspect
a05aa63a557808446dbe8b7702a4189411ba8111beb1e213bb10f92fc01aa526,2018-12,Essex Police,Essex Police,0.368411,51.864980,On or near UPPER MILL FIELD,E01022068,Uttlesford 007C,Local resolution
db0c5dd072fc317da5ebcb64178bdffd3921b7d5b6ec42c3a5911eb59bb1451a,2018-12,Essex Police,Essex Police,0.020599,51.689185,On or near EDWARD COURT,E01021814,Epping Forest 007C,Investigation complete; no suspect identified
156ad808ea3c9f00011345b3a52710d3b2d1e1c85e91d971e4d9f8b00f63ae32,2018-12,Essex Police,Essex Police,0.894982,51.909071,On or near DICKENSON ROAD,E01021680,Colchester 004B,Unable to prosecute suspect
bf5dae114bea041f8fab3e9ec589a81fe69f56d458cbcb2e50ebc90969dc5875,2018-12,Essex Police,Essex Police,0.088135,51.613644,On or near MOUNT PLEASANT ROAD,E01021765,Epping Forest 017B,Unable to prosecute suspect
b863a33d99c4e598ae761c3e009675bf853de55ed8582fbb5019d3b2707ce7b1,2018-12,Essex Police,Essex Police,0.900435,51.889439,On or near Shopping Area,E01021649,Colchester 007D,Investigation complete; no suspect identified
6526c4a2076a28d70e6a90e300df4c14c266413468e766e881f17bcb1e85977c,2018-12,Essex Police,Essex Police,0.898501,51.890107,On or near ST RUNWALD STREET,E01021649,Colchester 007D,Suspect charged
7a0a6cc284a66d34b0a593a5be9660657ca14c029d1f2adf831bfdc80617d96a,2018-12,Essex Police,Essex Police,0.684357,51.730882,On or near VICTORIA ROAD,E01021890,Maldon 004B,Investigation complete; no suspect identified
0e1d6da82f87d2f6a00ff6d985c5d6c56fceee761c975e8ef8d02352fda76633,2018-12,Essex Police,Essex Police,0.544341,51.887295,On or near PEGASUS WAY,E01021359,Braintree 008D,Unable to prosecute suspect
f035fc7f27cf0bc78b8779f2874c81c11c4a7654330427de0edb60247d9813af,2018-12,Essex Police,Essex Police,0.754627,51.814846,On or near TEW CLOSE,E01021643,Colchester 019A,Unable to prosecute suspect
76fdc31e27e8d5c1a5777e38ab60312f90c3ba9f0d93e317286b3f9ac2b77c85,2018-12,Essex Police,Essex Police,0.510671,51.566487,On or near HOWARD CRESCENT,E01021316,Basildon 018D,Unable to prosecute suspect
4745d90e37fc0552b70848251dcf964150c4b0b269a9e3247d11fc5eeee638b0,2018-12,Essex Police,Essex Police,0.562119,51.872295,On or near LONGACRES,E01021373,Braintree 011D,Investigation complete; no suspect identified
8dbd4babea603dc12762a8bce9d2912f20cf630940ed062dcdc7c1671e6eded5,2018-12,Essex Police,Essex Police,0.571785,51.526626,On or near BENDERLOCH,E01021507,Castle Point 010E,Local resolution
9a363c964393cfc594617712a0648cfc3ac16b45ae3a9225a6df93aab0858dba,2018-12,Essex Police,Essex Police,0.477311,51.732761,On or near HIGH BRIDGE ROAD,E01033140,Chelmsford 010F,Unable to prosecute suspect
07b7a451ac1d1a69fca0837845bbde7c565c4d9b0dc0fa60d5153cab4eb68a9b,2018-12,Essex Police,Essex Police,0.948134,51.877838,On or near Park/Open Space,E01021736,Colchester 017A,Investigation complete; no suspect identified
fbbf8a9f6995583a9152588eb1bf176a273fe8db4baa3f8403e0d15d37032ede,2018-12,Essex Police,Essex Police,0.077895,51.658879,On or near GROSVENOR CLOSE,E01021777,Epping Forest 011D,Unable to prosecute suspect
4b4ef471420f295fee76ef464a7cde6448c7119e82113a60a7e3e26a30a9aba9,2018-12,Essex Police,Essex Police,0.821245,51.662838,On or near WONSTON ROAD,E01021904,Maldon 006B,Unable to prosecute suspect
6a1ea65f8b02a74771cd84afcb57b721f37d2d970377a03bfa522230785f893b,2018-12,Essex Police,Essex Police,1.247783,51.930698,On or near ROWLAND'S YARD,E01033051,Tendring 002F,Unable to prosecute suspect
d576b7e7afd65ff5fc1420483541e26f0639b7a26d21ac0a910970128ba0c2e9,2018-12,Essex Police,Essex Police,0.074369,51.650066,On or near ABBESS TERRACE,E01021790,Epping Forest 012E,Unable to prosecute suspect
e757002c92961fb64bdf27f882c7fa7d70794bf5cb0048e92335d3685b2fa87f,2018-12,Essex Police,Essex Police,0.894982,51.909071,On or near DICKENSON ROAD,E01021680,Colchester 004B,Unable to prosecute suspect
2f42374e13beb143bd7654ac50f743872a3f9184635ae80dc81b766f50cd37b5,2018-12,Essex Police,Essex Police,0.873864,51.875297,On or near GLISSON SQUARE,E01021713,Colchester 015C,Investigation complete; no suspect identified
d2b3914e0251b7e9e04f7e6d2e349e8b92b9858fdfd378f7b5e1a6eaceb3dbbd,2018-12,Essex Police,Essex Police,0.455025,51.557871,On or near FOBBING FARM CLOSE,E01021297,Basildon 020D,Unable to prosecute suspect
2a599b846d116442f706a8b34c87d67a61b88f2e3911884d9577adf03fbc1e9a,2018-12,Essex Police,Essex Police,0.741520,51.816690,On or near KINGSWAY,E01021727,Colchester 020E,Unable to prosecute suspect
1e12cf48fe6ebe96a42724142d64fc9ccfe414258fdcfc0a1f017cbe8205eab0,2018-12,Essex Police,Essex Police,0.458240,51.569324,On or near Supermarket,E01021318,Basildon 015C,Investigation complete; no suspect identified
c984bf49f053d2234ae0c661a31f85a43404c11c1a54c0c8a8586a2ac7c5824e,2018-12,Essex Police,Essex Police,0.248247,51.496845,On or near MYRTLE GROVE,E01015922,Thurrock 008A,Unable to prosecute suspect
0d6533789bbb38d086ea1b40e43aeda4eaf3cc55abca8a8fcc2ef68993e6341f,2018-12,Essex Police,Essex Police,1.150380,51.797348,On or near Petrol Station,E01021970,Tendring 016A,Unable to prosecute suspect
7561aae7b0ac59587f2958aa3488137e3ded3ca6770e2043a279304d527208bb,2018-12,Essex Police,Essex Police,0.241587,51.699078,On or near GREEN WALK,E01021754,Epping Forest 004B,Action to be taken by another organisation
ba22a0a0c548d4a53a954c6504523011e1d783d2f7de88f05c8858af8159fd96,2018-12,Essex Police,Essex Police,0.739689,51.550722,On or near LINCOLN CLOSE,E01015886,Southend-on-Sea 009D,Suspect charged
8eab6c75ffd90df95ae9ae44ae893d1cf7351c34bfa39944b34b822614bbdd49,2018-12,Essex Police,Essex Police,0.891763,51.887710,On or near CROUCH STREET,E01021649,Colchester 007D,Investigation complete; no suspect identified
8f0883431f6a677827bb32338d6177027283644de0a827aea25eaec0ee445980,2018-12,Essex Police,Essex Police,0.754627,51.814846,On or near TEW CLOSE,E01021643,Colchester 019A,Unable to prosecute suspect
8e135747e9c88ef48bd6df57e8cd5923ac4fcac98f5117bb23b5aa885638ed37,2018-12,Essex Police,Essex Police,0.903419,51.887036,On or near ST BOTOLPH'S STREET,E01021649,Colchester 007D,Unable to prosecute suspect
08f99d9f83769b257378e80435713e65f2f27cab30ae3f3d1e6ae6137c8d1aed,2018-12,Essex Police,Essex Police,0.688940,51.598663,On or near AVON CLOSE,E01021928,Rochford 002C,Investigation complete; no suspect identified
bf18d9dc9f8f1c5d8f218e675ae896bd4f1b79b15c0573b3d0b95655d9ba98f0,2018-12,Essex Police,Essex Police,0.487259,51.724286,On or near WHITEHOUSE CRESCENT,E01021563,Chelmsford 014B,Unable to prosecute suspect
bf18d9dc9f8f1c5d8f218e675ae896bd4f1b79b15c0573b3d0b95655d9ba98f0,2018-12,Essex Police,Essex Police,0.487259,51.724286,On or near WHITEHOUSE CRESCENT,E01021563,Chelmsford 014B,Unable to prosecute suspect
3bedd1d059f5c084db8a57cf7d6c831636a0ccd0bba53ea604dd68a10fd44f03,2018-12,Essex Police,Essex Police,0.067914,51.662589,On or near THE BEACONS,E01021788,Epping Forest 012C,Unable to prosecute suspect
a365a17522947fd9ae0869046d43dcf999c92c62b00f4ec72b31ba902e3ee406,2018-12,Essex Police,Essex Police,0.754627,51.814846,On or near TEW CLOSE,E01021643,Colchester 019A,Unable to prosecute suspect
f45e20afe5a96af1f7505f34b3942ff2df922aafe5ae2831a6d4c82564e34eb2,2018-12,Essex Police,Essex Police,0.061402,51.608308,On or near HILL TOP VIEW,E01021752,Epping Forest 016D,Unable to prosecute suspect
5aeed88102993114bad3c9b752dbed839c5c8376b3a572262f239de0fe7b3437,2018-12,Essex Police,Essex Police,0.903575,51.888768,On or near Theme/Adventure Park,E01021648,Colchester 007C,Unable to prosecute suspect
690318649d50479576a517b21cd87ebd94df1ccfbc6829265feb1fc5a80086d0,2018-12,Essex Police,Essex Police,0.366126,51.451942,On or near Ferry Terminal,E01016004,Thurrock 018B,Action to be taken by another organisation
5569e9a73d52c54255151f04f8af3043d4331541a02fa9d5174210e06f30f6e8,2018-12,Essex Police,Essex Police,0.744988,51.548646,On or near WICKMEAD CLOSE,E01015887,Southend-on-Sea 009E,Unable to prosecute suspect
186f64eac3e9abeecf7c4b19e65ebaaac9a8632ec93f87aad6281aff3293429f,2018-12,Essex Police,Essex Police,0.241587,51.699078,On or near GREEN WALK,E01021754,Epping Forest 004B,Action to be taken by another organisation
e813fb3ac67b6ad779cf9f893e13dd8f1bc2b0e012a2c8c2607827af03f9a0e9,2018-12,Essex Police,Essex Police,0.301164,51.620236,On or near BANK PLACE,E01021433,Brentwood 007A,Unable to prosecute suspect
4d647f97de864828c2443f39097f93712f7d004a9df5e4d2161d0be514c7eea9,2018-12,Essex Police,Essex Police,1.247783,51.930698,On or near ROWLAND'S YARD,E01033051,Tendring 002F,Unable to prosecute suspect
e9dfbfb5b19ef309b1f3a86d43ef289399437e9b2a526ece07623873b682c31e,2018-12,Essex Police,Essex Police,0.579207,51.880708,On or near FORE FIELD,E01021369,Braintree 012D,Unable to prosecute suspect
f222af831a9d31f6ab842e6f0a706697cc86a5002b403a9cdbf24fc334ea1cd2,2018-12,Essex Police,Essex Police,0.077895,51.658879,On or near GROSVENOR CLOSE,E01021777,Epping Forest 011D,Unable to prosecute suspect
3be183b1e7f8fd5036c16051f40a85231a9b30acc1059134a31aaa435c70b16b,2018-12,Essex Police,Essex Police,0.830150,51.888121,On or near ESSEX YEOMANRY WAY,E01021718,Colchester 012A,Offender given penalty notice
c8b057864aa89c69930cc1c03e18ed7d9541c2f9d694e4375c2303575c3b2265,2018-12,Essex Police,Essex Police,0.435633,51.518957,On or near ARMSTRONG CLOSE,E01015985,Thurrock 003B,Unable to prosecute suspect
86330067480a58765f049bd96f69226f332360acfbb6f95bd96562aa3de4aba4,2018-12,Essex Police,Essex Police,0.903575,51.888768,On or near Theme/Adventure Park,E01021648,Colchester 007C,Unable to prosecute suspect
d028eb1dd8956a96e1c667ae74399c98cab2247d284d523a32e90a2ee96a8eb1,2018-12,Essex Police,Essex Police,0.086195,51.776857,On or near THE HORNBEAMS,E01021839,Harlow 004A,Unable to prosecute suspect
4245b30a589fd5bb1e30679003ac8d1659a7d7278e10ea275ebc80cc9d0ada1a,2018-12,Essex Police,Essex Police,0.499299,51.670053,On or near MIDDLE MEAD CLOSE,E01033143,Chelmsford 018E,Investigation complete; no suspect identified
b6b4168a4ed4d98a85237bdf27ba1531c9905bc0cc7b2c97f1c3af82e22e8c2a,2018-12,Essex Police,Essex Police,0.657230,51.938910,On or near FIRST AVENUE,E01021389,Braintree 006A,Local resolution
7073a73f5dd65568474082c7ffb4b88ec517a6c21f769860cb3ba52a13814071,2018-12,Essex Police,Essex Police,0.525718,51.613010,On or near SOUTH BEECH AVENUE,E01021336,Basildon 005B,Local resolution
ed74a6284255991f15c7fa703e9ee9013fc35f82f6605fe479e64f711c9ea8df,2018-12,Essex Police,Essex Police,0.626229,51.801903,On or near COLNE CHASE,E01021429,Braintree 016D,Unable to prosecute suspect
c153f3c6a8cff892db8882b8a6264f94892e88702f142af1ca9699039980adc1,2018-12,Essex Police,Essex Police,0.375647,51.477857,On or near SANDY LANE,E01015950,Thurrock 013D,Unable to prosecute suspect
cef6f4b81831a24540bd936de09abac83b782a52c35c9a2aeeb6caba3b82ad11,2018-12,Essex Police,Essex Police,0.500676,51.756691,On or near SHIRE CLOSE,E01021619,Chelmsford 004C,Investigation complete; no suspect identified
0cf45076cd92323119bf389c385125edae9ea392eabcd3819b85c75303aa6c8b,2018-12,Essex Police,Essex Police,0.636519,51.805720,On or near EARLSMEAD,E01021417,Braintree 015B,Unable to prosecute suspect
3f0d22d43753a4ffbfa612cefd1e8967c4b8a2f05024e8518ae753e53d2aa786,2018-12,Essex Police,Essex Police,1.155426,51.805424,On or near Supermarket,E01022044,Tendring 013E,Investigation complete; no suspect identified
72cb9d32c72089c4c25bb5b8c4aa0a887de8bcec1d6b620acaa4b1eb93c2f28c,2018-12,Essex Police,Essex Police,0.133591,52.036802,On or near ICKLETON ROAD,E01022098,Uttlesford 003E,Investigation complete; no suspect identified
9fafa2c20e5a6a8921d84e2f62663b11ce2468bbcb40c1379da7b14895e369cf,2018-12,Essex Police,Essex Police,0.126405,52.036536,On or near HEYDON LANE,E01022098,Uttlesford 003E,Investigation complete; no suspect identified
c4ac567afb511bf2d91fe784ea76327d506e240ac590d5167e384998eb8904e1,2018-12,Essex Police,Essex Police,0.067914,51.662589,On or near THE BEACONS,E01021788,Epping Forest 012C,Unable to prosecute suspect
2e020a6ced919fbb7d87c8c44dc59fe84b65338bdce509e78a771c076f9d48fd,2018-12,Essex Police,Essex Police,1.117974,51.788939,On or near OAK AVENUE,E01021989,Tendring 018B,Investigation complete; no suspect identified
04eb1ba6f3e8aa083b82d02bec1d0622af555de13baa183e2741f50985a417c1,2018-12,Essex Police,Essex Police,1.249432,51.840152,On or near HERONSGATE,E01021996,Tendring 008D,Investigation complete; no suspect identified
8c351845526d178010b33a5f3302070a212e0103cb79517e4d5625df0d8e044d,2018-12,Essex Police,Essex Police,0.456349,51.565299,On or near TAKELY END,E01021297,Basildon 020D,Unable to prosecute suspect
f4296422468c754c8c54c812777ff6d3fefdf12db09b34962226dad40c101ffa,2018-12,Essex Police,Essex Police,1.249432,51.840152,On or near HERONSGATE,E01021996,Tendring 008D,Investigation complete; no suspect identified
ffeac3bffcd4e4a6c34a7ccb5264b0635e46dd5bf87f26d53c6d542f76a19942,2018-12,Essex Police,Essex Police,1.152226,51.789923,On or near ROSEMARY ROAD,E01022025,Tendring 016B,Suspect charged
eb2913cacf9287d0a34754a2fac78324b3f86c377012d5825e9ee1cf4c05aed3,2018-12,Essex Police,Essex Police,1.273035,51.936411,On or near Supermarket,E01022000,Tendring 002A,Suspect charged
e512824f6535e305af6c4ca0c01c4f3eff4a093152ac868f5c056dae7959f640,2018-12,Essex Police,Essex Police,0.456349,51.565299,On or near TAKELY END,E01021297,Basildon 020D,Unable to prosecute suspect
ad476620a7551cd895a1aa3e539b71c89c68c9891c5e422a13e31d91a538c25b,2018-12,Essex Police,Essex Police,0.296244,51.484619,On or near SAN LUIS DRIVE,E01015982,Thurrock 019A,Investigation complete; no suspect identified
c4b602cdd7d42308f78d2b571fbccc7278a027add52ce6ae6ff0ebfcf46c0e16,2018-12,Essex Police,Essex Police,0.615807,51.589039,On or near HELENA ROAD,E01021960,Rochford 005D,Local resolution
81edf7c70ef82fb70f1f896adf8b0717546bdd49a80a8bc8244204914a527f45,2018-12,Essex Police,Essex Police,0.636519,51.805720,On or near EARLSMEAD,E01021417,Braintree 015B,Unable to prosecute suspect
5b965dba82fd19a97dff2ba7101755b1a533d0b34cf9da1556a03751b05bf3ad,2018-12,Essex Police,Essex Police,0.474190,51.732359,On or near Shopping Area,E01033140,Chelmsford 010F,Local resolution
2d3dee744a68c608c000e4bd214df218525042913a5df2c87361799ba9fcef9a,2018-12,Essex Police,Essex Police,0.333125,51.474034,On or near ELM ROAD,E01015962,Thurrock 016E,Unable to prosecute suspect
5180563614d8a4818d82f8efa5b8b49bad4caf2625364ae061c9f1bb79436c37,2018-12,Essex Police,Essex Police,0.620104,51.645116,On or near TRINITY ROW,E01021613,Chelmsford 019C,Unable to prosecute suspect
9841ad574fe9ce066cf4b2271cfce231a095fb298e12f09b4dc9e5971e46a02c,2018-12,Essex Police,Essex Police,0.926017,51.869550,On or near COTTAGE DRIVE,E01021667,Colchester 016F,Unable to prosecute suspect
e559cac19f73af0600771a715145c3a9fac22336757973682630b9e1a2d349e6,2018-12,Essex Police,Essex Police,0.476706,51.589656,On or near Sports/Recreation Area,E01021267,Basildon 012B,Investigation complete; no suspect identified
d347b21aff17821ac6abe5423f1050f6cfab6006f42d73bb6491af994c4693e7,2018-12,Essex Police,Essex Police,0.255580,51.506173,On or near Sports/Recreation Area,E01015923,Thurrock 008B,Investigation complete; no suspect identified
6fc614b42a432b1cd884af388890a6c0d02bd455f3951b16be4dc789e527752f,2018-12,Essex Police,Essex Police,0.458240,51.569324,On or near Supermarket,E01021318,Basildon 015C,Investigation complete; no suspect identified
fa136ac6f9b974ee483bd51b054bf24d8c62b97a99708d0eb1f9bc602be1f40f,2018-12,Essex Police,Essex Police,0.604450,51.584849,On or near Police Station,E01021966,Rochford 008F,Unable to prosecute suspect
cda39c8aaffced222fd4c93f36f267852a0f5073315aad25b4207c71f809109b,2018-12,Essex Police,Essex Police,0.297529,51.477229,On or near LONDON ROAD,E01016011,Thurrock 015B,Investigation complete; no suspect identified
e7a25a6db025154cea4f0f1dbf075b4a650486dfd127071ce4e964dc993fd319,2018-12,Essex Police,Essex Police,1.022041,51.808948,On or near SILCOTT STREET,E01021982,Tendring 011D,Unable to prosecute suspect
cd44e4ac030187d630cf9937435987102f7011e39b85f21e507015ef07abcc96,2018-12,Essex Police,Essex Police,0.434056,51.519377,On or near SILVERTOWN AVENUE,E01015986,Thurrock 003C,Unable to prosecute suspect
6091a9f9451ded231ba0f82e59bcd5a21104fa012363fa80d27e44b3ba5a3700,2018-12,Essex Police,Essex Police,0.262613,51.888213,On or near Parking Area,E01022090,Uttlesford 006B,Formal action is not in the public interest
4fc01eb403f2f114d0606706d43be7827f753cab07f9fae105c5044f4a767fa5,2018-12,Essex Police,Essex Police,0.707721,51.582771,On or near OLD SHIP LANE,E01021955,Rochford 004D,Investigation complete; no suspect identified
627e0c6a747906f1b6ac6417ef1589f01a2d74fbe82383d9e44ccd64d9a087ae,2018-12,Essex Police,Essex Police,0.344479,51.475283,On or near CHURCHILL ROAD,E01016003,Thurrock 018A,Investigation complete; no suspect identified
9347b54858acadab48dbbcdef09675e9a241e130f799c0ad6adc696ff4701204,2018-12,Essex Police,Essex Police,0.476706,51.589656,On or near Sports/Recreation Area,E01021267,Basildon 012B,Unable to prosecute suspect
12f3ff8836554fa49395bc2c24ad5b522bd299fa719dfbf09edce7ac8df9f66f,2018-12,Essex Police,Essex Police,0.281698,51.489840,On or near Parking Area,E01016011,Thurrock 015B,Local resolution
36aeaebc03e0f3dda508d53b15e2ac633d911809537bcb1599a49533c0ee7be4,2018-12,Essex Police,Essex Police,0.281698,51.489840,On or near Parking Area,E01016011,Thurrock 015B,Local resolution
76df715e043919492bef55272cabfaf0c6122894e7892a99664130dd9be1bf2c,2018-12,Essex Police,Essex Police,0.929648,51.885162,On or near Supermarket,E01033722,Colchester 008H,Unable to prosecute suspect
5d5f85fc52afe40beea0e45c02acda6285f22443813bde3d8fb3d32e6ba20508,2018-12,Essex Police,Essex Police,0.912301,51.887734,On or near BROOKLANDS,E01021648,Colchester 007C,Unable to prosecute suspect
16fb62b7ec350a55c7b211aca1b7514f7d02ac022c830f54f297705aa2332050,2018-12,Essex Police,Essex Police,0.748413,51.818598,On or near SPINNEYFIELDS,E01021726,Colchester 020D,Action to be taken by another organisation
fd79576e57dcce073fe1451be6dde43e74f957966ab221929cecf90d0ae70a36,2018-12,Essex Police,Essex Police,0.588021,51.566803,On or near SIXTH AVENUE,E01021511,Castle Point 002C,Investigation complete; no suspect identified
64f16c8609e1d9bde7774315d62000ab17e61025d652cbf6f099e8ca87406137,2018-12,Essex Police,Essex Police,0.486634,51.747708,On or near PAIGNTON AVENUE,E01021624,Chelmsford 004F,Unable to prosecute suspect
58fc38628cf182720dc7b31edda115876ffa9e20ef46f626a2d1127afda3c0e8,2018-12,Essex Police,Essex Police,0.603998,51.589301,On or near HILLVIEW ROAD,E01021964,Rochford 008E,Local resolution
02412ced5adba37d44eb93bd084905399256a694a5ed2e25d8b3967623f5004c,2018-12,Essex Police,Essex Police,0.657678,51.607847,On or near THE ACORNS,E01021938,Rochford 003F,Investigation complete; no suspect identified
7b2bc22454f2a14c2b5d1b7eae8431794eccdb47afd9fa226d8a04f4e932d6c9,2018-12,Essex Police,Essex Police,0.402420,51.614439,On or near WIGGIN'S LANE,E01021254,Basildon 009A,Unable to prosecute suspect
89c513447c53d86084771152d0f8657130915dd06e4bf15bf7aa45fceed88220,2018-12,Essex Police,Essex Police,0.537542,51.887073,On or near FINCH DRIVE,E01021358,Braintree 008C,Investigation complete; no suspect identified
36261fcfc2eae46b1ed4dfb59d0d0fb5513b8726f8768d0d39048d1104d04dd0,2018-12,Essex Police,Essex Police,0.328706,51.478034,On or near PARK ROAD,E01015956,Thurrock 016B,Investigation complete; no suspect identified
6c8d29fde20e2ac558652dc6f9bf0f6baa9fa6e89aea331f12291649de2643bd,2018-12,Essex Police,Essex Police,0.098586,51.771475,On or near THE HIDES,E01021851,Harlow 003C,Unable to prosecute suspect
ab92e8ef91539343649ba4aa88154f349bed16195648bb3f8d33255e2142ab15,2018-12,Essex Police,Essex Police,0.193109,51.872201,On or near DUNMOW ROAD,E01022087,Uttlesford 005F,Investigation complete; no suspect identified
cb83574ec7e30fe6930a54a14158db171462f09b9890fe575d2d553db5fc9ee5,2018-12,Essex Police,Essex Police,0.481169,51.556035,On or near THE SLADES,E01021300,Basildon 022A,Unable to prosecute suspect
66f7da75a312c583de8b7a517a5ae8e2419bac5ecfffa18985960b6e04ebe756,2018-12,Essex Police,Essex Police,0.700486,51.535497,On or near MARINE AVENUE,E01015853,Southend-on-Sea 015C,Unable to prosecute suspect
a502122ab1793db1ee4f661d726f0fb5430ef035b1453ee89a92ca808cc6b962,2018-12,Essex Police,Essex Police,0.910367,51.885911,On or near GEORGE WILLIAMS WAY,E01021686,Colchester 011D,Unable to prosecute suspect
1f4c35901925d83ce0c5d68f2d68d9a6a87c8bd150554ae5eb8d73f180971b79,2018-12,Essex Police,Essex Police,0.568709,51.522953,On or near THE WEALD,E01021486,Castle Point 010B,Investigation complete; no suspect identified
32c49ed94c88cfea97fc05469e7f87d119fcc93223058019d47aabc6464a3282,2018-12,Essex Police,Essex Police,0.402420,51.614439,On or near WIGGIN'S LANE,E01021254,Basildon 009A,Unable to prosecute suspect
4982adc2548b12cf8a6be4a27902abc44d77d735bfa101fc265524f4854905da,2018-12,Essex Police,Essex Police,0.915793,51.914718,On or near HANBURY GARDENS,E01021668,Colchester 002A,Unable to prosecute suspect
e3d1e023fb305ba04b22da3c7fe27f332d1eff99eab4481075f36ed1d357b07d,2018-12,Essex Police,Essex Police,0.685567,51.548107,On or near TINTERN AVENUE,E01015904,Southend-on-Sea 007D,Unable to prosecute suspect
338f11c7c0d75b6d1ce2a8d6cbbd9568bba4518dfaa00d15eca00f847f51eca2,2018-12,Essex Police,Essex Police,1.149822,51.802040,On or near KNOX ROAD,E01022042,Tendring 014A,Unable to prosecute suspect
a447c0473069cf65486315815d58f6f41a1b2bf531ae47afea74e905e5037620,2018-12,Essex Police,Essex Police,0.927004,51.905077,On or near WILMINGTON ROAD,E01021710,Colchester 022C,Unable to prosecute suspect
1c682a73dfed5c643adb7a6d7c28e67d654ea1eacc3ac9eb9f5603be61a90ae8,2018-12,Essex Police,Essex Police,0.560540,51.576462,On or near WOODSIDE VIEW,E01021515,Castle Point 001C,Unable to prosecute suspect
6f4062b1b8daf1d0677c5adf4f97ebff0cf512194712812ea137199a1ede3fca,2018-12,Essex Police,Essex Police,0.245286,51.712703,On or near A414,E01021802,Epping Forest 004D,Suspect charged
0bca78aa8f29f15369298203e7857341daa12a56874250a068aa824e0d5d6e3c,2018-12,Essex Police,Essex Police,0.245286,51.712703,On or near A414,E01021802,Epping Forest 004D,Suspect charged
5807d4c4d0a352428b221c6c1666c456863f63ce004b998a61bc3a1d2770a765,2018-12,Essex Police,Essex Police,1.119375,51.776679,On or near ROSEMARY WAY,E01021990,Tendring 018C,Unable to prosecute suspect
1c5f096f86effe113a683ee46abcd5b21b508c665af7aaaaf0546a06969ff63b,2018-12,Essex Police,Essex Police,0.516633,51.570982,On or near WOODCOTE CRESCENT,E01021313,Basildon 018A,Unable to prosecute suspect
7e78ca9c85d48289ac0b1f08ab3e8c20d178771a916d55a28d90474371e6feeb,2018-12,Essex Police,Essex Police,0.009159,51.683393,On or near Parking Area,E01021808,Epping Forest 008B,Unable to prosecute suspect
0f13f542ab5b05cf104fecb635fae32d1d48ea004bcfd4007848bd5f414d2de2,2018-12,Essex Police,Essex Police,0.009159,51.683393,On or near Parking Area,E01021808,Epping Forest 008B,Unable to prosecute suspect
18d32b3b6da63389a24730c86159daaad3d0d87006e35f8d395b0d991defac5a,2018-12,Essex Police,Essex Police,0.009159,51.683393,On or near Parking Area,E01021808,Epping Forest 008B,Unable to prosecute suspect
bb26f58e564217dd0390da34d7fd6826c64697d2a001f93a13644c71d57ac29a,2018-12,Essex Police,Essex Police,0.009159,51.683393,On or near Parking Area,E01021808,Epping Forest 008B,Unable to prosecute suspect
57dc02c5666e2989e99bf3bf1f6771f1624c4f3a744d48231898e325c0aed30c,2018-12,Essex Police,Essex Police,0.786242,51.537996,On or near JACKDAW CLOSE,E01015882,Southend-on-Sea 013G,Unable to prosecute suspect
78fab02024ace2b3e77da8967cf62ea641436a14e2a51107f11007cc76dfef89,2018-12,Essex Police,Essex Police,1.215309,51.928254,On or near THE STREET,E01022028,Tendring 004F,Unable to prosecute suspect
285e17972fab042db9fec399ede31204717f0d191637c22100985dd21b3cded7,2018-12,Essex Police,Essex Police,0.786242,51.537996,On or near JACKDAW CLOSE,E01015882,Southend-on-Sea 013G,Unable to prosecute suspect
c912477bab819247c167c9182ee19e2df1a588288f49d526ec7f032bcea5ae05,2018-12,Essex Police,Essex Police,0.689585,51.544327,On or near SHOE LANE,E01015831,Southend-on-Sea 012E,Investigation complete; no suspect identified
1c456fe1c096df97643e1f6dcea53bff3fe35b5e3ac5c156aed96725fb5aab4f,2018-12,Essex Police,Essex Police,0.298807,51.615058,On or near THE MOUNT,E01021439,Brentwood 007C,Unable to prosecute suspect
e918bede9d9ac61f1b52acb184baa064382e01684ac698022f33e5ff256c4ec2,2018-12,Essex Police,Essex Police,0.602541,51.575439,On or near CLAYDONS LANE,E01021531,Castle Point 002E,Investigation complete; no suspect identified
5c0737a9b97ed7e4bbaa46081607959a0c012231611c00450f65fc894cb4dc41,2018-12,Essex Police,Essex Police,0.654817,51.540982,On or near LEIGH HILL,E01015848,Southend-on-Sea 011D,Unable to prosecute suspect
d5fbfffb64009952f34c6aa47b796a768942fea59ec07025ebdd18a60b0335f1,2018-12,Essex Police,Essex Police,1.142453,51.782027,On or near Parking Area,E01022036,Tendring 017C,Unable to prosecute suspect
d95b57aef468988ca8e85a74df3e2d5b0f5095f73724ea81837fc0b48de7f5d6,2018-12,Essex Police,Essex Police,0.605787,51.586267,On or near HIGH STREET,E01021962,Rochford 008C,Investigation complete; no suspect identified
9d20d42379cfca70cd8f93fe1dd09d487be8298d1f38fcde0a24ca6c46980aa0,2018-12,Essex Police,Essex Police,0.115390,51.784591,On or near Supermarket,E01021845,Harlow 002B,Unable to prosecute suspect
b65ebbcd6af3e854b6104be673738dcff856149437e8305ea51c672f3e53777d,2018-12,Essex Police,Essex Police,0.576722,51.516769,On or near THORNEY BAY ROAD,E01021502,Castle Point 011E,Investigation complete; no suspect identified
9cfbb6dde50284aed5b279ffafcc574709911b139e4844937db51516fd051890,2018-12,Essex Police,Essex Police,0.654817,51.540982,On or near LEIGH HILL,E01015848,Southend-on-Sea 011D,Unable to prosecute suspect
ddc93516f429dfce4bc8feee118e8d94502b8f80eaa5ff08f2a60b54f65e215a,2018-12,Essex Police,Essex Police,0.913086,51.873585,On or near WATERVILLE MEWS,E01021665,Colchester 016D,Unable to prosecute suspect
aa7ec5cb9e78e0c52ab07c2f9bf270f73711040f207de01887c1244b51d9a7c9,2018-12,Essex Police,Essex Police,0.251523,52.052259,On or near Sports/Recreation Area,E01022077,Uttlesford 001C,Unable to prosecute suspect
daa3a40ce70768ed53790f48ec912ab0a17203f94f6e290892adb0cced082efc,2018-12,Essex Police,Essex Police,1.159276,51.789733,On or near CHURCH CRESCENT,E01022027,Tendring 016D,Unable to prosecute suspect
a336d28249731c9b1b04f97e1377bd8ce32f8d76e9da95afb8a3f24f95fde685,2018-12,Essex Police,Essex Police,0.407869,51.573013,On or near HOOVER DRIVE,E01021276,Basildon 014C,Local resolution
d18220bfdb76425d1847566d2533e1c9f69382a74126d60fc1e085bfe488ae42,2018-12,Essex Police,Essex Police,0.104603,51.763706,On or near TRIPTON ROAD,E01021870,Harlow 006E,Investigation complete; no suspect identified
334c2bedc70d54f0ed573839bb4ddea4ed53bbd670c6d5fb603d013883707e62,2018-12,Essex Police,Essex Police,0.702786,51.836483,On or near ST MARY'S ROAD,E01021402,Braintree 014E,Unable to prosecute suspect
1ddbad4df63e5a8f7cb7c83e1550c9f67b7814f066751b213c5a62d476f1a18a,2018-12,Essex Police,Essex Police,0.655050,51.548451,On or near Supermarket,E01015814,Southend-on-Sea 003A,Unable to prosecute suspect
b2ffa4f3fbe5e01329207e785ca9ed7edd5b3e8b06befbd4d6a28d7f6857e819,2018-12,Essex Police,Essex Police,0.694245,51.547017,On or near GLENWOOD AVENUE,E01015906,Southend-on-Sea 007F,Investigation complete; no suspect identified
4f5df9a61e179aa528254822cf7f63b3a41be18ecd5b48b9fffe60c0424b8229,2018-12,Essex Police,Essex Police,0.716014,51.538349,On or near WHITEGATE ROAD,E01015852,Southend-on-Sea 015B,Unable to prosecute suspect
3b5b1a5f92e5ee8f62b8f2d16b743f75b56eceaca1390c830c15cec1d0307436,2018-12,Essex Police,Essex Police,0.603042,51.581939,On or near CHELMER AVENUE,E01021965,Rochford 009E,Investigation complete; no suspect identified
bbfff5f69051df62a31c3e3f10d2235b2a1a466afd330160c7a176865d78be3b,2018-12,Essex Police,Essex Police,0.565542,51.522266,On or near FIRST AVENUE,E01021486,Castle Point 010B,Unable to prosecute suspect
3abf0111c3ba3f42d4088edc172b573f4a7b43fc6a2470f7a619899488dc4b56,2018-12,Essex Police,Essex Police,0.821345,51.884465,On or near LONDON ROAD,E01021654,Colchester 010A,Unable to prosecute suspect
fdcd57380d5544dedcf49753ea0d5bed8581b4347386ff8ca9ff9e67737656e8,2018-12,Essex Police,Essex Police,0.285272,51.488728,On or near Parking Area,E01016011,Thurrock 015B,Investigation complete; no suspect identified
3dcd5ce86c498e47d05d06dc8b98f0ced267192aa49468751856c28822f637b4,2018-12,Essex Police,Essex Police,0.615301,51.553328,On or near THE AVENUE,E01021518,Castle Point 006B,Unable to prosecute suspect
e3b8d81a356b9d8f68fa0a1b4c7d2be124ba7c4c3712864c8bfdc75546c0c498,2018-12,Essex Police,Essex Police,0.244705,52.009333,On or near PLANTATION CLOSE,E01022080,Uttlesford 002E,Unable to prosecute suspect
38c6243bf1144a07ae4d4327d189e2fc84e984be7f5d2593aeedeb91f138c803,2018-12,Essex Police,Essex Police,0.066882,51.765338,On or near Bus/Coach Station,E01021840,Harlow 004B,Unable to prosecute suspect
ff1e19f8b6ccc8ee372544728a9c375c3f3b5fd6fd4d2c5eb2c38d36209684ec,2018-12,Essex Police,Essex Police,0.580510,51.880634,On or near BOTANY DRIVE,E01021369,Braintree 012D,Investigation complete; no suspect identified
005091330da6162c0d3052e8ea24b3e929fe4c7037acdfdffaac2aeca30864ec,2018-12,Essex Police,Essex Police,0.955147,51.948361,On or near PERRY LANE,E01021655,Colchester 001A,Investigation complete; no suspect identified
2b9e9e6be0b750a1e93a9ead99f1081623c5d0c952684b9def98529d21f9c91a,2018-12,Essex Police,Essex Police,0.046121,51.621147,On or near BIRCH CLOSE,E01021744,Epping Forest 015C,Unable to prosecute suspect
9352e65b05dbe83bf699f3f7030fc70de6f014fff92f7555904668363268df43,2018-12,Essex Police,Essex Police,0.487094,51.558860,On or near RYEDENE,E01021311,Basildon 022C,Unable to prosecute suspect
2ded3bac44544b74f57db33653d6669188fca8ab0290556fd833fd7746931618,2018-12,Essex Police,Essex Police,0.606364,51.588017,On or near Parking Area,E01021964,Rochford 008E,Investigation complete; no suspect identified
432cb995753791b33063259e8dc81f87c8f7a6a379c0ef40311334bcc7aba76b,2018-12,Essex Police,Essex Police,0.907789,51.889653,On or near ST. JAMES' RISE,E01021648,Colchester 007C,Unable to prosecute suspect
f7c59f312d16b8bb5e35734b4d1fa5d58fba07b3e27d7d21a657ef8840a30469,2018-12,Essex Police,Essex Police,0.115390,51.784591,On or near Supermarket,E01021845,Harlow 002B,Unable to prosecute suspect
e88e4c93172db0b31383682b3722033b2cb7873284d0d34d2dc46a9edd422e1b,2018-12,Essex Police,Essex Police,,,No location,,,Unable to prosecute suspect
edda00160ed7443e01a3989d875deb93e7bfdbeabfa4f28acc1d10b549674ee8,2018-12,Essex Police,Essex Police,0.912317,51.854493,On or near BOYLES COURT,E01021658,Colchester 016B,Unable to prosecute suspect
784cd4743d84c94fc5afb02d8904adc59051086916385ce9ea933ef9e72cb5b2,2018-12,Essex Police,Essex Police,0.625111,51.795894,On or near ALAN ROAD,E01021423,Braintree 016A,Unable to prosecute suspect
077d1ead57748b4848b9dd0284b321de4414c2c690f9b21d988f4a5c6e073eeb,2018-12,Essex Police,Essex Police,0.633911,51.811993,On or near SOUTHCOTE ROAD,E01021417,Braintree 015B,Unable to prosecute suspect
757f99222cd76d55099c0c6271653a706db3d9f1b05a8d6979cf4341de9f167a,2018-12,Essex Police,Essex Police,0.291589,51.636071,On or near BALMORAL ROAD,E01021461,Brentwood 004D,Unable to prosecute suspect
ed21a923b6c896242133eec0ebac169468fc2e3438ce489bbf30165f1157a763,2018-12,Essex Police,Essex Police,0.912317,51.854493,On or near BOYLES COURT,E01021658,Colchester 016B,Unable to prosecute suspect
50bf3382335d46351c45deae995794b6e8e90ff30da137a7f83942078bc3e52b,2018-12,Essex Police,Essex Police,0.252335,51.505525,On or near MONNOW ROAD,E01015923,Thurrock 008B,Unable to prosecute suspect
0f2481f41665dd4f39ffb7ad074f9f912184acb97ee9a4e33a44ebff3cfbb4af,2018-12,Essex Police,Essex Police,0.295639,51.522744,On or near CANTERBURY PARADE,E01015971,Thurrock 006B,Suspect charged
a7f6ccfe73eb7e86d161e031504d725681beb2ff75e896554819f2df275d6a5b,2018-12,Essex Police,Essex Police,0.593556,51.594308,On or near LONDON ROAD,E01021926,Rochford 006B,Investigation complete; no suspect identified
e0548860ca5afe26d9d1dc476fd6ddc5dfbf00a3690c1fc28dd103c0f6060f33,2018-12,Essex Police,Essex Police,0.633911,51.811993,On or near SOUTHCOTE ROAD,E01021417,Braintree 015B,Unable to prosecute suspect
e2bb2b82610f8bccfef2de63b9fd6622a680e152da7f287203b3d84d86abce10,2018-12,Essex Police,Essex Police,0.668685,51.539633,On or near CLIFF GARDENS,E01015848,Southend-on-Sea 011D,Unable to prosecute suspect
7535a80f9a4f68e504a16b03c2c45f9475cbeae429494b37e7c9516837c84a3e,2018-12,Essex Police,Essex Police,0.774491,51.534713,On or near DELAWARE ROAD,E01015916,Southend-on-Sea 017C,Unable to prosecute suspect
6d7a2b39f4508fac804add0cdb5db0b6fc6ac4a0b2b297e9a2024be7b5d93384,2018-12,Essex Police,Essex Police,0.462186,51.721478,On or near Petrol Station,E01021556,Chelmsford 012A,Investigation complete; no suspect identified
e88529bc6544531950f1819c508f52b895fab278b2f11c6e802953f899c9694a,2018-12,Essex Police,Essex Police,0.764486,51.684739,On or near HILLCREST,E01021899,Maldon 007D,Unable to prosecute suspect
0396351309735d0076cb6d047754f8996d7ce1d0072e16d79b3f4b5c25c5eee2,2018-12,Essex Police,Essex Police,0.764486,51.684739,On or near HILLCREST,E01021899,Maldon 007D,Unable to prosecute suspect
c3646c947d42ab362b6d87743dddcdc45723ff4372ecb8bbc0bf73a2b8d60cc6,2018-12,Essex Police,Essex Police,0.698160,51.597804,On or near JOHNSON CLOSE,E01021931,Rochford 002E,Unable to prosecute suspect
7f6be5dcc27e3a18824560677598f573d512fc873a5b1bf3e4858e84fe1a4e24,2018-12,Essex Police,Essex Police,0.698160,51.597804,On or near JOHNSON CLOSE,E01021931,Rochford 002E,Unable to prosecute suspect
b1bbcfa69af718165d1bd6b5c34b27bbee0a7ee4ad2e1d9ef079cb74b5215a14,2018-12,Essex Police,Essex Police,0.098783,51.776013,On or near PARK LANE,E01021853,Harlow 003E,Offender given a drugs possession warning
1e8076771056765124564a28690458a1fa72aa672a52fe83d0504b400a727e6c,2018-12,Essex Police,Essex Police,0.506145,51.829490,On or near FAYREWOOD DRIVE,E01021538,Chelmsford 001A,Unable to prosecute suspect
ad5a9ac7994d9b9563b12126a07e3764a0ec1ee920d1aaa961cfd508a95d0b1b,2018-12,Essex Police,Essex Police,0.243286,51.713236,On or near WALTER MEAD CLOSE,E01021802,Epping Forest 004D,Unable to prosecute suspect
7e876ce734754b321f1b358f151d1647a2052c8dc2cb4edf7e7639b9a494297c,2018-12,Essex Police,Essex Police,0.592524,51.514055,On or near SYLVAN CLOSE,E01021499,Castle Point 011C,Investigation complete; no suspect identified
21c97772f9aa733889a2c2250aa078caf95e62d0bd74ef433da0809c0c202c2b,2018-12,Essex Police,Essex Police,0.714143,51.536234,On or near Shopping Area,E01015852,Southend-on-Sea 015B,Investigation complete; no suspect identified
e54b66b13fff57aa8d71cb8b9fed0502f86927c6239042192a9fa50535787ba6,2018-12,Essex Police,Essex Police,0.118336,51.779376,On or near MOWBRAY ROAD,E01021844,Harlow 002A,Unable to prosecute suspect
cdfde1f32d32b784fffe0c9a015a58ba6ab378c309fa1b1d6244d20e6cc1ef74,2018-12,Essex Police,Essex Police,0.585847,51.567660,On or near THE RUNDELS,E01021511,Castle Point 002C,Unable to prosecute suspect
2243a91108967feefe92cb0ba04d908e8df18e06908418ea6c8c1849109ce821,2018-12,Essex Police,Essex Police,0.097658,51.692331,On or near HIGH ROAD,E01021758,Epping Forest 006C,Unable to prosecute suspect
67f2228add5e1b8be246758c1d05cbb746cd0afb7c0a01ca5d892a392a0b8dda,2018-12,Essex Police,Essex Police,0.131171,51.722230,On or near BROOKFIELD,E01021761,Epping Forest 005B,Offender given a drugs possession warning
b53cacac066542309459f9becefb0bb83ba3dfa0af86cca15d7ed5de232106c3,2018-12,Essex Police,Essex Police,1.151440,51.787381,On or near PENFOLD ROAD,E01022025,Tendring 016B,Investigation complete; no suspect identified
9c4a3be17c07234fdd4a7902967b4134738c0bedccdb8d4a61ddce4e5be32c75,2018-12,Essex Police,Essex Police,0.555020,51.564001,On or near WELLINGBURY,E01021477,Castle Point 003B,Unable to prosecute suspect
e1f2d89af0c1470960c1856624066b63a25500e726b14af37888ee80d89a0c8d,2018-12,Essex Police,Essex Police,0.904659,51.888912,On or near Parking Area,E01021648,Colchester 007C,Investigation complete; no suspect identified
1a87149bfc38043b4b1f51355c2e7b473259a785a65249757ed56c0d2afcba8b,2018-12,Essex Police,Essex Police,0.292024,51.520809,On or near LARKSPUR CLOSE,E01015973,Thurrock 006D,Investigation complete; no suspect identified
03f6c1ce304dd151555bce73653e0ecffeb5a6876affa86e47e057e918ddf801,2018-12,Essex Police,Essex Police,0.239155,51.716642,On or near SHORTLANDS AVENUE,E01021802,Epping Forest 004D,Unable to prosecute suspect
8f3fc9e20ccb4399bdc0bd8381168209f9b382e163c0e4d53073d18325211635,2018-12,Essex Police,Essex Police,0.288595,51.639178,On or near LASCELLES CLOSE,E01021462,Brentwood 006B,Investigation complete; no suspect identified
954fd16aa131780ac7d766c0e1ac751a7554f7a47daa89c78894edbb85bfc03c,2018-12,Essex Police,Essex Police,-0.003963,51.686008,On or near PARADISE ROAD,E01021818,Epping Forest 009C,Suspect charged
10382679c1e5b49d1486313d7d12ad053ea00aa5602c58ea7e015ecbeec1abad,2018-12,Essex Police,Essex Police,0.104773,51.747426,On or near SIBNEYS GREEN,E01021858,Harlow 010B,Investigation complete; no suspect identified
a6b1eb2db3a56673531241fb1ef3c4fac428ec124b4de0c60a0145db6d4f958a,2018-12,Essex Police,Essex Police,0.907575,51.864054,On or near STANSTED ROAD,E01021638,Colchester 018B,Unable to prosecute suspect
e1e2591d56a060c92ef7d8314ed73817e76b3fdd5aa741fa08b0bde3b3154ee0,2018-12,Essex Police,Essex Police,0.899183,51.910173,On or near Hospital,E01021682,Colchester 004D,Suspect charged
7740146e7587680785940d389087fef1b0f67681428f0c0894486a69d0358d90,2018-12,Essex Police,Essex Police,1.052125,51.939212,On or near WALDEGRAVE WAY,E01022014,Tendring 003C,Unable to prosecute suspect
afe023f77d11be11791b778888915512e594b5abd7ffdc78233507a445b4a446,2018-12,Essex Police,Essex Police,0.783461,51.530714,On or near GROVE WALK,E01015917,Southend-on-Sea 017D,Investigation complete; no suspect identified
882a551c6e945e5f0fcec874431d40e6f1c65fd9825ebdfe1c212b8b4c5d793f,2018-12,Essex Police,Essex Police,0.687568,51.874171,On or near WALFORD WAY,E01021378,Braintree 014B,Offender given a caution
412817db91c257e89587c5fbb7418c2b4069ee3250a1b535dff9de36836ad036,2018-12,Essex Police,Essex Police,0.900413,51.887074,On or near WHITEWELL ROAD,E01021649,Colchester 007D,Investigation complete; no suspect identified
158e5775e23c71473398777ee69459b97b626d41f3f6d96c7b82083bfc0b1963,2018-12,Essex Police,Essex Police,0.679074,51.541195,On or near CHALKWELL AVENUE,E01015827,Southend-on-Sea 012A,Unable to prosecute suspect
f22944a83fea7a226bd75f4b59d364049b310b87fdbb6e42ace45133319858e3,2018-12,Essex Police,Essex Police,0.480314,51.575047,On or near CURLING WALK,E01021270,Basildon 012D,Unable to prosecute suspect
7291edbf6666c89a214d1e6c4ee27d6d60b34eb5b829fc67cea289e0a2bac641,2018-12,Essex Police,Essex Police,0.710081,51.539700,On or near Further/Higher Educational Building,E01015854,Southend-on-Sea 015D,Unable to prosecute suspect
0dc5c3620dfc958359e6539a99a6dfba3687aab9516916ebad077f27985893a0,2018-12,Essex Police,Essex Police,0.462457,51.585127,On or near Nightclub,E01021268,Basildon 015B,Local resolution
5859528f6ae9c104326532b3b1b33f08c1ab1f3c6a925203f2998e09c8a77117,2018-12,Essex Police,Essex Police,0.288590,51.507800,On or near BARLE GARDENS,E01015931,Thurrock 007E,Unable to prosecute suspect
6c9435ba34fa476b66f381a8bef067bf7f02e32339e2669fb0e3091c8a35e26d,2018-12,Essex Police,Essex Police,0.604033,51.584615,On or near CASTLE CLOSE,E01021966,Rochford 008F,Local resolution
f1962fabcd3a6fb54932565daa9b9ccd7c1690ef1b2112d62712860bca3dc414,2018-12,Essex Police,Essex Police,0.323992,51.477085,On or near Shopping Area,E01015954,Thurrock 017D,Unable to prosecute suspect
f0438f6b1dc99bea78ff82edc566b2131e059066509096307d21ed6cd61d9bff,2018-12,Essex Police,Essex Police,0.326630,51.477698,On or near STANLEY ROAD,E01015956,Thurrock 016B,Unable to prosecute suspect
be9d11418c4436f27b74efa879ad13f769450361834dda7905956dbaaab15aa8,2018-12,Essex Police,Essex Police,0.291812,51.486720,On or near FRANCES AVENUE,E01033613,Thurrock 019D,Unable to prosecute suspect
74623cd32c627de9c2dd23a83e6b9220506115062b627e0bc01764efc9f86835,2018-12,Essex Police,Essex Police,0.329169,51.614738,On or near SAXON CLOSE,E01021437,Brentwood 008B,Investigation complete; no suspect identified
fba4bdfba80830143ec2bc97de139f5aa2c4669661800c7709428a022fe4e03a,2018-12,Essex Police,Essex Police,0.329639,51.476550,On or near Sports/Recreation Area,E01015952,Thurrock 017B,Unable to prosecute suspect
b4221b516a9b0af4dd30b247d21e174b431253fcbc1eebc91b9bf2c8a4958dc6,2018-12,Essex Police,Essex Police,0.563736,52.017514,On or near NORTH ROAD,E01021430,Braintree 001D,Local resolution
fe5acf72340c922f72250bcd19315d0a362abba272bc2045c75ab23cba759ce9,2018-12,Essex Police,Essex Police,0.619447,51.579281,On or near Supermarket,E01021949,Rochford 009D,Investigation complete; no suspect identified
c0993594caf7b19fe3f6d2c3f1a4b2d082784470a258a4f9bcea1705ae7215fc,2018-12,Essex Police,Essex Police,0.683758,51.729574,On or near TAIT MEWS,E01021890,Maldon 004B,Investigation complete; no suspect identified
71d1bb4daae97b5316ff3b0bef37df74317049cfcd9810aef20aea115ff277f9,2018-12,Essex Police,Essex Police,0.359888,51.461043,On or near BERMUDA ROAD,E01016003,Thurrock 018A,Investigation complete; no suspect identified
eada34a3e738ee1d6e4efa0ec00f8004c8d78de6b644f6c7749ec8a22cc9facd,2018-12,Essex Police,Essex Police,0.700356,51.538414,On or near MILTON ROAD,E01015856,Southend-on-Sea 015F,Unable to prosecute suspect
fe704f8374f819b66b0eba802c7e20f701fd8f397bbf17b697c77a0d8afa3155,2018-12,Essex Police,Essex Police,0.668661,51.718658,On or near MINSTER WAY,E01021896,Maldon 005D,Unable to prosecute suspect
c1ab287e172cebf92ae80b4e44405fc7377161eeb259f0f5f1ab47a8f9131767,2018-12,Essex Police,Essex Police,0.714495,51.537781,On or near CHICHESTER ROAD,E01015852,Southend-on-Sea 015B,Suspect charged
5e6789c57522ca7dee1f2c9cee529c9a95bb5a222e381f73f8ddd9b58717fac8,2018-12,Essex Police,Essex Police,0.611100,51.523059,On or near Sports/Recreation Area,E01021492,Castle Point 009A,Investigation complete; no suspect identified
b11ebc38a9cb57235371130900ec8ff522c8777bd632b7f3c3f0ddc26b0496ec,2018-12,Essex Police,Essex Police,0.289385,51.637364,On or near GLOUCESTER ROAD,E01021461,Brentwood 004D,Suspect charged
c1e5b5c97685d49d38922dd328896f4a353597728e9cb346fe42744fc4873080,2018-12,Essex Police,Essex Police,0.695834,51.742671,On or near AVOCET WAY,E01021884,Maldon 003A,Investigation complete; no suspect identified
2525d417faa1b49c7441685a497ff3b7afa8d3754dcc8a1761408343d360f54f,2018-12,Essex Police,Essex Police,0.520333,51.755246,On or near A130,E01021537,Chelmsford 005B,Investigation complete; no suspect identified
fa810a8a5a874e89a09b8a1fe6b0ad52a39db652bafa3795258469ed4ac3f9fe,2018-12,Essex Police,Essex Police,0.605772,51.557497,On or near MAPLESFIELD,E01021530,Castle Point 005C,Unable to prosecute suspect
f034859cada726deb26a7081f991dcef8c0a8dc20562ca7fffd8c7b8d2796068,2018-12,Essex Police,Essex Police,0.253645,52.024558,On or near EVERITT ROAD,E01022079,Uttlesford 002D,Investigation complete; no suspect identified
255f9047b1316576fb413a0abd86a75c6bbf869a9810e3a69f92f74af89303c9,2018-12,Essex Police,Essex Police,0.700356,51.538414,On or near MILTON ROAD,E01015856,Southend-on-Sea 015F,Suspect charged
692260fa4f49ebfa020460b2416cde8f7c8279f6292268d733629ea160eb7c24,2018-12,Essex Police,Essex Police,0.519138,51.622253,On or near ARUNDEL ROAD,E01021338,Basildon 005C,Unable to prosecute suspect
f64b5a54a45703efbf2fea624a99575f76fa66dec024e2fef33832b6152df417,2018-12,Essex Police,Essex Police,0.714390,51.538674,On or near Parking Area,E01015852,Southend-on-Sea 015B,Unable to prosecute suspect
889f32f06d55d8a968f65039e3e67481f8160d76d3a34e8ced14acf78359d5ee,2018-12,Essex Police,Essex Police,1.279573,51.936076,On or near MILL LANE,E01022001,Tendring 001D,Unable to prosecute suspect
b4519896da4868577310c55887d7925e50a13d992e1966415fc9866bacdafd00,2018-12,Essex Police,Essex Police,0.500938,51.570832,On or near Pedestrian Subway,E01021305,Basildon 013D,Unable to prosecute suspect
41aa25a7d5f69642fb3283c3477f6c5e6744a2f66ea6c03ce5fcfb322d653d3d,2018-12,Essex Police,Essex Police,0.895335,51.889691,On or near BALKERNE GARDENS,E01021646,Colchester 007A,Suspect charged
32be88bf039d333293abf454e89aee01cc575e1eefbfdc7a0f8297a2efb1602b,2018-12,Essex Police,Essex Police,0.895335,51.889691,On or near BALKERNE GARDENS,E01021646,Colchester 007A,Suspect charged
a4977d1eac02aebba9871ee6f93eaa9d39ffff06430967119ed8b9ff0ec495f8,2018-12,Essex Police,Essex Police,1.154305,51.793321,On or near STATION ROAD,E01022027,Tendring 016D,Unable to prosecute suspect
e26de92c16cff4a4893a06750b7417335bddd1fcec09c2c2154da2a6926154f5,2018-12,Essex Police,Essex Police,0.539912,51.589618,On or near SOUTHEND ARTERIAL ROAD,E01021344,Basildon 008D,Unable to prosecute suspect
9810e3375b1714b57e05e58abb28db9fdb3f3629d0c86db895b41823210f6b09,2018-12,Essex Police,Essex Police,0.477311,51.732761,On or near HIGH BRIDGE ROAD,E01033140,Chelmsford 010F,Unable to prosecute suspect
7318a670008a8ec164ffa8983c8723dd4f2877d1f3bf8263f7ac56b133e23033,2018-12,Essex Police,Essex Police,0.712855,51.537855,On or near Nightclub,E01015852,Southend-on-Sea 015B,Investigation complete; no suspect identified
79337fc05116260eb518e92c6e03515048b65b6e72a849dc74e378e74640e8cb,2018-12,Essex Police,Essex Police,0.874364,51.866732,On or near ELMWOOD AVENUE,E01021714,Colchester 015D,Investigation complete; no suspect identified
50d38c913978103f19a807702009e06439e3e78804f5d9efb5de66fc67a486c3,2018-12,Essex Police,Essex Police,0.469643,51.735818,On or near DUKE STREET,E01033141,Chelmsford 010G,Investigation complete; no suspect identified
678576f5e840264622dc41d9321b8e2b75ae8fd2d509ce5d4050ef7f11b3e7cd,2018-12,Essex Police,Essex Police,0.915143,51.884704,On or near VICTORIA PLACE,E01021687,Colchester 011E,Unable to prosecute suspect
9155badc0b255f7968f9f8ba4a3a7abb84a6634e265ae7b20f4cf317c9c61ebb,2018-12,Essex Police,Essex Police,0.502473,51.711075,On or near PARK VIEW CRESCENT,E01021562,Chelmsford 014A,Local resolution
d82fafb687ef20e0a2e64edd96c2134c3f82009446d9648c64ba765ae9a6b70f,2018-12,Essex Police,Essex Police,0.100817,51.763009,On or near STONY WOOD,E01021870,Harlow 006E,Unable to prosecute suspect
8ca6b188b58f7d5db3b78cb4b4f7bc58cf17792063cc018f5960dc0b48fc550b,2018-12,Essex Police,Essex Police,0.120947,51.760238,On or near TILBURY MEAD,E01021819,Harlow 006A,Unable to prosecute suspect
d3f12ad18897567f7bd2d1e4165144b8b36dc47b9c8e92f8aaecce3def802957,2018-12,Essex Police,Essex Police,1.127436,51.799508,On or near NAYLAND DRIVE,E01022030,Tendring 015C,Unable to prosecute suspect
a60e1b6639ab9ab6f7d55e2437f75b386b1afaf6364c92a5b1209b81dcb2bed6,2018-12,Essex Police,Essex Police,0.643129,51.568488,On or near PROGRESS ROAD,E01015834,Southend-on-Sea 001B,Investigation complete; no suspect identified
cdace7b8123a545993446da4ede29e6d41b0d17b20445e7822f6f1e784da5073,2018-12,Essex Police,Essex Police,1.122048,51.842418,On or near MILL LANE,E01022018,Tendring 007E,Unable to prosecute suspect
c4998a57f2209984689cd9e495e56c4db36deb72ed07838580922848218bbfea,2018-12,Essex Police,Essex Police,1.127436,51.799508,On or near NAYLAND DRIVE,E01022030,Tendring 015C,Unable to prosecute suspect
8455dfced4d8154363bd1864b36d76957664f094009f86a5bd3042ff9e0914b0,2018-12,Essex Police,Essex Police,0.244178,51.707563,On or near BANSONS WAY,E01021755,Epping Forest 004C,Investigation complete; no suspect identified
b34f31835d5ef87fd698f3cd83ee3cf36d8c10e7fec8bb203b940fe4501cd7cf,2018-12,Essex Police,Essex Police,0.120947,51.760238,On or near TILBURY MEAD,E01021819,Harlow 006A,Unable to prosecute suspect
67db1d7ac9f27c7ec8488ba0ab026e98eb00937586ee00def722a506229cd40a,2018-12,Essex Police,Essex Police,0.517309,51.603568,On or near STEVENSON WAY,E01021342,Basildon 008B,Investigation complete; no suspect identified
e6cc5391cd1bdfc08033bdce591c262a469e3f7783c24a7784441430e581f4d6,2018-12,Essex Police,Essex Police,0.261741,51.889938,On or near Airport/Airfield,E01022090,Uttlesford 006B,Investigation complete; no suspect identified
6d10a5787e25abaa04a6ab551729b7ee3dcd8ec03ee07e1276ce7aa8752f3322,2018-12,Essex Police,Essex Police,0.081454,51.759514,On or near THREE HORSESHOES ROAD,E01021833,Harlow 009D,Unable to prosecute suspect
2daab040f3cdab6d07a65ecd5d13e5dc425ed13ab8358fb9f5da3bd2bdd4d1c2,2018-12,Essex Police,Essex Police,0.461621,51.777417,On or near WOODLANDS WAY,E01021542,Chelmsford 002A,Unable to prosecute suspect
c37ebe6f04bff8eb6b8e7f10546a85793f4a2ac7da509a6e73138522c839aea8,2018-12,Essex Police,Essex Police,1.122048,51.842418,On or near MILL LANE,E01022018,Tendring 007E,Unable to prosecute suspect
c16a7af52c55b77b40f6be2857aa4c7e6a3ca3af6ff64a81803ab194966e2852,2018-12,Essex Police,Essex Police,0.295669,51.637889,On or near MAGNOLIA WAY,E01021462,Brentwood 006B,Investigation complete; no suspect identified
222bdd226fb6a3884123db7dcf38ed10cf3a82d583d887d47edfa39d785bd178,2018-12,Essex Police,Essex Police,0.419386,51.481117,On or near PRINCESS AVENUE,E01015948,Thurrock 013B,Unable to prosecute suspect
4d38a6f5e1bc6002118a97881abeb1316e22def6d6140e111bb116fe8d9c7383,2018-12,Essex Police,Essex Police,0.270142,51.867763,On or near GOREFIELD,E01022090,Uttlesford 006B,Unable to prosecute suspect
9469d329914306e1ef6452254e1f65b0753d0108c138a4ac0b761153b432a2f2,2018-12,Essex Police,Essex Police,0.458240,51.569324,On or near Supermarket,E01021318,Basildon 015C,Investigation complete; no suspect identified
8e3cc2f49a540fb9b111d33ca290b4ca3fac87d1ebc32635aa5bd97c35870c6b,2018-12,Essex Police,Essex Police,0.066882,51.765338,On or near Bus/Coach Station,E01021840,Harlow 004B,Unable to prosecute suspect
f0da38bb1dd301a3e7f887a38b8a75746818fe61793a4c76d8f9d8b0c5881a81,2018-12,Essex Police,Essex Police,0.710081,51.539700,On or near Further/Higher Educational Building,E01015854,Southend-on-Sea 015D,Investigation complete; no suspect identified
cc6f2f6dbb14bf3663b78ac1a5ecbe050e30e93fe30abbce2904f6aca7bdacb0,2018-12,Essex Police,Essex Police,0.256288,52.026692,On or near WHITESHOT WAY,E01022077,Uttlesford 001C,Investigation complete; no suspect identified
0efe9656a84e4df697c13167736df8a27b2e1c64fcfee2439231dcae8a7c60f9,2018-12,Essex Police,Essex Police,1.159236,51.793926,On or near SKELMERSDALE ROAD,E01022049,Tendring 014D,Suspect charged
1ca1e507a477adfb8d4600b1bd8382e24ef8b94472a477a72aa87e58a1efcf3e,2018-12,Essex Police,Essex Police,0.114852,51.780823,On or near TANYS COURT,E01021845,Harlow 002B,Investigation complete; no suspect identified
95d08ccf774ee6cc6e3bd6a7ac5606a463d8a71695d890388d3fe85d76ce5f2d,2018-12,Essex Police,Essex Police,0.708518,51.982589,On or near BISHOP'S LANE,E01021407,Braintree 002C,Investigation complete; no suspect identified
5e5ec7a6ef7ab3b23686b7fbaad0d8f92f2218f6da49b00af8163eed1f3ef914,2018-12,Essex Police,Essex Police,0.461621,51.777417,On or near WOODLANDS WAY,E01021542,Chelmsford 002A,Unable to prosecute suspect
f60b768f983e2c04c3b6821cb4b6e1b6a824c875633f406fbea3697104f797ad,2018-12,Essex Police,Essex Police,0.708518,51.982589,On or near BISHOP'S LANE,E01021407,Braintree 002C,Investigation complete; no suspect identified
6c02e8908e982be565e768c162f4bc0e156e778e6a6c841c50b67f56c6f36932,2018-12,Essex Police,Essex Police,0.726824,51.831152,On or near B1023,E01021643,Colchester 019A,Investigation complete; no suspect identified
feb71fe2d0b898f2e31a899caffd63f549583f0f97fef0b09b2786359c7c784d,2018-12,Essex Police,Essex Police,0.373098,51.488952,On or near LONGHOUSE ROAD,E01015936,Thurrock 012D,Unable to prosecute suspect
64651b29ae3766a7026c7b2198281a160cbcb3144ce6b310939feffbb38a4369,2018-12,Essex Police,Essex Police,0.495785,51.775195,On or near PRATT'S FARM LANE,E01021540,Chelmsford 001C,Suspect charged
b6c50cd18749781b6126858a44146ae73d6b63218a91dc7ff10a8963876f5020,2018-12,Essex Police,Essex Police,1.159236,51.793926,On or near SKELMERSDALE ROAD,E01022049,Tendring 014D,Suspect charged
47bdfa43ecfcf6197a40468b8c8887aafa7dff085d187861b79b9e59f0462c7b,2018-12,Essex Police,Essex Police,0.720578,51.533386,On or near LUCY ROAD,E01015841,Southend-on-Sea 014C,Investigation complete; no suspect identified
28b5fa86179b959b7734ab4c5a259d089e5e9e0072873acba78cec3d0eb057c2,2018-12,Essex Police,Essex Police,0.708518,51.982589,On or near BISHOP'S LANE,E01021407,Braintree 002C,Investigation complete; no suspect identified
57ae02f287647009e5b7ebf8b2713c5817c8298fa95c6ed1687489b9edc225be,2018-12,Essex Police,Essex Police,0.714605,51.541817,On or near PRITTLEWELL STREET,E01015895,Southend-on-Sea 010A,Unable to prosecute suspect
353aaeedd3fa453b84f622d8d6f367f17408e9d5bdad30d1a136fa6992f037fa,2018-12,Essex Police,Essex Police,0.336708,51.476229,On or near BROADWAY,E01015969,Thurrock 014D,Investigation complete; no suspect identified
696310d8ac6a8d6618fac0ebbeda304949416e6ea21dcbe698bfd424d5fc2ed7,2018-12,Essex Police,Essex Police,0.328649,51.630261,On or near Supermarket,E01021465,Brentwood 005D,Investigation complete; no suspect identified
3047838bb36e95be7112ebddeef88e83c37a205fc59b961d2df84ccbd7d40770,2018-12,Essex Police,Essex Police,0.456169,51.571868,On or near Pedestrian Subway,E01021318,Basildon 015C,Unable to prosecute suspect
c1e6aba98d7d7816f7c9ec9c00dd998f16e6cbe9ffdcba3c5a6440be585ef1b5,2018-12,Essex Police,Essex Police,0.516750,51.604695,On or near KERSHAWS CLOSE,E01021342,Basildon 008B,Unable to prosecute suspect
19faa76ba322435a6f30a5baa7cfb006210ec0593f92c374bc8ba50e09c9f170,2018-12,Essex Police,Essex Police,0.719543,51.835835,On or near Pedestrian Subway,E01021643,Colchester 019A,Investigation complete; no suspect identified
d91c0b3adfe4e647ff4df9330b6606b0dc3373dfaf1c657bd84a82e17e0bacd4,2018-12,Essex Police,Essex Police,0.708846,51.542220,On or near Parking Area,E01015895,Southend-on-Sea 010A,Unable to prosecute suspect
f673db601e17ff99501e7f1ae90c453f303bddea3fafbd3a841359dbd8032bad,2018-12,Essex Police,Essex Police,0.714495,51.537781,On or near CHICHESTER ROAD,E01015852,Southend-on-Sea 015B,Suspect charged
fd11039b3bf6ab2be5a8660ee40d0390d9b615f688e26139d54d67f444828844,2018-12,Essex Police,Essex Police,0.581550,51.591893,On or near ALDHAM GARDENS,E01021958,Rochford 006D,Investigation complete; no suspect identified
abdc9e17e8181a430d23f9fc70816dae4a93d9d7a72a487ed730290cf5fd0693,2018-12,Essex Police,Essex Police,0.710081,51.539700,On or near Further/Higher Educational Building,E01015854,Southend-on-Sea 015D,Investigation complete; no suspect identified
33ff2af3a1a34a5b0881bf6ddf9733739b5e0ce38c23a44d2e47a71e37973c21,2018-12,Essex Police,Essex Police,0.066882,51.765338,On or near Bus/Coach Station,E01021840,Harlow 004B,Unable to prosecute suspect
e2c6dc40ef78b4e605e53ce3bdfc957e77c6c1c52d6180a29e1a2697ab9fd6ce,2018-12,Essex Police,Essex Police,0.498106,51.751601,On or near ST AUGUSTINE'S WAY,E01021619,Chelmsford 004C,Unable to prosecute suspect
2641899f306a793f5239f52a5fe9512305a73bad58fddfe6b02e754dbc6606b4,2018-12,Essex Police,Essex Police,0.814865,51.548186,On or near SEAVIEW DRIVE,E01021923,Rochford 010D,Investigation complete; no suspect identified
d483809723d6198d7ca6bd13abd893db83dd4a11c7a0b115da3d8cc510d29bcf,2018-12,Essex Police,Essex Police,0.422311,51.585693,On or near CHESHAM DRIVE,E01021261,Basildon 010A,Unable to prosecute suspect
d7c5d083d7b3919921e754b1af8bbade5a6b1eff008be8924a3903f8f331e61b,2018-12,Essex Police,Essex Police,0.369969,51.513873,On or near PENN CLOSE,E01015977,Thurrock 004A,Unable to prosecute suspect
29f756321af29bc35f1b84225b0ce6309999b6cc7bfe6b80bfaa81ea5ab485bc,2018-12,Essex Police,Essex Police,1.161743,51.806945,On or near CRAIGFIELD AVENUE,E01022041,Tendring 010D,Unable to prosecute suspect
e0e63e6dbde97ce55323c63eeea5e2165090ede030bb778d1561c8ebcb578d1b,2018-12,Essex Police,Essex Police,0.757590,51.544259,On or near ALBERT ROAD,E01015883,Southend-on-Sea 009A,Unable to prosecute suspect
d4b0f0d7e358dee56644377015621be117dc8c17fa0d0d59ff0e492bde895b1d,2018-12,Essex Police,Essex Police,1.099820,51.774408,On or near DAIMLER AVENUE,E01021988,Tendring 018A,Unable to prosecute suspect
357a91effdd7447d0b83e18a0063477ba4ed0cdd552f9d9fa22bb40b26ae2698,2018-12,Essex Police,Essex Police,0.393752,51.548526,On or near Park/Open Space,E01015978,Thurrock 004B,Unable to prosecute suspect
ea2bdd6ab1c3ad521c432be33d9494227eb2d902784ed3f484f00ca0cc2c14bf,2018-12,Essex Police,Essex Police,0.695174,51.541519,On or near Parking Area,E01015855,Southend-on-Sea 015E,Suspect charged
2de3451f44c0e8937f822597a05ec603d99daa85db2f90272dc200367bc9fca1,2018-12,Essex Police,Essex Police,0.512961,51.584991,On or near HARVEY ROAD,E01021309,Basildon 011E,Investigation complete; no suspect identified
2de3451f44c0e8937f822597a05ec603d99daa85db2f90272dc200367bc9fca1,2018-12,Essex Police,Essex Police,0.512961,51.584991,On or near HARVEY ROAD,E01021309,Basildon 011E,Investigation complete; no suspect identified
7a37eb69a964d5811a70848d77e7694c2f416d64c22255f1e10ea8ef643ac3fd,2018-12,Essex Police,Essex Police,0.757590,51.544259,On or near ALBERT ROAD,E01015883,Southend-on-Sea 009A,Unable to prosecute suspect
a60f905a036a5f9cf9df866d3e951e54b62f0dda90ec637fe7f5afc59887c6f2,2018-12,Essex Police,Essex Police,0.074959,51.751221,On or near Sports/Recreation Area,E01021864,Harlow 011C,Investigation complete; no suspect identified
a8f9fcab2bb4935011a3abbb371a1e96c8da93fd593b06e4fd873184dfedbcc2,2018-12,Essex Police,Essex Police,0.256196,52.024572,On or near ELIZABETH WAY,E01022079,Uttlesford 002D,Investigation complete; no suspect identified
76a1f71f3ba1710f888d20312d5f2a990c91c339a3dade64c48cc8c9bbc25b1b,2018-12,Essex Police,Essex Police,0.356384,51.871660,On or near HIGH STILE,E01022068,Uttlesford 007C,Investigation complete; no suspect identified
375cd4a7dd60ea19547d57b0950f76d077324315a05a7162248c23b351ab19a8,2018-12,Essex Police,Essex Police,0.456488,51.721876,On or near LONDON ROAD,E01033138,Chelmsford 009F,Unable to prosecute suspect
eb40e50a2b2e7a77b25d3c49bf8645c8d3d41b6dc058bdab76da5a700a2253ef,2018-12,Essex Police,Essex Police,0.305265,51.621631,On or near ONGAR PLACE,E01021433,Brentwood 007A,Investigation complete; no suspect identified
63251f4961144fd115aefc3d6cc9fb7a32d62b4fb169ca2b78e25466517f73d6,2018-12,Essex Police,Essex Police,0.322355,51.479168,On or near Grays Police Station,E01015956,Thurrock 016B,Suspect charged
cde4e68c31760e830c5f8057842a60c36d96fef53622d04b8e6e072c0e6887cf,2018-12,Essex Police,Essex Police,0.463490,51.569268,On or near Supermarket,E01021318,Basildon 015C,Local resolution
0e3719167cec82375b02129b23c98fe45fd761600c5d1737c0f82df36328d8f7,2018-12,Essex Police,Essex Police,0.514754,51.569098,On or near HALSTOW WAY,E01021313,Basildon 018A,Unable to prosecute suspect
f683e921081fb25bc5b191b73231c2f95951bc0aca81d460e4f5b95fd46cab31,2018-12,Essex Police,Essex Police,0.471544,51.752343,On or near GREENWAYS,E01021587,Chelmsford 002C,Investigation complete; no suspect identified
7db997bc3a43dae3994c7702c7cd9bd9ceb2d9f07bc25cbdc20a42dfc7c372d6,2018-12,Essex Police,Essex Police,0.310333,51.477247,On or near CASTLE ROAD,E01015951,Thurrock 017A,Investigation complete; no suspect identified
34a42b406ea9dbb11a1ca044a0bac2dbb2cb9951dcbaf34be1bca4007eedefbe,2018-12,Essex Police,Essex Police,0.261520,51.480906,On or near Pedestrian Subway,E01016012,Thurrock 015C,Investigation complete; no suspect identified
aa3d195bf962e225be02823b5caec3f8aa761168b0f947778b617cfe813b53a9,2018-12,Essex Police,Essex Police,0.276223,51.506881,On or near FOYLE DRIVE,E01015928,Thurrock 007B,Investigation complete; no suspect identified
b61bb5518c658036a6daa0d25aa3c908129c67a0620e9755fffa60975ccabeaf,2018-12,Essex Police,Essex Police,0.906436,51.859909,On or near PEBMARSH CLOSE,E01021641,Colchester 018E,Unable to prosecute suspect
caa8a64e5d65c96ca6032401ce07aa1919f0ec261ecc18a8f92855d2024e0587,2018-12,Essex Police,Essex Police,0.179000,51.804804,On or near PRIMLEY LANE,E01021768,Epping Forest 001A,Investigation complete; no suspect identified
02deb27515cbcfb57599c1a942b91e22bb2c352fe3f17ba036352bab7ec1fce0,2018-12,Essex Police,Essex Police,0.915602,51.872264,On or near Supermarket,E01021667,Colchester 016F,Investigation complete; no suspect identified
fd0d2402f220d9ffbf2b08fa904439de0af19461cf2af22bdfb9d027ac72180f,2018-12,Essex Police,Essex Police,0.422311,51.585693,On or near CHESHAM DRIVE,E01021261,Basildon 010A,Unable to prosecute suspect
122913254f872d972c455dd2400434a4ecb565cd1b9c0cebbad17e2111350875,2018-12,Essex Police,Essex Police,0.422311,51.585693,On or near CHESHAM DRIVE,E01021261,Basildon 010A,Unable to prosecute suspect
51445aaf4c773d02f5f82bcb1c276303a9523a5136cdef853df219883a50df5b,2018-12,Essex Police,Essex Police,0.422311,51.585693,On or near CHESHAM DRIVE,E01021261,Basildon 010A,Unable to prosecute suspect
6ab102498dcde2aa763abaa2ad15555672def1db920bcd41878ad3652f8befdc,2018-12,Essex Police,Essex Police,0.357564,51.468186,On or near Sports/Recreation Area,E01016007,Thurrock 018E,Unable to prosecute suspect
1efe504f104a28b9300520ada992ba7b417764228976b5a97f8989f186f0d0ad,2018-12,Essex Police,Essex Police,0.906436,51.859909,On or near PEBMARSH CLOSE,E01021641,Colchester 018E,Unable to prosecute suspect
9e69c13229d36c8df3ccff12d43a3e69bf544626e120a07233bd9b8928d5de22,2018-12,Essex Police,Essex Police,0.294910,51.500797,On or near STIFFORD HILL,E01015930,Thurrock 007D,Unable to prosecute suspect
6412520b87ddf7f0adc37208897dc3a1e478aab413907b6f9295ad3338062f6d,2018-12,Essex Police,Essex Police,0.179000,51.804804,On or near PRIMLEY LANE,E01021768,Epping Forest 001A,Investigation complete; no suspect identified
717ee78daaa8c3bd86b800e384b00faea19cb0fd94178755bd0d0852829d88e8,2018-12,Essex Police,Essex Police,0.918862,51.896340,On or near IPSWICH ROAD,E01021702,Colchester 022D,Investigation complete; no suspect identified
8057c1f96fe8cb124f2f65e7d6b4568b693b5035c4fd018697e2993d860a06f6,2018-12,Essex Police,Essex Police,0.587528,51.519481,On or near CLIFTON ROAD,E01021499,Castle Point 011C,Offender given a drugs possession warning
c8718cfdcbd0f15119c03c972afdd335a7c077ef3e02413dd637666aae5da0c3,2018-12,Essex Police,Essex Police,0.812785,51.547921,On or near BROOKSIDE AVENUE,E01021923,Rochford 010D,Investigation complete; no suspect identified
7039cc6f35b6e99689122a4cd334b57403fb20d022b6f621d5a03e4029797c47,2018-12,Essex Police,Essex Police,0.299616,51.615339,On or near KING'S ROAD,E01021439,Brentwood 007C,Unable to prosecute suspect
ff17dd1ad9b0f78ed922c08ea51d19134ffea95d3e7647ce00cd63ab6bb295b6,2018-12,Essex Police,Essex Police,0.895335,51.889691,On or near BALKERNE GARDENS,E01021646,Colchester 007A,Suspect charged
9f2865e688c9c0788de33a82a5936bc3bef5be22062a10c3699147f13f5cb27d,2018-12,Essex Police,Essex Police,0.357564,51.468186,On or near Sports/Recreation Area,E01016007,Thurrock 018E,Unable to prosecute suspect
6db1c823ab6e0008121586e08a3af1aec9cd873c2a2a6cf910b840f7100d830d,2018-12,Essex Police,Essex Police,0.295032,51.610950,On or near FIRSGROVE CRESCENT,E01033064,Brentwood 007G,Investigation complete; no suspect identified
057714f16568573b465da9fc0b647ca99f0d0c5529ff751398e41a106e87e302,2018-12,Essex Police,Essex Police,0.430447,51.724980,On or near PARADISE ROAD,E01021636,Chelmsford 011F,Investigation complete; no suspect identified
06b5ff1d8ed8a9af067fc40e592d4ba2cf0d9c79bc052b76cc09bea5f249e9ab,2018-12,Essex Police,Essex Police,1.112967,51.787417,On or near LEICESTER CLOSE,E01021989,Tendring 018B,Investigation complete; no suspect identified
050d521e75a50a484f860ed2b0ed2a14058aed7887272986c84f3197573e2320,2018-12,Essex Police,Essex Police,0.429209,51.729709,On or near Parking Area,E01021633,Chelmsford 011C,Investigation complete; no suspect identified
0ef64aba2223157d7dd2d8c350010134bfeadb3d08d2073ac8d1222e0a02e486,2018-12,Essex Police,Essex Police,0.686001,51.556937,On or near ROCHESTER MEWS,E01015859,Southend-on-Sea 004C,Investigation complete; no suspect identified
c6d208a9a3a6205f2982c03ea6709e8bd3a33367eabbf386e932cd27f839a594,2018-12,Essex Police,Essex Police,0.295032,51.610950,On or near FIRSGROVE CRESCENT,E01033064,Brentwood 007G,Investigation complete; no suspect identified
a7fc77bb93b838c918d77ee88b8b8c6d2b8a50d7320ba3a3fd6f2cc31263744b,2018-12,Essex Police,Essex Police,0.886148,51.877892,On or near AISNE ROAD,E01021717,Colchester 013D,Suspect charged
5d9f39843874ec8b700f8448ea93f06d081dc2166bf7ed76cb5ef438fc94a58c,2018-12,Essex Police,Essex Police,0.470656,51.716156,On or near JUNIPER DRIVE,E01021584,Chelmsford 012E,Investigation complete; no suspect identified
59cc04b9b57c6659a2654924c625c74b195ce56dcf96e4c9e770689e90fc5607,2018-12,Essex Police,Essex Police,0.686138,51.559983,On or near PRINCE CLOSE,E01015868,Southend-on-Sea 002F,Investigation complete; no suspect identified
716364cf70883b33ffcd93f91590b03d2656e394cc4a12df8853a992f1ed7300,2018-12,Essex Police,Essex Police,0.592497,51.521692,On or near FURTHERWICK ROAD,E01021498,Castle Point 011B,Unable to prosecute suspect
4da9c2cea7aede41ca4ad81dc16b69e37ff8150a8c002c42ae91b4031dbd8879,2018-12,Essex Police,Essex Police,0.469255,51.577646,On or near FALKENHAM ROW,E01021268,Basildon 015B,Investigation complete; no suspect identified
c606c16002cc857ed94801ce5ca50918915f17de23811b428bd93536300e50a4,2018-12,Essex Police,Essex Police,0.211905,51.808479,On or near ARDLEY CRESCENT,E01022070,Uttlesford 009C,Investigation complete; no suspect identified
9308bcbd829d90c6bdb90ea569e58d1e74a012b73d9de9695dd8762a61c48053,2018-12,Essex Police,Essex Police,0.082125,51.646763,On or near Petrol Station,E01021776,Epping Forest 011C,Investigation complete; no suspect identified
a8a6460e00c7ece778967f9471888fff08404fb20f43d90db1da652ee6116b2b,2018-12,Essex Police,Essex Police,1.157068,51.789064,On or near ROSEMARY CRESCENT,E01022025,Tendring 016B,Unable to prosecute suspect
b01e751fd6f0246c23a8322bd13a41090e7d09545602935fd89f0d8369e26cff,2018-12,Essex Police,Essex Police,0.738595,51.820608,On or near KELVEDON ROAD,E01021726,Colchester 020D,Unable to prosecute suspect
0ecca2e4dbab9fea01ece0ca15c5b138cab2b79dc5fef26f13c45b05b6febf9e,2018-12,Essex Police,Essex Police,0.248743,51.500190,On or near GRANGE ROAD,E01015926,Thurrock 008E,Unable to prosecute suspect
e08e11ee97fa1ba78f96300dec79ee0e6b86895c44419129e5e7007fbc83c3b8,2018-12,Essex Police,Essex Police,0.654218,51.985967,On or near OAK ROAD,E01021398,Braintree 002A,Investigation complete; no suspect identified
7f86c695fa1be8e7c6416e46182e924fa331fb693b029fc90e165570598ef1ec,2018-12,Essex Police,Essex Police,1.128869,51.803859,On or near ST JOHN'S ROAD,E01021977,Tendring 013C,Unable to prosecute suspect
a1df0b4dfa2428ab172b1c9f984e274489a23090bd62dd5208f37b6aeab8ca1c,2018-12,Essex Police,Essex Police,0.592497,51.521692,On or near FURTHERWICK ROAD,E01021498,Castle Point 011B,Unable to prosecute suspect
a71fdc019b44e1cc6b638efbe8cbce70bb526aed1a9fe7695a45af72b9922a0a,2018-12,Essex Police,Essex Police,0.895640,51.896024,On or near NORTH STATION ROAD,E01021650,Colchester 007E,Suspect charged
8c5739d50e6ccf67187a97309465e9b8656b6ee80a561ab15499ce858a74ec8a,2018-12,Essex Police,Essex Police,0.462457,51.585127,On or near Nightclub,E01021268,Basildon 015B,Investigation complete; no suspect identified
475fce3a4c94371df9b7e471079d775347682454ea301704bb2c229139cb77c7,2018-12,Essex Police,Essex Police,0.713791,51.540730,On or near CHICHESTER ROAD,E01015895,Southend-on-Sea 010A,Investigation complete; no suspect identified
6d58be601056d2fb7291102ad16b8096449395a6d0ddfeb073ef40f5793dfe4e,2018-12,Essex Police,Essex Police,0.594395,51.522108,On or near Parking Area,E01021498,Castle Point 011B,Investigation complete; no suspect identified
9de0e0a7a490f6e2591dba22c08c46be10e472f0fcc7bf30d29e03d92fb85996,2018-12,Essex Police,Essex Police,0.730798,51.540290,On or near Petrol Station,E01015844,Southend-on-Sea 014F,Unable to prosecute suspect
8d1c808d9fce6f22f583e51e8774499b9c0e42e799c831da57ca94aec4278caf,2018-12,Essex Police,Essex Police,1.167634,51.858026,On or near ABBEY CRESCENT,E01021973,Tendring 007A,Investigation complete; no suspect identified
d517df87ac4f6f8221c1fe8e20ddce0bea1d56c4102302e1cd6fb83c0c4b5ec5,2018-12,Essex Police,Essex Police,0.700892,51.969608,On or near THE STREET,E01021407,Braintree 002C,Unable to prosecute suspect
56bd4d934154b6a0df837deddbf5c0e7cbeab90f61726d5fa1e8e19f2fdcceaa,2018-12,Essex Police,Essex Police,0.472580,51.577477,On or near CHURCH ROAD,E01021268,Basildon 015B,Investigation complete; no suspect identified
6b7b77315fe00d1d2747a0acb7df0b7941e83deb215d3e392fd709e893860434,2018-12,Essex Police,Essex Police,0.061542,51.642639,On or near HOGARTH REACH,E01021772,Epping Forest 013B,Unable to prosecute suspect
48b1ad4b8d1ef4ccb9e0ef6cca00e92d0cf044e6e8f79bb62cca815160f05f2a,2018-12,Essex Police,Essex Police,1.055915,51.794716,On or near GREENLAND GROVE,E01022046,Tendring 011E,Unable to prosecute suspect
ed029f332ff028e46cd2e27047ba3fc0a392a448d9a4ba2995a9cf4b2b23ab88,2018-12,Essex Police,Essex Police,0.435433,51.637743,On or near SHIRE CLOSE,E01021237,Basildon 001A,Unable to prosecute suspect
8e2f4d30c57bddd91afc64d5e0811c0a7ee23c762ec1858f9e93c04c07eeedc4,2018-12,Essex Police,Essex Police,0.526793,51.864381,On or near SHERINGHAM DRIVE,E01021384,Braintree 013C,Unable to prosecute suspect
9d5b722fad02705a4cd9c370fdf77271919e00df2b4cd6c476dce32ab3fa0f78,2018-12,Essex Police,Essex Police,1.163876,51.817932,On or near FARADAY CLOSE,E01021984,Tendring 010A,Investigation complete; no suspect identified
bc6a37a6402f8fef0e604fefadef144782fb14159ee038f08cc69a088bf802e5,2018-12,Essex Police,Essex Police,0.281355,51.487302,On or near Shopping Area,E01016012,Thurrock 015C,Unable to prosecute suspect
5c5ac327579a7ae69f2a5f3d69a392477fc0f5e2cdd02d6be1a2c64f8d3f0f74,2018-12,Essex Police,Essex Police,0.248743,51.500190,On or near GRANGE ROAD,E01015926,Thurrock 008E,Unable to prosecute suspect
1100a250dc2ab800578eb51df126875d5aa7a7ee1791159c3e9206e5f3448cd7,2018-12,Essex Police,Essex Police,1.241736,51.829032,On or near HOLLAND ROAD,E01021986,Tendring 006B,Investigation complete; no suspect identified
f83891e24e71d45ee4f3703c35bb220b0aa98bc959d78265a2e72493d92a6166,2018-12,Essex Police,Essex Police,0.915893,51.887537,On or near Pedestrian Subway,E01021648,Colchester 007C,Unable to prosecute suspect
682d0ae96ba9b92ce30e3a373e1d0f68ac4a84afd19682bc4620dcb01b07cfe5,2018-12,Essex Police,Essex Police,0.381942,52.019461,On or near HIGH STREET,E01022097,Uttlesford 004C,Investigation complete; no suspect identified
5e1eec0a39cd6f0bb529c06885009a3baf32a50b136f070ff1fe51f2d605e7fe,2018-12,Essex Police,Essex Police,0.145568,51.784089,On or near Pedestrian Subway,E01021854,Harlow 001A,Unable to prosecute suspect
b924625ec17773111a3bdf0e9e5119d3d98762bdfabdb7847fdab248cfee6f62,2018-12,Essex Police,Essex Police,0.510671,51.566487,On or near HOWARD CRESCENT,E01021316,Basildon 018D,Unable to prosecute suspect
51009b1c3eb689b23cd4cb9a66785bd792969599777689a098277f584d680a07,2018-12,Essex Police,Essex Police,1.100868,51.774687,On or near ROVER AVENUE,E01021988,Tendring 018A,Investigation complete; no suspect identified
e5a5f1f78ffb6ecd0f8d8c9f17f2274943cfbfbac3984e96a7d853e83d1fb5a2,2018-12,Essex Police,Essex Police,0.628642,51.939462,On or near WILLOW WAY,E01021392,Braintree 004D,Unable to prosecute suspect
81a47a12f2a4a75f0a9f1d32a3ddb89abf5265c9deca7aff36b8e509c5b90f43,2018-12,Essex Police,Essex Police,0.298021,51.667816,On or near Supermarket,E01021441,Brentwood 001A,Investigation complete; no suspect identified
18eeaab12ac3a4394c5410d3ba43acc445932767dc177ae11e8166b142b975cf,2018-12,Essex Police,Essex Police,0.610694,51.580699,On or near HARDWICK CLOSE,E01021966,Rochford 008F,Unable to prosecute suspect
931345f172058b6365da3f8604e1db4c85f22fa0eda4d9c17da0663314799099,2018-12,Essex Police,Essex Police,0.771926,51.967399,On or near CAMBRIDGE WAY,E01021407,Braintree 002C,Unable to prosecute suspect
851fff70dfad0a31ada9af4ad48c122808392fab5f26146e148135a0dd825912,2018-12,Essex Police,Essex Police,0.493725,51.586445,On or near CRANES CLOSE,E01021269,Basildon 012C,Investigation complete; no suspect identified
2a9cfe5bc9495ce980b6cad8716d1d13b9d549e6b504609a17a8f00fbfdc61d8,2018-12,Essex Police,Essex Police,0.537515,51.600741,On or near ANGLESEY GARDENS,E01021345,Basildon 007E,Unable to prosecute suspect
802735bd2f7da5552d48165774e71174a9f4340079b391e2321140bffef1f460,2018-12,Essex Police,Essex Police,0.579766,51.520129,On or near THAMESIDE CRESCENT,E01021485,Castle Point 010A,Investigation complete; no suspect identified
f92e2076ecfb6bf19bebda85fe8216904cbd7eaf494d165dc3caba39b03a5e98,2018-12,Essex Police,Essex Police,0.519975,51.865831,On or near URBAN HIVE,E01021383,Braintree 010C,Investigation complete; no suspect identified
f787400f18dd769e4bb4aada205926651fbc208441ad2b5ab7ba9831ee6b4717,2018-12,Essex Police,Essex Police,0.421639,51.570616,On or near LITTLE OXCROFT,E01021286,Basildon 016A,Unable to prosecute suspect
3194e23d117a6488c5e1791db7cbf67c5d3af8eca5be706bda80807a80a40cc2,2018-12,Essex Police,Essex Police,0.903719,51.884699,On or near Petrol Station,E01021683,Colchester 011A,Investigation complete; no suspect identified
678e95324621c044fcbd407690a163a4e54461bf7b1dc584696f68f132187439,2018-12,Essex Police,Essex Police,0.310333,51.477247,On or near CASTLE ROAD,E01015951,Thurrock 017A,Investigation complete; no suspect identified
369d8b0281e2d1999d8d432e09607ec91cc89b856387a17cd62a2938b3f0bf73,2018-12,Essex Police,Essex Police,0.070158,51.622047,On or near CHIGWELL RISE,E01021751,Epping Forest 016C,Investigation complete; no suspect identified
11142b941443b5648efe0ab8c9e17ad60aef19da9f1f3878150f51d78a7825cc,2018-12,Essex Police,Essex Police,1.279473,51.937104,On or near Supermarket,E01022001,Tendring 001D,Suspect charged
80c5a698b82a2e22f932f99b45520e745dff098aa1ab0f5049946d2b97c58c4c,2018-12,Essex Police,Essex Police,0.275456,51.855619,On or near Park/Open Space,E01022091,Uttlesford 006C,Investigation complete; no suspect identified
74a16527637732ee1d7f92d793fabb4f2686f40f699dc2f5cd04321c98f4dcd9,2018-12,Essex Police,Essex Police,0.477311,51.732761,On or near HIGH BRIDGE ROAD,E01033140,Chelmsford 010F,Suspect charged
f34df8c7cebeb80be2d98882463141ce5150816afa04c15baa00b6cd96ba3772,2018-12,Essex Police,Essex Police,0.523431,51.567077,On or near ILFRACOMBE AVENUE,E01021313,Basildon 018A,Investigation complete; no suspect identified
1031487c37c46d7c3134775a20f7dc9a29536669b825e8829c64d4b88bebb755,2018-12,Essex Police,Essex Police,0.559721,51.526441,On or near BATAVIA ROAD,E01021503,Castle Point 010D,Unable to prosecute suspect
416d711f6dc9afca30a17a437b20803fd613b09618fa19d0008eb3a3d77f99a7,2018-12,Essex Police,Essex Police,0.877332,51.934354,On or near BADGERS GROVE,E01021659,Colchester 001C,Investigation complete; no suspect identified
511f1fafa4a9f9d4f448256895e07223bd21be01c2312afbe49f073059c285f0,2018-12,Essex Police,Essex Police,0.463880,51.709490,On or near GALLEYWOOD ROAD,E01021559,Chelmsford 017E,Investigation complete; no suspect identified
e62a0370b6d06b35ceb63008b16f00a8c872a3eab9ef2a71e70491310a7036c3,2018-12,Essex Police,Essex Police,0.261741,51.889938,On or near Airport/Airfield,E01022090,Uttlesford 006B,Local resolution
bb57d2a013fba928eefa4c32614d5c12cbd679f70d497d7bcc72c0d8f9ff568e,2018-12,Essex Police,Essex Police,0.293896,51.475726,On or near PARSONAGE ROAD,E01016011,Thurrock 015B,Investigation complete; no suspect identified
63c19ceb95e37854c8b5a713c272ab415679c57ed7185df835ca135c3607f882,2018-12,Essex Police,Essex Police,0.700619,51.927544,On or near THE GROVE,E01021410,Braintree 006E,Investigation complete; no suspect identified
34e6f6fdd0a45cc9cebc1215581aa7bc3e852679ba11245ae50202d1a549f0c3,2018-12,Essex Police,Essex Police,0.656610,51.567787,On or near ST LAWRENCE GARDENS,E01015835,Southend-on-Sea 001C,Investigation complete; no suspect identified
b1a90ce33db8b39dc10d360cf14fbea7549eae939acd6be776c99b32ffec9cc5,2018-12,Essex Police,Essex Police,0.066882,51.765338,On or near Bus/Coach Station,E01021840,Harlow 004B,Unable to prosecute suspect
ea2d4789b97a9a042149ab95d7e6361ee2c36ef445402db0a94e6cd4074318b1,2018-12,Essex Police,Essex Police,0.507341,52.017973,On or near DYERS ROAD,E01021414,Braintree 001C,Investigation complete; no suspect identified
fc6a70b111a2627f5c2e0ca93cf3301e5435cfec8a63d13850985a893c7e6dd2,2018-12,Essex Police,Essex Police,0.461180,51.571394,On or near Parking Area,E01021318,Basildon 015C,Investigation complete; no suspect identified
b2346dce23888c8e749bae9f1f524dffa14b21584dfafb6c85e46b35ce8f3d8a,2018-12,Essex Police,Essex Police,0.445257,51.750933,On or near CHEVIOT DRIVE,E01021601,Chelmsford 003E,Investigation complete; no suspect identified
ff23cb458f5df50dc6fc806e43d455b0a28d5213d17e0af28f50010ba1ec424c,2018-12,Essex Police,Essex Police,0.363813,51.874793,On or near GIBBONS COURT,E01022067,Uttlesford 007B,Unable to prosecute suspect
671033d656108125461ce1b5653dc456bf32bece327abdf1f70b29acd0eebafe,2018-12,Essex Police,Essex Police,0.523431,51.567077,On or near ILFRACOMBE AVENUE,E01021313,Basildon 018A,Unable to prosecute suspect
3ee7294eeccd160e7c3c9ac48c9307dfb79de30eb8442498e46de839638d5089,2018-12,Essex Police,Essex Police,0.441399,51.572563,On or near SWAN CLOSE,E01021291,Basildon 016E,Investigation complete; no suspect identified
3af0d83e9d47bd41c823e6553299d562dfab0107197153033f0170bcbb9ed212,2018-12,Essex Police,Essex Police,0.687343,51.536869,On or near PEMBURY ROAD,E01015828,Southend-on-Sea 012B,Unable to prosecute suspect
9d02d7247e076a5afeb22eaeb38b030d14add77ba972776293a5627c26dc2800,2018-12,Essex Police,Essex Police,0.461459,51.569868,On or near Shopping Area,E01021318,Basildon 015C,Investigation complete; no suspect identified
cc1a47c867d592adb143c63a3b00ab354b9596012b8353b7270bd1c903bf10d9,2018-12,Essex Police,Essex Police,0.580305,51.532465,On or near WOODBERRY CLOSE,E01021504,Castle Point 008C,Unable to prosecute suspect
63d986c1f35a7c0403c2de66f09fe09332ddb0c40c3b6cd8d98a3c75aa46f386,2018-12,Essex Police,Essex Police,0.477311,51.732761,On or near HIGH BRIDGE ROAD,E01033140,Chelmsford 010F,Suspect charged
e2f603233af2b61d6ae874462e1546719fc0f6feff238f5b1f0832c541051dee,2018-12,Essex Police,Essex Police,0.303116,51.608004,On or near BLACKTHORN WAY,E01021475,Brentwood 007E,Unable to prosecute suspect
04b697d5ddeb667fddb1eef20d8761ff50dbc22547782b546a1becaceeed01eb,2018-12,Essex Police,Essex Police,0.737940,51.541301,On or near Parking Area,E01015884,Southend-on-Sea 009B,Investigation complete; no suspect identified
e9aa9ca110ef6e4d891704127f08d559fa60b72cb45d4866f87f1bb95df32c17,2018-12,Essex Police,Essex Police,0.212491,51.680826,On or near OLD RECTORY ROAD,E01021800,Epping Forest 003C,Investigation complete; no suspect identified
41caa53b8cdc2e8493d7e30f2610428177674e8304e28f4fa6d6a66730b63a21,2018-12,Essex Police,Essex Police,0.538784,51.739839,On or near HAMMONDS ROAD,E01021568,Chelmsford 005D,Investigation complete; no suspect identified
d46b5385ef41da4e25b8ff119dbd56bfec94a6a43448095631d042e683ad8748,2018-12,Essex Police,Essex Police,0.456169,51.571868,On or near Pedestrian Subway,E01021318,Basildon 015C,Investigation complete; no suspect identified
849c08b9339e83232e68e34426eabbdc0cd4195c9f6661bd244e69714665a4d0,2018-12,Essex Police,Essex Police,0.425674,51.562916,On or near RYE MEAD,E01021283,Basildon 021D,Unable to prosecute suspect
c914b534277323ca60a5583832d011567dea886d3be66173c7da5c947a5aa3b7,2018-12,Essex Police,Essex Police,0.552410,51.879134,On or near Tofts Walk,E01021365,Braintree 009D,Investigation complete; no suspect identified
7f6c95b9857c6bc0aa75b2080ba4d003732ccff05bb142a1b25d4ea9998b3413,2018-12,Essex Police,Essex Police,0.303257,51.621059,On or near Shopping Area,E01021433,Brentwood 007A,Investigation complete; no suspect identified
7a41b1f38ca3a860ea22403e5cc50e5fb15d1906667f80132db7bfe6ab3c50f0,2018-12,Essex Police,Essex Police,0.737940,51.541301,On or near Parking Area,E01015884,Southend-on-Sea 009B,Investigation complete; no suspect identified
2e59b19b04ecfde2c8be53569ec5980fd66aff4809f925245d399e6909fdde84,2018-12,Essex Police,Essex Police,0.454994,51.574168,On or near ROODEGATE,E01021319,Basildon 017E,Investigation complete; no suspect identified
25fc5adad5815e6a0e124fdd8a46abac2935ae74e2396073a833048e3231f20d,2018-12,Essex Police,Essex Police,1.151333,51.789380,On or near Supermarket,E01022025,Tendring 016B,Investigation complete; no suspect identified
0dad07a6cff57ac284eb7d4ed70bbc580ddd0ee79ada3c78c006aeb18bbbc485,2018-12,Essex Police,Essex Police,1.167634,51.858026,On or near ABBEY CRESCENT,E01021973,Tendring 007A,Investigation complete; no suspect identified
23da7aeded376e12300118fd20840a1d972d244a0fd125ca1c5739fbbde0d70d,2018-12,Essex Police,Essex Police,0.489488,51.574691,On or near LARK WAY,E01021271,Basildon 013A,Unable to prosecute suspect
ac85fce2ac000f22f312ec4c2bb092cc18a3daf3f3287b5bd94aca58175a5a52,2018-12,Essex Police,Essex Police,0.391469,51.675663,On or near Parking Area,E01021458,Brentwood 002B,Investigation complete; no suspect identified
50680b4619c53c1d8ffd47646bca65c16bc45b010dd947f7a56157ccc4bce30b,2018-12,Essex Police,Essex Police,1.260356,51.940955,On or near Petrol Station,E01022007,Tendring 002D,Investigation complete; no suspect identified
2631bc88b1b7f7157639363f945ffc86824447cd643103e70758d479f358a820,2018-12,Essex Police,Essex Police,0.825465,51.660929,On or near KINGS CROFT,E01021906,Maldon 006D,Suspect charged
1aa669c69f5aa2e0d4cea9134b3bb9afc76e0af86120fb470b0aae0a805182d3,2018-12,Essex Police,Essex Police,0.901994,51.891307,On or near RYEGATE ROAD,E01021649,Colchester 007D,Investigation complete; no suspect identified
0397f03d706a94bc4f8ae5905bbcca68f888f4c56d312baf4ceba652214875fd,2018-12,Essex Police,Essex Police,0.121022,51.755650,On or near SPINNING WHEEL MEAD,E01021835,Harlow 008C,Local resolution
f3cbfea2b00068e9c0f6aa74616d987f7b26c39478eac39b866a8b4563894720,2018-12,Essex Police,Essex Police,1.046882,51.910595,On or near CHURCH ROAD,E01021972,Tendring 005B,Investigation complete; no suspect identified
9819320cb76d6aeb4c50b4d6e97c250c797726390c24d54c097fb975903072c7,2018-12,Essex Police,Essex Police,0.445257,51.750933,On or near CHEVIOT DRIVE,E01021601,Chelmsford 003E,Investigation complete; no suspect identified
c207e26e508d3bf02f956f75545fb4a5d95467e5cba3da53ef865151cfcfd6f9,2018-12,Essex Police,Essex Police,0.622559,51.638811,On or near CARRON MEAD,E01021605,Chelmsford 020A,Investigation complete; no suspect identified
12ac04326933897a23e11eb7a8e14d331eb2ffd95ae583b95f3f5be4c778e181,2018-12,Essex Police,Essex Police,0.900435,51.889439,On or near Shopping Area,E01021649,Colchester 007D,Investigation complete; no suspect identified
d122ad6aaf05248e0dfe62c4e23697500046b4e8d30916f8868caef685cffeff,2018-12,Essex Police,Essex Police,0.199258,51.948755,On or near HALLFIELD,E01022072,Uttlesford 003C,Unable to prosecute suspect
998285e1d0cd6a9598c55fe32f3d218c1dea1af1bbd0705e445f530011d76f86,2018-12,Essex Police,Essex Police,0.094481,51.770766,On or near EAST GATE,E01021872,Harlow 007E,Investigation complete; no suspect identified
e50aa347fb3493bc435b361b8d1e0a66f4836e32961f37f6a751cf3394058884,2018-12,Essex Police,Essex Police,0.426676,51.580360,On or near BOULT ROAD,E01021274,Basildon 010D,Unable to prosecute suspect
753643b8c99e99f2f204ba2b3e232db27ef5e65fa0b03be72f1ff7fe1cd4214e,2018-12,Essex Police,Essex Police,0.081972,51.615651,On or near HYCLIFFE GARDENS,E01021767,Epping Forest 017D,Investigation complete; no suspect identified
ca1039ec555e0cbc64f3b3abb78cc4588b5d9bb64e7af5dae31d200cda6ba769,2018-12,Essex Police,Essex Police,0.575386,51.869280,On or near ROMAN COURT,E01021368,Braintree 011A,Investigation complete; no suspect identified
ddf17521241c74eb2755233e6ed36e10d027654a7e9655c30c1080b99e999203,2018-12,Essex Police,Essex Police,0.489560,51.575481,On or near AVON WAY,E01021270,Basildon 012D,Unable to prosecute suspect
7d26aa98266d96a599dbd41b9890bd89dc6c5db6b9a767a33bf8ceaa3bb05d6f,2018-12,Essex Police,Essex Police,0.343882,51.469539,On or near THURROCK PARK WAY,E01016003,Thurrock 018A,Investigation complete; no suspect identified
d60a022a3c693317fc383515e85987b53ff80e54296a373d5a31e34036aecdf2,2018-12,Essex Police,Essex Police,0.256144,51.485784,On or near CARTEL CLOSE,E01015921,Thurrock 015A,Local resolution
69c506aa5bf6b082d0b41f352520bc765cd3035b92e1cfa25a382e1decc1dcfa,2018-12,Essex Police,Essex Police,0.903575,51.888768,On or near Theme/Adventure Park,E01021648,Colchester 007C,Suspect charged
4ff40f71d729f55a379f7d5ebf87c6cd23d26b56d06cce78ae0f1ea2b5dcd5cf,2018-12,Essex Police,Essex Police,0.255377,51.479009,On or near VELLACOTT CLOSE,E01016012,Thurrock 015C,Investigation complete; no suspect identified
a17be033d10decbfe22f99d965fbf438529ae18f820b239059169890421def0c,2018-12,Essex Police,Essex Police,0.870623,51.868442,On or near WATTS ROAD,E01021715,Colchester 015E,Unable to prosecute suspect
ed6eeec3e79df462e524148532e32d2e5e4a0a88224895f4f3e5b85c1e1bd217,2018-12,Essex Police,Essex Police,0.489488,51.574691,On or near LARK WAY,E01021271,Basildon 013A,Unable to prosecute suspect
440dfb44e5f5cb2c202294b848d375490fbf2a1123b3a6c87ca4bdf485dda750,2018-12,Essex Police,Essex Police,0.532590,51.865695,On or near COOPERS CRESCENT,E01021384,Braintree 013C,Unable to prosecute suspect
da258ccb3633717ff5baf926ed77986074285c8accea775e1e6689416bbc0908,2018-12,Essex Police,Essex Police,0.526793,51.864381,On or near SHERINGHAM DRIVE,E01021384,Braintree 013C,Unable to prosecute suspect
5f6c4d921639c9bb7773616e57758b8d7c6d0a78f47c7164ee6df12e840163db,2018-12,Essex Police,Essex Police,0.121022,51.755650,On or near SPINNING WHEEL MEAD,E01021835,Harlow 008C,Investigation complete; no suspect identified
32be80f1df89f2c8a06579e42f5ad6c6c16bffeeceb78e1585006422566c4cf6,2018-12,Essex Police,Essex Police,0.495881,51.732790,On or near Shopping Area,E01021547,Chelmsford 008D,Investigation complete; no suspect identified
76bb1c229408792121d6c19633625ff1e01e498ce7872e565bf5297c2efb86c9,2018-12,Essex Police,Essex Police,0.870623,51.868442,On or near WATTS ROAD,E01021715,Colchester 015E,Unable to prosecute suspect
25ba97739d728722c104438e8aee075808ccb4b1bbbe3b6665abaabffbe2f06d,2018-12,Essex Police,Essex Police,0.472257,51.733569,On or near Shopping Area,E01033141,Chelmsford 010G,Investigation complete; no suspect identified
5d8596af43f7bb71b8aca816f955470b5dc5301e7894fff2088c5cbad93728a6,2018-12,Essex Police,Essex Police,0.700356,51.538414,On or near MILTON ROAD,E01015856,Southend-on-Sea 015F,Unable to prosecute suspect
4895e4ec9b0fe5136c633ec1fe63054d095eabd56177aeb909772b6c954b2703,2018-12,Essex Police,Essex Police,0.277434,51.486092,On or near Shopping Area,E01016012,Thurrock 015C,Investigation complete; no suspect identified
438c5e336d29ad11116fd05d040e93fe5a16a49275b795d55ff3bf00414ac57d,2018-12,Essex Police,Essex Police,0.689585,51.544327,On or near SHOE LANE,E01015831,Southend-on-Sea 012E,Investigation complete; no suspect identified
5204242ac5ca02b4d092a814d8df6aa9837312803f5cf1bd4f44ee85f7d34ddb,2018-12,Essex Police,Essex Police,0.121022,51.755650,On or near SPINNING WHEEL MEAD,E01021835,Harlow 008C,Local resolution
9c098f857de4472efd355f7d469d6c77a511435227db2308ec40193105cd84cc,2018-12,Essex Police,Essex Police,0.722299,51.532744,On or near MARINE PARADE,E01015841,Southend-on-Sea 014C,Unable to prosecute suspect
d8834c9e5b34a204bc250af18c98a34c4cbef7e0df268c9fb1157911dc231bea,2018-12,Essex Police,Essex Police,0.062261,51.675665,On or near Nightclub,E01021806,Epping Forest 009A,Investigation complete; no suspect identified
c9585d47854cb4a11da8a81973cc72e89dd632c34d7f1feca689dd1ebeef920d,2018-12,Essex Police,Essex Police,1.152956,51.787493,On or near Parking Area,E01022025,Tendring 016B,Unable to prosecute suspect
446f732c6622b5b6ab42f9e5ed67766b924fde8107474eb7e290ff37aa6f4e0c,2018-12,Essex Police,Essex Police,0.724776,51.550296,On or near SELBOURNE ROAD,E01015871,Southend-on-Sea 006C,Unable to prosecute suspect
792d3af0a6535a6ce08cd86b1b0f50e1d12a4497e7cc7145ed41a513cd8c6e17,2018-12,Essex Police,Essex Police,1.280873,51.936948,On or near Supermarket,E01022001,Tendring 001D,Suspect charged
31f60d7325b8432faccb067664bbd2561ba3a81ba600d849cfdbecb89146f768,2018-12,Essex Police,Essex Police,0.507341,52.017973,On or near DYERS ROAD,E01021414,Braintree 001C,Investigation complete; no suspect identified
0dde16edf52cc4faac5352b85d822088159adfe77838b0735b99fa0bf47a7185,2018-12,Essex Police,Essex Police,0.524802,51.621736,On or near EGBERT GARDENS,E01021593,Chelmsford 021A,Investigation complete; no suspect identified
d6a2ff2712ae0c4b06b753b6d3bf9ca1d01a15b1cdc6881a71160bf49c13d2be,2018-12,Essex Police,Essex Police,0.902477,51.881213,On or near Sports/Recreation Area,E01021683,Colchester 011A,Investigation complete; no suspect identified
5f9b48f9ebdb6ed6c2cfbb55c03d96f208df7f4f7bb9a3132b3a668cb4abf413,2018-12,Essex Police,Essex Police,1.152956,51.787493,On or near Parking Area,E01022025,Tendring 016B,Investigation complete; no suspect identified
b5c42fe0eda8b7bef3ab83cfbca5ea5c927e6a798e8a2d419449563ab738fdb3,2018-12,Essex Police,Essex Police,0.377147,51.463203,On or near BRYANSTON ROAD,E01016005,Thurrock 018C,Unable to prosecute suspect
596e71c93fa578b002b9e2532c7f9872f9cff04e81cc28779d37ca23f6724757,2018-12,Essex Police,Essex Police,0.726847,51.533789,On or near HAWTREE CLOSE,E01015842,Southend-on-Sea 014D,Unable to prosecute suspect
b279555f3b26e791cb383e02216cf34616546459cf72c43667e85e67d1e62f1d,2018-12,Essex Police,Essex Police,0.895335,51.889691,On or near BALKERNE GARDENS,E01021646,Colchester 007A,Investigation complete; no suspect identified
b4e18be7a9a0786ce7b939f7dc33c7bfa23570a6d8f12848ae44e546638632d7,2018-12,Essex Police,Essex Police,0.771709,51.535921,On or near GOLDMER CLOSE,E01015916,Southend-on-Sea 017C,Unable to prosecute suspect
0b2f63bbef6193f68f94f37dd5383cf40859cb24d0de5e61a88fa4c58657883f,2018-12,Essex Police,Essex Police,0.657313,51.598386,On or near HOCKLEY RISE,E01021935,Rochford 003C,Investigation complete; no suspect identified
7c2567bf8f1eb9c3caf90dd80b17c657ff63e3e44060f96594b7e0c251271c7d,2018-12,Essex Police,Essex Police,1.154354,51.788616,On or near COLNE ROAD,E01022025,Tendring 016B,Unable to prosecute suspect
28d8eea9be7aa0e203334460d6ab4170db4db0620082e9a13e9df1b90124a464,2018-12,Essex Police,Essex Police,0.903419,51.887036,On or near ST BOTOLPH'S STREET,E01021649,Colchester 007D,Investigation complete; no suspect identified
6b19308767e76913948cdd80b106879ac40fc8e39c6af2c60b63109868d13ebc,2018-12,Essex Police,Essex Police,0.572578,51.879135,On or near CUNNINGTON ROAD,E01021370,Braintree 011B,Investigation complete; no suspect identified
9ccab59fb3e9be5830ff0a1bd690a819d420929ee3ca7e0e1e447df8e676f1ba,2018-12,Essex Police,Essex Police,0.100026,51.757826,On or near PARTRIDGE COURT,E01021869,Harlow 007C,Local resolution
9e3e6964e40946fd6bb63779cb1d1ed86fa205f2ccb5d1a5cf9a21a3a70503eb,2018-12,Essex Police,Essex Police,0.100026,51.757826,On or near PARTRIDGE COURT,E01021869,Harlow 007C,Local resolution
89538ec7e472986223f7ca17e89b781bc5d97eef6bc4be401d7c8edab7ac980f,2018-12,Essex Police,Essex Police,0.471420,51.732822,On or near BELLMEAD,E01033141,Chelmsford 010G,Investigation complete; no suspect identified
e37d43f8dee63470f9eeecf092eaedbf221c5e970d7d75d277e2d3db277a41d2,2018-12,Essex Police,Essex Police,1.156341,51.788832,On or near BEACH ROAD,E01022025,Tendring 016B,Unable to prosecute suspect
0e83b6ade5f148d648018212cf9b3aa2c197728e80bfc51881f0104770f821ed,2018-12,Essex Police,Essex Police,0.282488,51.487496,On or near Shopping Area,E01016011,Thurrock 015B,Local resolution
54016e20bc03facee212dc7007d02574f671f67ab93a1cea6413a3b054cf0049,2018-12,Essex Police,Essex Police,0.513170,51.751784,On or near White Hart Lane,E01033144,Chelmsford 005F,Investigation complete; no suspect identified
5b9274910c0b53b2f2b7e9130f41c4ad537bfe0f640e9f18882c2b89849fd617,2018-12,Essex Police,Essex Police,0.570012,51.870072,On or near Shopping Area,E01021368,Braintree 011A,Investigation complete; no suspect identified
38350ec4ed53ed016205e1bd05386e935f7149e7b804d5ddcfdd85ea69d9b54c,2018-12,Essex Police,Essex Police,0.248695,51.485460,On or near THE QUADRANT,E01015921,Thurrock 015A,Unable to prosecute suspect
1c237cff80d8c8aead949cfbebfab4633b3fe2e4098e0e948f6a362839bb83c4,2018-12,Essex Police,Essex Police,0.000372,51.653715,On or near DAWS HILL,E01021806,Epping Forest 009A,Action to be taken by another organisation
8dc49aa6e218bc01b673b5ae40a6f4a86d1c5b1d745ad2aebd9718ad63a83cab,2018-12,Essex Police,Essex Police,0.303116,51.608004,On or near BLACKTHORN WAY,E01021475,Brentwood 007E,Unable to prosecute suspect
7ef8a2933f9e0268d4e6def5b60e83bd6b375f5d6971295268d74f9b8f89b21c,2018-12,Essex Police,Essex Police,0.679909,51.545583,On or near LONDON ROAD,E01015832,Southend-on-Sea 012F,Investigation complete; no suspect identified
7c850d9295c2b2df851435758972a1fa6b3fc7a86b1b055d66d3880a40b4e379,2018-12,Essex Police,Essex Police,0.554706,51.879408,On or near Police Station,E01033459,Braintree 009F,Unable to prosecute suspect
163ffa3cddf21300b50e06e570496359919531d8caa588bef49bf9b0cb3ee0b8,2018-12,Essex Police,Essex Police,0.511640,51.577007,On or near WINFIELDS,E01021303,Basildon 011B,Investigation complete; no suspect identified
881a5faa8041a3c437bd4e25ab97759986cd00871108d08b60c3fc4acf110459,2018-12,Essex Police,Essex Police,0.499708,51.743887,On or near CHELMER ROAD,E01021626,Chelmsford 007E,Unable to prosecute suspect
a7f7ff53f7866e0fab37bfad8b3d004fcf81cb9fda1565e7737cd0e5e383dec3,2018-12,Essex Police,Essex Police,0.636072,51.541801,On or near CASTLE DRIVE,E01015910,Southend-on-Sea 008C,Investigation complete; no suspect identified
9b1a85ca51717880883473e33b47bbfd02d8acf7211341e4fdb2eb83874f9f4b,2018-12,Essex Police,Essex Police,0.626423,51.810236,On or near SNOWDROP CLOSE,E01021426,Braintree 015E,Unable to prosecute suspect
745755945c20e201c313db80e9b8fac9cfbbfb5d124ba7cf3472062c4919aad1,2018-12,Essex Police,Essex Police,1.164698,51.801910,On or near CLAYHALL ROAD,E01022050,Tendring 014E,Unable to prosecute suspect
239a9ba537be42ff28a9109cc06632f6cbda7572409e157ae251320a22e3c120,2018-12,Essex Police,Essex Police,0.552410,51.879134,On or near Tofts Walk,E01021365,Braintree 009D,Investigation complete; no suspect identified
e94a29a541fd858e3608ec43707bcf7a68298b072ee4a17f2d0901aa0eadf4cb,2018-12,Essex Police,Essex Police,0.668685,51.539633,On or near CLIFF GARDENS,E01015848,Southend-on-Sea 011D,Investigation complete; no suspect identified
b9f82825fae8af14899d3ab201d688563ae14c71c99da76a1a3d0a5a2256c40c,2018-12,Essex Police,Essex Police,0.461459,51.569868,On or near Shopping Area,E01021318,Basildon 015C,Investigation complete; no suspect identified
48bff083de51fad3d1f0adbe87faccaf14283d14729f1a1f7bf5dd790e752b5f,2018-12,Essex Police,Essex Police,0.476706,51.589656,On or near Sports/Recreation Area,E01021267,Basildon 012B,Investigation complete; no suspect identified
ef59351929a0e010735030b570c28f84bd800399142c837997330be0f9adc39b,2018-12,Essex Police,Essex Police,0.757590,51.544259,On or near ALBERT ROAD,E01015883,Southend-on-Sea 009A,Investigation complete; no suspect identified
66956f4496eaee2f52baf80f4aea35240febd1117cfa6710a0145efc621d1f87,2018-12,Essex Police,Essex Police,0.910211,51.898578,On or near Shopping Area,E01021647,Colchester 007B,Investigation complete; no suspect identified
6426ebd06c3820e1cd36115e77df3ad3a508cef84d1c22aff64dea74484072ac,2018-12,Essex Police,Essex Police,0.551687,51.567356,On or near LONDON ROAD,E01021476,Castle Point 003A,Investigation complete; no suspect identified
e3f3c9f83d711d1b3ca0db3f3e55dce55165cf60db06b88dff3c1733d36b8942,2018-12,Essex Police,Essex Police,0.461459,51.569868,On or near Shopping Area,E01021318,Basildon 015C,Investigation complete; no suspect identified
a44df1617de5c5797b0543108f8f3c1cd40f2df42734b00414035622dd48fc02,2018-12,Essex Police,Essex Police,0.908856,51.871972,On or near Petrol Station,E01021637,Colchester 018A,Unable to prosecute suspect
c631d43864d95658bb739528fc4db969d90c44c685d0950ed61223a3f2500aa5,2018-12,Essex Police,Essex Police,0.282488,51.487496,On or near Shopping Area,E01016011,Thurrock 015B,Local resolution
79b3e0fbdc6c790137b51ed3a512ae80814d2e0a2a71d91539c3eff6ac113d1b,2018-12,Essex Police,Essex Police,0.473762,51.577191,On or near ORSETT END,E01021265,Basildon 012A,Investigation complete; no suspect identified
ce86fa750db183c55c0bffcbba2ab7863d9d103a33232175258453be68c9ff45,2018-12,Essex Police,Essex Police,0.425843,51.515653,On or near KING STREET,E01015989,Thurrock 005A,Suspect charged
bdd426d6abd9c9207b61acb295a3be6aae604d792ca77102cc9efa3248444eb7,2018-12,Essex Police,Essex Police,0.494158,51.567730,On or near STAGDEN CROSS,E01021326,Basildon 022D,Investigation complete; no suspect identified
8b6928b9540cb8a7693f2ef1ce7fc75a1519cdd6d57a6d3b5e066dd7b6bcc021,2018-12,Essex Police,Essex Police,0.449629,51.522425,On or near GOLDSMITHS AVENUE,E01015983,Thurrock 002B,Unable to prosecute suspect
14a120f94d562b07c0f8700d06ceb00e0c1768aded47cf96065a316a67805058,2018-12,Essex Police,Essex Police,0.726847,51.533789,On or near HAWTREE CLOSE,E01015842,Southend-on-Sea 014D,Unable to prosecute suspect
6dc4b633611c798d8e2d872ef20cf4df540dfec3f149347a3dec42b990e144fa,2018-12,Essex Police,Essex Police,0.121022,51.755650,On or near SPINNING WHEEL MEAD,E01021835,Harlow 008C,Unable to prosecute suspect
48860311f09f4fa4a25dfba3a67dc0a5902b0740eda698175d64f802a3e628c1,2018-12,Essex Police,Essex Police,0.626423,51.810236,On or near SNOWDROP CLOSE,E01021426,Braintree 015E,Unable to prosecute suspect
f1b81561a6fdc7f7b43d16412822592e6fa6fa61845346d193a7674a0c60a970,2018-12,Essex Police,Essex Police,0.463470,51.551813,On or near VANGE PARK ROAD,E01021299,Basildon 020E,Investigation complete; no suspect identified
3dfddc3ad7cc5e2665ae29785d3b4234e74b6f462a15732de614afb114ace190,2018-12,Essex Police,Essex Police,0.354500,51.872579,On or near GREEN LANE,E01033055,Uttlesford 007E,Unable to prosecute suspect
7fd9b78b89e1724a3a689c71731b4b183acf4df6ec1086533a3875fc7f202a46,2018-12,Essex Police,Essex Police,1.286188,51.946550,On or near CUSTOM HOUSE LANE,E01021997,Tendring 001A,Investigation complete; no suspect identified
9ce321d9e23db5538b9bbdc9490167c9c1fbb8f8f836d27386110add1928b31d,2018-12,Essex Police,Essex Police,0.678142,51.736249,On or near Supermarket,E01021890,Maldon 004B,Unable to prosecute suspect
a00f862e21cc60005c722aa4a92cfd847f30a6a0628dc1121757347eadd85e2d,2018-12,Essex Police,Essex Police,0.000372,51.653715,On or near DAWS HILL,E01021806,Epping Forest 009A,Action to be taken by another organisation
92321158956ff978810113eefcff1bd458ce9bfd520ca71f1724ff4eef5df803,2018-12,Essex Police,Essex Police,0.372456,51.872569,On or near Sports/Recreation Area,E01022069,Uttlesford 008D,Suspect charged
976e6f79a05baf1c994ed0bf139f0d53424c03e22c35bc2d2c92df6a2acf98ab,2018-12,Essex Police,Essex Police,0.437339,51.522285,On or near CORNWELL CRESCENT,E01015986,Thurrock 003C,Unable to prosecute suspect
70a79dfb82f05b331a61845c96caf06ce57ab1c2e18d2d7e318001276ce5d028,2018-12,Essex Police,Essex Police,0.309065,51.707222,On or near Park/Open Space,E01021769,Epping Forest 003A,Investigation complete; no suspect identified
9640f00089242d3deb56d27f947467ce68cee12fa9c69888fcf46776ee5a8266,2018-12,Essex Police,Essex Police,0.462457,51.585127,On or near Nightclub,E01021268,Basildon 015B,Investigation complete; no suspect identified
dc6cbe68c54b981a486aca01f5344cc132c6b51795f2b43cce63e29863f6f539,2018-12,Essex Police,Essex Police,0.679219,51.739265,On or near CREASEN BUTT CLOSE,E01021887,Maldon 003D,Unable to prosecute suspect
cc87d9a37481094f5e6ceb46ba198b3a72c4320703db129d2e94d93b898696e7,2018-12,Essex Police,Essex Police,0.472270,51.734594,On or near TINDAL STREET,E01033141,Chelmsford 010G,Investigation complete; no suspect identified
c1e4d803f2fef3dc5e0af1af83709280d7d650719c879c4e1dc641524b97823c,2018-12,Essex Police,Essex Police,0.350655,51.875165,On or near MAPLE WAY,E01033055,Uttlesford 007E,Unable to prosecute suspect
25d035b7a430e11c1263420c081a60a0282475693b2f9c8fbe136e7fde83fc4b,2018-12,Essex Police,Essex Police,,,No location,,,Investigation complete; no suspect identified
1b30a6439a8b4ec361f9d5e91efd582e7d31987a86a2cb3e7d5028ebce64c617,2018-12,Essex Police,Essex Police,0.475214,51.731744,On or near Shopping Area,E01033140,Chelmsford 010F,Investigation complete; no suspect identified
0577eb303b469a866793c7e7038e8aa984b6582cd6f8aa6accff8c3991e6cb2d,2018-12,Essex Police,Essex Police,0.703284,51.548401,On or near ROOTS HALL AVENUE,E01015861,Southend-on-Sea 004E,Unable to prosecute suspect
069ac6f4d2eeca34be3dda16eddedb3afad7c17894ac55dcbe73414e469b7309,2018-12,Essex Police,Essex Police,1.149490,51.790419,On or near ROSEMARY ROAD WEST,E01022026,Tendring 016C,Unable to prosecute suspect
e2512845e7ca14bbeb455df3bc1fbb733b138eeec5c3902713a6947700dcf12c,2018-12,Essex Police,Essex Police,0.913705,51.886287,On or near BROOK STREET,E01021686,Colchester 011D,Investigation complete; no suspect identified
e316ca322d5ed27898421c4fd1d58f39cd36bb4bd6d7191424266669b23ae1b9,2018-12,Essex Police,Essex Police,0.434606,51.569125,On or near ARMADA CLOSE,E01021288,Basildon 016B,Investigation complete; no suspect identified
9c8ef298df5f057a06ac2049a5bf262437a3f56c16ae28ba7faba3507e4cf595,2018-12,Essex Police,Essex Police,0.130475,51.760704,On or near PINEWOOD CLOSE,E01021836,Harlow 008D,Unable to prosecute suspect
f5f828a46e442d153ce861187a5d4063e97c127823d891937f870cd9bb6d9e65,2018-12,Essex Police,Essex Police,0.467078,51.570236,On or near NETHER PRIORS,E01021318,Basildon 015C,Unable to prosecute suspect
50f9fadb0982a1a54fd61189da8ac3edcc16960bd72d2325d513354791cc82c0,2018-12,Essex Police,Essex Police,1.131274,51.797535,On or near BOXTED AVENUE,E01022031,Tendring 015D,Suspect charged
e2e1bd991d7420423afb62c73b5eb6caa1c12635c9d477aa0c813be5b93d0af2,2018-12,Essex Police,Essex Police,0.896616,51.895829,On or near ALBERT STREET,E01021650,Colchester 007E,Unable to prosecute suspect
7a8e4901d85d80942663ed6b43cdd9445cd448fb13d99631bb44dc388138396e,2018-12,Essex Police,Essex Police,0.300204,51.624122,On or near WESTERN AVENUE,E01021433,Brentwood 007A,Unable to prosecute suspect
2038d957c4e531f336a9bbaae8481a8eb7e9237efc65d3565640ffdb5152640b,2018-12,Essex Police,Essex Police,0.707734,51.570369,On or near QUEENSLAND AVENUE,E01021956,Rochford 007E,Investigation complete; no suspect identified
0267336986c3274bd8e4a58d0f18a1fcda392a4d321c3b6961995b460e92cf59,2018-12,Essex Police,Essex Police,0.038675,51.624540,On or near PRINCES WAY,E01021748,Epping Forest 015G,Unable to prosecute suspect
b4658e4de3f748a4d304938f61ed0d55d1e70ce37b8f2fa4eae556624398d6ac,2018-12,Essex Police,Essex Police,0.469962,51.757871,On or near HEATHFIELD ROAD,E01021543,Chelmsford 002B,Investigation complete; no suspect identified
dd2197f5861cf10dc02fb3af5fbeafeb54b06827c6998e880cb65c1e177e145a,2018-12,Essex Police,Essex Police,0.645331,51.545523,On or near SALISBURY ROAD,E01015909,Southend-on-Sea 008B,Investigation complete; no suspect identified
a144c01dfe77800f6d46a43ac288e2649091bf8cf657292776b934a036879207,2018-12,Essex Police,Essex Police,0.586130,51.531959,On or near Supermarket,E01021504,Castle Point 008C,Investigation complete; no suspect identified
322a864a216064fe28a22e290d1ed878f638cedc1afb556a7bba486d2dde4bf4,2018-12,Essex Police,Essex Police,0.463270,51.572142,On or near Parking Area,E01021318,Basildon 015C,Local resolution
d26b6f6074fcf55fc4e6b4ae23dfc8a12d3c4997118ba8dde01ba963a904e5be,2018-12,Essex Police,Essex Police,0.094481,51.770766,On or near EAST GATE,E01021872,Harlow 007E,Unable to prosecute suspect
a7e813b3dc5983a039c6056ede4aa157031c746f57cd59bdda5571c9f69407b4,2018-12,Essex Police,Essex Police,0.708877,51.573805,On or near ROCHEFORT DRIVE,E01021956,Rochford 007E,Investigation complete; no suspect identified
2e20e882af66dcfcb3024ec214f79038e94db48c0bf83e5cd599b866fa383314,2018-12,Essex Police,Essex Police,0.459410,51.568814,On or near SOUTHERNHAY,E01021318,Basildon 015C,Local resolution
282849abe24469980cedc56a4997c73f803dbc302a143ce26cd153f23a35c7f4,2018-12,Essex Police,Essex Police,0.735690,51.551634,On or near COKEFIELD AVENUE,E01015886,Southend-on-Sea 009D,Suspect charged
f3e45ffa2164f58de489303f2638714848441859926d0a9d2ec059236c6a7c92,2018-12,Essex Police,Essex Police,0.590974,51.513154,On or near BEACHWAY,E01021499,Castle Point 011C,Unable to prosecute suspect
32959b67916242b0041df41e7298335fd4a8ef09faf7bddccf6602948708543b,2018-12,Essex Police,Essex Police,0.720074,51.535817,On or near ST LEONARD'S ROAD,E01015841,Southend-on-Sea 014C,Suspect charged
978f33eb8cb434537e7e30a18ea5fa8c16dcff5064c68ad2718b2d15deb775f3,2018-12,Essex Police,Essex Police,0.459410,51.568814,On or near SOUTHERNHAY,E01021318,Basildon 015C,Local resolution
c3337005aee8960bbfce57c812beb3fb60372554445167f6547a61fb4a3cfde6,2018-12,Essex Police,Essex Police,0.088038,51.768722,On or near WEDHEY,E01021842,Harlow 004D,Unable to prosecute suspect
44e314cd9044115fa45ac2c7332d6291f1c68d952d0ce17b943bc36119314a57,2018-12,Essex Police,Essex Police,0.038675,51.624540,On or near PRINCES WAY,E01021748,Epping Forest 015G,Unable to prosecute suspect
59b65f56ee335765801f1d1a397762b4620cfa3203d41bfd469d18942558f204,2018-12,Essex Police,Essex Police,0.424819,51.509667,On or near ST MARGARET'S AVENUE,E01015992,Thurrock 005C,Unable to prosecute suspect
6d335fd3da61c90bbb77621ebb8d09e38f1cb8738bc8fec0c857bc1a11840c09,2018-12,Essex Police,Essex Police,1.082071,51.802002,On or near STANMORE WAY,E01022045,Tendring 018D,Unable to prosecute suspect
f1ffdaea7eb69864164ad26935af37a3521d4270d0a02a90cd0fad9de212e1b2,2018-12,Essex Police,Essex Police,0.176927,51.658667,On or near LONDON ROAD,E01021800,Epping Forest 003C,Investigation complete; no suspect identified
2af104094ba6b7881ef7d8dc9b809fe8a13f9b98815c73a44a6dc23b82b0703d,2018-12,Essex Police,Essex Police,0.434705,51.521009,On or near WILLS HILL,E01015986,Thurrock 003C,Offender given a drugs possession warning
ab88bb3b7bea0df8d6181295316dc2b60a1876305deaf6c4733db8e60a0ec17b,2018-12,Essex Police,Essex Police,0.031099,51.628628,On or near TRENT ROAD,E01021745,Epping Forest 015D,Investigation complete; no suspect identified
b1e0dece6088aeee596b14ebcaee8ca374cf642a1e1bcc14fdcaf7ce28061745,2018-12,Essex Police,Essex Police,0.889354,51.879612,On or near GOOJERAT ROAD,E01021717,Colchester 013D,Unable to prosecute suspect
b3f8aa91b742ab2035866569eaaf207ccd7a5d6aab64209458f246146cd271bc,2018-12,Essex Police,Essex Police,0.415968,51.483211,On or near THOMAS BATA AVENUE,E01015948,Thurrock 013B,Unable to prosecute suspect
3950660802c5eac873ac21b7aeffb2b721730fd8f9b6d110c0e6f31ee986853b,2018-12,Essex Police,Essex Police,0.452426,51.568286,On or near Petrol Station,E01021318,Basildon 015C,Unable to prosecute suspect
334fe9c2050b4893b3efe1c4d81c26477c7e498ce82b813dac1634eb3496d3f3,2018-12,Essex Police,Essex Police,0.669209,51.595867,On or near HAZELWOOD,E01021933,Rochford 003A,Suspect charged
5f5146f71dfb0d8d9c09016beee068b02cc14daba4447449de407113a1008623,2018-12,Essex Police,Essex Police,0.055328,51.648719,On or near Parking Area,E01021791,Epping Forest 012F,Suspect charged
b76fb5ffecabc5c27d3cb99bd44a50618ad81584697fcbd6d1c212a065bbbfd3,2018-12,Essex Police,Essex Police,0.669209,51.595867,On or near HAZELWOOD,E01021933,Rochford 003A,Suspect charged
0a3dd491aef445f636ca315fcae4c9c5637928875c1aaba8ab0d865e217a16f0,2018-12,Essex Police,Essex Police,0.579366,51.515353,On or near AZALEA MEWS,E01021502,Castle Point 011E,Unable to prosecute suspect
4056bb31b26b5c4f66762024b5fe3191f5e5758f72e31d3b09e4557bb22c4e0c,2018-12,Essex Police,Essex Police,0.097658,51.692331,On or near HIGH ROAD,E01021758,Epping Forest 006C,Suspect charged
937222cef35bbdf579c5c57b6a7bb9c6048052fbde10dab21076ea518c104f43,2018-12,Essex Police,Essex Police,0.945355,51.894663,On or near CHAFFINCH GARDENS,E01021705,Colchester 022G,Unable to prosecute suspect
a775001841c942a96d2949d7c542a1c23b5d6f7894aeb4bfcedb33eca2ea5b35,2018-12,Essex Police,Essex Police,0.474190,51.732359,On or near Shopping Area,E01033140,Chelmsford 010F,Investigation complete; no suspect identified
44679d6af759249f0490c59240a1062edd5c798bfbfa4a7e88246808b3464d5d,2018-12,Essex Police,Essex Police,0.627477,51.844053,On or near SCHOOL ROAD,E01021360,Braintree 012A,Offender given a drugs possession warning
dd1b809c00cd81a06a7964031eb4382435c19d5deec797347eb471e76c5d89d0,2018-12,Essex Police,Essex Police,0.347470,51.469027,On or near Petrol Station,E01016003,Thurrock 018A,Investigation complete; no suspect identified
037e37eb8521c125e62a05251ea97b91df2f1476a3210149d558c96af4b21d17,2018-12,Essex Police,Essex Police,0.376161,51.488009,On or near MALPAS ROAD,E01015936,Thurrock 012D,Unable to prosecute suspect
862fdca13d898c63e0cd01a2ec99432b852458ae6b60633bc58ea2f49f1c26ec,2018-12,Essex Police,Essex Police,0.252521,51.501124,On or near HANFORD ROAD,E01015926,Thurrock 008E,Investigation complete; no suspect identified
e3c8a4853b3a8c855f4a2ebf6cdc9216bac2008cabaf9eb06245e69945199a6b,2018-12,Essex Police,Essex Police,0.081646,51.607267,On or near MURTWELL DRIVE,E01021766,Epping Forest 017C,Investigation complete; no suspect identified
8afac35d8b336b8e4f5888c65661b29ec028f62358b6b9879cb1a88400c30c34,2018-12,Essex Police,Essex Police,0.690490,51.547427,On or near BEEDELL AVENUE,E01015906,Southend-on-Sea 007F,Investigation complete; no suspect identified
920af5c57654c8821f068648efe7e9cd1cd433fe9da9ad71f6b187cbdacb8700,2018-12,Essex Police,Essex Police,0.586130,51.531959,On or near Supermarket,E01021504,Castle Point 008C,Unable to prosecute suspect
9c1c15e452acc881c8646ed4bc0ebfad59299878d904a86e11dfde0f5c905c89,2018-12,Essex Police,Essex Police,0.478291,51.790871,On or near Sports/Recreation Area,E01021540,Chelmsford 001C,Investigation complete; no suspect identified
806450b3b8e6a9bc8015091b3b3715051b862f23196359f86525eac33791778a,2018-12,Essex Police,Essex Police,0.945355,51.894663,On or near CHAFFINCH GARDENS,E01021705,Colchester 022G,Unable to prosecute suspect
6f185f6fc6bd8303465d8b8a5102a365c0ffaa916d42eb7057c371181d8cb37e,2018-12,Essex Police,Essex Police,0.294799,51.620370,On or near Parking Area,E01021439,Brentwood 007C,Investigation complete; no suspect identified
7079490ea794517bfd0f259dafc64a16754abb32fecad9b7c19a183491c1e573,2018-12,Essex Police,Essex Police,0.607532,51.587235,On or near Nightclub,E01021962,Rochford 008C,Unable to prosecute suspect
2a6a00d66b2d6b2ceb05bea47fc3e3b6ec00f76560639b2194ef7bdadcec0f79,2018-12,Essex Police,Essex Police,0.691400,51.547208,On or near RAMUZ DRIVE,E01015906,Southend-on-Sea 007F,Unable to prosecute suspect
616d1a59b5f14a894e70bff038c8e869dd2b67ceda5e92e0e430d61ab6b870d4,2018-12,Essex Police,Essex Police,0.918481,51.885080,On or near CHALLENGE WAY,E01021685,Colchester 011C,Unable to prosecute suspect
2b9ff5dc1b20901ab27df8dc304a26836c78585dde68a634a2cb82035ab6236c,2018-12,Essex Police,Essex Police,0.760844,51.537976,On or near Parking Area,E01015885,Southend-on-Sea 009C,Unable to prosecute suspect
45a7c1a3648cf30b5f7b59336a3c4dc9925e86cf324001e064fd0632a62a12c5,2018-12,Essex Police,Essex Police,0.473682,51.730490,On or near Pedestrian Subway,E01033140,Chelmsford 010F,Unable to prosecute suspect
f805a96f1f66e8869c8139494eb82468a28273f2e08092a9d0c040808f62d9f0,2018-12,Essex Police,Essex Police,0.114382,51.756822,On or near THE FAIRWAY,E01021823,Harlow 006D,Unable to prosecute suspect
994f37027054e56d9a9d1528ed4a674c20f04a092db9853052ed1996eec8c5f1,2018-12,Essex Police,Essex Police,0.470773,51.734229,On or near MARKET ROAD,E01033141,Chelmsford 010G,Unable to prosecute suspect
6de3bf6e4d2d297bd369c6ff9d5eedc736cf3cdeb6c662acc51b7f8d183b5c60,2018-12,Essex Police,Essex Police,0.111014,51.770974,On or near ARKWRIGHTS,E01021850,Harlow 003B,Investigation complete; no suspect identified
5091251409ce31c5f082a7900f4cab25a8d7b96eeba6533bde86c6aefe7744c6,2018-12,Essex Police,Essex Police,0.763261,51.876464,On or near DOMSEY BANK,E01021677,Colchester 010D,Unable to prosecute suspect
1a1061c412822d552b1d2b0c583bc66c599212d34f933875c90e71b322b3d9b0,2018-12,Essex Police,Essex Police,0.080201,51.750211,On or near MILWARDS,E01021864,Harlow 011C,Investigation complete; no suspect identified
c12b656a2728c21b53bacd9fbd5f4a2eee4284dbaf3f7f19b960ee83ff736fca,2018-12,Essex Police,Essex Police,0.579366,51.515353,On or near AZALEA MEWS,E01021502,Castle Point 011E,Unable to prosecute suspect
d4805e3d67d0b95c7d4430c44a3b4b5153808a59090da3d3fe56f17ff5b4bacc,2018-12,Essex Police,Essex Police,0.635700,51.934016,On or near TIDINGS HILL,E01021382,Braintree 003A,Unable to prosecute suspect
4cfda23f9a83f4b8306ee55f7d411f458ecce8387df36e9eeafbe1ffb2ed98b7,2018-12,Essex Police,Essex Police,0.635700,51.934016,On or near TIDINGS HILL,E01021382,Braintree 003A,Unable to prosecute suspect
2879ab7d25e96b86939e5408a981e36045df4a0bb7774178ca1cd7d26acc133c,2018-12,Essex Police,Essex Police,0.635700,51.934016,On or near TIDINGS HILL,E01021382,Braintree 003A,Suspect charged
4359b1d8894553b684e911bacb3f9da2a4cdf268d9fe715e45ec1fc143b7d99a,2018-12,Essex Police,Essex Police,0.332699,51.487973,On or near TENNYSON AVENUE,E01015960,Thurrock 014A,Offender given a caution
d10f8fe6983b852bf427522186420ad04e762b9a07eaf5ea3815fdf79af06b6c,2018-12,Essex Police,Essex Police,0.878899,51.868366,On or near GLEBE ROAD,E01021714,Colchester 015D,Unable to prosecute suspect
1163cd24102bcbc3ac6689aa1f4898be6aeb8ad9f4d9098194e5184c60a7ad5c,2018-12,Essex Police,Essex Police,0.545954,51.880605,On or near SUNNYSIDE,E01021358,Braintree 008C,Investigation complete; no suspect identified
8156284dec4fa5c87babec74dd98f5a7548f2d11cd7b7b2d22b031d6f369eb16,2018-12,Essex Police,Essex Police,0.459544,51.585458,On or near Park/Open Space,E01021268,Basildon 015B,Investigation complete; no suspect identified
373a8903fca421f1c36bf3456b9e6673251223911df2d2ef58082a00eb7ee509,2018-12,Essex Police,Essex Police,0.293021,51.612320,On or near RED ROAD,E01033063,Brentwood 007F,Investigation complete; no suspect identified
19099d1f9fc61b1eb9835939d4ec397021016d2335d243799f77825a2b9a37ab,2018-12,Essex Police,Essex Police,0.582622,51.879455,On or near KITCHEN FIELD,E01021369,Braintree 012D,Local resolution
020cdf54a5992bfc8d78c6dd1a5c7afa373e536328f82945c2aa168e6c86bc95,2018-12,Essex Police,Essex Police,0.085746,51.756102,On or near HOLLY FIELD,E01021831,Harlow 007A,Investigation complete; no suspect identified
052a94dc751e38e027c75b6f5133fbbf2dfe70edd3f43bb4084ee6dd3d09d9d0,2018-12,Essex Police,Essex Police,0.725264,51.534824,On or near OUTING CLOSE,E01015842,Southend-on-Sea 014D,Investigation complete; no suspect identified
f7eda19f2b68fb9f8271c74a65c05ae85ce2593b3dd15b35c2617623c325310c,2018-12,Essex Police,Essex Police,0.491416,51.646047,On or near HAWKSWOOD ROAD,E01021604,Chelmsford 018D,Investigation complete; no suspect identified
16f0fd327f267bce48568cd4d9ccd10ed1f1aaf2df104df226db0918c986d73a,2018-12,Essex Police,Essex Police,0.698740,51.590533,On or near ASHINGDON ROAD,E01021931,Rochford 002E,Unable to prosecute suspect
8ddbdba785ba93dba6962408c86b0d88e8fd67683a71bf1bec058f02ba6674c4,2018-12,Essex Police,Essex Police,0.872154,51.880150,On or near REYNOLDS AVENUE,E01021689,Colchester 014A,Investigation complete; no suspect identified
3aae8a78fea3e541818ce6db02f788c923ec3fa88c75bbb63efc891a04d154b3,2018-12,Essex Police,Essex Police,0.671671,51.544817,On or near SUNNINGDALE AVENUE,E01015829,Southend-on-Sea 012C,Investigation complete; no suspect identified
120bef190ff515c23fb955eb838f91317abe500a66e5d6b875e075c559c5d5cb,2018-12,Essex Police,Essex Police,0.821345,51.884465,On or near LONDON ROAD,E01021654,Colchester 010A,Local resolution
7bcffcfa1ff068f80bc6e665f7d94516b5b145c872230b7d7c77c61196ee0a5b,2018-12,Essex Police,Essex Police,0.630444,51.937686,On or near Sports/Recreation Area,E01021393,Braintree 004E,Local resolution
fe1fc38f24f72d549c4aa2ebc33d83d855a869f7cae75394202ffc18306d1d53,2018-12,Essex Police,Essex Police,1.029426,51.797264,On or near CRUCE WAY,E01022046,Tendring 011E,Unable to prosecute suspect
835a336e0d6ee8c641ccaead645eff0c50101a353adc618fade79603977c32d0,2018-12,Essex Police,Essex Police,0.281698,51.489840,On or near Parking Area,E01016011,Thurrock 015B,Local resolution
33938246312d610e5f4a5c4e71485115731656dbb86d56e5e76b02cc8bd782d5,2018-12,Essex Police,Essex Police,1.029426,51.797264,On or near CRUCE WAY,E01022046,Tendring 011E,Unable to prosecute suspect
df93bdc4a624fb0baafc42d4e11288ab1208479d3d31d13f4ca87be0f579e924,2018-12,Essex Police,Essex Police,0.667456,51.543286,On or near Supermarket,E01015829,Southend-on-Sea 012C,Investigation complete; no suspect identified
a29e863cb1565eeeda98fe1a37c944fba1e30ff922ebed839ff659f0fcf34ab5,2018-12,Essex Police,Essex Police,0.283014,51.510418,On or near Supermarket,E01015976,Thurrock 007F,Local resolution
50e5f902e2677ffd1ce360873a6d725705bff0d1d9e0b4a784861b11b944586b,2018-12,Essex Police,Essex Police,0.872154,51.880150,On or near REYNOLDS AVENUE,E01021689,Colchester 014A,Investigation complete; no suspect identified
62d559d897886749154059b7d39f2bbe61b495b61c056adbbb7693ed9ead3ef8,2018-12,Essex Police,Essex Police,0.448767,51.746723,On or near HOBART CLOSE,E01021599,Chelmsford 009C,Investigation complete; no suspect identified
f58715fcecdfbe7c6064a61d13339be36fb2d507cb21926d108d1e1129d7bf19,2018-12,Essex Police,Essex Police,0.872154,51.880150,On or near REYNOLDS AVENUE,E01021689,Colchester 014A,Investigation complete; no suspect identified
07bdc3bb90b493b9174be7e4f04ebc4eb7fd966cb9a9cca0ffb1b58555d6d65f,2018-12,Essex Police,Essex Police,0.092759,51.771138,On or near Nightclub,E01021872,Harlow 007E,Offender given a drugs possession warning
22276af10d7620eddbc32a25ad7d76540dc11c85362f1e34b914f0bba2601620,2018-12,Essex Police,Essex Police,0.510894,51.575521,On or near Pedestrian Subway,E01021303,Basildon 011B,Unable to prosecute suspect
e33641b349900447d87736158e2d26b6986e0014e04f16cbf5f76b80e11a5617,2018-12,Essex Police,Essex Police,1.144116,51.910446,On or near GLEBE CLOSE,E01021978,Tendring 003A,Investigation complete; no suspect identified
19ceb921d6defaf327f41a6110465ea4ebf3d5030af59f0eee049538ff25299d,2018-12,Essex Police,Essex Police,0.686344,51.729704,On or near NORTH STREET,E01021890,Maldon 004B,Investigation complete; no suspect identified
f9f5b54374bb143277a44c358cbb350673b140519fd4cd9b45b1f347b48f9a52,2018-12,Essex Police,Essex Police,0.417763,51.628072,On or near TANFIELD DRIVE,E01021253,Basildon 004B,Investigation complete; no suspect identified
07ba979525dba34bc3c82d26e1956f65cde776818c2eef030e52e5768a7b326e,2018-12,Essex Police,Essex Police,0.539912,51.589618,On or near SOUTHEND ARTERIAL ROAD,E01021344,Basildon 008D,Investigation complete; no suspect identified
a02f8e408734277be2a3b5ac63ddf9e845f1dc33748498420922f6f361048e34,2018-12,Essex Police,Essex Police,0.193109,51.872201,On or near DUNMOW ROAD,E01022087,Uttlesford 005F,Investigation complete; no suspect identified
22495e5ecac7a574b1374fbc7cdb41449b546159d5715114b2ddb79bcd680a5e,2018-12,Essex Police,Essex Police,0.229195,51.484933,On or near RIVER COURT,E01016014,Thurrock 015E,Unable to prosecute suspect
dc9403c3d085eaa45aed5607c35a6feb9588d5333f6e28f130d7b32232f058f6,2018-12,Essex Police,Essex Police,0.297884,51.609086,On or near LORNE ROAD,E01033064,Brentwood 007G,Investigation complete; no suspect identified
efc950a2baeff400427314ba9607790c5e524489e1efa50bd2cdfe77eb5d33bf,2018-12,Essex Police,Essex Police,0.665224,51.539892,On or near GRAND PARADE,E01015848,Southend-on-Sea 011D,Investigation complete; no suspect identified
a2bbc84485d6c814db44d07f7eab58390380e0de4524072680f8d294ebcf1665,2018-12,Essex Police,Essex Police,0.670386,51.547752,On or near LINDISFARNE AVENUE,E01015823,Southend-on-Sea 005D,Investigation complete; no suspect identified
4b686800502bf1ca18198e5ff172f5ff35ae18ff4db61204ecee8b067994e120,2018-12,Essex Police,Essex Police,0.671033,51.543771,On or near LEIGH ROAD,E01015830,Southend-on-Sea 012D,Investigation complete; no suspect identified
ae1c9619eaf7487bc1ca560e8c8576f20596381272f737ee1ee93299226cf216,2018-12,Essex Police,Essex Police,0.324269,51.489337,On or near THURLOE WALK,E01015957,Thurrock 009A,Offender given a caution
f89ed6e9e21205606a58c73b2ac547305315691ac7bb5ad977b640c99d7cc800,2018-12,Essex Police,Essex Police,0.373479,51.484637,On or near ST PETERS ROAD,E01015933,Thurrock 012A,Investigation complete; no suspect identified
dac7fb3da168ab96c8502ef94f870ba77ce0dd3205b00030c90178523ddec862,2018-12,Essex Police,Essex Police,0.693292,51.547003,On or near HAINAULT AVENUE,E01015906,Southend-on-Sea 007F,Unable to prosecute suspect
1921606d19b31a18b2c2b569f6601feed5239fa8cb01a0512ba4476ee54ea562,2018-12,Essex Police,Essex Police,0.618389,51.735942,On or near MEAD PASTURES,E01021913,Maldon 002D,Investigation complete; no suspect identified
a535352e8c6f02c97ec968371131b2d69e96320e3bd5141345bb112b211edcb2,2018-12,Essex Police,Essex Police,0.923650,51.874043,On or near Supermarket,E01021664,Colchester 016C,Investigation complete; no suspect identified
e264f3a71c8ac1b4e35460a84cbf561aa10f61bc47be2311e425474fb3181d25,2018-12,Essex Police,Essex Police,0.071119,51.755317,On or near TITHELANDS,E01021829,Harlow 009A,Investigation complete; no suspect identified
655d9b6d7d06aa66a09da060f45e7ff6a1db7c1ae30e44f39ed4d09ab18d2f81,2018-12,Essex Police,Essex Police,0.559088,51.522084,On or near CHARFLEETS SERVICE ROAD,E01021503,Castle Point 010D,Investigation complete; no suspect identified
c442ea302218b53227630b0d483d69f4516b1fd52cc6d95bd5ff0cea5469f6f6,2018-12,Essex Police,Essex Police,0.071119,51.755317,On or near TITHELANDS,E01021829,Harlow 009A,Investigation complete; no suspect identified
07854c02a393f433e2f6079c2ee711da539217808e1dc78c04d7e10f663cf299,2018-12,Essex Police,Essex Police,1.142850,51.796290,On or near AGINCOURT ROAD,E01021968,Tendring 017A,Investigation complete; no suspect identified
a5a0cfe9c45bef5d58d7be173339e5c22e969cdf0a9d48949db7c078087520f8,2018-12,Essex Police,Essex Police,0.904184,51.861709,On or near INWORTH WALK,E01021639,Colchester 018C,Investigation complete; no suspect identified
8595045308c346ee69de2ca4cd37cc157c43436e68d97871761c31eb15a0611c,2018-12,Essex Police,Essex Police,0.718808,51.537070,On or near TOLEDO ROAD,E01015841,Southend-on-Sea 014C,Unable to prosecute suspect
0605c85d3843c6bcb394d0981b0bb3c024a7c40eb19d4220b81f128ab51e2f54,2018-12,Essex Police,Essex Police,0.559088,51.522084,On or near CHARFLEETS SERVICE ROAD,E01021503,Castle Point 010D,Investigation complete; no suspect identified
e3c896ff8f6b945438fa6511695571323162c804cf66c5f51036112f606a3955,2018-12,Essex Police,Essex Police,0.635700,51.934016,On or near TIDINGS HILL,E01021382,Braintree 003A,Suspect charged
214558666691f928e2ebb79eed92a607f96df8f1439c9fefd68f4bb8bf61044a,2018-12,Essex Police,Essex Police,0.092612,51.768596,On or near Theatre/Concert Hall,E01021872,Harlow 007E,Investigation complete; no suspect identified
f23bfdfc4a3a7070398de40bef09c3b1cfa33f57185da0929ce3cedccfe66126,2018-12,Essex Police,Essex Police,0.559088,51.522084,On or near CHARFLEETS SERVICE ROAD,E01021503,Castle Point 010D,Investigation complete; no suspect identified
8c320abd1eedd24f2514f2450ad13c22359cb25088b2e3b1a54d95673655c468,2018-12,Essex Police,Essex Police,0.373108,51.490814,On or near NORTHWOOD,E01015938,Thurrock 012F,Unable to prosecute suspect
ed9c8233131db6419902f063461da902b7ab74ef3714bf4c496e541b1a6c9812,2018-12,Essex Police,Essex Police,0.728458,51.542161,On or near STROMNESS ROAD,E01015843,Southend-on-Sea 014E,Investigation complete; no suspect identified
11329ce8adf9f63be34209e1de994275f3121de1465c69a459b00e3b6048733c,2018-12,Essex Police,Essex Police,0.518117,51.620000,On or near Conference/Exhibition Centre,E01021338,Basildon 005C,Investigation complete; no suspect identified
b4cb0fad004d98195c3a1cf44d82e3006ffb1cbf971b95df184871687e45015c,2018-12,Essex Police,Essex Police,1.211189,51.855882,On or near WALTON ROAD,E01021974,Tendring 007B,Investigation complete; no suspect identified
70e1e55be6f4a9e39eb7fd12ab9fc1943dc079aa8e9ba97e09700ce627a42879,2018-12,Essex Police,Essex Police,1.085171,51.776242,On or near SEAVIEW ROAD,E01022045,Tendring 018D,Unable to prosecute suspect
3bab06ed3ec230f92fe77113450d0daa75b417b3d3a2534194d71a463c27f3fc,2018-12,Essex Police,Essex Police,0.105268,51.768352,On or near THE DOWNS,E01021849,Harlow 003A,Investigation complete; no suspect identified
31ad6cb6c7335b68e418d69bc47abac1b36ce12b79c40063c2ace835ced8ff63,2018-12,Essex Police,Essex Police,0.693292,51.547003,On or near HAINAULT AVENUE,E01015906,Southend-on-Sea 007F,Unable to prosecute suspect
07885883715da0fe2761b2940f3a46172e356ecbcd3ac82916a0eff9ddbdcfdd,2018-12,Essex Police,Essex Police,0.504008,51.826559,On or near BRICKBARNS,E01021538,Chelmsford 001A,Investigation complete; no suspect identified
67bf1bc36481055f43f5bea47df1cfb070feeef651aee7e52377bece51c53337,2018-12,Essex Police,Essex Police,0.926788,51.867543,On or near CHEVELING ROAD,E01021667,Colchester 016F,Investigation complete; no suspect identified
0806f75a5635a12cb014d03839ed69cba7c9247dbef963825d0752c11535aa14,2018-12,Essex Police,Essex Police,0.476051,51.725602,On or near LADY LANE,E01021577,Chelmsford 012B,Investigation complete; no suspect identified
f7fa80ea5013ce9fb790033347f570d63553f2fed8e0c530f4b3a04ecf9aaa14,2018-12,Essex Police,Essex Police,0.691466,51.735234,On or near BATTLE RISE,E01021886,Maldon 003C,Suspect charged
d1ce628b9ed59bece06bdb79ded5978b55d5a17b60392aceeef4a7db84823d1d,2018-12,Essex Police,Essex Police,0.516632,51.608826,On or near FARNES AVENUE,E01021329,Basildon 006B,Investigation complete; no suspect identified
b6ea54e00a8ce2d4b774257b9399783e10849cc5f0ae3cbfd6a3d1dbc5856ade,2018-12,Essex Police,Essex Police,1.275214,51.935172,On or near PORTLAND CRESCENT,E01021999,Tendring 001C,Unable to prosecute suspect
ffb99d57f0175b9a5643863383e80de9a30a6b57ad0b061b6341f61b67f2ebc9,2018-12,Essex Police,Essex Police,0.615791,51.517361,On or near LEIGH BECK ROAD,E01021491,Castle Point 012C,Offender given a caution
a955bcb63fcebe1697a790d688381dc9a9e28ee31df521d41d72ca561ff45493,2018-12,Essex Police,Essex Police,0.699259,51.544734,On or near RAYLEIGH AVENUE,E01015900,Southend-on-Sea 010F,Suspect charged
e4630095289fcdb19dd518bd67d5434d56851c65069368dc30ef448de55b2f19,2018-12,Essex Police,Essex Police,0.697430,51.538436,On or near HERMITAGE ROAD,E01015856,Southend-on-Sea 015F,Investigation complete; no suspect identified
8b23d88ea506489749356a3f03232bf6eecf1d7305ec6f7da5f86c97c8bc413a,2018-12,Essex Police,Essex Police,0.668936,51.546876,On or near FERNLEIGH DRIVE,E01015823,Southend-on-Sea 005D,Suspect charged
270b320795db86ff43ddc1546beb25fa0dada2240ce4d3cd11893ce0e7a0822a,2018-12,Essex Police,Essex Police,0.718806,51.543087,On or near SWANAGE ROAD,E01015844,Southend-on-Sea 014F,Investigation complete; no suspect identified
3eaa13e72c634ba880d250edf1390b3992e778c6ef7c751718237dbde91bc62d,2018-12,Essex Police,Essex Police,0.613317,51.595956,On or near UPPER LAMBRICKS,E01021961,Rochford 005E,Investigation complete; no suspect identified
015f9262152341f88e53c94176cca7904e98182f0466d22129166c92ffb862f8,2018-12,Essex Police,Essex Police,0.727293,51.543429,On or near OBAN ROAD,E01015843,Southend-on-Sea 014E,Investigation complete; no suspect identified
9b076a7b622f087f19bbd7341bc031f8e8af14c17ee09193dc7d058505690cdd,2018-12,Essex Police,Essex Police,1.140729,51.828573,On or near GALLOWAY DRIVE,E01022016,Tendring 007C,Investigation complete; no suspect identified
850414eddc37cbf3a5a23cf94b182e0014168f9c79162071469c95f924d3c05b,2018-12,Essex Police,Essex Police,0.698444,51.542909,On or near OSBORNE ROAD,E01015896,Southend-on-Sea 010B,Investigation complete; no suspect identified
1e41f568616069a271f70fa23ad277991f49bfd2410e456f41624d814ea2598d,2018-12,Essex Police,Essex Police,0.895390,51.894168,On or near MARKET CLOSE,E01021650,Colchester 007E,Investigation complete; no suspect identified
ad8106e00e95e1100e63566a6c54ae276625986ec32ceccd17a88831188797f2,2018-12,Essex Police,Essex Police,0.239013,51.703516,On or near FAIRBANK CLOSE,E01021753,Epping Forest 004A,Investigation complete; no suspect identified
44fbdc22192acd87e80c2b3492cf5ed4eff6ddebc70b040f2849ecede5f21f27,2018-12,Essex Police,Essex Police,0.086303,51.771334,On or near Hospital,E01021843,Harlow 004E,Unable to prosecute suspect
a491ffc0de9ca53111b9a581d607dd5378249c538afbf9a3c590700ed178807f,2018-12,Essex Police,Essex Police,0.680284,51.552463,On or near WESTBOURNE GROVE,E01015822,Southend-on-Sea 005C,Investigation complete; no suspect identified
a0bad009bf516ffa3408c3ea10491013716cdc347f0d34fc663a10092aa0a429,2018-12,Essex Police,Essex Police,0.718899,51.552141,On or near WENTWORTH ROAD,E01015874,Southend-on-Sea 006F,Investigation complete; no suspect identified
bd6b4a1c030a8a5f98e598ee658c1101b7690702279b2a36c361660a64aff282,2018-12,Essex Police,Essex Police,0.442765,51.628958,On or near THE MOUNT,E01021242,Basildon 001C,Investigation complete; no suspect identified
b914024edd9c9c3cc0c61072908311bc93191ab3e5163dfb0a35ce7b6dfbd0ee,2018-12,Essex Police,Essex Police,0.485470,51.569830,On or near TIMBERLOG LANE,E01021322,Basildon 019A,Investigation complete; no suspect identified
e1c12c3b14b69064e9745465d9bc8dc4a28da1d7fe43d476aac4a8403768809e,2018-12,Essex Police,Essex Police,0.551039,51.524067,On or near Petrol Station,E01021503,Castle Point 010D,Investigation complete; no suspect identified
518d67b964517e3f83b8ea7ebe226a51c67b16bb3803e22338ce2a42ddecebae,2018-12,Essex Police,Essex Police,0.680675,51.548308,On or near WESTMINSTER DRIVE,E01015903,Southend-on-Sea 007C,Investigation complete; no suspect identified
accddd67eabcbe3a25a47b3fca4c7745f089354603aa055e8618d8ecb00379f9,2018-12,Essex Police,Essex Police,0.899363,51.891759,On or near STOCKWELL,E01021649,Colchester 007D,Investigation complete; no suspect identified
0d4797cdd82d4448ca1dab2fe49055c074d2aa7de14a6ab11b5e4305a2fcc909,2018-12,Essex Police,Essex Police,0.712013,51.538486,On or near Nightclub,E01015852,Southend-on-Sea 015B,Investigation complete; no suspect identified
c09f8915386e9e5b166cc797ca19907eb9d68455e16451e0f226496cf6d936f1,2018-12,Essex Police,Essex Police,0.700879,51.556245,On or near EARLS HALL PARADE,E01015860,Southend-on-Sea 004D,Investigation complete; no suspect identified
395c22f6c5a614f7869c5ed82544078b77d407ea0899106137f380fb18a354be,2018-12,Essex Police,Essex Police,0.913086,51.873585,On or near WATERVILLE MEWS,E01021665,Colchester 016D,Investigation complete; no suspect identified
86b59970672bd11eb9a92456d4647958b0768c9e8494f145bcc4fad76683fb6f,2018-12,Essex Police,Essex Police,0.615274,51.583538,On or near TRINITY ROAD,E01021949,Rochford 009D,Investigation complete; no suspect identified
0ce9e94c67c5174c55844422896357a2352b1fd3998429a51402f532a0926d05,2018-12,Essex Police,Essex Police,0.327762,51.624793,On or near SILVER BIRCHES,E01021455,Brentwood 005C,Investigation complete; no suspect identified
e69ca5e207c2312f7f0c3fd2fb072c9337b267e2d91360e84b4ad11a6f45d1d5,2018-12,Essex Police,Essex Police,0.613517,51.594675,On or near TYMS WAY,E01021960,Rochford 005D,Investigation complete; no suspect identified
97d2a9f47143b5121a1b66b3b3706308b1a7dec2915278421f173e8acc078c2e,2018-12,Essex Police,Essex Police,0.632102,51.693735,On or near BIRCHWOOD ROAD,E01021903,Maldon 007G,Investigation complete; no suspect identified
4c85312a84a9ffbc757b2fd64cb8045b0982bc3c66cc6f58c3a74804f70e82f9,2018-12,Essex Police,Essex Police,0.655273,51.546575,On or near CRANLEIGH DRIVE,E01015849,Southend-on-Sea 011E,Investigation complete; no suspect identified
7884d69ee4fcc2e763349ef62400c892438124a04fcd8e37f19365af1a4acb85,2018-12,Essex Police,Essex Police,0.481222,51.566817,On or near SOUTHVIEW ROAD,E01021324,Basildon 019C,Investigation complete; no suspect identified
353f880c3f2dbe6e0970f6c31371eae21960471f02bf8b456f7d0a2b33a0257a,2018-12,Essex Police,Essex Police,0.712101,51.551111,On or near STATION AVENUE,E01015874,Southend-on-Sea 006F,Investigation complete; no suspect identified
169e74ef5c4365940b0727c613c565b1192b2ed72f611d9156aabec206ed2921,2018-12,Essex Police,Essex Police,0.727558,51.531461,On or near EASTERN ESPLANADE,E01015841,Southend-on-Sea 014C,Investigation complete; no suspect identified
6e1da6f512ab0861983b2ac13e7480022c563d59994d7ea6c4273a32b0c3daf2,2018-12,Essex Police,Essex Police,0.570329,51.886073,On or near Supermarket,E01021353,Braintree 009B,Unable to prosecute suspect
3c08fda9174947da0326ceb1860b56170d872e64dcdc8d9b448aa7a8edd80369,2018-12,Essex Police,Essex Police,0.604361,51.556018,On or near COMMONHALL LANE,E01021530,Castle Point 005C,Investigation complete; no suspect identified
1eda014b26f3800816dcf5852ee54292efd81390437ad6c65c2cbf7457ba438b,2018-12,Essex Police,Essex Police,0.439330,51.571374,On or near MYNCHENS,E01021292,Basildon 017B,Investigation complete; no suspect identified
f8f0f28fe1afe6351f9bfa2f5d6556173f8bbe9f2a66af1b22d79bdeed7af3da,2018-12,Essex Police,Essex Police,0.714495,51.537781,On or near CHICHESTER ROAD,E01015852,Southend-on-Sea 015B,Investigation complete; no suspect identified
8d0a9710626373a4682cf58404687e432aecc0e185739774287a129598ad4032,2018-12,Essex Police,Essex Police,0.714143,51.536234,On or near Shopping Area,E01015852,Southend-on-Sea 015B,Offender given a caution
08c0b31f6adc1a8e3e340be9a4844e1d831bb139e6769bf6e552637442a4fa7e,2018-12,Essex Police,Essex Police,0.460233,51.527653,On or near WOOLIFERS AVENUE,E01015944,Thurrock 001B,Investigation complete; no suspect identified
724a158e9410aaf3511e72241ae28a4538e5ce0e8449e02928adbe3df39c37b5,2018-12,Essex Police,Essex Police,0.459544,51.585458,On or near Park/Open Space,E01021268,Basildon 015B,Investigation complete; no suspect identified
4a348a9b1f3d17d608e76402461a569b4fc23c7e31135256cbe9e05d4d85b8fd,2018-12,Essex Police,Essex Police,0.380962,51.667000,On or near STATION LANE,E01021458,Brentwood 002B,Investigation complete; no suspect identified
7b27380967849f575e99271437e319f02aeae1617beea3944a9f44d667f22b7c,2018-12,Essex Police,Essex Police,0.559804,51.562862,On or near ELOUNDA COURT,E01021478,Castle Point 003C,Investigation complete; no suspect identified
2bb0880914095665a07b72792cd6cf2917a3819e85feb19cbc521e168c22a4c0,2018-12,Essex Police,Essex Police,0.365425,51.467613,On or near SULLIVAN ROAD,E01016007,Thurrock 018E,Investigation complete; no suspect identified
d29fde1e26fa0601b8dd4220cec37517d0faf9d9c665ffb2b70c49ee3966ab55,2018-12,Essex Police,Essex Police,0.600350,51.640933,On or near CELEBORN STREET,E01021606,Chelmsford 020B,Investigation complete; no suspect identified
ae20d505c17634f9531254d4c58503b220f87686bb84c3e69215410721b891de,2018-12,Essex Police,Essex Police,0.484983,51.570416,On or near GIBCRACKS,E01021322,Basildon 019A,Investigation complete; no suspect identified
857f314191e5466209f6f171a9bfdcf279092b6595269e92211f30b21c1749f3,2018-12,Essex Police,Essex Police,0.617702,51.582063,On or near WINDSOR WAY,E01021950,Rochford 008A,Investigation complete; no suspect identified
b2311b0aa98fb6d6b545d56afa4a3ee07d714fd5cc41a59bc8177f9fe7faa80b,2018-12,Essex Police,Essex Police,0.610694,51.580699,On or near HARDWICK CLOSE,E01021966,Rochford 008F,Investigation complete; no suspect identified
634d3c63e12e37b3132ab6eff01ed5c8e7148b2710f9498a8f15849d047594b7,2018-12,Essex Police,Essex Police,0.551292,51.632674,On or near A130,E01021594,Chelmsford 021B,Investigation complete; no suspect identified
81d7ac4a1ee2ecd54d096b221001ee72abe6f2199d370429c7c281dd9cb75fb2,2018-12,Essex Police,Essex Police,0.683614,51.548250,On or near FLEETWOOD AVENUE,E01015901,Southend-on-Sea 007A,Investigation complete; no suspect identified
cfa1e7cad30f3c43a39f763db2da34cb87d39b84f4c5d27efe9e2a0b83bf4d03,2018-12,Essex Police,Essex Police,0.696045,51.558191,On or near Petrol Station,E01015859,Southend-on-Sea 004C,Investigation complete; no suspect identified
bd535a068c68f93b53fb987f8407891d3b825e9e0216f99e69960b4f87129738,2018-12,Essex Police,Essex Police,0.273189,51.505869,On or near FRANCES GARDENS,E01015928,Thurrock 007B,Investigation complete; no suspect identified
56c97de26a6ff6baec840d08086c057b06b0bd48f844e10b76a044b9c3b68d65,2018-12,Essex Police,Essex Police,0.477608,51.733690,On or near Supermarket,E01033141,Chelmsford 010G,Investigation complete; no suspect identified
80e94b84b02a64b63f88390255a6b76550b4f8296cb3ca5cdc0ba0162c3e18a2,2018-12,Essex Police,Essex Police,0.600619,51.642096,On or near THE WITHYWINDLE,E01021606,Chelmsford 020B,Investigation complete; no suspect identified
c9a3a5d4a99a55e606a27e112eb2853919dbc19314bf273c30514e4c82ef4068,2018-12,Essex Police,Essex Police,0.610391,51.595554,On or near CAUSTONWAY,E01021961,Rochford 005E,Investigation complete; no suspect identified
743084ad3039bdb19c491ead140300c2af588ac47ec7eb53bcb8a4a0da6c6005,2018-12,Essex Police,Essex Police,0.664271,51.543079,On or near LEIGH ROAD,E01015846,Southend-on-Sea 011B,Investigation complete; no suspect identified
482e1d3550740f5a508fcbbfc2d827497786b940f36b287323feff65c4f1f669,2018-12,Essex Police,Essex Police,1.289363,51.945382,On or near KINGS QUAY STREET,E01021998,Tendring 001B,Investigation complete; no suspect identified
d59ae3f40e856f0c1335cfc96c9b6c455d496559e98bf9873cf12e153e5ae066,2018-12,Essex Police,Essex Police,1.129371,51.796650,On or near LANGHAM DRIVE,E01022031,Tendring 015D,Suspect charged
9456cec142683e3b8ea9afbd5ea314f8a5cc654b56894d7090967ce1cd643794,2018-12,Essex Police,Essex Police,0.372710,51.483690,On or near CAMDEN CLOSE,E01015934,Thurrock 012B,Investigation complete; no suspect identified
a18b7e62a0c9653e6de15821e901a6c7d29641ae37eb2f290e5a34eccd9361c8,2018-12,Essex Police,Essex Police,0.387333,51.672374,On or near WOODLAND CLOSE,E01021458,Brentwood 002B,Investigation complete; no suspect identified
4ab673cb8af9f48dea6af9ecfe15ace39ef898af874e61faf6902bb22abd50bb,2018-12,Essex Police,Essex Police,0.727286,51.543789,On or near TRINITY ROAD,E01015843,Southend-on-Sea 014E,Investigation complete; no suspect identified
d04ee0df267ad462f7101a33a89571e11ed4fbeff901b25cd9123687282334bb,2018-12,Essex Police,Essex Police,0.343882,51.469539,On or near THURROCK PARK WAY,E01016003,Thurrock 018A,Investigation complete; no suspect identified
fda5a30eceaa11f348dfee387e3c096b6a49b1ea87b5f72394faae16198ca5b7,2018-12,Essex Police,Essex Police,0.966091,51.943724,On or near BIRCHWOOD ROAD,E01021655,Colchester 001A,Investigation complete; no suspect identified
b4e8101d99bd2d55923048780b78a086dc07d2920cc8da6ebbbbd20859d6aed0,2018-12,Essex Police,Essex Police,0.685253,51.545946,On or near TINTERN MEWS,E01015901,Southend-on-Sea 007A,Investigation complete; no suspect identified
0bd995966ca8be948929bfc3cdcd8e6142cc51954b9dcb949b9cbb6e3074117e,2018-12,Essex Police,Essex Police,0.617559,51.584107,On or near LODGE CLOSE,E01021950,Rochford 008A,Investigation complete; no suspect identified
3ae99fddda5f9613ce7e82ba199f8151ed24e3fac69f2ba4e30b3abdfdce3b6c,2018-12,Essex Police,Essex Police,0.993224,51.883507,On or near HOLLY WAY,E01022052,Tendring 005D,Investigation complete; no suspect identified
432cf3b83d7e10a04ec02d8eefdb93603cae80d6937f95cd4dd7624221c598ac,2018-12,Essex Police,Essex Police,0.327036,51.475783,On or near THE RETREAT,E01015952,Thurrock 017B,Suspect charged
ebc2d8688a2b2ab11a93d651fa70eb5768317b46d85ca6a9f5b54532586a3408,2018-12,Essex Police,Essex Police,1.281610,51.937468,On or near HIGH STREET,E01022001,Tendring 001D,Investigation complete; no suspect identified
1fc74a6038e6c4bc53a4b564b52c8e46f834cd349c7440359a8a5e0faa847214,2018-12,Essex Police,Essex Police,0.505657,51.565066,On or near HIGH ROAD,E01021316,Basildon 018D,Investigation complete; no suspect identified
18dd4aa615e5ca8ee6aa104600618a238398282d2876795461c04148dc5c4e24,2018-12,Essex Police,Essex Police,0.078055,51.743855,On or near PHELIPS ROAD,E01021866,Harlow 011D,Investigation complete; no suspect identified
641dfc1d87f94de2f5f7c759458474d1d1c6fe7b5fea49cfd1af702194a15130,2018-12,Essex Police,Essex Police,0.611100,51.523059,On or near Sports/Recreation Area,E01021492,Castle Point 009A,Unable to prosecute suspect
c620455ba3677abff4f00ab244d7c0028a568e9e26a02fb3a44daf9e85740592,2018-12,Essex Police,Essex Police,0.639653,51.808464,On or near Braintree Road,E01021416,Braintree 017B,Investigation complete; no suspect identified
8245666827586b14809d42b59d70113a6a8204728816edee177104af61621664,2018-12,Essex Police,Essex Police,0.600619,51.642096,On or near THE WITHYWINDLE,E01021606,Chelmsford 020B,Investigation complete; no suspect identified
4fe5319b3bea7348c993d21386ffb22bc775e93aeaf19a202443a004bf9aef28,2018-12,Essex Police,Essex Police,0.836479,51.886853,On or near TOLLGATE COURT,E01021719,Colchester 012B,Investigation complete; no suspect identified
c51f754a21452f48cb58cd2fd6d4b406957f17d76d9b16938dd4a0ca7c22c3a7,2018-12,Essex Police,Essex Police,0.684606,51.548191,On or near RONALD PARK AVENUE,E01015904,Southend-on-Sea 007D,Investigation complete; no suspect identified
2e8a3b76bb2902483931727eaf1b2774faa394e201f094e3b26a8daa8a0e6927,2018-12,Essex Police,Essex Police,0.908880,51.874598,On or near MULBERRY AVENUE,E01021665,Colchester 016D,Unable to prosecute suspect
af29452f02d7283107902f706d2a6f0ad56b352d174bafb8c1cd78b768dfac8f,2018-12,Essex Police,Essex Police,0.727173,51.536831,On or near LEAMINGTON ROAD,E01015840,Southend-on-Sea 014B,Suspect charged
b6223570c24bb92b946c4c3c581114078fdf9036e1364be868fb5dc6f0b5d225,2018-12,Essex Police,Essex Police,0.727173,51.536831,On or near LEAMINGTON ROAD,E01015840,Southend-on-Sea 014B,Suspect charged
9a5b14541d0e2380a6bac680f1387b61872422c28e23b9194a5566266d5162b7,2018-12,Essex Police,Essex Police,0.103241,51.776194,On or near SCHOOL LANE,E01021853,Harlow 003E,Investigation complete; no suspect identified
a11a28da67834f257f7ad2f13c57dc7b5057b678b8e27de97018905e98b6918a,2018-12,Essex Police,Essex Police,0.728770,51.534131,On or near PROSPECT CLOSE,E01015842,Southend-on-Sea 014D,Suspect charged
6e27ea298765d4f27fc3a117606f42f2f40b1e232e98bf845d0f1eca9a0649c8,2018-12,Essex Police,Essex Police,0.576223,51.527347,On or near EASTWAYS,E01021508,Castle Point 010F,Investigation complete; no suspect identified
d9cc7a23c2ba08330a426939b094afd72f7094723b2ca5a486bc497db4c11b88,2018-12,Essex Police,Essex Police,0.308114,51.491778,On or near FENTON ROAD,E01033614,Thurrock 020E,Investigation complete; no suspect identified
57346007f184034fd6ede601f31c7b61be7f726e7ad5a20a2c00d4668d9f6472,2018-12,Essex Police,Essex Police,0.622112,51.792948,On or near ALFREG ROAD,E01021423,Braintree 016A,Investigation complete; no suspect identified
65af613d1ce19e2755f1cedb8989a253521994d117c6018157ea1d54e3de9b5d,2018-12,Essex Police,Essex Police,0.465424,51.774576,On or near Hospital,E01021542,Chelmsford 002A,Investigation complete; no suspect identified
7cb76fc88e296521f028d552776a20779a2d1c1efe0205b099cc3c02a5115963,2018-12,Essex Police,Essex Police,0.904501,51.861440,On or near BARDFIELD ROAD,E01021641,Colchester 018E,Investigation complete; no suspect identified
eab8e654ef0fc12807bb4adb67ae6ffd4d9e46e6705c64b5145b4df1cf379249,2018-12,Essex Police,Essex Police,0.948134,51.877838,On or near Park/Open Space,E01021736,Colchester 017A,Investigation complete; no suspect identified
c762c6f2b95f0649695d06235a6180bc995ab8607fed9f7a09ee445fcc5ee4af,2018-12,Essex Police,Essex Police,0.607746,51.515822,On or near PARK VIEW,E01021489,Castle Point 012A,Investigation complete; no suspect identified
b65407960f0d37100d21e0a4c56876d1283e98fe45a0ba91301e09404ad46e28,2018-12,Essex Police,Essex Police,0.719983,51.545398,On or near NORTH AVENUE,E01015898,Southend-on-Sea 010D,Investigation complete; no suspect identified
fb3164a2b9af9328b9d08ebf05c063fc7c5e664bbac283c70f4e8cf6e5f9a352,2018-12,Essex Police,Essex Police,0.658869,51.543687,On or near PALL MALL,E01015847,Southend-on-Sea 011C,Investigation complete; no suspect identified
f1ea5e0667bd23a5f04bc5955c2aa4d19610b7e7a3dece88b3e298d37c67150a,2018-12,Essex Police,Essex Police,0.297755,51.521542,On or near CLIFF PLACE,E01015971,Thurrock 006B,Investigation complete; no suspect identified
26f589b087e0f528527fd8fc38da02cf40e2c0636a7afc0fa9356bb4a2877c6b,2018-12,Essex Police,Essex Police,0.685253,51.545946,On or near TINTERN MEWS,E01015901,Southend-on-Sea 007A,Investigation complete; no suspect identified
b0b69820395a16090a938bc6dc958c3d26cbf861db531434ac025772703cde6c,2018-12,Essex Police,Essex Police,1.051125,51.874518,On or near A133,E01021993,Tendring 009C,Unable to prosecute suspect
ed31c4dcb59a2ccc267be6e9ab951758a34221134424e199c4d5636478a5e325,2018-12,Essex Police,Essex Police,0.125080,51.783750,On or near BROMLEY CLOSE,E01021848,Harlow 002E,Investigation complete; no suspect identified
9be896f226feed082e9d742132a754430d797f302c7741f20ee11145d71c1408,2018-12,Essex Police,Essex Police,0.477608,51.733690,On or near Supermarket,E01033141,Chelmsford 010G,Investigation complete; no suspect identified
86d3431e4a35f2c888a6c178e3fd55361cb1ab44f5aec1145c364ae805fa75a4,2018-12,Essex Police,Essex Police,1.116152,51.831071,On or near RECTORY ROAD,E01022047,Tendring 018E,Investigation complete; no suspect identified
4a87d10de98f02789588f25c40a0fc592b2d2b68d87f77b265e3ee524a183d91,2018-12,Essex Police,Essex Police,0.907575,51.864054,On or near STANSTED ROAD,E01021638,Colchester 018B,Investigation complete; no suspect identified
f7fa05605e714a984469a3d5bca2952de26506c86c1687b77d943b782bd61712,2018-12,Essex Police,Essex Police,0.053397,51.646298,On or near Police Station,E01021781,Epping Forest 014B,Investigation complete; no suspect identified
1136f7c5c5bcdfb129bb10651394602cca80f483f22aa31a89b701517b90be76,2018-12,Essex Police,Essex Police,0.342926,51.476159,On or near LAWNS CRESCENT,E01015969,Thurrock 014D,Investigation complete; no suspect identified
10cdb778b6387b284130cad2cfd20990e01b69ec15948f9112729bd6987a5953,2018-12,Essex Police,Essex Police,0.651666,51.539624,On or near Parking Area,E01015848,Southend-on-Sea 011D,Suspect charged
45a621985b3f25dbf976db1b9aeff6d987433ce0b02ebff71b36b9af72c8f977,2018-12,Essex Police,Essex Police,0.131431,51.779769,On or near Pedestrian Subway,E01021856,Harlow 001C,Investigation complete; no suspect identified
1be706e55ec07c0121ea05944158ecd62f6a0ac8c1ea8bb7a525edbe1c4dadb5,2018-12,Essex Police,Essex Police,0.462621,51.571346,On or near Parking Area,E01021318,Basildon 015C,Investigation complete; no suspect identified
9ef33bf50583f1e738e117f11466950c833d1843859aff48fb35b8af2ae82fb0,2018-12,Essex Police,Essex Police,0.544561,51.613377,On or near BEAUCHAMPS DRIVE,E01021337,Basildon 007B,Investigation complete; no suspect identified
204fbc046df81807cc63abb5c8a39e89cb99885363a5eedbf9bb7454602d7cf9,2018-12,Essex Police,Essex Police,0.680262,51.729969,On or near TENTERFIELD ROAD,E01021890,Maldon 004B,Investigation complete; no suspect identified
597d9fbdc76d121c11823c07031933bcae140b937289f65b6064c7a99219b564,2018-12,Essex Police,Essex Police,0.372573,51.461345,On or near MOORE AVENUE,E01016005,Thurrock 018C,Investigation complete; no suspect identified
028bd9991c70b16a954be1897b8ab0744bcf52315ea1f5ae4b136e8c92703ece,2018-12,Essex Police,Essex Police,0.576817,51.522037,On or near LITTLE GYPPS ROAD,E01021488,Castle Point 010C,Investigation complete; no suspect identified
09ea283a7c650254af70d3fc351aa4c244bcdcef06148b74207851e621f9e00a,2018-12,Essex Police,Essex Police,0.830150,51.888121,On or near ESSEX YEOMANRY WAY,E01021718,Colchester 012A,Investigation complete; no suspect identified
5594757d0e875b37eedb7ac870b41fe0233140563cf290902825f2bb6bf878b2,2018-12,Essex Police,Essex Police,0.141697,51.784402,On or near WATLINGTON ROAD,E01021855,Harlow 001B,Investigation complete; no suspect identified
93d00f0a3b7838e17507d2e9ef71f2c6f59d3449f14f9b64d58e23ad2cf9dcd3,2018-12,Essex Police,Essex Police,0.735347,51.804369,On or near MALDON ROAD,E01021725,Colchester 020C,Investigation complete; no suspect identified
8fc5bfeb9cf2a67b3ac2b9f71d2c606b4f198b0f4609f498f8d7f69c6b436a26,2018-12,Essex Police,Essex Police,0.489079,51.583315,On or near HOLDEN ROAD,E01021267,Basildon 012B,Investigation complete; no suspect identified
c3e8ac5108c1d09ef57b07490c5deb2b49aea886e7c90fff9e1e0bdda5ab6b09,2018-12,Essex Police,Essex Police,0.544351,51.887978,On or near FLANDERS CLOSE,E01021359,Braintree 008D,Investigation complete; no suspect identified
0b11bb20d12f28f1a2e356421ec3a69e596354aedd3b0fe36cc68fda3e4af56e,2018-12,Essex Police,Essex Police,0.544351,51.887978,On or near FLANDERS CLOSE,E01021359,Braintree 008D,Investigation complete; no suspect identified
00ff114e6b5dc04587624959d2bd31cff89677fc74adf52a782fcb719498ad41,2018-12,Essex Police,Essex Police,0.468921,51.751535,On or near Supermarket,E01021589,Chelmsford 006C,Investigation complete; no suspect identified
7154c48189e4c5fbf6c0ca42b8f797358ff5114fc7aad2f25b0ab964d749818d,2018-12,Essex Police,Essex Police,0.895335,51.889691,On or near BALKERNE GARDENS,E01021646,Colchester 007A,Suspect charged
b159dbea92dcc2cd345864aa6b9751ea580849202123761897ffd8ca368e1921,2018-12,Essex Police,Essex Police,0.845417,51.886151,On or near HOLLIWELL CLOSE,E01021720,Colchester 012C,Unable to prosecute suspect
0a3c4fdb14b863998aa5e2d7f39b193ca2af34a819fcd7d3dc842679b4e5843e,2018-12,Essex Police,Essex Police,0.203743,51.712780,On or near BLAKE HALL ROAD,E01021800,Epping Forest 003C,Investigation complete; no suspect identified
1f5925f490699eb87c622143087f9ca61d592f9d78a895da82e479636e47d066,2018-12,Essex Police,Essex Police,0.301164,51.620236,On or near BANK PLACE,E01021433,Brentwood 007A,Unable to prosecute suspect
e5284907969d5149221498516d3bdbed8f696c017bdab199f67b0fabed060031,2018-12,Essex Police,Essex Police,0.899183,51.910173,On or near Hospital,E01021682,Colchester 004D,Unable to prosecute suspect
74d0fc5d2a75aaac994c8fb8d1d99b23881854c213e3a4d0402c0f7d26baad45,2018-12,Essex Police,Essex Police,0.315510,51.489888,On or near CHANCE CLOSE,E01015939,Thurrock 020A,Investigation complete; no suspect identified
c1f3d628ffd0087d274f724d9a5aa298940c71bf67e71bd85a3861dea62bc2bc,2018-12,Essex Police,Essex Police,0.152087,51.560349,On or near BRADWELL AVENUE,E01000061,Barking and Dagenham 006C,Unable to prosecute suspect
b779edde2d8e56dfc61921bc21b9b9d7469ba3295d61af02eefbe177e6d97c35,2018-12,Essex Police,Essex Police,0.898122,51.893021,On or near PARKSIDE QUARTER,E01021650,Colchester 007E,Unable to prosecute suspect
b779edde2d8e56dfc61921bc21b9b9d7469ba3295d61af02eefbe177e6d97c35,2018-12,Essex Police,Essex Police,0.898122,51.893021,On or near PARKSIDE QUARTER,E01021650,Colchester 007E,Unable to prosecute suspect
1ea2d85241958af9895735a40c66044435aa5f0f8ee4bc5d9afe3b96df1a7e45,2018-12,Essex Police,Essex Police,0.295093,51.521064,On or near LIME CLOSE,E01015974,Thurrock 006E,Unable to prosecute suspect
e9998cfb43b1aad73e20a16a8f9d3e7848a5a5ebaa54ba1ddeddea0a9002c2d4,2018-12,Essex Police,Essex Police,0.137036,51.739758,On or near M11,E01021768,Epping Forest 001A,Unable to prosecute suspect
945a892900576cbdb5b38cd3e7da6b44c0720574e5787935e472773deb7ecdf3,2018-12,Essex Police,Essex Police,0.845417,51.886151,On or near HOLLIWELL CLOSE,E01021720,Colchester 012C,Unable to prosecute suspect
5c3f23e3a6f057ead496cb243bb9fecf3c27b8c22e3c869fbc7e609c054904b5,2018-12,Essex Police,Essex Police,0.845417,51.886151,On or near HOLLIWELL CLOSE,E01021720,Colchester 012C,Unable to prosecute suspect
fccc550bb64103f8758a3640bbcd44b6cfad6b3caf51dd2f72e2d18b1c8c12f9,2018-12,Essex Police,Essex Police,0.667652,51.560180,On or near BRIDGWATER DRIVE,E01015824,Southend-on-Sea 005E,Unable to prosecute suspect
264013753ed183fdc8fa1f9143d38333dc5bfb7b15d871d3175dd808245171a9,2018-12,Essex Police,Essex Police,0.901742,51.896638,On or near JARMIN ROAD,E01021647,Colchester 007B,Unable to prosecute suspect
8fc9c0c3067234bbebeda0005f05f5b863a83206d6b32fa3125da92bcd263a8a,2018-12,Essex Police,Essex Police,0.873160,51.874972,On or near DUNCAN ROAD,E01021713,Colchester 015C,Investigation complete; no suspect identified
ae86bc198f86ced030d7b226ea4c200aeb1d9092c4cbc305f784956c08e12d0f,2018-12,Essex Police,Essex Police,0.709743,51.544690,On or near Police Station,E01015895,Southend-on-Sea 010A,Unable to prosecute suspect
098486ed9ff6781080f46bba891f248444105f39533e5d068c1fb045bef0a353,2018-12,Essex Police,Essex Police,0.709743,51.544690,On or near Police Station,E01015895,Southend-on-Sea 010A,Formal action is not in the public interest
bb0e69a2224cd2296c4c9e1e0e0b6f4900a5440093f9264eddd285f6edfec17e,2018-12,Essex Police,Essex Police,0.119448,51.774653,On or near MARDYKE ROAD,E01021844,Harlow 002A,Unable to prosecute suspect
fa16599d20bb4b113af2f8c827736bc2dba8e23a705336e80d5c9b4ab61ce9b1,2018-12,Essex Police,Essex Police,0.477311,51.732761,On or near HIGH BRIDGE ROAD,E01033140,Chelmsford 010F,Suspect charged
df101dad57e8800b7d740d2a979e703ea3135b6662739895b0f3be565d448b99,2018-12,Essex Police,Essex Police,0.609179,51.519721,On or near BARNEVELD AVENUE,E01021490,Castle Point 012B,Suspect charged
3f290268876c7131b55581b40782659d6468fb0d0e239f7372bbdf4ebf371e93,2018-12,Essex Police,Essex Police,0.894589,51.886462,On or near Police Station,E01021651,Colchester 013A,Offender given a caution
f3e6fbd0aa9996c0f73fcdc2ba8f182f20a49a58b50fc4f9479c3911ee37dff2,2018-12,Essex Police,Essex Police,0.565974,51.523282,On or near SECOND AVENUE,E01021486,Castle Point 010B,Suspect charged
878676e1e4e70e0b7a9a5e757bc9eadbedff4eb70a05c7e7a7563a3eb4b9e06f,2018-12,Essex Police,Essex Police,0.552537,51.878313,On or near MARKET PLACE,E01033459,Braintree 009F,Suspect charged
395d738afafa568dc56f6c78d51a59beea2a54f4386ef87d26a4db9dfb4d22b3,2018-12,Essex Police,Essex Police,0.558169,51.553527,On or near Parking Area,E01021522,Castle Point 007C,Investigation complete; no suspect identified
5003a71a685b020218d12557fe987d5eda23580aee7a6dcd838feb42e30ae5ba,2018-12,Essex Police,Essex Police,0.724430,51.670162,On or near ST MICHAELS CLOSE,E01021874,Maldon 007B,Unable to prosecute suspect
6467b4b938f8fe059ad44dcd1e46c9cdd44be06a6f4042b8282e1fb53153926c,2018-12,Essex Police,Essex Police,0.095779,51.754044,On or near CHARTERS CROSS,E01021871,Harlow 007D,Unable to prosecute suspect
496f11e1cc8da5911aa04c105b9ca2a2fef818447d8c9338079d7907001932e9,2018-12,Essex Police,Essex Police,0.117819,51.788468,On or near PRINTERS WAY,E01021848,Harlow 002E,Unable to prosecute suspect
cc6c401925c37ce95c0b55c28c169ad96d6b95bbc4c22867393adfed996e9743,2018-12,Essex Police,Essex Police,0.122161,51.676387,On or near Pedestrian Subway,E01021800,Epping Forest 003C,Unable to prosecute suspect
e4d827f74edaeeb924b9a1fa3f045e9564da06394cf58b41cb8b4cb948c7f4bc,2018-12,Essex Police,Essex Police,0.493487,51.577880,On or near CHICHESTER CLOSE,E01021269,Basildon 012C,Further investigation is not in the public interest
7d96a2bbdf5f2077a09334f9c1dfeaa3b93cd67bf803a5b430e168f35bd16c3c,2018-12,Essex Police,Essex Police,0.565974,51.523282,On or near SECOND AVENUE,E01021486,Castle Point 010B,Suspect charged
672dc6baac03a9a38ab94d1e9bf5513035adfb13cb8ce5da68d184af8c1ebe66,2018-12,Essex Police,Essex Police,0.485242,51.563000,On or near MIDDLE CROCKERFORD,E01021323,Basildon 019B,Suspect charged
bb7764043f730272ef972833d4bffb727d622d330bb556b2b265df053d09e3c8,2018-12,Essex Police,Essex Police,0.504768,51.564104,On or near BROADWAY LINK,E01021316,Basildon 018D,Unable to prosecute suspect
b37f7f77c81101e7372bc7160167462b8d262278caba1498b3b27a927ddb2990,2018-12,Essex Police,Essex Police,0.500720,51.569758,On or near Pedestrian Subway,E01021305,Basildon 013D,Unable to prosecute suspect
334242fc4a7cfadf4da0b0500b94a60ff1a80ac90f69fe583c6094ca8dedd2bd,2018-12,Essex Police,Essex Police,0.101619,51.749380,On or near LOWER MEADOW,E01021858,Harlow 010B,Unable to prosecute suspect
b3db7d6c575ff41932070d620cb6aecd9442486409537cb93222ec8c4132704b,2018-12,Essex Police,Essex Police,0.578708,51.521816,On or near NORTH AVENUE,E01021485,Castle Point 010A,Unable to prosecute suspect
f36bc3f0c8edd27b8f9367663a2dfc09299359ddf1aefb33d81ac73e5a2395a7,2018-12,Essex Police,Essex Police,0.481329,51.573011,On or near HOCKLEY ROAD,E01021320,Basildon 015D,Unable to prosecute suspect
a7c36dabfd8844d8812f83b13663aaa88982301b00d601793dc9d851dfcd5f53,2018-12,Essex Police,Essex Police,0.678578,52.068259,On or near CLAYPITS LANE,E01021406,Braintree 002B,Suspect charged
c29494ec7f4a11cf54b5230142d4b066d63bee9584fb7668ce95c8500d06e5ca,2018-12,Essex Police,Essex Police,0.101289,51.694199,On or near HIGHFIELD PLACE,E01021763,Epping Forest 005D,Local resolution
cef5b50e0e2e665534c8d34b070a5658bdcf350d2cd99885d01121854cf97ff9,2018-12,Essex Police,Essex Police,0.303360,51.620247,On or near Supermarket,E01021436,Brentwood 007B,Suspect charged
cef5b50e0e2e665534c8d34b070a5658bdcf350d2cd99885d01121854cf97ff9,2018-12,Essex Police,Essex Police,0.303360,51.620247,On or near Supermarket,E01021436,Brentwood 007B,Suspect charged
cef5b50e0e2e665534c8d34b070a5658bdcf350d2cd99885d01121854cf97ff9,2018-12,Essex Police,Essex Police,0.303360,51.620247,On or near Supermarket,E01021436,Brentwood 007B,Suspect charged
cef5b50e0e2e665534c8d34b070a5658bdcf350d2cd99885d01121854cf97ff9,2018-12,Essex Police,Essex Police,0.303360,51.620247,On or near Supermarket,E01021436,Brentwood 007B,Suspect charged
cef5b50e0e2e665534c8d34b070a5658bdcf350d2cd99885d01121854cf97ff9,2018-12,Essex Police,Essex Police,0.303360,51.620247,On or near Supermarket,E01021436,Brentwood 007B,Suspect charged
0b611b339d7d2e2f429a0621098003a5381c38c5d0d41557ae2d80a05e767895,2018-12,Essex Police,Essex Police,0.303360,51.620247,On or near Supermarket,E01021436,Brentwood 007B,Suspect charged
0b611b339d7d2e2f429a0621098003a5381c38c5d0d41557ae2d80a05e767895,2018-12,Essex Police,Essex Police,0.303360,51.620247,On or near Supermarket,E01021436,Brentwood 007B,Suspect charged
0b611b339d7d2e2f429a0621098003a5381c38c5d0d41557ae2d80a05e767895,2018-12,Essex Police,Essex Police,0.303360,51.620247,On or near Supermarket,E01021436,Brentwood 007B,Suspect charged
0b611b339d7d2e2f429a0621098003a5381c38c5d0d41557ae2d80a05e767895,2018-12,Essex Police,Essex Police,0.303360,51.620247,On or near Supermarket,E01021436,Brentwood 007B,Suspect charged
0b611b339d7d2e2f429a0621098003a5381c38c5d0d41557ae2d80a05e767895,2018-12,Essex Police,Essex Police,0.303360,51.620247,On or near Supermarket,E01021436,Brentwood 007B,Suspect charged
bb4cd54f7a98023a1f656a98562f430c04a757bedc0fefa6b5bd195ab48f0733,2018-12,Essex Police,Essex Police,0.244500,52.032025,On or near CROCUS FIELDS,E01022078,Uttlesford 002C,Suspect charged
d2d983aaf1689ff85059c8dcaa46852a09fad64d67e6771098533c3d7bef1fe2,2018-12,Essex Police,Essex Police,1.131195,51.806441,On or near GAINSBOROUGH CLOSE,E01021976,Tendring 013B,Unable to prosecute suspect
77165e515af3b43e2ce68798683a8a91238f82299ee8914a0bd730fb806b2068,2018-12,Essex Police,Essex Police,0.754149,51.555348,On or near REBELS LANE,E01021924,Rochford 010E,Unable to prosecute suspect
723be056cbefbc1311fdb66a6317d2654a1a8a0a28cd45cd6b66a43b8c8dbb32,2018-12,Essex Police,Essex Police,1.250910,51.930882,On or near HOLYROOD,E01033051,Tendring 002F,Unable to prosecute suspect
cbb2244681398fdc1bcf48216826bfb38788a8f3f833dd4265c127b26f776dd8,2018-12,Essex Police,Essex Police,0.896444,51.887271,On or near ESSEX STREET,E01021649,Colchester 007D,Unable to prosecute suspect
b9da1f118332eeada5be361c22da0146c9a3484ebda1254b4f052048dd371b19,2018-12,Essex Police,Essex Police,0.896444,51.887271,On or near ESSEX STREET,E01021649,Colchester 007D,Unable to prosecute suspect
b9da1f118332eeada5be361c22da0146c9a3484ebda1254b4f052048dd371b19,2018-12,Essex Police,Essex Police,0.896444,51.887271,On or near ESSEX STREET,E01021649,Colchester 007D,Unable to prosecute suspect
9521c46da0ddf7c90f189fc7c89ad141e2b9558383e0e2823d0d0ad772501bd7,2018-12,Essex Police,Essex Police,0.904135,51.870191,On or near WYCH ELM,E01021637,Colchester 018A,Unable to prosecute suspect
12c3d8ec1c9c756233e4b0e623b0dbf4ec6c97e976c61a5b298617ea8b7abc51,2018-12,Essex Police,Essex Police,0.599583,51.557500,On or near A13,E01021482,Castle Point 006A,Unable to prosecute suspect
59dc614726801a44f888548a2580701a9cfe2d550f8a649667b8e2f16419cfd2,2018-12,Essex Police,Essex Police,0.758744,51.536641,On or near ELM GROVE,E01015890,Southend-on-Sea 016B,Unable to prosecute suspect
b805455a7a4caf3b9491e0e69a901dbdf209338e5c98c21408e271ae5be10dd7,2018-12,Essex Police,Essex Police,0.053397,51.646298,On or near Police Station,E01021781,Epping Forest 014B,Investigation complete; no suspect identified
ec3e994fd78b1b883945298731839c3176ee1e8a845e3680428483a6356f6248,2018-12,Essex Police,Essex Police,0.359986,51.633502,On or near OAKWOOD AVENUE,E01021450,Brentwood 003C,Unable to prosecute suspect
4f64b59a1b84bf4d312cf4e160c2055c7a7d0060e3227ede101f4618a24a14ee,2018-12,Essex Police,Essex Police,0.262613,51.888213,On or near Parking Area,E01022090,Uttlesford 006B,Unable to prosecute suspect
d8edcfa7a512d9cd1e991f7133c794f29d22d7ea8393877cf9b199eded9d3ee7,2018-12,Essex Police,Essex Police,0.694077,51.540276,On or near Supermarket,E01015855,Southend-on-Sea 015E,Unable to prosecute suspect
fe0689708b3865ed4a966942adae9ea2525337c656b7660a999efcfb4e023cbf,2018-12,Essex Police,Essex Police,0.673073,51.719071,On or near KEEBLE PARK,E01021897,Maldon 005E,Suspect charged
0ea6ee7be2282270e00780d4c8ce2419326a375d0a9483b8d91f06944c481ec1,2018-12,Essex Police,Essex Police,0.096056,51.768166,On or near SOUTH GATE,E01021868,Harlow 007B,Unable to prosecute suspect
085c085f26657f0a29d67c34ed10d76052fb781ddc2c587e9c369cf6c1081ab0,2018-12,Essex Police,Essex Police,1.156340,51.787978,On or near MARINE PARADE EAST,E01022025,Tendring 016B,Unable to prosecute suspect
43acb47cc1ae83becb00842903b9335157d26180c94701f107434320a35d5136,2018-12,Essex Police,Essex Police,1.156340,51.787978,On or near MARINE PARADE EAST,E01022025,Tendring 016B,Suspect charged
afb5a7b187af0ebdbd77b6af2aec28306bca9ac5c70a95e47b0f7f8d418d7858,2018-12,Essex Police,Essex Police,0.117554,51.786206,On or near EDINBURGH PLACE,E01021848,Harlow 002E,Unable to prosecute suspect
7708260e88646b14b4dc4d8c3e2154848bddc8702a7776a6c58c8d9e1d956531,2018-12,Essex Police,Essex Police,0.606024,51.523784,On or near Sports/Recreation Area,E01021490,Castle Point 012B,Suspect charged
e8488a6a0c54e52b7ab258e23b0543822a25d870921541daca4acfd94d42b0ef,2018-12,Essex Police,Essex Police,0.472503,51.700658,On or near WILLOWBANK,E01021552,Chelmsford 017A,Unable to prosecute suspect
159c4e922f5a583a9c5a924908bc144fcdb085c9b108ca9c9965475147bbfcb9,2018-12,Essex Police,Essex Police,0.895698,51.897371,On or near NORTH STATION ROAD,E01021650,Colchester 007E,Suspect charged
6541c5ad07e6b222591e739ae60d461818b5acadc62958a03b631a55f88528af,2018-12,Essex Police,Essex Police,0.482392,51.717122,On or near SAWKINS AVENUE,E01033145,Chelmsford 014G,Suspect charged
1edf9663ddcdab0b7dae71a6826bdaafecd5ffbf536831cbc360e4ce22c89dd3,2018-12,Essex Police,Essex Police,0.903854,51.911119,On or near KINGSWOOD ROAD,E01021682,Colchester 004D,Unable to prosecute suspect
2df4df3f8e2948800aaac7e8f7a9fea2515afd7b20264a442313e0aca75335ad,2018-12,Essex Police,Essex Police,1.174832,51.845969,On or near THORPE PARK LANE,E01021974,Tendring 007B,Investigation complete; no suspect identified
2404b988e5b0acdf57cf6c1e6909f8dd94ba590e4a08a4f58da0e673a469429d,2018-12,Essex Police,Essex Police,0.442273,51.710130,On or near Parking Area,E01021634,Chelmsford 011D,Investigation complete; no suspect identified
b966aa4e08c026ab99119cb51618dd195f8ec93817dd78d529dab08d07fe93d3,2018-12,Essex Police,Essex Police,0.571300,51.523130,On or near CHERRY CLOSE,E01021485,Castle Point 010A,Suspect charged
b966aa4e08c026ab99119cb51618dd195f8ec93817dd78d529dab08d07fe93d3,2018-12,Essex Police,Essex Police,0.571300,51.523130,On or near CHERRY CLOSE,E01021485,Castle Point 010A,Suspect charged
3e628639dba9696cf18b27a326e571043f0bc8a93f70812479ab67f7691d8bf8,2018-12,Essex Police,Essex Police,1.132730,51.799699,On or near HYACINTH CLOSE,E01022023,Tendring 015A,Unable to prosecute suspect
4170e9c3418a353019cf914a73e22ec9126d72851cd639d8b2baa8f9a9828621,2018-12,Essex Police,Essex Police,0.074369,51.650066,On or near ABBESS TERRACE,E01021790,Epping Forest 012E,Unable to prosecute suspect
0c06d71b718feb7c5cc03d683e7ba5beed9267cfff636670f3874e63319914e8,2018-12,Essex Police,Essex Police,0.891763,51.887710,On or near CROUCH STREET,E01021649,Colchester 007D,Suspect charged
0c06d71b718feb7c5cc03d683e7ba5beed9267cfff636670f3874e63319914e8,2018-12,Essex Police,Essex Police,0.891763,51.887710,On or near CROUCH STREET,E01021649,Colchester 007D,Suspect charged
910e8461eab05be89c034aec22d8920c8bcf4374f3b74d9bc628881b2fae741f,2018-12,Essex Police,Essex Police,0.438719,51.608475,On or near HOMEFIELD CLOSE,E01021257,Basildon 009B,Unable to prosecute suspect
23bf9d0b8d0b802e6deb83c9f132ef3ffedf1abf714ccd84172027a2f81fe03c,2018-12,Essex Police,Essex Police,0.058148,51.650666,On or near KING'S GREEN,E01021787,Epping Forest 012B,Suspect charged
dfa7a9d0d14c69726df9b9eefc94f3e320a6d35295aad9fcdb8d9d31f88ba88a,2018-12,Essex Police,Essex Police,0.126125,51.781627,On or near BROOMFIELD,E01021848,Harlow 002E,Unable to prosecute suspect
3b03919996cd8083f3f4417ff0cc8a893ac81ccfd9e9ad335fff75ee42b6cd1e,2018-12,Essex Police,Essex Police,0.472536,51.736818,On or near COTTAGE PLACE,E01033141,Chelmsford 010G,Unable to prosecute suspect
cd98023ef26255eaa9aa5b0a585df5512126f2d62ef534c1428769731c8ec2b3,2018-12,Essex Police,Essex Police,0.180749,51.805266,On or near PLASHETS,E01021768,Epping Forest 001A,Unable to prosecute suspect
b3db98dbc430cd2af5c1d306a854f31ffcf1f89364f9268b5f02cb628f4870d1,2018-12,Essex Police,Essex Police,0.477535,51.737369,On or near ECKERSLEY ROAD,E01033141,Chelmsford 010G,Unable to prosecute suspect
2f4211379556013c88ac1f98098f5fdba0f578afbcb7f9f8a8fc762cdcf0b01c,2018-12,Essex Police,Essex Police,0.428371,51.639473,On or near CRAWFORD CLOSE,E01021251,Basildon 001E,Investigation complete; no suspect identified
147f5dbb9ac4a2a41e44739bf1f4970bc1228de2d17a7d6346ead636a2ca2fd8,2018-12,Essex Police,Essex Police,0.853046,51.881785,On or near STERLING CLOSE,E01021691,Colchester 014C,Unable to prosecute suspect
c817f7af2c8d7e5efd371fad1a854a7f642d4c624447a3f72d8a819ce9da6a4c,2018-12,Essex Police,Essex Police,0.477659,51.727987,On or near LYNMOUTH GARDENS,E01021579,Chelmsford 012C,Local resolution
8e307facd06daaf2bd92ee3fbe00c483e6f05eae9bc4b8c3f24af8263f469634,2018-12,Essex Police,Essex Police,0.602603,51.649219,On or near STATION APPROACH,E01021614,Chelmsford 019D,Local resolution
0576b8a9ac9019acf9cad14d438e164d105bd7cbccce2496e4b6459c569a9983,2018-12,Essex Police,Essex Police,,,No location,,,Unable to prosecute suspect
ae2be4f8e707baf3365260391a5f12f7505576c648c3eaff002287ba736d1513,2018-12,Essex Police,Essex Police,0.585628,51.569904,On or near GRANGEWAY,E01021510,Castle Point 002B,Unable to prosecute suspect
24f6918485286fa038a95e5ff2977fcde7bfe05eeac1c7bf2fbb0192e4ef51ca,2018-12,Essex Police,Essex Police,0.893973,51.914627,On or near DEFOE CRESCENT,E01021680,Colchester 004B,Unable to prosecute suspect
9b07193e82a10f0b222ea5c77a41ed77eb8d776eef8f799c8724631c75df5f92,2018-12,Essex Police,Essex Police,0.455025,51.557871,On or near FOBBING FARM CLOSE,E01021297,Basildon 020D,Unable to prosecute suspect
0adfe8c77bccf9bf6208d9eb775be5b820b9845a7414121203f8533008169d68,2018-12,Essex Police,Essex Police,0.454958,51.753761,On or near PEGGOTTY CLOSE,E01021590,Chelmsford 002D,Investigation complete; no suspect identified
6d6696ee57d54c564af7aca69fbe02791d736e509feaf68ea9d1d19303a9881e,2018-12,Essex Police,Essex Police,0.723523,51.552753,On or near WEYBOURNE CLOSE,E01015871,Southend-on-Sea 006C,Unable to prosecute suspect
f0d95206fda916c4e09808ba109d5d390759b7443c4c6085d9b634eb889ed2a5,2018-12,Essex Police,Essex Police,0.117819,51.788468,On or near PRINTERS WAY,E01021848,Harlow 002E,Unable to prosecute suspect
1d3ac3455581e7069e930b156b0bdf3f34c52ec600450656a84155b7b398bbb3,2018-12,Essex Police,Essex Police,0.265807,51.602741,On or near NAG'S HEAD LANE,E01021473,Brentwood 008D,Unable to prosecute suspect
419ea8cc748f2dcdb6f137d2eb4d1c3a4fdd20328e6ce4a68cabf15b557b9b32,2018-12,Essex Police,Essex Police,0.265807,51.602741,On or near NAG'S HEAD LANE,E01021473,Brentwood 008D,Unable to prosecute suspect
fc9fc80e1d1e6930add3cf842c41a7267ddffa64908dbba951cf24bfedc6d32f,2018-12,Essex Police,Essex Police,0.623555,51.793581,On or near CHRISTINA ROAD,E01021423,Braintree 016A,Unable to prosecute suspect
50154bbb5ea0b1e2067f82f0d10e2191a0dfb56a7a36314b1161ca6180905231,2018-12,Essex Police,Essex Police,0.074369,51.650066,On or near ABBESS TERRACE,E01021790,Epping Forest 012E,Suspect charged
db219b22bf3b4dbaeff2c7c6c29b591d42395d48119022e056eccb5a1096a8af,2018-12,Essex Police,Essex Police,1.154230,51.798063,On or near OXFORD CRESCENT,E01022043,Tendring 014B,Action to be taken by another organisation
593bcbbb1c05f679061f53c07e240629037f04868896246009310a7123c40b1a,2018-12,Essex Police,Essex Police,0.630444,51.937686,On or near Sports/Recreation Area,E01021393,Braintree 004E,Local resolution
3fb6aba6bf541e095cbcd0fd5ca399ef5e165ed48c6e7841af0be25ac87cb781,2018-12,Essex Police,Essex Police,0.699259,51.544734,On or near RAYLEIGH AVENUE,E01015900,Southend-on-Sea 010F,Unable to prosecute suspect
00b086d9235498efe67c579cb222f3db8ad0a83c587fca0b00a9839fb23de094,2018-12,Essex Police,Essex Police,0.709743,51.544690,On or near Police Station,E01015895,Southend-on-Sea 010A,Action to be taken by another organisation
57d70211a4ea60a57752a58993f53da9660e463861d99243d61b647bb6231754,2018-12,Essex Police,Essex Police,0.340522,51.477871,On or near CRESCENT AVENUE,E01015969,Thurrock 014D,Unable to prosecute suspect
506e544aa1bad04e66c7708615cce88d5c36d19d61ae367f77e833e64bccb13d,2018-12,Essex Police,Essex Police,0.731243,51.531591,On or near RETORT CLOSE,E01015841,Southend-on-Sea 014C,Unable to prosecute suspect
0d0591714691bd739bce7d23cc71d60f53c92d7ba76ae4b3e1b444ba74f43180,2018-12,Essex Police,Essex Police,0.561195,51.879042,On or near ALBERT ROAD,E01033459,Braintree 009F,Suspect charged
edd945d596ba0fcc6d427e38b995041d72a10ae5c622be599de90b07c8d03240,2018-12,Essex Police,Essex Police,0.708846,51.542220,On or near Parking Area,E01015895,Southend-on-Sea 010A,Unable to prosecute suspect
2605a3d27add5f834670fb56cac0e9249756fb84bdb98d693ffe0e49b7723275,2018-12,Essex Police,Essex Police,0.487436,51.721692,On or near GERARD GARDENS,E01033137,Chelmsford 014F,Unable to prosecute suspect
2605a3d27add5f834670fb56cac0e9249756fb84bdb98d693ffe0e49b7723275,2018-12,Essex Police,Essex Police,0.487436,51.721692,On or near GERARD GARDENS,E01033137,Chelmsford 014F,Unable to prosecute suspect
9699df41015985d9165712c1c9a95d3cffd50b4557fd6360842480e9b6fa9ca5,2018-12,Essex Police,Essex Police,0.520333,51.755246,On or near A130,E01021537,Chelmsford 005B,Investigation complete; no suspect identified
bdba6ebffb66a14bb21992eee464baa40a08eb176afbb816d95abc342f40d6d5,2018-12,Essex Police,Essex Police,0.487259,51.724286,On or near WHITEHOUSE CRESCENT,E01021563,Chelmsford 014B,Unable to prosecute suspect
3bdbbb04cb12c9d648928355af1c0d8407e088a4ab66bc2b767571c498304539,2018-12,Essex Police,Essex Police,0.880032,51.871998,On or near REED HALL AVENUE,E01033723,Colchester 015G,Unable to prosecute suspect
cf5055cc9b7738881d8c9219f095a2a7957355f595965f6360305c4e3ea30b1c,2018-12,Essex Police,Essex Police,1.151440,51.787381,On or near PENFOLD ROAD,E01022025,Tendring 016B,Unable to prosecute suspect
4cd5ed988d7ee27faec8305d7af498a3f73f8a23305e126b0e58f60691e42cce,2018-12,Essex Police,Essex Police,1.133099,51.805437,On or near COTTAGE GROVE,E01021976,Tendring 013B,Unable to prosecute suspect
e4b66282fe2a70eff286fa68063946473d0e9ae1ce8be2feedf23ca7c5b3149e,2018-12,Essex Police,Essex Police,0.935438,51.883696,On or near SULLIVAN CLOSE,E01033722,Colchester 008H,Unable to prosecute suspect
5edbb214a27c8f9b9e0eb5efcc7d7bab0dc81e88211cfaa3526396b43e289390,2018-12,Essex Police,Essex Police,0.485409,51.561566,On or near SOUTH CROCKERFORD,E01021325,Basildon 019D,Suspect charged
fcc832de34998dc8401812ec387368582a0cc5bb1c22ad4c3f2202bb7829ce26,2018-12,Essex Police,Essex Police,0.192015,51.641741,On or near CURTIS MILL LANE,E01021800,Epping Forest 003C,Unable to prosecute suspect
34953872fba779b987027b4e60a61876d7a8ce3ff1e16b8eebc1ac75bb427472,2018-12,Essex Police,Essex Police,0.118183,51.758777,On or near STILE CROFT,E01021819,Harlow 006A,Unable to prosecute suspect
cf173d2a898fa90f06c5d28dafaee8a6a219eefcb1bcfa5c77e9ab3d12d2ef26,2018-12,Essex Police,Essex Police,0.069748,51.641595,On or near LOWER ALDERTON HALL LANE,E01021771,Epping Forest 013A,Unable to prosecute suspect
faa4d6803aecfb4360cc764cf24984ce7df953d2f7225f473ffd35b58cff6c55,2018-12,Essex Police,Essex Police,0.255495,51.498900,On or near HIGH STREET,E01015921,Thurrock 015A,Unable to prosecute suspect
3eb26350245bfb0b7603bd33752b184b2ed8a9cf882b379ef1fa23c7b5dbf791,2018-12,Essex Police,Essex Police,0.855638,51.846107,On or near Sports/Recreation Area,E01021645,Colchester 019C,Formal action is not in the public interest
03a7700895db971013885ea72b0a2ba8e776f35abb224e15d7893dfe298ccf27,2018-12,Essex Police,Essex Police,0.855638,51.846107,On or near Sports/Recreation Area,E01021645,Colchester 019C,Formal action is not in the public interest
ca51177b24e717700b1f4f2b4c04188fbeca53c12385734c0d036472bbbb02df,2018-12,Essex Police,Essex Police,0.782388,51.541487,On or near WEAVERDALE,E01015878,Southend-on-Sea 013C,Local resolution
68df213cc59d56cc8f37098373056668aea61ce8d35e3bed0f6351fab6a5ad6d,2018-12,Essex Police,Essex Police,1.284301,51.939047,On or near PARK ROAD,E01021998,Tendring 001B,Unable to prosecute suspect
4af27d8603026da777cecb0235e8e4c85905a46b997cd8a8268ec84c6d630dd0,2018-12,Essex Police,Essex Police,0.242864,52.017974,On or near BELLS CLOSE,E01022075,Uttlesford 001B,Unable to prosecute suspect
25e3246aa1534cb80e92f8944f0eef603897f97a6ce947a2a7208f582981a859,2018-12,Essex Police,Essex Police,0.314479,51.499396,On or near A13,E01015994,Thurrock 009D,Unable to prosecute suspect
496072b673b327698c525b86e5624b53bfcc56c56073dfd6c8494ec122a8e09a,2018-12,Essex Police,Essex Police,0.373479,51.484637,On or near ST PETERS ROAD,E01015933,Thurrock 012A,Unable to prosecute suspect
9efd22e69a4e9569f8c7f455ad8e7362fb9c62ad7b9e07df5c030459e978804d,2018-12,Essex Police,Essex Police,0.558840,51.877744,On or near RAILWAY STREET,E01033458,Braintree 009E,Unable to prosecute suspect
cbbed63e4135f1fff7fe2563cdae96d37b7bcf8610c9e844805cdb036f202176,2018-12,Essex Police,Essex Police,0.584110,51.858774,On or near WRIGHT'S AVENUE,E01021380,Braintree 012E,Unable to prosecute suspect
cbbed63e4135f1fff7fe2563cdae96d37b7bcf8610c9e844805cdb036f202176,2018-12,Essex Police,Essex Police,0.584110,51.858774,On or near WRIGHT'S AVENUE,E01021380,Braintree 012E,Unable to prosecute suspect
ff290358ae47e5ae069b2adbf525029f58d66d5e02c70dd26d8e8baeeb5eb6fe,2018-12,Essex Police,Essex Police,0.467307,51.588577,On or near ENDEAVOUR DRIVE,E01021268,Basildon 015B,Suspect charged
ff290358ae47e5ae069b2adbf525029f58d66d5e02c70dd26d8e8baeeb5eb6fe,2018-12,Essex Police,Essex Police,0.467307,51.588577,On or near ENDEAVOUR DRIVE,E01021268,Basildon 015B,Suspect charged
844756eceeda9d6396e358829329f93fd022ec5ef06c4c6d3fb0a26d6ddea008,2018-12,Essex Police,Essex Police,0.702134,51.542860,On or near Further/Higher Educational Building,E01015896,Southend-on-Sea 010B,Suspect charged
59665b5ebe40b4dec1d751bbc774eb54b7ac84271338c5a1d2ead4d2b73a8529,2018-12,Essex Police,Essex Police,0.454697,51.583653,On or near CHESTER HALL LANE,E01021268,Basildon 015B,Unable to prosecute suspect
b5c080f3e56deb18351728c1da59222cb5786fb0d25ee03b46d0bda2dd02f7ff,2018-12,Essex Police,Essex Police,0.795506,51.530778,On or near Parking Area,E01015876,Southend-on-Sea 013A,Unable to prosecute suspect
da3a990251b78e639cd32e7b7b1d8b8e10ecd061668204c61803024e8c333342,2018-12,Essex Police,Essex Police,0.665099,51.553043,On or near SUFFOLK AVENUE,E01015820,Southend-on-Sea 005A,Unable to prosecute suspect
265ccb41c918ded2772febb32fa4ae0ddb16baa0ce938df4a6e5418ab9723231,2018-12,Essex Police,Essex Police,0.364287,51.481801,On or near KINGSLEY WALK,E01015935,Thurrock 012C,Investigation complete; no suspect identified
31d20318c52ed8207bd12bdb4261d69d126950f7ee8f1efd2d1325e9c8ddfe1b,2018-12,Essex Police,Essex Police,0.325894,51.611421,On or near ST STEPHENS CRESCENT,E01021435,Brentwood 008A,Unable to prosecute suspect
916365f1701db71b271e64fe4a0cd52a48d5b44474681863f206737646b48d26,2018-12,Essex Police,Essex Police,0.696089,51.558451,On or near ROCHFORD ROAD,E01015859,Southend-on-Sea 004C,Unable to prosecute suspect
e272c6f0b50f48da914657ca85a71fc59af2f7c45b9c07a145870f6deefa3504,2018-12,Essex Police,Essex Police,0.711264,51.538980,On or near Parking Area,E01015854,Southend-on-Sea 015D,Formal action is not in the public interest
e545e11d24702ffbc892f50b9ed41558603de65132c1173ade6044c8b2a73c8f,2018-12,Essex Police,Essex Police,0.741996,51.549265,On or near SHERWOOD WAY,E01015886,Southend-on-Sea 009D,Unable to prosecute suspect
7002863835953dbc86e48682ccb7e47666952463bb6fb7af869533b0762e983e,2018-12,Essex Police,Essex Police,1.147091,51.794693,On or near KEY ROAD,E01021968,Tendring 017A,Suspect charged
f8f1cc92500bae5accab4c620b8cfa5634a537c3e8a0841c32e7b07096bed4c6,2018-12,Essex Police,Essex Police,1.147091,51.794693,On or near KEY ROAD,E01021968,Tendring 017A,Suspect charged
da4254a807faa959887b8d3bb1fe0774dcbe9b2c5a9f42ed9b3a66212cc30a57,2018-12,Essex Police,Essex Police,1.147091,51.794693,On or near KEY ROAD,E01021968,Tendring 017A,Suspect charged
ef62a456ca31856c6da4f61782b7244ca7291671b5924ce4dcd5fa74809affef,2018-12,Essex Police,Essex Police,0.271161,51.666567,On or near LUTHERS CLOSE,E01021444,Brentwood 001D,Investigation complete; no suspect identified
b7dddecf959d20bf48a3e116bd89d8a8c51e435bf6f8f38fd71ab494403ae3cc,2018-12,Essex Police,Essex Police,0.340463,51.474761,On or near SILVERLOCKE ROAD,E01015969,Thurrock 014D,Unable to prosecute suspect
f6d60710a026be33e3c812ff54dcd4e488da070023211e56b694d3641ae91b16,2018-12,Essex Police,Essex Police,0.344935,51.473223,On or near SALIX ROAD,E01016003,Thurrock 018A,Unable to prosecute suspect
8ae2dadc71de87aaf10f773c5a63110a5c34ff5733c1d603b6182289ad6ecdf0,2018-12,Essex Police,Essex Police,0.255377,51.479009,On or near VELLACOTT CLOSE,E01016012,Thurrock 015C,Unable to prosecute suspect
c9b7ca0b397ee7fee5e8f229784fe66bfc0716bea9d208df919c8a88663451fc,2018-12,Essex Police,Essex Police,0.675015,51.566893,On or near MAYFLOWER CLOSE,E01015863,Southend-on-Sea 002A,Unable to prosecute suspect
3efdff6e8c725b7e9037c6f33830b432139a6c955e0aaddbf78d9c545a23450c,2018-12,Essex Police,Essex Police,0.696459,51.596152,On or near Supermarket,E01021932,Rochford 007B,Unable to prosecute suspect
a8d180a4224c274752bc97e3c159c043b5b4e97a0c66fcc51ac1748430d6adf0,2018-12,Essex Police,Essex Police,0.565542,51.522266,On or near FIRST AVENUE,E01021486,Castle Point 010B,Unable to prosecute suspect
b47e643938953aac100de187be14bcc648774cc3fac59429a404263205601ba0,2018-12,Essex Police,Essex Police,0.614437,51.559903,On or near HAINAULT CLOSE,E01021532,Castle Point 005D,Unable to prosecute suspect
fc2d123dcc2b370b263ff77713085a6fd0925d0ed0eb7e0a69eb1b629c18cd3d,2018-12,Essex Police,Essex Police,0.696008,51.596082,On or near Parking Area,E01021932,Rochford 007B,Unable to prosecute suspect
2d941d5992250532c24d3ee4c1658e081a9bbb2452331cfccecc71de6c70368f,2018-12,Essex Police,Essex Police,0.558327,51.884824,On or near BLACKWATER WAY,E01021350,Braintree 009A,Unable to prosecute suspect
9b779893b436f66d2b665aeba9fa18392420b14c9bdb34403114c570ec2693fe,2018-12,Essex Police,Essex Police,0.888902,51.871889,On or near Sports/Recreation Area,E01033723,Colchester 015G,Unable to prosecute suspect
a72a5e4e077915811698b6944fa1b9785035588353a472a60b588df8a5eb2016,2018-12,Essex Police,Essex Police,0.756740,51.815471,On or near GROVE ROAD,E01021643,Colchester 019A,Suspect charged
7c9dfe2b8c8f8302623924be8882c8092c66b8768f564adc16e15db3c489dc48,2018-12,Essex Police,Essex Police,0.645360,51.815486,On or near LIME CLOSE,E01021419,Braintree 015D,Unable to prosecute suspect
3e8ae49dadbbae7c1b9d48bee9dee01c51729a553500bb24c303c9b90884c2c3,2018-12,Essex Police,Essex Police,0.347470,51.469027,On or near Petrol Station,E01016003,Thurrock 018A,Suspect charged
afc7ab40e0f660312b298120083f9b8f0ed566a3f81abc95b7a4841b20841b6d,2018-12,Essex Police,Essex Police,0.925889,51.898225,On or near BARKSTEAD ROAD,E01021703,Colchester 022E,Unable to prosecute suspect
695d6f97c328e83ee8815d70081442e9219bdccf455ca530b99f152381b44664,2018-12,Essex Police,Essex Police,0.558327,51.884824,On or near BLACKWATER WAY,E01021350,Braintree 009A,Unable to prosecute suspect
3ad9da719ec220badfb3aeabc997ba99649da1a83c37e119f9ee9e24b96a7a47,2018-12,Essex Police,Essex Police,0.787288,51.706387,On or near Park/Open Space,E01021901,Maldon 006A,Unable to prosecute suspect
9dc6438bdb36ca0943b70692d056750306ae21316d441fc66082bc04159f1d92,2018-12,Essex Police,Essex Police,0.456349,51.565299,On or near TAKELY END,E01021297,Basildon 020D,Local resolution
afd3dda77a53132c220cf9f55ca6fcabdc7f8bb4db20376c5d3bab53fac09c20,2018-12,Essex Police,Essex Police,0.573410,51.878191,On or near BARTRAM AVENUE SOUTH,E01021370,Braintree 011B,Unable to prosecute suspect
c6ba965d95c1d4cc8f68e9ea9ecf502be2ffa0dd12816da96531bc50e8ca4d06,2018-12,Essex Police,Essex Police,0.514236,51.624535,On or near STATION ROAD,E01021338,Basildon 005C,Suspect charged
cb60646128952fecba4f35cc12e3aaa83ce923bae5e5bb760f0ed262377708e8,2018-12,Essex Police,Essex Police,0.486524,51.723294,On or near SPOONER CLOSE,E01021563,Chelmsford 014B,Unable to prosecute suspect
ae4db8807ae6b18de01a7d35eb9f39490ee39f3a15a0787e66b622b63ed33721,2018-12,Essex Police,Essex Police,0.486524,51.723294,On or near SPOONER CLOSE,E01021563,Chelmsford 014B,Unable to prosecute suspect
59585e8781571c8538b2187cc2291f51e587fc1ddacdae501b4df2d345ffb2ea,2018-12,Essex Police,Essex Police,0.837692,51.759079,On or near KENTS GRASS,E01021908,Maldon 001A,Suspect charged
563705fc64bbaef0722a9d147cc1e0a67df83957734032938a84720260cdf73d,2018-12,Essex Police,Essex Police,0.117819,51.788468,On or near PRINTERS WAY,E01021848,Harlow 002E,Suspect charged
c67e64bee7cab55f7fff1882e0efef18ef294a0791dffd27651764cd21f4139d,2018-12,Essex Police,Essex Police,0.314479,51.499396,On or near A13,E01015994,Thurrock 009D,Unable to prosecute suspect
d386cca1b97d4d9a395fb728229b57a9dcf7797af10cf082ed2b58a701a57675,2018-12,Essex Police,Essex Police,0.713041,51.540981,On or near Parking Area,E01015895,Southend-on-Sea 010A,Suspect charged
abe748387b90d6e68be79045ca66c64d54b623fb857259b2eb2d8cdee27ce3c7,2018-12,Essex Police,Essex Police,0.731189,51.542016,On or near ILFRACOMBE ROAD,E01015839,Southend-on-Sea 014A,Unable to prosecute suspect
4b19d9826b1ff501fc498722e8027ecc717c37eedfef5a579c6d94e429927138,2018-12,Essex Police,Essex Police,0.598234,51.522698,On or near HIGH STREET,E01021498,Castle Point 011B,Unable to prosecute suspect
4b19d9826b1ff501fc498722e8027ecc717c37eedfef5a579c6d94e429927138,2018-12,Essex Police,Essex Police,0.598234,51.522698,On or near HIGH STREET,E01021498,Castle Point 011B,Unable to prosecute suspect
893f083a418ecffa7f293f2a4e1a05499944fe27754db46bd537d2ef5f2bb388,2018-12,Essex Police,Essex Police,0.146262,51.766639,On or near DENBY GRANGE,E01021824,Harlow 005A,Unable to prosecute suspect
9fbbb8e147f40b88f01c7fb48a0e3d00a166c8e07241a22b18080731cb0e87d5,2018-12,Essex Police,Essex Police,0.477737,51.740809,On or near Police Station,E01021574,Chelmsford 010A,Unable to prosecute suspect
54b68ca56696b6ebf1280994445a8837c2ca895e124b1f513fd2d056c347a582,2018-12,Essex Police,Essex Police,0.913503,51.922914,On or near Sports/Recreation Area,E01021682,Colchester 004D,Unable to prosecute suspect
62e7f0f747d5a107269f811f096f9ca66c6fa7b8d317bc4b8dd61518bf9bdbe0,2018-12,Essex Police,Essex Police,0.311048,51.902316,On or near WATER LANE,E01022095,Uttlesford 006D,Unable to prosecute suspect
c5355c81b2f6ebfcfd9fbe82752a57010411e838d99b6b63b555525f8c53cbae,2018-12,Essex Police,Essex Police,0.592028,51.511665,On or near Parking Area,E01021500,Castle Point 012E,Investigation complete; no suspect identified
4b40c032fc55c0aa7ea71bedb8372f92c08b5c3a8037ffaa09a9d5387e861364,2018-12,Essex Police,Essex Police,1.159276,51.789733,On or near CHURCH CRESCENT,E01022027,Tendring 016D,Suspect charged
028180ca2f674cb669a77a2691c51d646b485c508b446249af32a3ff9f900512,2018-12,Essex Police,Essex Police,0.106661,51.747842,On or near GIBB CROFT,E01021858,Harlow 010B,Offender given a drugs possession warning
8554a32e0668dfb4a1911f854b0cff3a99d67ba1f9b126355ea30e2f29b223e3,2018-12,Essex Police,Essex Police,0.377021,51.490698,On or near WICKHAM ROAD,E01015938,Thurrock 012F,Suspect charged
9af1e86613c60ebe13c946a2c024da6648e7e7800076865c5d394ce3ce4adc92,2018-12,Essex Police,Essex Police,0.592095,51.834218,On or near VICARAGE AVENUE,E01021348,Braintree 018A,Investigation complete; no suspect identified
5779e78c2a6d5f411e294b987c240abac072aa61f66fc96dc1161ccfbf0ea735,2018-12,Essex Police,Essex Police,0.902706,51.887692,On or near VINEYARD STREET,E01021649,Colchester 007D,Investigation complete; no suspect identified
21bf226d7ec7bdc6bc08fe630c284887957aac8647c8cf88ccaa36275163d283,2018-12,Essex Police,Essex Police,0.914432,51.879119,On or near BECHE ROAD,E01021684,Colchester 011B,Unable to prosecute suspect
e12f450a29a4d328a3f4636b0e9cf5f17ff6892c6452213b708a7f70bdd7faa4,2018-12,Essex Police,Essex Police,0.299706,51.619123,On or near Parking Area,E01021436,Brentwood 007B,Unable to prosecute suspect
e6833808ecb22fb8211c27fd7bea439cc3c8856b4047ae26f93837d1a5b82ba6,2018-12,Essex Police,Essex Police,0.683177,51.725882,On or near HORTON CLOSE,E01021889,Maldon 004A,Unable to prosecute suspect
aaeb5820830a546183c357b8cc7d6cf7b657ac3eb752ed9e79679ad72dee0cad,2018-12,Essex Police,Essex Police,0.294584,51.607505,On or near PASTORAL WAY,E01021472,Brentwood 008C,Unable to prosecute suspect
aecfb615e4d3c04348ff431f41c6dbd023d08c1c76492c7fc942c41b9ef7e5dd,2018-12,Essex Police,Essex Police,0.138318,51.789292,On or near OLD ROAD,E01021854,Harlow 001A,Unable to prosecute suspect
5533487395eeb3a06ff8c15bb4f169b3e6e2a8bac4d6dd4295e691f2ed381f2a,2018-12,Essex Police,Essex Police,0.684707,51.740461,On or near THE CAUSEWAY,E01021886,Maldon 003C,Offender given a drugs possession warning
fafd492b24e6929e34b9728562ef553ecf7760ee42a21019e06d9f7b430ca8ec,2018-12,Essex Police,Essex Police,0.324827,51.868772,On or near STORTFORD ROAD,E01022090,Uttlesford 006B,Investigation complete; no suspect identified
1c46ea7f773badcea2b8814885db21142f3b3721835600b5c13a546db5aee67e,2018-12,Essex Police,Essex Police,0.367194,51.509288,On or near SCHOOL LANE,E01015977,Thurrock 004A,Unable to prosecute suspect
7430bfbe11545207ce7cbaefa46f00a570b1944637bcf28bf8c7ece8017ab839,2018-12,Essex Police,Essex Police,0.575690,51.611070,On or near BEDLOES AVENUE,E01021920,Rochford 006A,Suspect charged
77451f94533d301f175ca8789d22785e0840abb46ca38c8751973b8a091fc660,2018-12,Essex Police,Essex Police,0.255377,51.479009,On or near VELLACOTT CLOSE,E01016012,Thurrock 015C,Unable to prosecute suspect
42f092672f1e515f373b95cbd32975d94f7596e999a1b645d8853b8886c9385e,2018-12,Essex Police,Essex Police,0.299706,51.619123,On or near Parking Area,E01021436,Brentwood 007B,Unable to prosecute suspect
24586bfc4f1fd8f6840726d77fde41135e9f76e0ef2a826f1050b5fd47d89404,2018-12,Essex Police,Essex Police,0.724430,51.670162,On or near ST MICHAELS CLOSE,E01021874,Maldon 007B,Offender given penalty notice
c8dd3286694b6378e4652ae1f4d3533e149615cad7867eab762b02e426b78a9d,2018-12,Essex Police,Essex Police,0.712497,51.540310,On or near Bus/Coach Station,E01015895,Southend-on-Sea 010A,Unable to prosecute suspect
d5f99ea5d50ca9973814142b69e0b959084b78afe486ca09b72866df17e07d0a,2018-12,Essex Police,Essex Police,0.971333,51.789124,On or near CHURCH LANE,E01021694,Colchester 019D,Further investigation is not in the public interest
72bada662f437c7d0f300a5f621719449fec239868b5cf7aac0bc2d0bb6854ef,2018-12,Essex Police,Essex Police,1.142453,51.782027,On or near Parking Area,E01022036,Tendring 017C,Suspect charged
071d32e9507f8cb9d6b391b2db5f945c7699b529798b31da4e131bbe800eee02,2018-12,Essex Police,Essex Police,0.633608,51.816262,On or near MUNRO ROAD,E01021418,Braintree 015C,Suspect charged
071d32e9507f8cb9d6b391b2db5f945c7699b529798b31da4e131bbe800eee02,2018-12,Essex Police,Essex Police,0.633608,51.816262,On or near MUNRO ROAD,E01021418,Braintree 015C,Suspect charged
60a1fc0a8e976617e343e1418e0ab21c9659730c9323543de372e03c4e8a7cc7,2018-12,Essex Police,Essex Police,0.359986,51.633502,On or near OAKWOOD AVENUE,E01021450,Brentwood 003C,Unable to prosecute suspect
0ac3236e0165ee39b5bd66833caf17e595ec8991b04cf852f43f528708c45bab,2018-12,Essex Police,Essex Police,0.338751,51.619601,On or near HANGING HILL LANE,E01021456,Brentwood 009D,Unable to prosecute suspect
0f2764473b4e143f04786ac7fe1be2476733f901582e7bd4a777c508e7db541e,2018-12,Essex Police,Essex Police,0.338751,51.619601,On or near HANGING HILL LANE,E01021456,Brentwood 009D,Unable to prosecute suspect
e9675d1bebf45194dc087d990bb0fe84e115e6ef82f42a4b889fdda5486adc45,2018-12,Essex Police,Essex Police,0.563491,51.546836,On or near ST MARYS CLOSE,E01021522,Castle Point 007C,Suspect charged
41e99e35bc11287175ad22130c0969d29d498e4c411ed6bf8917e6f8e3c29c7c,2018-12,Essex Police,Essex Police,0.343882,51.469539,On or near THURROCK PARK WAY,E01016003,Thurrock 018A,Unable to prosecute suspect
8bc107e5e3e112bdc710a9096bb50975134803388a4209bfb8fe79be4e2c6b9b,2018-12,Essex Police,Essex Police,0.566555,51.868295,On or near PUTTER COURT,E01021373,Braintree 011D,Unable to prosecute suspect
e3697e41a01530fe54711cf112574b978d15db279748e4190e8b079987e79f65,2018-12,Essex Police,Essex Police,0.201678,52.066077,On or near FOUR ACRES,E01022094,Uttlesford 001D,Unable to prosecute suspect
c57799ce5af93fdef70ccb0353e0a700fe1c6b3c8905c58a580f866fbdec9566,2018-12,Essex Police,Essex Police,0.715846,51.543749,On or near MALDON ROAD,E01015898,Southend-on-Sea 010D,Unable to prosecute suspect
79c61e6669ef152b3102726819d2781f6e940ba84dc73f9f09140892c51a2f27,2018-12,Essex Police,Essex Police,0.593623,51.935977,On or near EDMUND GREEN,E01021382,Braintree 003A,Unable to prosecute suspect
fbd3609eaac0dd8b5122c9d2133d45f5af4f26a85ec94ca40d1f8c4f9a132bd8,2018-12,Essex Police,Essex Police,0.593623,51.935977,On or near EDMUND GREEN,E01021382,Braintree 003A,Unable to prosecute suspect
7aa0d087031bbf9cdcebe7a7094926e0fb609b53bf0f76ee7a77d058fc1e9f30,2018-12,Essex Police,Essex Police,0.018503,51.683376,On or near HONEY LANE,E01021809,Epping Forest 008C,Suspect charged
2d938e4e6641051006f352351ffcd9edbfa71fab7ea593e3cbe02f1df4fabe8c,2018-12,Essex Police,Essex Police,0.593623,51.935977,On or near EDMUND GREEN,E01021382,Braintree 003A,Unable to prosecute suspect
9b40bac6317984c748556daa7b8146ac94f9481f16963f7be07e0a4ff7099517,2018-12,Essex Police,Essex Police,0.261741,51.889938,On or near Airport/Airfield,E01022090,Uttlesford 006B,Unable to prosecute suspect
78a9b0b3d734344f887493eb41907cdc18f3dbd2931aa93819d4da78f6867491,2018-12,Essex Police,Essex Police,0.593623,51.935977,On or near EDMUND GREEN,E01021382,Braintree 003A,Unable to prosecute suspect
98868f5beff87a0c1a764d1fcbd8e91ef90931b6b43f6274e1b47ff591a74707,2018-12,Essex Police,Essex Police,0.113870,51.707363,On or near CAMPIONS,E01021760,Epping Forest 005A,Unable to prosecute suspect
961e5102633f34f9365d464f3dc1dcaa87929663624ecdb08a8c8a5d3e8ac922,2018-12,Essex Police,Essex Police,0.048452,51.644657,On or near CLOVERLEYS,E01021782,Epping Forest 014C,Unable to prosecute suspect
433bcdd072d2edf9211d2d351a06c49bacec37ac6760039692194296efd0fe1e,2018-12,Essex Police,Essex Police,0.528106,51.866286,On or near THATCHERS WAY,E01021384,Braintree 013C,Suspect charged
f06e61c6f7d964a651c7beb471ef1dceb31ec5b8f44ac7959b927a630487560f,2018-12,Essex Police,Essex Police,0.906126,51.897672,On or near COWDRAY AVENUE,E01021647,Colchester 007B,Investigation complete; no suspect identified
eba8d46080f79fd2d2c5080ffe00cf71c01a4077c80e896bb98b2037c22f827b,2018-12,Essex Police,Essex Police,0.421343,51.575892,On or near Pedestrian Subway,E01021273,Basildon 014A,Unable to prosecute suspect
b358c962909a23a7e9fb0a6469bdb68a80c2214f3a8e2772e89e3c7f31c13b3a,2018-12,Essex Police,Essex Police,1.151360,51.814311,On or near Highfield Holiday Park,E01022039,Tendring 010B,Unable to prosecute suspect
b358c962909a23a7e9fb0a6469bdb68a80c2214f3a8e2772e89e3c7f31c13b3a,2018-12,Essex Police,Essex Police,1.151360,51.814311,On or near Highfield Holiday Park,E01022039,Tendring 010B,Unable to prosecute suspect
b358c962909a23a7e9fb0a6469bdb68a80c2214f3a8e2772e89e3c7f31c13b3a,2018-12,Essex Police,Essex Police,1.151360,51.814311,On or near Highfield Holiday Park,E01022039,Tendring 010B,Unable to prosecute suspect
b358c962909a23a7e9fb0a6469bdb68a80c2214f3a8e2772e89e3c7f31c13b3a,2018-12,Essex Police,Essex Police,1.151360,51.814311,On or near Highfield Holiday Park,E01022039,Tendring 010B,Unable to prosecute suspect
b50f2c20e56b6787185f51e0e71e5f3a4ec8e9a0add8235001b8dc42c157a7d7,2018-12,Essex Police,Essex Police,0.321552,51.614655,On or near LIME AVENUE,E01021435,Brentwood 008A,Unable to prosecute suspect
d99cef4a88406b7c6a5f087fa2c4243c27a49d8dfafa2c5c80e5b2e86e44c459,2018-12,Essex Police,Essex Police,1.146196,51.789968,On or near Supermarket,E01022038,Tendring 017E,Suspect charged
bcbec9b7b7078af273d85973d39d995436e224ad0020f5a9dd36bd81f6f0c7b1,2018-12,Essex Police,Essex Police,0.717425,51.540717,On or near Pedestrian Subway,E01015895,Southend-on-Sea 010A,Unable to prosecute suspect
36725407194134adc8d93f041d95070d723e3295fe91512a90986242a1f33196,2018-12,Essex Police,Essex Police,0.100077,51.773598,On or near Pedestrian Subway,E01021851,Harlow 003C,Unable to prosecute suspect
7ead05ed97f05c9b4528d072b8896aa7ab4fd4e902416579394947799e620b04,2018-12,Essex Police,Essex Police,1.158498,51.860934,On or near VICARAGE LANE,E01021973,Tendring 007A,Unable to prosecute suspect
9b42bc5dc17d57b3d327f16ecfb0997852e4eba8f360c4c39ec9c31a53e7f87f,2018-12,Essex Police,Essex Police,0.659985,51.599143,On or near IRVING CLOSE,E01021936,Rochford 003D,Suspect charged
43a7ec3ee86fc9097055872f9c07665ccef3d59fc8cf4ff54fa1740ed9cf5a55,2018-12,Essex Police,Essex Police,0.659985,51.599143,On or near IRVING CLOSE,E01021936,Rochford 003D,Suspect charged
40c89bdb042c005539e7bf0cae8024983eb703c1e1d8d17384aba99280b64031,2018-12,Essex Police,Essex Police,0.415497,51.622408,On or near Police Station,E01021244,Basildon 004A,Suspect charged
fbc86c9914ec24fabcd85592fe785dbf1a57f57e3cd10dee1e0dc3c5dce59a8a,2018-12,Essex Police,Essex Police,0.829939,51.713426,On or near ANCHORAGE VIEW,E01021901,Maldon 006A,Unable to prosecute suspect
2b3a09a83a6ecf3d0f4f945e01b8acd94281075e43b8d5a04e2dcdb1f528aea3,2018-12,Essex Police,Essex Police,0.237904,51.487177,On or near WATER LANE,E01016013,Thurrock 015D,Suspect charged
5e8ed8a1a9dfb927c857b7f3944518a818ced8cd475d5bfe3813e7b6f32e5d56,2018-12,Essex Police,Essex Police,0.043326,51.617445,On or near STATION WAY,E01021744,Epping Forest 015C,Suspect charged
bfda5992ba1c14c6b74a9242435dc403a2e6bcd50eda03b8e681518a7ec36eac,2018-12,Essex Police,Essex Police,0.706150,51.578922,On or near THE RIDINGS,E01021952,Rochford 007C,Suspect charged
3b2001d3b810b9e62d94b42b9494dbd00bb1b630797ed7ffd4a8de43e9932b95,2018-12,Essex Police,Essex Police,0.722470,51.541644,On or near BOSCOMBE ROAD,E01015844,Southend-on-Sea 014F,Suspect charged
b013792e91630e8238f3ab6426aeab67cc31956daf0eae1590bcbb5d292965e5,2018-12,Essex Police,Essex Police,1.223076,51.853317,On or near THE STREET,E01022009,Tendring 008E,Investigation complete; no suspect identified
cc2a00e0f576cd609e2695e2aa778f26ad981c4f84f6eef7975a6a94ac32712a,2018-12,Essex Police,Essex Police,0.715846,51.543749,On or near MALDON ROAD,E01015898,Southend-on-Sea 010D,Unable to prosecute suspect
e47eb00b99fcaa9112e1f3fb8473c5716541784a13ffeffd4287b125f84d4f89,2018-12,Essex Police,Essex Police,0.856022,51.885858,On or near BROWNING CLOSE,E01021673,Colchester 009A,Action to be taken by another organisation
ec377d6ed08468ba7393cc3b51bdbae1f901f6136680399594e7259dc05fc835,2018-12,Essex Police,Essex Police,0.091060,51.767940,On or near Pedestrian Subway,E01021872,Harlow 007E,Unable to prosecute suspect
38f487f6d1e0a0c64a738719e11c8118ccdd85379400dca034a55d8aca3a6f53,2018-12,Essex Police,Essex Police,0.944599,51.892227,On or near HEATLEY WAY,E01021705,Colchester 022G,Unable to prosecute suspect
793067a59f8e2eb1e4bcddc2a1ad7d74fd8ef11af7a7c1b658340ddd450da510,2018-12,Essex Police,Essex Police,0.706150,51.578922,On or near THE RIDINGS,E01021952,Rochford 007C,Suspect charged
3e3af4a0d94f684e576a3c360ab1b89bb8a9745cc6da70243b8fd5cb1f4afd86,2018-12,Essex Police,Essex Police,0.200947,51.932133,On or near VICARAGE LANE,E01022083,Uttlesford 005C,Suspect charged
279b97dceee293cd68113456f40d14fa9f37ba79bbdd1a030ca46621222b93b2,2018-12,Essex Police,Essex Police,0.333982,51.474170,On or near OAK ROAD,E01015962,Thurrock 016E,Unable to prosecute suspect
7a1c4a9e25aa08201a0a8f1dadbb7563c52151bb345345a0fb842649eb9f2ede,2018-12,Essex Police,Essex Police,0.850194,51.885631,On or near DE BURGH ROAD,E01021674,Colchester 009B,Suspect charged
1662daa81325e4be754a30a9a2f95b1edaf3d98f29ceb5c75ab79c8fcabd3e32,2018-12,Essex Police,Essex Police,0.237904,51.487177,On or near WATER LANE,E01016013,Thurrock 015D,Unable to prosecute suspect
556fe98ce728da9f566e01e0538c752981bfe99e38a2549740594eac2adf387c,2018-12,Essex Police,Essex Police,0.340598,51.634448,On or near HALSTEAD WAY,E01021453,Brentwood 005B,Unable to prosecute suspect
30f6b0e5be9e864b6bede45a99758d2adb80fc57d7ecaaa8efc46fca91d86886,2018-12,Essex Police,Essex Police,0.237904,51.487177,On or near WATER LANE,E01016013,Thurrock 015D,Unable to prosecute suspect
7a2e778174075ae136822e2352375735601705b9dc428cd95175bca6ef70448b,2018-12,Essex Police,Essex Police,0.237904,51.487177,On or near WATER LANE,E01016013,Thurrock 015D,Unable to prosecute suspect
cb41c585d1504a20d7f6271038f1a23fbac0360cd55bdd933a7af445f79ff592,2018-12,Essex Police,Essex Police,0.237904,51.487177,On or near WATER LANE,E01016013,Thurrock 015D,Unable to prosecute suspect
39534471a23c44eab23c4b07b8b617a4b30b55ca7efd5aa858c72e476897ec5d,2018-12,Essex Police,Essex Police,0.900995,51.892951,On or near MIDDLE MILL,E01021650,Colchester 007E,Unable to prosecute suspect
d41d9ad86cebad130eba8639a86b446e3100764f9f43a978334e1531bcbed6d2,2018-12,Essex Police,Essex Police,0.660723,51.541100,On or near REDCLIFF DRIVE,E01015848,Southend-on-Sea 011D,Suspect charged
8f9e0527033c0f85391a98ad11a3fd816198be5f39160fce7ee9a3e0b5486042,2018-12,Essex Police,Essex Police,0.843976,51.886348,On or near NEW FARM ROAD,E01021720,Colchester 012C,Unable to prosecute suspect
adfd38f83653996f9abffda4116b3823b52b0a532aae455805b3dea6ccdfd19f,2018-12,Essex Police,Essex Police,0.732625,51.542388,On or near LOVELACE GARDENS,E01015873,Southend-on-Sea 006E,Unable to prosecute suspect
6e339165b3896cb17b6c93d61a188692398a2e01023f13ea059a6d9591b7c244,2018-12,Essex Police,Essex Police,0.926788,51.867543,On or near CHEVELING ROAD,E01021667,Colchester 016F,Unable to prosecute suspect
6471fe5e43d091943c3dfea5c76a6b85191ef14813db978123eecdca8be0f0a7,2018-12,Essex Police,Essex Police,0.691952,51.550451,On or near SPRINGFIELD DRIVE,E01015904,Southend-on-Sea 007D,Unable to prosecute suspect
db95c461e5f450905c2eb9e934501163dc197a8c13c26b6f0f044ab9cf5a3ac0,2018-12,Essex Police,Essex Police,0.476668,51.731317,On or near Shopping Area,E01033140,Chelmsford 010F,Unable to prosecute suspect
a7645938c0d04dace3b8f13f27c0b9fdd1aeabd0957d9bafa8ab50b5e4f5d20b,2018-12,Essex Police,Essex Police,0.696324,51.742632,On or near Supermarket,E01021884,Maldon 003A,Suspect charged
da07734ee3f341a6f6eabdd2fe532b37c72438124b7fccf67c6e96e3d7e1a60e,2018-12,Essex Police,Essex Police,0.476668,51.731317,On or near Shopping Area,E01033140,Chelmsford 010F,Unable to prosecute suspect
42662a05e0cbe02ab2ec25b4151b05ee39682dc2d1f5ad10f60d2227aa1220fc,2018-12,Essex Police,Essex Police,0.256976,52.022695,On or near HORN BOOK,E01022081,Uttlesford 002F,Investigation complete; no suspect identified
ad9c16d3725a2d8cd78658f945b2404833a0830f103805f81ea6ed692e0a3051,2018-12,Essex Police,Essex Police,0.082820,51.643936,On or near CHIGWELL LANE,E01021773,Epping Forest 013C,Local resolution
36f9e771c5e77bb90d92fe744c50010aac820e2f00f598de616799d6233c380c,2018-12,Essex Police,Essex Police,,,No location,,,Investigation complete; no suspect identified
a35e30d09e527d15834a2e7ef515935389759f317aa51a0b6e1453b297aa7e35,2018-12,Essex Police,Essex Police,0.113929,51.775651,On or near THE STOW,E01021845,Harlow 002B,Unable to prosecute suspect
952a936c5c480e7ef08513d096be8751720cf44e2b8179b33b06e56d6c67c2c7,2018-12,Essex Police,Essex Police,0.304501,51.619946,On or near ST THOMAS ROAD,E01021436,Brentwood 007B,Unable to prosecute suspect
c0c54aae808fd7b31ca81702e5482b060f983c89db346959418f58999bfe50b6,2018-12,Essex Police,Essex Police,0.416004,51.859164,On or near TANTON ROAD,E01033053,Uttlesford 008G,Unable to prosecute suspect
65152adcc18c1f690de1b691010ce33cfc652ff5f6d5b0a6d8fb7641e567f382,2018-12,Essex Police,Essex Police,0.449018,51.748687,On or near MELBOURNE AVENUE,E01021598,Chelmsford 003C,Formal action is not in the public interest
540efdde1471a947b0b02ecc5589865e82ae815bc04ba534d8804035de6f1bbf,2018-12,Essex Police,Essex Police,1.142775,51.799584,On or near PATHFIELDS ROAD,E01022022,Tendring 013D,Unable to prosecute suspect
bf783ec4cb0fd73f31dd83db6d19b82b5844ca37755a6b25f823f87b8bc06cf0,2018-12,Essex Police,Essex Police,0.111014,51.770974,On or near ARKWRIGHTS,E01021850,Harlow 003B,Local resolution
fa68a296283faa205901268bac277d2deb68e01ad3b55ff5583f5260fde801d5,2018-12,Essex Police,Essex Police,0.694098,51.742953,On or near TOWERS ROAD,E01021884,Maldon 003A,Unable to prosecute suspect
28117afce6d6f20b7d279936304e50cee070017ce7f01b6170c995d752b6361e,2018-12,Essex Police,Essex Police,0.193109,51.872201,On or near DUNMOW ROAD,E01022087,Uttlesford 005F,Investigation complete; no suspect identified
d9f0f44fc4b1c746aebaffa9274a7e8fe74c4cdea35e8bd346635bfaf9c79ebd,2018-12,Essex Police,Essex Police,0.561494,51.523605,On or near ST PETERS ROAD,E01021503,Castle Point 010D,Unable to prosecute suspect
cc447ff50d6d80e151d1ae981ce3a86fbbf1e15b346609f573708a926ed4a083,2018-12,Essex Police,Essex Police,0.849846,51.877833,On or near PEARTREE ROAD,E01021690,Colchester 014B,Investigation complete; no suspect identified
e7f24b7790b3a820c82719ae8e91f51dea19b8f94473c51d7d34928e13f61666,2018-12,Essex Police,Essex Police,0.395649,51.569810,On or near MAIN DRIVE,E01021277,Basildon 014D,Suspect charged
e7f24b7790b3a820c82719ae8e91f51dea19b8f94473c51d7d34928e13f61666,2018-12,Essex Police,Essex Police,0.395649,51.569810,On or near MAIN DRIVE,E01021277,Basildon 014D,Suspect charged
5006bb213e26d2783ee491caf22fb013c6d4025068178983ba3683a7ce6fea00,2018-12,Essex Police,Essex Police,0.725264,51.534824,On or near OUTING CLOSE,E01015842,Southend-on-Sea 014D,Suspect charged
8ac9981077fdb48f94822351ae3bffa53f4f2f45499e78f5c1d143cb077b630d,2018-12,Essex Police,Essex Police,0.419912,51.483975,On or near CLYDE,E01015949,Thurrock 013C,Action to be taken by another organisation
1ee58384645a5e41cb20ba427203a1deeb7a9e17e80688642b5329b46692fe30,2018-12,Essex Police,Essex Police,0.561494,51.523605,On or near ST PETERS ROAD,E01021503,Castle Point 010D,Unable to prosecute suspect
5cd9eb3761c0a64a8f0cecec6db3f371910778c12f048cf89e4de20a2f7b01ff,2018-12,Essex Police,Essex Police,0.283467,51.508808,On or near Police Station,E01015976,Thurrock 007F,Action to be taken by another organisation
dc270bc946e41924145f83ce7abf11c1f31ab3db7f942f247873aeb043201407,2018-12,Essex Police,Essex Police,0.686959,51.726893,On or near Parking Area,E01021889,Maldon 004A,Local resolution
5abb6a4cbe61ae6febf5418fe0f87fccf4b59fbcb27cb110e63dc0da9e6e8992,2018-12,Essex Police,Essex Police,0.083469,51.751349,On or near WATERSMEET,E01021863,Harlow 011B,Investigation complete; no suspect identified
9402e06fb7ebb7034e53a2edd7cdfb2eda727c88f7dc2cefc6cbc1995f509d66,2018-12,Essex Police,Essex Police,1.048163,51.795484,On or near COW LANE,E01022046,Tendring 011E,Unable to prosecute suspect
fd6e3b5e76f9ec82e5c34ce702a771ace1e734ea9ad89340bd86de41e2cb1e8e,2018-12,Essex Police,Essex Police,0.510671,51.566487,On or near HOWARD CRESCENT,E01021316,Basildon 018D,Unable to prosecute suspect
d3eeaf88eed3e4fa4f05b8c7adc8a7d44170817679f92e5bd096c3b87bba3ca4,2018-12,Essex Police,Essex Police,0.263945,51.799008,On or near A1060,E01022096,Uttlesford 009D,Unable to prosecute suspect
08c1767eb5dd98835f7e7c0e7a46b9eabcf9c616876c7c10bf3fbea10a609b46,2018-12,Essex Police,Essex Police,0.330502,51.474554,On or near BRIDGE ROAD,E01015952,Thurrock 017B,Unable to prosecute suspect
50e2f1455adce47945bc2c0f415dee713ac851c2b30f992b13255a6cd118253e,2018-12,Essex Police,Essex Police,0.500956,51.749158,On or near MARIGOLD CLOSE,E01021621,Chelmsford 007B,Unable to prosecute suspect
892811cded696e2aca9406f5928c80ed865b921876f7d5ba91410c477b16dc2f,2018-12,Essex Police,Essex Police,0.741544,51.551353,On or near APPLETREE CLOSE,E01015886,Southend-on-Sea 009D,Local resolution
ff30361ee1009d29e9a9b0f1e22c487df77a7e28ec0d2f2646bcf7207874b346,2018-12,Essex Police,Essex Police,0.741544,51.551353,On or near APPLETREE CLOSE,E01015886,Southend-on-Sea 009D,Local resolution
44a0f7c0230c86416e704ce1970b4c6b7a985c84b585503a77a18fb9fc5c993a,2018-12,Essex Police,Essex Police,0.297289,51.607030,On or near WARLEY HILL,E01021472,Brentwood 008C,Unable to prosecute suspect
fde359a7ef23c0622d48571ea77aa857e94c65f1c66286cf03f1f25b1d0663ed,2018-12,Essex Police,Essex Police,0.444115,51.572875,On or near BOYTONS,E01021291,Basildon 016E,Unable to prosecute suspect
58f3f23af6470e50f5de8c2febe56c0cced1aa8e54247c4987e404f510f8e465,2018-12,Essex Police,Essex Police,1.136656,51.788352,On or near JAMES ROAD,E01022038,Tendring 017E,Action to be taken by another organisation
e1072c307138ea228dc30c9ae96111ac45928c576f913f36c39acfdc44bc1b71,2018-12,Essex Police,Essex Police,0.375056,51.492519,On or near RAVENCROFT,E01015938,Thurrock 012F,Unable to prosecute suspect
427eb4b0d4c01656d1cc1b8e933f96227d8ffb32faed9e54e7a9e735ad78dc7b,2018-12,Essex Police,Essex Police,0.846808,51.890219,On or near KING COEL ROAD,E01021674,Colchester 009B,Suspect charged
bd965abd5e1793689985b340580bd631bad24101e30f7b9fe730c48e35b59b48,2018-12,Essex Police,Essex Police,0.096056,51.768166,On or near SOUTH GATE,E01021868,Harlow 007B,Unable to prosecute suspect
b363359e9f617eb2b9e9008b26af06686ba2043c7051b8d02ab16353fa3484d1,2018-12,Essex Police,Essex Police,1.142716,51.794989,On or near VICTORY ROAD,E01021968,Tendring 017A,Unable to prosecute suspect
479dfa502466db427186f7f739d3178855d3c20933f64e5ad13689e44c7ce002,2018-12,Essex Police,Essex Police,0.369512,51.511742,On or near THE PADDOCKS,E01015977,Thurrock 004A,Unable to prosecute suspect
2a2efbc5dd5fe4acb407ee94f9292b3dac4797bf114e609ffb50262455aa9fb2,2018-12,Essex Police,Essex Police,0.296009,51.623737,On or near MAYFIELD GARDENS,E01021434,Brentwood 004C,Investigation complete; no suspect identified
b2c703bf17dbe8f5b73f1760e507cff7fd64e58e83f027fc776284672ff7a04f,2018-12,Essex Police,Essex Police,0.473830,51.736629,On or near Chelmsford Police Station,E01033141,Chelmsford 010G,Offender given a caution
13e8bc89c910813b8378f8db1c5dadb1bf2a5b801ba73600c663a93a1825b8a7,2018-12,Essex Police,Essex Police,-0.002165,51.686760,On or near Supermarket,E01021818,Epping Forest 009C,Investigation complete; no suspect identified
8e347bbfdf798e5397aba3b76a3a02b24e73204f22b09bcdd357884f085d0d89,2018-12,Essex Police,Essex Police,0.923825,51.883230,On or near VALENTA CLOSE,E01021685,Colchester 011C,Suspect charged
1736261dc4dbc1f182de827a0b3298b14b6c1ce93fda9e6390bec6190f68886f,2018-12,Essex Police,Essex Police,0.712855,51.537855,On or near Nightclub,E01015852,Southend-on-Sea 015B,Unable to prosecute suspect
261b8fce859e615e0187e570bb5218c34c2db4592f216266dc8d277446bf5c4c,2018-12,Essex Police,Essex Police,0.694245,51.547017,On or near GLENWOOD AVENUE,E01015906,Southend-on-Sea 007F,Suspect charged
261b8fce859e615e0187e570bb5218c34c2db4592f216266dc8d277446bf5c4c,2018-12,Essex Police,Essex Police,0.694245,51.547017,On or near GLENWOOD AVENUE,E01015906,Southend-on-Sea 007F,Suspect charged
0fd50fa0b51ad73bd9aabd6d1011ff56ba3a99b70bcaedeedf6b60bc84258cc4,2018-12,Essex Police,Essex Police,0.896245,51.888706,On or near HEAD STREET,E01021649,Colchester 007D,Suspect charged
d6db5e736a56975bfd47b4cad3e90d12dca50eeafe34400cc547460bf43eab2e,2018-12,Essex Police,Essex Police,0.699078,51.588448,On or near Petrol Station,E01021930,Rochford 007A,Suspect charged
c13733b2d7b32a4bc41a60275adeb877ee878baec1f35d26528b6008519446d2,2018-12,Essex Police,Essex Police,0.111225,51.697816,On or near HEMNALL STREET,E01021757,Epping Forest 006B,Local resolution
5b7d33099ccb4c16120a3b3abd6fbafa503573a9833b36729594720fb2f91ed3,2018-12,Essex Police,Essex Police,0.359986,51.633502,On or near OAKWOOD AVENUE,E01021450,Brentwood 003C,Unable to prosecute suspect
913807ad38272a05de3ed60d15917db6afc04fa99d7f26583431e10dac1b9acc,2018-12,Essex Police,Essex Police,0.284490,51.487772,On or near Shopping Area,E01016011,Thurrock 015B,Unable to prosecute suspect
74948f605613ef3693965b6ab16de7c2f8c99766f7d8811be9ccf12d9fcfcec2,2018-12,Essex Police,Essex Police,0.717404,51.535043,On or near CHANCELLOR ROAD,E01015852,Southend-on-Sea 015B,Suspect charged
890bb3565ecd07d77e7ebdbbac7a384bd22206f5cd9c63e5e0814ec6688c5725,2018-12,Essex Police,Essex Police,0.717404,51.535043,On or near CHANCELLOR ROAD,E01015852,Southend-on-Sea 015B,Suspect charged
be21c273e86836cea2d871ebf927dcbf10e35e624194f096514dd30860765633,2018-12,Essex Police,Essex Police,0.629529,51.799284,On or near CUPPERS CLOSE,E01021429,Braintree 016D,Investigation complete; no suspect identified
35cc5be0e68a2fa81212d8a00a65de329f17ca8c78b5f199eccf6e4e9fc0d2d9,2018-12,Essex Police,Essex Police,1.157180,51.798550,On or near OXFORD ROAD,E01022043,Tendring 014B,Unable to prosecute suspect
55577956edd7c61021a2733934f4a9bc7f9eaa53dcbecd384c48ca36dcd55524,2018-12,Essex Police,Essex Police,0.284490,51.487772,On or near Shopping Area,E01016011,Thurrock 015B,Unable to prosecute suspect
0756e5a24831407ef9fb795192e79186526aee4804b4726b4352fa1daf602b7b,2018-12,Essex Police,Essex Police,1.138407,51.795806,On or near BRANSTON ROAD,E01021969,Tendring 017B,Suspect charged
5bc7bc944cf11135f79b241c9ce5d626e66850fc54a184758149d8527761e3b6,2018-12,Essex Police,Essex Police,0.630094,51.801007,On or near Supermarket,E01021428,Braintree 015F,Investigation complete; no suspect identified
bbc3dfa74a9173d077b6d0ad895d99a41d38b9b192f596bbde8df8f33df060f7,2018-12,Essex Police,Essex Police,1.152101,51.791878,On or near HAYES ROAD,E01022026,Tendring 016C,Local resolution
61e84ddc4ee36e6875b869d17f7de993b2370d398e28619f51cb4d47d7b1d21c,2018-12,Essex Police,Essex Police,0.604033,51.584615,On or near CASTLE CLOSE,E01021966,Rochford 008F,Local resolution
c11068aa411234565eba663d13f664fe907940f2198d8868b926280b718b5d39,2018-12,Essex Police,Essex Police,0.399684,51.567767,On or near Supermarket,E01021284,Basildon 021E,Investigation complete; no suspect identified
848cf0d3de1c67221fcc65f7b937e2e4df2912f3f73aa0bde3ad377db8aab28f,2018-12,Essex Police,Essex Police,0.500720,51.569758,On or near Pedestrian Subway,E01021305,Basildon 013D,Unable to prosecute suspect
1ec7448640dc165d8eb1ad2471d8aa27bef28f501b48af61e665ab187a7b28e5,2018-12,Essex Police,Essex Police,1.075399,51.813734,On or near Oaklands Holiday Park,E01022047,Tendring 018E,Suspect charged
b4b97c6d59d20d3ba0036742877b53737e760d5c1a99254b8cfc1e9188152da8,2018-12,Essex Police,Essex Police,1.075399,51.813734,On or near Oaklands Holiday Park,E01022047,Tendring 018E,Suspect charged
eac603922c223b4e3e903d69319cc4ed4e50f8e482f1135bf32122a809fa5a50,2018-12,Essex Police,Essex Police,0.124229,51.785708,On or near Petrol Station,E01021848,Harlow 002E,Investigation complete; no suspect identified
16f2bea8931ebce54973f4408b7121ffa1be5671eb5bdea003ba27db0f1670fe,2018-12,Essex Police,Essex Police,0.556107,51.569742,On or near CHANCEL CLOSE,E01021525,Castle Point 001D,Investigation complete; no suspect identified
008dd67627f78534896890e7546173beba4e6c99aa6aec387de4fb20b56a7a96,2018-12,Essex Police,Essex Police,1.142149,51.793296,On or near Shopping Area,E01021968,Tendring 017A,Suspect charged
db65fa7f1d9f0dac98c1d0aff094c86ac83a4e694a225da50b76cb32a17e2616,2018-12,Essex Police,Essex Police,0.853942,51.709031,On or near BRADWELL ROAD,E01021907,Maldon 006E,Local resolution
db65fa7f1d9f0dac98c1d0aff094c86ac83a4e694a225da50b76cb32a17e2616,2018-12,Essex Police,Essex Police,0.853942,51.709031,On or near BRADWELL ROAD,E01021907,Maldon 006E,Local resolution
31d479853e98f3a5aaab0e644f1c4ef850b5eedafb08e9d2a4df0627c5340bbc,2018-12,Essex Police,Essex Police,0.466253,51.737400,On or near Parking Area,E01021574,Chelmsford 010A,Suspect charged
60cd3e69d7ee0940d8aec376f6ce8212efb55c77d55aa31754a971d302932304,2018-12,Essex Police,Essex Police,0.611501,51.568594,On or near MARLIN CLOSE,E01021532,Castle Point 005D,Unable to prosecute suspect
b2b95da8cccc3e63e09466cdbb483c29c6e4a844bef3bd03531c0e3711658e63,2018-12,Essex Police,Essex Police,0.948134,51.877838,On or near Park/Open Space,E01021736,Colchester 017A,Investigation complete; no suspect identified
b56d2b5917213ae9355907415ba5a0fccdde5791e05435a83b6f612dcf327d79,2018-12,Essex Police,Essex Police,0.421881,51.515141,On or near BUTTS ROAD,E01015989,Thurrock 005A,Investigation complete; no suspect identified
e732fef2d82386259333d76413906d28b0a68721980cfeaaf06a5f55aab90420,2018-12,Essex Police,Essex Police,0.588021,51.566803,On or near SIXTH AVENUE,E01021511,Castle Point 002C,Suspect charged
b92b4d00a3a3d76365d7d6abe62bd20c353a25f47f41ca227ea9d7832851710e,2018-12,Essex Police,Essex Police,0.529241,51.610371,On or near THE DELL,E01021336,Basildon 005B,Unable to prosecute suspect
312177071c03bc5fb1ab57259e3333813b4c946a99ed9dd4ebe8bd749b760305,2018-12,Essex Police,Essex Police,1.134644,51.792588,On or near Supermarket,E01022032,Tendring 015E,Investigation complete; no suspect identified
30decabb554a7601ca5d63b6136f713d04d2a37086fce04a368f2d2ddada3301,2018-12,Essex Police,Essex Police,1.125676,51.797126,On or near WRITTLE CLOSE,E01022030,Tendring 015C,Unable to prosecute suspect
1b70474e7bfb53ca27eade37ce2fb636969ef76fab24de0846062d08a9c31b1a,2018-12,Essex Police,Essex Police,0.555900,51.905048,On or near Sports/Recreation Area,E01021355,Braintree 007D,Investigation complete; no suspect identified
384a7954f01276222a94997264f7d93d52f46980949a0c7eaa8bc41a4a51981c,2018-12,Essex Police,Essex Police,0.477608,51.733690,On or near Supermarket,E01033141,Chelmsford 010G,Investigation complete; no suspect identified
b2b72911df92b45ca06de0b42ce0163ae38d9ef00b534f194024255ab82f52fd,2018-12,Essex Police,Essex Police,0.435128,51.525416,On or near GRAHAM CLOSE,E01016002,Thurrock 005E,Unable to prosecute suspect
be82b3ab301ef2e6386d40d51340015aaf467ded65f4b8ed51e16d552e7cb051,2018-12,Essex Police,Essex Police,0.658939,51.561466,On or near PRIORYWOOD DRIVE,E01015818,Southend-on-Sea 003E,Unable to prosecute suspect
9a45386572cbbc675738de9ef44ab73a487859c13047199d55eda164f57d84d8,2018-12,Essex Police,Essex Police,0.497613,51.743464,On or near THE CEDARS,E01021626,Chelmsford 007E,Investigation complete; no suspect identified
a448d618df2571010b87f4b753ec7d5db0feeb7da5dbe49c656dab345543d9f9,2018-12,Essex Police,Essex Police,0.612438,51.617119,On or near Supermarket,E01021944,Rochford 001C,Investigation complete; no suspect identified
eca9d47a9ad38ed09fbf8a475f9e9ee78196acac6bed543cffde5f7c4a429730,2018-12,Essex Police,Essex Police,0.924388,51.887874,On or near HUNTING GATE,E01021706,Colchester 022H,Unable to prosecute suspect
1f0939604f306d62adfa62d7e633d907feeea6307a1fefb08579edf15bd4070d,2018-12,Essex Police,Essex Police,0.443114,51.583274,On or near Pipps Hill Retail Park,E01021268,Basildon 015B,Investigation complete; no suspect identified
5214a700f703279b1cd2b337ff8150811c6edd275b06866c4842b5ac56399324,2018-12,Essex Police,Essex Police,0.719983,51.545398,On or near NORTH AVENUE,E01015898,Southend-on-Sea 010D,Unable to prosecute suspect
b6dd07caee67f8c45da3408158992ccbe9b494e4957abedc10c1132dd086868f,2018-12,Essex Police,Essex Police,1.137219,51.798338,On or near DOUGLAS ROAD,E01022023,Tendring 015A,Unable to prosecute suspect
b6dd07caee67f8c45da3408158992ccbe9b494e4957abedc10c1132dd086868f,2018-12,Essex Police,Essex Police,1.137219,51.798338,On or near DOUGLAS ROAD,E01022023,Tendring 015A,Unable to prosecute suspect
c49b502a13995589a4e027216c6bd466372a83aad5e01c146d3df3dc079c5a84,2018-12,Essex Police,Essex Police,0.582347,51.591705,On or near BOXFORD CLOSE,E01021958,Rochford 006D,Unable to prosecute suspect
8d6d559580a946a7302ae819058893789aadc42d31d068568368012a57fb50d2,2018-12,Essex Police,Essex Police,0.666000,51.600985,On or near WHITE HART LANE,E01021934,Rochford 003B,Unable to prosecute suspect
092ff130e612b188c3c68e2f8932a4780a6ea20ded6fb0a930b4b1d6fd365bd4,2018-12,Essex Police,Essex Police,0.715963,51.544987,On or near GREYHOUND WAY,E01015898,Southend-on-Sea 010D,Unable to prosecute suspect
75ccd7ba9bfff09640cd407e15274284368258f8a169490aa760d05fc8f655c9,2018-12,Essex Police,Essex Police,0.784465,51.541960,On or near FROBISHER WAY,E01015879,Southend-on-Sea 013D,Unable to prosecute suspect
10c2bdf95739ef770a7be0c1aae430060fff7c42532ab92f199a63dcec38f7d6,2018-12,Essex Police,Essex Police,0.912593,51.875387,On or near STALIN ROAD,E01021665,Colchester 016D,Unable to prosecute suspect
c5f4acfb4b788c3775239888434deabc2f68f03474176f73a03d14df3f710a72,2018-12,Essex Police,Essex Police,0.477646,51.571371,On or near BROWNLOW CROSS,E01021320,Basildon 015D,Unable to prosecute suspect
ff844a0381c5fbf86bd391a2cbd464cbd508ea021fb013e11f0f15f54218ca34,2018-12,Essex Police,Essex Police,0.581746,51.516155,On or near LAMBOURNE,E01021502,Castle Point 011E,Unable to prosecute suspect
64d34fb1d3ae867895a9ec3d232679d882b9a7a2148ff5c2f974fcf10f063c92,2018-12,Essex Police,Essex Police,0.928443,51.881388,On or near CAELUM DRIVE,E01033719,Colchester 008G,Investigation complete; no suspect identified
c134669b7e0893ffc29ab31ae21a7f64220828387151f30a8c4cd677799f4192,2018-12,Essex Police,Essex Police,0.089752,51.777585,On or near RIVERMILL,E01021843,Harlow 004E,Unable to prosecute suspect
687fec800f3f340bbe7c9ce0cb60e52e691902c718d38339cdaca3fd9971fab8,2018-12,Essex Police,Essex Police,0.666000,51.600985,On or near WHITE HART LANE,E01021934,Rochford 003B,Unable to prosecute suspect
67bebd7dc867085da39936df523de0547acb8f718783f7882b037caa54d879d9,2018-12,Essex Police,Essex Police,0.459227,51.736054,On or near ANDREWS PLACE,E01033138,Chelmsford 009F,Unable to prosecute suspect
692cab2a889308254da1c46c54cd795da838edce656ae7e1cfb326700e242164,2018-12,Essex Police,Essex Police,0.550382,51.879259,On or near Supermarket,E01021365,Braintree 009D,Unable to prosecute suspect
c0d8ed6075911421d25abfedfaac17152c43df3ba012312f72b86a3c74d79b7b,2018-12,Essex Police,Essex Police,0.132577,51.757347,On or near CHAPEL LANE,E01021836,Harlow 008D,Unable to prosecute suspect
21c40d485d7088b7ca72acab5d4f8a5d849b50751163fcaef1e82ea74641082f,2018-12,Essex Police,Essex Police,0.068922,51.607564,On or near NEW FOREST LANE,E01021766,Epping Forest 017C,Investigation complete; no suspect identified
a4fc41abae2ddeeb891fbfd7bb70c5de37dcc8fb9e4508e28f35eb3c3fbf9599,2018-12,Essex Police,Essex Police,0.355991,51.876353,On or near STACY COURT,E01033054,Uttlesford 007D,Unable to prosecute suspect
f9c888bd33828b597e92631a6a71fb9de3e95cc45635cde4e21219374d876c8e,2018-12,Essex Police,Essex Police,0.720616,51.537397,On or near HASTINGS ROAD,E01015841,Southend-on-Sea 014C,Unable to prosecute suspect
85c7536286155d0610a173e4778e202d1d59bfbaa4a5e690bf1c17c88ff013c2,2018-12,Essex Police,Essex Police,0.500938,51.570832,On or near Pedestrian Subway,E01021305,Basildon 013D,Unable to prosecute suspect
f04a61dd70dec1da1000ba1f09bf062f98267afb41ecd438374ab480b4f48c54,2018-12,Essex Police,Essex Police,0.324269,51.489337,On or near THURLOE WALK,E01015957,Thurrock 009A,Investigation complete; no suspect identified
b6f8df035fd4e6eb27e3a5405c80d2651787f85c3dcf71844f2fc305abea1459,2018-12,Essex Police,Essex Police,0.895892,51.905128,On or near HUTLEY DRIVE,E01021680,Colchester 004B,Unable to prosecute suspect
4a5f0393f0d541a442a8bdcb580103097ba329a0a187ebc77eac19e71488dd0b,2018-12,Essex Police,Essex Police,1.218745,51.841284,On or near HOLLAND ROAD,E01022010,Tendring 008F,Investigation complete; no suspect identified
50cc98e2556d655ca8a83e9f5f03d3dbf57ad33a1d4334259280d4e20ca24c0b,2018-12,Essex Police,Essex Police,0.304262,51.620364,On or near MOORES PLACE,E01021436,Brentwood 007B,Unable to prosecute suspect
7e8676c8456fc6024d854fcdb15138c2f709328f450548e383ff6da87b3cadd1,2018-12,Essex Police,Essex Police,0.257772,51.498343,On or near LENNARD ROW,E01015926,Thurrock 008E,Unable to prosecute suspect
bcf674d4a25d8ede853b4cf8b3331bbbcf0c4c371d497818a0df979d76025161,2018-12,Essex Police,Essex Police,1.233363,51.930070,On or near CLAYTON ROAD,E01022028,Tendring 004F,Suspect charged
ae68a9306f1d14b0904796fd578ba947b282ef38a951a795ce052d0c6ef5d93e,2018-12,Essex Police,Essex Police,0.812237,51.904064,On or near PORTER'S CLOSE,E01021730,Colchester 003D,Unable to prosecute suspect
aed2a93c80094e15bc62c514cc02b0ba6f7e4410b44c719e7174f51aba5c5c30,2018-12,Essex Police,Essex Police,0.908447,51.890392,On or near LAND LANE,E01021648,Colchester 007C,Unable to prosecute suspect
992f86fdbbd9cc5b130016606373e6b10ab638d1fa31e1b99da13c71d0701f26,2018-12,Essex Police,Essex Police,0.928464,51.865397,On or near FORESIGHT ROAD,E01021667,Colchester 016F,Unable to prosecute suspect
046109ad0fe30d80b62743b31f5288ab08b495c21abdacbdf984906f65bceb68,2018-12,Essex Police,Essex Police,0.708507,51.584822,On or near MIDDLE MEAD,E01021955,Rochford 004D,Unable to prosecute suspect
b2e20378a9699e2dd2e1b464f4fefc0ba92d0623cffe356dd18d1ee93ec62e6a,2018-12,Essex Police,Essex Police,1.168306,51.792755,On or near MARINE PARADE EAST,E01022048,Tendring 014C,Offender given a drugs possession warning
a09b2ca58a0fe0f96465a4c8e3a1d164cc1dffddd79048d0ec7e203ca9413b50,2018-12,Essex Police,Essex Police,1.137219,51.798338,On or near DOUGLAS ROAD,E01022023,Tendring 015A,Unable to prosecute suspect
b0051a68ded6701d3eb62334fd56cf6e8a945825bc9b9f9ec94653a216400e8b,2018-12,Essex Police,Essex Police,0.505906,51.575879,On or near PLUMLEYS,E01021304,Basildon 013C,Suspect charged
b0051a68ded6701d3eb62334fd56cf6e8a945825bc9b9f9ec94653a216400e8b,2018-12,Essex Police,Essex Police,0.505906,51.575879,On or near PLUMLEYS,E01021304,Basildon 013C,Suspect charged
3d8b3cf123c81fe07d4ea095917d1b2d16ade60bad9bffe0461eb67a372ee502,2018-12,Essex Police,Essex Police,0.502743,51.579265,On or near DELVINS,E01021302,Basildon 013B,Investigation complete; no suspect identified
3d8b3cf123c81fe07d4ea095917d1b2d16ade60bad9bffe0461eb67a372ee502,2018-12,Essex Police,Essex Police,0.502743,51.579265,On or near DELVINS,E01021302,Basildon 013B,Investigation complete; no suspect identified
3d8b3cf123c81fe07d4ea095917d1b2d16ade60bad9bffe0461eb67a372ee502,2018-12,Essex Police,Essex Police,0.502743,51.579265,On or near DELVINS,E01021302,Basildon 013B,Investigation complete; no suspect identified
1099e704771f9fa8f78165ee3e690c39804a46f3a60d0d533872d2bd4dc303f0,2018-12,Essex Police,Essex Police,1.217428,51.930417,On or near ORCHARD CLOSE,E01022028,Tendring 004F,Unable to prosecute suspect
69a11e52dfb430aaec6140d0011e7b04a19471321221bf016a6615439d0f3776,2018-12,Essex Police,Essex Police,1.217428,51.930417,On or near ORCHARD CLOSE,E01022028,Tendring 004F,Unable to prosecute suspect
2c4992994c29631811dcc9432e140a43ce2961b474e368a079e558bb8c86f0ac,2018-12,Essex Police,Essex Police,0.490430,51.723742,On or near Parking Area,E01021563,Chelmsford 014B,Local resolution
2c4992994c29631811dcc9432e140a43ce2961b474e368a079e558bb8c86f0ac,2018-12,Essex Police,Essex Police,0.490430,51.723742,On or near Parking Area,E01021563,Chelmsford 014B,Local resolution
99673cafb6135bf0c2a41c37d25bb059f21e53a88e0a0319942fa72560d0bc31,2018-12,Essex Police,Essex Police,0.437052,51.528515,On or near ANTHONY DRIVE,E01016001,Thurrock 003E,Unable to prosecute suspect
c790984bf67f96405ca0fb8dd1f5596a30ae2c6cad2bfea33e441dfad214423a,2018-12,Essex Police,Essex Police,0.277381,51.664298,On or near BARLEY FIELD,E01021441,Brentwood 001A,Unable to prosecute suspect
402ad2b6a0cb61eca31b5b21ebfafab0111e02f9efa9c2ab2ff7c0640b813500,2018-12,Essex Police,Essex Police,0.456169,51.571868,On or near Pedestrian Subway,E01021318,Basildon 015C,Unable to prosecute suspect
74f81ab153d0e297e6e915c5ef90cbd68aeb4904ed14544e2c1ed6764a7053d1,2018-12,Essex Police,Essex Police,0.322355,51.479168,On or near Grays Police Station,E01015956,Thurrock 016B,Suspect charged
435da62d4027edb4b0558cdf9048ed9b96301fae13a1648fe300f0760d6ea2ea,2018-12,Essex Police,Essex Police,0.067905,51.645252,On or near ALDERTON HALL LANE,E01021772,Epping Forest 013B,Unable to prosecute suspect
bbc2d7c08d7b524569327718112dd1002ac968fa82738ae0ac47d23c21986eeb,2018-12,Essex Police,Essex Police,0.427931,51.581161,On or near ARNE COURT,E01021274,Basildon 010D,Unable to prosecute suspect
8f92f82daad7bf1b128da6d55e4e35faaa79aeb845deab44aa839ddae2e1219e,2018-12,Essex Police,Essex Police,0.713474,51.534918,On or near MARKET PLACE,E01015852,Southend-on-Sea 015B,Unable to prosecute suspect
a70166d9902824aff1f15f128174785d094cdf8cea678a74eeeac248de70ae14,2018-12,Essex Police,Essex Police,0.330319,51.639446,On or near CHELMSFORD ROAD,E01021467,Brentwood 005F,Investigation complete; no suspect identified
056971d9110ea44102594fefcc9362a6c115acbcf0da1e8b5db0df4a120939d1,2018-12,Essex Police,Essex Police,0.430235,51.608381,On or near TRINITY ROAD,E01021257,Basildon 009B,Investigation complete; no suspect identified
d87044364d65e619cc5b303c8277e72537a959337424a714d41bccfcbf2d8291,2018-12,Essex Police,Essex Police,0.324764,51.485181,On or near HATHAWAY ROAD,E01015958,Thurrock 009B,Investigation complete; no suspect identified
2cce2e246873d71f6aa34333e9da60c281150fc47d1e05b2478ac2454885c162,2018-12,Essex Police,Essex Police,-0.008518,51.686706,On or near GROVE COURT,E01021817,Epping Forest 008E,Unable to prosecute suspect
6bc96564d547332fde0fce26722d93105895b510dd0513e531e46c060576f2f0,2018-12,Essex Police,Essex Police,0.717404,51.535043,On or near CHANCELLOR ROAD,E01015852,Southend-on-Sea 015B,Investigation complete; no suspect identified
2079302414e205ed71b8bf406d37fb582597da9ca9c0374091d152b00adb2728,2018-12,Essex Police,Essex Police,0.151193,51.747809,On or near HASTINGWOOD ROAD,E01021768,Epping Forest 001A,Investigation complete; no suspect identified
9f6213b575a456a09b2e4d760dca7f7371b1cb2bc419fbeb1f77814fccb42375,2018-12,Essex Police,Essex Police,0.250591,52.021801,On or near HARRIS YARD,E01022081,Uttlesford 002F,Investigation complete; no suspect identified
46be81b14e0d0c9702de6a0842e94c0cc0f7c05aff98a335a74ab2c5a97dfda7,2018-12,Essex Police,Essex Police,0.915843,51.884300,On or near CANNON ROAD,E01021687,Colchester 011E,Investigation complete; no suspect identified
f4ba02fdc7018b548033d64bb1a1e814897bb8afb9d8917c97ee4d9b2e9939c7,2018-12,Essex Police,Essex Police,0.197207,51.894866,On or near REEVE ROAD,E01022087,Uttlesford 005F,Action to be taken by another organisation
d0bf91dde92361130117731511946b7d58990775f22000aa438ef1eeba1a7cf4,2018-12,Essex Police,Essex Police,0.901388,51.886861,On or near Parking Area,E01021649,Colchester 007D,Investigation complete; no suspect identified
74aa2ea6b30c8e07597dd47bed2de02c3a1e93645996963c59756977e83791ac,2018-12,Essex Police,Essex Police,0.269797,51.472409,On or near OLIVER CLOSE,E01016012,Thurrock 015C,Investigation complete; no suspect identified
51c9eb8ec9da532f5e91b9b247c35cc49d782bebed24458b1e58c79fdfee50d8,2018-12,Essex Police,Essex Police,0.732557,51.548946,On or near RYLANDS ROAD,E01015870,Southend-on-Sea 006B,Investigation complete; no suspect identified
078dd72c1f22a0eac7f59a862bded88723992cc5a1d2afad1278d4c10d99f2e3,2018-12,Essex Police,Essex Police,0.573475,51.875500,On or near Sports/Recreation Area,E01021369,Braintree 012D,Investigation complete; no suspect identified
fe7fa6f04a8fd980444165289b0224be95a93b8b9cd6b48927f0c0f505d657e0,2018-12,Essex Police,Essex Police,,,No location,,,Investigation complete; no suspect identified
96419c7a698711ef105e5eb29666a1c091e0632ac9c8f8646695407b5c65edc1,2018-12,Essex Police,Essex Police,0.500380,51.741103,On or near MEARNS PLACE,E01021544,Chelmsford 008A,Unable to prosecute suspect
33eedfade4b884a3b176419f6d7125a197c28af494a02ac3490c55fdd0e1fdbb,2018-12,Essex Police,Essex Police,1.142850,51.796290,On or near AGINCOURT ROAD,E01021968,Tendring 017A,Investigation complete; no suspect identified
bc4a3e4c9d25034d3b64a8a79187a0e7e3998185fe1425491eac704f23e3e1e4,2018-12,Essex Police,Essex Police,0.489842,51.583551,On or near HOLDEN GARDENS,E01021269,Basildon 012C,Unable to prosecute suspect
137fb1391ec56d473e4f506e81f6d26596dad71f097776730807c1850352a6d2,2018-12,Essex Police,Essex Police,0.646286,51.547309,On or near PERCY ROAD,E01015909,Southend-on-Sea 008B,Investigation complete; no suspect identified
cc9d81dc4ca22019b9c77a6e8a0e5c3287645cb0d306650c290faa436887c568,2018-12,Essex Police,Essex Police,0.700560,51.929227,On or near QUEEN'S ROAD,E01021408,Braintree 006C,Investigation complete; no suspect identified
afeb62d8eea4e5dd306c0f0de00104cdc3d6755514fa7c836ca2dd54cd80bd61,2018-12,Essex Police,Essex Police,0.451693,51.692389,On or near Parking Area,E01021602,Chelmsford 018B,Investigation complete; no suspect identified
c4cc7ebc22758fa305498a36ddba0d88a25d637781ef798aa292d7a452c5a161,2018-12,Essex Police,Essex Police,0.446593,51.740005,On or near CLIVEDEN CLOSE,E01021599,Chelmsford 009C,Investigation complete; no suspect identified
0cfa56a99d9c3f04e71ca6a9a2eaefcd1b1fcd74384b241b37f848bd7e0f6a64,2018-12,Essex Police,Essex Police,0.240155,51.480192,On or near WINGROVE DRIVE,E01016013,Thurrock 015D,Investigation complete; no suspect identified
837adfa964f15798f3ed5bcd270b711a5fde677964774d072aca3787e9e46845,2018-12,Essex Police,Essex Police,0.500380,51.741103,On or near MEARNS PLACE,E01021544,Chelmsford 008A,Unable to prosecute suspect
7ee4cebc4ff04ad59ff6451ba4cdc43d675be439c5b2d02b1fd92b66c040617b,2018-12,Essex Police,Essex Police,0.482633,51.563046,On or near DEWSGREEN,E01021323,Basildon 019B,Investigation complete; no suspect identified
174633263de9344250cca3150b724eac59fc51356ee3a870574a71449d52f2ce,2018-12,Essex Police,Essex Police,0.899707,51.884681,On or near FLAGSTAFF ROAD,E01021683,Colchester 011A,Investigation complete; no suspect identified
50840ac2dd4d56bc661cf86982b388900a46430956746c699cd7685f759bc3c5,2018-12,Essex Police,Essex Police,0.639480,51.561051,On or near LINKSWAY,E01015817,Southend-on-Sea 003D,Investigation complete; no suspect identified
7e05bed717552d4a8eec8896dc2fa5014319959b53c7de1c5590dfbc6eb0a165,2018-12,Essex Police,Essex Police,0.034090,51.662227,On or near CHURCH LANE,E01021806,Epping Forest 009A,Investigation complete; no suspect identified
eb7d3b60cc218e77dd9637ba559000ade3bce63af6e911e551fabc380834603d,2018-12,Essex Police,Essex Police,0.301645,51.482040,On or near WEYMOUTH DRIVE,E01033610,Thurrock 019B,Investigation complete; no suspect identified
5175f0dff4b3f47120464c44df15662bc81a6b164943cff17ac6392c5297f720,2018-12,Essex Police,Essex Police,0.410570,51.483817,On or near BRINDLES CLOSE,E01015948,Thurrock 013B,Suspect charged
194956fa5bf401ec38919f7ad7d9c09c40f4b7d996142f99a2345a6c57e6d98a,2018-12,Essex Police,Essex Police,0.443720,51.579233,On or near Pedestrian Subway,E01021268,Basildon 015B,Investigation complete; no suspect identified
a82bee1491f4ca5f0495adc7e61e3cddfa31d4c192253407a9a6de7f61c59af2,2018-12,Essex Police,Essex Police,0.698574,51.549247,On or near GAINSBOROUGH DRIVE,E01015862,Southend-on-Sea 004F,Investigation complete; no suspect identified
0f574a57b8f882c56ef5b729944497ae09f437a79ec795c0aa83aafe419d0e2b,2018-12,Essex Police,Essex Police,0.635749,51.572143,On or near GROVEWOOD AVENUE,E01015837,Southend-on-Sea 001E,Investigation complete; no suspect identified
1c2057ee70b6c7e0d2e17b2880bc88342a1a4db0517b46ae4fdb7a0be1acdd23,2018-12,Essex Police,Essex Police,0.597808,51.557233,On or near PINETREES,E01021482,Castle Point 006A,Local resolution
1d97ea3c0ca69da901d3f58ceba7f709a29f9764df9d7698869723cf847b76fc,2018-12,Essex Police,Essex Police,0.459179,51.748780,On or near TENNYSON ROAD,E01021576,Chelmsford 006A,Investigation complete; no suspect identified
d30ffb2898cd389097dc5fbade4a2b02d2c14d7f550bdc50a0851094be2a8cf4,2018-12,Essex Police,Essex Police,0.726765,51.546661,On or near FERNDALE ROAD,E01015870,Southend-on-Sea 006B,Investigation complete; no suspect identified
cd8081231b47d6279f2bf76189f90f078748b9cc665a5337d42d1bc6f63c066d,2018-12,Essex Police,Essex Police,0.691338,51.737225,On or near SWAN COURT,E01021886,Maldon 003C,Investigation complete; no suspect identified
24ee26c5e8a9da653d6471f8c9ffdfd26d5698cf0b90add7b2d10b71b958dc05,2018-12,Essex Police,Essex Police,0.458555,51.727678,On or near ROOKES CRESCENT,E01033139,Chelmsford 009G,Investigation complete; no suspect identified
b6663a932cb032b18e722419c018d54cf7b1643fc92dc0decfe3ff3b638c3341,2018-12,Essex Police,Essex Police,1.271595,51.935228,On or near ELM DRIVE,E01022000,Tendring 002A,Investigation complete; no suspect identified
c4de2f81fd1630c1f2d6b8cc3e82d52e11497b0c680f4e009231a486ce42dc6d,2018-12,Essex Police,Essex Police,0.722299,51.532744,On or near MARINE PARADE,E01015841,Southend-on-Sea 014C,Investigation complete; no suspect identified
e02ebb646ff3a9247af9a65ce13dfec8be6a0620d85d7b8825988dc1bebed185,2018-12,Essex Police,Essex Police,0.696935,51.551281,On or near ST GEORGE'S DRIVE,E01015862,Southend-on-Sea 004F,Investigation complete; no suspect identified
b91559fedc15e9251ffa781351560a1276c1fcc2071b54fb2341ee80add11001,2018-12,Essex Police,Essex Police,0.716140,51.539731,On or near WARRIOR SQUARE EAST,E01015852,Southend-on-Sea 015B,Unable to prosecute suspect
863c0205cf7d0970510d25683c4b0ff20f194b0d17d1e853b51b3725c526050f,2018-12,Essex Police,Essex Police,0.517396,51.741792,On or near COWDRIE WAY,E01033142,Chelmsford 005E,Investigation complete; no suspect identified
74702f43c152a9f195cd7e1272786e411657969b83bea7036f182faf96397eea,2018-12,Essex Police,Essex Police,0.500862,51.716784,On or near PUMP HILL,E01021562,Chelmsford 014A,Investigation complete; no suspect identified
16220e56241915f8718db100e44f7c8e027acafe055721302b415acc2ffb8f4d,2018-12,Essex Police,Essex Police,0.688376,51.561721,On or near DENTON CLOSE,E01015868,Southend-on-Sea 002F,Unable to prosecute suspect
8e852d676b944ac4cf6a8bfc02ea0644c1e4172159df8bc1c1a4cd9e0e7caf93,2018-12,Essex Police,Essex Police,0.443720,51.579233,On or near Pedestrian Subway,E01021268,Basildon 015B,Investigation complete; no suspect identified
cde22197d73fd1eb7c7a5bc610a6fb31c2c63153742235d62f6eb3da033db015,2018-12,Essex Police,Essex Police,0.902777,51.904356,On or near COEUR DE LION,E01021679,Colchester 004A,Investigation complete; no suspect identified
9e903228d84bb5ef19232f4489619f778bfef1aead449d36c9c1cdc8189a4011,2018-12,Essex Police,Essex Police,0.484654,51.736715,On or near Prison,E01021627,Chelmsford 010E,Action to be taken by another organisation
5316bebd8cdccbef3cb76bd325b92f2736cfadcf2e6088b6bf5a51a0429eb8d1,2018-12,Essex Police,Essex Police,0.531312,51.575676,On or near KATHERINE ROAD,E01021312,Basildon 011F,Investigation complete; no suspect identified
4db57805faa4e0a1242b5c7695b7a5e4dd1f099bd12145083256a6b302dd6a02,2018-12,Essex Police,Essex Police,1.157555,51.791462,On or near HIGH STREET,E01022027,Tendring 016D,Unable to prosecute suspect
839bb7c64ffb2d44ec7e1a2d1089010c0f2bab7913f4d156e4e0f23709e9332b,2018-12,Essex Police,Essex Police,0.476706,51.589656,On or near Sports/Recreation Area,E01021267,Basildon 012B,Investigation complete; no suspect identified
b5c184a040d552730f1c21e0d9cd10d95b26c1e11726b5b27518792d57b739af,2018-12,Essex Police,Essex Police,-0.282428,51.536985,On or near ELVEDEN PLACE,E01001276,Ealing 011A,Investigation complete; no suspect identified
fb2f2ea90e4a22458709ee9a974e976549e4ebf4a7581652085a5c73678c65ec,2018-12,Essex Police,Essex Police,0.322634,51.492022,On or near ALBEMARLE CLOSE,E01015957,Thurrock 009A,Unable to prosecute suspect
a50b41bf0110880f93f6211740b336c8e372725a1ff7909f2cd3c98f6ddeb0ae,2018-12,Essex Police,Essex Police,0.633435,51.544594,On or near DALE ROAD,E01015908,Southend-on-Sea 008A,Investigation complete; no suspect identified
c77385edf821c3dfe2ac9c0126996449d1cd322a916fb82b71ba956670aacfdd,2018-12,Essex Police,Essex Police,0.484654,51.736715,On or near Prison,E01021627,Chelmsford 010E,Action to be taken by another organisation
fa0e04b6d4878b5dcbb32d01ccf1ac0b3a3f4d67d4ea6d9463d8d7a7ee80c456,2018-12,Essex Police,Essex Police,1.065180,51.945861,On or near QUAY STREET,E01022020,Tendring 003F,Unable to prosecute suspect
857c1ea2c9e091d29e898c60a851e66c53e71020ebf4609845d2fa2ebb0d85ea,2018-12,Essex Police,Essex Police,0.074369,51.650066,On or near ABBESS TERRACE,E01021790,Epping Forest 012E,Investigation complete; no suspect identified
3aa3dcab18ff1c570a9107e3bdd0f172db12bf8ab0be2b4f916ff443fe702624,2018-12,Essex Police,Essex Police,0.637110,51.561743,On or near THORNDON PARK CRESCENT,E01015816,Southend-on-Sea 003C,Investigation complete; no suspect identified
eadee420dd9a474ee8f21d6b4ecb10d7a3b7c984b7ed6f7c872246b777d64512,2018-12,Essex Police,Essex Police,0.688550,51.547795,On or near NORTHVIEW DRIVE,E01015904,Southend-on-Sea 007D,Investigation complete; no suspect identified
3ccd0e086f559ad763c72b1febbf70b95c022501da1019bc06caf802dc651934,2018-12,Essex Police,Essex Police,0.109687,51.700838,On or near BAKERS LANE,E01021762,Epping Forest 005C,Investigation complete; no suspect identified
3e5874d0bd8ef559287818bdf1564686e295516c4a0b851d7b40256a88270538,2018-12,Essex Police,Essex Police,0.098456,51.759284,On or near TENDRING ROAD,E01021870,Harlow 006E,Investigation complete; no suspect identified
622db9ddef239902ff0b39787a994819ae40d7ba3c4ea0ca71299e196ada2a87,2018-12,Essex Police,Essex Police,0.336024,51.482862,On or near WHITEHALL LANE,E01015959,Thurrock 016C,Unable to prosecute suspect
ff2e7ea433a47ddee3fb55d8cffccdace844ab52e86ee47deb00d3b7b1511e2b,2018-12,Essex Police,Essex Police,0.132120,51.762401,On or near KINGSDON LANE,E01021834,Harlow 008B,Suspect charged
b950ffd105ab248f16c3ec00d7b12042bef8231143186c2d7b77877aec9ba1aa,2018-12,Essex Police,Essex Police,0.423863,51.583655,On or near Petrol Station,E01021274,Basildon 010D,Investigation complete; no suspect identified
d1d8a0bbef34a1e010bea7ad49bad197c4378a56a23ba5aa9ef68dcb9355616f,2018-12,Essex Police,Essex Police,0.687432,51.546940,On or near WESTBOROUGH ROAD,E01015902,Southend-on-Sea 007B,Investigation complete; no suspect identified
a8dfd326f2938ce1f605fb5affa01d3073c6690451959630b99a610737de3824,2018-12,Essex Police,Essex Police,0.302207,51.620297,On or near HIGH STREET,E01021433,Brentwood 007A,Unable to prosecute suspect
742498789eb56b6de74de3394f1e91c85fd669d61a47079f397d8e48ba1a1df1,2018-12,Essex Police,Essex Police,0.282488,51.487496,On or near Shopping Area,E01016011,Thurrock 015B,Investigation complete; no suspect identified
c369fe3db9b97da19f48653e8aec60b02467336cfb2e3287b15d6ea7f221c0c1,2018-12,Essex Police,Essex Police,0.463491,51.677564,On or near Petrol Station,E01033143,Chelmsford 018E,Investigation complete; no suspect identified
b44d42a2145b5ad0d4f6e38e7d7143f4333360a3fcf07d7f441313e99f3b0f5c,2018-12,Essex Police,Essex Police,0.898856,51.892464,On or near NORTHGATE STREET,E01021649,Colchester 007D,Unable to prosecute suspect
81ee70242a29ddddb213f8f8701d0ea96de5acb3c2696e6a7fac2ee8ef27caf5,2018-12,Essex Police,Essex Police,0.484654,51.736715,On or near Prison,E01021627,Chelmsford 010E,Action to be taken by another organisation
94f2b1e03c7b18694f7f091ef987c68f052d111795fa4f0292532adbf16b61ad,2018-12,Essex Police,Essex Police,0.377250,51.465198,On or near FLEMING GARDENS,E01016008,Thurrock 018F,Offender given a drugs possession warning
9c22e3b2ad0c96c8da6483f73dc34870b95f1cb561a3aa8bc8499f0d598f080b,2018-12,Essex Police,Essex Police,0.736319,51.547707,On or near DURHAM ROAD,E01015887,Southend-on-Sea 009E,Investigation complete; no suspect identified
2e39bb70b8d86c29644b277c5eeced69f52499df6d420481b3b42b28b660ee2d,2018-12,Essex Police,Essex Police,0.542533,51.883071,On or near JOHN ENGLISH AVENUE,E01021358,Braintree 008C,Unable to prosecute suspect
7388c335f63fc5f0007e122dd697b2de16c2a6d349ed961c3bd66a0fc99c7166,2018-12,Essex Police,Essex Police,0.333125,51.474034,On or near ELM ROAD,E01015962,Thurrock 016E,Unable to prosecute suspect
ebe2752b06bf9eba8b35dbf882fa94df1ca1c4b3066f8a059c0190e66d93f559,2018-12,Essex Police,Essex Police,0.622121,51.517642,On or near CHAPMAN ROAD,E01021491,Castle Point 012C,Suspect charged
3f0378d9b62eac5d86f91fbb6e5ca667c5f169ff6f3dcedd99880daa39958221,2018-12,Essex Police,Essex Police,0.496752,51.573188,On or near CHALK END,E01021306,Basildon 013E,Unable to prosecute suspect
79b5691547ffb3a76cc36f816029427f66dc6b0bc2fb440a8fc87c2c0c15c5dd,2018-12,Essex Police,Essex Police,0.096056,51.768166,On or near SOUTH GATE,E01021868,Harlow 007B,Suspect charged
80963e79863ce98dbc42e53c757731c8ce3051cbb5895a2bf4aea2646ac49d4b,2018-12,Essex Police,Essex Police,1.070709,51.820305,On or near FLAG HILL,E01022047,Tendring 018E,Investigation complete; no suspect identified
4ddf1009c37400de0845093bfdab88e23fe4abcdf1a3d0d5de21329c517561f8,2018-12,Essex Police,Essex Police,0.022273,51.690065,On or near POPLAR SHAW,E01021814,Epping Forest 007C,Unable to prosecute suspect
711e24e4a5ffbae793efcc218aa166d711f39fca48b5107375de9b8eceb410a1,2018-12,Essex Police,Essex Police,0.642286,51.800653,On or near Further/Higher Educational Building,E01021416,Braintree 017B,Unable to prosecute suspect
9bbade935d49bbb85db0d04d0f5d93f3aa547d0c67ef17085cf7053622e3332f,2018-12,Essex Police,Essex Police,0.516633,51.570982,On or near WOODCOTE CRESCENT,E01021313,Basildon 018A,Investigation complete; no suspect identified
a2ae093f91e868a9d9b97fd405862fdcfbd17865eef87014acea5358c3cbd398,2018-12,Essex Police,Essex Police,0.692039,51.609294,On or near CHURCH ROAD,E01021914,Rochford 002A,Investigation complete; no suspect identified
818fc87307b4d41ae233ea2e46fa456daa3f65934445f36aa80b924837d7ba19,2018-12,Essex Police,Essex Police,0.338431,51.488794,On or near Supermarket,E01015970,Thurrock 014E,Unable to prosecute suspect
4a59c4fc5f5e126160baf7182a53f794684f48f32daa286d864ea45f2e1a6ee4,2018-12,Essex Police,Essex Police,0.465065,51.745384,On or near GLOUCESTER CRESCENT,E01021591,Chelmsford 002E,Unable to prosecute suspect
2ce47110180b7314af047cb3deafe314f6211482f6b0cd0c0e5143f582250f33,2018-12,Essex Police,Essex Police,0.561894,51.544587,On or near HIGH STREET,E01021480,Castle Point 007A,Investigation complete; no suspect identified
15b21c98d5ff3959fe3fd8a78ff876ab4e42b8eeb585a2d47bdfe36a62a99030,2018-12,Essex Police,Essex Police,0.726847,51.533789,On or near HAWTREE CLOSE,E01015842,Southend-on-Sea 014D,Unable to prosecute suspect
3f216314871f9f1430841f7fac483c596c07f2c637959a9dc8c29a696796bcb4,2018-12,Essex Police,Essex Police,0.096267,51.769898,On or near Parking Area,E01021872,Harlow 007E,Investigation complete; no suspect identified
89e9fd6119a958630c9e9f683bd687044612f20cd2c835f6dd055b568c4f6798,2018-12,Essex Police,Essex Police,0.830302,51.662198,On or near STATION ROAD,E01021906,Maldon 006D,Unable to prosecute suspect
8d0bb442f6c9e8752f5f06b856d27dd3703923646056ca735eec3312f787faec,2018-12,Essex Police,Essex Police,1.260534,51.935391,On or near ROSEBANK,E01022007,Tendring 002D,Unable to prosecute suspect
8ea78593e5b980cbe3d59a0f6419fb9422af20a90aabd70d47f56b7469c45a53,2018-12,Essex Police,Essex Police,0.709743,51.544690,On or near Police Station,E01015895,Southend-on-Sea 010A,Offender given a caution
2f33598001d045d5a7840387d497770d92869ef08130e5a6a4d3fddc2da33293,2018-12,Essex Police,Essex Police,0.376093,51.482821,On or near LANGTON WAY,E01015933,Thurrock 012A,Investigation complete; no suspect identified
69e6a0ab23cbbde1e23d2e0fe96596e9bf6c90734ce7b7abc21c9a9b909c1a08,2018-12,Essex Police,Essex Police,0.589685,51.527518,On or near ETON CLOSE,E01021494,Castle Point 008B,Offender given a caution
7425d3e7b3741892abae0c096411343d84bd2075247129c5790a6100aa72fc0b,2018-12,Essex Police,Essex Police,0.589685,51.527518,On or near ETON CLOSE,E01021494,Castle Point 008B,Unable to prosecute suspect
bb9736b20a7b6bc9c75696e2123cafcbb373fbc2adbade6205d74b07bc93dc64,2018-12,Essex Police,Essex Police,0.912338,51.926046,On or near Petrol Station,E01021682,Colchester 004D,Investigation complete; no suspect identified
2b9263633dbdeee0a013cf3316966eb9c18591b72476d21952372f19258c15ee,2018-12,Essex Police,Essex Police,0.480314,51.575047,On or near CURLING WALK,E01021270,Basildon 012D,Investigation complete; no suspect identified
d617e5fad41b91a1d1d918f47f1d3f9221ee610b345c0de84fc097e5b8eddf83,2018-12,Essex Police,Essex Police,0.992219,51.859196,On or near COCKAYNES LANE,E01021967,Tendring 009A,Investigation complete; no suspect identified
4e7feca1c9738c2c430106a11550fbc015add6e32927bd0929096e281e43252b,2018-12,Essex Police,Essex Police,0.483073,51.557083,On or near MOSS DRIVE,E01021300,Basildon 022A,Unable to prosecute suspect
411091b41b901df74d79a1146a7a5760d09415c8af1d523856b7a1d05484ade8,2018-12,Essex Police,Essex Police,0.429014,51.826477,On or near SANDON HILL,E01021539,Chelmsford 001B,Investigation complete; no suspect identified
49f388cde283c1f7fb455bf16ef2d0039ff4213872c8b7d46315a9c63c662626,2018-12,Essex Police,Essex Police,0.357447,51.628562,On or near SPRINGFIELD AVENUE,E01021449,Brentwood 003B,Unable to prosecute suspect
83d7cb8e61519ce9a937fd45fecb99dbbf0b7ca00e98d90d000c0e95d36c518b,2018-12,Essex Police,Essex Police,0.351253,51.633129,On or near RAYLEIGH ROAD,E01021448,Brentwood 003A,Investigation complete; no suspect identified
deaa164056900cb67d3406161ef52561b2cca9144c492dccc245d5b56248b1e3,2018-12,Essex Police,Essex Police,0.671282,51.570917,On or near Supermarket,E01015863,Southend-on-Sea 002A,Action to be taken by another organisation
9b45ec3c70e61228c4b75bb7ff20ed6e4858accbdac19e9663d65625757db649,2018-12,Essex Police,Essex Police,0.179235,51.834915,On or near LOWER ROAD,E01022060,Uttlesford 009B,Investigation complete; no suspect identified
977dbfef5cf868491313cf74c13ef8c8f8b842eb939c1e161525368fe62f8988,2018-12,Essex Police,Essex Police,0.608739,51.516565,On or near GAFZELLE DRIVE,E01021490,Castle Point 012B,Unable to prosecute suspect
b52a017a9744cfc75db0dd6d5321b26cdc3e9b80ebfefc37fe981231bfd867c4,2018-12,Essex Police,Essex Police,0.596043,51.861452,On or near ASHES ROAD,E01021380,Braintree 012E,Investigation complete; no suspect identified
add544e8b5a36b8651c78afd24b731cd6d184d9fac495c1b481ff526977c1291,2018-12,Essex Police,Essex Police,0.726847,51.533789,On or near HAWTREE CLOSE,E01015842,Southend-on-Sea 014D,Unable to prosecute suspect
1f0e3f8c9a8062003af7fda4f3b202a8ffa0d2f0b0f3062a225f71d24198463b,2018-12,Essex Police,Essex Police,0.067536,51.652075,On or near HILL TOP CLOSE,E01021786,Epping Forest 012A,Investigation complete; no suspect identified
98da7737d34054f05e2890a9835bd76df081dd921094f8bd4d3089b7fab15604,2018-12,Essex Police,Essex Police,0.692923,51.536120,On or near HOLLAND ROAD,E01015851,Southend-on-Sea 015A,Investigation complete; no suspect identified
9c42404c872cadcc05223d79bf3eae1e5db578fa53791294c1cc1c05fc62c869,2018-12,Essex Police,Essex Police,0.708507,51.584822,On or near MIDDLE MEAD,E01021955,Rochford 004D,Investigation complete; no suspect identified
a4c5fdb35e92a69966e7b6dbc57beca3d0d1ec6faa4eb44762e70b8d6ccf2277,2018-12,Essex Police,Essex Police,0.642286,51.800653,On or near Further/Higher Educational Building,E01021416,Braintree 017B,Unable to prosecute suspect
2ff7fab5b9672c903607c0e70a765af51fed9d49f60b6248c081b4057ca27318,2018-12,Essex Police,Essex Police,0.332699,51.487973,On or near TENNYSON AVENUE,E01015960,Thurrock 014A,Suspect charged
daed0f300b15bae269b372f0b44efea72ded04106a57f55a6c734b3a92b25ffa,2018-12,Essex Police,Essex Police,0.739131,51.773947,On or near SAWYER'S ROAD,E01021882,Maldon 002A,Investigation complete; no suspect identified
2b74b94af19865bed861d471d8b9a957c72d552c2a02a66363437c9375267237,2018-12,Essex Police,Essex Police,1.102765,51.773377,On or near ALVIS AVENUE,E01021988,Tendring 018A,Investigation complete; no suspect identified
b7138f3548095332f260031ee430aaf46f204498b06439bacb54a86829c89774,2018-12,Essex Police,Essex Police,0.335082,51.474283,On or near MAPLE ROAD,E01015962,Thurrock 016E,Investigation complete; no suspect identified
0f496d4738ff03a48a395a868379806e4720c18f85a843195fd5729aa054e74d,2018-12,Essex Police,Essex Police,0.474190,51.732359,On or near Shopping Area,E01033140,Chelmsford 010F,Unable to prosecute suspect
267800e93c4c106de976e71d12451205bba781ce22a15668267ddfb5789ed064,2018-12,Essex Police,Essex Police,0.093567,51.769182,On or near Shopping Area,E01021872,Harlow 007E,Unable to prosecute suspect
93f4561a39ddf42e1988e31f0f9763bd4f8f271f522a2aa409d89369a53fe536,2018-12,Essex Police,Essex Police,0.343459,51.621810,On or near COMPTON AVENUE,E01021447,Brentwood 005A,Investigation complete; no suspect identified
a5603c5cbc2f45dd563589c9c7f7eaed49830e41de882ccb8c161cd2865bffe4,2018-12,Essex Police,Essex Police,0.446680,51.546732,On or near ONE TREE HILL,E01015943,Thurrock 001A,Investigation complete; no suspect identified
56556c2572d0fa27b5dc66729001f022997a9ed8d380fad731ae21d62d5ee004,2018-12,Essex Police,Essex Police,0.473830,51.736629,On or near Chelmsford Police Station,E01033141,Chelmsford 010G,Investigation complete; no suspect identified
297dafd176a5e516c67aad3e2d394f95d383e6e5f7f6197f2b1617c416394f13,2018-12,Essex Police,Essex Police,0.469254,51.734540,On or near VICTORIA ROAD SOUTH,E01033141,Chelmsford 010G,Unable to prosecute suspect
5d63d98477db2d618b28e65a32d236eec245491b21cdd4cefcae6747adf484e0,2018-12,Essex Police,Essex Police,0.712497,51.540310,On or near Bus/Coach Station,E01015895,Southend-on-Sea 010A,Investigation complete; no suspect identified
b9394484d6955f84a56fba1916df7a03b1e7880afd8fde3e29d522f720c52872,2018-12,Essex Police,Essex Police,0.441732,51.566656,On or near ARDLEIGH,E01021298,Basildon 017D,Investigation complete; no suspect identified
b03cd81fc0d79cd036feac20563997b0f27c8822964923e262887edeab608ec2,2018-12,Essex Police,Essex Police,0.354506,51.628414,On or near BOURNEBRIDGE CLOSE,E01021449,Brentwood 003B,Investigation complete; no suspect identified
f08a6399cacea6d1c30177edfed2610a0438a15e262cfd2b8e3945f97595d744,2018-12,Essex Police,Essex Police,0.432681,51.608195,On or near COPPERFIELD,E01021257,Basildon 009B,Investigation complete; no suspect identified
d8ca7675f4f6f2f80dcd3e7b5f7b0f9f171acda47b10f8e1a1954a6ae19602e5,2018-12,Essex Police,Essex Police,0.552291,51.874991,On or near STONE CLOSE,E01021365,Braintree 009D,Unable to prosecute suspect
be2ea79720eb35eee33d9db653d6a347a35ba3e1604da8c0ff4c879207b8ee3b,2018-12,Essex Police,Essex Police,0.460380,51.738620,On or near PRIMROSE HILL,E01021575,Chelmsford 009B,Investigation complete; no suspect identified
1283a0435a8797935368b77ab7786d79c9d92c7358ff1ea4a9cad706fb8c901d,2018-12,Essex Police,Essex Police,0.102611,51.752645,On or near AYLETS FIELD,E01021858,Harlow 010B,Investigation complete; no suspect identified
0aa26f07e0d99043fb2542ee46ba32b05eae8c8718cdd13d5cd87d7c779662f3,2018-12,Essex Police,Essex Police,1.240359,51.836940,On or near SCHOOL ROAD,E01021987,Tendring 008A,Investigation complete; no suspect identified
908c130e020f7278ec3a7a2a7f7b41fb439efa677ec74aba3eb984885621e059,2018-12,Essex Police,Essex Police,0.851365,51.888508,On or near NELSON ROAD,E01021675,Colchester 009C,Unable to prosecute suspect
66d8875e1d200001b55245c5112107c26763929625f01adb960404b00a76391b,2018-12,Essex Police,Essex Police,0.194688,51.893277,On or near FELSTEAD CRESCENT,E01022087,Uttlesford 005F,Local resolution
69fc7c852d3f33a080f358fbbf3063f09e3d60891567a31eaee9ed0507fc01ea,2018-12,Essex Police,Essex Police,0.474190,51.732359,On or near Shopping Area,E01033140,Chelmsford 010F,Unable to prosecute suspect
2dc5ed44713283aa88923f223eba921bf941dc4345ecb874a13437406bd1e68a,2018-12,Essex Police,Essex Police,0.082504,51.659454,On or near CASTELL ROAD,E01021777,Epping Forest 011D,Investigation complete; no suspect identified
67084dc19b05fd9a8bb32a1f72a65e76b3d641837012d7b6b0cfc12b2e8c6aed,2018-12,Essex Police,Essex Police,0.492424,51.579557,On or near PETERBOROUGH WAY,E01021271,Basildon 013A,Unable to prosecute suspect
0255f3211bb4e553320e51fb6299d9d30a30e24bbe884fb2ed789edee5469e34,2018-12,Essex Police,Essex Police,1.283255,51.937278,On or near ORWELL ROAD,E01022001,Tendring 001D,Investigation complete; no suspect identified
aa48cc9e57ef0fefe8a8bb7d06daeee7df1b40580c2f70c2f01117d3b52928ca,2018-12,Essex Police,Essex Police,0.917545,51.883206,On or near ARTILLERY STREET,E01021685,Colchester 011C,Unable to prosecute suspect
ef42899624890152fec23c4467813f9dbfcec66cce760f40d1f3981b19685271,2018-12,Essex Police,Essex Police,0.900116,51.889231,On or near Shopping Area,E01021649,Colchester 007D,Investigation complete; no suspect identified
7506da1150cc5c9af848c652ff0e91134ef07472e9496b4d586ba7179e37d94f,2018-12,Essex Police,Essex Police,0.686850,51.558114,On or near ROCHESTER DRIVE,E01015859,Southend-on-Sea 004C,Suspect charged
13c17582aad4a90c0df7d82659c92e66391deb04ab9862ee384f30a6d8731cb3,2018-12,Essex Police,Essex Police,1.043330,51.937614,On or near CLAUDE OLIVER CLOSE,E01022014,Tendring 003C,Investigation complete; no suspect identified
38aacaf6eb17394a042cc2faebc26902f008f7c64b1ba5281788c2a7c9117a0b,2018-12,Essex Police,Essex Police,0.441593,51.744795,On or near THAMES AVENUE,E01021598,Chelmsford 003C,Investigation complete; no suspect identified
26f3e351441c8dd88d575ddb552bc1fefda9f5a21da24381f56102b11c9822b2,2018-12,Essex Police,Essex Police,1.283255,51.937278,On or near ORWELL ROAD,E01022001,Tendring 001D,Investigation complete; no suspect identified
71ce1131b2678d089a5d6cc14cb2e625f95308754b59f1110f632193cfbe7c1d,2018-12,Essex Police,Essex Police,0.554522,51.573904,On or near EVERSLEY ROAD,E01021513,Castle Point 001A,Investigation complete; no suspect identified
7902610ab705f6949c611ee436465de3a11821699cf28e709934c3794b363c82,2018-12,Essex Police,Essex Police,0.113040,51.700130,On or near Police Station,E01021757,Epping Forest 006B,Investigation complete; no suspect identified
ee0f24dae7d9e8e7acfc726f0649d54011854406d4b0ed48fe525967fc5ae9b9,2018-12,Essex Police,Essex Police,0.121022,51.755650,On or near SPINNING WHEEL MEAD,E01021835,Harlow 008C,Unable to prosecute suspect
0926a7eae3a5ca33ba174e2eeee389ee5e235c3a9a9687ea6f5f4543ad23d174,2018-12,Essex Police,Essex Police,0.916498,51.913486,On or near ENVILLE WAY,E01021668,Colchester 002A,Unable to prosecute suspect
79c6f4499bdec8a7a997fc3e8a798e88e861cb0e72feadede08393bb0fb45e5d,2018-12,Essex Police,Essex Police,0.552291,51.874991,On or near STONE CLOSE,E01021365,Braintree 009D,Unable to prosecute suspect
0cf0a8acf5129a29a5ace70937190710208288383f69e42332a6ed15c2b27f46,2018-12,Essex Police,Essex Police,0.291589,51.636071,On or near BALMORAL ROAD,E01021461,Brentwood 004D,Investigation complete; no suspect identified
3549f390cdfb3e7fcfa056bca2569826a86e372fdb2c0a8ddbd82aa33ff7bf78,2018-12,Essex Police,Essex Police,0.782671,51.660629,On or near DAIRY FARM ROAD,E01021900,Maldon 007E,Investigation complete; no suspect identified
3ab5ef2a6706a4e6f084cdedc9641533e58e6e8aeedd869faeb36d9d572fe4c4,2018-12,Essex Police,Essex Police,0.630094,51.801007,On or near Supermarket,E01021428,Braintree 015F,Unable to prosecute suspect
bbf8c2c6abc364aa15220052cbbdcdbcd6a8f36030301ae71a2a121e33128199,2018-12,Essex Police,Essex Police,1.153340,51.787393,On or near Nightclub,E01022025,Tendring 016B,Offender given a drugs possession warning
0b4d6a8bd177d14672583701e80d1c6f5febaecbd5351bb456fe67520beb9e01,2018-12,Essex Police,Essex Police,1.151206,51.939001,On or near WHEATSHEAF CLOSE,E01021978,Tendring 003A,Investigation complete; no suspect identified
3ea14b654a4968d3e73a950bbb10e9208b775e954a407029ca9c9a9c9ef2487a,2018-12,Essex Police,Essex Police,0.458379,51.567352,On or near CHERRYDOWN EAST,E01021296,Basildon 020C,Investigation complete; no suspect identified
4b6354bc3c47fc02eb507771c58c79bb726f167606e038d89d3caa1bb18e18f3,2018-12,Essex Police,Essex Police,0.689542,51.550678,On or near FIELDING WAY,E01015904,Southend-on-Sea 007D,Unable to prosecute suspect
c705848b86574b4ac28a11603c0f2c68d1031489f35857ce53dade5a1b44739c,2018-12,Essex Police,Essex Police,0.594726,51.773168,On or near REMEMBRANCE AVENUE,E01021394,Braintree 018B,Investigation complete; no suspect identified
4bea1cd5a6afd1467770f824bbd786d58bf6c37cde507c13f2946ecbb211b2dc,2018-12,Essex Police,Essex Police,0.447446,51.740788,On or near ROXWELL ROAD,E01021599,Chelmsford 009C,Investigation complete; no suspect identified
d2875e5e12048c5eb2f9ce0c4d687242dc8389e49bcef810f49d8fc6723ca58c,2018-12,Essex Police,Essex Police,0.702134,51.542860,On or near Further/Higher Educational Building,E01015896,Southend-on-Sea 010B,Suspect charged
a0b7f8920da70ba21477e5a36a72e753f254235627936e25cdc3cdeece50c122,2018-12,Essex Police,Essex Police,0.636396,51.570348,On or near GROVE HILL,E01015837,Southend-on-Sea 001E,Investigation complete; no suspect identified
4d3915dac9921e7d44daf6d243d87e927a2a183c93c5ea889de8ae6f4bd11f69,2018-12,Essex Police,Essex Police,0.549676,51.878069,On or near HIGH STREET,E01021365,Braintree 009D,Investigation complete; no suspect identified
1e9dfb354171d05cf6a395ee7908b33659e44d5bc7cdfa3ed8c233aae0b84d9e,2018-12,Essex Police,Essex Police,0.089593,51.752176,On or near SHENFIELD COURT,E01021859,Harlow 010C,Investigation complete; no suspect identified
37964751012fac07a77fa4b2ef945f1ef6938b74ba31e85c694ccc189f9359cf,2018-12,Essex Police,Essex Police,0.702354,51.543665,On or near NORTH ROAD,E01015899,Southend-on-Sea 010E,Suspect charged
bd5815ae72dc41d1f35e533547076021dedf70d84a538f262701dcb72fbb391e,2018-12,Essex Police,Essex Police,0.454843,51.790895,On or near SOUTH STREET,E01021540,Chelmsford 001C,Unable to prosecute suspect
36990939b50c53161e39913b988e95a34173f87dd20046f4ae01667a3744c7f9,2018-12,Essex Police,Essex Police,0.473597,51.729449,On or near HALL STREET,E01033140,Chelmsford 010F,Unable to prosecute suspect
9fc872654d0d80afc46ad1dba79d27a28c6bba22b915013962437d5c0f78b1ae,2018-12,Essex Police,Essex Police,0.732557,51.548946,On or near RYLANDS ROAD,E01015870,Southend-on-Sea 006B,Investigation complete; no suspect identified
36b74c9a7a6513778250d4d5b398d21b06ad621d18c52e9ab49fa94c432a0d3c,2018-12,Essex Police,Essex Police,0.387196,51.627682,On or near LONDON ROAD,E01021449,Brentwood 003B,Suspect charged
e2035a9cc54a3fd1696518bf0ba6778169da552d6e7bb3621f92d8b4febe467a,2018-12,Essex Police,Essex Police,0.702134,51.542860,On or near Further/Higher Educational Building,E01015896,Southend-on-Sea 010B,Suspect charged
1456f8aefcba184d47775bef12dda7171ec06f894a5650afa4953799b711501c,2018-12,Essex Police,Essex Police,0.699071,51.596596,On or near VAUGHAN CLOSE,E01021931,Rochford 002E,Unable to prosecute suspect
b519a4b938b7938b430b6083f7e74129840c9f0b29a03f1fef2a0d0386d54f33,2018-12,Essex Police,Essex Police,0.931256,51.879726,On or near QUAYSIDE DRIVE,E01033719,Colchester 008G,Investigation complete; no suspect identified
79e62e74ba2f32d7bdf7ceaf7abba68d5665a715433181ce2d6e7274a3fc426a,2018-12,Essex Police,Essex Police,1.137219,51.798338,On or near DOUGLAS ROAD,E01022023,Tendring 015A,Investigation complete; no suspect identified
56d26ea7cc8b5d529402a9b3e97fee8a66b8be9cfa4325bcd8827a79872ec90c,2018-12,Essex Police,Essex Police,0.607583,51.521051,On or near HASSELL ROAD,E01021490,Castle Point 012B,Unable to prosecute suspect
e279e3552f0cf4dfcfcf2d1e10b7886267612b0658a8368f18669a61a0743057,2018-12,Essex Police,Essex Police,0.413923,51.578860,On or near WIMBOURNE,E01021278,Basildon 014E,Unable to prosecute suspect
e18bd4cad1999ca6b4c488f9b33f377ea4f698be938671a5f01e9f7cb9c7f0f5,2018-12,Essex Police,Essex Police,0.106661,51.747842,On or near GIBB CROFT,E01021858,Harlow 010B,Unable to prosecute suspect
02873d3b01151960a48280c6306b214c99dd9d0b13bfe0b8b0c85e3a7d399d54,2018-12,Essex Police,Essex Police,0.284143,51.486609,On or near Shopping Area,E01016011,Thurrock 015B,Investigation complete; no suspect identified
70d66a7f3ade4dd763ea014b1d47277dbda0333c231ef4ec397c039563a37f71,2018-12,Essex Police,Essex Police,0.663106,51.561650,On or near HIGHBANK CLOSE,E01015825,Southend-on-Sea 005F,Investigation complete; no suspect identified
4862e390f552901f1747c951b9db38e1ae5eca4180d6e06f4a3c47bdf1bde7ba,2018-12,Essex Police,Essex Police,0.325177,51.473212,On or near ARGENT STREET,E01015954,Thurrock 017D,Investigation complete; no suspect identified
5896756e9dc3e10d5aed2782f8f5509edbba8a27ca3f0090b5fb82bee9322aaa,2018-12,Essex Police,Essex Police,0.712497,51.540310,On or near Bus/Coach Station,E01015895,Southend-on-Sea 010A,Investigation complete; no suspect identified
4fc18d20df9e8087e580e2f839fb3dd12004b717b01ddf70e3486a841960e09c,2018-12,Essex Police,Essex Police,0.477646,51.571371,On or near BROWNLOW CROSS,E01021320,Basildon 015D,Unable to prosecute suspect
3bf923eb576bac25b0182d868d426348ec6a1bec0164f31d40f22e7264803bad,2018-12,Essex Police,Essex Police,0.905184,51.896589,On or near Theatre/Concert Hall,E01021647,Colchester 007B,Unable to prosecute suspect
b0cd66f77d4cc8c87997846cd54346f1a30f9acc18b96afba8d97b48d0318a49,2018-12,Essex Police,Essex Police,0.472257,51.733569,On or near Shopping Area,E01033141,Chelmsford 010G,Investigation complete; no suspect identified
d6a33ae95157331e803a2e1fcc194ed672780ce7d8b0adfb3d67dd7ab5fefd33,2018-12,Essex Police,Essex Police,0.485678,51.567550,On or near LINDSELL LANE,E01021327,Basildon 019E,Investigation complete; no suspect identified
e0d4fa0d7ba9de60d9fd20b11714d537fe408d0e2d88f79c5831d7de7d127e26,2018-12,Essex Police,Essex Police,0.923673,51.923633,On or near THE CRESCENT,E01033720,Colchester 002F,Investigation complete; no suspect identified
3fc3ae698ed2f14d46f2186e0a4007619f5d0b6566ff7603afab53f559ae4556,2018-12,Essex Police,Essex Police,0.096056,51.768166,On or near SOUTH GATE,E01021868,Harlow 007B,Suspect charged
268cd8ce184d36c836a045edc41c43d6b3c6fcbe6aa3beefd8399d6be83633e3,2018-12,Essex Police,Essex Police,0.504058,51.719324,On or near LYSTER AVENUE,E01021560,Chelmsford 013B,Investigation complete; no suspect identified
7e280a23e4caea5613741fd37f795bc1cb0f40f7845eb1d1a55c30918ed037d9,2018-12,Essex Police,Essex Police,0.934781,51.897697,On or near WOODSIDE CLOSE,E01021707,Colchester 022I,Unable to prosecute suspect
6136d27d583ee20dfc406720f9122ea8857308e99504834babe781398c11eaa3,2018-12,Essex Police,Essex Police,0.179235,51.834915,On or near LOWER ROAD,E01022060,Uttlesford 009B,Investigation complete; no suspect identified
6cc2d6082edda932f27537907e427d83ec2c42c4be839ef22c84e5d96eb92a33,2018-12,Essex Police,Essex Police,0.934005,51.921919,On or near A1232,E01033720,Colchester 002F,Investigation complete; no suspect identified
2bf8c2eaf835a0491567cc60359d727706b5ce34e71ac7be04a075878f45aa2c,2018-12,Essex Police,Essex Police,0.668936,51.546876,On or near FERNLEIGH DRIVE,E01015823,Southend-on-Sea 005D,Investigation complete; no suspect identified
553f7ccedcaa04f9368f736dd1dd3b3a206547f3392765de4e68fc03010270fc,2018-12,Essex Police,Essex Police,0.460775,51.569775,On or near Parking Area,E01021318,Basildon 015C,Local resolution
d2dc9ced8408124489d5d5cf935df63c011b6d7e28fffe970f8afc90c45a234c,2018-12,Essex Police,Essex Police,0.443864,51.749568,On or near PENNINE ROAD,E01021597,Chelmsford 003B,Investigation complete; no suspect identified
cd9313b9ef6d9bc084bb32fe4bbcee001da2be42f7783169165fcdb817525856,2018-12,Essex Police,Essex Police,0.458653,51.747083,On or near NORTH AVENUE,E01021576,Chelmsford 006A,Investigation complete; no suspect identified
49b3e504bdb201093f59db4b6d8c86b956e4e64d3cb972a94ed78112e2c269e4,2018-12,Essex Police,Essex Police,0.421343,51.575892,On or near Pedestrian Subway,E01021273,Basildon 014A,Investigation complete; no suspect identified
db0e1f1037b09aea68224f0d7a970b219fb75460ff914c67fa7037eb02e502bd,2018-12,Essex Police,Essex Police,0.844947,51.884472,On or near WHEATFIELD ROAD,E01021720,Colchester 012C,Investigation complete; no suspect identified
5c0d9a87e5f3aca462ee78cb27ee44e78b26639d3cef8e42e64beea00011fb88,2018-12,Essex Police,Essex Police,0.409308,51.571302,On or near THE CHIGNALLS,E01021276,Basildon 014C,Unable to prosecute suspect
db6b9a7e4520295a75566c0be23031f36c6e52c35f710d81a5fb1e1e9d2af963,2018-12,Essex Police,Essex Police,0.078833,51.616192,On or near THE CHASE,E01021767,Epping Forest 017D,Investigation complete; no suspect identified
e2305073470910a7ba262c477392d0bbab4d86e0ba7a2ec2f6c2829987b4ee6a,2018-12,Essex Police,Essex Police,0.458240,51.569324,On or near Supermarket,E01021318,Basildon 015C,Local resolution
45bfc694d58733d92edf748d94e0bc8705ed094bf4df166c6f4d8e072c57f638,2018-12,Essex Police,Essex Police,0.504058,51.719324,On or near LYSTER AVENUE,E01021560,Chelmsford 013B,Investigation complete; no suspect identified
21d379191dd5009cb56f1fd2dbbb10f75241c95a9abd86464cf6a97aac22352e,2018-12,Essex Police,Essex Police,0.580761,51.567026,On or near HYDEWAY,E01021512,Castle Point 004D,Investigation complete; no suspect identified
2f868d658ed6df6a264bd1ded4144616cf38894a9b495356ec9f66a799906796,2018-12,Essex Police,Essex Police,0.488046,51.575765,On or near Sports/Recreation Area,E01021270,Basildon 012D,Unable to prosecute suspect
589ff1dfecd028a9d9c2ed81411e9f6fb2822c0a280d130e6a85cf50e259e2db,2018-12,Essex Police,Essex Police,0.462713,51.570912,On or near Parking Area,E01021318,Basildon 015C,Unable to prosecute suspect
c85b7398e50e506eb98695510c003133d263fad9cf09786146e4ac70b8997e2d,2018-12,Essex Police,Essex Police,0.455711,51.732648,On or near Petrol Station,E01033138,Chelmsford 009F,Unable to prosecute suspect
2bb48b5e5aeb4a870b61142fa6a3463822496494c68f15ad1d9a5b9451e98b22,2018-12,Essex Police,Essex Police,0.067921,51.646555,On or near ALDERTON RISE,E01021772,Epping Forest 013B,Investigation complete; no suspect identified
24ea68f417599aa90f31e92e74e40f7aba11302cf92be700e6bd0a8687cd478e,2018-12,Essex Police,Essex Police,0.552316,51.877733,On or near Supermarket,E01033459,Braintree 009F,Local resolution
df3e324abab5baa32e00dd200fdb2b9ca33e60e4fe3b9bf4364414889de97411,2018-12,Essex Police,Essex Police,0.621414,51.553272,On or near Sports/Recreation Area,E01021517,Castle Point 005A,Unable to prosecute suspect
fdf31f221a0ff42768e63ccfa353d9b383325b29bb1a2195dfa690aac7336c4b,2018-12,Essex Police,Essex Police,0.712855,51.537855,On or near Nightclub,E01015852,Southend-on-Sea 015B,Investigation complete; no suspect identified
1fa011893faf44933508b301856b1f629f703affe4222091eba21eeedf0803a4,2018-12,Essex Police,Essex Police,0.261741,51.889938,On or near Airport/Airfield,E01022090,Uttlesford 006B,Local resolution
a2612ad4922fd4b0ea05ef66caa200d3ee67205e9cc2edbcdc07037fe20aba86,2018-12,Essex Police,Essex Police,0.361679,51.461709,On or near CALCUTTA ROAD,E01016009,Thurrock 018G,Investigation complete; no suspect identified
c93d7ec62ee0225cf913015058340d96aeb2f1d41596081f4797856038a24fba,2018-12,Essex Police,Essex Police,0.712855,51.537855,On or near Nightclub,E01015852,Southend-on-Sea 015B,Investigation complete; no suspect identified
b653062685d1239bca42333add6501be219cf152aa750124b119fc40a7063642,2018-12,Essex Police,Essex Police,0.897825,51.889081,On or near CULVER STREET WEST,E01021649,Colchester 007D,Suspect charged
1532ccc745c4c715f71be570d5299b0a92fe1269df1498c9e649f628a817cd56,2018-12,Essex Police,Essex Police,0.301164,51.620236,On or near BANK PLACE,E01021433,Brentwood 007A,Unable to prosecute suspect
66f4bfcf7d34da06db4b43002203a552ca097bf8025e4b495590b0491d1dfc56,2018-12,Essex Police,Essex Police,0.571334,51.878479,On or near HAY LANE SOUTH,E01021370,Braintree 011B,Investigation complete; no suspect identified
658c522558a3401d5919bbc4fde8995afdd73dbae6a0e6c778e1783d1dab1ff9,2018-12,Essex Police,Essex Police,0.853641,51.912258,On or near ERLE HAVARD ROAD,E01021729,Colchester 003C,Investigation complete; no suspect identified
cf246b1b422de3be343d16f03122774faafd916abfe6f048448eb43a245fe7f6,2018-12,Essex Police,Essex Police,0.853641,51.912258,On or near ERLE HAVARD ROAD,E01021729,Colchester 003C,Investigation complete; no suspect identified
60f45bceb7b2f5d4bf9bb306fc29709dcc328525f4ade4001c9b8822b9668b6e,2018-12,Essex Police,Essex Police,1.073792,51.843195,On or near GEORGE MITCHEL CLOSE,E01021993,Tendring 009C,Investigation complete; no suspect identified
1eaa8f45b5cd017a8fe64af5d7b6c56c76f5ce3065a319aa36ea3dfb682f83b0,2018-12,Essex Police,Essex Police,0.061506,51.609637,On or near SMEATON ROAD,E01021752,Epping Forest 016D,Investigation complete; no suspect identified
d4dcaf24a03981e5f7ca6d275011deeb9dd6f7a1002085f2c62718fa46c56e00,2018-12,Essex Police,Essex Police,0.421343,51.575892,On or near Pedestrian Subway,E01021273,Basildon 014A,Investigation complete; no suspect identified
79781e84f16f384c4b1790ca32f956b9ededb09782b7409b1bb900bf66cde4c4,2018-12,Essex Police,Essex Police,0.515117,51.624264,On or near SWALLOW ROAD,E01021338,Basildon 005C,Investigation complete; no suspect identified
131a483923ac8d2e031bf88ac2a45e55f14365d61f54cad1440454504c612ff3,2018-12,Essex Police,Essex Police,0.088038,51.768722,On or near WEDHEY,E01021842,Harlow 004D,Unable to prosecute suspect
f2a4445251e53e0e3682aa45ee4d2b24a73dc97e26dff69f7b81d15498094208,2018-12,Essex Police,Essex Police,0.571334,51.878479,On or near HAY LANE SOUTH,E01021370,Braintree 011B,Investigation complete; no suspect identified
9f6c88427432e8bbf1530b1efd69faf568c52754ca1f3828a847a62fcf08b88a,2018-12,Essex Police,Essex Police,0.900116,51.889231,On or near Shopping Area,E01021649,Colchester 007D,Local resolution
462d3ad9df22c001e4f3d4721eeaa1b76f30921a26faafdd697760d2d27feb5e,2018-12,Essex Police,Essex Police,1.142791,51.791894,On or near ESTUARY CRESCENT,E01021968,Tendring 017A,Action to be taken by another organisation
8919716f69b019fbfe6f209dadec4dcf938547588d91a62cf11c6f7f1c2228c4,2018-12,Essex Police,Essex Police,1.142791,51.791894,On or near ESTUARY CRESCENT,E01021968,Tendring 017A,Action to be taken by another organisation
4907f582f81a4ef26e264a5f59843cd4ff996da158f09c008b9ae5c7816196f9,2018-12,Essex Police,Essex Police,0.732548,51.534835,On or near KENSINGTON ROAD,E01015892,Southend-on-Sea 016D,Suspect charged
106a6f3343f4fa7e747caea09f74cd891c40b122ac521d2da4e52869c1fe6fc1,2018-12,Essex Police,Essex Police,0.463490,51.569268,On or near Supermarket,E01021318,Basildon 015C,Suspect charged
aca90d05c5b2247476acae482dd93665147e55011cccb86170416b10cc48df84,2018-12,Essex Police,Essex Police,0.088038,51.768722,On or near WEDHEY,E01021842,Harlow 004D,Unable to prosecute suspect
df4e335e9d04de1d429e67e00ad0d937f2e42373babd66daebaf644d00383c26,2018-12,Essex Police,Essex Police,0.713962,51.534151,On or near Nightclub,E01015852,Southend-on-Sea 015B,Unable to prosecute suspect
e95e5387da2346bc7a2cadee988c547e5fe783b7de9d144f7b31a458eca86b1a,2018-12,Essex Police,Essex Police,0.713962,51.534151,On or near Nightclub,E01015852,Southend-on-Sea 015B,Unable to prosecute suspect
726505638c4e0e3d86c9518ea863dc4e36dae57c90fd43cc49b8675f0adbfeb4,2018-12,Essex Police,Essex Police,0.094492,51.776638,On or near TORKILDSEN WAY,E01021843,Harlow 004E,Unable to prosecute suspect
99aeb9ba24839528ca7addf33805a55eb9f100bcae19d9a99635d4bd93f84141,2018-12,Essex Police,Essex Police,0.653489,51.939867,On or near BROOK FARM CLOSE,E01021389,Braintree 006A,Unable to prosecute suspect
49d72cef9a2c14d8b568f72bf2001f7c0ab85619b3de1abe9b4bfe77dbb6c385,2018-12,Essex Police,Essex Police,0.481156,51.749802,On or near WAVENEY DRIVE,E01021623,Chelmsford 004E,Unable to prosecute suspect
41fbb86933e1689c2cc44b236d12e767bb4c1d3bd7fe264303f5a716714bf24d,2018-12,Essex Police,Essex Police,0.592084,51.520253,On or near Parking Area,E01021498,Castle Point 011B,Investigation complete; no suspect identified
ea37219c14593658992aeca1e1e0f6f5dbf89c7ff23f679241d8c8bc06df8b61,2018-12,Essex Police,Essex Police,0.689609,51.537635,On or near VALKYRIE ROAD,E01015828,Southend-on-Sea 012B,Investigation complete; no suspect identified
682a99d4a657957f011a91455c83bb20172579510b313fe8306cb0978f1c10fc,2018-12,Essex Police,Essex Police,0.577155,51.871508,On or near KNIGHTS ROAD,E01021368,Braintree 011A,Unable to prosecute suspect
6624d01a690185fec98bc198627a708a5d54436091c55acfe920078199e9dfa2,2018-12,Essex Police,Essex Police,0.446413,51.747392,On or near WELLINGTON CLOSE,E01021598,Chelmsford 003C,Suspect charged
83e9d029d88a38f32c1d9cc23af695f1eb6be6703a821cd285d22a5229ea293b,2018-12,Essex Police,Essex Police,0.062261,51.675665,On or near Nightclub,E01021806,Epping Forest 009A,Investigation complete; no suspect identified
1c0f30c3a53e0fbe8c436b01fd77b593fdb3c432cb12ebae539c828ac359afa2,2018-12,Essex Police,Essex Police,0.610029,51.652922,On or near REDSHANK CRESCENT,E01021611,Chelmsford 019A,Investigation complete; no suspect identified
da2645be51647989ea89ea6c45ccf0ecd1324e206d6ac89f5277ff61c4dd70b8,2018-12,Essex Police,Essex Police,0.519469,51.753007,On or near WINSFORD WAY,E01021537,Chelmsford 005B,Suspect charged
fc6bdb01861f1e44453e79937e08162a9e9efccb4959553ccdfa45a02d4894ea,2018-12,Essex Police,Essex Police,0.495881,51.732790,On or near Shopping Area,E01021547,Chelmsford 008D,Investigation complete; no suspect identified
596cff4e39d55bbfec8a57c529818a24970e4835861d225981f7fbc0f6a4c10b,2018-12,Essex Police,Essex Police,0.105174,51.770368,On or near MADDOX ROAD,E01021849,Harlow 003A,Investigation complete; no suspect identified
aafd4d14468e4437c5658ae385b51dd7119ecb73356e270560f0df503bde519d,2018-12,Essex Police,Essex Police,0.451265,51.741491,On or near ST FABIAN'S DRIVE,E01021599,Chelmsford 009C,Investigation complete; no suspect identified
915b4c31c928d67d11f63b85a939e74e8171da1a1c82abfc5ba144cda5de2088,2018-12,Essex Police,Essex Police,0.541939,51.873066,On or near HAZEL GROVE,E01021366,Braintree 010B,Unable to prosecute suspect
00f8633bacb4c4393361b02590b42e7d14afc22fc49555b35aecca650bf256a0,2018-12,Essex Police,Essex Police,0.685274,51.872740,On or near STONEHAM STREET,E01021378,Braintree 014B,Suspect charged
f6b1430388f0e82da9be74f3ee073631ff80f5092322a7d2f361dbe57c275afb,2018-12,Essex Police,Essex Police,0.592084,51.520253,On or near Parking Area,E01021498,Castle Point 011B,Investigation complete; no suspect identified
412a8f1fac82290d9f2c76ada11edd83704b7040f4d9b0938793ac5236681b9a,2018-12,Essex Police,Essex Police,0.725264,51.534824,On or near OUTING CLOSE,E01015842,Southend-on-Sea 014D,Suspect charged
5ae892d5f6c62c42115e59dd339b96aff7edc6c04243d18e681dfddb5af12ca7,2018-12,Essex Police,Essex Police,0.718808,51.537070,On or near TOLEDO ROAD,E01015841,Southend-on-Sea 014C,Investigation complete; no suspect identified
9dc6c5f0d89d3ad892cb9b2d0ed0c85cc6ced1cfa01d0fcb23e0f26ab396244d,2018-12,Essex Police,Essex Police,0.339964,51.476254,On or near ST MARYS CLOSE,E01015969,Thurrock 014D,Unable to prosecute suspect
474a96357ecea89db4e8a6e232ca64ea1b8acd5217e926e8a64d02e77ab789b3,2018-12,Essex Police,Essex Police,0.303257,51.621059,On or near Shopping Area,E01021433,Brentwood 007A,Suspect charged
8603b6598a288011dce508e08477f4c59e34a0a45e1b8062abce571aec6aab9a,2018-12,Essex Police,Essex Police,0.353142,51.488293,On or near GRANGEWOOD AVENUE,E01015965,Thurrock 010C,Action to be taken by another organisation
0778b7f42eb2a6376671946f6e2ca742cae75a66c17a2c293f02b2c127d866b3,2018-12,Essex Police,Essex Police,0.286475,51.509595,On or near AFTON DRIVE,E01015976,Thurrock 007F,Investigation complete; no suspect identified
9627075334f4d1ce0ad73f9f147d69149b2cfcfc839a39d52108b2b359b066d8,2018-12,Essex Police,Essex Police,0.127685,51.760539,On or near CAMPBELL CLOSE,E01021836,Harlow 008D,Unable to prosecute suspect
563bdea2b13237bb8213ef6ae2b4d59e1e479b494921658e35b17cdec3adb316,2018-12,Essex Police,Essex Police,0.897825,51.889081,On or near CULVER STREET WEST,E01021649,Colchester 007D,Unable to prosecute suspect
79ff121254b513046ac1a94e1a552d852aa58b345517187202a3680ca1144f8e,2018-12,Essex Police,Essex Police,0.494031,51.576744,On or near LINCOLN ROAD,E01021271,Basildon 013A,Unable to prosecute suspect
b6d6ce8a9b8c9590b692b12f4fd258960aefc37d315bf79f3d9a5d57ddddf65f,2018-12,Essex Police,Essex Police,0.494031,51.576744,On or near LINCOLN ROAD,E01021271,Basildon 013A,Unable to prosecute suspect
3b82a6231ffba839782a8f45f8398691a23bfbb648c4b1577ebec0f4b453ef06,2018-12,Essex Police,Essex Police,0.490313,51.758494,On or near WAVELL CLOSE,E01021617,Chelmsford 004B,Investigation complete; no suspect identified
352cda6a4e50309480f150c651f8a45aa27be30d5e5eae78863d77ff49147a05,2018-12,Essex Police,Essex Police,0.896245,51.888706,On or near HEAD STREET,E01021649,Colchester 007D,Unable to prosecute suspect
3bb7fb8a4bbe43ee3e1fc74b8f6fdac31ae4f0decdcc42ed9f2526a7792c0d14,2018-12,Essex Police,Essex Police,0.636952,51.815863,On or near SHAW ROAD,E01021418,Braintree 015C,Unable to prosecute suspect
53f1ce5d928f08e2e22a189e008d28543eae10858e94fcf33ea78f7175a4381e,2018-12,Essex Police,Essex Police,0.337179,51.477281,On or near CEMENT BLOCK COTTAGES,E01015969,Thurrock 014D,Suspect charged
ff346eda136d799c108996cf21f321fe47e1675531a96ff5c2b879c5d7237302,2018-12,Essex Police,Essex Police,0.571478,51.621909,On or near HAWK HILL,E01021920,Rochford 006A,Investigation complete; no suspect identified
b4d2576580a1d03856fa618694ceda0136573d83749b386050232a912109c23f,2018-12,Essex Police,Essex Police,0.144472,51.765872,On or near SHELDON CLOSE,E01021826,Harlow 005C,Offender given a caution
ed35de96ab376eba028907505d18ba0cda82a98a80f8c0203837042568351a7f,2018-12,Essex Police,Essex Police,0.689585,51.544327,On or near SHOE LANE,E01015831,Southend-on-Sea 012E,Unable to prosecute suspect
9e4991ec874ed30c57d0e5152210b2e05c6e6ef43fbfe96589a3dd1893ecc927,2018-12,Essex Police,Essex Police,0.689585,51.544327,On or near SHOE LANE,E01015831,Southend-on-Sea 012E,Unable to prosecute suspect
977a64f763b91070e8302f418aa762b9808e2efec23ecd27a407d02d9ed79f0c,2018-12,Essex Police,Essex Police,0.755293,51.616253,On or near LAMBOURNE HALL ROAD,E01021915,Rochford 004A,Investigation complete; no suspect identified
71021ac4794cdb7a2abfc848091d4f93dc30361caa6acd58f334057ecbefb0be,2018-12,Essex Police,Essex Police,0.932614,51.876931,On or near HAVEN ROAD,E01021664,Colchester 016C,Unable to prosecute suspect
61f808665ec66ad01c2fca4c0fbf94ecceca48ce2670894951fde7b4135709df,2018-12,Essex Police,Essex Police,0.689621,51.541026,On or near FINCHLEY ROAD,E01015831,Southend-on-Sea 012E,Investigation complete; no suspect identified
d7501770ee70ff2267d3bba4eb28bdb4377db8417668d3eba53172f6ad98d50d,2018-12,Essex Police,Essex Police,0.960008,51.859732,On or near Supermarket,E01021739,Colchester 017D,Investigation complete; no suspect identified
73d2035b902f81513737ba4737e39b80472c7e0865ab6a0425c5891532a890c9,2018-12,Essex Police,Essex Police,0.429141,51.622505,On or near GOLDCREST DRIVE,E01021243,Basildon 003D,Investigation complete; no suspect identified
577fd9c33b19e2d0be0991eb33dd6df7735964e9ae03d5c48daa31c0038ba1f3,2018-12,Essex Police,Essex Police,0.444697,51.570003,On or near RISE PARK,E01021293,Basildon 017C,Unable to prosecute suspect
8a372a3609910495e5609e47ff23f2706268145e72081304b1a78df9eab7e08d,2018-12,Essex Police,Essex Police,0.366499,51.464714,On or near STEPHENSON AVENUE,E01016010,Thurrock 018H,Unable to prosecute suspect
0a5c4313f75624d0715e7de152ac3959f6ab3d6631149f3cd52fc9c0aa7f2edb,2018-12,Essex Police,Essex Police,1.150049,51.812161,On or near Supermarket,E01022039,Tendring 010B,Offender given a drugs possession warning
60212c0ba03d3deeabd16dcfcb40d1380aec51886bf85b617c072f229b77cc24,2018-12,Essex Police,Essex Police,0.541224,51.608988,On or near SANDOWN ROAD,E01021341,Basildon 007D,Investigation complete; no suspect identified
2ce9527136f53df4fa2a4cd04ca60101a6febe30a9602e23b054879ce4f4067c,2018-12,Essex Police,Essex Police,0.458361,51.554726,On or near HAWKESBURY BUSH LANE,E01021299,Basildon 020E,Suspect charged
f38fbb8277fd480737d180c9893a49630454f3b491d191870f07a33eaf360ec4,2018-12,Essex Police,Essex Police,0.458361,51.554726,On or near HAWKESBURY BUSH LANE,E01021299,Basildon 020E,Suspect charged
d14b65e5be7d04adfbb03ed3589a0a23e5a595d965cab0edda04654a462657cc,2018-12,Essex Police,Essex Police,0.365425,51.467613,On or near SULLIVAN ROAD,E01016007,Thurrock 018E,Unable to prosecute suspect
72747165eee455f27c9e64ca8906a02a94c8ab6733cd83b1f21cd78917d6d10b,2018-12,Essex Police,Essex Police,0.458361,51.554726,On or near HAWKESBURY BUSH LANE,E01021299,Basildon 020E,Suspect charged
6e219b1034eb897625074a2cabb637965bbb748e88485ee55fd46fc98d0f9641,2018-12,Essex Police,Essex Police,0.366499,51.464714,On or near STEPHENSON AVENUE,E01016010,Thurrock 018H,Suspect charged
2a8cc3b1b8e10a46f309ba53c7f7f678f0965e85ab5c99fb5f282b09ded039c7,2018-12,Essex Police,Essex Police,0.111264,51.705180,On or near MEADOW ROAD,E01021760,Epping Forest 005A,Unable to prosecute suspect
5498dfa54c6216bd4c564ab8bbd10a0da7d908dcd2f7ec6f0a3cec157f7741ed,2018-12,Essex Police,Essex Police,0.736768,51.608017,On or near SCOTTS HALL ROAD,E01021915,Rochford 004A,Investigation complete; no suspect identified
b968c9d59775390ffd12edc8463deb39ae5ac8730b118e4c70e7f315b723ad4f,2018-12,Essex Police,Essex Police,0.301597,51.618528,On or near Parking Area,E01021436,Brentwood 007B,Investigation complete; no suspect identified
996a5e15092c8b183ccac585c399988a397a4f3ea9bf0db832ce57442fd02b58,2018-12,Essex Police,Essex Police,0.888560,51.893518,On or near Further/Higher Educational Building,E01021646,Colchester 007A,Unable to prosecute suspect
5978037a7aa7587600e451ac80cda4037ce0dd277c90773541d3dd3d9d6b46dc,2018-12,Essex Police,Essex Police,0.129003,51.766989,On or near LONDON ROAD,E01021827,Harlow 005D,Suspect charged
ed5befd77e1293a96e8f36bbc9dd45860e9f9a80829f7b65d91cda649227fc21,2018-12,Essex Police,Essex Police,0.129003,51.766989,On or near LONDON ROAD,E01021827,Harlow 005D,Suspect charged
39940dc84e92ab3b896b1e3e8dd64dba5f0d13c7f200b30d987243783bc731ac,2018-12,Essex Police,Essex Police,0.608119,51.553128,On or near HIGH STREET,E01021518,Castle Point 006B,Unable to prosecute suspect
2f8e256228f24cf7d95e0d34ca42cbaab71f1f1fbcd9645361e08ba7e291cfcd,2018-12,Essex Police,Essex Police,0.467367,51.727808,On or near QUEEN STREET,E01021582,Chelmsford 010D,Investigation complete; no suspect identified
50b7c2ab172f8e1b7d6540e78198351d5396c56037c1a068a6bb398647690050,2018-12,Essex Police,Essex Police,1.155313,51.791756,On or near CARNARVON ROAD,E01022027,Tendring 016D,Investigation complete; no suspect identified
ec64497a12dc86184244240c50318baf5d98d5ae5eb91c64aa649b5da6194d89,2018-12,Essex Police,Essex Police,0.608355,51.643399,On or near ALBERT ROAD,E01021615,Chelmsford 019E,Unable to prosecute suspect
fa72f61d31d29ee218951226bf4e825dadab361457526f1625aed4fd27ff95b0,2018-12,Essex Police,Essex Police,0.621764,51.586424,On or near AVONDALE ROAD,E01021951,Rochford 008B,Unable to prosecute suspect
530ecfce5896274e30ed949a8d35040d44b158e9ff0dceaa2df8014cc3a803d6,2018-12,Essex Police,Essex Police,0.709743,51.544690,On or near Police Station,E01015895,Southend-on-Sea 010A,Unable to prosecute suspect
5f580091d58b25e3ff41d72530b7681c6cddc5bcaa25d2d90752fded6c8b4749,2018-12,Essex Police,Essex Police,0.231669,51.485749,On or near CHIEFTAN DRIVE,E01016014,Thurrock 015E,Investigation complete; no suspect identified
895d2da48830b1a80dee7add7db2ed9927ebc353007a43724e21f24465f80298,2018-12,Essex Police,Essex Police,0.709094,51.540820,On or near Supermarket,E01015895,Southend-on-Sea 010A,Investigation complete; no suspect identified
0b4cc5cd0a7e3d8721983a85178ef9ffa4274adff816fff4aa21dc4865527285,2018-12,Essex Police,Essex Police,0.127685,51.760539,On or near CAMPBELL CLOSE,E01021836,Harlow 008D,Unable to prosecute suspect
10e05cd69386b738e22c81e716fa48dfd11eae4376762c6822adcbbf8e454d15,2018-12,Essex Police,Essex Police,0.292252,51.511847,On or near OAKLANDS DRIVE,E01015932,Thurrock 006A,Investigation complete; no suspect identified
3918b3427a2c62f94d25e9cdbf86dc8893c1e9d32864caa716f7b3ed091e73ff,2018-12,Essex Police,Essex Police,0.230757,51.485056,On or near MULBERRY DRIVE,E01016014,Thurrock 015E,Investigation complete; no suspect identified
b5ceffcc4849dd6c1a1794d75cf66c40847c70148aa2f8e115288a232b09d8cf,2018-12,Essex Police,Essex Police,0.552537,51.878313,On or near MARKET PLACE,E01033459,Braintree 009F,Investigation complete; no suspect identified
f07e953e98aed624d2719b1d96bd318a5835cb1bfae773123afa803fb81539aa,2018-12,Essex Police,Essex Police,0.516191,51.586217,On or near JOSSELIN ROAD,E01021309,Basildon 011E,Investigation complete; no suspect identified
079a94bfcb2d8d27c08b2732ea5c35182a282c4982590d2b5ffa8622edc1b1f1,2018-12,Essex Police,Essex Police,1.157347,51.808403,On or near LINNETS,E01022041,Tendring 010D,Suspect charged
e3dc1224e1452643e510b696e4d20891052e1c752a2a0837fd124aa303d3ff38,2018-12,Essex Police,Essex Police,0.931994,51.893747,On or near JUNIPER WAY,E01021697,Colchester 008B,Investigation complete; no suspect identified
481157af38f8b2ef52d232be771efa77b81d4155844ba00c81238a389c200461,2018-12,Essex Police,Essex Police,0.808868,51.552935,On or near THE ANCHORAGE,E01021921,Rochford 010B,Suspect charged
62214a29d4c6479a870a109510fe64d5bb19849a6aedbd1160a79be38f6e523c,2018-12,Essex Police,Essex Police,0.073653,51.758762,On or near CHURCH END,E01021832,Harlow 009C,Unable to prosecute suspect
013e471735e6bfd2e4281b280c628cfa986e73bb49a3f1f2a5201a1adaa6aa5f,2018-12,Essex Police,Essex Police,0.780212,51.530387,On or near WEST ROAD,E01015917,Southend-on-Sea 017D,Unable to prosecute suspect
44af880b64e239fa844d93027afb267c5c5075dd63621adfc7e34b8e90a4dfa6,2018-12,Essex Police,Essex Police,0.498190,51.718739,On or near BUCKLEYS,E01021560,Chelmsford 013B,Investigation complete; no suspect identified
8ce10a4ffd41ca1fd36046628661a9fe74bbbbf3d97b5220287a9c50ee2f625f,2018-12,Essex Police,Essex Police,0.633435,51.544594,On or near DALE ROAD,E01015908,Southend-on-Sea 008A,Investigation complete; no suspect identified
b98d271562130b64e16526af66d2b13ffcc8f5e1d4138b77863dcea63b90c107,2018-12,Essex Police,Essex Police,0.708721,51.585257,On or near MALTING VILLAS ROAD,E01021955,Rochford 004D,Investigation complete; no suspect identified
cb95e8a54d2392eec330d5ac515f3c9000bf21283ff9b8417114bc0c384da17f,2018-12,Essex Police,Essex Police,0.773602,51.540733,On or near BUCKLAND,E01015914,Southend-on-Sea 017A,Investigation complete; no suspect identified
57e9881d625d0b39cb42ab5fc667174aab5171d6df59011c36e55712aaeea42c,2018-12,Essex Police,Essex Police,0.452281,51.571751,On or near Park/Open Space,E01021319,Basildon 017E,Investigation complete; no suspect identified
fdbe9ab81ff08c5f91bbab7f71583c0dffa6efc22afcf1b5b2bd2934f52cd586,2018-12,Essex Police,Essex Police,0.453369,51.567043,On or near BESSEMER CLOSE,E01021297,Basildon 020D,Investigation complete; no suspect identified
6db097d2289160a24e976772fba4c538f5b5c7bb699ef8d3f001c9fb3fc24d3d,2018-12,Essex Police,Essex Police,0.712013,51.538486,On or near Nightclub,E01015852,Southend-on-Sea 015B,Suspect charged
9188cb6233588e5060145ddbb5496b71c61b168f712d8a9747aac62f67d828eb,2018-12,Essex Police,Essex Police,0.630004,51.584377,On or near BRAMFIELD ROAD EAST,E01021947,Rochford 009B,Investigation complete; no suspect identified
dd6e57a28f27a27060969db6ac47cbee6b321e573744d8812427593679c9d58e,2018-12,Essex Police,Essex Police,0.688376,51.561721,On or near DENTON CLOSE,E01015868,Southend-on-Sea 002F,Investigation complete; no suspect identified
9a72c7ebeb92f4f9d7eb76fc1a33b1896c05fe33135bc2b98587e8dca8e321d6,2018-12,Essex Police,Essex Police,0.439161,51.575505,On or near WOOLMERGREEN,E01021292,Basildon 017B,Investigation complete; no suspect identified
a2eb2d6e9d89dd4178434cbaed260262b7b5667b2aa6a2ba36976409bf282e21,2018-12,Essex Police,Essex Police,0.902885,51.887993,On or near SHORT WYRE STREET,E01021649,Colchester 007D,Offender given a drugs possession warning
0346c632bea0aee1e81cc468ef8a2dd479a39a2485da0df244d4a5d06d0e23ea,2018-12,Essex Police,Essex Police,0.218355,52.002180,On or near SPARROWSEND HILL,E01022072,Uttlesford 003C,Investigation complete; no suspect identified
4c06f2b807c2d00fd157736f1cae09ca669f7b4418566bdf13ca1ddf596cc269,2018-12,Essex Police,Essex Police,0.628582,51.802705,On or near HIGHFIELDS ROAD,E01021428,Braintree 015F,Local resolution
7b409a388f18cc1d775855787aa3c9903799d127f45feb2ea6aacf573410054f,2018-12,Essex Police,Essex Police,0.441060,51.574045,On or near THORNBUSH,E01021292,Basildon 017B,Investigation complete; no suspect identified
be40c3c9b2ed6d156d603b6d2106e3c55954ff397d3000a5f0317528bdb00e7d,2018-12,Essex Police,Essex Police,0.699153,51.546113,On or near WEST ROAD,E01015862,Southend-on-Sea 004F,Investigation complete; no suspect identified
0144314139231096134fd5ca952177f8c9b5feaa6d4c58e14211385d317ef038,2018-12,Essex Police,Essex Police,0.452281,51.571751,On or near Park/Open Space,E01021319,Basildon 017E,Investigation complete; no suspect identified
428a1a6301ca83ca54403421017ca5e7401d4da7523260703b3f74dcc9633ff0,2018-12,Essex Police,Essex Police,0.456011,51.558489,On or near NETHER MAYNE,E01021299,Basildon 020E,Investigation complete; no suspect identified
b5c321b129b170cdc66dabb0a298f54fba39f868c5f7be50daa533c3c99e2e97,2018-12,Essex Police,Essex Police,0.477608,51.733690,On or near Supermarket,E01033141,Chelmsford 010G,Unable to prosecute suspect
efb5489b07911b9f95c6c750842b085a392fbaff1052be6216a862216b69599f,2018-12,Essex Police,Essex Police,0.242458,51.498071,On or near PURFLEET ROAD,E01015925,Thurrock 008D,Investigation complete; no suspect identified
80ca0146e57c24c48205a95b5b011393f0a91fc0e960770dc1f2df1cd178aa02,2018-12,Essex Police,Essex Police,0.628582,51.802705,On or near HIGHFIELDS ROAD,E01021428,Braintree 015F,Local resolution
26379570096296a6e4f2e0e9bd913f831e1278e752674c8d7f1b8a449234e0f6,2018-12,Essex Police,Essex Police,0.293180,51.614619,On or near BOARDMAN PLACE,E01033063,Brentwood 007F,Investigation complete; no suspect identified
a7e1595451b7393a54b78bc46bd74340ff40bec4e33e74b5d2abc4a9599c9c7c,2018-12,Essex Police,Essex Police,0.509855,51.574994,On or near RECTORY ROAD,E01021304,Basildon 013C,Investigation complete; no suspect identified
a0903164f7643cc5703d62fc94fa84524b7f27babc5af9db61a859701e2c099d,2018-12,Essex Police,Essex Police,0.495785,51.775195,On or near PRATT'S FARM LANE,E01021540,Chelmsford 001C,Investigation complete; no suspect identified
e2e95473233634c151dcc1891b8a895490096b2e9aaa896c14fa717649042b6d,2018-12,Essex Police,Essex Police,0.926542,51.866452,On or near SPEEDWELL ROAD,E01021667,Colchester 016F,Investigation complete; no suspect identified
957609c7721ba0f6c55366eb4d74a48a78ebe14e36deb4087029a56a9ae3334c,2018-12,Essex Police,Essex Police,0.668088,51.545214,On or near LANSDOWNE AVENUE,E01015829,Southend-on-Sea 012C,Unable to prosecute suspect
021c414149ec859c6a24efcd4a91d323f2fe8c37cda76af167bb6f580bc7170c,2018-12,Essex Police,Essex Police,0.218355,52.002180,On or near SPARROWSEND HILL,E01022072,Uttlesford 003C,Investigation complete; no suspect identified
3d63b23384cdc26adc7b5a3cc9f959db01fa4b66838eedbedaa63932abecfc73,2018-12,Essex Police,Essex Police,0.496799,51.722123,On or near OLDBURY AVENUE,E01021564,Chelmsford 013D,Unable to prosecute suspect
088126367b9ccc9ba62f15d1ebf4ae757527b0e389b881c7f429653bc199cbf9,2018-12,Essex Police,Essex Police,0.682274,51.573526,On or near Sports/Recreation Area,E01021954,Rochford 007D,Investigation complete; no suspect identified
b86f3620a4139332a6c5c6eb2e74dad0d2d216d31c7a00896847a065fc0c4bc8,2018-12,Essex Police,Essex Police,0.339788,51.489136,On or near LODGE LANE,E01015964,Thurrock 010B,Investigation complete; no suspect identified
49a2a693266ceb48f427e02b1cfd681b34844b6c53d5da7ba32f019313352c5f,2018-12,Essex Police,Essex Police,0.742006,51.821814,On or near ROOKERY LANE,E01021727,Colchester 020E,Investigation complete; no suspect identified
a5ec3cf4f01c477e84fe84ed27364e6ce1c7604e6fdd7026869248e23826e6d3,2018-12,Essex Police,Essex Police,0.057030,51.649274,On or near HIGH ROAD,E01021791,Epping Forest 012F,Investigation complete; no suspect identified
3dc44da7167a016a2dd3600ddbf4898791ed49931e78193c37752ae6381bbffd,2018-12,Essex Police,Essex Police,0.694245,51.547017,On or near GLENWOOD AVENUE,E01015906,Southend-on-Sea 007F,Investigation complete; no suspect identified
c609d7005ef7e6e3aeeb43e22dd35328c25f63f5d63b10cc6422ec5eb3f803cd,2018-12,Essex Police,Essex Police,0.404948,51.526974,On or near HILLCREST CLOSE,E01015980,Thurrock 004D,Investigation complete; no suspect identified
2b90db1ee582fb5396074708a1c4a7179ee12e62a87fbc4a5098611306a47041,2018-12,Essex Police,Essex Police,0.297875,51.619779,On or near WESTERN GARDENS,E01021434,Brentwood 004C,Investigation complete; no suspect identified
0e4667a980c11d859f5cca600a384574e212ea23654d40e34e50e0b81677429a,2018-12,Essex Police,Essex Police,0.284533,51.616730,On or near HILL ROAD,E01021438,Brentwood 006A,Investigation complete; no suspect identified
440ec9603eaa4f34f005c3d2db592329787b6fcc6bb88bee21cff76fafd141ea,2018-12,Essex Police,Essex Police,0.697836,51.547987,On or near MACDONALD AVENUE,E01015862,Southend-on-Sea 004F,Investigation complete; no suspect identified
38e86deddefdd4d37abf82b47d1441b01f46c3c390e57432972f998356d04de3,2018-12,Essex Police,Essex Police,0.364287,51.481801,On or near KINGSLEY WALK,E01015935,Thurrock 012C,Investigation complete; no suspect identified
e644d8bd7db1cf24e011f20d2f1f9d2af47132746ece875e30700c272e9fbd1f,2018-12,Essex Police,Essex Police,0.549137,51.875221,On or near KENWORTHY ROAD,E01021365,Braintree 009D,Unable to prosecute suspect
77183031ab22d1295bba9bb6ed6d24a52a24ea13d92422c8a803e51696beeda4,2018-12,Essex Police,Essex Police,0.691718,51.543810,On or near Theatre/Concert Hall,E01015831,Southend-on-Sea 012E,Suspect charged
dc823ae1773cc69103e4ddcbaa628e483b08ae89c3b6248d69682b4ecbe98ff5,2018-12,Essex Police,Essex Police,0.706796,51.573520,On or near SOUTHEND ROAD,E01021956,Rochford 007E,Investigation complete; no suspect identified
1800801de23edd1fc1e57bc6ba1cd8d9d8c89a8829bb1dc33ba3560db03a2ebf,2018-12,Essex Police,Essex Police,0.369893,51.482974,On or near MARISCO CLOSE,E01015934,Thurrock 012B,Unable to prosecute suspect
788ccb9729cbb886f3e35d648950b3a1b88bd9ff2e24f628780be873d2193f37,2018-12,Essex Police,Essex Police,0.454957,51.720604,On or near WIDFORD CHASE,E01021556,Chelmsford 012A,Unable to prosecute suspect
c72db5e065ac8a273f88c58e086988be01b3e5b38df78e7bc8ff8cbef717396d,2018-12,Essex Police,Essex Police,0.078545,51.767794,On or near CANONS BROOK,E01021841,Harlow 004C,Unable to prosecute suspect
cd97a71791fa84ad2c09f939bfad2d75eeff603cef1d08854fe52c75d652382c,2018-12,Essex Police,Essex Police,0.908760,51.855408,On or near PRUNUS COURT,E01021658,Colchester 016B,Unable to prosecute suspect
2fc9c52513690fbdd67aa02dfb15f2c12d54705166eef7f9c3a168a2fb054351,2018-12,Essex Police,Essex Police,0.088255,51.752397,On or near CECIL COURT,E01021859,Harlow 010C,Investigation complete; no suspect identified
b2777f2936b173a63283fb94d45ef5f0dccabb8825828be34e4e233e9bb48def,2018-12,Essex Police,Essex Police,0.695119,51.541061,On or near Supermarket,E01015855,Southend-on-Sea 015E,Investigation complete; no suspect identified
f57a1ad12670ba56b1f3727fb9f0ddf1e70b03b3983b6be2803885ac7a7b9fd6,2018-12,Essex Police,Essex Police,0.702319,51.585648,On or near SOVEREIGN CLOSE,E01021954,Rochford 007D,Investigation complete; no suspect identified
695c2c0507323e01321e06dc479d8643d90ec999579c71ed4ba938ce5c8c25db,2018-12,Essex Police,Essex Police,0.910417,51.878598,On or near STEED CRESCENT,E01021684,Colchester 011B,Unable to prosecute suspect
579131c2ac28535678d81033e41d7575012d16d9eca75b4a5a5bd7db0844901f,2018-12,Essex Police,Essex Police,0.383365,51.670908,On or near CHAPEL CROFT,E01021458,Brentwood 002B,Investigation complete; no suspect identified
7826c3baf54bda34500f86674c3fff3bec964de5c4669ddd103dbd5d37160bed,2018-12,Essex Police,Essex Police,0.688353,51.543969,On or near CROWSTONE CLOSE,E01015831,Southend-on-Sea 012E,Unable to prosecute suspect
892362187474e3f0625a75a54bc793181e168a6f7f791b1c02c781dbd97c5e8b,2018-12,Essex Police,Essex Police,0.908760,51.855408,On or near PRUNUS COURT,E01021658,Colchester 016B,Unable to prosecute suspect
c7dbca79dad626d2e048042aafdce03659798711b4a632ddab1c84fcf086ef96,2018-12,Essex Police,Essex Police,0.428619,51.584870,On or near LARCH CLOSE,E01021263,Basildon 010C,Investigation complete; no suspect identified
eb4bcbf06f3fe3b7350d6cd2356907d6a04f508b90c6e93fc2b09465f4d50a72,2018-12,Essex Police,Essex Police,0.401097,51.657516,On or near BUTTSBURY,E01021602,Chelmsford 018B,Investigation complete; no suspect identified
5793c2cb8e6f0a96111753963d46edd9b66d3be7004467bad4b373c536e4906c,2018-12,Essex Police,Essex Police,0.211910,51.980801,On or near POND CROSS WAY,E01022073,Uttlesford 003D,Investigation complete; no suspect identified
5195ac23af54d81cddf617cd79d201d7590ac04788e8dfbe3d71bad6c4836575,2018-12,Essex Police,Essex Police,0.873864,51.875297,On or near GLISSON SQUARE,E01021713,Colchester 015C,Unable to prosecute suspect
3f2cf9c95db3de79b2e3ca99ddb143858529bb9d833d597646cc7ed83a0ad9e4,2018-12,Essex Police,Essex Police,0.908760,51.855408,On or near PRUNUS COURT,E01021658,Colchester 016B,Unable to prosecute suspect
b611738c863b11cb876aac58fda4df90347522d90f3617a982d0ad3ab750c44b,2018-12,Essex Police,Essex Police,0.261741,51.889938,On or near Airport/Airfield,E01022090,Uttlesford 006B,Unable to prosecute suspect
8fe9aa1dbbb3b4fbd7dcb31c1d4f3b2e8a01d418eff9a491679b2ea045850ef7,2018-12,Essex Police,Essex Police,0.550025,51.892702,On or near MULLINS ROAD,E01021354,Braintree 008A,Investigation complete; no suspect identified
dfd927456549157f2dd6691dec9d114d4ea63a6cf0b1c6bd49be16b2fc569c35,2018-12,Essex Police,Essex Police,0.801120,51.918881,On or near HALL ROAD,E01021660,Colchester 003A,Investigation complete; no suspect identified
025b9e0cf9af4182b10c6590f6db6a9a25955d55eb763054bdd9166d84d06ba1,2018-12,Essex Police,Essex Police,0.481455,51.732529,On or near NAVIGATION ROAD,E01033140,Chelmsford 010F,Investigation complete; no suspect identified
612821bcc8568c520794e3f18d452c2d35290bee91f41820026ff65d0b6a9d2e,2018-12,Essex Police,Essex Police,0.407869,51.573013,On or near HOOVER DRIVE,E01021276,Basildon 014C,Investigation complete; no suspect identified
b123835413d420e2a4b6c8df4768606eb753b7209668d2bf3eccf8cdd2551486,2018-12,Essex Police,Essex Police,0.481455,51.732529,On or near NAVIGATION ROAD,E01033140,Chelmsford 010F,Investigation complete; no suspect identified
02b166dfe2bb3f2530259ba2ef14cf5d743f25b33d3a6d3612c975ba924153f9,2018-12,Essex Police,Essex Police,0.900435,51.889439,On or near Shopping Area,E01021649,Colchester 007D,Investigation complete; no suspect identified
759799a46173e9ea9846cd5850f3f1b39ffcea5c75e09ef38b4864c173513d4c,2018-12,Essex Police,Essex Police,0.473682,51.730490,On or near Pedestrian Subway,E01033140,Chelmsford 010F,Suspect charged
74a30522b77946d58155b85094a6c12dbb11ef975ed5a1fcef29a7ef9e540aa8,2018-12,Essex Police,Essex Police,0.481455,51.732529,On or near NAVIGATION ROAD,E01033140,Chelmsford 010F,Investigation complete; no suspect identified
0d1e9cf8d50af96a064e5760cb0630801cbd158fb46cd4bffcdbe18335a0a685,2018-12,Essex Police,Essex Police,0.713041,51.540981,On or near Parking Area,E01015895,Southend-on-Sea 010A,Investigation complete; no suspect identified
8901472673d253f7cfdc737eaaedbb91ddadc7741ff69501aa1d6cd7f5797cab,2018-12,Essex Police,Essex Police,0.341638,51.491779,On or near Parking Area,E01015966,Thurrock 010D,Investigation complete; no suspect identified
93e5f9e66be233a8570876b5dc0627870a35ff5b3df0120ddf1191df09a21a64,2018-12,Essex Police,Essex Police,0.415655,51.637073,On or near KENSINGTON GARDENS,E01021247,Basildon 003E,Investigation complete; no suspect identified
50881fee0a65d6cca20a190f7cdbc183e83ddd09977ab206df99da87ffcb11fb,2018-12,Essex Police,Essex Police,0.884856,51.886531,On or near BEVERLEY ROAD,E01021652,Colchester 013B,Investigation complete; no suspect identified
e37cceef12e034f9c0387c38cb29d290ef3676402cc2d4df837e1924e8e60728,2018-12,Essex Police,Essex Police,0.481455,51.732529,On or near NAVIGATION ROAD,E01033140,Chelmsford 010F,Investigation complete; no suspect identified
e888accb8f9a7b78c9f420dc134c4e7e053eaab362975f67c47c80e2f7fe2b02,2018-12,Essex Police,Essex Police,0.324764,51.485181,On or near HATHAWAY ROAD,E01015958,Thurrock 009B,Action to be taken by another organisation
6e5c4190ced368157337410c28dcafe59516df15ad1c4c72967e6be3615f8ea8,2018-12,Essex Police,Essex Police,0.508183,51.565596,On or near PARKHURST ROAD,E01021316,Basildon 018D,Offender given a drugs possession warning
374f67c12e813051ef4bda2e657d0782863a80287e7febc58dd5586a2bc7d53c,2018-12,Essex Police,Essex Police,0.567139,51.884668,On or near VANGUARD WAY,E01021353,Braintree 009B,Offender given a drugs possession warning
9945928500d524d12bf6cd94f305c6493f1385d36d3124828f1818aad8b12aee,2018-12,Essex Police,Essex Police,0.732548,51.534835,On or near KENSINGTON ROAD,E01015892,Southend-on-Sea 016D,Investigation complete; no suspect identified
a0ffd51463a755d38c9fce4132479d420b6cfb7bc641cde210d9567d0393f195,2018-12,Essex Police,Essex Police,0.642485,51.549184,On or near FAIRVIEW GARDENS,E01015913,Southend-on-Sea 008F,Investigation complete; no suspect identified
b2f83389c0aebb85ba426dd3e63db11e32655d842ecac3951eec3ba48de71286,2018-12,Essex Police,Essex Police,0.303360,51.620247,On or near Supermarket,E01021436,Brentwood 007B,Investigation complete; no suspect identified
07524b0e1e59c62afe8a4a8830ea74c8b461b927fe5cd2571be1ab45e269a978,2018-12,Essex Police,Essex Police,0.717404,51.535043,On or near CHANCELLOR ROAD,E01015852,Southend-on-Sea 015B,Investigation complete; no suspect identified
762748e1627108129685d235f4ed8f8cb4c7431e414a2952382b59ecd1b409a2,2018-12,Essex Police,Essex Police,0.319166,51.692752,On or near Supermarket,E01021469,Brentwood 001E,Unable to prosecute suspect
d1f23353a3218d9af9591a3bfaca3381eb0a8c8e4d77d93847bc3ddde791220b,2018-12,Essex Police,Essex Police,0.484654,51.736715,On or near Prison,E01021627,Chelmsford 010E,Unable to prosecute suspect
37aa3cc2d416d76be4bde3a45ee4e9ba327347fe3c0965fce3c0e2c6dd00ea6d,2018-12,Essex Police,Essex Police,0.281531,51.509871,On or near DERRY AVENUE,E01015972,Thurrock 006C,Investigation complete; no suspect identified
f9122a63c26d99f4176db787cf5ddb7a591727f4734bbcabaa76aaebb1b18c45,2018-12,Essex Police,Essex Police,0.319166,51.692752,On or near Supermarket,E01021469,Brentwood 001E,Unable to prosecute suspect
062de2208d94871f24abf2d39fb2e7312cdddda2fd358002e18dbc854eae2c6b,2018-12,Essex Police,Essex Police,0.643144,51.799195,On or near Shopping Area,E01021416,Braintree 017B,Investigation complete; no suspect identified
a2ca964fd36857ac7aea5f79c5268ea7ae63647530faad81ab3c1ef753df9390,2018-12,Essex Police,Essex Police,0.324371,51.481421,On or near CROMWELL ROAD,E01015959,Thurrock 016C,Investigation complete; no suspect identified
4710721f12bca874ee240c0b182f504fc023f228015e564d7338952d6e611c73,2018-12,Essex Police,Essex Police,0.072034,51.641015,On or near MONKSGROVE,E01021771,Epping Forest 013A,Investigation complete; no suspect identified
c4223f5433839d8d60491c7b8ccb0b5b1b14ee47481a013e6b070f9d57ba6d00,2018-12,Essex Police,Essex Police,0.466356,51.744889,On or near COOPER'S ROW,E01021591,Chelmsford 002E,Unable to prosecute suspect
169253c47a38ed014a6e436de7ab6dade2b6e86f484c81d92eca1527fca9eb16,2018-12,Essex Police,Essex Police,0.091175,51.769800,On or near WEST GATE,E01021872,Harlow 007E,Unable to prosecute suspect
b845f683af66af38c07cf7a6d4ec74441fa32b2ca45586db9e72bd92b38b6c32,2018-12,Essex Police,Essex Police,0.324396,52.009568,On or near MAPLE LANE,E01022097,Uttlesford 004C,Investigation complete; no suspect identified
f5f65fde0bc182c4a700da526c6926ce27381663df1d57b603bce5b2eb524a2a,2018-12,Essex Police,Essex Police,0.485254,51.571156,On or near Parking Area,E01021322,Basildon 019A,Unable to prosecute suspect
a16a3028d27057256f048b4b7aef5216703562ee2e5e4c29df304f9f9903e31d,2018-12,Essex Police,Essex Police,0.024560,51.690079,On or near WEBSTER CLOSE,E01021816,Epping Forest 007E,Unable to prosecute suspect
e71f4e3c2e0409056f1f847bf1cceb0ba1b531e73187c00b5075263140f371b3,2018-12,Essex Police,Essex Police,0.360515,51.482947,On or near LEVER SQUARE,E01015935,Thurrock 012C,Investigation complete; no suspect identified
a207c7d76dcb3be5a6bc4697a07ff4a026a9389f4630e5029999b8fc2f5889d4,2018-12,Essex Police,Essex Police,0.652537,51.555334,On or near WOODLEIGH AVENUE,E01015814,Southend-on-Sea 003A,Unable to prosecute suspect
c0b80e7dd7b9f5000728f820363823d5721477917c1b85822f0de1ba39fc8268,2018-12,Essex Police,Essex Police,0.544416,51.879622,On or near PEEL CRESCENT,E01021365,Braintree 009D,Investigation complete; no suspect identified
5ddbdf21c03e6bd299617e53a1f76a707ed3029e83e9db8de68a2fbe37bb4eb6,2018-12,Essex Police,Essex Police,0.695119,51.541061,On or near Supermarket,E01015855,Southend-on-Sea 015E,Investigation complete; no suspect identified
dc8e614740d4d3e508163d7e985956421b40a1ea63911821ec8975caef382a55,2018-12,Essex Police,Essex Police,0.693763,51.594020,On or near SILVERTHORN CLOSE,E01021932,Rochford 007B,Unable to prosecute suspect
9a229cdaf6c31e469b5a32f95e90b0a3d5c0101cb31ceeb77b0795eef77e1d5d,2018-12,Essex Police,Essex Police,0.583890,51.598533,On or near Sports/Recreation Area,E01021920,Rochford 006A,Local resolution
c4fc38606dbc0068373fc4fb9261a03a1c199c11b37ae5a814dc44fe66f768ca,2018-12,Essex Police,Essex Police,0.240155,51.480192,On or near WINGROVE DRIVE,E01016013,Thurrock 015D,Investigation complete; no suspect identified
9868bddc02f41bdb6d596df41314738b189e1102e0d38bed47ceae21a9b600ae,2018-12,Essex Police,Essex Police,0.628582,51.802705,On or near HIGHFIELDS ROAD,E01021428,Braintree 015F,Local resolution
e266939f3eb69305417583269a3d7086cc19ff0ec4885c27ccb79d20b5f9c24f,2018-12,Essex Police,Essex Police,0.464723,51.570987,On or near Pedestrian Subway,E01021318,Basildon 015C,Investigation complete; no suspect identified
5b0c610e8fee286f113ecd3946f9308d388d4b9a372a077069354a13923703f6,2018-12,Essex Police,Essex Police,0.117502,51.768690,On or near QUARRY SPRING,E01021846,Harlow 002C,Action to be taken by another organisation
ea57722cd1e55fca128bc95111be6f6b3c0bf7e3c3fd6c4c4077ef33fca9e500,2018-12,Essex Police,Essex Police,0.736272,51.533938,On or near NORTHUMBERLAND CRESCENT,E01015891,Southend-on-Sea 016C,Investigation complete; no suspect identified
75ea649c219f10459a90c076c90e3c4a192412dc0212db33c37880430101aaf0,2018-12,Essex Police,Essex Police,0.902777,51.904356,On or near COEUR DE LION,E01021679,Colchester 004A,Unable to prosecute suspect
1a28962614cd0641bef7191f122b7172f062ab39e08dd3b2b045985e155a6e54,2018-12,Essex Police,Essex Police,0.701155,51.546310,On or near AVEBURY ROAD,E01015900,Southend-on-Sea 010F,Investigation complete; no suspect identified
ee02832210b327df95a18c3546576472f725556dd38705e459b238cdf3734383,2018-12,Essex Police,Essex Police,0.628582,51.802705,On or near HIGHFIELDS ROAD,E01021428,Braintree 015F,Local resolution
8bd00560920d753644465e2b314738552a36a357677c9b6738c6243e0146fb19,2018-12,Essex Police,Essex Police,0.291201,51.477119,On or near SOUTH VIEW ROAD,E01016011,Thurrock 015B,Investigation complete; no suspect identified
07c1deec20f4d1e6c54ec5e98a4e5d1a591cd66398d5be5c0a2f92189c8ce0cc,2018-12,Essex Police,Essex Police,0.701155,51.546310,On or near AVEBURY ROAD,E01015900,Southend-on-Sea 010F,Unable to prosecute suspect
ba9d401f97d8234f2e1de77ef358360a3bf93e2ccc993c5ff3aa3fe2d2f51b10,2018-12,Essex Police,Essex Police,0.514297,51.587211,On or near NOBEL SQUARE,E01021309,Basildon 011E,Investigation complete; no suspect identified
8b0d80b77b394ec7360e7dce483123a094ace972929375ad2f874183d5f469f7,2018-12,Essex Police,Essex Police,0.587481,51.559827,On or near BADGER HALL AVENUE,E01021483,Castle Point 004C,Unable to prosecute suspect
7a1d142ae74ee4c6421c0d54856cd44cb10e5874181c92c81b81a356f71b45bb,2018-12,Essex Police,Essex Police,0.701155,51.546310,On or near AVEBURY ROAD,E01015900,Southend-on-Sea 010F,Unable to prosecute suspect
e6d4bd080ce990a96eefdeef65f87e5b43d6e50b81492d55a284fcee7929243c,2018-12,Essex Police,Essex Police,0.628582,51.802705,On or near HIGHFIELDS ROAD,E01021428,Braintree 015F,Local resolution
34fe4cc3210326b908cca28218e8b3596ef46e49ddeaa860e59991140b194e4e,2018-12,Essex Police,Essex Police,0.628582,51.802705,On or near HIGHFIELDS ROAD,E01021428,Braintree 015F,Local resolution
90a690980449958fe4454299ee162b9032cc594b73e889521c11b0d129ad7b1e,2018-12,Essex Police,Essex Police,0.678578,52.068259,On or near CLAYPITS LANE,E01021406,Braintree 002B,Investigation complete; no suspect identified
0d357ffa980274550226c595fdc4c8762b44ad708a361450c93b71b959452aeb,2018-12,Essex Police,Essex Police,0.915793,51.914718,On or near HANBURY GARDENS,E01021668,Colchester 002A,Unable to prosecute suspect
f59e20c8d28142775dd68bec9ece0297df0178d824b00d54c36aa9586c88ba44,2018-12,Essex Police,Essex Police,0.753975,51.919931,On or near SWAN GROVE,E01021662,Colchester 010B,Investigation complete; no suspect identified
dcfd6a722eae2ba032429f4976a700e2d6627fdf9887380b5ad3986c1f8d960d,2018-12,Essex Police,Essex Police,0.501786,51.717511,On or near THE CAUSEWAY,E01021560,Chelmsford 013B,Investigation complete; no suspect identified
279085b7b7c25b5b5f1c0e45afc88fed7141dd4cf7622546c1713fb44dc3a1c3,2018-12,Essex Police,Essex Police,0.639759,51.570614,On or near RINGWOOD DRIVE,E01015837,Southend-on-Sea 001E,Suspect charged
4c7b13906ff73b67a621d35cd17cb859c99ca825b816e676ec573e3a8677f590,2018-12,Essex Police,Essex Police,0.439237,51.944665,On or near Theatre/Concert Hall,E01021411,Braintree 005B,Investigation complete; no suspect identified
9851226494b37abe65ee8d478c6b41075d711ff95dfa56dc757db63a35dd8d97,2018-12,Essex Police,Essex Police,1.151428,51.819229,On or near Supermarket,E01022039,Tendring 010B,Investigation complete; no suspect identified
e1c82beb515c37caf82fab08635ab3fb7a8dc64f606f8eafe8af50321a8e9b6d,2018-12,Essex Police,Essex Police,0.929877,51.899178,On or near ELWES CLOSE,E01021707,Colchester 022I,Unable to prosecute suspect
d991e352045821bc9a4fd94793047573aea3b264411594fa2ab16d63f0a4bfd3,2018-12,Essex Police,Essex Police,0.607583,51.521051,On or near HASSELL ROAD,E01021490,Castle Point 012B,Unable to prosecute suspect
111f5150070433dc7633a85a76559edd2681fc394a0e4f3b464af6055afe70d2,2018-12,Essex Police,Essex Police,0.490446,51.579284,On or near CHESTERFORD GARDENS,E01021269,Basildon 012C,Investigation complete; no suspect identified
466bb095b11b80130281ad99e26e3290b6d563e39602c83d8122f5ced963cc68,2018-12,Essex Police,Essex Police,0.445545,51.520729,On or near THE MOUNT,E01015983,Thurrock 002B,Investigation complete; no suspect identified
2331f6d8108921b394f70123512a9c8c3be246c389f001b5cf8030d56bbfd78e,2018-12,Essex Police,Essex Police,0.595785,51.563007,On or near QUEENSMERE,E01021529,Castle Point 006D,Investigation complete; no suspect identified
8081f446d8a1fb334ba54a6c6dfc0f9381de8f9037c68aadfbbd4af10431331e,2018-12,Essex Police,Essex Police,0.072034,51.641015,On or near MONKSGROVE,E01021771,Epping Forest 013A,Unable to prosecute suspect
7e59820d01dd016a6e8b242d852d5f3cad1a8fed527706f1c58d30524c31d0d7,2018-12,Essex Police,Essex Police,0.193109,51.872201,On or near DUNMOW ROAD,E01022087,Uttlesford 005F,Investigation complete; no suspect identified
a6d2e62c956901bb547f12fbec529da54d578c45095187ad02eabd07dfc5bb4e,2018-12,Essex Police,Essex Police,0.484654,51.736715,On or near Prison,E01021627,Chelmsford 010E,Action to be taken by another organisation
8da32ffd6b6995e82e463cb46204875badad2582033c0c21b38007958ec9a4b2,2018-12,Essex Police,Essex Police,0.730798,51.540290,On or near Petrol Station,E01015844,Southend-on-Sea 014F,Investigation complete; no suspect identified
ced38012a023547b8502e3bf59d14ff455d738264bbaf43673fdc8408cf218f0,2018-12,Essex Police,Essex Police,0.900874,51.891524,On or near TAYLOR COURT,E01021649,Colchester 007D,Suspect charged
9cb4e5b79592cf77c68502f46eea4f39dd27d831dd3eb91b30cf4bb142cc59ab,2018-12,Essex Police,Essex Police,0.484654,51.736715,On or near Prison,E01021627,Chelmsford 010E,Unable to prosecute suspect
d233edac019726cc2efe19b64995288eebda968b31b3ba82b9f319c8e11049d0,2018-12,Essex Police,Essex Police,0.360567,51.462765,On or near LANSDOWN ROAD,E01016010,Thurrock 018H,Investigation complete; no suspect identified
8e004a29774f3c2cb2efc7407fbf3a4d4a562080dc9930710eb3a67f4ad07368,2018-12,Essex Police,Essex Police,1.172384,51.810544,On or near THE AVENUE,E01021984,Tendring 010A,Investigation complete; no suspect identified
d83e9d92a47c4d32894b9901cc492c072e34de4c6d2b956f0c4dac36e1880bef,2018-12,Essex Police,Essex Police,1.153985,51.796630,On or near HARROW ROAD,E01022043,Tendring 014B,Action to be taken by another organisation
180c707b7136908ba4fdb46aeb3e17dae07add23a2dd963c399a4dd6b7dd4964,2018-12,Essex Police,Essex Police,0.895875,51.928583,On or near BOXTED ROAD,E01021659,Colchester 001C,Investigation complete; no suspect identified
047d43de790490b65155478875bab06d560e2512bb78504c00d5b1b3fe0d81dd,2018-12,Essex Police,Essex Police,0.727875,51.936349,On or near STATION ROAD,E01021408,Braintree 006C,Investigation complete; no suspect identified
fe4c725bd4507ee2abe047b3d37f087694427f46f3b9982c24a05c98032ad6d5,2018-12,Essex Police,Essex Police,0.281531,51.509871,On or near DERRY AVENUE,E01015972,Thurrock 006C,Investigation complete; no suspect identified
4628e648ef8c3e5ed8503913107efff04b30a66a5f36dba2e68b9235850161c2,2018-12,Essex Police,Essex Police,0.501584,51.578651,On or near BOCKINGHAM GREEN,E01021302,Basildon 013B,Offender given a drugs possession warning
7d2f3983da57224ef1f7f6e0f828b871af907c9b16fcb2cf1c83a599d2d1aad0,2018-12,Essex Police,Essex Police,0.620148,51.580668,On or near LESLIE ROAD,E01021949,Rochford 009D,Unable to prosecute suspect
b6bd60bce19bd0ad3dbee82ec5a7cdc24c967bd132c287b86091bd304d88aed4,2018-12,Essex Police,Essex Police,1.158498,51.860934,On or near VICARAGE LANE,E01021973,Tendring 007A,Investigation complete; no suspect identified
670f0aaf1484c3992e40f964114e6ef1097d50e166d0ea447942e1b277867a5a,2018-12,Essex Police,Essex Police,0.905634,51.890498,On or near Parking Area,E01021648,Colchester 007C,Suspect charged
05045077f48e2af155913409106aa8cf4dfbb05219c75c41b0aa4915c997960e,2018-12,Essex Police,Essex Police,0.625988,51.804499,On or near Pedestrian Subway,E01021428,Braintree 015F,Investigation complete; no suspect identified
65d43857197acd543496b59c3492edf8917345d98e945ba5c3a9a8264a59334d,2018-12,Essex Police,Essex Police,0.559771,51.571766,On or near Petrol Station,E01021525,Castle Point 001D,Investigation complete; no suspect identified
f8d7b6edaa96b94631fe039c8369e4d04c33c2cd2c87af79e68fd74a1cd1ab48,2018-12,Essex Police,Essex Police,0.324764,51.485181,On or near HATHAWAY ROAD,E01015958,Thurrock 009B,Action to be taken by another organisation
aeaecb2d76f087e81b57366348a264128432ffd896b33dc04d82958782df3bea,2018-12,Essex Police,Essex Police,0.490023,51.577351,On or near CRAYLANDS,E01021270,Basildon 012D,Unable to prosecute suspect
3cf54f6cacd5393601e9906f9f6048ed89d0f4848fbab0d2de5d34e3f49f3d95,2018-12,Essex Police,Essex Police,0.968124,51.861434,On or near RECTORY HILL,E01021739,Colchester 017D,Investigation complete; no suspect identified
025ef395323e56f9a063babd15e7f73192f40d6643a44526fb434420adf0959f,2018-12,Essex Police,Essex Police,0.490023,51.577351,On or near CRAYLANDS,E01021270,Basildon 012D,Unable to prosecute suspect
08090507ad5c19eb5d1ca1b0ad4bc9b96351e8479083edbd360630656060fb0e,2018-12,Essex Police,Essex Police,0.893612,51.889796,On or near BALKERNE HILL,E01021646,Colchester 007A,Investigation complete; no suspect identified
861eea2780b33decd52f8f6a6511aefdede7d72bcc8d58ab9c211b2debcfa55b,2018-12,Essex Police,Essex Police,0.471928,51.594182,On or near OAK LANE,E01021260,Basildon 009D,Suspect charged
ae50eba58496e19bfbebd921edb4294818af7fd1a938e8ad0af6b117508c37ae,2018-12,Essex Police,Essex Police,0.620148,51.580668,On or near LESLIE ROAD,E01021949,Rochford 009D,Unable to prosecute suspect
b14d0443038b4e915350efdccfee155b1ce7b2d513808aab8ca9b2a767ae35a2,2018-12,Essex Police,Essex Police,0.644791,51.793141,On or near SAULS BRIDGE CLOSE,E01021422,Braintree 017E,Local resolution
1115cacd6fbcb397c1dc0f7e6b17db766f09ecb8fabd178b964ca6e69cb45d75,2018-12,Essex Police,Essex Police,0.319731,51.477969,On or near Parking Area,E01015953,Thurrock 017C,Investigation complete; no suspect identified
a3a4e3ff316a23fa568fd7891dfb69424ac23b1847fba29660fa22e80634b812,2018-12,Essex Police,Essex Police,0.406394,51.568862,On or near OSTERLEY DRIVE,E01021285,Basildon 021F,Investigation complete; no suspect identified
6fc752c49eab7c306e689f4930647a01e68e96f0d9c2868c3f36a28793e8aeeb,2018-12,Essex Police,Essex Police,0.538965,51.600332,On or near ORKNEY GARDENS,E01021345,Basildon 007E,Investigation complete; no suspect identified
bda3a9626c3a77b6c66e5d389a317946998ba4aac35ae6e02289d5b77b616e20,2018-12,Essex Police,Essex Police,0.717040,51.532569,On or near Theme/Adventure Park,E01015851,Southend-on-Sea 015A,Investigation complete; no suspect identified
d8530d8010534ca24512c85ffb77790c1fdbdd8d75e2c84696b582421ee0383a,2018-12,Essex Police,Essex Police,0.968124,51.861434,On or near RECTORY HILL,E01021739,Colchester 017D,Investigation complete; no suspect identified
03a733ad8ae13a36fb30230fe076ffebfbddf24d2c2e4902664e6f37f3501eb9,2018-12,Essex Police,Essex Police,0.968124,51.861434,On or near RECTORY HILL,E01021739,Colchester 017D,Investigation complete; no suspect identified
9de8ddf46c96d3fea3bbc274738f0763de9279e7b5c098eb01f20fcf8fcfd233,2018-12,Essex Police,Essex Police,0.727875,51.936349,On or near STATION ROAD,E01021408,Braintree 006C,Investigation complete; no suspect identified
f74e1d77fb76463bb23bea9d9fc9a2e4189c063968e042cf5dfaa57ef83b2392,2018-12,Essex Police,Essex Police,0.599683,51.578209,On or near Petrol Station,E01021966,Rochford 008F,Unable to prosecute suspect
ec06e6b5e0b4abfd278bbbab8a305f28cad7e97e58676e2ff827879fcfb83a56,2018-12,Essex Police,Essex Police,0.084828,51.605169,On or near VINCENT CLOSE,E01003702,Redbridge 006E,Investigation complete; no suspect identified
d86ebded68d5ea11707175e241ea769431342832ca68a92edd2e70f336c7a23e,2018-12,Essex Police,Essex Police,0.644791,51.793141,On or near SAULS BRIDGE CLOSE,E01021422,Braintree 017E,Local resolution
48dbe669b91b1ad0f2c0921cda6871bb6b0af4b4c5fa070618ed2baeb45343bb,2018-12,Essex Police,Essex Police,1.140533,51.803646,On or near HANWELL CLOSE,E01022024,Tendring 015B,Investigation complete; no suspect identified
b6499218b2bc684d02b3e9a17eac633513ea820557cf866c5415f76c4e8dc1af,2018-12,Essex Police,Essex Police,0.519679,51.611935,On or near WOODLANDS ROAD,E01021331,Basildon 008A,Investigation complete; no suspect identified
5b3e4edf3a0f7a624f7eaca09b26db6ac915ee9c69deea8b6c624b8741a28a3a,2018-12,Essex Police,Essex Police,0.685253,51.545946,On or near TINTERN MEWS,E01015901,Southend-on-Sea 007A,Investigation complete; no suspect identified
3d3f5afb846ab6c88426212753c0efe53a08dc966780e5c70bca043c1d213f85,2018-12,Essex Police,Essex Police,1.129856,51.806800,On or near MAYFORD WAY,E01021977,Tendring 013C,Investigation complete; no suspect identified
67d24b76cd7091b6891033a06eb5ecefac2d2eebe083931461529187eadecd91,2018-12,Essex Police,Essex Police,0.644791,51.793141,On or near SAULS BRIDGE CLOSE,E01021422,Braintree 017E,Local resolution
ffe2fb5fee7ec130c165049bb6642034ca6d079f92c7467f1048aef567501658,2018-12,Essex Police,Essex Police,0.412139,51.639187,On or near VINCENT WAY,E01021248,Basildon 002C,Investigation complete; no suspect identified
208962628db9eb4a2ff2653b44496323cbabee99755284bdb8e03a06326b5468,2018-12,Essex Police,Essex Police,0.496301,51.758537,On or near BARN GREEN,E01021616,Chelmsford 004A,Investigation complete; no suspect identified
3f10ee365acafb03da1cafa19aab0fa6dae4f33318548669979723e848a3b258,2018-12,Essex Police,Essex Police,0.453480,51.570171,On or near Parking Area,E01021318,Basildon 015C,Investigation complete; no suspect identified
942e9fc2ae1c914bacc094f6f31aa0a259208a5bb880b3a7fe7ab22436c5bf46,2018-12,Essex Police,Essex Police,0.090927,51.768833,On or near Parking Area,E01021872,Harlow 007E,Investigation complete; no suspect identified
17fa0992dea87f25e05a2145c4abcdd91dce4ff75468e4abd4cde3db51ed7f28,2018-12,Essex Police,Essex Police,0.940347,51.856259,On or near HEATH ROAD,E01021658,Colchester 016B,Investigation complete; no suspect identified
b3a84385ed69430a6ad7696ad84c128824b9fff91e038ae6dc3c2501b9ff8a24,2018-12,Essex Police,Essex Police,0.461554,51.728236,On or near UPPER BRIDGE ROAD,E01021578,Chelmsford 010B,Unable to prosecute suspect
2e2fb31c1151d42f85e8b73b13c64f5796dfce0810d2708ae02bc64a91a6f144,2018-12,Essex Police,Essex Police,0.370316,51.539991,On or near Park/Open Space,E01015978,Thurrock 004B,Investigation complete; no suspect identified
65bbb52c9976b6d23915933941a469cf3d933b34611321b708eaccb01c24785b,2018-12,Essex Police,Essex Police,1.153678,51.790774,On or near STATION ROAD,E01022025,Tendring 016B,Investigation complete; no suspect identified
08ea9e9e6f4de5672e84b4962cd458d19bbaf2e4384af473aa2445de730256d8,2018-12,Essex Police,Essex Police,0.324371,51.481421,On or near CROMWELL ROAD,E01015959,Thurrock 016C,Investigation complete; no suspect identified
5a9d51e39815ce40635c23499f1d0a4c8ddf94d1d1aae6511e51cb40703314ab,2018-12,Essex Police,Essex Police,0.412139,51.639187,On or near VINCENT WAY,E01021248,Basildon 002C,Investigation complete; no suspect identified
2b74dd1242a83c6d98ea66838653b5f267c32cac574b5c5eb736737b0625c631,2018-12,Essex Police,Essex Police,0.443692,51.526515,On or near Pedestrian Subway,E01015988,Thurrock 002D,Investigation complete; no suspect identified
7b9e44562db4b81a4aba26c4c6e02690b97bb2f2f384c41aca5527e403347279,2018-12,Essex Police,Essex Police,0.324371,51.481421,On or near CROMWELL ROAD,E01015959,Thurrock 016C,Investigation complete; no suspect identified
83306a50a89dd82c73da43e93c30d7b2e4c7ee9671e0931dc21032883d5f1ab1,2018-12,Essex Police,Essex Police,0.506111,51.736026,On or near Village Square,E01021548,Chelmsford 013A,Investigation complete; no suspect identified
924681534ca45dd13ac1ce515fe454bb1c3ab376abb4df8f32e1687b40c937b6,2018-12,Essex Police,Essex Police,0.656564,51.541995,On or near EAST STREET,E01015849,Southend-on-Sea 011E,Unable to prosecute suspect
a4a555c2a8563033652a3f24aa5bf421f385c6cd66626a5ef03bc2c0fa11142d,2018-12,Essex Police,Essex Police,0.456539,51.729762,On or near CROMAR WAY,E01033138,Chelmsford 009F,Investigation complete; no suspect identified
7f81de1367fa71eb9a57c565377a3e598e568f3ad17595fdd0c5b6f0b621046d,2018-12,Essex Police,Essex Police,0.818580,51.835859,On or near HOLLINGTONS GROVE,E01021644,Colchester 019B,Unable to prosecute suspect
26d8942e3d8ffacc688862fd05bc60aeb4a46172d634ce90a9ed59c31378add2,2018-12,Essex Police,Essex Police,0.570012,51.870072,On or near Shopping Area,E01021368,Braintree 011A,Investigation complete; no suspect identified
df9e14430e273130c27e9341c5b9ec6a46be1cf6a483706cdd37ed1e13b93173,2018-12,Essex Police,Essex Police,0.661572,51.598613,On or near Park/Open Space,E01021935,Rochford 003C,Local resolution
bf3c4ee9f89dafcba14657c4cbed3e2ca4af13e6d413f25459361d6061b0fea9,2018-12,Essex Police,Essex Police,0.462713,51.570912,On or near Parking Area,E01021318,Basildon 015C,Investigation complete; no suspect identified
93941462bc02529a8df045787d4d8bc02645161032a2650becc5d9beb71c147e,2018-12,Essex Police,Essex Police,0.412139,51.639187,On or near VINCENT WAY,E01021248,Basildon 002C,Investigation complete; no suspect identified
900efe91850764f26846d20ad902470dcb96092e340c45ce20676150553659cf,2018-12,Essex Police,Essex Police,0.592084,51.520253,On or near Parking Area,E01021498,Castle Point 011B,Investigation complete; no suspect identified
ce93301f41fa28f2c40b6b897db1408f028cafdef000d94c2124d6c9ba3894f8,2018-12,Essex Police,Essex Police,0.303257,51.621059,On or near Shopping Area,E01021433,Brentwood 007A,Suspect charged
4a0f670b4678f75dc4d7aad4a99ceeb316e2b504897affdb0c9818e190496164,2018-12,Essex Police,Essex Police,0.076258,51.656282,On or near PYRLES LANE,E01021779,Epping Forest 011F,Investigation complete; no suspect identified
01b6bb53786cc1a054a0a508cc80af9bf546c1d3d5fe89a6f49bb4df5c6df1e8,2018-12,Essex Police,Essex Police,0.442982,51.521853,On or near MARKHAMS,E01015985,Thurrock 003B,Unable to prosecute suspect
8f31602c3a546ad685c9a94453663500ffd62fcf9707ef70619df0155c625b39,2018-12,Essex Police,Essex Police,0.677402,51.717110,On or near MEMORY CLOSE,E01021893,Maldon 005A,Investigation complete; no suspect identified
547df04cf1a6a1d9d263787e0ff02e64f89149d552a203bc5ed36af021b1cefc,2018-12,Essex Police,Essex Police,0.458653,51.747083,On or near NORTH AVENUE,E01021576,Chelmsford 006A,Suspect charged
a0f84ade2cb2dc476a09e192b853c4d905ac46be52f11c7191800d5e03e6ba4b,2018-12,Essex Police,Essex Police,0.473682,51.730490,On or near Pedestrian Subway,E01033140,Chelmsford 010F,Offender given a caution
a1c86eca07daa0c7305a177211e5a4175d17fca53205f36cf20c5c9258a7793f,2018-12,Essex Police,Essex Police,0.421881,51.515141,On or near BUTTS ROAD,E01015989,Thurrock 005A,Investigation complete; no suspect identified
4cde585e66caea18ae9c1d91252e7a95017065a1532a9899fa30b46497ac72f1,2018-12,Essex Police,Essex Police,0.939030,51.899318,On or near ROACH VALE,E01021708,Colchester 022A,Unable to prosecute suspect
6f5babe96562ae6420a6b72a734d2f9fbc639118d1bd31148ecfaca00ee9d9c6,2018-12,Essex Police,Essex Police,0.282822,51.517526,On or near DAINES CLOSE,E01015973,Thurrock 006D,Investigation complete; no suspect identified
7331a7b37c3faa949470ba53fedab1d974478a5e03e9da2435fd4b1a1f124efa,2018-12,Essex Police,Essex Police,0.085738,51.747766,On or near MORNINGTONS,E01021863,Harlow 011B,Investigation complete; no suspect identified
2302e652f12ac3060cd9082d0a4aa9f5f84431e74a9a7aec3ff754f8282ed5c7,2018-12,Essex Police,Essex Police,0.446413,51.747392,On or near WELLINGTON CLOSE,E01021598,Chelmsford 003C,Unable to prosecute suspect
7e1d8a946543e89feb075c58c4dfa093d4ae1e81a50d19cb2119864a5a11197d,2018-12,Essex Police,Essex Police,0.499508,51.717695,On or near PALMERSTON LODGE,E01021560,Chelmsford 013B,Investigation complete; no suspect identified
c33e8ac42aa945b44b7dda5c111ef56be6fa64c4958cd3e9636d0dfe3a1c75b4,2018-12,Essex Police,Essex Police,0.943393,51.888884,On or near HOLBOROUGH CLOSE,E01021698,Colchester 008C,Unable to prosecute suspect
f0b6d1125d9dd27560643f049f49e71ba87ab2de6293febb55952c4122fceb01,2018-12,Essex Police,Essex Police,0.896245,51.888706,On or near HEAD STREET,E01021649,Colchester 007D,Investigation complete; no suspect identified
5e987ee25e6e84931e919872c0284a02068c98886bb2f02a3a8359968f5fdb7e,2018-12,Essex Police,Essex Police,0.493487,51.577880,On or near CHICHESTER CLOSE,E01021269,Basildon 012C,Investigation complete; no suspect identified
6d9b8772463e666512f89aa46a0b29bc0bd185e21f4d8714d3a46b3f85591bae,2018-12,Essex Police,Essex Police,0.676354,51.565864,On or near Sports/Recreation Area,E01015865,Southend-on-Sea 002C,Investigation complete; no suspect identified
4f7b7f06e2d358757b59a86588391c30a66c82ebef8d4331f0201a0d8cb93106,2018-12,Essex Police,Essex Police,1.123224,51.800276,On or near MELTON CLOSE,E01021977,Tendring 013C,Unable to prosecute suspect
7fdb73107b99890964e420288cbe674945af24a521461202ceaa27298798d406,2018-12,Essex Police,Essex Police,0.689533,51.547593,On or near WESTCLIFF PARK DRIVE,E01015904,Southend-on-Sea 007D,Investigation complete; no suspect identified
c18a06f7ecddf3aebed916627e278d4e25ced57b2d99087049502afe4157b602,2018-12,Essex Police,Essex Police,0.440642,51.587256,On or near SOUTH WASH ROAD,E01021261,Basildon 010A,Unable to prosecute suspect
315d5b005fe659b5f0d0556576c5ac283ea67b08fe8857975dbca6b73bea1674,2018-12,Essex Police,Essex Police,0.474571,51.788620,On or near THE STREET,E01021540,Chelmsford 001C,Investigation complete; no suspect identified
c32d4b522b4f3f49819edd16bacc23554302c385d85e3ef040a5f9bdbb6a0e00,2018-12,Essex Police,Essex Police,0.506111,51.736026,On or near Village Square,E01021548,Chelmsford 013A,Unable to prosecute suspect
94ed7fce04f38437fbb2ca5ada519b1d45ceb6d80a225b203bc48efe044b476d,2018-12,Essex Police,Essex Police,0.067286,51.653248,On or near HILL TOP,E01021786,Epping Forest 012A,Investigation complete; no suspect identified
36e92c38bc13666727402f8fbf99dd3150b77fef2c40bed144621d8ee352205c,2018-12,Essex Police,Essex Police,0.042456,51.629915,On or near ROEBUCK LANE,E01021747,Epping Forest 015F,Investigation complete; no suspect identified
5141ba9e124f3aa113986a2a9e39de8830aae8cda1fe525d3e727373a53dc633,2018-12,Essex Police,Essex Police,1.143315,51.791924,On or near ALTON PARK ROAD,E01021968,Tendring 017A,Unable to prosecute suspect
b3edfad0df8d25350082e592a9ad191fad6ecc36429ed8d83007f4870f9bc6d0,2018-12,Essex Police,Essex Police,0.452281,51.571751,On or near Park/Open Space,E01021319,Basildon 017E,Investigation complete; no suspect identified
c04378b51edaf03d3ab9f3e0e62c850df897eff6e943009cc2c6aeb556948cf2,2018-12,Essex Police,Essex Police,0.906436,51.859909,On or near PEBMARSH CLOSE,E01021641,Colchester 018E,Unable to prosecute suspect
ad3ea031394b1e074db589b0b26c1a52a9934e8a43ed959b8a5143a282eb713a,2018-12,Essex Police,Essex Police,,,No location,,,Investigation complete; no suspect identified
bfefa736fff15c5e63e9e16c7d7b379dad250a6fb9a434c6e8d0d49f92e9f329,2018-12,Essex Police,Essex Police,0.897532,51.892209,On or near SHORT CUT ROAD,E01021649,Colchester 007D,Investigation complete; no suspect identified
c6c04cecbb19735ee101d352b4c2df7acb8428dc01eb6d1cf6d33314bd0a3168,2018-12,Essex Police,Essex Police,0.473026,51.741008,On or near Further/Higher Educational Building,E01021574,Chelmsford 010A,Investigation complete; no suspect identified
d7d268a32ccf39b0601e1f1f81a9e2dceab826af88866a8dd2e3a0639fce01c8,2018-12,Essex Police,Essex Police,0.709170,51.841255,On or near FEERING HILL,E01021403,Braintree 014F,Unable to prosecute suspect
79fd3f8bfaf296aa092d40eff7af00c73ee480618907f3c7a1a20b32d6803bc9,2018-12,Essex Police,Essex Police,0.749368,51.810697,On or near ST LUKE'S CHASE,E01021723,Colchester 020A,Investigation complete; no suspect identified
55b1468387055b234fb20df82edf6683afcab474a892e8e775e23e31166faf37,2018-12,Essex Police,Essex Police,0.070787,51.654571,On or near RECTORY LANE,E01021786,Epping Forest 012A,Suspect charged
077376cb6697d3c553b6fe1c63c817a0d83dcaa4a7a94389795fc79c3c3fbf0c,2018-12,Essex Police,Essex Police,0.632703,51.794258,On or near HATFIELD ROAD,E01021422,Braintree 017E,Suspect charged
7fc6d45266105a4edecf767d803db89abd07ed94b5e825bc8bd7b772d8b40341,2018-12,Essex Police,Essex Police,0.586130,51.531959,On or near Supermarket,E01021504,Castle Point 008C,Investigation complete; no suspect identified
db75467b4723f8921e662e8c89b07a5ee556604ee252849d18b5f809be0c51cd,2018-12,Essex Police,Essex Police,1.247783,51.930698,On or near ROWLAND'S YARD,E01033051,Tendring 002F,Investigation complete; no suspect identified
8914d2ffe8361fdc90decee7b323ade433b8812ab4db7221d601503666874358,2018-12,Essex Police,Essex Police,0.285907,51.477510,On or near CHARLOTTE PLACE,E01016011,Thurrock 015B,Investigation complete; no suspect identified
0fcb76d19b9586fd4424ea1c7973c4fcf82d3fe2577039bccc897434254c9bfb,2018-12,Essex Police,Essex Police,0.469663,51.575056,On or near GIPPESWYCK,E01021266,Basildon 015A,Investigation complete; no suspect identified
5786a1ac70b5a00eb7f7c02a636d235652de5809296d19b1f2b679ffff7e0fae,2018-12,Essex Police,Essex Police,0.335677,51.476349,On or near WHITEHALL LANE,E01015962,Thurrock 016E,Investigation complete; no suspect identified
9a4df1fe039f22ada179534cf308d8cc7e01ed7bf3bd65f8b0aee57d7dc26878,2018-12,Essex Police,Essex Police,1.288202,51.939262,On or near Sports/Recreation Area,E01021998,Tendring 001B,Investigation complete; no suspect identified
9c865981967c14ac46834675371b171c1a7e9f194608d64461cfbd2f5d4125fc,2018-12,Essex Police,Essex Police,0.717415,51.549513,On or near RUSKIN AVENUE,E01015897,Southend-on-Sea 010C,Unable to prosecute suspect
a12becd4830ba10260d9b885b803575b9ce17f24af7e1d353803eec8cc052fb0,2018-12,Essex Police,Essex Police,0.463401,51.561761,On or near HAWKSWAY,E01021299,Basildon 020E,Offender given a drugs possession warning
8a6acfc829b51809ae6700438c1aa3e336ae8cf696230207a08cb859d64c3651,2018-12,Essex Police,Essex Police,0.999591,51.852334,On or near DE STAUNTON CLOSE,E01021967,Tendring 009A,Unable to prosecute suspect
0c9fda09bc69ac4585eb9fb3f78bda8e4036f2ca0c5377746ffb7d1ca92cdede,2018-12,Essex Police,Essex Police,0.475214,51.731744,On or near Shopping Area,E01033140,Chelmsford 010F,Investigation complete; no suspect identified
8c3a07268ce103e677d5d7bbdc00c2e776673a1b3b42b745c09a601ea987e0e9,2018-12,Essex Police,Essex Police,0.360127,51.461767,On or near CALCUTTA ROAD,E01016003,Thurrock 018A,Investigation complete; no suspect identified
8e561742731ae8fc83b01f86b07c8644c140d5b4962f267718ec2f4521a7f88f,2018-12,Essex Police,Essex Police,0.069195,51.648808,On or near ST NICHOLAS PLACE,E01021790,Epping Forest 012E,Unable to prosecute suspect
2307708fb0c2d9ad043fdd282407e334107f7a916d971c6b92d3d6d2b9802a9b,2018-12,Essex Police,Essex Police,0.905583,51.879797,On or near Supermarket,E01021684,Colchester 011B,Investigation complete; no suspect identified
88b9da2c9f5b97215f35fbdb55640cd47bf8f0f4c618d3cb69bac93a6fc9cddb,2018-12,Essex Police,Essex Police,0.478328,51.555529,On or near DENEWAY,E01021300,Basildon 022A,Unable to prosecute suspect
a3e6aea719b9dad233a8515bcf74d2c92978f73291318589505d553e191815c2,2018-12,Essex Police,Essex Police,0.749051,51.812387,On or near CHURCH ROAD,E01021727,Colchester 020E,Investigation complete; no suspect identified
7d73a7186b4b709e65f0da81c3f93b7a540383d61a4c7c23948e1ca03e41c2ec,2018-12,Essex Police,Essex Police,0.314517,51.489350,On or near COURTENAY DRIVE,E01033612,Thurrock 020D,Investigation complete; no suspect identified
169d7d14dfbb2e3ff4db96ba45ff2c2081705acd202ff79696896e249e12841f,2018-12,Essex Police,Essex Police,0.052255,51.645661,On or near Parking Area,E01021781,Epping Forest 014B,Local resolution
eb7d71257334899b1a727b88d00b7d0dc89fe1363c840a398fcf859752d4d06b,2018-12,Essex Police,Essex Police,0.887497,51.867201,On or near ILEX CLOSE,E01033723,Colchester 015G,Suspect charged
d32175c4850ca52735e61905d6d26cb1988520584c9ab7eae2d1375208072871,2018-12,Essex Police,Essex Police,0.081302,51.752413,On or near KINGSMOOR ROAD,E01021830,Harlow 009B,Offender given a caution
928849fd9b76ba065243f0f554fb6bf0407bf1ffeca8d255095af298c415ed53,2018-12,Essex Police,Essex Police,0.895335,51.889691,On or near BALKERNE GARDENS,E01021646,Colchester 007A,Unable to prosecute suspect
2a54d44dd68e42ac57748006c17f0e62c0f52da364c686f57711a75bd76cec69,2018-12,Essex Police,Essex Police,0.478328,51.555529,On or near DENEWAY,E01021300,Basildon 022A,Unable to prosecute suspect
598477209e9ad48a2b03e24912577be5b3ddcc16da6a18c45736216a7b7f7f2d,2018-12,Essex Police,Essex Police,0.283224,51.475413,On or near FLINT STREET,E01016012,Thurrock 015C,Investigation complete; no suspect identified
2c452a221a4d34105e48b545f68f7e97cdff2f30d159d6cbf8dc698c066570f6,2018-12,Essex Police,Essex Police,0.043019,51.625409,On or near KING'S AVENUE,E01021748,Epping Forest 015G,Suspect charged
979c1318e3b196bb7152d1367fdb70d57033f35c8058f12ae7c84711bc7ba39c,2018-12,Essex Police,Essex Police,0.337763,51.489257,On or near LODGE LANE,E01015964,Thurrock 010B,Investigation complete; no suspect identified
76776ec601961a31e04d44fef96b1666dc2ccb2ebdf20f2ea78fcbb6fe03a207,2018-12,Essex Police,Essex Police,0.895390,51.894168,On or near MARKET CLOSE,E01021650,Colchester 007E,Unable to prosecute suspect
444c2609062eeda8527cbf7ada331113a0f20587e5268a723790fe07cb0f6867,2018-12,Essex Police,Essex Police,0.419812,51.511739,On or near PROSPECT AVENUE,E01015991,Thurrock 005B,Investigation complete; no suspect identified
3dc6f9390d06ae10e6a3cae128bb60f1b48dd6368c11fb755eda43426fdaab0b,2018-12,Essex Police,Essex Police,0.088035,51.646082,On or near LENTHALL ROAD,E01021776,Epping Forest 011C,Investigation complete; no suspect identified
0a8f9f36e050d8b2709d73265b66affa4b96012aad6ab46bc9d2763d15cda511,2018-12,Essex Police,Essex Police,0.465038,51.552005,On or near A176,E01021299,Basildon 020E,Investigation complete; no suspect identified
345711c5c6fd9e8d44369524958825537efa28411c052bf04cd987eb0f1035ea,2018-12,Essex Police,Essex Police,1.027279,51.812627,On or near SPRINGFIELDS,E01021981,Tendring 011C,Investigation complete; no suspect identified
9480bd2068d3ad8dd705c929bf08fdcf047425d832358906706f71d809ec610d,2018-12,Essex Police,Essex Police,0.717425,51.540717,On or near Pedestrian Subway,E01015895,Southend-on-Sea 010A,Suspect charged
d14ef93dd3d0c3492dce739f3775a8a2ceab21037a8fe18dd540501bf779952c,2018-12,Essex Police,Essex Police,0.712497,51.540310,On or near Bus/Coach Station,E01015895,Southend-on-Sea 010A,Unable to prosecute suspect
d14ef93dd3d0c3492dce739f3775a8a2ceab21037a8fe18dd540501bf779952c,2018-12,Essex Police,Essex Police,0.712497,51.540310,On or near Bus/Coach Station,E01015895,Southend-on-Sea 010A,Unable to prosecute suspect
d14ef93dd3d0c3492dce739f3775a8a2ceab21037a8fe18dd540501bf779952c,2018-12,Essex Police,Essex Police,0.712497,51.540310,On or near Bus/Coach Station,E01015895,Southend-on-Sea 010A,Unable to prosecute suspect
d14ef93dd3d0c3492dce739f3775a8a2ceab21037a8fe18dd540501bf779952c,2018-12,Essex Police,Essex Police,0.712497,51.540310,On or near Bus/Coach Station,E01015895,Southend-on-Sea 010A,Unable to prosecute suspect
9f0250709dfc7988b834196e0c5f4e6e3c06b99ab5cf91387e2e0b8f3932064d,2018-12,Essex Police,Essex Police,0.364345,51.459532,On or near NEWTON ROAD,E01016004,Thurrock 018B,Investigation complete; no suspect identified
98642c637860355b0d61cff2fa33c09af5da00e26d6dea2504bd0be80a24227d,2018-12,Essex Police,Essex Police,0.662021,51.542339,On or near MAPLE AVENUE,E01015846,Southend-on-Sea 011B,Investigation complete; no suspect identified
22006e5ebe63d946b52350859cf70d805c45c3b7b2b435083b0dddfea7b1f07a,2018-12,Essex Police,Essex Police,0.426616,51.581944,On or near HOLST AVENUE,E01021274,Basildon 010D,Unable to prosecute suspect
f26c386247fbe2a06a6ead308924c02bdb6c76e5d087b79e74c7dc4412bf113a,2018-12,Essex Police,Essex Police,0.679677,51.563962,On or near NESTUDA WAY,E01015865,Southend-on-Sea 002C,Offender given a drugs possession warning
3e8b64448023725296eea637a092dd56305e337e89765ff722a20aa363d4082d,2018-12,Essex Police,Essex Police,0.717425,51.540717,On or near Pedestrian Subway,E01015895,Southend-on-Sea 010A,Suspect charged
1926757af8ba5fe31cb88ecdeceb984571c8959e928724a009f34d51cb4f8772,2018-12,Essex Police,Essex Police,0.899183,51.910173,On or near Hospital,E01021682,Colchester 004D,Suspect charged
a8d31b389b0ca19269c727b7f2516dbf1c53e34ef44b2292ce7dffb948dcf77b,2018-12,Essex Police,Essex Police,0.297974,51.524452,On or near Supermarket,E01015971,Thurrock 006B,Investigation complete; no suspect identified
e3d963562f4961c527b34600c427563f7492d89ed06444eff618055eb330d05c,2018-12,Essex Police,Essex Police,0.477316,51.722248,On or near BURGHLEY WAY,E01021583,Chelmsford 015C,Suspect charged
1f9fc44d8a2ae2dda3212fcbcc8f9e008465f664db3bd6e44867edc34931f4ae,2018-12,Essex Police,Essex Police,0.923295,51.885581,On or near GEOFF SEADEN CLOSE,E01021685,Colchester 011C,Suspect charged
c126ec9f1ed19bf0d5e1f84feec02c1c80466025292ded5381365635c86a14d3,2018-12,Essex Police,Essex Police,0.904659,51.888912,On or near Parking Area,E01021648,Colchester 007C,Unable to prosecute suspect
c5951c0390208ad71edfb924e82eaff971db896f429961d2b8209aaed39e22c2,2018-12,Essex Police,Essex Police,0.700166,51.552736,On or near JONES CLOSE,E01015861,Southend-on-Sea 004E,Unable to prosecute suspect
bf67799a9bc198ed6070c923668675e10c4e401b6474624f8a5bb995ef1d36ed,2018-12,Essex Police,Essex Police,0.505218,51.751045,On or near LOBELIA CLOSE,E01021618,Chelmsford 007A,Unable to prosecute suspect
0c18d44448724bdbe4f4017804915759b43e1938a47eeabb28e57644e6f46126,2018-12,Essex Police,Essex Police,0.301672,51.476851,On or near CHARLTON STREET,E01016015,Thurrock 015F,Suspect charged
0c18d44448724bdbe4f4017804915759b43e1938a47eeabb28e57644e6f46126,2018-12,Essex Police,Essex Police,0.301672,51.476851,On or near CHARLTON STREET,E01016015,Thurrock 015F,Suspect charged
0c960827afee1a92087f3b19f3f3ecc6273412bc705b5b6f42892eb4a25dfdf2,2018-12,Essex Police,Essex Police,,,No location,,,Investigation complete; no suspect identified
dcce69f9f597df5f40edbeb255d02fd3d840bde645c0def947bcc76b02f4a3cf,2018-12,Essex Police,Essex Police,0.372335,51.462878,On or near BRENNAN ROAD,E01016005,Thurrock 018C,Investigation complete; no suspect identified
b4845874d88e72f7ee769165004de32b737415520d22ad121b1d2839c65f9a60,2018-12,Essex Police,Essex Police,0.117493,51.620016,On or near RETREAT WAY,E01021749,Epping Forest 016A,Unable to prosecute suspect
8fd80af508f6e9196aca9e5b5a29cf045ca3179d2f2cddff668229b6a42fba64,2018-12,Essex Police,Essex Police,0.092811,51.774150,On or near Supermarket,E01021843,Harlow 004E,Unable to prosecute suspect
67a43a9315606b31e42b4776d78616941049cf8920aaccb70ea66543fff9a5a6,2018-12,Essex Police,Essex Police,0.520333,51.755246,On or near A130,E01021537,Chelmsford 005B,Investigation complete; no suspect identified
57199e1736ee6f3639278d6a4343dade688e3f7c45c5a999346d8b7eed10101b,2018-12,Essex Police,Essex Police,0.292530,51.508200,On or near VERBENA CLOSE,E01015932,Thurrock 006A,Investigation complete; no suspect identified
799810cf171174787d72dca0ff78d15bea9c7c0afe6cc134ad802dd8944aed70,2018-12,Essex Police,Essex Police,0.502267,51.562719,On or near Supermarket,E01021310,Basildon 022B,Investigation complete; no suspect identified
865809201d8486f41dc51f18163f16ac6df7d72954c67778f6a2b5cef97ebaea,2018-12,Essex Police,Essex Police,0.438576,51.516828,On or near LEVETT ROAD,E01015990,Thurrock 003D,Unable to prosecute suspect
faf5c30cc3ffcdbd6fb5aeb8f23a415b2a6dd34c9e9c569988cd358df2a59b33,2018-12,Essex Police,Essex Police,0.461571,51.739207,On or near Petrol Station,E01021573,Chelmsford 009A,Unable to prosecute suspect
c42c74f9361954cace41003bf01dea8d64f45a88798345c702d4b322d44da0a7,2018-12,Essex Police,Essex Police,0.704605,51.546833,On or near COLCHESTER ROAD,E01015899,Southend-on-Sea 010E,Investigation complete; no suspect identified
1574371ffe4f06fd8a7335c3a7f99723d5a71f056f10c24893514e1c66606eda,2018-12,Essex Police,Essex Police,0.365849,51.510035,On or near Hospital,E01015977,Thurrock 004A,Investigation complete; no suspect identified
fba4641d146e57c5ae589d957e7ee8d9096bc3f9dbe4b6f788339b50e67f340b,2018-12,Essex Police,Essex Police,0.057293,51.651265,On or near YORK CRESCENT,E01021791,Epping Forest 012F,Investigation complete; no suspect identified
09e2e0db4d5953b81ece8f7a8bf727c07397504fb5fde81f66329c5a85a1468c,2018-12,Essex Police,Essex Police,0.117149,51.749677,On or near RADBURN CLOSE,E01021837,Harlow 008E,Unable to prosecute suspect
ea3f328d233bdc8bf83633eadc165d86affb78ec9b459c383897a7fdbe20bf6c,2018-12,Essex Police,Essex Police,0.897778,51.887913,On or near SIR ISAAC'S WALK,E01021649,Colchester 007D,Unable to prosecute suspect
def84c44bd90fdf231bef2397707604670780fbbbfa6a64b6aaefe49b5ded298,2018-12,Essex Police,Essex Police,0.407163,51.640188,On or near LORRIMORE CLOSE,E01021245,Basildon 002A,Investigation complete; no suspect identified
0cb304555891a52474895006bbfa0e7bd73dc0373703d6d888139a0790d3799c,2018-12,Essex Police,Essex Police,0.712493,51.536371,On or near WESTON ROAD,E01015852,Southend-on-Sea 015B,Investigation complete; no suspect identified
7ff2d8ba337ee59aa7549d923aa8f0f76970821e766a11ef70ade5ad3ea46064,2018-12,Essex Police,Essex Police,0.913033,51.878830,On or near BOURNE ROAD,E01021684,Colchester 011B,Unable to prosecute suspect
4dff8145516b48618095d6cad729de0655b4bee5233470ceb96e3ed459246e36,2018-12,Essex Police,Essex Police,0.897778,51.887913,On or near SIR ISAAC'S WALK,E01021649,Colchester 007D,Unable to prosecute suspect
925cfe71abf3579349b256dcbe1a871881325cedc8d384c2e4ffc96e8b80bed7,2018-12,Essex Police,Essex Police,0.897778,51.887913,On or near SIR ISAAC'S WALK,E01021649,Colchester 007D,Unable to prosecute suspect
c5fe76383e72feb069bd8722b7ec45aeb04a693eb819f07497e73dc2044ebcf8,2018-12,Essex Police,Essex Police,0.117149,51.749677,On or near RADBURN CLOSE,E01021837,Harlow 008E,Unable to prosecute suspect
e31fdea4b6151dd0db642f05251eb9da0203c92ac8f62292bbb83c0d177cf4aa,2018-12,Essex Police,Essex Police,0.913033,51.878830,On or near BOURNE ROAD,E01021684,Colchester 011B,Investigation complete; no suspect identified
f8629ac5f7c7868dba2843b568c8e421711647947b3fb687432f1e8242923439,2018-12,Essex Police,Essex Police,0.165759,51.605772,On or near CLOCKHOUSE LANE,E01002301,Havering 003A,Unable to prosecute suspect
7617e1607b4d48a0074bf38b6b95ed0b2a426e4b543758d682f2240ddd75e303,2018-12,Essex Police,Essex Police,1.048620,51.936875,On or near MILTON ROAD,E01022013,Tendring 003B,Investigation complete; no suspect identified
79b23223d4c61549f8537806e8f9d6dd51f5c90602e0d0ced16aaaa94c1619f6,2018-12,Essex Police,Essex Police,0.898501,51.890107,On or near ST RUNWALD STREET,E01021649,Colchester 007D,Investigation complete; no suspect identified
753d7b3f1a240e7aaed968a680f27a445648e7318051feb73b42dadbbfe2acf4,2018-12,Essex Police,Essex Police,0.718716,51.575439,On or near MAGNOLIA WAY,E01021956,Rochford 007E,Investigation complete; no suspect identified
469fc437def07bba157d1f1a16c9434f79397fa51a57fd56602a5838983941e8,2018-12,Essex Police,Essex Police,0.555627,51.875404,On or near Parking Area,E01021365,Braintree 009D,Investigation complete; no suspect identified
04c9ca3c3d430272b972fd6fccd05cae67f80d8a6e27a08a3a576dddd6568cfe,2018-12,Essex Police,Essex Police,0.115890,51.760868,On or near LITTLE BRAYS,E01021820,Harlow 006B,Investigation complete; no suspect identified
786e21f04505c37788807a09cfdee830ce67521dc2f066339a6db947748f94a4,2018-12,Essex Police,Essex Police,0.454769,51.752407,On or near VARDEN CLOSE,E01021589,Chelmsford 006C,Investigation complete; no suspect identified
7a774611717b4a88e325c3e19eab1bd5e5d11c948db47e1f5b0346430945438c,2018-12,Essex Police,Essex Police,0.553959,51.878525,On or near SCHOOL WALK,E01033459,Braintree 009F,Investigation complete; no suspect identified
5b9ddfd2ed6115d63f0c3fe0f942bc751bc3b1d442a97e4ceedf059f93c7c2dd,2018-12,Essex Police,Essex Police,0.215334,51.594999,On or near YELVERTON CLOSE,E01002310,Havering 006B,Unable to prosecute suspect
46cc00b4b11257ca5fb52dba9f44d54acd8b9093a2e852620c91efb09337596b,2018-12,Essex Police,Essex Police,0.456472,51.751211,On or near CRUSHTON PLACE,E01021589,Chelmsford 006C,Investigation complete; no suspect identified
65a3d0ab5ac4e7a07ea7ecf3827e53067db56198e883a48b45fa3992fe210dd4,2018-12,Essex Police,Essex Police,0.471575,51.566148,On or near GREAT MISTLEY,E01021295,Basildon 020B,Investigation complete; no suspect identified
a588af28cac89c644285a80c092033db2ef561b510250492edd1e72f4654cef6,2018-12,Essex Police,Essex Police,1.255586,51.943416,On or near PRINCESS STREET,E01033051,Tendring 002F,Unable to prosecute suspect
d95d26c1c90d8400e9fb5d50da6176ff295d10c9cf140ed973391aa1dc549fdc,2018-12,Essex Police,Essex Police,0.424477,51.513811,On or near CHANTRY CRESCENT,E01015992,Thurrock 005C,Investigation complete; no suspect identified
46b8369259e9e271e8635148f4f323b41d07e3f040f2a63643d57ab5a986ab7b,2018-12,Essex Police,Essex Police,0.081403,51.652774,On or near ETHERIDGE ROAD,E01021778,Epping Forest 011E,Unable to prosecute suspect
2dead6e7d88d76d4a1bea098963237fa4d6895f17e332266bec419d68966d6d1,2018-12,Essex Police,Essex Police,0.627461,51.935936,On or near BOURNE CLOSE,E01021391,Braintree 004C,Investigation complete; no suspect identified
85faf58b8a62ca9f080840ac0c1d7c341c0ab7e09977acdeef50fe23ac5f622e,2018-12,Essex Police,Essex Police,0.466199,51.721519,On or near Pedestrian Subway,E01021580,Chelmsford 012D,Unable to prosecute suspect
79cacba9d1b375343401d205ae3dc54452f231030959fd45e857314ccca82970,2018-12,Essex Police,Essex Police,1.168961,51.797136,On or near HOLLAND ROAD,E01022048,Tendring 014C,Investigation complete; no suspect identified
c252b2737f692976929fe62732450735f90972050a30013a09277a79453e8b95,2018-12,Essex Police,Essex Police,0.551543,51.878451,On or near Nightclub,E01021365,Braintree 009D,Investigation complete; no suspect identified
6cb93470fcf6cc31ae170d62bbc82f42b6a6e550e035c19cfa1fedce6742e46a,2018-12,Essex Police,Essex Police,0.302803,51.618091,On or near LIBRARY HILL,E01021436,Brentwood 007B,Unable to prosecute suspect
2022756b19a528b8e50915b4fc4fde66489d1e7e8e8112f106900eb11880d0df,2018-12,Essex Police,Essex Police,0.105609,51.761044,On or near TAWNEYS ROAD,E01021870,Harlow 006E,Investigation complete; no suspect identified
e98de7f4c8d4c7160d9125d1cac324e8372ab67d76d28b330bb86536ff111e68,2018-12,Essex Police,Essex Police,0.399818,51.636319,On or near LINDA GARDENS,E01021245,Basildon 002A,Investigation complete; no suspect identified
917b57695284457ad9eb46648e8c64349c6901b451d84ee384b615127c1596b2,2018-12,Essex Police,Essex Police,1.172993,51.812398,On or near HEATHER CLOSE,E01021984,Tendring 010A,Unable to prosecute suspect
38e9db138140736a1465e2eeef744dc41e3e3bf5a7234f9464d0686eb6df620b,2018-12,Essex Police,Essex Police,0.225031,51.912607,On or near STANSTED ROAD,E01022063,Uttlesford 005B,Investigation complete; no suspect identified
c1d5627577b1fc5c5fec0355f4f747d1a278b9d8dc6335d86ca6102954c414c9,2018-12,Essex Police,Essex Police,0.495785,51.775195,On or near PRATT'S FARM LANE,E01021540,Chelmsford 001C,Unable to prosecute suspect
48ed9d204f823083738e068a66fec06b5f33c16715c0b1452f22c832e751d359,2018-12,Essex Police,Essex Police,0.867063,51.881228,On or near COTMAN ROAD,E01021693,Colchester 014E,Investigation complete; no suspect identified
1898c9822b22ca48bbfbb6d24eb9e6fc120051a5fe66e56291a271f4b8e4eac5,2018-12,Essex Police,Essex Police,0.456472,51.751211,On or near CRUSHTON PLACE,E01021589,Chelmsford 006C,Investigation complete; no suspect identified
98d295f521392f4cedd9494a82310952a3739bcfea9450588b1c673df4cb4960,2018-12,Essex Police,Essex Police,0.668685,51.539633,On or near CLIFF GARDENS,E01015848,Southend-on-Sea 011D,Investigation complete; no suspect identified
4d8772268028bcf9c05f80ede0f96d10a09083c6b35984dc0bc38353bf078f9c,2018-12,Essex Police,Essex Police,0.447128,51.753915,On or near NICKLEBY ROAD,E01021600,Chelmsford 003D,Investigation complete; no suspect identified
978ab4f9261eb2a62a908497d5809da7447a0e52d92f5bd98673fd43753139b3,2018-12,Essex Police,Essex Police,0.525211,51.610116,On or near TIPTREE GROVE,E01021346,Basildon 008E,Offender given a drugs possession warning
4a6a184f098d3722339b3b2c151577e255432a0098c993dc0f4820a7a9b33644,2018-12,Essex Police,Essex Police,0.595299,51.557523,On or near NICHOLSON CRESCENT,E01021482,Castle Point 006A,Investigation complete; no suspect identified
c17c15a1476886e586254da275458e7275e798b3d083431187b3a836a3091e1d,2018-12,Essex Police,Essex Police,0.897825,51.889081,On or near CULVER STREET WEST,E01021649,Colchester 007D,Investigation complete; no suspect identified
55e8623f547452e4b5ce4a60710c3e7edf611bccb3d90788fedef49a84302e48,2018-12,Essex Police,Essex Police,0.198930,51.910796,On or near THE ROOKERY,E01022084,Uttlesford 005D,Investigation complete; no suspect identified
4a30da6742e377f27f2b769db15ff430c61735066d0fdb90b2438105a36222e7,2018-12,Essex Police,Essex Police,0.906436,51.859909,On or near PEBMARSH CLOSE,E01021641,Colchester 018E,Unable to prosecute suspect
fcff04434d2e930c0674ec8a34439ca477ef70319ef784b368f513b360e13f78,2018-12,Essex Police,Essex Police,0.924681,51.894621,On or near CROWN BAYS ROAD,E01021704,Colchester 022F,Investigation complete; no suspect identified
c1b28557c4e2b3da10e9a82fd4cc9cf40aaf4d9d7d5962eb82e6d0b2f4e0b26e,2018-12,Essex Police,Essex Police,0.719805,51.539277,On or near LANCASTER GARDENS,E01015844,Southend-on-Sea 014F,Investigation complete; no suspect identified
43e0eee3cdfd7c1599bff92c7d60d596682a8ea0df47cd8c687e58a5cb0357d4,2018-12,Essex Police,Essex Police,0.595299,51.557523,On or near NICHOLSON CRESCENT,E01021482,Castle Point 006A,Investigation complete; no suspect identified
5285b77090d6e0e80003b986072af14f6983ad19717c40334309ecae62252279,2018-12,Essex Police,Essex Police,0.332939,51.474893,On or near GROVE ROAD,E01015962,Thurrock 016E,Unable to prosecute suspect
2ff22493d9646991b289b3559296c178cb7ce97bbb8f713a781ca0968a6886f2,2018-12,Essex Police,Essex Police,1.151023,51.790144,On or near PIER AVENUE,E01022026,Tendring 016C,Unable to prosecute suspect
d27c94c90649de970d70eaa452e805ef6b55d30f24557961705c85ecb141e472,2018-12,Essex Police,Essex Police,0.655500,51.568055,On or near LAMBETH ROAD,E01015835,Southend-on-Sea 001C,Unable to prosecute suspect
9748baaae0da18325069a76de87f687011c907892ecf06ae6bfa22ab44feead1,2018-12,Essex Police,Essex Police,0.791541,51.535505,On or near ELM ROAD,E01015877,Southend-on-Sea 013B,Investigation complete; no suspect identified
4fa47d4721aaad8cb322f2b1577f3847f6d1a68cbdab981c380874068da55dc0,2018-12,Essex Police,Essex Police,0.893041,51.886347,On or near BURLINGTON ROAD,E01021651,Colchester 013A,Investigation complete; no suspect identified
d00945e68620faeb89caffcd5c11454ff1580758a750cbe4c31ac9dad2fe42aa,2018-12,Essex Police,Essex Police,0.078853,51.743886,On or near STANDINGFORD,E01021866,Harlow 011D,Investigation complete; no suspect identified
8abe20ed3a95eca551c9ce7af8f600aed4b2a20b41caa043288808363ea102e0,2018-12,Essex Police,Essex Police,1.142493,51.807210,On or near SHEPPARD CLOSE,E01021976,Tendring 013B,Unable to prosecute suspect
c58e53491d6847a2882f104139af6db3705a1b169d1f511c9fe196fc7d4d11c0,2018-12,Essex Police,Essex Police,0.214907,51.870273,On or near Parking Area,E01022059,Uttlesford 009A,Local resolution
af6b8b23877557b0826377a1ac2a198235c510c1796535a2d505d5d182087d5a,2018-12,Essex Police,Essex Police,0.428935,51.569953,On or near FOXGLOVE COURT,E01021288,Basildon 016B,Investigation complete; no suspect identified
c339c61c55ca3650f9603a3c298c8dfe1275a4604126a3c6e376d213d666c68e,2018-12,Essex Police,Essex Police,0.359888,51.461043,On or near BERMUDA ROAD,E01016003,Thurrock 018A,Investigation complete; no suspect identified
c98e5d379ef8ffc5dbf14a66646f6b0fa8d54e842cd817e41d3179b65bab7f99,2018-12,Essex Police,Essex Police,,,No location,,,Unable to prosecute suspect
c519b0782babd8b63eb75fe298ffe80148ba7e872cf4d59badf62932060feb09,2018-12,Essex Police,Essex Police,0.712788,51.543999,On or near SHORT STREET,E01015898,Southend-on-Sea 010D,Investigation complete; no suspect identified
d9b7b5138f703e8c14fe3ed32c0785c380374e14d79f51da64a97096eba5c698,2018-12,Essex Police,Essex Police,0.456693,51.573287,On or near POMFRET MEAD,E01021318,Basildon 015C,Investigation complete; no suspect identified
9f1902d8c59141dc41f4dfa3c0bd439176675cbef31a3d9b0c6cf3019d9d8fee,2018-12,Essex Police,Essex Police,0.838051,51.888038,On or near ALBERTINE CLOSE,E01021719,Colchester 012B,Suspect charged
f5b5ddb0de3ddfd9e9de32d983f20cb6e3e2f0b5ec06229395ad47298e88efb5,2018-12,Essex Police,Essex Police,0.433043,51.577422,On or near ST NICHOLAS LANE,E01021279,Basildon 010E,Investigation complete; no suspect identified
2dd2c849318ee645616d7599d4bf00fcb7948e8ebe0a756384d2c5733e476ddb,2018-12,Essex Police,Essex Police,1.151023,51.790144,On or near PIER AVENUE,E01022026,Tendring 016C,Unable to prosecute suspect
5dbef6958e20f7fd8126d96bb842320aca124a13c1adb887d348fd00d0d1abd9,2018-12,Essex Police,Essex Police,0.830387,51.665415,On or near Police Station,E01021905,Maldon 006C,Investigation complete; no suspect identified
90370c51a042278d423a3e01180dce40ce3695f3a92609d12e62a8c41e76cb1b,2018-12,Essex Police,Essex Police,0.473830,51.736629,On or near Chelmsford Police Station,E01033141,Chelmsford 010G,Offender given a drugs possession warning
c40a2a89e992ebf8e67fb9e11d10149c931b580cedb10bce6170a28a13f48424,2018-12,Essex Police,Essex Police,0.791541,51.535505,On or near ELM ROAD,E01015877,Southend-on-Sea 013B,Investigation complete; no suspect identified
d78a581b2bc31300c9963655db45fcc3f07b58cf6c759a4e4dbda0abfa0f0754,2018-12,Essex Police,Essex Police,0.463490,51.569268,On or near Supermarket,E01021318,Basildon 015C,Unable to prosecute suspect
73746b32788c7046da6c9b1e5096af908aab38e53533406517a838962a25033d,2018-12,Essex Police,Essex Police,0.485409,51.561566,On or near SOUTH CROCKERFORD,E01021325,Basildon 019D,Investigation complete; no suspect identified
0385a916b7bd82650caaa9d9b6a4a5ec22e178e754a63f0860f4bb235a540a30,2018-12,Essex Police,Essex Police,0.896313,51.891114,On or near NORTH HILL,E01021649,Colchester 007D,Investigation complete; no suspect identified
411717c72c385007684905950c81a3a6d08539bc27c54731caf080f93faf1e83,2018-12,Essex Police,Essex Police,0.439408,51.740802,On or near Petrol Station,E01021634,Chelmsford 011D,Investigation complete; no suspect identified
282599c2c0bd3f0dfecb6456f9db9e5a5ac7a53f8a601f751cf32dd552ad399c,2018-12,Essex Police,Essex Police,1.254906,51.932022,On or near LAUREL AVENUE,E01022006,Tendring 002C,Investigation complete; no suspect identified
ad55b02c0cf793efbba6a1214525aacce28b095217e4449ce59bc8ac2d443836,2018-12,Essex Police,Essex Police,0.354582,51.875257,On or near WILLOW ROAD,E01033054,Uttlesford 007D,Investigation complete; no suspect identified
797bf7a595642c73d0a2f0f35d97bde8105d3240f78313efb2e3fb4ad9a41422,2018-12,Essex Police,Essex Police,0.830150,51.888121,On or near ESSEX YEOMANRY WAY,E01021718,Colchester 012A,Investigation complete; no suspect identified
43d13e28b9abb2cfbfd7dbdea30f16e4c1d0a3261dcec04fd55aca093987d6fa,2018-12,Essex Police,Essex Police,1.066817,51.824967,On or near B1027,E01021993,Tendring 009C,Investigation complete; no suspect identified
a07ad8df75e3e80bd5ff532f4dfae39a8ea52b511022f80f970fff5d32acabdf,2018-12,Essex Police,Essex Police,0.088102,51.773244,On or near RECTORY WOOD,E01021843,Harlow 004E,Unable to prosecute suspect
064ace8c0a223878eb048db64dc58b6956a077a2126a20fb4d99f19d622c6c05,2018-12,Essex Police,Essex Police,0.473830,51.736629,On or near Chelmsford Police Station,E01033141,Chelmsford 010G,Investigation complete; no suspect identified
3222958ecd9fef74f8c97d77c4109fac224fcc6bf962cdfd44c0a5c703d0823c,2018-12,Essex Police,Essex Police,0.671671,51.544817,On or near SUNNINGDALE AVENUE,E01015829,Southend-on-Sea 012C,Investigation complete; no suspect identified
a4ba659ae7712cdc1e4c949d48fbdbc0aa03eb0e22b2fc684b264da0f843f465,2018-12,Essex Police,Essex Police,0.516400,51.587661,On or near JOSSELIN COURT,E01021309,Basildon 011E,Investigation complete; no suspect identified
2d391d0ed14e6d2a52507d94a72e1bcf910a9e93731c7d3d13f9e8f9fd3b0e21,2018-12,Essex Police,Essex Police,0.113929,51.775651,On or near THE STOW,E01021845,Harlow 002B,Unable to prosecute suspect
4cd93bcebf141f3a67c9499cd8bd4df5659371c64b2c58f221d64ebf60af083d,2018-12,Essex Police,Essex Police,0.043019,51.625409,On or near KING'S AVENUE,E01021748,Epping Forest 015G,Unable to prosecute suspect
3ab2846285374154dd648e22ec58af02da97f9316cbeeb28c778c897453ecbc3,2018-12,Essex Police,Essex Police,0.877332,51.934354,On or near BADGERS GROVE,E01021659,Colchester 001C,Investigation complete; no suspect identified
bb1f063dfd38fb2b3afe451e1ad8e1f38c0a4c9f7b0971a1e2d53713fbc0a18e,2018-12,Essex Police,Essex Police,0.102611,51.752645,On or near AYLETS FIELD,E01021858,Harlow 010B,Unable to prosecute suspect
ca6d5f07b625a78da8ae92a55d862e400360a68c58d26eb4cd39492b02cbdf7f,2018-12,Essex Police,Essex Police,0.551687,51.567356,On or near LONDON ROAD,E01021476,Castle Point 003A,Unable to prosecute suspect
1b28d6e498c259aa4f542e2a8ce79dee40953c08befbcfec81ead0b0f949c1f8,2018-12,Essex Police,Essex Police,0.699378,51.542600,On or near BALMORAL ROAD,E01015896,Southend-on-Sea 010B,Suspect charged
75f4265320b0e96cf0832b936cceba234a691fc52fa53545d77eb866682733a9,2018-12,Essex Police,Essex Police,1.285585,51.943869,On or near ALBEMARLE STREET,E01021997,Tendring 001A,Unable to prosecute suspect
62dc4231461546e4a98ac956873a5d8e85a53939cc5aa060c26569bca9ca7115,2018-12,Essex Police,Essex Police,0.373560,51.486470,On or near CLAUDIAN WAY,E01015936,Thurrock 012D,Action to be taken by another organisation
bc6175dcff1298ff6087fc2e37c2a949019de228b5702ac9940d7b48354727f6,2018-12,Essex Police,Essex Police,1.152215,51.788718,On or near Shopping Area,E01022025,Tendring 016B,Investigation complete; no suspect identified
d1c77417f37438995a0c3945e71c0747a082788dc37a5854718ff5f54c3e0bfa,2018-12,Essex Police,Essex Police,0.771926,51.967399,On or near CAMBRIDGE WAY,E01021407,Braintree 002C,Unable to prosecute suspect
11fd951b674012fa1f2b4ff57c5f64c3f63277c16cfbc7b26d26e78ce2d592b0,2018-12,Essex Police,Essex Police,0.324019,51.478460,On or near Theatre/Concert Hall,E01015956,Thurrock 016B,Unable to prosecute suspect
c22c441834373af62367e54a895a4967dd7fc7d962bc3cc24098d209d446be5e,2018-12,Essex Police,Essex Police,0.194180,51.902836,On or near SPENCER CLOSE,E01022085,Uttlesford 005E,Investigation complete; no suspect identified
72ea0a45147dd57f13c587b57c81b0fa728e99901b13c216d9dcf565c6490406,2018-12,Essex Police,Essex Police,0.788637,51.558292,On or near HAVENSIDE,E01021917,Rochford 010A,Investigation complete; no suspect identified
426563c8cf9285fb4400093b51997857beb271d205a50fcab6e284e099410c6a,2018-12,Essex Police,Essex Police,1.233363,51.930070,On or near CLAYTON ROAD,E01022028,Tendring 004F,Suspect charged
72c331b25c26e69b99ec83c7ad246263ba4fb1f1d96af70117caae33c885015a,2018-12,Essex Police,Essex Police,0.670560,51.726313,On or near ACACIA DRIVE,E01021898,Maldon 005F,Investigation complete; no suspect identified
8b38fadb4328b6867be31db6fe7e2a34cbaca87eeea873dc9fb01a47867d2e42,2018-12,Essex Police,Essex Police,0.916151,51.885012,On or near BARRACK STREET,E01021687,Colchester 011E,Unable to prosecute suspect
6e53df87936304094f2de4f38b38cd01954b1ac089ae3be285365ee3f64305ab,2018-12,Essex Police,Essex Police,1.158897,51.791992,On or near HOLLAND ROAD,E01022027,Tendring 016D,Unable to prosecute suspect
1a0a33ca1f2e5fcac43d39de373ce09f2f3afac2e9f1bec3a251861305747f6a,2018-12,Essex Police,Essex Police,0.424733,51.515100,On or near Supermarket,E01015989,Thurrock 005A,Investigation complete; no suspect identified
7afaf891a9d2aa95b9613572fc2bfcb795ea0573c01dcdf8690a48f47b6787f0,2018-12,Essex Police,Essex Police,0.646057,51.548348,On or near LONDON ROAD,E01015913,Southend-on-Sea 008F,Investigation complete; no suspect identified
10662f89e4a8cdd31d8d031b1230773d04f91aebea204825e93e9169fb3406d6,2018-12,Essex Police,Essex Police,0.718716,51.575439,On or near MAGNOLIA WAY,E01021956,Rochford 007E,Investigation complete; no suspect identified
06c066a353539687b48bddbc2af67c55b15b5c3cc4e98f64877d992eab5a01ba,2018-12,Essex Police,Essex Police,0.904135,51.870191,On or near WYCH ELM,E01021637,Colchester 018A,Unable to prosecute suspect
874c9c0b47b1136cdeca3aca590e3b3aab23344bdde26173ff87978e10075d5a,2018-12,Essex Police,Essex Police,0.346505,51.496502,On or near MILFORD ROAD,E01015963,Thurrock 010A,Action to be taken by another organisation
bc26c5068d30d1a6cfa512677460e8e3ca67ae412906d6db9b2abd3dda02e7a9,2018-12,Essex Police,Essex Police,0.695119,51.541061,On or near Supermarket,E01015855,Southend-on-Sea 015E,Investigation complete; no suspect identified
bc0d7fab4e49a7c355fd6236a63cad1fe7e2d6a21a4f7c5d3d965bb395752729,2018-12,Essex Police,Essex Police,0.154664,51.759858,On or near FOSTER STREET,E01021768,Epping Forest 001A,Investigation complete; no suspect identified
0ec0686f772915ce654653a003884c9d1fedaaf4a68ce378ea0512a35f86ee69,2018-12,Essex Police,Essex Police,0.416509,51.623512,On or near Supermarket,E01021244,Basildon 004A,Local resolution
c368284a12cbe82c2483ee6ae896ff257ab651e9dcdeb6757accc2213fb467c6,2018-12,Essex Police,Essex Police,0.030912,51.623155,On or near KNIGHTON LANE,E01003744,Redbridge 001A,Investigation complete; no suspect identified
a3609ffe4848d56697e81c5ac8a578f9f9b5a21f5dad1ec0152b00dd65851eb5,2018-12,Essex Police,Essex Police,1.142493,51.807210,On or near SHEPPARD CLOSE,E01021976,Tendring 013B,Unable to prosecute suspect
5ce2a9f36c08defb87b7497fe6e4387a14e328aeb5aa5a33ed38a9451f199283,2018-12,Essex Police,Essex Police,0.291269,51.513800,On or near ORCHARD ROAD,E01015932,Thurrock 006A,Investigation complete; no suspect identified
05058ce7fa0d78a609ecc12ceba073588955c3d5ebf85954d8d9c6fd4303539d,2018-12,Essex Police,Essex Police,0.655273,51.546575,On or near CRANLEIGH DRIVE,E01015849,Southend-on-Sea 011E,Unable to prosecute suspect
1427e46d78083b872a02ad384e61b0329d09aa7994c5022b14702e6d6364f83e,2018-12,Essex Police,Essex Police,0.509570,51.580028,On or near BURGUNDY GARDENS,E01021303,Basildon 011B,Investigation complete; no suspect identified
773d5615f78a7283d25003fa60e64e29285e14961cd7fd26372ac5d46cfce176,2018-12,Essex Police,Essex Police,0.189821,51.702672,On or near MILL LANE,E01021800,Epping Forest 003C,Unable to prosecute suspect
dc63d698421a9f8ab0eeb56bd24b781e4a2da9e167d13b06ac9b5d4d5065d586,2018-12,Essex Police,Essex Police,0.838051,51.888038,On or near ALBERTINE CLOSE,E01021719,Colchester 012B,Suspect charged
b71318b8500c79500a8e18abbba83dfa73d3302f388d5ac4fdebd1ed33a36545,2018-12,Essex Police,Essex Police,0.655273,51.546575,On or near CRANLEIGH DRIVE,E01015849,Southend-on-Sea 011E,Unable to prosecute suspect
7069d3ab87ca1b150e14319db41bdcd28101bc2d7956f2a245fce6e9334a824c,2018-12,Essex Police,Essex Police,0.458240,51.569324,On or near Supermarket,E01021318,Basildon 015C,Local resolution
bb5f346829b3ddb9ca131c2ad1e6e2b8f3c3739481616c2bd0ebc978794f01a9,2018-12,Essex Police,Essex Police,0.771926,51.967399,On or near CAMBRIDGE WAY,E01021407,Braintree 002C,Unable to prosecute suspect
84c5d3a56e77df2eb0957a0cbff3028ce120447bd1d93b01d1c2070686d85b91,2018-12,Essex Police,Essex Police,0.072960,51.622348,On or near LEE GROVE,E01021751,Epping Forest 016C,Unable to prosecute suspect
540e4f8009664aaa15614308cbd30c7283929dd23acc4cca3b0bc461b16ce624,2018-12,Essex Police,Essex Police,0.487554,51.587907,On or near ZENITH,E01021267,Basildon 012B,Unable to prosecute suspect
89cb715c11294e076aa623bf7197126c9a8f305996020fb3e6ef3be0a174ae40,2018-12,Essex Police,Essex Police,0.483408,51.588112,On or near GARDINERS LANE SOUTH,E01021267,Basildon 012B,Investigation complete; no suspect identified
4b666ccb79787fef394cba03b6c9f0826aa418c0a491a426d9123309c7d22845,2018-12,Essex Police,Essex Police,1.279967,51.858705,On or near SPENDELLS CLOSE,E01022054,Tendring 006C,Unable to prosecute suspect
0b7eac5d4a3e9ad536aa05fb7ed1dc2bc50a085adb96acfe45eed8e43894dff7,2018-12,Essex Police,Essex Police,0.909931,51.873771,On or near NORMANDY AVENUE,E01021665,Colchester 016D,Unable to prosecute suspect
9d3ff641381d68c4926b6425b9aa628a8b5afc8ff3e595f10fb4fe678bcef536,2018-12,Essex Police,Essex Police,0.691411,51.607483,On or near ASHINGDON ROAD,E01021914,Rochford 002A,Unable to prosecute suspect
1a388bc8e97f9c7dc40a455ed856f856ebf64960f30f5dc9d337d14af329c723,2018-12,Essex Police,Essex Police,0.299223,51.619294,On or near HART STREET,E01021436,Brentwood 007B,Investigation complete; no suspect identified
640d0abb6db98ce2792429a617f85a63182ac80f9f84d49429994a84f4a9e9ff,2018-12,Essex Police,Essex Police,0.709726,51.539807,On or near COLLEGE WAY,E01015854,Southend-on-Sea 015D,Investigation complete; no suspect identified
5c50ab0b91b5d44ba1c190d19daf80342d779fa68d66169b0890b04d14c1ca64,2018-12,Essex Police,Essex Police,0.471125,51.745463,On or near FELL CHRISTY,E01021592,Chelmsford 006D,Unable to prosecute suspect
a45823dbe3d1302749f1f1217ff8ecd351c01acf9baf4b74082bf55b7eecbab1,2018-12,Essex Police,Essex Police,0.887444,51.865233,On or near SELBY CLOSE,E01033723,Colchester 015G,Unable to prosecute suspect
1d0fd0aacb611706c96d10eb774c5e06068c9c0f755a495e380d60f8b74c9512,2018-12,Essex Police,Essex Police,0.872165,51.869385,On or near JOHN KENT AVENUE,E01021711,Colchester 015A,Investigation complete; no suspect identified
af2f981fd37b87e01084a5e3637a9be261c367c6fe671b359acdb60208ab471a,2018-12,Essex Police,Essex Police,0.322759,51.475778,On or near HIGH STREET,E01015954,Thurrock 017D,Offender given a drugs possession warning
a7ff1cbf3733ff456c1b13b4ed88afd0a77d54a3f485996758e603f85204fb7a,2018-12,Essex Police,Essex Police,0.471125,51.745463,On or near FELL CHRISTY,E01021592,Chelmsford 006D,Unable to prosecute suspect
396e3f661e96e49c8da751b6acbb795279c4253d82e5cdda1578b2c370eade72,2018-12,Essex Police,Essex Police,0.697069,51.542572,On or near Parking Area,E01015900,Southend-on-Sea 010F,Investigation complete; no suspect identified
f59e5acd8f698f0329fc4d3a055298c52f30b0791d830262c863cf992fb61265,2018-12,Essex Police,Essex Police,0.888305,51.882741,On or near ERRINGTON ROAD,E01021652,Colchester 013B,Investigation complete; no suspect identified
498814400acc18699c7929e75b3e3427abb9ea4764b17b4fdc2fc9e65e0e5683,2018-12,Essex Police,Essex Police,0.927371,51.880326,On or near COLNE CAUSEWAY,E01021685,Colchester 011C,Unable to prosecute suspect
9afe19fb95ea5c52cef2532ee2d1ae27100f46b9f1676e589bd4df157fa34a8f,2018-12,Essex Police,Essex Police,0.425496,51.575285,On or near CHANCEL CLOSE,E01021290,Basildon 016D,Suspect charged
f71c26f1f58eace7851a4d2988561feb4e642d8d8178082047c3de916b413cef,2018-12,Essex Police,Essex Police,0.724922,51.532953,On or near Sports/Recreation Area,E01015842,Southend-on-Sea 014D,Investigation complete; no suspect identified
766195fe3deb1bc81090ac0f8a6e3d5149d94fd3915db9dea0f437c50c0d1a10,2018-12,Essex Police,Essex Police,0.092612,51.768596,On or near Theatre/Concert Hall,E01021872,Harlow 007E,Investigation complete; no suspect identified
0ec148186523d0a09edca60a71435b3e873e86661258cd26102f0005de598d81,2018-12,Essex Police,Essex Police,0.475706,51.730411,On or near Parking Area,E01033140,Chelmsford 010F,Suspect charged
b0e16013dcdc23c503e1d3977c8b7b9fc509e5aa8b0f91f214daa3e5eb2901e3,2018-12,Essex Police,Essex Police,0.624734,51.802629,On or near CROUCH DRIVE,E01021429,Braintree 016D,Investigation complete; no suspect identified
cbcd3a198a6ff5b12ba84f290a40fd94163b53f8ae0ca2f907dcc63bc4a559a4,2018-12,Essex Police,Essex Police,0.351137,51.953418,On or near BARNARDS FIELD,E01022093,Uttlesford 004B,Unable to prosecute suspect
c52f52c9405c61a4d0c8402f28cf979aa36d4be20be10c8d9fa528539b3fa52a,2018-12,Essex Police,Essex Police,0.425496,51.575285,On or near CHANCEL CLOSE,E01021290,Basildon 016D,Suspect charged
4e41c0aaa23d0156aa19d79f29d1714f93e978c847b2816169628a689f1dad3f,2018-12,Essex Police,Essex Police,0.896245,51.888706,On or near HEAD STREET,E01021649,Colchester 007D,Investigation complete; no suspect identified
7ff024b7b79dcca7a97b852543141af1805796ca32040dda5e0153617c7ecff6,2018-12,Essex Police,Essex Police,0.243726,51.480177,On or near OAKHILL ROAD,E01016013,Thurrock 015D,Unable to prosecute suspect
784685e19c1891b3ec5fcf0acab8f4924398508564e97c08d1c506e08646d796,2018-12,Essex Police,Essex Police,0.095357,51.767783,On or near Shopping Area,E01021872,Harlow 007E,Local resolution
b21dabd8a98e72346d315e9a1801ac7112c9328852c4e506599d2a2dd67e6a0f,2018-12,Essex Police,Essex Police,0.694982,51.535093,On or near SHOREFIELD GARDENS,E01015851,Southend-on-Sea 015A,Investigation complete; no suspect identified
d8ee5191703b38e2bcbd4bf66a517d0241c426ca83f193c037261ce7389680d4,2018-12,Essex Police,Essex Police,0.896245,51.888706,On or near HEAD STREET,E01021649,Colchester 007D,Suspect charged
5886287cd6eaafbc351f423b8e7659d69d6976c9e426949716f7e33b3aefb5b1,2018-12,Essex Police,Essex Police,0.242000,52.023440,On or near Shopping Area,E01022076,Uttlesford 002B,Investigation complete; no suspect identified
9a242b9f6c8525f3c6168aebf53e2f4b0f118d22016a0bdff82ad461b679f25e,2018-12,Essex Police,Essex Police,1.157068,51.789064,On or near ROSEMARY CRESCENT,E01022025,Tendring 016B,Unable to prosecute suspect
3b608ecddd2aab38a600b10c0cb61956718a5dcdbd4476cae55c34542bc1c7aa,2018-12,Essex Police,Essex Police,0.275564,51.489033,On or near Supermarket,E01016012,Thurrock 015C,Investigation complete; no suspect identified
7cfd637ed40856a0257ec6a40879b7b1dde4de940b184254aee1d1181848a0b6,2018-12,Essex Police,Essex Police,0.515670,51.574699,On or near CLARENDON ROAD,E01021314,Basildon 018B,Unable to prosecute suspect
a1133f0d564b92440dc5367df96cac919ca0242e922dadf627464d6c1a00f563,2018-12,Essex Police,Essex Police,-0.002165,51.686760,On or near Supermarket,E01021818,Epping Forest 009C,Investigation complete; no suspect identified
432125d47e3cea6b9996a2d3d7fc8356f1927127df390b1163328e848f38a276,2018-12,Essex Police,Essex Police,0.253461,51.507617,On or near TEVIOT AVENUE,E01015924,Thurrock 008C,Investigation complete; no suspect identified
7d15b07d1efb3d66415fdabb684fe1a7a118b644fe85a85aa3093c3e67bfa79e,2018-12,Essex Police,Essex Police,0.431405,51.568634,On or near ELIZABETH WAY,E01021288,Basildon 016B,Investigation complete; no suspect identified
ac4738a1deb8515732fd1ba549635df4068fae2409c1bc6eed4242e8510b94d7,2018-12,Essex Police,Essex Police,0.515670,51.574699,On or near CLARENDON ROAD,E01021314,Basildon 018B,Unable to prosecute suspect
5d79d3736bd2adb1f2a01f2162a43f28488f9c32329bc5c3e20e857fe75d3aac,2018-12,Essex Police,Essex Police,0.487554,51.587907,On or near ZENITH,E01021267,Basildon 012B,Investigation complete; no suspect identified
d4dc75b86a7baf091d503051b62bd33139f1603ccd251c3110cd1e60026520df,2018-12,Essex Police,Essex Police,0.749368,51.810697,On or near ST LUKE'S CHASE,E01021723,Colchester 020A,Investigation complete; no suspect identified
834bbfe06c42aafcb9d2b39891a7b63f7fd6208cf1e524147c313876843b22e7,2018-12,Essex Police,Essex Police,0.282488,51.487496,On or near Shopping Area,E01016011,Thurrock 015B,Local resolution
9aeb5641798cca50f54128e4823751c779de3b2ad648465deef9da8561d25aa8,2018-12,Essex Police,Essex Police,0.126116,51.776493,On or near FELMONGERS,E01021848,Harlow 002E,Unable to prosecute suspect
5b794d740c23436932a760a86389ae0e0192ed4db00e64aacb8539380bda9ab6,2018-12,Essex Police,Essex Police,0.426494,51.515154,On or near Supermarket,E01015989,Thurrock 005A,Suspect charged
f83ef9368764ba590402ca0021baa43a7bf0bb192a5fde7b932083457a247a01,2018-12,Essex Police,Essex Police,1.233363,51.930070,On or near CLAYTON ROAD,E01022028,Tendring 004F,Suspect charged
84420f2d7854ff90f59360dc31374b78a0b7b01a18f9356b6819c2fc68858740,2018-12,Essex Police,Essex Police,0.126116,51.776493,On or near FELMONGERS,E01021848,Harlow 002E,Unable to prosecute suspect
0f9bcb7cd35c74e85406ca6efaf60775927d0cd3e8781a8a297f42fc460f5fa8,2018-12,Essex Police,Essex Police,0.416509,51.623512,On or near Supermarket,E01021244,Basildon 004A,Investigation complete; no suspect identified
4572dfe84fd68bba634a481a084252c0ee6742e2ec45befe76951fa609288b7a,2018-12,Essex Police,Essex Police,0.456432,51.744611,On or near THE GREEN,E01021576,Chelmsford 006A,Investigation complete; no suspect identified
625b0839d7c3730df2d4e4704c1a582c6ae6440d523d2ea3f5ba6f13997b7129,2018-12,Essex Police,Essex Police,0.715320,51.534677,On or near Shopping Area,E01015852,Southend-on-Sea 015B,Suspect charged
0597ca6e7ccbf5acc3ba8c80aea6c240c5dd6677a2e644a00fd8eb24afbef5c4,2018-12,Essex Police,Essex Police,0.387674,51.674463,On or near KINGFISHERS,E01021458,Brentwood 002B,Investigation complete; no suspect identified
eb4d914c99ae512e5c1f9e36e4ac71e8249755065206733400b9b76876fda0ee,2018-12,Essex Police,Essex Police,0.707721,51.582771,On or near OLD SHIP LANE,E01021955,Rochford 004D,Investigation complete; no suspect identified
e30d440c3ab4002a90a032e898333330a362f5d9ca9acaec6447f64631e68786,2018-12,Essex Police,Essex Police,0.137036,51.739758,On or near M11,E01021768,Epping Forest 001A,Offender given a caution
3d86573bbbb365a50c41e36ab7b267e7554206578750cf7e5b5cfd6073b167e9,2018-12,Essex Police,Essex Police,0.417763,51.628072,On or near TANFIELD DRIVE,E01021253,Basildon 004B,Investigation complete; no suspect identified
2bb54bf00cba5ddcb8b845ff57d6becbb1f470fd979fe32c12c47f40f30501f9,2018-12,Essex Police,Essex Police,0.335461,51.484807,On or near Petrol Station,E01015960,Thurrock 014A,Investigation complete; no suspect identified
2030d42d8de70187fff0c079c4fef5ef63163caade7863397a6d0fa12032fbb8,2018-12,Essex Police,Essex Police,0.428231,51.519354,On or near SOUTHEND ROAD,E01015989,Thurrock 005A,Investigation complete; no suspect identified
377319583670825855a5340ba35ff840291e479b2b9deed9f4b0912238aca0c3,2018-12,Essex Police,Essex Police,0.255495,51.498900,On or near HIGH STREET,E01015921,Thurrock 015A,Investigation complete; no suspect identified
7f2881099b2638219cdbb53daba487824cc651bc81deb5c3ad03cf47b3baf88c,2018-12,Essex Police,Essex Police,0.887444,51.865233,On or near SELBY CLOSE,E01033723,Colchester 015G,Unable to prosecute suspect
c8d31674b9dfe8aa81856b7f476fe182d6264ad2488e3e812452e26893544903,2018-12,Essex Police,Essex Police,0.417763,51.628072,On or near TANFIELD DRIVE,E01021253,Basildon 004B,Investigation complete; no suspect identified
eaba45b40638571f0cde9f96c1517c89a2220f23243bac1e065b90d0373d0590,2018-12,Essex Police,Essex Police,0.054922,51.637197,On or near DUNMOW CLOSE,E01021785,Epping Forest 014D,Local resolution
40cdfd764bf5c58f150e27548ea26e507a13fb8620b1d46f29fee325067385f4,2018-12,Essex Police,Essex Police,0.311048,51.902316,On or near WATER LANE,E01022095,Uttlesford 006D,Investigation complete; no suspect identified
ede7c9f94039de6bbd5b7306298e5cda169c7ff0cabf71ffe2ee62f080bb7746,2018-12,Essex Police,Essex Police,0.522068,51.615166,On or near ELM ROAD,E01021334,Basildon 005A,Unable to prosecute suspect
a0eb481efcbda51d9843a5f63b63b5606622990cdc3e257ddff8056b371ed820,2018-12,Essex Police,Essex Police,0.270445,51.486039,On or near Parking Area,E01016012,Thurrock 015C,Investigation complete; no suspect identified
f8b2e7fda63979924c5b0ea7fa573922fdc032cc256b67f906ff35be0bfd2d6d,2018-12,Essex Police,Essex Police,0.684702,51.545167,On or near LONDON ROAD,E01015832,Southend-on-Sea 012F,Investigation complete; no suspect identified
4db2a628921ea94b09649545fe5d22e66b965b8a533c28930e40c4eb655f593d,2018-12,Essex Police,Essex Police,0.258173,51.868632,On or near DUNMOW ROAD,E01022091,Uttlesford 006C,Investigation complete; no suspect identified
d9a0fd978d0e298aa644f8b9ec8aba773e52106facac584fa5c9124cff1bb262,2018-12,Essex Police,Essex Police,0.678530,51.543969,On or near Parking Area,E01015832,Southend-on-Sea 012F,Investigation complete; no suspect identified
2985b1fe740bf64a4dcbdbb8935a857012ce51619cf9ae2d8887462440f6b3eb,2018-12,Essex Police,Essex Police,0.655050,51.548451,On or near Supermarket,E01015814,Southend-on-Sea 003A,Investigation complete; no suspect identified
84b871523bedad77047db3b994e7ed6a3c9da6a397d07a7a1cd546d2bde13472,2018-12,Essex Police,Essex Police,0.480677,51.724659,On or near VAN DIEMAN'S LANE,E01021577,Chelmsford 012B,Investigation complete; no suspect identified
f9c32c115d3edb6f156271f0fc91bd7c5671a6a1513a7ffe65d416c91455460c,2018-12,Essex Police,Essex Police,0.923784,51.906317,On or near Police Station,E01021670,Colchester 002C,Unable to prosecute suspect
f0bb4e435038627d6b6ec1ebfd9be320d6dc28f8ce72bd21402794f302ffe4a8,2018-12,Essex Police,Essex Police,0.923784,51.906317,On or near Police Station,E01021670,Colchester 002C,Unable to prosecute suspect
c5f9eedb8ec953d6e03862e6d34170a116d0070474642dcd909dfe333a2d966f,2018-12,Essex Police,Essex Police,0.923784,51.906317,On or near Police Station,E01021670,Colchester 002C,Unable to prosecute suspect
69a62be1659ffb6ae40ce5359232d6a23e1ad06b3a0279ec8cb30870e6b6edcb,2018-12,Essex Police,Essex Police,0.912593,51.875387,On or near STALIN ROAD,E01021665,Colchester 016D,Unable to prosecute suspect
e57e35a58223c705cb8fbb653e8c9ee76211d557964fb63eb0e0f34fc61aa6ee,2018-12,Essex Police,Essex Police,0.258173,51.868632,On or near DUNMOW ROAD,E01022091,Uttlesford 006C,Unable to prosecute suspect
0966eb3b7304a27019d8d4ce009c3a42b56093ae4f177e4c5b6004802dc0abf4,2018-12,Essex Police,Essex Police,0.714495,51.537781,On or near CHICHESTER ROAD,E01015852,Southend-on-Sea 015B,Investigation complete; no suspect identified
bb3958d23d56ba440c8f066cae917f8000ca6594fea64a38be43e42a456e7622,2018-12,Essex Police,Essex Police,0.261520,51.480906,On or near Pedestrian Subway,E01016012,Thurrock 015C,Suspect charged
72e31a248c3acc1e198091e2806aa00cc2378d4b5c9433b32d5c0a487d4683aa,2018-12,Essex Police,Essex Police,0.689585,51.544327,On or near SHOE LANE,E01015831,Southend-on-Sea 012E,Investigation complete; no suspect identified
c4f69faa09447f8f5fa596d88d8853f7ffbca64061d92e669b25a72caf85f787,2018-12,Essex Police,Essex Police,0.115905,51.754681,On or near REGENCY COURT,E01021837,Harlow 008E,Unable to prosecute suspect
475876b527ed02f5807a24ffb6688d58657813d047514958d41b1b1cbf38da70,2018-12,Essex Police,Essex Police,0.336191,51.475134,On or near CHURCH STREET,E01015962,Thurrock 016E,Investigation complete; no suspect identified
8c7126fc5819a4be7fe20b24aa953d3eefa7154a6b4a47c3a24cad7c906c7840,2018-12,Essex Police,Essex Police,1.286649,51.946087,On or near WEST STREET,E01021997,Tendring 001A,Unable to prosecute suspect
833303475bd3b2589165b41c15a9c481d26081e4c425171f05fa2c65912081c4,2018-12,Essex Police,Essex Police,0.917521,51.924991,On or near SEVERALLS LANE,E01033720,Colchester 002F,Unable to prosecute suspect
bc2fe4a7b6379e828b5cbac69361876f17d10c1bbabf0ad3af7cae1c6b9a32ca,2018-12,Essex Police,Essex Police,0.502267,51.562719,On or near Supermarket,E01021310,Basildon 022B,Investigation complete; no suspect identified
5ad7c98f4182e821843a17a700817f4301088ff784a78254a87c0dc64c416ad6,2018-12,Essex Police,Essex Police,0.673477,51.775477,On or near BACK LANE,E01021912,Maldon 002C,Investigation complete; no suspect identified
28e03330ab22dcff4f57cc9ce16c3791755d11ad5f306bd2ff52119a11ba6150,2018-12,Essex Police,Essex Police,0.351137,51.953418,On or near BARNARDS FIELD,E01022093,Uttlesford 004B,Unable to prosecute suspect
b4a74b253ab87a7e01f28bce0a510ec2ebf0205a9b238c931d05968e3c1099de,2018-12,Essex Police,Essex Police,0.441401,51.623203,On or near STUART WAY,E01021241,Basildon 003C,Investigation complete; no suspect identified
66d61a5a026a373832a702c1a0798778b63c2a5e2c7a48b26958815bbcb2126d,2018-12,Essex Police,Essex Police,0.447427,51.565755,On or near INGAWAY,E01021298,Basildon 017D,Formal action is not in the public interest
57a4662d72cb517106ae41837add2f9c9372de51dd180a480481f1b28348f9d4,2018-12,Essex Police,Essex Police,0.447427,51.565755,On or near INGAWAY,E01021298,Basildon 017D,Formal action is not in the public interest
c01798c0010d264f71a121dd6463a834be40975a48accd8ad6eefc44c22a09f2,2018-12,Essex Police,Essex Police,0.708721,51.585257,On or near MALTING VILLAS ROAD,E01021955,Rochford 004D,Unable to prosecute suspect
848259378cca2a26a98ce24994b1ac6feb8a25570f81e17a925b3b45baf9769c,2018-12,Essex Police,Essex Police,0.708721,51.585257,On or near MALTING VILLAS ROAD,E01021955,Rochford 004D,Unable to prosecute suspect
932cd776fc4a02e042d795b735376dd726d53d513cbdad34b3e14a79d6b4d515,2018-12,Essex Police,Essex Police,0.027158,51.682499,On or near HARRIER WAY,E01021810,Epping Forest 008D,Investigation complete; no suspect identified
64f1773eef81ba8ea743a5c1ea65db249ad8a5b5e086f4cb7a4e9fad1711c2d6,2018-12,Essex Police,Essex Police,0.073653,51.758762,On or near CHURCH END,E01021832,Harlow 009C,Investigation complete; no suspect identified
d8d8c7195e4d5221a952a1acbe3d13c3472e8d8ac7c36aee7833d9d37143afa3,2018-12,Essex Police,Essex Police,0.447427,51.565755,On or near INGAWAY,E01021298,Basildon 017D,Formal action is not in the public interest
e2b68c4c7162475e009b4740e9503910962550972427ced9563efd4ffab351a0,2018-12,Essex Police,Essex Police,0.693771,51.535831,On or near PALMEIRA AVENUE,E01015851,Southend-on-Sea 015A,Investigation complete; no suspect identified
e926f54c5ec9c971cc39de968d3d1786bf2cf3f372f2b3f721fa876fb31e8074,2018-12,Essex Police,Essex Police,0.447427,51.565755,On or near INGAWAY,E01021298,Basildon 017D,Formal action is not in the public interest
08d7438f3d1dfc373d59c91b0bbf63492fbe436654ec9ce8112806682529d66e,2018-12,Essex Police,Essex Police,0.891098,51.910633,On or near OLD ROSE GARDENS,E01021681,Colchester 004C,Investigation complete; no suspect identified
602e03a59739f58b754618727157edb662f3c8a74fc26d170026ffc63797750f,2018-12,Essex Police,Essex Police,0.666063,51.548327,On or near GRASMEAD AVENUE,E01015821,Southend-on-Sea 005B,Investigation complete; no suspect identified
e419525c313ea9bd0af5d606c53132c3fc24f2ee104c82460ad1b7f48082858b,2018-12,Essex Police,Essex Police,0.339069,51.953380,On or near BOLFORD STREET,E01022092,Uttlesford 004A,Unable to prosecute suspect
ff456727071977dd6584bc5a4a5ea863fc54a62d6fc7115a713a4cbf77fccb3f,2018-12,Essex Police,Essex Police,0.477608,51.733690,On or near Supermarket,E01033141,Chelmsford 010G,Unable to prosecute suspect
0c21ca2924ebaa85721660d3f7ae9102cbdde4bfb7363d48e14aba26837c2786,2018-12,Essex Police,Essex Police,0.667864,51.541388,On or near WOODFIELD ROAD,E01015829,Southend-on-Sea 012C,Investigation complete; no suspect identified
c2e791c04b817a64cbb987bee69df022229fc8ee93ffe9c0eb5be4c93e211e4b,2018-12,Essex Police,Essex Police,0.616344,51.891641,On or near SARCEL,E01021380,Braintree 012E,Unable to prosecute suspect
a60c24bb8c60f9123bdaa73d694c51ab4fe9a7597f68b6dd531172e8590cb5a5,2018-12,Essex Police,Essex Police,0.634446,51.943649,On or near BRIDGE STREET,E01021387,Braintree 004A,Unable to prosecute suspect
d1ebd4f577acbf634a9645f7fc1cf2d8019dc9e68424a11e9a0f23e8159499d2,2018-12,Essex Police,Essex Police,0.506111,51.736026,On or near Village Square,E01021548,Chelmsford 013A,Investigation complete; no suspect identified
fcd4371f3a6326f17b43ecffb93fe7df82bd1886ef2c3e00d2070f1ba8e56a5f,2018-12,Essex Police,Essex Police,0.906038,51.881899,On or near WOLFE AVENUE,E01021683,Colchester 011A,Unable to prosecute suspect
52e4ebf3780f72f99d2119613088ca7b3bf9cef7011367bb7a4e474150acc0ac,2018-12,Essex Police,Essex Police,0.152350,51.784324,On or near RODEN CLOSE,E01021857,Harlow 001D,Investigation complete; no suspect identified
15d0d8176d36d09800b00d464bdfe23ffc88b2957e79b8d630fe84d2e4fdc322,2018-12,Essex Police,Essex Police,0.505311,51.717643,On or near JEFFERY ROAD,E01021560,Chelmsford 013B,Unable to prosecute suspect
0d27165bba77af1ba0e0a4f5f17231a6b8994d0bea8d90e6cba6bbd5a8d43111,2018-12,Essex Police,Essex Police,0.630042,51.806854,On or near SAXON DRIVE,E01021426,Braintree 015E,Suspect charged
73cb84893c3776efdc117b11b3530dfda48b4dcb580d28f6ee5d9739d147a8a0,2018-12,Essex Police,Essex Police,0.554550,51.565657,On or near NORTHERN AVENUE,E01021477,Castle Point 003B,Unable to prosecute suspect
cd8cbfb1a08be85e5c56d4f3158cd50c2cc59cc713b2e1a290a22a0554d606d0,2018-12,Essex Police,Essex Police,0.475706,51.730411,On or near Parking Area,E01033140,Chelmsford 010F,Suspect charged
0e6de7af70b73617dbbc6bdf0563dfe21b6ded495106bb67bbe69b43e88f6501,2018-12,Essex Police,Essex Police,0.630042,51.806854,On or near SAXON DRIVE,E01021426,Braintree 015E,Suspect charged
73badb35e3e226b530903d61b9738a416fe5651f4bda2a8c8a92905ec3d56bd8,2018-12,Essex Police,Essex Police,1.223747,51.848891,On or near SHUMS HILL,E01022009,Tendring 008E,Investigation complete; no suspect identified
baf028362906891f89971914571760570154f03a7a109c679c1c574c98bc84d1,2018-12,Essex Police,Essex Police,0.630042,51.806854,On or near SAXON DRIVE,E01021426,Braintree 015E,Suspect charged
17e2f629c19b01e1c92d25dc7a159dc5517aab0bc504e4e49617e7ba84ef5abc,2018-12,Essex Police,Essex Police,0.505311,51.717643,On or near JEFFERY ROAD,E01021560,Chelmsford 013B,Unable to prosecute suspect
c4ef55ee809d25e883f82352f1245fe1060109c820282c7d0676e151db449639,2018-12,Essex Police,Essex Police,0.700260,51.549937,On or near FAIRFAX DRIVE,E01015862,Southend-on-Sea 004F,Unable to prosecute suspect
163db9fc8c0194315cd86899e1e06301b4b1fd0b90bef37cfd951fff8f28124a,2018-12,Essex Police,Essex Police,0.513639,51.579743,On or near BRECON CLOSE,E01021309,Basildon 011E,Investigation complete; no suspect identified
e36ff52b2e5ecedbbb56c615c90433d79a3a2d628a6a3554d92b7a410fedfb5f,2018-12,Essex Police,Essex Police,0.273726,51.648190,On or near ASHWELLS ROAD,E01021463,Brentwood 006C,Unable to prosecute suspect
2b70774c061c90d26896a5c57cbea5b9633a433c6d6ad337b70687a3dca36768,2018-12,Essex Police,Essex Police,0.294809,51.614273,On or near ROLLASON WAY,E01021439,Brentwood 007C,Unable to prosecute suspect
ec4e633da717ad410f7191197f0d4a8fa65a67a69fd0fd368de068ba7caa19a4,2018-12,Essex Police,Essex Police,0.635152,51.816857,On or near VIRGIL ROAD,E01021418,Braintree 015C,Unable to prosecute suspect
252d674c6311a3fe3037a587e37890b481b65cab30c0f47692ef6c9365046310,2018-12,Essex Police,Essex Police,1.249146,51.930229,On or near AINGER ROAD,E01022004,Tendring 004D,Unable to prosecute suspect
0f5074b121e863f9bd2131e6ef296d3ddf76fa9868c3cdfda62ed387908ccb58,2018-12,Essex Police,Essex Police,0.477311,51.732761,On or near HIGH BRIDGE ROAD,E01033140,Chelmsford 010F,Investigation complete; no suspect identified
b7e9441b528d7afd623b5b9ac02c837423bcfcfcbec313cc36dc17af9a8ebe92,2018-12,Essex Police,Essex Police,0.704330,51.536118,On or near CAMBRIDGE ROAD,E01015853,Southend-on-Sea 015C,Investigation complete; no suspect identified
6bdb0af28bb650d12cc8c5acb6c799be53fb41a190aa6a4f7102733221d69e10,2018-12,Essex Police,Essex Police,0.591648,51.564861,On or near SWALE ROAD,E01021511,Castle Point 002C,Unable to prosecute suspect
5e59acab70747091977e0c58b232c123cc645eb4785f7195f3dfc333fb08cea7,2018-12,Essex Police,Essex Police,0.428101,51.580843,On or near ARNE MEWS,E01021274,Basildon 010D,Unable to prosecute suspect
b43caa7069b764245de5f6b8d457551da4ed1f1144e7206516de7a7437e7e90b,2018-12,Essex Police,Essex Police,0.644380,51.815849,On or near POPLAR CLOSE,E01021419,Braintree 015D,Suspect charged
7ac717dd0fdadfc299ef71240c881f35290ab233888143be46546316244e72f4,2018-12,Essex Police,Essex Police,0.591648,51.564861,On or near SWALE ROAD,E01021511,Castle Point 002C,Unable to prosecute suspect
956a313a4873b4844e4616aa4090a4e4af903599923f76c3b9cc767d4cbd3c4e,2018-12,Essex Police,Essex Police,0.709557,51.538651,On or near NAPIER AVENUE,E01015854,Southend-on-Sea 015D,Investigation complete; no suspect identified
980986f2613666a0f30e31e4156108e7346d0f9f6b3c8ab5c5a1b17bcbb75f2f,2018-12,Essex Police,Essex Police,0.471163,51.714310,On or near MAGNOLIA CLOSE,E01021586,Chelmsford 015E,Unable to prosecute suspect
a37850b2a0b65e3015e24315b2012984cbed111ee43f571c290d5d6b9d2a877d,2018-12,Essex Police,Essex Police,0.900713,51.890601,On or near WILLIAM'S WALK,E01021649,Colchester 007D,Investigation complete; no suspect identified
27e20905be74082c720100631f701643f9dda9c20c11170105b372b5b1bee6fd,2018-12,Essex Police,Essex Police,0.462186,51.721478,On or near Petrol Station,E01021556,Chelmsford 012A,Investigation complete; no suspect identified
e4b01a24fade17661aaf59236e5960aa1ab9197be2d9de74d66bfb63b64e14ea,2018-12,Essex Police,Essex Police,0.592050,51.522960,On or near WAARDEN ROAD,E01021498,Castle Point 011B,Unable to prosecute suspect
88aef1fb5d5dfea3b325badde3c8d5058bb692498003d634e42177c75b050871,2018-12,Essex Police,Essex Police,0.859481,51.883112,On or near HEATHER DRIVE,E01021691,Colchester 014C,Investigation complete; no suspect identified
3b4e01db1e4409c7dd616b260a55abbfd11d647bc5fea86335045b21cf2d8a21,2018-12,Essex Police,Essex Police,0.717736,51.534325,On or near HERBERT GROVE,E01015852,Southend-on-Sea 015B,Suspect charged
9e8d1c9936f4d6df41ed9d479f375cc0abdfd1cf350c4b9d34946a9928608bc5,2018-12,Essex Police,Essex Police,0.300242,51.620299,On or near Nightclub,E01021433,Brentwood 007A,Unable to prosecute suspect
bfdeb39bb8617dda2dc8fcbd73d34ebd82a71ebabeb42ad147a48a11cdcdf6f7,2018-12,Essex Police,Essex Police,0.717736,51.534325,On or near HERBERT GROVE,E01015852,Southend-on-Sea 015B,Suspect charged
16ad01a257b2d6998e3d54550a2c3300a85147809bbd9ee70a0d7a29902bd516,2018-12,Essex Police,Essex Police,0.322355,51.479168,On or near Grays Police Station,E01015956,Thurrock 016B,Formal action is not in the public interest
e433a406b5457677b9596b291c75eb7e492b5980ec608467f525001a99401d25,2018-12,Essex Police,Essex Police,0.570229,51.878458,On or near WOODLANDS,E01021370,Braintree 011B,Investigation complete; no suspect identified
a7be61a1be8a47314fda7dcd839f0ec846d184e5a3becf19b88a63e16addca59,2018-12,Essex Police,Essex Police,0.247167,51.934263,On or near THE CHASE,E01022062,Uttlesford 005A,Investigation complete; no suspect identified
ca1ad557784e79bda8bdfccaeb6844a63cd8a5831c3b47d07366397062b46693,2018-12,Essex Police,Essex Police,1.105809,51.822522,On or near HEATH ROAD,E01022047,Tendring 018E,Investigation complete; no suspect identified
ee68f6a57f861fdbc41d5588b45930f719e2daa92c2c9c39740dbeb09f725d79,2018-12,Essex Police,Essex Police,0.422936,51.615870,On or near WINDMILL HEIGHTS,E01021258,Basildon 004E,Investigation complete; no suspect identified
97837ccca71a27851c82a084a3f717db8e4f853b5603c4db61fb03c502a4e181,2018-12,Essex Police,Essex Police,0.700166,51.552736,On or near JONES CLOSE,E01015861,Southend-on-Sea 004E,Suspect charged
1fb48d62aa0157af7ca61c508c31ac69a6a8bb8a7904fe7ac9bc78e5b9edcb58,2018-12,Essex Police,Essex Police,0.363030,51.462221,On or near Parking Area,E01016010,Thurrock 018H,Investigation complete; no suspect identified
bfa3823cea9587ca9616ad3ca03f824158116e900df4ec1fa0d70e28bc9b7560,2018-12,Essex Police,Essex Police,0.288839,51.488037,On or near FLEMING ROAD,E01015982,Thurrock 019A,Investigation complete; no suspect identified
052d99c895472bb45dfa69be62a761bfd6be7b8774fe55bd41a7e8c18017fbde,2018-12,Essex Police,Essex Police,0.902256,51.864473,On or near RIDGEWELL WAY,E01021638,Colchester 018B,Unable to prosecute suspect
ee2821744c59f46ed8e9c68d5cafd8c2a8b313faf91a57bba14ce2c3d1d23fe0,2018-12,Essex Police,Essex Police,0.513079,51.738917,On or near WHITMORE CRESCENT,E01021545,Chelmsford 008B,Investigation complete; no suspect identified
31b658721f249914c08c8d7f854ae72ced95d116fdea4a6423c5730a9a5938f8,2018-12,Essex Police,Essex Police,0.538076,51.878752,On or near Petrol Station,E01021358,Braintree 008C,Investigation complete; no suspect identified
2c49ef1c65a4f26dd2f3a0c7feb3b6d5e37971ed8ba370e7979905a606d20ac4,2018-12,Essex Police,Essex Police,0.447128,51.753915,On or near NICKLEBY ROAD,E01021600,Chelmsford 003D,Investigation complete; no suspect identified
586d9a53555f71cefaf514cc8568f488145d5df8cd448008734882ed4b4283ce,2018-12,Essex Police,Essex Police,0.902192,51.889423,On or near ST NICHOLAS STREET,E01021649,Colchester 007D,Unable to prosecute suspect
bd89ebcd821c5b460e81592f6e36d561d6c55269c8c6ce85b97d3bd98a9c75d7,2018-12,Essex Police,Essex Police,0.902256,51.864473,On or near RIDGEWELL WAY,E01021638,Colchester 018B,Unable to prosecute suspect
505434dbf02a9b6f9593ca1ae52247ae30491faa689ac9c208816abd7b42cd83,2018-12,Essex Police,Essex Police,0.902192,51.889423,On or near ST NICHOLAS STREET,E01021649,Colchester 007D,Suspect charged
f29b984ad88b6daf5571ec8baa6f15347ae744d31b50249f7381404067f2e03f,2018-12,Essex Police,Essex Police,0.521403,51.613859,On or near Pedestrian Subway,E01021334,Basildon 005A,Unable to prosecute suspect
22896af6f74dc59836002933093b0e2e0b667738c7dce950afa422f9b1ced830,2018-12,Essex Police,Essex Police,0.928443,51.881388,On or near CAELUM DRIVE,E01033719,Colchester 008G,Unable to prosecute suspect
cb2341e513b0d1e1c5044e8256a6f5bc22f9f8cfbaa67179628cb4b5662f960e,2018-12,Essex Police,Essex Police,0.714390,51.538674,On or near Parking Area,E01015852,Southend-on-Sea 015B,Unable to prosecute suspect
173ef01ec20e27e78bdea2dc144dd9e7a745caa1ee20e29d0269eecf4b351c81,2018-12,Essex Police,Essex Police,0.521403,51.613859,On or near Pedestrian Subway,E01021334,Basildon 005A,Unable to prosecute suspect
32ebf29b85127129d64c5b8faab7488e3df5689b95db4f50fe29cf35d1798368,2018-12,Essex Police,Essex Police,0.902706,51.887692,On or near VINEYARD STREET,E01021649,Colchester 007D,Investigation complete; no suspect identified
a9cbd0546146740a34cefd555cc49308b9d15e62e25b78ff8b38cae53eb17da1,2018-12,Essex Police,Essex Police,0.428740,51.636902,On or near DUKES ROAD,E01021239,Basildon 003A,Investigation complete; no suspect identified
89ae64e51b02ff189ee3e4dabd2fbb034a7389af8f6cbdf34e2f415f7f9615a9,2018-12,Essex Police,Essex Police,0.611436,51.584316,On or near QUEENS ROAD,E01021950,Rochford 008A,Investigation complete; no suspect identified
9b044be0fb81a00ea48f9c634bd97a6f68785308f803ccb37f763179fbe4ae10,2018-12,Essex Police,Essex Police,0.663180,51.719502,On or near Petrol Station,E01021896,Maldon 005D,Investigation complete; no suspect identified
ed7344e5a1c6306cdf9e22c29f59c91deb9f3fe485cdc74332ab6962a47ce54e,2018-12,Essex Police,Essex Police,0.364345,51.459532,On or near NEWTON ROAD,E01016004,Thurrock 018B,Unable to prosecute suspect
4488d2571b9c21417f5c166cbcf7968f3e98971e20abaffecff9cbf69fedfaa9,2018-12,Essex Police,Essex Police,0.422936,51.615870,On or near WINDMILL HEIGHTS,E01021258,Basildon 004E,Investigation complete; no suspect identified
1bd5decf24b1fe5d774f79309852cc7e7201b3b6a4b0485320a70d28b3892488,2018-12,Essex Police,Essex Police,0.896698,51.906358,On or near KNEVETT CLOSE,E01021680,Colchester 004B,Investigation complete; no suspect identified
d8dd4e670cea193d626c58ed0beb8c80c17131cfb9e2321a97535a6dd70a3c99,2018-12,Essex Police,Essex Police,0.681250,51.729047,On or near AMERICA STREET,E01021890,Maldon 004B,Investigation complete; no suspect identified
384c7466601b830605d4216072d7f5fb62baaf9991405185c8da3d079056e5f8,2018-12,Essex Police,Essex Police,0.716101,51.542466,On or near GUILDFORD ROAD,E01015895,Southend-on-Sea 010A,Investigation complete; no suspect identified
0f4b57dc77df0dea9494a3efd1f17e6cd2bc539cddedc432400434d24a73a13c,2018-12,Essex Police,Essex Police,0.907243,51.883911,On or near MILL STREET,E01021686,Colchester 011D,Unable to prosecute suspect
8ec535ed2e8bfa6d88c9a10703e336f8fa32cd18fbddcc3d7b4998b6e00cf61b,2018-12,Essex Police,Essex Police,0.725368,51.539211,On or near STANIER CLOSE,E01015839,Southend-on-Sea 014A,Unable to prosecute suspect
cdcbec6414cd5c74efbae71435d369adf573b94db663c790d4b2ab6335fb3454,2018-12,Essex Police,Essex Police,0.496220,51.564538,On or near SANDON ROAD,E01021328,Basildon 022E,Unable to prosecute suspect
df6214ba301302b04348ebd884c28be2c652decf0c962a2f031dc19af4b034e4,2018-12,Essex Police,Essex Police,0.696993,51.544706,On or near WEST ROAD,E01015900,Southend-on-Sea 010F,Unable to prosecute suspect
a4c7ca87b80a8f4298e0fd5664b5c84b0023efde2855cb01ebd5c0a9fa170e8d,2018-12,Essex Police,Essex Police,0.496301,51.758537,On or near BARN GREEN,E01021616,Chelmsford 004A,Investigation complete; no suspect identified
360033ffa4a73386356e3052a3d40b39f897744401330b2d8400a43f60f56e4c,2018-12,Essex Police,Essex Police,0.082897,51.648143,On or near VERE ROAD,E01021776,Epping Forest 011C,Unable to prosecute suspect
505de85d8f0c97213700573eb2af3cdaeba399d01a9f224cc0b5d0f990efa7f1,2018-12,Essex Police,Essex Police,0.295027,51.633747,On or near HIGHGROVE,E01021461,Brentwood 004D,Investigation complete; no suspect identified
8f5963af85239f617906fcd6ec65602d31c305592937d8ca6cf50f3afe504a77,2018-12,Essex Police,Essex Police,0.103241,51.776194,On or near SCHOOL LANE,E01021853,Harlow 003E,Investigation complete; no suspect identified
a80439e2bf9b472cd56ba5b7e1904f9b707b1b4c84680cda4200e332507faa77,2018-12,Essex Police,Essex Police,0.777091,51.530047,On or near THORPEDENE GARDENS,E01015918,Southend-on-Sea 017E,Investigation complete; no suspect identified
37f4b34e822e96c0082976ec1600a7f9e227a182afb5db1b49c18e858d1fb151,2018-12,Essex Police,Essex Police,0.496739,51.758087,On or near CROFT COURT,E01021616,Chelmsford 004A,Investigation complete; no suspect identified
fd51d6ca5b5b4926d11c25469df69ba30e22d4db8322e711b05a2461eb0072a5,2018-12,Essex Police,Essex Police,0.430138,51.637377,On or near THE GROVE,E01021239,Basildon 003A,Investigation complete; no suspect identified
5d112bdcfe5a2b5f696767c205c7e5768b6672ad5ae067df7207ed619978ecc8,2018-12,Essex Police,Essex Police,0.496220,51.564538,On or near SANDON ROAD,E01021328,Basildon 022E,Unable to prosecute suspect
0d1099c783e24ddae5c63c71ecbdd5e8a94302814992aeae54f2d51266093578,2018-12,Essex Police,Essex Police,0.482633,51.575232,On or near GOLDHANGER CROSS,E01021270,Basildon 012D,Investigation complete; no suspect identified
7f5b8868301c5e4724f87e21a841fd3bad5f7268d27e02456cae49f69b9cf4a2,2018-12,Essex Police,Essex Police,0.683307,51.558231,On or near NORTHVILLE DRIVE,E01015859,Southend-on-Sea 004C,Investigation complete; no suspect identified
98ef5133f07c2f53aec1dbcd5c9efb01a377d8a4730669989d40b84c75b25a39,2018-12,Essex Police,Essex Police,0.897825,51.889081,On or near CULVER STREET WEST,E01021649,Colchester 007D,Unable to prosecute suspect
05bcd5969a28ae16eedf748daa0e12e5a5101e22ad97f3bb97df47515f2ab13c,2018-12,Essex Police,Essex Police,0.715963,51.544987,On or near GREYHOUND WAY,E01015898,Southend-on-Sea 010D,Unable to prosecute suspect
fcd7163a68929f14019537385518980af2a48a0a21572ff50ca8d5047668af29,2018-12,Essex Police,Essex Police,0.462457,51.585127,On or near Nightclub,E01021268,Basildon 015B,Unable to prosecute suspect
d1a4acdc6b35b7b992a061f733fe7f877ab4a83ce29567c9836cca53529f99ef,2018-12,Essex Police,Essex Police,0.441819,51.569883,On or near FALSTONES,E01021287,Basildon 017A,Investigation complete; no suspect identified
c9b5ac24093aab0210ab40f20ecb9e4cf6b0ef6980c3bb89113189691d047a50,2018-12,Essex Police,Essex Police,0.430906,51.579292,On or near ELGAR CLOSE,E01021279,Basildon 010E,Investigation complete; no suspect identified
0b84b23810b4c9f11238e8df09e5853df0b89350f81d693b2aa7c8c83e5aa59a,2018-12,Essex Police,Essex Police,0.379596,51.668260,On or near BARRINGTON PLACE,E01021459,Brentwood 002C,Investigation complete; no suspect identified
9b33371f0066a56c46e5e675dbaeabcb2f88686537315ea00e9cb11bbb917e48,2018-12,Essex Police,Essex Police,0.232629,51.482098,On or near HARRISONS WHARF,E01016014,Thurrock 015E,Investigation complete; no suspect identified
68444a25b238a5a04addf603175864b1fdf55d44ffba3d4a845642dc3b0527f1,2018-12,Essex Police,Essex Police,0.760013,51.529731,On or near BURGES ROAD,E01015893,Southend-on-Sea 016E,Investigation complete; no suspect identified
68444a25b238a5a04addf603175864b1fdf55d44ffba3d4a845642dc3b0527f1,2018-12,Essex Police,Essex Police,0.760013,51.529731,On or near BURGES ROAD,E01015893,Southend-on-Sea 016E,Investigation complete; no suspect identified
68444a25b238a5a04addf603175864b1fdf55d44ffba3d4a845642dc3b0527f1,2018-12,Essex Police,Essex Police,0.760013,51.529731,On or near BURGES ROAD,E01015893,Southend-on-Sea 016E,Investigation complete; no suspect identified
18e2adecd5a202a05a78aacd664b74a5a514be60a4101b72cdf07e0c85296087,2018-12,Essex Police,Essex Police,0.702343,51.588714,On or near ORMONDE AVENUE,E01021953,Rochford 004C,Investigation complete; no suspect identified
c7b81bd624e7c86b72120ea0290bc2670fcbeffcfe2135d7e5544af2526d4daa,2018-12,Essex Police,Essex Police,0.857653,51.884757,On or near BURNS AVENUE,E01021673,Colchester 009A,Investigation complete; no suspect identified
bbb3956caa6257c587c1de63d7bf62580c97ff5f41dc020fe149c0bd80f14c96,2018-12,Essex Police,Essex Police,0.282488,51.487496,On or near Shopping Area,E01016011,Thurrock 015B,Local resolution
957576eafc68193bfc2e9681306745180b2b07342efb269fd09388ab45ddc513,2018-12,Essex Police,Essex Police,0.476925,51.737616,On or near REGINA ROAD,E01033141,Chelmsford 010G,Unable to prosecute suspect
e849628068ee6494556cb98dea042a9e396aa013ceabeb939575f2ef1f9d1342,2018-12,Essex Police,Essex Police,0.146573,51.762200,On or near DAVENPORT,E01021828,Harlow 005E,Investigation complete; no suspect identified
0a3ef50cc2963a12ecf3743e592d36d496f21467912e650fb657a3ec7f108b6e,2018-12,Essex Police,Essex Police,0.364287,51.481801,On or near KINGSLEY WALK,E01015935,Thurrock 012C,Investigation complete; no suspect identified
745062d9fbc6306670d3641115af8deed4cd6c081f77cb5dda7569d3bfacd3ed,2018-12,Essex Police,Essex Police,0.467191,51.737344,On or near RAILWAY STREET,E01021574,Chelmsford 010A,Unable to prosecute suspect
1c5460f4c5dfe49f74cb8f94e16de03fc79816f0cad16c68ece764d06d1775c3,2018-12,Essex Police,Essex Police,0.429448,51.615277,On or near BEAMS CLOSE,E01021258,Basildon 004E,Unable to prosecute suspect
6077d86f5d071a05cbb164d621d06dd239232f67fca0884659e334acade27886,2018-12,Essex Police,Essex Police,0.427734,51.634845,On or near HEADLEY ROAD,E01021239,Basildon 003A,Investigation complete; no suspect identified
e72ffc999d2652876e3400d9eb788b820da87204ba99b7a0b9bf2281c633e91e,2018-12,Essex Police,Essex Police,0.904501,51.861440,On or near BARDFIELD ROAD,E01021641,Colchester 018E,Unable to prosecute suspect
69b5783313586388384f51a48e03e1dc09136da4f0b766c977cecc02687443e6,2018-12,Essex Police,Essex Police,1.150608,51.788761,On or near JACKSON ROAD,E01022025,Tendring 016B,Investigation complete; no suspect identified
42690e7327b81e29d2df8e0278c2805063914a90fb7c5e3fe362b437518ff7e7,2018-12,Essex Police,Essex Police,0.404283,51.539794,On or near Parking Area,E01015978,Thurrock 004B,Investigation complete; no suspect identified
cf7a4e251352a7295518c096256310c43f638a1c321d322fc5af96a8dcc7fc98,2018-12,Essex Police,Essex Police,0.730414,51.533886,On or near MANILLA ROAD,E01015841,Southend-on-Sea 014C,Unable to prosecute suspect
bc074e6fd8f4c48182dd4a479cfeeef24684b1b854394a62a7786dd5d54a0169,2018-12,Essex Police,Essex Police,0.600376,51.651985,On or near OLD WICKFORD ROAD,E01021614,Chelmsford 019D,Suspect charged
0d31992651749b07d500240769db6c3da1647af7e8c532c8bc0aabbc3e37dd69,2018-12,Essex Police,Essex Police,0.062505,51.640284,On or near STONARDS HILL,E01021783,Epping Forest 013D,Investigation complete; no suspect identified
89bf73bc94ca08b02c2a0d27763fa189205d9ff6aea83bb6e038e7fb8054c0f8,2018-12,Essex Police,Essex Police,0.714390,51.538674,On or near Parking Area,E01015852,Southend-on-Sea 015B,Unable to prosecute suspect
b22dc9394493217c2070cefce8d349d18d765b34097d454b4d313deac58a57d7,2018-12,Essex Police,Essex Police,0.610543,51.642244,On or near VICTORIA ROAD,E01021615,Chelmsford 019E,Suspect charged
4dbd18670a390bf7c7327fbd441c4fff82e8d36a3c2782fb0211fa6788d9b40a,2018-12,Essex Police,Essex Police,0.427331,51.571533,On or near MELLOW PURGESS CLOSE,E01021286,Basildon 016A,Investigation complete; no suspect identified
c5940f18660e09109d63df9ec1dbb92bcd5a5cf0694d9d8279c1910f30c9990a,2018-12,Essex Police,Essex Police,0.908618,51.868740,On or near TALCOTT ROAD,E01021637,Colchester 018A,Unable to prosecute suspect
4c6e14cdc1e6773b9c638e45bbcbf4e1c87b2d33e190a5419c6c7af56912d7f9,2018-12,Essex Police,Essex Police,0.710117,51.536183,On or near NELSON STREET,E01015853,Southend-on-Sea 015C,Investigation complete; no suspect identified
23eae8c1555e46b391dda988181e85e57f5ed4c37880a65b8d45d98de2799cb0,2018-12,Essex Police,Essex Police,1.080553,51.773584,On or near CLUB PARADE,E01022045,Tendring 018D,Investigation complete; no suspect identified
a982eb96b47928d14c94729a9db7aa7925320e7109b17262f321214df1e7c2ec,2018-12,Essex Police,Essex Police,1.152215,51.788718,On or near Shopping Area,E01022025,Tendring 016B,Unable to prosecute suspect
bf4fbf05bb9c8dac83e2efdc893bb51bcb6a506d42e35bc2dace26bfeeb3f38c,2018-12,Essex Police,Essex Police,0.480973,51.617616,On or near HOMESTEAD ROAD,E01021264,Basildon 006A,Investigation complete; no suspect identified
a7f6b1ff9fcdd86f5b55fe3155a87f70d80a148b7fd0ba4cabda1750bc10041d,2018-12,Essex Police,Essex Police,1.080553,51.773584,On or near CLUB PARADE,E01022045,Tendring 018D,Unable to prosecute suspect
d83586b96c6c24df9d7b0a7c40bfa4fa6808c128a7442b53a29c671ba54463c1,2018-12,Essex Police,Essex Police,0.477535,51.737369,On or near ECKERSLEY ROAD,E01033141,Chelmsford 010G,Investigation complete; no suspect identified
49c0a785dd900c1fddd43b42c6fe8c4721f36dbd5d093760e1a82e1b68218d5a,2018-12,Essex Police,Essex Police,0.385874,51.852154,On or near RAYFIELD CLOSE,E01022058,Uttlesford 008A,Investigation complete; no suspect identified
c06eeb8a493533888e14ab008a6a32fb2b50e429196da4b81a847f9dc6606b28,2018-12,Essex Police,Essex Police,0.570393,51.880064,On or near HOWARD CLOSE,E01021370,Braintree 011B,Unable to prosecute suspect
58094eb5bb39ba8830694e8d37f18b009946d871f41a31cdfe007d08254d0ae9,2018-12,Essex Police,Essex Police,0.709427,51.537916,On or near GORDON PLACE,E01015852,Southend-on-Sea 015B,Investigation complete; no suspect identified
021c2912d8ac7fc74e0cb5504cb37f3b0918650fc579e1ad11206c55c54dfa74,2018-12,Essex Police,Essex Police,0.473830,51.736629,On or near Chelmsford Police Station,E01033141,Chelmsford 010G,Suspect charged
f69b9ce8a3adf33f7bc02f0b3df832b94ff1ab2cea5637b138b2ce12c0df1880,2018-12,Essex Police,Essex Police,0.472987,51.734470,On or near NEW STREET,E01033140,Chelmsford 010F,Unable to prosecute suspect
c21a78d844de89c4133332d73ca40b16197273c9d359ace0682904eb9cc4fd25,2018-12,Essex Police,Essex Police,0.473830,51.736629,On or near Chelmsford Police Station,E01033141,Chelmsford 010G,Suspect charged
c21a78d844de89c4133332d73ca40b16197273c9d359ace0682904eb9cc4fd25,2018-12,Essex Police,Essex Police,0.473830,51.736629,On or near Chelmsford Police Station,E01033141,Chelmsford 010G,Suspect charged
c21a78d844de89c4133332d73ca40b16197273c9d359ace0682904eb9cc4fd25,2018-12,Essex Police,Essex Police,0.473830,51.736629,On or near Chelmsford Police Station,E01033141,Chelmsford 010G,Suspect charged
c21a78d844de89c4133332d73ca40b16197273c9d359ace0682904eb9cc4fd25,2018-12,Essex Police,Essex Police,0.473830,51.736629,On or near Chelmsford Police Station,E01033141,Chelmsford 010G,Suspect charged
32cbfb6f4df6b13b2e4412236d8fca88ca34f2da3b5919087936ccd20e9acb14,2018-12,Essex Police,Essex Police,0.902192,51.889423,On or near ST NICHOLAS STREET,E01021649,Colchester 007D,Investigation complete; no suspect identified
d3bb88680e43e569b4f0742c14db18586ce1e625e53660a5989363711bc6bb62,2018-12,Essex Police,Essex Police,0.700056,51.548691,On or near SHAKESPEARE DRIVE,E01015862,Southend-on-Sea 004F,Action to be taken by another organisation
bf55862182365eefd3c25f2c8971fc0aeaaecdf9a8e0698db575b329654a5be5,2018-12,Essex Police,Essex Police,0.873571,51.873901,On or near ELDRED AVENUE,E01021711,Colchester 015A,Unable to prosecute suspect
ddf56dc2a1827c5e0bfc7a46ac4a51eecda0bb1c3142af31ab08efdc11d6d7eb,2018-12,Essex Police,Essex Police,0.427331,51.571533,On or near MELLOW PURGESS CLOSE,E01021286,Basildon 016A,Investigation complete; no suspect identified
d7558f80b77e914f7940028da11dc0e9c573a99900f3e70867aa69d3bb37bead,2018-12,Essex Police,Essex Police,0.370135,51.866285,On or near THE CLOSE,E01022067,Uttlesford 007B,Investigation complete; no suspect identified
c04070236a6463218a5504c0a34035fcd2202ba8ecb8e2c490e861ce1513d307,2018-12,Essex Police,Essex Police,0.539874,51.756686,On or near LODGE CRESCENT,E01021536,Chelmsford 005A,Unable to prosecute suspect
4b55e6c50f97140e9c75a03335d7b08d82fe1440553d1ce9c83eb0cc66194e38,2018-12,Essex Police,Essex Police,0.483600,51.577882,On or near BEELEIGH EAST,E01021270,Basildon 012D,Investigation complete; no suspect identified
ec393a8f4566693f928d908043f1f912ff223b77605a2b904922fc84569dce56,2018-12,Essex Police,Essex Police,0.647204,51.570087,On or near Petrol Station,E01015834,Southend-on-Sea 001B,Offender given a caution
0f8c743f32e7e70e7332a42fefbf2d8032ee06d6d986080dcc56e64c273bf662,2018-12,Essex Police,Essex Police,0.699378,51.542600,On or near BALMORAL ROAD,E01015896,Southend-on-Sea 010B,Suspect charged
8188c4ff2f8bd5ba148e27a98d3d646b1618d97e3f20f95c7f01591180fc9349,2018-12,Essex Police,Essex Police,0.699378,51.542600,On or near BALMORAL ROAD,E01015896,Southend-on-Sea 010B,Suspect charged
2a00dc031b62542fb51746b0cafcdd522bcf1c3451ea543037645d7610bd1400,2018-12,Essex Police,Essex Police,0.699378,51.542600,On or near BALMORAL ROAD,E01015896,Southend-on-Sea 010B,Suspect charged
9a7bbd858d74cdf616c4501f57a8997869472cec66cc4e20f546d0afe52ff749,2018-12,Essex Police,Essex Police,0.699378,51.542600,On or near BALMORAL ROAD,E01015896,Southend-on-Sea 010B,Suspect charged
2b9b4dea18cf7f75846fc6e847341eb1f3dbdc9ea430d344e815b3bac5ef1191,2018-12,Essex Police,Essex Police,0.525211,51.610116,On or near TIPTREE GROVE,E01021346,Basildon 008E,Investigation complete; no suspect identified
6c0fcf67f16424cbc5132a50cb4986873aed84779b5df1c97675b1f79dce468c,2018-12,Essex Police,Essex Police,0.255495,51.498900,On or near HIGH STREET,E01015921,Thurrock 015A,Investigation complete; no suspect identified
77f1c619c9aba1ae15c81736594e3c90403c3857b8e326a25348c51cb6402fb5,2018-12,Essex Police,Essex Police,0.284490,51.487772,On or near Shopping Area,E01016011,Thurrock 015B,Investigation complete; no suspect identified
245e8f08e0e5fadc06c38a973e4457561293c6962d03dd45814e4c59d4d94698,2018-12,Essex Police,Essex Police,0.578708,51.521816,On or near NORTH AVENUE,E01021485,Castle Point 010A,Investigation complete; no suspect identified
93559734d8d3a876d155096ee6f412a94caa74877e21cc4f551212277570a558,2018-12,Essex Police,Essex Police,0.873571,51.873901,On or near ELDRED AVENUE,E01021711,Colchester 015A,Unable to prosecute suspect
35c0064db6b4f15baed5eadbc886f5800422af3f4aaafd6cf961766ec60cec0d,2018-12,Essex Police,Essex Police,0.394504,51.473543,On or near CHURCH ROAD,E01015950,Thurrock 013D,Investigation complete; no suspect identified
7d4d7234a5fb3c83353bc1ba7c0422775422732e94aacbbfa09e2b8ae33367f3,2018-12,Essex Police,Essex Police,0.379709,51.670416,On or near MEADS CLOSE,E01021457,Brentwood 002A,Investigation complete; no suspect identified
13a5010830c5b815c2a5de784c25224ef5aa3941efa28094d9c95990e44a2e19,2018-12,Essex Police,Essex Police,0.445617,51.562403,On or near MORRELLS,E01021294,Basildon 020A,Investigation complete; no suspect identified
164ff93b869f720c97715b5e0b64cb16542c968e57cff36a424318c3273182e2,2018-12,Essex Police,Essex Police,0.923410,51.883330,On or near VENTURA DRIVE,E01021685,Colchester 011C,Unable to prosecute suspect
d9fd8186067359d9f856684eb099d03d06ef1c24b9c3661af5a5d81c77c12c62,2018-12,Essex Police,Essex Police,0.902272,51.888620,On or near LONG WYRE STREET,E01021649,Colchester 007D,Investigation complete; no suspect identified
9268b01d19cff2c2cd8efbbe658ed1a6e01cd6a7e9424e4f41d253aaf1b51c47,2018-12,Essex Police,Essex Police,0.868011,51.880593,On or near MUNNINGS ROAD,E01021693,Colchester 014E,Investigation complete; no suspect identified
07b8e210089d6b775222776d8423433afbcb6b5bd43eb0fb55326be3397d5979,2018-12,Essex Police,Essex Police,0.640820,51.808078,On or near Petrol Station,E01021416,Braintree 017B,Investigation complete; no suspect identified
c8b604dfcf3cca665ee423e32f04f7e961bf8a6d00d79c2ace4618203115ef41,2018-12,Essex Police,Essex Police,0.660952,51.614941,On or near BECKNEY AVENUE,E01021940,Rochford 003H,Investigation complete; no suspect identified
10fe67e01db65582f78a017c63c9d7c00210c9abe62534b88f3aa1c55ea02d8e,2018-12,Essex Police,Essex Police,0.436050,51.661931,On or near SCHOOL LANE,E01033143,Chelmsford 018E,Investigation complete; no suspect identified
f48e5e69e6485397c7a82116942f2c01658e2be08196928ed67e5e0bb147b2f8,2018-12,Essex Police,Essex Police,1.271595,51.935228,On or near ELM DRIVE,E01022000,Tendring 002A,Investigation complete; no suspect identified
c4c18fb687e6d63dab79146ec966910a4abc67de201f4f7db3bde53117aae3ef,2018-12,Essex Police,Essex Police,0.685274,51.872740,On or near STONEHAM STREET,E01021378,Braintree 014B,Unable to prosecute suspect
991ff09e5c04eefd3d9f8c50f59dc39854a260111db5e7a318703a2ffe249c62,2018-12,Essex Police,Essex Police,,,No location,,,Investigation complete; no suspect identified
6f77b5b45518b80620615c306d5aee883b63a4b6d35b8ec35ec695371b301633,2018-12,Essex Police,Essex Police,0.519983,51.585102,On or near WATKINS CLOSE,E01021309,Basildon 011E,Local resolution
59617797310da403ae1e77a99eae43d557b81d2bfb23a35d49fd7228aa58a776,2018-12,Essex Police,Essex Police,0.584601,51.675842,On or near LODGE ROAD,E01021535,Chelmsford 016B,Investigation complete; no suspect identified
d99172a561be3974f20b80c5868eeb3fef5911f5ebe554cf674a3251c7d318eb,2018-12,Essex Police,Essex Police,0.552410,51.879134,On or near Tofts Walk,E01021365,Braintree 009D,Investigation complete; no suspect identified
832f9c0bbe298b3da02aa09399ddbe38af22e10d63d1e8d722591d2083815f0f,2018-12,Essex Police,Essex Police,-0.001225,51.685755,On or near MILTON COURT,E01021818,Epping Forest 009C,Investigation complete; no suspect identified
d1f0b550973c4ce892ce9ef5f07c08623ca431c6a2859343e8fa11da2b6142d5,2018-12,Essex Police,Essex Police,0.322355,51.479168,On or near Grays Police Station,E01015956,Thurrock 016B,Suspect charged
2b190026d164357566b8ef06de99563b87442dc7c82a59c5861c4712b202d803,2018-12,Essex Police,Essex Police,0.584601,51.675842,On or near LODGE ROAD,E01021535,Chelmsford 016B,Investigation complete; no suspect identified
ad48940faf047d8dd51bb87e91c3b100c688f8ad44cce07a6dff6bc568e47577,2018-12,Essex Police,Essex Police,0.697820,51.563798,On or near ROCHFORD ROAD,E01015867,Southend-on-Sea 002E,Suspect charged
82c51ef09acbff0d7463bdb18fda40df843ac40735187f6a31d6193bfe607ac2,2018-12,Essex Police,Essex Police,0.096056,51.768166,On or near SOUTH GATE,E01021868,Harlow 007B,Investigation complete; no suspect identified
84bd8aee73da55b8731afe39ca27a1ae5b8f0917ef3a839d2757c1ee08336a66,2018-12,Essex Police,Essex Police,0.868011,51.880593,On or near MUNNINGS ROAD,E01021693,Colchester 014E,Investigation complete; no suspect identified
a566e81b729c348368a3469009535e5d4b85ad6ea4b59e737caedbfc18f72263,2018-12,Essex Police,Essex Police,0.483487,51.566284,On or near Parking Area,E01021327,Basildon 019E,Investigation complete; no suspect identified
ae4ecbe168c0cd35eacd42d86e2615305a2d081de4194c127c8c7042298f0e29,2018-12,Essex Police,Essex Police,0.827167,51.899650,On or near SEARLE WAY,E01021730,Colchester 003D,Unable to prosecute suspect
c5939a4121d9bc2b47902dc4522ef7ebb48156aa9abab4f496be578709d88490,2018-12,Essex Police,Essex Police,0.578708,51.521816,On or near NORTH AVENUE,E01021485,Castle Point 010A,Investigation complete; no suspect identified
fee2eab987bed71f528cb3b9425ef5cd420f5dcfff6f8566fd1b6eca425122e9,2018-12,Essex Police,Essex Police,0.471097,51.728494,On or near GODFREYS MEWS,E01033140,Chelmsford 010F,Investigation complete; no suspect identified
20531e73b03bb87f3c60534399df159c06f703feed5c6471a7dcbf532142f559,2018-12,Essex Police,Essex Police,0.507897,51.756249,On or near MULTON LEA,E01033144,Chelmsford 005F,Investigation complete; no suspect identified
caf313df0fb5115f6d7cb34f25fd19036a275aadf0d135af6d2dea8d22fde5d7,2018-12,Essex Police,Essex Police,0.362233,51.460456,On or near SYDNEY ROAD,E01016004,Thurrock 018B,Investigation complete; no suspect identified
6f94066b2d050490e862005419c0c2c176224cd83c292bb8d24aac6c8ee14176,2018-12,Essex Police,Essex Police,0.105096,51.751557,On or near THE BRIARS,E01021861,Harlow 010E,Investigation complete; no suspect identified
a750113273611d5b9fb3bd166d6bba55079b274ca26b993014e1b949f93e96e3,2018-12,Essex Police,Essex Police,0.279751,51.487198,On or near Park/Open Space,E01016012,Thurrock 015C,Investigation complete; no suspect identified
9b587121ea57691c80ea321b01fc5e37aaecfd321f6d55c2fc3447ac1a5a3f20,2018-12,Essex Police,Essex Police,0.507897,51.756249,On or near MULTON LEA,E01033144,Chelmsford 005F,Investigation complete; no suspect identified
9aea410bf94705988e2d19e74df0d234b8b3dc2f95bf1dc9f010b32cbf33c023,2018-12,Essex Police,Essex Police,0.313863,51.691480,On or near ST LAWRENCE GARDENS,E01021469,Brentwood 001E,Suspect charged
86fc59aaf524b05720af12d3aec41d3020b1d461b8ecfa22db2030b828b92c91,2018-12,Essex Police,Essex Police,0.923410,51.883330,On or near VENTURA DRIVE,E01021685,Colchester 011C,Unable to prosecute suspect
77f839e3c67d1207e95368bc41e33f4b01fd39cab1dbee6889370946cc5a3f31,2018-12,Essex Police,Essex Police,0.923410,51.883330,On or near VENTURA DRIVE,E01021685,Colchester 011C,Unable to prosecute suspect
bece24f33f1da1e3fb198a7cfd12a5dc5a15d73e11862e4031892377474d4b40,2018-12,Essex Police,Essex Police,0.923410,51.883330,On or near VENTURA DRIVE,E01021685,Colchester 011C,Unable to prosecute suspect
2a395f093db468b7c63ad1ea0308a7dac0617cd384365618d3c83b406003450c,2018-12,Essex Police,Essex Police,0.082820,51.643936,On or near CHIGWELL LANE,E01021773,Epping Forest 013C,Investigation complete; no suspect identified
1cea83610c6fb37498e30e060452f8eef40fe9f1a3620d42375c2d405d5eea10,2018-12,Essex Police,Essex Police,0.477608,51.733690,On or near Supermarket,E01033141,Chelmsford 010G,Local resolution
658e21f8b1253db2ccdcdd8cc522babbb77dfcdce2cf6bf9ed5b0686168ad984,2018-12,Essex Police,Essex Police,0.909199,51.860866,On or near ADELAIDE DRIVE,E01021640,Colchester 018D,Unable to prosecute suspect
66f1ad060ff76794683a4b6e5acdfafa1e390234364734ea45d20ef3810cb88e,2018-12,Essex Police,Essex Police,0.284143,51.486609,On or near Shopping Area,E01016011,Thurrock 015B,Investigation complete; no suspect identified
528903b01d591ec73930437e8bbcefc9214fb05da1ebb42206e4ce6489776367,2018-12,Essex Police,Essex Police,0.701615,51.548952,On or near Sports/Recreation Area,E01015861,Southend-on-Sea 004E,Investigation complete; no suspect identified
b6521d397c8aad4deb4cadf880bdc7540157ab7ffdf9ac95aa369f572d43cab2,2018-12,Essex Police,Essex Police,0.486217,51.559454,On or near LONDON ROAD,E01021311,Basildon 022C,Investigation complete; no suspect identified
177e789d5df3f2d80f3ed39f0f13e02d0e283dfb4d0bf5b1102a0c1e0d98404b,2018-12,Essex Police,Essex Police,0.082224,51.649549,On or near DOUBLEDAY ROAD,E01021776,Epping Forest 011C,Investigation complete; no suspect identified
7166be710138ef4ec49bab9289cd7213dcb1992d73cee356055c522da9428e85,2018-12,Essex Police,Essex Police,1.082635,51.774555,On or near LINKS ROAD,E01022045,Tendring 018D,Investigation complete; no suspect identified
7f2e2963bdd7160411888b66776fb3bb010b2cc1a50fa2ca7f042d70ff122166,2018-12,Essex Police,Essex Police,0.264850,51.609036,On or near Petrol Station,E01021468,Brentwood 006D,Investigation complete; no suspect identified
565067e667842df462210bbb92e5242f847755852e9748c1a6aa16547f91ad57,2018-12,Essex Police,Essex Police,0.904233,51.885226,On or near PORTLAND ROAD,E01021683,Colchester 011A,Unable to prosecute suspect
1db397798bf1ae7d873bc2dfbffb6397c7bf1aac6df66908810cb342045a0c45,2018-12,Essex Police,Essex Police,0.090817,51.759231,On or near KINGSLAND,E01021868,Harlow 007B,Unable to prosecute suspect
a9b508c75ba4c10e1794575fdad30a696136e57cba5d3ae2cce88fb76274749e,2018-12,Essex Police,Essex Police,0.178064,51.720947,On or near Petrol Station,E01021797,Epping Forest 001C,Investigation complete; no suspect identified
6cf45edc680f5750091933dba68329ecbd09f73710f22fb7019124381b48c536,2018-12,Essex Police,Essex Police,0.559758,51.565885,On or near ST CLEMENT'S CLOSE,E01021478,Castle Point 003C,Unable to prosecute suspect
bbcdd28a0792e226a41cd003e914259fa7104b98a1c1e409849f624cbf045f08,2018-12,Essex Police,Essex Police,0.480973,51.617616,On or near HOMESTEAD ROAD,E01021264,Basildon 006A,Investigation complete; no suspect identified
63a68076ef6a189ec655b961abd9b5916f690de7d667879e64b433cc1b4e077f,2018-12,Essex Police,Essex Police,0.792850,51.535923,On or near THE WOODLANDS,E01015880,Southend-on-Sea 013E,Investigation complete; no suspect identified
9523138c776ffaa0797d43489e9168f938044c65cb176ef24523a08bf4bf06fe,2018-12,Essex Police,Essex Police,0.286071,51.635549,On or near LARCHWOOD GARDENS,E01021464,Brentwood 004E,Unable to prosecute suspect
68599930d51827cabd219aabb86772eaeb4742fce32e3c0d46327efc682d99d3,2018-12,Essex Police,Essex Police,0.500728,51.746078,On or near Supermarket,E01021626,Chelmsford 007E,Unable to prosecute suspect
1ac29b70e867e9d4313bc093c7e0371ad0124ac96a5be44196ea2a929ab890ce,2018-12,Essex Police,Essex Police,0.378743,51.670480,On or near EXLEY CLOSE,E01021457,Brentwood 002A,Investigation complete; no suspect identified
b8c11cd6cb11683c9fbc21d43e58d978fc112d3a9ede8735b593da51aef49914,2018-12,Essex Police,Essex Police,0.696089,51.558451,On or near ROCHFORD ROAD,E01015859,Southend-on-Sea 004C,Offender given a caution
5f8e0a9ce7c0921584e7072eb6c2baef2c74abe6b1d70e35cc22ad4ddfcf81dd,2018-12,Essex Police,Essex Police,0.618547,51.518424,On or near APPROACH ROAD,E01021492,Castle Point 009A,Investigation complete; no suspect identified
e31e3f967cb4d49fa2b17f9bd4a3f67ef995e7fb7ad11c4c1208004fde8eeddf,2018-12,Essex Police,Essex Police,0.811384,51.630868,On or near FERNLEA ROAD,E01021881,Maldon 008F,Investigation complete; no suspect identified
5f72d36f70446f514d29fd96f690915b67ef397da5afc2543217b1c39c4555be,2018-12,Essex Police,Essex Police,0.502267,51.562719,On or near Supermarket,E01021310,Basildon 022B,Investigation complete; no suspect identified
09115a784398baa343ac8fbc90634a043132ab6d7852bef3ebac79ffb3dfc55f,2018-12,Essex Police,Essex Police,0.502267,51.562719,On or near Supermarket,E01021310,Basildon 022B,Investigation complete; no suspect identified
71147c12263e089857346dc49e0a30632b1427e935286c349131ef059518a150,2018-12,Essex Police,Essex Police,0.105174,51.770368,On or near MADDOX ROAD,E01021849,Harlow 003A,Investigation complete; no suspect identified
adf5d545c62c9df5d533f64af2f7ae530dd38c5941dbe551ab06e4b009c49d87,2018-12,Essex Police,Essex Police,0.677199,51.731325,On or near Supermarket,E01021890,Maldon 004B,Unable to prosecute suspect
e6d88c299243c96cd45295486dd72f78d1d8525b8876710ad9f4a10516abc776,2018-12,Essex Police,Essex Police,0.141697,51.755923,On or near HARLOW COMMON,E01021768,Epping Forest 001A,Investigation complete; no suspect identified
0108e10d8536b386f7a2fd1ab2c44a87231dadc699de80c0e2d784b204039d01,2018-12,Essex Police,Essex Police,0.403270,51.621778,On or near Sports/Recreation Area,E01021255,Basildon 004C,Local resolution
04e941b2ada9728e70b40a8d07e96c71c0bf23ce48665524f01dec270f892149,2018-12,Essex Police,Essex Police,0.283014,51.510418,On or near Supermarket,E01015976,Thurrock 007F,Investigation complete; no suspect identified
094dbd96480dfbf8ff326c933024797ce545e7912cee95c99912b31681a46ed3,2018-12,Essex Police,Essex Police,1.152288,51.788104,On or near Shopping Area,E01022025,Tendring 016B,Investigation complete; no suspect identified
8f553db7190773216ffab32535e28cd6aefcd52bec1e439b157c43ac9b175f4f,2018-12,Essex Police,Essex Police,0.099358,51.750302,On or near BARLEY CROFT,E01021860,Harlow 010D,Investigation complete; no suspect identified
d10442ece6c33710aec9834937a716c52ea39df0fdde5410f5671bcc6598c461,2018-12,Essex Police,Essex Police,0.058851,51.654376,On or near POTTERS CLOSE,E01021787,Epping Forest 012B,Investigation complete; no suspect identified
7dce70d395e163f5f138b88fe28d48a154c81c9eabe974cf0f24e033147e82e9,2018-12,Essex Police,Essex Police,0.900116,51.889231,On or near Shopping Area,E01021649,Colchester 007D,Unable to prosecute suspect
41d82f6f5d43ce66b2c5cea1244acf325ca42739d36c96f97e1aa4b0cf926ad7,2018-12,Essex Police,Essex Police,0.019805,51.690854,On or near PATERNOSTER HILL,E01021814,Epping Forest 007C,Investigation complete; no suspect identified
7e21876aa398e8ac375b519435248b7eecf248cb6494ac204dc840f2fcd4ffe2,2018-12,Essex Police,Essex Police,0.896245,51.888706,On or near HEAD STREET,E01021649,Colchester 007D,Unable to prosecute suspect
7d5fa4f29404ff30ef54aba8495566f4f136339a8fa85e62f3c3cdd16e28fe99,2018-12,Essex Police,Essex Police,1.150049,51.812161,On or near Supermarket,E01022039,Tendring 010B,Suspect charged
7cfcbeb16af6b8de48706e539b8996b15b580ce56a201fed9f42bf854f4fb6bc,2018-12,Essex Police,Essex Police,0.114883,51.758548,On or near Petrol Station,E01021823,Harlow 006D,Investigation complete; no suspect identified
6bebe66884d3f77e8c2745d69679400c09d4955b4af512bcda111dfceca316e2,2018-12,Essex Police,Essex Police,0.690233,51.542594,On or near ELDERTON ROAD,E01015831,Southend-on-Sea 012E,Suspect charged
ef6693a0d6c3f7bdc113e57704346cd900212516247183333488cf43518e9323,2018-12,Essex Police,Essex Police,0.430105,51.635956,On or near LILFORD ROAD,E01021239,Basildon 003A,Investigation complete; no suspect identified
0862c3939276557de26a7a1044f720fc104f20dddf0fe3a2dff7a20dab0e7d19,2018-12,Essex Police,Essex Police,0.466049,51.738187,On or near BROOMFIELD ROAD,E01021574,Chelmsford 010A,Suspect charged
a9b681d9003cc3ba928a2326ea05745261ea385c2d9badde9cab0efc0affa8b1,2018-12,Essex Police,Essex Police,0.098483,51.748312,On or near Supermarket,E01021860,Harlow 010D,Investigation complete; no suspect identified
a9bc8ebd706bde6c3a8f072cc9745c162d713e1e3e679420bb22318ed2e1bfae,2018-12,Essex Police,Essex Police,0.709427,51.537916,On or near GORDON PLACE,E01015852,Southend-on-Sea 015B,Investigation complete; no suspect identified
4898fd9e9c4d7a335988307b8c03cf5eaf8aca7e7db66ab133252919bce1ec90,2018-12,Essex Police,Essex Police,0.466049,51.738187,On or near BROOMFIELD ROAD,E01021574,Chelmsford 010A,Suspect charged
6e1e0fdf10307d66ae15b5bcf4efa1ea9273d8e2977f8997a3ea898f6b22d049,2018-12,Essex Police,Essex Police,0.456512,51.570458,On or near Shopping Area,E01021318,Basildon 015C,Local resolution
31d60c556f98623f06c536f65b8b9c8abb3345a8a4c6f9b3aa2146986b9261ee,2018-12,Essex Police,Essex Police,0.712497,51.540310,On or near Bus/Coach Station,E01015895,Southend-on-Sea 010A,Investigation complete; no suspect identified
c1b541fd5087d91db182062f78d770e68ba8e85c2ff8c4849a3eb842113a38d6,2018-12,Essex Police,Essex Police,0.516141,51.739543,On or near WARD PATH,E01033142,Chelmsford 005E,Unable to prosecute suspect
77e764d436f1183cca90a740f6e5588b8c97a80109d24c7bb94b5eac2ab01367,2018-12,Essex Police,Essex Police,0.699875,51.540772,On or near SUMMERCOURT ROAD,E01015896,Southend-on-Sea 010B,Suspect charged
2f3d45521a5b6aed895695de65fbc62ea0885f0ee0ca951afdaf7aa45a952af1,2018-12,Essex Police,Essex Police,0.459647,51.717916,On or near St Johns Hospital,E01021556,Chelmsford 012A,Investigation complete; no suspect identified
a598b0bffe83782a6f71d00b489159b24b4afbdd306c79018fda0cf584a858ac,2018-12,Essex Police,Essex Police,0.459544,51.585458,On or near Park/Open Space,E01021268,Basildon 015B,Investigation complete; no suspect identified
32597de15b565a438c3159c4babcc3b8f169da84b466d39eeb6eed0faed3b4c1,2018-12,Essex Police,Essex Police,0.461228,51.569334,On or near Pedestrian Subway,E01021318,Basildon 015C,Investigation complete; no suspect identified
3ed5d332723c02cd2041b01df2faf4f50f900083d2305a84bc1a806f3af9bada,2018-12,Essex Police,Essex Police,0.687513,51.608481,On or near STANLEY ROAD,E01021929,Rochford 002D,Offender given a drugs possession warning
dafb888c318b47b76ffc27ffe38544f818346fa13c4f6dd77055c401646eeb0a,2018-12,Essex Police,Essex Police,0.249141,52.015849,On or near PEASLANDS ROAD,E01022081,Uttlesford 002F,Offender given a drugs possession warning
270256417e6b32bf06320b51cf0531f9c1d68ba94046ccd66457cb8a63aafa58,2018-12,Essex Police,Essex Police,0.897532,51.892209,On or near SHORT CUT ROAD,E01021649,Colchester 007D,Unable to prosecute suspect
d78fcf1d1830ba9fcd569185cfdef822ea1a10dd91d02e97fad399a729448aa4,2018-12,Essex Police,Essex Police,0.110047,51.782879,On or near DUKES PATH,E01021845,Harlow 002B,Investigation complete; no suspect identified
fcd5a211001ef58c96850628be89acdb49984c5805fc67914a6ed442594099d8,2018-12,Essex Police,Essex Police,0.777048,51.858278,On or near CHURCHWELL AVENUE,E01021654,Colchester 010A,Unable to prosecute suspect
db1e5d90a158bff4af3b51f4781d858c9a0ec19619b2f3577378ec6ea0a75467,2018-12,Essex Police,Essex Police,0.454994,51.574168,On or near ROODEGATE,E01021319,Basildon 017E,Investigation complete; no suspect identified
69dcf0384587f74f1e253bdbdb00d91da003e3359ce31127331693b2d6c5982b,2018-12,Essex Police,Essex Police,0.474330,51.737563,On or near VICTORIA COURT,E01033141,Chelmsford 010G,Unable to prosecute suspect
1fd522f5df9ca9ae7647691e1da9dcb0598fa5351248f03387c37aeea2089f01,2018-12,Essex Police,Essex Police,0.924702,51.868314,On or near SAVILL ROAD,E01021667,Colchester 016F,Unable to prosecute suspect
bc857b7fec915fb21877fea399a3b126079ac94b99e468cc3d8ace749bc2e300,2018-12,Essex Police,Essex Police,-0.003337,51.687086,On or near CHURCH STREET,E01021818,Epping Forest 009C,Investigation complete; no suspect identified
33664b58ed3b8947185338c49da5c3f0908ebd16cfe93efae1e282396571e3a3,2018-12,Essex Police,Essex Police,0.666195,51.542937,On or near NELSON DRIVE,E01015846,Southend-on-Sea 011B,Unable to prosecute suspect
48449d66e91262eb33e36d071e849b0f9af1f26ee508e04d47e2ae3322202ee8,2018-12,Essex Police,Essex Police,0.505076,51.756858,On or near LOUVAIN DRIVE,E01033144,Chelmsford 005F,Investigation complete; no suspect identified
2e2d09aeb8fc3970651b38cb2c2feb1bbfbca72232f869874f1aec7c63d3edbf,2018-12,Essex Police,Essex Police,0.410240,51.689740,On or near PENNY'S LANE,E01021602,Chelmsford 018B,Investigation complete; no suspect identified
7b0d0126fa20334f62730e679e91d8638de7594e23ef00a910925ee2a78ba66a,2018-12,Essex Police,Essex Police,1.116600,51.774072,On or near SEA PINK WAY,E01021988,Tendring 018A,Investigation complete; no suspect identified
ab19d0c60f428c7746429c2cd9c7840dc00b6bc8929cb38e951ad938ddc9e34f,2018-12,Essex Police,Essex Police,0.290168,51.633968,On or near KING GEORGE'S ROAD,E01021464,Brentwood 004E,Investigation complete; no suspect identified
da55afc0a453528416667b72ebb4b3895802387b2fba639762021e5e19b8e1a1,2018-12,Essex Police,Essex Police,0.472257,51.733569,On or near Shopping Area,E01033141,Chelmsford 010G,Investigation complete; no suspect identified
6a327d4ee0052a101403fc299b53a7e3a282a3f9aec5de1ad2b6a009fbf4fbe3,2018-12,Essex Police,Essex Police,0.894589,51.886462,On or near Police Station,E01021651,Colchester 013A,Suspect charged
6a327d4ee0052a101403fc299b53a7e3a282a3f9aec5de1ad2b6a009fbf4fbe3,2018-12,Essex Police,Essex Police,0.894589,51.886462,On or near Police Station,E01021651,Colchester 013A,Suspect charged
049dbc314f2bb87ce56096ebd5d3389af743795ee2336bccf4d03a5ac93264f4,2018-12,Essex Police,Essex Police,0.040555,51.627170,On or near PALMERSTON ROAD,E01021746,Epping Forest 015E,Unable to prosecute suspect
eef1b716c4f9353cd69fc18990f3ad4b4fffc6f1717c5144e2941a1fbe96a2bd,2018-12,Essex Police,Essex Police,0.714950,51.546396,On or near REDSTOCK ROAD,E01015898,Southend-on-Sea 010D,Investigation complete; no suspect identified
e68c0f3b797a7ff8105e6131c915d1e06fac424e3a3133eb714b815a370d1cb3,2018-12,Essex Police,Essex Police,0.701379,51.543022,On or near CLIFF AVENUE,E01015896,Southend-on-Sea 010B,Unable to prosecute suspect
59c328f96493d41549c94dd4e127e5b7708062c1fe5e1bb5b6b62ce470eb0573,2018-12,Essex Police,Essex Police,0.353142,51.488293,On or near GRANGEWOOD AVENUE,E01015965,Thurrock 010C,Action to be taken by another organisation
ab93e12cb618b4eb98b7073a299a72378b4cdfe8d5552ea37512ff97e23c25e0,2018-12,Essex Police,Essex Police,0.910565,51.873009,On or near LADBROOK DRIVE,E01021665,Colchester 016D,Unable to prosecute suspect
8da0750eea5b5c152c5d5515d1046d226bcb06826adc134c0f57c68a5cea7cb8,2018-12,Essex Police,Essex Police,0.470773,51.734229,On or near MARKET ROAD,E01033141,Chelmsford 010G,Investigation complete; no suspect identified
0e2ee7699dac5c3ce364f837d8cce57ac41ecf922e871199e6ed66858f1c3c92,2018-12,Essex Police,Essex Police,0.579261,51.882172,On or near ROCHESTER CLOSE,E01021351,Braintree 007B,Suspect charged
1345f643a8d8ab798f08140dfe107f666d09d95337fc34333f7ea1414f01ec91,2018-12,Essex Police,Essex Police,0.353142,51.488293,On or near GRANGEWOOD AVENUE,E01015965,Thurrock 010C,Action to be taken by another organisation
8b39131e8f5c16b51190f9447e7f5dcbe9a7e13af4ba45eeeb435b33c223386a,2018-12,Essex Police,Essex Police,0.655532,51.688333,On or near HAWTHORNES,E01021903,Maldon 007G,Investigation complete; no suspect identified
b1f21a8b9c218a247e570300cc2fced66cc9de78356fee1b94a3af51994315fb,2018-12,Essex Police,Essex Police,0.062261,51.675665,On or near Nightclub,E01021806,Epping Forest 009A,Investigation complete; no suspect identified
cc98eb3c62b5bc752c78f0fab4140d2cda538539e7aa888ea48422a95a45f0be,2018-12,Essex Police,Essex Police,0.485502,51.738181,On or near RANDULPH TERRACE,E01021628,Chelmsford 008E,Offender given a caution
02a46dd141fc1b28e43538ed73a84ddce27e7e0aa5025eaebf6eecff021dbdac,2018-12,Essex Police,Essex Police,0.118336,51.779376,On or near MOWBRAY ROAD,E01021844,Harlow 002A,Investigation complete; no suspect identified
894a7e0cd4fdbb21af9363effedf7d1a2646c5fa0f93aa978eb21cb4a7f7ff9b,2018-12,Essex Police,Essex Police,0.474190,51.732359,On or near Shopping Area,E01033140,Chelmsford 010F,Local resolution
56cff134b7514b88e73c0e59da0acd85034ed9373ef94e9aecf4f7e8f2069b3e,2018-12,Essex Police,Essex Police,0.725368,51.539211,On or near STANIER CLOSE,E01015839,Southend-on-Sea 014A,Unable to prosecute suspect
1ad914fcc22fdbe22f2fba79cbc1cbe151b2f3d194837b92d18bf2fccd79a3ac,2018-12,Essex Police,Essex Police,0.899183,51.910173,On or near Hospital,E01021682,Colchester 004D,Unable to prosecute suspect
e7fce54924586012d34c4e710a9e0412fd8a61fd85e209dc182365a16bf0b3cf,2018-12,Essex Police,Essex Police,0.582065,51.523568,On or near SYDERVELT ROAD,E01021488,Castle Point 010C,Unable to prosecute suspect
b1adfc3e1680572ea6fe4c8a3eb15c175d8aee5f3c1e741fe86607f226a72c47,2018-12,Essex Police,Essex Police,0.482378,51.737204,On or near TURKEY OAKS,E01021627,Chelmsford 010E,Unable to prosecute suspect
61735b5fd84423ba24b6fadcfba29846080ff78e3e8a208e11b2bb95444260e7,2018-12,Essex Police,Essex Police,0.261741,51.889938,On or near Airport/Airfield,E01022090,Uttlesford 006B,Investigation complete; no suspect identified
0819b57cde3a81f821348fd2a19af0a9ac590b3616217200eac02cc2e7d5c497,2018-12,Essex Police,Essex Police,0.903419,51.887036,On or near ST BOTOLPH'S STREET,E01021649,Colchester 007D,Investigation complete; no suspect identified
9fd47cc597e69a16602446ef7593c845f6bca8ef31967020b6c11242d77e0dfc,2018-12,Essex Police,Essex Police,0.471511,51.580656,On or near BRYN FARM CLOSE,E01021268,Basildon 015B,Investigation complete; no suspect identified
c5cf3d4bf5a41c335a1a3021eacf263b34993990b228951e0b42f891693d4614,2018-12,Essex Police,Essex Police,0.458379,51.567352,On or near CHERRYDOWN EAST,E01021296,Basildon 020C,Unable to prosecute suspect
5475b2760e4fc36b539327fbd5081637d4902b51ef2d16e15c9e39e798d5e50e,2018-12,Essex Police,Essex Police,0.901362,51.883300,On or near NAPIER ROAD,E01021683,Colchester 011A,Action to be taken by another organisation
9a534bafaaa6d97e403cbf2841263ce4005ec17f557ae0e87c52ccc53fee597d,2018-12,Essex Police,Essex Police,0.468934,51.580521,On or near GLEBE FIELD,E01021268,Basildon 015B,Investigation complete; no suspect identified
6e5453f6b6c54bb6ae5f9e4f5b9f325f869bd137d26fe46e68c335f679fb26a4,2018-12,Essex Police,Essex Police,0.894589,51.886462,On or near Police Station,E01021651,Colchester 013A,Suspect charged
6e5453f6b6c54bb6ae5f9e4f5b9f325f869bd137d26fe46e68c335f679fb26a4,2018-12,Essex Police,Essex Police,0.894589,51.886462,On or near Police Station,E01021651,Colchester 013A,Suspect charged
afc2c0286a7cded59ac9f1ed33642ef7d738ab8fa8845a1a6dfbef6cdd4bd9ec,2018-12,Essex Police,Essex Police,0.445997,51.568960,On or near WICKHAY,E01021287,Basildon 017A,Investigation complete; no suspect identified
8869f3aa15eadd99d9a9c455f3c4956e54f581f4f1f0c64eb238d2e1acd71140,2018-12,Essex Police,Essex Police,0.737940,51.541301,On or near Parking Area,E01015884,Southend-on-Sea 009B,Offender given a caution
bc360e8cb15471e5a20f775a9065bbaf0f99641c39696cde2dc0966052cf13de,2018-12,Essex Police,Essex Police,0.579261,51.882172,On or near ROCHESTER CLOSE,E01021351,Braintree 007B,Suspect charged
d29c530aa8f712fb0e3ade91410414067999cb6ad316cc4454f76e58604b7ae1,2018-12,Essex Police,Essex Police,0.714143,51.536234,On or near Shopping Area,E01015852,Southend-on-Sea 015B,Suspect charged
883d143a1a6266da3df55e7e48a75195df93dadc2ba30e2e03df967ac5cf64f3,2018-12,Essex Police,Essex Police,0.443854,51.742131,On or near MEDWAY CLOSE,E01021599,Chelmsford 009C,Unable to prosecute suspect
22e3f87a63b569d054e2acf913c45db6cc2bdc51b58216d9af1da260fd6ca25e,2018-12,Essex Police,Essex Police,0.443854,51.742131,On or near MEDWAY CLOSE,E01021599,Chelmsford 009C,Unable to prosecute suspect
85136dcfa5c0e45f90700fbf75d24a16074322cc8e114d82739c13816c4cfccf,2018-12,Essex Police,Essex Police,0.753728,51.808428,On or near PEAR TREE COURT,E01021723,Colchester 020A,Investigation complete; no suspect identified
b774c80b97098028a95918988f71d8c358e67c16f26817719e5aa480248338db,2018-12,Essex Police,Essex Police,0.343201,51.953909,On or near STONY LANE,E01022092,Uttlesford 004A,Unable to prosecute suspect
a5a425cc4dab36e097c5663e06314dc765fd4bf4a9c9f2b2c9ebcae881c605aa,2018-12,Essex Police,Essex Police,0.432912,51.570113,On or near TURNER CLOSE,E01021292,Basildon 017B,Unable to prosecute suspect
5d95469e79cb26ebd49b2f0851c755fa1a5694d7067824579c93380fe1b2ee15,2018-12,Essex Police,Essex Police,0.462457,51.585127,On or near Nightclub,E01021268,Basildon 015B,Investigation complete; no suspect identified
0b29c3b79e1dbd0bb63ed2ecf036175b204ea5c38b77eeab32b811000caa237b,2018-12,Essex Police,Essex Police,0.491796,51.577574,On or near EXETER CLOSE,E01021271,Basildon 013A,Investigation complete; no suspect identified
707661bcd8733aba524977fab20d89bd8617d47d63d5d50cbd5f8642dbc4eda7,2018-12,Essex Police,Essex Police,0.515670,51.574699,On or near CLARENDON ROAD,E01021314,Basildon 018B,Unable to prosecute suspect
4939874a914f783efb49db18fb105f96ef9afe90843182c5335fa50552be13f1,2018-12,Essex Police,Essex Police,0.863585,51.874522,On or near REDMILL,E01021692,Colchester 014D,Unable to prosecute suspect
01e5608880adf023ba7c9d60ca193c9fe94a38f98632212aaa669d74a78fccd6,2018-12,Essex Police,Essex Police,0.505528,51.608362,On or near TRINDER WAY,E01021332,Basildon 006D,Unable to prosecute suspect
e07f71cc686b559b4357127dc21b2805aa033280381bdb7845f07ee5c1565179,2018-12,Essex Police,Essex Police,0.276744,51.478030,On or near FIFTH AVENUE,E01016012,Thurrock 015C,Unable to prosecute suspect
cb3a801af1a0e9de77488cf9c4b5b781d6d188d539f74bfc2444a5b07e7d7d5c,2018-12,Essex Police,Essex Police,0.133042,51.689085,On or near MOUNT ROAD,E01021756,Epping Forest 006A,Unable to prosecute suspect
ef7415128262aa98467d22c3663de4ee6fc05319088319e07c611fa10ffd3e08,2018-12,Essex Police,Essex Police,0.333617,51.632168,On or near Petrol Station,E01021447,Brentwood 005A,Unable to prosecute suspect
16c167443e885a6537da8ad77d720147146336a3d021fde544f6225cce991b6f,2018-12,Essex Police,Essex Police,0.620045,51.804074,On or near DON COURT,E01021427,Braintree 016C,Unable to prosecute suspect
af02e0bfe314bd7b5563b3ac7a5e5ef36077b1b40e296b2522e985979d88e1c5,2018-12,Essex Police,Essex Police,0.923410,51.883330,On or near VENTURA DRIVE,E01021685,Colchester 011C,Unable to prosecute suspect
04b5d883490584da7b38e96de9ed790837c9e862d7249dc0cb6e065168b68397,2018-12,Essex Police,Essex Police,0.510671,51.566487,On or near HOWARD CRESCENT,E01021316,Basildon 018D,Investigation complete; no suspect identified
5028654a1d2f86b2ab3d99f5bff408dd74c387b102a7de3c00523580ab06c140,2018-12,Essex Police,Essex Police,0.688353,51.543969,On or near CROWSTONE CLOSE,E01015831,Southend-on-Sea 012E,Unable to prosecute suspect
3f5c0fa9197c5cd5ccda1dff9aabdd7e4a2b0db73594ebd1fbd55947d76c83a4,2018-12,Essex Police,Essex Police,0.633354,51.944384,On or near Parking Area,E01021387,Braintree 004A,Unable to prosecute suspect
361503498c00b4e10ced31152c13d47d56c92f2ee5372d07f4869040c93e60d1,2018-12,Essex Police,Essex Police,0.894346,51.885164,On or near Parking Area,E01021683,Colchester 011A,Suspect charged
c701389f6b09df265bda72752811e51d6c8c1d85fc6949d12c163d0d2a628615,2018-12,Essex Police,Essex Police,0.666220,51.592913,On or near THORPE GARDENS,E01021933,Rochford 003A,Investigation complete; no suspect identified
b6e5aa729632e5aa73116183b485738c3e7f595b5914090ae9f3d51040d33136,2018-12,Essex Police,Essex Police,0.894613,51.894745,On or near VICTORIA CHASE,E01021650,Colchester 007E,Unable to prosecute suspect
e87ddd280dc38f7f872568bf581d2b56253fd01273a87be7a5c721f9b02a6942,2018-12,Essex Police,Essex Police,0.413923,51.578860,On or near WIMBOURNE,E01021278,Basildon 014E,Unable to prosecute suspect
e424f1d6d350d2e97136cc960875cc6072e55e74cad1ade2eac681f652f5079b,2018-12,Essex Police,Essex Police,0.133042,51.689085,On or near MOUNT ROAD,E01021756,Epping Forest 006A,Unable to prosecute suspect
c8e1cd29c73308536df3b1ce3eb5de257bcb6f82389a34e14aa66595ffc6855e,2018-12,Essex Police,Essex Police,,,No location,,,Unable to prosecute suspect
df730fbe4474334fa23707db35fe5b7fe9fad9c668896db60696f7b8e29874fb,2018-12,Essex Police,Essex Police,0.900116,51.889231,On or near Shopping Area,E01021649,Colchester 007D,Offender given a caution
bdc712114e11eb1722f9a22887fe08706a663ad26b683431d97ac5b8f3c3921d,2018-12,Essex Police,Essex Police,1.255586,51.943416,On or near PRINCESS STREET,E01033051,Tendring 002F,Unable to prosecute suspect
47172378ff5f713dbd029dc88df3fe2ead293767c3813848ae57b49c850f6990,2018-12,Essex Police,Essex Police,1.192555,51.809134,On or near ELMFIELD CLOSE,E01022008,Tendring 012A,Investigation complete; no suspect identified
60090c019d5be3a2cc9c04f0fbc3aab52776814b2f7f7c262a9065a0394423ba,2018-12,Essex Police,Essex Police,0.475093,51.735101,On or near WATERLOO LANE,E01033141,Chelmsford 010G,Unable to prosecute suspect
f486ed28179bd34d3edcfe94ace7ff047ddf46c23a28dbf5c38ee637b9cb5e3b,2018-12,Essex Police,Essex Police,0.195123,51.908772,On or near GILBEY CRESCENT,E01022083,Uttlesford 005C,Unable to prosecute suspect
382848fba85d854e15bdc136a3830fd9972b8494cd187aba3f48298ec55f15e9,2018-12,Essex Police,Essex Police,0.699256,51.551012,On or near Sports/Recreation Area,E01015862,Southend-on-Sea 004F,Unable to prosecute suspect
2788c38f74b320751200244df7fea42391881c711783e89fef8c89d61fb3d569,2018-12,Essex Police,Essex Police,0.707905,51.571795,On or near KING HENRY'S DRIVE,E01021956,Rochford 007E,Unable to prosecute suspect
d7c0652284a02041544f7e379c637435e6c7837a97383c6f610ccec7466b1505,2018-12,Essex Police,Essex Police,0.250849,51.498485,On or near FIELD ROAD,E01015922,Thurrock 008A,Investigation complete; no suspect identified
d95b349b5c30131d18cd2fe3cdf8f03b07ee941909cc13560a41fb81b7d55708,2018-12,Essex Police,Essex Police,0.750711,51.822978,On or near COLCHESTER ROAD,E01021726,Colchester 020D,Local resolution
b1aa7dfbde5909c195baf121632404153a3665b76bc746a52dbd379f3cb50c40,2018-12,Essex Police,Essex Police,0.894346,51.885164,On or near Parking Area,E01021683,Colchester 011A,Unable to prosecute suspect
147a00a9841d6b345a9529558af0ded8316d7ba8f85bb5f8c10121218f8a2a80,2018-12,Essex Police,Essex Police,0.795986,51.553189,On or near EXHIBITION LANE,E01021924,Rochford 010E,Unable to prosecute suspect
1051ce514d38dee8e015d5088493e0a10b70ff2f3438e8001cdce7888e953bee,2018-12,Essex Police,Essex Police,0.897532,51.892209,On or near SHORT CUT ROAD,E01021649,Colchester 007D,Unable to prosecute suspect
03d4226305b9bd7f9e0d9a5e09d20b5df607b3d29235e165b067072ddfb9df5a,2018-12,Essex Police,Essex Police,1.151280,51.792583,On or near WELLESLEY ROAD,E01022026,Tendring 016C,Unable to prosecute suspect
41efdd13725d07b84ce705d7e3d211a053e576363bb74546e660b81b7f473c1c,2018-12,Essex Police,Essex Police,1.173667,51.813729,On or near WILSON COURT,E01021984,Tendring 010A,Investigation complete; no suspect identified
6c59c84ce86decf17c1c8774cb1dfe04ba9a5e03a3f218def89d38bbc43ce00d,2018-12,Essex Police,Essex Police,0.372237,51.979550,On or near B1051,E01022097,Uttlesford 004C,Investigation complete; no suspect identified
c16457bb34ac0aa138bc58d5ff3f03084c4f2e4dd1eefe65b58944e1d99e5ead,2018-12,Essex Police,Essex Police,0.090994,51.771224,On or near Petrol Station,E01021872,Harlow 007E,Investigation complete; no suspect identified
e2c45768a2a954831ede0abca3398e8900fead078543f6a23cf7fb5260f9a129,2018-12,Essex Police,Essex Police,1.156341,51.788832,On or near BEACH ROAD,E01022025,Tendring 016B,Investigation complete; no suspect identified
a34545c929d4ab0eea2f3a328f3ff8f1ff2cfa54976e638db9f90835091e0258,2018-12,Essex Police,Essex Police,0.453369,51.567043,On or near BESSEMER CLOSE,E01021297,Basildon 020D,Unable to prosecute suspect
199e4df703406deec4017b5e2e7c8d1cb3f48fb3aa7e66a8b4379dca19c83cfd,2018-12,Essex Police,Essex Police,0.444697,51.570003,On or near RISE PARK,E01021293,Basildon 017C,Investigation complete; no suspect identified
c67f5144da3637ce0545eafb7d0bac02c625b7034ca04d13dce96bb0cae62abf,2018-12,Essex Police,Essex Police,0.444697,51.570003,On or near RISE PARK,E01021293,Basildon 017C,Investigation complete; no suspect identified
f5b28052217026e4d8ed3071f3f6a39368c244c87906b87b4208b1a9a15cf75c,2018-12,Essex Police,Essex Police,0.443114,51.583274,On or near Pipps Hill Retail Park,E01021268,Basildon 015B,Unable to prosecute suspect
8694de76b8c46b5002c774d7ca8b29b636207d04070dddcae87663b9e8d01d63,2018-12,Essex Police,Essex Police,0.681184,51.543224,On or near SEYMOUR ROAD,E01015832,Southend-on-Sea 012F,Investigation complete; no suspect identified
4802f1e438ccda2f9ac9f45fa909502da7e6f74c34f1fcb485a435719f294e10,2018-12,Essex Police,Essex Police,0.447220,51.747591,On or near AUCKLAND CLOSE,E01021598,Chelmsford 003C,Investigation complete; no suspect identified
c2eb332aaac0c741f296030ddc60a3a67493e57c2917e8102ff45117ae6488fb,2018-12,Essex Police,Essex Police,0.707964,51.544866,On or near VICTORIA AVENUE,E01015895,Southend-on-Sea 010A,Unable to prosecute suspect
af49010b11d4b9429fdbeda1eb81737be449f26a98b74814768267c556e8e70e,2018-12,Essex Police,Essex Police,0.747161,51.807556,On or near STATION ROAD,E01021725,Colchester 020C,Local resolution
8a357b88a008249af8f3bc4673fdca67cf0a97ef5e5a486a48263688b17ffc82,2018-12,Essex Police,Essex Police,0.667320,51.542434,On or near WOODFIELD ROAD,E01015846,Southend-on-Sea 011B,Unable to prosecute suspect
771cfdc0021391455fee4d993027a76fceaa4fd8f2a60e3fd1f0f4d98b29c8fd,2018-12,Essex Police,Essex Police,0.660671,51.547388,On or near Supermarket,E01015850,Southend-on-Sea 011F,Investigation complete; no suspect identified
378822a9e8b98f3c637a3a29c0bfb2eb91dd4af004fc74175d6440e79a71e28d,2018-12,Essex Police,Essex Police,0.505195,51.737790,On or near JENNER MEAD,E01021544,Chelmsford 008A,Investigation complete; no suspect identified
a8a7336371442d19e96f4b4f4c291124ec3df0502e37bc3bb08652d28badbdd3,2018-12,Essex Police,Essex Police,0.747161,51.807556,On or near STATION ROAD,E01021725,Colchester 020C,Local resolution
885511b7fc9c0d3c417116ce4e605ac19285f75a2eccda322f6aebcd82e0a5ad,2018-12,Essex Police,Essex Police,0.551134,51.879450,On or near BANK STREET,E01021365,Braintree 009D,Investigation complete; no suspect identified
cfbdc032199840f18ba21a2120ba793ce4dfb0e3c7b5228aa4089cb2920a00a5,2018-12,Essex Police,Essex Police,0.501973,51.565513,On or near POPES CRESCENT,E01021316,Basildon 018D,Investigation complete; no suspect identified
3941fadb079bb9de8fe5f945cc89f60c378d077eacaa9b5a40b7cdfc8eea9c23,2018-12,Essex Police,Essex Police,0.702321,51.537982,On or near AVENUE ROAD,E01015856,Southend-on-Sea 015F,Investigation complete; no suspect identified
e22a23daed9a8f68111afce2a92d684da4f690f126d4284229935eec08e8571e,2018-12,Essex Police,Essex Police,1.151280,51.792583,On or near WELLESLEY ROAD,E01022026,Tendring 016C,Offender given a drugs possession warning
f41d52c28c90d1abe6f4e110cb7a057b43200ea50bc403f868e459a12cf65ec3,2018-12,Essex Police,Essex Police,0.132511,51.766089,On or near Supermarket,E01021827,Harlow 005D,Investigation complete; no suspect identified
6c4ea69c00a10e39d319be57d9d5daddc03ab6d2b7dff700021a3976dff82091,2018-12,Essex Police,Essex Police,0.676640,51.722110,On or near VOLWYCKE AVENUE,E01021894,Maldon 005B,Investigation complete; no suspect identified
108b57c68fe7954353f979344034023e1c822abc89e1cfcbff406e9e948ef21c,2018-12,Essex Police,Essex Police,0.504566,51.563587,On or near Pedestrian Subway,E01021310,Basildon 022B,Investigation complete; no suspect identified
1e3dd8bec694af08652693e0d47316894abbc86010a1d4737f4fbee685ce1186,2018-12,Essex Police,Essex Police,0.706150,51.578922,On or near THE RIDINGS,E01021952,Rochford 007C,Suspect charged
cba4feb7429b82b04f0594149b2618ebd3b8c356b700fe15a7ef1a9644ba206f,2018-12,Essex Police,Essex Police,0.117819,51.788468,On or near PRINTERS WAY,E01021848,Harlow 002E,Unable to prosecute suspect
e5cb6c4f96eaf0cba3d599c548dc2947d8154f6b62d5e67129d030c8e71f5065,2018-12,Essex Police,Essex Police,0.094481,51.770766,On or near EAST GATE,E01021872,Harlow 007E,Investigation complete; no suspect identified
c931a7cd2a877e70206aeccfb050217aa9da38f88be0b28f7a2a27ceff4187e8,2018-12,Essex Police,Essex Police,0.600376,51.651985,On or near OLD WICKFORD ROAD,E01021614,Chelmsford 019D,Suspect charged
65a5c05287ef5cfa0cb79205d3582a4dd541c74ceb347edd2bd2edd2d5685112,2018-12,Essex Police,Essex Police,0.706150,51.578922,On or near THE RIDINGS,E01021952,Rochford 007C,Suspect charged
a704e2505e016efb6832718a7b6c86c8310a778d333738927717fdf325e96ec1,2018-12,Essex Police,Essex Police,0.775287,51.542582,On or near WITHYPOOL,E01015914,Southend-on-Sea 017A,Investigation complete; no suspect identified
3846fe305b8619b257e7c0e029a4faf49d6945d6713d4fd1432301007d30a33e,2018-12,Essex Police,Essex Police,0.561498,51.565011,On or near GIFFORD ROAD,E01021478,Castle Point 003C,Investigation complete; no suspect identified
8e170a784c9e2c8aac6ab9341a7a8881f92370ebe05472aeea1bd639d0dc36c9,2018-12,Essex Police,Essex Police,0.096056,51.768166,On or near SOUTH GATE,E01021868,Harlow 007B,Suspect charged
2293964496ae38756bc9c6ae8fc72cbf1e5af8aa6a2e44c32f8a78965bf18098,2018-12,Essex Police,Essex Police,0.706150,51.578922,On or near THE RIDINGS,E01021952,Rochford 007C,Suspect charged
d3af7be48b10e405144176ab666ed4b7e37d3cdf23d1d63b96a51e19597d1982,2018-12,Essex Police,Essex Police,0.701333,51.930468,On or near HILLIE BUNNIES,E01021410,Braintree 006E,Investigation complete; no suspect identified
a6e860f04fb4e412869aaa1444e15ffbdd10456051210c32024689c7aeec30ba,2018-12,Essex Police,Essex Police,0.900615,51.887717,On or near VINEYARD GATE,E01021649,Colchester 007D,Investigation complete; no suspect identified
c15f8df0694836cb676f8813639fe833ddca0f696ccd2d5f1f954f94c7785d63,2018-12,Essex Police,Essex Police,0.706150,51.578922,On or near THE RIDINGS,E01021952,Rochford 007C,Suspect charged
f8f97fd6d190c01d0cd5f974bb6b964ace1c472b3822bf383610383703687e8a,2018-12,Essex Police,Essex Police,1.080622,51.804162,On or near GOLDING WAY,E01022045,Tendring 018D,Investigation complete; no suspect identified
1fb718fb9871e4bfc51b55defc3c73c0a14525096c88c17e11bdd1e6b014965d,2018-12,Essex Police,Essex Police,0.445296,51.573912,On or near LITTLE LULLAWAY,E01021293,Basildon 017C,Unable to prosecute suspect
a579fe7f1a3efaa53fbab6ae6da545d0147094ced7fcf67ddf55d40766d3a59c,2018-12,Essex Police,Essex Police,0.504768,51.564104,On or near BROADWAY LINK,E01021316,Basildon 018D,Investigation complete; no suspect identified
37aeb182b7966d534c06bc25fabd8e1d6baad4efdb67a65e3a0057deda4a97c8,2018-12,Essex Police,Essex Police,0.999591,51.852334,On or near DE STAUNTON CLOSE,E01021967,Tendring 009A,Offender given a caution
fad91068e65750b0e0d55aa56ae2298b0274655f712d0e8b77e8695c704f8b2b,2018-12,Essex Police,Essex Police,0.333617,51.632168,On or near Petrol Station,E01021447,Brentwood 005A,Investigation complete; no suspect identified
d55b855e1aeb5bb1acfa851f58b71203bd966fe39e57c637fe9a72384554a57b,2018-12,Essex Police,Essex Police,0.751169,51.835243,On or near MESSING GREEN,E01021643,Colchester 019A,Unable to prosecute suspect
7572ef3ed683703c728bcdc4f6a70922e2f2caef9f81963b7f02bfc9a297113d,2018-12,Essex Police,Essex Police,1.169204,51.811133,On or near MEADOW CLOSE,E01021984,Tendring 010A,Investigation complete; no suspect identified
e43a797119fcd0d346ad3ce6541bf373f711f4cb2349c6b6f0da0b0a072311d0,2018-12,Essex Police,Essex Police,0.486875,51.559089,On or near RYEDENE PLACE,E01021311,Basildon 022C,Unable to prosecute suspect
0a1dd59bf45e78f732c95e8ffb1d5f05560924e580a15c72ea891190cf6dca01,2018-12,Essex Police,Essex Police,0.443114,51.583274,On or near Pipps Hill Retail Park,E01021268,Basildon 015B,Investigation complete; no suspect identified
abf1d535ae9b3ce1bfd28d7ea6184a26b0b8abb64524d720ff162fb6e8d3b549,2018-12,Essex Police,Essex Police,0.011434,51.687409,On or near ROUNTON ROAD,E01021807,Epping Forest 008A,Investigation complete; no suspect identified
1e7053ed405896f7f0136a2bfa74d1d8b694aafdfabd7606a39df0c04bcd45e9,2018-12,Essex Police,Essex Police,0.475387,51.732801,On or near Shopping Area,E01033140,Chelmsford 010F,Investigation complete; no suspect identified
e6746d4181d519663c74605e1c36bd2ce98f0a27511dc25c69ac5436f1e26b97,2018-12,Essex Police,Essex Police,0.386590,51.737436,On or near GRAVELLY LANE,E01021634,Chelmsford 011D,Investigation complete; no suspect identified
dbd3bc47bc452bb17427b6c34bcdf9fb97dcc97e613a448752e5a5bd2e415bc2,2018-12,Essex Police,Essex Police,0.666359,51.777923,On or near CHURCH ROAD,E01021912,Maldon 002C,Investigation complete; no suspect identified
7eb6e5eacecf866cb54d335354b8ee7963aebb738654ae337f6f6f6c8c15b3a1,2018-12,Essex Police,Essex Police,0.710117,51.536183,On or near NELSON STREET,E01015853,Southend-on-Sea 015C,Investigation complete; no suspect identified
a150e47a5910a07e01aeb066e74e5aea0bc2e26b8f20879b8882b35d8118770a,2018-12,Essex Police,Essex Police,0.500938,51.570832,On or near Pedestrian Subway,E01021305,Basildon 013D,Unable to prosecute suspect
82f3d6d78fa2e3f32183055874d9ac1d8f55f73905d214677d28675e99642d2c,2018-12,Essex Police,Essex Police,0.932614,51.876931,On or near HAVEN ROAD,E01021664,Colchester 016C,Investigation complete; no suspect identified
f82d19f396cbf80a060908a4e89fef78142a11e20f6bf34976333d81bdbe4ba1,2018-12,Essex Police,Essex Police,0.900615,51.887717,On or near VINEYARD GATE,E01021649,Colchester 007D,Unable to prosecute suspect
af851a2510f8c8500b3bd9e55a182146be45dce208b21c523d53d3899298ab5b,2018-12,Essex Police,Essex Police,0.132511,51.766089,On or near Supermarket,E01021827,Harlow 005D,Investigation complete; no suspect identified
ea55194a5fc1c2ecb2d04065dc6935de2358544a45d3eb222836704d1a587c3e,2018-12,Essex Police,Essex Police,0.487209,51.572869,On or near TIMBERLOG CLOSE,E01021326,Basildon 022D,Investigation complete; no suspect identified
c5e36d6242912879aa95429c224416f7a576d2f060e54944bfd04bc531b77751,2018-12,Essex Police,Essex Police,0.655495,51.541965,On or near WEST STREET,E01015849,Southend-on-Sea 011E,Investigation complete; no suspect identified
eee59240a66c940ed6924d33a6b1a84eddb2cd8b65202997e23cb3f4da058eeb,2018-12,Essex Police,Essex Police,0.099224,51.677078,On or near HAREWOOD HILL,E01021805,Epping Forest 010D,Investigation complete; no suspect identified
31878cc1d55f5efc193aba5cd758079b06f9cf31ac2f8f8ca308c973a74a9632,2018-12,Essex Police,Essex Police,0.090342,51.611069,On or near OAK LODGE AVENUE,E01021765,Epping Forest 017B,Investigation complete; no suspect identified
e51a665fb156ab1255c0163fe950d316e69e7b045b8acf5035d463df137497ec,2018-12,Essex Police,Essex Police,0.417959,51.637187,On or near GROSVENOR GARDENS,E01021252,Basildon 002E,Unable to prosecute suspect
a4477a84de4ef617c5f8ae506f43f82f12f4597fcdc320f85e6cfca0c503d73b,2018-12,Essex Police,Essex Police,0.551687,51.567356,On or near LONDON ROAD,E01021476,Castle Point 003A,Investigation complete; no suspect identified
b4a7f2d3aa533b563aad35ef912f6dc99dc0131da587ec0bd5fb61c7b5c4cc9d,2018-12,Essex Police,Essex Police,0.845734,51.878068,On or near Petrol Station,E01021721,Colchester 012D,Investigation complete; no suspect identified
1235f9719b65dd29fe9d9205e229a2972c1493d0cc610e4ce14d20c8cc588799,2018-12,Essex Police,Essex Police,0.362673,51.466194,On or near CENTRAL AVENUE,E01016007,Thurrock 018E,Unable to prosecute suspect
69b66b653c516162ac0993bd8138344f02e3b5879de7586dd19d0f5adcdadc27,2018-12,Essex Police,Essex Police,0.129177,51.762984,On or near OAKLANDS DRIVE,E01021836,Harlow 008D,Investigation complete; no suspect identified
51312266e879a56a78743c7acadbb316d2c82cc5034bfe1c59599dbc43cb5d40,2018-12,Essex Police,Essex Police,0.697357,51.539166,On or near ST HELEN'S ROAD,E01015856,Southend-on-Sea 015F,Investigation complete; no suspect identified
b50bfacb5c5b8c6cdf52f0db732d83cc33e60f442eb0788d1a428eab558d165c,2018-12,Essex Police,Essex Police,0.311474,51.488133,On or near DUARTE PLACE,E01033612,Thurrock 020D,Local resolution
ffca96e2b4f4d1b4b4bcd53581f9caa4e1904701a8507e86e0f52d58c3e2269c,2018-12,Essex Police,Essex Police,0.495740,51.562363,On or near CHESTNUT COURT,E01021310,Basildon 022B,Investigation complete; no suspect identified
dea788d47542e5c4defdcdb671a8c9b5bb975f12de336e5b041385ae96d3357a,2018-12,Essex Police,Essex Police,0.096056,51.768166,On or near SOUTH GATE,E01021868,Harlow 007B,Unable to prosecute suspect
ab6e8808934668431f194f1227e24f02932bfff0d4ce06ec6f03d0e00a6c3adb,2018-12,Essex Police,Essex Police,0.417129,51.626206,On or near Parking Area,E01021244,Basildon 004A,Investigation complete; no suspect identified
823c9ad369d0363ad055d50f39e09e52b3edd9b9dcb08243519977344034de39,2018-12,Essex Police,Essex Police,0.128334,51.763243,On or near POTTER STREET,E01021827,Harlow 005D,Investigation complete; no suspect identified
27d5beb9a1ee06d36dbdcb82111e341147c74b212641270fa718f16857d991f6,2018-12,Essex Police,Essex Police,0.107435,51.695968,On or near HALF MOON LANE,E01021757,Epping Forest 006B,Investigation complete; no suspect identified
77a82cbe20255329776a5f7efb36808b02a2a26eb2e052267c5409de9de9eb46,2018-12,Essex Police,Essex Police,0.426960,51.586235,On or near HIGH ROAD NORTH,E01021263,Basildon 010C,Unable to prosecute suspect
7d8228d14402e2bc3c7638a64449eba10e116a086392f596a6c72ed1dd3f78b5,2018-12,Essex Police,Essex Police,0.750711,51.822978,On or near COLCHESTER ROAD,E01021726,Colchester 020D,Unable to prosecute suspect
eb0191b168add1e86bc9313844dd688d53faf38c90ee28826b684f06703b799e,2018-12,Essex Police,Essex Police,0.734440,51.541149,On or near SURBITON ROAD,E01015839,Southend-on-Sea 014A,Investigation complete; no suspect identified
40bb7a95e1c56efce3131762643fe7c7d82b461431accc510b9051d0eddc67d3,2018-12,Essex Police,Essex Police,0.830302,51.662198,On or near STATION ROAD,E01021906,Maldon 006D,Investigation complete; no suspect identified
005f269e95346a1f482c856e6b9571d50ae5973976a2dc75609d798d100131e1,2018-12,Essex Police,Essex Police,0.664271,51.543079,On or near LEIGH ROAD,E01015846,Southend-on-Sea 011B,Suspect charged
5bad70f7b204adb6d31eca58014a984ea751ec1990275d294d9952dcf8ee1ede,2018-12,Essex Police,Essex Police,0.452708,51.787900,On or near HOE LANE,E01021540,Chelmsford 001C,Investigation complete; no suspect identified
02156c2e1bcd0d03b8c8f44c9231b547542f52131df14a7572fea94b052756b9,2018-12,Essex Police,Essex Police,0.578284,51.527581,On or near FERRYMEAD,E01021506,Castle Point 008E,Unable to prosecute suspect
27a93e45df0db83ca06b1f2fa48d229290a79986979b9f5f7750cf3e45d5e3d8,2018-12,Essex Police,Essex Police,0.928443,51.881388,On or near CAELUM DRIVE,E01033719,Colchester 008G,Investigation complete; no suspect identified
74a2b7561c3bf741993e3b581ac76ccd6ab384d0bc8e8e7449bc1472d2e1b663,2018-12,Essex Police,Essex Police,0.578284,51.527581,On or near FERRYMEAD,E01021506,Castle Point 008E,Unable to prosecute suspect
f8aa8c8636662419f0fd922ff7df8e76bc31e0b1f9fe36d5d999ada720c4d41e,2018-12,Essex Police,Essex Police,0.275564,51.489033,On or near Supermarket,E01016012,Thurrock 015C,Local resolution
209925303942d51219ed0e4d31a62f33704dd48352f1d2ade073877ec95e6de8,2018-12,Essex Police,Essex Police,0.894589,51.886462,On or near Police Station,E01021651,Colchester 013A,Suspect charged
7c89c95e512db187f9f6d946da447cddae3f27aec9291b3d22fad62fb0749d7b,2018-12,Essex Police,Essex Police,0.748370,51.814075,On or near Parking Area,E01021727,Colchester 020E,Investigation complete; no suspect identified
adb9294fd7da0017f20ff2e8d6b67ccfe28e488ce3adaf69ef4db359b70ab96b,2018-12,Essex Police,Essex Police,0.107435,51.695968,On or near HALF MOON LANE,E01021757,Epping Forest 006B,Investigation complete; no suspect identified
555a208903f943db45f325637d3133b1fc2ad6dd75869cf281beaf5c7f4f3316,2018-12,Essex Police,Essex Police,0.894589,51.886462,On or near Police Station,E01021651,Colchester 013A,Suspect charged
53b56c7cfe3e1fd1da69cf447c6f06b28e0236581a493a8498ce797a3a805989,2018-12,Essex Police,Essex Police,0.734440,51.541149,On or near SURBITON ROAD,E01015839,Southend-on-Sea 014A,Investigation complete; no suspect identified
0741d86cf299ea25d41a19d989e3918ec57abe24410f1ed556319b6e5ae468e0,2018-12,Essex Police,Essex Police,0.936878,51.904660,On or near KENTMERE,E01021708,Colchester 022A,Unable to prosecute suspect
467abef56ab1ec01e431740a38612842e786dc2c104ffb4e66844056dddede5d,2018-12,Essex Police,Essex Police,0.705949,51.551002,On or near REGENCY GREEN,E01015861,Southend-on-Sea 004E,Investigation complete; no suspect identified
7c914d2331fd4ac51869c2f81ca893c43b2518205a37aa5799849a7322a1bd94,2018-12,Essex Police,Essex Police,0.895390,51.894168,On or near MARKET CLOSE,E01021650,Colchester 007E,Offender given a drugs possession warning
903eb17f6627cb8dae54526de11a473ea2429cde2ae09306623392773029d433,2018-12,Essex Police,Essex Police,0.299860,51.613310,On or near MYRTLE ROAD,E01021475,Brentwood 007E,Investigation complete; no suspect identified
cb5c670fb5fc1314e0d85eb52bf8c4ad92d4734a30cfe0ab119467b843ecc3e6,2018-12,Essex Police,Essex Police,0.427504,51.516806,On or near Petrol Station,E01015989,Thurrock 005A,Investigation complete; no suspect identified
dfdc3cf3368fa6253d5683dd36877f8aaae00a978b50d0b13dd3b706654a7e97,2018-12,Essex Police,Essex Police,0.247641,51.504437,On or near B1335,E01015923,Thurrock 008B,Investigation complete; no suspect identified
ba63b214f258d0407558f2db0748cd14be69ce469aad0acccff7bbdcaedfd0b8,2018-12,Essex Police,Essex Police,0.187051,51.582121,On or near Petrol Station,E01002353,Havering 013B,Unable to prosecute suspect
6b646cf3e3a6099aa0ccbf7fa6905fc09abc8564801fa9ae271aa2525f4962ed,2018-12,Essex Police,Essex Police,0.737940,51.541301,On or near Parking Area,E01015884,Southend-on-Sea 009B,Unable to prosecute suspect
dd450000d63f676e386aa326860ef2e633fbb87e29d60ee708e7fe1ededa279b,2018-12,Essex Police,Essex Police,0.285222,51.484852,On or near Parking Area,E01016011,Thurrock 015B,Investigation complete; no suspect identified
478fe047f6617745814feba38379aa4a54e3583e974963e26cf801a7c20b2e1e,2018-12,Essex Police,Essex Police,0.668080,51.617747,On or near CLARENDON ROAD,E01021914,Rochford 002A,Investigation complete; no suspect identified
03f7827779d226edbd1a7103423933ca28223efbf410d4ba9bf147dfe8c0bf5e,2018-12,Essex Police,Essex Police,1.256927,51.936022,On or near THE HAVEN,E01022007,Tendring 002D,Unable to prosecute suspect
0d7db3c9e7c344fc7220de3daf7f743ab20eeb0f10555a403e5c907e5678575f,2018-12,Essex Police,Essex Police,0.384952,51.714321,On or near Park/Open Space,E01021551,Chelmsford 011A,Investigation complete; no suspect identified
6f3bdcf9c58df3739721a5ac4e96c9d52631067288c58cc0865c55abf717c1d4,2018-12,Essex Police,Essex Police,0.132577,51.757347,On or near CHAPEL LANE,E01021836,Harlow 008D,Local resolution
b5849e0adf4d9c288e06528ac47ef36606df1c493bc1c69c4991474445c325f9,2018-12,Essex Police,Essex Police,0.128152,52.031874,On or near Sports/Recreation Area,E01022098,Uttlesford 003E,Investigation complete; no suspect identified
ba98b9fd40752dfaed41b2c2a8df5ce04c1f371f1ad81cff132570d3f47c3b3b,2018-12,Essex Police,Essex Police,0.505954,51.931321,On or near BRAINTREE ROAD,E01021404,Braintree 005A,Investigation complete; no suspect identified
f081910563e472fdae1bfe25d7cf4b36012e6543e56a014aca962067ed83b837,2018-12,Essex Police,Essex Police,,,No location,,,Investigation complete; no suspect identified
a3c9ba3b094b260853813cb866e21ab8158d92359d57dd614089da1acfba1ab9,2018-12,Essex Police,Essex Police,0.466017,51.746110,On or near KINGS ROAD,E01021591,Chelmsford 002E,Unable to prosecute suspect
a4aa45496842b799da0fae57d99d155c01beba2112ea8179f4c9f5cead3ac83c,2018-12,Essex Police,Essex Police,0.496739,51.758087,On or near CROFT COURT,E01021616,Chelmsford 004A,Investigation complete; no suspect identified
fd994c47ec15c0ac29b3211488af1baf6ca610c46b4aa8acd169354b2c6ef328,2018-12,Essex Police,Essex Police,0.629205,51.846290,On or near REBECCA GARDENS,E01021360,Braintree 012A,Suspect charged
5d1576b2b4e8b594a4ce0b11c10d6da965a572cf9083fe809f81b5e56ee11ee1,2018-12,Essex Police,Essex Police,0.296870,51.539465,On or near OCKENDON ROAD,E01002391,Havering 018E,Investigation complete; no suspect identified
627ae692f7251b419ceaaa87f0e25caf20e3bd48160f9c16e4e86ee3c2e091cc,2018-12,Essex Police,Essex Police,1.256927,51.936022,On or near THE HAVEN,E01022007,Tendring 002D,Unable to prosecute suspect
080332565ab93be4436a01c0d4266e5cc6014e040539699c4fbf4b6caaacb07f,2018-12,Essex Police,Essex Police,0.502081,51.573506,On or near Pedestrian Subway,E01021306,Basildon 013E,Investigation complete; no suspect identified
639f7f79fecfc369e51193e939086d7fe48fc43c06160799977b8e29aeedb5e4,2018-12,Essex Police,Essex Police,0.714390,51.538674,On or near Parking Area,E01015852,Southend-on-Sea 015B,Investigation complete; no suspect identified
bdb646556edbdda9fd771bf267d8442e845a189f216c9fefe11245cf7fee0c27,2018-12,Essex Police,Essex Police,0.496739,51.758087,On or near CROFT COURT,E01021616,Chelmsford 004A,Investigation complete; no suspect identified
0536bcf0cd486ff2f2c48434694069e7eb51c5e4ab9d16f6fa79c95458e4e0b6,2018-12,Essex Police,Essex Police,0.660269,51.544690,On or near LEIGHTON AVENUE,E01015847,Southend-on-Sea 011C,Investigation complete; no suspect identified
43d3e1bf76c61af0adec6d71207072b1a4de094136fe455de77aef7b6ebf2bf2,2018-12,Essex Police,Essex Police,0.284490,51.487772,On or near Shopping Area,E01016011,Thurrock 015B,Investigation complete; no suspect identified
0be606a659b8d0f5bc0cb6a90f650c84207296e25902f181a35c584c2de5386d,2018-12,Essex Police,Essex Police,0.692313,51.608569,On or near ARNOLDS WAY,E01021914,Rochford 002A,Investigation complete; no suspect identified
cf204dc856e08963915c2f2a6786487c8d711346d66976a5d2eca0ef3ab677e3,2018-12,Essex Police,Essex Police,0.082836,51.647128,On or near Supermarket,E01021776,Epping Forest 011C,Investigation complete; no suspect identified
ce95a905d482caf308bd36701827f01d73c42021acea483a4bafdca9454429fa,2018-12,Essex Police,Essex Police,0.480314,51.575047,On or near CURLING WALK,E01021270,Basildon 012D,Unable to prosecute suspect
0affae439d8d4cf726ea04017587ab434c6854019dd2be3cb908151b0ca3a3ee,2018-12,Essex Police,Essex Police,0.366623,51.872974,On or near CRAYFIELDS,E01022069,Uttlesford 008D,Investigation complete; no suspect identified
c2d4f9bdefaab327c3eb1fae1b1752a57bb01c0ccd57aad4537ff170dde06ca7,2018-12,Essex Police,Essex Police,0.480314,51.575047,On or near CURLING WALK,E01021270,Basildon 012D,Unable to prosecute suspect
1193f624bbb9d8f796acc12a4d1c5e54cac19c97b5ff48201900a731fe19662f,2018-12,Essex Police,Essex Police,0.461228,51.569334,On or near Pedestrian Subway,E01021318,Basildon 015C,Investigation complete; no suspect identified
56d134af79b56e96669c248f50a34163051fc109979e003cfaad7efa086356b5,2018-12,Essex Police,Essex Police,0.664324,51.720250,On or near Supermarket,E01021896,Maldon 005D,Investigation complete; no suspect identified
98a2846120e69a5ac02e3499c8ab5f53e79d51324acc5f5e1e190b04158a9a79,2018-12,Essex Police,Essex Police,0.471884,51.568111,On or near OSBORNE ROAD,E01021295,Basildon 020B,Local resolution
f1c43726c24371947064bd40e8bfbfee89832a7f45f09bbcbede4ac8f3697a5e,2018-12,Essex Police,Essex Police,0.472504,51.567568,On or near MISTLEY SIDE,E01021295,Basildon 020B,Local resolution
5be1ad2796d314b242acd80eb744ef3ea5cb3b5c59c0a853e25e6619bf369f6a,2018-12,Essex Police,Essex Police,0.922576,51.892875,On or near ST EDMUND'S COURT,E01021704,Colchester 022F,Unable to prosecute suspect
953c43498fc9f7e1b099687d05762d37d48cee3e3e1f39c5633f8c58793b86e9,2018-12,Essex Police,Essex Police,1.155299,51.788653,On or near ORWELL ROAD,E01022025,Tendring 016B,Unable to prosecute suspect
29d10077235a9695c2b09d19ad57dd89cda025223c6f0242cab4c673b9e7f35b,2018-12,Essex Police,Essex Police,0.715713,51.550245,On or near STUART CLOSE,E01015874,Southend-on-Sea 006F,Investigation complete; no suspect identified
f69a223bb98419eafdba1554c9f335cf2509f33d0cd61fb5f07d7feee6b5a898,2018-12,Essex Police,Essex Police,0.078247,51.644134,On or near LUSHES ROAD,E01021773,Epping Forest 013C,Investigation complete; no suspect identified
280dbcc1b916e8c7b49a84d6b22c51ffd431c4ffe8a9083192fb313d8a25f4ba,2018-12,Essex Police,Essex Police,0.430650,51.567471,On or near GOWER CHASE,E01021288,Basildon 016B,Unable to prosecute suspect
1563ff15c714c34949f24f518c9cca05ba7fb7465e01d85f1ba831f332353080,2018-12,Essex Police,Essex Police,0.494646,51.715631,On or near GOWERS AVENUE,E01021565,Chelmsford 014C,Investigation complete; no suspect identified
c29e7a0aba01d2799de8bb3b89464b903f81b3441cffd18385615aa71ec8a061,2018-12,Essex Police,Essex Police,0.282330,51.485772,On or near Parking Area,E01016011,Thurrock 015B,Investigation complete; no suspect identified
3de7374b38b0f2c1d9a8823292bb4bede18b5f371871df6589cfe0ae64b014f4,2018-12,Essex Police,Essex Police,0.460762,51.569263,On or near Supermarket,E01021318,Basildon 015C,Investigation complete; no suspect identified
e381c0586be12a7d450ed7fd1590884b5ff11872b738958f453b6ffad36164fa,2018-12,Essex Police,Essex Police,0.664324,51.720250,On or near Supermarket,E01021896,Maldon 005D,Investigation complete; no suspect identified
f427ca07daa9e8ec972ff07b778a0709c031b2fee6892cea4d336cf717c80fec,2018-12,Essex Police,Essex Police,0.732557,51.548946,On or near RYLANDS ROAD,E01015870,Southend-on-Sea 006B,Investigation complete; no suspect identified
d225ff5aeb1192f0a75abee72531ec92856d488827cacf822da8cc89e6183115,2018-12,Essex Police,Essex Police,1.256927,51.936022,On or near THE HAVEN,E01022007,Tendring 002D,Unable to prosecute suspect
f8af54ac685b522f82c5fe30e4509030f2973332cb3424bfec0db7dca9bedcdb,2018-12,Essex Police,Essex Police,0.574904,51.522106,On or near LINDEN WAY,E01021485,Castle Point 010A,Investigation complete; no suspect identified
cc88a541f4141efb2743f04bb67a77728b02f3a331c94830f6199b081b78b590,2018-12,Essex Police,Essex Police,0.898501,51.890107,On or near ST RUNWALD STREET,E01021649,Colchester 007D,Unable to prosecute suspect
daa756b88b445e429288c061ad013a282759975961d045dd80428f2edb60bc1d,2018-12,Essex Police,Essex Police,0.468593,51.736218,On or near DUKE STREET,E01033141,Chelmsford 010G,Investigation complete; no suspect identified
d112171b41d7014575b570e250052a90b764d38f4be61ca831fe32f6ff66b8a9,2018-12,Essex Police,Essex Police,0.581077,51.519875,On or near Police Station,E01021502,Castle Point 011E,Investigation complete; no suspect identified
e4366e9c366212da4afa151bbdcc6d1e74847b0bf0a37cbea80b3ae70b46b7e1,2018-12,Essex Police,Essex Police,0.715713,51.550245,On or near STUART CLOSE,E01015874,Southend-on-Sea 006F,Investigation complete; no suspect identified
114de1900016d9e90ba412f34a84b71a387e7cd6b06194c8dc7e18dfcf35d9f1,2018-12,Essex Police,Essex Police,0.896245,51.888706,On or near HEAD STREET,E01021649,Colchester 007D,Investigation complete; no suspect identified
80b9195d688d528c96e705e90bd98eab58eaedf5495731d0da88fc64fc4c3792,2018-12,Essex Police,Essex Police,0.566521,51.850868,On or near CUSTERSON DRIVE,E01021347,Braintree 013A,Investigation complete; no suspect identified
7d5cb7b755890406b994e7fe8cbb45ca9efc03b2cd7d9069f929915008896b6a,2018-12,Essex Police,Essex Police,0.897808,51.901249,On or near Supermarket,E01021679,Colchester 004A,Unable to prosecute suspect
0ebf69643ce1927ad43a807482d17fb48912276235b6b8d13eb6e4d0869060eb,2018-12,Essex Police,Essex Police,0.120113,51.769668,On or near PENNYMEAD,E01021846,Harlow 002C,Investigation complete; no suspect identified
3c64d84657a4a33f7e380801a00178c61888c8f7e0db3668a603e124099d2931,2018-12,Essex Police,Essex Police,0.548558,51.560166,On or near LIMETREE AVENUE,E01021523,Castle Point 007D,Unable to prosecute suspect
329d45bcc5a1e8e41c5958ca84d399d02a8ce7c1ab593ba05499dbb8bdd29b7f,2018-12,Essex Police,Essex Police,0.564080,51.520626,On or near EDITH ROAD,E01021486,Castle Point 010B,Unable to prosecute suspect
d42880d4a7e40bba7b432eee1261166ace7fa350fed27a389f2635c94d641519,2018-12,Essex Police,Essex Police,0.745457,51.814845,On or near RANSOM ROAD,E01021727,Colchester 020E,Unable to prosecute suspect
4089e1cbf7a69f3efabfea2ab0f2becd44e3c77adb0a77e0f63fbeefab86e110,2018-12,Essex Police,Essex Police,0.664324,51.720250,On or near Supermarket,E01021896,Maldon 005D,Investigation complete; no suspect identified
3cc46efbb60a7c884f76a3683ea3fff678c401f3494927354377b45794c549ed,2018-12,Essex Police,Essex Police,0.282488,51.487496,On or near Shopping Area,E01016011,Thurrock 015B,Suspect charged
3cc46efbb60a7c884f76a3683ea3fff678c401f3494927354377b45794c549ed,2018-12,Essex Police,Essex Police,0.282488,51.487496,On or near Shopping Area,E01016011,Thurrock 015B,Suspect charged
e278034832dbceb2ded1f395d82a5bd71ca0b7d67a91700962e3c7c383a81dab,2018-12,Essex Police,Essex Police,0.817573,51.636755,On or near GLENDALE CLOSE,E01033057,Maldon 008G,Investigation complete; no suspect identified
c732cf60cb1cb27afcaa9049baa8c82045cf3b3b3349ec48b4ecf1998c61d385,2018-12,Essex Police,Essex Police,0.668919,51.777334,On or near BYRON DRIVE,E01021912,Maldon 002C,Investigation complete; no suspect identified
a0722f8496fa644a4f73e01e24d6e095dc1e8f775aa5fea3ee7080fbdaffc8dd,2018-12,Essex Police,Essex Police,0.570393,51.880064,On or near HOWARD CLOSE,E01021370,Braintree 011B,Unable to prosecute suspect
a9f2d9ae259662b2bef419174a0bde996d307d2fe973955f8497da9626eb38d5,2018-12,Essex Police,Essex Police,0.602775,51.520160,On or near ROSBACH ROAD,E01021497,Castle Point 012D,Unable to prosecute suspect
3271ba08da15015f1bf4243237fe3c7886b70fab3d44974366b18ae6c0b85f99,2018-12,Essex Police,Essex Police,0.843940,51.890387,On or near FRENSHAM CLOSE,E01021719,Colchester 012B,Unable to prosecute suspect
5f44652a794df97f7e8e5469cb5eee421fa4d698a95d65d953b8c2eac6107f88,2018-12,Essex Police,Essex Police,1.146280,51.795973,On or near WARWICK CRESCENT,E01021970,Tendring 016A,Offender given a caution
c633be6e4c92e2c03cdf4fe615be419ee4e390c88852adf63693239f28de57b2,2018-12,Essex Police,Essex Police,0.823266,51.893080,On or near ABBOTTS LANE,E01021730,Colchester 003D,Investigation complete; no suspect identified
752b3e481cda6ec543ae6653dec379481a6f8090216c5b7e5000169b0b7d91ef,2018-12,Essex Police,Essex Police,0.045084,51.625382,On or near Supermarket,E01021748,Epping Forest 015G,Investigation complete; no suspect identified
2b91dcdbbb859caebdf5c171caee4ce9b9710f2b0c348188e6124ade6f1a3d75,2018-12,Essex Police,Essex Police,0.791046,51.536371,On or near ASHANTI CLOSE,E01015877,Southend-on-Sea 013B,Investigation complete; no suspect identified
d33a60dfd3bee6ebe61abde55737ef71d1d864b3d0749c04520a0a3953d07013,2018-12,Essex Police,Essex Police,0.899209,51.924796,On or near Parking Area,E01021682,Colchester 004D,Investigation complete; no suspect identified
109a85d299d80d3dedf8d654abd8a8f274b3a66bec8c322aa22680d6956972f8,2018-12,Essex Police,Essex Police,1.148149,51.793234,On or near OLD ROAD,E01022026,Tendring 016C,Offender given a drugs possession warning
c925365b34be678093bdbce4daede69ac8f3a9163780f531f229f2017466078d,2018-12,Essex Police,Essex Police,0.676392,51.568966,On or near LUNDY CLOSE,E01015863,Southend-on-Sea 002A,Unable to prosecute suspect
e37fb693e7a7775743d948eb5c47d34d62bf55c98ac50a2400356713c3a4287d,2018-12,Essex Police,Essex Police,0.483438,51.562193,On or near OLDWYK,E01021323,Basildon 019B,Investigation complete; no suspect identified
e37fb693e7a7775743d948eb5c47d34d62bf55c98ac50a2400356713c3a4287d,2018-12,Essex Police,Essex Police,0.483438,51.562193,On or near OLDWYK,E01021323,Basildon 019B,Investigation complete; no suspect identified
f6fb09b90adf27f555633ca8366fcc93bfa9088af4dbb785e1c65dd226560a73,2018-12,Essex Police,Essex Police,0.687811,51.542605,On or near ALLEYN PLACE,E01015831,Southend-on-Sea 012E,Unable to prosecute suspect
b2a3bfe6e8cbb9a20edc2fac4a27a3387f888d1f112c65e510d79c9252c9e9a4,2018-12,Essex Police,Essex Police,0.426494,51.515154,On or near Supermarket,E01015989,Thurrock 005A,Suspect charged
37dcbd97fd0a750c51a26c5522afcf7959195724baff25a7f4da065cacccc9ec,2018-12,Essex Police,Essex Police,0.695119,51.541061,On or near Supermarket,E01015855,Southend-on-Sea 015E,Investigation complete; no suspect identified
47594f422a00a37743290a28cd043c894f0c7ed17f44556942f350040a2c0592,2018-12,Essex Police,Essex Police,1.144721,51.792319,On or near UPPER PARK ROAD,E01021968,Tendring 017A,Investigation complete; no suspect identified
14631702ebcdc776967c0789b82f7be3a02423326f01b4230cbf90a38772b8fa,2018-12,Essex Police,Essex Police,0.681157,51.670699,On or near PURLEIGH GROVE,E01021903,Maldon 007G,Investigation complete; no suspect identified
b877e924aed95b95c955da2947eb45be13635e072c63d1c7be825520cb9d106f,2018-12,Essex Police,Essex Police,0.747396,51.547439,On or near LOCKSLEY CLOSE,E01015888,Southend-on-Sea 009F,Unable to prosecute suspect
c1fb201987d644616d1540d10208091c459b9560911a651c91af2ffe6650eb09,2018-12,Essex Police,Essex Police,0.500720,51.569758,On or near Pedestrian Subway,E01021305,Basildon 013D,Investigation complete; no suspect identified
126d3e9b2c6ff8d872881963bfafe9aec0c1dad85ac9542670026d69649630c1,2018-12,Essex Police,Essex Police,0.619447,51.579281,On or near Supermarket,E01021949,Rochford 009D,Investigation complete; no suspect identified
fddf05f39999c8e83d6e5e2a8aacddc306559d84b84bf6495dafea097bdce31b,2018-12,Essex Police,Essex Police,0.631403,51.788127,On or near HOLST AVENUE,E01033461,Braintree 017G,Unable to prosecute suspect
a14119757d14f68b9390cbe33bf15304ecaac55d101abafd6ad2776896f9bbd6,2018-12,Essex Police,Essex Police,0.111492,51.752324,On or near TYSEA CLOSE,E01021861,Harlow 010E,Unable to prosecute suspect
635c5b8f0ebdbe96d5ea84addce44b095708d78b9c5559dd5342ce54dbea4366,2018-12,Essex Police,Essex Police,1.151280,51.792583,On or near WELLESLEY ROAD,E01022026,Tendring 016C,Investigation complete; no suspect identified
2292009c4db1469ee5e6a28ddb763e6083f366440a5ab173354d1bf57e6a8d22,2018-12,Essex Police,Essex Police,0.705140,51.545642,On or near HARCOURT AVENUE,E01015899,Southend-on-Sea 010E,Suspect charged
358aec9203feb5a20823f9228d04689a8e7d342bc49cad1fa9a6357d50e72a34,2018-12,Essex Police,Essex Police,0.300949,51.615133,On or near GRESHAM ROAD,E01021436,Brentwood 007B,Suspect charged
8148f9ec1a52e55409f4b5bf59324b53899f5797ec676efcbd9fcad0752a1873,2018-12,Essex Police,Essex Police,0.086303,51.771334,On or near Hospital,E01021843,Harlow 004E,Unable to prosecute suspect
19f621e18a08664da3b368e43ae89944c09610c2a3fea5279b4377be5a1fc133,2018-12,Essex Police,Essex Police,0.705140,51.545642,On or near HARCOURT AVENUE,E01015899,Southend-on-Sea 010E,Suspect charged
b8496845c165c11ae7fb9db6aea4692e8078f3be0061f41c71a019408318675a,2018-12,Essex Police,Essex Police,1.146280,51.795973,On or near WARWICK CRESCENT,E01021970,Tendring 016A,Offender given a caution
382b08a71eb071a25d475b30071fd39924b3b6b7a7cc6f4e79831ac09ea799b4,2018-12,Essex Police,Essex Police,1.053242,51.944076,On or near LYDGATE CLOSE,E01022015,Tendring 003D,Unable to prosecute suspect
9350d856230e5967c667db82afbc4991883898197e67f9c63aa375a803c3747b,2018-12,Essex Police,Essex Police,0.465038,51.552005,On or near A176,E01021299,Basildon 020E,Offender given a drugs possession warning
20e6c82411ff7cfcc8d72f08defb26501d5e0baaa38f39608ffa176e8f496c37,2018-12,Essex Police,Essex Police,0.465038,51.552005,On or near A176,E01021299,Basildon 020E,Offender given a drugs possession warning
68095f9d9ddc2d6eece3e89f51ae8ddd7613f7d694381145c900bebb40620352,2018-12,Essex Police,Essex Police,0.898584,51.898397,On or near BLOYES MEWS,E01021647,Colchester 007B,Unable to prosecute suspect
56216d46b392ef245043e183b34d60a0d16d7f414d7afc2273f234ecdfeb989d,2018-12,Essex Police,Essex Police,0.030953,51.689393,On or near Supermarket,E01021815,Epping Forest 007D,Unable to prosecute suspect
567d304bb5d14d032fcb1d50cd52638d4d7305e34d16bd773992b97d189ed57d,2018-12,Essex Police,Essex Police,0.039393,51.774109,On or near DUCKETTS MEAD,E01021801,Epping Forest 002E,Unable to prosecute suspect
190d7aa1842acc40e4409e1899f34ea714de6a91bea2799b2d531a2af27613d1,2018-12,Essex Police,Essex Police,0.578926,51.527980,On or near GREENWAYS,E01021508,Castle Point 010F,Unable to prosecute suspect
ea72d8b4e5acadf063ac2913454069c45c96d4d3b2a27e88c28fce419d40bbd5,2018-12,Essex Police,Essex Police,0.083956,51.774181,On or near PARK MEAD,E01021839,Harlow 004A,Investigation complete; no suspect identified
021f8dc2eb0af933fca6cd12f697abb0284dd7ad0543345eb8ab9227e28b8b38,2018-12,Essex Police,Essex Police,0.109725,51.772544,On or near MONKSWICK ROAD,E01021850,Harlow 003B,Investigation complete; no suspect identified
dcb18b66c7f7e5f5ba01164d80a4f6101729a3f5281e638f563990916fb15cc7,2018-12,Essex Police,Essex Police,0.360884,51.460816,On or near CANBERRA SQUARE,E01016004,Thurrock 018B,Investigation complete; no suspect identified
1c2155192ab2bf5d6abf7e65fe904cb8fde5955637c4033150fded6335d19a5a,2018-12,Essex Police,Essex Police,1.153340,51.787393,On or near Nightclub,E01022025,Tendring 016B,Unable to prosecute suspect
10f795a5605d077f58a095943b62f1290a71ef6955a1f47f9df0b8af84a701af,2018-12,Essex Police,Essex Police,1.153340,51.787393,On or near Nightclub,E01022025,Tendring 016B,Unable to prosecute suspect
4744bbd23487e2932e37ab32dc276de10abd3a4690c588b865d0b9e699b1c97c,2018-12,Essex Police,Essex Police,0.239603,52.020104,On or near DEBDEN ROAD,E01022076,Uttlesford 002B,Suspect charged
f6f8641e2764fe5aedf77ae71e3a11efa12811e05f447738e5293e875e15afbb,2018-12,Essex Police,Essex Police,1.285126,51.943971,On or near PEPYS STREET,E01021997,Tendring 001A,Unable to prosecute suspect
03ca4c06688568b1b0860e3ebe1c90213daa937bfe8c0e2d178b4d7f06d4a5f7,2018-12,Essex Police,Essex Police,0.491999,51.758845,On or near ANVIL WAY,E01021616,Chelmsford 004A,Unable to prosecute suspect
dd9fbfc0a6c3295e182d61d265bd2820ebb089a6505d09ff45f1652d1f080b44,2018-12,Essex Police,Essex Police,0.299223,51.619294,On or near HART STREET,E01021436,Brentwood 007B,Unable to prosecute suspect
d8a14e89b13c36f324ef9aa51439c9d83b8ba7611b6ba359a54b852997f0bf9f,2018-12,Essex Police,Essex Police,0.775746,51.534971,On or near LONGSANDS,E01015917,Southend-on-Sea 017D,Suspect charged
5e8a2f2e317735c7bd77de1d458a73970b0919ec4ce8e21ef0771acbf9d1b032,2018-12,Essex Police,Essex Police,0.240754,52.027681,On or near CATONS LANE,E01022078,Uttlesford 002C,Unable to prosecute suspect
2bfb3521675a516b19d8e2eb7ea42ef3d0a72ce18839f9eab198bb67a76494cd,2018-12,Essex Police,Essex Police,1.264578,51.933570,On or near MANOR ROAD,E01022006,Tendring 002C,Suspect charged
4fa72bbcd3ee3e04c360cfd8c368349459880f7e62ee9af7e682a18cb49804f6,2018-12,Essex Police,Essex Police,1.172795,51.802564,On or near SHRUBLAND COURT,E01022050,Tendring 014E,Unable to prosecute suspect
1459531fdfa7f2c55eaa16a66ea6ee851917b3c1a42a763c7a0f575e5ad6a91a,2018-12,Essex Police,Essex Police,1.172795,51.802564,On or near SHRUBLAND COURT,E01022050,Tendring 014E,Unable to prosecute suspect
1e53b664f4ea95a99da8cfb601956d5ce018030ee2f9beef2bfabdbad9fcef96,2018-12,Essex Police,Essex Police,0.709743,51.544690,On or near Police Station,E01015895,Southend-on-Sea 010A,Suspect charged
be588ed543b7ed21b48fc66e53b0b08952993451e2eba291adfce5380ad38f96,2018-12,Essex Police,Essex Police,1.100868,51.774687,On or near ROVER AVENUE,E01021988,Tendring 018A,Unable to prosecute suspect
430a339dd40a212950fe9922e28bac642f6eb0f7876207113a6d6b24cf978a6e,2018-12,Essex Police,Essex Police,0.386590,51.737436,On or near GRAVELLY LANE,E01021634,Chelmsford 011D,Unable to prosecute suspect
18964dc72fc0c1cfcd17ff2b833b8d078e7c52ffe70f44ef973f387eccc891c3,2018-12,Essex Police,Essex Police,0.417986,51.485688,On or near SEVERN,E01015947,Thurrock 013A,Unable to prosecute suspect
50429b244ca85fea14014c2eccb70e995735dcda0f095813baeede89ac26c4e4,2018-12,Essex Police,Essex Police,0.706702,51.536235,On or near MILTON PLACE,E01015854,Southend-on-Sea 015D,Investigation complete; no suspect identified
395a6bf368b5bf138af6271203369292544055aea967d29db61e9be55cc2b55e,2018-12,Essex Police,Essex Police,0.637934,51.660149,On or near WOODHAM ROAD,E01021902,Maldon 007F,Suspect charged
53653843fb06bbf6a98caadd8c31e70933b4e40cad36d9436fd0476c827eba25,2018-12,Essex Police,Essex Police,0.455364,51.569789,On or near Shopping Area,E01021318,Basildon 015C,Investigation complete; no suspect identified
58a027a6f23196b5a5649af0d892e6d78ca6fe74b62f8fe18db21866a155e4cf,2018-12,Essex Police,Essex Police,0.553024,51.887925,On or near HARKILEES WAY,E01021357,Braintree 008B,Unable to prosecute suspect
dc90aec5da7e1f8a04b421405a1173ea96d6a0c88d9a07f87ca3a3d5c580d16e,2018-12,Essex Police,Essex Police,0.695119,51.541061,On or near Supermarket,E01015855,Southend-on-Sea 015E,Investigation complete; no suspect identified
d2ea217cd8ee0c6fd1678b50c719989c5a4b5977e2b759be67dc45cb17a3b5c8,2018-12,Essex Police,Essex Police,1.149331,51.798329,On or near ST ANNS ROAD,E01021970,Tendring 016A,Investigation complete; no suspect identified
d9869b33495a290763f4b1ec6c84def700c4eedb97a1551b62c60bc9a16e5de5,2018-12,Essex Police,Essex Police,0.069351,51.656683,On or near THE CROFT,E01021779,Epping Forest 011F,Unable to prosecute suspect
633b6f473f64a057aea16148a58775ae12a70957b14bc1a7b330d2633e184919,2018-12,Essex Police,Essex Police,0.511435,51.565167,On or near LONDON ROAD,E01021313,Basildon 018A,Suspect charged
93f4b38b5ca81847a47fed83a60a2cc73de8fe33bb1a8a20654867bd566dab0a,2018-12,Essex Police,Essex Police,0.299223,51.619294,On or near HART STREET,E01021436,Brentwood 007B,Unable to prosecute suspect
93514d4741ca5f7d64f8aea72ef59438c7f292cf742dfeabdceb5000763c93bf,2018-12,Essex Police,Essex Police,0.745913,51.817811,On or near Petrol Station,E01021726,Colchester 020D,Investigation complete; no suspect identified
5b8299c2f5ad9b6bc03039b049c20e92e992d7c696853254d5229c5dfabd8658,2018-12,Essex Police,Essex Police,0.845417,51.886151,On or near HOLLIWELL CLOSE,E01021720,Colchester 012C,Unable to prosecute suspect
ddff9aaf3eb363ea784226875dffc7729425a970969c00f8e0df63a45e6fc5ce,2018-12,Essex Police,Essex Police,0.473830,51.736629,On or near Chelmsford Police Station,E01033141,Chelmsford 010G,Unable to prosecute suspect
6915957e60e984a636103cf33b9d4136d41bc6ff75e4fe2531395683cd892cb1,2018-12,Essex Police,Essex Police,0.473830,51.736629,On or near Chelmsford Police Station,E01033141,Chelmsford 010G,Unable to prosecute suspect
482b317a07c105e72ac82980911cdb2b5699284b435e8019662ed4b6185c1389,2018-12,Essex Police,Essex Police,0.556508,51.573286,On or near MORELAND AVENUE,E01021513,Castle Point 001A,Investigation complete; no suspect identified
003b533fe85458394a2848efa5ddcbed18981ae562febab700eb18767aaf87cb,2018-12,Essex Police,Essex Police,0.473830,51.736629,On or near Chelmsford Police Station,E01033141,Chelmsford 010G,Unable to prosecute suspect
2a4e7a3f572d92bf484d4e4b355a3482cb999bdd5b2db5cf41a8aad39847d8c5,2018-12,Essex Police,Essex Police,0.466202,51.526844,On or near FOBBING ROAD,E01015946,Thurrock 001C,Unable to prosecute suspect
6967df849fd10f816683d0ead1e08e79afde0cf2accefe30ad56ffa7efa1acfa,2018-12,Essex Police,Essex Police,0.895390,51.894168,On or near MARKET CLOSE,E01021650,Colchester 007E,Unable to prosecute suspect
16dd262fa70db5017d64213199c4932e89cf005ae6f3d09f67a76d949b745c10,2018-12,Essex Police,Essex Police,0.921205,51.890787,On or near HARWICH ROAD,E01021706,Colchester 022H,Unable to prosecute suspect
f1e6930dfcbd021a1d581b15b134fc0f132002be3a4a7a5654dc295ae38b10b3,2018-12,Essex Police,Essex Police,0.228900,51.913505,On or near SAUNDERS CLOSE,E01022063,Uttlesford 005B,Investigation complete; no suspect identified
f98ba8099dbc05be3ad81947208159b1a2a6810fc0554f410b62de3bcc77a199,2018-12,Essex Police,Essex Police,0.718637,51.542191,On or near SUTTON ROAD,E01015895,Southend-on-Sea 010A,Investigation complete; no suspect identified
2d124fa9b90f5aef14133f17b41f0a03e2c182048a2c2ee67e4ceeb811ccb891,2018-12,Essex Police,Essex Police,0.252710,51.882855,On or near COOPERS END ROAD,E01022090,Uttlesford 006B,Investigation complete; no suspect identified
81373ab17286f93db9a276201f6ff834bc93bdd25a4a9fb0991cb26866ad4df2,2018-12,Essex Police,Essex Police,0.700166,51.552736,On or near JONES CLOSE,E01015861,Southend-on-Sea 004E,Investigation complete; no suspect identified
f19e906094136f70d4b8d0bf4f5d85065a5f80aacaf8488b471ef4d76f912f52,2018-12,Essex Police,Essex Police,0.362233,51.460456,On or near SYDNEY ROAD,E01016004,Thurrock 018B,Investigation complete; no suspect identified
ca9cbb66a10959d9e6de865383d7561798b3d4c749f7ac329996e4c3e4c2daa0,2018-12,Essex Police,Essex Police,,,No location,,,Offender fined
6c981bf169e28eab8319235bd285458065957fff94fbf8bf1ef0f9e6c1f46977,2018-12,Essex Police,Essex Police,1.273035,51.936411,On or near Supermarket,E01022000,Tendring 002A,Offender sent to prison
8ab8e8588cf612648af5722d18e3e73edfb13a49588d6e3f51e6f72ba7ee96be,2018-12,Essex Police,Essex Police,0.587728,51.717727,On or near BELVEDERE CLOSE,E01021572,Chelmsford 016E,Offender given community sentence
13f01c47793e448d6800fb5a428024198079566fb66d562293c3b508a2215667,2018-12,Essex Police,Essex Police,0.476925,51.737616,On or near REGINA ROAD,E01033141,Chelmsford 010G,Offender fined
3cdf0e253f9ceb5547bcd7df098d45d0af8168fe7a1202141042e030dad7eede,2018-12,Essex Police,Essex Police,0.471125,51.745463,On or near FELL CHRISTY,E01021592,Chelmsford 006D,Offender fined
625b0839d7c3730df2d4e4704c1a582c6ae6440d523d2ea3f5ba6f13997b7129,2018-12,Essex Police,Essex Police,0.715320,51.534677,On or near Shopping Area,E01015852,Southend-on-Sea 015B,Offender given conditional discharge
a597e162fa4f300fc0228504d6927859239d056290668eafea6c0ba36d9281c8,2018-12,Essex Police,Essex Police,0.328510,51.480125,On or near ORSETT ROAD,E01015956,Thurrock 016B,Offender sent to prison
50dfd1271a8fa98a411807819de6845d6785de83d14e52499e3d504dce9e8a9b,2018-12,Essex Police,Essex Police,0.729372,51.533820,On or near ARNOLD AVENUE,E01015842,Southend-on-Sea 014D,Offender given conditional discharge
1c996445774bb61a4f29ea2d0648805773bb1d8c741e8294a31aacd3aec65619,2018-12,Essex Police,Essex Police,0.318830,51.479813,On or near HOGG LANE,E01015956,Thurrock 016B,Offender given conditional discharge
4b6d96940d765fa86135b8f09156e8cda299adc956e4d5e0c431ab5d80bea98f,2018-12,Essex Police,Essex Police,0.699414,51.535665,On or near TRINITY AVENUE,E01015853,Southend-on-Sea 015C,Offender given community sentence
4b6a9143b4acf7775eedfe2a97f65f1066f916ce094361ae0ab475d872923b56,2018-12,Essex Police,Essex Police,0.294551,51.617731,On or near Police Station,E01021439,Brentwood 007C,Defendant found not guilty
01c4d49f33b05dc9c58f1c3f82232e56b98b5a99aa26412959135f61e6f795c1,2018-12,Essex Police,Essex Police,0.416509,51.623512,On or near Supermarket,E01021244,Basildon 004A,Offender given suspended prison sentence
7508c874ceb8f79acef26868e4336c623f91df815e46f1e504bde24344763504,2018-12,Essex Police,Essex Police,0.900116,51.889231,On or near Shopping Area,E01021649,Colchester 007D,Offender sent to prison
ab45de12839560514abee97e691c9df5380f7e69ebc1ce44c58001d02d107cdd,2018-12,Essex Police,Essex Police,0.896245,51.888706,On or near HEAD STREET,E01021649,Colchester 007D,Offender given suspended prison sentence
52f67c9dea11f0309a0949233cf7edc572d19854343858ac4e7d3d372c9e3f8c,2018-12,Essex Police,Essex Police,0.318830,51.479813,On or near HOGG LANE,E01015956,Thurrock 016B,Offender given conditional discharge
3ac23e79109ceff2c770241de5ffbd38cc7c2ade66ca85757e8083d25a73db86,2018-12,Essex Police,Essex Police,1.153340,51.787393,On or near Nightclub,E01022025,Tendring 016B,Defendant found not guilty
e95c245468a0a51492080f9f70bd94acd3cd410d1bd978b5b723ea57297d2ad3,2018-12,Essex Police,Essex Police,0.504052,51.566305,On or near Supermarket,E01021316,Basildon 018D,Offender sent to prison
0c06d71b718feb7c5cc03d683e7ba5beed9267cfff636670f3874e63319914e8,2018-12,Essex Police,Essex Police,0.891763,51.887710,On or near CROUCH STREET,E01021649,Colchester 007D,Court case unable to proceed
34daed3f388d9645cec32f8e30df81b2a5fbb0c7c458cb9f616e6cd04c6898b1,2018-12,Essex Police,Essex Police,0.426494,51.515154,On or near Supermarket,E01015989,Thurrock 005A,Offender given community sentence
6d5dad7bc6e2bf99adec6ba8e7cf5a3406f6c7b10b789bbb5f06b14c6944431d,2018-12,Essex Police,Essex Police,1.153340,51.787393,On or near Nightclub,E01022025,Tendring 016B,Defendant found not guilty
3f9822c7e2d45d8dab5c828a3fbf37e5db24957b7aa37a2e1d3f4def1b32c768,2018-12,Essex Police,Essex Police,0.491735,51.582530,On or near DENYS DRIVE,E01021269,Basildon 012C,Offender sent to prison
dfc35db073c8731cef360fbda421811858cfa27b421adaf800bc3953631de785,2018-12,Essex Police,Essex Police,0.442770,51.519249,On or near CANON CLOSE,E01015985,Thurrock 003B,Offender given community sentence
84454be7be660f911b7ce6248cd83981266f74682fbd101dfd6bdcfc5fd94e51,2018-12,Essex Police,Essex Police,0.909211,51.879500,On or near BARRINGTON ROAD,E01021684,Colchester 011B,Offender given suspended prison sentence
936fe2a95c4f45eed794693fdca1fd9e813e7b730afd3c93a3029af8f05ae78c,2018-12,Essex Police,Essex Police,0.288664,51.514741,On or near ARCANY ROAD,E01015973,Thurrock 006D,Offender otherwise dealt with
83f75b028d8836c73f4ec7cc738bb3809be80b9904721a75531db09373d60359,2018-12,Essex Police,Essex Police,0.504955,51.759639,On or near BRAGANZA WAY,E01033144,Chelmsford 005F,Defendant found not guilty
ea2bdd6ab1c3ad521c432be33d9494227eb2d902784ed3f484f00ca0cc2c14bf,2018-12,Essex Police,Essex Police,0.695174,51.541519,On or near Parking Area,E01015855,Southend-on-Sea 015E,Offender given community sentence
2f6abb203d19fd60d90333f8a3afd32a0f6b62b55a62a41e6fd730a66b1d1877,2018-12,Essex Police,Essex Police,0.471125,51.745463,On or near FELL CHRISTY,E01021592,Chelmsford 006D,Offender fined
6292a47e8230c6b82f5f9ca488e798e0f3dd0526a885dae54b644c57d81e0bed,2018-12,Essex Police,Essex Police,0.306440,51.622003,On or near Theatre/Concert Hall,E01021433,Brentwood 007A,Court case unable to proceed
cb62f05a443dfd2cb0d577204badf2a17577b1e942b80cff607aac6b32669464,2018-12,Essex Police,Essex Police,0.460775,51.569775,On or near Parking Area,E01021318,Basildon 015C,Offender otherwise dealt with
4cacaf34f8cdecddf59cb4a393b43486ad5bf94ce055afd3aee039e11bec15ac,2018-12,Essex Police,Essex Police,1.185398,51.799416,On or near MADEIRA ROAD,E01022034,Tendring 012C,Offender sent to prison
e1b2d80b02737ca65893c9186a4efa3c2831a66e29b014505a65a4cdfd8ab3f7,2018-12,Essex Police,Essex Police,0.648496,51.560030,On or near WOOD FARM CLOSE,E01015819,Southend-on-Sea 003F,Offender sent to prison
ed901e6e3cf886ef1157c3628abec09b3423be120c92a7f7c038e0d8fd72fcaf,2018-12,Essex Police,Essex Police,0.426494,51.515154,On or near Supermarket,E01015989,Thurrock 005A,Offender given community sentence
9f25fc290f299640bbb02d9407fa1d692fd8f7984bb286e8a0dad3889d535a1d,2018-12,Essex Police,Essex Police,0.712497,51.540310,On or near Bus/Coach Station,E01015895,Southend-on-Sea 010A,Offender given community sentence
4008b23606935ff1a28534c1772f4556d74e6c811b356fbf5a5d819329de365e,2018-12,Essex Police,Essex Police,1.273035,51.936411,On or near Supermarket,E01022000,Tendring 002A,Offender sent to prison
baabf117bc6fd55e85e66bb33385c2394b79e15e7f5c2c99be2a97de3359189d,2018-12,Essex Police,Essex Police,0.505943,51.579710,On or near BARTLOW SIDE,E01021302,Basildon 013B,Offender sent to prison
e11444f47e7ee8da1f991714190b75917b5f6c42150e69a32e96d126092311a9,2018-12,Essex Police,Essex Police,0.462457,51.585127,On or near Nightclub,E01021268,Basildon 015B,Offender given community sentence
7c324fe7892a8862c8483f1c62e4aefc519f5e227d03fe4368a33185dde23309,2018-12,Essex Police,Essex Police,0.897877,51.888090,On or near Shopping Area,E01021649,Colchester 007D,Offender sent to prison
d7c28a6b163cb176c06d232c9d9f76e1759275b95cf5d8d9921039e07bbf1446,2018-12,Essex Police,Essex Police,0.715320,51.534677,On or near Shopping Area,E01015852,Southend-on-Sea 015B,Offender sent to prison
8b2940ca7420aec1e87ceecaceb4942d535143f5b314d1587ff8f85f45e6bd28,2018-12,Essex Police,Essex Police,0.261741,51.889938,On or near Airport/Airfield,E01022090,Uttlesford 006B,Court case unable to proceed
e02e97618d96cc46a103cb5d0104eb87183e6b5bccfcad7984b12d180c473957,2018-12,Essex Police,Essex Police,0.592084,51.520253,On or near Parking Area,E01021498,Castle Point 011B,Offender given community sentence
87b27acc8dffd603e4e47f797ea00f1aa460f96dff4abe4f594f1a2ecae9a327,2018-12,Essex Police,Essex Police,1.278647,51.856529,On or near PERCIVAL ROAD,E01022054,Tendring 006C,Defendant found not guilty
a75d272cc055e31e44e51aee94fb8880822d1a9d3ee6d2ef39e92e8bf3f8f305,2018-12,Essex Police,Essex Police,0.477998,51.575726,On or near THE HATHERLEY,E01021265,Basildon 012A,Offender given community sentence
16ca7d32c1ed80bf6b4725cda6e6f141556100e3a17377b6a231c81aed6b4251,2018-12,Essex Police,Essex Police,0.323432,51.476835,On or near Shopping Area,E01015954,Thurrock 017D,Offender given community sentence
6518972ec3255ebf12018796bb921749193633fbc14e119707821f87afbef577,2018-12,Essex Police,Essex Police,0.460775,51.569775,On or near Parking Area,E01021318,Basildon 015C,Offender sent to prison
a7eba9a72abb02206ce7d139686faedb5eb3be0b5d9b0c39054b87699a92199a,2018-12,Essex Police,Essex Police,0.901325,51.890172,On or near GEORGE STREET,E01021649,Colchester 007D,Defendant found not guilty
3bf57582dec8e2eb4071724c33cf336a5d64f2fbcc1ee169e75a0ca6f4aee6af,2018-12,Essex Police,Essex Police,1.134644,51.792588,On or near Supermarket,E01022032,Tendring 015E,Offender given community sentence
e783a66e42f41c1987a6aa11c73683ba3cbf3ee89af089d1c3b4c5d640c78816,2018-12,Essex Police,Essex Police,0.559418,51.521294,On or near VIKINGS WAY,E01021503,Castle Point 010D,Offender sent to prison
8c447ef38424370100388157cc411fbaa71939ac913c748ec1b59aee7741883d,2018-12,Essex Police,Essex Police,0.715320,51.534677,On or near Shopping Area,E01015852,Southend-on-Sea 015B,Offender given community sentence
6b1ea84e21e450d90870c39571b196855bcde69b6556ea1cf70fd9938f77175d,2018-12,Essex Police,Essex Police,0.492169,51.574364,On or near KENNET WAY,E01021271,Basildon 013A,Offender given conditional discharge
69c506aa5bf6b082d0b41f352520bc765cd3035b92e1cfa25a382e1decc1dcfa,2018-12,Essex Police,Essex Police,0.903575,51.888768,On or near Theme/Adventure Park,E01021648,Colchester 007C,Offender sent to prison
2f5b41edbd9dbc1af28d9f78c879cb7e30f8ccc7da792368a15e9d032261f595,2018-12,Essex Police,Essex Police,1.161070,51.805839,On or near HILLCREST,E01022041,Tendring 010D,Court case unable to proceed
cd348f0761b2906a9feb57fff8891627bbe4bb5745e0f40559b59a93e03252e5,2018-12,Essex Police,Essex Police,0.896245,51.888706,On or near HEAD STREET,E01021649,Colchester 007D,Court case unable to proceed
b4ff49aa6c812b6b684de78f19ff3f8ad23c185b0d5f0596b8c7f9b73de3c5ed,2018-12,Essex Police,Essex Police,0.463909,51.737188,On or near WICKS PLACE,E01021574,Chelmsford 010A,Offender given community sentence
41273ac7e9311364992a6744d27c355fb196904d792a935a1b396aa40cc1e312,2018-12,Essex Police,Essex Police,0.570393,51.880064,On or near HOWARD CLOSE,E01021370,Braintree 011B,Offender given conditional discharge
026596514bfda30ea0bc95e376d740fc727795fe4dac36ff40905c298e9c9894,2018-12,Essex Police,Essex Police,0.902263,51.889844,On or near MUSEUM STREET,E01021649,Colchester 007D,Offender given community sentence
43ba4a4e68d77b24ec01a066642f6ade779e8ef5788e24d370c28fbbffc71cce,2018-12,Essex Police,Essex Police,0.901325,51.890172,On or near GEORGE STREET,E01021649,Colchester 007D,Offender fined
0b52f29b013a071c67f33f1f1940c298effb9ed19fb5d092407ea42bead7bffe,2018-12,Essex Police,Essex Police,0.460775,51.569775,On or near Parking Area,E01021318,Basildon 015C,Offender given suspended prison sentence
d888ebe9635402cae2dbc960b867465a6b7af9d80d9f675813d009b8f9a9325b,2018-12,Essex Police,Essex Police,0.550382,51.879259,On or near Supermarket,E01021365,Braintree 009D,Offender sent to prison
f6a7c01c1e018f42cad0b839f5ba93581b868e0bdf2a31809b7991d8ac23858e,2018-12,Essex Police,Essex Police,0.562211,51.520451,On or near VILLAGE HALL CLOSE,E01021503,Castle Point 010D,Offender sent to prison
1903fffc4b4beead2f0eadf33d4e4f2facc4690be2d8336d259ee85b7e1883cb,2018-12,Essex Police,Essex Police,0.525536,51.603994,On or near RUTHVEN CLOSE,E01021343,Basildon 008C,Offender sent to prison
8d02333186c7a59a5613e930f4545f7262b4c93dd3fe202bbf7557c6a7b5e4a4,2018-12,Essex Police,Essex Police,0.899183,51.910173,On or near Hospital,E01021682,Colchester 004D,Offender given community sentence
9c27ac7079456681abd2ae7e43c3a6c835b901d60ab9d3688a60ef416fda089f,2018-12,Essex Police,Essex Police,0.485242,51.563000,On or near MIDDLE CROCKERFORD,E01021323,Basildon 019B,Offender deprived of property
13de2a392fcda2aeb40d940f062f677807751847c76fba1476126a5a48eb7e3e,2018-12,Essex Police,Essex Police,1.245127,51.832995,On or near CONNAUGHT AVENUE,E01021986,Tendring 006B,Offender sent to prison
7a1db07521db53af02f2c96096b0696b92dc3eed0c761684916456bf8f64617e,2018-12,Essex Police,Essex Police,0.913505,51.889718,On or near EAST BAY,E01021648,Colchester 007C,Offender fined
173e12bc376fefe001304bfa2119895ea01ca313518ac1555ebd20aef069100a,2018-12,Essex Police,Essex Police,0.282488,51.487496,On or near Shopping Area,E01016011,Thurrock 015B,Offender given conditional discharge
444d41a197bffd379d835e1cd01958ba2a16083a6ab53c8a6bb4d1042ca129dc,2018-12,Essex Police,Essex Police,0.900713,51.890601,On or near WILLIAM'S WALK,E01021649,Colchester 007D,Offender fined
00de517992a0a6a688fd615d12df27ecbcccffbb2cd9f784f874325e75a09720,2018-12,Essex Police,Essex Police,0.687811,51.542605,On or near ALLEYN PLACE,E01015831,Southend-on-Sea 012E,Offender sent to prison
e250b8a1acf9f4a54d4f8c81eefba8dfc20c95bb499d899d86cb1efa77859b5e,2018-12,Essex Police,Essex Police,0.924191,51.906991,On or near Petrol Station,E01021670,Colchester 002C,Offender sent to prison
96bb55978c4021b5e3a42cf55f2639d974c587d0b92862261fe746c7fe00698c,2018-12,Essex Police,Essex Police,0.426494,51.515154,On or near Supermarket,E01015989,Thurrock 005A,Offender given community sentence
3f5b8d6ba061d4895132225de3bc2db51afd4ed05dcd928341868cb5927483e1,2018-12,Essex Police,Essex Police,1.106828,51.774907,On or near LOTUS WAY,E01021988,Tendring 018A,Offender sent to prison
5d78fe460c3a7ab563b7830d7b3cc509090baea26a3890d96cac903dc49590df,2018-12,Essex Police,Essex Police,0.189821,51.702672,On or near MILL LANE,E01021800,Epping Forest 003C,Defendant found not guilty
9e5fc4c24ec1646356c1bdf73152915d99c675d0e640c6a1fb51645759e23992,2018-12,Essex Police,Essex Police,0.281698,51.489840,On or near Parking Area,E01016011,Thurrock 015B,Offender sent to prison
045ebb25c3ef042d1c1c6c87a1922d966810bde7d73b955f3e5919a03c098080,2018-12,Essex Police,Essex Police,0.714143,51.536234,On or near Shopping Area,E01015852,Southend-on-Sea 015B,Offender given suspended prison sentence
126a9c7c64afde7920fd2c957b70fe7bd00f84075b24866dd35a0765851c9b93,2018-12,Essex Police,Essex Police,0.722299,51.532744,On or near MARINE PARADE,E01015841,Southend-on-Sea 014C,Offender sent to prison
7c954e938383b39cbada3524ca7449e75229a95c80ebe1e44440597dddf2682e,2018-12,Essex Police,Essex Police,0.714345,51.540114,On or near SOUTHCHURCH ROAD,E01015895,Southend-on-Sea 010A,Defendant found not guilty
5e36d570055b42f728f43114c56340c8ac505ebe07e41dce84db5bd5d4513ee4,2018-12,Essex Police,Essex Police,0.463062,51.746118,On or near KIPLING CLOSE,E01021592,Chelmsford 006D,Offender sent to prison
c3a45d532727421370c997492d0c2f676a784486516418266577c1ed84e3a711,2018-12,Essex Police,Essex Police,0.456169,51.571868,On or near Pedestrian Subway,E01021318,Basildon 015C,Offender given community sentence
8572e40b5e244e9147e1b2d93c9decfcc73ac0ca9e49d9e044fa8944600be13d,2018-12,Essex Police,Essex Police,0.460775,51.569775,On or near Parking Area,E01021318,Basildon 015C,Offender given community sentence
234f675d068565640ca1cb5d8db93955edb016498f6613d00c5ede9a7dadcc74,2018-12,Essex Police,Essex Police,0.504955,51.759639,On or near BRAGANZA WAY,E01033144,Chelmsford 005F,Defendant found not guilty
b779813b6ccf040ffbf1917279bd72d13f0541a75614cd78167ff519668a75b1,2018-12,Essex Police,Essex Police,0.711264,51.538980,On or near Parking Area,E01015854,Southend-on-Sea 015D,Offender fined
1a5aa83be9568723df60d236884096f85179e6d0c207ec630f45082db41a3bbb,2018-12,Essex Police,Essex Police,0.830150,51.888121,On or near ESSEX YEOMANRY WAY,E01021718,Colchester 012A,Offender given suspended prison sentence
8a2e89f81160d282f541d0b86137e2eab523bc9b9fdce05b11bd0272799c1ac2,2018-12,Essex Police,Essex Police,0.162081,51.920669,On or near MAILERS LANE,E01022089,Uttlesford 005G,Offender given community sentence
429cab9b800e98aeece532ca506f69e8917fe304b591fc11aeb315801bd1b873,2018-12,Essex Police,Essex Police,0.897877,51.888090,On or near Shopping Area,E01021649,Colchester 007D,Offender given conditional discharge
cc7747fa7c4651ad8b95a68b71608eeede5801ad47a53678ce178c97157eb826,2018-12,Essex Police,Essex Police,0.108668,51.690137,On or near CENTRE GREEN,E01021759,Epping Forest 006D,Offender given community sentence
521c9dd10bc437fb6db2b1c91307f3c7970f716e3ad90946457415972d87b24a,2018-12,Essex Police,Essex Police,0.665176,51.973300,On or near SUDBURY ROAD,E01021398,Braintree 002A,Offender given suspended prison sentence
1fe9e68ccb34ac97221d33db567adb4db4e143a5679903edc3bf2eef2c226571,2018-12,Essex Police,Essex Police,0.328361,51.474075,On or near EXMOUTH ROAD,E01015954,Thurrock 017D,Offender given community sentence
21681fe1303407c84b10cbbb04b8d423707169a3ee11fa668d6962292da84c02,2018-12,Essex Police,Essex Police,0.459123,51.744816,On or near Supermarket,E01021573,Chelmsford 009A,Offender given community sentence
e1bf092941b1b457a23a97a2d00b0aa96e1aef6a95edc31e9e331a823031624f,2018-12,Essex Police,Essex Police,0.475573,51.698039,On or near BARNARD ROAD,E01021554,Chelmsford 017C,Offender sent to prison
cf36971627f4e4e037bd0e587ba297e348011f30dbbffe6f77bbbf8269b20493,2018-12,Essex Police,Essex Police,0.351940,51.464935,On or near RUSSELL ROAD,E01016003,Thurrock 018A,Court case unable to proceed
50b757cb4a4551223827eec5e08b7f251fc3829d4e27705f8d99cead02201f60,2018-12,Essex Police,Essex Police,0.502267,51.562719,On or near Supermarket,E01021310,Basildon 022B,Offender sent to prison
c05a22026f557118ff75d144166b27360a3099fa28cc86718b67bbbd1d986dec,2018-12,Essex Police,Essex Police,0.471575,51.566148,On or near GREAT MISTLEY,E01021295,Basildon 020B,Offender fined
2c44d7d4e26b2119f1c9afd7efd897e65ff066cada6dcb7e23c61458fcb72d77,2018-12,Essex Police,Essex Police,0.471575,51.566148,On or near GREAT MISTLEY,E01021295,Basildon 020B,Court case unable to proceed
9ffbc4fe1708cf331699b5dda238bbe88cf8ef1e98fc47807a40468dd9560399,2018-12,Essex Police,Essex Police,1.117067,51.780626,On or near CROSSWAYS,E01021990,Tendring 018C,Offender sent to prison
ec9c7673d869ef394fcfd52b942e4a7f5ed5842b33793238d727e5621351832c,2018-12,Essex Police,Essex Police,1.279473,51.937104,On or near Supermarket,E01022001,Tendring 001D,Offender sent to prison
337636dc37d2dfe145d374e01fe3abd2aacdc4d71acfb57b152b8b77e6331c9f,2018-12,Essex Police,Essex Police,0.716140,51.539731,On or near WARRIOR SQUARE EAST,E01015852,Southend-on-Sea 015B,Offender sent to prison
399e755095c8d0d614cd7e13b2f36d0b94ddaee8a5a372f570a5f2253b86d065,2018-12,Essex Police,Essex Police,1.148025,51.787913,On or near Police Station,E01022037,Tendring 017D,Offender given community sentence
ddba1f13715b49c21919b9942aeac483adb619ab0e51a6f3223fef6585989818,2018-12,Essex Police,Essex Police,0.713596,51.539394,On or near Nightclub,E01015852,Southend-on-Sea 015B,Offender given community sentence
1e7a1383e05ff646565415bd84ab60ec6bb0e0788d634ca7adcf878b098e78b4,2018-12,Essex Police,Essex Police,0.715320,51.534677,On or near Shopping Area,E01015852,Southend-on-Sea 015B,Offender sent to prison
a2afc42b3173c33c2c6dbe8ada1b78e54a9cedf026c7f18a58ea6d834b514c69,2018-12,Essex Police,Essex Police,0.455364,51.569789,On or near Shopping Area,E01021318,Basildon 015C,Offender given suspended prison sentence
bc55a5a77576a443a83493154957621e971bb599e3a497d4db6d7318817ad710,2018-12,Essex Police,Essex Police,0.455025,51.557871,On or near FOBBING FARM CLOSE,E01021297,Basildon 020D,Offender otherwise dealt with
672dbdd4a853b84e7f34e229eb0546fa0fd969ebc6fa2da85ba22526c75b6a79,2018-12,Essex Police,Essex Police,0.463490,51.569268,On or near Supermarket,E01021318,Basildon 015C,Offender given suspended prison sentence
613bcef1530e136b69926fe4c90152921059254d9bf7c8bc7da8d1ec439b2c8b,2018-12,Essex Police,Essex Police,0.716140,51.539731,On or near WARRIOR SQUARE EAST,E01015852,Southend-on-Sea 015B,Offender sent to prison
84d1fae400f379e74729235c7e70d05d6a233fdc304264fedd8ab8a0130b03b0,2018-12,Essex Police,Essex Police,1.279473,51.937104,On or near Supermarket,E01022001,Tendring 001D,Offender sent to prison
fee7b6322e9a4eb93072f8c4d6f259baca001850aa9fc4223d8a563e2fc05799,2018-12,Essex Police,Essex Police,0.459123,51.744816,On or near Supermarket,E01021573,Chelmsford 009A,Offender given community sentence
426563c8cf9285fb4400093b51997857beb271d205a50fcab6e284e099410c6a,2018-12,Essex Police,Essex Police,1.233363,51.930070,On or near CLAYTON ROAD,E01022028,Tendring 004F,Offender given community sentence
a69155ebcd4f2914dcaab7178b6b87ca3b645313c6211df01913e7f6c5f6735d,2018-12,Essex Police,Essex Police,1.151360,51.814311,On or near Highfield Holiday Park,E01022039,Tendring 010B,Offender given community sentence
91ddab0cc2dabc9d493e8dad537ff270054b67568c39c3992195c88b8c48d8a8,2018-12,Essex Police,Essex Police,0.920449,51.885175,On or near TARRETT DRIVE,E01021685,Colchester 011C,Offender fined
b11ebc38a9cb57235371130900ec8ff522c8777bd632b7f3c3f0ddc26b0496ec,2018-12,Essex Police,Essex Police,0.289385,51.637364,On or near GLOUCESTER ROAD,E01021461,Brentwood 004D,Offender ordered to pay compensation
730ef7ae11a474e78e206f12180392cff49aafe93c9cdc1b853852347472fca8,2018-12,Essex Police,Essex Police,0.472547,51.565966,On or near MISTLEY PATH,E01021295,Basildon 020B,Offender given suspended prison sentence
76c20aa4b46e07a037ee0484b49ff8b1c6fa628edad0d46db8269aa7e76fea2a,2018-12,Essex Police,Essex Police,0.460180,51.529336,On or near KENWOOD ROAD,E01015944,Thurrock 001B,Offender given community sentence
1d2e97a95db1bd632b51265aa1528a086d3f13326a32744f9d38e4d33ebc911f,2018-12,Essex Police,Essex Police,0.284490,51.487772,On or near Shopping Area,E01016011,Thurrock 015B,Offender sent to prison
3ff891ff0382efce2f0f5c763fc11df08961f372cb17aa11402b8dc8115f191e,2018-12,Essex Police,Essex Police,0.554389,51.901987,On or near Supermarket,E01021355,Braintree 007D,Offender sent to prison
14980a077d00821530511c0d9c3b2939a32b1598b1ea74ccd73bbd50d3ab073f,2018-12,Essex Police,Essex Police,0.719697,51.537463,On or near HILLCREST ROAD,E01015841,Southend-on-Sea 014C,Offender sent to prison
1238da33a072df3f62d441775b32a7951ddfc7db272c450ef2e41e490e1d0ad2,2018-12,Essex Police,Essex Police,0.895335,51.889691,On or near BALKERNE GARDENS,E01021646,Colchester 007A,Offender given suspended prison sentence
31dd1c668ebc746bafbe540e346e46a7cf742d42e0f8fdc3e454364b28e3ca46,2018-12,Essex Police,Essex Police,1.148025,51.787913,On or near Police Station,E01022037,Tendring 017D,Offender given community sentence
3e8da953e2396a57429739586e446d7e01920391ca8fd0742add3f6ab0804a76,2018-12,Essex Police,Essex Police,0.426494,51.515154,On or near Supermarket,E01015989,Thurrock 005A,Offender given community sentence
55232e9f1d3436a4cb7258cdfd7cef7bdc852350397e40693bba10dc65e0473b,2018-12,Essex Police,Essex Police,0.487100,51.742473,On or near GREEN CLOSE,E01021622,Chelmsford 007C,Offender fined
1f9a5664eafc88748a340a79a6e84fb24d41ae8e99812430552806335412081b,2018-12,Essex Police,Essex Police,1.145014,51.799245,On or near THOMAS ROAD,E01022022,Tendring 013D,Defendant found not guilty
60319cc16f4961846d2d93de2e11f92bb5c59bd0f8d7d29fb745311796b10fd6,2018-12,Essex Police,Essex Police,0.941708,51.877567,On or near BOUNDARY ROAD,E01021736,Colchester 017A,Offender given suspended prison sentence
959194bafa4e875ce006e3f131421f71e66049e605dca37990de524093022a66,2018-12,Essex Police,Essex Police,1.064349,51.945415,On or near HIGH STREET,E01022020,Tendring 003F,Offender sent to prison
0efe9656a84e4df697c13167736df8a27b2e1c64fcfee2439231dcae8a7c60f9,2018-12,Essex Police,Essex Police,1.159236,51.793926,On or near SKELMERSDALE ROAD,E01022049,Tendring 014D,Offender sent to prison
d74a1a7e212dd2c9bc6f8bc2cbdea4629a97247948602a4bda9b122417f981fa,2018-12,Essex Police,Essex Police,0.709743,51.544690,On or near Police Station,E01015895,Southend-on-Sea 010A,Offender deprived of property
633abafaca243bd30976d0e5cf1d5f0a2900884350c9ca9ceb7313b47706293f,2018-12,Essex Police,Essex Police,0.425753,51.582007,On or near WALTON COURT,E01021274,Basildon 010D,Defendant found not guilty
94afd448a59874a6be364445e8480036eef662992347552276824e454ef9076e,2018-12,Essex Police,Essex Police,0.282026,51.488629,On or near Parking Area,E01016011,Thurrock 015B,Offender given suspended prison sentence
12accd04561ee6284811f965d125fad6f0e9ae256701d19496e398d222e36116,2018-12,Essex Police,Essex Police,0.890217,51.913667,On or near STUDD'S LANE,E01021680,Colchester 004B,Offender given suspended prison sentence
bfaf88b357ea1fd776e494169f3a651cfbe050c70f06b0f16326e1a7e3b63959,2018-12,Essex Police,Essex Police,0.285222,51.484852,On or near Parking Area,E01016011,Thurrock 015B,Offender given community sentence
e15459caec1daef0c4aaf10733213e08019c95d626f77e644e1dda5e822f5152,2018-12,Essex Police,Essex Police,0.937354,51.891014,On or near HAWTHORN AVENUE,E01021696,Colchester 008A,Offender given community sentence
358aec9203feb5a20823f9228d04689a8e7d342bc49cad1fa9a6357d50e72a34,2018-12,Essex Police,Essex Police,0.300949,51.615133,On or near GRESHAM ROAD,E01021436,Brentwood 007B,Offender given community sentence
f6f3ad20f923895b9f89f7393af0384afca646725364821c64732bdfc49d2c2f,2018-12,Essex Police,Essex Police,0.565974,51.523282,On or near SECOND AVENUE,E01021486,Castle Point 010B,Offender sent to prison
b11ec190bd2dfc763cf6738ab465926104f55833efd25a60ef4896208916d9d0,2018-12,Essex Police,Essex Police,0.283944,51.513448,On or near DAIGLEN DRIVE,E01015973,Thurrock 006D,Offender fined
14b7f6ca98311530332ce10663066d2107c531e681cef4d337ef0cca5e03f10a,2018-12,Essex Police,Essex Police,0.493343,51.754311,On or near CLEMATIS TYE,E01021620,Chelmsford 004D,Offender sent to prison
792d3af0a6535a6ce08cd86b1b0f50e1d12a4497e7cc7145ed41a513cd8c6e17,2018-12,Essex Police,Essex Police,1.280873,51.936948,On or near Supermarket,E01022001,Tendring 001D,Offender sent to prison
e83cbfa86059cb3ad8a6f4cd5dc8163ab7567122c97dd9eb02ca2acf648feb42,2018-12,Essex Police,Essex Police,0.556586,51.868495,On or near CHALLIS LANE,E01021372,Braintree 011C,Offender ordered to pay compensation
e64241316ac73680dd65d1650fcad0502aa2f599f84decc8ac3513aeeabbf529,2018-12,Essex Police,Essex Police,0.463715,51.735753,On or near PARKWAY,E01033139,Chelmsford 009G,Offender fined
a9e8c45dd491df9a460fde2ffd7f690cc0f05fceb5faaed1c83ead0306692967,2018-12,Essex Police,Essex Police,0.461461,51.573385,On or near BRAYBROOKE,E01021318,Basildon 015C,Offender sent to prison
57293150e2ee8ab25abb7bba4df9d6445549ad5fd7b65988d14ec1552c52cc40,2018-12,Essex Police,Essex Police,0.720578,51.533386,On or near LUCY ROAD,E01015841,Southend-on-Sea 014C,Offender given community sentence
1a6d181f5e2dcb9028e62990fb6b07ffb6b0f87ae063719eff6eca5f5da53a8d,2018-12,Essex Police,Essex Police,0.323432,51.476835,On or near Shopping Area,E01015954,Thurrock 017D,Offender given community sentence
da260f771d29f6e47f8cc8172bf29267c36d020cd85d86f50e8b89727a57b8f7,2018-12,Essex Police,Essex Police,0.343044,51.494764,On or near LAIRD AVENUE,E01015966,Thurrock 010D,Offender given community sentence
f7bdb024e80af2e2599d0511e404a9730671705b55f70e3a94e843eb0c955dda,2018-12,Essex Police,Essex Police,0.587728,51.717727,On or near BELVEDERE CLOSE,E01021572,Chelmsford 016E,Offender given community sentence
b09cf339d21263bc35ed500a138ee6bbcd9dfd58b02a1280f98510a86b198410,2018-12,Essex Police,Essex Police,0.689197,51.929685,On or near DUDLEY ROAD,E01021410,Braintree 006E,Court case unable to proceed
c60783abf04bbe0b5def366f8ce0c3f0be2c953b9366f9b355938b87629d3109,2018-12,Essex Police,Essex Police,0.146262,51.766639,On or near DENBY GRANGE,E01021824,Harlow 005A,Offender given community sentence
a02ea92b4299f0791ba76470d0e95c414de8b9e68d89eb6b7d6a53ae61abe56b,2018-12,Essex Police,Essex Police,0.893409,51.882336,On or near CAVALRY ROAD,E01021651,Colchester 013A,Offender given suspended prison sentence
18ca34454fb768a8ab34cc4a8ca62d022d28afcf20294a71bfd090603165f4c7,2018-12,Essex Police,Essex Police,0.456959,51.570727,On or near Shopping Area,E01021318,Basildon 015C,Offender given suspended prison sentence
aa55ad5fc8192daa791e994a148243594a75d33d34be7a2c28f03c1393dc3896,2018-12,Essex Police,Essex Police,0.472257,51.733569,On or near Shopping Area,E01033141,Chelmsford 010G,Offender ordered to pay compensation
474a96357ecea89db4e8a6e232ca64ea1b8acd5217e926e8a64d02e77ab789b3,2018-12,Essex Police,Essex Police,0.303257,51.621059,On or near Shopping Area,E01021433,Brentwood 007A,Offender sent to prison
6094908e98eafe3b8ee199006665b640d1f7eb196915425c03d8b58804a4249e,2018-12,Essex Police,Essex Police,1.248772,51.844290,On or near Supermarket,E01021994,Tendring 008B,Offender sent to prison
11142b941443b5648efe0ab8c9e17ad60aef19da9f1f3878150f51d78a7825cc,2018-12,Essex Police,Essex Police,1.279473,51.937104,On or near Supermarket,E01022001,Tendring 001D,Offender sent to prison
eedba4f388e5dc6b194af125adeccc44bf52de2dd046f8402f62e0bd82642194,2018-12,Essex Police,Essex Police,0.322008,51.478851,On or near QUARRY HILL,E01015956,Thurrock 016B,Offender given community sentence
08070571bbd17987f9f2e0c65953a7af64c203566c4addd341de888467ceae19,2018-12,Essex Police,Essex Police,0.715320,51.534677,On or near Shopping Area,E01015852,Southend-on-Sea 015B,Offender sent to prison
fca339705a87e5d686ae0b003532b17904a997694df03359cd3eb5916fce958a,2018-12,Essex Police,Essex Police,0.561494,51.523605,On or near ST PETERS ROAD,E01021503,Castle Point 010D,Defendant found not guilty
027841e6379cee8ff92505bf497f1e3fd05ec479a09ae3c5f39abac2ca0804e5,2018-12,Essex Police,Essex Police,0.715320,51.534677,On or near Shopping Area,E01015852,Southend-on-Sea 015B,Offender sent to prison
fb93d8d97f5bc17abccbb0ae3419179fa6c96220dc879dda022a873b94b003b0,2018-12,Essex Police,Essex Police,0.715320,51.534677,On or near Shopping Area,E01015852,Southend-on-Sea 015B,Offender given suspended prison sentence
0fa10a0e7ee2aab87ce48a1a457c23647863c484d89b7310c64c031aa24f6934,2018-12,Essex Police,Essex Police,0.915055,51.883582,On or near REBOW STREET,E01021687,Colchester 011E,Offender sent to prison
fc9b878200ed7ca99b3dbc427b5c93be496799c9b3feb1d73bc13cc6a7d50014,2018-12,Essex Police,Essex Police,0.726818,51.539339,On or near FOWLER CLOSE,E01015839,Southend-on-Sea 014A,Court case unable to proceed
a913f7741e6c5edc59dcc375cf1242cbd3de23fb817e6a38a96ff8e7c8bf681c,2018-12,Essex Police,Essex Police,0.899029,51.891083,On or near WEST STOCKWELL STREET,E01021649,Colchester 007D,Offender otherwise dealt with
cd8fa7e2fbfffe8f78ddfe2aee1b655f6f20ccca2b445c4f85bc94215bcebfdf,2018-12,Essex Police,Essex Police,0.283014,51.510418,On or near Supermarket,E01015976,Thurrock 007F,Offender sent to prison
a4d04dc17b0fed8599b54e2f543d86556929d4ccd5603f05f57890b5b4cfca4d,2018-12,Essex Police,Essex Police,0.452777,51.749877,On or near ARNHEM ROAD,E01021596,Chelmsford 006E,Offender given suspended prison sentence
84d88770b4e2861887b4fa1bbc1cfd455af714805a2995c427ef34c9a7735f16,2018-12,Essex Police,Essex Police,0.539112,51.605563,On or near UXBRIDGE CLOSE,E01021340,Basildon 007C,Offender sent to prison
2a424d1a798be5410f18ba6b50769742f70c5b7860dc374bdd4d7964fa1d81ad,2018-12,Essex Police,Essex Police,0.508699,51.825568,On or near HELEN HOW,E01021538,Chelmsford 001A,Offender given suspended prison sentence
95421b46ac238ec189c50b20e9bf5e867ab8e4cdf32db1a9be06d9bd6e26a6d6,2018-12,Essex Police,Essex Police,0.288664,51.514741,On or near ARCANY ROAD,E01015973,Thurrock 006D,Offender fined
de7b41aba050f8766b45c40a09768bf83e5e3d6261eaf8881b06539d20b1ba44,2018-12,Essex Police,Essex Police,0.353836,51.466255,On or near GAYLOR ROAD,E01016006,Thurrock 018D,Offender given suspended prison sentence
e43b52688c4dba4a3629e8e4fdbd16b7a388a5b041a9bc6b2466346f049bf4f9,2018-12,Essex Police,Essex Police,0.726847,51.533789,On or near HAWTREE CLOSE,E01015842,Southend-on-Sea 014D,Defendant found not guilty
cd73b4ebdd86c3d2d74e0cb19212e1586c8d2346f53706d5c831feaa8c6bd29d,2018-12,Essex Police,Essex Police,0.920942,51.884039,On or near ST LEONARD'S ROAD,E01021685,Colchester 011C,Offender fined
1d905121a8144164ff0923e933f72441fc467edd8cc004d0ad9dd959358b10d2,2018-12,Essex Police,Essex Police,0.895335,51.889691,On or near BALKERNE GARDENS,E01021646,Colchester 007A,Offender given suspended prison sentence
5f618370696c5534ab28c5683ce5c445e58153e30b4e644cc2f004b104dec2cc,2018-12,Essex Police,Essex Police,0.477608,51.733690,On or near Supermarket,E01033141,Chelmsford 010G,Offender otherwise dealt with
87aac91f1d9b81abf0e02b87acc692be52510d742d7a5d5040957a7928ad3eda,2018-12,Essex Police,Essex Police,0.319731,51.477969,On or near Parking Area,E01015953,Thurrock 017C,Offender given community sentence
11e1eb412bb2f67bda4780234a2b1c0bcdaac3f745edf607fbc25f5c889620ee,2018-12,Essex Police,Essex Police,1.273035,51.936411,On or near Supermarket,E01022000,Tendring 002A,Offender sent to prison
ff3b53983bd7409342da434f7e0fa6663ccebb67b32f41a64d9877a776541253,2018-12,Essex Police,Essex Police,0.900116,51.889231,On or near Shopping Area,E01021649,Colchester 007D,Offender sent to prison
8aea3a3296a407f4953350cae97f806dc7412b941a7a6df9bd0b071747e36258,2018-12,Essex Police,Essex Police,0.461228,51.569334,On or near Pedestrian Subway,E01021318,Basildon 015C,Defendant found not guilty
74c5e90ccacf4f393bda616fb69226850ea2d2df8777983b4ab330c05ce7c9fe,2018-12,Essex Police,Essex Police,0.716176,51.536213,On or near YORK ROAD,E01015852,Southend-on-Sea 015B,Offender given community sentence
d67a1cc6c842cb0dc6afc383678805f7c4d177239a8f78d2caed2504ed825e8e,2018-12,Essex Police,Essex Police,0.713197,51.546994,On or near BIRCHAM ROAD,E01015897,Southend-on-Sea 010C,Defendant found not guilty
ff381998750c64916e230659923c4cbd6f2069ce95eb2a5e4f2920906cd87c62,2018-12,Essex Police,Essex Police,0.464723,51.570987,On or near Pedestrian Subway,E01021318,Basildon 015C,Offender sent to prison
b2cc9ad70650c3411e57e32e65f068c40efe13aa82349fd1f39599e8f005e653,2018-12,Essex Police,Essex Police,0.431707,51.515603,On or near MANOR ROAD,E01015990,Thurrock 003D,Offender fined
c5e678bea81528602216b59c7ba35f7e08c24864a5acac00b4fd0fe763937a41,2018-12,Essex Police,Essex Police,0.712497,51.540310,On or near Bus/Coach Station,E01015895,Southend-on-Sea 010A,Offender given community sentence
73114a99ed54b92583fa7f61a44efb454afcf37d11fbe2e9d63f7af2f21285af,2018-12,Essex Police,Essex Police,0.415477,51.480182,On or near BATA AVENUE,E01015948,Thurrock 013B,Offender given suspended prison sentence
2bdd4f54e9e0fe76568e7003ac510dabad5369dfa6bbbe859d7b2824ff3f1930,2018-12,Essex Police,Essex Police,0.116132,51.762941,On or near TUMBLER ROAD,E01021819,Harlow 006A,Defendant found not guilty
df6e1024f39830760e6459e7dfa963d8c554fed90ede17c45e3be174303a660b,2018-12,Essex Police,Essex Police,1.169110,51.817854,On or near Pedestrian Subway,E01021984,Tendring 010A,Offender sent to prison
b407d28f6da7865ec1f3d0cc04620c0933e9a30aa45b215d742aeaca36b5a702,2018-12,Essex Police,Essex Police,0.298807,51.615058,On or near THE MOUNT,E01021439,Brentwood 007C,Defendant found not guilty
a361b5e0edcf47c0c4795f75e384d519cbf42e69814a57eadfb248ed2f9ccf75,2018-12,Essex Police,Essex Police,0.684702,51.545167,On or near LONDON ROAD,E01015832,Southend-on-Sea 012F,Offender sent to prison
8e8453bf440104d2f0e13f62d01dc3d465c42ae255d7c597987947969e3b413d,2018-12,Essex Police,Essex Police,0.322008,51.478851,On or near QUARRY HILL,E01015956,Thurrock 016B,Offender given community sentence
48cb5742e18a4e6ae904612da262d42c71287341f92d27b64d693263e2ef5918,2018-12,Essex Police,Essex Police,1.153551,51.802047,On or near OLD ROAD,E01022042,Tendring 014A,Offender sent to prison
613422d220026ed00bf07ed6e22e2c313d9d83fe982ecbedc39a671fab83d529,2018-12,Essex Police,Essex Police,0.443001,51.944299,On or near BENDLOWES ROAD,E01021411,Braintree 005B,Offender fined
50b9c3db33d8ecc2268c7f6f1e5f49e60966ab1d061bfcf54d02b3ec53207351,2018-12,Essex Police,Essex Police,0.562615,51.519947,On or near PALMERSTONE ROAD,E01021501,Castle Point 011D,Offender sent to prison
6b8b3e480e9a7dc9cdcdebf1269dd83ad4e56ea42018ef5dde296ad7251b85dc,2018-12,Essex Police,Essex Police,0.098483,51.748312,On or near Supermarket,E01021860,Harlow 010D,Offender fined
b2a3bfe6e8cbb9a20edc2fac4a27a3387f888d1f112c65e510d79c9252c9e9a4,2018-12,Essex Police,Essex Police,0.426494,51.515154,On or near Supermarket,E01015989,Thurrock 005A,Offender given community sentence
2d4e58717b955005d25d34ad37df349289cf7eb06ac8eb6cfb5ed52d87d9e24e,2018-12,Essex Police,Essex Police,1.278647,51.856529,On or near PERCIVAL ROAD,E01022054,Tendring 006C,Defendant found not guilty
ff79e9fd5303af68ebe37173a2777c57e637bddcc154fed736d90c1af3b687bb,2018-12,Essex Police,Essex Police,0.072053,51.619568,On or near BARNABY WAY,E01021751,Epping Forest 016C,Offender sent to prison
6e49e091b8d299280574a337dc6a1106d3cb6e4ca3ace5d25bdea1a40249fad7,2018-12,Essex Police,Essex Police,0.093027,51.753436,On or near Supermarket,E01021859,Harlow 010C,Offender fined
ae833ed8b55bee9c421498358e1ce0260d2f4191f1e4a590dc197ffe3def3d8d,2018-12,Essex Police,Essex Police,0.487746,51.782173,On or near Parking Area,E01021540,Chelmsford 001C,Offender given suspended prison sentence
7df7b03a76f600a60088d7cb95ffcfab0193ed03979b8877e82c71493f04d223,2018-12,Essex Police,Essex Police,0.122586,51.780351,On or near MARK HALL MOORS,E01021848,Harlow 002E,Offender given community sentence
dd638ee32d1b9d5433773cc09fa5c35d81898910ca4f9afd5f7c648adf966ea8,2018-12,Essex Police,Essex Police,0.896245,51.888706,On or near HEAD STREET,E01021649,Colchester 007D,Offender given suspended prison sentence
b8a985b2f12076b6f7ae569f1f071fa3e43f1ead624020b0ede7aa8c50eacb91,2018-12,Essex Police,Essex Police,0.313915,51.616155,On or near INGRAVE ROAD,E01021435,Brentwood 008A,Offender sent to prison
bc360e8cb15471e5a20f775a9065bbaf0f99641c39696cde2dc0966052cf13de,2018-12,Essex Police,Essex Police,0.579261,51.882172,On or near ROCHESTER CLOSE,E01021351,Braintree 007B,Offender sent to prison
f83ef9368764ba590402ca0021baa43a7bf0bb192a5fde7b932083457a247a01,2018-12,Essex Police,Essex Police,1.233363,51.930070,On or near CLAYTON ROAD,E01022028,Tendring 004F,Offender given community sentence
4b7160a0b86a8156e8c522e0db289619947946d0af05ae8d3e0a4088317e0b68,2018-12,Essex Police,Essex Police,0.069734,51.658735,On or near GOLDINGS ROAD,E01021788,Epping Forest 012C,Offender fined
2abfc28be2251d2d746342efc439469711ebb48179133330a366de9f0ac02216,2018-12,Essex Police,Essex Police,0.282026,51.488629,On or near Parking Area,E01016011,Thurrock 015B,Offender sent to prison
73d57058681269077b16f60e01b4b3e80f3931f0f75dd5cb7572a702f35ec988,2018-12,Essex Police,Essex Police,0.490313,51.758494,On or near WAVELL CLOSE,E01021617,Chelmsford 004B,Offender fined
0902dc6e9c0685e858590eee2ce08fbd8790d1202959ec05b9be5a4318d0c442,2018-12,Essex Police,Essex Police,0.290865,51.616841,On or near Petrol Station,E01021438,Brentwood 006A,Defendant found not guilty
0e7682e6e375e46adae0bfcce886b7d112e534c6b648a9381d39bd615187a74c,2018-12,Essex Police,Essex Police,0.895335,51.889691,On or near BALKERNE GARDENS,E01021646,Colchester 007A,Offender given community sentence
5b5f4eb2dcb7d0270ddc5384a75708da919fa3976a65d387f362f71352522593,2018-12,Essex Police,Essex Police,0.410154,51.634173,On or near WICK GLEN,E01021246,Basildon 002B,Offender sent to prison
87b27acc8dffd603e4e47f797ea00f1aa460f96dff4abe4f594f1a2ecae9a327,2018-12,Essex Police,Essex Police,1.278647,51.856529,On or near PERCIVAL ROAD,E01022054,Tendring 006C,Defendant found not guilty
c312c92f85fdc9ab6fdd78fed7c80c0d27aa692972c64f19abba4b439168777e,2018-12,Essex Police,Essex Police,0.712789,51.535770,On or near CLARENCE STREET,E01015852,Southend-on-Sea 015B,Offender given suspended prison sentence
f2e2388b7cbc37c9e0d494a72b62782707bbe62e1ee4ec27f6bc1e2bdd9df454,2018-12,Essex Police,Essex Police,0.715320,51.534677,On or near Shopping Area,E01015852,Southend-on-Sea 015B,Offender sent to prison
bcf674d4a25d8ede853b4cf8b3331bbbcf0c4c371d497818a0df979d76025161,2018-12,Essex Police,Essex Police,1.233363,51.930070,On or near CLAYTON ROAD,E01022028,Tendring 004F,Offender given community sentence
e5d7b91957c94fc5367ffb79e40963d3b2b2e0fc7d997b61424ddb33707f1a3d,2018-12,Essex Police,Essex Police,0.894626,51.882963,On or near STABLE ROAD,E01021651,Colchester 013A,Offender given suspended prison sentence
510102b5125bcef3c49e1b47f604e1c69284e6a35d4121e58a14721092f76b71,2018-12,Essex Police,Essex Police,1.273035,51.936411,On or near Supermarket,E01022000,Tendring 002A,Offender sent to prison
b93b321a8981d88b3a619ee1d35fcd8f70249bec81c3390414e093e403999486,2018-12,Essex Police,Essex Police,0.899183,51.910173,On or near Hospital,E01021682,Colchester 004D,Offender given community sentence
d7c28a6b163cb176c06d232c9d9f76e1759275b95cf5d8d9921039e07bbf1446,2018-12,Essex Police,Essex Police,0.715320,51.534677,On or near Shopping Area,E01015852,Southend-on-Sea 015B,Offender sent to prison
f62ef075a5a2ce05a32aa057a3b6d030e9c2b23c70580bcb78dfbe201440963b,2018-12,Essex Police,Essex Police,0.297529,51.477229,On or near LONDON ROAD,E01016011,Thurrock 015B,Offender given community sentence
e7b56d2333ed7b35f55e2806777ca00ab0405cbb5f64a361c315cbae6f44b6f3,2018-12,Essex Police,Essex Police,1.153551,51.802047,On or near OLD ROAD,E01022042,Tendring 014A,Offender sent to prison
a2ef47bea4b72399317f74cccad2349dbcb2b0adb38ca5d15ee7acb2250d802a,2018-12,Essex Police,Essex Police,0.792587,51.538457,On or near Pedestrian Subway,E01015880,Southend-on-Sea 013E,Offender given community sentence
d6dfec4ab3da5c37e47603b340b7abc07f62b068a25c1ed2ecb2f747ae5fd250,2018-12,Essex Police,Essex Police,1.087300,51.775566,On or near Seawick Holiday Park,E01022045,Tendring 018D,Offender given community sentence
fea6de520f737cce7708a0e7b89854e8f37b50b2cfe247b29d77e407210820a4,2018-12,Essex Police,Essex Police,1.185398,51.799416,On or near MADEIRA ROAD,E01022034,Tendring 012C,Offender sent to prison
b9c07437659c5b5ed92bc5f4d9c16bfa128a45fcc8068958f4a49e88c3a88333,2018-12,Essex Police,Essex Police,0.634814,51.941500,On or near MARTIN'S ROAD,E01021393,Braintree 004E,Offender fined
0df791b7fabd29df3e4c21b3e37799a0b94ad4639829369ffd639f8569e61a5e,2018-12,Essex Police,Essex Police,0.556586,51.868495,On or near CHALLIS LANE,E01021372,Braintree 011C,Offender ordered to pay compensation
fbbc9c5e161580e877a4c818b0da54b8f58d8daf34735c301ae9e9c30ce19722,2018-12,Essex Police,Essex Police,0.792850,51.535923,On or near THE WOODLANDS,E01015880,Southend-on-Sea 013E,Offender sent to prison
ca54d88b590f7265bc0be97b9b053e4cd3799e3057a6594002fed1643398b2c0,2018-12,Essex Police,Essex Police,0.471575,51.566148,On or near GREAT MISTLEY,E01021295,Basildon 020B,Offender fined
154c4bb00d0f2f5ce0d7b0e6802de174630f2a96f505c731f00abe68b64099b1,2018-12,Essex Police,Essex Police,0.299223,51.619294,On or near HART STREET,E01021436,Brentwood 007B,Offender given community sentence
5a2cfd14741c34e9019c781599e26565df36c81bdfd1b7ca9c5c9df11fa55447,2018-12,Essex Police,Essex Police,0.693292,51.547003,On or near HAINAULT AVENUE,E01015906,Southend-on-Sea 007F,Defendant found not guilty
b757e14db777e85768374f368ff6257b66078e3ed1c65398a470dd8ad0b5d8aa,2018-12,Essex Police,Essex Police,0.693247,51.544045,On or near WEST ROAD,E01015900,Southend-on-Sea 010F,Court case unable to proceed
129b1ab683139bd4973b45e4eb0df79eae15487fc66a6aed9178b4016716d4b5,2018-12,Essex Police,Essex Police,1.257809,51.933128,On or near Supermarket,E01022006,Tendring 002C,Offender sent to prison
cdee07929a6ff060b048081a7109eded43cc3d2b660894aac817faf047588489,2018-12,Essex Police,Essex Police,0.263431,51.706447,On or near MILLFIELD,E01021769,Epping Forest 003A,Offender fined
2805e2ef171bd91dd8350df975e4082f7bedcf2dafec403d2f04a6176d32e8ee,2018-12,Essex Police,Essex Police,1.257809,51.933128,On or near Supermarket,E01022006,Tendring 002C,Offender sent to prison
34f7181746c0248bade24d7e74ecac2b89a98c73cb7d71b9b0757e51962a4f86,2018-12,Essex Police,Essex Police,1.169110,51.817854,On or near Pedestrian Subway,E01021984,Tendring 010A,Offender sent to prison
36c0e4bd0e16ed6c27b2d19538c47f806e290cd460ff75cc6e8ff4e93507e641,2018-12,Essex Police,Essex Police,0.780740,51.539296,On or near Supermarket,E01015882,Southend-on-Sea 013G,Offender given suspended prison sentence
2dd8fe6d327b1e1b8a9396d9839394eb7a179d01ef296ad17560604a6b3c4d71,2018-12,Essex Police,Essex Police,0.923295,51.885581,On or near GEOFF SEADEN CLOSE,E01021685,Colchester 011C,Offender fined
b2aae36c2e89e3dbb8e33e24a7555980fedf4e504b6dfd94210aefbffcad9df5,2018-12,Essex Police,Essex Police,1.150049,51.812161,On or near Supermarket,E01022039,Tendring 010B,Offender given community sentence
e2e7024897119105efe1bbbba556ccdc6e88456668df5bd1b75995749c9a3f00,2018-12,Essex Police,Essex Police,1.147170,51.792289,On or near CASTLE ROAD,E01021968,Tendring 017A,Offender given community sentence
276e8f91d6526d699d752fb7399ff2be22d327327eb197b2c5ce4e5a82846abb,2018-12,Essex Police,Essex Police,0.906006,51.886361,On or near Parking Area,E01021686,Colchester 011D,Defendant found not guilty
c0e693e274b496d976e54d55f0f68b74f3d9a4ce9e9bd37b20c79fc34c296a6d,2018-12,Essex Police,Essex Police,0.101956,51.754464,On or near FIVE ACRES,E01021871,Harlow 007D,Court case unable to proceed
3aa91a6abd3ffc8ccbc3f19bc29d75728763ab24321a3070064d37f5288bf259,2018-12,Essex Police,Essex Police,1.153340,51.787393,On or near Nightclub,E01022025,Tendring 016B,Offender given community sentence
5b794d740c23436932a760a86389ae0e0192ed4db00e64aacb8539380bda9ab6,2018-12,Essex Police,Essex Police,0.426494,51.515154,On or near Supermarket,E01015989,Thurrock 005A,Offender given community sentence
2605aa8f78ecf64ebb9ca2146a1576730b150f6116623119188ddb41e081710f,2018-12,Essex Police,Essex Police,0.915055,51.883582,On or near REBOW STREET,E01021687,Colchester 011E,Offender sent to prison
a2be07d1feddbdef06ab6fed357f3abf9f7307d8b74f6f9391ad2c6515f4f907,2018-12,Essex Police,Essex Police,0.743713,51.816963,On or near STORES ROAD,E01021727,Colchester 020E,Offender given community sentence
49e879c77d77f158280559bec38387209d209b8b3bdf9d9989cb98d50d618a9d,2018-12,Essex Police,Essex Police,0.896245,51.888706,On or near HEAD STREET,E01021649,Colchester 007D,Offender given community sentence
0bc74a7bf7caeb3ec8415e51144972c84b3949517d013fcf54adb04a9bd1a17d,2018-12,Essex Police,Essex Police,0.902263,51.889844,On or near MUSEUM STREET,E01021649,Colchester 007D,Offender fined
5ae584985b4f22d7debe66de5d42971ae488aaee8df2ef285cbcfa56ca9d0ab1,2018-12,Essex Police,Essex Police,0.473762,51.577191,On or near ORSETT END,E01021265,Basildon 012A,Offender sent to prison
fde9bff2bc1bcf32c63c45147ab1fb05326e9e84482c4631c4a6012e9c185012,2018-12,Essex Police,Essex Police,0.413811,51.637453,On or near Supermarket,E01021252,Basildon 002E,Offender given community sentence
2324c75093c742c8dfa32120cf0b6955ff6b77aad815e4b26551ac2760bb3afe,2018-12,Essex Police,Essex Police,0.910565,51.873009,On or near LADBROOK DRIVE,E01021665,Colchester 016D,Offender sent to prison
b60d8690999a4fd00d4778071894acee84ce38a0280f665f0ce3f86d6cc18093,2018-12,Essex Police,Essex Police,0.113251,51.699983,On or near STAR LANE,E01021757,Epping Forest 006B,Defendant found not guilty
e96fbb3987b498cc4c3f4ea5d815f697d032d16f32eec3af5aee430abba2876a,2018-12,Essex Police,Essex Police,1.280873,51.936948,On or near Supermarket,E01022001,Tendring 001D,Offender sent to prison
cae05ec0d2ff85cfc9675fa732023683d3890d0118fbd3ccbce7b199c440aa41,2018-12,Essex Police,Essex Police,0.464723,51.570987,On or near Pedestrian Subway,E01021318,Basildon 015C,Offender sent to prison
c0eaffa6b876d630aaaa97ecc91937a78db99ac73995f19b76ba0217b3f5650f,2018-12,Essex Police,Essex Police,0.369426,51.468414,On or near WREN WALK,E01016007,Thurrock 018E,Offender sent to prison
f2da5c31623e1bf034ba80923d6660daa4cfbae2ae8c69565ae156152e8694fc,2018-12,Essex Police,Essex Police,0.714143,51.536234,On or near Shopping Area,E01015852,Southend-on-Sea 015B,Offender sent to prison
bbba21240aef2fe09fe5021aa9ce763a64307ff833fd5f3ab841861a619b8b0d,2018-12,Essex Police,Essex Police,0.442770,51.519249,On or near CANON CLOSE,E01015985,Thurrock 003B,Offender given community sentence
ebe2752b06bf9eba8b35dbf882fa94df1ca1c4b3066f8a059c0190e66d93f559,2018-12,Essex Police,Essex Police,0.622121,51.517642,On or near CHAPMAN ROAD,E01021491,Castle Point 012C,Offender sent to prison
644b1326d45102acfac1e01c5dadc3d12ee1529414e1ac4c054b67068b4d8c02,2018-12,Essex Police,Essex Police,0.462457,51.585127,On or near Nightclub,E01021268,Basildon 015B,Offender given community sentence
f5c8e391e6272c18e1a99955f1418d303a2474943416dfb80e8d14a9f1cc44bc,2018-12,Essex Police,Essex Police,1.261418,51.940359,On or near Iconfield Park,E01022007,Tendring 002D,Offender sent to prison
1d5f30625b12e054f942023e3c6de114763fbb33fb111cd6412d22e76e903863,2018-12,Essex Police,Essex Police,0.474190,51.732359,On or near Shopping Area,E01033140,Chelmsford 010F,Offender given suspended prison sentence
3342729bd5efc9a397fd54062a2e4f52733c7a985ece0105fdd2812027d684d0,2018-12,Essex Police,Essex Police,0.550310,51.893640,On or near GLEBE AVENUE,E01021354,Braintree 008A,Defendant found not guilty
5e9de1430dfc219a4d173cd36149f202d4aeac3a2d11a507a1e78c36ce7ac2b7,2018-12,Essex Police,Essex Police,0.618184,51.516858,On or near VAN DIEMENS PASS,E01021491,Castle Point 012C,Defendant found not guilty
a1357f691d1518bbaf884800ba0ffc586a60adc6ebea5330fa65bec14097ce30,2018-12,Essex Police,Essex Police,1.169110,51.817854,On or near Pedestrian Subway,E01021984,Tendring 010A,Offender sent to prison
13ae85208e5c05b2bb527d3eb726c73f23b04c3fba196f3a5284909a80c945fe,2018-12,Essex Police,Essex Police,0.426494,51.515154,On or near Supermarket,E01015989,Thurrock 005A,Offender given community sentence
303ef8c948170fbd02d38bdf89966ac3881595a8f5282366096c7bc10b37258d,2018-12,Essex Police,Essex Police,0.899875,51.890226,On or near Nightclub,E01021649,Colchester 007D,Offender given community sentence
1a671eea60ce230a16811c54ed5a18bd00a6797cf5379ab2664908af1bf0a937,2018-12,Essex Police,Essex Police,0.092612,51.768596,On or near Theatre/Concert Hall,E01021872,Harlow 007E,Offender sent to prison
98948084a529da59c5250300994bdf21ff8e8a8950d40a8b335d02f968336fa6,2018-12,Essex Police,Essex Police,0.921385,51.884603,On or near HYTHE HILL,E01021685,Colchester 011C,Offender sent to prison
4d587a9be31b4fb7eee32edcb352c3fd152f758ccda1616fa4ae5bdbfb61284f,2018-12,Essex Police,Essex Police,0.927887,51.867920,On or near Petrol Station,E01021667,Colchester 016F,Court case unable to proceed
5b0aa29b639368cbd5e80ff4a1fa1a701b8ea7f3e6631ca9f1c44607f896c66c,2018-12,Essex Police,Essex Police,0.343044,51.494764,On or near LAIRD AVENUE,E01015966,Thurrock 010D,Offender given community sentence
4a13d7c6de070d5452ce64a810e3c4c77b566705abc46332be715ee06ef525a6,2018-12,Essex Police,Essex Police,0.899183,51.910173,On or near Hospital,E01021682,Colchester 004D,Offender given community sentence
1b4d181b1ea9c8b38534b7a00ef8fa07a700f808fdfe9d2ba7b7d59ffc719973,2018-12,Essex Police,Essex Police,0.280942,51.508174,On or near DUNNING CLOSE,E01015929,Thurrock 007C,Offender given community sentence
059d5a7f568bef61dfb8ce37cfb90a66ee85c7c9a84286abfa5e2d12cde94821,2018-12,Essex Police,Essex Police,1.161362,51.932163,On or near HARWICH ROAD,E01021978,Tendring 003A,Offender given community sentence
dd991ad46adde8715d0fa9357152d689933c6a00163770ea92821597727492fa,2018-12,Essex Police,Essex Police,0.871978,51.872384,On or near ANGLIA CLOSE,E01021711,Colchester 015A,Offender sent to prison
44026df1943e701137a1168b39e396bd1359c4487376e25b7f68fb51c351ff17,2018-12,Essex Police,Essex Police,0.564468,51.519052,On or near HAVEN CLOSE,E01021501,Castle Point 011D,Offender sent to prison
00f8633bacb4c4393361b02590b42e7d14afc22fc49555b35aecca650bf256a0,2018-12,Essex Police,Essex Police,0.685274,51.872740,On or near STONEHAM STREET,E01021378,Braintree 014B,Offender fined
6cf00ca1748900099b88ecd3cd8d3a869e3fd22ba4aa1c77b93d951af9edd73a,2018-12,Essex Police,Essex Police,0.712497,51.540310,On or near Bus/Coach Station,E01015895,Southend-on-Sea 010A,Offender given suspended prison sentence
333d136866c43a738f440128a4b8729780548b087b348d318b094c554ee718b4,2018-12,Essex Police,Essex Police,0.455025,51.557871,On or near FOBBING FARM CLOSE,E01021297,Basildon 020D,Court case unable to proceed
276e8f91d6526d699d752fb7399ff2be22d327327eb197b2c5ce4e5a82846abb,2018-12,Essex Police,Essex Police,0.906006,51.886361,On or near Parking Area,E01021686,Colchester 011D,Offender sent to prison
7d100b00e515c85a866f650d0dc2d9307db06549fd496cbcbde4e1c54496c632,2018-12,Essex Police,Essex Police,0.476101,51.734998,On or near Parking Area,E01033141,Chelmsford 010G,Offender ordered to pay compensation
2c280e89fd8d55d250526f32c205af37fca4dfa9a88d1167f904c9a4c0f20b7b,2018-12,Essex Police,Essex Police,0.715320,51.534677,On or near Shopping Area,E01015852,Southend-on-Sea 015B,Offender sent to prison
aa61ad467895d9c4e35d22374a6c5579864554b8b8a2ee019f59e9f721abb2af,2018-12,Essex Police,Essex Police,0.283014,51.510418,On or near Supermarket,E01015976,Thurrock 007F,Offender sent to prison
e55e482a6025cc6dae1f2fd9cabd9eed4b7eb89510bc079738f3f5eac5c816bf,2018-12,Essex Police,Essex Police,0.456169,51.571868,On or near Pedestrian Subway,E01021318,Basildon 015C,Offender given community sentence
728a75dc4d07b03ba8f468c17d4fec967f12c65f4d775672f5ba16d613647cc4,2018-12,Essex Police,Essex Police,0.442770,51.519249,On or near CANON CLOSE,E01015985,Thurrock 003B,Offender given community sentence
aeac718bde2db3d57bf3e528e1b8fbe9161b0090aef813f517090e9e95dd99e1,2018-12,Essex Police,Essex Police,0.350047,51.624619,On or near CLIFTON WAY,E01021447,Brentwood 005A,Offender sent to prison
9434a3e0d1eb3215b04f2dfd2a37da7b58098f15e0df95af0ec03eb7cec0924b,2018-12,Essex Police,Essex Police,0.462457,51.585127,On or near Nightclub,E01021268,Basildon 015B,Offender given community sentence
91fe7babf336e7c2cf5cb59d7e71f4bca2707fea8886a073e853ab62a27b1149,2018-12,Essex Police,Essex Police,1.132359,51.801049,On or near FUCHSIA WAY,E01022023,Tendring 015A,Offender sent to prison
fe784b0760288188730f91e00f3c0a0a5f7b9d1a5f9ffd0ec175555616245b9e,2018-12,Essex Police,Essex Police,1.153340,51.787393,On or near Nightclub,E01022025,Tendring 016B,Court case unable to proceed
aec17f340d09e158241fc0f96bf051c351a74cfa8c875270d2e0f9e427efcf11,2018-12,Essex Police,Essex Police,0.072940,51.620325,On or near BROOK WAY,E01021751,Epping Forest 016C,Offender sent to prison
cd3f5ff21029ae5dfd198cb31c9bf65485c21e16719113ca69bd10a1b7ea1775,2018-12,Essex Police,Essex Police,0.324740,51.501414,On or near STIFFORD CLAYS ROAD,E01015993,Thurrock 009C,Offender fined
f28ca3f51876f9ae65c0f904a62294d6f0aaa943027a53567e96c99d80174508,2018-12,Essex Police,Essex Police,0.288664,51.514741,On or near ARCANY ROAD,E01015973,Thurrock 006D,Offender fined
c6b04804814e954e9cc88084e68d9af3a42a35c496249143ca5a749911fc4400,2018-12,Essex Police,Essex Police,0.715320,51.534677,On or near Shopping Area,E01015852,Southend-on-Sea 015B,Offender fined
ac001f9e49f4d7724296be7b96e4ddbe20bb8aa66658a1a203c60a2f4101ca2f,2018-12,Essex Police,Essex Police,0.465760,51.730737,On or near THE MEADS,E01021582,Chelmsford 010D,Offender sent to prison
a1a9fa143d8059b5b1de2d0ccf50e1565c960d50a0a3093733c61640842403d8,2018-12,Essex Police,Essex Police,0.092373,51.766253,On or near LUTHER KING ROAD,E01021868,Harlow 007B,Offender sent to prison
f1fb356c8aeef8f422394da67cf73fdcae50a156e836807dcba8fcb29db2e105,2018-12,Essex Police,Essex Police,0.456169,51.571868,On or near Pedestrian Subway,E01021318,Basildon 015C,Offender fined
cc64ba2f9ec396158b234a547e5f6e72dea78a4c794147617f6047e0794ab35c,2018-12,Essex Police,Essex Police,0.463062,51.725074,On or near ELM ROAD,E01021578,Chelmsford 010B,Offender given suspended prison sentence
b39be6cad3ac34f75ae9ebf36e137972a128ef4e18a4b31fdaace622044e55e3,2018-12,Essex Police,Essex Police,0.561494,51.523605,On or near ST PETERS ROAD,E01021503,Castle Point 010D,Defendant found not guilty
7cbb2e695cdf2f289f8c81d910ae6ccdc399c599bc913721d4210c15742eda81,2018-12,Essex Police,Essex Police,0.473762,51.577191,On or near ORSETT END,E01021265,Basildon 012A,Offender sent to prison
5b1d1db5b7f865ad6d7c49ceb44933bbfd77faa6a37bf9c5d8e1a23f0230b99f,2018-12,Essex Police,Essex Police,0.442167,51.581774,On or near UPPER MAYNE,E01021279,Basildon 010E,Offender otherwise dealt with
beeb231464d71ac443644cea3d8113c515203081e8ea639f736f1dc8a8ca4554,2018-12,Essex Police,Essex Police,0.460775,51.569775,On or near Parking Area,E01021318,Basildon 015C,Offender given community sentence
371056264bfa34daeb00860d8582b352f767288ad350fa70a33b0e8e164684b9,2018-12,Essex Police,Essex Police,0.714390,51.538674,On or near Parking Area,E01015852,Southend-on-Sea 015B,Offender given community sentence
4db1fa4da9641314c1549297ef1cb8517e99d1427808bc5d9edb2f806e4d9468,2018-12,Essex Police,Essex Police,0.617106,51.641504,On or near NELSON PLACE,E01021608,Chelmsford 020D,Offender sent to prison
f82524cbc4607fddbcd775ff6ebea167aa327896bc258bf1a8778198f1e20029,2018-12,Essex Police,Essex Police,0.089191,51.749440,On or near JOYNERS FIELD,E01021862,Harlow 011A,Offender given community sentence
9654b34ecca29bea3e64648a08ab95896e3a7d13281184d53598392a3d640115,2018-12,Essex Police,Essex Police,0.905583,51.879797,On or near Supermarket,E01021684,Colchester 011B,Offender sent to prison
beffeb559fd47a6e9068b800ee6050c5c829bef106cb826dd28ebc4e311757a8,2018-12,Essex Police,Essex Police,0.709743,51.544690,On or near Police Station,E01015895,Southend-on-Sea 010A,Offender sent to prison
18e6f0ce47d10bd13f321870ba0c3a4981fa4c9cd92f8f1c83717e32fba476b9,2018-12,Essex Police,Essex Police,0.442982,51.521853,On or near MARKHAMS,E01015985,Thurrock 003B,Defendant found not guilty
bb7714acd3b1ca6410f7e34509c76e90f1ee9812c026531470aa95f128df8bb9,2018-12,Essex Police,Essex Police,0.720578,51.533386,On or near LUCY ROAD,E01015841,Southend-on-Sea 014C,Offender given community sentence
471f6b562018085a97ddd07c7cad98e09481ea9741e424bdff0355fc00d6670d,2018-12,Essex Police,Essex Police,1.149490,51.790419,On or near ROSEMARY ROAD WEST,E01022026,Tendring 016C,Court case unable to proceed
fb8c6cc739e478e9cbaf73f3241e11b753e35e01931672082d62621c5b99f929,2018-12,Essex Police,Essex Police,1.276917,51.936573,On or near Supermarket,E01022001,Tendring 001D,Offender sent to prison
d852e3476417576137536216aff27ebaa92772f0ec39c4196c8671aa8c9f531b,2018-12,Essex Police,Essex Police,0.452426,51.568286,On or near Petrol Station,E01021318,Basildon 015C,Offender given community sentence
3a8685537e16cb3e36c1019b478b24bded22b776a440cad943c2b1366e8dc95a,2018-12,Essex Police,Essex Police,1.155426,51.805424,On or near Supermarket,E01022044,Tendring 013E,Offender sent to prison
cdbfb315bd423d9a7b22582d539d1e2041fd8639dbe104e179c1db37ac6ee674,2018-12,Essex Police,Essex Police,0.727502,51.535339,On or near WOODGRANGE DRIVE,E01015840,Southend-on-Sea 014B,Court case unable to proceed
7bf2fb63d0edf07df5ac9053069df074f0c19a849e209e70badc1e859cb0f8e1,2018-12,Essex Police,Essex Police,1.155426,51.805424,On or near Supermarket,E01022044,Tendring 013E,Offender sent to prison
a0627a66c5d53cff2c67648b10c59eedec052dff511d613b83236ff9ebe1ecac,2018-12,Essex Police,Essex Police,0.602350,51.650862,On or near ELM ROAD,E01021614,Chelmsford 019D,Defendant found not guilty
3a65bb6e650026a74726b4fd45026178227e5708d069b9fd9087f78f27b57a90,2018-12,Essex Police,Essex Police,0.894626,51.882963,On or near STABLE ROAD,E01021651,Colchester 013A,Offender given suspended prison sentence
a97d33a1989fdd1dc761ec5ed4e04cc54307a53ee9d190fe3c7eaf32860db203,2018-12,Essex Police,Essex Police,0.915055,51.883582,On or near REBOW STREET,E01021687,Colchester 011E,Offender sent to prison
deb035756f7b5761daa05137129008205520c015ab48471010f6f2b2d9fce775,2018-12,Essex Police,Essex Police,0.531898,51.607256,On or near BEAZLEY END,E01021346,Basildon 008E,Offender fined
691e702d9294ed8f3a5c8da083dd5c7f71bf3a3fcf1ecaefe8143ae4eb83f412,2018-12,Essex Police,Essex Police,0.905583,51.879797,On or near Supermarket,E01021684,Colchester 011B,Offender sent to prison
96a1fbbf4ce25c1cf0f3f8ed7249f5b96f860aae92650ba45c399ed4fdb82182,2018-12,Essex Police,Essex Police,0.252071,51.510117,On or near RAVEL GARDENS,E01015924,Thurrock 008C,Defendant found not guilty
0f2481f41665dd4f39ffb7ad074f9f912184acb97ee9a4e33a44ebff3cfbb4af,2018-12,Essex Police,Essex Police,0.295639,51.522744,On or near CANTERBURY PARADE,E01015971,Thurrock 006B,Offender sent to prison
5e9de1430dfc219a4d173cd36149f202d4aeac3a2d11a507a1e78c36ce7ac2b7,2018-12,Essex Police,Essex Police,0.618184,51.516858,On or near VAN DIEMENS PASS,E01021491,Castle Point 012C,Defendant found not guilty
eef6db1b822708dff1e08ef42231b91312a97068d2f112cf3263ceb0cf3aecf7,2018-12,Essex Police,Essex Police,0.472257,51.733569,On or near Shopping Area,E01033141,Chelmsford 010G,Offender sent to prison
4d189ca2e112d9b1e73975efa9d134872421a607547c19116167c5f956ceca55,2018-12,Essex Police,Essex Police,0.072483,51.617582,On or near NEW BARNS WAY,E01021750,Epping Forest 016B,Offender sent to prison
03b9d46c9b7fd17b9b8e6e05a0fe51b99c58c82ebbe670336fda20cfd07275c8,2018-12,Essex Police,Essex Police,1.154883,51.790382,On or near HIGH STREET,E01022025,Tendring 016B,Offender sent to prison
6035446a6335dc4108f9da1ad69d3d88d276a00e823a4149b04952469e3d302e,2018-12,Essex Police,Essex Police,1.177795,51.806404,On or near DERWENT GARDENS,E01022033,Tendring 012B,Defendant found not guilty
91bfcb390798bcd62286b519f44c7402f85ebcd3f896864c927bf46ac22f460b,2018-12,Essex Police,Essex Police,0.715320,51.534677,On or near Shopping Area,E01015852,Southend-on-Sea 015B,Offender given community sentence
ab37f8e1467dde4f854f7f2129d4703695c42d6b53852e927eae8a4cde1dbd56,2018-12,Essex Police,Essex Police,1.120830,51.775282,On or near SEA CORNFLOWER WAY,E01021988,Tendring 018A,Offender given community sentence
0ec3555164a1cd5da8b8c79d7db87648005100a365c998738a8a5c587da382b3,2018-12,Essex Police,Essex Police,0.454172,51.745144,On or near FOX CRESCENT,E01021599,Chelmsford 009C,Offender fined
d7e366faff3c2ceb0d5591952a05af051d2e7f5f99b41f6559f55e957b2bf543,2018-12,Essex Police,Essex Police,0.282491,51.476605,On or near JUBILEE ROAD,E01016012,Thurrock 015C,Defendant found not guilty
97d7495cdf2610200aa727c6261946d447236bae1d07acc29769ab6fdfdf88fc,2018-12,Essex Police,Essex Police,0.484040,51.567423,On or near PATHWAYS,E01021322,Basildon 019A,Offender given community sentence
2fbbe0405dc9037b7ac9859e25919341c8594cbf049aaba305dda9ec53fb2151,2018-12,Essex Police,Essex Police,0.921385,51.884603,On or near HYTHE HILL,E01021685,Colchester 011C,Offender given community sentence
38adbd060fc78c9cf34ed57b50323e725b4695f64209c1dfa2c1d0c772fea6eb,2018-12,Essex Police,Essex Police,0.899875,51.890226,On or near Nightclub,E01021649,Colchester 007D,Offender given community sentence
ffe312809cd1a422394f2a7d104d570f6af5572b7fcd3ce32c480e88a36f3b49,2018-12,Essex Police,Essex Police,1.151360,51.814311,On or near Highfield Holiday Park,E01022039,Tendring 010B,Offender given community sentence
11e873aaaecef8333622e914589d297cb7bf8cbcfe0f77329a8ed67f8475712a,2018-12,Essex Police,Essex Police,0.689093,51.553827,On or near Hospital,E01015858,Southend-on-Sea 004B,Offender sent to prison
ffb525f84095bfb36c6f4744b8e49adf0f7b3302c509c4d5976ceb957c0175a5,2018-12,Essex Police,Essex Police,0.617106,51.641504,On or near NELSON PLACE,E01021608,Chelmsford 020D,Offender sent to prison
9402a0bb154c607c07802a601bafb07fc99204cafe85522b8326cd07f5b6898e,2018-12,Essex Police,Essex Police,0.712497,51.540310,On or near Bus/Coach Station,E01015895,Southend-on-Sea 010A,Offender given suspended prison sentence
ad48940faf047d8dd51bb87e91c3b100c688f8ad44cce07a6dff6bc568e47577,2018-12,Essex Police,Essex Police,0.697820,51.563798,On or near ROCHFORD ROAD,E01015867,Southend-on-Sea 002E,Offender given suspended prison sentence
f5e8364371ca66535cf8febc2f5708bbb353941f7ef7c85bd2afa0d3d8113a2b,2018-12,Essex Police,Essex Police,0.488030,51.731203,On or near BYRON ROAD,E01021629,Chelmsford 008F,Offender given conditional discharge
83d5b6f3d016a490eb61c8b2bfc6d5a737500f2c7db99e97ab37e95a334300b6,2018-12,Essex Police,Essex Police,0.706305,51.588830,On or near THE BOULEVARD,E01021954,Rochford 007D,Defendant found not guilty
141533839a3b59ef982b3ba8790612d375921e4e6984b90d3840a13ad0f1c7b0,2018-12,Essex Police,Essex Police,1.279473,51.937104,On or near Supermarket,E01022001,Tendring 001D,Offender sent to prison
b78eb73b24453a8417395a69ecc7c3b8b43dd66b67be076b5a201a858ec97333,2018-12,Essex Police,Essex Police,0.792587,51.538457,On or near Pedestrian Subway,E01015880,Southend-on-Sea 013E,Offender given community sentence
2c1ac1bd0e9bebb828db416002ae44d8771cff9c12c79ea28a90bbf20ad79c19,2018-12,Essex Police,Essex Police,0.562615,51.519947,On or near PALMERSTONE ROAD,E01021501,Castle Point 011D,Offender sent to prison
4587023d9e419f1880b5c57e1f1691325770bec35b31593d5285c3f3042c3eec,2018-12,Essex Police,Essex Police,0.666854,51.607181,On or near LEAMINGTON ROAD,E01021940,Rochford 003H,Offender sent to prison
fca339705a87e5d686ae0b003532b17904a997694df03359cd3eb5916fce958a,2018-12,Essex Police,Essex Police,0.561494,51.523605,On or near ST PETERS ROAD,E01021503,Castle Point 010D,Defendant found not guilty
eb2913cacf9287d0a34754a2fac78324b3f86c377012d5825e9ee1cf4c05aed3,2018-12,Essex Police,Essex Police,1.273035,51.936411,On or near Supermarket,E01022000,Tendring 002A,Offender sent to prison
0c06d71b718feb7c5cc03d683e7ba5beed9267cfff636670f3874e63319914e8,2018-12,Essex Police,Essex Police,0.891763,51.887710,On or near CROUCH STREET,E01021649,Colchester 007D,Court case unable to proceed
027841e6379cee8ff92505bf497f1e3fd05ec479a09ae3c5f39abac2ca0804e5,2018-12,Essex Police,Essex Police,0.715320,51.534677,On or near Shopping Area,E01015852,Southend-on-Sea 015B,Offender sent to prison
bc2d622d58437d219a5604a035fde6c6a29232c43c4f26a9a429dd54c07a98f9,2018-12,Essex Police,Essex Police,0.699414,51.535665,On or near TRINITY AVENUE,E01015853,Southend-on-Sea 015C,Court case unable to proceed
54852753d6d100bcb82c238678369fdd9337724b0aef80b8ffc9f82b69ef0d9f,2018-12,Essex Police,Essex Police,0.162081,51.920669,On or near MAILERS LANE,E01022089,Uttlesford 005G,Offender given community sentence
9ff446bf5554c0c86fc1b4f227620f276a79e00a03e8367ad901bc7a959ab27f,2018-12,Essex Police,Essex Police,0.800626,51.538544,On or near REMBRANDT CLOSE,E01015881,Southend-on-Sea 013F,Offender fined
2d1619121e40f4f3be07e1d83be777cbed5413488a569749c3e885c0e95df2e3,2018-12,Essex Police,Essex Police,0.490430,51.723742,On or near Parking Area,E01021563,Chelmsford 014B,Offender given conditional discharge
8e16a017ff9727e44d87a54835d6e67a1f5994cb4bff6587efab81a8b931c383,2018-12,Essex Police,Essex Police,0.713596,51.539394,On or near Nightclub,E01015852,Southend-on-Sea 015B,Offender given suspended prison sentence
97650e39d075542729f34b7aeebe4bf6866109b97c1637500bbf3c11180efdd0,2018-12,Essex Police,Essex Police,0.463490,51.569268,On or near Supermarket,E01021318,Basildon 015C,Offender sent to prison
22635b4fa35062574538763d4f626700b422ef640ba244294146b2f1ad569fca,2018-12,Essex Police,Essex Police,0.210403,51.813660,On or near THE SHAW,E01022070,Uttlesford 009C,Court case unable to proceed
a202842eba783211ff016c4cb15a7a5e80ba172bec59512e2f06fddc4c3936f5,2018-12,Essex Police,Essex Police,0.938384,51.893659,On or near ACACIA AVENUE,E01021697,Colchester 008B,Offender sent to prison
6541c5ad07e6b222591e739ae60d461818b5acadc62958a03b631a55f88528af,2018-12,Essex Police,Essex Police,0.482392,51.717122,On or near SAWKINS AVENUE,E01033145,Chelmsford 014G,Offender sent to prison
7c0b7f3c6876c844c13cb2b69cf205574faf6a7c570ce40b73e887c9ddbd2e2f,2018-12,Essex Police,Essex Police,0.714390,51.538674,On or near Parking Area,E01015852,Southend-on-Sea 015B,Offender given community sentence
a003fb393b75c1989a929c3aea7d94d8f7aeba3d2a45ef197fa30daf95f5b46f,2018-12,Essex Police,Essex Police,0.554389,51.901987,On or near Supermarket,E01021355,Braintree 007D,Offender sent to prison
d31921988854889cdd428d2157b744fe8803a3c7807e13d14dede7b080bb318e,2018-12,Essex Police,Essex Police,0.286972,51.510593,On or near ALWEN GROVE,E01015976,Thurrock 007F,Offender sent to prison
12acf11ba3f409f8a439fcd9c04e20bc8d4121f99054beb2019ece539cbadce7,2018-12,Essex Police,Essex Police,0.895335,51.889691,On or near BALKERNE GARDENS,E01021646,Colchester 007A,Offender otherwise dealt with
776b7237d0307b0e2e5da7357bb46e8a38068a761639b81fd458f0ef0c97ab1d,2018-12,Essex Police,Essex Police,0.910211,51.898578,On or near Shopping Area,E01021647,Colchester 007B,Offender sent to prison
4ca3f0008e45ed8e599cfdfc613fe766d64ed8f343e461804ea8faf1ff4e1e38,2018-12,Essex Police,Essex Police,0.417129,51.574280,On or near WORTHING ROAD,E01021275,Basildon 014B,Offender sent to prison
f4b511248fcdad7faf5fa117c6aef88e63e2c552ee17dbbcf48714f04747fb9a,2018-12,Essex Police,Essex Police,0.713316,51.537359,On or near High Street Southend,E01015852,Southend-on-Sea 015B,Defendant found not guilty
dc63d698421a9f8ab0eeb56bd24b781e4a2da9e167d13b06ac9b5d4d5065d586,2018-12,Essex Police,Essex Police,0.838051,51.888038,On or near ALBERTINE CLOSE,E01021719,Colchester 012B,Offender fined
c72e9c0b89b6e678308ef27e3c5432fd7a5503d251285a406e1a407b02e3d732,2018-12,Essex Police,Essex Police,0.715773,51.533579,On or near PIER HILL,E01015852,Southend-on-Sea 015B,Offender given community sentence
ee2734ac0f59d2e9af2533ae28af0e7ffe9027983c1c8a1e0a5ab4e767f1e30c,2018-12,Essex Police,Essex Police,0.794767,51.527657,On or near HALE WAY,E01015876,Southend-on-Sea 013A,Court case unable to proceed
cb88975aca151ff765f89054930e74aa58d067a2c025f48ce70dcb4bd6cee458,2018-12,Essex Police,Essex Police,0.545146,51.883015,On or near Supermarket,E01021358,Braintree 008C,Offender sent to prison
12529c1ef6954ec8c9671f40e3626e1d8f8a03e6413fcbcf3698c020d601b542,2018-12,Essex Police,Essex Police,0.893409,51.882336,On or near CAVALRY ROAD,E01021651,Colchester 013A,Offender given suspended prison sentence
15584822416f31fbb8514631a17de444048b9aa060b68caa47a52fbd1e690192,2018-12,Essex Police,Essex Police,0.082820,51.643936,On or near CHIGWELL LANE,E01021773,Epping Forest 013C,Offender fined
99225764ac217adb02e982ad984a092d495ef25518fb605046eb15167ff6e70d,2018-12,Essex Police,Essex Police,0.473646,51.564414,On or near SWAN MEAD,E01021324,Basildon 019C,Offender given suspended prison sentence
5f84529798fcf4a8abf76576f05f6608c37b744ae04ef360d455843d8da67ffb,2018-12,Essex Police,Essex Police,0.894589,51.886462,On or near Police Station,E01021651,Colchester 013A,Offender given community sentence
2519e70c367a3342b6e315492f8567ddec2a8a3cd4b6e3563549a944d9605eaf,2018-12,Essex Police,Essex Police,0.452777,51.749877,On or near ARNHEM ROAD,E01021596,Chelmsford 006E,Offender given suspended prison sentence
69af23224b696a3dbf016d374488738b42ed178f55d3ed7c3e7ed467376fa7b1,2018-12,Essex Police,Essex Police,0.553495,51.574637,On or near MANDEVILLE WAY,E01021514,Castle Point 001B,Defendant found not guilty
7028ffe6d43a94936af6eb6cf7a6350bed5ced49d67124703c87a326d3e186da,2018-12,Essex Police,Essex Police,0.277434,51.486092,On or near Shopping Area,E01016012,Thurrock 015C,Offender sent to prison
ee623c7f5a7c0d64c69b92f2143eb2bb2c04b3223a90b6a5162f51d6075fb6c9,2018-12,Essex Police,Essex Police,0.472257,51.733569,On or near Shopping Area,E01033141,Chelmsford 010G,Offender sent to prison
8cb7b9a6311ada29c838718d721e247bd340d7d992d2b78b7b47dcd66796a982,2018-12,Essex Police,Essex Police,0.720578,51.533386,On or near LUCY ROAD,E01015841,Southend-on-Sea 014C,Offender deprived of property
026596514bfda30ea0bc95e376d740fc727795fe4dac36ff40905c298e9c9894,2018-12,Essex Police,Essex Police,0.902263,51.889844,On or near MUSEUM STREET,E01021649,Colchester 007D,Offender sent to prison
3a4d781914d06318af1269c88a1f450c5de08ec92146ba17b50ba183a3b1d3b6,2018-12,Essex Police,Essex Police,1.233363,51.930070,On or near CLAYTON ROAD,E01022028,Tendring 004F,Offender given community sentence
e02d4f97b0c4438c2de11e9eb73bf5b4c3f9e66824aa4c464e4e4980631dba47,2018-12,Essex Police,Essex Police,0.280942,51.508174,On or near DUNNING CLOSE,E01015929,Thurrock 007C,Offender given community sentence
405ec5a5c0d8bd65075ad21751ec76f65b42230d181202a8b3e6b6504486b672,2018-12,Essex Police,Essex Police,0.633390,51.940282,On or near CUTTING DRIVE,E01021393,Braintree 004E,Offender sent to prison
a4760de90206d6a094fa39f5532cba11ec08ab4240327d33b24cec0fef2a2ea7,2018-12,Essex Police,Essex Police,1.148955,51.797719,On or near ST MARY'S ROAD,E01021970,Tendring 016A,Offender fined
156747059bda2f7823a7ecded7be7f39b2541f730d11d86e8da479360515931e,2018-12,Essex Police,Essex Police,0.920374,51.916286,On or near HANNINGFIELD WAY,E01033720,Colchester 002F,Offender given community sentence
c795245019cc868646dbbc5cd754fa29a63e4f264e5ea72a9853bf88082942bb,2018-12,Essex Police,Essex Police,1.140502,51.789427,On or near ROBERTSON CLOSE,E01022038,Tendring 017E,Defendant found not guilty
49729b5b86eee6e5d35ecd68b2c664766dd0f56386a9264eccb01d2d1fac349e,2018-12,Essex Police,Essex Police,0.489170,51.721628,On or near Petrol Station,E01021564,Chelmsford 013D,Offender fined
957612e73c23d024ec238fd4aa96e7fb9dcc7a037f597e39ae1f436a2544b1c6,2018-12,Essex Police,Essex Police,0.261741,51.889938,On or near Airport/Airfield,E01022090,Uttlesford 006B,Offender sent to prison
d636241bd4424fcf2a12c8fc50b5e987a0a882ea2b8dcd72a098285da31fa96e,2018-12,Essex Police,Essex Police,0.472134,51.741656,On or near RANSOMES WAY,E01021574,Chelmsford 010A,Offender fined
4d905701c5bf9018962fcac903f4162f2bf29274266eafff6a90d7dc77dd8ad3,2018-12,Essex Police,Essex Police,0.514430,51.568709,On or near BIDDENDEN COURT,E01021313,Basildon 018A,Offender given suspended prison sentence
762b1aa73fdd2afc6b1031ecb5d53725650a05e10504a32c51ba2142bb68f2e3,2018-12,Essex Police,Essex Police,0.709743,51.544690,On or near Police Station,E01015895,Southend-on-Sea 010A,Offender ordered to pay compensation
1406a930837a65a25c879350f4a6207131ffee454dac321f81252482a7f7e697,2018-12,Essex Police,Essex Police,0.901260,51.888708,On or near Shopping Area,E01021649,Colchester 007D,Offender sent to prison
4205fb9cb6fbfb39ed14185cdb3001a743ce0325c780f6930a6126a9b01dae61,2018-12,Essex Police,Essex Police,0.900116,51.889231,On or near Shopping Area,E01021649,Colchester 007D,Offender given community sentence
64749c1cd12e5adc8a825b5ecf5a21a1e4190b70fe6f24fdf6a7e3354f6dbc9c,2018-12,Essex Police,Essex Police,0.247130,52.014701,On or near RAILEY ROAD,E01022082,Uttlesford 002G,Offender given conditional discharge
dc332d50d78a2efee4ff889945f3ecd171733a60e49530a84812ee5256c2aea5,2018-12,Essex Police,Essex Police,0.285222,51.484852,On or near Parking Area,E01016011,Thurrock 015B,Offender given community sentence
768c21a0a8a3b2a889280701c3ff17188e9ffc5a30111312a9b580615ee2a4e7,2018-12,Essex Police,Essex Police,0.452630,51.750374,On or near CASSINO ROAD,E01021601,Chelmsford 003E,Offender given suspended prison sentence
ce93301f41fa28f2c40b6b897db1408f028cafdef000d94c2124d6c9ba3894f8,2018-12,Essex Police,Essex Police,0.303257,51.621059,On or near Shopping Area,E01021433,Brentwood 007A,Offender sent to prison
28b1a539b567912a073e0b87d862e8ffd6b0fb3a9aad2e413e2905c4e5054ff5,2018-12,Essex Police,Essex Police,0.376274,51.481037,On or near LINFORD ROAD,E01015950,Thurrock 013D,Offender given suspended prison sentence
f9cfb4beb70e4eb48d9e6393c59fa1e9543317bb3fdc82a682e15058c840d352,2018-12,Essex Police,Essex Police,0.084237,51.749465,On or near WISSANTS,E01021863,Harlow 011B,Defendant found not guilty
6e036e6261aea8c2da2a21282aea6bfca46a2bcc2b1e58cf511c6d10e157eded,2018-12,Essex Police,Essex Police,0.484040,51.567423,On or near PATHWAYS,E01021322,Basildon 019A,Offender given community sentence
14f6f44788f07dfeebca2a2f1e8911f3073f1c9dc991509cab7bb195b09dccca,2018-12,Essex Police,Essex Police,0.270445,51.486039,On or near Parking Area,E01016012,Thurrock 015C,Offender sent to prison
861ae7f0fcc5acddce50f537269d265019ce96c5164acf8e2953261ec70a6077,2018-12,Essex Police,Essex Police,0.502267,51.562719,On or near Supermarket,E01021310,Basildon 022B,Offender otherwise dealt with
4e1b944e55921859351540151803a94d7c4da3e2182b79f1056ca22b6159db02,2018-12,Essex Police,Essex Police,0.891763,51.887710,On or near CROUCH STREET,E01021649,Colchester 007D,Offender sent to prison
10bb310d903b119e7e210ec823e995f0c78b1777bae76273fc9324c06cc71d60,2018-12,Essex Police,Essex Police,0.302994,51.518526,On or near CHERRY TREE DRIVE,E01015974,Thurrock 006E,Defendant found not guilty
5adc14c6258379d792a4beaeb2844e2de93db1c8c68b5195523c4a3e7f4f76d2,2018-12,Essex Police,Essex Police,,,No location,,,Offender given conditional discharge
1982d8055ba2a221edc7fab87bc3ef9522a65d06504dbeefb40613905d4375c2,2018-12,Essex Police,Essex Police,0.324934,51.477776,On or near CLARENCE ROAD,E01015956,Thurrock 016B,Offender given conditional discharge
b6c50cd18749781b6126858a44146ae73d6b63218a91dc7ff10a8963876f5020,2018-12,Essex Police,Essex Police,1.159236,51.793926,On or near SKELMERSDALE ROAD,E01022049,Tendring 014D,Offender sent to prison
30638a702b83adba48f979493b01bbaf5833e2b3cba2020100058b3e8c8067ed,2018-12,Essex Police,Essex Police,0.463062,51.746118,On or near KIPLING CLOSE,E01021592,Chelmsford 006D,Offender sent to prison
18727543f60fb647518ead5547490f43cb73652e107fff01306fb7248e66df78,2018-12,Essex Police,Essex Police,0.426494,51.515154,On or near Supermarket,E01015989,Thurrock 005A,Offender given community sentence
e1e2591d56a060c92ef7d8314ed73817e76b3fdd5aa741fa08b0bde3b3154ee0,2018-12,Essex Police,Essex Police,0.899183,51.910173,On or near Hospital,E01021682,Colchester 004D,Defendant sent to Crown Court
09bdf5d5d156235cd1048c36522ca93b14d9d3ad1831b767bde24a61822b6416,2018-12,Essex Police,Essex Police,0.475573,51.698039,On or near BARNARD ROAD,E01021554,Chelmsford 017C,Offender sent to prison
ae1ebee709016077c988b0fa865e3ab1ddd194b20db9b58bde06446651a7f599,2018-12,Essex Police,Essex Police,0.462457,51.585127,On or near Nightclub,E01021268,Basildon 015B,Offender otherwise dealt with
e61ae0da92f2aded4def43327bb7610b602c3753535702625028aec6c18c1c47,2018-12,Essex Police,Essex Police,0.508183,51.565596,On or near PARKHURST ROAD,E01021316,Basildon 018D,Defendant found not guilty
7e45f929a99fbe3add25ffb887866428e30a77445d176013759d84c3e6275f5d,2018-12,Essex Police,Essex Police,0.319731,51.477969,On or near Parking Area,E01015953,Thurrock 017C,Court case unable to proceed
a3c3d7cc28e041e9f419bd74a09bd7606294b88cdf1852bbea776976f1978c0a,2018-12,Essex Police,Essex Police,0.548287,51.575200,On or near MAYFLOWERS,E01021514,Castle Point 001B,Offender given community sentence
5526c3327166cf9cd0b04ab073b1af5a8a8cafffb29a02028ce6e96b47d3fada,2018-12,Essex Police,Essex Police,0.283014,51.510418,On or near Supermarket,E01015976,Thurrock 007F,Offender sent to prison
c3da7dfedd7c971aa4862321c623df1221f8394b64ce23c1b1d68753d2e909bb,2018-12,Essex Police,Essex Police,0.715320,51.534677,On or near Shopping Area,E01015852,Southend-on-Sea 015B,Offender given community sentence
462a0d8cc272f8513c2eae60e956ce4043136df2b8af2a377dcfcceb80ba8336,2018-12,Essex Police,Essex Police,0.700892,51.534795,On or near WESTCLIFF PARADE,E01015853,Southend-on-Sea 015C,Offender fined
88855ca32b46c9a39157839386365c06200f3bab5f8102c59947d17e7bb53a70,2018-12,Essex Police,Essex Police,0.281531,51.509871,On or near DERRY AVENUE,E01015972,Thurrock 006C,Offender sent to prison
2cab792918b78c409216fe4836eaf10cf0f1afba9198ba2be7725045196fba10,2018-12,Essex Police,Essex Police,0.108071,51.697207,On or near Supermarket,E01021762,Epping Forest 005C,Offender given suspended prison sentence
0e2ee7699dac5c3ce364f837d8cce57ac41ecf922e871199e6ed66858f1c3c92,2018-12,Essex Police,Essex Police,0.579261,51.882172,On or near ROCHESTER CLOSE,E01021351,Braintree 007B,Offender sent to prison
fc5563d3ac78a3fb88d88e36a748a128504ee97e63d6fce07d5c64c2c3096210,2018-12,Essex Police,Essex Police,0.730798,51.540290,On or near Petrol Station,E01015844,Southend-on-Sea 014F,Offender given community sentence
f14ef074627143b7ac6732879d5f7a011a288c7da4b9ca5eee308da2f2068315,2018-12,Essex Police,Essex Police,1.128565,51.794864,On or near CARTERS CLOSE,E01022031,Tendring 015D,Offender otherwise dealt with
10619c69fc4cc93479857243bfdc526a74551fa7b9690e382292bf45ec139eb4,2018-12,Essex Police,Essex Police,0.653197,51.601114,On or near MAIN ROAD,E01021937,Rochford 003E,Offender given community sentence
0f88ab604be7501aafbba0138a2ea33d0090bc31c5c836b1f6f31ea73d1ee062,2018-12,Essex Police,Essex Police,0.513170,51.751784,On or near White Hart Lane,E01033144,Chelmsford 005F,Offender given community sentence
095f821f2e6533c7695ba4be091a3cf83caed7c170f7fe38094e9f8833f4a354,2018-12,Essex Police,Essex Police,0.443720,51.579233,On or near Pedestrian Subway,E01021268,Basildon 015B,Offender otherwise dealt with
c0a7c638ca9ab1ef8fec469c308f75d6eb6384108be377e52560fa40a0832367,2018-12,Essex Police,Essex Police,0.301804,51.622040,On or near William Hunter Way,E01021433,Brentwood 007A,Offender sent to prison
398be867a52b0e95aeaac2707d170f26dba262fc0915fb080e071b092bd1eb47,2018-12,Essex Police,Essex Police,0.456169,51.571868,On or near Pedestrian Subway,E01021318,Basildon 015C,Offender sent to prison
d29c530aa8f712fb0e3ade91410414067999cb6ad316cc4454f76e58604b7ae1,2018-12,Essex Police,Essex Police,0.714143,51.536234,On or near Shopping Area,E01015852,Southend-on-Sea 015B,Offender sent to prison
9e107f1d54fa79a90a50a4bc218d8dc5195ef07dd2c96cba54139601124055bc,2018-12,Essex Police,Essex Police,0.714345,51.540114,On or near SOUTHCHURCH ROAD,E01015895,Southend-on-Sea 010A,Offender fined
692f13f4df1ac6751598661b55872c7f82a7702169c152eca2b760379b4a1e70,2018-12,Essex Police,Essex Police,0.134261,51.770914,On or near MOSS LANE,E01021857,Harlow 001D,Offender sent to prison
7461c9fc6f62e8394ae2dc6eabcd9b5f22585018b50a473b31f6e346d702a0fd,2018-12,Essex Police,Essex Police,0.551636,51.878566,On or near GREAT SQUARE,E01033459,Braintree 009F,Offender sent to prison
76bd7e7555a2cbafa8949da038e01be13be298c419359234560f4bb2a7307de4,2018-12,Essex Police,Essex Police,0.689093,51.553827,On or near Hospital,E01015858,Southend-on-Sea 004B,Offender sent to prison
80084ca3d97fedfffb5fc9e3a58043013250756d1e08c8c9282bca6ad653cd46,2018-12,Essex Police,Essex Police,1.178856,51.803749,On or near HILLSIDE CRESCENT,E01022034,Tendring 012C,Court case unable to proceed
7d5fa4f29404ff30ef54aba8495566f4f136339a8fa85e62f3c3cdd16e28fe99,2018-12,Essex Police,Essex Police,1.150049,51.812161,On or near Supermarket,E01022039,Tendring 010B,Offender sent to prison
7a4f53f653da0431bfb15bf6833d98a07e9987647a45bcb8beb422b5fd3da471,2018-12,Essex Police,Essex Police,0.490313,51.758494,On or near WAVELL CLOSE,E01021617,Chelmsford 004B,Offender given suspended prison sentence
81dd0fcf680eb5e4f0844e181245dc546a41e6bd42e6568fe2f4f052df9f1caa,2018-12,Essex Police,Essex Police,0.319731,51.477969,On or near Parking Area,E01015953,Thurrock 017C,Offender given suspended prison sentence
3ef637f2656782664b739155adaeb39c532ebc0e340c30376228a4e4bd3b68cf,2018-12,Essex Police,Essex Police,0.067365,51.756561,On or near SHEPPARDS,E01021829,Harlow 009A,Offender given community sentence
31ab382225de13f0462d0124143dcb39d40db3084ddb2b7453d4e674ad1b14a2,2018-12,Essex Police,Essex Police,0.426494,51.515154,On or near Supermarket,E01015989,Thurrock 005A,Offender given community sentence
1e7a1383e05ff646565415bd84ab60ec6bb0e0788d634ca7adcf878b098e78b4,2018-12,Essex Police,Essex Police,0.715320,51.534677,On or near Shopping Area,E01015852,Southend-on-Sea 015B,Offender sent to prison
fe78ca49877e5ee15c9ac8700113666df64c32411b9496ecbe4872f92e78485b,2018-12,Essex Police,Essex Police,0.474085,51.733089,On or near High Street Chelmsford,E01033140,Chelmsford 010F,Offender sent to prison
66ac9cc4ff289eb085816a997b91953a482ac5955fa73a3e6e5dac0448d19d0f,2018-12,Essex Police,Essex Police,0.926199,51.884196,On or near HYTHE QUAY,E01021685,Colchester 011C,Offender sent to prison
9ae935817746baacc7f03648cce7779d8476b2f45476beb30bb5476072ee90c3,2018-12,Essex Police,Essex Police,0.479805,51.568349,On or near GORDON ROAD,E01021322,Basildon 019A,Offender given community sentence
83513e74883ffb680c17fc8675993bc16aaad1b0d30b20b95c98b27a31e5e7be,2018-12,Essex Police,Essex Police,1.147433,51.789620,On or near Supermarket,E01022038,Tendring 017E,Offender otherwise dealt with
8c877995f97b6fb332e5723eb1866f91e3ec2d90b56241bb574ea2e43345e31d,2018-12,Essex Police,Essex Police,0.363480,51.872336,On or near WHITE STREET,E01022067,Uttlesford 007B,Court case unable to proceed
a74a15a466f7c97017368e6ab2fbeffbae91e95fc7e374ba32f9a38d46d52106,2018-12,Essex Police,Essex Police,0.322355,51.479168,On or near Grays Police Station,E01015956,Thurrock 016B,Offender given conditional discharge
191c34c3f22cd371adf18fd9ad73e7b46e9b248c0fbff0488cfc71bcdf74c728,2018-12,Essex Police,Essex Police,0.109048,52.039510,On or near ENGLERIC,E01022098,Uttlesford 003E,Offender otherwise dealt with
ff50363ec7e06a3609e8a218200afa45ad7fe3ce3dec2257f75573fbba986216,2018-12,Essex Police,Essex Police,0.488217,51.561992,On or near MOLLANDS,E01021325,Basildon 019D,Offender sent to prison
ff2ff76263d6f9cac0d706fc67d28704272be1f5f6fdd77b70a5915d895a0661,2018-12,Essex Police,Essex Police,0.715320,51.534677,On or near Shopping Area,E01015852,Southend-on-Sea 015B,Offender given community sentence
3538eaefb78828e9594ca63354df7fd88a4b940da187439367cc70f5e8b70356,2018-12,Essex Police,Essex Police,0.923562,51.894173,On or near DILBRIDGE ROAD EAST,E01021703,Colchester 022E,Court case unable to proceed
e4d8a34e13da22a1e5c8f406646741da4be18303a9a03b01b8d8e36bbc560d29,2018-12,Essex Police,Essex Police,0.651700,51.542681,On or near RECTORY GROVE,E01015848,Southend-on-Sea 011D,Court case unable to proceed
77535aa9416a51e608c647718fe39500e032603f86cb86c7055f555c5de4ec4d,2018-12,Essex Police,Essex Police,0.666359,51.777923,On or near CHURCH ROAD,E01021912,Maldon 002C,Offender given community sentence
6948e58a67aaa779bc1025d08169a930bf58f2b9604e38500c5378d73b667aba,2018-12,Essex Police,Essex Police,0.442770,51.519249,On or near CANON CLOSE,E01015985,Thurrock 003B,Offender given community sentence
a93feee9c67d02821409f46e189d16be6255b9e354484b83f828d789fd5923e3,2018-12,Essex Police,Essex Police,0.830194,51.879117,On or near CRANE AVENUE,E01021722,Colchester 012E,Offender given community sentence
12bf1007346d5a5c4aa127f935b093580289b8f444021fa86665349203a62f6e,2018-12,Essex Police,Essex Police,0.573410,51.878191,On or near BARTRAM AVENUE SOUTH,E01021370,Braintree 011B,Offender given suspended prison sentence
9642836d6892b00fb473a311a14eb23979143a5c34879a093a58b50514aa8133,2018-12,Essex Police,Essex Police,0.204141,51.816448,On or near HOME PASTURES,E01022070,Uttlesford 009C,Court case unable to proceed
ee6c6fba90b907ff9663eca9b15a5a81eec2c014ef18c8b8860f317a2e7cac35,2018-12,Essex Police,Essex Police,0.559088,51.522084,On or near CHARFLEETS SERVICE ROAD,E01021503,Castle Point 010D,Offender sent to prison
7d252f060e597f801d2bb992d7d835b1d9dc90e219191b927ea0f063548ad2a8,2018-12,Essex Police,Essex Police,0.920362,51.888991,On or near MOORSIDE,E01021706,Colchester 022H,Court case unable to proceed
11682b34e21bc6d56e33107d84f59c613356eb89ed9683dbba3126ac4185e5e5,2018-12,Essex Police,Essex Police,1.150947,51.786764,On or near EDITH ROAD,E01022025,Tendring 016B,Offender fined
edd72b01616e59793916eff6ee405d2099bc4d8072c5c256d83cddbbc8a30ff9,2018-12,Essex Police,Essex Police,1.143315,51.791924,On or near ALTON PARK ROAD,E01021968,Tendring 017A,Offender sent to prison
0d28b676bc9e4a91273a100b12167a05b8f253771073b31c043f16342c7440a9,2018-12,Essex Police,Essex Police,0.281698,51.489840,On or near Parking Area,E01016011,Thurrock 015B,Offender sent to prison
3c34b8ad466f6097d2eecfee8575dab52d2956dec09a2041cef794ea1f6ddfe1,2018-12,Essex Police,Essex Police,0.442770,51.519249,On or near CANON CLOSE,E01015985,Thurrock 003B,Offender given community sentence
aa14b5785f900d4ab9a45aa49077d67d07077e63b39e4d76b6d1639232e8eea0,2018-12,Essex Police,Essex Police,0.113814,51.707400,On or near BARNFIELD,E01021760,Epping Forest 005A,Offender fined
20cffb6f47df365184eb8926d72be81973780f34d45b79f20981baf04f6d881c,2018-12,Essex Police,Essex Police,0.508754,51.573876,On or near EASTBROOKS MEWS,E01021304,Basildon 013C,Offender given community sentence
f5317bdd6d95a0e6f80bcb43d53567c8b243e322fba0a8c190a83095cd1a235d,2018-12,Essex Police,Essex Police,0.786744,51.539594,On or near LINNET CLOSE,E01015882,Southend-on-Sea 013G,Offender otherwise dealt with
860298bbf6f409f1c92a64762ff2ee9905f9cad64e72dac1d4821919a734fc89,2018-12,Essex Police,Essex Police,0.516828,51.582606,On or near DENVER DRIVE,E01021309,Basildon 011E,Offender sent to prison
88bdd29fbbc6c0b3102119e519f6cebd4e4b8be13a58b3ccfb23caeb06444b9f,2018-12,Essex Police,Essex Police,0.318709,51.478556,On or near SEALLY ROAD,E01015953,Thurrock 017C,Offender given conditional discharge
5955000ec9e1efb6a34792a6c3a22b8d83261790588d70237e066ca6ba1aeadf,2018-12,Essex Police,Essex Police,1.244191,51.929511,On or near ABDY AVENUE,E01033051,Tendring 002F,Offender sent to prison
5a773f9e3c4226817ddfdf66fc24fb504684553d2c87883c108f543ba8f9bca8,2018-12,Essex Police,Essex Police,1.025495,51.814373,On or near NORTH ROAD,E01021979,Tendring 011A,Defendant found not guilty
f66a55088891b2540cdc364cf5a180f5ad94bb34eab0a047dfc253a0380b3179,2018-12,Essex Police,Essex Police,1.153551,51.802047,On or near OLD ROAD,E01022042,Tendring 014A,Court case unable to proceed
46f90b70467cda63b1296f3680a8096f7a1fc96ce8b6b58286199ae6f94ecb8a,2018-12,Essex Police,Essex Police,0.108304,51.767560,On or near HOME CLOSE,E01021852,Harlow 003D,Offender given conditional discharge
ffeac3bffcd4e4a6c34a7ccb5264b0635e46dd5bf87f26d53c6d542f76a19942,2018-12,Essex Police,Essex Police,1.152226,51.789923,On or near ROSEMARY ROAD,E01022025,Tendring 016B,Offender sent to prison
26413672160c98ff16b76e4816878015cac6c3630c6a0a72efbbb1844b1215e7,2018-12,Essex Police,Essex Police,0.115390,51.784591,On or near Supermarket,E01021845,Harlow 002B,Defendant found not guilty
a54f27b460717567ea84253ab4dbee72ca399d3ad7e1ca02c2e20e24ff5d86a2,2018-12,Essex Police,Essex Police,1.152681,51.792492,On or near ALEXANDRA ROAD,E01022026,Tendring 016C,Offender sent to prison
4da34555fc76bc305db6155c690b23f849d3f53f3ebdd3667063518a94d9c889,2018-12,Essex Police,Essex Police,0.461459,51.569868,On or near Shopping Area,E01021318,Basildon 015C,Offender sent to prison
968838f57dd1f3aa086bb679023ab3ad84a26522e74144352dd2d818f4fc319b,2018-12,Essex Police,Essex Police,1.125869,51.799504,On or near LAVENHAM CLOSE,E01022030,Tendring 015C,Offender fined
08861f781729e37684e2c3c4caa3cc38b5371894ba9ff47055be83e9983d1cfb,2018-12,Essex Police,Essex Police,0.376919,51.484855,On or near SAINT'S WALK,E01015936,Thurrock 012D,Offender fined
c50d964e031f77a44b703e62cf148dabd5896481b4fc8de36979e12acaa91ba9,2018-12,Essex Police,Essex Police,0.730138,51.535062,On or near Supermarket,E01015841,Southend-on-Sea 014C,Offender given suspended prison sentence
1395072e6eb1e4143b2152d6f8b316ac0afd846be80e54c55c9d1b4a8235412f,2018-12,Essex Police,Essex Police,0.830150,51.888121,On or near ESSEX YEOMANRY WAY,E01021718,Colchester 012A,Offender given conditional discharge
de692c121600ee87b3a3d4c6b168049e6807550b6acc310886e278945e33ef2b,2018-12,Essex Police,Essex Police,0.434985,51.514645,On or near KYNOCH COURT,E01015990,Thurrock 003D,Offender given conditional discharge
411829313d44770eb87216497d692912492e128dbebfe3862cb717c85df338fe,2018-12,Essex Police,Essex Police,0.330644,51.477618,On or near BRIDGE ROAD,E01015961,Thurrock 016D,Offender given conditional discharge
9d2f01a0d6dd4c1239fc397c5f9c6126d4807598bc27a2f1223ed3042ac7e2ee,2018-12,Essex Police,Essex Police,0.463062,51.746118,On or near KIPLING CLOSE,E01021592,Chelmsford 006D,Offender sent to prison
7eab1980c4382bbb289d937bf2bf5662ddabeccf77028cd204484fc7bcc764f6,2018-12,Essex Police,Essex Police,0.719805,51.539277,On or near LANCASTER GARDENS,E01015844,Southend-on-Sea 014F,Offender sent to prison
cf638b27293c3ae8b95d5d08943ebf5c3beb919f660930cca72b427918ba7c9a,2018-12,Essex Police,Essex Police,0.926682,51.894320,On or near Supermarket,E01021704,Colchester 022F,Offender sent to prison
511b2ebf1c6780441aea4c90a72ea967d0b7f6c2ba451ce4eecf0e12a961a46c,2018-12,Essex Police,Essex Police,0.455025,51.557871,On or near FOBBING FARM CLOSE,E01021297,Basildon 020D,Offender ordered to pay compensation
b2b7474ca27ee55c2cae4c42f6853d01e2838245a406eb9cd93f0c4aa4781b0b,2018-12,Essex Police,Essex Police,0.112240,51.703130,On or near RAYFIELD,E01021762,Epping Forest 005C,Court case unable to proceed
8aae7c8b2ab6963db25a23f7c3a1b9b8775c479d14fa19a36e9799187751d29a,2018-12,Essex Police,Essex Police,0.468593,51.736218,On or near DUKE STREET,E01033141,Chelmsford 010G,Offender sent to prison
421594d43daaf1c6c01df4338c7c8388ad6faf435f648ff0176dd1d888c2620a,2018-12,Essex Police,Essex Police,0.927887,51.867920,On or near Petrol Station,E01021667,Colchester 016F,Court case unable to proceed
f08b912a50889625b7a52a2905d0c30f2f41df6700e5a692cd9504f8e0bc7514,2018-12,Essex Police,Essex Police,1.152295,51.790083,On or near Shopping Area,E01022025,Tendring 016B,Offender sent to prison
1d8c8266573220bf2f37bea00188904096f0d888d8dded0dac11864f62b34721,2018-12,Essex Police,Essex Police,0.916710,51.879062,On or near OLD HEATH ROAD,E01021684,Colchester 011B,Offender given community sentence
45380dbd2d2ce18b061e5f6a1897cb00a3582121f47c79e235bd6508507de24b,2018-12,Essex Police,Essex Police,1.257809,51.933128,On or near Supermarket,E01022006,Tendring 002C,Offender sent to prison
61d2b175c8cc6b7675c849b6f21bc38a501b474a8817afa2da9d61ba838a2a52,2018-12,Essex Police,Essex Police,0.452777,51.749877,On or near ARNHEM ROAD,E01021596,Chelmsford 006E,Offender given suspended prison sentence
c4cd5dc37cb70fa7ca96dcb13d6a14a05854b93bf5b64e4889d0ce7767f7c9cf,2018-12,Essex Police,Essex Police,0.291069,51.635506,On or near Supermarket,E01021461,Brentwood 004D,Offender sent to prison
ac67141c2d46e1a0667e947a9a3b3483c68077782bd2adda9f138a1c852d1596,2018-12,Essex Police,Essex Police,0.937354,51.891014,On or near HAWTHORN AVENUE,E01021696,Colchester 008A,Offender given community sentence
de53aa7972f16526e4de0e0dacc3e9a54b5d3b2250907e39c528587d66a49848,2018-12,Essex Police,Essex Police,0.323432,51.476835,On or near Shopping Area,E01015954,Thurrock 017D,Court case unable to proceed
7261120125738c9e6bc959c01a96b35a719665a5c61c051ec6eec468de27a4ec,2018-12,Essex Police,Essex Police,0.247130,52.014701,On or near RAILEY ROAD,E01022082,Uttlesford 002G,Offender given conditional discharge
