Crime ID,Month,Reported by,Falls within,Longitude,Latitude,Location,LSOA code,LSOA name,Crime type,Last outcome category,Context
,2019-05,Lancashire Constabulary,Lancashire Constabulary,-2.462042,53.762509,On or near Kelsall Avenue,E01012607,Blackburn with Darwen 001A,Anti-social behaviour,,
,2019-05,Lancashire Constabulary,Lancashire Constabulary,-2.462042,53.762509,On or near Kelsall Avenue,E01012607,Blackburn with Darwen 001A,Anti-social behaviour,,
,2019-05,Lancashire Constabulary,Lancashire Constabulary,-2.462042,53.762509,On or near Kelsall Avenue,E01012607,Blackburn with Darwen 001A,Anti-social behaviour,,
,2019-05,Lancashire Constabulary,Lancashire Constabulary,-2.462042,53.762509,On or near Kelsall Avenue,E01012607,Blackburn with Darwen 001A,Anti-social behaviour,,
554abe9a0e89365b38cf884febd365830433439e4690c4496ceec2ed0965dc00,2019-05,Lancashire Constabulary,Lancashire Constabulary,-2.462042,53.762509,On or near Kelsall Avenue,E01012607,Blackburn with Darwen 001A,Other theft,Unable to prosecute suspect,
70c33c73c7e82adc20f8d71858e23568c18d61c9449638f4c220e0329ce0cfb2,2019-05,Lancashire Constabulary,Lancashire Constabulary,-2.463090,53.768149,On or near Sunny Bower Road,E01012607,Blackburn with Darwen 001A,Other theft,Formal action is not in the public interest,
2a110b868c347ece517f1baf0e7d3609c9362f12e8370a0e572bd062059731ec,2019-05,Lancashire Constabulary,Lancashire Constabulary,-2.464578,53.765519,On or near Hazelwood Close,E01012607,Blackburn with Darwen 001A,Vehicle crime,Status update unavailable,
e81df35bca0920556b0f8b7989ad34f239d1921a621820d86e8e032139194c83,2019-05,Lancashire Constabulary,Lancashire Constabulary,-2.462042,53.762509,On or near Kelsall Avenue,E01012607,Blackburn with Darwen 001A,Violence and sexual offences,Unable to prosecute suspect,
,2019-05,Lancashire Constabulary,Lancashire Constabulary,-2.473663,53.768018,On or near Douglas Place,E01012608,Blackburn with Darwen 001B,Anti-social behaviour,,
,2019-05,Lancashire Constabulary,Lancashire Constabulary,-2.473663,53.768018,On or near Douglas Place,E01012608,Blackburn with Darwen 001B,Anti-social behaviour,,
,2019-05,Lancashire Constabulary,Lancashire Constabulary,-2.474674,53.770234,On or near Peridot Close,E01012608,Blackburn with Darwen 001B,Anti-social behaviour,,
,2019-05,Lancashire Constabulary,Lancashire Constabulary,-2.471547,53.771433,On or near Brownhill Drive,E01012608,Blackburn with Darwen 001B,Anti-social behaviour,,
,2019-05,Lancashire Constabulary,Lancashire Constabulary,-2.473663,53.768018,On or near Douglas Place,E01012608,Blackburn with Darwen 001B,Anti-social behaviour,,
,2019-05,Lancashire Constabulary,Lancashire Constabulary,-2.473663,53.768018,On or near Douglas Place,E01012608,Blackburn with Darwen 001B,Anti-social behaviour,,
,2019-05,Lancashire Constabulary,Lancashire Constabulary,-2.474674,53.770234,On or near Peridot Close,E01012608,Blackburn with Darwen 001B,Anti-social behaviour,,
,2019-05,Lancashire Constabulary,Lancashire Constabulary,-2.473358,53.770572,On or near Beryl Avenue,E01012608,Blackburn with Darwen 001B,Anti-social behaviour,,
7f200e1750497a170066396ea629d5b5c3bd528e8202a7b4be7b3020ff951397,2019-05,Lancashire Constabulary,Lancashire Constabulary,-2.476246,53.768421,On or near Jasper Street,E01012608,Blackburn with Darwen 001B,Criminal damage and arson,Status update unavailable,
c0fc380ecf9533f3db90b010938f7782c37f697b70d7296c808699a956b8f2f0,2019-05,Lancashire Constabulary,Lancashire Constabulary,-2.473358,53.770572,On or near Beryl Avenue,E01012608,Blackburn with Darwen 001B,Criminal damage and arson,Status update unavailable,
72213414f4eb446da60d845683ff244c27fcf006a5e91a81243aa6d9b66405df,2019-05,Lancashire Constabulary,Lancashire Constabulary,-2.474674,53.770234,On or near Peridot Close,E01012608,Blackburn with Darwen 001B,Other theft,Unable to prosecute suspect,
184f07dae0e592eeda479e5c22c24322268049c2216d8727d23bf6d451ce6b4e,2019-05,Lancashire Constabulary,Lancashire Constabulary,-2.473358,53.770572,On or near Beryl Avenue,E01012608,Blackburn with Darwen 001B,Violence and sexual offences,Status update unavailable,
ac7f6ad81379c6864ce06e1b2f83672f9a7dc3a7b97fb76740bc50d771fa31eb,2019-05,Lancashire Constabulary,Lancashire Constabulary,-2.474591,53.766891,On or near Sapphire Street,E01012608,Blackburn with Darwen 001B,Violence and sexual offences,Unable to prosecute suspect,
9369c2d3d9e7a11b66b1e8fb3bf1ce1b4556141d41d33041be2b7e42cf134390,2019-05,Lancashire Constabulary,Lancashire Constabulary,-2.474674,53.770234,On or near Peridot Close,E01012608,Blackburn with Darwen 001B,Violence and sexual offences,Unable to prosecute suspect,
48c279eab921abe52bdae15d8db236a254f31844224cacafd6fb134fea4709a1,2019-05,Lancashire Constabulary,Lancashire Constabulary,-2.467523,53.762937,On or near Laburnum Road,E01012608,Blackburn with Darwen 001B,Violence and sexual offences,Status update unavailable,
e1a219b0bdef24b5974675de3a58779afd94b87f936bb1519285bc31d9f0ad77,2019-05,Lancashire Constabulary,Lancashire Constabulary,-2.466822,53.764090,On or near Lilac Road,E01012608,Blackburn with Darwen 001B,Violence and sexual offences,Status update unavailable,
79455e3560875950d0b6032c67b1d115700e856c834da12b315aa131d6ed0105,2019-05,Lancashire Constabulary,Lancashire Constabulary,-2.467523,53.762937,On or near Laburnum Road,E01012608,Blackburn with Darwen 001B,Violence and sexual offences,Status update unavailable,
f1445a2a97fc4096b615c6efe2e699dcd7a0a75f7004fa8b504443e90b4d6e4a,2019-05,Lancashire Constabulary,Lancashire Constabulary,-2.466822,53.764090,On or near Lilac Road,E01012608,Blackburn with Darwen 001B,Violence and sexual offences,Status update unavailable,
2429b168bb150cd069be43427875b63a83b03d4a3cb014c2606a618ff4512465,2019-05,Lancashire Constabulary,Lancashire Constabulary,-2.466822,53.764090,On or near Lilac Road,E01012608,Blackburn with Darwen 001B,Violence and sexual offences,Status update unavailable,
27a1996b9688e8388ec0b59249bc0231b73c15fb2b3ce122e37b02903623c0c7,2019-05,Lancashire Constabulary,Lancashire Constabulary,-2.476515,53.769337,On or near Pearl Street,E01012608,Blackburn with Darwen 001B,Violence and sexual offences,Status update unavailable,
,2019-05,Lancashire Constabulary,Lancashire Constabulary,-2.476979,53.770171,On or near Emerald Street,E01012633,Blackburn with Darwen 001C,Anti-social behaviour,,
,2019-05,Lancashire Constabulary,Lancashire Constabulary,-2.476979,53.770171,On or near Emerald Street,E01012633,Blackburn with Darwen 001C,Anti-social behaviour,,
,2019-05,Lancashire Constabulary,Lancashire Constabulary,-2.484873,53.770588,On or near Wilworth Crescent,E01012633,Blackburn with Darwen 001C,Anti-social behaviour,,
a187edabbb0b238d6ce4e0f1c28f2b043d9074f4fe9294eb22fd3f666c387391,2019-05,Lancashire Constabulary,Lancashire Constabulary,-2.475456,53.773673,On or near Brownhill Drive,E01012633,Blackburn with Darwen 001C,Criminal damage and arson,Unable to prosecute suspect,
d64e067c0b791559f5094b6497ceb115117005576f849a954fe9a27c5d07e91a,2019-05,Lancashire Constabulary,Lancashire Constabulary,-2.486076,53.766988,On or near Pleckgate Fold,E01012633,Blackburn with Darwen 001C,Criminal damage and arson,Status update unavailable,
d60a4414c89934996b5aaae1dc6a1a9e5deb6c625aec79f8b159661c4b2329b6,2019-05,Lancashire Constabulary,Lancashire Constabulary,-2.479967,53.774105,On or near Whalley New Road,E01012633,Blackburn with Darwen 001C,Public order,Awaiting court outcome,
b7935421cdab368fe92df6193ad71fcb31c3c023827b751c57bf2a8b2fedad31,2019-05,Lancashire Constabulary,Lancashire Constabulary,-2.478649,53.771584,On or near Topaz Street,E01012633,Blackburn with Darwen 001C,Vehicle crime,Status update unavailable,
e4dde207d01a53ba7abb212a8e41574995992316734478d0fa9d84ad7ddd9145,2019-05,Lancashire Constabulary,Lancashire Constabulary,-2.479967,53.774105,On or near Whalley New Road,E01012633,Blackburn with Darwen 001C,Violence and sexual offences,Unable to prosecute suspect,
bbb06a1ed515e0c04de14d5bc6964d0d54f826215a7c0f9d114ea814ec3a90bd,2019-05,Lancashire Constabulary,Lancashire Constabulary,-2.484754,53.772063,On or near Pleckgate Road,E01012633,Blackburn with Darwen 001C,Violence and sexual offences,Status update unavailable,
5cf513396e76291d2934f0c5c7f3d37052d638747e22b751170616e4e08d49ee,2019-05,Lancashire Constabulary,Lancashire Constabulary,-2.478649,53.771584,On or near Topaz Street,E01012633,Blackburn with Darwen 001C,Violence and sexual offences,Unable to prosecute suspect,
91f90ac3fbba4aed965304be7ce1829c3d8d5d74217fe06986747f0c003c6236,2019-05,Lancashire Constabulary,Lancashire Constabulary,-2.479967,53.774105,On or near Whalley New Road,E01012633,Blackburn with Darwen 001C,Violence and sexual offences,Awaiting court outcome,
194f9c22ab592b714d0501d044a3fde0c6fe93b898f793e3d7f3925aba36e34d,2019-05,Lancashire Constabulary,Lancashire Constabulary,-2.490022,53.768401,On or near Sports/Recreation Area,E01012633,Blackburn with Darwen 001C,Violence and sexual offences,Status update unavailable,
,2019-05,Lancashire Constabulary,Lancashire Constabulary,-2.479871,53.767013,On or near Regents View,E01012634,Blackburn with Darwen 001D,Anti-social behaviour,,
,2019-05,Lancashire Constabulary,Lancashire Constabulary,-2.479751,53.768425,On or near Campbell Court,E01012634,Blackburn with Darwen 001D,Anti-social behaviour,,
,2019-05,Lancashire Constabulary,Lancashire Constabulary,-2.479576,53.767680,On or near Pemberton Street,E01012634,Blackburn with Darwen 001D,Anti-social behaviour,,
,2019-05,Lancashire Constabulary,Lancashire Constabulary,-2.481296,53.768239,On or near Blenheim Close,E01012634,Blackburn with Darwen 001D,Anti-social behaviour,,
50da2148b57dc8ab7f28d1d5a61dddffd157d79573806818f1228658d3f0b953,2019-05,Lancashire Constabulary,Lancashire Constabulary,-2.479576,53.767680,On or near Pemberton Street,E01012634,Blackburn with Darwen 001D,Criminal damage and arson,Unable to prosecute suspect,
5d2894e8cc301ec0e304dd85bf0d9bd912696cec17b568889a355de1093da826,2019-05,Lancashire Constabulary,Lancashire Constabulary,-2.476423,53.765283,On or near Rosewood Avenue,E01012634,Blackburn with Darwen 001D,Drugs,Status update unavailable,
e79fc24b02c2a98787fe66d03e11e41d00c8c215cebb2992014e942c8085be77,2019-05,Lancashire Constabulary,Lancashire Constabulary,-2.479290,53.765245,On or near Cranshaw Drive,E01012634,Blackburn with Darwen 001D,Public order,Status update unavailable,
c2897326c09ec9782928675c587d62f76f9b59ba2a173faa273a87c2c30b946c,2019-05,Lancashire Constabulary,Lancashire Constabulary,-2.479494,53.764561,On or near Ottershaw Gardens,E01012634,Blackburn with Darwen 001D,Robbery,Status update unavailable,
e0ca00a78d5143df4359360d29ab278053381dea1e1d94ec7d808db8398fe9be,2019-05,Lancashire Constabulary,Lancashire Constabulary,-2.479871,53.767013,On or near Regents View,E01012634,Blackburn with Darwen 001D,Vehicle crime,Status update unavailable,
e5bf13bdbb26525c04f93168665d041c4d02fbd431b5726366a2bcd5bb78e919,2019-05,Lancashire Constabulary,Lancashire Constabulary,-2.478692,53.767387,On or near Campbell Street,E01012634,Blackburn with Darwen 001D,Violence and sexual offences,Unable to prosecute suspect,
60e87170ccf3a1de4a252eca64872fcfd1388d8aa5969aa02b6d208d2e07d22b,2019-05,Lancashire Constabulary,Lancashire Constabulary,-2.480718,53.762768,On or near Royshaw Close,E01012634,Blackburn with Darwen 001D,Violence and sexual offences,Status update unavailable,
3cbbebadbe32fe35b12715ffad984832a10408e5e2383f4c56de5943ae8c4239,2019-05,Lancashire Constabulary,Lancashire Constabulary,-2.475925,53.764180,On or near Briar Road,E01012634,Blackburn with Darwen 001D,Violence and sexual offences,Unable to prosecute suspect,
05636b0a264ce42e004a0c478d0e303852d2652837eea7d77afe88681300f235,2019-05,Lancashire Constabulary,Lancashire Constabulary,-2.475925,53.764180,On or near Briar Road,E01012634,Blackburn with Darwen 001D,Violence and sexual offences,Unable to prosecute suspect,
65cc0aff343ede4f4955e208f754c771cc4f8d25e1753125e8ae5dfd5e0651af,2019-05,Lancashire Constabulary,Lancashire Constabulary,-2.480766,53.761689,On or near Cadshaw Close,E01012635,Blackburn with Darwen 001E,Criminal damage and arson,Status update unavailable,
b5aa7c889bbf42cef1fc260dee014abe5ade3b0da715d43cf2772974ef0383a6,2019-05,Lancashire Constabulary,Lancashire Constabulary,-2.485536,53.764905,On or near Kingfisher Close,E01012635,Blackburn with Darwen 001E,Vehicle crime,Status update unavailable,
a2fea531d03a5640398f64b299ca4fe47870a762731b5f97786c447139df25de,2019-05,Lancashire Constabulary,Lancashire Constabulary,-2.485509,53.766496,On or near Barmouth Crescent,E01012635,Blackburn with Darwen 001E,Violence and sexual offences,Status update unavailable,
e7a67cfce786e9b7b44b54cc134931becc60b4312e81567344f89ef327d2141b,2019-05,Lancashire Constabulary,Lancashire Constabulary,-2.477768,53.779506,On or near Ramsgreave Road,E01012636,Blackburn with Darwen 001F,Shoplifting,Status update unavailable,
,2019-05,Lancashire Constabulary,Lancashire Constabulary,-2.509752,53.757803,On or near Beardwood Meadow,E01012582,Blackburn with Darwen 002B,Anti-social behaviour,,
,2019-05,Lancashire Constabulary,Lancashire Constabulary,-2.511371,53.758668,On or near Beardwood Fold,E01012582,Blackburn with Darwen 002B,Anti-social behaviour,,
18a8acaa832b2fa845a48548070ba43c134f5148552f05fc10560c4edd737c52,2019-05,Lancashire Constabulary,Lancashire Constabulary,-2.505488,53.755125,On or near Revidge Road,E01012582,Blackburn with Darwen 002B,Criminal damage and arson,Status update unavailable,
a3999a78d451bb46b58add32ca6a5a514db9a418467cd055f4792d756c0f9ddd,2019-05,Lancashire Constabulary,Lancashire Constabulary,-2.508985,53.760844,On or near The Dene,E01012582,Blackburn with Darwen 002B,Possession of weapons,Status update unavailable,
147b9f0c40f3c13f666d3834a5f4f720d6e14f2cf4fa1bcc54dbf7bd528c58b9,2019-05,Lancashire Constabulary,Lancashire Constabulary,-2.509794,53.763717,On or near Ottawa Close,E01012582,Blackburn with Darwen 002B,Vehicle crime,Status update unavailable,
09bb928e95fd10140ebd035bce308f52c047c62f3dd21bcf0b49e29495c4d581,2019-05,Lancashire Constabulary,Lancashire Constabulary,-2.508422,53.754411,On or near Merlin Road,E01012582,Blackburn with Darwen 002B,Vehicle crime,Status update unavailable,
b29fca22c8333f732c6ef7085393132bd86fb0f096497d762cf854b451e69a38,2019-05,Lancashire Constabulary,Lancashire Constabulary,-2.505488,53.755125,On or near Revidge Road,E01012582,Blackburn with Darwen 002B,Vehicle crime,Status update unavailable,
2500a551c1f07c989e43c3d6e227c5e5918f449b6420dd9c71e841f1534e3d67,2019-05,Lancashire Constabulary,Lancashire Constabulary,-2.509752,53.757803,On or near Beardwood Meadow,E01012582,Blackburn with Darwen 002B,Violence and sexual offences,Unable to prosecute suspect,
41aa2dbb01429b42578e187011bae6e504ec16bb4b91ae9d90d5fed2e9eced05,2019-05,Lancashire Constabulary,Lancashire Constabulary,-2.508422,53.754411,On or near Merlin Road,E01012582,Blackburn with Darwen 002B,Violence and sexual offences,Investigation complete; no suspect identified,
dba805c521c0bc3b1247b2d0d2dfd409fff045a0faa92500f9d08ee8c2f3c724,2019-05,Lancashire Constabulary,Lancashire Constabulary,-2.509001,53.762129,On or near Rowen Park,E01012582,Blackburn with Darwen 002B,Violence and sexual offences,Status update unavailable,
,2019-05,Lancashire Constabulary,Lancashire Constabulary,-2.497012,53.762971,On or near Montreal Road,E01012583,Blackburn with Darwen 002C,Anti-social behaviour,,
,2019-05,Lancashire Constabulary,Lancashire Constabulary,-2.488352,53.761802,On or near Lammack Road,E01012583,Blackburn with Darwen 002C,Anti-social behaviour,,
,2019-05,Lancashire Constabulary,Lancashire Constabulary,-2.495009,53.765487,On or near Willow Trees Drive,E01012583,Blackburn with Darwen 002C,Anti-social behaviour,,
,2019-05,Lancashire Constabulary,Lancashire Constabulary,-2.495009,53.765487,On or near Willow Trees Drive,E01012583,Blackburn with Darwen 002C,Anti-social behaviour,,
,2019-05,Lancashire Constabulary,Lancashire Constabulary,-2.493420,53.768405,On or near Ramsgreave Drive,E01012583,Blackburn with Darwen 002C,Anti-social behaviour,,
,2019-05,Lancashire Constabulary,Lancashire Constabulary,-2.495009,53.765487,On or near Willow Trees Drive,E01012583,Blackburn with Darwen 002C,Anti-social behaviour,,
ad8273fec40945001c31c027332f883204352ba6ff25846bd5a7102f16ea9028,2019-05,Lancashire Constabulary,Lancashire Constabulary,-2.503713,53.763878,On or near Quebec Road,E01012583,Blackburn with Darwen 002C,Burglary,Status update unavailable,
acf51ae06d7f70be91a3670a366c0496edbbef571ddbcb6a97168a87103d9e3d,2019-05,Lancashire Constabulary,Lancashire Constabulary,-2.497012,53.762971,On or near Montreal Road,E01012583,Blackburn with Darwen 002C,Criminal damage and arson,Status update unavailable,
58f7e46bfaf570a7d657cfb1a4e6199a508672c46cf3200c1c1bc51097d22bfb,2019-05,Lancashire Constabulary,Lancashire Constabulary,-2.491197,53.762518,On or near Petrel Close,E01012583,Blackburn with Darwen 002C,Criminal damage and arson,Status update unavailable,
a2523eaedec1c011973a70010b08c1df41c90365a65955328e4251e938fb018b,2019-05,Lancashire Constabulary,Lancashire Constabulary,-2.491197,53.762518,On or near Petrel Close,E01012583,Blackburn with Darwen 002C,Other theft,Status update unavailable,
f36a296a2147c87dfecc9012dffc463348409645280b4f298f263c04665839c6,2019-05,Lancashire Constabulary,Lancashire Constabulary,-2.488352,53.761802,On or near Lammack Road,E01012583,Blackburn with Darwen 002C,Robbery,Status update unavailable,
f756c49a2101a9c495c0cb9d3519e2543a0019ef5cf853d8a06d7707eff9998b,2019-05,Lancashire Constabulary,Lancashire Constabulary,-2.501418,53.766098,On or near Yew Tree Drive,E01012583,Blackburn with Darwen 002C,Vehicle crime,Status update unavailable,
78bc28b58b066277195bf17dd2c62b9be78570b7d0b002c33de514022259eb5d,2019-05,Lancashire Constabulary,Lancashire Constabulary,-2.503713,53.763878,On or near Quebec Road,E01012583,Blackburn with Darwen 002C,Violence and sexual offences,Status update unavailable,
,2019-05,Lancashire Constabulary,Lancashire Constabulary,-2.502823,53.754138,On or near Dukes Court,E01012587,Blackburn with Darwen 002D,Anti-social behaviour,,
,2019-05,Lancashire Constabulary,Lancashire Constabulary,-2.502823,53.754138,On or near Dukes Court,E01012587,Blackburn with Darwen 002D,Anti-social behaviour,,
,2019-05,Lancashire Constabulary,Lancashire Constabulary,-2.504216,53.755292,On or near Rose Court,E01012587,Blackburn with Darwen 002D,Anti-social behaviour,,
,2019-05,Lancashire Constabulary,Lancashire Constabulary,-2.504410,53.756235,On or near Fecitt Road,E01012587,Blackburn with Darwen 002D,Anti-social behaviour,,
6dae233bda3d87b590e132a630067f70c0e9e32354238247092b9e749aaeca57,2019-05,Lancashire Constabulary,Lancashire Constabulary,-2.494599,53.752519,On or near The Mount,E01012587,Blackburn with Darwen 002D,Burglary,Status update unavailable,
a4dc57ddfec629d1fb0f3e42e517d55786641c8501d85b0eb2f9f8a4c8778c80,2019-05,Lancashire Constabulary,Lancashire Constabulary,-2.502149,53.753611,On or near Gibraltar Street,E01012587,Blackburn with Darwen 002D,Criminal damage and arson,Status update unavailable,
34abff6cda62f2dd7660b1b921ec0d9517916bc53db98b90e2e528a76069021d,2019-05,Lancashire Constabulary,Lancashire Constabulary,-2.494248,53.757544,On or near Sports/Recreation Area,E01012587,Blackburn with Darwen 002D,Criminal damage and arson,Status update unavailable,
81e8bd470fdf08773b2762a0092253e99880bc196b78921e4489eaeec07a99c5,2019-05,Lancashire Constabulary,Lancashire Constabulary,-2.501486,53.756553,On or near Revidge Road,E01012587,Blackburn with Darwen 002D,Other theft,Formal action is not in the public interest,
991eb65bca759285ad22e3ba5914bfd475e856b2755886b42bd47691478b3497,2019-05,Lancashire Constabulary,Lancashire Constabulary,-2.499416,53.754638,On or near Park Crescent,E01012587,Blackburn with Darwen 002D,Vehicle crime,Unable to prosecute suspect,
998a812c9070eedca4750bf329013481792b9b85563a2773f6ea71b0136af2d0,2019-05,Lancashire Constabulary,Lancashire Constabulary,-2.501069,53.755880,On or near Edgeware Road,E01012587,Blackburn with Darwen 002D,Vehicle crime,Status update unavailable,
0443468f411205e978b6f1d71e0971c91033466168170d78db6de2f04177da9a,2019-05,Lancashire Constabulary,Lancashire Constabulary,-2.501370,53.753156,On or near Wellfield Road,E01012587,Blackburn with Darwen 002D,Vehicle crime,Status update unavailable,
e3961fa4719cbbb0c61bf25b8806a8a7b5d91606973ca9f52a57a93d49dde71d,2019-05,Lancashire Constabulary,Lancashire Constabulary,-2.502823,53.754138,On or near Dukes Court,E01012587,Blackburn with Darwen 002D,Violence and sexual offences,Unable to prosecute suspect,
,2019-05,Lancashire Constabulary,Lancashire Constabulary,-2.505089,53.750902,On or near Petrol Station,E01012588,Blackburn with Darwen 002E,Anti-social behaviour,,
,2019-05,Lancashire Constabulary,Lancashire Constabulary,-2.505089,53.750902,On or near Petrol Station,E01012588,Blackburn with Darwen 002E,Anti-social behaviour,,
,2019-05,Lancashire Constabulary,Lancashire Constabulary,-2.508462,53.752730,On or near Dinckley Square,E01012588,Blackburn with Darwen 002E,Anti-social behaviour,,
,2019-05,Lancashire Constabulary,Lancashire Constabulary,-2.506176,53.753045,On or near Woodbine Road,E01012588,Blackburn with Darwen 002E,Anti-social behaviour,,
,2019-05,Lancashire Constabulary,Lancashire Constabulary,-2.506511,53.753116,On or near Brighton Terrace,E01012588,Blackburn with Darwen 002E,Anti-social behaviour,,
,2019-05,Lancashire Constabulary,Lancashire Constabulary,-2.505089,53.750902,On or near Petrol Station,E01012588,Blackburn with Darwen 002E,Anti-social behaviour,,
,2019-05,Lancashire Constabulary,Lancashire Constabulary,-2.504382,53.752631,On or near New Bank Road,E01012588,Blackburn with Darwen 002E,Anti-social behaviour,,
aaa3e0c5e0bdb5f898f137fc17ed858ae2253c1c89b6046bc722649f0dc5ce1f,2019-05,Lancashire Constabulary,Lancashire Constabulary,-2.504382,53.752631,On or near New Bank Road,E01012588,Blackburn with Darwen 002E,Burglary,Status update unavailable,
79fdb4d606241d90670a4c39897299ab4dc7587595f27248f99a2dd1da235e4e,2019-05,Lancashire Constabulary,Lancashire Constabulary,-2.505329,53.751917,On or near Azalea Road,E01012588,Blackburn with Darwen 002E,Burglary,Status update unavailable,
0d3c2c1b1bf2b83fc96c013ab9f68cfc6bdc06c5f763d62e5cdc6d501e165b2a,2019-05,Lancashire Constabulary,Lancashire Constabulary,-2.506176,53.753045,On or near Woodbine Road,E01012588,Blackburn with Darwen 002E,Burglary,Status update unavailable,
648f622fb21e76219ad018a8e6a6aeac3b9938bf253c88b34991581191edadb4,2019-05,Lancashire Constabulary,Lancashire Constabulary,-2.506176,53.753045,On or near Woodbine Road,E01012588,Blackburn with Darwen 002E,Criminal damage and arson,Status update unavailable,
a347bbf69ec7fef8b744c424f1997cfd361db80f1b1f6eb9c30c575e093b6c94,2019-05,Lancashire Constabulary,Lancashire Constabulary,-2.504382,53.752631,On or near New Bank Road,E01012588,Blackburn with Darwen 002E,Criminal damage and arson,Status update unavailable,
3a432eeb7a7574f443c65c11c5a66e46f41d5818704a1775525b037eda95be74,2019-05,Lancashire Constabulary,Lancashire Constabulary,-2.503193,53.753391,On or near Lynwood Road,E01012588,Blackburn with Darwen 002E,Criminal damage and arson,Status update unavailable,
95d912a5ca3fcbd0c28f318376ab5196f606a978b7e2916947d39eeb85bb6392,2019-05,Lancashire Constabulary,Lancashire Constabulary,-2.505089,53.750902,On or near Petrol Station,E01012588,Blackburn with Darwen 002E,Shoplifting,Awaiting court outcome,
ab4c9777f09004adaf9349b9c8f42adb977e8cf631413acf1e23daf7cfd61616,2019-05,Lancashire Constabulary,Lancashire Constabulary,-2.505329,53.751917,On or near Azalea Road,E01012588,Blackburn with Darwen 002E,Vehicle crime,Status update unavailable,
dfe806ccc12ae0a2e011d00ce6cb8ee3e7210dd41d67466089daaf86ab749445,2019-05,Lancashire Constabulary,Lancashire Constabulary,-2.506176,53.753045,On or near Woodbine Road,E01012588,Blackburn with Darwen 002E,Violence and sexual offences,Unable to prosecute suspect,
81b40989d8d0439c5a05a9c5f42baf5b72bd1cd967b1dc45a8eddcdfa8366aff,2019-05,Lancashire Constabulary,Lancashire Constabulary,-2.505089,53.750902,On or near Petrol Station,E01012588,Blackburn with Darwen 002E,Violence and sexual offences,Status update unavailable,
,2019-05,Lancashire Constabulary,Lancashire Constabulary,-2.468805,53.755489,On or near Emily Street,E01012574,Blackburn with Darwen 003A,Anti-social behaviour,,
,2019-05,Lancashire Constabulary,Lancashire Constabulary,-2.467362,53.755270,On or near Westwood Court,E01012574,Blackburn with Darwen 003A,Anti-social behaviour,,
,2019-05,Lancashire Constabulary,Lancashire Constabulary,-2.472428,53.752680,On or near Thirlmere Close,E01012574,Blackburn with Darwen 003A,Anti-social behaviour,,
,2019-05,Lancashire Constabulary,Lancashire Constabulary,-2.472428,53.752680,On or near Thirlmere Close,E01012574,Blackburn with Darwen 003A,Anti-social behaviour,,
fa85fa34dfb8bf8aaa67c8d0b388f5c80be51dbeb801b518bb5f45d8a5bd9b8b,2019-05,Lancashire Constabulary,Lancashire Constabulary,-2.472768,53.753254,On or near Ullswater Close,E01012574,Blackburn with Darwen 003A,Violence and sexual offences,Unable to prosecute suspect,
c5fd0f698120f9383f875c6a27651a1428d1ef08c821de1421d5122f7b9bc2cd,2019-05,Lancashire Constabulary,Lancashire Constabulary,-2.472768,53.753254,On or near Ullswater Close,E01012574,Blackburn with Darwen 003A,Violence and sexual offences,Unable to prosecute suspect,
c557dc07113df102b23aa78170cf2626d919a44bf2c571e4ce64bbb512507688,2019-05,Lancashire Constabulary,Lancashire Constabulary,-2.467362,53.755270,On or near Westwood Court,E01012574,Blackburn with Darwen 003A,Violence and sexual offences,Unable to prosecute suspect,
,2019-05,Lancashire Constabulary,Lancashire Constabulary,-2.475038,53.759492,On or near Shopping Area,E01012577,Blackburn with Darwen 003B,Anti-social behaviour,,
,2019-05,Lancashire Constabulary,Lancashire Constabulary,-2.472246,53.760734,On or near Cedar Street,E01012577,Blackburn with Darwen 003B,Anti-social behaviour,,
,2019-05,Lancashire Constabulary,Lancashire Constabulary,-2.472246,53.760734,On or near Cedar Street,E01012577,Blackburn with Darwen 003B,Anti-social behaviour,,
,2019-05,Lancashire Constabulary,Lancashire Constabulary,-2.470603,53.760345,On or near Willow Street,E01012577,Blackburn with Darwen 003B,Anti-social behaviour,,
,2019-05,Lancashire Constabulary,Lancashire Constabulary,-2.472246,53.760734,On or near Cedar Street,E01012577,Blackburn with Darwen 003B,Anti-social behaviour,,
213675d99f65bf9129a3e6d9b0732fd0001e40bd2c1c1ebb706ca55d5b443e36,2019-05,Lancashire Constabulary,Lancashire Constabulary,-2.474550,53.763313,On or near Sycamore Road,E01012577,Blackburn with Darwen 003B,Other theft,Status update unavailable,
5783099f50802318089d8544b75c996d44f49b8cb6225d1ab7f81538481b9943,2019-05,Lancashire Constabulary,Lancashire Constabulary,-2.475142,53.760669,On or near Holly Street,E01012577,Blackburn with Darwen 003B,Possession of weapons,Status update unavailable,
9c59ad4f5a64c693ec9fd29eda8f7644b83031085696ebb6ff8c38681c071361,2019-05,Lancashire Constabulary,Lancashire Constabulary,-2.474351,53.760429,On or near Logwood Street,E01012577,Blackburn with Darwen 003B,Vehicle crime,Status update unavailable,
4539560486e960ae59c4fa1fb87608acc549f4878ed0b9fe2764c915e3f8f1ba,2019-05,Lancashire Constabulary,Lancashire Constabulary,-2.474744,53.763016,On or near Sycamore Close,E01012577,Blackburn with Darwen 003B,Violence and sexual offences,Unable to prosecute suspect,
926c83b15e8860370953834991a6dbafd3524b5f3d20cc62457894a65ba2b30b,2019-05,Lancashire Constabulary,Lancashire Constabulary,-2.471863,53.761733,On or near Laburnum Road,E01012577,Blackburn with Darwen 003B,Violence and sexual offences,Unable to prosecute suspect,
b92b52efd6c56e8cd737e368d6aecfcfd20b3a06b5060a0712a73ebf08e732ab,2019-05,Lancashire Constabulary,Lancashire Constabulary,-2.473269,53.761350,On or near Holly Terrace,E01012577,Blackburn with Darwen 003B,Violence and sexual offences,Status update unavailable,
e368d446b6ee2d2934873297046a1bc235fdac452d5050e47abb1d47966f1c81,2019-05,Lancashire Constabulary,Lancashire Constabulary,-2.473269,53.761350,On or near Holly Terrace,E01012577,Blackburn with Darwen 003B,Violence and sexual offences,Status update unavailable,
e1b10050ad3269debe7df1c99b5a28acf7b5c1c026bf4951a0fcc7e21683c9f0,2019-05,Lancashire Constabulary,Lancashire Constabulary,-2.471863,53.761733,On or near Laburnum Road,E01012577,Blackburn with Darwen 003B,Violence and sexual offences,Unable to prosecute suspect,
70ee41ed31e4cec664d7eff14b528f0b0012ec7a937e7bd05be9b5be6da447c0,2019-05,Lancashire Constabulary,Lancashire Constabulary,-2.473269,53.761350,On or near Holly Terrace,E01012577,Blackburn with Darwen 003B,Violence and sexual offences,Status update unavailable,
f9695a6709c83eff621dba4497d313ee1c916cbced0e88d044fe6be576d0809e,2019-05,Lancashire Constabulary,Lancashire Constabulary,-2.475142,53.760669,On or near Holly Street,E01012577,Blackburn with Darwen 003B,Violence and sexual offences,Unable to prosecute suspect,
,2019-05,Lancashire Constabulary,Lancashire Constabulary,-2.471184,53.756676,On or near Birchbank Gardens,E01012578,Blackburn with Darwen 003C,Anti-social behaviour,,
,2019-05,Lancashire Constabulary,Lancashire Constabulary,-2.471112,53.758366,On or near Whalley New Road,E01012578,Blackburn with Darwen 003C,Anti-social behaviour,,
,2019-05,Lancashire Constabulary,Lancashire Constabulary,-2.471103,53.757593,On or near Parking Area,E01012578,Blackburn with Darwen 003C,Anti-social behaviour,,
,2019-05,Lancashire Constabulary,Lancashire Constabulary,-2.470959,53.755526,On or near Whalley Old Road,E01012578,Blackburn with Darwen 003C,Anti-social behaviour,,
,2019-05,Lancashire Constabulary,Lancashire Constabulary,-2.471184,53.756676,On or near Birchbank Gardens,E01012578,Blackburn with Darwen 003C,Anti-social behaviour,,
,2019-05,Lancashire Constabulary,Lancashire Constabulary,-2.471103,53.757593,On or near Parking Area,E01012578,Blackburn with Darwen 003C,Anti-social behaviour,,
,2019-05,Lancashire Constabulary,Lancashire Constabulary,-2.471184,53.756676,On or near Birchbank Gardens,E01012578,Blackburn with Darwen 003C,Anti-social behaviour,,
,2019-05,Lancashire Constabulary,Lancashire Constabulary,-2.471184,53.756676,On or near Birchbank Gardens,E01012578,Blackburn with Darwen 003C,Anti-social behaviour,,
,2019-05,Lancashire Constabulary,Lancashire Constabulary,-2.471184,53.756676,On or near Birchbank Gardens,E01012578,Blackburn with Darwen 003C,Anti-social behaviour,,
,2019-05,Lancashire Constabulary,Lancashire Constabulary,-2.471184,53.756676,On or near Birchbank Gardens,E01012578,Blackburn with Darwen 003C,Anti-social behaviour,,
506e3a793dd2b19da48882497ccba6d7212fd45ee9854c9126f8cb3214dab4a1,2019-05,Lancashire Constabulary,Lancashire Constabulary,-2.471184,53.756676,On or near Birchbank Gardens,E01012578,Blackburn with Darwen 003C,Criminal damage and arson,Unable to prosecute suspect,
1dca99d3ab708c3f53f20580fa4fe11e460547052ec64dbe54d3745c77347ddf,2019-05,Lancashire Constabulary,Lancashire Constabulary,-2.473671,53.756612,On or near Chorlton Gardens,E01012578,Blackburn with Darwen 003C,Criminal damage and arson,Local resolution,
a0e5a82a11937dd86ab95d795e13fe4e94f94e308e2967aa9147740ffe3075ad,2019-05,Lancashire Constabulary,Lancashire Constabulary,-2.473671,53.756612,On or near Chorlton Gardens,E01012578,Blackburn with Darwen 003C,Criminal damage and arson,Local resolution,
d2c140efc24f6676ab474e7095b2fcbc424c9831dd2c1f2e181e687768d3d943,2019-05,Lancashire Constabulary,Lancashire Constabulary,-2.471184,53.756676,On or near Birchbank Gardens,E01012578,Blackburn with Darwen 003C,Criminal damage and arson,Unable to prosecute suspect,
c75e7f123d37e3a8eea5103ab3419e49e36a0fe593bf3b2ba8eef183c0f4a8e9,2019-05,Lancashire Constabulary,Lancashire Constabulary,-2.470959,53.755526,On or near Whalley Old Road,E01012578,Blackburn with Darwen 003C,Criminal damage and arson,Unable to prosecute suspect,
2b873d0d979acf8198b30946c77c0bf30d1efe7b25b80e57c004b5b68cf5ab8d,2019-05,Lancashire Constabulary,Lancashire Constabulary,-2.473264,53.758186,On or near Baywood Street,E01012578,Blackburn with Darwen 003C,Drugs,Awaiting court outcome,
14e1fb4512675d1e1041aec34182a544a9d2cdb6836dab18a805456363d16e23,2019-05,Lancashire Constabulary,Lancashire Constabulary,-2.473264,53.758186,On or near Baywood Street,E01012578,Blackburn with Darwen 003C,Other theft,Status update unavailable,
0022cbc30fb7558d0787079e4f46fc8e4887f245bc2612cee884007d3c057049,2019-05,Lancashire Constabulary,Lancashire Constabulary,-2.471103,53.757593,On or near Parking Area,E01012578,Blackburn with Darwen 003C,Public order,Status update unavailable,
f8503f13cf13de36fce5342cee2a6d26e5ec50e9a4b55254d0b51b03933b5b1b,2019-05,Lancashire Constabulary,Lancashire Constabulary,-2.473454,53.758905,On or near Blackthorn Close,E01012578,Blackburn with Darwen 003C,Violence and sexual offences,Unable to prosecute suspect,
1cd2caf8e7bfd126d9ac6a9f2d3a7f77a93757a6079100fdf9555d500970ea66,2019-05,Lancashire Constabulary,Lancashire Constabulary,-2.469994,53.758730,On or near Pine Street,E01012578,Blackburn with Darwen 003C,Violence and sexual offences,Unable to prosecute suspect,
e062015d7f9a8e26d2a51f8b8c075b0b90a04655e5f84463f2532b31a6217b64,2019-05,Lancashire Constabulary,Lancashire Constabulary,-2.471184,53.756676,On or near Birchbank Gardens,E01012578,Blackburn with Darwen 003C,Violence and sexual offences,Status update unavailable,
a3e79af84f21de5e82f84e5b6ec07cf482a84a9e4f9bdb6c75ebfb43cd5700db,2019-05,Lancashire Constabulary,Lancashire Constabulary,-2.473671,53.756612,On or near Chorlton Gardens,E01012578,Blackburn with Darwen 003C,Other crime,Unable to prosecute suspect,
751fb55c3df8467e6a9b1bd28f15cebd692863ca37591a56de93a196a6a1451e,2019-05,Lancashire Constabulary,Lancashire Constabulary,-2.473671,53.756612,On or near Chorlton Gardens,E01012578,Blackburn with Darwen 003C,Other crime,Unable to prosecute suspect,
,2019-05,Lancashire Constabulary,Lancashire Constabulary,-2.463941,53.760011,On or near Broadfold Avenue,E01012605,Blackburn with Darwen 003D,Anti-social behaviour,,
,2019-05,Lancashire Constabulary,Lancashire Constabulary,-2.467873,53.760383,On or near Warmden Gardens,E01012605,Blackburn with Darwen 003D,Anti-social behaviour,,
,2019-05,Lancashire Constabulary,Lancashire Constabulary,-2.466333,53.760973,On or near Coniston Road,E01012605,Blackburn with Darwen 003D,Anti-social behaviour,,
,2019-05,Lancashire Constabulary,Lancashire Constabulary,-2.463941,53.760011,On or near Broadfold Avenue,E01012605,Blackburn with Darwen 003D,Anti-social behaviour,,
,2019-05,Lancashire Constabulary,Lancashire Constabulary,-2.463941,53.760011,On or near Broadfold Avenue,E01012605,Blackburn with Darwen 003D,Anti-social behaviour,,
,2019-05,Lancashire Constabulary,Lancashire Constabulary,-2.463941,53.760011,On or near Broadfold Avenue,E01012605,Blackburn with Darwen 003D,Anti-social behaviour,,
,2019-05,Lancashire Constabulary,Lancashire Constabulary,-2.463941,53.760011,On or near Broadfold Avenue,E01012605,Blackburn with Darwen 003D,Anti-social behaviour,,
,2019-05,Lancashire Constabulary,Lancashire Constabulary,-2.466333,53.760973,On or near Coniston Road,E01012605,Blackburn with Darwen 003D,Anti-social behaviour,,
d88d0227cbdc31f8490a28cdc821b77f3d20129cfe75ae9c3d7ed18a996320b4,2019-05,Lancashire Constabulary,Lancashire Constabulary,-2.463941,53.760011,On or near Broadfold Avenue,E01012605,Blackburn with Darwen 003D,Bicycle theft,Status update unavailable,
18b7a791f3c55f9db9a7dc7c5f021ee484d0ab057d706cd6df51dd7fb0539942,2019-05,Lancashire Constabulary,Lancashire Constabulary,-2.468956,53.760882,On or near Willow Street,E01012605,Blackburn with Darwen 003D,Public order,Unable to prosecute suspect,
9df146a65588a9210b0e7980771b1a8c8ebe584ecad60e22be308574810588d6,2019-05,Lancashire Constabulary,Lancashire Constabulary,-2.465689,53.759034,On or near Supermarket,E01012605,Blackburn with Darwen 003D,Theft from the person,Unable to prosecute suspect,
cda428aa92450bbe9aa7bb0ed223f3f058eb7cc1964ec9d4dc32f636e62dc492,2019-05,Lancashire Constabulary,Lancashire Constabulary,-2.468956,53.760882,On or near Willow Street,E01012605,Blackburn with Darwen 003D,Violence and sexual offences,Status update unavailable,
1129c773349e32a7297cf651c4eee70210a69c2f7b9cc135719e01d1561e6b96,2019-05,Lancashire Constabulary,Lancashire Constabulary,-2.466311,53.761728,On or near Providence Street,E01012605,Blackburn with Darwen 003D,Violence and sexual offences,Status update unavailable,
ba657f1b95069c186389a0dace5e2aca5ebb18afd775dc2ce007e3af04dda838,2019-05,Lancashire Constabulary,Lancashire Constabulary,-2.469498,53.761922,On or near Kirkland Close,E01012605,Blackburn with Darwen 003D,Violence and sexual offences,Status update unavailable,
b280aa3c4ee7098f2a57956fc2fe5760d87996a67108a17ca3b3bca7ba9bd033,2019-05,Lancashire Constabulary,Lancashire Constabulary,-2.465954,53.761010,On or near Warrington Street,E01012605,Blackburn with Darwen 003D,Violence and sexual offences,Status update unavailable,
,2019-05,Lancashire Constabulary,Lancashire Constabulary,-2.462052,53.756513,On or near Glenfield Close,E01012606,Blackburn with Darwen 003E,Anti-social behaviour,,
,2019-05,Lancashire Constabulary,Lancashire Constabulary,-2.464338,53.757565,On or near Woodville Road,E01012606,Blackburn with Darwen 003E,Anti-social behaviour,,
,2019-05,Lancashire Constabulary,Lancashire Constabulary,-2.464338,53.757565,On or near Woodville Road,E01012606,Blackburn with Darwen 003E,Anti-social behaviour,,
,2019-05,Lancashire Constabulary,Lancashire Constabulary,-2.464338,53.757565,On or near Woodville Road,E01012606,Blackburn with Darwen 003E,Anti-social behaviour,,
,2019-05,Lancashire Constabulary,Lancashire Constabulary,-2.461702,53.755041,On or near Stanley Street,E01012606,Blackburn with Darwen 003E,Anti-social behaviour,,
,2019-05,Lancashire Constabulary,Lancashire Constabulary,-2.455009,53.757394,On or near Blakewater Road,E01012606,Blackburn with Darwen 003E,Anti-social behaviour,,
,2019-05,Lancashire Constabulary,Lancashire Constabulary,-2.462433,53.760889,On or near Greenhead Avenue,E01012606,Blackburn with Darwen 003E,Anti-social behaviour,,
,2019-05,Lancashire Constabulary,Lancashire Constabulary,-2.464338,53.757565,On or near Woodville Road,E01012606,Blackburn with Darwen 003E,Anti-social behaviour,,
a0fd5ea91f9513f0ad104c2703c8156009619e2c582f26ab37e72a397ed38068,2019-05,Lancashire Constabulary,Lancashire Constabulary,-2.455009,53.757394,On or near Blakewater Road,E01012606,Blackburn with Darwen 003E,Drugs,Offender given a caution,
db9eb322d34103fbe09754caccb8ebee9f8ddaf709f4e87ec802c38921d14d71,2019-05,Lancashire Constabulary,Lancashire Constabulary,-2.462433,53.760889,On or near Greenhead Avenue,E01012606,Blackburn with Darwen 003E,Vehicle crime,Status update unavailable,
8eafcb3641235d89bb18a2e3557e21b79b28dcbae4d5ad9422aaf134f361dbdb,2019-05,Lancashire Constabulary,Lancashire Constabulary,-2.463731,53.760237,On or near Benson Street,E01012606,Blackburn with Darwen 003E,Violence and sexual offences,Unable to prosecute suspect,
,2019-05,Lancashire Constabulary,Lancashire Constabulary,-2.482388,53.757602,On or near Neath Close,E01012579,Blackburn with Darwen 004A,Anti-social behaviour,,
,2019-05,Lancashire Constabulary,Lancashire Constabulary,-2.478432,53.759199,On or near Trevor Close,E01012579,Blackburn with Darwen 004A,Anti-social behaviour,,
,2019-05,Lancashire Constabulary,Lancashire Constabulary,-2.481672,53.755969,On or near Marsh Street,E01012579,Blackburn with Darwen 004A,Anti-social behaviour,,
,2019-05,Lancashire Constabulary,Lancashire Constabulary,-2.482804,53.758130,On or near Tenby Close,E01012579,Blackburn with Darwen 004A,Anti-social behaviour,,
,2019-05,Lancashire Constabulary,Lancashire Constabulary,-2.484923,53.759101,On or near St James'S Place,E01012579,Blackburn with Darwen 004A,Anti-social behaviour,,
,2019-05,Lancashire Constabulary,Lancashire Constabulary,-2.478962,53.760438,On or near St James Road,E01012579,Blackburn with Darwen 004A,Anti-social behaviour,,
e3baf91a8b0c64ed56163af29137f06a3e5f5cadebb0cfe8bfbccd1cf6e8340e,2019-05,Lancashire Constabulary,Lancashire Constabulary,-2.478962,53.760438,On or near St James Road,E01012579,Blackburn with Darwen 004A,Burglary,Status update unavailable,
1ed5ddcc407372048d84930bb4eee346db45864516f1e00c325cb77ee8b12ecf,2019-05,Lancashire Constabulary,Lancashire Constabulary,-2.479660,53.759096,On or near Aberdare Close,E01012579,Blackburn with Darwen 004A,Criminal damage and arson,Status update unavailable,
3e158e84a89e9d7265ecd22d4431791d138f499c3c80b16066bbdc090d0b47d8,2019-05,Lancashire Constabulary,Lancashire Constabulary,-2.479763,53.757522,On or near Wimberley Street,E01012579,Blackburn with Darwen 004A,Other theft,Status update unavailable,
e7e763e6d754c5bb8c00e2d854469a37dd9c744fae14be5468002cc7d491df7d,2019-05,Lancashire Constabulary,Lancashire Constabulary,-2.478432,53.759199,On or near Trevor Close,E01012579,Blackburn with Darwen 004A,Other theft,Status update unavailable,
35341e7dfd36528f2449de267f2798ca23ac00e136a3abbf8a2d957ede647670,2019-05,Lancashire Constabulary,Lancashire Constabulary,-2.478432,53.759199,On or near Trevor Close,E01012579,Blackburn with Darwen 004A,Other theft,Status update unavailable,
4eec1bbebba8c68a71f2f5e12d47e3f61c671b8592d6a784229a7760867533e7,2019-05,Lancashire Constabulary,Lancashire Constabulary,-2.482300,53.759193,On or near Deganwy Avenue,E01012579,Blackburn with Darwen 004A,Vehicle crime,Status update unavailable,
fc4f7fd38ef83e0e50d3d7f823ee04a0c8739a8c98deefb2a8096bcab05fd378,2019-05,Lancashire Constabulary,Lancashire Constabulary,-2.478432,53.759199,On or near Trevor Close,E01012579,Blackburn with Darwen 004A,Violence and sexual offences,Awaiting court outcome,
7d960d8bbd613fb64d0f64be2459897d1fafbcf3b39677f1d5f9ac1a0e566539,2019-05,Lancashire Constabulary,Lancashire Constabulary,-2.481227,53.759548,On or near Conway Avenue,E01012579,Blackburn with Darwen 004A,Violence and sexual offences,Status update unavailable,
2f7914dc75acf6b10790eca3d22c615a8dca762c41c49f6a5e10576a80c23a85,2019-05,Lancashire Constabulary,Lancashire Constabulary,-2.479660,53.759096,On or near Aberdare Close,E01012579,Blackburn with Darwen 004A,Violence and sexual offences,Unable to prosecute suspect,
accd0a0aa14512581d967bd3a6152f679df2a04bf4413b25a710ae647f1fce34,2019-05,Lancashire Constabulary,Lancashire Constabulary,-2.479763,53.757522,On or near Wimberley Street,E01012579,Blackburn with Darwen 004A,Violence and sexual offences,Unable to prosecute suspect,
6360ec4c6af37c3417002e905026e8bd72b625bd277bbd342bbcbad77380a5b1,2019-05,Lancashire Constabulary,Lancashire Constabulary,-2.478962,53.760438,On or near St James Road,E01012579,Blackburn with Darwen 004A,Violence and sexual offences,Unable to prosecute suspect,
bb2cb33909dddd58ec7094a486dfa1ecdbd32476a280018162a7b8df1947ca89,2019-05,Lancashire Constabulary,Lancashire Constabulary,-2.479660,53.759096,On or near Aberdare Close,E01012579,Blackburn with Darwen 004A,Violence and sexual offences,Status update unavailable,
462ad2a37fe02eebafc53e34d9ce92e638439322ba114cefc636bbb9ac056b15,2019-05,Lancashire Constabulary,Lancashire Constabulary,-2.478962,53.760438,On or near St James Road,E01012579,Blackburn with Darwen 004A,Violence and sexual offences,Unable to prosecute suspect,
d1a04cf836e1021bfa931d6d29b6bdc3458e87993f5ec6a12835645122bb566b,2019-05,Lancashire Constabulary,Lancashire Constabulary,-2.479763,53.757522,On or near Wimberley Street,E01012579,Blackburn with Darwen 004A,Violence and sexual offences,Status update unavailable,
2b7e5cffa5772b9a4efb74b668c6d4c4af4490c35c799ee20babe198c9579cff,2019-05,Lancashire Constabulary,Lancashire Constabulary,-2.481227,53.759548,On or near Conway Avenue,E01012579,Blackburn with Darwen 004A,Other crime,Unable to prosecute suspect,
,2019-05,Lancashire Constabulary,Lancashire Constabulary,-2.474826,53.756850,On or near Cowper Street,E01012580,Blackburn with Darwen 004B,Anti-social behaviour,,
,2019-05,Lancashire Constabulary,Lancashire Constabulary,-2.478558,53.755568,On or near Hodder Place,E01012580,Blackburn with Darwen 004B,Anti-social behaviour,,
,2019-05,Lancashire Constabulary,Lancashire Constabulary,-2.479371,53.756400,On or near Ice Street,E01012580,Blackburn with Darwen 004B,Anti-social behaviour,,
,2019-05,Lancashire Constabulary,Lancashire Constabulary,-2.477557,53.756920,On or near Calder Street,E01012580,Blackburn with Darwen 004B,Anti-social behaviour,,
,2019-05,Lancashire Constabulary,Lancashire Constabulary,-2.475779,53.757925,On or near Norwich Street,E01012580,Blackburn with Darwen 004B,Anti-social behaviour,,
bf5d7790bd171bff0e3897a4cd04731c41ea9d4114ce0fb94c1bd0245b49a657,2019-05,Lancashire Constabulary,Lancashire Constabulary,-2.475265,53.756776,On or near Petrol Station,E01012580,Blackburn with Darwen 004B,Other theft,Status update unavailable,
ab3918ef85314b155c69e3cc0f0d90eab666d35a0f94f25289e70eea08b59904,2019-05,Lancashire Constabulary,Lancashire Constabulary,-2.475265,53.756776,On or near Petrol Station,E01012580,Blackburn with Darwen 004B,Other theft,Status update unavailable,
6b4833926b3b26f6c84b4409fdde618e5de8c27c7c6be0b2cc44f8b08e7ba9da,2019-05,Lancashire Constabulary,Lancashire Constabulary,-2.479734,53.754979,On or near Millham Street,E01012580,Blackburn with Darwen 004B,Violence and sexual offences,Status update unavailable,
4d6141ce0eff1f49a00c264497986d16b8fe6b9cc2723cf78cb00876e3a2afa2,2019-05,Lancashire Constabulary,Lancashire Constabulary,-2.478558,53.755568,On or near Hodder Place,E01012580,Blackburn with Darwen 004B,Violence and sexual offences,Unable to prosecute suspect,
035eebaaac08501c2cd982435f3a35cc6bcb93fe1fef7f00df9e0f13a32d7da9,2019-05,Lancashire Constabulary,Lancashire Constabulary,-2.478440,53.754526,On or near Brookhouse Close,E01012580,Blackburn with Darwen 004B,Violence and sexual offences,Status update unavailable,
4c6e75f9eea6e456d42e7e840ae3bb83d0c3a84b8373573cbd8425735ad5ae3c,2019-05,Lancashire Constabulary,Lancashire Constabulary,-2.479420,53.756679,On or near London Road,E01012580,Blackburn with Darwen 004B,Violence and sexual offences,Unable to prosecute suspect,
,2019-05,Lancashire Constabulary,Lancashire Constabulary,-2.492307,53.754937,On or near Lilford Road,E01012642,Blackburn with Darwen 004C,Anti-social behaviour,,
,2019-05,Lancashire Constabulary,Lancashire Constabulary,-2.484911,53.755443,On or near Wimberley Place,E01012642,Blackburn with Darwen 004C,Anti-social behaviour,,
,2019-05,Lancashire Constabulary,Lancashire Constabulary,-2.486089,53.755034,On or near Sted Terrace,E01012642,Blackburn with Darwen 004C,Anti-social behaviour,,
92e06e75bc8e8a6bb48fd14361f34c076db590912ab50b49905565064946ae56,2019-05,Lancashire Constabulary,Lancashire Constabulary,-2.489236,53.753035,On or near Clarence Street,E01012642,Blackburn with Darwen 004C,Criminal damage and arson,Unable to prosecute suspect,
30f05f12e9afc3d81cb1a64d981eefef1b5c2417398bf9d3ded9b84e3640efb7,2019-05,Lancashire Constabulary,Lancashire Constabulary,-2.489236,53.753035,On or near Clarence Street,E01012642,Blackburn with Darwen 004C,Criminal damage and arson,Investigation complete; no suspect identified,
01da559ca44c87ef71fe8392c1505ea50bc073cf242ee82031e8a5828a136a5c,2019-05,Lancashire Constabulary,Lancashire Constabulary,-2.489236,53.753035,On or near Clarence Street,E01012642,Blackburn with Darwen 004C,Criminal damage and arson,Status update unavailable,
8e6cc478fc41651a9038e6b94890ed161c208e9704a6f23e0b200fbea51b8944,2019-05,Lancashire Constabulary,Lancashire Constabulary,-2.489236,53.753035,On or near Clarence Street,E01012642,Blackburn with Darwen 004C,Criminal damage and arson,Unable to prosecute suspect,
8750af690f19526aeca29a711d3bb08e661d0f23df82cf3e419a385be775492f,2019-05,Lancashire Constabulary,Lancashire Constabulary,-2.489562,53.754957,On or near Park Avenue,E01012642,Blackburn with Darwen 004C,Other theft,Status update unavailable,
897a5e346e2108de4a849aa67c491046c553bab45c578b466ed2fcde417ea1b0,2019-05,Lancashire Constabulary,Lancashire Constabulary,-2.489236,53.753035,On or near Clarence Street,E01012642,Blackburn with Darwen 004C,Public order,Investigation complete; no suspect identified,
26fafcf9656e9724b233bb7d7dc83d220ac9368d47e2b4750c819f0361313900,2019-05,Lancashire Constabulary,Lancashire Constabulary,-2.489236,53.753035,On or near Clarence Street,E01012642,Blackburn with Darwen 004C,Vehicle crime,Status update unavailable,
e31596eca87045a018ce6a0a26f0dda0fa370f809d3ed4a2548da9fe146b41d1,2019-05,Lancashire Constabulary,Lancashire Constabulary,-2.489562,53.754957,On or near Park Avenue,E01012642,Blackburn with Darwen 004C,Violence and sexual offences,Unable to prosecute suspect,
c48528ba0b2136209a640adbe918856be7369364d8b050a3178a6737e626ea6a,2019-05,Lancashire Constabulary,Lancashire Constabulary,-2.486899,53.756801,On or near Sports/Recreation Area,E01012642,Blackburn with Darwen 004C,Violence and sexual offences,Unable to prosecute suspect,
a8ecafd24b0e33e536b52ac881b7877b476222102bec96f3d3cdeca85a4b55b0,2019-05,Lancashire Constabulary,Lancashire Constabulary,-2.489562,53.754957,On or near Park Avenue,E01012642,Blackburn with Darwen 004C,Violence and sexual offences,Status update unavailable,
4bd7c812c48b101f64762d1998b0a090bde22a2a30f036391fdfc53a9cfd4c98,2019-05,Lancashire Constabulary,Lancashire Constabulary,-2.491364,53.754779,On or near Shear Bank Road,E01012642,Blackburn with Darwen 004C,Violence and sexual offences,Status update unavailable,
,2019-05,Lancashire Constabulary,Lancashire Constabulary,-2.486799,53.757404,On or near St James Court,E01012645,Blackburn with Darwen 004D,Anti-social behaviour,,
,2019-05,Lancashire Constabulary,Lancashire Constabulary,-2.486799,53.757404,On or near St James Court,E01012645,Blackburn with Darwen 004D,Anti-social behaviour,,
ce415edad43303c042c0f0b7306c24716fbd673008e9d253a0ffda231a0a1330,2019-05,Lancashire Constabulary,Lancashire Constabulary,-2.488214,53.759070,On or near The Croft,E01012645,Blackburn with Darwen 004D,Criminal damage and arson,Offender given a caution,
44651a95e342cfff28e739ba48a67e5354c086b961eb6ac3e33e56d6f721ce8c,2019-05,Lancashire Constabulary,Lancashire Constabulary,-2.489861,53.758506,On or near Park Terrace,E01012645,Blackburn with Darwen 004D,Criminal damage and arson,Unable to prosecute suspect,
49952cf8d3f0c6cfb7f98ad82732871c90d2d507187e076b4e0f619233887d99,2019-05,Lancashire Constabulary,Lancashire Constabulary,-2.490147,53.759620,On or near Colenso Road,E01012645,Blackburn with Darwen 004D,Violence and sexual offences,Unable to prosecute suspect,
6abc705b188447644f864d93287e6e4b20a226ab51da77b95a9d2d8a37d0b1a6,2019-05,Lancashire Constabulary,Lancashire Constabulary,-2.486289,53.757901,On or near Oozebooth Terrace,E01012645,Blackburn with Darwen 004D,Violence and sexual offences,Awaiting court outcome,
e95148311468dc521d40dad069b626fccc578e8ae4e9854a2ae37ecc84a2ceb5,2019-05,Lancashire Constabulary,Lancashire Constabulary,-2.490147,53.759620,On or near Colenso Road,E01012645,Blackburn with Darwen 004D,Violence and sexual offences,Unable to prosecute suspect,
0f634a68d1cfd5f90ebab84660f50276c6ae172f64810cd6885dbcb486f50ac3,2019-05,Lancashire Constabulary,Lancashire Constabulary,-2.486799,53.757404,On or near St James Court,E01012645,Blackburn with Darwen 004D,Violence and sexual offences,Status update unavailable,
f65d766be912ec6608dbb0ba0c0d83a63b043a58b4dc96441bf6a7bf2e82c6b8,2019-05,Lancashire Constabulary,Lancashire Constabulary,-2.490147,53.759620,On or near Colenso Road,E01012645,Blackburn with Darwen 004D,Other crime,Status update unavailable,
f7b4fe725616eabb03436d077ebdb2f35af7c42ab907bb3e0c5f00d6ac0aa5c4,2019-05,Lancashire Constabulary,Lancashire Constabulary,-2.486603,53.758798,On or near St James Road,E01012645,Blackburn with Darwen 004D,Other crime,Status update unavailable,
,2019-05,Lancashire Constabulary,Lancashire Constabulary,-2.502580,53.747803,On or near Oozehead Lane,E01012585,Blackburn with Darwen 005A,Anti-social behaviour,,
,2019-05,Lancashire Constabulary,Lancashire Constabulary,-2.505028,53.748394,On or near Taunton Road,E01012585,Blackburn with Darwen 005A,Anti-social behaviour,,
aa71dc196c605b1d5fa9df49f8b25857dd349e5c034346aac2c75703dc2b7b64,2019-05,Lancashire Constabulary,Lancashire Constabulary,-2.501695,53.747366,On or near Chatburn Street,E01012585,Blackburn with Darwen 005A,Burglary,Status update unavailable,
c6acb21905abcec7554bb05eb7a12ffa2957a9c361ce2568f85d325c5f99f382,2019-05,Lancashire Constabulary,Lancashire Constabulary,-2.507436,53.750613,On or near Billinge Close,E01012585,Blackburn with Darwen 005A,Burglary,Status update unavailable,
301742359cd5d1cde988be532e00f57db80d7f62b32dee833afda455c47daed5,2019-05,Lancashire Constabulary,Lancashire Constabulary,-2.509033,53.748467,On or near Gorse Road,E01012585,Blackburn with Darwen 005A,Criminal damage and arson,Status update unavailable,
688ff844ab0a997b20db75044faad574f688635ce4687b9f046f92e86f9e64dc,2019-05,Lancashire Constabulary,Lancashire Constabulary,-2.505581,53.748958,On or near Manor Road,E01012585,Blackburn with Darwen 005A,Public order,Unable to prosecute suspect,
35583ad427f70bc2c1d38744fdeec58bd0fd4be9f89b2774a32a0c8ca906007d,2019-05,Lancashire Constabulary,Lancashire Constabulary,-2.502593,53.748908,On or near Irving Place,E01012585,Blackburn with Darwen 005A,Vehicle crime,Status update unavailable,
cdb676b9c6b84f75e1b1dcbaf41c026a9c01d8da8e889af68be860f6373198b1,2019-05,Lancashire Constabulary,Lancashire Constabulary,-2.502148,53.748478,On or near Crompton Place,E01012585,Blackburn with Darwen 005A,Violence and sexual offences,Status update unavailable,
f7aefe99477df645e89f8a13ddac36f9496e56a8e32f118077cc3b0969120620,2019-05,Lancashire Constabulary,Lancashire Constabulary,-2.502593,53.748908,On or near Irving Place,E01012585,Blackburn with Darwen 005A,Violence and sexual offences,Status update unavailable,
,2019-05,Lancashire Constabulary,Lancashire Constabulary,-2.500185,53.751686,On or near Cheltenham Road,E01012586,Blackburn with Darwen 005B,Anti-social behaviour,,
,2019-05,Lancashire Constabulary,Lancashire Constabulary,-2.502887,53.751945,On or near Supermarket,E01012586,Blackburn with Darwen 005B,Anti-social behaviour,,
,2019-05,Lancashire Constabulary,Lancashire Constabulary,-2.501217,53.750478,On or near Leamington Close,E01012586,Blackburn with Darwen 005B,Anti-social behaviour,,
,2019-05,Lancashire Constabulary,Lancashire Constabulary,-2.496831,53.751476,On or near Adelaide Terrace,E01012586,Blackburn with Darwen 005B,Anti-social behaviour,,
,2019-05,Lancashire Constabulary,Lancashire Constabulary,-2.502887,53.751945,On or near Supermarket,E01012586,Blackburn with Darwen 005B,Anti-social behaviour,,
,2019-05,Lancashire Constabulary,Lancashire Constabulary,-2.501217,53.750478,On or near Leamington Close,E01012586,Blackburn with Darwen 005B,Anti-social behaviour,,
bf2ef293f548ec392569dee3f74f1c9e0fa429c75eff2423a4819b6ef3a0222e,2019-05,Lancashire Constabulary,Lancashire Constabulary,-2.499113,53.752113,On or near Harcourt Road,E01012586,Blackburn with Darwen 005B,Criminal damage and arson,Status update unavailable,
0be52537834d892bf3386296450df5c6f6bc33376dbf12c74e12933753c18b6c,2019-05,Lancashire Constabulary,Lancashire Constabulary,-2.496831,53.751476,On or near Adelaide Terrace,E01012586,Blackburn with Darwen 005B,Other theft,Unable to prosecute suspect,
87790531fd7be2136126c4935c94f5472db1a02acd8fa23eac6deda1fd613a73,2019-05,Lancashire Constabulary,Lancashire Constabulary,-2.496831,53.751476,On or near Adelaide Terrace,E01012586,Blackburn with Darwen 005B,Other theft,Awaiting court outcome,
457a68cb06923ee780b265d8278f8e668fc23093aea00022b6c0ed87660d66da,2019-05,Lancashire Constabulary,Lancashire Constabulary,-2.502887,53.751945,On or near Supermarket,E01012586,Blackburn with Darwen 005B,Other theft,Status update unavailable,
e1edf14a30314d8abf933958e33d9c84fd463c86d82199e7b9fd6bc4fc5cf3e3,2019-05,Lancashire Constabulary,Lancashire Constabulary,-2.496831,53.751476,On or near Adelaide Terrace,E01012586,Blackburn with Darwen 005B,Public order,Further investigation is not in the public interest,
90174c22b2ebdacdd67e33ffa40b59c66c8cebd40820359fa88360d11afdc3fb,2019-05,Lancashire Constabulary,Lancashire Constabulary,-2.502887,53.751945,On or near Supermarket,E01012586,Blackburn with Darwen 005B,Shoplifting,Status update unavailable,
1743184940cea8f6d6026ad573ec1cafc6a81caea10294dc88c9c764a9a8977f,2019-05,Lancashire Constabulary,Lancashire Constabulary,-2.500185,53.751686,On or near Cheltenham Road,E01012586,Blackburn with Darwen 005B,Violence and sexual offences,Investigation complete; no suspect identified,
1f71139ea169937537796445aafb900b9872a21dcf852f66887dba1193c93a9d,2019-05,Lancashire Constabulary,Lancashire Constabulary,-2.501930,53.751805,On or near Further/Higher Educational Building,E01012586,Blackburn with Darwen 005B,Violence and sexual offences,Status update unavailable,
8ea8eff87594376da0636297401fb1ceb856ae033a0fd1204774090b05f4ab72,2019-05,Lancashire Constabulary,Lancashire Constabulary,-2.500185,53.751686,On or near Cheltenham Road,E01012586,Blackburn with Darwen 005B,Other crime,Investigation complete; no suspect identified,
,2019-05,Lancashire Constabulary,Lancashire Constabulary,-2.494112,53.748557,On or near Shaw Close,E01012656,Blackburn with Darwen 005C,Anti-social behaviour,,
,2019-05,Lancashire Constabulary,Lancashire Constabulary,-2.494411,53.748133,On or near Cutler Close,E01012656,Blackburn with Darwen 005C,Anti-social behaviour,,
,2019-05,Lancashire Constabulary,Lancashire Constabulary,-2.492185,53.751054,On or near Hope Street,E01012656,Blackburn with Darwen 005C,Anti-social behaviour,,
,2019-05,Lancashire Constabulary,Lancashire Constabulary,-2.492185,53.751054,On or near Hope Street,E01012656,Blackburn with Darwen 005C,Anti-social behaviour,,
,2019-05,Lancashire Constabulary,Lancashire Constabulary,-2.493430,53.748533,On or near Barley Close,E01012656,Blackburn with Darwen 005C,Anti-social behaviour,,
,2019-05,Lancashire Constabulary,Lancashire Constabulary,-2.489398,53.751300,On or near New Park Street,E01012656,Blackburn with Darwen 005C,Anti-social behaviour,,
,2019-05,Lancashire Constabulary,Lancashire Constabulary,-2.495145,53.751249,On or near Preston New Road,E01012656,Blackburn with Darwen 005C,Anti-social behaviour,,
270306d901805473e33b78ac94f552cad5c1a0dc4f208e9d5d8a66c2eb713f1d,2019-05,Lancashire Constabulary,Lancashire Constabulary,-2.494411,53.748133,On or near Cutler Close,E01012656,Blackburn with Darwen 005C,Criminal damage and arson,Status update unavailable,
b250404b9d2593ba4329f628f9c754c70783deaedfd4881893f63b31d30c6d00,2019-05,Lancashire Constabulary,Lancashire Constabulary,-2.488915,53.750187,On or near Parking Area,E01012656,Blackburn with Darwen 005C,Drugs,Awaiting court outcome,
923ba3b30f8103644037dafe4209482b3dca8303a0b157a5fadd15dc92e22e1a,2019-05,Lancashire Constabulary,Lancashire Constabulary,-2.488915,53.750187,On or near Parking Area,E01012656,Blackburn with Darwen 005C,Drugs,Awaiting court outcome,
bacfef0577c11787e2e889b9bd1cbfe642ec0450c09b7ed233f70593df20eaf4,2019-05,Lancashire Constabulary,Lancashire Constabulary,-2.492185,53.751054,On or near Hope Street,E01012656,Blackburn with Darwen 005C,Other theft,Unable to prosecute suspect,
9670ae734201fb569c9d9a1d11999be98d1dac94e3fcf6bebd0e040e9a9bdfc7,2019-05,Lancashire Constabulary,Lancashire Constabulary,-2.494476,53.751090,On or near Petrol Station,E01012656,Blackburn with Darwen 005C,Other theft,Status update unavailable,
c16959804dec7f1c4b2065aec3edc8289ff4f30d691729374780bc277300a483,2019-05,Lancashire Constabulary,Lancashire Constabulary,-2.494476,53.751090,On or near Petrol Station,E01012656,Blackburn with Darwen 005C,Other theft,Status update unavailable,
a4e126c4ad77c9d28fc3a09a3d230c0e507bb7ef0101383be7bfe4b816d017d4,2019-05,Lancashire Constabulary,Lancashire Constabulary,-2.491181,53.750726,On or near Denville Road,E01012656,Blackburn with Darwen 005C,Other theft,Status update unavailable,
5ada3e7556aa9daf6149b2faa39df86ff87e64b90f6d0501dd65aee72e0236a4,2019-05,Lancashire Constabulary,Lancashire Constabulary,-2.494112,53.748557,On or near Shaw Close,E01012656,Blackburn with Darwen 005C,Public order,Status update unavailable,
4518da60e960e50efcdfee4c9f9ec1be08122346d1e67c938912cf5ba21e8610,2019-05,Lancashire Constabulary,Lancashire Constabulary,-2.486203,53.750459,On or near King William Street,E01012656,Blackburn with Darwen 005C,Public order,Awaiting court outcome,
00c533e406c66c90f6b1e66227e4f6b6ce27bd54b25aff865b6ba65eb4350fa5,2019-05,Lancashire Constabulary,Lancashire Constabulary,-2.497531,53.749163,On or near Whitehead Street,E01012656,Blackburn with Darwen 005C,Vehicle crime,Status update unavailable,
a3877afa00adbd9e96358f34c074e887ce338ce287e4c96433b20604abd9f605,2019-05,Lancashire Constabulary,Lancashire Constabulary,-2.492196,53.749374,On or near Supermarket,E01012656,Blackburn with Darwen 005C,Vehicle crime,Status update unavailable,
dd6fff177194866df9e57d0ba15964d20b33eae5aff65c4a60f5c103b8c7fc07,2019-05,Lancashire Constabulary,Lancashire Constabulary,-2.495145,53.751249,On or near Preston New Road,E01012656,Blackburn with Darwen 005C,Vehicle crime,Status update unavailable,
9db04f825e495fa9d1b4edd538511abf131a024d8620754c392c899508c8c39a,2019-05,Lancashire Constabulary,Lancashire Constabulary,-2.497531,53.749163,On or near Whitehead Street,E01012656,Blackburn with Darwen 005C,Violence and sexual offences,Unable to prosecute suspect,
4489bf6c9711bcc8d1a1696f845cd1268b5f5bc43d4c83a25abea15f59f03160,2019-05,Lancashire Constabulary,Lancashire Constabulary,-2.497531,53.749163,On or near Whitehead Street,E01012656,Blackburn with Darwen 005C,Violence and sexual offences,Status update unavailable,
6b3f23ff48f770d033313de8a8dd89bf5fe2de0d1356e352efbd2256128bc102,2019-05,Lancashire Constabulary,Lancashire Constabulary,-2.488915,53.750187,On or near Parking Area,E01012656,Blackburn with Darwen 005C,Violence and sexual offences,Status update unavailable,
335232dda76bfd8834f78ed58deec73fdcac514ba15784995b85806f5213b0e1,2019-05,Lancashire Constabulary,Lancashire Constabulary,-2.494112,53.748557,On or near Shaw Close,E01012656,Blackburn with Darwen 005C,Violence and sexual offences,Unable to prosecute suspect,
96efa7301e8cff38a8320a14b7fa8c1d634672bcb25b0b95f62631663588b425,2019-05,Lancashire Constabulary,Lancashire Constabulary,-2.496570,53.749967,On or near Midsummer Street,E01012656,Blackburn with Darwen 005C,Violence and sexual offences,Status update unavailable,
f45b81c5f48072ec3e0a684f0fd1bf2b884eb06fd40f0a6f8fd2b2e554232ce6,2019-05,Lancashire Constabulary,Lancashire Constabulary,-2.489398,53.751300,On or near New Park Street,E01012656,Blackburn with Darwen 005C,Violence and sexual offences,Unable to prosecute suspect,
,2019-05,Lancashire Constabulary,Lancashire Constabulary,-2.501085,53.749624,On or near Preston New Road,E01012657,Blackburn with Darwen 005D,Anti-social behaviour,,
,2019-05,Lancashire Constabulary,Lancashire Constabulary,-2.499439,53.748903,On or near Bromley Street,E01012657,Blackburn with Darwen 005D,Anti-social behaviour,,
,2019-05,Lancashire Constabulary,Lancashire Constabulary,-2.498897,53.749274,On or near Foxhouse Street,E01012657,Blackburn with Darwen 005D,Anti-social behaviour,,
,2019-05,Lancashire Constabulary,Lancashire Constabulary,-2.497792,53.746861,On or near Lawrence Street,E01012657,Blackburn with Darwen 005D,Anti-social behaviour,,
,2019-05,Lancashire Constabulary,Lancashire Constabulary,-2.498669,53.746623,On or near Bent Gap Lane,E01012657,Blackburn with Darwen 005D,Anti-social behaviour,,
f9225c26dba4fc66104273c693e0a39ed3799f29e6762f03884ef7d6b440e3c2,2019-05,Lancashire Constabulary,Lancashire Constabulary,-2.495799,53.750114,On or near Lois Place,E01012657,Blackburn with Darwen 005D,Burglary,Status update unavailable,
8c84d16fc3a6f782e1be54bc7c9bb05eb0c6d2d5092a024cad3d1775930f8291,2019-05,Lancashire Constabulary,Lancashire Constabulary,-2.496805,53.749292,On or near Addison Street,E01012657,Blackburn with Darwen 005D,Criminal damage and arson,Local resolution,
422029b586d3d8796063496c9b2dbe1647d0a7a5d9d3a1868d70d9a6614a439e,2019-05,Lancashire Constabulary,Lancashire Constabulary,-2.497792,53.746861,On or near Lawrence Street,E01012657,Blackburn with Darwen 005D,Criminal damage and arson,Unable to prosecute suspect,
1af3c11a3be7577024ff672bbeaf6f14e03ffc01c11333b0fba40ca6e40c4219,2019-05,Lancashire Constabulary,Lancashire Constabulary,-2.497845,53.746213,On or near Arthur Street,E01012657,Blackburn with Darwen 005D,Drugs,Awaiting court outcome,
cdc0b48df1284d27290d8fd2308da4caeb1ffb795563195b6e2c88729c148fc7,2019-05,Lancashire Constabulary,Lancashire Constabulary,-2.497392,53.747599,On or near Johnston Close,E01012657,Blackburn with Darwen 005D,Public order,Unable to prosecute suspect,
1495c20841e42705d4ad618721eb653aab9630eefae266c2bed962ecc7d4a66b,2019-05,Lancashire Constabulary,Lancashire Constabulary,-2.499439,53.748903,On or near Bromley Street,E01012657,Blackburn with Darwen 005D,Vehicle crime,Status update unavailable,
b0656b091ada2cd28a7feedc8c695e72d9dc8936f3b8af4e0f548153faf177ef,2019-05,Lancashire Constabulary,Lancashire Constabulary,-2.500866,53.747720,On or near Saunders Road,E01012657,Blackburn with Darwen 005D,Vehicle crime,Status update unavailable,
156bf39799bf19eb6e6b4144f69fb69cbb4799a77e86beee1e2a068cf01b348f,2019-05,Lancashire Constabulary,Lancashire Constabulary,-2.500866,53.747720,On or near Saunders Road,E01012657,Blackburn with Darwen 005D,Violence and sexual offences,Unable to prosecute suspect,
c8eaf1fe5a90726b4f954eb7269a7cd02224b6eafb30a465e1074028223c32f1,2019-05,Lancashire Constabulary,Lancashire Constabulary,-2.497792,53.746861,On or near Lawrence Street,E01012657,Blackburn with Darwen 005D,Violence and sexual offences,Unable to prosecute suspect,
fe386035fd87f530dadbfb9a638a769d28f7d88c18fe3e8947b00a949a76c7af,2019-05,Lancashire Constabulary,Lancashire Constabulary,-2.496805,53.749292,On or near Addison Street,E01012657,Blackburn with Darwen 005D,Violence and sexual offences,Action to be taken by another organisation,
2ebf5f925c707f467a90bafda5ae4191dd0bb04689bdf39311bc0d9c419d2691,2019-05,Lancashire Constabulary,Lancashire Constabulary,-2.498897,53.749274,On or near Foxhouse Street,E01012657,Blackburn with Darwen 005D,Violence and sexual offences,Unable to prosecute suspect,
fdc2e3902db231620de3576c9b1b876808d2b05ae931ae13d4c80ac3fa00ff47,2019-05,Lancashire Constabulary,Lancashire Constabulary,-2.500183,53.747723,On or near Chatburn Street,E01012657,Blackburn with Darwen 005D,Violence and sexual offences,Unable to prosecute suspect,
7a9c928e69d2e1aae09d2c6f06e2cd442ac4d175e9acd32251905031eb955ac6,2019-05,Lancashire Constabulary,Lancashire Constabulary,-2.498936,53.747440,On or near Cheetham Street,E01012657,Blackburn with Darwen 005D,Violence and sexual offences,Status update unavailable,
ccb5af81eab2a68ea530aeb217132e4f0e18f4aea8458434fb9fb8c0cd751823,2019-05,Lancashire Constabulary,Lancashire Constabulary,-2.497869,53.748236,On or near Belle Vue Street,E01012657,Blackburn with Darwen 005D,Violence and sexual offences,Status update unavailable,
,2019-05,Lancashire Constabulary,Lancashire Constabulary,-2.505211,53.743405,On or near Pleasington Close,E01012658,Blackburn with Darwen 005E,Anti-social behaviour,,
,2019-05,Lancashire Constabulary,Lancashire Constabulary,-2.506400,53.745171,On or near Rolleston Road,E01012658,Blackburn with Darwen 005E,Anti-social behaviour,,
,2019-05,Lancashire Constabulary,Lancashire Constabulary,-2.505968,53.744544,On or near St Mark'S Road,E01012658,Blackburn with Darwen 005E,Anti-social behaviour,,
,2019-05,Lancashire Constabulary,Lancashire Constabulary,-2.500914,53.744178,On or near Balfour Street,E01012658,Blackburn with Darwen 005E,Anti-social behaviour,,
3648f7289fdc87aad0f700b88b701dfb0382bb407acc4bd497295b52238db1a3,2019-05,Lancashire Constabulary,Lancashire Constabulary,-2.503376,53.745921,On or near Moulding Close,E01012658,Blackburn with Darwen 005E,Burglary,Status update unavailable,
193ad07aaf2aae8c601d438fba2c0e73929eb21f755c2632cfd6f767396aabb1,2019-05,Lancashire Constabulary,Lancashire Constabulary,-2.507986,53.745910,On or near French Close,E01012658,Blackburn with Darwen 005E,Burglary,Status update unavailable,
6d2c17c28995253abf1b1bb15b42459168c412e2ccdba8264229534a73a7a949,2019-05,Lancashire Constabulary,Lancashire Constabulary,-2.507597,53.741310,On or near Spring Lane,E01012658,Blackburn with Darwen 005E,Criminal damage and arson,Status update unavailable,
6ade5d8f580832d6eafc19ef7d24f6954f2387fc482d2b614ca7e13113cebd7b,2019-05,Lancashire Constabulary,Lancashire Constabulary,-2.507597,53.741310,On or near Spring Lane,E01012658,Blackburn with Darwen 005E,Criminal damage and arson,Status update unavailable,
182ec67e805e0e8b4e68c0bb48cf23348df5379b11e6e29ca8aae3d949cf981b,2019-05,Lancashire Constabulary,Lancashire Constabulary,-2.503496,53.743269,On or near Murdock Street,E01012658,Blackburn with Darwen 005E,Criminal damage and arson,Awaiting court outcome,
7fa66e9c87c29e695a67ef40ce69cb2271185dc816195e905df11d5dc13fd4fe,2019-05,Lancashire Constabulary,Lancashire Constabulary,-2.502061,53.746214,On or near Oozehead Lane,E01012658,Blackburn with Darwen 005E,Other theft,Status update unavailable,
385b932c8a3db17f7e26f69fefdf33b3ed559322361bab72f18a2bc870ab0fa2,2019-05,Lancashire Constabulary,Lancashire Constabulary,-2.505790,53.742351,On or near Rutland Street,E01012658,Blackburn with Darwen 005E,Public order,Status update unavailable,
189c4203447cbfef53f07b4da1ea09ee6f4dcb43b2a2d1c115ca219fbb5b9130,2019-05,Lancashire Constabulary,Lancashire Constabulary,-2.506400,53.745171,On or near Rolleston Road,E01012658,Blackburn with Darwen 005E,Public order,Status update unavailable,
32bb530b845cab6df6b968938572be336c054c8daf3a945979b97f8392b0cae3,2019-05,Lancashire Constabulary,Lancashire Constabulary,-2.507597,53.741310,On or near Spring Lane,E01012658,Blackburn with Darwen 005E,Public order,Unable to prosecute suspect,
f8cce259e603723a03b758950f9f1696785120930e7be25e9264510bf833f4db,2019-05,Lancashire Constabulary,Lancashire Constabulary,-2.504486,53.742312,On or near Redlam,E01012658,Blackburn with Darwen 005E,Public order,Status update unavailable,
9837b11eb0be63a15f78b847935340ee48a14ec12cc46116ef9862b23eb28729,2019-05,Lancashire Constabulary,Lancashire Constabulary,-2.500914,53.744178,On or near Balfour Street,E01012658,Blackburn with Darwen 005E,Vehicle crime,Status update unavailable,
c8bada384b5eff4ecc90e0b4b2c78d7f8ff19549ec713c7e594c57a1c91d57f6,2019-05,Lancashire Constabulary,Lancashire Constabulary,-2.500914,53.744178,On or near Balfour Street,E01012658,Blackburn with Darwen 005E,Vehicle crime,Status update unavailable,
ffa66efcf28a91a102a1d34d4d7986c726e33726a5e12630c678b3dc8b4f0404,2019-05,Lancashire Constabulary,Lancashire Constabulary,-2.505075,53.742192,On or near Redlam,E01012658,Blackburn with Darwen 005E,Vehicle crime,Status update unavailable,
0bf7f415330542772d61ddfcb683da895fe979ae6248c8ecf70bb594a3b43e0e,2019-05,Lancashire Constabulary,Lancashire Constabulary,-2.505022,53.742813,On or near Selborne Street,E01012658,Blackburn with Darwen 005E,Vehicle crime,Status update unavailable,
c565582e16dfdec171e887ecc630b858eb34dc4d1004da29a2bc9ad7a79ce7a2,2019-05,Lancashire Constabulary,Lancashire Constabulary,-2.501095,53.746604,On or near Gisburn Street,E01012658,Blackburn with Darwen 005E,Vehicle crime,Status update unavailable,
64f9eca976114a25610c430defc579a987cc96bae7c7867307c50c847cdb66ad,2019-05,Lancashire Constabulary,Lancashire Constabulary,-2.501402,53.746918,On or near Downham Street,E01012658,Blackburn with Darwen 005E,Vehicle crime,Status update unavailable,
cea128da42ecf4190bf171292adb21e2450e7020b6b3dfd9c942daa06be88134,2019-05,Lancashire Constabulary,Lancashire Constabulary,-2.501977,53.743050,On or near West View,E01012658,Blackburn with Darwen 005E,Violence and sexual offences,Unable to prosecute suspect,
dbcb7cccc2fd8dcceecf18078c4fe9ce6a6fd92222798bd9a5294e941c7661f5,2019-05,Lancashire Constabulary,Lancashire Constabulary,-2.506400,53.745171,On or near Rolleston Road,E01012658,Blackburn with Darwen 005E,Violence and sexual offences,Status update unavailable,
c1d005c7d49b7975d0662081868dc09435b8ade9bf0cdc4b7073b62ba5200114,2019-05,Lancashire Constabulary,Lancashire Constabulary,-2.505790,53.742351,On or near Rutland Street,E01012658,Blackburn with Darwen 005E,Violence and sexual offences,Unable to prosecute suspect,
d809109e156c482dac48d36a609abaecd91e387c003e7484e7f8ed18d6d99171,2019-05,Lancashire Constabulary,Lancashire Constabulary,-2.503496,53.743269,On or near Murdock Street,E01012658,Blackburn with Darwen 005E,Violence and sexual offences,Status update unavailable,
78ee7c9f141c6337a986c83def3ab8d8f04e7aec8614612c4be501bd661d517c,2019-05,Lancashire Constabulary,Lancashire Constabulary,-2.505790,53.742351,On or near Rutland Street,E01012658,Blackburn with Darwen 005E,Violence and sexual offences,Investigation complete; no suspect identified,
b9a6e8d07e74f1952741a2294749abb8ba1002f155c8746ab8acbd2df5d936c0,2019-05,Lancashire Constabulary,Lancashire Constabulary,-2.505790,53.742351,On or near Rutland Street,E01012658,Blackburn with Darwen 005E,Violence and sexual offences,Status update unavailable,
defb44cb23361b4d8148c498443b81d5fc35a0214fe8c338e880760244000e3d,2019-05,Lancashire Constabulary,Lancashire Constabulary,-2.505968,53.744544,On or near St Mark'S Road,E01012658,Blackburn with Darwen 005E,Violence and sexual offences,Awaiting court outcome,
db9123330504dd14b24bc441d8fed7da6a3ceedf584667fbc57d05515b2bd13d,2019-05,Lancashire Constabulary,Lancashire Constabulary,-2.507597,53.741310,On or near Spring Lane,E01012658,Blackburn with Darwen 005E,Violence and sexual offences,Status update unavailable,
c99c109e8463d966996ed8290d114a9cf363b2be68054b027f76fca6ad68083a,2019-05,Lancashire Constabulary,Lancashire Constabulary,-2.505790,53.742351,On or near Rutland Street,E01012658,Blackburn with Darwen 005E,Violence and sexual offences,Unable to prosecute suspect,
,2019-05,Lancashire Constabulary,Lancashire Constabulary,-2.485104,53.740621,On or near Lister Street,E01012629,Blackburn with Darwen 006A,Anti-social behaviour,,
,2019-05,Lancashire Constabulary,Lancashire Constabulary,-2.485104,53.740621,On or near Lister Street,E01012629,Blackburn with Darwen 006A,Anti-social behaviour,,
,2019-05,Lancashire Constabulary,Lancashire Constabulary,-2.482434,53.741782,On or near Shopping Area,E01012629,Blackburn with Darwen 006A,Anti-social behaviour,,
,2019-05,Lancashire Constabulary,Lancashire Constabulary,-2.481688,53.738846,On or near Swan Street,E01012629,Blackburn with Darwen 006A,Anti-social behaviour,,
,2019-05,Lancashire Constabulary,Lancashire Constabulary,-2.475560,53.742610,On or near Merchants Landing,E01012629,Blackburn with Darwen 006A,Anti-social behaviour,,
,2019-05,Lancashire Constabulary,Lancashire Constabulary,-2.482434,53.741782,On or near Shopping Area,E01012629,Blackburn with Darwen 006A,Anti-social behaviour,,
,2019-05,Lancashire Constabulary,Lancashire Constabulary,-2.478455,53.743839,On or near Carlisle Street,E01012629,Blackburn with Darwen 006A,Anti-social behaviour,,
,2019-05,Lancashire Constabulary,Lancashire Constabulary,-2.481099,53.739046,On or near Derham Street,E01012629,Blackburn with Darwen 006A,Anti-social behaviour,,
,2019-05,Lancashire Constabulary,Lancashire Constabulary,-2.482434,53.741782,On or near Shopping Area,E01012629,Blackburn with Darwen 006A,Anti-social behaviour,,
,2019-05,Lancashire Constabulary,Lancashire Constabulary,-2.481688,53.738846,On or near Swan Street,E01012629,Blackburn with Darwen 006A,Anti-social behaviour,,
,2019-05,Lancashire Constabulary,Lancashire Constabulary,-2.482434,53.741782,On or near Shopping Area,E01012629,Blackburn with Darwen 006A,Anti-social behaviour,,
f4c8a5f7e7fd049d1ebc4456735832f34d54b15efe351100059a02a7c8e76891,2019-05,Lancashire Constabulary,Lancashire Constabulary,-2.482434,53.741782,On or near Shopping Area,E01012629,Blackburn with Darwen 006A,Drugs,Awaiting court outcome,
433269711bed45a8d42870075017367a8843783ea35dce4f10c4b449295c4032,2019-05,Lancashire Constabulary,Lancashire Constabulary,-2.482434,53.741782,On or near Shopping Area,E01012629,Blackburn with Darwen 006A,Drugs,Status update unavailable,
6d4609e6160c97cb2661b7e9c42c8c7bed906038786f2c6820b6bf9d5752a12e,2019-05,Lancashire Constabulary,Lancashire Constabulary,-2.482293,53.737379,On or near Abraham Street,E01012629,Blackburn with Darwen 006A,Other theft,Status update unavailable,
3cc8deb1dba0d42bb04369c0b9f0914d460a198819e5051fba37cc4cef3f29d6,2019-05,Lancashire Constabulary,Lancashire Constabulary,-2.478868,53.741554,On or near Parking Area,E01012629,Blackburn with Darwen 006A,Other theft,Status update unavailable,
cbcc69b072c59755a075d034855c4ad7a9183adb3ad1799ce4254f78eaa30931,2019-05,Lancashire Constabulary,Lancashire Constabulary,-2.485104,53.740621,On or near Lister Street,E01012629,Blackburn with Darwen 006A,Public order,Unable to prosecute suspect,
a71ca31d12e508f3939b6bd1a8b3184b40246d47446fbee8d666ad83621241c8,2019-05,Lancashire Constabulary,Lancashire Constabulary,-2.477811,53.743221,On or near Lower Audley Street,E01012629,Blackburn with Darwen 006A,Shoplifting,Awaiting court outcome,
e3840de83653a35a156449b59478c0fa13ddd5a7986f270a67d7f7f5cbc73834,2019-05,Lancashire Constabulary,Lancashire Constabulary,-2.482434,53.741782,On or near Shopping Area,E01012629,Blackburn with Darwen 006A,Shoplifting,Status update unavailable,
6c2053019d7fd6a5f5891cff97c1efcec18cbff48d1c3c5938190846bcf684a0,2019-05,Lancashire Constabulary,Lancashire Constabulary,-2.482434,53.741782,On or near Shopping Area,E01012629,Blackburn with Darwen 006A,Shoplifting,Unable to prosecute suspect,
e93694dc21ddfe51da3569d96533fc60810bcaa948ff950b7f29f7d7f463dd3a,2019-05,Lancashire Constabulary,Lancashire Constabulary,-2.482434,53.741782,On or near Shopping Area,E01012629,Blackburn with Darwen 006A,Shoplifting,Status update unavailable,
1535529788c0d9589aed116f2b89c619b6a304a82da176a85baf0a87f29a417f,2019-05,Lancashire Constabulary,Lancashire Constabulary,-2.478868,53.741554,On or near Parking Area,E01012629,Blackburn with Darwen 006A,Shoplifting,Offender given penalty notice,
5bf3af9ed836137c6163ed8ebccb0337901c0f29a94c08ed6fe778bd8c7c0356,2019-05,Lancashire Constabulary,Lancashire Constabulary,-2.478868,53.741554,On or near Parking Area,E01012629,Blackburn with Darwen 006A,Shoplifting,Status update unavailable,
9f5fe99c0380aedd9af5d86273e043d68f2869c171593f18b0bf2b76002bba80,2019-05,Lancashire Constabulary,Lancashire Constabulary,-2.481099,53.739046,On or near Derham Street,E01012629,Blackburn with Darwen 006A,Shoplifting,Awaiting court outcome,
cf13780a19866fe6cbfde99baa471b7a11410ff8e71659a6267f9f3cdda1ae86,2019-05,Lancashire Constabulary,Lancashire Constabulary,-2.481099,53.739046,On or near Derham Street,E01012629,Blackburn with Darwen 006A,Shoplifting,Local resolution,
c8cbb86e7e742eaa4a882b2381a75066a6e0e18392339688c49431657c12cfb0,2019-05,Lancashire Constabulary,Lancashire Constabulary,-2.482434,53.741782,On or near Shopping Area,E01012629,Blackburn with Darwen 006A,Shoplifting,Status update unavailable,
d4e1fd1acc075d91b369db9ff359ed5cd0d22b249f10ae0cae08dcb548bfae06,2019-05,Lancashire Constabulary,Lancashire Constabulary,-2.482434,53.741782,On or near Shopping Area,E01012629,Blackburn with Darwen 006A,Shoplifting,Status update unavailable,
e60c4178771c6a74a2c290767b6eb2ad8346fb9c0d495f3610965acec6240d65,2019-05,Lancashire Constabulary,Lancashire Constabulary,-2.482434,53.741782,On or near Shopping Area,E01012629,Blackburn with Darwen 006A,Shoplifting,Status update unavailable,
c3e110ea459346ec84dbaa26bf0285cb944f2842db2af6ea24ebbed7c435e9af,2019-05,Lancashire Constabulary,Lancashire Constabulary,-2.485104,53.740621,On or near Lister Street,E01012629,Blackburn with Darwen 006A,Theft from the person,Status update unavailable,
f4888c30b04dbd6c542ca1aede84b2b634d583f5cc456066ac13e125851cddbe,2019-05,Lancashire Constabulary,Lancashire Constabulary,-2.483515,53.738210,On or near Highfield Gardens,E01012629,Blackburn with Darwen 006A,Vehicle crime,Status update unavailable,
f81bd7fbd84e13740463151f0d201083b0215571b957b3a2dc7ce4a98a906e84,2019-05,Lancashire Constabulary,Lancashire Constabulary,-2.483515,53.738210,On or near Highfield Gardens,E01012629,Blackburn with Darwen 006A,Violence and sexual offences,Unable to prosecute suspect,
04f2162e1b07a3bcbe3c4c4f32351063f62254188b94454c68e6f54c32f4469a,2019-05,Lancashire Constabulary,Lancashire Constabulary,-2.478868,53.741554,On or near Parking Area,E01012629,Blackburn with Darwen 006A,Violence and sexual offences,Status update unavailable,
34901b394253b9b3f74d075d18c11951c9cfbe1f9b34da5db3ec902961267318,2019-05,Lancashire Constabulary,Lancashire Constabulary,-2.485104,53.740621,On or near Lister Street,E01012629,Blackburn with Darwen 006A,Violence and sexual offences,Awaiting court outcome,
08946ad2ba677b6c6b994211a073c0fabdb259b4b930c2f0000d01705f589131,2019-05,Lancashire Constabulary,Lancashire Constabulary,-2.478868,53.741554,On or near Parking Area,E01012629,Blackburn with Darwen 006A,Violence and sexual offences,Unable to prosecute suspect,
8bb7f5ec4ab047218b3cfbde85d1b393f9be4d2d5e00d4b723258896860b4f73,2019-05,Lancashire Constabulary,Lancashire Constabulary,-2.481688,53.738846,On or near Swan Street,E01012629,Blackburn with Darwen 006A,Violence and sexual offences,Unable to prosecute suspect,
b0ab9c784fc93e4da68eceae1fda46acabc0c1caf6c718291dd9b216637203c3,2019-05,Lancashire Constabulary,Lancashire Constabulary,-2.478868,53.741554,On or near Parking Area,E01012629,Blackburn with Darwen 006A,Violence and sexual offences,Status update unavailable,
5ab3f3da3bb11698d12c6b3ce569ca681c2cc48808cda7a99d147d0be5f68beb,2019-05,Lancashire Constabulary,Lancashire Constabulary,-2.485104,53.740621,On or near Lister Street,E01012629,Blackburn with Darwen 006A,Violence and sexual offences,Status update unavailable,
b9f10b72d3a5dd264447f0a9872aff608acebae50c2563d00fb2da7e01942340,2019-05,Lancashire Constabulary,Lancashire Constabulary,-2.485104,53.740621,On or near Lister Street,E01012629,Blackburn with Darwen 006A,Violence and sexual offences,Status update unavailable,
3ea49c4dedb86e2512cf98541a0177630636234d931cc6b5783501909a3582ba,2019-05,Lancashire Constabulary,Lancashire Constabulary,-2.481688,53.738846,On or near Swan Street,E01012629,Blackburn with Darwen 006A,Violence and sexual offences,Status update unavailable,
5e4e488194797ecd7b2c759af00139029a61d22fe97e7b8cb14b2493b9873103,2019-05,Lancashire Constabulary,Lancashire Constabulary,-2.482737,53.737746,On or near Mosley Walk,E01012629,Blackburn with Darwen 006A,Violence and sexual offences,Status update unavailable,
,2019-05,Lancashire Constabulary,Lancashire Constabulary,-2.478039,53.737944,On or near Yates Fold,E01012631,Blackburn with Darwen 006B,Anti-social behaviour,,
,2019-05,Lancashire Constabulary,Lancashire Constabulary,-2.477072,53.739548,On or near Balmoral Close,E01012631,Blackburn with Darwen 006B,Anti-social behaviour,,
,2019-05,Lancashire Constabulary,Lancashire Constabulary,-2.478616,53.737978,On or near Cobourg Close,E01012631,Blackburn with Darwen 006B,Anti-social behaviour,,
,2019-05,Lancashire Constabulary,Lancashire Constabulary,-2.476946,53.736456,On or near Pendle Drive,E01012631,Blackburn with Darwen 006B,Anti-social behaviour,,
,2019-05,Lancashire Constabulary,Lancashire Constabulary,-2.477072,53.739548,On or near Balmoral Close,E01012631,Blackburn with Darwen 006B,Anti-social behaviour,,
22f31f2dbf3413781700a8ceee97f1226ae93be3adfd2da230a16698785b7c50,2019-05,Lancashire Constabulary,Lancashire Constabulary,-2.474237,53.738238,On or near Crossfold,E01012631,Blackburn with Darwen 006B,Burglary,Status update unavailable,
b7d935bed32ae0c84b02fe9e383fec978a76985eaf139377e2d3119832838a90,2019-05,Lancashire Constabulary,Lancashire Constabulary,-2.474237,53.738238,On or near Crossfold,E01012631,Blackburn with Darwen 006B,Criminal damage and arson,Unable to prosecute suspect,
04773d964ea67060df86dd3ad7b1b1e6db2d9ddb78ca2123958c265166f94251,2019-05,Lancashire Constabulary,Lancashire Constabulary,-2.477072,53.739548,On or near Balmoral Close,E01012631,Blackburn with Darwen 006B,Criminal damage and arson,Further investigation is not in the public interest,
94e77829b3a0760c9541398d12ab69bfd3f8cd5cda1f2069902df1143881d464,2019-05,Lancashire Constabulary,Lancashire Constabulary,-2.478399,53.736298,On or near Newchurch Close,E01012631,Blackburn with Darwen 006B,Public order,Unable to prosecute suspect,
238c67982d41603f9b761bdf2f1e2c011f6f2b748ddeb9cce554fbcfc51a0bc8,2019-05,Lancashire Constabulary,Lancashire Constabulary,-2.477072,53.739548,On or near Balmoral Close,E01012631,Blackburn with Darwen 006B,Shoplifting,Status update unavailable,
bdbdf510e26a9ed125c4d05695b06f920f4badb8699ba00c3d6d561b96ba4c2d,2019-05,Lancashire Constabulary,Lancashire Constabulary,-2.478039,53.737944,On or near Yates Fold,E01012631,Blackburn with Darwen 006B,Theft from the person,Unable to prosecute suspect,
0a4c2b650c64ac2ff1abcfb0807acc6cff4a09ae32cd04922d7fa428cd496186,2019-05,Lancashire Constabulary,Lancashire Constabulary,-2.476336,53.740171,On or near Crossfield Street,E01012631,Blackburn with Darwen 006B,Vehicle crime,Status update unavailable,
a203f5f943e19705447bbe9567c2c9375f2186627d0b1fa75e9d85318ef19238,2019-05,Lancashire Constabulary,Lancashire Constabulary,-2.470934,53.741082,On or near Whitendale Crescent,E01012631,Blackburn with Darwen 006B,Violence and sexual offences,Unable to prosecute suspect,
2cc10bf48b35a2060fc0878ea4d1c74a1aa6f1dc4375cd46aab61dc489d28c46,2019-05,Lancashire Constabulary,Lancashire Constabulary,-2.477072,53.739548,On or near Balmoral Close,E01012631,Blackburn with Darwen 006B,Violence and sexual offences,Status update unavailable,
48c2691528e04e4641e3e73627e94a320300cc4253d8b450b5eec56ad80a9ffd,2019-05,Lancashire Constabulary,Lancashire Constabulary,-2.479351,53.737328,On or near Honey Hole,E01012631,Blackburn with Darwen 006B,Violence and sexual offences,Unable to prosecute suspect,
7d943089a9bd22016fdd1b581e341de16ea36ad267b48c741e1c4677ca12487e,2019-05,Lancashire Constabulary,Lancashire Constabulary,-2.479351,53.737328,On or near Honey Hole,E01012631,Blackburn with Darwen 006B,Violence and sexual offences,Status update unavailable,
5a2da0fecf1b5df47e71bbbca26b039c92c2ee868d5d637212db515382c37a26,2019-05,Lancashire Constabulary,Lancashire Constabulary,-2.478399,53.736298,On or near Newchurch Close,E01012631,Blackburn with Darwen 006B,Other crime,Status update unavailable,
,2019-05,Lancashire Constabulary,Lancashire Constabulary,-2.479826,53.753756,On or near Whalley Range,E01012643,Blackburn with Darwen 006C,Anti-social behaviour,,
,2019-05,Lancashire Constabulary,Lancashire Constabulary,-2.478864,53.751783,On or near Swift Close,E01012643,Blackburn with Darwen 006C,Anti-social behaviour,,
,2019-05,Lancashire Constabulary,Lancashire Constabulary,-2.479339,53.748284,On or near Supermarket,E01012643,Blackburn with Darwen 006C,Anti-social behaviour,,
,2019-05,Lancashire Constabulary,Lancashire Constabulary,-2.480235,53.747049,On or near Bus/Coach Station,E01012643,Blackburn with Darwen 006C,Anti-social behaviour,,
,2019-05,Lancashire Constabulary,Lancashire Constabulary,-2.480235,53.747049,On or near Bus/Coach Station,E01012643,Blackburn with Darwen 006C,Anti-social behaviour,,
,2019-05,Lancashire Constabulary,Lancashire Constabulary,-2.477574,53.747707,On or near Parking Area,E01012643,Blackburn with Darwen 006C,Anti-social behaviour,,
,2019-05,Lancashire Constabulary,Lancashire Constabulary,-2.479826,53.753756,On or near Whalley Range,E01012643,Blackburn with Darwen 006C,Anti-social behaviour,,
,2019-05,Lancashire Constabulary,Lancashire Constabulary,-2.480235,53.747049,On or near Bus/Coach Station,E01012643,Blackburn with Darwen 006C,Anti-social behaviour,,
,2019-05,Lancashire Constabulary,Lancashire Constabulary,-2.482322,53.743949,On or near Park Road,E01012643,Blackburn with Darwen 006C,Anti-social behaviour,,
,2019-05,Lancashire Constabulary,Lancashire Constabulary,-2.479979,53.749855,On or near Parking Area,E01012643,Blackburn with Darwen 006C,Anti-social behaviour,,
,2019-05,Lancashire Constabulary,Lancashire Constabulary,-2.479979,53.749855,On or near Parking Area,E01012643,Blackburn with Darwen 006C,Anti-social behaviour,,
,2019-05,Lancashire Constabulary,Lancashire Constabulary,-2.479979,53.749855,On or near Parking Area,E01012643,Blackburn with Darwen 006C,Anti-social behaviour,,
,2019-05,Lancashire Constabulary,Lancashire Constabulary,-2.475452,53.751841,On or near Mount Trinity,E01012643,Blackburn with Darwen 006C,Anti-social behaviour,,
,2019-05,Lancashire Constabulary,Lancashire Constabulary,-2.477574,53.747707,On or near Parking Area,E01012643,Blackburn with Darwen 006C,Anti-social behaviour,,
,2019-05,Lancashire Constabulary,Lancashire Constabulary,-2.479979,53.749855,On or near Parking Area,E01012643,Blackburn with Darwen 006C,Anti-social behaviour,,
,2019-05,Lancashire Constabulary,Lancashire Constabulary,-2.479826,53.753756,On or near Whalley Range,E01012643,Blackburn with Darwen 006C,Anti-social behaviour,,
,2019-05,Lancashire Constabulary,Lancashire Constabulary,-2.480235,53.747049,On or near Bus/Coach Station,E01012643,Blackburn with Darwen 006C,Anti-social behaviour,,
,2019-05,Lancashire Constabulary,Lancashire Constabulary,-2.477435,53.752867,On or near Sandpiper Close,E01012643,Blackburn with Darwen 006C,Anti-social behaviour,,
,2019-05,Lancashire Constabulary,Lancashire Constabulary,-2.482322,53.743949,On or near Park Road,E01012643,Blackburn with Darwen 006C,Anti-social behaviour,,
,2019-05,Lancashire Constabulary,Lancashire Constabulary,-2.480235,53.747049,On or near Bus/Coach Station,E01012643,Blackburn with Darwen 006C,Anti-social behaviour,,
,2019-05,Lancashire Constabulary,Lancashire Constabulary,-2.472497,53.749363,On or near Higher Eanam,E01012643,Blackburn with Darwen 006C,Anti-social behaviour,,
,2019-05,Lancashire Constabulary,Lancashire Constabulary,-2.479826,53.753756,On or near Whalley Range,E01012643,Blackburn with Darwen 006C,Anti-social behaviour,,
,2019-05,Lancashire Constabulary,Lancashire Constabulary,-2.475683,53.753530,On or near Lark Hill,E01012643,Blackburn with Darwen 006C,Anti-social behaviour,,
,2019-05,Lancashire Constabulary,Lancashire Constabulary,-2.477574,53.747707,On or near Parking Area,E01012643,Blackburn with Darwen 006C,Anti-social behaviour,,
,2019-05,Lancashire Constabulary,Lancashire Constabulary,-2.480554,53.748459,On or near Pedestrian Subway,E01012643,Blackburn with Darwen 006C,Anti-social behaviour,,
,2019-05,Lancashire Constabulary,Lancashire Constabulary,-2.479339,53.748284,On or near Supermarket,E01012643,Blackburn with Darwen 006C,Anti-social behaviour,,
93cffb78655fbe16dea0a5c3792334b1fee2d61a309a10d889923e25e7d7d37a,2019-05,Lancashire Constabulary,Lancashire Constabulary,-2.480554,53.748459,On or near Pedestrian Subway,E01012643,Blackburn with Darwen 006C,Bicycle theft,Status update unavailable,
ce5e4be205eda29c54c2513064acf840c707665cf3411b130ef55201d5271c95,2019-05,Lancashire Constabulary,Lancashire Constabulary,-2.482322,53.743949,On or near Park Road,E01012643,Blackburn with Darwen 006C,Burglary,Status update unavailable,
b57826e7149c54303f75de7ac89be6ae24abde0d4b1445ead18f9957cc700dab,2019-05,Lancashire Constabulary,Lancashire Constabulary,-2.482322,53.743949,On or near Park Road,E01012643,Blackburn with Darwen 006C,Burglary,Status update unavailable,
ff7eae7196f4107cc60d764163ec084dc37014c38cc7c12c0aa1395893c60ac6,2019-05,Lancashire Constabulary,Lancashire Constabulary,-2.476982,53.751691,On or near Lark Hill,E01012643,Blackburn with Darwen 006C,Criminal damage and arson,Status update unavailable,
a463a2a9c06fc5304895d7f73c6465521e07373ba40c9e147f9ee0fc18b47798,2019-05,Lancashire Constabulary,Lancashire Constabulary,-2.480235,53.747049,On or near Bus/Coach Station,E01012643,Blackburn with Darwen 006C,Criminal damage and arson,Status update unavailable,
ee91543a232a698f1bfddf3fa5e9e18e5ee0c337e3e78464cd283a5b8faa1192,2019-05,Lancashire Constabulary,Lancashire Constabulary,-2.473558,53.751974,On or near Trinity Street,E01012643,Blackburn with Darwen 006C,Criminal damage and arson,Status update unavailable,
562705a81bff4845c9b8a650aa22728ecd9067aceaa5aa9cc38026e1ac03ff7e,2019-05,Lancashire Constabulary,Lancashire Constabulary,-2.480235,53.747049,On or near Bus/Coach Station,E01012643,Blackburn with Darwen 006C,Criminal damage and arson,Unable to prosecute suspect,
78346224b77067727e32fafaef77e6970c0014d222bea1a06a866020b94a482c,2019-05,Lancashire Constabulary,Lancashire Constabulary,-2.479339,53.748284,On or near Supermarket,E01012643,Blackburn with Darwen 006C,Criminal damage and arson,Status update unavailable,
9edbbb5ce7f8088920857ccefb1f30da7ba8ee646e33dfc127350cc0449b3ccf,2019-05,Lancashire Constabulary,Lancashire Constabulary,-2.472497,53.749363,On or near Higher Eanam,E01012643,Blackburn with Darwen 006C,Drugs,Awaiting court outcome,
5f7ee7c1f966a4728056e346122762cf8f7de3248bd407c665c88937b0dc28ef,2019-05,Lancashire Constabulary,Lancashire Constabulary,-2.480554,53.748459,On or near Pedestrian Subway,E01012643,Blackburn with Darwen 006C,Other theft,Status update unavailable,
53fd10a58d2019d4cdadbf90076530bac2a9df4b5e25103560c1cc4417afc505,2019-05,Lancashire Constabulary,Lancashire Constabulary,-2.476196,53.751946,On or near Primrose Drive,E01012643,Blackburn with Darwen 006C,Other theft,Status update unavailable,
56a07c3d7cc296d049ed4777a0e10117a49e544dec0debbdf560fdca8188da54,2019-05,Lancashire Constabulary,Lancashire Constabulary,-2.480554,53.748459,On or near Pedestrian Subway,E01012643,Blackburn with Darwen 006C,Possession of weapons,Awaiting court outcome,
027967ba9c5ec6587a42005e4b3374deea74488db0d062bb03cbe53f117aba6e,2019-05,Lancashire Constabulary,Lancashire Constabulary,-2.482322,53.743949,On or near Park Road,E01012643,Blackburn with Darwen 006C,Public order,Offender given penalty notice,
73e47f759895eaf8bd2f03bf0fba989feb83cdc65915d38659ac816f3c92eb02,2019-05,Lancashire Constabulary,Lancashire Constabulary,-2.479339,53.748284,On or near Supermarket,E01012643,Blackburn with Darwen 006C,Public order,Offender given penalty notice,
5d770c882147a67b2cdcb146503d57f93ad0b70619756667e1ac9a250eb1288e,2019-05,Lancashire Constabulary,Lancashire Constabulary,-2.480554,53.748459,On or near Pedestrian Subway,E01012643,Blackburn with Darwen 006C,Public order,Awaiting court outcome,
b62915958a0ec1873fb21ad1f2663eafafb3ccbb852d99e3ce4d35d0a965725a,2019-05,Lancashire Constabulary,Lancashire Constabulary,-2.480056,53.746007,On or near Parking Area,E01012643,Blackburn with Darwen 006C,Public order,Unable to prosecute suspect,
8db263a7e7bdd2bf749cfc626908ada9f924c36ed6ca546fd9aa13bf94949061,2019-05,Lancashire Constabulary,Lancashire Constabulary,-2.479826,53.753756,On or near Whalley Range,E01012643,Blackburn with Darwen 006C,Public order,Status update unavailable,
ab4b0ad69321c52c028093bd5b2c780f04263bf66e92f5bf158bdd82a4a2e8dc,2019-05,Lancashire Constabulary,Lancashire Constabulary,-2.480554,53.748459,On or near Pedestrian Subway,E01012643,Blackburn with Darwen 006C,Public order,Status update unavailable,
ae28c79a1c3110360e591b43fcb3ee4fa4fc6d3b72292eb8efa95282e06983a0,2019-05,Lancashire Constabulary,Lancashire Constabulary,-2.480235,53.747049,On or near Bus/Coach Station,E01012643,Blackburn with Darwen 006C,Public order,Offender given penalty notice,
858b2c8a2836952090bffbccc3463affba472b77d37d8265741af86dfb8fd96b,2019-05,Lancashire Constabulary,Lancashire Constabulary,-2.480554,53.748459,On or near Pedestrian Subway,E01012643,Blackburn with Darwen 006C,Robbery,Unable to prosecute suspect,
8cbe064db78531b22b3b5950ea0e8d576455d79f67d79f9eea736c1e39edce6b,2019-05,Lancashire Constabulary,Lancashire Constabulary,-2.480554,53.748459,On or near Pedestrian Subway,E01012643,Blackburn with Darwen 006C,Robbery,Status update unavailable,
b6b3faf1d604c5879790550a8ebb9bca3f3ebc128fbf73e051e3bd76fd5a3d7b,2019-05,Lancashire Constabulary,Lancashire Constabulary,-2.479339,53.748284,On or near Supermarket,E01012643,Blackburn with Darwen 006C,Shoplifting,Offender given penalty notice,
f303f2f387402d2a3d26340b972b774c078a37d6f52e3d5d252780e36701ddab,2019-05,Lancashire Constabulary,Lancashire Constabulary,-2.479339,53.748284,On or near Supermarket,E01012643,Blackburn with Darwen 006C,Shoplifting,Unable to prosecute suspect,
24eed2b0210d257d16a30a63493a47e9c239e8bccf8f7ee5cce74afb32e708e7,2019-05,Lancashire Constabulary,Lancashire Constabulary,-2.482322,53.743949,On or near Park Road,E01012643,Blackburn with Darwen 006C,Shoplifting,Investigation complete; no suspect identified,
bc41c2bbfec7dbe76877699292fd3f2ec20a02919f3d03113192780aa9ec0a35,2019-05,Lancashire Constabulary,Lancashire Constabulary,-2.479339,53.748284,On or near Supermarket,E01012643,Blackburn with Darwen 006C,Shoplifting,Local resolution,
c57c4a51b2c7bf54e5a2efe59381df90d6c88e3a3485db02b79070ce98c413be,2019-05,Lancashire Constabulary,Lancashire Constabulary,-2.479339,53.748284,On or near Supermarket,E01012643,Blackburn with Darwen 006C,Shoplifting,Status update unavailable,
a42cd8b21ed364731530b27f0e8843f7e6d86c912ab60028f46bd8721c7b0f1d,2019-05,Lancashire Constabulary,Lancashire Constabulary,-2.479926,53.749235,On or near Shopping Area,E01012643,Blackburn with Darwen 006C,Vehicle crime,Status update unavailable,
54c73f060a36c1f685c9279fc781aac9ae2421a13f6925b223b91b895f8b14a4,2019-05,Lancashire Constabulary,Lancashire Constabulary,-2.473235,53.750259,On or near Bus/Coach Station,E01012643,Blackburn with Darwen 006C,Vehicle crime,Status update unavailable,
6b4c8008ebbf5912cd41c7c6fcd5289d8a9595bd9c035a27b0a29aecd1b28f6f,2019-05,Lancashire Constabulary,Lancashire Constabulary,-2.472497,53.749363,On or near Higher Eanam,E01012643,Blackburn with Darwen 006C,Vehicle crime,Status update unavailable,
0bf2db039f37cfe1b3b5f32c7afe971c1bc7b54f5635ab94f89b073a2a510f2e,2019-05,Lancashire Constabulary,Lancashire Constabulary,-2.472497,53.749363,On or near Higher Eanam,E01012643,Blackburn with Darwen 006C,Vehicle crime,Status update unavailable,
2eb2ed319bd2301a939d819e7e021d852513f035db8f69c3061aec48c90491f8,2019-05,Lancashire Constabulary,Lancashire Constabulary,-2.479339,53.748284,On or near Supermarket,E01012643,Blackburn with Darwen 006C,Violence and sexual offences,Unable to prosecute suspect,
51597fadb586f5d311952c0fb833a029acb262577f0702d7c5a94a96be6a4401,2019-05,Lancashire Constabulary,Lancashire Constabulary,-2.478851,53.753320,On or near Oriole Close,E01012643,Blackburn with Darwen 006C,Violence and sexual offences,Unable to prosecute suspect,
a97ae04b9d771d855c6bed6381fa043727bb8fce582ac7fdc4d199dbe2ca0489,2019-05,Lancashire Constabulary,Lancashire Constabulary,-2.479339,53.748284,On or near Supermarket,E01012643,Blackburn with Darwen 006C,Violence and sexual offences,Status update unavailable,
1465f5f789607e2e2a453953b7438793580874c0bfbc52c0e5ad6759d4913084,2019-05,Lancashire Constabulary,Lancashire Constabulary,-2.479279,53.752338,On or near Swallow Drive,E01012643,Blackburn with Darwen 006C,Violence and sexual offences,Unable to prosecute suspect,
6d732c18c8765f36aceb30ef5f66994c7455de2f94c03eabd7a9e3f9a0c4b253,2019-05,Lancashire Constabulary,Lancashire Constabulary,-2.475683,53.753530,On or near Lark Hill,E01012643,Blackburn with Darwen 006C,Violence and sexual offences,Unable to prosecute suspect,
71edf5f453ff72ebc51d6ab849af1876abdb0d2e9e56006c574816c3f9ac1332,2019-05,Lancashire Constabulary,Lancashire Constabulary,-2.479979,53.749855,On or near Parking Area,E01012643,Blackburn with Darwen 006C,Violence and sexual offences,Status update unavailable,
d8a5941a062d38d58a466274be79ed5e3684f98498f77cb99227bbf8d56ebbb2,2019-05,Lancashire Constabulary,Lancashire Constabulary,-2.478864,53.751783,On or near Swift Close,E01012643,Blackburn with Darwen 006C,Violence and sexual offences,Awaiting court outcome,
9de60837f7f892cf7d6f36cbd8e0c4d938e6a23fd3429e8df814c40461b9a77d,2019-05,Lancashire Constabulary,Lancashire Constabulary,-2.479339,53.748284,On or near Supermarket,E01012643,Blackburn with Darwen 006C,Violence and sexual offences,Unable to prosecute suspect,
0f98371553f81c63b298ab47dc8ac0c1f1007593c9940d80bab5b9c19b1fc725,2019-05,Lancashire Constabulary,Lancashire Constabulary,-2.473526,53.753170,On or near Birley Street,E01012643,Blackburn with Darwen 006C,Violence and sexual offences,Status update unavailable,
e2c1820f4544b86a8df27abbd37b3b6245e2e545d4ead2a4d306349259550c21,2019-05,Lancashire Constabulary,Lancashire Constabulary,-2.479339,53.748284,On or near Supermarket,E01012643,Blackburn with Darwen 006C,Violence and sexual offences,Status update unavailable,
f91c20419f99ee7f6d2d96df420e71a8d06d8a7f96f5e2e0b95e0bdefb2848cc,2019-05,Lancashire Constabulary,Lancashire Constabulary,-2.478864,53.751783,On or near Swift Close,E01012643,Blackburn with Darwen 006C,Violence and sexual offences,Status update unavailable,
85f3c173c369aa19658f8d44d8bd87e1cf44294b63e3fc573a75c978ae040c13,2019-05,Lancashire Constabulary,Lancashire Constabulary,-2.482322,53.743949,On or near Park Road,E01012643,Blackburn with Darwen 006C,Violence and sexual offences,Status update unavailable,
71e1d0150112bbfe5eae00a523360e7ff78a135d059ec7c56d1df88c07c22e33,2019-05,Lancashire Constabulary,Lancashire Constabulary,-2.479339,53.748284,On or near Supermarket,E01012643,Blackburn with Darwen 006C,Violence and sexual offences,Offender given penalty notice,
4654f2efa8a8e6bd9748c13b417f6f62af66e683202478c0dd1bb589f327acef,2019-05,Lancashire Constabulary,Lancashire Constabulary,-2.482322,53.743949,On or near Park Road,E01012643,Blackburn with Darwen 006C,Violence and sexual offences,Status update unavailable,
5e102c0cea919048c449ed80f770105aa73d2d4b592cc8332cae444973cf2731,2019-05,Lancashire Constabulary,Lancashire Constabulary,-2.480235,53.747049,On or near Bus/Coach Station,E01012643,Blackburn with Darwen 006C,Violence and sexual offences,Unable to prosecute suspect,
8cb4ab89a1cb12012170a216f42351dd96334e2f2dfb4a34f3a7885d77f6148b,2019-05,Lancashire Constabulary,Lancashire Constabulary,-2.480554,53.748459,On or near Pedestrian Subway,E01012643,Blackburn with Darwen 006C,Violence and sexual offences,Status update unavailable,
c0c9b1756ffe72665bb4d5ae795a101edf5525007d243459b4332301cc974073,2019-05,Lancashire Constabulary,Lancashire Constabulary,-2.472497,53.749363,On or near Higher Eanam,E01012643,Blackburn with Darwen 006C,Other crime,Status update unavailable,
,2019-05,Lancashire Constabulary,Lancashire Constabulary,-2.482299,53.745837,On or near Darwen Street,E01012644,Blackburn with Darwen 006D,Anti-social behaviour,,
,2019-05,Lancashire Constabulary,Lancashire Constabulary,-2.485382,53.750219,On or near King William Street,E01012644,Blackburn with Darwen 006D,Anti-social behaviour,,
,2019-05,Lancashire Constabulary,Lancashire Constabulary,-2.487187,53.751587,On or near Strawberry Bank,E01012644,Blackburn with Darwen 006D,Anti-social behaviour,,
,2019-05,Lancashire Constabulary,Lancashire Constabulary,-2.483497,53.748537,On or near Parking Area,E01012644,Blackburn with Darwen 006D,Anti-social behaviour,,
,2019-05,Lancashire Constabulary,Lancashire Constabulary,-2.484030,53.750045,On or near Exchange Street,E01012644,Blackburn with Darwen 006D,Anti-social behaviour,,
,2019-05,Lancashire Constabulary,Lancashire Constabulary,-2.483497,53.748537,On or near Parking Area,E01012644,Blackburn with Darwen 006D,Anti-social behaviour,,
,2019-05,Lancashire Constabulary,Lancashire Constabulary,-2.482659,53.748145,On or near Shopping Area,E01012644,Blackburn with Darwen 006D,Anti-social behaviour,,
,2019-05,Lancashire Constabulary,Lancashire Constabulary,-2.483201,53.746516,On or near St Peter Street,E01012644,Blackburn with Darwen 006D,Anti-social behaviour,,
,2019-05,Lancashire Constabulary,Lancashire Constabulary,-2.483764,53.747970,On or near Shopping Area,E01012644,Blackburn with Darwen 006D,Anti-social behaviour,,
,2019-05,Lancashire Constabulary,Lancashire Constabulary,-2.484929,53.749116,On or near Shopping Area,E01012644,Blackburn with Darwen 006D,Anti-social behaviour,,
,2019-05,Lancashire Constabulary,Lancashire Constabulary,-2.482819,53.750203,On or near Park/Open Space,E01012644,Blackburn with Darwen 006D,Anti-social behaviour,,
,2019-05,Lancashire Constabulary,Lancashire Constabulary,-2.485382,53.750219,On or near King William Street,E01012644,Blackburn with Darwen 006D,Anti-social behaviour,,
,2019-05,Lancashire Constabulary,Lancashire Constabulary,-2.484030,53.750045,On or near Exchange Street,E01012644,Blackburn with Darwen 006D,Anti-social behaviour,,
,2019-05,Lancashire Constabulary,Lancashire Constabulary,-2.485382,53.750219,On or near King William Street,E01012644,Blackburn with Darwen 006D,Anti-social behaviour,,
,2019-05,Lancashire Constabulary,Lancashire Constabulary,-2.482434,53.753674,On or near Inkerman Street,E01012644,Blackburn with Darwen 006D,Anti-social behaviour,,
,2019-05,Lancashire Constabulary,Lancashire Constabulary,-2.484400,53.754475,On or near London Road,E01012644,Blackburn with Darwen 006D,Anti-social behaviour,,
,2019-05,Lancashire Constabulary,Lancashire Constabulary,-2.485382,53.750219,On or near King William Street,E01012644,Blackburn with Darwen 006D,Anti-social behaviour,,
,2019-05,Lancashire Constabulary,Lancashire Constabulary,-2.483046,53.746265,On or near Nightclub,E01012644,Blackburn with Darwen 006D,Anti-social behaviour,,
,2019-05,Lancashire Constabulary,Lancashire Constabulary,-2.485382,53.750219,On or near King William Street,E01012644,Blackburn with Darwen 006D,Anti-social behaviour,,
,2019-05,Lancashire Constabulary,Lancashire Constabulary,-2.487187,53.751587,On or near Strawberry Bank,E01012644,Blackburn with Darwen 006D,Anti-social behaviour,,
,2019-05,Lancashire Constabulary,Lancashire Constabulary,-2.483927,53.747691,On or near Astley Gate,E01012644,Blackburn with Darwen 006D,Anti-social behaviour,,
,2019-05,Lancashire Constabulary,Lancashire Constabulary,-2.483201,53.746516,On or near St Peter Street,E01012644,Blackburn with Darwen 006D,Anti-social behaviour,,
,2019-05,Lancashire Constabulary,Lancashire Constabulary,-2.482994,53.752260,On or near Randal Street,E01012644,Blackburn with Darwen 006D,Anti-social behaviour,,
,2019-05,Lancashire Constabulary,Lancashire Constabulary,-2.482659,53.748145,On or near Shopping Area,E01012644,Blackburn with Darwen 006D,Anti-social behaviour,,
,2019-05,Lancashire Constabulary,Lancashire Constabulary,-2.485382,53.750219,On or near King William Street,E01012644,Blackburn with Darwen 006D,Anti-social behaviour,,
,2019-05,Lancashire Constabulary,Lancashire Constabulary,-2.481735,53.752211,On or near Victoria Street,E01012644,Blackburn with Darwen 006D,Anti-social behaviour,,
,2019-05,Lancashire Constabulary,Lancashire Constabulary,-2.482099,53.750889,On or near James Street,E01012644,Blackburn with Darwen 006D,Anti-social behaviour,,
,2019-05,Lancashire Constabulary,Lancashire Constabulary,-2.483201,53.746516,On or near St Peter Street,E01012644,Blackburn with Darwen 006D,Anti-social behaviour,,
,2019-05,Lancashire Constabulary,Lancashire Constabulary,-2.486404,53.753379,On or near Willoughby Street,E01012644,Blackburn with Darwen 006D,Anti-social behaviour,,
d19c1b04da80503697c5a0dd9f01b163c5f3f8869142f8f7d8024bb066777b01,2019-05,Lancashire Constabulary,Lancashire Constabulary,-2.487187,53.751587,On or near Strawberry Bank,E01012644,Blackburn with Darwen 006D,Burglary,Status update unavailable,
df746a8b97980458983bbcf81875d47430fb30f1fa75aa998757e4e596eac4d9,2019-05,Lancashire Constabulary,Lancashire Constabulary,-2.482994,53.752260,On or near Randal Street,E01012644,Blackburn with Darwen 006D,Burglary,Status update unavailable,
46bccf2440a49df32a6bf77c284606a561e064576b024ba4323365920b32a5d9,2019-05,Lancashire Constabulary,Lancashire Constabulary,-2.483201,53.746516,On or near St Peter Street,E01012644,Blackburn with Darwen 006D,Burglary,Status update unavailable,
34743355efef9a1a7de09be91a9884d116b32633f07d8f92dd5fd4b4cf8b8f72,2019-05,Lancashire Constabulary,Lancashire Constabulary,-2.483058,53.751235,On or near Nightclub,E01012644,Blackburn with Darwen 006D,Burglary,Status update unavailable,
ac2a6655305f8341c179e53b5ae80024d7a8ee560f2fd97ed63261afc03e21e2,2019-05,Lancashire Constabulary,Lancashire Constabulary,-2.485887,53.753273,On or near Bold Street,E01012644,Blackburn with Darwen 006D,Criminal damage and arson,Status update unavailable,
58c8ea23661ead31ff6cdb143c2c0b3e801d5b606954b65597bbd4ec5e108eec,2019-05,Lancashire Constabulary,Lancashire Constabulary,-2.483497,53.748537,On or near Parking Area,E01012644,Blackburn with Darwen 006D,Criminal damage and arson,Status update unavailable,
743c272711e65dbc5b5aa4a38d92623a9912e6e686233d027d24c96381a5e148,2019-05,Lancashire Constabulary,Lancashire Constabulary,-2.486404,53.753379,On or near Willoughby Street,E01012644,Blackburn with Darwen 006D,Criminal damage and arson,Status update unavailable,
4fecef1c15b657f50850a44f6670241616b1606dfec9a4e3392b782ab7ffdb5a,2019-05,Lancashire Constabulary,Lancashire Constabulary,-2.483772,53.747386,On or near Fleming Square,E01012644,Blackburn with Darwen 006D,Drugs,Offender given penalty notice,
1cef332812b7595579dffd271badd7b722ecb5e6c9245cf36ed9f002afdfc2ed,2019-05,Lancashire Constabulary,Lancashire Constabulary,-2.483764,53.747970,On or near Shopping Area,E01012644,Blackburn with Darwen 006D,Other theft,Awaiting court outcome,
61611a53eb92e5b6fb25192211295b70fa073fcbe3cbfc33f4e7e7e508e7a907,2019-05,Lancashire Constabulary,Lancashire Constabulary,-2.481993,53.749649,On or near Parking Area,E01012644,Blackburn with Darwen 006D,Other theft,Status update unavailable,
ca4ba7391d7afbf72067a7009f7afa003fc53d1a3eb0f9f69dd9e0784b486496,2019-05,Lancashire Constabulary,Lancashire Constabulary,-2.483772,53.747386,On or near Fleming Square,E01012644,Blackburn with Darwen 006D,Other theft,Status update unavailable,
9a39614cb1952e6ced1e40a23f921090af885761b3c16962efa108437cce82aa,2019-05,Lancashire Constabulary,Lancashire Constabulary,-2.483201,53.746516,On or near St Peter Street,E01012644,Blackburn with Darwen 006D,Other theft,Status update unavailable,
0331611fa5945a8494e12aadbf69dc1cbdeab8640dbae7f032ebd88b77443957,2019-05,Lancashire Constabulary,Lancashire Constabulary,-2.483497,53.748537,On or near Parking Area,E01012644,Blackburn with Darwen 006D,Other theft,Status update unavailable,
ac3018f96f104bdde4d00b26f46ff6db5162ff36b2216d919eff8de248dfaa98,2019-05,Lancashire Constabulary,Lancashire Constabulary,-2.482659,53.748145,On or near Shopping Area,E01012644,Blackburn with Darwen 006D,Other theft,Status update unavailable,
cc16944b3189ea233cbd896d9987c05cfa071fa5215797f4a045b7169b62a843,2019-05,Lancashire Constabulary,Lancashire Constabulary,-2.481993,53.749649,On or near Parking Area,E01012644,Blackburn with Darwen 006D,Other theft,Unable to prosecute suspect,
4b814236fc4f0b691b410d0539408e3c6a7b7a014083bf0ab5f6fa3650e2eb6a,2019-05,Lancashire Constabulary,Lancashire Constabulary,-2.482659,53.748145,On or near Shopping Area,E01012644,Blackburn with Darwen 006D,Other theft,Status update unavailable,
fc934d4e6fd91bd16570931bc932280d6b013b10081584a06cdf178bc56bb76a,2019-05,Lancashire Constabulary,Lancashire Constabulary,-2.483772,53.747386,On or near Fleming Square,E01012644,Blackburn with Darwen 006D,Other theft,Status update unavailable,
ec278830f46b68b92d98f6a6bd69f0578cd14802031949a5ce3226f5db676080,2019-05,Lancashire Constabulary,Lancashire Constabulary,-2.482819,53.750203,On or near Park/Open Space,E01012644,Blackburn with Darwen 006D,Possession of weapons,Status update unavailable,
1b2aa20ef2808870c8161bfae859305c12e5454a94e38174dace06d574dc9ce1,2019-05,Lancashire Constabulary,Lancashire Constabulary,-2.483497,53.748537,On or near Parking Area,E01012644,Blackburn with Darwen 006D,Possession of weapons,Awaiting court outcome,
9a175597171b2f1eed684d62edf9b32403d7e1afa915441135196e6e28c290c6,2019-05,Lancashire Constabulary,Lancashire Constabulary,-2.482819,53.750203,On or near Park/Open Space,E01012644,Blackburn with Darwen 006D,Public order,Offender otherwise dealt with,
d57b5b29bffa655770289e6eedbe803ea6a2a18ffd0a977886781e9feacd9de2,2019-05,Lancashire Constabulary,Lancashire Constabulary,-2.482659,53.748145,On or near Shopping Area,E01012644,Blackburn with Darwen 006D,Public order,Status update unavailable,
939009ba717c92e6c99c74b34a16b9cd728b863934f3456f66ad4a480150ebc5,2019-05,Lancashire Constabulary,Lancashire Constabulary,-2.482659,53.748145,On or near Shopping Area,E01012644,Blackburn with Darwen 006D,Public order,Unable to prosecute suspect,
9c0036fce134d3af380d5b51599533eb8ae81531e45a96e3507b9c6e42c9dd7d,2019-05,Lancashire Constabulary,Lancashire Constabulary,-2.483201,53.746516,On or near St Peter Street,E01012644,Blackburn with Darwen 006D,Public order,Status update unavailable,
d60956b10e5f0ba499363cec18f250eab90e9b80696e015df9b55e06337aa3a1,2019-05,Lancashire Constabulary,Lancashire Constabulary,-2.483201,53.746516,On or near St Peter Street,E01012644,Blackburn with Darwen 006D,Public order,Unable to prosecute suspect,
9d7499105d1bbf3c4e72e6605319d5dd2d6595f4e22131617f3aaa4605494422,2019-05,Lancashire Constabulary,Lancashire Constabulary,-2.483772,53.747386,On or near Fleming Square,E01012644,Blackburn with Darwen 006D,Public order,Unable to prosecute suspect,
50e94ced0dc62c7aad07c8fef1dee95254034be2ee039a2f4be337038f64c2bf,2019-05,Lancashire Constabulary,Lancashire Constabulary,-2.483497,53.748537,On or near Parking Area,E01012644,Blackburn with Darwen 006D,Public order,Status update unavailable,
9113ad0cf88e7fe4d5f77ad1ffb701a82704e19b0aab4f75ee2ca26b6cd82ec9,2019-05,Lancashire Constabulary,Lancashire Constabulary,-2.481735,53.752211,On or near Victoria Street,E01012644,Blackburn with Darwen 006D,Public order,Status update unavailable,
17f8fc8579b69a3c88c456ba8e6a687eb09b3352ba5e24db295702a81d183f31,2019-05,Lancashire Constabulary,Lancashire Constabulary,-2.484030,53.750045,On or near Exchange Street,E01012644,Blackburn with Darwen 006D,Public order,Unable to prosecute suspect,
13ff2692201d8eedbf8ebcafd89334100a14fc383ed1afc124d3f9b8ab438b0b,2019-05,Lancashire Constabulary,Lancashire Constabulary,-2.484030,53.750045,On or near Exchange Street,E01012644,Blackburn with Darwen 006D,Public order,Awaiting court outcome,
e1fe25b473d544acd57e9e8ee31da7640cc8e5251cffe5bcb23476a0ee582a39,2019-05,Lancashire Constabulary,Lancashire Constabulary,-2.484929,53.749116,On or near Shopping Area,E01012644,Blackburn with Darwen 006D,Public order,Status update unavailable,
fc2d5fcb15609063cc9c765d8d06a74521e5af508ac941b9b0bbd9ae6bc7e1ef,2019-05,Lancashire Constabulary,Lancashire Constabulary,-2.482659,53.748145,On or near Shopping Area,E01012644,Blackburn with Darwen 006D,Robbery,Unable to prosecute suspect,
cdf82a14968ed34ff4f2ce5204d64ffeff0439e39076168cd57c2223265e2c86,2019-05,Lancashire Constabulary,Lancashire Constabulary,-2.484030,53.750045,On or near Exchange Street,E01012644,Blackburn with Darwen 006D,Robbery,Status update unavailable,
78b0c799f31029403334ec8c9458c8b528adbbaf5abb1f6146485e0eeb981f11,2019-05,Lancashire Constabulary,Lancashire Constabulary,-2.483201,53.746516,On or near St Peter Street,E01012644,Blackburn with Darwen 006D,Robbery,Status update unavailable,
f4571e0490077acf142018ce21c13c46ba0fd09414923aef3bca0056fb3214ea,2019-05,Lancashire Constabulary,Lancashire Constabulary,-2.482659,53.748145,On or near Shopping Area,E01012644,Blackburn with Darwen 006D,Shoplifting,Unable to prosecute suspect,
5730623e3b26ffc467c44bf105169c2aa7431e14d86242961d8aa9ce4456563f,2019-05,Lancashire Constabulary,Lancashire Constabulary,-2.481993,53.749649,On or near Parking Area,E01012644,Blackburn with Darwen 006D,Shoplifting,Offender given community sentence,
25b9d50baa6c5d66971b718f178ba6f67e8c24d93a184392dc45ad922c7176de,2019-05,Lancashire Constabulary,Lancashire Constabulary,-2.483497,53.748537,On or near Parking Area,E01012644,Blackburn with Darwen 006D,Shoplifting,Unable to prosecute suspect,
2a240dd13bac7ac1062800441a8d2ce84e0391bf4ec6d0f461d747e56eeb3f97,2019-05,Lancashire Constabulary,Lancashire Constabulary,-2.482659,53.748145,On or near Shopping Area,E01012644,Blackburn with Darwen 006D,Shoplifting,Awaiting court outcome,
5ae1255f6a6418f76d68a7b5e170ec9f6d1afd5d7a162603f4e47bf44b208610,2019-05,Lancashire Constabulary,Lancashire Constabulary,-2.482659,53.748145,On or near Shopping Area,E01012644,Blackburn with Darwen 006D,Shoplifting,Local resolution,
b71b38a8e2a657cfb9f98b4fc286d62e4e4e162257648d8ba6f53181c3eb416d,2019-05,Lancashire Constabulary,Lancashire Constabulary,-2.481993,53.749649,On or near Parking Area,E01012644,Blackburn with Darwen 006D,Shoplifting,Local resolution,
6824128872a89065909ae7098799e11b978856e3f48fd12effd5ecdc8f0b343e,2019-05,Lancashire Constabulary,Lancashire Constabulary,-2.482659,53.748145,On or near Shopping Area,E01012644,Blackburn with Darwen 006D,Shoplifting,Investigation complete; no suspect identified,
e49a42b1e3bc0d1a7040cfc58e0d42fa1e9de4cf0a057ed1fa9e9f52e7ffd2e3,2019-05,Lancashire Constabulary,Lancashire Constabulary,-2.484929,53.749116,On or near Shopping Area,E01012644,Blackburn with Darwen 006D,Shoplifting,Unable to prosecute suspect,
e1d9cd5e796619c5d7f41a915b4ca0651969127c81f98b82af5efb8f7648f024,2019-05,Lancashire Constabulary,Lancashire Constabulary,-2.483764,53.747970,On or near Shopping Area,E01012644,Blackburn with Darwen 006D,Shoplifting,Awaiting court outcome,
3de5f244d122dd0dd3fc79dafe043ec28215cf7d6a81c264b18ac392229ab387,2019-05,Lancashire Constabulary,Lancashire Constabulary,-2.483497,53.748537,On or near Parking Area,E01012644,Blackburn with Darwen 006D,Shoplifting,Status update unavailable,
7b9b2583ac70c2244d88c1f478a012c9731ea36ef7a666031eb5132be301ad40,2019-05,Lancashire Constabulary,Lancashire Constabulary,-2.481993,53.749649,On or near Parking Area,E01012644,Blackburn with Darwen 006D,Shoplifting,Unable to prosecute suspect,
3d20cb7ba5815caf283ea0cab75721b2f44846c34441bc1b59f2fd3a11b54fd0,2019-05,Lancashire Constabulary,Lancashire Constabulary,-2.483764,53.747970,On or near Shopping Area,E01012644,Blackburn with Darwen 006D,Shoplifting,Status update unavailable,
f094f5859ce7ac0c69ed23dc4842e4d2959d6c2ca9c8fd27b1338c826250b675,2019-05,Lancashire Constabulary,Lancashire Constabulary,-2.481993,53.749649,On or near Parking Area,E01012644,Blackburn with Darwen 006D,Shoplifting,Further investigation is not in the public interest,
17d1491ebf59abba43509bcb1d6791d06a25a494d4b0e339aa97faeace008fe8,2019-05,Lancashire Constabulary,Lancashire Constabulary,-2.483497,53.748537,On or near Parking Area,E01012644,Blackburn with Darwen 006D,Shoplifting,Unable to prosecute suspect,
c0cd92b454a736cb695a58332e03cf9280c5e6f84a297f5889827df4b247d496,2019-05,Lancashire Constabulary,Lancashire Constabulary,-2.481993,53.749649,On or near Parking Area,E01012644,Blackburn with Darwen 006D,Shoplifting,Status update unavailable,
95fb4238bc3730c99241d0a17b8cbf3d8019ca01de32ef00267962a2d2f4c073,2019-05,Lancashire Constabulary,Lancashire Constabulary,-2.482659,53.748145,On or near Shopping Area,E01012644,Blackburn with Darwen 006D,Shoplifting,Status update unavailable,
38bbf9b0df5b2dfdc0ee71b04334a5488954525dbf8d789b3c322d5de5e5e930,2019-05,Lancashire Constabulary,Lancashire Constabulary,-2.483764,53.747970,On or near Shopping Area,E01012644,Blackburn with Darwen 006D,Shoplifting,Status update unavailable,
95cb5915f0ef10470d3925013200df277a46fb5fc892b376f32bb83909fe0d39,2019-05,Lancashire Constabulary,Lancashire Constabulary,-2.482659,53.748145,On or near Shopping Area,E01012644,Blackburn with Darwen 006D,Theft from the person,Status update unavailable,
230f5f6eee6a8740436ba653e1705af12cdb99ab418a03b677d607d10914d928,2019-05,Lancashire Constabulary,Lancashire Constabulary,-2.488232,53.754055,On or near Holland Street,E01012644,Blackburn with Darwen 006D,Vehicle crime,Status update unavailable,
3c53c4ccc1e7ce85ee38c6e1843b88ff4a8bd170fc07a146b1af5b5c91ecc4dd,2019-05,Lancashire Constabulary,Lancashire Constabulary,-2.485382,53.750219,On or near King William Street,E01012644,Blackburn with Darwen 006D,Violence and sexual offences,Offender given a caution,
d8fd9dba67136bc4882df4bafaa3dd58a398f806a263750234eff483c90f180a,2019-05,Lancashire Constabulary,Lancashire Constabulary,-2.483764,53.747970,On or near Shopping Area,E01012644,Blackburn with Darwen 006D,Violence and sexual offences,Status update unavailable,
169f11b31b71d13a63cdf9eaf6e1ba88ab7c7030af8cfe91709e7bb24eeb1c00,2019-05,Lancashire Constabulary,Lancashire Constabulary,-2.487044,53.752325,On or near St Andrew'S Street,E01012644,Blackburn with Darwen 006D,Violence and sexual offences,Unable to prosecute suspect,
81f81681dee0c76242248928d6d4a6b03167749d9ac5e9b6d816477210a754d0,2019-05,Lancashire Constabulary,Lancashire Constabulary,-2.483772,53.747386,On or near Fleming Square,E01012644,Blackburn with Darwen 006D,Violence and sexual offences,Status update unavailable,
143551bc9b832311088febb1d1f6228f126565978cb6e88028134eb6fc3784ed,2019-05,Lancashire Constabulary,Lancashire Constabulary,-2.483772,53.747386,On or near Fleming Square,E01012644,Blackburn with Darwen 006D,Violence and sexual offences,Unable to prosecute suspect,
c46a24172039324bd25dc7038222ae4ad88857fdf968bbde02a39d4a9f7950d6,2019-05,Lancashire Constabulary,Lancashire Constabulary,-2.483927,53.747691,On or near Astley Gate,E01012644,Blackburn with Darwen 006D,Violence and sexual offences,Status update unavailable,
4c1c9977fe3e59f0d3f06f50962264f55a64421fb5d5120991c2f0ffba03dc97,2019-05,Lancashire Constabulary,Lancashire Constabulary,-2.488232,53.754055,On or near Holland Street,E01012644,Blackburn with Darwen 006D,Violence and sexual offences,Unable to prosecute suspect,
10861666e59f3840d770040b079b6895f63fa0fafab66ec95d798dffa8b45413,2019-05,Lancashire Constabulary,Lancashire Constabulary,-2.483497,53.748537,On or near Parking Area,E01012644,Blackburn with Darwen 006D,Violence and sexual offences,Awaiting court outcome,
cea748a88e227dcd306b3bb682900dfa5a89c515b82e965c8a1d70cfb068a773,2019-05,Lancashire Constabulary,Lancashire Constabulary,-2.483772,53.747386,On or near Fleming Square,E01012644,Blackburn with Darwen 006D,Violence and sexual offences,Unable to prosecute suspect,
8300a02865fa3b2e8a14323d0d6dd6c0dd0e5b2c83dcfa938e52ca9a9ef08f4e,2019-05,Lancashire Constabulary,Lancashire Constabulary,-2.482299,53.745837,On or near Darwen Street,E01012644,Blackburn with Darwen 006D,Violence and sexual offences,Status update unavailable,
d83ad41a61427d8c3baf54d7a72eb66db481d3e6d1b485c2fa84079e2690b7b1,2019-05,Lancashire Constabulary,Lancashire Constabulary,-2.482299,53.745837,On or near Darwen Street,E01012644,Blackburn with Darwen 006D,Violence and sexual offences,Status update unavailable,
b789394f484957acb2929abfcb30a0fa98975c69735543e10a587ddaa0e47634,2019-05,Lancashire Constabulary,Lancashire Constabulary,-2.483201,53.746516,On or near St Peter Street,E01012644,Blackburn with Darwen 006D,Violence and sexual offences,Status update unavailable,
2c88a5438433066cc1e1b8d412917f8ae77f8498047a86b09ce7c7c8d91797d9,2019-05,Lancashire Constabulary,Lancashire Constabulary,-2.483772,53.747386,On or near Fleming Square,E01012644,Blackburn with Darwen 006D,Violence and sexual offences,Status update unavailable,
59bdc8e4995e1877aa1a672fea953a5074885782f7a2764d5bf18803d88ab1f3,2019-05,Lancashire Constabulary,Lancashire Constabulary,-2.483764,53.747970,On or near Shopping Area,E01012644,Blackburn with Darwen 006D,Violence and sexual offences,Status update unavailable,
a1ec7a2359b4c7ce074c9167ef9eddeb93f3c8d6381ead9126cc1207541e273b,2019-05,Lancashire Constabulary,Lancashire Constabulary,-2.483201,53.746516,On or near St Peter Street,E01012644,Blackburn with Darwen 006D,Violence and sexual offences,Status update unavailable,
4ba133a35897c15fb8e10a9dd75b23a45d3c705c067aff069d621c3e66e5b00f,2019-05,Lancashire Constabulary,Lancashire Constabulary,-2.482099,53.750889,On or near James Street,E01012644,Blackburn with Darwen 006D,Violence and sexual offences,Status update unavailable,
96ca0a5a366eef00479a4ffade898ff55bbff91ec7f46360b644f5cd62e7fae0,2019-05,Lancashire Constabulary,Lancashire Constabulary,-2.482659,53.748145,On or near Shopping Area,E01012644,Blackburn with Darwen 006D,Violence and sexual offences,Unable to prosecute suspect,
cf2f1cbca9fa7d28da00fd22ae5d98cf103d46483d3d32c0114c74a11022cb05,2019-05,Lancashire Constabulary,Lancashire Constabulary,-2.485382,53.750219,On or near King William Street,E01012644,Blackburn with Darwen 006D,Violence and sexual offences,Status update unavailable,
cb7a17899225f8afd53699d3587ea084df9fcf395bc14a48dff3feb7ec709ab6,2019-05,Lancashire Constabulary,Lancashire Constabulary,-2.482659,53.748145,On or near Shopping Area,E01012644,Blackburn with Darwen 006D,Violence and sexual offences,Status update unavailable,
097cba387dfc89940d62af5bea798164352c13f5050d70303c939ce0aa0f713b,2019-05,Lancashire Constabulary,Lancashire Constabulary,-2.485382,53.750219,On or near King William Street,E01012644,Blackburn with Darwen 006D,Violence and sexual offences,Status update unavailable,
722391331be43b127c129c892f1b088bd1081aea81e09f1e3ea09a201982f353,2019-05,Lancashire Constabulary,Lancashire Constabulary,-2.483772,53.747386,On or near Fleming Square,E01012644,Blackburn with Darwen 006D,Violence and sexual offences,Status update unavailable,
194a6c84a23e47f58d725dac887319fa50e77b17d1a8ed27651659251581e2ec,2019-05,Lancashire Constabulary,Lancashire Constabulary,-2.486163,53.750899,On or near Limbrick,E01012644,Blackburn with Darwen 006D,Other crime,Status update unavailable,
,2019-05,Lancashire Constabulary,Lancashire Constabulary,-2.483628,53.745364,On or near Vernon Street,E01012655,Blackburn with Darwen 006E,Anti-social behaviour,,
,2019-05,Lancashire Constabulary,Lancashire Constabulary,-2.485993,53.748024,On or near Barton Street,E01012655,Blackburn with Darwen 006E,Anti-social behaviour,,
,2019-05,Lancashire Constabulary,Lancashire Constabulary,-2.488562,53.745955,On or near A6078,E01012655,Blackburn with Darwen 006E,Anti-social behaviour,,
,2019-05,Lancashire Constabulary,Lancashire Constabulary,-2.493838,53.743300,On or near Foundry Street,E01012655,Blackburn with Darwen 006E,Anti-social behaviour,,
,2019-05,Lancashire Constabulary,Lancashire Constabulary,-2.488562,53.745955,On or near A6078,E01012655,Blackburn with Darwen 006E,Anti-social behaviour,,
,2019-05,Lancashire Constabulary,Lancashire Constabulary,-2.486397,53.746216,On or near Heaton Street,E01012655,Blackburn with Darwen 006E,Anti-social behaviour,,
,2019-05,Lancashire Constabulary,Lancashire Constabulary,-2.491754,53.744001,On or near Whalley Banks,E01012655,Blackburn with Darwen 006E,Anti-social behaviour,,
,2019-05,Lancashire Constabulary,Lancashire Constabulary,-2.491035,53.746017,On or near Stonyhurst Road,E01012655,Blackburn with Darwen 006E,Anti-social behaviour,,
,2019-05,Lancashire Constabulary,Lancashire Constabulary,-2.486993,53.746627,On or near France Street,E01012655,Blackburn with Darwen 006E,Anti-social behaviour,,
,2019-05,Lancashire Constabulary,Lancashire Constabulary,-2.491035,53.746017,On or near Stonyhurst Road,E01012655,Blackburn with Darwen 006E,Anti-social behaviour,,
,2019-05,Lancashire Constabulary,Lancashire Constabulary,-2.486397,53.746216,On or near Heaton Street,E01012655,Blackburn with Darwen 006E,Anti-social behaviour,,
,2019-05,Lancashire Constabulary,Lancashire Constabulary,-2.486397,53.746216,On or near Heaton Street,E01012655,Blackburn with Darwen 006E,Anti-social behaviour,,
,2019-05,Lancashire Constabulary,Lancashire Constabulary,-2.491035,53.746017,On or near Stonyhurst Road,E01012655,Blackburn with Darwen 006E,Anti-social behaviour,,
,2019-05,Lancashire Constabulary,Lancashire Constabulary,-2.485278,53.746499,On or near Clayton Street,E01012655,Blackburn with Darwen 006E,Anti-social behaviour,,
,2019-05,Lancashire Constabulary,Lancashire Constabulary,-2.489793,53.743532,On or near Harrison Street,E01012655,Blackburn with Darwen 006E,Anti-social behaviour,,
,2019-05,Lancashire Constabulary,Lancashire Constabulary,-2.486397,53.746216,On or near Heaton Street,E01012655,Blackburn with Darwen 006E,Anti-social behaviour,,
8e221cb92e2d3fe568e7c5311826a2f700d89a671e1f735b7c0f185e7265b01a,2019-05,Lancashire Constabulary,Lancashire Constabulary,-2.495393,53.747823,On or near Addison Close,E01012655,Blackburn with Darwen 006E,Burglary,Status update unavailable,
807773d2d7b7a68cf4bf3ba5fa629da113245dc9a78146a1a3fa3e25f3d01931,2019-05,Lancashire Constabulary,Lancashire Constabulary,-2.485312,53.748134,On or near Lower Cockcroft,E01012655,Blackburn with Darwen 006E,Burglary,Status update unavailable,
6a1ae5c3a1f19c630d7304df6c9c71a054ba412bdc563e693cad8614d192884e,2019-05,Lancashire Constabulary,Lancashire Constabulary,-2.495130,53.744814,On or near George Street West,E01012655,Blackburn with Darwen 006E,Burglary,Status update unavailable,
85ff8c33869fa092242a5a713bdade32a899c5d50488927a0f2222a1d9a232a1,2019-05,Lancashire Constabulary,Lancashire Constabulary,-2.493838,53.743300,On or near Foundry Street,E01012655,Blackburn with Darwen 006E,Burglary,Status update unavailable,
9f4b93684cb837a037e9a951e3f31e17d88a54cc09a0e14c11789c87e44d3eff,2019-05,Lancashire Constabulary,Lancashire Constabulary,-2.489793,53.743532,On or near Harrison Street,E01012655,Blackburn with Darwen 006E,Burglary,Status update unavailable,
0a2f9714d79583358042a17a3129538781646e0a18b26ad4f245b07e30e5f779,2019-05,Lancashire Constabulary,Lancashire Constabulary,-2.495130,53.744814,On or near George Street West,E01012655,Blackburn with Darwen 006E,Burglary,Status update unavailable,
fe7924ea24bfef8995a3a7122f0e538495c75774333f8388be2127ce1d6a6cfd,2019-05,Lancashire Constabulary,Lancashire Constabulary,-2.495130,53.744814,On or near George Street West,E01012655,Blackburn with Darwen 006E,Burglary,Status update unavailable,
3553028a5db5a5d2eb77b9d5284420e2aae2f5c6acd2a53a9716e30dd3b46424,2019-05,Lancashire Constabulary,Lancashire Constabulary,-2.488754,53.744148,On or near Shopping Area,E01012655,Blackburn with Darwen 006E,Criminal damage and arson,Local resolution,
04b373fd59d358f5e66c50bc2a99d5b32aca1a55f9499f6c337a479a6a285499,2019-05,Lancashire Constabulary,Lancashire Constabulary,-2.486397,53.746216,On or near Heaton Street,E01012655,Blackburn with Darwen 006E,Criminal damage and arson,Unable to prosecute suspect,
d1c9948045ef8c551ca364ecc6404d6b8d4aacf44bab76106d53e0eb1a9046a0,2019-05,Lancashire Constabulary,Lancashire Constabulary,-2.495130,53.744814,On or near George Street West,E01012655,Blackburn with Darwen 006E,Criminal damage and arson,Status update unavailable,
c47cf1acc17a4cb4385d355b8178e359578d7d65e745a3861a27a2e9b5df68b0,2019-05,Lancashire Constabulary,Lancashire Constabulary,-2.491897,53.748404,On or near Supermarket,E01012655,Blackburn with Darwen 006E,Criminal damage and arson,Status update unavailable,
4e3f42be37c1d30d0c1020b13d4ab96b0963c2b47cb7d269b660ab45e5170fd5,2019-05,Lancashire Constabulary,Lancashire Constabulary,-2.485312,53.748134,On or near Lower Cockcroft,E01012655,Blackburn with Darwen 006E,Criminal damage and arson,Status update unavailable,
66e116d90163c06512269c0d9a2d1887dc7b9b9e40fbedb1bcc98684b96e7f92,2019-05,Lancashire Constabulary,Lancashire Constabulary,-2.485312,53.748134,On or near Lower Cockcroft,E01012655,Blackburn with Darwen 006E,Criminal damage and arson,Status update unavailable,
aea9fba684e566984f4a04ec06ef000ffa76bdc50f67f97392159aa8b313681d,2019-05,Lancashire Constabulary,Lancashire Constabulary,-2.495130,53.744814,On or near George Street West,E01012655,Blackburn with Darwen 006E,Criminal damage and arson,Status update unavailable,
a7f5fcee481d9dd0d8a524a35c2566c4c51cd153894aff8331c4db0769f667e7,2019-05,Lancashire Constabulary,Lancashire Constabulary,-2.485312,53.748134,On or near Lower Cockcroft,E01012655,Blackburn with Darwen 006E,Criminal damage and arson,Status update unavailable,
92fa1ecfca167fc37d5a44f82e025b3e1cc3ee8deb0d1c27b9f502f25ce7b7ae,2019-05,Lancashire Constabulary,Lancashire Constabulary,-2.486397,53.746216,On or near Heaton Street,E01012655,Blackburn with Darwen 006E,Criminal damage and arson,Status update unavailable,
59cb2735874bd95ce03d6395b8d268f9da0f33197112a038622939d81d3f501f,2019-05,Lancashire Constabulary,Lancashire Constabulary,-2.488754,53.744148,On or near Shopping Area,E01012655,Blackburn with Darwen 006E,Criminal damage and arson,Status update unavailable,
6965c80954a8ab50f22ad569844349904eb7af30d978cb117c4ba0651c8554d4,2019-05,Lancashire Constabulary,Lancashire Constabulary,-2.486397,53.746216,On or near Heaton Street,E01012655,Blackburn with Darwen 006E,Criminal damage and arson,Investigation complete; no suspect identified,
e1b58e9470097209635d2e5f8ef6937b09c8e93f741938b5e76edc4c0fc30ee1,2019-05,Lancashire Constabulary,Lancashire Constabulary,-2.493838,53.743300,On or near Foundry Street,E01012655,Blackburn with Darwen 006E,Drugs,Defendant sent to Crown Court,
d97caf345de8e46a4d2691919ddcaab328304e3559f97c82855c21edb731089b,2019-05,Lancashire Constabulary,Lancashire Constabulary,-2.486397,53.746216,On or near Heaton Street,E01012655,Blackburn with Darwen 006E,Drugs,Investigation complete; no suspect identified,
5bce613269f06bb7161d315db73e74252e987f899c80583240feb0a638e1542c,2019-05,Lancashire Constabulary,Lancashire Constabulary,-2.495130,53.744814,On or near George Street West,E01012655,Blackburn with Darwen 006E,Other theft,Status update unavailable,
85e8302555a151383d977f5661b9f06aaaeea7006b4145a690de3f900176ad68,2019-05,Lancashire Constabulary,Lancashire Constabulary,-2.493838,53.743300,On or near Foundry Street,E01012655,Blackburn with Darwen 006E,Other theft,Status update unavailable,
fb101dae639667541c7ed1c77ab7c5ae920a3e4e7dbece5a4107f26e987d6a11,2019-05,Lancashire Constabulary,Lancashire Constabulary,-2.495130,53.744814,On or near George Street West,E01012655,Blackburn with Darwen 006E,Other theft,Status update unavailable,
d94f921a1d1a0f069673f31b76956152f7f95273fc6babf3f4a18d16e804cbdd,2019-05,Lancashire Constabulary,Lancashire Constabulary,-2.485312,53.748134,On or near Lower Cockcroft,E01012655,Blackburn with Darwen 006E,Other theft,Status update unavailable,
f629faba761f2eafb3ba560d139ce6072e818a859840a903c1723f2f0409ac15,2019-05,Lancashire Constabulary,Lancashire Constabulary,-2.485312,53.748134,On or near Lower Cockcroft,E01012655,Blackburn with Darwen 006E,Other theft,Status update unavailable,
4432f98c5a46064e67c8cfad041a89139c273ece5bda9d87b9b2fd520cd8dc74,2019-05,Lancashire Constabulary,Lancashire Constabulary,-2.486397,53.746216,On or near Heaton Street,E01012655,Blackburn with Darwen 006E,Other theft,Status update unavailable,
2c69734eb13b88da813e22ea6a177e2acedb386f856d4486f01b023cd67f21e4,2019-05,Lancashire Constabulary,Lancashire Constabulary,-2.491754,53.744001,On or near Whalley Banks,E01012655,Blackburn with Darwen 006E,Other theft,Status update unavailable,
62f16160f01fa49e314b878508b816902a0120fee451cfed04b40efd9c29f466,2019-05,Lancashire Constabulary,Lancashire Constabulary,-2.486397,53.746216,On or near Heaton Street,E01012655,Blackburn with Darwen 006E,Other theft,Unable to prosecute suspect,
a4de267f0636b84e379210786566b14e6e06f903b59fbd72f6d291c83d05d332,2019-05,Lancashire Constabulary,Lancashire Constabulary,-2.495130,53.744814,On or near George Street West,E01012655,Blackburn with Darwen 006E,Other theft,Status update unavailable,
672f9472a4163797305bba36688ca1e6c88853355d9fd0fa33d0ad879c123314,2019-05,Lancashire Constabulary,Lancashire Constabulary,-2.486397,53.746216,On or near Heaton Street,E01012655,Blackburn with Darwen 006E,Other theft,Status update unavailable,
6b554a02e713ece99281c82b73f63be5173213beecfad166cbb8acef0e41d9f1,2019-05,Lancashire Constabulary,Lancashire Constabulary,-2.489793,53.743532,On or near Harrison Street,E01012655,Blackburn with Darwen 006E,Other theft,Status update unavailable,
b464e47c34d8faff0fa3ef4b01d4c4e1b7b75d266469bb0e43d292b76b181dbc,2019-05,Lancashire Constabulary,Lancashire Constabulary,-2.486397,53.746216,On or near Heaton Street,E01012655,Blackburn with Darwen 006E,Possession of weapons,Awaiting court outcome,
7bbf99edd27588163da97ee8d6659f1860606c1b7869cd63a1794b171fb976f5,2019-05,Lancashire Constabulary,Lancashire Constabulary,-2.485312,53.748134,On or near Lower Cockcroft,E01012655,Blackburn with Darwen 006E,Public order,Status update unavailable,
0bd48c8e5a88d2414e5b54263b0ee9d01be2476997f164b1ae4122194f483c9f,2019-05,Lancashire Constabulary,Lancashire Constabulary,-2.491754,53.744001,On or near Whalley Banks,E01012655,Blackburn with Darwen 006E,Public order,Status update unavailable,
8f26375abfa886650b23f75a8ac64ea5065f788a38763a6666f93137135691db,2019-05,Lancashire Constabulary,Lancashire Constabulary,-2.500219,53.743058,On or near Bath Street,E01012655,Blackburn with Darwen 006E,Public order,Unable to prosecute suspect,
2ff10c724773304d47e32a9aa9d07a2b2c13d257e49f24dce25edd0de8629887,2019-05,Lancashire Constabulary,Lancashire Constabulary,-2.493838,53.743300,On or near Foundry Street,E01012655,Blackburn with Darwen 006E,Public order,Unable to prosecute suspect,
69a8af31c2eaa8ffbf43cc1abfbd23c85434c01d790217a97207a32a4ac41efd,2019-05,Lancashire Constabulary,Lancashire Constabulary,-2.486397,53.746216,On or near Heaton Street,E01012655,Blackburn with Darwen 006E,Public order,Unable to prosecute suspect,
5bb54add188e32dff0694a089d1c50124e411f4ac6288e9f14cb963746db5f51,2019-05,Lancashire Constabulary,Lancashire Constabulary,-2.485312,53.748134,On or near Lower Cockcroft,E01012655,Blackburn with Darwen 006E,Public order,Status update unavailable,
fd0981a95fc51bf4c48bed987c7deedb764760039325ea93b5287201a42234e1,2019-05,Lancashire Constabulary,Lancashire Constabulary,-2.484487,53.743653,On or near Canterbury Street,E01012655,Blackburn with Darwen 006E,Robbery,Status update unavailable,
d6bd799bb83a365f40e495ce3c0705838e341b53e0fe39c77de0638d7d2cfdbf,2019-05,Lancashire Constabulary,Lancashire Constabulary,-2.485993,53.748024,On or near Barton Street,E01012655,Blackburn with Darwen 006E,Robbery,Status update unavailable,
fe7739706203ff4967f764fdf6da60915881ef382ab153fb78bc543cabee8e8d,2019-05,Lancashire Constabulary,Lancashire Constabulary,-2.488562,53.745955,On or near A6078,E01012655,Blackburn with Darwen 006E,Robbery,Status update unavailable,
0d9591cd468ea0fda60761995f1bd3cdbfcef79a5bb8833aa59717242a3e3de4,2019-05,Lancashire Constabulary,Lancashire Constabulary,-2.491897,53.748404,On or near Supermarket,E01012655,Blackburn with Darwen 006E,Shoplifting,Status update unavailable,
c1d3ed5cbf6108bf4d41a9fd5578ca503d375f1771b19dc581fbdcd1e79c9690,2019-05,Lancashire Constabulary,Lancashire Constabulary,-2.485312,53.748134,On or near Lower Cockcroft,E01012655,Blackburn with Darwen 006E,Shoplifting,Status update unavailable,
1b6db0d0a9962696cea679a7050f8832111d645b0af501748cd7ebda6c66f165,2019-05,Lancashire Constabulary,Lancashire Constabulary,-2.491754,53.744001,On or near Whalley Banks,E01012655,Blackburn with Darwen 006E,Shoplifting,Awaiting court outcome,
b74595d9f8b948b60a28c1c1174d33e2380f44c6c6b1f3019e87d341496c6ff7,2019-05,Lancashire Constabulary,Lancashire Constabulary,-2.491897,53.748404,On or near Supermarket,E01012655,Blackburn with Darwen 006E,Shoplifting,Status update unavailable,
576caa7722d142d5701e1bc62a3614bdb1c47a6440052ed8bf207836192fd879,2019-05,Lancashire Constabulary,Lancashire Constabulary,-2.491897,53.748404,On or near Supermarket,E01012655,Blackburn with Darwen 006E,Shoplifting,Status update unavailable,
739a3cc7a8b7a3624e1a56f7a57c9344ed8ac88ca82ed5f9ad27102ace4e31cb,2019-05,Lancashire Constabulary,Lancashire Constabulary,-2.491754,53.744001,On or near Whalley Banks,E01012655,Blackburn with Darwen 006E,Shoplifting,Unable to prosecute suspect,
23274f3fd2377cca37112762e0053cea7283e34756714611295919978fe29852,2019-05,Lancashire Constabulary,Lancashire Constabulary,-2.491754,53.744001,On or near Whalley Banks,E01012655,Blackburn with Darwen 006E,Shoplifting,Status update unavailable,
4273aadc99be2f21b3d2e9c84e382eae524a18efee2c240f3f232e9ad7061df0,2019-05,Lancashire Constabulary,Lancashire Constabulary,-2.486397,53.746216,On or near Heaton Street,E01012655,Blackburn with Darwen 006E,Theft from the person,Unable to prosecute suspect,
eb5d434eba4334b1c1da257af1b7bc0051ff80d9d27fcb82c1f3e909f8710459,2019-05,Lancashire Constabulary,Lancashire Constabulary,-2.492251,53.742381,On or near Duckworth Street,E01012655,Blackburn with Darwen 006E,Vehicle crime,Status update unavailable,
dd608164ae1737e32c54b909a407af8fde571732b74ec22ab88e519cb50ea63d,2019-05,Lancashire Constabulary,Lancashire Constabulary,-2.495393,53.747823,On or near Addison Close,E01012655,Blackburn with Darwen 006E,Vehicle crime,Status update unavailable,
3baf2e73182f0d6bf586303675204754fd5bd6fbe33543f2483596cd03c8a469,2019-05,Lancashire Constabulary,Lancashire Constabulary,-2.495148,53.746386,On or near Lower Ashworth Close,E01012655,Blackburn with Darwen 006E,Vehicle crime,Status update unavailable,
cef15ca21786c328881e59ac261e922b218a9be9a8536ee1cecda68fbb5e21c8,2019-05,Lancashire Constabulary,Lancashire Constabulary,-2.500975,53.745445,On or near Apple Close,E01012655,Blackburn with Darwen 006E,Vehicle crime,Status update unavailable,
4c1a70007691d742e9868a226dfa813049249fef0b14bf21c9458ee37fcae51e,2019-05,Lancashire Constabulary,Lancashire Constabulary,-2.488146,53.746685,On or near Prince'S Street,E01012655,Blackburn with Darwen 006E,Violence and sexual offences,Unable to prosecute suspect,
d45ae80002ba9361c06b5ad71fab256e6854e8485bdb92fff29dbef411c14153,2019-05,Lancashire Constabulary,Lancashire Constabulary,-2.486397,53.746216,On or near Heaton Street,E01012655,Blackburn with Darwen 006E,Violence and sexual offences,Status update unavailable,
7c48df87d7b14fa126b5a8d1759e4ed278fb1980380087104fa366767cbd2942,2019-05,Lancashire Constabulary,Lancashire Constabulary,-2.489658,53.741097,On or near Avon Close,E01012655,Blackburn with Darwen 006E,Violence and sexual offences,Unable to prosecute suspect,
f6cb4ae4a15dcf971de59d3747ae4d3d0017d7bc66fa84c6a3f21db8fb5d3202,2019-05,Lancashire Constabulary,Lancashire Constabulary,-2.498430,53.745690,On or near Holden Street,E01012655,Blackburn with Darwen 006E,Violence and sexual offences,Unable to prosecute suspect,
99d00aa3ca7e599d8791faf6dcb90a9ce9ae13772084961ffe34d379033b75f7,2019-05,Lancashire Constabulary,Lancashire Constabulary,-2.495393,53.747823,On or near Addison Close,E01012655,Blackburn with Darwen 006E,Violence and sexual offences,Unable to prosecute suspect,
041db7f829164db7be909231f29c05f4fee5f894ff2291ca4bf04f15f79fc029,2019-05,Lancashire Constabulary,Lancashire Constabulary,-2.491754,53.744001,On or near Whalley Banks,E01012655,Blackburn with Darwen 006E,Violence and sexual offences,Status update unavailable,
29077346f1a824bbc2e5e72ede64d3f49ac17ac33bac7d6b4f3a99241155cade,2019-05,Lancashire Constabulary,Lancashire Constabulary,-2.489658,53.741097,On or near Avon Close,E01012655,Blackburn with Darwen 006E,Violence and sexual offences,Unable to prosecute suspect,
a3c1108b2f5ca1cc57360ef6d14b2d789177ff4fc78e94acb976d9de60111231,2019-05,Lancashire Constabulary,Lancashire Constabulary,-2.486397,53.746216,On or near Heaton Street,E01012655,Blackburn with Darwen 006E,Violence and sexual offences,Status update unavailable,
3a377a28839f12b9ad55be00fe16a2e9b05bcd096e1361297e5d7d105485a166,2019-05,Lancashire Constabulary,Lancashire Constabulary,-2.485993,53.748024,On or near Barton Street,E01012655,Blackburn with Darwen 006E,Violence and sexual offences,Status update unavailable,
55c3551f7ea261d06e8a8147e75ed51853e607b55b1460114f08e4b027e16bfd,2019-05,Lancashire Constabulary,Lancashire Constabulary,-2.491754,53.744001,On or near Whalley Banks,E01012655,Blackburn with Darwen 006E,Violence and sexual offences,Status update unavailable,
74d36a444338e3e17565785ead8e8bd84f90cab569c900abaa892f5e50a9955b,2019-05,Lancashire Constabulary,Lancashire Constabulary,-2.500730,53.745222,On or near Apple Street,E01012655,Blackburn with Darwen 006E,Violence and sexual offences,Unable to prosecute suspect,
06e9eef1159316f9e99fee0a0d20450ea702a3363903f5f24f6674bea5d7e817,2019-05,Lancashire Constabulary,Lancashire Constabulary,-2.485993,53.748024,On or near Barton Street,E01012655,Blackburn with Darwen 006E,Violence and sexual offences,Status update unavailable,
c65aa9698358c6c76f768e6f0184d0af17b23f7e0cf5aaae187975a79b32d47a,2019-05,Lancashire Constabulary,Lancashire Constabulary,-2.486397,53.746216,On or near Heaton Street,E01012655,Blackburn with Darwen 006E,Violence and sexual offences,Unable to prosecute suspect,
7901f3b4fc852e5ee7cdbe07728aed5caad2465a0f0958ff29da26733def0e7d,2019-05,Lancashire Constabulary,Lancashire Constabulary,-2.485312,53.748134,On or near Lower Cockcroft,E01012655,Blackburn with Darwen 006E,Violence and sexual offences,Status update unavailable,
e135eee65ce0c1d01a6aedc993300ff83386b8fee426b3ec2c04a357e8898b25,2019-05,Lancashire Constabulary,Lancashire Constabulary,-2.500730,53.745222,On or near Apple Street,E01012655,Blackburn with Darwen 006E,Violence and sexual offences,Investigation complete; no suspect identified,
7acf72eb3575eb593c411b36fd0cde55c202365923d77fe4af4e5e66ea45cc8f,2019-05,Lancashire Constabulary,Lancashire Constabulary,-2.485993,53.748024,On or near Barton Street,E01012655,Blackburn with Darwen 006E,Violence and sexual offences,Status update unavailable,
0d44ea4db890d7f1b340a30abc232012eac53184f6bdd1fc3489644b5561bf61,2019-05,Lancashire Constabulary,Lancashire Constabulary,-2.485312,53.748134,On or near Lower Cockcroft,E01012655,Blackburn with Darwen 006E,Violence and sexual offences,Status update unavailable,
fbd4ed83faf8be0740683373d6b6e8680bc67b0a7e95acd846ced33ce470485f,2019-05,Lancashire Constabulary,Lancashire Constabulary,-2.489787,53.745608,On or near Greenhurst Close,E01012655,Blackburn with Darwen 006E,Violence and sexual offences,Status update unavailable,
0085ec6bb1cb2379ae25a68e1cb3e45d43870bb4589445008bab7e6629a2c521,2019-05,Lancashire Constabulary,Lancashire Constabulary,-2.491035,53.746017,On or near Stonyhurst Road,E01012655,Blackburn with Darwen 006E,Violence and sexual offences,Status update unavailable,
34fd87c6a6a90b081d59515b39a200d84cab4ec9816e127ef045161638488b0b,2019-05,Lancashire Constabulary,Lancashire Constabulary,-2.493838,53.743300,On or near Foundry Street,E01012655,Blackburn with Darwen 006E,Violence and sexual offences,Status update unavailable,
79d6fc965b90f21dfac0ddb5afd9d70859ec64af128864165351bc5f6ee3edb1,2019-05,Lancashire Constabulary,Lancashire Constabulary,-2.495393,53.747823,On or near Addison Close,E01012655,Blackburn with Darwen 006E,Violence and sexual offences,Status update unavailable,
6c041f68463fd77fa9346b33120cbe2b05b4fed51bf991dd848f6a95b6c680fe,2019-05,Lancashire Constabulary,Lancashire Constabulary,-2.489793,53.743532,On or near Harrison Street,E01012655,Blackburn with Darwen 006E,Violence and sexual offences,Status update unavailable,
695d8d905504bfad4350ba9371a98121414f92f31d3861f4dd043b230803dd52,2019-05,Lancashire Constabulary,Lancashire Constabulary,-2.485278,53.746499,On or near Clayton Street,E01012655,Blackburn with Darwen 006E,Violence and sexual offences,Status update unavailable,
f0f17759d081c2606106df5d32f9a780cbd6210cda9470d739972dd8e8e8b601,2019-05,Lancashire Constabulary,Lancashire Constabulary,-2.485278,53.746499,On or near Clayton Street,E01012655,Blackburn with Darwen 006E,Violence and sexual offences,Unable to prosecute suspect,
305423e97611153a89dcbbee1f3caa3ea4bbf0721f7892428f47d592e0f0015e,2019-05,Lancashire Constabulary,Lancashire Constabulary,-2.496977,53.747179,On or near Hazel Close,E01012655,Blackburn with Darwen 006E,Violence and sexual offences,Status update unavailable,
86dab89de8fa601e9896b9484d3ee8bb33862264fc3620762a3a0885517b2070,2019-05,Lancashire Constabulary,Lancashire Constabulary,-2.500730,53.745222,On or near Apple Street,E01012655,Blackburn with Darwen 006E,Violence and sexual offences,Investigation complete; no suspect identified,
2ffd43f4da2a6fd65218636159b50092803eeb7bb676ac22ad0dc9fb7609ff06,2019-05,Lancashire Constabulary,Lancashire Constabulary,-2.485993,53.748024,On or near Barton Street,E01012655,Blackburn with Darwen 006E,Violence and sexual offences,Status update unavailable,
,2019-05,Lancashire Constabulary,Lancashire Constabulary,-2.458722,53.747439,On or near Cherry Close,E01012571,Blackburn with Darwen 007A,Anti-social behaviour,,
,2019-05,Lancashire Constabulary,Lancashire Constabulary,-2.457976,53.744323,On or near Meadow Close,E01012571,Blackburn with Darwen 007A,Anti-social behaviour,,
,2019-05,Lancashire Constabulary,Lancashire Constabulary,-2.462387,53.745583,On or near Acorn Street,E01012571,Blackburn with Darwen 007A,Anti-social behaviour,,
,2019-05,Lancashire Constabulary,Lancashire Constabulary,-2.461860,53.745962,On or near Baker Street,E01012571,Blackburn with Darwen 007A,Anti-social behaviour,,
,2019-05,Lancashire Constabulary,Lancashire Constabulary,-2.458722,53.747439,On or near Cherry Close,E01012571,Blackburn with Darwen 007A,Anti-social behaviour,,
,2019-05,Lancashire Constabulary,Lancashire Constabulary,-2.457976,53.744323,On or near Meadow Close,E01012571,Blackburn with Darwen 007A,Anti-social behaviour,,
805126f6ed7e6a7dd173d9e92814fe28db9f0a5893734d38bfe022ed431a2ce2,2019-05,Lancashire Constabulary,Lancashire Constabulary,-2.457976,53.744323,On or near Meadow Close,E01012571,Blackburn with Darwen 007A,Other theft,Unable to prosecute suspect,
22e67e19debdbcd102d38e48f7f306de4119b00aab89642b09feaf24051b69ed,2019-05,Lancashire Constabulary,Lancashire Constabulary,-2.461054,53.745785,On or near Lincoln Close,E01012571,Blackburn with Darwen 007A,Public order,Status update unavailable,
1151b0439208e467a1ce27183e88d1656bde873f6b156d20cd71a06a1b0c989e,2019-05,Lancashire Constabulary,Lancashire Constabulary,-2.460435,53.744592,On or near Lincoln Road,E01012571,Blackburn with Darwen 007A,Public order,Status update unavailable,
6de5a567323912301534c31d83829994e350b464f854cce09f317a0995ba9284,2019-05,Lancashire Constabulary,Lancashire Constabulary,-2.457976,53.744323,On or near Meadow Close,E01012571,Blackburn with Darwen 007A,Public order,Unable to prosecute suspect,
f074ef9c8f0152eb8f5fe0107277010d6d104496b27a4eb1a47f1f882f2bd9e4,2019-05,Lancashire Constabulary,Lancashire Constabulary,-2.459005,53.744148,On or near Woodland Close,E01012571,Blackburn with Darwen 007A,Violence and sexual offences,Unable to prosecute suspect,
98564e329804309fc195d4c4ae6fae1aa4cba60c39a206cca579a81b413881e4,2019-05,Lancashire Constabulary,Lancashire Constabulary,-2.457976,53.744323,On or near Meadow Close,E01012571,Blackburn with Darwen 007A,Violence and sexual offences,Status update unavailable,
c7e8c87735c1fa9f86cf29bce2f1c62495eb6eccc5c6ff2f7cbf1a89d675935d,2019-05,Lancashire Constabulary,Lancashire Constabulary,-2.458722,53.747439,On or near Cherry Close,E01012571,Blackburn with Darwen 007A,Violence and sexual offences,Status update unavailable,
180cdede31362b089dcf21baea527883554554b7378b4431c589ae96cd7d5c11,2019-05,Lancashire Constabulary,Lancashire Constabulary,-2.457242,53.745171,On or near North Road,E01012571,Blackburn with Darwen 007A,Violence and sexual offences,Unable to prosecute suspect,
,2019-05,Lancashire Constabulary,Lancashire Constabulary,-2.474956,53.746828,On or near Cicely Street,E01012572,Blackburn with Darwen 007B,Anti-social behaviour,,
,2019-05,Lancashire Constabulary,Lancashire Constabulary,-2.472328,53.743719,On or near Durham Close,E01012572,Blackburn with Darwen 007B,Anti-social behaviour,,
,2019-05,Lancashire Constabulary,Lancashire Constabulary,-2.474874,53.746289,On or near Cicely Court,E01012572,Blackburn with Darwen 007B,Anti-social behaviour,,
,2019-05,Lancashire Constabulary,Lancashire Constabulary,-2.471299,53.743903,On or near Reading Close,E01012572,Blackburn with Darwen 007B,Anti-social behaviour,,
9f1432bd419f7b37a931e235f5d1f1c1c1832ad3f9ac3831e64a282af41a4739,2019-05,Lancashire Constabulary,Lancashire Constabulary,-2.471299,53.743903,On or near Reading Close,E01012572,Blackburn with Darwen 007B,Criminal damage and arson,Status update unavailable,
86842eecd551f1e70917a74467e0c8ef6a8923ae911d82adecd50daeba67ea58,2019-05,Lancashire Constabulary,Lancashire Constabulary,-2.468629,53.745136,On or near Dundee Drive,E01012572,Blackburn with Darwen 007B,Criminal damage and arson,Unable to prosecute suspect,
62dfebc1061c2064600bb6621d9ec543d7af2fb3e2c63683d14c419c8bf58c1d,2019-05,Lancashire Constabulary,Lancashire Constabulary,-2.471299,53.743903,On or near Reading Close,E01012572,Blackburn with Darwen 007B,Other theft,Status update unavailable,
92468497b27b53d68fd04b2d34fa611ef38ce388092c3e1f363beb011b35ce85,2019-05,Lancashire Constabulary,Lancashire Constabulary,-2.473678,53.743795,On or near Conference/Exhibition Centre,E01012572,Blackburn with Darwen 007B,Public order,Status update unavailable,
5db4b032f3f835e0b6dfc2c80b9e7786a48ab8c2b823689765339c0bde33ce6c,2019-05,Lancashire Constabulary,Lancashire Constabulary,-2.468629,53.745136,On or near Dundee Drive,E01012572,Blackburn with Darwen 007B,Public order,Unable to prosecute suspect,
af218e75981b4bba1167c08e40cb81d5fc6730763e50369e8abb8bbab6ebda19,2019-05,Lancashire Constabulary,Lancashire Constabulary,-2.470060,53.744276,On or near Leeds Close,E01012572,Blackburn with Darwen 007B,Violence and sexual offences,Unable to prosecute suspect,
22f80ec205f53e27a7adb36b5dc6a683fb554c9557f5003b9e459e75e41697d5,2019-05,Lancashire Constabulary,Lancashire Constabulary,-2.468629,53.745136,On or near Dundee Drive,E01012572,Blackburn with Darwen 007B,Violence and sexual offences,Status update unavailable,
ede796278a8f20183d7f0ae07aaff07309205e2f4acf9ce99f6820d01ee57000,2019-05,Lancashire Constabulary,Lancashire Constabulary,-2.474874,53.746289,On or near Cicely Court,E01012572,Blackburn with Darwen 007B,Violence and sexual offences,Unable to prosecute suspect,
01983b45fbdcf00139583f145d90cc1fa35d496817c952837b6ccffb5add5c92,2019-05,Lancashire Constabulary,Lancashire Constabulary,-2.471299,53.743903,On or near Reading Close,E01012572,Blackburn with Darwen 007B,Violence and sexual offences,Unable to prosecute suspect,
f1f6ed1ace98f0fa239adb86bae5562a8e4cb043e922cfec95cd70236fb052f9,2019-05,Lancashire Constabulary,Lancashire Constabulary,-2.472328,53.743719,On or near Durham Close,E01012572,Blackburn with Darwen 007B,Violence and sexual offences,Unable to prosecute suspect,
bbfefe94280a345f6d72ff12e902fd2cc4cfe9aac15cc1fc30ec382639eda0fe,2019-05,Lancashire Constabulary,Lancashire Constabulary,-2.471299,53.743903,On or near Reading Close,E01012572,Blackburn with Darwen 007B,Violence and sexual offences,Unable to prosecute suspect,
51bbb546b52304b89414b71730fe487ecf50a1f85e8bed78fccce6d70f6995cb,2019-05,Lancashire Constabulary,Lancashire Constabulary,-2.472533,53.747152,On or near Oxford Close,E01012572,Blackburn with Darwen 007B,Violence and sexual offences,Status update unavailable,
,2019-05,Lancashire Constabulary,Lancashire Constabulary,-2.462677,53.743074,On or near Pringle Street,E01012573,Blackburn with Darwen 007C,Anti-social behaviour,,
,2019-05,Lancashire Constabulary,Lancashire Constabulary,-2.465432,53.743953,On or near May Street,E01012573,Blackburn with Darwen 007C,Anti-social behaviour,,
,2019-05,Lancashire Constabulary,Lancashire Constabulary,-2.459566,53.748299,On or near St Margarets Way,E01012575,Blackburn with Darwen 007D,Anti-social behaviour,,
,2019-05,Lancashire Constabulary,Lancashire Constabulary,-2.463992,53.748165,On or near Skiddaw Street,E01012575,Blackburn with Darwen 007D,Anti-social behaviour,,
,2019-05,Lancashire Constabulary,Lancashire Constabulary,-2.459566,53.748299,On or near St Margarets Way,E01012575,Blackburn with Darwen 007D,Anti-social behaviour,,
,2019-05,Lancashire Constabulary,Lancashire Constabulary,-2.463709,53.745901,On or near Cook Gardens,E01012575,Blackburn with Darwen 007D,Anti-social behaviour,,
,2019-05,Lancashire Constabulary,Lancashire Constabulary,-2.460378,53.747729,On or near St Marys Close,E01012575,Blackburn with Darwen 007D,Anti-social behaviour,,
,2019-05,Lancashire Constabulary,Lancashire Constabulary,-2.459566,53.748299,On or near St Margarets Way,E01012575,Blackburn with Darwen 007D,Anti-social behaviour,,
,2019-05,Lancashire Constabulary,Lancashire Constabulary,-2.459566,53.748299,On or near St Margarets Way,E01012575,Blackburn with Darwen 007D,Anti-social behaviour,,
a27c2674ee0951185f98c5830c7c9aab9b0ff336e7b3e1d4e4e36f92cb223a20,2019-05,Lancashire Constabulary,Lancashire Constabulary,-2.471035,53.751508,On or near Pickup Street,E01012575,Blackburn with Darwen 007D,Criminal damage and arson,Status update unavailable,
f2efaa11b87e20826d91ce22a663d31a131f4aeb0ded2a09d8547993f3f0fb72,2019-05,Lancashire Constabulary,Lancashire Constabulary,-2.460378,53.747729,On or near St Marys Close,E01012575,Blackburn with Darwen 007D,Criminal damage and arson,Awaiting court outcome,
bf4daa33a37d09a17c97d96439fdc2805ecd416ef9666a4a7dcff198ff457b4b,2019-05,Lancashire Constabulary,Lancashire Constabulary,-2.466037,53.746593,On or near William Hopwood Street,E01012575,Blackburn with Darwen 007D,Criminal damage and arson,Status update unavailable,
f5803ca8613f3543ea14606717e978e90af575f7c5184cbc9f663fbbf48b2d56,2019-05,Lancashire Constabulary,Lancashire Constabulary,-2.469516,53.747164,On or near Rose Hill Avenue,E01012575,Blackburn with Darwen 007D,Other theft,Status update unavailable,
5f395e399c3ed34d90db66c9954533808415d2bd96472b752fbba5ed50c89e49,2019-05,Lancashire Constabulary,Lancashire Constabulary,-2.460378,53.747729,On or near St Marys Close,E01012575,Blackburn with Darwen 007D,Public order,Unable to prosecute suspect,
d1f062a53fc2ee012d82cf8cde41f37317df02c9a112c184c96814218bc2bbcf,2019-05,Lancashire Constabulary,Lancashire Constabulary,-2.463837,53.747896,On or near Dalton Close,E01012575,Blackburn with Darwen 007D,Public order,Status update unavailable,
29840db4c3e389eba68c7ce593dbc5c2d3a10ccd3a1f2c06bb389dc3d90ecf77,2019-05,Lancashire Constabulary,Lancashire Constabulary,-2.470045,53.748420,On or near Culshaw Street,E01012575,Blackburn with Darwen 007D,Violence and sexual offences,Unable to prosecute suspect,
392f2412432b2b878486f05cba9923d79d8c5716b35cfeb8c46e989ccdea87de,2019-05,Lancashire Constabulary,Lancashire Constabulary,-2.460378,53.747729,On or near St Marys Close,E01012575,Blackburn with Darwen 007D,Violence and sexual offences,Status update unavailable,
ac186c776bfcb2cd2b3ae36cc77d62beb9e07323faff203a895ce6b12d1ac79e,2019-05,Lancashire Constabulary,Lancashire Constabulary,-2.469799,53.746713,On or near Briar Hill Close,E01012575,Blackburn with Darwen 007D,Violence and sexual offences,Local resolution,
518e0db42153a80d999c3580e72ae1c6b3702169abb16681c35dffb07ccad200,2019-05,Lancashire Constabulary,Lancashire Constabulary,-2.467722,53.745418,On or near Aberdeen Drive,E01012575,Blackburn with Darwen 007D,Violence and sexual offences,Status update unavailable,
d17ad07f2e2e748ba3e150802cb2fb93f1348e77d67958144129e661e2f47c15,2019-05,Lancashire Constabulary,Lancashire Constabulary,-2.460378,53.747729,On or near St Marys Close,E01012575,Blackburn with Darwen 007D,Violence and sexual offences,Status update unavailable,
c8412ecc6026bb5a49a1e1ab1edccf48131b2d409ba045b6568ac1fdc74fa7cd,2019-05,Lancashire Constabulary,Lancashire Constabulary,-2.460790,53.746586,On or near Temple Drive,E01012575,Blackburn with Darwen 007D,Violence and sexual offences,Status update unavailable,
2985cea6bbbc6f9e7e2525a26f9a90f91189f77e08e81c968b7dba928cc14c34,2019-05,Lancashire Constabulary,Lancashire Constabulary,-2.465514,53.747341,On or near Selkirk Close,E01012575,Blackburn with Darwen 007D,Violence and sexual offences,Unable to prosecute suspect,
7cf1fffbfbf56d6c520c1c06231c0fb649ea3a80bfc074780bf4847b14b69545,2019-05,Lancashire Constabulary,Lancashire Constabulary,-2.471059,53.746897,On or near Cranwell Close,E01012575,Blackburn with Darwen 007D,Violence and sexual offences,Unable to prosecute suspect,
7ad629f335d55d13f9232dab1c14c851a9fb319d0f94de93f062bd6dfd482273,2019-05,Lancashire Constabulary,Lancashire Constabulary,-2.463837,53.747896,On or near Dalton Close,E01012575,Blackburn with Darwen 007D,Violence and sexual offences,Status update unavailable,
5403121b4bcf7af3665d7564d3f745200ce4947362a0264b4abdc15821190dbd,2019-05,Lancashire Constabulary,Lancashire Constabulary,-2.460378,53.747729,On or near St Marys Close,E01012575,Blackburn with Darwen 007D,Other crime,Status update unavailable,
,2019-05,Lancashire Constabulary,Lancashire Constabulary,-2.467751,53.743935,On or near Walter Street,E01012630,Blackburn with Darwen 007E,Anti-social behaviour,,
,2019-05,Lancashire Constabulary,Lancashire Constabulary,-2.469998,53.742865,On or near Dombey Street,E01012630,Blackburn with Darwen 007E,Anti-social behaviour,,
,2019-05,Lancashire Constabulary,Lancashire Constabulary,-2.467751,53.743935,On or near Walter Street,E01012630,Blackburn with Darwen 007E,Anti-social behaviour,,
,2019-05,Lancashire Constabulary,Lancashire Constabulary,-2.467751,53.743935,On or near Walter Street,E01012630,Blackburn with Darwen 007E,Anti-social behaviour,,
,2019-05,Lancashire Constabulary,Lancashire Constabulary,-2.467751,53.743935,On or near Walter Street,E01012630,Blackburn with Darwen 007E,Anti-social behaviour,,
,2019-05,Lancashire Constabulary,Lancashire Constabulary,-2.467751,53.743935,On or near Walter Street,E01012630,Blackburn with Darwen 007E,Anti-social behaviour,,
,2019-05,Lancashire Constabulary,Lancashire Constabulary,-2.465104,53.741770,On or near Queen'S Park Road,E01012630,Blackburn with Darwen 007E,Anti-social behaviour,,
4fbf8aad3075ef848ec7e9a5f249811709a06e508b75b812019c1185d1f20f71,2019-05,Lancashire Constabulary,Lancashire Constabulary,-2.470358,53.741102,On or near Croasdale Square,E01012630,Blackburn with Darwen 007E,Criminal damage and arson,Status update unavailable,
3a94b8e5e72ddb31b055265a1a578085e753204c9db80b2733adb5ccb40e1cdf,2019-05,Lancashire Constabulary,Lancashire Constabulary,-2.471077,53.743023,On or near Dorritt Street,E01012630,Blackburn with Darwen 007E,Criminal damage and arson,Status update unavailable,
70ef838972abf7f7cebdd2e7506c032e61cd8b19c8fb306934ad2bb83c853260,2019-05,Lancashire Constabulary,Lancashire Constabulary,-2.467751,53.743935,On or near Walter Street,E01012630,Blackburn with Darwen 007E,Other theft,Status update unavailable,
fe1c3b465fec0b134a6e48ff007b453024b57d8d65f50c8c015a4b9d1431e5be,2019-05,Lancashire Constabulary,Lancashire Constabulary,-2.471077,53.743023,On or near Dorritt Street,E01012630,Blackburn with Darwen 007E,Public order,Status update unavailable,
13744603d25995c9a785c57869991587cd66b004f6d7ca7e6e09a78f3697458b,2019-05,Lancashire Constabulary,Lancashire Constabulary,-2.467751,53.743935,On or near Walter Street,E01012630,Blackburn with Darwen 007E,Public order,Status update unavailable,
cd9c6c874f03fa59aa92050f8ce8edd4131169fe9bf5be2ddff9fa1ac81972bb,2019-05,Lancashire Constabulary,Lancashire Constabulary,-2.468177,53.742702,On or near Chester Close,E01012630,Blackburn with Darwen 007E,Shoplifting,Status update unavailable,
de90bf10bba7c6487104b28a2d66b9c3bf26a67230c44f7a4a232f139e4b3b3b,2019-05,Lancashire Constabulary,Lancashire Constabulary,-2.467957,53.743359,On or near Cromwell Street,E01012630,Blackburn with Darwen 007E,Violence and sexual offences,Unable to prosecute suspect,
aec97abacada4f0d69cfa665a8b8f7f25980e8571a72d370863763fdf8639f86,2019-05,Lancashire Constabulary,Lancashire Constabulary,-2.469889,53.743962,On or near Audley Range,E01012630,Blackburn with Darwen 007E,Violence and sexual offences,Unable to prosecute suspect,
f699c62a85d078fc1f06e316b3c410a3bf48c354e0e13fad68494562ddd22eb5,2019-05,Lancashire Constabulary,Lancashire Constabulary,-2.467957,53.743359,On or near Cromwell Street,E01012630,Blackburn with Darwen 007E,Violence and sexual offences,Unable to prosecute suspect,
1dcd32bdc736dec510306fc3614afaebf3ac58e014f9a5da46ee95b7ad78e3f3,2019-05,Lancashire Constabulary,Lancashire Constabulary,-2.471881,53.743065,On or near Copperfield Street,E01012630,Blackburn with Darwen 007E,Violence and sexual offences,Status update unavailable,
c4f1d95d301f9a75722b7890b2a8b79a1f7b12070538327579b1e191dbd67fdc,2019-05,Lancashire Constabulary,Lancashire Constabulary,-2.469998,53.742865,On or near Dombey Street,E01012630,Blackburn with Darwen 007E,Violence and sexual offences,Unable to prosecute suspect,
,2019-05,Lancashire Constabulary,Lancashire Constabulary,-2.457394,53.749368,On or near Accrington Road,E01012576,Blackburn with Darwen 008A,Anti-social behaviour,,
,2019-05,Lancashire Constabulary,Lancashire Constabulary,-2.453427,53.748529,On or near Hozier Street,E01012576,Blackburn with Darwen 008A,Anti-social behaviour,,
,2019-05,Lancashire Constabulary,Lancashire Constabulary,-2.455842,53.750299,On or near Burnley Street,E01012576,Blackburn with Darwen 008A,Anti-social behaviour,,
,2019-05,Lancashire Constabulary,Lancashire Constabulary,-2.456049,53.751260,On or near Gorse Street,E01012576,Blackburn with Darwen 008A,Anti-social behaviour,,
,2019-05,Lancashire Constabulary,Lancashire Constabulary,-2.453957,53.751259,On or near Burnley Road,E01012576,Blackburn with Darwen 008A,Anti-social behaviour,,
16a7255ab37113893c7af08d7fbff4e460200fbb3c436ee750c9b07729527b63,2019-05,Lancashire Constabulary,Lancashire Constabulary,-2.457394,53.749368,On or near Accrington Road,E01012576,Blackburn with Darwen 008A,Criminal damage and arson,Status update unavailable,
4daf53c32de51a19716564180882aa0bc2030331c7c81f28d0949c8db9e9d685,2019-05,Lancashire Constabulary,Lancashire Constabulary,-2.459522,53.751283,On or near Supermarket,E01012576,Blackburn with Darwen 008A,Criminal damage and arson,Status update unavailable,
a5497cbb6e0ee56bac21f6d21963f83cadc2413a1062748b60faaebfd8f245e5,2019-05,Lancashire Constabulary,Lancashire Constabulary,-2.459522,53.751283,On or near Supermarket,E01012576,Blackburn with Darwen 008A,Other theft,Status update unavailable,
eb8ce2e920b1bdae836ea5a4431fcad0f324b18161760ff8f56d407a4766b4b4,2019-05,Lancashire Constabulary,Lancashire Constabulary,-2.454257,53.748229,On or near Accrington Road,E01012576,Blackburn with Darwen 008A,Other theft,Unable to prosecute suspect,
b939e9e8eb3160322c0a0f2295824e47a6efcd6b478f87141c5c2cdf6cf513b3,2019-05,Lancashire Constabulary,Lancashire Constabulary,-2.459397,53.749549,On or near Furthergate,E01012576,Blackburn with Darwen 008A,Other theft,Status update unavailable,
64480b5b95cedae3b24ff6c943186f0fac5547770a5169da19965401c54ffc5c,2019-05,Lancashire Constabulary,Lancashire Constabulary,-2.459397,53.749549,On or near Furthergate,E01012576,Blackburn with Darwen 008A,Other theft,Status update unavailable,
594718270e5ac4f6dcc56d3594df0497aba8a90389dd940ecd7eb2b181a78f75,2019-05,Lancashire Constabulary,Lancashire Constabulary,-2.459397,53.749549,On or near Furthergate,E01012576,Blackburn with Darwen 008A,Other theft,Status update unavailable,
cb943f4a77004e77fb07768cbc9988a9aa06699f8023f27e6cbe43c69372dd7f,2019-05,Lancashire Constabulary,Lancashire Constabulary,-2.459397,53.749549,On or near Furthergate,E01012576,Blackburn with Darwen 008A,Other theft,Status update unavailable,
73d08654ccdfa05e47ee966e58ae9761142c72c095b65d968fecd5238b2f79c9,2019-05,Lancashire Constabulary,Lancashire Constabulary,-2.459397,53.749549,On or near Furthergate,E01012576,Blackburn with Darwen 008A,Other theft,Status update unavailable,
489df2ad558273f7f2c3e967b0c85b9031207b77eae8b9bb9be20f2b13374604,2019-05,Lancashire Constabulary,Lancashire Constabulary,-2.459522,53.751283,On or near Supermarket,E01012576,Blackburn with Darwen 008A,Other theft,Status update unavailable,
586fa2242c3247c0a2720bdfe446d9f02f5523b7ce9d33702c7200d0442f3df4,2019-05,Lancashire Constabulary,Lancashire Constabulary,-2.456597,53.751465,On or near Petrol Station,E01012576,Blackburn with Darwen 008A,Other theft,Status update unavailable,
8cb7a4c2ebd7901a65468ba6bb7d8b121466f28fb67f94aea38ae4fd573eae90,2019-05,Lancashire Constabulary,Lancashire Constabulary,-2.457394,53.749368,On or near Accrington Road,E01012576,Blackburn with Darwen 008A,Public order,Status update unavailable,
f0f7837beec08c424f32a0911da149eb1fddf9b32f362dc65d0e73f5137bccfe,2019-05,Lancashire Constabulary,Lancashire Constabulary,-2.459522,53.751283,On or near Supermarket,E01012576,Blackburn with Darwen 008A,Shoplifting,Local resolution,
1ce3f67787307fa6c8e0200e61e910631d78677b5e864497f1eb9ff41dcd9e3c,2019-05,Lancashire Constabulary,Lancashire Constabulary,-2.453016,53.749780,On or near Bentley Street,E01012576,Blackburn with Darwen 008A,Vehicle crime,Status update unavailable,
c58027472d474dc299fbfed4fd93904ccab8b516be299936aebeb284c28e9672,2019-05,Lancashire Constabulary,Lancashire Constabulary,-2.451616,53.749390,On or near Carluke Street,E01012576,Blackburn with Darwen 008A,Violence and sexual offences,Unable to prosecute suspect,
5b614a6c3708defdae11fb308a4d3a0b4240f429b68dc69a8509613b051ed21e,2019-05,Lancashire Constabulary,Lancashire Constabulary,-2.456005,53.748573,On or near Croston Street,E01012576,Blackburn with Darwen 008A,Violence and sexual offences,Status update unavailable,
8e573a5bd8f86694471204e1ffd06f700e80cde2ff15e2ca27c894aad86781f7,2019-05,Lancashire Constabulary,Lancashire Constabulary,-2.453957,53.751259,On or near Burnley Road,E01012576,Blackburn with Darwen 008A,Violence and sexual offences,Status update unavailable,
,2019-05,Lancashire Constabulary,Lancashire Constabulary,-2.446449,53.743989,On or near Tarbert Crescent,E01012637,Blackburn with Darwen 008B,Anti-social behaviour,,
,2019-05,Lancashire Constabulary,Lancashire Constabulary,-2.446449,53.743989,On or near Tarbert Crescent,E01012637,Blackburn with Darwen 008B,Anti-social behaviour,,
,2019-05,Lancashire Constabulary,Lancashire Constabulary,-2.446449,53.743989,On or near Tarbert Crescent,E01012637,Blackburn with Darwen 008B,Anti-social behaviour,,
,2019-05,Lancashire Constabulary,Lancashire Constabulary,-2.444241,53.738838,On or near Arran Avenue,E01012637,Blackburn with Darwen 008B,Anti-social behaviour,,
,2019-05,Lancashire Constabulary,Lancashire Constabulary,-2.444162,53.742874,On or near Rothesay Road,E01012637,Blackburn with Darwen 008B,Anti-social behaviour,,
,2019-05,Lancashire Constabulary,Lancashire Constabulary,-2.444887,53.741128,On or near Ballantrae Road,E01012637,Blackburn with Darwen 008B,Anti-social behaviour,,
,2019-05,Lancashire Constabulary,Lancashire Constabulary,-2.444241,53.738838,On or near Arran Avenue,E01012637,Blackburn with Darwen 008B,Anti-social behaviour,,
,2019-05,Lancashire Constabulary,Lancashire Constabulary,-2.446972,53.739008,On or near Bute Road,E01012637,Blackburn with Darwen 008B,Anti-social behaviour,,
,2019-05,Lancashire Constabulary,Lancashire Constabulary,-2.444241,53.738838,On or near Arran Avenue,E01012637,Blackburn with Darwen 008B,Anti-social behaviour,,
0b3358eb785df73d5fe19ef5086171cd3e9595a3cf9824a8874ae102a8443150,2019-05,Lancashire Constabulary,Lancashire Constabulary,-2.446132,53.742714,On or near Ayr Road,E01012637,Blackburn with Darwen 008B,Burglary,Status update unavailable,
b734c53de4548e7337c7f28c3b1bd71d117b2961bda754b0bce8b4c1a58d6911,2019-05,Lancashire Constabulary,Lancashire Constabulary,-2.444162,53.742874,On or near Rothesay Road,E01012637,Blackburn with Darwen 008B,Other theft,Unable to prosecute suspect,
df41e2920d1b875543105ea544fefc097f1f73e1cc03298f0845b678fd7cd678,2019-05,Lancashire Constabulary,Lancashire Constabulary,-2.446972,53.739008,On or near Bute Road,E01012637,Blackburn with Darwen 008B,Shoplifting,Status update unavailable,
65623d8374a141d7f282f5b75ef1dcd622ea9148c9145f402ff40e6243549018,2019-05,Lancashire Constabulary,Lancashire Constabulary,-2.446449,53.743989,On or near Tarbert Crescent,E01012637,Blackburn with Darwen 008B,Vehicle crime,Status update unavailable,
d863a617553455d7c6464d09de7402e9391c938a73669fc10e3048484037e586,2019-05,Lancashire Constabulary,Lancashire Constabulary,-2.443894,53.741842,On or near Brodick Road,E01012637,Blackburn with Darwen 008B,Vehicle crime,Status update unavailable,
241d1155e964a12523a7230a92a3c0dfde46d8fff6bdf93eddcba4f85b225cd2,2019-05,Lancashire Constabulary,Lancashire Constabulary,-2.442488,53.743689,On or near Staffa Crescent,E01012637,Blackburn with Darwen 008B,Vehicle crime,Status update unavailable,
79d2e978487c8b2be4903d26d21ddec4da45ae92663c6696c2e97b1315966f4e,2019-05,Lancashire Constabulary,Lancashire Constabulary,-2.446132,53.742714,On or near Ayr Road,E01012637,Blackburn with Darwen 008B,Violence and sexual offences,Unable to prosecute suspect,
60f2f31fb5bf5fe0bb1ace8f8f8467f507fa1f32dc2c65ad3ddd1637cd3df7c1,2019-05,Lancashire Constabulary,Lancashire Constabulary,-2.443894,53.741842,On or near Brodick Road,E01012637,Blackburn with Darwen 008B,Violence and sexual offences,Status update unavailable,
a89fa7883e2564d1917dcd7886df355f4550336895a38d441149beca1ba00c73,2019-05,Lancashire Constabulary,Lancashire Constabulary,-2.444241,53.738838,On or near Arran Avenue,E01012637,Blackburn with Darwen 008B,Violence and sexual offences,Unable to prosecute suspect,
2233f63a7a8f7540e7dcf23b7b8bef4a5bb0d2812ef2bf52e198c352f6dbe1bb,2019-05,Lancashire Constabulary,Lancashire Constabulary,-2.446972,53.739008,On or near Bute Road,E01012637,Blackburn with Darwen 008B,Violence and sexual offences,Status update unavailable,
3efd09dd5e409f78de3e8bc5a9e9a6d9d97e266d7d34078b2bf3f57b664d275a,2019-05,Lancashire Constabulary,Lancashire Constabulary,-2.446972,53.739008,On or near Bute Road,E01012637,Blackburn with Darwen 008B,Violence and sexual offences,Status update unavailable,
8dd204790465abd61990071f6bc4409a8210fd1497b8ad09c98ef1913fe68f18,2019-05,Lancashire Constabulary,Lancashire Constabulary,-2.446972,53.739008,On or near Bute Road,E01012637,Blackburn with Darwen 008B,Violence and sexual offences,Status update unavailable,
9be54c91479d499a118270fed8874ca221804dded45260886ee08441b984b972,2019-05,Lancashire Constabulary,Lancashire Constabulary,-2.444241,53.738838,On or near Arran Avenue,E01012637,Blackburn with Darwen 008B,Violence and sexual offences,Unable to prosecute suspect,
,2019-05,Lancashire Constabulary,Lancashire Constabulary,-2.448579,53.740449,On or near Skye Crescent,E01012638,Blackburn with Darwen 008C,Anti-social behaviour,,
,2019-05,Lancashire Constabulary,Lancashire Constabulary,-2.449201,53.741876,On or near Shetland Close,E01012638,Blackburn with Darwen 008C,Anti-social behaviour,,
,2019-05,Lancashire Constabulary,Lancashire Constabulary,-2.449201,53.741876,On or near Shetland Close,E01012638,Blackburn with Darwen 008C,Anti-social behaviour,,
,2019-05,Lancashire Constabulary,Lancashire Constabulary,-2.452610,53.738861,On or near Petrol Station,E01012638,Blackburn with Darwen 008C,Anti-social behaviour,,
,2019-05,Lancashire Constabulary,Lancashire Constabulary,-2.449186,53.739080,On or near Largs Road,E01012638,Blackburn with Darwen 008C,Anti-social behaviour,,
,2019-05,Lancashire Constabulary,Lancashire Constabulary,-2.453978,53.740554,On or near Ennerdale Avenue,E01012638,Blackburn with Darwen 008C,Anti-social behaviour,,
,2019-05,Lancashire Constabulary,Lancashire Constabulary,-2.449186,53.739080,On or near Largs Road,E01012638,Blackburn with Darwen 008C,Anti-social behaviour,,
,2019-05,Lancashire Constabulary,Lancashire Constabulary,-2.447580,53.740587,On or near Dunoon Drive,E01012638,Blackburn with Darwen 008C,Anti-social behaviour,,
,2019-05,Lancashire Constabulary,Lancashire Constabulary,-2.453172,53.740396,On or near Patterdale Avenue,E01012638,Blackburn with Darwen 008C,Anti-social behaviour,,
,2019-05,Lancashire Constabulary,Lancashire Constabulary,-2.448579,53.740449,On or near Skye Crescent,E01012638,Blackburn with Darwen 008C,Anti-social behaviour,,
b8d01ff26382f91714a71c7a7d18572c8fe9c2af52b8c8eaae0326efd547d3ea,2019-05,Lancashire Constabulary,Lancashire Constabulary,-2.454303,53.738432,On or near Grisedale Avenue,E01012638,Blackburn with Darwen 008C,Criminal damage and arson,Status update unavailable,
a083e6da995ed358d1aebe16d9eb136514b6326b84006f58d7a70327589a1078,2019-05,Lancashire Constabulary,Lancashire Constabulary,-2.450895,53.738643,On or near Troon Avenue,E01012638,Blackburn with Darwen 008C,Criminal damage and arson,Status update unavailable,
419fff56bddcdf1e17f1eaf87cc125603679d62c4c2f715f0477647683fce51e,2019-05,Lancashire Constabulary,Lancashire Constabulary,-2.444574,53.740239,On or near Glenluce Crescent,E01012638,Blackburn with Darwen 008C,Criminal damage and arson,Status update unavailable,
847e40b92b06132ee5b9c585d2fce48509c0d258e0d68e137046714e49679070,2019-05,Lancashire Constabulary,Lancashire Constabulary,-2.449186,53.739080,On or near Largs Road,E01012638,Blackburn with Darwen 008C,Criminal damage and arson,Status update unavailable,
3ebb249066f30faea293e15762a3a523dda27a97cb929f40bd94cdfd9f490345,2019-05,Lancashire Constabulary,Lancashire Constabulary,-2.452610,53.738861,On or near Petrol Station,E01012638,Blackburn with Darwen 008C,Other theft,Status update unavailable,
ef59f568ac8f6ed3ee204ea1b399ce61bc6f3de6ae93fcd8f75550b458623b38,2019-05,Lancashire Constabulary,Lancashire Constabulary,-2.452610,53.738861,On or near Petrol Station,E01012638,Blackburn with Darwen 008C,Public order,Status update unavailable,
5dc19409eb2a212366d975df2b635d9b6b6f91983f16d3234fc301db81ad5dac,2019-05,Lancashire Constabulary,Lancashire Constabulary,-2.448579,53.740449,On or near Skye Crescent,E01012638,Blackburn with Darwen 008C,Public order,Unable to prosecute suspect,
7a1edac52c6eac958b75325dd8cdfee27357a42f36c5fcba3a0c1f359ff53892,2019-05,Lancashire Constabulary,Lancashire Constabulary,-2.444574,53.740239,On or near Glenluce Crescent,E01012638,Blackburn with Darwen 008C,Violence and sexual offences,Unable to prosecute suspect,
76113f2e5196b68a0442fa757b5ac1c5e7e103b27d3bb123d34635348c2912cc,2019-05,Lancashire Constabulary,Lancashire Constabulary,-2.453978,53.740554,On or near Ennerdale Avenue,E01012638,Blackburn with Darwen 008C,Violence and sexual offences,Status update unavailable,
02ad4b9980d7a4729b53fae87426969bcf5f359abc16930d41f746b3ff96412d,2019-05,Lancashire Constabulary,Lancashire Constabulary,-2.453978,53.740554,On or near Ennerdale Avenue,E01012638,Blackburn with Darwen 008C,Violence and sexual offences,Status update unavailable,
9e1cca4a8f22f532c7840344ed48eefac9c8f1bb09507d44a54d2f8e8ec730b7,2019-05,Lancashire Constabulary,Lancashire Constabulary,-2.453978,53.740554,On or near Ennerdale Avenue,E01012638,Blackburn with Darwen 008C,Violence and sexual offences,Further investigation is not in the public interest,
d726c04b302c6d8e3cf3c439b371828bde2860f61d58e83ff2668bdffda18e96,2019-05,Lancashire Constabulary,Lancashire Constabulary,-2.449201,53.741876,On or near Shetland Close,E01012638,Blackburn with Darwen 008C,Violence and sexual offences,Investigation complete; no suspect identified,
ebbfc7dabec32f275bc608c494f633b5d45b9e649ec5e41f7a908c4fe49ed8e3,2019-05,Lancashire Constabulary,Lancashire Constabulary,-2.453978,53.740554,On or near Ennerdale Avenue,E01012638,Blackburn with Darwen 008C,Violence and sexual offences,Status update unavailable,
70b33838d9f88b2f651749849022f6201ec4de23ee68abd0b91fe40cc436350d,2019-05,Lancashire Constabulary,Lancashire Constabulary,-2.449186,53.739080,On or near Largs Road,E01012638,Blackburn with Darwen 008C,Violence and sexual offences,Status update unavailable,
,2019-05,Lancashire Constabulary,Lancashire Constabulary,-2.446450,53.751297,On or near Surrey Road,E01012639,Blackburn with Darwen 008D,Anti-social behaviour,,
,2019-05,Lancashire Constabulary,Lancashire Constabulary,-2.449052,53.749282,On or near Devon Road,E01012639,Blackburn with Darwen 008D,Anti-social behaviour,,
,2019-05,Lancashire Constabulary,Lancashire Constabulary,-2.447033,53.753353,On or near Burnley Road,E01012639,Blackburn with Darwen 008D,Anti-social behaviour,,
,2019-05,Lancashire Constabulary,Lancashire Constabulary,-2.444015,53.748987,On or near Whitebirk Road,E01012639,Blackburn with Darwen 008D,Anti-social behaviour,,
,2019-05,Lancashire Constabulary,Lancashire Constabulary,-2.448126,53.752054,On or near Gloucester Road,E01012639,Blackburn with Darwen 008D,Anti-social behaviour,,
,2019-05,Lancashire Constabulary,Lancashire Constabulary,-2.443357,53.749870,On or near Hamer Avenue,E01012639,Blackburn with Darwen 008D,Anti-social behaviour,,
,2019-05,Lancashire Constabulary,Lancashire Constabulary,-2.449043,53.751269,On or near Worcester Road,E01012639,Blackburn with Darwen 008D,Anti-social behaviour,,
,2019-05,Lancashire Constabulary,Lancashire Constabulary,-2.445020,53.750897,On or near Whitebirk Road,E01012639,Blackburn with Darwen 008D,Anti-social behaviour,,
,2019-05,Lancashire Constabulary,Lancashire Constabulary,-2.451465,53.750801,On or near Leicester Road,E01012639,Blackburn with Darwen 008D,Anti-social behaviour,,
,2019-05,Lancashire Constabulary,Lancashire Constabulary,-2.448126,53.752054,On or near Gloucester Road,E01012639,Blackburn with Darwen 008D,Anti-social behaviour,,
,2019-05,Lancashire Constabulary,Lancashire Constabulary,-2.450284,53.752397,On or near Burnley Road,E01012639,Blackburn with Darwen 008D,Anti-social behaviour,,
f8412fc58b2a1c7288197ee5d6cf6327efa9a082b124ddc147a119ff26f3085f,2019-05,Lancashire Constabulary,Lancashire Constabulary,-2.447033,53.753353,On or near Burnley Road,E01012639,Blackburn with Darwen 008D,Burglary,Status update unavailable,
f7edc3e371e717cf92d757d715490e261f395ad05af79918d4f8aa4a462bddd5,2019-05,Lancashire Constabulary,Lancashire Constabulary,-2.446450,53.751297,On or near Surrey Road,E01012639,Blackburn with Darwen 008D,Criminal damage and arson,Status update unavailable,
19e42b1de9a5c9c5a7a26a7149c85a22f4b065fb53cdaead6ed7a5441199dc3d,2019-05,Lancashire Constabulary,Lancashire Constabulary,-2.442069,53.749947,On or near Maricourt Avenue,E01012639,Blackburn with Darwen 008D,Other theft,Status update unavailable,
0574800cab822bcd8653abb26019f97bb8fb75ec418d664ca1fc980dd92e13a3,2019-05,Lancashire Constabulary,Lancashire Constabulary,-2.447033,53.753353,On or near Burnley Road,E01012639,Blackburn with Darwen 008D,Public order,Unable to prosecute suspect,
5c7d8c135a75cdc89d51b173e9e73956b161f0cbfb64aeddc139bfda89b87a45,2019-05,Lancashire Constabulary,Lancashire Constabulary,-2.445020,53.750897,On or near Whitebirk Road,E01012639,Blackburn with Darwen 008D,Public order,Unable to prosecute suspect,
0c0955bd5a06acdfb6084bba3cb02dedc82674a36f51be5f0a262b72181b021a,2019-05,Lancashire Constabulary,Lancashire Constabulary,-2.446450,53.751297,On or near Surrey Road,E01012639,Blackburn with Darwen 008D,Public order,Unable to prosecute suspect,
85de7e09892faa27a09ef37ace5b3e362d9618641ded130a329e758738f11465,2019-05,Lancashire Constabulary,Lancashire Constabulary,-2.443357,53.749870,On or near Hamer Avenue,E01012639,Blackburn with Darwen 008D,Violence and sexual offences,Unable to prosecute suspect,
3749cadf32786174149e67f5dffb6da0fc5904c260f6accb00ca5768c943132c,2019-05,Lancashire Constabulary,Lancashire Constabulary,-2.448126,53.752054,On or near Gloucester Road,E01012639,Blackburn with Darwen 008D,Violence and sexual offences,Status update unavailable,
e21ff75284ccd61e47b23b8795c42e969759a976a994e1d567822c0efefe924a,2019-05,Lancashire Constabulary,Lancashire Constabulary,-2.446450,53.751297,On or near Surrey Road,E01012639,Blackburn with Darwen 008D,Violence and sexual offences,Status update unavailable,
8d3f5676fb9bd655452721d090c7bcd5a4d692f2b0b094f8c14f0f298c997317,2019-05,Lancashire Constabulary,Lancashire Constabulary,-2.450284,53.752397,On or near Burnley Road,E01012639,Blackburn with Darwen 008D,Violence and sexual offences,Status update unavailable,
040533c6f6fa2e76f51b9c048dec7e28a2ebf39472877acc8972723179f1e1e3,2019-05,Lancashire Constabulary,Lancashire Constabulary,-2.449052,53.749282,On or near Devon Road,E01012639,Blackburn with Darwen 008D,Violence and sexual offences,Status update unavailable,
239a50a1af9d406d1b2ae60ff585bb735d5a2d4194dff6b31c075cb9a69d482c,2019-05,Lancashire Constabulary,Lancashire Constabulary,-2.451465,53.750801,On or near Leicester Road,E01012639,Blackburn with Darwen 008D,Violence and sexual offences,Unable to prosecute suspect,
4e0b894ef734b758bf36cafb1cc9ff19bea28ffa859a36963076e09fbd5dd465,2019-05,Lancashire Constabulary,Lancashire Constabulary,-2.446450,53.751297,On or near Surrey Road,E01012639,Blackburn with Darwen 008D,Violence and sexual offences,Status update unavailable,
,2019-05,Lancashire Constabulary,Lancashire Constabulary,-2.447707,53.745378,On or near Moorside Avenue,E01012640,Blackburn with Darwen 008E,Anti-social behaviour,,
,2019-05,Lancashire Constabulary,Lancashire Constabulary,-2.446865,53.746046,On or near Fecitt Brow,E01012640,Blackburn with Darwen 008E,Anti-social behaviour,,
,2019-05,Lancashire Constabulary,Lancashire Constabulary,-2.446865,53.746046,On or near Fecitt Brow,E01012640,Blackburn with Darwen 008E,Anti-social behaviour,,
2c4d425de0f5506993c232a266ddc36acc518ff3be5147ed800e095d6ff921ad,2019-05,Lancashire Constabulary,Lancashire Constabulary,-2.450234,53.749161,On or near Brecon Road,E01012640,Blackburn with Darwen 008E,Criminal damage and arson,Local resolution,
c47f6ebd5423562ca4182d3f66fda2f297bf6f0c9e0ac22a2def951cb52af0a0,2019-05,Lancashire Constabulary,Lancashire Constabulary,-2.450234,53.749161,On or near Brecon Road,E01012640,Blackburn with Darwen 008E,Criminal damage and arson,Status update unavailable,
d1e157544bca9cd707a0b344b712ec360e3887e29efceca94cc8c2faaf94a7fa,2019-05,Lancashire Constabulary,Lancashire Constabulary,-2.446448,53.746767,On or near Heaning Avenue,E01012640,Blackburn with Darwen 008E,Other theft,Unable to prosecute suspect,
a31ad53c4ccb1abb5f855a1818b2921e5d858966df71cedb3d25271c4bfdfbb4,2019-05,Lancashire Constabulary,Lancashire Constabulary,-2.448189,53.746544,On or near Paddock Lane,E01012640,Blackburn with Darwen 008E,Other theft,Status update unavailable,
dbe46c77df8c98640c78c2ea761302770cb2eda71aa30e149289afe49dc69a59,2019-05,Lancashire Constabulary,Lancashire Constabulary,-2.442682,53.746241,On or near Kingsmead,E01012640,Blackburn with Darwen 008E,Other theft,Status update unavailable,
a93ad7d3fb72d3245f57a901a75cb456f80f20ca3afb338e8e89cf34ba20bee3,2019-05,Lancashire Constabulary,Lancashire Constabulary,-2.451848,53.746998,On or near Freeman Close,E01012640,Blackburn with Darwen 008E,Public order,Status update unavailable,
821439f179bb1817469e14c20d8de89744dc8fa54fef23573651f170f5b111f5,2019-05,Lancashire Constabulary,Lancashire Constabulary,-2.444049,53.746524,On or near Bank Lane,E01012640,Blackburn with Darwen 008E,Violence and sexual offences,Unable to prosecute suspect,
a4e7929e358f618c2a9ec8eb061f3cfad55672c09841f4a3ceea906537605d13,2019-05,Lancashire Constabulary,Lancashire Constabulary,-2.442682,53.746241,On or near Kingsmead,E01012640,Blackburn with Darwen 008E,Violence and sexual offences,Status update unavailable,
36549d5a70c4aa3371253dd7ece9b9cae2f8ab75fae9264e96305d2873752853,2019-05,Lancashire Constabulary,Lancashire Constabulary,-2.450234,53.749161,On or near Brecon Road,E01012640,Blackburn with Darwen 008E,Violence and sexual offences,Unable to prosecute suspect,
,2019-05,Lancashire Constabulary,Lancashire Constabulary,-2.450683,53.745816,On or near Delph Close,E01012641,Blackburn with Darwen 008F,Anti-social behaviour,,
,2019-05,Lancashire Constabulary,Lancashire Constabulary,-2.452983,53.745376,On or near Hythe Close,E01012641,Blackburn with Darwen 008F,Anti-social behaviour,,
,2019-05,Lancashire Constabulary,Lancashire Constabulary,-2.455648,53.742175,On or near North Road,E01012641,Blackburn with Darwen 008F,Anti-social behaviour,,
,2019-05,Lancashire Constabulary,Lancashire Constabulary,-2.454184,53.744230,On or near Sandwich Close,E01012641,Blackburn with Darwen 008F,Anti-social behaviour,,
,2019-05,Lancashire Constabulary,Lancashire Constabulary,-2.455648,53.742175,On or near North Road,E01012641,Blackburn with Darwen 008F,Anti-social behaviour,,
,2019-05,Lancashire Constabulary,Lancashire Constabulary,-2.455648,53.742175,On or near North Road,E01012641,Blackburn with Darwen 008F,Anti-social behaviour,,
edf13f49f532c7a605cb570759f6865a9aa55717c72a6fcc0feb86c01e2bb9d7,2019-05,Lancashire Constabulary,Lancashire Constabulary,-2.455455,53.744018,On or near Hastings Close,E01012641,Blackburn with Darwen 008F,Criminal damage and arson,Status update unavailable,
545f2e98f01fc688dda9648931c0c4c91156ea2dba85a4f5ac9e2a4db75154b1,2019-05,Lancashire Constabulary,Lancashire Constabulary,-2.450683,53.745816,On or near Delph Close,E01012641,Blackburn with Darwen 008F,Criminal damage and arson,Status update unavailable,
21e8d8c25680660fb0b0da04a7609b4a667df2f3f3b09587b12db10b5a2a339e,2019-05,Lancashire Constabulary,Lancashire Constabulary,-2.452904,53.746455,On or near Westbury Gardens,E01012641,Blackburn with Darwen 008F,Criminal damage and arson,Status update unavailable,
76dfa8555d81ee23d1875a7adf633ffbbd8964cdefa93b0e46893ecd7037f76d,2019-05,Lancashire Constabulary,Lancashire Constabulary,-2.450683,53.745816,On or near Delph Close,E01012641,Blackburn with Darwen 008F,Criminal damage and arson,Status update unavailable,
cc929a60fdf03eee0b7ccd7192405699af232f12e30670c914f888deebaa7345,2019-05,Lancashire Constabulary,Lancashire Constabulary,-2.452983,53.745376,On or near Hythe Close,E01012641,Blackburn with Darwen 008F,Public order,Unable to prosecute suspect,
aa1e82c3dd79d9638a3312fa522219b026d6222c4d7c03066fb74a24002af003,2019-05,Lancashire Constabulary,Lancashire Constabulary,-2.452983,53.745376,On or near Hythe Close,E01012641,Blackburn with Darwen 008F,Public order,Status update unavailable,
cd99869a56ce6da67b6b34249e83ae69d248bd976d89169e75918f0020e09ae4,2019-05,Lancashire Constabulary,Lancashire Constabulary,-2.449058,53.744123,On or near Farm House Close,E01012641,Blackburn with Darwen 008F,Public order,Status update unavailable,
689784a5be9e9fcc59e3779f4715b2ae97d5eeb2cb0ebc6bf531bb94a41a7c6b,2019-05,Lancashire Constabulary,Lancashire Constabulary,-2.449818,53.745738,On or near Delph Approach,E01012641,Blackburn with Darwen 008F,Vehicle crime,Status update unavailable,
17c1677e69ebb692f497c54b956cb1718e93a8ffcf00ee358d59385423c072a2,2019-05,Lancashire Constabulary,Lancashire Constabulary,-2.448515,53.742939,On or near Orkney Close,E01012641,Blackburn with Darwen 008F,Violence and sexual offences,Unable to prosecute suspect,
a8f3344c10c4c707b12d47f5599b376c6ad671d6bc6e9fa2235b57e6cb2102a3,2019-05,Lancashire Constabulary,Lancashire Constabulary,-2.452983,53.745376,On or near Hythe Close,E01012641,Blackburn with Darwen 008F,Violence and sexual offences,Status update unavailable,
ab9327980780ba5e627681f80e15b42e9757f9cb1469fd35cb54f5fd2cb68746,2019-05,Lancashire Constabulary,Lancashire Constabulary,-2.455455,53.744018,On or near Hastings Close,E01012641,Blackburn with Darwen 008F,Violence and sexual offences,Status update unavailable,
e5d0005afc5f9caea4ccddbddab0d42dccf871ba4b20e05819e056583b468012,2019-05,Lancashire Constabulary,Lancashire Constabulary,-2.455455,53.744018,On or near Hastings Close,E01012641,Blackburn with Darwen 008F,Violence and sexual offences,Unable to prosecute suspect,
3d023c1792a1c6a1a5cafcb253c91c929a4928f4442e5bb9140ab51b42ad30db,2019-05,Lancashire Constabulary,Lancashire Constabulary,-2.452904,53.746455,On or near Westbury Gardens,E01012641,Blackburn with Darwen 008F,Violence and sexual offences,Unable to prosecute suspect,
47b3bdec4ee840f488e214c5e593b2d52e9e1336c08c2fc1c598a45acd2738fc,2019-05,Lancashire Constabulary,Lancashire Constabulary,-2.448515,53.742939,On or near Orkney Close,E01012641,Blackburn with Darwen 008F,Violence and sexual offences,Status update unavailable,
5c0c1afb78c5b65651f290dcf85e1153785d526a5cdf0d8cbd195a897d1f86c0,2019-05,Lancashire Constabulary,Lancashire Constabulary,-2.450284,53.742474,On or near Delph Lane,E01012641,Blackburn with Darwen 008F,Violence and sexual offences,Unable to prosecute suspect,
5baa4f0471c4ae6f8e0a7d2f09033c16c39093e697de5daa9ee34175adb487f4,2019-05,Lancashire Constabulary,Lancashire Constabulary,-2.452983,53.745376,On or near Hythe Close,E01012641,Blackburn with Darwen 008F,Violence and sexual offences,Status update unavailable,
,2019-05,Lancashire Constabulary,Lancashire Constabulary,-2.493482,53.736147,On or near Exeter Street,E01012595,Blackburn with Darwen 009A,Anti-social behaviour,,
,2019-05,Lancashire Constabulary,Lancashire Constabulary,-2.492802,53.736401,On or near Cranbrook Street,E01012595,Blackburn with Darwen 009A,Anti-social behaviour,,
,2019-05,Lancashire Constabulary,Lancashire Constabulary,-2.492782,53.734649,On or near Hamilton Street,E01012595,Blackburn with Darwen 009A,Anti-social behaviour,,
,2019-05,Lancashire Constabulary,Lancashire Constabulary,-2.492802,53.736401,On or near Cranbrook Street,E01012595,Blackburn with Darwen 009A,Anti-social behaviour,,
,2019-05,Lancashire Constabulary,Lancashire Constabulary,-2.490845,53.731061,On or near Calico Street,E01012595,Blackburn with Darwen 009A,Anti-social behaviour,,
,2019-05,Lancashire Constabulary,Lancashire Constabulary,-2.490790,53.734127,On or near Petrol Station,E01012595,Blackburn with Darwen 009A,Anti-social behaviour,,
,2019-05,Lancashire Constabulary,Lancashire Constabulary,-2.488256,53.733966,On or near Woodbury Avenue,E01012595,Blackburn with Darwen 009A,Anti-social behaviour,,
559af4f5ea856c391506a0d0bb4b21260b72b084789ceafcf1f995aaca34c2ed,2019-05,Lancashire Constabulary,Lancashire Constabulary,-2.488700,53.738207,On or near Boothman Street,E01012595,Blackburn with Darwen 009A,Burglary,Status update unavailable,
e6cc029b87eff266e59d9e3f14db8c1cca641986187a52b55a516addebbb6b4d,2019-05,Lancashire Constabulary,Lancashire Constabulary,-2.493482,53.736147,On or near Exeter Street,E01012595,Blackburn with Darwen 009A,Burglary,Status update unavailable,
3644abd1227a5d88ba372fd602d7b9eda241a0322678435297666a577fb999a9,2019-05,Lancashire Constabulary,Lancashire Constabulary,-2.494800,53.736123,On or near Hollin Bridge Street,E01012595,Blackburn with Darwen 009A,Criminal damage and arson,Unable to prosecute suspect,
b5f7a5ab49098465d2e0a752ff72294cd3e71da22d435cb4d70640f1c3e1a80b,2019-05,Lancashire Constabulary,Lancashire Constabulary,-2.493128,53.737038,On or near Wilson Street,E01012595,Blackburn with Darwen 009A,Criminal damage and arson,Status update unavailable,
3b57456d49c5e592a6d7ad74282cafcedf9e939d63532fa1177620970bdd2da7,2019-05,Lancashire Constabulary,Lancashire Constabulary,-2.492802,53.736401,On or near Cranbrook Street,E01012595,Blackburn with Darwen 009A,Criminal damage and arson,Status update unavailable,
99210493e8d64913c1864fc5f9018357400e9571858e8cde90dc7ebb3a5de036,2019-05,Lancashire Constabulary,Lancashire Constabulary,-2.493412,53.736677,On or near Grafton Street,E01012595,Blackburn with Darwen 009A,Criminal damage and arson,Status update unavailable,
2e6d551ced556f29b396ec05dd552509805db7f1079717c4e0f4feff8854e4e6,2019-05,Lancashire Constabulary,Lancashire Constabulary,-2.493482,53.736147,On or near Exeter Street,E01012595,Blackburn with Darwen 009A,Criminal damage and arson,Status update unavailable,
425b4e8b6cbc60d22e98ab7e318bb9f32f097e11d03ff67bd5865d221fb5bf92,2019-05,Lancashire Constabulary,Lancashire Constabulary,-2.491895,53.732729,On or near Aqueduct Road,E01012595,Blackburn with Darwen 009A,Other theft,Status update unavailable,
cdd5e05b4ce407ac1c5ae562abc992992a663fc75ba501d46bbb3e9ce6a01149,2019-05,Lancashire Constabulary,Lancashire Constabulary,-2.490901,53.729326,On or near Kidder Street,E01012595,Blackburn with Darwen 009A,Other theft,Unable to prosecute suspect,
56d4c429721166022aea1654e9210a542cbca76dea48d465c4adbc228bfe0707,2019-05,Lancashire Constabulary,Lancashire Constabulary,-2.493128,53.737038,On or near Wilson Street,E01012595,Blackburn with Darwen 009A,Other theft,Status update unavailable,
b26adec3045964be921c7556250b7c682810865e5e3440f475e920c309358aa0,2019-05,Lancashire Constabulary,Lancashire Constabulary,-2.493412,53.736677,On or near Grafton Street,E01012595,Blackburn with Darwen 009A,Public order,Unable to prosecute suspect,
1eb539e6c11fb2fa009a9ac5567b134ee592bf2cc03b7d8b96778c0d224c2736,2019-05,Lancashire Constabulary,Lancashire Constabulary,-2.494376,53.737446,On or near Hollin Street,E01012595,Blackburn with Darwen 009A,Public order,Unable to prosecute suspect,
28defbdf6191f855498e1a002d12acf665060faf92ca87b763026863058bc83b,2019-05,Lancashire Constabulary,Lancashire Constabulary,-2.492782,53.734649,On or near Hamilton Street,E01012595,Blackburn with Darwen 009A,Public order,Status update unavailable,
598eeb428f3e66f39281d1a45043e1b6696cbc03017b0d0f2a35f4b9a2b470b2,2019-05,Lancashire Constabulary,Lancashire Constabulary,-2.489646,53.732235,On or near Wolseley Street,E01012595,Blackburn with Darwen 009A,Public order,Unable to prosecute suspect,
1b2e614daf6ce2dc7f4073ebf289d0038bbdd9263d85dc25bc573e8078d91ff5,2019-05,Lancashire Constabulary,Lancashire Constabulary,-2.489646,53.732235,On or near Wolseley Street,E01012595,Blackburn with Darwen 009A,Vehicle crime,Status update unavailable,
280b69ce8728f313b418923771444b0af9fb443150822755718f9cc13fbc366c,2019-05,Lancashire Constabulary,Lancashire Constabulary,-2.490865,53.730144,On or near Tapestry Street,E01012595,Blackburn with Darwen 009A,Vehicle crime,Status update unavailable,
ce570e5836b231ed33b03d8e44e5300e6a8d30904083a9d536132fac58314e09,2019-05,Lancashire Constabulary,Lancashire Constabulary,-2.493128,53.737038,On or near Wilson Street,E01012595,Blackburn with Darwen 009A,Violence and sexual offences,Unable to prosecute suspect,
3012cb8a600d6d43eba813fe92cf5e3fc2c1898e9c98c6c899db929f52a18076,2019-05,Lancashire Constabulary,Lancashire Constabulary,-2.493128,53.737038,On or near Wilson Street,E01012595,Blackburn with Darwen 009A,Violence and sexual offences,Unable to prosecute suspect,
544f9e46d45da23cdc20a8d962f58ff93d0f75d79147ee21f4d82ccc19637e30,2019-05,Lancashire Constabulary,Lancashire Constabulary,-2.494800,53.736123,On or near Hollin Bridge Street,E01012595,Blackburn with Darwen 009A,Violence and sexual offences,Unable to prosecute suspect,
47a03bbe3f63a96d4e389528dfa4b1ef8d5d8d1a8a313a82add51dac70022573,2019-05,Lancashire Constabulary,Lancashire Constabulary,-2.492120,53.737689,On or near Charles Street,E01012595,Blackburn with Darwen 009A,Violence and sexual offences,Unable to prosecute suspect,
93d871fb4747adcedd22271452e6b131b8f5f54ca4e7b9f1d736e9feba85af75,2019-05,Lancashire Constabulary,Lancashire Constabulary,-2.488700,53.738207,On or near Boothman Street,E01012595,Blackburn with Darwen 009A,Violence and sexual offences,Status update unavailable,
abd27edf2ba1b070d0a0e3dc8ada0597c3373dc3e961491849652a1a7883298b,2019-05,Lancashire Constabulary,Lancashire Constabulary,-2.491895,53.732729,On or near Aqueduct Road,E01012595,Blackburn with Darwen 009A,Violence and sexual offences,Status update unavailable,
db87d522d19f1a468e3c328c22540e0a027b0ff38f7c6eca7efde51ae647d384,2019-05,Lancashire Constabulary,Lancashire Constabulary,-2.492802,53.736401,On or near Cranbrook Street,E01012595,Blackburn with Darwen 009A,Violence and sexual offences,Status update unavailable,
8710650d581f2168911c487ecf3f9f1769005ec86f75e45cd47977298697a7df,2019-05,Lancashire Constabulary,Lancashire Constabulary,-2.490790,53.734127,On or near Petrol Station,E01012595,Blackburn with Darwen 009A,Other crime,Status update unavailable,
,2019-05,Lancashire Constabulary,Lancashire Constabulary,-2.483391,53.736646,On or near Hall Street,E01012596,Blackburn with Darwen 009B,Anti-social behaviour,,
,2019-05,Lancashire Constabulary,Lancashire Constabulary,-2.487164,53.733899,On or near Sunny Bank Road,E01012596,Blackburn with Darwen 009B,Anti-social behaviour,,
,2019-05,Lancashire Constabulary,Lancashire Constabulary,-2.487651,53.736692,On or near Infirmary Close,E01012596,Blackburn with Darwen 009B,Anti-social behaviour,,
,2019-05,Lancashire Constabulary,Lancashire Constabulary,-2.485807,53.735783,On or near Mosley Street,E01012596,Blackburn with Darwen 009B,Anti-social behaviour,,
,2019-05,Lancashire Constabulary,Lancashire Constabulary,-2.485573,53.736557,On or near Infirmary Street,E01012596,Blackburn with Darwen 009B,Anti-social behaviour,,
,2019-05,Lancashire Constabulary,Lancashire Constabulary,-2.486039,53.734937,On or near Southworth Street,E01012596,Blackburn with Darwen 009B,Anti-social behaviour,,
,2019-05,Lancashire Constabulary,Lancashire Constabulary,-2.487164,53.733899,On or near Sunny Bank Road,E01012596,Blackburn with Darwen 009B,Anti-social behaviour,,
,2019-05,Lancashire Constabulary,Lancashire Constabulary,-2.483293,53.736045,On or near Leach Street,E01012596,Blackburn with Darwen 009B,Anti-social behaviour,,
,2019-05,Lancashire Constabulary,Lancashire Constabulary,-2.487164,53.733899,On or near Sunny Bank Road,E01012596,Blackburn with Darwen 009B,Anti-social behaviour,,
,2019-05,Lancashire Constabulary,Lancashire Constabulary,-2.485573,53.736557,On or near Infirmary Street,E01012596,Blackburn with Darwen 009B,Anti-social behaviour,,
,2019-05,Lancashire Constabulary,Lancashire Constabulary,-2.485573,53.736557,On or near Infirmary Street,E01012596,Blackburn with Darwen 009B,Anti-social behaviour,,
c92958e81d9e97dd08b4f01cdcf07199879593f581be6f5ff78ae1b76d83dc2a,2019-05,Lancashire Constabulary,Lancashire Constabulary,-2.487752,53.733582,On or near Malvern Avenue,E01012596,Blackburn with Darwen 009B,Criminal damage and arson,Status update unavailable,
a36966c4779d370adb87a44ac41eb19a167aa28c41813bd4541aaefe198b1cb1,2019-05,Lancashire Constabulary,Lancashire Constabulary,-2.482884,53.734743,On or near Lyndhurst Road,E01012596,Blackburn with Darwen 009B,Criminal damage and arson,Court case unable to proceed,
77516615b9dd14cfccf44753be7637a3b861d8500bdbe2178ce0f85b856c31eb,2019-05,Lancashire Constabulary,Lancashire Constabulary,-2.487651,53.736692,On or near Infirmary Close,E01012596,Blackburn with Darwen 009B,Criminal damage and arson,Unable to prosecute suspect,
4370cecd3d8eee65e44848223bd696b11106a72e40fbd2658cff9e6f493e6261,2019-05,Lancashire Constabulary,Lancashire Constabulary,-2.485807,53.735783,On or near Mosley Street,E01012596,Blackburn with Darwen 009B,Criminal damage and arson,Status update unavailable,
4883b85929dca94e5a1baf64647e36c0d924dc5b4d267567cfdac21b72721b48,2019-05,Lancashire Constabulary,Lancashire Constabulary,-2.483293,53.736045,On or near Leach Street,E01012596,Blackburn with Darwen 009B,Criminal damage and arson,Status update unavailable,
18ced8b28830e235ac2d270e239639565fd780e4491836c91c6c28a36a0b8ad1,2019-05,Lancashire Constabulary,Lancashire Constabulary,-2.486475,53.735897,On or near Dyson Street,E01012596,Blackburn with Darwen 009B,Criminal damage and arson,Status update unavailable,
0085c8c76b9de0c8f7cf37ed6028a0681b7f859c0c9adbfa848493f6c4362ec3,2019-05,Lancashire Constabulary,Lancashire Constabulary,-2.484514,53.735401,On or near Bryan Street,E01012596,Blackburn with Darwen 009B,Criminal damage and arson,Status update unavailable,
e8fb7272358ddfc213b6b98e74d5a49d8f3def603df433fe845a224a7465d2a3,2019-05,Lancashire Constabulary,Lancashire Constabulary,-2.483165,53.734113,On or near Park Lee Road,E01012596,Blackburn with Darwen 009B,Other theft,Status update unavailable,
7087511d062440753174bd7acdd097d6b96e95da308709b3db87b80281224575,2019-05,Lancashire Constabulary,Lancashire Constabulary,-2.484490,53.735977,On or near Abraham Street,E01012596,Blackburn with Darwen 009B,Public order,Status update unavailable,
6bd877083ffe011229613909fbec025517f2aea351fa66248f90ff4225605f53,2019-05,Lancashire Constabulary,Lancashire Constabulary,-2.483165,53.734113,On or near Park Lee Road,E01012596,Blackburn with Darwen 009B,Public order,Status update unavailable,
532bf73cd1bc92aefaf13fa65f086747a91b01a69b357dc7e3c74778292e65ab,2019-05,Lancashire Constabulary,Lancashire Constabulary,-2.485573,53.736557,On or near Infirmary Street,E01012596,Blackburn with Darwen 009B,Public order,Status update unavailable,
e3cfeeecb6fc0a3828bd420f5819291d1b9ae639e84817f82f57191122ee1baa,2019-05,Lancashire Constabulary,Lancashire Constabulary,-2.482421,53.735329,On or near Coldstream Place,E01012596,Blackburn with Darwen 009B,Robbery,Status update unavailable,
79cb05b811860745ea6548cb922400d9221f641c775570be343c253ec4a2ad17,2019-05,Lancashire Constabulary,Lancashire Constabulary,-2.483391,53.736646,On or near Hall Street,E01012596,Blackburn with Darwen 009B,Theft from the person,Status update unavailable,
8b5017aab7ee2367320f849270dfd2c3d3b1989ba07ab904082333c208534397,2019-05,Lancashire Constabulary,Lancashire Constabulary,-2.486197,53.736734,On or near Ivy Street,E01012596,Blackburn with Darwen 009B,Vehicle crime,Status update unavailable,
682c95807db21c92385bd8a733a899323c2093eb941a33cd8164476d61decc13,2019-05,Lancashire Constabulary,Lancashire Constabulary,-2.484490,53.735977,On or near Abraham Street,E01012596,Blackburn with Darwen 009B,Vehicle crime,Status update unavailable,
22d42f34712a103ca08c3b0e406fc691f8e940d8bcfb445d4c283883ccba8c45,2019-05,Lancashire Constabulary,Lancashire Constabulary,-2.484644,53.737468,On or near Warwick Close,E01012596,Blackburn with Darwen 009B,Vehicle crime,Status update unavailable,
484eea263f0800b8cdab2a48a6f958eca471b32af8529bec4eedd88bec736384,2019-05,Lancashire Constabulary,Lancashire Constabulary,-2.483165,53.734113,On or near Park Lee Road,E01012596,Blackburn with Darwen 009B,Violence and sexual offences,Unable to prosecute suspect,
401bbd491318f3611876d1c91eb261c4d0eb636d50c0b1a97d992c638b7880d3,2019-05,Lancashire Constabulary,Lancashire Constabulary,-2.482884,53.734743,On or near Lyndhurst Road,E01012596,Blackburn with Darwen 009B,Violence and sexual offences,Status update unavailable,
b9fa42e1c9287a25df3274333e006f01813ea5918bcc9eefbdd9de395da59189,2019-05,Lancashire Constabulary,Lancashire Constabulary,-2.485223,53.735138,On or near Meta Street,E01012596,Blackburn with Darwen 009B,Violence and sexual offences,Unable to prosecute suspect,
6b48c51c2b40f71dca644502e739e7bed0f7042b9463c417f71dbaed15b92690,2019-05,Lancashire Constabulary,Lancashire Constabulary,-2.485063,53.737062,On or near Parking Area,E01012596,Blackburn with Darwen 009B,Violence and sexual offences,Status update unavailable,
b3419b505dffe2f7d749d3f42c4c1e0b3476994c2603e535d37a6841a6eb492d,2019-05,Lancashire Constabulary,Lancashire Constabulary,-2.484514,53.735401,On or near Bryan Street,E01012596,Blackburn with Darwen 009B,Violence and sexual offences,Unable to prosecute suspect,
ee73804be7bd1d63fd41b6ada29a9bfceb351fb033bc0dbe194272b936d42db5,2019-05,Lancashire Constabulary,Lancashire Constabulary,-2.486024,53.736240,On or near Walsh Street,E01012596,Blackburn with Darwen 009B,Violence and sexual offences,Status update unavailable,
358baa2fd1a626f2734e96ea5a87740281d40d466000cd8b2824237585d5d055,2019-05,Lancashire Constabulary,Lancashire Constabulary,-2.483165,53.734113,On or near Park Lee Road,E01012596,Blackburn with Darwen 009B,Violence and sexual offences,Unable to prosecute suspect,
e36b9996e4e6b31fb8cd2cc135aba409ee7cb81a960c517b19491c90c7cdf561,2019-05,Lancashire Constabulary,Lancashire Constabulary,-2.483165,53.734113,On or near Park Lee Road,E01012596,Blackburn with Darwen 009B,Violence and sexual offences,Unable to prosecute suspect,
f37c1382f1663df5ecb82bed8f6013f281843459959fb31cc8899873083f4109,2019-05,Lancashire Constabulary,Lancashire Constabulary,-2.482884,53.734743,On or near Lyndhurst Road,E01012596,Blackburn with Darwen 009B,Violence and sexual offences,Status update unavailable,
d29a9babb416bbdcee8f79a2fc90af1f5225b0a64c733069e3b46d5a2fb7f069,2019-05,Lancashire Constabulary,Lancashire Constabulary,-2.483165,53.734113,On or near Park Lee Road,E01012596,Blackburn with Darwen 009B,Violence and sexual offences,Status update unavailable,
84d8ea680c77892698b2695dc5fe971a680f3cc329d42773c4689a8668102fe5,2019-05,Lancashire Constabulary,Lancashire Constabulary,-2.488478,53.733426,On or near Marlton Road,E01012596,Blackburn with Darwen 009B,Violence and sexual offences,Status update unavailable,
7e8c325628184a9282ab684ead26babc934aa968006cdeb19f4f4c818bd73ddf,2019-05,Lancashire Constabulary,Lancashire Constabulary,-2.483165,53.734113,On or near Park Lee Road,E01012596,Blackburn with Darwen 009B,Violence and sexual offences,Unable to prosecute suspect,
,2019-05,Lancashire Constabulary,Lancashire Constabulary,-2.491679,53.740127,On or near Roebuck Close,E01012622,Blackburn with Darwen 009C,Anti-social behaviour,,
,2019-05,Lancashire Constabulary,Lancashire Constabulary,-2.494647,53.741175,On or near Dickinson Close,E01012622,Blackburn with Darwen 009C,Anti-social behaviour,,
,2019-05,Lancashire Constabulary,Lancashire Constabulary,-2.499237,53.740824,On or near Norman Street,E01012622,Blackburn with Darwen 009C,Anti-social behaviour,,
,2019-05,Lancashire Constabulary,Lancashire Constabulary,-2.491035,53.739563,On or near Havelock Close,E01012622,Blackburn with Darwen 009C,Anti-social behaviour,,
,2019-05,Lancashire Constabulary,Lancashire Constabulary,-2.497786,53.742511,On or near Supermarket,E01012622,Blackburn with Darwen 009C,Anti-social behaviour,,
,2019-05,Lancashire Constabulary,Lancashire Constabulary,-2.499237,53.740824,On or near Norman Street,E01012622,Blackburn with Darwen 009C,Anti-social behaviour,,
,2019-05,Lancashire Constabulary,Lancashire Constabulary,-2.495670,53.741764,On or near Shakespeare Way,E01012622,Blackburn with Darwen 009C,Anti-social behaviour,,
,2019-05,Lancashire Constabulary,Lancashire Constabulary,-2.496038,53.739570,On or near Wellington Road,E01012622,Blackburn with Darwen 009C,Anti-social behaviour,,
,2019-05,Lancashire Constabulary,Lancashire Constabulary,-2.498005,53.740478,On or near Perth Street,E01012622,Blackburn with Darwen 009C,Anti-social behaviour,,
,2019-05,Lancashire Constabulary,Lancashire Constabulary,-2.496038,53.739570,On or near Wellington Road,E01012622,Blackburn with Darwen 009C,Anti-social behaviour,,
,2019-05,Lancashire Constabulary,Lancashire Constabulary,-2.497079,53.740356,On or near Rodney Street,E01012622,Blackburn with Darwen 009C,Anti-social behaviour,,
,2019-05,Lancashire Constabulary,Lancashire Constabulary,-2.496258,53.740189,On or near Agnes Street,E01012622,Blackburn with Darwen 009C,Anti-social behaviour,,
,2019-05,Lancashire Constabulary,Lancashire Constabulary,-2.492522,53.739638,On or near Essex Close,E01012622,Blackburn with Darwen 009C,Anti-social behaviour,,
,2019-05,Lancashire Constabulary,Lancashire Constabulary,-2.496038,53.739570,On or near Wellington Road,E01012622,Blackburn with Darwen 009C,Anti-social behaviour,,
,2019-05,Lancashire Constabulary,Lancashire Constabulary,-2.499237,53.740824,On or near Norman Street,E01012622,Blackburn with Darwen 009C,Anti-social behaviour,,
,2019-05,Lancashire Constabulary,Lancashire Constabulary,-2.499237,53.740824,On or near Norman Street,E01012622,Blackburn with Darwen 009C,Anti-social behaviour,,
,2019-05,Lancashire Constabulary,Lancashire Constabulary,-2.497786,53.742511,On or near Supermarket,E01012622,Blackburn with Darwen 009C,Anti-social behaviour,,
,2019-05,Lancashire Constabulary,Lancashire Constabulary,-2.494647,53.741175,On or near Dickinson Close,E01012622,Blackburn with Darwen 009C,Anti-social behaviour,,
,2019-05,Lancashire Constabulary,Lancashire Constabulary,-2.494647,53.741175,On or near Dickinson Close,E01012622,Blackburn with Darwen 009C,Anti-social behaviour,,
,2019-05,Lancashire Constabulary,Lancashire Constabulary,-2.494647,53.741175,On or near Dickinson Close,E01012622,Blackburn with Darwen 009C,Anti-social behaviour,,
,2019-05,Lancashire Constabulary,Lancashire Constabulary,-2.492102,53.741357,On or near Fawcett Close,E01012622,Blackburn with Darwen 009C,Anti-social behaviour,,
,2019-05,Lancashire Constabulary,Lancashire Constabulary,-2.491679,53.740127,On or near Roebuck Close,E01012622,Blackburn with Darwen 009C,Anti-social behaviour,,
dd0ca485dd2f1ae7dab848c1a047f92cc5192ae8e321c16afd208f1f49c106ee,2019-05,Lancashire Constabulary,Lancashire Constabulary,-2.500722,53.740719,On or near Portland Street,E01012622,Blackburn with Darwen 009C,Burglary,Status update unavailable,
c44468338b119982c922a798d952d6f5eb6c6e9faaa5650fc1a6fa8308af81df,2019-05,Lancashire Constabulary,Lancashire Constabulary,-2.500609,53.741465,On or near Lancing Place,E01012622,Blackburn with Darwen 009C,Burglary,Status update unavailable,
7435fd3f58851206329523b7b82b81d6d0eeefef994eb5b97501924b8eecde1f,2019-05,Lancashire Constabulary,Lancashire Constabulary,-2.494829,53.738577,On or near Thornber Street,E01012622,Blackburn with Darwen 009C,Burglary,Status update unavailable,
550d123688f7dcd7702bce53e9de78183a87073235818a8f35a31913714f3497,2019-05,Lancashire Constabulary,Lancashire Constabulary,-2.497786,53.742511,On or near Supermarket,E01012622,Blackburn with Darwen 009C,Criminal damage and arson,Status update unavailable,
e1bb722eaf98b284dcb61cecd70191c5eca496a9aeb76963232b7bad5095a8f7,2019-05,Lancashire Constabulary,Lancashire Constabulary,-2.494829,53.738577,On or near Thornber Street,E01012622,Blackburn with Darwen 009C,Drugs,Status update unavailable,
5ae8c63d5921ee49f9a15d32711e606acfdae1da757502c466e99b491420da23,2019-05,Lancashire Constabulary,Lancashire Constabulary,-2.495670,53.741764,On or near Shakespeare Way,E01012622,Blackburn with Darwen 009C,Other theft,Status update unavailable,
2d5370219ccb1b2a78254c5e1ef1f65e827eea87d33473436a89e49f9a9a7fe4,2019-05,Lancashire Constabulary,Lancashire Constabulary,-2.497786,53.742511,On or near Supermarket,E01012622,Blackburn with Darwen 009C,Other theft,Status update unavailable,
480d0fea393d8f301e9f9d502a774548cc95a3980c5065944f8a7151289d71e4,2019-05,Lancashire Constabulary,Lancashire Constabulary,-2.496258,53.740189,On or near Agnes Street,E01012622,Blackburn with Darwen 009C,Public order,Status update unavailable,
d5925598544402207f65030c60170e7fc5207ffc2625fe7710714c6ff1526a92,2019-05,Lancashire Constabulary,Lancashire Constabulary,-2.498516,53.740099,On or near Sandon Terrace,E01012622,Blackburn with Darwen 009C,Public order,Unable to prosecute suspect,
d9be71462e13ae03e0ca615a3400213e2935028018dce1ae3a1055fbb4876836,2019-05,Lancashire Constabulary,Lancashire Constabulary,-2.497786,53.742511,On or near Supermarket,E01012622,Blackburn with Darwen 009C,Shoplifting,Offender given community sentence,
0e04e040463920a5b5890d911136033514f0ce894a5a10937ee7e832a0ab532b,2019-05,Lancashire Constabulary,Lancashire Constabulary,-2.497786,53.742511,On or near Supermarket,E01012622,Blackburn with Darwen 009C,Vehicle crime,Status update unavailable,
999e41128153e2685b68da56e01ffa796aaec334d4b97775c9d27d388e72cd44,2019-05,Lancashire Constabulary,Lancashire Constabulary,-2.495814,53.742375,On or near Hamlet Close,E01012622,Blackburn with Darwen 009C,Vehicle crime,Status update unavailable,
78ca81f490d3e1318d37c9bf7c86068eec005d7f4526796767ee6d9c8f0e2850,2019-05,Lancashire Constabulary,Lancashire Constabulary,-2.498198,53.740172,On or near Sandon Street,E01012622,Blackburn with Darwen 009C,Violence and sexual offences,Awaiting court outcome,
bb37a6233010bd9d932687251eda246b22244d1e245302584d2c38fab07a37f8,2019-05,Lancashire Constabulary,Lancashire Constabulary,-2.497786,53.742511,On or near Supermarket,E01012622,Blackburn with Darwen 009C,Violence and sexual offences,Status update unavailable,
65f86638282149a9924ab5516241dc5c1d02f8cfc6bee1d32d0cd27f59483455,2019-05,Lancashire Constabulary,Lancashire Constabulary,-2.497786,53.742511,On or near Supermarket,E01012622,Blackburn with Darwen 009C,Violence and sexual offences,Awaiting court outcome,
d0c8c929d9dfa43db027ea2f020ed127f3693d77d0b5e8157b513e405cbb0851,2019-05,Lancashire Constabulary,Lancashire Constabulary,-2.498198,53.740172,On or near Sandon Street,E01012622,Blackburn with Darwen 009C,Violence and sexual offences,Status update unavailable,
f6940d4ab2d0e9655a22a0bad972e92ca79bce9584001d00c960d5409a59da58,2019-05,Lancashire Constabulary,Lancashire Constabulary,-2.495670,53.741764,On or near Shakespeare Way,E01012622,Blackburn with Darwen 009C,Violence and sexual offences,Unable to prosecute suspect,
4b18d14aea170b3cdc3b055c8094c2f06548b35c61c23b7de8af853859078811,2019-05,Lancashire Constabulary,Lancashire Constabulary,-2.493464,53.739814,On or near Galligreaves Way,E01012622,Blackburn with Darwen 009C,Violence and sexual offences,Unable to prosecute suspect,
6a28a3e8aaf21d6b88e668102b0ba4714b8c195deb7717db20fb7455be4be82f,2019-05,Lancashire Constabulary,Lancashire Constabulary,-2.491679,53.740127,On or near Roebuck Close,E01012622,Blackburn with Darwen 009C,Violence and sexual offences,Further investigation is not in the public interest,
bc50e7067ca27019630627093d7a933444a55ce08dbbd7c737c4f59de6cebac0,2019-05,Lancashire Constabulary,Lancashire Constabulary,-2.494829,53.738577,On or near Thornber Street,E01012622,Blackburn with Darwen 009C,Violence and sexual offences,Unable to prosecute suspect,
8e324e76d27bce8c7a14c7ca84ee1f694c8349c177f76fb40f5bb517220eb307,2019-05,Lancashire Constabulary,Lancashire Constabulary,-2.493464,53.739814,On or near Galligreaves Way,E01012622,Blackburn with Darwen 009C,Violence and sexual offences,Unable to prosecute suspect,
5371df93de2c947472a6436485d50637f735fea9fa677e26abc0ef6e99f5d152,2019-05,Lancashire Constabulary,Lancashire Constabulary,-2.494399,53.740655,On or near Taylor Close,E01012622,Blackburn with Darwen 009C,Violence and sexual offences,Awaiting court outcome,
149c08846319bbaf39c5a6818cc857889d9c434d4fae84cc54339bd80d233396,2019-05,Lancashire Constabulary,Lancashire Constabulary,-2.490805,53.740589,On or near Heatley Close,E01012622,Blackburn with Darwen 009C,Violence and sexual offences,Unable to prosecute suspect,
f69440537e033b3c7a66fd0828de7c528076332449f005729e76ece58e1a471f,2019-05,Lancashire Constabulary,Lancashire Constabulary,-2.498198,53.740172,On or near Sandon Street,E01012622,Blackburn with Darwen 009C,Violence and sexual offences,Awaiting court outcome,
8a404c23c967c658c8a0bb1c70f127c5c6e34e550877ad66a6ba0f61d0300d0f,2019-05,Lancashire Constabulary,Lancashire Constabulary,-2.497786,53.742511,On or near Supermarket,E01012622,Blackburn with Darwen 009C,Violence and sexual offences,Status update unavailable,
306a5c48688f194f8a69297dd2a15c15cb67e3e4c5f3539da8981f5bc6197e73,2019-05,Lancashire Constabulary,Lancashire Constabulary,-2.494399,53.740655,On or near Taylor Close,E01012622,Blackburn with Darwen 009C,Violence and sexual offences,Awaiting court outcome,
8f8b87a409cc4c0fc72ec992b60189b1229999de00bdb460d4560201174406b2,2019-05,Lancashire Constabulary,Lancashire Constabulary,-2.496258,53.740189,On or near Agnes Street,E01012622,Blackburn with Darwen 009C,Violence and sexual offences,Awaiting court outcome,
861c3fb9aa85732c44633477400a09109a6ef37ecbd62065b07a0a06d3b2a5b4,2019-05,Lancashire Constabulary,Lancashire Constabulary,-2.490805,53.740589,On or near Heatley Close,E01012622,Blackburn with Darwen 009C,Violence and sexual offences,Status update unavailable,
933449d7e0599ac68dbc7cce4bc40ab5a41769ab9758247d1bbb43753ed14532,2019-05,Lancashire Constabulary,Lancashire Constabulary,-2.497786,53.742511,On or near Supermarket,E01012622,Blackburn with Darwen 009C,Other crime,Status update unavailable,
910070da2cd7b2edc5134db056640e4d14c063de8b7ecfda91b52ba714fd4070,2019-05,Lancashire Constabulary,Lancashire Constabulary,-2.496258,53.740189,On or near Agnes Street,E01012622,Blackburn with Darwen 009C,Other crime,Awaiting court outcome,
,2019-05,Lancashire Constabulary,Lancashire Constabulary,-2.502157,53.741549,On or near Belgrave Close,E01012623,Blackburn with Darwen 009D,Anti-social behaviour,,
b4a1a3d71b7f8a1543cad1caa3709536bb8096d449a0c3b2106bf95dc83b53c9,2019-05,Lancashire Constabulary,Lancashire Constabulary,-2.506453,53.740758,On or near Park Place,E01012623,Blackburn with Darwen 009D,Criminal damage and arson,Status update unavailable,
3f68d82c6369ddfc702dcff7a922ca08b3143f5d2ebbcf535244b8b15cfc9085,2019-05,Lancashire Constabulary,Lancashire Constabulary,-2.505559,53.736995,On or near Bowen Street,E01012623,Blackburn with Darwen 009D,Other theft,Unable to prosecute suspect,
8c55095d0e23cea55cf55311d5bb6e6baea2b7c12a0ed8d7d5f3e780021ac25c,2019-05,Lancashire Constabulary,Lancashire Constabulary,-2.506453,53.740758,On or near Park Place,E01012623,Blackburn with Darwen 009D,Theft from the person,Status update unavailable,
1e4237fa1bdfae615fed5d07df90bdb533f435566e7d8c8bc0d7bfc9a4558036,2019-05,Lancashire Constabulary,Lancashire Constabulary,-2.508330,53.738026,On or near Grange Road,E01012623,Blackburn with Darwen 009D,Violence and sexual offences,Unable to prosecute suspect,
17803ed25a849ced50980b425743ae9912c38ac696c65ec7554ea199792f8b16,2019-05,Lancashire Constabulary,Lancashire Constabulary,-2.506453,53.740758,On or near Park Place,E01012623,Blackburn with Darwen 009D,Violence and sexual offences,Status update unavailable,
6cca3243413fd29a66f8dbeaab715f2a274e184d56844233ca0d12247db73083,2019-05,Lancashire Constabulary,Lancashire Constabulary,-2.506989,53.736189,On or near Primrose Terrace,E01012623,Blackburn with Darwen 009D,Violence and sexual offences,Unable to prosecute suspect,
a4fc7361328fb6248920afb9499f529b32d4da8ea395afae69563148decf3e21,2019-05,Lancashire Constabulary,Lancashire Constabulary,-2.502199,53.739993,On or near Scar Street,E01012623,Blackburn with Darwen 009D,Violence and sexual offences,Further investigation is not in the public interest,
,2019-05,Lancashire Constabulary,Lancashire Constabulary,-2.501480,53.733130,On or near Brindle Street,E01012624,Blackburn with Darwen 009E,Anti-social behaviour,,
,2019-05,Lancashire Constabulary,Lancashire Constabulary,-2.501480,53.733130,On or near Brindle Street,E01012624,Blackburn with Darwen 009E,Anti-social behaviour,,
,2019-05,Lancashire Constabulary,Lancashire Constabulary,-2.503642,53.733911,On or near Matthew Street,E01012624,Blackburn with Darwen 009E,Anti-social behaviour,,
,2019-05,Lancashire Constabulary,Lancashire Constabulary,-2.502726,53.734643,On or near New Chapel Street,E01012624,Blackburn with Darwen 009E,Anti-social behaviour,,
,2019-05,Lancashire Constabulary,Lancashire Constabulary,-2.502726,53.734643,On or near New Chapel Street,E01012624,Blackburn with Darwen 009E,Anti-social behaviour,,
,2019-05,Lancashire Constabulary,Lancashire Constabulary,-2.500676,53.734373,On or near Norfolk Street,E01012624,Blackburn with Darwen 009E,Anti-social behaviour,,
,2019-05,Lancashire Constabulary,Lancashire Constabulary,-2.503642,53.733911,On or near Matthew Street,E01012624,Blackburn with Darwen 009E,Anti-social behaviour,,
,2019-05,Lancashire Constabulary,Lancashire Constabulary,-2.501480,53.733130,On or near Brindle Street,E01012624,Blackburn with Darwen 009E,Anti-social behaviour,,
,2019-05,Lancashire Constabulary,Lancashire Constabulary,-2.501480,53.733130,On or near Brindle Street,E01012624,Blackburn with Darwen 009E,Anti-social behaviour,,
,2019-05,Lancashire Constabulary,Lancashire Constabulary,-2.500676,53.734373,On or near Norfolk Street,E01012624,Blackburn with Darwen 009E,Anti-social behaviour,,
,2019-05,Lancashire Constabulary,Lancashire Constabulary,-2.500676,53.734373,On or near Norfolk Street,E01012624,Blackburn with Darwen 009E,Anti-social behaviour,,
,2019-05,Lancashire Constabulary,Lancashire Constabulary,-2.496514,53.732359,On or near New Wellington Close,E01012624,Blackburn with Darwen 009E,Anti-social behaviour,,
,2019-05,Lancashire Constabulary,Lancashire Constabulary,-2.501480,53.733130,On or near Brindle Street,E01012624,Blackburn with Darwen 009E,Anti-social behaviour,,
,2019-05,Lancashire Constabulary,Lancashire Constabulary,-2.500676,53.734373,On or near Norfolk Street,E01012624,Blackburn with Darwen 009E,Anti-social behaviour,,
,2019-05,Lancashire Constabulary,Lancashire Constabulary,-2.500840,53.732800,On or near St James' Street,E01012624,Blackburn with Darwen 009E,Anti-social behaviour,,
,2019-05,Lancashire Constabulary,Lancashire Constabulary,-2.500676,53.734373,On or near Norfolk Street,E01012624,Blackburn with Darwen 009E,Anti-social behaviour,,
,2019-05,Lancashire Constabulary,Lancashire Constabulary,-2.502726,53.734643,On or near New Chapel Street,E01012624,Blackburn with Darwen 009E,Anti-social behaviour,,
,2019-05,Lancashire Constabulary,Lancashire Constabulary,-2.500840,53.732800,On or near St James' Street,E01012624,Blackburn with Darwen 009E,Anti-social behaviour,,
dfc12d4d2c3fa329ca9e6c9991feb514f61a6ba055550143d8aad059c5eef585,2019-05,Lancashire Constabulary,Lancashire Constabulary,-2.501480,53.733130,On or near Brindle Street,E01012624,Blackburn with Darwen 009E,Burglary,Status update unavailable,
7405a4d5663c3d3bd9faecb509816436925b33879d35e44ecc1165bfbc8cd2bb,2019-05,Lancashire Constabulary,Lancashire Constabulary,-2.500676,53.734373,On or near Norfolk Street,E01012624,Blackburn with Darwen 009E,Criminal damage and arson,Status update unavailable,
2624ecb73debdd5594bd1322577c8cee4c3da8077b29429eb33aa5c9f78cc142,2019-05,Lancashire Constabulary,Lancashire Constabulary,-2.500350,53.732424,On or near Moorgate Street,E01012624,Blackburn with Darwen 009E,Criminal damage and arson,Unable to prosecute suspect,
d708c084406087d8d7143ba0bb2af9186d00e5084176745cdf5e83984a9becbe,2019-05,Lancashire Constabulary,Lancashire Constabulary,-2.496751,53.736987,On or near Hollin Bridge Street,E01012624,Blackburn with Darwen 009E,Criminal damage and arson,Status update unavailable,
8a84317a4a776d2f0e5c6d72623a68d5a9f3ab8858b322fd02bf2c6e573ed6fc,2019-05,Lancashire Constabulary,Lancashire Constabulary,-2.500676,53.734373,On or near Norfolk Street,E01012624,Blackburn with Darwen 009E,Criminal damage and arson,Status update unavailable,
17f88bfae80881a1df6cbea404a2720b4d0443d54867f0bfe35e8547379bccf0,2019-05,Lancashire Constabulary,Lancashire Constabulary,-2.500840,53.732800,On or near St James' Street,E01012624,Blackburn with Darwen 009E,Criminal damage and arson,Status update unavailable,
84cd2bf1f00d8d40b19c7c0b6632b110c636736dbf0f8209229e545d6e3fc965,2019-05,Lancashire Constabulary,Lancashire Constabulary,-2.500840,53.732800,On or near St James' Street,E01012624,Blackburn with Darwen 009E,Criminal damage and arson,Status update unavailable,
ae6a6c00d2c3ceb086d3233db2f01246c9cce015fac1083053cd89eb33af5421,2019-05,Lancashire Constabulary,Lancashire Constabulary,-2.501480,53.733130,On or near Brindle Street,E01012624,Blackburn with Darwen 009E,Other theft,Status update unavailable,
d33ceb31845dafdcd3aaac87cb942b68e63b070ebdc5caa48b047200bbc7bf12,2019-05,Lancashire Constabulary,Lancashire Constabulary,-2.503642,53.733911,On or near Matthew Street,E01012624,Blackburn with Darwen 009E,Other theft,Status update unavailable,
881128d8d796611a4484f112d7c766f2012d4655626429d105b80fe9264e9eaa,2019-05,Lancashire Constabulary,Lancashire Constabulary,-2.496514,53.732359,On or near New Wellington Close,E01012624,Blackburn with Darwen 009E,Other theft,Status update unavailable,
0a8f6b20320cfcf8dd1139ab59b6a78d9d5661a639108be107b43310e6ea155a,2019-05,Lancashire Constabulary,Lancashire Constabulary,-2.501480,53.733130,On or near Brindle Street,E01012624,Blackburn with Darwen 009E,Other theft,Status update unavailable,
d2abd8e3b4ce2bb76186216c9603d948f4fc00c3374c79205805d6f4651aa587,2019-05,Lancashire Constabulary,Lancashire Constabulary,-2.500350,53.732424,On or near Moorgate Street,E01012624,Blackburn with Darwen 009E,Other theft,Status update unavailable,
7922dbfa7fbb58cd222587f2077042306245ced45ff14b4033be0a8a97a80c14,2019-05,Lancashire Constabulary,Lancashire Constabulary,-2.503256,53.732052,On or near King'S Bridge Street,E01012624,Blackburn with Darwen 009E,Possession of weapons,Offender sent to prison,
7ea0248f37926dac73d611974807b6b6caef241a00dd623a4fb23bc9ad8a9f50,2019-05,Lancashire Constabulary,Lancashire Constabulary,-2.501480,53.733130,On or near Brindle Street,E01012624,Blackburn with Darwen 009E,Public order,Status update unavailable,
0b7b71f60ecdaae22308e6b606d99f8176328974b9940cf6d736fcd0fe2673e3,2019-05,Lancashire Constabulary,Lancashire Constabulary,-2.501480,53.733130,On or near Brindle Street,E01012624,Blackburn with Darwen 009E,Public order,Status update unavailable,
f89144abd59eb7207be76b7e4394804edef7bdadb597937b3c120c7e21087303,2019-05,Lancashire Constabulary,Lancashire Constabulary,-2.502726,53.734643,On or near New Chapel Street,E01012624,Blackburn with Darwen 009E,Public order,Status update unavailable,
9feef3c545e6a71d2657f6e328d0f5d972dc8bc3eb21eff27d1799ffd3de51c5,2019-05,Lancashire Constabulary,Lancashire Constabulary,-2.500840,53.732800,On or near St James' Street,E01012624,Blackburn with Darwen 009E,Public order,Status update unavailable,
70ee92400f39533e7f9f039b94346fd937000052117282efeb249dfc400a82cd,2019-05,Lancashire Constabulary,Lancashire Constabulary,-2.500350,53.732424,On or near Moorgate Street,E01012624,Blackburn with Darwen 009E,Vehicle crime,Status update unavailable,
52e17d63c04cd15dd64c44ce66f19b1ea5497d94c31565379ffd8e536680856d,2019-05,Lancashire Constabulary,Lancashire Constabulary,-2.501392,53.734622,On or near Zebudah Street,E01012624,Blackburn with Darwen 009E,Violence and sexual offences,Unable to prosecute suspect,
db1a1a4249d6896fbf3604325fa2f526bf72143ecbcc63520a6ecde2ffbbe187,2019-05,Lancashire Constabulary,Lancashire Constabulary,-2.496751,53.736987,On or near Hollin Bridge Street,E01012624,Blackburn with Darwen 009E,Violence and sexual offences,Status update unavailable,
ca1ddd642157a8fcfb002bfe0e06b2a8a8af9451e4ba094ff216831a1e13de0c,2019-05,Lancashire Constabulary,Lancashire Constabulary,-2.496514,53.732359,On or near New Wellington Close,E01012624,Blackburn with Darwen 009E,Violence and sexual offences,Unable to prosecute suspect,
249e43912ecbd973182db14890873be97e55d1d7cb34ca755fda2b35f1ac2ae1,2019-05,Lancashire Constabulary,Lancashire Constabulary,-2.494175,53.734490,On or near Green Park Close,E01012624,Blackburn with Darwen 009E,Violence and sexual offences,Status update unavailable,
10acee7710eefce8ed220a2fb4ecedc06c48ad86429805912b7beac5210ad69d,2019-05,Lancashire Constabulary,Lancashire Constabulary,-2.496751,53.736987,On or near Hollin Bridge Street,E01012624,Blackburn with Darwen 009E,Violence and sexual offences,Unable to prosecute suspect,
500d2fdadfe973542850a83bff14a67cd40ac8b08986cc39c04e033c86743de2,2019-05,Lancashire Constabulary,Lancashire Constabulary,-2.496751,53.736987,On or near Hollin Bridge Street,E01012624,Blackburn with Darwen 009E,Violence and sexual offences,Status update unavailable,
d3a0ba06c4f3954a87afe064012619caf2117c7b2b58672a13ce234492070bf7,2019-05,Lancashire Constabulary,Lancashire Constabulary,-2.502726,53.734643,On or near New Chapel Street,E01012624,Blackburn with Darwen 009E,Violence and sexual offences,Unable to prosecute suspect,
6e3a5ee34cb329a5690fcbb1e11cc99abc4970a01215fe1a0e49ea95e483d443,2019-05,Lancashire Constabulary,Lancashire Constabulary,-2.500840,53.732800,On or near St James' Street,E01012624,Blackburn with Darwen 009E,Violence and sexual offences,Status update unavailable,
584e6077f8fcdc48f5b9ed153a4474c35d8fd8c60199a9a1c5c48708f0ca6b87,2019-05,Lancashire Constabulary,Lancashire Constabulary,-2.496751,53.736987,On or near Hollin Bridge Street,E01012624,Blackburn with Darwen 009E,Violence and sexual offences,Status update unavailable,
21e7c3fc2eac418ef16c500e64b7c421eb64dd8362d87d28b3873d248ac995ce,2019-05,Lancashire Constabulary,Lancashire Constabulary,-2.500840,53.732800,On or near St James' Street,E01012624,Blackburn with Darwen 009E,Violence and sexual offences,Unable to prosecute suspect,
313a8b44678739e5407a57a99851a27b623e4014ac06a1b7170db975b594dbc6,2019-05,Lancashire Constabulary,Lancashire Constabulary,-2.500840,53.732800,On or near St James' Street,E01012624,Blackburn with Darwen 009E,Violence and sexual offences,Unable to prosecute suspect,
b5dc48c6f70e76e66fff27cc9b694b058f50a89922fbc99bcf590cab27b2ba86,2019-05,Lancashire Constabulary,Lancashire Constabulary,-2.496138,53.735147,On or near Charnley Street,E01012624,Blackburn with Darwen 009E,Violence and sexual offences,Status update unavailable,
a13ed430f946361335fb9c98a7f50cf24f77f82dc7c0136ddc9bbfe2ce7a2c0d,2019-05,Lancashire Constabulary,Lancashire Constabulary,-2.503642,53.733911,On or near Matthew Street,E01012624,Blackburn with Darwen 009E,Violence and sexual offences,Status update unavailable,
2c6c9b14cbde1e39e750bf3ecec9197dd8e42cc5d4c69fa46fa6682c0190ef3f,2019-05,Lancashire Constabulary,Lancashire Constabulary,-2.501480,53.733130,On or near Brindle Street,E01012624,Blackburn with Darwen 009E,Violence and sexual offences,Status update unavailable,
,2019-05,Lancashire Constabulary,Lancashire Constabulary,-2.502543,53.738365,On or near Sports/Recreation Area,E01012625,Blackburn with Darwen 009F,Anti-social behaviour,,
,2019-05,Lancashire Constabulary,Lancashire Constabulary,-2.503651,53.735898,On or near Mill Hill Street,E01012625,Blackburn with Darwen 009F,Anti-social behaviour,,
,2019-05,Lancashire Constabulary,Lancashire Constabulary,-2.503722,53.738019,On or near Mill Hill Bridge Street,E01012625,Blackburn with Darwen 009F,Anti-social behaviour,,
,2019-05,Lancashire Constabulary,Lancashire Constabulary,-2.503651,53.735898,On or near Mill Hill Street,E01012625,Blackburn with Darwen 009F,Anti-social behaviour,,
,2019-05,Lancashire Constabulary,Lancashire Constabulary,-2.501005,53.735226,On or near Parkinson Street,E01012625,Blackburn with Darwen 009F,Anti-social behaviour,,
,2019-05,Lancashire Constabulary,Lancashire Constabulary,-2.503651,53.735898,On or near Mill Hill Street,E01012625,Blackburn with Darwen 009F,Anti-social behaviour,,
a6ff100a2d64c648b55cbfd47b7061a78ebf6e419855b26d670e733cccf2098b,2019-05,Lancashire Constabulary,Lancashire Constabulary,-2.501005,53.735226,On or near Parkinson Street,E01012625,Blackburn with Darwen 009F,Criminal damage and arson,Status update unavailable,
7bee2a7cced1456f0f848ec8e985a4a7c7a25863fec6c0df8271247e8de214e4,2019-05,Lancashire Constabulary,Lancashire Constabulary,-2.502284,53.737000,On or near Brook Street,E01012625,Blackburn with Darwen 009F,Other theft,Status update unavailable,
0f725b474079300d3ce30f8e21ec7333a2016d11557dadd02f05efbac80c4c47,2019-05,Lancashire Constabulary,Lancashire Constabulary,-2.503464,53.732923,On or near Angela Street,E01012625,Blackburn with Darwen 009F,Other theft,Status update unavailable,
9babc11a33980ce9fd7c43e3d8ca1437749ceb347c365bf7f1662f26a42a4098,2019-05,Lancashire Constabulary,Lancashire Constabulary,-2.504236,53.732911,On or near Herschell Street,E01012625,Blackburn with Darwen 009F,Other theft,Status update unavailable,
583e875a473e79c88b47b4fb8491809f53f0c9af44b712e3690caa582dc984dd,2019-05,Lancashire Constabulary,Lancashire Constabulary,-2.503651,53.735898,On or near Mill Hill Street,E01012625,Blackburn with Darwen 009F,Public order,Unable to prosecute suspect,
933f993e21ad5f8328c6919f08ed8eb549d989a703cd97e25ffbd7a392ac4f71,2019-05,Lancashire Constabulary,Lancashire Constabulary,-2.501005,53.735226,On or near Parkinson Street,E01012625,Blackburn with Darwen 009F,Public order,Status update unavailable,
2d514931d5125ff749945570ebe42bb5379e1c786059bd1f024b55b0d6db97ac,2019-05,Lancashire Constabulary,Lancashire Constabulary,-2.503464,53.732923,On or near Angela Street,E01012625,Blackburn with Darwen 009F,Vehicle crime,Status update unavailable,
3c00e8d506926ca07a89ca1a30a499e37562295c5b558eefff2b4597067c793a,2019-05,Lancashire Constabulary,Lancashire Constabulary,-2.503464,53.732923,On or near Angela Street,E01012625,Blackburn with Darwen 009F,Vehicle crime,Status update unavailable,
69f36f5047468dd28711436a48902225d01ecca08f27cd21ada64ea11fc7bb23,2019-05,Lancashire Constabulary,Lancashire Constabulary,-2.505869,53.733758,On or near Shorrock Lane,E01012625,Blackburn with Darwen 009F,Vehicle crime,Status update unavailable,
d776f8ce3e3ef2e1b5451c7931faec74a69933203aec7ed772cae016950c0c8f,2019-05,Lancashire Constabulary,Lancashire Constabulary,-2.504513,53.737054,On or near Lindley Street,E01012625,Blackburn with Darwen 009F,Vehicle crime,Status update unavailable,
afafa737dbbfa2ab9f7103db47035a0c4f9f74c97ed0e5797756d3e5eb93280c,2019-05,Lancashire Constabulary,Lancashire Constabulary,-2.509509,53.733958,On or near Bonsall Street,E01012625,Blackburn with Darwen 009F,Vehicle crime,Status update unavailable,
76b4d0edff586b2048ee8b4bc0768033333a2ff8a286036541640ce50b46e0e7,2019-05,Lancashire Constabulary,Lancashire Constabulary,-2.509509,53.733958,On or near Bonsall Street,E01012625,Blackburn with Darwen 009F,Violence and sexual offences,Status update unavailable,
97d852f4130c71da457c5f4b9a3130d8fb86316b435af97034b1c5fe01068912,2019-05,Lancashire Constabulary,Lancashire Constabulary,-2.503464,53.732923,On or near Angela Street,E01012625,Blackburn with Darwen 009F,Violence and sexual offences,Unable to prosecute suspect,
,2019-05,Lancashire Constabulary,Lancashire Constabulary,-2.513133,53.760116,On or near The Coppice,E01012584,Blackburn with Darwen 010A,Anti-social behaviour,,
,2019-05,Lancashire Constabulary,Lancashire Constabulary,-2.512428,53.749621,On or near Assheton Road,E01012584,Blackburn with Darwen 010A,Anti-social behaviour,,
83416aa990c2f09515c4c714daa86a0f7bbc6f2496d5d7a00f569bd4977cf975,2019-05,Lancashire Constabulary,Lancashire Constabulary,-2.513247,53.754606,On or near Scarr Lane,E01012584,Blackburn with Darwen 010A,Burglary,Status update unavailable,
cbe08d2899758101cf02b96e9e8204c595651f9920d86624610aebef7cc0bd28,2019-05,Lancashire Constabulary,Lancashire Constabulary,-2.516130,53.753470,On or near Sports/Recreation Area,E01012584,Blackburn with Darwen 010A,Burglary,Status update unavailable,
da16719d98c56124ad4c5e4696810d7138f875c729ccec938336cbe1b132ef3e,2019-05,Lancashire Constabulary,Lancashire Constabulary,-2.511327,53.751352,On or near Buncer Lane,E01012584,Blackburn with Darwen 010A,Criminal damage and arson,Status update unavailable,
5e87cf2bf1630c346fa6c61587154c54f1854b00b02d1bbb7318c6d9f082157b,2019-05,Lancashire Constabulary,Lancashire Constabulary,-2.513247,53.754606,On or near Scarr Lane,E01012584,Blackburn with Darwen 010A,Other theft,Status update unavailable,
2dd08f769426f65c4c6241ad7ceab5f657b3b7ae3557f14445bd2cf2f092de1d,2019-05,Lancashire Constabulary,Lancashire Constabulary,-2.518924,53.761152,On or near Country Mews,E01012584,Blackburn with Darwen 010A,Vehicle crime,Status update unavailable,
b73c9c203d6eb24fa213439e46757d23fd10bf66161ed03bf2b8d889ad28e40a,2019-05,Lancashire Constabulary,Lancashire Constabulary,-2.518924,53.761152,On or near Country Mews,E01012584,Blackburn with Darwen 010A,Vehicle crime,Status update unavailable,
65131f3557b5e7ff367f1b732f1280a30f8ceac23e894f7967edc426537b4b15,2019-05,Lancashire Constabulary,Lancashire Constabulary,-2.509703,53.754954,On or near Wycollar Road,E01012584,Blackburn with Darwen 010A,Vehicle crime,Status update unavailable,
34260e10de3cd7165950c623385c30d910511f4209be9406aa4e873976b55544,2019-05,Lancashire Constabulary,Lancashire Constabulary,-2.531174,53.724589,On or near Dale Crescent,E01012609,Blackburn with Darwen 010B,Vehicle crime,Status update unavailable,
1bcaab9e4a79cd782f1681e1442109a5583be6498294a540eac2fb028de5914e,2019-05,Lancashire Constabulary,Lancashire Constabulary,-2.529022,53.723403,On or near St Michael'S Close,E01012609,Blackburn with Darwen 010B,Vehicle crime,Status update unavailable,
cd73695010328b18077cb1ce362bbaede4c483432aa7fe299bda524140941660,2019-05,Lancashire Constabulary,Lancashire Constabulary,-2.531325,53.722143,On or near St David'S Avenue,E01012609,Blackburn with Darwen 010B,Violence and sexual offences,Unable to prosecute suspect,
,2019-05,Lancashire Constabulary,Lancashire Constabulary,-2.540485,53.726156,On or near Pleasington Lane,E01012610,Blackburn with Darwen 010C,Anti-social behaviour,,
,2019-05,Lancashire Constabulary,Lancashire Constabulary,-2.540485,53.726156,On or near Pleasington Lane,E01012610,Blackburn with Darwen 010C,Anti-social behaviour,,
,2019-05,Lancashire Constabulary,Lancashire Constabulary,-2.537729,53.725171,On or near Larkspur Close,E01012610,Blackburn with Darwen 010C,Anti-social behaviour,,
,2019-05,Lancashire Constabulary,Lancashire Constabulary,-2.540485,53.726156,On or near Pleasington Lane,E01012610,Blackburn with Darwen 010C,Anti-social behaviour,,
,2019-05,Lancashire Constabulary,Lancashire Constabulary,-2.537729,53.725171,On or near Larkspur Close,E01012610,Blackburn with Darwen 010C,Anti-social behaviour,,
,2019-05,Lancashire Constabulary,Lancashire Constabulary,-2.534732,53.726676,On or near Eclipse Road,E01012610,Blackburn with Darwen 010C,Anti-social behaviour,,
30e60ef4b1626ae762101c3ba52bee72d4a2fa19a1db4486b6ac1e1c4533c105,2019-05,Lancashire Constabulary,Lancashire Constabulary,-2.533955,53.723929,On or near Bishopdale Close,E01012610,Blackburn with Darwen 010C,Criminal damage and arson,Status update unavailable,
59e49c730d6d7ca56e812b972c11a912f2a88915d42758f1e5547cf92fbbd339,2019-05,Lancashire Constabulary,Lancashire Constabulary,-2.534732,53.726676,On or near Eclipse Road,E01012610,Blackburn with Darwen 010C,Violence and sexual offences,Status update unavailable,
,2019-05,Lancashire Constabulary,Lancashire Constabulary,-2.538604,53.727216,On or near Sutton Street,E01012611,Blackburn with Darwen 010D,Anti-social behaviour,,
,2019-05,Lancashire Constabulary,Lancashire Constabulary,-2.533954,53.734643,On or near Sports/Recreation Area,E01012611,Blackburn with Darwen 010D,Anti-social behaviour,,
4048e1cfa1196edc038d98f35870e57508e87d376abd100b9183046779e71b02,2019-05,Lancashire Constabulary,Lancashire Constabulary,-2.519520,53.734482,On or near Geddes Street,E01012611,Blackburn with Darwen 010D,Burglary,Status update unavailable,
787dd4d73bbed26386c6c1c6cac9bf7e592743d07c0b7a8e7cc202e44c70d2dc,2019-05,Lancashire Constabulary,Lancashire Constabulary,-2.535396,53.727662,On or near Petrol Station,E01012611,Blackburn with Darwen 010D,Other theft,Status update unavailable,
2cec9d9a3132c22e97465b74ed847a06413bb86435ea0aa6d9c96b31dacb821a,2019-05,Lancashire Constabulary,Lancashire Constabulary,-2.535396,53.727662,On or near Petrol Station,E01012611,Blackburn with Darwen 010D,Other theft,Status update unavailable,
3ef512e4726d895bcc6ca113636dbddfa41ebc3d62000cb91f4966e556d6b1d4,2019-05,Lancashire Constabulary,Lancashire Constabulary,-2.535396,53.727662,On or near Petrol Station,E01012611,Blackburn with Darwen 010D,Other theft,Status update unavailable,
21ef19b8b4a6f293b276eab9aa6531a43b2e80d72454865cc1c523d16660b533,2019-05,Lancashire Constabulary,Lancashire Constabulary,-2.535396,53.727662,On or near Petrol Station,E01012611,Blackburn with Darwen 010D,Other theft,Status update unavailable,
d71f22264f1cbb3e1c793aac534c0adc87cde3c5c363fc88812e8b861342f73f,2019-05,Lancashire Constabulary,Lancashire Constabulary,-2.535396,53.727662,On or near Petrol Station,E01012611,Blackburn with Darwen 010D,Other theft,Status update unavailable,
ca00ee0138f17c09bfdd496c673254fdf254f153830ee385c8b1690303f77a04,2019-05,Lancashire Constabulary,Lancashire Constabulary,-2.535396,53.727662,On or near Petrol Station,E01012611,Blackburn with Darwen 010D,Other theft,Status update unavailable,
9068be810efd18129f1292bcdf892b2040be2f41c22ac54cd6a0d215bd56a11d,2019-05,Lancashire Constabulary,Lancashire Constabulary,-2.535396,53.727662,On or near Petrol Station,E01012611,Blackburn with Darwen 010D,Shoplifting,Unable to prosecute suspect,
67debfc72262c0b87bca362b73b3694b6a82bdb1a185366f5528f78ef4e7762e,2019-05,Lancashire Constabulary,Lancashire Constabulary,-2.538604,53.727216,On or near Sutton Street,E01012611,Blackburn with Darwen 010D,Violence and sexual offences,Further investigation is not in the public interest,
e6dc8f5588a2f03ec798a66de5aa3b78fb5962e079f03ac1dbf7b82312305b9c,2019-05,Lancashire Constabulary,Lancashire Constabulary,-2.533056,53.735555,On or near Sports/Recreation Area,E01012611,Blackburn with Darwen 010D,Violence and sexual offences,Status update unavailable,
87bbd04bbd48339b610b506f7506306c6e83a6115bd1fcf88eb841b390c0e2b4,2019-05,Lancashire Constabulary,Lancashire Constabulary,-2.525723,53.726150,On or near Tetbury Close,E01012612,Blackburn with Darwen 010E,Criminal damage and arson,Status update unavailable,
b77f2a1e1318643964c8f02e5e97969a68a1243707e956930c5963552e43571d,2019-05,Lancashire Constabulary,Lancashire Constabulary,-2.527104,53.731159,On or near Livesey Hall Close,E01012612,Blackburn with Darwen 010E,Public order,Status update unavailable,
25aa9467a266571613fd95c1872dfc73141344350eab7f59eb17ebfd206db98e,2019-05,Lancashire Constabulary,Lancashire Constabulary,-2.522649,53.730091,On or near Sports/Recreation Area,E01012612,Blackburn with Darwen 010E,Vehicle crime,Status update unavailable,
de8d6d9deccc31cf3f023847c546569a16e07310b5e23902eaaf672685990c45,2019-05,Lancashire Constabulary,Lancashire Constabulary,-2.522827,53.728517,On or near Bracken Close,E01012612,Blackburn with Darwen 010E,Vehicle crime,Status update unavailable,
69f07367d379d3eb983da8818ef29427846655faf0c895aafa6c3a43b9823dda,2019-05,Lancashire Constabulary,Lancashire Constabulary,-2.530458,53.729050,On or near Sunnyside Avenue,E01012612,Blackburn with Darwen 010E,Vehicle crime,Status update unavailable,
279dbdfa00f9960307c6500cd3c3688f9a77317d12416e923af1d4385b684489,2019-05,Lancashire Constabulary,Lancashire Constabulary,-2.519375,53.727579,On or near Larch Close,E01012613,Blackburn with Darwen 010F,Burglary,Status update unavailable,
b3ef711a3a49a7bb0073fab96b9f2c70b32c8abdfcbfb82aded8ca310f0e1d84,2019-05,Lancashire Constabulary,Lancashire Constabulary,-2.519468,53.730213,On or near Solway Avenue,E01012613,Blackburn with Darwen 010F,Burglary,Status update unavailable,
a08d84a0a70d58b1ee099490bbc80656a9ba4a6b6aebc07662bf578d6a2f9953,2019-05,Lancashire Constabulary,Lancashire Constabulary,-2.521834,53.729151,On or near Firtrees Drive,E01012613,Blackburn with Darwen 010F,Vehicle crime,Status update unavailable,
f44bd33ff8430f20a7b7d17c0a74ce68b2827bb785eab7a77783edde732acf7f,2019-05,Lancashire Constabulary,Lancashire Constabulary,-2.520417,53.732186,On or near Gladstone Terrace,E01012613,Blackburn with Darwen 010F,Vehicle crime,Status update unavailable,
,2019-05,Lancashire Constabulary,Lancashire Constabulary,-2.482627,53.732137,On or near Snaefell Road,E01012600,Blackburn with Darwen 011A,Anti-social behaviour,,
,2019-05,Lancashire Constabulary,Lancashire Constabulary,-2.482808,53.729449,On or near Crosby Road,E01012600,Blackburn with Darwen 011A,Anti-social behaviour,,
,2019-05,Lancashire Constabulary,Lancashire Constabulary,-2.485608,53.733033,On or near Sulby Road,E01012600,Blackburn with Darwen 011A,Anti-social behaviour,,
bc62deec1e88adab113da3b887e7395fdc01914ae4b1f6a64ca14732941f083f,2019-05,Lancashire Constabulary,Lancashire Constabulary,-2.482425,53.730394,On or near Pilmuir Road,E01012600,Blackburn with Darwen 011A,Burglary,Status update unavailable,
546034a69fe51cb11969497fdb9c858a1bbcf0e6fc1f64534c5c2b33847dfcc6,2019-05,Lancashire Constabulary,Lancashire Constabulary,-2.483721,53.728385,On or near Peel Close,E01012600,Blackburn with Darwen 011A,Criminal damage and arson,Unable to prosecute suspect,
01724b4af209554d9cadaff6f4f56ceedc8ba910336173876cd9ef51e95d3ae7,2019-05,Lancashire Constabulary,Lancashire Constabulary,-2.482425,53.730394,On or near Pilmuir Road,E01012600,Blackburn with Darwen 011A,Criminal damage and arson,Investigation complete; no suspect identified,
1c5c3d11c3d62240a400403977750a743be5707ede49630bf4593d585bcc156c,2019-05,Lancashire Constabulary,Lancashire Constabulary,-2.483721,53.728385,On or near Peel Close,E01012600,Blackburn with Darwen 011A,Other theft,Unable to prosecute suspect,
17fbf6f6e923db8a4e7590f6418b52f4a71db312be6034ae8986cae3e9d3160a,2019-05,Lancashire Constabulary,Lancashire Constabulary,-2.484800,53.732659,On or near Onchan Road,E01012600,Blackburn with Darwen 011A,Public order,Status update unavailable,
6d347be339afe2c69eaa769020a5801eabcf3f65917e2401d7dc6b311f6357a3,2019-05,Lancashire Constabulary,Lancashire Constabulary,-2.472785,53.735844,On or near Brandy House Brow,E01012600,Blackburn with Darwen 011A,Vehicle crime,Status update unavailable,
ac0f4a709d7122515ba0b9cbca3bd66267db83a090b556726f931b8dde666740,2019-05,Lancashire Constabulary,Lancashire Constabulary,-2.484800,53.732659,On or near Onchan Road,E01012600,Blackburn with Darwen 011A,Vehicle crime,Status update unavailable,
5d401ae0fe8b4aeb25c257be458c03a6e8aaf26a63a8d74bdfe0a21caa071872,2019-05,Lancashire Constabulary,Lancashire Constabulary,-2.484800,53.732659,On or near Onchan Road,E01012600,Blackburn with Darwen 011A,Violence and sexual offences,Status update unavailable,
251ad4a00991bcfd0931b35491755cb17bae74bbbee26f28f2f8607aa6997d33,2019-05,Lancashire Constabulary,Lancashire Constabulary,-2.481722,53.731242,On or near Mona Road,E01012600,Blackburn with Darwen 011A,Violence and sexual offences,Unable to prosecute suspect,
4a8dab1aa65b5ba46e5f15172c7671956f82a2c470ad5e76db198647709139b3,2019-05,Lancashire Constabulary,Lancashire Constabulary,-2.485336,53.731803,On or near Sunny Bank Road,E01012600,Blackburn with Darwen 011A,Violence and sexual offences,Status update unavailable,
75b644ad325687cfdd1e7b9ea40510df8433ad6081cd051982c734cd65a20dcd,2019-05,Lancashire Constabulary,Lancashire Constabulary,-2.484800,53.732659,On or near Onchan Road,E01012600,Blackburn with Darwen 011A,Violence and sexual offences,Status update unavailable,
eea64841d2a97449868e6cfb73073c53584461049e445d84a0b4cd0c3e3a8f0a,2019-05,Lancashire Constabulary,Lancashire Constabulary,-2.482425,53.730394,On or near Pilmuir Road,E01012600,Blackburn with Darwen 011A,Violence and sexual offences,Unable to prosecute suspect,
b859f5a93ee749d87ec55937ee3559aab71875b1a33e1c6cff1d773e093c7d0e,2019-05,Lancashire Constabulary,Lancashire Constabulary,-2.480375,53.731418,On or near Bradda Road,E01012600,Blackburn with Darwen 011A,Violence and sexual offences,Status update unavailable,
,2019-05,Lancashire Constabulary,Lancashire Constabulary,-2.476954,53.729104,On or near Norbreck Close,E01012601,Blackburn with Darwen 011B,Anti-social behaviour,,
,2019-05,Lancashire Constabulary,Lancashire Constabulary,-2.477743,53.727906,On or near Formby Close,E01012601,Blackburn with Darwen 011B,Anti-social behaviour,,
,2019-05,Lancashire Constabulary,Lancashire Constabulary,-2.473851,53.730887,On or near Heysham Crescent,E01012601,Blackburn with Darwen 011B,Anti-social behaviour,,
,2019-05,Lancashire Constabulary,Lancashire Constabulary,-2.477031,53.726614,On or near Holmbrook Close,E01012601,Blackburn with Darwen 011B,Anti-social behaviour,,
5ef513dc6763337098697157d7aeaa61bc36dfaff2c29749cc103b0dbfdc0fc2,2019-05,Lancashire Constabulary,Lancashire Constabulary,-2.480932,53.729780,On or near Ansdell Terrace,E01012601,Blackburn with Darwen 011B,Criminal damage and arson,Status update unavailable,
8105e402e8312fd1750e465b7e3b3b41e4d50278c538bd43bf174166a7ba04af,2019-05,Lancashire Constabulary,Lancashire Constabulary,-2.480932,53.729780,On or near Ansdell Terrace,E01012601,Blackburn with Darwen 011B,Criminal damage and arson,Unable to prosecute suspect,
240d069d0c9ad66f0570fd8d9ca45b1ec96c60aabbf7adcb592c1a866a14c091,2019-05,Lancashire Constabulary,Lancashire Constabulary,-2.477031,53.726614,On or near Holmbrook Close,E01012601,Blackburn with Darwen 011B,Criminal damage and arson,Status update unavailable,
3a250e1d3bccda69bba530e8ba54f968573d7214f9ecbd06ff145c20f79cf218,2019-05,Lancashire Constabulary,Lancashire Constabulary,-2.480024,53.732507,On or near Laxey Road,E01012601,Blackburn with Darwen 011B,Other theft,Investigation complete; no suspect identified,
19339aa6614477d4114af44799bc2a8965d67d1d0002dbdcb8d8406ba81daa71,2019-05,Lancashire Constabulary,Lancashire Constabulary,-2.477249,53.728465,On or near Thornton Close,E01012601,Blackburn with Darwen 011B,Other theft,Status update unavailable,
eb7b81347975a21d36034449ecd7b5f645f9892d0e35a104d2d6fe59e93b9b31,2019-05,Lancashire Constabulary,Lancashire Constabulary,-2.475758,53.727940,On or near Silverdale Close,E01012601,Blackburn with Darwen 011B,Other theft,Status update unavailable,
e31a8bab38ce5aba9eddf7567983f7e6ebdecf3337d62d0b1c8032525afd36b2,2019-05,Lancashire Constabulary,Lancashire Constabulary,-2.480932,53.729780,On or near Ansdell Terrace,E01012601,Blackburn with Darwen 011B,Public order,Unable to prosecute suspect,
6410a6adc4d6a2e07290479521124a7eb5309bab693adc12541a73098880f540,2019-05,Lancashire Constabulary,Lancashire Constabulary,-2.473851,53.730887,On or near Heysham Crescent,E01012601,Blackburn with Darwen 011B,Public order,Status update unavailable,
77896b706a5c0c71ef7f3f74c3a5159bba25612d26c1597cee96454a1180a3a0,2019-05,Lancashire Constabulary,Lancashire Constabulary,-2.472739,53.731691,On or near Fairhaven Road,E01012601,Blackburn with Darwen 011B,Robbery,Status update unavailable,
e401fe5696f128ffafc90ddebf2877ac52505983f779b3c52dd58fa5af2ef489,2019-05,Lancashire Constabulary,Lancashire Constabulary,-2.473851,53.730887,On or near Heysham Crescent,E01012601,Blackburn with Darwen 011B,Shoplifting,Status update unavailable,
57c455a07655ef122954ab16b10fbc1b42c1377c35fc1642f4962822aa449536,2019-05,Lancashire Constabulary,Lancashire Constabulary,-2.472739,53.731691,On or near Fairhaven Road,E01012601,Blackburn with Darwen 011B,Violence and sexual offences,Unable to prosecute suspect,
491a3bfc0f493c6900baf8d3bce0a538ad4c9816de2d9668d915a7250c8b75ae,2019-05,Lancashire Constabulary,Lancashire Constabulary,-2.479965,53.730018,On or near Rossall Terrace,E01012601,Blackburn with Darwen 011B,Violence and sexual offences,Status update unavailable,
dc159c546190636156f705f9c0ac4298653961f13a3cba6817f861ba9b343667,2019-05,Lancashire Constabulary,Lancashire Constabulary,-2.475758,53.727940,On or near Silverdale Close,E01012601,Blackburn with Darwen 011B,Violence and sexual offences,Unable to prosecute suspect,
e3f75d2243d505d756118cbd237eee20bd15e613628ba726d0a54d533b414133,2019-05,Lancashire Constabulary,Lancashire Constabulary,-2.480024,53.732507,On or near Laxey Road,E01012601,Blackburn with Darwen 011B,Violence and sexual offences,Unable to prosecute suspect,
1337872edf10280a742eec5c4f3ae6d20fe7078ddb3bf52ca0b3255927b3c136,2019-05,Lancashire Constabulary,Lancashire Constabulary,-2.480024,53.732507,On or near Laxey Road,E01012601,Blackburn with Darwen 011B,Violence and sexual offences,Unable to prosecute suspect,
1ef4cdc17118d3cd39005c40b846fd01f4314f6c645911a425d8d8032e0c8887,2019-05,Lancashire Constabulary,Lancashire Constabulary,-2.480024,53.732507,On or near Laxey Road,E01012601,Blackburn with Darwen 011B,Violence and sexual offences,Unable to prosecute suspect,
74ac2c23e23a295bed9ed5c8c97a43ac8be9f71419bc24f1bdb8ccb0608ac95d,2019-05,Lancashire Constabulary,Lancashire Constabulary,-2.477031,53.726614,On or near Holmbrook Close,E01012601,Blackburn with Darwen 011B,Violence and sexual offences,Unable to prosecute suspect,
7bbc4fbeec01e1cee817cf1ecb7c9a5177d98a572451b5999acae00a0b17550b,2019-05,Lancashire Constabulary,Lancashire Constabulary,-2.480024,53.732507,On or near Laxey Road,E01012601,Blackburn with Darwen 011B,Violence and sexual offences,Unable to prosecute suspect,
7ef518f0f58c7c2716e9a09c73ee26864d1acb97199b5776b60057df84f8f462,2019-05,Lancashire Constabulary,Lancashire Constabulary,-2.463443,53.723072,On or near Wisteria Drive,E01012602,Blackburn with Darwen 011C,Criminal damage and arson,Local resolution,
78d6208aed0d510b7dd0f642bebb0810ec0e826f6149f9da29151e0a172f79d4,2019-05,Lancashire Constabulary,Lancashire Constabulary,-2.464309,53.721954,On or near Prunella Drive,E01012602,Blackburn with Darwen 011C,Vehicle crime,Status update unavailable,
edfacfbca73ba7c6628f2ac1b0d3452c9c91e0553899b3c03db9f03e7b395485,2019-05,Lancashire Constabulary,Lancashire Constabulary,-2.465605,53.722659,On or near Aster Chase,E01012602,Blackburn with Darwen 011C,Vehicle crime,Status update unavailable,
c28ab5bd57d5cb03b86b4bad06133eac224b42f57589552cee635e6dbe608ad3,2019-05,Lancashire Constabulary,Lancashire Constabulary,-2.466013,53.721103,On or near Delphinium Way,E01012602,Blackburn with Darwen 011C,Vehicle crime,Status update unavailable,
5aa2491de877d96ea8a60c11aa415da34170b92719504190606eb243f4580e7d,2019-05,Lancashire Constabulary,Lancashire Constabulary,-2.472809,53.725840,On or near Higher Croft Road,E01012602,Blackburn with Darwen 011C,Vehicle crime,Status update unavailable,
f6b106c238c685566a2dd1612901c229886365d68d92a04e1c4c542f0e1d9ac9,2019-05,Lancashire Constabulary,Lancashire Constabulary,-2.465605,53.722659,On or near Aster Chase,E01012602,Blackburn with Darwen 011C,Vehicle crime,Status update unavailable,
52f2d57447e7ea8e369c2bc4fd61bde8ce3cb6c465bea2565a79fc98f4225c24,2019-05,Lancashire Constabulary,Lancashire Constabulary,-2.463443,53.723072,On or near Wisteria Drive,E01012602,Blackburn with Darwen 011C,Vehicle crime,Status update unavailable,
8a267a9b85a9d0e8c52072c1d850b835079fca257e8921d2b5dc8b86f379173b,2019-05,Lancashire Constabulary,Lancashire Constabulary,-2.466013,53.721103,On or near Delphinium Way,E01012602,Blackburn with Darwen 011C,Vehicle crime,Status update unavailable,
b23f939972606bfc4352cb533a28f49bb0ad7cfda78ef28fb720bc73a114d19b,2019-05,Lancashire Constabulary,Lancashire Constabulary,-2.464309,53.721954,On or near Prunella Drive,E01012602,Blackburn with Darwen 011C,Violence and sexual offences,Local resolution,
3c3df372f9407bce9f53162be89c797fc757caf202b7eed183f17ec2a160bd47,2019-05,Lancashire Constabulary,Lancashire Constabulary,-2.464309,53.721954,On or near Prunella Drive,E01012602,Blackburn with Darwen 011C,Violence and sexual offences,Status update unavailable,
bd04b27dcab1e636d4c7163a519c769d12bb6cd1d9d311d8b29bfad42c8c77ee,2019-05,Lancashire Constabulary,Lancashire Constabulary,-2.468220,53.722056,On or near Crambe Heights,E01012602,Blackburn with Darwen 011C,Other crime,Status update unavailable,
,2019-05,Lancashire Constabulary,Lancashire Constabulary,-2.469127,53.729980,On or near Ravenglass Close,E01012603,Blackburn with Darwen 011D,Anti-social behaviour,,
,2019-05,Lancashire Constabulary,Lancashire Constabulary,-2.464353,53.725918,On or near New Meadow Close,E01012603,Blackburn with Darwen 011D,Anti-social behaviour,,
,2019-05,Lancashire Constabulary,Lancashire Constabulary,-2.472407,53.729176,On or near Fishmoor Drive,E01012603,Blackburn with Darwen 011D,Anti-social behaviour,,
,2019-05,Lancashire Constabulary,Lancashire Constabulary,-2.467874,53.730461,On or near Ulverston Close,E01012603,Blackburn with Darwen 011D,Anti-social behaviour,,
,2019-05,Lancashire Constabulary,Lancashire Constabulary,-2.472407,53.729176,On or near Fishmoor Drive,E01012603,Blackburn with Darwen 011D,Anti-social behaviour,,
,2019-05,Lancashire Constabulary,Lancashire Constabulary,-2.469127,53.729980,On or near Ravenglass Close,E01012603,Blackburn with Darwen 011D,Anti-social behaviour,,
,2019-05,Lancashire Constabulary,Lancashire Constabulary,-2.464353,53.725918,On or near New Meadow Close,E01012603,Blackburn with Darwen 011D,Anti-social behaviour,,
,2019-05,Lancashire Constabulary,Lancashire Constabulary,-2.467144,53.728810,On or near Bishopstone Close,E01012603,Blackburn with Darwen 011D,Anti-social behaviour,,
06e0617f37c744b7db7a451da9a127f885d4a7e70867391561623530d30cd1ce,2019-05,Lancashire Constabulary,Lancashire Constabulary,-2.472407,53.729176,On or near Fishmoor Drive,E01012603,Blackburn with Darwen 011D,Criminal damage and arson,Status update unavailable,
0ba25b1827eba7852ee9b10635b24a19c4a870946abb82c8963b5a726ebee374,2019-05,Lancashire Constabulary,Lancashire Constabulary,-2.472407,53.729176,On or near Fishmoor Drive,E01012603,Blackburn with Darwen 011D,Criminal damage and arson,Status update unavailable,
ad84a5e99e4a092d1fbd054e806283ca0075b79dd7d386942fd072ebffa8e3cc,2019-05,Lancashire Constabulary,Lancashire Constabulary,-2.469127,53.729980,On or near Ravenglass Close,E01012603,Blackburn with Darwen 011D,Criminal damage and arson,Status update unavailable,
51f37366a858e43c22299e59dac674b6ea89cf6accd26f39ae2134a83d0c211e,2019-05,Lancashire Constabulary,Lancashire Constabulary,-2.467728,53.728170,On or near Ridgeway Avenue,E01012603,Blackburn with Darwen 011D,Other theft,Status update unavailable,
8ffb77aee80dcb4aa338daf5627248ab4c7d7020cb0f93ef7b66dac08409e72f,2019-05,Lancashire Constabulary,Lancashire Constabulary,-2.465998,53.726676,On or near Fosse Close,E01012603,Blackburn with Darwen 011D,Other theft,Status update unavailable,
5c5000dfbf878d0223b88f9e7e1b6a40aeec07d00865af202556225a06f1abed,2019-05,Lancashire Constabulary,Lancashire Constabulary,-2.472407,53.729176,On or near Fishmoor Drive,E01012603,Blackburn with Darwen 011D,Vehicle crime,Status update unavailable,
22af10266ce1aa21bd1633d82d08dcabdc5b44914a02c00b1099a8db269da87e,2019-05,Lancashire Constabulary,Lancashire Constabulary,-2.468065,53.725805,On or near Ermine Close,E01012603,Blackburn with Darwen 011D,Violence and sexual offences,Unable to prosecute suspect,
d39cd5524150782552562a96fe689bde5d05c8b65a667e41710af6fb5474ebdd,2019-05,Lancashire Constabulary,Lancashire Constabulary,-2.467874,53.730461,On or near Ulverston Close,E01012603,Blackburn with Darwen 011D,Violence and sexual offences,Unable to prosecute suspect,
7049cb37ba2a6984575fd774124300406955c6ee42c76e310c29f72183748eb4,2019-05,Lancashire Constabulary,Lancashire Constabulary,-2.464353,53.725918,On or near New Meadow Close,E01012603,Blackburn with Darwen 011D,Violence and sexual offences,Unable to prosecute suspect,
14fbc3fabe0b5281ba7d7b8b786dadd4d4d324252936f30ea6bc5f161702d7cc,2019-05,Lancashire Constabulary,Lancashire Constabulary,-2.472407,53.729176,On or near Fishmoor Drive,E01012603,Blackburn with Darwen 011D,Violence and sexual offences,Status update unavailable,
4da99ff8e66940c904e13e156a4655ebe2170dbe473266fe737043f97c6d4474,2019-05,Lancashire Constabulary,Lancashire Constabulary,-2.469127,53.729980,On or near Ravenglass Close,E01012603,Blackburn with Darwen 011D,Violence and sexual offences,Status update unavailable,
313060d1b48da070a76655c0d1b1ed45de1347a904cf5e05f4ff75c71561a1a1,2019-05,Lancashire Constabulary,Lancashire Constabulary,-2.469127,53.729980,On or near Ravenglass Close,E01012603,Blackburn with Darwen 011D,Violence and sexual offences,Status update unavailable,
7473d6754f0cdbcec4dbe0a019fec9ca4b853d461e585b5c359c64a52ecf2680,2019-05,Lancashire Constabulary,Lancashire Constabulary,-2.466720,53.733000,On or near Walton Crescent,E01012604,Blackburn with Darwen 011E,Criminal damage and arson,Status update unavailable,
9bee215353867b14b038daa7386888fc2d93a90893866664d17d486eaf7e653a,2019-05,Lancashire Constabulary,Lancashire Constabulary,-2.469577,53.730895,On or near Broughton Close,E01012604,Blackburn with Darwen 011E,Criminal damage and arson,Status update unavailable,
937937416b6d0bd834f1dc45020fbdf6f4f159aa49e2b0e842e5297287d264d8,2019-05,Lancashire Constabulary,Lancashire Constabulary,-2.469667,53.734912,On or near Observatory Road,E01012604,Blackburn with Darwen 011E,Shoplifting,Awaiting court outcome,
,2019-05,Lancashire Constabulary,Lancashire Constabulary,-2.449366,53.728995,On or near Haslingden Road,E01012632,Blackburn with Darwen 011F,Anti-social behaviour,,
,2019-05,Lancashire Constabulary,Lancashire Constabulary,-2.460387,53.740242,On or near Park/Open Space,E01012632,Blackburn with Darwen 011F,Anti-social behaviour,,
,2019-05,Lancashire Constabulary,Lancashire Constabulary,-2.462523,53.734491,On or near Haslingden Road,E01012632,Blackburn with Darwen 011F,Anti-social behaviour,,
,2019-05,Lancashire Constabulary,Lancashire Constabulary,-2.446897,53.727629,On or near Haslingden Road,E01012632,Blackburn with Darwen 011F,Anti-social behaviour,,
,2019-05,Lancashire Constabulary,Lancashire Constabulary,-2.455007,53.740371,On or near Borrowdale Avenue,E01012632,Blackburn with Darwen 011F,Anti-social behaviour,,
,2019-05,Lancashire Constabulary,Lancashire Constabulary,-2.466821,53.736613,On or near Hospital,E01012632,Blackburn with Darwen 011F,Anti-social behaviour,,
,2019-05,Lancashire Constabulary,Lancashire Constabulary,-2.457248,53.742987,On or near Sherwood Road,E01012632,Blackburn with Darwen 011F,Anti-social behaviour,,
,2019-05,Lancashire Constabulary,Lancashire Constabulary,-2.460387,53.740242,On or near Park/Open Space,E01012632,Blackburn with Darwen 011F,Anti-social behaviour,,
,2019-05,Lancashire Constabulary,Lancashire Constabulary,-2.460387,53.740242,On or near Park/Open Space,E01012632,Blackburn with Darwen 011F,Anti-social behaviour,,
,2019-05,Lancashire Constabulary,Lancashire Constabulary,-2.455007,53.740371,On or near Borrowdale Avenue,E01012632,Blackburn with Darwen 011F,Anti-social behaviour,,
,2019-05,Lancashire Constabulary,Lancashire Constabulary,-2.462017,53.742321,On or near Lambeth Street,E01012632,Blackburn with Darwen 011F,Anti-social behaviour,,
,2019-05,Lancashire Constabulary,Lancashire Constabulary,-2.457248,53.742987,On or near Sherwood Road,E01012632,Blackburn with Darwen 011F,Anti-social behaviour,,
,2019-05,Lancashire Constabulary,Lancashire Constabulary,-2.456669,53.744094,On or near North Road,E01012632,Blackburn with Darwen 011F,Anti-social behaviour,,
,2019-05,Lancashire Constabulary,Lancashire Constabulary,-2.466821,53.736613,On or near Hospital,E01012632,Blackburn with Darwen 011F,Anti-social behaviour,,
,2019-05,Lancashire Constabulary,Lancashire Constabulary,-2.466821,53.736613,On or near Hospital,E01012632,Blackburn with Darwen 011F,Anti-social behaviour,,
,2019-05,Lancashire Constabulary,Lancashire Constabulary,-2.466821,53.736613,On or near Hospital,E01012632,Blackburn with Darwen 011F,Anti-social behaviour,,
,2019-05,Lancashire Constabulary,Lancashire Constabulary,-2.466821,53.736613,On or near Hospital,E01012632,Blackburn with Darwen 011F,Anti-social behaviour,,
,2019-05,Lancashire Constabulary,Lancashire Constabulary,-2.466821,53.736613,On or near Hospital,E01012632,Blackburn with Darwen 011F,Anti-social behaviour,,
78d4f8f0ca15902f4e3e74306ba83cf68b711f2893b4b544b40451e55225a4aa,2019-05,Lancashire Constabulary,Lancashire Constabulary,-2.462932,53.735909,On or near Old Bank Lane,E01012632,Blackburn with Darwen 011F,Criminal damage and arson,Investigation complete; no suspect identified,
299c6f52749c1acc2c63b92750356c97fa79e3a1d9297e434a6a60c23c495a96,2019-05,Lancashire Constabulary,Lancashire Constabulary,-2.462932,53.735909,On or near Old Bank Lane,E01012632,Blackburn with Darwen 011F,Criminal damage and arson,Further investigation is not in the public interest,
d44db7c0a418e65e6cb9d96c5aa43d834302f0023c6e415e634f8316625e6277,2019-05,Lancashire Constabulary,Lancashire Constabulary,-2.462932,53.735909,On or near Old Bank Lane,E01012632,Blackburn with Darwen 011F,Criminal damage and arson,Status update unavailable,
c0e9d78529ec8b45946ab83a98e53efbf05c8e52cbe6a25e5053ac06a230c738,2019-05,Lancashire Constabulary,Lancashire Constabulary,-2.462932,53.735909,On or near Old Bank Lane,E01012632,Blackburn with Darwen 011F,Criminal damage and arson,Status update unavailable,
2560718a0d665cc3d7527d7e8307cca0e289c108e0d5796e24d2ad881ce7bf3f,2019-05,Lancashire Constabulary,Lancashire Constabulary,-2.462932,53.735909,On or near Old Bank Lane,E01012632,Blackburn with Darwen 011F,Drugs,Investigation complete; no suspect identified,
b7992c889697a4f4ed45fd8881d515fe56a4f7d94abd13c34d5554e963cefa4c,2019-05,Lancashire Constabulary,Lancashire Constabulary,-2.462932,53.735909,On or near Old Bank Lane,E01012632,Blackburn with Darwen 011F,Drugs,Unable to prosecute suspect,
f55fc91bcc88aad1e156e80316a03b6f9f2312680123d0156ce4eb5e866af579,2019-05,Lancashire Constabulary,Lancashire Constabulary,-2.468185,53.736599,On or near Parking Area,E01012632,Blackburn with Darwen 011F,Other theft,Status update unavailable,
275c710d23f037eba62cf9b7bcb57f52944c4fceb4c994ee667d6a366689238a,2019-05,Lancashire Constabulary,Lancashire Constabulary,-2.449366,53.728995,On or near Haslingden Road,E01012632,Blackburn with Darwen 011F,Other theft,Status update unavailable,
cc8adf89e030ca8f7371f7ec9ddd0c40e3392b430c89c7a46e08cead3eefac2c,2019-05,Lancashire Constabulary,Lancashire Constabulary,-2.449366,53.728995,On or near Haslingden Road,E01012632,Blackburn with Darwen 011F,Other theft,Status update unavailable,
4595c8ff8c9c2d788182d7040e135d7048969e4801295136a388a713c4b0ebc2,2019-05,Lancashire Constabulary,Lancashire Constabulary,-2.449366,53.728995,On or near Haslingden Road,E01012632,Blackburn with Darwen 011F,Other theft,Status update unavailable,
8ce0ece59535766d5052891c87726fdd6dfef74d6a600cf2947f8a8c9696855f,2019-05,Lancashire Constabulary,Lancashire Constabulary,-2.449366,53.728995,On or near Haslingden Road,E01012632,Blackburn with Darwen 011F,Other theft,Status update unavailable,
b8e49dc5f44453066f92caf09d9567a98141eb604e9d8f4d8e523ca43b93ca0b,2019-05,Lancashire Constabulary,Lancashire Constabulary,-2.462932,53.735909,On or near Old Bank Lane,E01012632,Blackburn with Darwen 011F,Other theft,Status update unavailable,
4d9b3f6b884841f7b9568600c7c5aa6741c2f271542a7c9bea4a931545e8d4e4,2019-05,Lancashire Constabulary,Lancashire Constabulary,-2.468185,53.736599,On or near Parking Area,E01012632,Blackburn with Darwen 011F,Other theft,Status update unavailable,
c9a4e03237709e757452e35cef7d794981eb1e544dc7976b88e8ee843de85605,2019-05,Lancashire Constabulary,Lancashire Constabulary,-2.449366,53.728995,On or near Haslingden Road,E01012632,Blackburn with Darwen 011F,Other theft,Status update unavailable,
24b2268c6b9e20cd956d5ede7d2af5d3cf606a4d5745e3fbda00b6f8960f0eb9,2019-05,Lancashire Constabulary,Lancashire Constabulary,-2.449366,53.728995,On or near Haslingden Road,E01012632,Blackburn with Darwen 011F,Other theft,Status update unavailable,
691b29efd6e0a0bf1ea93eb0d0e82f0efe804d6404894dcb6bdbeee41112f4c3,2019-05,Lancashire Constabulary,Lancashire Constabulary,-2.448765,53.728072,On or near Blackamoor Road,E01012632,Blackburn with Darwen 011F,Other theft,Status update unavailable,
d11c24a8c38fdd449eeff487b0cc9d457a63b3d431e1014675ffed9ef98427be,2019-05,Lancashire Constabulary,Lancashire Constabulary,-2.462932,53.735909,On or near Old Bank Lane,E01012632,Blackburn with Darwen 011F,Other theft,Status update unavailable,
d16aef906ffcb1524bc205e5d9a5cd28ff9521b06c91ce844c8f8b7c4a19b5c5,2019-05,Lancashire Constabulary,Lancashire Constabulary,-2.462932,53.735909,On or near Old Bank Lane,E01012632,Blackburn with Darwen 011F,Other theft,Status update unavailable,
c1a2518361d1aa671d0a68c4c1d3682f3b42fc0786d05a1e7ff1370ca38a0ea0,2019-05,Lancashire Constabulary,Lancashire Constabulary,-2.449366,53.728995,On or near Haslingden Road,E01012632,Blackburn with Darwen 011F,Other theft,Status update unavailable,
cd76a7cd3bb8b0528f4d0393a3781d286506a2cbefc005994718e4ab7de871d6,2019-05,Lancashire Constabulary,Lancashire Constabulary,-2.449366,53.728995,On or near Haslingden Road,E01012632,Blackburn with Darwen 011F,Other theft,Status update unavailable,
56d2e7fdc13f260405c7c65a97f70bf67dab6747929c4d1a159dfe944d64dced,2019-05,Lancashire Constabulary,Lancashire Constabulary,-2.466821,53.736613,On or near Hospital,E01012632,Blackburn with Darwen 011F,Public order,Further investigation is not in the public interest,
07b9eeadc27620905d154c359b81a7276f01db30d03613465a8b23c43cedf954,2019-05,Lancashire Constabulary,Lancashire Constabulary,-2.455007,53.740371,On or near Borrowdale Avenue,E01012632,Blackburn with Darwen 011F,Public order,Status update unavailable,
a6158036bc12182285ce405dc9914a43fe1d828f153cb5e58a93a147c4a71c43,2019-05,Lancashire Constabulary,Lancashire Constabulary,-2.462932,53.735909,On or near Old Bank Lane,E01012632,Blackburn with Darwen 011F,Public order,Unable to prosecute suspect,
9530f1ff4d4d36aa62bc8a265632e5764b2b3816fabbf9f896cd6a040b6dcc63,2019-05,Lancashire Constabulary,Lancashire Constabulary,-2.462932,53.735909,On or near Old Bank Lane,E01012632,Blackburn with Darwen 011F,Public order,Status update unavailable,
132b40f33515af5722d69927167164091e17eb74aec7a3fb2bb96713f8856909,2019-05,Lancashire Constabulary,Lancashire Constabulary,-2.454829,53.733801,On or near Sett End Road West,E01012632,Blackburn with Darwen 011F,Public order,Status update unavailable,
30036e59938227cc8ea5d754e3205d8a586316103a914369d8da351f88af3945,2019-05,Lancashire Constabulary,Lancashire Constabulary,-2.462932,53.735909,On or near Old Bank Lane,E01012632,Blackburn with Darwen 011F,Public order,Status update unavailable,
f3db87aca10cff9076d99ffdf45269cb70b48f962a22bdf6027ef838eb19452f,2019-05,Lancashire Constabulary,Lancashire Constabulary,-2.449366,53.728995,On or near Haslingden Road,E01012632,Blackburn with Darwen 011F,Robbery,Status update unavailable,
058ca4006dd045f65aa7b41dfe0e98b2b92ee4d928900d33d104832df0594f23,2019-05,Lancashire Constabulary,Lancashire Constabulary,-2.462932,53.735909,On or near Old Bank Lane,E01012632,Blackburn with Darwen 011F,Theft from the person,Status update unavailable,
dfe7426b2e52d1c0ba8ba694a35a5a498539cb88cd4956784a3bea52c9b4da07,2019-05,Lancashire Constabulary,Lancashire Constabulary,-2.462932,53.735909,On or near Old Bank Lane,E01012632,Blackburn with Darwen 011F,Vehicle crime,Status update unavailable,
438e559be0d3ae12ecfae400baa8f82f8141dd867bee2a3f24c92484f39c57fb,2019-05,Lancashire Constabulary,Lancashire Constabulary,-2.462932,53.735909,On or near Old Bank Lane,E01012632,Blackburn with Darwen 011F,Violence and sexual offences,Unable to prosecute suspect,
046507ecf99d45d6a56a009024dcddcdc18014183c94ff7569a1961095a5a99b,2019-05,Lancashire Constabulary,Lancashire Constabulary,-2.462932,53.735909,On or near Old Bank Lane,E01012632,Blackburn with Darwen 011F,Violence and sexual offences,Unable to prosecute suspect,
a377b99b8f3721e1d20b1556e55c08d38c72c69aebc4f051b2c38fe9b6fe3329,2019-05,Lancashire Constabulary,Lancashire Constabulary,-2.462932,53.735909,On or near Old Bank Lane,E01012632,Blackburn with Darwen 011F,Violence and sexual offences,Investigation complete; no suspect identified,
e8efd8b82308bc47484f003476a4bbccd8aa5853ab44d8312135189bb7e14b30,2019-05,Lancashire Constabulary,Lancashire Constabulary,-2.462932,53.735909,On or near Old Bank Lane,E01012632,Blackburn with Darwen 011F,Violence and sexual offences,Unable to prosecute suspect,
308275e1c806f0a7afbc2a2fd77dffa61bce1861d4ca5146c66b5ab9d53a3f93,2019-05,Lancashire Constabulary,Lancashire Constabulary,-2.462932,53.735909,On or near Old Bank Lane,E01012632,Blackburn with Darwen 011F,Violence and sexual offences,Unable to prosecute suspect,
051300556bc13eb3126928283685927d6ada5f0e1f2cc3d18c951bb04e74627c,2019-05,Lancashire Constabulary,Lancashire Constabulary,-2.462932,53.735909,On or near Old Bank Lane,E01012632,Blackburn with Darwen 011F,Violence and sexual offences,Status update unavailable,
54126b5aef2442ed3a11a062462de6357376cc34e070ae060a838bbbe28350e5,2019-05,Lancashire Constabulary,Lancashire Constabulary,-2.462932,53.735909,On or near Old Bank Lane,E01012632,Blackburn with Darwen 011F,Violence and sexual offences,Unable to prosecute suspect,
0380347492b98577345da475b915d15b31f5a66fed3f4477a07c4692fae99d9a,2019-05,Lancashire Constabulary,Lancashire Constabulary,-2.462932,53.735909,On or near Old Bank Lane,E01012632,Blackburn with Darwen 011F,Violence and sexual offences,Status update unavailable,
84ed92631baa03e13da19a3639227e5e3cd7367d839c0b522c96bcde93554541,2019-05,Lancashire Constabulary,Lancashire Constabulary,-2.462932,53.735909,On or near Old Bank Lane,E01012632,Blackburn with Darwen 011F,Violence and sexual offences,Status update unavailable,
3a6f35bb66a02c96302c79b89c827d66431e00b5c9c5f874a3b278fc14c485fa,2019-05,Lancashire Constabulary,Lancashire Constabulary,-2.458867,53.732932,On or near Cavell Close,E01012632,Blackburn with Darwen 011F,Violence and sexual offences,Status update unavailable,
23abe5977839bf280efe13b9282bc78bc9fd3da579262643a261245a2664c7c9,2019-05,Lancashire Constabulary,Lancashire Constabulary,-2.462932,53.735909,On or near Old Bank Lane,E01012632,Blackburn with Darwen 011F,Violence and sexual offences,Unable to prosecute suspect,
f6b97746f2045469135d3c3bcce5582669c14693be94fff509beb5b61ea9a36a,2019-05,Lancashire Constabulary,Lancashire Constabulary,-2.462932,53.735909,On or near Old Bank Lane,E01012632,Blackburn with Darwen 011F,Violence and sexual offences,Status update unavailable,
1af3cff619b358df10cd0078219f46295495bafdbbc9c6c1d9d6f70d132d92e9,2019-05,Lancashire Constabulary,Lancashire Constabulary,-2.462932,53.735909,On or near Old Bank Lane,E01012632,Blackburn with Darwen 011F,Violence and sexual offences,Unable to prosecute suspect,
29f472cebe3671e267fe3f659b5f115c195ad33ff359e53856eccf226e88393c,2019-05,Lancashire Constabulary,Lancashire Constabulary,-2.462932,53.735909,On or near Old Bank Lane,E01012632,Blackburn with Darwen 011F,Violence and sexual offences,Status update unavailable,
020fb9eca592570c14b6feba2d730e313620288a162174649a13fe1b21f4554c,2019-05,Lancashire Constabulary,Lancashire Constabulary,-2.448765,53.728072,On or near Blackamoor Road,E01012632,Blackburn with Darwen 011F,Violence and sexual offences,Awaiting court outcome,
dad045cea563aacb28fa7e0133310ce82f0b29224ebb68abef95401d2be717c9,2019-05,Lancashire Constabulary,Lancashire Constabulary,-2.462932,53.735909,On or near Old Bank Lane,E01012632,Blackburn with Darwen 011F,Violence and sexual offences,Status update unavailable,
b8afd8fd7f11cf68ea7f39ab99acd8648acd7aab81be94e5402ffb041d50267b,2019-05,Lancashire Constabulary,Lancashire Constabulary,-2.454701,53.734521,On or near Shadsworth Road,E01012632,Blackburn with Darwen 011F,Violence and sexual offences,Status update unavailable,
496461195b56079d55245f821abe722db95c2471bfaa1a0fa9c767a43d48c8c1,2019-05,Lancashire Constabulary,Lancashire Constabulary,-2.462932,53.735909,On or near Old Bank Lane,E01012632,Blackburn with Darwen 011F,Violence and sexual offences,Awaiting court outcome,
6d50145832f8bcdb9bdc49546f3ec09892e50d4bcd71ffb149f56fe0a71ecfea,2019-05,Lancashire Constabulary,Lancashire Constabulary,-2.462932,53.735909,On or near Old Bank Lane,E01012632,Blackburn with Darwen 011F,Violence and sexual offences,Unable to prosecute suspect,
e2f98e9cfbdc59ae6df0a81c78035568f104dc094cda0cb95c866d1a4f8a5697,2019-05,Lancashire Constabulary,Lancashire Constabulary,-2.462932,53.735909,On or near Old Bank Lane,E01012632,Blackburn with Darwen 011F,Violence and sexual offences,Status update unavailable,
a337b6338994265c6bc755359f1e32460b8ec6d827ca47a4ccd01c108b44a7ed,2019-05,Lancashire Constabulary,Lancashire Constabulary,-2.456669,53.744094,On or near North Road,E01012632,Blackburn with Darwen 011F,Violence and sexual offences,Unable to prosecute suspect,
b1d555707c3862801f3d78d4fa0e9117c4fd2fba88bb3b65560f2306d3257f08,2019-05,Lancashire Constabulary,Lancashire Constabulary,-2.462932,53.735909,On or near Old Bank Lane,E01012632,Blackburn with Darwen 011F,Violence and sexual offences,Status update unavailable,
e3387ea78e03b1664e86871df146ebae558b75c036fdede8cad932a000b07b0d,2019-05,Lancashire Constabulary,Lancashire Constabulary,-2.462932,53.735909,On or near Old Bank Lane,E01012632,Blackburn with Darwen 011F,Violence and sexual offences,Status update unavailable,
3951d5fc0fd038a41c243f44b02dc7c4ba2643a1610c5a70db42408525b235d4,2019-05,Lancashire Constabulary,Lancashire Constabulary,-2.462932,53.735909,On or near Old Bank Lane,E01012632,Blackburn with Darwen 011F,Violence and sexual offences,Status update unavailable,
b810ddfa9a6124d4831833906dea5fecbb4e11b0a3465ba0490246fbaf2ab481,2019-05,Lancashire Constabulary,Lancashire Constabulary,-2.462932,53.735909,On or near Old Bank Lane,E01012632,Blackburn with Darwen 011F,Violence and sexual offences,Status update unavailable,
dd6493e7a5556c67aebfdf004bed5a0c2d9d6fbea953a92c4e97593a36098774,2019-05,Lancashire Constabulary,Lancashire Constabulary,-2.468185,53.736599,On or near Parking Area,E01012632,Blackburn with Darwen 011F,Violence and sexual offences,Status update unavailable,
7f7f5872167ce5ba3712612b6c91128f1409997377ab8fc8a68103606a0f48be,2019-05,Lancashire Constabulary,Lancashire Constabulary,-2.462932,53.735909,On or near Old Bank Lane,E01012632,Blackburn with Darwen 011F,Violence and sexual offences,Status update unavailable,
7421307265f3b3666f6ac5c56a2006837566bb37a73d64cac8ef1e3c9671e329,2019-05,Lancashire Constabulary,Lancashire Constabulary,-2.462932,53.735909,On or near Old Bank Lane,E01012632,Blackburn with Darwen 011F,Violence and sexual offences,Status update unavailable,
cde659df1f0c5ceba775ee7cc0c352fb5f35eea232d2185e058f7d1a21c2e123,2019-05,Lancashire Constabulary,Lancashire Constabulary,-2.462932,53.735909,On or near Old Bank Lane,E01012632,Blackburn with Darwen 011F,Violence and sexual offences,Unable to prosecute suspect,
5657f90a8faf64a1226feea25675006aa2478a607b2227eb60cd9861cb44cd44,2019-05,Lancashire Constabulary,Lancashire Constabulary,-2.456669,53.744094,On or near North Road,E01012632,Blackburn with Darwen 011F,Violence and sexual offences,Status update unavailable,
,2019-05,Lancashire Constabulary,Lancashire Constabulary,-2.500890,53.723056,On or near Heys Close,E01012594,Blackburn with Darwen 012A,Anti-social behaviour,,
,2019-05,Lancashire Constabulary,Lancashire Constabulary,-2.501901,53.723924,On or near Fowler Height Close,E01012594,Blackburn with Darwen 012A,Anti-social behaviour,,
,2019-05,Lancashire Constabulary,Lancashire Constabulary,-2.500678,53.726823,On or near Scotland Bank Terrace,E01012594,Blackburn with Darwen 012A,Anti-social behaviour,,
a7d361f2e98ea7f6abdd5fac47a8938c0bc9499efe9c70abc97104e93b45d931,2019-05,Lancashire Constabulary,Lancashire Constabulary,-2.501901,53.723924,On or near Fowler Height Close,E01012594,Blackburn with Darwen 012A,Criminal damage and arson,Unable to prosecute suspect,
20dfc236b85a50c71dfc99500ea6bcc70ea14da5f6a7af04799ed2a085f9aba0,2019-05,Lancashire Constabulary,Lancashire Constabulary,-2.501901,53.723924,On or near Fowler Height Close,E01012594,Blackburn with Darwen 012A,Criminal damage and arson,Status update unavailable,
140d02e4414893bbdfdcae722b492352a338ab6d5cf8654d556ad84d2cf61a39,2019-05,Lancashire Constabulary,Lancashire Constabulary,-2.501901,53.723924,On or near Fowler Height Close,E01012594,Blackburn with Darwen 012A,Criminal damage and arson,Investigation complete; no suspect identified,
cedf06c997a390abb0a0168ca433e13475c511d51a7b2a28c956dbdd2737d47c,2019-05,Lancashire Constabulary,Lancashire Constabulary,-2.503679,53.726829,On or near Brookway,E01012594,Blackburn with Darwen 012A,Public order,Status update unavailable,
dc6335705174e66b12bd1c2e10abd3b81072fb9e68cac9a23cb316f80e2c6302,2019-05,Lancashire Constabulary,Lancashire Constabulary,-2.503679,53.726829,On or near Brookway,E01012594,Blackburn with Darwen 012A,Vehicle crime,Offender given suspended prison sentence,
7fc06deac2c2b023c46ac705851d8e9b947a39679ec193417ece0c72e24d77d8,2019-05,Lancashire Constabulary,Lancashire Constabulary,-2.500678,53.726823,On or near Scotland Bank Terrace,E01012594,Blackburn with Darwen 012A,Violence and sexual offences,Status update unavailable,
2c8fb415c0f3cced141ffc7af794b718a90bed6db645a39a6ca49f983cc389a0,2019-05,Lancashire Constabulary,Lancashire Constabulary,-2.501901,53.723924,On or near Fowler Height Close,E01012594,Blackburn with Darwen 012A,Violence and sexual offences,Unable to prosecute suspect,
3e434bdf34548efd17b3925be538c48350a6c8c75964fe869d4bce989fb7ef9f,2019-05,Lancashire Constabulary,Lancashire Constabulary,-2.498822,53.727568,On or near Heys Court,E01012594,Blackburn with Darwen 012A,Violence and sexual offences,Unable to prosecute suspect,
f96529189929a865ff00313248c6fac6bcfc803c688fe5b23852c91300e24728,2019-05,Lancashire Constabulary,Lancashire Constabulary,-2.501901,53.723924,On or near Fowler Height Close,E01012594,Blackburn with Darwen 012A,Violence and sexual offences,Status update unavailable,
601777f3c836815a4e4054ef5e16965d8fde7d598f2a22b1a395de348f725823,2019-05,Lancashire Constabulary,Lancashire Constabulary,-2.501901,53.723924,On or near Fowler Height Close,E01012594,Blackburn with Darwen 012A,Violence and sexual offences,Unable to prosecute suspect,
e8d1f709bff9ee55c86898ed1f032b42b87b7d134d771635a00abdf79cade270,2019-05,Lancashire Constabulary,Lancashire Constabulary,-2.505367,53.724799,On or near Cockridge Close,E01012594,Blackburn with Darwen 012A,Violence and sexual offences,Status update unavailable,
a4be195fbc5beebbe2f71a433a9c009a2dc844d54614f4eab8c898f1f6def40f,2019-05,Lancashire Constabulary,Lancashire Constabulary,-2.498822,53.727568,On or near Heys Court,E01012594,Blackburn with Darwen 012A,Violence and sexual offences,Status update unavailable,
c9f1cec3a4480934910e50d3e624c30c1a4153d21d0946c6a52c9c81b282aa6a,2019-05,Lancashire Constabulary,Lancashire Constabulary,-2.498822,53.727568,On or near Heys Court,E01012594,Blackburn with Darwen 012A,Other crime,Unable to prosecute suspect,
,2019-05,Lancashire Constabulary,Lancashire Constabulary,-2.517047,53.737980,On or near Sports/Recreation Area,E01012618,Blackburn with Darwen 012B,Anti-social behaviour,,
,2019-05,Lancashire Constabulary,Lancashire Constabulary,-2.514988,53.732021,On or near Dalby Crescent,E01012618,Blackburn with Darwen 012B,Anti-social behaviour,,
39ec8aef8f48b49bd1f30fa4b73468b4c622d9e33e57a572404fdf4545b198cd,2019-05,Lancashire Constabulary,Lancashire Constabulary,-2.517047,53.737980,On or near Sports/Recreation Area,E01012618,Blackburn with Darwen 012B,Criminal damage and arson,Status update unavailable,
30a90967b558a8c17d48b2f55895d0bb436b074134416334dbb91d6bb484a9da,2019-05,Lancashire Constabulary,Lancashire Constabulary,-2.517047,53.737980,On or near Sports/Recreation Area,E01012618,Blackburn with Darwen 012B,Public order,Status update unavailable,
bedcf937ff73cd2638470eaa708508fcd2996d7b6560b4eea9f490e6fd9b73c2,2019-05,Lancashire Constabulary,Lancashire Constabulary,-2.517047,53.737980,On or near Sports/Recreation Area,E01012618,Blackburn with Darwen 012B,Theft from the person,Status update unavailable,
5dd50c05ead53eeb2431e4fd7398fda4e0bad4924bfffd724a4e5fe125886412,2019-05,Lancashire Constabulary,Lancashire Constabulary,-2.517348,53.731615,On or near Nook Lane,E01012618,Blackburn with Darwen 012B,Vehicle crime,Status update unavailable,
9e23dff3d89115f7f69400840a47ae4aa3e7c5ddd0e7beb300bc4f6303b6dc26,2019-05,Lancashire Constabulary,Lancashire Constabulary,-2.503993,53.731582,On or near King'S Bridge Street,E01012618,Blackburn with Darwen 012B,Violence and sexual offences,Unable to prosecute suspect,
cb13a68e878fd2101b2a80ee8a1b699f1c742b3af453416a786313d4aba7fc34,2019-05,Lancashire Constabulary,Lancashire Constabulary,-2.517047,53.737980,On or near Sports/Recreation Area,E01012618,Blackburn with Darwen 012B,Violence and sexual offences,Unable to prosecute suspect,
c270d2f8cc303bdcfd51c8c5e3d662c3229779f58f4f27f7ecb033eff93e8c4e,2019-05,Lancashire Constabulary,Lancashire Constabulary,-2.508309,53.732454,On or near Tewkesbury Street,E01012618,Blackburn with Darwen 012B,Violence and sexual offences,Unable to prosecute suspect,
fe21048b4b435ff847c67d60588b94fdf18160d5f5339f17ec2565b768f1e62c,2019-05,Lancashire Constabulary,Lancashire Constabulary,-2.505904,53.731628,On or near Broadway Street,E01012618,Blackburn with Darwen 012B,Violence and sexual offences,Unable to prosecute suspect,
8279b92ffd10e8925055b6e7d587943b0a97a7e1b179fe09e245307f5cc8df94,2019-05,Lancashire Constabulary,Lancashire Constabulary,-2.505904,53.731628,On or near Broadway Street,E01012618,Blackburn with Darwen 012B,Violence and sexual offences,Unable to prosecute suspect,
732b26ae890dd311bca064e2f9e3943d06600f183d7e2fce22e414487670b473,2019-05,Lancashire Constabulary,Lancashire Constabulary,-2.503993,53.731582,On or near King'S Bridge Street,E01012618,Blackburn with Darwen 012B,Violence and sexual offences,Status update unavailable,
,2019-05,Lancashire Constabulary,Lancashire Constabulary,-2.514868,53.729657,On or near Green Lane,E01012619,Blackburn with Darwen 012C,Anti-social behaviour,,
,2019-05,Lancashire Constabulary,Lancashire Constabulary,-2.511141,53.728532,On or near Railton Avenue,E01012619,Blackburn with Darwen 012C,Anti-social behaviour,,
,2019-05,Lancashire Constabulary,Lancashire Constabulary,-2.512869,53.729774,On or near Fielding Crescent,E01012619,Blackburn with Darwen 012C,Anti-social behaviour,,
744245f6edf959f26d23da8e6281dc28fcdf0581208d6163f9370974c1a5506b,2019-05,Lancashire Constabulary,Lancashire Constabulary,-2.512424,53.728077,On or near Foxstones Crescent,E01012619,Blackburn with Darwen 012C,Burglary,Status update unavailable,
22fd00d9db33958692569ed7135923ed2d65a88b52129c7202cc5abe364804f5,2019-05,Lancashire Constabulary,Lancashire Constabulary,-2.512869,53.729774,On or near Fielding Crescent,E01012619,Blackburn with Darwen 012C,Criminal damage and arson,Status update unavailable,
c6fbfc639808ab579ad8df2e015b738c19f54779d23213ea22acdac69ce54286,2019-05,Lancashire Constabulary,Lancashire Constabulary,-2.512424,53.728077,On or near Foxstones Crescent,E01012619,Blackburn with Darwen 012C,Criminal damage and arson,Status update unavailable,
daa92a94c708c7057f1eeb3136d20b4b75515ee0ba19783da7d73e45a947dcaf,2019-05,Lancashire Constabulary,Lancashire Constabulary,-2.513537,53.731146,On or near Whiteley Avenue,E01012619,Blackburn with Darwen 012C,Other theft,Unable to prosecute suspect,
40257aa3f536ebbd455254388622cf933c86142fa809fd0c7a732820891eba09,2019-05,Lancashire Constabulary,Lancashire Constabulary,-2.505869,53.731259,On or near Bentham Road,E01012619,Blackburn with Darwen 012C,Other theft,Status update unavailable,
42df1a220e6661a95da7188fcbccc6f1a124eef041bbd0926e7e318da01e7725,2019-05,Lancashire Constabulary,Lancashire Constabulary,-2.511141,53.728532,On or near Railton Avenue,E01012619,Blackburn with Darwen 012C,Other theft,Unable to prosecute suspect,
758c1014798650a314294e81acceb45942dacd8717731afb8e4ac2fcea29ca6e,2019-05,Lancashire Constabulary,Lancashire Constabulary,-2.512869,53.729774,On or near Fielding Crescent,E01012619,Blackburn with Darwen 012C,Public order,Status update unavailable,
66b863b252426496a0fac88672822d6537f0b5416ba221be0add3d6d3e3145a5,2019-05,Lancashire Constabulary,Lancashire Constabulary,-2.511141,53.728532,On or near Railton Avenue,E01012619,Blackburn with Darwen 012C,Vehicle crime,Status update unavailable,
60c16408dace402a18bf9e8c38c569391ce01eb06f4f0d34904f272df96439d7,2019-05,Lancashire Constabulary,Lancashire Constabulary,-2.512869,53.729774,On or near Fielding Crescent,E01012619,Blackburn with Darwen 012C,Vehicle crime,Status update unavailable,
2aa8929a207cd3c527dee7cb93435b8bcab2ec93f45e7269ab855e81c7ce4a8f,2019-05,Lancashire Constabulary,Lancashire Constabulary,-2.513977,53.729931,On or near Morley Avenue,E01012619,Blackburn with Darwen 012C,Violence and sexual offences,Status update unavailable,
,2019-05,Lancashire Constabulary,Lancashire Constabulary,-2.507517,53.728367,On or near Anglesey Street,E01012620,Blackburn with Darwen 012D,Anti-social behaviour,,
,2019-05,Lancashire Constabulary,Lancashire Constabulary,-2.508133,53.727978,On or near Picton Street,E01012620,Blackburn with Darwen 012D,Anti-social behaviour,,
f17eb09cdae5fc44ab599b20202579af82a19cc85252896eef3bebd54fafd23a,2019-05,Lancashire Constabulary,Lancashire Constabulary,-2.507242,53.728198,On or near Duke Of Sussex Street,E01012620,Blackburn with Darwen 012D,Criminal damage and arson,Status update unavailable,
b20b6ccfbf3598596e21f64709ef40f8a6358128dc3d7c30c9adcf144f75232c,2019-05,Lancashire Constabulary,Lancashire Constabulary,-2.504316,53.719321,On or near Heys Lane,E01012620,Blackburn with Darwen 012D,Criminal damage and arson,Status update unavailable,
093a01dedb84a1ee21fd71aec1412c9c476a6d6aac300790aa06b8bbe1bafb71,2019-05,Lancashire Constabulary,Lancashire Constabulary,-2.504316,53.719321,On or near Heys Lane,E01012620,Blackburn with Darwen 012D,Criminal damage and arson,Status update unavailable,
d1ca934a9ed5f2b7c373716805d5da4aa6e2e81369731159a406a00066b19990,2019-05,Lancashire Constabulary,Lancashire Constabulary,-2.508816,53.726798,On or near Cherryclough Way,E01012620,Blackburn with Darwen 012D,Other theft,Status update unavailable,
17e4e1a6dfe19482840bd43cc83f7bdbf55bf491acec09881fce6d4549b8badf,2019-05,Lancashire Constabulary,Lancashire Constabulary,-2.508373,53.730242,On or near Shorrock Lane,E01012620,Blackburn with Darwen 012D,Violence and sexual offences,Status update unavailable,
7a4ab83b6a0882209018cbddd1ffe80cf6b363b5efad31f3b333fbfab3f3d164,2019-05,Lancashire Constabulary,Lancashire Constabulary,-2.512248,53.726118,On or near Ernlouen Close,E01012620,Blackburn with Darwen 012D,Violence and sexual offences,Status update unavailable,
5ffd1ea291970a4c1e0b09f5d7ef19e6e92e524d2e6194aad4cc802f21b08643,2019-05,Lancashire Constabulary,Lancashire Constabulary,-2.508816,53.726798,On or near Cherryclough Way,E01012620,Blackburn with Darwen 012D,Violence and sexual offences,Unable to prosecute suspect,
,2019-05,Lancashire Constabulary,Lancashire Constabulary,-2.502299,53.728048,On or near Livesey Branch Road,E01012621,Blackburn with Darwen 012E,Anti-social behaviour,,
,2019-05,Lancashire Constabulary,Lancashire Constabulary,-2.499826,53.729137,On or near Dorothy Street,E01012621,Blackburn with Darwen 012E,Anti-social behaviour,,
,2019-05,Lancashire Constabulary,Lancashire Constabulary,-2.499826,53.729137,On or near Dorothy Street,E01012621,Blackburn with Darwen 012E,Anti-social behaviour,,
09ce1296c01f32fdfa8c4628e6cb9e5423e9dbc0f9a740f849e997d9365ce456,2019-05,Lancashire Constabulary,Lancashire Constabulary,-2.501050,53.728817,On or near St Helier Close,E01012621,Blackburn with Darwen 012E,Other theft,Investigation complete; no suspect identified,
b1e9e1a203664e9204bda495b6522449ecf6653ae1444eb390710eb9de328841,2019-05,Lancashire Constabulary,Lancashire Constabulary,-2.499826,53.729137,On or near Dorothy Street,E01012621,Blackburn with Darwen 012E,Other theft,Status update unavailable,
b746bea33140f81441f9794c592bbe14c3d4176364eb773b7dbff67b9d4f6ee3,2019-05,Lancashire Constabulary,Lancashire Constabulary,-2.499826,53.729137,On or near Dorothy Street,E01012621,Blackburn with Darwen 012E,Other theft,Status update unavailable,
e3f852d76e55bae0d55017554be3108a0ae669fd16b5b697c732ee7da7732666,2019-05,Lancashire Constabulary,Lancashire Constabulary,-2.499826,53.729137,On or near Dorothy Street,E01012621,Blackburn with Darwen 012E,Public order,Status update unavailable,
2b4c51d57bf5da9ecf98bc763689b29eb95c15b898351c9e3a171473d624ba85,2019-05,Lancashire Constabulary,Lancashire Constabulary,-2.499826,53.729137,On or near Dorothy Street,E01012621,Blackburn with Darwen 012E,Public order,Status update unavailable,
4e0164ba185cbf1729def7486c4f5418245a898a71ddfdacc92043d3436d4921,2019-05,Lancashire Constabulary,Lancashire Constabulary,-2.504750,53.728927,On or near Full View,E01012621,Blackburn with Darwen 012E,Vehicle crime,Status update unavailable,
b6b1075c7ac03de4c3e5743e81b143734754ceda75760103b4065dfa5a4bae01,2019-05,Lancashire Constabulary,Lancashire Constabulary,-2.501050,53.728817,On or near St Helier Close,E01012621,Blackburn with Darwen 012E,Violence and sexual offences,Unable to prosecute suspect,
c85180d74bc484b88a195e972462a94b5b380b54db2de116bcf22e30f0c6ca3a,2019-05,Lancashire Constabulary,Lancashire Constabulary,-2.503516,53.729696,On or near Plantation Road,E01012621,Blackburn with Darwen 012E,Violence and sexual offences,Unable to prosecute suspect,
df135a281ec6928cae529a5c8fb40558f08e2c82acefd3fc3b8e0b94ff58980f,2019-05,Lancashire Constabulary,Lancashire Constabulary,-2.501050,53.728817,On or near St Helier Close,E01012621,Blackburn with Darwen 012E,Violence and sexual offences,Unable to prosecute suspect,
ccedb7393521753ced7efc04c5ee86820e978501584718ed568554d3a2cbe695,2019-05,Lancashire Constabulary,Lancashire Constabulary,-2.504406,53.725567,On or near Waterloo Close,E01012621,Blackburn with Darwen 012E,Violence and sexual offences,Unable to prosecute suspect,
e2ece9afd8690503a46ba1d24a5d8d12a22e6d8f314bb725ff8a4688ad509fab,2019-05,Lancashire Constabulary,Lancashire Constabulary,-2.499826,53.729137,On or near Dorothy Street,E01012621,Blackburn with Darwen 012E,Violence and sexual offences,Unable to prosecute suspect,
7f1a84fc0933bfe50c515bed65db4668217c9cba61b7dfa5bce2727861da28a1,2019-05,Lancashire Constabulary,Lancashire Constabulary,-2.501050,53.728817,On or near St Helier Close,E01012621,Blackburn with Darwen 012E,Violence and sexual offences,Unable to prosecute suspect,
,2019-05,Lancashire Constabulary,Lancashire Constabulary,-2.493743,53.728668,On or near Fernhurst Street,E01012593,Blackburn with Darwen 013A,Anti-social behaviour,,
,2019-05,Lancashire Constabulary,Lancashire Constabulary,-2.494090,53.729826,On or near Baden Terrace,E01012593,Blackburn with Darwen 013A,Anti-social behaviour,,
,2019-05,Lancashire Constabulary,Lancashire Constabulary,-2.493743,53.728668,On or near Fernhurst Street,E01012593,Blackburn with Darwen 013A,Anti-social behaviour,,
,2019-05,Lancashire Constabulary,Lancashire Constabulary,-2.497420,53.725632,On or near Arkwright Fold,E01012593,Blackburn with Darwen 013A,Anti-social behaviour,,
,2019-05,Lancashire Constabulary,Lancashire Constabulary,-2.493743,53.728668,On or near Fernhurst Street,E01012593,Blackburn with Darwen 013A,Anti-social behaviour,,
,2019-05,Lancashire Constabulary,Lancashire Constabulary,-2.497420,53.725632,On or near Arkwright Fold,E01012593,Blackburn with Darwen 013A,Anti-social behaviour,,
,2019-05,Lancashire Constabulary,Lancashire Constabulary,-2.490967,53.728472,On or near Tweed Street,E01012593,Blackburn with Darwen 013A,Anti-social behaviour,,
c96178bcce5a27f5c5a49caa24633fb026db841ac285c372d37ff3f7511ff7ab,2019-05,Lancashire Constabulary,Lancashire Constabulary,-2.488634,53.726001,On or near Stewart Street,E01012593,Blackburn with Darwen 013A,Burglary,Status update unavailable,
3e45208dfcaff1decd307b2323481d2671ba39a2fddd5c411c0fd39f3ed29382,2019-05,Lancashire Constabulary,Lancashire Constabulary,-2.494090,53.729826,On or near Baden Terrace,E01012593,Blackburn with Darwen 013A,Criminal damage and arson,Unable to prosecute suspect,
76e8b74f050cc298c9b4931b0ba1d04ab977a6f0ac9781898142ba842d28b11b,2019-05,Lancashire Constabulary,Lancashire Constabulary,-2.493743,53.728668,On or near Fernhurst Street,E01012593,Blackburn with Darwen 013A,Criminal damage and arson,Status update unavailable,
3495eb92c06c3a5f80b348b0b648e090705e85fda1f68b9baa159b75b75b4f40,2019-05,Lancashire Constabulary,Lancashire Constabulary,-2.497255,53.728303,On or near Crediton Close,E01012593,Blackburn with Darwen 013A,Criminal damage and arson,Status update unavailable,
ad9840e69d71e949ccc34248e962267b0cd59b7e7cd5b57f81c3d47c738d804c,2019-05,Lancashire Constabulary,Lancashire Constabulary,-2.489635,53.726087,On or near Ashville Terrace,E01012593,Blackburn with Darwen 013A,Criminal damage and arson,Status update unavailable,
88ff7aebcf120c1d72c60737308c615abc7a53e77172d16e8706564c3ca9aab7,2019-05,Lancashire Constabulary,Lancashire Constabulary,-2.499941,53.729909,On or near Moorgate Street,E01012593,Blackburn with Darwen 013A,Criminal damage and arson,Status update unavailable,
ca227254016b2a94388cb908806b77eac76878711fa501df9929cdaa38379175,2019-05,Lancashire Constabulary,Lancashire Constabulary,-2.497029,53.729769,On or near Worsten Avenue,E01012593,Blackburn with Darwen 013A,Criminal damage and arson,Status update unavailable,
25c12ad8bef132c2fa2c6c5140a04ae880bd17d03eba3632286bf32089bf9e09,2019-05,Lancashire Constabulary,Lancashire Constabulary,-2.497477,53.729164,On or near Livesey Branch Road,E01012593,Blackburn with Darwen 013A,Criminal damage and arson,Status update unavailable,
cbc3ce28a17bbca40c16a25c5eaed30369dc32db2a4e1f2f3a119e24fa92b52b,2019-05,Lancashire Constabulary,Lancashire Constabulary,-2.496200,53.730122,On or near Langho Street,E01012593,Blackburn with Darwen 013A,Criminal damage and arson,Status update unavailable,
9aebafd10d2b906a12d9bc69ebf7602918081d44af195981f93fbf1bf282d812,2019-05,Lancashire Constabulary,Lancashire Constabulary,-2.494090,53.729826,On or near Baden Terrace,E01012593,Blackburn with Darwen 013A,Other theft,Status update unavailable,
4888b615c588a3a9d7224fc9d6d8d9e8dacb2d630c18a4fbd62327dbded9e747,2019-05,Lancashire Constabulary,Lancashire Constabulary,-2.493743,53.728668,On or near Fernhurst Street,E01012593,Blackburn with Darwen 013A,Possession of weapons,Status update unavailable,
40a06dc09f3ac0100aec1d84105b73724a30b66e331e6411aba6923f9ba9338a,2019-05,Lancashire Constabulary,Lancashire Constabulary,-2.490967,53.728472,On or near Tweed Street,E01012593,Blackburn with Darwen 013A,Public order,Status update unavailable,
e4b89141b1758fb093ba8e79338fbe6a68690b7f556ab8977345c798534565e7,2019-05,Lancashire Constabulary,Lancashire Constabulary,-2.496200,53.730122,On or near Langho Street,E01012593,Blackburn with Darwen 013A,Shoplifting,Status update unavailable,
645d3ddccf6c7531680e14ab25367934010ee5ac73872795f26720f121d09a30,2019-05,Lancashire Constabulary,Lancashire Constabulary,-2.490967,53.728472,On or near Tweed Street,E01012593,Blackburn with Darwen 013A,Violence and sexual offences,Offender given a caution,
57ec218be81558f2ffc24b9bc3fc9f6e0e65726a82afadda5cc45f47f880c8fd,2019-05,Lancashire Constabulary,Lancashire Constabulary,-2.497420,53.725632,On or near Arkwright Fold,E01012593,Blackburn with Darwen 013A,Violence and sexual offences,Unable to prosecute suspect,
93699dc34ce738086e8848d7c4619b4a5dd82eaf6d38c2aa9e51ba91db3c993d,2019-05,Lancashire Constabulary,Lancashire Constabulary,-2.497420,53.725632,On or near Arkwright Fold,E01012593,Blackburn with Darwen 013A,Violence and sexual offences,Unable to prosecute suspect,
db3fd58b429f854562169c4c25cf140c21e30f054d97b09079fb3bc528384257,2019-05,Lancashire Constabulary,Lancashire Constabulary,-2.499941,53.729909,On or near Moorgate Street,E01012593,Blackburn with Darwen 013A,Violence and sexual offences,Unable to prosecute suspect,
dfce9c8252cc00ad5bdf63d2e9129ff0bd2919380bb2ff1f16922e84645b0674,2019-05,Lancashire Constabulary,Lancashire Constabulary,-2.488634,53.726001,On or near Stewart Street,E01012593,Blackburn with Darwen 013A,Violence and sexual offences,Further investigation is not in the public interest,
830dfc3768a9baa939feba9d2e240cdf676f6b83fbc51a1a3f5e22250e8a15ad,2019-05,Lancashire Constabulary,Lancashire Constabulary,-2.493743,53.728668,On or near Fernhurst Street,E01012593,Blackburn with Darwen 013A,Violence and sexual offences,Status update unavailable,
,2019-05,Lancashire Constabulary,Lancashire Constabulary,-2.471755,53.719669,On or near Farfield Drive,E01012597,Blackburn with Darwen 013B,Anti-social behaviour,,
e7b9719cfbcc00a6a57d97d06f6c06162ec00b5a05ff897003e89c5f2a6e8be4,2019-05,Lancashire Constabulary,Lancashire Constabulary,-2.474819,53.721239,On or near Albert Place,E01012597,Blackburn with Darwen 013B,Shoplifting,Status update unavailable,
436c539a3dadcf55cc4a99de277b875d38ec3b1eb7ec7747fad45c1412af4fe2,2019-05,Lancashire Constabulary,Lancashire Constabulary,-2.471999,53.722508,On or near Higher Croft Road,E01012597,Blackburn with Darwen 013B,Vehicle crime,Status update unavailable,
1b48279f8e2a70a467c15cc313a4b47197f077b72672bd33688ce78978437352,2019-05,Lancashire Constabulary,Lancashire Constabulary,-2.476346,53.720945,On or near Petrol Station,E01012597,Blackburn with Darwen 013B,Violence and sexual offences,Further investigation is not in the public interest,
,2019-05,Lancashire Constabulary,Lancashire Constabulary,-2.495311,53.725425,On or near Langton Close,E01012598,Blackburn with Darwen 013C,Anti-social behaviour,,
,2019-05,Lancashire Constabulary,Lancashire Constabulary,-2.494984,53.725966,On or near Kelley Close,E01012598,Blackburn with Darwen 013C,Anti-social behaviour,,
2b54e75fe47fd33c35a9c85fd80bb359864fa9ac109ef6b36732c0c7c507a112,2019-05,Lancashire Constabulary,Lancashire Constabulary,-2.487456,53.719804,On or near The Shires,E01012598,Blackburn with Darwen 013C,Criminal damage and arson,Status update unavailable,
396e3c6fa3db486337f917cae62fa175edaca9dad4193c547ad1c47fec7aaa7f,2019-05,Lancashire Constabulary,Lancashire Constabulary,-2.494901,53.716349,On or near Bog Height Road,E01012598,Blackburn with Darwen 013C,Criminal damage and arson,Status update unavailable,
dfc3166950e16a31cdad8262d89085e97448dcaa9909fed03e4d5b01ba9e9d09,2019-05,Lancashire Constabulary,Lancashire Constabulary,-2.488430,53.717580,On or near Ashwood Avenue,E01012598,Blackburn with Darwen 013C,Criminal damage and arson,Status update unavailable,
f5e804d7e084bff7c0d9810ea01e18d32f4e8a569cb0013ab8e865f610a9b735,2019-05,Lancashire Constabulary,Lancashire Constabulary,-2.499498,53.721894,On or near Bank Hey View,E01012598,Blackburn with Darwen 013C,Public order,Unable to prosecute suspect,
5a1e1a235a6e2daec53d4d60fe5716b538d2cc804f546adec64416fa463a644a,2019-05,Lancashire Constabulary,Lancashire Constabulary,-2.491253,53.720535,On or near The Greenwood,E01012598,Blackburn with Darwen 013C,Public order,Status update unavailable,
6777546a70b18284725bfb044a00687abbdb323e8e8334981738617705b310f4,2019-05,Lancashire Constabulary,Lancashire Constabulary,-2.494868,53.723845,On or near Taylor Avenue,E01012598,Blackburn with Darwen 013C,Vehicle crime,Status update unavailable,
56a1cb6b75082512b0da5c3a5920a94cb5ccc4fb62a439c04939daf265e179bb,2019-05,Lancashire Constabulary,Lancashire Constabulary,-2.495813,53.725585,On or near Brotherston Drive,E01012598,Blackburn with Darwen 013C,Vehicle crime,Investigation complete; no suspect identified,
6f8f9c5cce70246a65eff36a50f3051754cfa493f7de7e270790d54645d9a979,2019-05,Lancashire Constabulary,Lancashire Constabulary,-2.492601,53.724403,On or near Hendry Lane,E01012598,Blackburn with Darwen 013C,Vehicle crime,Status update unavailable,
7a6711069cc1b1ad24430bcd72e8d6810e6863c0d0be0824594acb4d1aa3c4ed,2019-05,Lancashire Constabulary,Lancashire Constabulary,-2.492367,53.725114,On or near England Avenue,E01012598,Blackburn with Darwen 013C,Vehicle crime,Status update unavailable,
221295ea28350ee618bf6f8f1bd10073d61b99976bb88e061af38b46774513f2,2019-05,Lancashire Constabulary,Lancashire Constabulary,-2.491077,53.724957,On or near Kendall Close,E01012598,Blackburn with Darwen 013C,Vehicle crime,Investigation complete; no suspect identified,
aeac06b1aecc150c9296bf9151d42af54fc95f72ff69e2f1e433fce20ad5a11a,2019-05,Lancashire Constabulary,Lancashire Constabulary,-2.493141,53.723897,On or near Douglas Close,E01012598,Blackburn with Darwen 013C,Vehicle crime,Status update unavailable,
f0489bfd413ff1a3fbe122c4a4d43f262125fa4556dd6b27f008a196eaf299f2,2019-05,Lancashire Constabulary,Lancashire Constabulary,-2.491077,53.724957,On or near Kendall Close,E01012598,Blackburn with Darwen 013C,Vehicle crime,Status update unavailable,
70a272846e7b4d97f8e9fa7985d557821b6ef19c7ada37890f862119b14ec705,2019-05,Lancashire Constabulary,Lancashire Constabulary,-2.492601,53.724403,On or near Hendry Lane,E01012598,Blackburn with Darwen 013C,Violence and sexual offences,Unable to prosecute suspect,
a5ed698762339c3b0c093ab5958cd2e1b22c27d3fbb8c4b154e7cf5b3b887160,2019-05,Lancashire Constabulary,Lancashire Constabulary,-2.490118,53.719353,On or near Orchard Close,E01012598,Blackburn with Darwen 013C,Violence and sexual offences,Further investigation is not in the public interest,
30523b8932089b7924ced664bfb6d43d51e839146a11933944fd3ede9ef23e80,2019-05,Lancashire Constabulary,Lancashire Constabulary,-2.496366,53.723677,On or near Heyworth Avenue,E01012598,Blackburn with Darwen 013C,Violence and sexual offences,Unable to prosecute suspect,
65b3f8ce5f726dab93664818b04f70b47e9487887369655e0c509849b1119cc0,2019-05,Lancashire Constabulary,Lancashire Constabulary,-2.494663,53.723190,On or near Campbell Close,E01012598,Blackburn with Darwen 013C,Violence and sexual offences,Awaiting court outcome,
e560ae9fada17de0643e64e20a6e8c423787e8b562e9ee804c3ece9efd5f1a11,2019-05,Lancashire Constabulary,Lancashire Constabulary,-2.494663,53.723190,On or near Campbell Close,E01012598,Blackburn with Darwen 013C,Violence and sexual offences,Status update unavailable,
5d8a694668cfce360f7cbb99ae5434849ed5b771d85aecd41f3edbdb0357ed53,2019-05,Lancashire Constabulary,Lancashire Constabulary,-2.493972,53.726294,On or near Beamish Avenue,E01012598,Blackburn with Darwen 013C,Violence and sexual offences,Status update unavailable,
,2019-05,Lancashire Constabulary,Lancashire Constabulary,-2.486224,53.723332,On or near Petrol Station,E01012599,Blackburn with Darwen 013D,Anti-social behaviour,,
,2019-05,Lancashire Constabulary,Lancashire Constabulary,-2.475719,53.721766,On or near Millbrook Street,E01012599,Blackburn with Darwen 013D,Anti-social behaviour,,
,2019-05,Lancashire Constabulary,Lancashire Constabulary,-2.481639,53.722686,On or near Branch Road,E01012599,Blackburn with Darwen 013D,Anti-social behaviour,,
d414d9701235db1631e0b5186961544ec8c6b59255f46520863c3f1c1b39dadf,2019-05,Lancashire Constabulary,Lancashire Constabulary,-2.487602,53.724558,On or near Oakfield Road,E01012599,Blackburn with Darwen 013D,Burglary,Status update unavailable,
64b6266d6edf1cb20fd4139e88e72a1475b1e64a3d859bed4953d4221233c99d,2019-05,Lancashire Constabulary,Lancashire Constabulary,-2.481639,53.722686,On or near Branch Road,E01012599,Blackburn with Darwen 013D,Criminal damage and arson,Status update unavailable,
3fbb51c663382e6f3c82d10b3a1c0d09266d2141e7fb5630c25b783baea173f5,2019-05,Lancashire Constabulary,Lancashire Constabulary,-2.475719,53.721766,On or near Millbrook Street,E01012599,Blackburn with Darwen 013D,Criminal damage and arson,Status update unavailable,
6f2b77c9eb8f50a08feb1d29cce33d98c9aadd2f1774f44d7f6894e846c1a5a9,2019-05,Lancashire Constabulary,Lancashire Constabulary,-2.481639,53.722686,On or near Branch Road,E01012599,Blackburn with Darwen 013D,Drugs,Status update unavailable,
b4241c4e8f25815780924470148f844b3179e3918271b4e5da74a92e81086747,2019-05,Lancashire Constabulary,Lancashire Constabulary,-2.487158,53.724191,On or near Edmund Street,E01012599,Blackburn with Darwen 013D,Other theft,Unable to prosecute suspect,
8094511897b8a78b3442a29494cab6329ab71664694f09906f4f76f643c3113a,2019-05,Lancashire Constabulary,Lancashire Constabulary,-2.481639,53.722686,On or near Branch Road,E01012599,Blackburn with Darwen 013D,Other theft,Status update unavailable,
cd29e87dda0811260ea58ed9f9b0a4cf050d1fecd82411e955358f89e0651ba4,2019-05,Lancashire Constabulary,Lancashire Constabulary,-2.487158,53.724191,On or near Edmund Street,E01012599,Blackburn with Darwen 013D,Other theft,Status update unavailable,
8a7a7c53859e22ebcf048116e6cc271f0f29a103edbe150fa3d04f0e3c597c4b,2019-05,Lancashire Constabulary,Lancashire Constabulary,-2.481639,53.722686,On or near Branch Road,E01012599,Blackburn with Darwen 013D,Shoplifting,Status update unavailable,
122fb555752f582ed1fc149b85698c6b0f47bff6f12b081b6329df0fe70cf4db,2019-05,Lancashire Constabulary,Lancashire Constabulary,-2.481639,53.722686,On or near Branch Road,E01012599,Blackburn with Darwen 013D,Violence and sexual offences,Status update unavailable,
,2019-05,Lancashire Constabulary,Lancashire Constabulary,-2.479262,53.708233,On or near Sandringham Road,E01012589,Blackburn with Darwen 014A,Anti-social behaviour,,
,2019-05,Lancashire Constabulary,Lancashire Constabulary,-2.478961,53.705718,On or near Falcon Avenue,E01012589,Blackburn with Darwen 014A,Anti-social behaviour,,
,2019-05,Lancashire Constabulary,Lancashire Constabulary,-2.474801,53.704863,On or near Gillibrand Street,E01012589,Blackburn with Darwen 014A,Anti-social behaviour,,
137a82e8a64445ce794e9b4a53c60d60a841bc0ff558ae9340098249bfbe7836,2019-05,Lancashire Constabulary,Lancashire Constabulary,-2.474660,53.705798,On or near Greenway Street,E01012589,Blackburn with Darwen 014A,Criminal damage and arson,Status update unavailable,
12247b45980588c7ebf14c5017e832a6b43c73d8c39e2b926df486c2ba958fd0,2019-05,Lancashire Constabulary,Lancashire Constabulary,-2.479262,53.708233,On or near Sandringham Road,E01012589,Blackburn with Darwen 014A,Criminal damage and arson,Status update unavailable,
b34e164d4a57614dc14189434052e5954542722caf7b7c748f0f8f34f06d82b4,2019-05,Lancashire Constabulary,Lancashire Constabulary,-2.479262,53.708233,On or near Sandringham Road,E01012589,Blackburn with Darwen 014A,Criminal damage and arson,Status update unavailable,
96a976985c13be81b26cafd779f144e3a688393f6b4263d6a2a75e6db041af0a,2019-05,Lancashire Constabulary,Lancashire Constabulary,-2.478156,53.705550,On or near Supermarket,E01012589,Blackburn with Darwen 014A,Other theft,Status update unavailable,
fc19167bf549c219f597ca9034a4abd54c37921ae1576389d6d2c7be37822bff,2019-05,Lancashire Constabulary,Lancashire Constabulary,-2.476681,53.706329,On or near Clarence Street,E01012589,Blackburn with Darwen 014A,Violence and sexual offences,Further investigation is not in the public interest,
442d498ed5411665b2fd6b30d31eef840481e8d3b1faccff7e92d56d73bc9e66,2019-05,Lancashire Constabulary,Lancashire Constabulary,-2.476681,53.706329,On or near Clarence Street,E01012589,Blackburn with Darwen 014A,Violence and sexual offences,Unable to prosecute suspect,
9388a2c58ac0cb10bdd353fd009180e747d7c04521136700c89723a263541efd,2019-05,Lancashire Constabulary,Lancashire Constabulary,-2.476249,53.704300,On or near Petrol Station,E01012589,Blackburn with Darwen 014A,Violence and sexual offences,Unable to prosecute suspect,
0e0f342874edf2969cd22fbdcfa23617690ded90174b82d277fbe382e00b0057,2019-05,Lancashire Constabulary,Lancashire Constabulary,-2.474660,53.705798,On or near Greenway Street,E01012589,Blackburn with Darwen 014A,Violence and sexual offences,Awaiting court outcome,
a46c2be483b6fbc81c7aa3b13274f6e45e8c09fed7806e2734b9cea51f5e754f,2019-05,Lancashire Constabulary,Lancashire Constabulary,-2.475652,53.705138,On or near Percival Street,E01012589,Blackburn with Darwen 014A,Other crime,Status update unavailable,
,2019-05,Lancashire Constabulary,Lancashire Constabulary,-2.477193,53.711414,On or near Sports/Recreation Area,E01012590,Blackburn with Darwen 014B,Anti-social behaviour,,
,2019-05,Lancashire Constabulary,Lancashire Constabulary,-2.477193,53.711414,On or near Sports/Recreation Area,E01012590,Blackburn with Darwen 014B,Anti-social behaviour,,
,2019-05,Lancashire Constabulary,Lancashire Constabulary,-2.481598,53.711064,On or near Blackburn Road,E01012590,Blackburn with Darwen 014B,Anti-social behaviour,,
,2019-05,Lancashire Constabulary,Lancashire Constabulary,-2.481598,53.711064,On or near Blackburn Road,E01012590,Blackburn with Darwen 014B,Anti-social behaviour,,
,2019-05,Lancashire Constabulary,Lancashire Constabulary,-2.477193,53.711414,On or near Sports/Recreation Area,E01012590,Blackburn with Darwen 014B,Anti-social behaviour,,
a073b0af0995c5f982ea46d0302a2fd1f1b50946cc94ebc8a02970dcdcda7971,2019-05,Lancashire Constabulary,Lancashire Constabulary,-2.477193,53.711414,On or near Sports/Recreation Area,E01012590,Blackburn with Darwen 014B,Burglary,Status update unavailable,
aacbacbb316e662f866e330199aa6bce46650d6514a7c3c64c86bb8355179a4a,2019-05,Lancashire Constabulary,Lancashire Constabulary,-2.481245,53.710670,On or near Milner Road,E01012590,Blackburn with Darwen 014B,Criminal damage and arson,Status update unavailable,
c0f2ed5be4647b7a66daee0414bccd5ffb0a24d6ae8e0befb9ac5993405b0457,2019-05,Lancashire Constabulary,Lancashire Constabulary,-2.481116,53.710042,On or near Blackburn Road,E01012590,Blackburn with Darwen 014B,Criminal damage and arson,Status update unavailable,
a1612141b1077261b650c28fb0aa81beed88fe3684b354bfe17fda597a5ad6b8,2019-05,Lancashire Constabulary,Lancashire Constabulary,-2.481703,53.709707,On or near Haldane Road,E01012590,Blackburn with Darwen 014B,Criminal damage and arson,Status update unavailable,
ca758119a12051d74bb890fc4b36a8a548285a0e22e59c0eafc80f5c55a6044f,2019-05,Lancashire Constabulary,Lancashire Constabulary,-2.481116,53.710042,On or near Blackburn Road,E01012590,Blackburn with Darwen 014B,Criminal damage and arson,Unable to prosecute suspect,
28d52821e53c54e621b5d97dfaa22b407970648c0ebfba8efc2dd5a74447c327,2019-05,Lancashire Constabulary,Lancashire Constabulary,-2.477193,53.711414,On or near Sports/Recreation Area,E01012590,Blackburn with Darwen 014B,Criminal damage and arson,Status update unavailable,
af47711a7c2d8bb7730b0b8d2a0752eea7f7ca160a0c322708aceeea3fb12579,2019-05,Lancashire Constabulary,Lancashire Constabulary,-2.481489,53.713465,On or near Petrol Station,E01012590,Blackburn with Darwen 014B,Other theft,Status update unavailable,
4f4f1ef7fc420990f4e2913ef065510377145c2e005fe8b074f0a11ef93048ce,2019-05,Lancashire Constabulary,Lancashire Constabulary,-2.475809,53.714979,On or near Commercial Road,E01012590,Blackburn with Darwen 014B,Public order,Status update unavailable,
244d1654d371fe32c98152ab36f32bc148baae94ff257eb8b2f9162432728e75,2019-05,Lancashire Constabulary,Lancashire Constabulary,-2.477193,53.711414,On or near Sports/Recreation Area,E01012590,Blackburn with Darwen 014B,Violence and sexual offences,Awaiting court outcome,
8b943be055f42585e591f82712e5019425fc26f3bc935200cf5dbab4df790a5f,2019-05,Lancashire Constabulary,Lancashire Constabulary,-2.481483,53.711631,On or near Evelyn Road,E01012590,Blackburn with Darwen 014B,Violence and sexual offences,Offender given suspended prison sentence,
,2019-05,Lancashire Constabulary,Lancashire Constabulary,-2.482896,53.713279,On or near Moss Fold Road,E01012591,Blackburn with Darwen 014C,Anti-social behaviour,,
,2019-05,Lancashire Constabulary,Lancashire Constabulary,-2.484111,53.716168,On or near M65,E01012591,Blackburn with Darwen 014C,Anti-social behaviour,,
a006627abb37dbd0ebbd8948b726c506c8202d55ac6861c0715bd72064606f61,2019-05,Lancashire Constabulary,Lancashire Constabulary,-2.484111,53.716168,On or near M65,E01012591,Blackburn with Darwen 014C,Burglary,Status update unavailable,
f002c44d5f30ea1a13984a6f2c7774e7679539aa690b01d4bbe0589dad0803df,2019-05,Lancashire Constabulary,Lancashire Constabulary,-2.484111,53.716168,On or near M65,E01012591,Blackburn with Darwen 014C,Violence and sexual offences,Unable to prosecute suspect,
1811640e789762da71b13260bbdef9655c13b92a848522f5c65a7bb87fe2a5a8,2019-05,Lancashire Constabulary,Lancashire Constabulary,-2.484111,53.716168,On or near M65,E01012591,Blackburn with Darwen 014C,Violence and sexual offences,Status update unavailable,
586da4b5c0116ad3fb742f871a0b7409306b361302e2ca50da43da019a3bfd74,2019-05,Lancashire Constabulary,Lancashire Constabulary,-2.484111,53.716168,On or near M65,E01012591,Blackburn with Darwen 014C,Violence and sexual offences,Investigation complete; no suspect identified,
1f237ce1d2e1b7b6429ed321db7fff05f5c096ec4f752edc683a8ee594a92faf,2019-05,Lancashire Constabulary,Lancashire Constabulary,-2.484111,53.716168,On or near M65,E01012591,Blackburn with Darwen 014C,Violence and sexual offences,Unable to prosecute suspect,
,2019-05,Lancashire Constabulary,Lancashire Constabulary,-2.474097,53.702897,On or near Lloyd Street,E01012648,Blackburn with Darwen 014D,Anti-social behaviour,,
,2019-05,Lancashire Constabulary,Lancashire Constabulary,-2.474540,53.703201,On or near Preston Street,E01012648,Blackburn with Darwen 014D,Anti-social behaviour,,
6c2dd59e43fb2ab46bffc2af874cd135bd79b298f37b71ab6c0e5a110db03e97,2019-05,Lancashire Constabulary,Lancashire Constabulary,-2.474262,53.704119,On or near Cavendish Street,E01012648,Blackburn with Darwen 014D,Criminal damage and arson,Unable to prosecute suspect,
219197d770dab0437396d08f13894596afe6d5a316a45928fc9f0e55b15419fa,2019-05,Lancashire Constabulary,Lancashire Constabulary,-2.474540,53.703201,On or near Preston Street,E01012648,Blackburn with Darwen 014D,Criminal damage and arson,Status update unavailable,
6c5cfe0abfb97374454048f1f7b4854367f969e60988e0a3bb12d347436aef01,2019-05,Lancashire Constabulary,Lancashire Constabulary,-2.473411,53.703825,On or near Snape Street,E01012648,Blackburn with Darwen 014D,Public order,Status update unavailable,
5355701f1977d11fdd42738a5430fbb2f7884356573c2e7793b3c838c84c26aa,2019-05,Lancashire Constabulary,Lancashire Constabulary,-2.472400,53.702850,On or near Heyfold Gardens,E01012648,Blackburn with Darwen 014D,Vehicle crime,Status update unavailable,
38501de30a985eee6067e7d72353338058d08f350d964e05bf463b2de431d1b7,2019-05,Lancashire Constabulary,Lancashire Constabulary,-2.473330,53.703385,On or near Greenway Street,E01012648,Blackburn with Darwen 014D,Vehicle crime,Status update unavailable,
4f51ee3d2640beaf4bec7d1bc2b3eaae71dd86a7691f869f7bacdb716b911644,2019-05,Lancashire Constabulary,Lancashire Constabulary,-2.472400,53.702850,On or near Heyfold Gardens,E01012648,Blackburn with Darwen 014D,Violence and sexual offences,Unable to prosecute suspect,
cf87b0293c9e295e3f23aa165948da701247c4080fa81b2c8beae7ef18068c51,2019-05,Lancashire Constabulary,Lancashire Constabulary,-2.474116,53.704569,On or near Argyle Street,E01012648,Blackburn with Darwen 014D,Violence and sexual offences,Unable to prosecute suspect,
ea7f013baa511827ad5b1b671e6faca0a23810162283bab0d6d7e9ae9266a340,2019-05,Lancashire Constabulary,Lancashire Constabulary,-2.474540,53.703201,On or near Preston Street,E01012648,Blackburn with Darwen 014D,Violence and sexual offences,Status update unavailable,
04df3dd36f7256d773ee6920c99795dd2ded18d6c339e682e768780f7a0310fb,2019-05,Lancashire Constabulary,Lancashire Constabulary,-2.474116,53.704569,On or near Argyle Street,E01012648,Blackburn with Darwen 014D,Violence and sexual offences,Unable to prosecute suspect,
9366cfe2ee367464ab744a1e665041c211de4977d41026c61d852f7022883f95,2019-05,Lancashire Constabulary,Lancashire Constabulary,-2.470728,53.702335,On or near Bridge View Gardens,E01012648,Blackburn with Darwen 014D,Violence and sexual offences,Unable to prosecute suspect,
,2019-05,Lancashire Constabulary,Lancashire Constabulary,-2.486244,53.698866,On or near Sunnyhill Close,E01012652,Blackburn with Darwen 014E,Anti-social behaviour,,
,2019-05,Lancashire Constabulary,Lancashire Constabulary,-2.483353,53.701602,On or near Aysgarth Drive,E01012652,Blackburn with Darwen 014E,Anti-social behaviour,,
53633b956e3cbffb0237352d3469efdcb701e44ba7ba7f033cd1994215c5fbaa,2019-05,Lancashire Constabulary,Lancashire Constabulary,-2.487658,53.700595,On or near Sunnyhurst Close,E01012652,Blackburn with Darwen 014E,Burglary,Status update unavailable,
b12a1de31e76253ccc3b6a271ccda4be698c9cf6d49a9a3442542a1995622f35,2019-05,Lancashire Constabulary,Lancashire Constabulary,-2.475132,53.696646,On or near Willow Bank Lane,E01012652,Blackburn with Darwen 014E,Criminal damage and arson,Status update unavailable,
f7ec7acf3d23d608f4e425a70a4909c6477c5107dd198c5b4c47f95b48d48e6b,2019-05,Lancashire Constabulary,Lancashire Constabulary,-2.480798,53.703437,On or near Shaftesbury Avenue,E01012652,Blackburn with Darwen 014E,Criminal damage and arson,Status update unavailable,
574b775a81c7e883316cb2946d0b2c1ab4828b8fdd3e3a85ac71130c027542fe,2019-05,Lancashire Constabulary,Lancashire Constabulary,-2.487150,53.701173,On or near Moorland Avenue,E01012652,Blackburn with Darwen 014E,Criminal damage and arson,Status update unavailable,
3100865454a5ed90385cdf55b732c4051feeed044db08e39e48783c98cddd0f6,2019-05,Lancashire Constabulary,Lancashire Constabulary,-2.480486,53.703968,On or near Davenham Road,E01012652,Blackburn with Darwen 014E,Public order,Status update unavailable,
cba09dc78f723b842f163f9cba57af8e575b5f4cb81f297dbb9385d96e5b7e9e,2019-05,Lancashire Constabulary,Lancashire Constabulary,-2.479415,53.700287,On or near Harwood Street,E01012652,Blackburn with Darwen 014E,Vehicle crime,Status update unavailable,
e8bf3dfee167d3a7d7825fc29c59859ff92aac8f3d9c7d09bf24f7e92da13dfe,2019-05,Lancashire Constabulary,Lancashire Constabulary,-2.482134,53.703629,On or near Earnsdale Road,E01012652,Blackburn with Darwen 014E,Vehicle crime,Status update unavailable,
197f21157e869b0f93906abf5fbe06eb9a7b77b017ced7db1207cdcdb11abc95,2019-05,Lancashire Constabulary,Lancashire Constabulary,-2.486244,53.698866,On or near Sunnyhill Close,E01012652,Blackburn with Darwen 014E,Vehicle crime,Status update unavailable,
6eea1f38efc4f258089eb48450f04e2aa66dda8bae69ba887daa0426416c9cee,2019-05,Lancashire Constabulary,Lancashire Constabulary,-2.486244,53.698866,On or near Sunnyhill Close,E01012652,Blackburn with Darwen 014E,Violence and sexual offences,Status update unavailable,
,2019-05,Lancashire Constabulary,Lancashire Constabulary,-2.458331,53.694752,On or near Progress Street,E01012617,Blackburn with Darwen 015A,Anti-social behaviour,,
,2019-05,Lancashire Constabulary,Lancashire Constabulary,-2.459583,53.691575,On or near Starkie Street,E01012617,Blackburn with Darwen 015A,Anti-social behaviour,,
,2019-05,Lancashire Constabulary,Lancashire Constabulary,-2.459583,53.691575,On or near Starkie Street,E01012617,Blackburn with Darwen 015A,Anti-social behaviour,,
,2019-05,Lancashire Constabulary,Lancashire Constabulary,-2.460458,53.692668,On or near Highfield Street,E01012617,Blackburn with Darwen 015A,Anti-social behaviour,,
,2019-05,Lancashire Constabulary,Lancashire Constabulary,-2.458114,53.694331,On or near Hodgson Street,E01012617,Blackburn with Darwen 015A,Anti-social behaviour,,
ee041769fb77ab2f10622c94191a003db3ba4e91732e149a6e2f4d59691b7241,2019-05,Lancashire Constabulary,Lancashire Constabulary,-2.458910,53.690930,On or near Alpha Street,E01012617,Blackburn with Darwen 015A,Burglary,Status update unavailable,
d9686627377a39be662bfb92c7bba5a362a243fd2dc6af4fcf3245e4a5d34d5c,2019-05,Lancashire Constabulary,Lancashire Constabulary,-2.450981,53.695787,On or near Lisbon Drive,E01012617,Blackburn with Darwen 015A,Other theft,Unable to prosecute suspect,
985d57aee9913b8bfc65c38cbddf5aaca43b4e9597b09c05106aa5c68faef19d,2019-05,Lancashire Constabulary,Lancashire Constabulary,-2.450336,53.694872,On or near Marsh House Lane,E01012617,Blackburn with Darwen 015A,Other theft,Status update unavailable,
e48e06cbd970e58bd4c54372eb03f5c2c42971e42be42fccdea52efe4a135eae,2019-05,Lancashire Constabulary,Lancashire Constabulary,-2.449726,53.695926,On or near Avallon Way,E01012617,Blackburn with Darwen 015A,Other theft,Status update unavailable,
6635d6455b95b32600ff5ccfd3236064a22442bb9e4b1b93be4b231554130d3c,2019-05,Lancashire Constabulary,Lancashire Constabulary,-2.452051,53.695261,On or near Tower View,E01012617,Blackburn with Darwen 015A,Violence and sexual offences,Unable to prosecute suspect,
abf99f3039d41eef23b8466dfb5a639c059bcd3e9c4a0f10c12c2cf432002398,2019-05,Lancashire Constabulary,Lancashire Constabulary,-2.460458,53.692668,On or near Highfield Street,E01012617,Blackburn with Darwen 015A,Violence and sexual offences,Status update unavailable,
e717347f710dc5bfa39ed890681d6eb5702ba20fc2a523e2f89c91a556ba6767,2019-05,Lancashire Constabulary,Lancashire Constabulary,-2.458331,53.694752,On or near Progress Street,E01012617,Blackburn with Darwen 015A,Violence and sexual offences,Status update unavailable,
,2019-05,Lancashire Constabulary,Lancashire Constabulary,-2.454673,53.695413,On or near Cambridge Street,E01012646,Blackburn with Darwen 015B,Anti-social behaviour,,
,2019-05,Lancashire Constabulary,Lancashire Constabulary,-2.459442,53.696635,On or near Norris Street,E01012646,Blackburn with Darwen 015B,Anti-social behaviour,,
,2019-05,Lancashire Constabulary,Lancashire Constabulary,-2.454673,53.695413,On or near Cambridge Street,E01012646,Blackburn with Darwen 015B,Anti-social behaviour,,
,2019-05,Lancashire Constabulary,Lancashire Constabulary,-2.459969,53.696427,On or near Ellerbeck Road,E01012646,Blackburn with Darwen 015B,Anti-social behaviour,,
,2019-05,Lancashire Constabulary,Lancashire Constabulary,-2.459969,53.696427,On or near Ellerbeck Road,E01012646,Blackburn with Darwen 015B,Anti-social behaviour,,
,2019-05,Lancashire Constabulary,Lancashire Constabulary,-2.456366,53.696548,On or near Ellison Fold Terrace,E01012646,Blackburn with Darwen 015B,Anti-social behaviour,,
,2019-05,Lancashire Constabulary,Lancashire Constabulary,-2.461501,53.696645,On or near Whalley Crescent,E01012646,Blackburn with Darwen 015B,Anti-social behaviour,,
50fd119e3885874ca827ea83a42f1fb4a62458e293f6d0716d58774a7b1172ba,2019-05,Lancashire Constabulary,Lancashire Constabulary,-2.459059,53.699046,On or near Two Gates Drive,E01012646,Blackburn with Darwen 015B,Criminal damage and arson,Status update unavailable,
e630353ff3a6213b2c7b35e89c950e532b84985c66d0a4c20619401851dddee2,2019-05,Lancashire Constabulary,Lancashire Constabulary,-2.460062,53.695204,On or near Sudell Road,E01012646,Blackburn with Darwen 015B,Criminal damage and arson,Status update unavailable,
9d6d6e50bc9e01dd1dfcf29131e5e5979844094b546fd9db30c88b11e0fdb711,2019-05,Lancashire Constabulary,Lancashire Constabulary,-2.459544,53.697687,On or near Sudellside Street,E01012646,Blackburn with Darwen 015B,Criminal damage and arson,Unable to prosecute suspect,
1db8b7a07a06e604c9b2b6dff2801e83c4a4ab70d80f8de1f569944d7a7d8090,2019-05,Lancashire Constabulary,Lancashire Constabulary,-2.459059,53.699046,On or near Two Gates Drive,E01012646,Blackburn with Darwen 015B,Criminal damage and arson,Unable to prosecute suspect,
0c45fcc824b84aae8c2305f8ea87e295e91c1038414fcd506e52037261747b88,2019-05,Lancashire Constabulary,Lancashire Constabulary,-2.461687,53.697013,On or near Ellenshaw Street,E01012646,Blackburn with Darwen 015B,Violence and sexual offences,Unable to prosecute suspect,
0d341f926d5e7d3609a1aa2706123063d5df219667da60ec4bd1bc29a58793b2,2019-05,Lancashire Constabulary,Lancashire Constabulary,-2.459211,53.696277,On or near Garnett Street,E01012646,Blackburn with Darwen 015B,Violence and sexual offences,Unable to prosecute suspect,
4dccd14b46922e5c609f0a4b31c6363e80b822f0f5130d132edbec331cb64984,2019-05,Lancashire Constabulary,Lancashire Constabulary,-2.457671,53.696759,On or near Elswick Street,E01012646,Blackburn with Darwen 015B,Violence and sexual offences,Unable to prosecute suspect,
61a96218605bfc81b309b1f43d5fd6ef1cde285a4dfb2c8e781adf63487a8923,2019-05,Lancashire Constabulary,Lancashire Constabulary,-2.455978,53.697116,On or near Burns Walk,E01012646,Blackburn with Darwen 015B,Violence and sexual offences,Status update unavailable,
a025b018c995684cd6d2759f2af6571bf29d87c1469f42a86ff1db669c1e3866,2019-05,Lancashire Constabulary,Lancashire Constabulary,-2.459211,53.696277,On or near Garnett Street,E01012646,Blackburn with Darwen 015B,Violence and sexual offences,Unable to prosecute suspect,
,2019-05,Lancashire Constabulary,Lancashire Constabulary,-2.453845,53.702931,On or near Pot House Lane,E01012647,Blackburn with Darwen 015C,Anti-social behaviour,,
,2019-05,Lancashire Constabulary,Lancashire Constabulary,-2.453845,53.702931,On or near Pot House Lane,E01012647,Blackburn with Darwen 015C,Anti-social behaviour,,
,2019-05,Lancashire Constabulary,Lancashire Constabulary,-2.456088,53.701619,On or near Linden Crescent,E01012647,Blackburn with Darwen 015C,Anti-social behaviour,,
,2019-05,Lancashire Constabulary,Lancashire Constabulary,-2.456088,53.701619,On or near Linden Crescent,E01012647,Blackburn with Darwen 015C,Anti-social behaviour,,
,2019-05,Lancashire Constabulary,Lancashire Constabulary,-2.456088,53.701619,On or near Linden Crescent,E01012647,Blackburn with Darwen 015C,Anti-social behaviour,,
,2019-05,Lancashire Constabulary,Lancashire Constabulary,-2.457676,53.702790,On or near Lilac Grove,E01012647,Blackburn with Darwen 015C,Anti-social behaviour,,
,2019-05,Lancashire Constabulary,Lancashire Constabulary,-2.453845,53.702931,On or near Pot House Lane,E01012647,Blackburn with Darwen 015C,Anti-social behaviour,,
d5efee16fe4a159fa2f4d2893a2f7e822f0b1d265899125e172901744ecf401e,2019-05,Lancashire Constabulary,Lancashire Constabulary,-2.453845,53.702931,On or near Pot House Lane,E01012647,Blackburn with Darwen 015C,Burglary,Status update unavailable,
9e254bd72d89771648997929cfe645a3175ef56ad13edeface8097681a648f9c,2019-05,Lancashire Constabulary,Lancashire Constabulary,-2.458396,53.703542,On or near Holden Fold,E01012647,Blackburn with Darwen 015C,Criminal damage and arson,Status update unavailable,
18f0b214c178bbf32ad2d81c93006c08c43879fd439081c1a119874a3f716cd5,2019-05,Lancashire Constabulary,Lancashire Constabulary,-2.458271,53.701826,On or near Ash Grove,E01012647,Blackburn with Darwen 015C,Drugs,Unable to prosecute suspect,
107362bcf65976f697353a9daf343f846be6675042794e6f83a1394742db2579,2019-05,Lancashire Constabulary,Lancashire Constabulary,-2.456088,53.701619,On or near Linden Crescent,E01012647,Blackburn with Darwen 015C,Other theft,Status update unavailable,
5d93bf27c2c2bc9e386a7965c405cb49dfcaf4cf8fb909e84e58e11afba62d56,2019-05,Lancashire Constabulary,Lancashire Constabulary,-2.456507,53.702561,On or near Oak Grove,E01012647,Blackburn with Darwen 015C,Public order,Unable to prosecute suspect,
02874ca962a67de4b9c1bf1b9c75e9a21aa798b644a394850007c9c7285859b0,2019-05,Lancashire Constabulary,Lancashire Constabulary,-2.455501,53.703419,On or near Windermere Drive,E01012647,Blackburn with Darwen 015C,Vehicle crime,Status update unavailable,
5cd4ca2fbe4b1bc82505852e2793e36a09d149a884fcd923edd20f6c0ed862d5,2019-05,Lancashire Constabulary,Lancashire Constabulary,-2.453845,53.702931,On or near Pot House Lane,E01012647,Blackburn with Darwen 015C,Vehicle crime,Status update unavailable,
e5d3b432ea7a346dda26de4a5275a9818eb2b5916afcdb83db1cbc2478d45b94,2019-05,Lancashire Constabulary,Lancashire Constabulary,-2.458396,53.703542,On or near Holden Fold,E01012647,Blackburn with Darwen 015C,Violence and sexual offences,Unable to prosecute suspect,
e8446bd1cce00da3ccbe3147f849deccd1cfe6c806ca5285f8872476433e8da9,2019-05,Lancashire Constabulary,Lancashire Constabulary,-2.458271,53.701826,On or near Ash Grove,E01012647,Blackburn with Darwen 015C,Violence and sexual offences,Status update unavailable,
8b52af8705763c6e14e7496eea35c54d163bf69c1eb25e4df0702e5689aba9f5,2019-05,Lancashire Constabulary,Lancashire Constabulary,-2.456088,53.701619,On or near Linden Crescent,E01012647,Blackburn with Darwen 015C,Violence and sexual offences,Unable to prosecute suspect,
8dbefd26d2f0c554551d39dcf4e886cbb7e454ab54a371ba4a4ed34347e9f4cb,2019-05,Lancashire Constabulary,Lancashire Constabulary,-2.458271,53.701826,On or near Ash Grove,E01012647,Blackburn with Darwen 015C,Violence and sexual offences,Status update unavailable,
61299ef2994ad4d1255006aab3ce03e30a5e0f8d2db58dc7d0fd20b13d47388f,2019-05,Lancashire Constabulary,Lancashire Constabulary,-2.458704,53.701195,On or near Laurel Avenue,E01012647,Blackburn with Darwen 015C,Violence and sexual offences,Unable to prosecute suspect,
bb755fc2843a671603d1aad4b8ca77af6c9450a35dea29f7265f8e248f0d4cde,2019-05,Lancashire Constabulary,Lancashire Constabulary,-2.458271,53.701826,On or near Ash Grove,E01012647,Blackburn with Darwen 015C,Violence and sexual offences,Awaiting court outcome,
8b297332c31a3b347cae54791b7d87990d61decee57f1e68ce596b574502b042,2019-05,Lancashire Constabulary,Lancashire Constabulary,-2.456507,53.702561,On or near Oak Grove,E01012647,Blackburn with Darwen 015C,Violence and sexual offences,Status update unavailable,
,2019-05,Lancashire Constabulary,Lancashire Constabulary,-2.462789,53.699409,On or near Perry Street,E01012650,Blackburn with Darwen 015D,Anti-social behaviour,,
,2019-05,Lancashire Constabulary,Lancashire Constabulary,-2.462789,53.699409,On or near Perry Street,E01012650,Blackburn with Darwen 015D,Anti-social behaviour,,
,2019-05,Lancashire Constabulary,Lancashire Constabulary,-2.460367,53.700919,On or near Higher Perry Street,E01012650,Blackburn with Darwen 015D,Anti-social behaviour,,
,2019-05,Lancashire Constabulary,Lancashire Constabulary,-2.464354,53.699870,On or near Marsh Terrace,E01012650,Blackburn with Darwen 015D,Anti-social behaviour,,
,2019-05,Lancashire Constabulary,Lancashire Constabulary,-2.460297,53.700066,On or near Higher London Terrace,E01012650,Blackburn with Darwen 015D,Anti-social behaviour,,
,2019-05,Lancashire Constabulary,Lancashire Constabulary,-2.462789,53.699409,On or near Perry Street,E01012650,Blackburn with Darwen 015D,Anti-social behaviour,,
,2019-05,Lancashire Constabulary,Lancashire Constabulary,-2.464354,53.699870,On or near Marsh Terrace,E01012650,Blackburn with Darwen 015D,Anti-social behaviour,,
,2019-05,Lancashire Constabulary,Lancashire Constabulary,-2.462406,53.699015,On or near London Terrace,E01012650,Blackburn with Darwen 015D,Anti-social behaviour,,
,2019-05,Lancashire Constabulary,Lancashire Constabulary,-2.460367,53.700919,On or near Higher Perry Street,E01012650,Blackburn with Darwen 015D,Anti-social behaviour,,
,2019-05,Lancashire Constabulary,Lancashire Constabulary,-2.462406,53.699015,On or near London Terrace,E01012650,Blackburn with Darwen 015D,Anti-social behaviour,,
,2019-05,Lancashire Constabulary,Lancashire Constabulary,-2.460297,53.700066,On or near Higher London Terrace,E01012650,Blackburn with Darwen 015D,Anti-social behaviour,,
,2019-05,Lancashire Constabulary,Lancashire Constabulary,-2.462789,53.699409,On or near Perry Street,E01012650,Blackburn with Darwen 015D,Anti-social behaviour,,
,2019-05,Lancashire Constabulary,Lancashire Constabulary,-2.458282,53.700010,On or near Anyon Street,E01012650,Blackburn with Darwen 015D,Anti-social behaviour,,
,2019-05,Lancashire Constabulary,Lancashire Constabulary,-2.460297,53.700066,On or near Higher London Terrace,E01012650,Blackburn with Darwen 015D,Anti-social behaviour,,
,2019-05,Lancashire Constabulary,Lancashire Constabulary,-2.465084,53.700119,On or near Powell Street,E01012650,Blackburn with Darwen 015D,Anti-social behaviour,,
,2019-05,Lancashire Constabulary,Lancashire Constabulary,-2.462406,53.699015,On or near London Terrace,E01012650,Blackburn with Darwen 015D,Anti-social behaviour,,
,2019-05,Lancashire Constabulary,Lancashire Constabulary,-2.462406,53.699015,On or near London Terrace,E01012650,Blackburn with Darwen 015D,Anti-social behaviour,,
,2019-05,Lancashire Constabulary,Lancashire Constabulary,-2.460367,53.700919,On or near Higher Perry Street,E01012650,Blackburn with Darwen 015D,Anti-social behaviour,,
56c9fd1470e39aff15bba796864753e8831c658fb079fd71e00e7b2ecf92b1a2,2019-05,Lancashire Constabulary,Lancashire Constabulary,-2.464354,53.699870,On or near Marsh Terrace,E01012650,Blackburn with Darwen 015D,Criminal damage and arson,Status update unavailable,
46137918dc280871230b5e1007c4eca5f1aa8dd4ab15c9769981a007e0511dcf,2019-05,Lancashire Constabulary,Lancashire Constabulary,-2.460297,53.700066,On or near Higher London Terrace,E01012650,Blackburn with Darwen 015D,Public order,Status update unavailable,
7a3628f4a2ba190bf1d2d82a0acaf9bac4bf9bee6426830a892399929b45c5f7,2019-05,Lancashire Constabulary,Lancashire Constabulary,-2.460297,53.700066,On or near Higher London Terrace,E01012650,Blackburn with Darwen 015D,Public order,Status update unavailable,
49baafc61f3a07b490dc2809bc1d281543a4c3f5005ddf03e514fa4d56f4a6d2,2019-05,Lancashire Constabulary,Lancashire Constabulary,-2.460297,53.700066,On or near Higher London Terrace,E01012650,Blackburn with Darwen 015D,Public order,Status update unavailable,
f9330758f08dcc43417e6d7f2c60ba0c2fe4994738d18148b18d4762884b59f3,2019-05,Lancashire Constabulary,Lancashire Constabulary,-2.462789,53.699409,On or near Perry Street,E01012650,Blackburn with Darwen 015D,Public order,Status update unavailable,
f1852140c35f05fec287dda99caa6b6d8cfba08f4305c9bb9af22f58fb39a3d6,2019-05,Lancashire Constabulary,Lancashire Constabulary,-2.460297,53.700066,On or near Higher London Terrace,E01012650,Blackburn with Darwen 015D,Public order,Status update unavailable,
a754d53623431b94b4a7f349ac8b378c244b62f054c6537bd736a5133de0c329,2019-05,Lancashire Constabulary,Lancashire Constabulary,-2.462168,53.698009,On or near Atlas Road,E01012650,Blackburn with Darwen 015D,Robbery,Awaiting court outcome,
6d06fbeb13f36650677c348414e3bcbd0bc803b752901e5d806297c78e8efd83,2019-05,Lancashire Constabulary,Lancashire Constabulary,-2.464354,53.699870,On or near Marsh Terrace,E01012650,Blackburn with Darwen 015D,Vehicle crime,Status update unavailable,
c207b348d61312ca06f2da0fa2d5ca37d405dd8cf28eafccaf41fb77e731b3c8,2019-05,Lancashire Constabulary,Lancashire Constabulary,-2.458282,53.700010,On or near Anyon Street,E01012650,Blackburn with Darwen 015D,Vehicle crime,Status update unavailable,
99e3948594ad5c53085d5c474a0ce9278a08dd4da5c4ddfb297a08892aee5184,2019-05,Lancashire Constabulary,Lancashire Constabulary,-2.463157,53.699803,On or near Newton Street,E01012650,Blackburn with Darwen 015D,Violence and sexual offences,Unable to prosecute suspect,
9bec6092ca612f1c137217b31e51b3d82c0863c6077e97aa000fe5c1daaffbc5,2019-05,Lancashire Constabulary,Lancashire Constabulary,-2.459466,53.700302,On or near Walmsley Street,E01012650,Blackburn with Darwen 015D,Violence and sexual offences,Status update unavailable,
ee4a080344f067c52d1c0c5273d4902f1035e29cffa923855e9cbbc973080ff5,2019-05,Lancashire Constabulary,Lancashire Constabulary,-2.462406,53.699015,On or near London Terrace,E01012650,Blackburn with Darwen 015D,Violence and sexual offences,Status update unavailable,
fcf94fe5539a4d22f92bf41e484e7b81fae754a6cc0ec350cf5490883130adb9,2019-05,Lancashire Constabulary,Lancashire Constabulary,-2.459466,53.700302,On or near Walmsley Street,E01012650,Blackburn with Darwen 015D,Violence and sexual offences,Unable to prosecute suspect,
5efc744ff57c6e8c57f2f70c2ede2ae9418b265928baac0a2e4c7f6659ffc40d,2019-05,Lancashire Constabulary,Lancashire Constabulary,-2.460297,53.700066,On or near Higher London Terrace,E01012650,Blackburn with Darwen 015D,Violence and sexual offences,Status update unavailable,
1143c7c5acb427052b73260f81e851fdbf13d8961cda3db4b8502ca39b6f960f,2019-05,Lancashire Constabulary,Lancashire Constabulary,-2.464354,53.699870,On or near Marsh Terrace,E01012650,Blackburn with Darwen 015D,Other crime,Unable to prosecute suspect,
,2019-05,Lancashire Constabulary,Lancashire Constabulary,-2.470888,53.699072,On or near Parking Area,E01012649,Blackburn with Darwen 016A,Anti-social behaviour,,
,2019-05,Lancashire Constabulary,Lancashire Constabulary,-2.462622,53.700767,On or near Olive Lane,E01012649,Blackburn with Darwen 016A,Anti-social behaviour,,
,2019-05,Lancashire Constabulary,Lancashire Constabulary,-2.463910,53.703593,On or near Chapels,E01012649,Blackburn with Darwen 016A,Anti-social behaviour,,
,2019-05,Lancashire Constabulary,Lancashire Constabulary,-2.463296,53.701420,On or near St James' Crescent,E01012649,Blackburn with Darwen 016A,Anti-social behaviour,,
,2019-05,Lancashire Constabulary,Lancashire Constabulary,-2.462622,53.700767,On or near Olive Lane,E01012649,Blackburn with Darwen 016A,Anti-social behaviour,,
,2019-05,Lancashire Constabulary,Lancashire Constabulary,-2.467624,53.701044,On or near Cotton Hall Street,E01012649,Blackburn with Darwen 016A,Anti-social behaviour,,
,2019-05,Lancashire Constabulary,Lancashire Constabulary,-2.468502,53.698290,On or near Tudor Close,E01012649,Blackburn with Darwen 016A,Anti-social behaviour,,
,2019-05,Lancashire Constabulary,Lancashire Constabulary,-2.468502,53.698290,On or near Tudor Close,E01012649,Blackburn with Darwen 016A,Anti-social behaviour,,
,2019-05,Lancashire Constabulary,Lancashire Constabulary,-2.468502,53.698290,On or near Tudor Close,E01012649,Blackburn with Darwen 016A,Anti-social behaviour,,
,2019-05,Lancashire Constabulary,Lancashire Constabulary,-2.465134,53.703265,On or near Gordon Street,E01012649,Blackburn with Darwen 016A,Anti-social behaviour,,
,2019-05,Lancashire Constabulary,Lancashire Constabulary,-2.469039,53.697569,On or near William Street,E01012649,Blackburn with Darwen 016A,Anti-social behaviour,,
,2019-05,Lancashire Constabulary,Lancashire Constabulary,-2.462769,53.704469,On or near Moor Lane,E01012649,Blackburn with Darwen 016A,Anti-social behaviour,,
,2019-05,Lancashire Constabulary,Lancashire Constabulary,-2.470888,53.699072,On or near Parking Area,E01012649,Blackburn with Darwen 016A,Anti-social behaviour,,
fc582a77a00531c949d86f44e48da2af7d875f56a4cf221a454271e463ff5acc,2019-05,Lancashire Constabulary,Lancashire Constabulary,-2.468502,53.698290,On or near Tudor Close,E01012649,Blackburn with Darwen 016A,Criminal damage and arson,Status update unavailable,
e258f9de7117ef594c14ae53c5412fc21c96f2a1d6fb1e97193e21d136e84faf,2019-05,Lancashire Constabulary,Lancashire Constabulary,-2.465134,53.703265,On or near Gordon Street,E01012649,Blackburn with Darwen 016A,Criminal damage and arson,Status update unavailable,
52b495f5b9fc8b1978fe6140674697d5c9fcc48341b6c25d71a1ac9c070c6c35,2019-05,Lancashire Constabulary,Lancashire Constabulary,-2.462622,53.700767,On or near Olive Lane,E01012649,Blackburn with Darwen 016A,Criminal damage and arson,Status update unavailable,
17d8b4f6afff8df2d887e064e40d9677b223815493df0268df9307507409f8ec,2019-05,Lancashire Constabulary,Lancashire Constabulary,-2.462622,53.700767,On or near Olive Lane,E01012649,Blackburn with Darwen 016A,Criminal damage and arson,Status update unavailable,
616c002e07fc6cbe369ca344a22f9a001cab5703324f442640a2e6777d524864,2019-05,Lancashire Constabulary,Lancashire Constabulary,-2.469039,53.697569,On or near William Street,E01012649,Blackburn with Darwen 016A,Criminal damage and arson,Status update unavailable,
fd93e2333e2dfc4c39e5aef0c26590855cb128929d8b7075fd3d05ce32bb0c9a,2019-05,Lancashire Constabulary,Lancashire Constabulary,-2.470888,53.699072,On or near Parking Area,E01012649,Blackburn with Darwen 016A,Public order,Unable to prosecute suspect,
8543f2c0f075705fbb7a972c3ba4acd372d725cda261ce0a1bdb19157b250a68,2019-05,Lancashire Constabulary,Lancashire Constabulary,-2.469039,53.697569,On or near William Street,E01012649,Blackburn with Darwen 016A,Public order,Status update unavailable,
c7aa35ca453f605916cb3878119d91af8c45dd1403a0f220e831c1b47ac6a4aa,2019-05,Lancashire Constabulary,Lancashire Constabulary,-2.470888,53.699072,On or near Parking Area,E01012649,Blackburn with Darwen 016A,Shoplifting,Status update unavailable,
f439d13ea187b7d0405eaf5cded477181e5d7bf53d84a657940d6f3623d99429,2019-05,Lancashire Constabulary,Lancashire Constabulary,-2.462730,53.702357,On or near Sycamore Grove,E01012649,Blackburn with Darwen 016A,Vehicle crime,Status update unavailable,
71c45590e0656529e50e72e51f21192fdad9f58e81679ea06a3f3d1dee2334e2,2019-05,Lancashire Constabulary,Lancashire Constabulary,-2.465365,53.702230,On or near Allerton Close,E01012649,Blackburn with Darwen 016A,Violence and sexual offences,Further investigation is not in the public interest,
80eff117c0bb2f698bc9ab9bca824e72beba246045cc1d04c3d9cb6e81fd1b83,2019-05,Lancashire Constabulary,Lancashire Constabulary,-2.465691,53.700269,On or near Lord Street,E01012649,Blackburn with Darwen 016A,Violence and sexual offences,Unable to prosecute suspect,
266906fc370477ee7903164829309f6874bfae5f19f0ef8aa29db012ec9d84a2,2019-05,Lancashire Constabulary,Lancashire Constabulary,-2.465365,53.702230,On or near Allerton Close,E01012649,Blackburn with Darwen 016A,Violence and sexual offences,Unable to prosecute suspect,
cecc1e7cf98e1b83a6dd46b878fd58aee854693f2843e230c68116e51c1ad6b1,2019-05,Lancashire Constabulary,Lancashire Constabulary,-2.465729,53.702265,On or near Quaker Lane,E01012649,Blackburn with Darwen 016A,Violence and sexual offences,Unable to prosecute suspect,
0b41633f83c6b827b16d69595a2066ae53e12fb2c36645eee3e703eb90c89a6b,2019-05,Lancashire Constabulary,Lancashire Constabulary,-2.468502,53.698290,On or near Tudor Close,E01012649,Blackburn with Darwen 016A,Violence and sexual offences,Status update unavailable,
5eb6a200eb1f3ba048a6b1bb85815ccd976a8c33eec7979a1eed9201da2db4d1,2019-05,Lancashire Constabulary,Lancashire Constabulary,-2.462622,53.700767,On or near Olive Lane,E01012649,Blackburn with Darwen 016A,Violence and sexual offences,Status update unavailable,
45a2b5fb072b1441f18946570341f9deacb791d7bd84ce41d07e64255b109518,2019-05,Lancashire Constabulary,Lancashire Constabulary,-2.471127,53.701453,On or near Frances Street,E01012649,Blackburn with Darwen 016A,Violence and sexual offences,Status update unavailable,
9613a27a35dac36cf5db9ded0ed16ce67484d08e601f09f78c80a1dcba11f135,2019-05,Lancashire Constabulary,Lancashire Constabulary,-2.463910,53.703593,On or near Chapels,E01012649,Blackburn with Darwen 016A,Violence and sexual offences,Status update unavailable,
22dc8b6e0cba7701d473718245a856c9705ccb7e0f6ff21c14359dd1774c3f35,2019-05,Lancashire Constabulary,Lancashire Constabulary,-2.469039,53.697569,On or near William Street,E01012649,Blackburn with Darwen 016A,Violence and sexual offences,Status update unavailable,
9bd19c70265e83c1da4b302b7325b97b9c60299466362b8d569fc216a53ea0de,2019-05,Lancashire Constabulary,Lancashire Constabulary,-2.465233,53.701242,On or near Garstang Street,E01012649,Blackburn with Darwen 016A,Violence and sexual offences,Formal action is not in the public interest,
,2019-05,Lancashire Constabulary,Lancashire Constabulary,-2.478556,53.704686,On or near Westminster Close,E01012651,Blackburn with Darwen 016B,Anti-social behaviour,,
,2019-05,Lancashire Constabulary,Lancashire Constabulary,-2.476701,53.704127,On or near Blackburn Road,E01012651,Blackburn with Darwen 016B,Anti-social behaviour,,
,2019-05,Lancashire Constabulary,Lancashire Constabulary,-2.477173,53.700305,On or near Hindle Street,E01012651,Blackburn with Darwen 016B,Anti-social behaviour,,
,2019-05,Lancashire Constabulary,Lancashire Constabulary,-2.478863,53.701098,On or near Brighton Terrace,E01012651,Blackburn with Darwen 016B,Anti-social behaviour,,
,2019-05,Lancashire Constabulary,Lancashire Constabulary,-2.475348,53.699683,On or near Edensor Terrace,E01012651,Blackburn with Darwen 016B,Anti-social behaviour,,
,2019-05,Lancashire Constabulary,Lancashire Constabulary,-2.475348,53.699683,On or near Edensor Terrace,E01012651,Blackburn with Darwen 016B,Anti-social behaviour,,
,2019-05,Lancashire Constabulary,Lancashire Constabulary,-2.476081,53.700157,On or near Alexandra Road,E01012651,Blackburn with Darwen 016B,Anti-social behaviour,,
3ceaad05b8f8fa7a71734b069d53c755f42507fcb4a4dbdca8bdf885a8c5e525,2019-05,Lancashire Constabulary,Lancashire Constabulary,-2.476213,53.702475,On or near Lorne Street,E01012651,Blackburn with Darwen 016B,Burglary,Status update unavailable,
037b877028ea20d53a9b4feb5b503af7df5da32b5cb442e822fbeeeb818a67c6,2019-05,Lancashire Constabulary,Lancashire Constabulary,-2.478556,53.704686,On or near Westminster Close,E01012651,Blackburn with Darwen 016B,Burglary,Status update unavailable,
9ecdfbb956a24796578f1c4fa2626ba8782177a896ca33d5aa735d676315a5c0,2019-05,Lancashire Constabulary,Lancashire Constabulary,-2.478556,53.704686,On or near Westminster Close,E01012651,Blackburn with Darwen 016B,Burglary,Status update unavailable,
bca77aa9bdb1d35fe5002098c942ff1290afebcec72af4af73014826bafe735d,2019-05,Lancashire Constabulary,Lancashire Constabulary,-2.478863,53.701098,On or near Brighton Terrace,E01012651,Blackburn with Darwen 016B,Burglary,Status update unavailable,
1fc98a7454770e0298d0ad0f6b0b3ad19326d3d69f4ae109de71bcce67a7c2ef,2019-05,Lancashire Constabulary,Lancashire Constabulary,-2.479881,53.701328,On or near Prospect Gardens,E01012651,Blackburn with Darwen 016B,Burglary,Status update unavailable,
0bfdbe9ce9d9f7cd5aaa85e796517e20aa441b7fcecb8e21803045e1a75c316e,2019-05,Lancashire Constabulary,Lancashire Constabulary,-2.477705,53.700474,On or near Barley Bank Street,E01012651,Blackburn with Darwen 016B,Burglary,Status update unavailable,
eff860184d3d819cddec03f75539a5e8e319df1eb0d8d8fa1e605b5d89718de5,2019-05,Lancashire Constabulary,Lancashire Constabulary,-2.475348,53.699683,On or near Edensor Terrace,E01012651,Blackburn with Darwen 016B,Criminal damage and arson,Status update unavailable,
d80471eda156ec0205e7c13c0c3a2a94add105c6a213f94081e36f2b17cd46c6,2019-05,Lancashire Constabulary,Lancashire Constabulary,-2.475565,53.700087,On or near Melrose Street,E01012651,Blackburn with Darwen 016B,Other theft,Status update unavailable,
a5221bd4f8267b0d774fc91b244949835a4bcc4cf129e9f51fb08657323a87f4,2019-05,Lancashire Constabulary,Lancashire Constabulary,-2.475348,53.699683,On or near Edensor Terrace,E01012651,Blackburn with Darwen 016B,Vehicle crime,Status update unavailable,
5237f3ae77b9d0d016666c02fabb60157a4144f05846f394c0edeb28c34ba117,2019-05,Lancashire Constabulary,Lancashire Constabulary,-2.479881,53.701328,On or near Prospect Gardens,E01012651,Blackburn with Darwen 016B,Vehicle crime,Status update unavailable,
bd2577b8e623b6521fef7949a354de021e7a6a2f1bd60c106f9be1d42306c7ce,2019-05,Lancashire Constabulary,Lancashire Constabulary,-2.477429,53.704160,On or near Windsor Road,E01012651,Blackburn with Darwen 016B,Violence and sexual offences,Unable to prosecute suspect,
8af6e8d6bc0b2e7824d68919a68c31721467f009d9e2e363f12b0c2997a2053d,2019-05,Lancashire Constabulary,Lancashire Constabulary,-2.474840,53.698885,On or near Britten Street,E01012651,Blackburn with Darwen 016B,Violence and sexual offences,Unable to prosecute suspect,
5d96ef062d8b7be1a66cbeabddf36fd8558ae449f499759ac15e5f53447ee374,2019-05,Lancashire Constabulary,Lancashire Constabulary,-2.477429,53.704160,On or near Windsor Road,E01012651,Blackburn with Darwen 016B,Violence and sexual offences,Unable to prosecute suspect,
c92e6a543a0f8c9a89a6f9a83d5f45f3020c634513cf7200c5e6d42baae169b1,2019-05,Lancashire Constabulary,Lancashire Constabulary,-2.476701,53.704127,On or near Blackburn Road,E01012651,Blackburn with Darwen 016B,Violence and sexual offences,Status update unavailable,
ef8e1989073270add686f718bf9fdd7d7011d854c7be3b9953b36c4d70e41a89,2019-05,Lancashire Constabulary,Lancashire Constabulary,-2.480085,53.703260,On or near Avondale Mews,E01012651,Blackburn with Darwen 016B,Violence and sexual offences,Unable to prosecute suspect,
,2019-05,Lancashire Constabulary,Lancashire Constabulary,-2.471982,53.689827,On or near Radfield Road,E01012653,Blackburn with Darwen 016C,Anti-social behaviour,,
,2019-05,Lancashire Constabulary,Lancashire Constabulary,-2.468829,53.696356,On or near Nightclub,E01012653,Blackburn with Darwen 016C,Anti-social behaviour,,
,2019-05,Lancashire Constabulary,Lancashire Constabulary,-2.473274,53.697085,On or near Hope Street,E01012653,Blackburn with Darwen 016C,Anti-social behaviour,,
,2019-05,Lancashire Constabulary,Lancashire Constabulary,-2.473546,53.698315,On or near Vale Street,E01012653,Blackburn with Darwen 016C,Anti-social behaviour,,
,2019-05,Lancashire Constabulary,Lancashire Constabulary,-2.471982,53.689827,On or near Radfield Road,E01012653,Blackburn with Darwen 016C,Anti-social behaviour,,
,2019-05,Lancashire Constabulary,Lancashire Constabulary,-2.472095,53.697278,On or near Wood Street,E01012653,Blackburn with Darwen 016C,Anti-social behaviour,,
,2019-05,Lancashire Constabulary,Lancashire Constabulary,-2.471976,53.696065,On or near Prince Street,E01012653,Blackburn with Darwen 016C,Anti-social behaviour,,
6effa46b59c9a4aa9ce1f24c8dde0064ecc60b5826e3d17b7bcd1a2928d3b198,2019-05,Lancashire Constabulary,Lancashire Constabulary,-2.468829,53.696356,On or near Nightclub,E01012653,Blackburn with Darwen 016C,Criminal damage and arson,Status update unavailable,
60b8282d42f71def54f758a69105d93dbc722852c15704c3233a5e3ab454bc8d,2019-05,Lancashire Constabulary,Lancashire Constabulary,-2.471976,53.696065,On or near Prince Street,E01012653,Blackburn with Darwen 016C,Criminal damage and arson,Unable to prosecute suspect,
159063d2eb7c54b16fbb59dd97990bef22057335260d13a9759cb12fce6d4542,2019-05,Lancashire Constabulary,Lancashire Constabulary,-2.468829,53.696356,On or near Nightclub,E01012653,Blackburn with Darwen 016C,Drugs,Offender given a caution,
2ff5122897f8d09cc4d15d390d804c7496b3ff3534ea9408a63ee3d63d0bee4f,2019-05,Lancashire Constabulary,Lancashire Constabulary,-2.468829,53.696356,On or near Nightclub,E01012653,Blackburn with Darwen 016C,Possession of weapons,Offender given a caution,
f857958b542a45cd7afe751838dc8f9a49072ecd2bf37d2e8603dc64a86b24ca,2019-05,Lancashire Constabulary,Lancashire Constabulary,-2.471189,53.697534,On or near Hacking Street,E01012653,Blackburn with Darwen 016C,Public order,Status update unavailable,
1351beedbeb11998b904c27384d97b525f28c0c01573623adebe8e6059525026,2019-05,Lancashire Constabulary,Lancashire Constabulary,-2.471368,53.690513,On or near East Park Avenue,E01012653,Blackburn with Darwen 016C,Vehicle crime,Status update unavailable,
d7367a280a539ea7f6426f7d046df02e83b9f3a71c13b507d688915614b452dd,2019-05,Lancashire Constabulary,Lancashire Constabulary,-2.471189,53.697534,On or near Hacking Street,E01012653,Blackburn with Darwen 016C,Violence and sexual offences,Awaiting court outcome,
0c4830080065f63b31cb074d32a14777f0303a2ad3b15a537e76704e753fa3a0,2019-05,Lancashire Constabulary,Lancashire Constabulary,-2.469292,53.695806,On or near The Green,E01012653,Blackburn with Darwen 016C,Violence and sexual offences,Status update unavailable,
4baf63e376f7504a723f5268975a12bcc6ce70fa38dc8129816025e2535cdfb3,2019-05,Lancashire Constabulary,Lancashire Constabulary,-2.472164,53.696667,On or near Everton Street,E01012653,Blackburn with Darwen 016C,Violence and sexual offences,Unable to prosecute suspect,
aa238b0712f0f93d2efd239474b709ee1ae5301cb5d436244db408592dcdec8e,2019-05,Lancashire Constabulary,Lancashire Constabulary,-2.471189,53.697534,On or near Hacking Street,E01012653,Blackburn with Darwen 016C,Violence and sexual offences,Awaiting court outcome,
8896a70ac23ccea99d975bd08fc31d7b9cbc43d92bfe573d4dd5ce7a3dddff3b,2019-05,Lancashire Constabulary,Lancashire Constabulary,-2.468829,53.696356,On or near Nightclub,E01012653,Blackburn with Darwen 016C,Violence and sexual offences,Status update unavailable,
464e786838aabf26bb71075b6b872abe05472145750f10b80067a70db53f99a9,2019-05,Lancashire Constabulary,Lancashire Constabulary,-2.471434,53.695007,On or near Reservoir Street,E01012653,Blackburn with Darwen 016C,Violence and sexual offences,Status update unavailable,
317315282ac93bd8a67a3fe716763a84761fa63f6c49bc7ba115f3928ee30253,2019-05,Lancashire Constabulary,Lancashire Constabulary,-2.469292,53.695806,On or near The Green,E01012653,Blackburn with Darwen 016C,Violence and sexual offences,Status update unavailable,
9e483dacbdda46978cf1e5167e3a1e163028acc4f03b568f6d10479c99ddded0,2019-05,Lancashire Constabulary,Lancashire Constabulary,-2.469292,53.695806,On or near The Green,E01012653,Blackburn with Darwen 016C,Violence and sexual offences,Status update unavailable,
7669d547fa36b69be6e6f38692248053315b1897fa173ee4ae38a6ad52042a28,2019-05,Lancashire Constabulary,Lancashire Constabulary,-2.471189,53.697534,On or near Hacking Street,E01012653,Blackburn with Darwen 016C,Violence and sexual offences,Awaiting court outcome,
a3daad42f828da38ac0913eba6ff12f1830f6c570522bba42dfaab62a2bc72ef,2019-05,Lancashire Constabulary,Lancashire Constabulary,-2.471189,53.697534,On or near Hacking Street,E01012653,Blackburn with Darwen 016C,Violence and sexual offences,Status update unavailable,
10832ef1c6b34cab5594cdbd9f43bb61388c367ddb258c1fb8d620e12fde3530,2019-05,Lancashire Constabulary,Lancashire Constabulary,-2.471189,53.697534,On or near Hacking Street,E01012653,Blackburn with Darwen 016C,Violence and sexual offences,Status update unavailable,
6266a73e570242879b74b2c426e75771085cc856503fc632d87cd66da7699120,2019-05,Lancashire Constabulary,Lancashire Constabulary,-2.471368,53.690513,On or near East Park Avenue,E01012653,Blackburn with Darwen 016C,Violence and sexual offences,Unable to prosecute suspect,
,2019-05,Lancashire Constabulary,Lancashire Constabulary,-2.465451,53.697727,On or near Parking Area,E01012654,Blackburn with Darwen 016D,Anti-social behaviour,,
,2019-05,Lancashire Constabulary,Lancashire Constabulary,-2.464188,53.694460,On or near Sudell Road,E01012654,Blackburn with Darwen 016D,Anti-social behaviour,,
,2019-05,Lancashire Constabulary,Lancashire Constabulary,-2.466227,53.695333,On or near Church Street,E01012654,Blackburn with Darwen 016D,Anti-social behaviour,,
,2019-05,Lancashire Constabulary,Lancashire Constabulary,-2.470030,53.695417,On or near Parking Area,E01012654,Blackburn with Darwen 016D,Anti-social behaviour,,
,2019-05,Lancashire Constabulary,Lancashire Constabulary,-2.466183,53.696807,On or near Theatre/Concert Hall,E01012654,Blackburn with Darwen 016D,Anti-social behaviour,,
,2019-05,Lancashire Constabulary,Lancashire Constabulary,-2.466227,53.695333,On or near Church Street,E01012654,Blackburn with Darwen 016D,Anti-social behaviour,,
,2019-05,Lancashire Constabulary,Lancashire Constabulary,-2.465286,53.696514,On or near Railway Road,E01012654,Blackburn with Darwen 016D,Anti-social behaviour,,
,2019-05,Lancashire Constabulary,Lancashire Constabulary,-2.466397,53.694263,On or near Parking Area,E01012654,Blackburn with Darwen 016D,Anti-social behaviour,,
,2019-05,Lancashire Constabulary,Lancashire Constabulary,-2.464364,53.695241,On or near Church Terrace,E01012654,Blackburn with Darwen 016D,Anti-social behaviour,,
,2019-05,Lancashire Constabulary,Lancashire Constabulary,-2.466603,53.697776,On or near Robin Bank Road,E01012654,Blackburn with Darwen 016D,Anti-social behaviour,,
,2019-05,Lancashire Constabulary,Lancashire Constabulary,-2.466227,53.695333,On or near Church Street,E01012654,Blackburn with Darwen 016D,Anti-social behaviour,,
,2019-05,Lancashire Constabulary,Lancashire Constabulary,-2.465451,53.697727,On or near Parking Area,E01012654,Blackburn with Darwen 016D,Anti-social behaviour,,
,2019-05,Lancashire Constabulary,Lancashire Constabulary,-2.464875,53.694943,On or near Bank Street,E01012654,Blackburn with Darwen 016D,Anti-social behaviour,,
,2019-05,Lancashire Constabulary,Lancashire Constabulary,-2.466227,53.695333,On or near Church Street,E01012654,Blackburn with Darwen 016D,Anti-social behaviour,,
,2019-05,Lancashire Constabulary,Lancashire Constabulary,-2.467149,53.696480,On or near Supermarket,E01012654,Blackburn with Darwen 016D,Anti-social behaviour,,
,2019-05,Lancashire Constabulary,Lancashire Constabulary,-2.467149,53.696480,On or near Supermarket,E01012654,Blackburn with Darwen 016D,Anti-social behaviour,,
,2019-05,Lancashire Constabulary,Lancashire Constabulary,-2.464614,53.696004,On or near Green Street East,E01012654,Blackburn with Darwen 016D,Anti-social behaviour,,
,2019-05,Lancashire Constabulary,Lancashire Constabulary,-2.470172,53.691848,On or near Almond Street,E01012654,Blackburn with Darwen 016D,Anti-social behaviour,,
,2019-05,Lancashire Constabulary,Lancashire Constabulary,-2.468036,53.695865,On or near Market Street,E01012654,Blackburn with Darwen 016D,Anti-social behaviour,,
,2019-05,Lancashire Constabulary,Lancashire Constabulary,-2.465448,53.694689,On or near Victoria Street,E01012654,Blackburn with Darwen 016D,Anti-social behaviour,,
,2019-05,Lancashire Constabulary,Lancashire Constabulary,-2.468036,53.695865,On or near Market Street,E01012654,Blackburn with Darwen 016D,Anti-social behaviour,,
,2019-05,Lancashire Constabulary,Lancashire Constabulary,-2.465448,53.694689,On or near Victoria Street,E01012654,Blackburn with Darwen 016D,Anti-social behaviour,,
,2019-05,Lancashire Constabulary,Lancashire Constabulary,-2.467481,53.696371,On or near Supermarket,E01012654,Blackburn with Darwen 016D,Anti-social behaviour,,
,2019-05,Lancashire Constabulary,Lancashire Constabulary,-2.466227,53.695333,On or near Church Street,E01012654,Blackburn with Darwen 016D,Anti-social behaviour,,
,2019-05,Lancashire Constabulary,Lancashire Constabulary,-2.465448,53.694689,On or near Victoria Street,E01012654,Blackburn with Darwen 016D,Anti-social behaviour,,
,2019-05,Lancashire Constabulary,Lancashire Constabulary,-2.470030,53.695417,On or near Parking Area,E01012654,Blackburn with Darwen 016D,Anti-social behaviour,,
,2019-05,Lancashire Constabulary,Lancashire Constabulary,-2.463260,53.695416,On or near Joseph Street,E01012654,Blackburn with Darwen 016D,Anti-social behaviour,,
,2019-05,Lancashire Constabulary,Lancashire Constabulary,-2.466227,53.695333,On or near Church Street,E01012654,Blackburn with Darwen 016D,Anti-social behaviour,,
,2019-05,Lancashire Constabulary,Lancashire Constabulary,-2.466637,53.694019,On or near Hardman Way,E01012654,Blackburn with Darwen 016D,Anti-social behaviour,,
0d43f5a7a15e35ee23809224816138c07798dc75148126e1e180ae73119c190a,2019-05,Lancashire Constabulary,Lancashire Constabulary,-2.471049,53.694433,On or near Borough Road,E01012654,Blackburn with Darwen 016D,Criminal damage and arson,Status update unavailable,
a85ad7f6e87aa588c30351c88ebba0101308bf4063ddbb54bfd622dc92ce7db5,2019-05,Lancashire Constabulary,Lancashire Constabulary,-2.467828,53.692154,On or near Springfield Street,E01012654,Blackburn with Darwen 016D,Criminal damage and arson,Unable to prosecute suspect,
f8e1f373e13c5f83b51697aa3490ae3c2e2dbc96976922cbcba1719c067adcb0,2019-05,Lancashire Constabulary,Lancashire Constabulary,-2.467824,53.694572,On or near Belgrave Square,E01012654,Blackburn with Darwen 016D,Criminal damage and arson,Status update unavailable,
934e4f16dc13417390cd6c42b866afa6802bd702ff6197a44afce68d054fb921,2019-05,Lancashire Constabulary,Lancashire Constabulary,-2.463260,53.695416,On or near Joseph Street,E01012654,Blackburn with Darwen 016D,Criminal damage and arson,Status update unavailable,
9267e9faa107029a51dc49973bc901e5ee073dc3c76b3c5e1e10560b915ab85e,2019-05,Lancashire Constabulary,Lancashire Constabulary,-2.466637,53.694019,On or near Hardman Way,E01012654,Blackburn with Darwen 016D,Criminal damage and arson,Local resolution,
147df9134767671d63bbdc08b1841b357f10683b1e63fd63ae421b137d6a99b1,2019-05,Lancashire Constabulary,Lancashire Constabulary,-2.463260,53.695416,On or near Joseph Street,E01012654,Blackburn with Darwen 016D,Criminal damage and arson,Status update unavailable,
2f1dae1a4d6c0acf37eee34f3e749ac6367ee45dbca090048747293ef1d888b7,2019-05,Lancashire Constabulary,Lancashire Constabulary,-2.469465,53.690961,On or near Fountain Street,E01012654,Blackburn with Darwen 016D,Criminal damage and arson,Status update unavailable,
0a19e3e13827d77f90be51855cc643777658974e4cddb44a235f36733e06c9a5,2019-05,Lancashire Constabulary,Lancashire Constabulary,-2.467149,53.696480,On or near Supermarket,E01012654,Blackburn with Darwen 016D,Other theft,Status update unavailable,
7b406ec4fead7b4f6575e5fdfe49e0b6f78f5cd3525a44705417c2814944757b,2019-05,Lancashire Constabulary,Lancashire Constabulary,-2.468036,53.695865,On or near Market Street,E01012654,Blackburn with Darwen 016D,Other theft,Status update unavailable,
80d03b45223b09a18ae3b9fc38ca9968215d55c5ebd794f53b1b133767cf23ca,2019-05,Lancashire Constabulary,Lancashire Constabulary,-2.463983,53.690964,On or near Ashton Lane,E01012654,Blackburn with Darwen 016D,Other theft,Status update unavailable,
6bf2aa8308054e8b932e788cf4f336e7b749c4d7393bfebabd8c26563e8cfb8b,2019-05,Lancashire Constabulary,Lancashire Constabulary,-2.466857,53.696121,On or near Shopping Area,E01012654,Blackburn with Darwen 016D,Other theft,Status update unavailable,
26bbb59576045114c775d0839a635eca1fa872c7a438df2eef3c3261144c17d8,2019-05,Lancashire Constabulary,Lancashire Constabulary,-2.468036,53.695865,On or near Market Street,E01012654,Blackburn with Darwen 016D,Other theft,Awaiting court outcome,
bd1c84527b001fea55a2df108cc221ab5279a187e5375d5ce3dff1851771d97f,2019-05,Lancashire Constabulary,Lancashire Constabulary,-2.467320,53.695544,On or near Croft Street,E01012654,Blackburn with Darwen 016D,Possession of weapons,Status update unavailable,
8bcf672120d73b51bed3c5ea9cc77fe203ef163ab1d227987cf0865e94ec35ac,2019-05,Lancashire Constabulary,Lancashire Constabulary,-2.467149,53.696480,On or near Supermarket,E01012654,Blackburn with Darwen 016D,Public order,Unable to prosecute suspect,
521082d3db63efe8aebd16603f678fc92712ee0b69c2c85a5ca3dc6771f2f1f5,2019-05,Lancashire Constabulary,Lancashire Constabulary,-2.463260,53.695416,On or near Joseph Street,E01012654,Blackburn with Darwen 016D,Public order,Unable to prosecute suspect,
5faa57217777ead593adffa0d38a11dc2baffb786b54419824597cff4681afce,2019-05,Lancashire Constabulary,Lancashire Constabulary,-2.463260,53.695416,On or near Joseph Street,E01012654,Blackburn with Darwen 016D,Public order,Status update unavailable,
008f95353750fa2465c09db536ed541b1ade3a09bee1768de845d6703f172e1e,2019-05,Lancashire Constabulary,Lancashire Constabulary,-2.464458,53.696904,On or near Parking Area,E01012654,Blackburn with Darwen 016D,Robbery,Unable to prosecute suspect,
57f5344bad5739222f7a373d7a65e19340b56fc163b60fe25d942b97a0a23900,2019-05,Lancashire Constabulary,Lancashire Constabulary,-2.468036,53.695865,On or near Market Street,E01012654,Blackburn with Darwen 016D,Shoplifting,Unable to prosecute suspect,
4c30f0afb58828b7456314ab7be6240da1a2db14fbf21b6b02542d5ca6539e87,2019-05,Lancashire Constabulary,Lancashire Constabulary,-2.468036,53.695865,On or near Market Street,E01012654,Blackburn with Darwen 016D,Shoplifting,Awaiting court outcome,
ae3f3ec752f22070aabfed316eb7ab05b167946e7991419b529f1caf3631282a,2019-05,Lancashire Constabulary,Lancashire Constabulary,-2.466637,53.694019,On or near Hardman Way,E01012654,Blackburn with Darwen 016D,Shoplifting,Unable to prosecute suspect,
2f3c7acee3dad8a4e4ad7c1c8007647ff087697058a992396336f3195481fca0,2019-05,Lancashire Constabulary,Lancashire Constabulary,-2.466857,53.696121,On or near Shopping Area,E01012654,Blackburn with Darwen 016D,Shoplifting,Formal action is not in the public interest,
b3ef8ee4d3d397c40b984463bbe6b92c49585f458a0626543e2ce9e526f5e996,2019-05,Lancashire Constabulary,Lancashire Constabulary,-2.468036,53.695865,On or near Market Street,E01012654,Blackburn with Darwen 016D,Shoplifting,Unable to prosecute suspect,
a189f1a31045c773e72ee35e53e2c1bcee96f34b2b8be819c8fb008725e38846,2019-05,Lancashire Constabulary,Lancashire Constabulary,-2.466857,53.696121,On or near Shopping Area,E01012654,Blackburn with Darwen 016D,Shoplifting,Status update unavailable,
76805012b93f4dbf1f5272d3d41b8cf45fb1554847be09b3ea34670e94b7ae44,2019-05,Lancashire Constabulary,Lancashire Constabulary,-2.467824,53.694572,On or near Belgrave Square,E01012654,Blackburn with Darwen 016D,Vehicle crime,Status update unavailable,
3bd65feca9f34fc6a31d234b44335aaa2719671a8e4b49cd8afa00b1bbe2b856,2019-05,Lancashire Constabulary,Lancashire Constabulary,-2.468435,53.693616,On or near Burton Close,E01012654,Blackburn with Darwen 016D,Violence and sexual offences,Unable to prosecute suspect,
b91f503cca7b66e94c26ecef3af11267809827a9b90702fec322424fe1fd6c27,2019-05,Lancashire Constabulary,Lancashire Constabulary,-2.466227,53.695333,On or near Church Street,E01012654,Blackburn with Darwen 016D,Violence and sexual offences,Unable to prosecute suspect,
620a9b973a07f087b196b5889b0b653b38305a9bba4952c464545a3f9128eabe,2019-05,Lancashire Constabulary,Lancashire Constabulary,-2.466227,53.695333,On or near Church Street,E01012654,Blackburn with Darwen 016D,Violence and sexual offences,Status update unavailable,
d0192a6574edbe19ff3584ed4043df2cfdc242ac1b6d7861d76c1ca41822ef5d,2019-05,Lancashire Constabulary,Lancashire Constabulary,-2.465448,53.694689,On or near Victoria Street,E01012654,Blackburn with Darwen 016D,Violence and sexual offences,Status update unavailable,
b6583240c255d8b9eb51131ab403025fc5e409918096173876cc1dbf223bb09c,2019-05,Lancashire Constabulary,Lancashire Constabulary,-2.467824,53.694572,On or near Belgrave Square,E01012654,Blackburn with Darwen 016D,Violence and sexual offences,Action to be taken by another organisation,
e270ef176d74ecfc07d3a4fe807516f2a6ac243845413a2e15bea0c8059e12c4,2019-05,Lancashire Constabulary,Lancashire Constabulary,-2.463260,53.695416,On or near Joseph Street,E01012654,Blackburn with Darwen 016D,Violence and sexual offences,Status update unavailable,
43d658d411e758745268d77ea847f7f793e6a27a318c4062ff91b5172d70f7e9,2019-05,Lancashire Constabulary,Lancashire Constabulary,-2.464458,53.696904,On or near Parking Area,E01012654,Blackburn with Darwen 016D,Violence and sexual offences,Status update unavailable,
78101d04d7a623b8abb32c7482876021097fd9e9e36343a36437f0997f668687,2019-05,Lancashire Constabulary,Lancashire Constabulary,-2.470030,53.695417,On or near Parking Area,E01012654,Blackburn with Darwen 016D,Violence and sexual offences,Unable to prosecute suspect,
2440bb23ccec1042db79d1fd8a145d72896c23e90b8b97a5d45379ac4d395cee,2019-05,Lancashire Constabulary,Lancashire Constabulary,-2.448399,53.692246,On or near Spire Close,E01012614,Blackburn with Darwen 017A,Criminal damage and arson,Offender given a caution,
f7e30c1d34e1130c839b986219eaab349d4b0d6c6c3a795c8b2a89f7023352cd,2019-05,Lancashire Constabulary,Lancashire Constabulary,-2.451148,53.694384,On or near Naples Road,E01012614,Blackburn with Darwen 017A,Drugs,Status update unavailable,
,2019-05,Lancashire Constabulary,Lancashire Constabulary,-2.459554,53.693049,On or near Highfield Mews,E01012615,Blackburn with Darwen 017B,Anti-social behaviour,,
,2019-05,Lancashire Constabulary,Lancashire Constabulary,-2.462069,53.691745,On or near India Street,E01012615,Blackburn with Darwen 017B,Anti-social behaviour,,
,2019-05,Lancashire Constabulary,Lancashire Constabulary,-2.459518,53.691152,On or near Holker Street,E01012615,Blackburn with Darwen 017B,Anti-social behaviour,,
,2019-05,Lancashire Constabulary,Lancashire Constabulary,-2.462596,53.690116,On or near Hilton Road,E01012615,Blackburn with Darwen 017B,Anti-social behaviour,,
,2019-05,Lancashire Constabulary,Lancashire Constabulary,-2.462924,53.692398,On or near Ashton Lane,E01012615,Blackburn with Darwen 017B,Anti-social behaviour,,
,2019-05,Lancashire Constabulary,Lancashire Constabulary,-2.462924,53.692398,On or near Ashton Lane,E01012615,Blackburn with Darwen 017B,Anti-social behaviour,,
,2019-05,Lancashire Constabulary,Lancashire Constabulary,-2.462596,53.690116,On or near Hilton Road,E01012615,Blackburn with Darwen 017B,Anti-social behaviour,,
d938cda68529a386e423a5dd2863771114e0fcd0b2dd35f0936649238e6963a7,2019-05,Lancashire Constabulary,Lancashire Constabulary,-2.459548,53.693876,On or near Brandwood Street,E01012615,Blackburn with Darwen 017B,Burglary,Status update unavailable,
6b4b4c0a9b52856eae6f7f51c753d21353557932304fc4deba12e9b33249e103,2019-05,Lancashire Constabulary,Lancashire Constabulary,-2.462924,53.692398,On or near Ashton Lane,E01012615,Blackburn with Darwen 017B,Other theft,Status update unavailable,
5369399c8438705a61fc5f297d46a2f8253df842fab16cbcfcc22ee5a6b02feb,2019-05,Lancashire Constabulary,Lancashire Constabulary,-2.459518,53.691152,On or near Holker Street,E01012615,Blackburn with Darwen 017B,Public order,Status update unavailable,
15d07d692d80be3151cd646c2cfa72964890984049c9b36eb964883944c2adc4,2019-05,Lancashire Constabulary,Lancashire Constabulary,-2.462924,53.692398,On or near Ashton Lane,E01012615,Blackburn with Darwen 017B,Theft from the person,Unable to prosecute suspect,
54b37e0aa23baa7b6f9f3655563cad51e16fbaa2ce27b9e12c2d9900802bb362,2019-05,Lancashire Constabulary,Lancashire Constabulary,-2.458018,53.693899,On or near Begonia Street,E01012615,Blackburn with Darwen 017B,Violence and sexual offences,Offender given a caution,
fb27db6a2e24f7ebbb7493d516a0c634ce1b380668202abf413b7c120356b128,2019-05,Lancashire Constabulary,Lancashire Constabulary,-2.462924,53.692398,On or near Ashton Lane,E01012615,Blackburn with Darwen 017B,Violence and sexual offences,Unable to prosecute suspect,
79dbc6c7d60b8677f9f63cfb6c54f1f2db95460a33b7083aa56ead443c7a53ba,2019-05,Lancashire Constabulary,Lancashire Constabulary,-2.458924,53.689474,On or near Rose Hill Street,E01012615,Blackburn with Darwen 017B,Violence and sexual offences,Unable to prosecute suspect,
b0f5b25e67899a7272c4ab23a38a3f2b810c6399ed5d1169ede1aeebb9b668fb,2019-05,Lancashire Constabulary,Lancashire Constabulary,-2.456386,53.692773,On or near St Aidan'S Avenue,E01012615,Blackburn with Darwen 017B,Violence and sexual offences,Status update unavailable,
,2019-05,Lancashire Constabulary,Lancashire Constabulary,-2.438436,53.690944,On or near Blacksnape Road,E01012616,Blackburn with Darwen 017C,Anti-social behaviour,,
,2019-05,Lancashire Constabulary,Lancashire Constabulary,-2.454062,53.686517,On or near Pickup Fold,E01012616,Blackburn with Darwen 017C,Anti-social behaviour,,
dc77d9c75f42ac84c3a2c115f67f96744137373cbcf04ee59363d8a8fd8060be,2019-05,Lancashire Constabulary,Lancashire Constabulary,-2.438436,53.690944,On or near Blacksnape Road,E01012616,Blackburn with Darwen 017C,Burglary,Status update unavailable,
4bf39a076f3513e8c05a60faa2385baa83e798c3f1a6e215098a635222c2c4d1,2019-05,Lancashire Constabulary,Lancashire Constabulary,-2.446071,53.688309,On or near Spring Meadows,E01012616,Blackburn with Darwen 017C,Burglary,Status update unavailable,
4ee4aa6ef8f14cd82ce369b079ac0840065fc72ad216dd80fb541401954904f7,2019-05,Lancashire Constabulary,Lancashire Constabulary,-2.454639,53.685230,On or near Bentley Street,E01012616,Blackburn with Darwen 017C,Public order,Status update unavailable,
bdbe493b4775fd28aa8a5ba2f82ac372e89205e60863cf58d576324799b89278,2019-05,Lancashire Constabulary,Lancashire Constabulary,-2.457783,53.686126,On or near Grimshaw Street,E01012616,Blackburn with Darwen 017C,Shoplifting,Status update unavailable,
9b023afb9a752cc2038aa253a760e2bd058403f21c27e73ae92f0c63d26ab4ba,2019-05,Lancashire Constabulary,Lancashire Constabulary,-2.454062,53.686517,On or near Pickup Fold,E01012616,Blackburn with Darwen 017C,Vehicle crime,Status update unavailable,
db96e41c598fe00ab5627536a16dbbf461d4e78ecc816b5389f6aa8d2b45256c,2019-05,Lancashire Constabulary,Lancashire Constabulary,-2.454062,53.686517,On or near Pickup Fold,E01012616,Blackburn with Darwen 017C,Vehicle crime,Status update unavailable,
4a1d5446840455795858ba13a6c190116dca165bb158687c857b1ecc8d0fde75,2019-05,Lancashire Constabulary,Lancashire Constabulary,-2.447315,53.682857,On or near Cranberry Close,E01012616,Blackburn with Darwen 017C,Vehicle crime,Status update unavailable,
5382a55a5be3b9b630f0a00fde57c499366eebada7003a75a0cd5a261f732930,2019-05,Lancashire Constabulary,Lancashire Constabulary,-2.447315,53.682857,On or near Cranberry Close,E01012616,Blackburn with Darwen 017C,Vehicle crime,Status update unavailable,
7459dbcc1ae758bb3d93f70a51aa3fad60e8b9f768c5bceef6c54483e2d026f1,2019-05,Lancashire Constabulary,Lancashire Constabulary,-2.448492,53.683860,On or near Westmorland Close,E01012616,Blackburn with Darwen 017C,Vehicle crime,Status update unavailable,
3dc1cd56211fbe822e81e3a1da65a302e3d87528bb7e71da1477621583c0e1da,2019-05,Lancashire Constabulary,Lancashire Constabulary,-2.447315,53.682857,On or near Cranberry Close,E01012616,Blackburn with Darwen 017C,Vehicle crime,Status update unavailable,
297bb6050681b9acab5a9b3f47a32e4c93fb21d80fc584662dfed374aa64fded,2019-05,Lancashire Constabulary,Lancashire Constabulary,-2.456141,53.685539,On or near Thompson Street,E01012616,Blackburn with Darwen 017C,Violence and sexual offences,Status update unavailable,
6154bc35910cccdca030960cb9f5fbe738b790e256f8cd18fd9e9e5154cbdf40,2019-05,Lancashire Constabulary,Lancashire Constabulary,-2.453432,53.685693,On or near St Johns Close,E01012616,Blackburn with Darwen 017C,Violence and sexual offences,Status update unavailable,
38b835a3837641ef8477a24d1a93238a5a59ed9fb88f93f872b3f93104e86c37,2019-05,Lancashire Constabulary,Lancashire Constabulary,-2.461785,53.686560,On or near Junction Street,E01012616,Blackburn with Darwen 017C,Violence and sexual offences,Unable to prosecute suspect,
,2019-05,Lancashire Constabulary,Lancashire Constabulary,-2.464243,53.680168,On or near Holly Tree Close,E01012659,Blackburn with Darwen 017D,Anti-social behaviour,,
,2019-05,Lancashire Constabulary,Lancashire Constabulary,-2.462628,53.683348,On or near Westcote Street,E01012659,Blackburn with Darwen 017D,Anti-social behaviour,,
cc69fba1c295ca8ee054bf4a92595d79d76ec95c161b5fc7941e16a4b8d58f78,2019-05,Lancashire Constabulary,Lancashire Constabulary,-2.463209,53.686626,On or near Petrol Station,E01012659,Blackburn with Darwen 017D,Other theft,Unable to prosecute suspect,
7847f5e99b4a4050ee3fe4922d61871165f4ed5c09951963a3ca748f24bc8f4e,2019-05,Lancashire Constabulary,Lancashire Constabulary,-2.462045,53.684015,On or near Epworth Street,E01012659,Blackburn with Darwen 017D,Violence and sexual offences,Unable to prosecute suspect,
5c0c8c819f622ffb695c77581b38577316f0552722724992c36df1b7dd1d9355,2019-05,Lancashire Constabulary,Lancashire Constabulary,-2.467534,53.688901,On or near Hillside Gardens,E01012659,Blackburn with Darwen 017D,Violence and sexual offences,Unable to prosecute suspect,
,2019-05,Lancashire Constabulary,Lancashire Constabulary,-2.463899,53.677797,On or near Whitehall Road,E01012660,Blackburn with Darwen 017E,Anti-social behaviour,,
063e0bb7f8aed555ffc9e09afaa8e023e00e7f324aee9bcd289088252f460c43,2019-05,Lancashire Constabulary,Lancashire Constabulary,-2.463899,53.677797,On or near Whitehall Road,E01012660,Blackburn with Darwen 017E,Burglary,Status update unavailable,
013144ccaf62e5bf8a79dcd6aa653cdf604a093fe2dde32d150706f1bba4470c,2019-05,Lancashire Constabulary,Lancashire Constabulary,-2.454573,53.681922,On or near Kirkdale Close,E01012660,Blackburn with Darwen 017E,Public order,Status update unavailable,
972b64bb921c2ea895c0c8abcedf5541cfc9173ff4956a0dddc249c24576e2d7,2019-05,Lancashire Constabulary,Lancashire Constabulary,-2.454351,53.672557,On or near Bolton Road,E01012660,Blackburn with Darwen 017E,Vehicle crime,Status update unavailable,
,2019-05,Lancashire Constabulary,Lancashire Constabulary,-2.461617,53.680934,On or near Park Road,E01012661,Blackburn with Darwen 017F,Anti-social behaviour,,
,2019-05,Lancashire Constabulary,Lancashire Constabulary,-2.459872,53.681911,On or near Blackpool Street,E01012661,Blackburn with Darwen 017F,Anti-social behaviour,,
,2019-05,Lancashire Constabulary,Lancashire Constabulary,-2.461181,53.685375,On or near Grimshaw Street,E01012661,Blackburn with Darwen 017F,Anti-social behaviour,,
7a831bdc355e794a4cb592acfac715b6d9ee136e531ad838d60000661c5b5d6b,2019-05,Lancashire Constabulary,Lancashire Constabulary,-2.457953,53.679519,On or near Walter Street,E01012661,Blackburn with Darwen 017F,Burglary,Status update unavailable,
25e84eb8a11ffbb533180e37277287ea64184b9e29366ff69e6a07b3f8cb19b7,2019-05,Lancashire Constabulary,Lancashire Constabulary,-2.459755,53.683700,On or near Portland Street,E01012661,Blackburn with Darwen 017F,Criminal damage and arson,Status update unavailable,
124498dde3454ad1590168c789d2c17f1581df217d0765a6f6c58e00df963e0b,2019-05,Lancashire Constabulary,Lancashire Constabulary,-2.455633,53.681936,On or near Dewhurst Close,E01012661,Blackburn with Darwen 017F,Criminal damage and arson,Awaiting court outcome,
e4935cc0dfe91b1450cacb6aabb31e13deaedb2dd80046d224fa9ae6a0152650,2019-05,Lancashire Constabulary,Lancashire Constabulary,-2.460888,53.684900,On or near Sydney Street,E01012661,Blackburn with Darwen 017F,Other theft,Status update unavailable,
10a148bec653460c8b947a236bf7de2c7435f7d253ab5547b97d293dce1e1c8b,2019-05,Lancashire Constabulary,Lancashire Constabulary,-2.459872,53.681911,On or near Blackpool Street,E01012661,Blackburn with Darwen 017F,Vehicle crime,Status update unavailable,
29045861154f43843348baf39693aaf28243431a9579ad3406c51ef5e5c7a139,2019-05,Lancashire Constabulary,Lancashire Constabulary,-2.460888,53.684900,On or near Sydney Street,E01012661,Blackburn with Darwen 017F,Violence and sexual offences,Status update unavailable,
40fab98dc0c0486a391ed2152f80a78f9deb25462177f828a5e0fa695c78afc4,2019-05,Lancashire Constabulary,Lancashire Constabulary,-2.460888,53.684900,On or near Sydney Street,E01012661,Blackburn with Darwen 017F,Violence and sexual offences,Unable to prosecute suspect,
,2019-05,Lancashire Constabulary,Lancashire Constabulary,-2.433853,53.707678,On or near Park/Open Space,E01012592,Blackburn with Darwen 018A,Anti-social behaviour,,
,2019-05,Lancashire Constabulary,Lancashire Constabulary,-2.445236,53.725424,On or near A6077,E01012592,Blackburn with Darwen 018A,Anti-social behaviour,,
04fa7b365fc6f041b05a043224cb8d62469d5cc64e8d67d1841e2ac489373b42,2019-05,Lancashire Constabulary,Lancashire Constabulary,-2.431314,53.693405,On or near Chapman Road,E01012592,Blackburn with Darwen 018A,Vehicle crime,Status update unavailable,
937f241b92f40b6038f9f960367c27a7bacdbaa88167a4c4f2c08ccffe29f261,2019-05,Lancashire Constabulary,Lancashire Constabulary,-2.431583,53.696074,On or near Queen'S Square,E01012592,Blackburn with Darwen 018A,Vehicle crime,Status update unavailable,
5b62341b01e20f7828f3e431ec2d57ad69fa00e4877d00aff1687dd0c90ce927,2019-05,Lancashire Constabulary,Lancashire Constabulary,-2.431583,53.696074,On or near Queen'S Square,E01012592,Blackburn with Darwen 018A,Violence and sexual offences,Status update unavailable,
a62e6f2317f33f47845312ddc7f833ba5def56eab45685235a4058efdd845ba8,2019-05,Lancashire Constabulary,Lancashire Constabulary,-2.433853,53.707678,On or near Park/Open Space,E01012592,Blackburn with Darwen 018A,Violence and sexual offences,Status update unavailable,
d2ed374cd30f11de1a5b9adc24b676253174d6ad78cf2a79c9c1bc92d8ad7503,2019-05,Lancashire Constabulary,Lancashire Constabulary,-2.434172,53.695966,On or near Alpine Close,E01012592,Blackburn with Darwen 018A,Violence and sexual offences,Unable to prosecute suspect,
,2019-05,Lancashire Constabulary,Lancashire Constabulary,-2.506025,53.668530,On or near Tockholes Road,E01012628,Blackburn with Darwen 018D,Anti-social behaviour,,
4cf4fae420b2317412e2847e4afdb0f81c5b493722d0adffa27ed97e9bfaa41d,2019-05,Lancashire Constabulary,Lancashire Constabulary,-2.496170,53.641319,On or near Naylor'S Terrace,E01012628,Blackburn with Darwen 018D,Burglary,Status update unavailable,
05ccc54fe2dbd2d0d87ab8f9121acb3a2ba25388ef574764d90f4d960c872b08,2019-05,Lancashire Constabulary,Lancashire Constabulary,-2.516088,53.703029,On or near Long Lane,E01012628,Blackburn with Darwen 018D,Burglary,Status update unavailable,
2cc4b138cb9f5b3f92c92b6c534becc2c2363953867f519f32caca1f6fe5da05,2019-05,Lancashire Constabulary,Lancashire Constabulary,-2.518929,53.701201,On or near Old School Lane,E01012628,Blackburn with Darwen 018D,Criminal damage and arson,Unable to prosecute suspect,
3fc17c07e2f0f923664e46df94e6c59ad9598b70150e0446b596f8d8f2ba40ef,2019-05,Lancashire Constabulary,Lancashire Constabulary,-2.464457,53.633519,On or near Park/Open Space,E01012628,Blackburn with Darwen 018D,Vehicle crime,Status update unavailable,
6ac69d230fa9673fb160e92b584030f06f2e7c660a33d2ac529696000f9bd474,2019-05,Lancashire Constabulary,Lancashire Constabulary,-2.493924,53.638065,On or near Church Street,E01012628,Blackburn with Darwen 018D,Violence and sexual offences,Unable to prosecute suspect,
ba327e488e55b0860db74b1c2b0b749f5e2a7c9bec523432ac01359cb869059b,2019-05,Lancashire Constabulary,Lancashire Constabulary,-2.493924,53.638065,On or near Church Street,E01012628,Blackburn with Darwen 018D,Violence and sexual offences,Unable to prosecute suspect,
1f81244bb0f06345c563dd6ab959523218343dd6c4284a6ab5b8ba98a4196af5,2019-05,Lancashire Constabulary,Lancashire Constabulary,-2.400335,53.654199,On or near Sports/Recreation Area,E01032485,Blackburn with Darwen 018E,Burglary,Status update unavailable,
6b4af71c6bd8c0f080d350a87b72223479311c2ffe9f7150b01b6d5c6801aff3,2019-05,Lancashire Constabulary,Lancashire Constabulary,-2.416216,53.653587,On or near Overshores Road,E01032485,Blackburn with Darwen 018E,Violence and sexual offences,Unable to prosecute suspect,
8d67e2d80f5a233f0bd5aa5facd38ef1b79e0aadd68365ab0b21c061af8f3111,2019-05,Lancashire Constabulary,Lancashire Constabulary,-2.383273,53.659683,On or near Park/Open Space,E01032485,Blackburn with Darwen 018E,Violence and sexual offences,Unable to prosecute suspect,
095980c4e93fc0ec46e26f8e511becd97aab7a65de04ae3f3d3efa3ef675c335,2019-05,Lancashire Constabulary,Lancashire Constabulary,-2.391820,53.647980,On or near Greenacres,E01032486,Blackburn with Darwen 018F,Burglary,Status update unavailable,
061eaa7b61a671fa0aa8dee030f23ee311076ee721e110a45feadd059cb34ba6,2019-05,Lancashire Constabulary,Lancashire Constabulary,-2.398146,53.649838,On or near Middle Turn,E01032486,Blackburn with Darwen 018F,Violence and sexual offences,Unable to prosecute suspect,
369254a1f4bcc85f3abbd4682faaf2e8ceda68091378cdea13de860a7687e4b7,2019-05,Lancashire Constabulary,Lancashire Constabulary,-2.393003,53.646700,On or near May Street,E01032486,Blackburn with Darwen 018F,Violence and sexual offences,Status update unavailable,
,2019-05,Lancashire Constabulary,Lancashire Constabulary,-3.042794,53.872889,On or near Kelso Avenue,E01012663,Blackpool 001A,Anti-social behaviour,,
,2019-05,Lancashire Constabulary,Lancashire Constabulary,-3.042794,53.872889,On or near Kelso Avenue,E01012663,Blackpool 001A,Anti-social behaviour,,
,2019-05,Lancashire Constabulary,Lancashire Constabulary,-3.047594,53.870824,On or near Princes Way,E01012663,Blackpool 001A,Anti-social behaviour,,
349979a6b3191b4e5a836bde07cb649576f8b20df5e6dc4d7507c9473efb8222,2019-05,Lancashire Constabulary,Lancashire Constabulary,-3.040654,53.873105,On or near Maitland Avenue,E01012663,Blackpool 001A,Criminal damage and arson,Awaiting court outcome,
f92df34037bb2128ce8acfa5467a040b527999fafe93523fbb3f1ee99156ee20,2019-05,Lancashire Constabulary,Lancashire Constabulary,-3.042435,53.871912,On or near Kelso Avenue,E01012663,Blackpool 001A,Other theft,Investigation complete; no suspect identified,
f7ca60b3d7cc1c37e3f48e26eb170f4a61da5c7de5380ee477ade7d5271e1c08,2019-05,Lancashire Constabulary,Lancashire Constabulary,-3.044275,53.873730,On or near Blandford Avenue,E01012663,Blackpool 001A,Other theft,Further investigation is not in the public interest,
34f1aec63087236ee90962b956613b2294aee1bb4b9861f2a133a84033125ca7,2019-05,Lancashire Constabulary,Lancashire Constabulary,-3.040704,53.873878,On or near Lauderdale Avenue,E01012663,Blackpool 001A,Vehicle crime,Status update unavailable,
c9bf41e7b003fda5e96fa74f6727ec6bfbb4c3f24ffd4399e72caa78c9ca40e2,2019-05,Lancashire Constabulary,Lancashire Constabulary,-3.042794,53.872889,On or near Kelso Avenue,E01012663,Blackpool 001A,Violence and sexual offences,Status update unavailable,
92f0763af6c73024553cd144ac5c663fd4eabce6d230bbfd50a92dfbeba53bd9,2019-05,Lancashire Constabulary,Lancashire Constabulary,-3.045271,53.868535,On or near Queen'S Promenade,E01012663,Blackpool 001A,Violence and sexual offences,Status update unavailable,
80099d1ab4dda50ad29892353f28951783c4c23b87061153bfc24eef3ae6da6f,2019-05,Lancashire Constabulary,Lancashire Constabulary,-3.040654,53.873105,On or near Maitland Avenue,E01012663,Blackpool 001A,Violence and sexual offences,Status update unavailable,
653e49ccad29471264c2595904da5c54be92b7096d09534c9793de91509b1eae,2019-05,Lancashire Constabulary,Lancashire Constabulary,-3.040654,53.873105,On or near Maitland Avenue,E01012663,Blackpool 001A,Other crime,Status update unavailable,
,2019-05,Lancashire Constabulary,Lancashire Constabulary,-3.037411,53.874778,On or near St David'S Avenue,E01012664,Blackpool 001B,Anti-social behaviour,,
,2019-05,Lancashire Constabulary,Lancashire Constabulary,-3.038650,53.871990,On or near The Courtyard,E01012664,Blackpool 001B,Anti-social behaviour,,
be116d7317c249bd69ce24c4b1b3304bb8a8c1c338f9db3bed5fdab6ae5f712c,2019-05,Lancashire Constabulary,Lancashire Constabulary,-3.035582,53.872178,On or near Welwyn Place,E01012664,Blackpool 001B,Criminal damage and arson,Status update unavailable,
cfa24320d1c0191fa81a27605defdd6e7dca39b372768a0852f8d0c8cd36e678,2019-05,Lancashire Constabulary,Lancashire Constabulary,-3.039545,53.874993,On or near St Andrew'S Avenue,E01012664,Blackpool 001B,Vehicle crime,Status update unavailable,
ed6ab3ea849a13a28893a272170c7081b1edd3fd78ead19cf3bcdf70f8655398,2019-05,Lancashire Constabulary,Lancashire Constabulary,-3.029694,53.872714,On or near Knowle Avenue,E01012664,Blackpool 001B,Violence and sexual offences,Unable to prosecute suspect,
46250e629d5920c1c1d29d83536679de27f76bc1418a8b83f8dc1fdf70f92bae,2019-05,Lancashire Constabulary,Lancashire Constabulary,-3.037411,53.874778,On or near St David'S Avenue,E01012664,Blackpool 001B,Violence and sexual offences,Unable to prosecute suspect,
51b1ac7a7baf0ebfd83cff6a7975241ea24c5a073aefd9743a0ac7439e53156e,2019-05,Lancashire Constabulary,Lancashire Constabulary,-3.036020,53.873298,On or near Allen Close,E01012664,Blackpool 001B,Violence and sexual offences,Unable to prosecute suspect,
80e15b0b9d2c3a01f283814fcb7de326eef5d3477b79ce681856b0753fbc71f4,2019-05,Lancashire Constabulary,Lancashire Constabulary,-3.038650,53.871990,On or near The Courtyard,E01012664,Blackpool 001B,Violence and sexual offences,Offender given a caution,
,2019-05,Lancashire Constabulary,Lancashire Constabulary,-3.031964,53.872865,On or near Kirton Place,E01012665,Blackpool 001C,Anti-social behaviour,,
,2019-05,Lancashire Constabulary,Lancashire Constabulary,-3.031964,53.872865,On or near Kirton Place,E01012665,Blackpool 001C,Anti-social behaviour,,
00a936792594e633fcf8a27f511daa129d9be0642d898be65291a2a4933c4756,2019-05,Lancashire Constabulary,Lancashire Constabulary,-3.031964,53.872865,On or near Kirton Place,E01012665,Blackpool 001C,Burglary,Status update unavailable,
b4bf753934b06195370bdaae6cb2fde0df88e084e4ad8a7a42c5da0c0e0713e7,2019-05,Lancashire Constabulary,Lancashire Constabulary,-3.028909,53.867391,On or near Seabrook Drive,E01012665,Blackpool 001C,Criminal damage and arson,Status update unavailable,
43c7601ee56e1b69c77740b0bc8b804e5f0fbbca3700446304177022c1bcb745,2019-05,Lancashire Constabulary,Lancashire Constabulary,-3.032743,53.869902,On or near Neville Avenue,E01012665,Blackpool 001C,Vehicle crime,Status update unavailable,
b858d4ea7a3c2ce8d057c44fbb63603f421b3c549425d582a241d0339acbdc82,2019-05,Lancashire Constabulary,Lancashire Constabulary,-3.032876,53.871599,On or near Beryl Avenue,E01012665,Blackpool 001C,Violence and sexual offences,Status update unavailable,
402499b5c420dccde2cd7f80ea6cd320bb9a83b594b8f69d3b5bbab795f19118,2019-05,Lancashire Constabulary,Lancashire Constabulary,-3.031964,53.872865,On or near Kirton Place,E01012665,Blackpool 001C,Violence and sexual offences,Status update unavailable,
fce84dc4c1e8c2f45e6156b52124039064805f89d0985f4c41e6746c1dad08b4,2019-05,Lancashire Constabulary,Lancashire Constabulary,-3.031964,53.872865,On or near Kirton Place,E01012665,Blackpool 001C,Other crime,Status update unavailable,
,2019-05,Lancashire Constabulary,Lancashire Constabulary,-3.048120,53.857805,On or near Parking Area,E01012716,Blackpool 001D,Anti-social behaviour,,
,2019-05,Lancashire Constabulary,Lancashire Constabulary,-3.048120,53.857805,On or near Parking Area,E01012716,Blackpool 001D,Anti-social behaviour,,
,2019-05,Lancashire Constabulary,Lancashire Constabulary,-3.048120,53.857805,On or near Parking Area,E01012716,Blackpool 001D,Anti-social behaviour,,
,2019-05,Lancashire Constabulary,Lancashire Constabulary,-3.048120,53.857805,On or near Parking Area,E01012716,Blackpool 001D,Anti-social behaviour,,
,2019-05,Lancashire Constabulary,Lancashire Constabulary,-3.038657,53.866156,On or near Derwent Place,E01012716,Blackpool 001D,Anti-social behaviour,,
,2019-05,Lancashire Constabulary,Lancashire Constabulary,-3.048120,53.857805,On or near Parking Area,E01012716,Blackpool 001D,Anti-social behaviour,,
,2019-05,Lancashire Constabulary,Lancashire Constabulary,-3.048120,53.857805,On or near Parking Area,E01012716,Blackpool 001D,Anti-social behaviour,,
dfd5b43cfe58a94f33914f1aef235bcb20cbe02c7b0083db62f91162f82214aa,2019-05,Lancashire Constabulary,Lancashire Constabulary,-3.048120,53.857805,On or near Parking Area,E01012716,Blackpool 001D,Burglary,Status update unavailable,
6f4578b917a630d7129e0898c3cf83be57838d435f0a8c461d21e34fd5a38236,2019-05,Lancashire Constabulary,Lancashire Constabulary,-3.048120,53.857805,On or near Parking Area,E01012716,Blackpool 001D,Burglary,Status update unavailable,
c0ae509d94cb11b3cb9cc4c20412df0748aa84032a9c4cb2afe138461178227b,2019-05,Lancashire Constabulary,Lancashire Constabulary,-3.048120,53.857805,On or near Parking Area,E01012716,Blackpool 001D,Burglary,Status update unavailable,
f8486fc7e4a99660c102373b1e0ac6d22a30a22ac3222895d25bba92a2caf892,2019-05,Lancashire Constabulary,Lancashire Constabulary,-3.048120,53.857805,On or near Parking Area,E01012716,Blackpool 001D,Criminal damage and arson,Awaiting court outcome,
04abb600895b5c7fb8ae2de8315219e89a8a8c61eb92525c7c0e218c963cfc99,2019-05,Lancashire Constabulary,Lancashire Constabulary,-3.048120,53.857805,On or near Parking Area,E01012716,Blackpool 001D,Criminal damage and arson,Status update unavailable,
f22e5b4e9645c8b4e391eb5ff1328a15d497b50f5793d43fe39bcfcc386aaeeb,2019-05,Lancashire Constabulary,Lancashire Constabulary,-3.048120,53.857805,On or near Parking Area,E01012716,Blackpool 001D,Other theft,Unable to prosecute suspect,
cdb0c0af146a0a23a7db1f22475436bf93f2ea52701939a243671d68c34bb4c4,2019-05,Lancashire Constabulary,Lancashire Constabulary,-3.048120,53.857805,On or near Parking Area,E01012716,Blackpool 001D,Other theft,Status update unavailable,
ed723c1d8a6df02aec35aa43315cf466460609b01718cfe618af2ce1571ee604,2019-05,Lancashire Constabulary,Lancashire Constabulary,-3.048120,53.857805,On or near Parking Area,E01012716,Blackpool 001D,Other theft,Status update unavailable,
0eea3d29e3b55ea2b0045c10475ec88f06e18262eca9971b1760ec4bb68768fc,2019-05,Lancashire Constabulary,Lancashire Constabulary,-3.048120,53.857805,On or near Parking Area,E01012716,Blackpool 001D,Other theft,Status update unavailable,
42a81286f51ec1719df99d647b07cc388164c44f0c15ed236631b4e35b826449,2019-05,Lancashire Constabulary,Lancashire Constabulary,-3.048120,53.857805,On or near Parking Area,E01012716,Blackpool 001D,Public order,Further investigation is not in the public interest,
0ac88c569e5063a309c0c55935ed79db87b5a86d50fb8d44eaf9e79c02c8978c,2019-05,Lancashire Constabulary,Lancashire Constabulary,-3.048120,53.857805,On or near Parking Area,E01012716,Blackpool 001D,Public order,Status update unavailable,
2e5d7b64378879c665a4a494a5ffd6e92922c0d4e8062fc07f743a0bd182467e,2019-05,Lancashire Constabulary,Lancashire Constabulary,-3.048120,53.857805,On or near Parking Area,E01012716,Blackpool 001D,Public order,Unable to prosecute suspect,
f5e84a1bad62dce51e9ce6d5553a48cbad3bcf8ddd6e055b3aac2b82677c30a3,2019-05,Lancashire Constabulary,Lancashire Constabulary,-3.048120,53.857805,On or near Parking Area,E01012716,Blackpool 001D,Public order,Status update unavailable,
e4474d5f2d38eca7d7313048708875b068bc35b696ec2b8eec34031c5ec197c7,2019-05,Lancashire Constabulary,Lancashire Constabulary,-3.037431,53.865762,On or near Wingate Avenue,E01012716,Blackpool 001D,Vehicle crime,Status update unavailable,
b3edde294b6a1b94370087cd257ebff7ef22d728ae12a57d37bc4f800ca75ff4,2019-05,Lancashire Constabulary,Lancashire Constabulary,-3.038657,53.866156,On or near Derwent Place,E01012716,Blackpool 001D,Vehicle crime,Status update unavailable,
b356be8f3261b6237030ea6f9b9c0322ad83ce8790ec15ef88695318662fd23b,2019-05,Lancashire Constabulary,Lancashire Constabulary,-3.038657,53.866156,On or near Derwent Place,E01012716,Blackpool 001D,Vehicle crime,Status update unavailable,
a9d82cf5e574f1cde6a21b3126c222adcb456d3bb54d38f3c5296a35db86e723,2019-05,Lancashire Constabulary,Lancashire Constabulary,-3.048120,53.857805,On or near Parking Area,E01012716,Blackpool 001D,Violence and sexual offences,Unable to prosecute suspect,
d9d7785a57535efca88b15b4621b1f1aac1230a14c75395e0a09d91fcab241f0,2019-05,Lancashire Constabulary,Lancashire Constabulary,-3.038657,53.866156,On or near Derwent Place,E01012716,Blackpool 001D,Violence and sexual offences,Status update unavailable,
e03abb12220283b089755cd725eccc7871906c9553d03561687efa1cd1ea8590,2019-05,Lancashire Constabulary,Lancashire Constabulary,-3.040081,53.867178,On or near Gretna Crescent,E01012716,Blackpool 001D,Violence and sexual offences,Unable to prosecute suspect,
fd0e91b573616bde67ea7f80da5df1288303da72ccd78c1de8299da20f351ee0,2019-05,Lancashire Constabulary,Lancashire Constabulary,-3.048120,53.857805,On or near Parking Area,E01012716,Blackpool 001D,Violence and sexual offences,Status update unavailable,
7220d8685485e7e9893ed4545454a634eed6062ebfc42d814984d2c5c01ffe73,2019-05,Lancashire Constabulary,Lancashire Constabulary,-3.048120,53.857805,On or near Parking Area,E01012716,Blackpool 001D,Violence and sexual offences,Status update unavailable,
54d2ff379c70db8394019368e17b92cfb2c5ee602c2887508b6383b2f2cd2756,2019-05,Lancashire Constabulary,Lancashire Constabulary,-3.038657,53.866156,On or near Derwent Place,E01012716,Blackpool 001D,Violence and sexual offences,Status update unavailable,
c017857eddafef8a45c0ed6e8bf29f71f752fcf1ca8aa2c59f6700529d874b2e,2019-05,Lancashire Constabulary,Lancashire Constabulary,-3.048120,53.857805,On or near Parking Area,E01012716,Blackpool 001D,Violence and sexual offences,Status update unavailable,
80026667532cb1dd7de5afe1d1c630c9631ad521775c98ddc6b85c9d5e877c31,2019-05,Lancashire Constabulary,Lancashire Constabulary,-3.048120,53.857805,On or near Parking Area,E01012716,Blackpool 001D,Violence and sexual offences,Status update unavailable,
e48674cfa255872e17939672cef51d229b43dc5bb9aebc96842d3fb7de026f1b,2019-05,Lancashire Constabulary,Lancashire Constabulary,-3.048120,53.857805,On or near Parking Area,E01012716,Blackpool 001D,Violence and sexual offences,Status update unavailable,
8c51dd8b3b83628fa5c80bc6bb7c74e97710257e232fc3156fceea760120b45b,2019-05,Lancashire Constabulary,Lancashire Constabulary,-3.048120,53.857805,On or near Parking Area,E01012716,Blackpool 001D,Violence and sexual offences,Status update unavailable,
,2019-05,Lancashire Constabulary,Lancashire Constabulary,-3.036767,53.867809,On or near Valeway Avenue,E01012719,Blackpool 001E,Anti-social behaviour,,
f2643fee169d7f065f26c41ca9ee65b426a46ff536d032b5baea55fa1e3afbd6,2019-05,Lancashire Constabulary,Lancashire Constabulary,-3.036767,53.867809,On or near Valeway Avenue,E01012719,Blackpool 001E,Vehicle crime,Status update unavailable,
a5ead959a64db2998cacacaccd07c1e5efe22f82dabf1a514240f0a648454c94,2019-05,Lancashire Constabulary,Lancashire Constabulary,-3.036593,53.866929,On or near Lockerbie Avenue,E01012719,Blackpool 001E,Violence and sexual offences,Unable to prosecute suspect,
c77f04810b0eaacc7759ae6d332ef53c2ccf8a4bf1ff402c932a9350480501bc,2019-05,Lancashire Constabulary,Lancashire Constabulary,-3.041701,53.869303,On or near Maida Vale,E01012719,Blackpool 001E,Violence and sexual offences,Unable to prosecute suspect,
a878907ed204d07abd3749e46b3c668d81d8ea5481a866b9ee22db298f3e3f84,2019-05,Lancashire Constabulary,Lancashire Constabulary,-3.029568,53.865111,On or near Warren Drive,E01012662,Blackpool 002A,Burglary,Status update unavailable,
47d422ab6a1c89837818c71996876c72bb9c6ab679e527e36bfc9801dd6b5c5f,2019-05,Lancashire Constabulary,Lancashire Constabulary,-3.025609,53.864884,On or near Canberra Close,E01012662,Blackpool 002A,Criminal damage and arson,Status update unavailable,
0b719c964fd61a5cdf85f594a3cac3e5adc06ce0194d5503b38f815cc052faaa,2019-05,Lancashire Constabulary,Lancashire Constabulary,-3.024087,53.864223,On or near Perth Close,E01012662,Blackpool 002A,Criminal damage and arson,Status update unavailable,
d144b48915636783d8f0876011866eda9c8a5be4266856483fd4a213f8c6591b,2019-05,Lancashire Constabulary,Lancashire Constabulary,-3.024406,53.864823,On or near Melbourne Avenue,E01012662,Blackpool 002A,Other theft,Unable to prosecute suspect,
7fd2e399c7e3ab2ed99749a73cdb76b8d1d875542ca8ec074a667c2e0262645c,2019-05,Lancashire Constabulary,Lancashire Constabulary,-3.027912,53.865808,On or near Broadhurst Road,E01012662,Blackpool 002A,Violence and sexual offences,Unable to prosecute suspect,
94921b5776d3e65442f839f10435aa1c7761687808d6b2ab7298ab6ee6756ff8,2019-05,Lancashire Constabulary,Lancashire Constabulary,-3.033375,53.865950,On or near Warren Grove,E01012662,Blackpool 002A,Violence and sexual offences,Status update unavailable,
aa602b27f51b1f8d42aa615cbb4cd0b1b0512051ab76e3a368901bbdd481a3a7,2019-05,Lancashire Constabulary,Lancashire Constabulary,-3.023870,53.867793,On or near Epsom Road,E01012662,Blackpool 002A,Violence and sexual offences,Unable to prosecute suspect,
0bf965d764401fa77a3b93a2a0ad177bf3c834a38297462d117a0df2aacee1ec,2019-05,Lancashire Constabulary,Lancashire Constabulary,-3.033375,53.865950,On or near Warren Grove,E01012662,Blackpool 002A,Violence and sexual offences,Status update unavailable,
a3624d3906369429ca9daa745c817b56be36710b841b865defa0dc7d215f0f7d,2019-05,Lancashire Constabulary,Lancashire Constabulary,-3.023793,53.865241,On or near Brisbane Place,E01012662,Blackpool 002A,Violence and sexual offences,Unable to prosecute suspect,
,2019-05,Lancashire Constabulary,Lancashire Constabulary,-3.033190,53.857188,On or near Glenfield Avenue,E01012703,Blackpool 002B,Anti-social behaviour,,
,2019-05,Lancashire Constabulary,Lancashire Constabulary,-3.032442,53.855864,On or near Ashfield Road,E01012703,Blackpool 002B,Anti-social behaviour,,
,2019-05,Lancashire Constabulary,Lancashire Constabulary,-3.039808,53.851873,On or near Supermarket,E01012703,Blackpool 002B,Anti-social behaviour,,
,2019-05,Lancashire Constabulary,Lancashire Constabulary,-3.033173,53.857746,On or near All Saints Road,E01012703,Blackpool 002B,Anti-social behaviour,,
,2019-05,Lancashire Constabulary,Lancashire Constabulary,-3.040116,53.852023,On or near Red Bank Road,E01012703,Blackpool 002B,Anti-social behaviour,,
,2019-05,Lancashire Constabulary,Lancashire Constabulary,-3.032442,53.855864,On or near Ashfield Road,E01012703,Blackpool 002B,Anti-social behaviour,,
caeca9bd711aec0d5ad17259ce736f733c3fb51998a414c9ce6b0acc3ec54b58,2019-05,Lancashire Constabulary,Lancashire Constabulary,-3.040116,53.852023,On or near Red Bank Road,E01012703,Blackpool 002B,Criminal damage and arson,Status update unavailable,
c3e3e01859891a6c0a9343af5f4bbb2a9f01b240d1a4083373c7084cd9ce59ae,2019-05,Lancashire Constabulary,Lancashire Constabulary,-3.040116,53.852023,On or near Red Bank Road,E01012703,Blackpool 002B,Other theft,Investigation complete; no suspect identified,
555c55d3e669f7374635a7b3dc842ad78e67d4c6b82f0a1f9bb38f715442c124,2019-05,Lancashire Constabulary,Lancashire Constabulary,-3.040578,53.852253,On or near Petrol Station,E01012703,Blackpool 002B,Other theft,Status update unavailable,
a868c3cf34b4667d3b658d67f5cbf11e091ec1ce1d8f97ea472b57c1d046591d,2019-05,Lancashire Constabulary,Lancashire Constabulary,-3.040578,53.852253,On or near Petrol Station,E01012703,Blackpool 002B,Other theft,Status update unavailable,
49bae91d9dbc02ac4e733565be7ca0d3f889f98f595b6d9ce9e6d7ebff28a96f,2019-05,Lancashire Constabulary,Lancashire Constabulary,-3.038698,53.854939,On or near All Hallows Road,E01012703,Blackpool 002B,Public order,Local resolution,
6406bc62f287cdab58b7c2e85edb225682965a955815c7610f5012431a0bc502,2019-05,Lancashire Constabulary,Lancashire Constabulary,-3.034383,53.856261,On or near Fairfax Avenue,E01012703,Blackpool 002B,Public order,Unable to prosecute suspect,
214ee4e8f3a250f0784dadccac56b1633ec4e71f00737bd575413d967bf748fb,2019-05,Lancashire Constabulary,Lancashire Constabulary,-3.040578,53.852253,On or near Petrol Station,E01012703,Blackpool 002B,Shoplifting,Formal action is not in the public interest,
5c90c544608d9f39b9eaa01a2a34c67cdef06157091f8e79ed2435a9d48c0ffd,2019-05,Lancashire Constabulary,Lancashire Constabulary,-3.039808,53.851873,On or near Supermarket,E01012703,Blackpool 002B,Shoplifting,Status update unavailable,
0e1c6e655e53d3e96527237d17fc51f501775c02ae9b52c4bba70e1a4d3f6637,2019-05,Lancashire Constabulary,Lancashire Constabulary,-3.039808,53.851873,On or near Supermarket,E01012703,Blackpool 002B,Shoplifting,Unable to prosecute suspect,
aa8914d6995863ca6d422e6a9619099de4b762f6d58bda7510277062ad4ccea3,2019-05,Lancashire Constabulary,Lancashire Constabulary,-3.038698,53.854939,On or near All Hallows Road,E01012703,Blackpool 002B,Violence and sexual offences,Unable to prosecute suspect,
a9a814ca8916aa4692ef09180f6074d6262dd0afb81e27251fd89524f62921e4,2019-05,Lancashire Constabulary,Lancashire Constabulary,-3.030321,53.854903,On or near Epping Close,E01012703,Blackpool 002B,Violence and sexual offences,Further investigation is not in the public interest,
49a4d51aa4328971a3e93c85f5739a8a20343f08065876ce2497a28d3d2f628d,2019-05,Lancashire Constabulary,Lancashire Constabulary,-3.040578,53.852253,On or near Petrol Station,E01012703,Blackpool 002B,Violence and sexual offences,Court case unable to proceed,
4cd18b1fb79645785874085d973c900870e90206b7025377cc2ab058b8e57c50,2019-05,Lancashire Constabulary,Lancashire Constabulary,-3.035083,53.855662,On or near Cranbrook Avenue,E01012703,Blackpool 002B,Violence and sexual offences,Status update unavailable,
05fdf706eda5975cac8a584aaea049e64d13dfdfa85ef6ad744930e0cd693312,2019-05,Lancashire Constabulary,Lancashire Constabulary,-3.035083,53.855662,On or near Cranbrook Avenue,E01012703,Blackpool 002B,Violence and sexual offences,Status update unavailable,
ba403d9a4b8dabab640d7c4277c509b4bb0964d60c8c29af70f60f9814fbb2a3,2019-05,Lancashire Constabulary,Lancashire Constabulary,-3.038698,53.854939,On or near All Hallows Road,E01012703,Blackpool 002B,Violence and sexual offences,Status update unavailable,
aa9c2f3aa2937e2b55fc13ebe5c99cb5e7f4a68ad6651255ab67f4cac3c09766,2019-05,Lancashire Constabulary,Lancashire Constabulary,-3.038698,53.854939,On or near All Hallows Road,E01012703,Blackpool 002B,Violence and sexual offences,Status update unavailable,
,2019-05,Lancashire Constabulary,Lancashire Constabulary,-3.024470,53.858728,On or near Kincraig Place,E01012704,Blackpool 002C,Anti-social behaviour,,
,2019-05,Lancashire Constabulary,Lancashire Constabulary,-3.028923,53.856173,On or near Portree Road,E01012704,Blackpool 002C,Anti-social behaviour,,
,2019-05,Lancashire Constabulary,Lancashire Constabulary,-3.029207,53.854733,On or near Highcroft Avenue,E01012704,Blackpool 002C,Anti-social behaviour,,
,2019-05,Lancashire Constabulary,Lancashire Constabulary,-3.024470,53.858728,On or near Kincraig Place,E01012704,Blackpool 002C,Anti-social behaviour,,
,2019-05,Lancashire Constabulary,Lancashire Constabulary,-3.024001,53.853213,On or near Kilmory Place,E01012704,Blackpool 002C,Anti-social behaviour,,
,2019-05,Lancashire Constabulary,Lancashire Constabulary,-3.028923,53.856173,On or near Portree Road,E01012704,Blackpool 002C,Anti-social behaviour,,
,2019-05,Lancashire Constabulary,Lancashire Constabulary,-3.028923,53.856173,On or near Portree Road,E01012704,Blackpool 002C,Anti-social behaviour,,
,2019-05,Lancashire Constabulary,Lancashire Constabulary,-3.024470,53.858728,On or near Kincraig Place,E01012704,Blackpool 002C,Anti-social behaviour,,
,2019-05,Lancashire Constabulary,Lancashire Constabulary,-3.023975,53.855299,On or near Kairnryan Close,E01012704,Blackpool 002C,Anti-social behaviour,,
,2019-05,Lancashire Constabulary,Lancashire Constabulary,-3.024470,53.858728,On or near Kincraig Place,E01012704,Blackpool 002C,Anti-social behaviour,,
,2019-05,Lancashire Constabulary,Lancashire Constabulary,-3.025948,53.857610,On or near Stronsay Place,E01012704,Blackpool 002C,Anti-social behaviour,,
,2019-05,Lancashire Constabulary,Lancashire Constabulary,-3.024470,53.858728,On or near Kincraig Place,E01012704,Blackpool 002C,Anti-social behaviour,,
47cb0075bf8d445958e96f950f76a95478020d171279b56f444e6ce31b25a0a0,2019-05,Lancashire Constabulary,Lancashire Constabulary,-3.028238,53.856781,On or near Oban Place,E01012704,Blackpool 002C,Burglary,Status update unavailable,
7d9f1277c914c7f236a9d0c3f12df55dd656248b4fbc8e1a0a083da7bd034130,2019-05,Lancashire Constabulary,Lancashire Constabulary,-3.029207,53.854733,On or near Highcroft Avenue,E01012704,Blackpool 002C,Criminal damage and arson,Local resolution,
7a5a50e1fe47b3083b1368f092582b32598617b900463aec336f37b4449adf14,2019-05,Lancashire Constabulary,Lancashire Constabulary,-3.029207,53.854733,On or near Highcroft Avenue,E01012704,Blackpool 002C,Criminal damage and arson,Further investigation is not in the public interest,
d70fd5d7fe602eaf2a4c48f96cc950b8cb68cf8c3ca56065a0d75b0f860caa97,2019-05,Lancashire Constabulary,Lancashire Constabulary,-3.024470,53.858728,On or near Kincraig Place,E01012704,Blackpool 002C,Criminal damage and arson,Status update unavailable,
1f9a30cefa22cb6829141b4d802f3b413f630456ec257266ccd158df8e409e39,2019-05,Lancashire Constabulary,Lancashire Constabulary,-3.024470,53.858728,On or near Kincraig Place,E01012704,Blackpool 002C,Criminal damage and arson,Status update unavailable,
a93af147cb576dacf812abafba4e14d83791a92167bbdd8de0e327db5b84e355,2019-05,Lancashire Constabulary,Lancashire Constabulary,-3.028238,53.856781,On or near Oban Place,E01012704,Blackpool 002C,Criminal damage and arson,Unable to prosecute suspect,
a60a88516877d9745f6cf0a8fa674deca077866c227d1df74088edac5036e31b,2019-05,Lancashire Constabulary,Lancashire Constabulary,-3.028923,53.856173,On or near Portree Road,E01012704,Blackpool 002C,Criminal damage and arson,Status update unavailable,
2d014b5abc36a4d633d56e0b71ddcc921a9223d3daf140e85308c3fbcc940590,2019-05,Lancashire Constabulary,Lancashire Constabulary,-3.025171,53.856942,On or near Beattock Place,E01012704,Blackpool 002C,Other theft,Status update unavailable,
f9a71d76d34bdd9b5aeef2c47e044298fdd2005c2282d9367a5a6e2f591eb634,2019-05,Lancashire Constabulary,Lancashire Constabulary,-3.022014,53.854039,On or near Hawking Place,E01012704,Blackpool 002C,Other theft,Status update unavailable,
d8dae616728469f5377ef4a297ae458fa368da8eb1c21a59fe0f97650e1f7e19,2019-05,Lancashire Constabulary,Lancashire Constabulary,-3.024001,53.853213,On or near Kilmory Place,E01012704,Blackpool 002C,Violence and sexual offences,Unable to prosecute suspect,
c63e9c9f39ea58cfbabc9b39f73d83c4f55f35c674c09b2e7f0cb37c2797a6c9,2019-05,Lancashire Constabulary,Lancashire Constabulary,-3.029207,53.854733,On or near Highcroft Avenue,E01012704,Blackpool 002C,Violence and sexual offences,Status update unavailable,
0b1b44dd880e1180955c7fd6d46740ab79e84891db856c9fb6d7746671479899,2019-05,Lancashire Constabulary,Lancashire Constabulary,-3.028923,53.856173,On or near Portree Road,E01012704,Blackpool 002C,Violence and sexual offences,Unable to prosecute suspect,
0b388ad81b74e8d26f935a23ce9ca2944c749609bd4d2df901bde1d5c2b13521,2019-05,Lancashire Constabulary,Lancashire Constabulary,-3.020944,53.857563,On or near Keats Close,E01012704,Blackpool 002C,Violence and sexual offences,Further investigation is not in the public interest,
bd929c11c5dc809c507e22bfd3f3eed02a95a5577a6232af0fc60b2d9895f742,2019-05,Lancashire Constabulary,Lancashire Constabulary,-3.029207,53.854733,On or near Highcroft Avenue,E01012704,Blackpool 002C,Violence and sexual offences,Further investigation is not in the public interest,
6fdb607fb1b3c3b15b3fa7e3c581da6615a43e9ed252878a4ceb91af0970a401,2019-05,Lancashire Constabulary,Lancashire Constabulary,-3.029207,53.854733,On or near Highcroft Avenue,E01012704,Blackpool 002C,Violence and sexual offences,Unable to prosecute suspect,
fdb66626109a52b39e1d8c801348641b4415df1062e4541e99a7a5eb51919a0d,2019-05,Lancashire Constabulary,Lancashire Constabulary,-3.023810,53.857844,On or near Lowland Way,E01012704,Blackpool 002C,Violence and sexual offences,Unable to prosecute suspect,
4dcaa9e1e76a568b0fa4fe85c4a0c9c02b4c070fb6a4713ead8af1763dc9e03a,2019-05,Lancashire Constabulary,Lancashire Constabulary,-3.028089,53.856279,On or near Airdrie Place,E01012704,Blackpool 002C,Violence and sexual offences,Unable to prosecute suspect,
ffbcd55fc2fe921cfec61d09b9d24e62e36be6c50811622552bf068e5df8da63,2019-05,Lancashire Constabulary,Lancashire Constabulary,-3.029207,53.854733,On or near Highcroft Avenue,E01012704,Blackpool 002C,Violence and sexual offences,Further investigation is not in the public interest,
98e3c76794aeadc56f18ecbb9f3f766c211c08df77cc98e1fd68353bec9d1df0,2019-05,Lancashire Constabulary,Lancashire Constabulary,-3.029207,53.854733,On or near Highcroft Avenue,E01012704,Blackpool 002C,Violence and sexual offences,Unable to prosecute suspect,
56a6243d813329525f467ca6e174dd5a1899cd916e3398afb5bdc09a9122e08d,2019-05,Lancashire Constabulary,Lancashire Constabulary,-3.025713,53.852354,On or near Strathyre Close,E01012704,Blackpool 002C,Violence and sexual offences,Unable to prosecute suspect,
1725169e300f72c2e6946e5fb98aefc89481ce4c875836777076801b19b767df,2019-05,Lancashire Constabulary,Lancashire Constabulary,-3.029207,53.854733,On or near Highcroft Avenue,E01012704,Blackpool 002C,Violence and sexual offences,Further investigation is not in the public interest,
07d5208e4011b1451e6c135d3eaf9bf6c5d0f54ad2beff45e373be448ab70489,2019-05,Lancashire Constabulary,Lancashire Constabulary,-3.029207,53.854733,On or near Highcroft Avenue,E01012704,Blackpool 002C,Violence and sexual offences,Action to be taken by another organisation,
2e8cc1f45197297410c6c5e48ab5ec9b8589117e05ec45bc198e01b147f3dbcf,2019-05,Lancashire Constabulary,Lancashire Constabulary,-3.029207,53.854733,On or near Highcroft Avenue,E01012704,Blackpool 002C,Violence and sexual offences,Further investigation is not in the public interest,
ef3c71e9c4558cf7655f041d7906a2216a29104d5f0aee0287939bc1df67260c,2019-05,Lancashire Constabulary,Lancashire Constabulary,-3.028089,53.856279,On or near Airdrie Place,E01012704,Blackpool 002C,Violence and sexual offences,Unable to prosecute suspect,
7e5ac20f309a5fff360962971f13b9936217fb5af2e2277a7940901e157cebd6,2019-05,Lancashire Constabulary,Lancashire Constabulary,-3.029207,53.854733,On or near Highcroft Avenue,E01012704,Blackpool 002C,Violence and sexual offences,Status update unavailable,
70e4f275e956cc35d4d97496a6b27fcc7645e14446f74239359d4d607a342c11,2019-05,Lancashire Constabulary,Lancashire Constabulary,-3.029207,53.854733,On or near Highcroft Avenue,E01012704,Blackpool 002C,Violence and sexual offences,Awaiting court outcome,
329209ba59a57698113124cc9e4e18b31ab0dd14cec9bb57eb85333b03808cd6,2019-05,Lancashire Constabulary,Lancashire Constabulary,-3.025171,53.856942,On or near Beattock Place,E01012704,Blackpool 002C,Violence and sexual offences,Unable to prosecute suspect,
d6d60fb3acfef5f52d87a062c3e8d354e56edcf27d45b1762ed2f15103b387f0,2019-05,Lancashire Constabulary,Lancashire Constabulary,-3.023810,53.857844,On or near Lowland Way,E01012704,Blackpool 002C,Violence and sexual offences,Unable to prosecute suspect,
7f9919afd065c732fba975aaab280159b22ec561dc198378d5b286f5df50cae8,2019-05,Lancashire Constabulary,Lancashire Constabulary,-3.025171,53.856942,On or near Beattock Place,E01012704,Blackpool 002C,Violence and sexual offences,Unable to prosecute suspect,
871668d11e8287076d721336c8a48e42e094bea7aba91301919a934afcc1f886,2019-05,Lancashire Constabulary,Lancashire Constabulary,-3.025079,53.860026,On or near Primrose Bank,E01012704,Blackpool 002C,Violence and sexual offences,Action to be taken by another organisation,
914e1176db61a6c6742a79addbf104309a46682bfd30af8f6ddc08f03c1a7b29,2019-05,Lancashire Constabulary,Lancashire Constabulary,-3.023810,53.857844,On or near Lowland Way,E01012704,Blackpool 002C,Violence and sexual offences,Status update unavailable,
,2019-05,Lancashire Constabulary,Lancashire Constabulary,-3.026912,53.853530,On or near Glendale Close,E01012706,Blackpool 002D,Anti-social behaviour,,
5f0b104b6a8bca5ba2f5f94e69dc764bb64622ba9fcec151adc4d670047bbb51,2019-05,Lancashire Constabulary,Lancashire Constabulary,-3.033311,53.850374,On or near Wakefield Road,E01012706,Blackpool 002D,Bicycle theft,Awaiting court outcome,
0d101e64e54fccf2d24f139a85147860ea9c36853e371573e5dc83f60dc51fc8,2019-05,Lancashire Constabulary,Lancashire Constabulary,-3.033311,53.850374,On or near Wakefield Road,E01012706,Blackpool 002D,Burglary,Awaiting court outcome,
23d843f0af9b4f901763881899bc14098b69cdb82d7862a81f1187537f26032f,2019-05,Lancashire Constabulary,Lancashire Constabulary,-3.032090,53.852650,On or near Waterdale,E01012706,Blackpool 002D,Criminal damage and arson,Status update unavailable,
f77df6663ab0c316f136cf92eca903e85750f30e1befe0af9eac10cae186efe9,2019-05,Lancashire Constabulary,Lancashire Constabulary,-3.030527,53.850910,On or near Oakmoor Avenue,E01012706,Blackpool 002D,Criminal damage and arson,Investigation complete; no suspect identified,
61881d7645f0bcea1de81324e97ec4f71ce46701076f7aabb8331dcb749c2cb2,2019-05,Lancashire Constabulary,Lancashire Constabulary,-3.033311,53.850374,On or near Wakefield Road,E01012706,Blackpool 002D,Drugs,Status update unavailable,
1ef40b7b455d4666c1d27f34771f909bf17f1806db3777b69fe01f99a109e6f0,2019-05,Lancashire Constabulary,Lancashire Constabulary,-3.029918,53.852120,On or near Briarwood Drive,E01012706,Blackpool 002D,Public order,Status update unavailable,
6521ec10b7ad2f962f405e487ad201db97456c6a7bf3da6f9449e751c32104ec,2019-05,Lancashire Constabulary,Lancashire Constabulary,-3.029918,53.852120,On or near Briarwood Drive,E01012706,Blackpool 002D,Violence and sexual offences,Unable to prosecute suspect,
251b6d678636f459530d79f58ba5cfdee9af3e40064671b65c7bdf6d3463268c,2019-05,Lancashire Constabulary,Lancashire Constabulary,-3.030965,53.851410,On or near Cromer Road,E01012706,Blackpool 002D,Violence and sexual offences,Unable to prosecute suspect,
4e02dd1a699ef805246b2bdf5ae595861bf02966d14d56c857ca33362c30e3ad,2019-05,Lancashire Constabulary,Lancashire Constabulary,-3.032157,53.853530,On or near Stainforth Avenue,E01012706,Blackpool 002D,Violence and sexual offences,Unable to prosecute suspect,
c02fba8a1eb08f99f01c0494871df8363a113729344193623a7af1f4bd74ed2b,2019-05,Lancashire Constabulary,Lancashire Constabulary,-3.030965,53.851410,On or near Cromer Road,E01012706,Blackpool 002D,Violence and sexual offences,Status update unavailable,
31b2963b7782f3f2477d34b269de6d9a8880dba6ff0c3844eec1d698050a4298,2019-05,Lancashire Constabulary,Lancashire Constabulary,-3.030965,53.851410,On or near Cromer Road,E01012706,Blackpool 002D,Violence and sexual offences,Unable to prosecute suspect,
c5ea3a61a5c08edc3db8de4b20050f232ce7d5f38e47627e9894504232913acd,2019-05,Lancashire Constabulary,Lancashire Constabulary,-3.032157,53.853530,On or near Stainforth Avenue,E01012706,Blackpool 002D,Violence and sexual offences,Unable to prosecute suspect,
ca4b1b8fd85c0f65f323ea1917a88e0e31094b8d41cea1adcc53bb895930d5bf,2019-05,Lancashire Constabulary,Lancashire Constabulary,-3.032157,53.853530,On or near Stainforth Avenue,E01012706,Blackpool 002D,Violence and sexual offences,Status update unavailable,
c2de29bf7785da8f69372f685f0979b4271b0c33a57315ad7022ad75f332fda4,2019-05,Lancashire Constabulary,Lancashire Constabulary,-3.033311,53.850374,On or near Wakefield Road,E01012706,Blackpool 002D,Other crime,Awaiting court outcome,
bb73202a85304a06d47eceb018b2a4463d4b7e7adc0071488e627a9473152d06,2019-05,Lancashire Constabulary,Lancashire Constabulary,-3.039169,53.859186,On or near Digham Avenue,E01012717,Blackpool 002E,Burglary,Status update unavailable,
5dffece4af7368099deb2b848a63979e546092ca876cc5b612fdeb8104223013,2019-05,Lancashire Constabulary,Lancashire Constabulary,-3.028113,53.861582,On or near Loxley Place East,E01012717,Blackpool 002E,Vehicle crime,Status update unavailable,
254765e76517d1a1291f191dcde8bc0d6bc2878faed24758c347acdf38863206,2019-05,Lancashire Constabulary,Lancashire Constabulary,-3.030515,53.865301,On or near Warren Drive,E01012717,Blackpool 002E,Vehicle crime,Status update unavailable,
fda39cef66fb5dce0d7ddb940c2607bf7126bd796e6b06881a865bc6b9dd3a34,2019-05,Lancashire Constabulary,Lancashire Constabulary,-3.030249,53.861267,On or near Loxley Place,E01012717,Blackpool 002E,Vehicle crime,Status update unavailable,
,2019-05,Lancashire Constabulary,Lancashire Constabulary,-3.048839,53.856783,On or near Parking Area,E01012666,Blackpool 003A,Anti-social behaviour,,
,2019-05,Lancashire Constabulary,Lancashire Constabulary,-3.047631,53.856497,On or near Norcliffe Road,E01012666,Blackpool 003A,Anti-social behaviour,,
,2019-05,Lancashire Constabulary,Lancashire Constabulary,-3.050477,53.852355,On or near Madison Avenue,E01012666,Blackpool 003A,Anti-social behaviour,,
,2019-05,Lancashire Constabulary,Lancashire Constabulary,-3.048790,53.855417,On or near Haddon Road,E01012666,Blackpool 003A,Anti-social behaviour,,
2c432c47654cdda61041bcf50c4d6859a51a7b590050f4a51f20c2b2663e0ec7,2019-05,Lancashire Constabulary,Lancashire Constabulary,-3.051931,53.850913,On or near Pennystone Road,E01012666,Blackpool 003A,Violence and sexual offences,Unable to prosecute suspect,
dccd7335034d31b48bf6184f2f22b3103e8440b0290a3ae8e8327acb4ac1d477,2019-05,Lancashire Constabulary,Lancashire Constabulary,-3.050621,53.855689,On or near Haddon Road,E01012666,Blackpool 003A,Violence and sexual offences,Action to be taken by another organisation,
9721fc8cfa2765fcbb7f2425ee73994e292302138da3667026689c998b9da12f,2019-05,Lancashire Constabulary,Lancashire Constabulary,-3.048839,53.856783,On or near Parking Area,E01012666,Blackpool 003A,Violence and sexual offences,Unable to prosecute suspect,
,2019-05,Lancashire Constabulary,Lancashire Constabulary,-3.049212,53.854658,On or near Leyburn Avenue,E01012667,Blackpool 003B,Anti-social behaviour,,
,2019-05,Lancashire Constabulary,Lancashire Constabulary,-3.049212,53.854658,On or near Leyburn Avenue,E01012667,Blackpool 003B,Anti-social behaviour,,
c862f8c6e7614155732cf4a6fcdcf89531b83c267b901a625eb63f06c44627ca,2019-05,Lancashire Constabulary,Lancashire Constabulary,-3.047127,53.853364,On or near Montpelier Avenue,E01012667,Blackpool 003B,Other theft,Unable to prosecute suspect,
b4b538834f2c752fef16802a01cc56ccec769c1d029f73eed1624ec8393e53f4,2019-05,Lancashire Constabulary,Lancashire Constabulary,-3.043559,53.855364,On or near Gregory Avenue,E01012667,Blackpool 003B,Possession of weapons,Offender given a caution,
7c6da51bcf2ab50c28759c10c8b5e027c875b4cca3ab37fa74d35ffcd7895f8d,2019-05,Lancashire Constabulary,Lancashire Constabulary,-3.042146,53.853569,On or near Rivington Avenue,E01012667,Blackpool 003B,Vehicle crime,Status update unavailable,
1f786677cfebeb3f4ffb331ca3155de268188bae20c313739a3f0c6a16c41dd5,2019-05,Lancashire Constabulary,Lancashire Constabulary,-3.044852,53.852953,On or near Davenport Avenue,E01012667,Blackpool 003B,Violence and sexual offences,Offender given a caution,
43d08a26c1b05c41eb603c835f826096cce3bad1d796ce33add22837f2d9d833,2019-05,Lancashire Constabulary,Lancashire Constabulary,-3.047127,53.853364,On or near Montpelier Avenue,E01012667,Blackpool 003B,Violence and sexual offences,Awaiting court outcome,
45f657ad08770b67cf5daf02e6ba4707c08c8ee73c502dea29bb6b59d56339d1,2019-05,Lancashire Constabulary,Lancashire Constabulary,-3.047182,53.850667,On or near Red Bank Road,E01012668,Blackpool 003C,Burglary,Status update unavailable,
542e303870a1e6f6ef26c16eafed2a8035b5c052d255a60b6069dff3ebe31d62,2019-05,Lancashire Constabulary,Lancashire Constabulary,-3.047583,53.850304,On or near Supermarket,E01012668,Blackpool 003C,Other theft,Unable to prosecute suspect,
053b07c49daceda862379979342602e8ce3f010136e871c221edeb4643c0452d,2019-05,Lancashire Constabulary,Lancashire Constabulary,-3.041952,53.848825,On or near Millom Avenue,E01012668,Blackpool 003C,Other theft,Status update unavailable,
d540bf88324cb76057938b91d08dd07d3e4c49f36b0208b28a46060917269431,2019-05,Lancashire Constabulary,Lancashire Constabulary,-3.047583,53.850304,On or near Supermarket,E01012668,Blackpool 003C,Other theft,Status update unavailable,
2c8861f8baf14d2fcc6a7b6f44b57f15de2fb8295b9dbc1f129d5b39bc6b28f0,2019-05,Lancashire Constabulary,Lancashire Constabulary,-3.047583,53.850304,On or near Supermarket,E01012668,Blackpool 003C,Shoplifting,Status update unavailable,
3c1bd8433581499667862e0d30266f5e8bad976a549288676da37faf66eb05e7,2019-05,Lancashire Constabulary,Lancashire Constabulary,-3.047583,53.850304,On or near Supermarket,E01012668,Blackpool 003C,Shoplifting,Awaiting court outcome,
4c2ee22af786f69bb01a52c4276ddb6e9f6ff13e2ce4394eaaa7bc2831a20b67,2019-05,Lancashire Constabulary,Lancashire Constabulary,-3.047583,53.850304,On or near Supermarket,E01012668,Blackpool 003C,Shoplifting,Status update unavailable,
afee47de4f53b1acfcf9a072e694c8acb9376a475b38767c304875f4df6f4e6e,2019-05,Lancashire Constabulary,Lancashire Constabulary,-3.047583,53.850304,On or near Supermarket,E01012668,Blackpool 003C,Shoplifting,Unable to prosecute suspect,
0291a683deaaa1518019cee91de0ba89afc8191463a84aaf0eda327a2a138783,2019-05,Lancashire Constabulary,Lancashire Constabulary,-3.043302,53.848112,On or near Bromsgrove Avenue,E01012668,Blackpool 003C,Shoplifting,Status update unavailable,
a0c67d133817000c8637406e1eb1b931670661c5afa8cb9a3ffb6baa63badd57,2019-05,Lancashire Constabulary,Lancashire Constabulary,-3.047583,53.850304,On or near Supermarket,E01012668,Blackpool 003C,Shoplifting,Status update unavailable,
13837787cc403fd51cb83167782e2c5ab28a8d1353be9ac16955fd16be099064,2019-05,Lancashire Constabulary,Lancashire Constabulary,-3.047583,53.850304,On or near Supermarket,E01012668,Blackpool 003C,Shoplifting,Status update unavailable,
27bb3850d038f84b1198bbb4824fdf5010494f55953068ff90c4c57d73738e4a,2019-05,Lancashire Constabulary,Lancashire Constabulary,-3.047583,53.850304,On or near Supermarket,E01012668,Blackpool 003C,Shoplifting,Status update unavailable,
238faf127d4eecbc5f10527c0a0162e5bd91d2c8911bdf863277fb7225a99a95,2019-05,Lancashire Constabulary,Lancashire Constabulary,-3.047583,53.850304,On or near Supermarket,E01012668,Blackpool 003C,Shoplifting,Status update unavailable,
d2138dfd5577daa31bdbd7c25859aaa13cba921fde1d11c70f56ee7bc0142811,2019-05,Lancashire Constabulary,Lancashire Constabulary,-3.047583,53.850304,On or near Supermarket,E01012668,Blackpool 003C,Shoplifting,Status update unavailable,
fffde70119a41a9b96507107ea1efb9e4b3dc30d1aa2967c606db4721be34751,2019-05,Lancashire Constabulary,Lancashire Constabulary,-3.047583,53.850304,On or near Supermarket,E01012668,Blackpool 003C,Shoplifting,Status update unavailable,
7a2b81f5ea997f636004d4faba43f9581186619269ef0b8328b47677b7c86a07,2019-05,Lancashire Constabulary,Lancashire Constabulary,-3.047583,53.850304,On or near Supermarket,E01012668,Blackpool 003C,Shoplifting,Status update unavailable,
929848d6efba8a14df87bc2a6413affa40799025fdcc021c0039ca56e641b37c,2019-05,Lancashire Constabulary,Lancashire Constabulary,-3.047583,53.850304,On or near Supermarket,E01012668,Blackpool 003C,Shoplifting,Unable to prosecute suspect,
f3f00be41249c82da14c52beaeefebe6108e1c0236dfc5464e009b2c77193464,2019-05,Lancashire Constabulary,Lancashire Constabulary,-3.047583,53.850304,On or near Supermarket,E01012668,Blackpool 003C,Shoplifting,Status update unavailable,
a96cde8707c0a0803b73b4541fd9ca5a17533f11346557343f5fc1f258925660,2019-05,Lancashire Constabulary,Lancashire Constabulary,-3.048914,53.849421,On or near Parking Area,E01012668,Blackpool 003C,Violence and sexual offences,Unable to prosecute suspect,
b98beb22bd56d41f9c820c5e1fe4ae732368e01fcb62b1eb4f4a4a3754314d98,2019-05,Lancashire Constabulary,Lancashire Constabulary,-3.047583,53.850304,On or near Supermarket,E01012668,Blackpool 003C,Violence and sexual offences,Awaiting court outcome,
eda60080faa9be240a48f7ac53c4a0f0a80c02a5df79403e4828d118cd0d06d8,2019-05,Lancashire Constabulary,Lancashire Constabulary,-3.049141,53.846956,On or near Cranleigh Avenue,E01012668,Blackpool 003C,Violence and sexual offences,Offender given a caution,
b3e013113a1db47dfda99de4f685cb7bfb1529cc284d64a96f74e69dd5a4fe2b,2019-05,Lancashire Constabulary,Lancashire Constabulary,-3.043355,53.850233,On or near Landseer Avenue,E01012668,Blackpool 003C,Violence and sexual offences,Status update unavailable,
6aa7817a4eb3711eca0d9f078c929bfd07827be3d8434330b374202c5b6f96fc,2019-05,Lancashire Constabulary,Lancashire Constabulary,-3.049141,53.846956,On or near Cranleigh Avenue,E01012668,Blackpool 003C,Violence and sexual offences,Offender given a caution,
90c298c232c99e274d32b77f99d4742e0bd288c0687df9ce36ba7ba43102d7e3,2019-05,Lancashire Constabulary,Lancashire Constabulary,-3.047583,53.850304,On or near Supermarket,E01012668,Blackpool 003C,Violence and sexual offences,Status update unavailable,
58258171de9ca479e15facbdbd69029dfd35ad18890c310b9661fab08291a748,2019-05,Lancashire Constabulary,Lancashire Constabulary,-3.043355,53.850233,On or near Landseer Avenue,E01012668,Blackpool 003C,Violence and sexual offences,Unable to prosecute suspect,
,2019-05,Lancashire Constabulary,Lancashire Constabulary,-3.049924,53.844235,On or near Warbreck Drive,E01012669,Blackpool 003D,Anti-social behaviour,,
,2019-05,Lancashire Constabulary,Lancashire Constabulary,-3.051606,53.845227,On or near Admiral Point,E01012669,Blackpool 003D,Anti-social behaviour,,
,2019-05,Lancashire Constabulary,Lancashire Constabulary,-3.052047,53.845861,On or near Admiral Heights,E01012669,Blackpool 003D,Anti-social behaviour,,
7ab1fcf9c054d35fd60c765b24881e1627634b6448a764cfec17fa6d0ee35dcf,2019-05,Lancashire Constabulary,Lancashire Constabulary,-3.051975,53.843587,On or near Pembroke Avenue,E01012669,Blackpool 003D,Burglary,Status update unavailable,
9426e33b391e1a026538c4fbda5389bba5d69ca9a6b1e3e728ddaef6a72f3ec5,2019-05,Lancashire Constabulary,Lancashire Constabulary,-3.051705,53.841909,On or near Lowther Avenue,E01012669,Blackpool 003D,Burglary,Status update unavailable,
caa5c4cd3ed70374f0210b8858027f4f01671667a05bf33efd90e65872b84e9e,2019-05,Lancashire Constabulary,Lancashire Constabulary,-3.051579,53.849020,On or near Hesketh Avenue,E01012669,Blackpool 003D,Public order,Awaiting court outcome,
dcec6fa68f92225dfb7191f0726fb7a21513bbecce308af8f3779f83075c1849,2019-05,Lancashire Constabulary,Lancashire Constabulary,-3.051579,53.849020,On or near Hesketh Avenue,E01012669,Blackpool 003D,Public order,Awaiting court outcome,
a34ef1c55e60d2c4927218dea1c507435c0a65e5c0c62a3dc56655b91f3909be,2019-05,Lancashire Constabulary,Lancashire Constabulary,-3.051975,53.843587,On or near Pembroke Avenue,E01012669,Blackpool 003D,Theft from the person,Status update unavailable,
f44fea878169813cb685fb7e8ab3ec0aedadef031412b49637b5f065ba5d3d57,2019-05,Lancashire Constabulary,Lancashire Constabulary,-3.052047,53.845861,On or near Admiral Heights,E01012669,Blackpool 003D,Vehicle crime,Status update unavailable,
4bbaf05a0b16d8b347d0abd1df0974f0ff043a38c95b0c8988642dd90a890883,2019-05,Lancashire Constabulary,Lancashire Constabulary,-3.051606,53.845227,On or near Admiral Point,E01012669,Blackpool 003D,Vehicle crime,Status update unavailable,
ce0fdba594c4f41c56b96bb89f19ff46fc9d8f9127f44e9b68810270084ad171,2019-05,Lancashire Constabulary,Lancashire Constabulary,-3.052047,53.845861,On or near Admiral Heights,E01012669,Blackpool 003D,Violence and sexual offences,Further investigation is not in the public interest,
d347571820deb71200b69d1f586506233bf615dac16edd77084004b823b0a0f7,2019-05,Lancashire Constabulary,Lancashire Constabulary,-3.053402,53.847170,On or near Queen'S Promenade,E01012669,Blackpool 003D,Violence and sexual offences,Status update unavailable,
0bef15537c39a55b72ff8dce38114ec41c0818b52cf7b4e418572714c63f6f47,2019-05,Lancashire Constabulary,Lancashire Constabulary,-3.051705,53.841909,On or near Lowther Avenue,E01012669,Blackpool 003D,Violence and sexual offences,Unable to prosecute suspect,
7bfb9d5fd298e4288534e320617a9c1927189321fb0c459b43f7464515e31769,2019-05,Lancashire Constabulary,Lancashire Constabulary,-3.051606,53.845227,On or near Admiral Point,E01012669,Blackpool 003D,Violence and sexual offences,Unable to prosecute suspect,
d96bc63cbffd878ceef835a3618295a3838f8af47fb8875c7a93736f477ba090,2019-05,Lancashire Constabulary,Lancashire Constabulary,-3.051579,53.849020,On or near Hesketh Avenue,E01012669,Blackpool 003D,Violence and sexual offences,Status update unavailable,
8c3bd08c6cbbf3fc4d49b29a0aba5657127898afe9c2303ca581f5df37c98f78,2019-05,Lancashire Constabulary,Lancashire Constabulary,-3.051579,53.849020,On or near Hesketh Avenue,E01012669,Blackpool 003D,Violence and sexual offences,Unable to prosecute suspect,
,2019-05,Lancashire Constabulary,Lancashire Constabulary,-3.040228,53.858970,On or near Devonshire Road,E01012718,Blackpool 003E,Anti-social behaviour,,
,2019-05,Lancashire Constabulary,Lancashire Constabulary,-3.044946,53.861608,On or near Kirkstone Drive,E01012718,Blackpool 003E,Anti-social behaviour,,
,2019-05,Lancashire Constabulary,Lancashire Constabulary,-3.045792,53.860782,On or near Westbury Close,E01012718,Blackpool 003E,Anti-social behaviour,,
,2019-05,Lancashire Constabulary,Lancashire Constabulary,-3.041468,53.859948,On or near Delphene Avenue,E01012718,Blackpool 003E,Anti-social behaviour,,
ac28938a6189c3024c1cae5f6158822314a15e990988728bff8bda9249411725,2019-05,Lancashire Constabulary,Lancashire Constabulary,-3.046723,53.859687,On or near Waterhead Crescent,E01012718,Blackpool 003E,Burglary,Status update unavailable,
4c37ba4c180c9f77f893e402e1d422bd4a9c845927952b350a80506b84020ff3,2019-05,Lancashire Constabulary,Lancashire Constabulary,-3.040228,53.858970,On or near Devonshire Road,E01012718,Blackpool 003E,Violence and sexual offences,Status update unavailable,
4bd623705fc89444dee7b40926b51365dcb409641a971f90bbcfcf7e55a613d7,2019-05,Lancashire Constabulary,Lancashire Constabulary,-3.040228,53.858970,On or near Devonshire Road,E01012718,Blackpool 003E,Violence and sexual offences,Local resolution,
,2019-05,Lancashire Constabulary,Lancashire Constabulary,-3.030957,53.835645,On or near Pearl Avenue,E01012690,Blackpool 004A,Anti-social behaviour,,
,2019-05,Lancashire Constabulary,Lancashire Constabulary,-3.027174,53.840656,On or near Brough Avenue,E01012690,Blackpool 004A,Anti-social behaviour,,
,2019-05,Lancashire Constabulary,Lancashire Constabulary,-3.031924,53.837883,On or near Morston Avenue,E01012690,Blackpool 004A,Anti-social behaviour,,
,2019-05,Lancashire Constabulary,Lancashire Constabulary,-3.027172,53.841187,On or near Salcombe Avenue,E01012690,Blackpool 004A,Anti-social behaviour,,
,2019-05,Lancashire Constabulary,Lancashire Constabulary,-3.029111,53.837206,On or near Hughes Grove,E01012690,Blackpool 004A,Anti-social behaviour,,
b910cab4e7a03b24bbbdc48a5d4e5d33fd97a251619d682e619db261479f12a0,2019-05,Lancashire Constabulary,Lancashire Constabulary,-3.029111,53.837206,On or near Hughes Grove,E01012690,Blackpool 004A,Criminal damage and arson,Status update unavailable,
fc7197230e46b36d0c5b0f99d6276fe58684638df5c45213939dbebf1d14ac33,2019-05,Lancashire Constabulary,Lancashire Constabulary,-3.026919,53.839526,On or near Ludlow Grove,E01012690,Blackpool 004A,Criminal damage and arson,Unable to prosecute suspect,
68ed3ba7bda870ce9b62c757699b75318b88fd6e243ba4cf1aec9ce5a968ab1f,2019-05,Lancashire Constabulary,Lancashire Constabulary,-3.029111,53.837206,On or near Hughes Grove,E01012690,Blackpool 004A,Criminal damage and arson,Status update unavailable,
8ff15aa03aa226818f0468e152ce01c232a3e787f293f27942c4584a46a9753f,2019-05,Lancashire Constabulary,Lancashire Constabulary,-3.029111,53.837206,On or near Hughes Grove,E01012690,Blackpool 004A,Criminal damage and arson,Status update unavailable,
885aee64452bee4e1eaf016b74c1b5360eb3e44cc62d918c13fd543934d63067,2019-05,Lancashire Constabulary,Lancashire Constabulary,-3.031924,53.837883,On or near Morston Avenue,E01012690,Blackpool 004A,Public order,Status update unavailable,
8570687e8bc2e4cdaeaadbe714a2455fafae82d21ab3b1b84a6d6e6c4a3f06e8,2019-05,Lancashire Constabulary,Lancashire Constabulary,-3.029111,53.837206,On or near Hughes Grove,E01012690,Blackpool 004A,Shoplifting,Status update unavailable,
7f12310ea5770249d9d08f8b0206d97fac206e1b7212427cae375382a7fc7468,2019-05,Lancashire Constabulary,Lancashire Constabulary,-3.029388,53.837959,On or near Broderick Avenue,E01012690,Blackpool 004A,Vehicle crime,Status update unavailable,
931c1cd49504f228dfe9a24972ff20e821a80338ca19a2ea75f0b0896806ffb5,2019-05,Lancashire Constabulary,Lancashire Constabulary,-3.033888,53.837399,On or near Holcombe Road,E01012690,Blackpool 004A,Vehicle crime,Status update unavailable,
cbb63151b01fc61c032a6d272fdff5cb2284363c6a0af47fdcb0d3cb91e632fb,2019-05,Lancashire Constabulary,Lancashire Constabulary,-3.027172,53.841187,On or near Salcombe Avenue,E01012690,Blackpool 004A,Vehicle crime,Status update unavailable,
692e3605176cc2dd3e15292acfaf11108c4e17eece713f3f7b266006ca69118c,2019-05,Lancashire Constabulary,Lancashire Constabulary,-3.031858,53.839538,On or near Sidney Avenue,E01012690,Blackpool 004A,Vehicle crime,Status update unavailable,
8a5814bc3d11903e5051c0cfd7af4645afaa56296e806b1d6dc25e3034e488a8,2019-05,Lancashire Constabulary,Lancashire Constabulary,-3.037101,53.838279,On or near Regency Gardens,E01012690,Blackpool 004A,Violence and sexual offences,Further investigation is not in the public interest,
60dde193ea98642a424dd4b825511f149d1fb301e2da23ad304aa1590377c91c,2019-05,Lancashire Constabulary,Lancashire Constabulary,-3.029020,53.839670,On or near Hetherington Place,E01012690,Blackpool 004A,Violence and sexual offences,Unable to prosecute suspect,
,2019-05,Lancashire Constabulary,Lancashire Constabulary,-3.037882,53.842829,On or near Kylemore Avenue,E01012691,Blackpool 004B,Anti-social behaviour,,
,2019-05,Lancashire Constabulary,Lancashire Constabulary,-3.033215,53.843409,On or near Bibby'S Lane,E01012691,Blackpool 004B,Anti-social behaviour,,
,2019-05,Lancashire Constabulary,Lancashire Constabulary,-3.035198,53.843697,On or near St Michaels Road,E01012691,Blackpool 004B,Anti-social behaviour,,
d3703132e005a7a781a3fe2ae695758d1db9f996b3d72644af787776e9ba7ae1,2019-05,Lancashire Constabulary,Lancashire Constabulary,-3.034196,53.845603,On or near Quebec Avenue,E01012691,Blackpool 004B,Criminal damage and arson,Status update unavailable,
a27b13766176583d43cf5a2a92421a9f630ac66a98358abc49894f7d2037db30,2019-05,Lancashire Constabulary,Lancashire Constabulary,-3.040037,53.843314,On or near Inver Road,E01012691,Blackpool 004B,Other theft,Status update unavailable,
c7a57619274f026f81b18bd401b12b9f1771e9a675a3e1d03a4bdb84a13f66b7,2019-05,Lancashire Constabulary,Lancashire Constabulary,-3.031941,53.841676,On or near Bispham Road,E01012691,Blackpool 004B,Other theft,Status update unavailable,
bf96841a078ec4ebd82bfc84f6c780eca57c6ab919ce0536dcef5b43f58aa57b,2019-05,Lancashire Constabulary,Lancashire Constabulary,-3.033215,53.843409,On or near Bibby'S Lane,E01012691,Blackpool 004B,Shoplifting,Status update unavailable,
387e00a091a8161a83c3d3c0de0c59af8edf3ef9d36b1c95acfd5422051a7eee,2019-05,Lancashire Constabulary,Lancashire Constabulary,-3.031941,53.841676,On or near Bispham Road,E01012691,Blackpool 004B,Shoplifting,Unable to prosecute suspect,
d69583d88f7f2af84a2daca7cb7b27487c7677f6cdfcc3dd4db7cf1729c7265a,2019-05,Lancashire Constabulary,Lancashire Constabulary,-3.033215,53.843409,On or near Bibby'S Lane,E01012691,Blackpool 004B,Shoplifting,Unable to prosecute suspect,
c578bfda6047c032b27847eb794ef8f01c82bc80d36f13f0d81afe83a4117261,2019-05,Lancashire Constabulary,Lancashire Constabulary,-3.033215,53.843409,On or near Bibby'S Lane,E01012691,Blackpool 004B,Shoplifting,Status update unavailable,
711795c5e2cb19c854d8cdd1c692df24a97cef3aecc4895114818d74192d3941,2019-05,Lancashire Constabulary,Lancashire Constabulary,-3.033215,53.843409,On or near Bibby'S Lane,E01012691,Blackpool 004B,Shoplifting,Status update unavailable,
0770145b06375777085db38f8015987ad2ffb8177fc634bd3695e5826459806d,2019-05,Lancashire Constabulary,Lancashire Constabulary,-3.033215,53.843409,On or near Bibby'S Lane,E01012691,Blackpool 004B,Shoplifting,Status update unavailable,
cc964c3323c3f38abd119481e0ef910590f84b0aa5777223001e7e67027d9f53,2019-05,Lancashire Constabulary,Lancashire Constabulary,-3.039037,53.844069,On or near Fitzroy Road,E01012691,Blackpool 004B,Vehicle crime,Status update unavailable,
7b489adccdc481c4c1dcde47e5d5dfbd3cf5a8a66f01fe38521ec0a68af69ad6,2019-05,Lancashire Constabulary,Lancashire Constabulary,-3.039037,53.844069,On or near Fitzroy Road,E01012691,Blackpool 004B,Violence and sexual offences,Unable to prosecute suspect,
0110e11098f1b1b2095b4df7badaa968579ed0455e4c00d18aa6caebac29e39d,2019-05,Lancashire Constabulary,Lancashire Constabulary,-3.034196,53.845603,On or near Quebec Avenue,E01012691,Blackpool 004B,Violence and sexual offences,Awaiting court outcome,
5dc86f19758fc0833a2f66deb00f539b3b13ae83cfff302838edeba3cf918d5a,2019-05,Lancashire Constabulary,Lancashire Constabulary,-3.039088,53.845506,On or near Galway Avenue,E01012691,Blackpool 004B,Violence and sexual offences,Awaiting court outcome,
7d1effe24044ea2c852993e29b38b0d6a854612810812b228a862418aa2a4f24,2019-05,Lancashire Constabulary,Lancashire Constabulary,-3.034196,53.845603,On or near Quebec Avenue,E01012691,Blackpool 004B,Violence and sexual offences,Unable to prosecute suspect,
1ee95e50e0aff946cf67a2a90e4b629eefd58250db1fd52928213107c0f35470,2019-05,Lancashire Constabulary,Lancashire Constabulary,-3.035198,53.843697,On or near St Michaels Road,E01012691,Blackpool 004B,Violence and sexual offences,Status update unavailable,
0bb62a4133d5ba46975f7fbed4b8a30818b461be6b6d001e566226190cb61ccf,2019-05,Lancashire Constabulary,Lancashire Constabulary,-3.035803,53.842344,On or near Ardmore Road,E01012691,Blackpool 004B,Violence and sexual offences,Unable to prosecute suspect,
,2019-05,Lancashire Constabulary,Lancashire Constabulary,-3.026755,53.843411,On or near Edmonton Place,E01012692,Blackpool 004C,Anti-social behaviour,,
,2019-05,Lancashire Constabulary,Lancashire Constabulary,-3.028813,53.842413,On or near Washington Court,E01012692,Blackpool 004C,Anti-social behaviour,,
,2019-05,Lancashire Constabulary,Lancashire Constabulary,-3.026755,53.843411,On or near Edmonton Place,E01012692,Blackpool 004C,Anti-social behaviour,,
,2019-05,Lancashire Constabulary,Lancashire Constabulary,-3.024536,53.847744,On or near Fennel Close,E01012692,Blackpool 004C,Anti-social behaviour,,
,2019-05,Lancashire Constabulary,Lancashire Constabulary,-3.029063,53.843283,On or near Low Moor Road,E01012692,Blackpool 004C,Anti-social behaviour,,
,2019-05,Lancashire Constabulary,Lancashire Constabulary,-3.029063,53.843283,On or near Low Moor Road,E01012692,Blackpool 004C,Anti-social behaviour,,
,2019-05,Lancashire Constabulary,Lancashire Constabulary,-3.029063,53.843283,On or near Low Moor Road,E01012692,Blackpool 004C,Anti-social behaviour,,
,2019-05,Lancashire Constabulary,Lancashire Constabulary,-3.024802,53.843724,On or near Greenbanks,E01012692,Blackpool 004C,Anti-social behaviour,,
,2019-05,Lancashire Constabulary,Lancashire Constabulary,-3.026408,53.839755,On or near Essex Place,E01012692,Blackpool 004C,Anti-social behaviour,,
,2019-05,Lancashire Constabulary,Lancashire Constabulary,-3.029063,53.843283,On or near Low Moor Road,E01012692,Blackpool 004C,Anti-social behaviour,,
,2019-05,Lancashire Constabulary,Lancashire Constabulary,-3.029063,53.843283,On or near Low Moor Road,E01012692,Blackpool 004C,Anti-social behaviour,,
9eba8af4ee15966fed02a88a3d3b80ea9f36b39ed8505729cd6006894d12cf66,2019-05,Lancashire Constabulary,Lancashire Constabulary,-3.029543,53.840555,On or near Langdon Way,E01012692,Blackpool 004C,Burglary,Status update unavailable,
e04502451218048d5b7efb0a5965d53857ea9cae9da2f9f8cdeda890202563aa,2019-05,Lancashire Constabulary,Lancashire Constabulary,-3.026408,53.839755,On or near Essex Place,E01012692,Blackpool 004C,Burglary,Status update unavailable,
eea3f179150294b7fd4594cab444b10c32d620bfacff4a4c2e387868a4e6c3f4,2019-05,Lancashire Constabulary,Lancashire Constabulary,-3.030470,53.842399,On or near Seattle Avenue,E01012692,Blackpool 004C,Public order,Unable to prosecute suspect,
cd46575384d1a5a6298324796f38b9cc1352537180362589f3fbd8a6ab1c7cd2,2019-05,Lancashire Constabulary,Lancashire Constabulary,-3.029147,53.841134,On or near Washington Avenue,E01012692,Blackpool 004C,Vehicle crime,Status update unavailable,
82e429d370ec9f499f6e6a7355d7faed65e2c4d487858ff13c50ba1a516b362a,2019-05,Lancashire Constabulary,Lancashire Constabulary,-3.028161,53.843722,On or near Linden Place,E01012692,Blackpool 004C,Vehicle crime,Status update unavailable,
936a858e5cd62d2a93fcacb13b218561538d2d66d599cca2258e4ffb3f5b5f52,2019-05,Lancashire Constabulary,Lancashire Constabulary,-3.029543,53.840555,On or near Langdon Way,E01012692,Blackpool 004C,Violence and sexual offences,Further investigation is not in the public interest,
f6e02cc89b42183113a6ee75f70641fd590b707ab89c90b5d948fd6eabcb861b,2019-05,Lancashire Constabulary,Lancashire Constabulary,-3.024324,53.845292,On or near Sage Close,E01012692,Blackpool 004C,Violence and sexual offences,Offender given a caution,
509b527453c26c1b0b341b97b9a88a6854c40a502962b8b39b39ca7edba2c808,2019-05,Lancashire Constabulary,Lancashire Constabulary,-3.029543,53.840555,On or near Langdon Way,E01012692,Blackpool 004C,Violence and sexual offences,Unable to prosecute suspect,
b1df1fa669d81f4e1192a09eeaf59b4ee7b92589bec1165c0715de0e5ebb8358,2019-05,Lancashire Constabulary,Lancashire Constabulary,-3.026755,53.843411,On or near Edmonton Place,E01012692,Blackpool 004C,Violence and sexual offences,Status update unavailable,
b1edc0703af6b3654a519ff594d19009b0bb1b8b114cfa41397ba68abf268e18,2019-05,Lancashire Constabulary,Lancashire Constabulary,-3.028161,53.843722,On or near Linden Place,E01012692,Blackpool 004C,Violence and sexual offences,Unable to prosecute suspect,
adfd71d1512e2234aab7f3ec7755b5758480a7edd7a09c509c8754bd74c365b0,2019-05,Lancashire Constabulary,Lancashire Constabulary,-3.024324,53.845292,On or near Sage Close,E01012692,Blackpool 004C,Violence and sexual offences,Offender given a caution,
9fdd44d8de5aa62ec988cd15e49db0d1222c2bcd477b710d68b705fa1456539f,2019-05,Lancashire Constabulary,Lancashire Constabulary,-3.029063,53.843283,On or near Low Moor Road,E01012692,Blackpool 004C,Violence and sexual offences,Unable to prosecute suspect,
,2019-05,Lancashire Constabulary,Lancashire Constabulary,-3.039940,53.849813,On or near Sports/Recreation Area,E01012705,Blackpool 004D,Anti-social behaviour,,
,2019-05,Lancashire Constabulary,Lancashire Constabulary,-3.039940,53.849813,On or near Sports/Recreation Area,E01012705,Blackpool 004D,Anti-social behaviour,,
,2019-05,Lancashire Constabulary,Lancashire Constabulary,-3.035046,53.846782,On or near Winnipeg Place,E01012705,Blackpool 004D,Anti-social behaviour,,
b8905920f2310e79b439444961e9c6b267152ef407c5a834d4b3b42cc706de5a,2019-05,Lancashire Constabulary,Lancashire Constabulary,-3.035523,53.851308,On or near Carcroft Avenue,E01012705,Blackpool 004D,Burglary,Status update unavailable,
ad5d7c688359dcd47c23b21f6d15cb503a5d057d14ea899eb078baee0471fb05,2019-05,Lancashire Constabulary,Lancashire Constabulary,-3.039461,53.847058,On or near Munster Avenue,E01012705,Blackpool 004D,Burglary,Status update unavailable,
e71aee647fc0b8542a9e20e5316f85abeb516d41ea769132b11a5a7c7d04baaf,2019-05,Lancashire Constabulary,Lancashire Constabulary,-3.038413,53.848919,On or near Bispham Road,E01012705,Blackpool 004D,Criminal damage and arson,Local resolution,
ba9567bdac05595f59df4e1df768367db52b00ac9df8ff49edafac8df8cca5e3,2019-05,Lancashire Constabulary,Lancashire Constabulary,-3.038413,53.848919,On or near Bispham Road,E01012705,Blackpool 004D,Criminal damage and arson,Local resolution,
5fcf0bb1e24a3fa4f3f1ecb711febba7dfbb9dd8cee7a87ddd9c49e5d254a51f,2019-05,Lancashire Constabulary,Lancashire Constabulary,-3.038413,53.848919,On or near Bispham Road,E01012705,Blackpool 004D,Criminal damage and arson,Status update unavailable,
a173eadde3d4afa43fbc9113b477119edb5f8547e6b58e9c8997e2f2b2ca8002,2019-05,Lancashire Constabulary,Lancashire Constabulary,-3.038413,53.848919,On or near Bispham Road,E01012705,Blackpool 004D,Criminal damage and arson,Status update unavailable,
9c8cf08096e35ce2863c8b95f86f492c5537d6cb8d19e47b120e204ced201783,2019-05,Lancashire Constabulary,Lancashire Constabulary,-3.035875,53.852051,On or near Lentworth Avenue,E01012705,Blackpool 004D,Other theft,Status update unavailable,
f40c601127f7f439409aa26eb1f7b83b1f75e71ecca36dee34ba170b7e619f3c,2019-05,Lancashire Constabulary,Lancashire Constabulary,-3.035046,53.846782,On or near Winnipeg Place,E01012705,Blackpool 004D,Public order,Formal action is not in the public interest,
ce4d992a0e55268169cbaf5e4094180016a07a0f6271197246f015c3754c553d,2019-05,Lancashire Constabulary,Lancashire Constabulary,-3.033703,53.846551,On or near Winnipeg Court,E01012705,Blackpool 004D,Violence and sexual offences,Status update unavailable,
4547e7b6a24fb5dab8cf0962c4945ef09abff7f9828ca64fadb2fa939415a18b,2019-05,Lancashire Constabulary,Lancashire Constabulary,-3.038413,53.848919,On or near Bispham Road,E01012705,Blackpool 004D,Violence and sexual offences,Local resolution,
b7da1b96047fb1bc2cac2d36d06253ee63952aff51e67595382d391fd6fdfff3,2019-05,Lancashire Constabulary,Lancashire Constabulary,-3.038413,53.848919,On or near Bispham Road,E01012705,Blackpool 004D,Violence and sexual offences,Status update unavailable,
251946e79c755da4703e9aaa3ff920c5bbc3cf3b55253c771434b7c808fb14fe,2019-05,Lancashire Constabulary,Lancashire Constabulary,-3.038413,53.848919,On or near Bispham Road,E01012705,Blackpool 004D,Violence and sexual offences,Local resolution,
451bf116e08e0c81559a819991f9a9597200ad149984a4451fb8f5190f697431,2019-05,Lancashire Constabulary,Lancashire Constabulary,-3.038413,53.848919,On or near Bispham Road,E01012705,Blackpool 004D,Violence and sexual offences,Status update unavailable,
316aba4305f97e6e3fb9c78afb08210ad62a2e2d880ff06d732f257613df3b99,2019-05,Lancashire Constabulary,Lancashire Constabulary,-3.038141,53.846530,On or near Kildare Road,E01012705,Blackpool 004D,Violence and sexual offences,Unable to prosecute suspect,
52fdfd7faa66be2088de855f724dbea827e9ffea445ca756124ecc001c720c03,2019-05,Lancashire Constabulary,Lancashire Constabulary,-3.038413,53.848919,On or near Bispham Road,E01012705,Blackpool 004D,Violence and sexual offences,Status update unavailable,
68ee7e2017de4d7aa2412f553171aaf96edad8bbcdfe75e702124ab43cff29b9,2019-05,Lancashire Constabulary,Lancashire Constabulary,-3.035046,53.846782,On or near Winnipeg Place,E01012705,Blackpool 004D,Violence and sexual offences,Formal action is not in the public interest,
a81c9652cd53505cd2e9c1c8f8f96862162ecf454da6b89c2d7d4997ddfa68b8,2019-05,Lancashire Constabulary,Lancashire Constabulary,-3.038413,53.848919,On or near Bispham Road,E01012705,Blackpool 004D,Violence and sexual offences,Status update unavailable,
8deb085987d5c4772247060a939701617e7019b033f5cc9be976a055b640c629,2019-05,Lancashire Constabulary,Lancashire Constabulary,-3.038413,53.848919,On or near Bispham Road,E01012705,Blackpool 004D,Violence and sexual offences,Further investigation is not in the public interest,
8ece773e6a7ba6183e6ef5b2d2c608fa472cd6653eeed50b512c6ac760e41f0e,2019-05,Lancashire Constabulary,Lancashire Constabulary,-3.037685,53.851469,On or near Wyresdale Avenue,E01012705,Blackpool 004D,Violence and sexual offences,Status update unavailable,
de5be8da8214538e6d4e6d5e8509e46dfd89c81d75a6ebef1b47d39c9bca811c,2019-05,Lancashire Constabulary,Lancashire Constabulary,-3.033703,53.846551,On or near Winnipeg Court,E01012705,Blackpool 004D,Violence and sexual offences,Unable to prosecute suspect,
cb5154ce1ebc1b0681297dbcc213fda34670013366bdd94d7b5f6ca04534683c,2019-05,Lancashire Constabulary,Lancashire Constabulary,-3.038413,53.848919,On or near Bispham Road,E01012705,Blackpool 004D,Violence and sexual offences,Local resolution,
85db30d34e81c70ae303af04589b62e751d3b47a4815f88db872627b9d854c5d,2019-05,Lancashire Constabulary,Lancashire Constabulary,-3.038413,53.848919,On or near Bispham Road,E01012705,Blackpool 004D,Violence and sexual offences,Action to be taken by another organisation,
9346c5472cb91ac3e09ab369f9b85475bd963851f5bfb23f26b07c8dfba1fe2d,2019-05,Lancashire Constabulary,Lancashire Constabulary,-3.038413,53.848919,On or near Bispham Road,E01012705,Blackpool 004D,Violence and sexual offences,Status update unavailable,
645711a397fd12dc36071a00b59be9e97698ab721e5fd936365550639ab046af,2019-05,Lancashire Constabulary,Lancashire Constabulary,-3.038413,53.848919,On or near Bispham Road,E01012705,Blackpool 004D,Violence and sexual offences,Status update unavailable,
,2019-05,Lancashire Constabulary,Lancashire Constabulary,-3.014281,53.836029,On or near Garstang Road West,E01012723,Blackpool 004E,Anti-social behaviour,,
,2019-05,Lancashire Constabulary,Lancashire Constabulary,-3.013656,53.835954,On or near Yew Tree Road,E01012723,Blackpool 004E,Anti-social behaviour,,
,2019-05,Lancashire Constabulary,Lancashire Constabulary,-3.013656,53.835954,On or near Yew Tree Road,E01012723,Blackpool 004E,Anti-social behaviour,,
,2019-05,Lancashire Constabulary,Lancashire Constabulary,-3.013656,53.835954,On or near Yew Tree Road,E01012723,Blackpool 004E,Anti-social behaviour,,
,2019-05,Lancashire Constabulary,Lancashire Constabulary,-3.018049,53.835997,On or near Willow Grove,E01012723,Blackpool 004E,Anti-social behaviour,,
62485725f50325fdb8f1db251cfa78f92d3f6de5d7577efc6c47ba84d61d3428,2019-05,Lancashire Constabulary,Lancashire Constabulary,-3.022196,53.834704,On or near Baines Avenue,E01012723,Blackpool 004E,Criminal damage and arson,Status update unavailable,
876fd325afe399575420e9852e0320b43fd606d4e521e32c785b105f1d84e905,2019-05,Lancashire Constabulary,Lancashire Constabulary,-3.013656,53.835954,On or near Yew Tree Road,E01012723,Blackpool 004E,Criminal damage and arson,Further investigation is not in the public interest,
1f6e5c1aee9b85e613633692fd789f63d196e310ed0136be143abb8e0208cbbb,2019-05,Lancashire Constabulary,Lancashire Constabulary,-3.018049,53.835997,On or near Willow Grove,E01012723,Blackpool 004E,Criminal damage and arson,Status update unavailable,
2f65f9809bd83f36da9fb44459db523ec466346d0aba6c2ad94a6f142ad8d30f,2019-05,Lancashire Constabulary,Lancashire Constabulary,-3.020547,53.834367,On or near Petrol Station,E01012723,Blackpool 004E,Other theft,Status update unavailable,
58ec3ea1eb0c80362f14d86a70438b58d33d32d2a650043ff9f29d3358ec551c,2019-05,Lancashire Constabulary,Lancashire Constabulary,-3.020547,53.834367,On or near Petrol Station,E01012723,Blackpool 004E,Public order,Status update unavailable,
cc2149518704a034115ec34ce86e08548a1970d2f06686407022013d20ac9cb9,2019-05,Lancashire Constabulary,Lancashire Constabulary,-3.020547,53.834367,On or near Petrol Station,E01012723,Blackpool 004E,Shoplifting,Status update unavailable,
2cfe1e6e86604c79a9bbf538bea9cb36788e0f71c840faf5a37cede6a033988a,2019-05,Lancashire Constabulary,Lancashire Constabulary,-3.011690,53.836339,On or near St Mary Close,E01012723,Blackpool 004E,Violence and sexual offences,Unable to prosecute suspect,
1d16f39a24e6e7575cac7739b67dc94a1c2be1447e58de2ec101aaa48d1cc87d,2019-05,Lancashire Constabulary,Lancashire Constabulary,-3.014522,53.837816,On or near Sports/Recreation Area,E01012723,Blackpool 004E,Violence and sexual offences,Status update unavailable,
51811fa5ebadc0029dc79344814326a1eec4554ba647c730b75031eee1e3140a,2019-05,Lancashire Constabulary,Lancashire Constabulary,-3.011690,53.836339,On or near St Mary Close,E01012723,Blackpool 004E,Violence and sexual offences,Unable to prosecute suspect,
a1913308350dda4aa74f59785712bdd8798fadc955ba88b8daa1e1d26c62ed9a,2019-05,Lancashire Constabulary,Lancashire Constabulary,-3.012094,53.836713,On or near Bishopsgate,E01012723,Blackpool 004E,Violence and sexual offences,Status update unavailable,
54de251b33a264b855b16f4d6b9ebbf86511e7eb0549525060b5e4d9e9ca32c6,2019-05,Lancashire Constabulary,Lancashire Constabulary,-3.014281,53.836029,On or near Garstang Road West,E01012723,Blackpool 004E,Violence and sexual offences,Further investigation is not in the public interest,
01bf3e387f455454119c8524bcb2301e029bcc8e94662ae5e3b30790f775b772,2019-05,Lancashire Constabulary,Lancashire Constabulary,-3.011690,53.836339,On or near St Mary Close,E01012723,Blackpool 004E,Violence and sexual offences,Status update unavailable,
4d15531a43836de7e547e16739e3f73d0309258a58dd2d68bb30f6ea2bcee6b0,2019-05,Lancashire Constabulary,Lancashire Constabulary,-3.027795,53.834368,On or near Plymouth Road,E01012723,Blackpool 004E,Violence and sexual offences,Unable to prosecute suspect,
33cf88074caaed803d7f6d521eab24bf8af800f170305c74029ec126ff8b952c,2019-05,Lancashire Constabulary,Lancashire Constabulary,-3.011690,53.836339,On or near St Mary Close,E01012723,Blackpool 004E,Violence and sexual offences,Status update unavailable,
f1c7ff4dc270526379d4d654ca5cd5b466b47fa3c5af3f54177188e5c7d3f795,2019-05,Lancashire Constabulary,Lancashire Constabulary,-3.012094,53.836713,On or near Bishopsgate,E01012723,Blackpool 004E,Violence and sexual offences,Unable to prosecute suspect,
476970591dd0ec461420f5bf9cea6b09c536144addd85b76cb99c3530ec0524d,2019-05,Lancashire Constabulary,Lancashire Constabulary,-3.011690,53.836339,On or near St Mary Close,E01012723,Blackpool 004E,Violence and sexual offences,Status update unavailable,
7b9bff50dbbcb91baff00b78b488e646c774db2e57baa7baf5607af60f8a33fe,2019-05,Lancashire Constabulary,Lancashire Constabulary,-3.011690,53.836339,On or near St Mary Close,E01012723,Blackpool 004E,Violence and sexual offences,Status update unavailable,
eb1455fb425549f7433970289963a8851028d5a15437fd545eb44456c3e34b53,2019-05,Lancashire Constabulary,Lancashire Constabulary,-3.020956,53.836170,On or near Greenbriar Close,E01012723,Blackpool 004E,Violence and sexual offences,Awaiting court outcome,
24b0c79d3da9ff370ff8b0053b89e2eece9953a5b7f4278e3cbf27bddacb3243,2019-05,Lancashire Constabulary,Lancashire Constabulary,-3.020547,53.834367,On or near Petrol Station,E01012723,Blackpool 004E,Violence and sexual offences,Status update unavailable,
2e8aeb2d6428708687d80d2d8c175e2a65dcc92bfafa15090f13dc7dd2e877dc,2019-05,Lancashire Constabulary,Lancashire Constabulary,-3.016094,53.836230,On or near Furlong Crescent,E01012723,Blackpool 004E,Violence and sexual offences,Status update unavailable,
,2019-05,Lancashire Constabulary,Lancashire Constabulary,-3.031907,53.836598,On or near Chelsea Avenue,E01012693,Blackpool 005A,Anti-social behaviour,,
,2019-05,Lancashire Constabulary,Lancashire Constabulary,-3.034071,53.836220,On or near Armadale Road,E01012693,Blackpool 005A,Anti-social behaviour,,
,2019-05,Lancashire Constabulary,Lancashire Constabulary,-3.038867,53.831666,On or near Courtfield Avenue,E01012693,Blackpool 005A,Anti-social behaviour,,
,2019-05,Lancashire Constabulary,Lancashire Constabulary,-3.039606,53.836972,On or near Leys Road,E01012693,Blackpool 005A,Anti-social behaviour,,
,2019-05,Lancashire Constabulary,Lancashire Constabulary,-3.037267,53.831482,On or near Bexley Avenue,E01012693,Blackpool 005A,Anti-social behaviour,,
3b9247d2ef4c69973a0ca70eb4f70484b8206f1d1bc6c74c90b8f6190043b666,2019-05,Lancashire Constabulary,Lancashire Constabulary,-3.034071,53.836220,On or near Armadale Road,E01012693,Blackpool 005A,Bicycle theft,Status update unavailable,
2d2a9454a02c309535c7efc51dc52631cbcf65407b956684464c159ec7c0b2bd,2019-05,Lancashire Constabulary,Lancashire Constabulary,-3.031907,53.836598,On or near Chelsea Avenue,E01012693,Blackpool 005A,Criminal damage and arson,Unable to prosecute suspect,
8140d4dbb09f0a9e2c9cdb1a2660c7887968e843176d09e042dd3f3829459cce,2019-05,Lancashire Constabulary,Lancashire Constabulary,-3.039606,53.836972,On or near Leys Road,E01012693,Blackpool 005A,Criminal damage and arson,Local resolution,
a2612cab17576aa7980c9ed5d2e649a09465ec6510411e145389b86c08e60c48,2019-05,Lancashire Constabulary,Lancashire Constabulary,-3.038867,53.831666,On or near Courtfield Avenue,E01012693,Blackpool 005A,Criminal damage and arson,Status update unavailable,
3735595f38edbaba135eb5096a433ed4757ecb2b1ba37b4880cdc81316bc7cb0,2019-05,Lancashire Constabulary,Lancashire Constabulary,-3.032452,53.835245,On or near Bromley Close,E01012693,Blackpool 005A,Criminal damage and arson,Status update unavailable,
cc3f43683d52e1082d895ccd86e7469ccc2250fb6e6b6c378c6d56538850ca6a,2019-05,Lancashire Constabulary,Lancashire Constabulary,-3.037267,53.831482,On or near Bexley Avenue,E01012693,Blackpool 005A,Other theft,Status update unavailable,
14ab339da6ef907a1e29f6c536b38c0ee1a1a1d72d4254146984f72c5b082f5c,2019-05,Lancashire Constabulary,Lancashire Constabulary,-3.039606,53.836972,On or near Leys Road,E01012693,Blackpool 005A,Public order,Unable to prosecute suspect,
1a071196f97a925fb6b9cc2c9057c23daeea9ff4e93152b0c419610c6ca49e63,2019-05,Lancashire Constabulary,Lancashire Constabulary,-3.041728,53.836136,On or near Devonshire Road,E01012693,Blackpool 005A,Vehicle crime,Status update unavailable,
3e9673e1d2e0e3cabff396346bca33d89ee17bc3223676225e3e02a94ef99e48,2019-05,Lancashire Constabulary,Lancashire Constabulary,-3.039506,53.831095,On or near Teesdale Avenue,E01012693,Blackpool 005A,Vehicle crime,Status update unavailable,
bbc53a8a3e1ba0ca20e31d6eeb31863930117f84f27165f94d3b2e6e17e5757c,2019-05,Lancashire Constabulary,Lancashire Constabulary,-3.035909,53.832474,On or near Penhill Close,E01012693,Blackpool 005A,Violence and sexual offences,Unable to prosecute suspect,
b36ee0c523e72733ad02c303c28d8177efaa7302ca6a0c97355ba6b807759481,2019-05,Lancashire Constabulary,Lancashire Constabulary,-3.035909,53.832474,On or near Penhill Close,E01012693,Blackpool 005A,Violence and sexual offences,Unable to prosecute suspect,
3879981b3b6099df91a1f3f52df15dc56a894b29333f180e7ecf5d14641d6f0e,2019-05,Lancashire Constabulary,Lancashire Constabulary,-3.035561,53.833789,On or near Cotswold Road,E01012693,Blackpool 005A,Violence and sexual offences,Status update unavailable,
fe55dafcc7ebd4ca54a9517a3a03ace30cf468b21c52230e830a3d31afda17f8,2019-05,Lancashire Constabulary,Lancashire Constabulary,-3.037423,53.831643,On or near Blackfen Place,E01012693,Blackpool 005A,Violence and sexual offences,Unable to prosecute suspect,
7c34042a3dfdf0470068e6fd684a2b9ddbb41b963a1f2c48387bbf45fc24c40c,2019-05,Lancashire Constabulary,Lancashire Constabulary,-3.035909,53.832474,On or near Penhill Close,E01012693,Blackpool 005A,Other crime,Status update unavailable,
,2019-05,Lancashire Constabulary,Lancashire Constabulary,-3.033775,53.832223,On or near Leaford Avenue,E01012711,Blackpool 005B,Anti-social behaviour,,
,2019-05,Lancashire Constabulary,Lancashire Constabulary,-3.032160,53.832039,On or near Radley Avenue,E01012711,Blackpool 005B,Anti-social behaviour,,
,2019-05,Lancashire Constabulary,Lancashire Constabulary,-3.031099,53.832767,On or near Cannock Avenue,E01012711,Blackpool 005B,Anti-social behaviour,,
,2019-05,Lancashire Constabulary,Lancashire Constabulary,-3.033775,53.832223,On or near Leaford Avenue,E01012711,Blackpool 005B,Anti-social behaviour,,
,2019-05,Lancashire Constabulary,Lancashire Constabulary,-3.032036,53.830701,On or near Sherwood Avenue,E01012711,Blackpool 005B,Anti-social behaviour,,
,2019-05,Lancashire Constabulary,Lancashire Constabulary,-3.033775,53.832223,On or near Leaford Avenue,E01012711,Blackpool 005B,Anti-social behaviour,,
c6545ed1d7d02c2e19074791c72000a5469ebeb3b224813aaf0a2e0b87d3e1c0,2019-05,Lancashire Constabulary,Lancashire Constabulary,-3.032160,53.832039,On or near Radley Avenue,E01012711,Blackpool 005B,Burglary,Unable to prosecute suspect,
48fff9143b7a65df51265ed1a23f1ac56eb1828c468f8b53e420901c995c6a52,2019-05,Lancashire Constabulary,Lancashire Constabulary,-3.033775,53.832223,On or near Leaford Avenue,E01012711,Blackpool 005B,Criminal damage and arson,Unable to prosecute suspect,
2342277bea897271668dfdec5b6c1aade4656b7e20f9346b8b761b3f335d98ec,2019-05,Lancashire Constabulary,Lancashire Constabulary,-3.033775,53.832223,On or near Leaford Avenue,E01012711,Blackpool 005B,Criminal damage and arson,Status update unavailable,
c6b5ce3626a6e265fe2a8bbf9c4336f2e7d3c0e186b48823e0dccb181cc4e862,2019-05,Lancashire Constabulary,Lancashire Constabulary,-3.033775,53.832223,On or near Leaford Avenue,E01012711,Blackpool 005B,Criminal damage and arson,Status update unavailable,
883cdb77a698824c55b85078d7e9ee0b5810b140a3c1cb57c83254db7f8d37d9,2019-05,Lancashire Constabulary,Lancashire Constabulary,-3.028313,53.831937,On or near Wembley Avenue,E01012711,Blackpool 005B,Other theft,Status update unavailable,
0bd0fddf3fe99b9480150558ca0c59b034cadbc0a47fcce79e589ef5462331e7,2019-05,Lancashire Constabulary,Lancashire Constabulary,-3.028840,53.833577,On or near Oregon Avenue,E01012711,Blackpool 005B,Public order,Unable to prosecute suspect,
66058cc9021e232cdf42ff629369ed8a87ad6c5730b8f9563aaf229087b804cc,2019-05,Lancashire Constabulary,Lancashire Constabulary,-3.027357,53.831990,On or near Meyler Avenue,E01012711,Blackpool 005B,Violence and sexual offences,Further investigation is not in the public interest,
3a7dc455261cc683237a00a23dd5f919796052abceae85f4ca426968bea29b07,2019-05,Lancashire Constabulary,Lancashire Constabulary,-3.032036,53.830701,On or near Sherwood Avenue,E01012711,Blackpool 005B,Violence and sexual offences,Unable to prosecute suspect,
8ff17356dea012d225b154ef212840c11953dd7c590e3fbf63a2543046c8104a,2019-05,Lancashire Constabulary,Lancashire Constabulary,-3.032036,53.830701,On or near Sherwood Avenue,E01012711,Blackpool 005B,Violence and sexual offences,Status update unavailable,
087e534f959e3f1cdbe1c63e72731e9fb4969b41706f8eb56436811684ebb3f5,2019-05,Lancashire Constabulary,Lancashire Constabulary,-3.033775,53.832223,On or near Leaford Avenue,E01012711,Blackpool 005B,Violence and sexual offences,Status update unavailable,
80bac9cea7db0f4b3d499ecb22c6316e00f1b5b43b6aa68aaa2602efaa9385f8,2019-05,Lancashire Constabulary,Lancashire Constabulary,-3.032834,53.829768,On or near Annesley Avenue,E01012711,Blackpool 005B,Other crime,Status update unavailable,
,2019-05,Lancashire Constabulary,Lancashire Constabulary,-3.042776,53.840998,On or near The Knowle,E01012747,Blackpool 005C,Anti-social behaviour,,
,2019-05,Lancashire Constabulary,Lancashire Constabulary,-3.048533,53.836634,On or near Argyll Road,E01012747,Blackpool 005C,Anti-social behaviour,,
,2019-05,Lancashire Constabulary,Lancashire Constabulary,-3.048533,53.836634,On or near Argyll Road,E01012747,Blackpool 005C,Anti-social behaviour,,
a20da06f80295e5ca1ad33c7c0420e7c51ee8e9ea9f8c413630a1e46701b2357,2019-05,Lancashire Constabulary,Lancashire Constabulary,-3.048347,53.837687,On or near Knowle Avenue,E01012747,Blackpool 005C,Drugs,Status update unavailable,
f4760825a9567584ec01ba3e2e5d6adf3c675f3ee4d7bbb9ad8e47cbd648919c,2019-05,Lancashire Constabulary,Lancashire Constabulary,-3.045186,53.837076,On or near Calder Road,E01012747,Blackpool 005C,Vehicle crime,Status update unavailable,
2982cb040ef57ee7c7aa6e67f48da9fed1363e33b46dff18e2e7c904863a68b1,2019-05,Lancashire Constabulary,Lancashire Constabulary,-3.043076,53.836555,On or near Antrim Road,E01012747,Blackpool 005C,Vehicle crime,Status update unavailable,
931bc71a6fa06374515773f0bb91d5aad0207a72b8531a1d6c12e09aff712008,2019-05,Lancashire Constabulary,Lancashire Constabulary,-3.048533,53.836634,On or near Argyll Road,E01012747,Blackpool 005C,Vehicle crime,Status update unavailable,
8901c2e8755dea4697876b78647d534a49ebfd789da2c5ea4b64131524417567,2019-05,Lancashire Constabulary,Lancashire Constabulary,-3.048533,53.836634,On or near Argyll Road,E01012747,Blackpool 005C,Vehicle crime,Status update unavailable,
f5062f8020d97db4ceb62ddb274ddab4cc8210d631fbf20e0fe6d4af9428ab69,2019-05,Lancashire Constabulary,Lancashire Constabulary,-3.042776,53.840998,On or near The Knowle,E01012747,Blackpool 005C,Violence and sexual offences,Offender given a caution,
10c1b86b7032b0ad0b76b98e517d1dcb57bd3fc415f5a652ec619c12312f9b3b,2019-05,Lancashire Constabulary,Lancashire Constabulary,-3.043076,53.836555,On or near Antrim Road,E01012747,Blackpool 005C,Violence and sexual offences,Unable to prosecute suspect,
,2019-05,Lancashire Constabulary,Lancashire Constabulary,-3.039937,53.833769,On or near Banbury Avenue,E01012750,Blackpool 005D,Anti-social behaviour,,
,2019-05,Lancashire Constabulary,Lancashire Constabulary,-3.045972,53.833852,On or near Riversleigh Avenue,E01012750,Blackpool 005D,Anti-social behaviour,,
,2019-05,Lancashire Constabulary,Lancashire Constabulary,-3.042445,53.832588,On or near Waverley Avenue,E01012750,Blackpool 005D,Anti-social behaviour,,
,2019-05,Lancashire Constabulary,Lancashire Constabulary,-3.039125,53.834711,On or near Milford Avenue,E01012750,Blackpool 005D,Anti-social behaviour,,
,2019-05,Lancashire Constabulary,Lancashire Constabulary,-3.039125,53.834711,On or near Milford Avenue,E01012750,Blackpool 005D,Anti-social behaviour,,
0f842af461994c8c0dd9a4a4bd5bf24dc7351e1e1636afbe1fe55acffc2a454c,2019-05,Lancashire Constabulary,Lancashire Constabulary,-3.050044,53.832648,On or near Dorchester Road,E01012750,Blackpool 005D,Burglary,Status update unavailable,
9e693b1001aaa142e5e09c248b5c3dba33b3447a30e466d043629dd8555f59ca,2019-05,Lancashire Constabulary,Lancashire Constabulary,-3.042445,53.832588,On or near Waverley Avenue,E01012750,Blackpool 005D,Criminal damage and arson,Unable to prosecute suspect,
a9043584def18d6c3a18a94ab1fb60ab9b11fc93ec16e675ae9e38fce1c18881,2019-05,Lancashire Constabulary,Lancashire Constabulary,-3.042445,53.832588,On or near Waverley Avenue,E01012750,Blackpool 005D,Criminal damage and arson,Status update unavailable,
3450ca657fbc6a4d1629cea07eb6be8905fdbb80f75f4c01c81260dfd916cffa,2019-05,Lancashire Constabulary,Lancashire Constabulary,-3.050044,53.832648,On or near Dorchester Road,E01012750,Blackpool 005D,Other theft,Status update unavailable,
2055809b6ac31bd41a3ffaf9471f862cefc44bc12e7f99346995e269a30f1540,2019-05,Lancashire Constabulary,Lancashire Constabulary,-3.039937,53.833769,On or near Banbury Avenue,E01012750,Blackpool 005D,Vehicle crime,Status update unavailable,
0705c393f662dedbe3cbc59f325ded08b702ca2f763e408e6e9ad0530eff8265,2019-05,Lancashire Constabulary,Lancashire Constabulary,-3.048811,53.833755,On or near Cambray Road,E01012750,Blackpool 005D,Vehicle crime,Status update unavailable,
2c76e972ff836c2d35c7b5fad54297af945c164afa56b0f931ea4ccd643b3ec3,2019-05,Lancashire Constabulary,Lancashire Constabulary,-3.042445,53.832588,On or near Waverley Avenue,E01012750,Blackpool 005D,Violence and sexual offences,Unable to prosecute suspect,
d1992a1d552cdc1b1157ca08d3c1d867598f9b636b9fa79e3efcdd5ea26e93c4,2019-05,Lancashire Constabulary,Lancashire Constabulary,-3.050044,53.832648,On or near Dorchester Road,E01012750,Blackpool 005D,Violence and sexual offences,Status update unavailable,
93141cd1960693146248fa663c9be90fb151ea0af65404fdf45aa9c94f43d90d,2019-05,Lancashire Constabulary,Lancashire Constabulary,-3.039937,53.833769,On or near Banbury Avenue,E01012750,Blackpool 005D,Violence and sexual offences,Awaiting court outcome,
58083eee974d56da8c07bfd27b8869ee0a14f1a323a5abed8e1b26263f996835,2019-05,Lancashire Constabulary,Lancashire Constabulary,-3.049256,53.833329,On or near Hodgson Road,E01012750,Blackpool 005D,Violence and sexual offences,Status update unavailable,
d7abe98294b159eac5816c932e46409ee50461f3abc92032f7072981eb7499e5,2019-05,Lancashire Constabulary,Lancashire Constabulary,-3.048314,53.834550,On or near Warbreck Hill Road,E01012750,Blackpool 005D,Violence and sexual offences,Unable to prosecute suspect,
7d6af32386b77335b3b665b5517894f9fec6e025cce06d8064c700335012d470,2019-05,Lancashire Constabulary,Lancashire Constabulary,-3.039937,53.833769,On or near Banbury Avenue,E01012750,Blackpool 005D,Violence and sexual offences,Status update unavailable,
71d9cc1c441817f3a6a61ad2a4ca73c71a33d766bf3109c038d85b52137c02b6,2019-05,Lancashire Constabulary,Lancashire Constabulary,-3.039125,53.834711,On or near Milford Avenue,E01012750,Blackpool 005D,Violence and sexual offences,Action to be taken by another organisation,
dd976e8110b9c8ca5dfe40f9320df6184348537b3a22bc38e3b4a162f120169e,2019-05,Lancashire Constabulary,Lancashire Constabulary,-3.039125,53.834711,On or near Milford Avenue,E01012750,Blackpool 005D,Violence and sexual offences,Action to be taken by another organisation,
d806ebb32a1bd1228f321b32966eb2b73ffcaad337a9948501be13e5976690af,2019-05,Lancashire Constabulary,Lancashire Constabulary,-3.039125,53.834711,On or near Milford Avenue,E01012750,Blackpool 005D,Violence and sexual offences,Further investigation is not in the public interest,
b095a00acf4a6b9933b412f5fbd6aa9e9aff71d13d9ac64ffa0663346f8e8137,2019-05,Lancashire Constabulary,Lancashire Constabulary,-3.042445,53.832588,On or near Waverley Avenue,E01012750,Blackpool 005D,Violence and sexual offences,Unable to prosecute suspect,
,2019-05,Lancashire Constabulary,Lancashire Constabulary,-3.051604,53.820922,On or near Dickson Road,E01012681,Blackpool 006A,Anti-social behaviour,,
,2019-05,Lancashire Constabulary,Lancashire Constabulary,-3.054826,53.820984,On or near Shopping Area,E01012681,Blackpool 006A,Anti-social behaviour,,
,2019-05,Lancashire Constabulary,Lancashire Constabulary,-3.053849,53.822583,On or near Francis Street,E01012681,Blackpool 006A,Anti-social behaviour,,
,2019-05,Lancashire Constabulary,Lancashire Constabulary,-3.054344,53.822327,On or near General Street,E01012681,Blackpool 006A,Anti-social behaviour,,
,2019-05,Lancashire Constabulary,Lancashire Constabulary,-3.051604,53.820922,On or near Dickson Road,E01012681,Blackpool 006A,Anti-social behaviour,,
,2019-05,Lancashire Constabulary,Lancashire Constabulary,-3.054780,53.819744,On or near The Strand,E01012681,Blackpool 006A,Anti-social behaviour,,
,2019-05,Lancashire Constabulary,Lancashire Constabulary,-3.051288,53.821015,On or near Nightclub,E01012681,Blackpool 006A,Anti-social behaviour,,
,2019-05,Lancashire Constabulary,Lancashire Constabulary,-3.049646,53.821595,On or near High Street,E01012681,Blackpool 006A,Anti-social behaviour,,
,2019-05,Lancashire Constabulary,Lancashire Constabulary,-3.051604,53.820922,On or near Dickson Road,E01012681,Blackpool 006A,Anti-social behaviour,,
,2019-05,Lancashire Constabulary,Lancashire Constabulary,-3.050476,53.820761,On or near Shopping Area,E01012681,Blackpool 006A,Anti-social behaviour,,
,2019-05,Lancashire Constabulary,Lancashire Constabulary,-3.054780,53.819744,On or near The Strand,E01012681,Blackpool 006A,Anti-social behaviour,,
,2019-05,Lancashire Constabulary,Lancashire Constabulary,-3.051288,53.821015,On or near Nightclub,E01012681,Blackpool 006A,Anti-social behaviour,,
,2019-05,Lancashire Constabulary,Lancashire Constabulary,-3.053849,53.822583,On or near Francis Street,E01012681,Blackpool 006A,Anti-social behaviour,,
,2019-05,Lancashire Constabulary,Lancashire Constabulary,-3.054338,53.828754,On or near Derby Road,E01012681,Blackpool 006A,Anti-social behaviour,,
,2019-05,Lancashire Constabulary,Lancashire Constabulary,-3.053274,53.820269,On or near Abingdon Street,E01012681,Blackpool 006A,Anti-social behaviour,,
,2019-05,Lancashire Constabulary,Lancashire Constabulary,-3.054031,53.823777,On or near Dickson Road,E01012681,Blackpool 006A,Anti-social behaviour,,
,2019-05,Lancashire Constabulary,Lancashire Constabulary,-3.052198,53.825222,On or near Lynn Grove,E01012681,Blackpool 006A,Anti-social behaviour,,
,2019-05,Lancashire Constabulary,Lancashire Constabulary,-3.051245,53.821716,On or near Springfield Road,E01012681,Blackpool 006A,Anti-social behaviour,,
,2019-05,Lancashire Constabulary,Lancashire Constabulary,-3.051096,53.824899,On or near Cross Street,E01012681,Blackpool 006A,Anti-social behaviour,,
,2019-05,Lancashire Constabulary,Lancashire Constabulary,-3.053274,53.820269,On or near Abingdon Street,E01012681,Blackpool 006A,Anti-social behaviour,,
,2019-05,Lancashire Constabulary,Lancashire Constabulary,-3.054344,53.822327,On or near General Street,E01012681,Blackpool 006A,Anti-social behaviour,,
,2019-05,Lancashire Constabulary,Lancashire Constabulary,-3.054704,53.823960,On or near Lansdowne Place,E01012681,Blackpool 006A,Anti-social behaviour,,
,2019-05,Lancashire Constabulary,Lancashire Constabulary,-3.051288,53.821015,On or near Nightclub,E01012681,Blackpool 006A,Anti-social behaviour,,
,2019-05,Lancashire Constabulary,Lancashire Constabulary,-3.049646,53.821595,On or near High Street,E01012681,Blackpool 006A,Anti-social behaviour,,
,2019-05,Lancashire Constabulary,Lancashire Constabulary,-3.051288,53.821015,On or near Nightclub,E01012681,Blackpool 006A,Anti-social behaviour,,
,2019-05,Lancashire Constabulary,Lancashire Constabulary,-3.051604,53.820922,On or near Dickson Road,E01012681,Blackpool 006A,Anti-social behaviour,,
,2019-05,Lancashire Constabulary,Lancashire Constabulary,-3.054031,53.823777,On or near Dickson Road,E01012681,Blackpool 006A,Anti-social behaviour,,
,2019-05,Lancashire Constabulary,Lancashire Constabulary,-3.051245,53.821716,On or near Springfield Road,E01012681,Blackpool 006A,Anti-social behaviour,,
,2019-05,Lancashire Constabulary,Lancashire Constabulary,-3.049646,53.821595,On or near High Street,E01012681,Blackpool 006A,Anti-social behaviour,,
,2019-05,Lancashire Constabulary,Lancashire Constabulary,-3.054344,53.822327,On or near General Street,E01012681,Blackpool 006A,Anti-social behaviour,,
,2019-05,Lancashire Constabulary,Lancashire Constabulary,-3.054704,53.823960,On or near Lansdowne Place,E01012681,Blackpool 006A,Anti-social behaviour,,
,2019-05,Lancashire Constabulary,Lancashire Constabulary,-3.054344,53.822327,On or near General Street,E01012681,Blackpool 006A,Anti-social behaviour,,
,2019-05,Lancashire Constabulary,Lancashire Constabulary,-3.054826,53.820984,On or near Shopping Area,E01012681,Blackpool 006A,Anti-social behaviour,,
,2019-05,Lancashire Constabulary,Lancashire Constabulary,-3.054780,53.819744,On or near The Strand,E01012681,Blackpool 006A,Anti-social behaviour,,
,2019-05,Lancashire Constabulary,Lancashire Constabulary,-3.053849,53.822583,On or near Francis Street,E01012681,Blackpool 006A,Anti-social behaviour,,
,2019-05,Lancashire Constabulary,Lancashire Constabulary,-3.051288,53.821015,On or near Nightclub,E01012681,Blackpool 006A,Anti-social behaviour,,
,2019-05,Lancashire Constabulary,Lancashire Constabulary,-3.051604,53.820922,On or near Dickson Road,E01012681,Blackpool 006A,Anti-social behaviour,,
,2019-05,Lancashire Constabulary,Lancashire Constabulary,-3.052174,53.823029,On or near Lord Street,E01012681,Blackpool 006A,Anti-social behaviour,,
,2019-05,Lancashire Constabulary,Lancashire Constabulary,-3.052936,53.826762,On or near Eaves Street,E01012681,Blackpool 006A,Anti-social behaviour,,
,2019-05,Lancashire Constabulary,Lancashire Constabulary,-3.053226,53.827433,On or near Imperial Street,E01012681,Blackpool 006A,Anti-social behaviour,,
,2019-05,Lancashire Constabulary,Lancashire Constabulary,-3.054649,53.827834,On or near Wilton Parade,E01012681,Blackpool 006A,Anti-social behaviour,,
,2019-05,Lancashire Constabulary,Lancashire Constabulary,-3.049646,53.821595,On or near High Street,E01012681,Blackpool 006A,Anti-social behaviour,,
,2019-05,Lancashire Constabulary,Lancashire Constabulary,-3.051096,53.824899,On or near Cross Street,E01012681,Blackpool 006A,Anti-social behaviour,,
,2019-05,Lancashire Constabulary,Lancashire Constabulary,-3.052173,53.820576,On or near Queen Street,E01012681,Blackpool 006A,Anti-social behaviour,,
,2019-05,Lancashire Constabulary,Lancashire Constabulary,-3.053274,53.820269,On or near Abingdon Street,E01012681,Blackpool 006A,Anti-social behaviour,,
,2019-05,Lancashire Constabulary,Lancashire Constabulary,-3.053274,53.820269,On or near Abingdon Street,E01012681,Blackpool 006A,Anti-social behaviour,,
,2019-05,Lancashire Constabulary,Lancashire Constabulary,-3.051604,53.820922,On or near Dickson Road,E01012681,Blackpool 006A,Anti-social behaviour,,
,2019-05,Lancashire Constabulary,Lancashire Constabulary,-3.052173,53.820576,On or near Queen Street,E01012681,Blackpool 006A,Anti-social behaviour,,
,2019-05,Lancashire Constabulary,Lancashire Constabulary,-3.054780,53.819744,On or near The Strand,E01012681,Blackpool 006A,Anti-social behaviour,,
,2019-05,Lancashire Constabulary,Lancashire Constabulary,-3.052173,53.820576,On or near Queen Street,E01012681,Blackpool 006A,Anti-social behaviour,,
,2019-05,Lancashire Constabulary,Lancashire Constabulary,-3.052936,53.826762,On or near Eaves Street,E01012681,Blackpool 006A,Anti-social behaviour,,
0431b6b6b481d031cba07f899068d3d2b0561a31efe90cba56e699710b50e3c9,2019-05,Lancashire Constabulary,Lancashire Constabulary,-3.053274,53.820269,On or near Abingdon Street,E01012681,Blackpool 006A,Burglary,Status update unavailable,
0bf362c360a52fd94279b06bcb9b207258dcf5d69853e89e0aa73cf513a92db1,2019-05,Lancashire Constabulary,Lancashire Constabulary,-3.053849,53.822583,On or near Francis Street,E01012681,Blackpool 006A,Criminal damage and arson,Unable to prosecute suspect,
5be8e2a1fe0e5c966bbb1dbcfb63ff45d20af37b3f60f5715bbb930745b5ba65,2019-05,Lancashire Constabulary,Lancashire Constabulary,-3.054373,53.823477,On or near Back Warbreck Road,E01012681,Blackpool 006A,Criminal damage and arson,Status update unavailable,
25f0b76266d996c10c26d57300eafefd98d63bf13cc6b10186933f16de262e8e,2019-05,Lancashire Constabulary,Lancashire Constabulary,-3.054373,53.823477,On or near Back Warbreck Road,E01012681,Blackpool 006A,Criminal damage and arson,Status update unavailable,
150b07be6a96e5cc066fa806622676ac1f08aa5ca24285729c6479f06f70527a,2019-05,Lancashire Constabulary,Lancashire Constabulary,-3.054373,53.823477,On or near Back Warbreck Road,E01012681,Blackpool 006A,Criminal damage and arson,Status update unavailable,
8d673efc16249bf2e8cddbc265b79be4994d900806dbaac883cb5375fffb0729,2019-05,Lancashire Constabulary,Lancashire Constabulary,-3.053849,53.822583,On or near Francis Street,E01012681,Blackpool 006A,Criminal damage and arson,Status update unavailable,
8f314939031bcba2caeaac0f13d080fd0f5fe52a2d0633ffdc55c71683520622,2019-05,Lancashire Constabulary,Lancashire Constabulary,-3.053849,53.822583,On or near Francis Street,E01012681,Blackpool 006A,Criminal damage and arson,Awaiting court outcome,
d5ba13f20e48ca3b9c203b8bd1880cdb956392d64c0c5c153a584f844af95e27,2019-05,Lancashire Constabulary,Lancashire Constabulary,-3.049646,53.821595,On or near High Street,E01012681,Blackpool 006A,Criminal damage and arson,Status update unavailable,
8659870fd60b018b7bbb5c0bb6a0314b98ce92a3f262617a8647e526379bcd48,2019-05,Lancashire Constabulary,Lancashire Constabulary,-3.051245,53.821716,On or near Springfield Road,E01012681,Blackpool 006A,Criminal damage and arson,Status update unavailable,
c8dbada2a9ad3f5a4dc3003bd252e1d366bc95e918325137e10eba35aca278b9,2019-05,Lancashire Constabulary,Lancashire Constabulary,-3.054780,53.819744,On or near The Strand,E01012681,Blackpool 006A,Criminal damage and arson,Status update unavailable,
f1f4584c356e8ffc1c1930d01d70bbb6f4c56443cf1274dd42f070d812c5a066,2019-05,Lancashire Constabulary,Lancashire Constabulary,-3.053377,53.825580,On or near Braithwaite Street,E01012681,Blackpool 006A,Criminal damage and arson,Status update unavailable,
41407356eeb1d238ebd0fc65f2b2a479b4f28b4bcdbe58c4123fbcce07f10420,2019-05,Lancashire Constabulary,Lancashire Constabulary,-3.051096,53.824899,On or near Cross Street,E01012681,Blackpool 006A,Criminal damage and arson,Status update unavailable,
22ca4b00965cc59e96e571f85c040cee518d0138f937f969f3558bce36e8a082,2019-05,Lancashire Constabulary,Lancashire Constabulary,-3.051245,53.821716,On or near Springfield Road,E01012681,Blackpool 006A,Criminal damage and arson,Status update unavailable,
2d0b9c69e284b166866bf9e7a437e1e042f7d6c1fe121e66847d4c93757e563d,2019-05,Lancashire Constabulary,Lancashire Constabulary,-3.051245,53.821716,On or near Springfield Road,E01012681,Blackpool 006A,Criminal damage and arson,Status update unavailable,
b7bba641fc33bfa1f82294637a9796c93db82629bbc50a08cac3a88b746e9a49,2019-05,Lancashire Constabulary,Lancashire Constabulary,-3.053849,53.822583,On or near Francis Street,E01012681,Blackpool 006A,Criminal damage and arson,Status update unavailable,
f704d536b0b1f02ff78409fdd01c880d46a115c00087c8a6b666abe864a7be9d,2019-05,Lancashire Constabulary,Lancashire Constabulary,-3.051245,53.821716,On or near Springfield Road,E01012681,Blackpool 006A,Criminal damage and arson,Status update unavailable,
f3ddaf2ae8c91e29e2777b93bd5f25765d3b54323fdbdfe558684cfa06d18835,2019-05,Lancashire Constabulary,Lancashire Constabulary,-3.053308,53.828260,On or near Moorhouse Street,E01012681,Blackpool 006A,Criminal damage and arson,Status update unavailable,
1db8459b6fb1392f499e630833e78cae6b462b0dc380c9d287f46fca617191d6,2019-05,Lancashire Constabulary,Lancashire Constabulary,-3.053119,53.824998,On or near Pleasant Street,E01012681,Blackpool 006A,Criminal damage and arson,Status update unavailable,
87d81a543e491698b3761437bb87f6556b8e7b6107362ee698903cef273ed166,2019-05,Lancashire Constabulary,Lancashire Constabulary,-3.053849,53.822583,On or near Francis Street,E01012681,Blackpool 006A,Drugs,Local resolution,
bc654220a0cabf47e06ef9b7981dfcbcc84e1b3fec628700b55618e52854fdd2,2019-05,Lancashire Constabulary,Lancashire Constabulary,-3.054358,53.821698,On or near Filey Place,E01012681,Blackpool 006A,Drugs,Unable to prosecute suspect,
a773fb8876b5834acd7a8c9555f2e89044367b4d2c4303ed51d0bfda94d39eda,2019-05,Lancashire Constabulary,Lancashire Constabulary,-3.051288,53.821015,On or near Nightclub,E01012681,Blackpool 006A,Drugs,Status update unavailable,
86845cd2715b09391239c0621b3b1f80dd56b73df4bcda272a249c71b6747a9e,2019-05,Lancashire Constabulary,Lancashire Constabulary,-3.054649,53.827834,On or near Wilton Parade,E01012681,Blackpool 006A,Drugs,Offender given a caution,
a1f59a57eeb0c517aca1b9f6c4bf6165c1783cf7cd6fdad7052ed584c537f9ce,2019-05,Lancashire Constabulary,Lancashire Constabulary,-3.049646,53.821595,On or near High Street,E01012681,Blackpool 006A,Drugs,Awaiting court outcome,
9e0e7c2499a16b520ba09dfd14075586a097e66d1d31540747296df546cde31b,2019-05,Lancashire Constabulary,Lancashire Constabulary,-3.052174,53.823029,On or near Lord Street,E01012681,Blackpool 006A,Other theft,Awaiting court outcome,
7ca6a0e7ac11f92c413761f1ea9c97355eb91f5e72a5c4d1148bff11adc17e9e,2019-05,Lancashire Constabulary,Lancashire Constabulary,-3.047760,53.822699,On or near Parking Area,E01012681,Blackpool 006A,Other theft,Status update unavailable,
55b6438544fde481df218ce9363f004ce5602445b93bf6bdb49d2b0b1260a402,2019-05,Lancashire Constabulary,Lancashire Constabulary,-3.053119,53.824998,On or near Pleasant Street,E01012681,Blackpool 006A,Other theft,Status update unavailable,
e7a73bbc0e8988cc6514e66d25177b4bcca13c89da0962de8b2abf9daddef7ce,2019-05,Lancashire Constabulary,Lancashire Constabulary,-3.053849,53.822583,On or near Francis Street,E01012681,Blackpool 006A,Other theft,Status update unavailable,
24067ea447a4c524414ad801e60bf6cfef042f2c76041518f8e36ec0dc763e01,2019-05,Lancashire Constabulary,Lancashire Constabulary,-3.054780,53.819744,On or near The Strand,E01012681,Blackpool 006A,Other theft,Status update unavailable,
53f10085fdf17278cb7e2c7c2a920d507050c68a2ba4a8205d6cd4a707d41260,2019-05,Lancashire Constabulary,Lancashire Constabulary,-3.053626,53.820967,On or near Springfield Road,E01012681,Blackpool 006A,Other theft,Status update unavailable,
a4375ed72c3558369973958da02cea1f8803eda02d618a24faa7a11caa14dca7,2019-05,Lancashire Constabulary,Lancashire Constabulary,-3.054338,53.828754,On or near Derby Road,E01012681,Blackpool 006A,Other theft,Status update unavailable,
8658c509700348e43713952cb67888ef40264e64f76c3df7ba55507fbf58abd3,2019-05,Lancashire Constabulary,Lancashire Constabulary,-3.051245,53.821716,On or near Springfield Road,E01012681,Blackpool 006A,Other theft,Status update unavailable,
98405ee980f5bc944a721458374c681742a3724b464acc6f5380019c2933f793,2019-05,Lancashire Constabulary,Lancashire Constabulary,-3.051245,53.821716,On or near Springfield Road,E01012681,Blackpool 006A,Other theft,Unable to prosecute suspect,
f4f22a31a7c788f68c38302bbb5bc30ef5878d1fc4c1935c24f57ea9323d0b1b,2019-05,Lancashire Constabulary,Lancashire Constabulary,-3.049646,53.821595,On or near High Street,E01012681,Blackpool 006A,Other theft,Status update unavailable,
bf7b950b411d228257e32cdd201b82457216108835d7f4647e1c9e79a4114a5a,2019-05,Lancashire Constabulary,Lancashire Constabulary,-3.053138,53.824531,On or near Mount Street,E01012681,Blackpool 006A,Other theft,Status update unavailable,
fac835191eeb3dce0b590258ac0ec9a91fea46e470cd461fc37c03708f4d9c20,2019-05,Lancashire Constabulary,Lancashire Constabulary,-3.050476,53.820761,On or near Shopping Area,E01012681,Blackpool 006A,Other theft,Status update unavailable,
0fa16f5c5bd1976b747f9348e7c12cca0496d9d094a206648bbd6dfd944582eb,2019-05,Lancashire Constabulary,Lancashire Constabulary,-3.052173,53.820576,On or near Queen Street,E01012681,Blackpool 006A,Possession of weapons,Awaiting court outcome,
b9ffc54d1bb52197733c4e68d4bd89354bb9ddc8196c60d24218ac153f2a3228,2019-05,Lancashire Constabulary,Lancashire Constabulary,-3.054780,53.819744,On or near The Strand,E01012681,Blackpool 006A,Possession of weapons,Status update unavailable,
d6cec5bbaf2864627c7a0fa902dd625edbed35fcead0ca4cfe6093e3cead0799,2019-05,Lancashire Constabulary,Lancashire Constabulary,-3.053331,53.826758,On or near Eaves Street,E01012681,Blackpool 006A,Possession of weapons,Awaiting court outcome,
8607a486665e8e2c82b3f08e7cdfe8bc12cad6c14a7efea986dd800ab71e50c7,2019-05,Lancashire Constabulary,Lancashire Constabulary,-3.051922,53.822672,On or near Banks Street,E01012681,Blackpool 006A,Public order,Further investigation is not in the public interest,
2749545c8105363e1719882384fbff94ecf10ee00d8cfcafc41f64599f94055a,2019-05,Lancashire Constabulary,Lancashire Constabulary,-3.050476,53.820761,On or near Shopping Area,E01012681,Blackpool 006A,Public order,Further investigation is not in the public interest,
af69aa73d4ffdfabe187ec956b2936964a66e72eea06350d43959aca785f2c1c,2019-05,Lancashire Constabulary,Lancashire Constabulary,-3.052198,53.825222,On or near Lynn Grove,E01012681,Blackpool 006A,Public order,Unable to prosecute suspect,
cfc1a1888dd5ed1efb345824113137f5eb09023ad8f3f2c433d87f82cdf3aa25,2019-05,Lancashire Constabulary,Lancashire Constabulary,-3.052173,53.820576,On or near Queen Street,E01012681,Blackpool 006A,Public order,Status update unavailable,
7fde0d11ee36fbed6fc57db099a0d7045ff5802cccc49bc62e57333212b7ad4c,2019-05,Lancashire Constabulary,Lancashire Constabulary,-3.052173,53.820576,On or near Queen Street,E01012681,Blackpool 006A,Public order,Further investigation is not in the public interest,
ba6a3523676c79debf740ea37226a12e5bc63d21a7fd19ece2cde98c1fec2f23,2019-05,Lancashire Constabulary,Lancashire Constabulary,-3.054338,53.828754,On or near Derby Road,E01012681,Blackpool 006A,Public order,Awaiting court outcome,
377e61306d7fc4687f00ed2e709e067be6bfe7230b7a59c023415df932c6fa0e,2019-05,Lancashire Constabulary,Lancashire Constabulary,-3.053226,53.827433,On or near Imperial Street,E01012681,Blackpool 006A,Public order,Status update unavailable,
e7be0d719f1d5ddbc2dbc46088fd7ffc50d4d3ce2de2061cc210f6b2e825d66a,2019-05,Lancashire Constabulary,Lancashire Constabulary,-3.052173,53.820576,On or near Queen Street,E01012681,Blackpool 006A,Public order,Unable to prosecute suspect,
24ef8cce57c3a55239d733716d290460b024bc6a231a7810366a3089dce7a92f,2019-05,Lancashire Constabulary,Lancashire Constabulary,-3.052173,53.820576,On or near Queen Street,E01012681,Blackpool 006A,Public order,Status update unavailable,
f921d3ff97b162b522514849467e66c369b2f21b60982597cbe185851c65448a,2019-05,Lancashire Constabulary,Lancashire Constabulary,-3.054780,53.819744,On or near The Strand,E01012681,Blackpool 006A,Public order,Status update unavailable,
91dbe523384741692a540d74ddbb701017d53606d5cb4b942af10de894c35195,2019-05,Lancashire Constabulary,Lancashire Constabulary,-3.052173,53.820576,On or near Queen Street,E01012681,Blackpool 006A,Public order,Status update unavailable,
40ddc4659e528ca50b0637b6a9b462e8e206030d8c8509a699d5a2078e5af4d4,2019-05,Lancashire Constabulary,Lancashire Constabulary,-3.052173,53.820576,On or near Queen Street,E01012681,Blackpool 006A,Public order,Status update unavailable,
4e7af704a929fcce00984a73364089d3bb96e829e33efb8731346af566e78434,2019-05,Lancashire Constabulary,Lancashire Constabulary,-3.051922,53.822672,On or near Banks Street,E01012681,Blackpool 006A,Public order,Further investigation is not in the public interest,
e48318c1775e285a9b4a36b1107180c14a452243707067cef929720a258b3078,2019-05,Lancashire Constabulary,Lancashire Constabulary,-3.054031,53.823777,On or near Dickson Road,E01012681,Blackpool 006A,Public order,Status update unavailable,
35ccc62298e2c48280512d76601aa2a06e585a0a44a55fbebc4db1ff530cd6d3,2019-05,Lancashire Constabulary,Lancashire Constabulary,-3.053849,53.822583,On or near Francis Street,E01012681,Blackpool 006A,Public order,Status update unavailable,
470539f2ea47f3e910c306f11f9313bc2116957f4f54e5a6c595d7f88ba7c85c,2019-05,Lancashire Constabulary,Lancashire Constabulary,-3.052173,53.820576,On or near Queen Street,E01012681,Blackpool 006A,Public order,Status update unavailable,
81457f0487ace272e06801eaed4ecaf2d48b18465a2fd8c87e11bccf6114fdd9,2019-05,Lancashire Constabulary,Lancashire Constabulary,-3.053226,53.827433,On or near Imperial Street,E01012681,Blackpool 006A,Robbery,Status update unavailable,
7e41bc17165a0e7bdecbb3a41ad0aacd1522217fb940dc6543a0664691049eae,2019-05,Lancashire Constabulary,Lancashire Constabulary,-3.054373,53.823477,On or near Back Warbreck Road,E01012681,Blackpool 006A,Robbery,Status update unavailable,
bfa23fc2589171099ce8c55dcc31e9303d08b954c16dac2b91876cb869afb4e7,2019-05,Lancashire Constabulary,Lancashire Constabulary,-3.054780,53.819744,On or near The Strand,E01012681,Blackpool 006A,Robbery,Status update unavailable,
8e886f05f3bf73731175ab0cc804055508d1955febf895a17120eba7e60e6c9d,2019-05,Lancashire Constabulary,Lancashire Constabulary,-3.054780,53.819744,On or near The Strand,E01012681,Blackpool 006A,Robbery,Status update unavailable,
5573e27b7ba620b3c3b72fc0d4f1895dec4043ca04e68615ab6b9f9eb6c8469c,2019-05,Lancashire Constabulary,Lancashire Constabulary,-3.052173,53.820576,On or near Queen Street,E01012681,Blackpool 006A,Robbery,Status update unavailable,
9c1e6363f96b51d7df64ededf8af6e7f73a066c636ba87600d99b1fa84ff117b,2019-05,Lancashire Constabulary,Lancashire Constabulary,-3.052173,53.820576,On or near Queen Street,E01012681,Blackpool 006A,Shoplifting,Further investigation is not in the public interest,
aaa428105477ac55e769e507dce12f8343657b5b5095508f729133865251093b,2019-05,Lancashire Constabulary,Lancashire Constabulary,-3.050476,53.820761,On or near Shopping Area,E01012681,Blackpool 006A,Shoplifting,Awaiting court outcome,
a57e6eb0534767629c3fadf673366845d967c6f8ee40aab77d1cecf2589ffa7e,2019-05,Lancashire Constabulary,Lancashire Constabulary,-3.050476,53.820761,On or near Shopping Area,E01012681,Blackpool 006A,Shoplifting,Further investigation is not in the public interest,
6cfeaaaba3f743df8a11d1f65a368224a666bfe14cd296639f0d7c94e389fe05,2019-05,Lancashire Constabulary,Lancashire Constabulary,-3.050476,53.820761,On or near Shopping Area,E01012681,Blackpool 006A,Shoplifting,Awaiting court outcome,
44097478ed8fa7fe80fea0b76875a43ab043467c86e20d1193164cc3ae897707,2019-05,Lancashire Constabulary,Lancashire Constabulary,-3.052173,53.820576,On or near Queen Street,E01012681,Blackpool 006A,Shoplifting,Formal action is not in the public interest,
d1e4844355ca37703d6a1fbb877ce4730f70391c8e67da825d193a092d62d853,2019-05,Lancashire Constabulary,Lancashire Constabulary,-3.052173,53.820576,On or near Queen Street,E01012681,Blackpool 006A,Shoplifting,Further investigation is not in the public interest,
fb83d9dd559787e2fe7786811e360253851c842318f65d1d94ef6584b13c7962,2019-05,Lancashire Constabulary,Lancashire Constabulary,-3.050476,53.820761,On or near Shopping Area,E01012681,Blackpool 006A,Shoplifting,Awaiting court outcome,
c93b336d36f90a496bec8f2d17c61e75134cccc805a9b8709106081246ea11cf,2019-05,Lancashire Constabulary,Lancashire Constabulary,-3.050476,53.820761,On or near Shopping Area,E01012681,Blackpool 006A,Shoplifting,Investigation complete; no suspect identified,
ac512d4b07df748f20e3f0634397045d48a9f9353ee4bc71f3d05f2de6794084,2019-05,Lancashire Constabulary,Lancashire Constabulary,-3.050476,53.820761,On or near Shopping Area,E01012681,Blackpool 006A,Shoplifting,Awaiting court outcome,
36bdb21c3eeebc49854983f02c494323aef5406988d85a8a533ad484fd54c4d2,2019-05,Lancashire Constabulary,Lancashire Constabulary,-3.052173,53.820576,On or near Queen Street,E01012681,Blackpool 006A,Shoplifting,Status update unavailable,
26d6ad80422f737b7961c978ac46393571a21130ca9fc8d95af150dc8b97bbde,2019-05,Lancashire Constabulary,Lancashire Constabulary,-3.050476,53.820761,On or near Shopping Area,E01012681,Blackpool 006A,Shoplifting,Status update unavailable,
ff16418521908de274963ed5dd0a8278614d87a84a3f10af5c1cfe4f7054e9e0,2019-05,Lancashire Constabulary,Lancashire Constabulary,-3.052173,53.820576,On or near Queen Street,E01012681,Blackpool 006A,Shoplifting,Status update unavailable,
f49f0196c03d30c690d766a3b83454911c4a277f7440de9782fec5a68287ef4d,2019-05,Lancashire Constabulary,Lancashire Constabulary,-3.052173,53.820576,On or near Queen Street,E01012681,Blackpool 006A,Shoplifting,Status update unavailable,
159be4190dd09bc6465acea3aa1e8586d594b44547d33f787f3feff168896d46,2019-05,Lancashire Constabulary,Lancashire Constabulary,-3.050476,53.820761,On or near Shopping Area,E01012681,Blackpool 006A,Shoplifting,Awaiting court outcome,
968a7f7088ec6e88b026cd370868ed312996d869d053ea89e55385637359d01b,2019-05,Lancashire Constabulary,Lancashire Constabulary,-3.052173,53.820576,On or near Queen Street,E01012681,Blackpool 006A,Theft from the person,Awaiting court outcome,
f7c9e1288d0f01e1d7f5b59c9c294d0b5266ee745837cbe8197e8664a1c508fe,2019-05,Lancashire Constabulary,Lancashire Constabulary,-3.054780,53.819744,On or near The Strand,E01012681,Blackpool 006A,Theft from the person,Status update unavailable,
82fd0cc7e142ce01eca181b7e44e45e816f8c60f4fe10908c462f6a7104b4619,2019-05,Lancashire Constabulary,Lancashire Constabulary,-3.051604,53.820922,On or near Dickson Road,E01012681,Blackpool 006A,Theft from the person,Status update unavailable,
89c7ea28ada41e18aa9951feab20b7e5927c44eee7ab2f509cc90acccba92a5c,2019-05,Lancashire Constabulary,Lancashire Constabulary,-3.054780,53.819744,On or near The Strand,E01012681,Blackpool 006A,Theft from the person,Status update unavailable,
ecaf76e97753133c7844bb3e1598839aa664d982a699f49bd33a1a167fe672a4,2019-05,Lancashire Constabulary,Lancashire Constabulary,-3.054780,53.819744,On or near The Strand,E01012681,Blackpool 006A,Theft from the person,Status update unavailable,
91c2fdc6553771836cb105adec9659e5ae1b0dca65dc5940b05472438b187bce,2019-05,Lancashire Constabulary,Lancashire Constabulary,-3.054780,53.819744,On or near The Strand,E01012681,Blackpool 006A,Theft from the person,Status update unavailable,
019291235835043fa009506076aa891ef6d6643bff57787d525f0397b5defe7d,2019-05,Lancashire Constabulary,Lancashire Constabulary,-3.054780,53.819744,On or near The Strand,E01012681,Blackpool 006A,Theft from the person,Status update unavailable,
b5ac1687633f3362215b07ccd0ef7a1cf39af5b10d6d7e6f50f13a6beb05a01e,2019-05,Lancashire Constabulary,Lancashire Constabulary,-3.054704,53.823960,On or near Lansdowne Place,E01012681,Blackpool 006A,Vehicle crime,Status update unavailable,
5be4c0e96d2447996dda80475deb4e2aa37d5eccdb06c97266aa5ce8c023567a,2019-05,Lancashire Constabulary,Lancashire Constabulary,-3.051245,53.821716,On or near Springfield Road,E01012681,Blackpool 006A,Vehicle crime,Status update unavailable,
5eac4d4ce43edc402b41c70fc2ab6e9a12248e88181172ce30fbbf3358e20f77,2019-05,Lancashire Constabulary,Lancashire Constabulary,-3.054649,53.827834,On or near Wilton Parade,E01012681,Blackpool 006A,Vehicle crime,Status update unavailable,
eba808759d6f88d14cc4802534d1285a0f508da39f6574d53c7589821a2ed0f4,2019-05,Lancashire Constabulary,Lancashire Constabulary,-3.053331,53.826758,On or near Eaves Street,E01012681,Blackpool 006A,Violence and sexual offences,Further investigation is not in the public interest,
64058389331d3a887dd432858358c54142d6bbc6632e73fb747e51c7beb1ad39,2019-05,Lancashire Constabulary,Lancashire Constabulary,-3.051604,53.820922,On or near Dickson Road,E01012681,Blackpool 006A,Violence and sexual offences,Status update unavailable,
bd05dd5ee0b678e5c49a1c2a76978cd6c1e08dc1aac6b3aaab5806d77a5320c0,2019-05,Lancashire Constabulary,Lancashire Constabulary,-3.053849,53.822583,On or near Francis Street,E01012681,Blackpool 006A,Violence and sexual offences,Unable to prosecute suspect,
fd8275bbe3ac9958d3c151ae780d820bfdedfa5e8a091e049a9647ec492c6006,2019-05,Lancashire Constabulary,Lancashire Constabulary,-3.054373,53.823477,On or near Back Warbreck Road,E01012681,Blackpool 006A,Violence and sexual offences,Status update unavailable,
7e1913fc1964f850ee9812abff0acbf792d2f1358345a09bb24c7f0655912bdf,2019-05,Lancashire Constabulary,Lancashire Constabulary,-3.052173,53.820576,On or near Queen Street,E01012681,Blackpool 006A,Violence and sexual offences,Unable to prosecute suspect,
dd4bbaf5a8b7a540e2e34fc1b3fe5df371093ad7a08c812c1e3d577b9e043eba,2019-05,Lancashire Constabulary,Lancashire Constabulary,-3.052198,53.825222,On or near Lynn Grove,E01012681,Blackpool 006A,Violence and sexual offences,Status update unavailable,
959a955f7a26e9306efd03e2720aa5b5d2c82ba9689f9fdc18b5592598e475be,2019-05,Lancashire Constabulary,Lancashire Constabulary,-3.051922,53.822672,On or near Banks Street,E01012681,Blackpool 006A,Violence and sexual offences,Further investigation is not in the public interest,
c2bb0c4045b4f4510a2517e0c9f0cb4476c06083152343a0b953e6be3f38c998,2019-05,Lancashire Constabulary,Lancashire Constabulary,-3.052174,53.823029,On or near Lord Street,E01012681,Blackpool 006A,Violence and sexual offences,Status update unavailable,
141b03f3a095332059e7ee58af06789021627d1e1d1962efbc2f564e671b4b40,2019-05,Lancashire Constabulary,Lancashire Constabulary,-3.051922,53.822672,On or near Banks Street,E01012681,Blackpool 006A,Violence and sexual offences,Unable to prosecute suspect,
bd42a320fc9414b2c85e6b1aa2bd9c0242663a56b3b01cf3c2b7ed6281978c57,2019-05,Lancashire Constabulary,Lancashire Constabulary,-3.052173,53.820576,On or near Queen Street,E01012681,Blackpool 006A,Violence and sexual offences,Status update unavailable,
ab97e5a776083ce1b0a25e874aca7aab52fb1088501bbe31ef8cc3777f9049f4,2019-05,Lancashire Constabulary,Lancashire Constabulary,-3.054704,53.823960,On or near Lansdowne Place,E01012681,Blackpool 006A,Violence and sexual offences,Local resolution,
9f3f057fc22e261c4901362c0f5d2886f2032cf8a9dc9bd909d72e1c65d5f150,2019-05,Lancashire Constabulary,Lancashire Constabulary,-3.054780,53.819744,On or near The Strand,E01012681,Blackpool 006A,Violence and sexual offences,Status update unavailable,
b3077ac50899d765fa71e21d49622788c67692a16b76c9249775c867010e032b,2019-05,Lancashire Constabulary,Lancashire Constabulary,-3.051604,53.820922,On or near Dickson Road,E01012681,Blackpool 006A,Violence and sexual offences,Unable to prosecute suspect,
c72b94a46eeb53938e865d3e331b7e626ed6bc795cfe9c2ccaaba43643cb6c76,2019-05,Lancashire Constabulary,Lancashire Constabulary,-3.053547,53.821462,On or near Walker Street,E01012681,Blackpool 006A,Violence and sexual offences,Status update unavailable,
2d0b7c7bba38ec2fab98d85331256f444fff8e61565f734da328e4cae949b695,2019-05,Lancashire Constabulary,Lancashire Constabulary,-3.053226,53.827433,On or near Imperial Street,E01012681,Blackpool 006A,Violence and sexual offences,Unable to prosecute suspect,
ce0ccde01dabd1c8911ef8d6bb8f71cd824eacfe58365b5c5e5051189479ea63,2019-05,Lancashire Constabulary,Lancashire Constabulary,-3.054344,53.822327,On or near General Street,E01012681,Blackpool 006A,Violence and sexual offences,Status update unavailable,
1f0baec6f6bd2fe39b827e4e7fe6d3daac3b803698d334048898f5ae07b47bb0,2019-05,Lancashire Constabulary,Lancashire Constabulary,-3.051096,53.824899,On or near Cross Street,E01012681,Blackpool 006A,Violence and sexual offences,Unable to prosecute suspect,
aa7c44cd1671b45c56196d716af5e5e55e9d92611988c6b530581270e87f0cdc,2019-05,Lancashire Constabulary,Lancashire Constabulary,-3.054780,53.819744,On or near The Strand,E01012681,Blackpool 006A,Violence and sexual offences,Awaiting court outcome,
e49f98addbaeaf4b0f494d249f01435e0a97a081ae3ac2d03a3a8e611c784038,2019-05,Lancashire Constabulary,Lancashire Constabulary,-3.051245,53.821716,On or near Springfield Road,E01012681,Blackpool 006A,Violence and sexual offences,Further investigation is not in the public interest,
79819a8e51e36ddd5545aeb2418fedd81b4d78c9b6126090e50ff13fb5914069,2019-05,Lancashire Constabulary,Lancashire Constabulary,-3.052174,53.823029,On or near Lord Street,E01012681,Blackpool 006A,Violence and sexual offences,Status update unavailable,
419562e2d5eedbcea0726ce69d402fd584e3438b5f5dfd80e331d5a8449f076d,2019-05,Lancashire Constabulary,Lancashire Constabulary,-3.053138,53.824531,On or near Mount Street,E01012681,Blackpool 006A,Violence and sexual offences,Unable to prosecute suspect,
bd0243158359e883f26cc0138453643a2fb3ca56b41f84576096b105e6cfbc1a,2019-05,Lancashire Constabulary,Lancashire Constabulary,-3.054780,53.819744,On or near The Strand,E01012681,Blackpool 006A,Violence and sexual offences,Status update unavailable,
5f269289432df54be9b566851907254ab65662cc067da266c8f7b153709a7e72,2019-05,Lancashire Constabulary,Lancashire Constabulary,-3.051245,53.821716,On or near Springfield Road,E01012681,Blackpool 006A,Violence and sexual offences,Unable to prosecute suspect,
1d85dd2f647f5c8e6f3dcf63cefd56bf7e3310d39f5bad9dafe5d5d0aea25416,2019-05,Lancashire Constabulary,Lancashire Constabulary,-3.053547,53.821462,On or near Walker Street,E01012681,Blackpool 006A,Violence and sexual offences,Status update unavailable,
d10c696fd507ab24cf5aeb478eaacad09ff8e2162a105bca878cb0a496e94bf6,2019-05,Lancashire Constabulary,Lancashire Constabulary,-3.054780,53.819744,On or near The Strand,E01012681,Blackpool 006A,Violence and sexual offences,Unable to prosecute suspect,
38fec75c523207343bdf80cf70fe2f61622c6e6fbfda4817b8ad099c46a911ec,2019-05,Lancashire Constabulary,Lancashire Constabulary,-3.051245,53.821716,On or near Springfield Road,E01012681,Blackpool 006A,Violence and sexual offences,Status update unavailable,
0021d029db5eb1f937705baafcb01427d44dadd121841f69461b61294adc96ec,2019-05,Lancashire Constabulary,Lancashire Constabulary,-3.052173,53.820576,On or near Queen Street,E01012681,Blackpool 006A,Violence and sexual offences,Awaiting court outcome,
b7597c70dcf050abf3d7e40d41afab1670747b4e32607a059a6b3033b2afad7e,2019-05,Lancashire Constabulary,Lancashire Constabulary,-3.049646,53.821595,On or near High Street,E01012681,Blackpool 006A,Violence and sexual offences,Further investigation is not in the public interest,
c137d1051190d09df827fa7907fa1d8268ff7b4030716e08c5960c6c2260eb79,2019-05,Lancashire Constabulary,Lancashire Constabulary,-3.053849,53.822583,On or near Francis Street,E01012681,Blackpool 006A,Violence and sexual offences,Awaiting court outcome,
171afe26a791b70fcd8e14990731231dd96a2aa06c4ade39ccb057a37590555d,2019-05,Lancashire Constabulary,Lancashire Constabulary,-3.049646,53.821595,On or near High Street,E01012681,Blackpool 006A,Violence and sexual offences,Status update unavailable,
a52d7d515718613efc14248227ce0f78ccdf6bbda0cd0476d1c7b4bc4fb9dd8b,2019-05,Lancashire Constabulary,Lancashire Constabulary,-3.051245,53.821716,On or near Springfield Road,E01012681,Blackpool 006A,Violence and sexual offences,Further investigation is not in the public interest,
034a8f2fec5a61c5bd8aabdae51c7ad37b62fc055b2e2bca7267bd6080d31c56,2019-05,Lancashire Constabulary,Lancashire Constabulary,-3.054780,53.819744,On or near The Strand,E01012681,Blackpool 006A,Violence and sexual offences,Status update unavailable,
1b7d2b6f8cddfa632c467d9c7175a5cf8802ef47c65199d187926eb8ff88daaf,2019-05,Lancashire Constabulary,Lancashire Constabulary,-3.053849,53.822583,On or near Francis Street,E01012681,Blackpool 006A,Violence and sexual offences,Unable to prosecute suspect,
f4e067b84915ad78fa2a612a33f1398c7c647403e923ff88537851b54d611fc7,2019-05,Lancashire Constabulary,Lancashire Constabulary,-3.051288,53.821015,On or near Nightclub,E01012681,Blackpool 006A,Violence and sexual offences,Unable to prosecute suspect,
ef8603e57623db26ffa5f5f7c32bcdb6f734d14f7ef505cb7757a03130dd215b,2019-05,Lancashire Constabulary,Lancashire Constabulary,-3.051245,53.821716,On or near Springfield Road,E01012681,Blackpool 006A,Violence and sexual offences,Further investigation is not in the public interest,
d961ebd8135efe3e114f4e6d0264d19b0109e0de2fa35f04a24d65c11caea152,2019-05,Lancashire Constabulary,Lancashire Constabulary,-3.051288,53.821015,On or near Nightclub,E01012681,Blackpool 006A,Violence and sexual offences,Status update unavailable,
5031474fcbebf7e61832f505decccbf1e85dd30fff3032e16e15c2fbc919dda1,2019-05,Lancashire Constabulary,Lancashire Constabulary,-3.054338,53.828754,On or near Derby Road,E01012681,Blackpool 006A,Violence and sexual offences,Status update unavailable,
5d38e646ac699c672228ffeb166ac034c6f69df52e600618311a511d14210d2d,2019-05,Lancashire Constabulary,Lancashire Constabulary,-3.054780,53.819744,On or near The Strand,E01012681,Blackpool 006A,Violence and sexual offences,Status update unavailable,
a3791b48d978e1c14bad2fc41a98ef63b604efb1c9d56549018e80835fb06265,2019-05,Lancashire Constabulary,Lancashire Constabulary,-3.051922,53.822672,On or near Banks Street,E01012681,Blackpool 006A,Violence and sexual offences,Status update unavailable,
cb417800f3d9297220ae200d414142d21d5dda859a3550feda6188c5be33651a,2019-05,Lancashire Constabulary,Lancashire Constabulary,-3.054649,53.827834,On or near Wilton Parade,E01012681,Blackpool 006A,Violence and sexual offences,Offender sent to prison,
770c9d5a0880ac5020628aa0bbf6389929fa4906b5dbce71088c8d59ec9ae69d,2019-05,Lancashire Constabulary,Lancashire Constabulary,-3.052174,53.823029,On or near Lord Street,E01012681,Blackpool 006A,Violence and sexual offences,Unable to prosecute suspect,
e3494fb14b6965460da5c76044c5001466dfcfcbc9fbaac2f00f10b770758140,2019-05,Lancashire Constabulary,Lancashire Constabulary,-3.054780,53.819744,On or near The Strand,E01012681,Blackpool 006A,Violence and sexual offences,Status update unavailable,
5d440a40085dad9410b2de069a6b7a84ade1a55560787ef292cace668a84f6c9,2019-05,Lancashire Constabulary,Lancashire Constabulary,-3.054344,53.822327,On or near General Street,E01012681,Blackpool 006A,Violence and sexual offences,Status update unavailable,
c2bf10df0482f761c52b9fec5397b26ccaa9c222b35185ce4fbe0dacef043105,2019-05,Lancashire Constabulary,Lancashire Constabulary,-3.052936,53.826762,On or near Eaves Street,E01012681,Blackpool 006A,Violence and sexual offences,Unable to prosecute suspect,
f3620c3782f7a82a554bf31decd3b521ab8adf4796b7cd32c570fe1becffc9c5,2019-05,Lancashire Constabulary,Lancashire Constabulary,-3.052173,53.820576,On or near Queen Street,E01012681,Blackpool 006A,Violence and sexual offences,Unable to prosecute suspect,
cd6f5dcc6cf763c8bde8a9ac99ec4d21397ad9bf2c7bda8dbf9e2d9a52e39e40,2019-05,Lancashire Constabulary,Lancashire Constabulary,-3.051922,53.822672,On or near Banks Street,E01012681,Blackpool 006A,Violence and sexual offences,Status update unavailable,
4e8849188d880407f49e61a5cf864968439ebd5d55895051bdda8c1af82c6664,2019-05,Lancashire Constabulary,Lancashire Constabulary,-3.053274,53.820269,On or near Abingdon Street,E01012681,Blackpool 006A,Violence and sexual offences,Status update unavailable,
3df007fdb113b6988faaba0e5fe5b014f66bc5a5065ecf28864a6307e93ca91e,2019-05,Lancashire Constabulary,Lancashire Constabulary,-3.051245,53.821716,On or near Springfield Road,E01012681,Blackpool 006A,Violence and sexual offences,Unable to prosecute suspect,
194de87dc1d489b440c8e164f45fb1515f4cc87efbdb15f920802a392f7bc530,2019-05,Lancashire Constabulary,Lancashire Constabulary,-3.051288,53.821015,On or near Nightclub,E01012681,Blackpool 006A,Violence and sexual offences,Status update unavailable,
aa27962f97be2dedd0b9b4a3a3b4c1e6a83fc2996625ba5d3298c2fe80290665,2019-05,Lancashire Constabulary,Lancashire Constabulary,-3.051922,53.822672,On or near Banks Street,E01012681,Blackpool 006A,Violence and sexual offences,Status update unavailable,
57750efc11f141f28a09566c1412df8ef9ad6e18d6ecb400e1b46027c370d5c2,2019-05,Lancashire Constabulary,Lancashire Constabulary,-3.054780,53.819744,On or near The Strand,E01012681,Blackpool 006A,Violence and sexual offences,Status update unavailable,
4d546a60003fc6140a55b34f010802eb6b68f4cbf28592344b665fafac566dd6,2019-05,Lancashire Constabulary,Lancashire Constabulary,-3.052173,53.820576,On or near Queen Street,E01012681,Blackpool 006A,Violence and sexual offences,Unable to prosecute suspect,
c7d0efb4eb83a735771ad1b5955f854f6ef55d263a81d758f5270faa9e114a91,2019-05,Lancashire Constabulary,Lancashire Constabulary,-3.049646,53.821595,On or near High Street,E01012681,Blackpool 006A,Violence and sexual offences,Status update unavailable,
db78c45b5a3f94edfa9d70dc6fa4d9781039ed4ce67821665f741747ff22b5d6,2019-05,Lancashire Constabulary,Lancashire Constabulary,-3.052173,53.820576,On or near Queen Street,E01012681,Blackpool 006A,Violence and sexual offences,Status update unavailable,
4610584b5baf9e72a24669a93ffa1272f8f0a3c820713362d00eee19899d8ed7,2019-05,Lancashire Constabulary,Lancashire Constabulary,-3.054344,53.822327,On or near General Street,E01012681,Blackpool 006A,Violence and sexual offences,Status update unavailable,
0e90a3c01c88d86488547f821c22f59fe2591f1cbec01304f7398dd97f4e0598,2019-05,Lancashire Constabulary,Lancashire Constabulary,-3.051288,53.821015,On or near Nightclub,E01012681,Blackpool 006A,Violence and sexual offences,Status update unavailable,
942eb82cbc73aab2b39d30d91c18573eca28bbbe4b079506d6671b5a5c78a20e,2019-05,Lancashire Constabulary,Lancashire Constabulary,-3.053849,53.822583,On or near Francis Street,E01012681,Blackpool 006A,Violence and sexual offences,Awaiting court outcome,
995ce5f360356984f7485ad4b55ddbabfbbb2b381b6b381eefc9c5604891b759,2019-05,Lancashire Constabulary,Lancashire Constabulary,-3.051604,53.820922,On or near Dickson Road,E01012681,Blackpool 006A,Violence and sexual offences,Status update unavailable,
b02bdd197e81d55db52be29207f9f637bcbea10bfff9592c67df7ef7519bf14d,2019-05,Lancashire Constabulary,Lancashire Constabulary,-3.053226,53.827433,On or near Imperial Street,E01012681,Blackpool 006A,Violence and sexual offences,Awaiting court outcome,
e29b3cb9cc95324e858fd5de809881eb241d2351b7ad03bb27b68cab3538a159,2019-05,Lancashire Constabulary,Lancashire Constabulary,-3.054826,53.820984,On or near Shopping Area,E01012681,Blackpool 006A,Violence and sexual offences,Status update unavailable,
b1c9cd88bc1bfff855ef2781acb2c098716356c670a7dea75477fae5ee2ca0be,2019-05,Lancashire Constabulary,Lancashire Constabulary,-3.054780,53.819744,On or near The Strand,E01012681,Blackpool 006A,Violence and sexual offences,Status update unavailable,
59f8424982a1e5f1e9524db42a18d05eab4ec18d9c18ebdf3f8d068b714b3ed3,2019-05,Lancashire Constabulary,Lancashire Constabulary,-3.054780,53.819744,On or near The Strand,E01012681,Blackpool 006A,Violence and sexual offences,Status update unavailable,
55826cf77ad6420fdfab983d1bc01fa681a32f816fdc845214ef485222c9d584,2019-05,Lancashire Constabulary,Lancashire Constabulary,-3.051604,53.820922,On or near Dickson Road,E01012681,Blackpool 006A,Violence and sexual offences,Status update unavailable,
7fd53197c6b403972f3be95890683884b0d2dc0591427912b868f132ea4ef4fa,2019-05,Lancashire Constabulary,Lancashire Constabulary,-3.051922,53.822672,On or near Banks Street,E01012681,Blackpool 006A,Violence and sexual offences,Awaiting court outcome,
2add09745c3c2eb0e4998f58668675c029092c7cb1fd9dc02ec9e68cfd2027f1,2019-05,Lancashire Constabulary,Lancashire Constabulary,-3.053274,53.820269,On or near Abingdon Street,E01012681,Blackpool 006A,Violence and sexual offences,Status update unavailable,
ea73fae5b065b58b7f2eb5b9df291e694e69db2f04b8db2c1cd2fcb8bcfce0ef,2019-05,Lancashire Constabulary,Lancashire Constabulary,-3.052173,53.820576,On or near Queen Street,E01012681,Blackpool 006A,Violence and sexual offences,Status update unavailable,
dba2d2503e669dcff34aaa9fe657daa6cae747ef24c8e3662cb1ada79e5e5a4c,2019-05,Lancashire Constabulary,Lancashire Constabulary,-3.054588,53.820554,On or near Nightclub,E01012681,Blackpool 006A,Violence and sexual offences,Status update unavailable,
7e0a498ccebaf8c736914017dc22c4657da90ac50f20afc1de9f4a1aea42f4b3,2019-05,Lancashire Constabulary,Lancashire Constabulary,-3.051245,53.821716,On or near Springfield Road,E01012681,Blackpool 006A,Violence and sexual offences,Status update unavailable,
aa2099b219fad1ebffb7313be6d8de5170600f01cdc1fcd833b2264db6cf40f2,2019-05,Lancashire Constabulary,Lancashire Constabulary,-3.051604,53.820922,On or near Dickson Road,E01012681,Blackpool 006A,Violence and sexual offences,Offender given a caution,
289af000a232d2b1fde8806e79ae745972d6b495004355f6fc164b6c56e8a74d,2019-05,Lancashire Constabulary,Lancashire Constabulary,-3.051288,53.821015,On or near Nightclub,E01012681,Blackpool 006A,Violence and sexual offences,Status update unavailable,
550e7c92bbadbfddfc825b5af21a7f7d46cd0658ca1d84cc16b4ca0a3de85050,2019-05,Lancashire Constabulary,Lancashire Constabulary,-3.051288,53.821015,On or near Nightclub,E01012681,Blackpool 006A,Violence and sexual offences,Status update unavailable,
15cf326ea0f75fd42b36acf3b59c8121c757ad19e74d19e7154a2b4836674b27,2019-05,Lancashire Constabulary,Lancashire Constabulary,-3.052940,53.823921,On or near Yates Street,E01012681,Blackpool 006A,Violence and sexual offences,Status update unavailable,
128fe1094b76065126dd094c9f826e4a51ffa5fd3ab99b694b3dfc336853c868,2019-05,Lancashire Constabulary,Lancashire Constabulary,-3.052173,53.820576,On or near Queen Street,E01012681,Blackpool 006A,Violence and sexual offences,Status update unavailable,
8fd67ec707f706e02c73139becaebe0bad7c26215b8b0acba4487fdd8536d95f,2019-05,Lancashire Constabulary,Lancashire Constabulary,-3.054780,53.819744,On or near The Strand,E01012681,Blackpool 006A,Violence and sexual offences,Status update unavailable,
7dbd9364951d42f0e8a39ac03e70bff2307319dca60dddf0a6e20204d07cc3a9,2019-05,Lancashire Constabulary,Lancashire Constabulary,-3.053138,53.824531,On or near Mount Street,E01012681,Blackpool 006A,Violence and sexual offences,Status update unavailable,
3a89ec723345eb1e9f4bcf92596abf199865c0df28dde8b514b35890424d1fea,2019-05,Lancashire Constabulary,Lancashire Constabulary,-3.054780,53.819744,On or near The Strand,E01012681,Blackpool 006A,Violence and sexual offences,Status update unavailable,
e3a971b617849ed3c328f76084818f2ebd063533a7e80a732dade5d9c082b478,2019-05,Lancashire Constabulary,Lancashire Constabulary,-3.051926,53.823454,On or near Back Lord Street,E01012681,Blackpool 006A,Violence and sexual offences,Status update unavailable,
3fcda2435fece6a578f7e14eca5fcda1093fdd5d0042cb836041a829d2217205,2019-05,Lancashire Constabulary,Lancashire Constabulary,-3.052173,53.820576,On or near Queen Street,E01012681,Blackpool 006A,Violence and sexual offences,Status update unavailable,
0a748c5405447fc0b4d1a010bcdcb105f27a0a2f56d34eb75da27054656d0d30,2019-05,Lancashire Constabulary,Lancashire Constabulary,-3.051604,53.820922,On or near Dickson Road,E01012681,Blackpool 006A,Violence and sexual offences,Status update unavailable,
4dc2ae8bdfb46a8a02170f049788e3f035dbe5321d572e3bf726d29db501f4d0,2019-05,Lancashire Constabulary,Lancashire Constabulary,-3.052173,53.820576,On or near Queen Street,E01012681,Blackpool 006A,Violence and sexual offences,Status update unavailable,
7124c1f8423344b36a30a2e9d139e6d2a1e4205429d66d110fa79c0840bfe358,2019-05,Lancashire Constabulary,Lancashire Constabulary,-3.049646,53.821595,On or near High Street,E01012681,Blackpool 006A,Other crime,Status update unavailable,
,2019-05,Lancashire Constabulary,Lancashire Constabulary,-3.050297,53.830003,On or near Sherbourne Road,E01012683,Blackpool 006B,Anti-social behaviour,,
,2019-05,Lancashire Constabulary,Lancashire Constabulary,-3.050297,53.830003,On or near Sherbourne Road,E01012683,Blackpool 006B,Anti-social behaviour,,
,2019-05,Lancashire Constabulary,Lancashire Constabulary,-3.049728,53.826682,On or near Clifford Road,E01012683,Blackpool 006B,Anti-social behaviour,,
,2019-05,Lancashire Constabulary,Lancashire Constabulary,-3.048554,53.827744,On or near Sherbourne Road,E01012683,Blackpool 006B,Anti-social behaviour,,
,2019-05,Lancashire Constabulary,Lancashire Constabulary,-3.048554,53.827744,On or near Sherbourne Road,E01012683,Blackpool 006B,Anti-social behaviour,,
,2019-05,Lancashire Constabulary,Lancashire Constabulary,-3.050063,53.827308,On or near Cheltenham Road,E01012683,Blackpool 006B,Anti-social behaviour,,
,2019-05,Lancashire Constabulary,Lancashire Constabulary,-3.051525,53.829866,On or near East Boothroyden,E01012683,Blackpool 006B,Anti-social behaviour,,
,2019-05,Lancashire Constabulary,Lancashire Constabulary,-3.051678,53.829326,On or near Carshalton Road,E01012683,Blackpool 006B,Anti-social behaviour,,
,2019-05,Lancashire Constabulary,Lancashire Constabulary,-3.051180,53.830058,On or near St Paul'S Road,E01012683,Blackpool 006B,Anti-social behaviour,,
,2019-05,Lancashire Constabulary,Lancashire Constabulary,-3.051678,53.829326,On or near Carshalton Road,E01012683,Blackpool 006B,Anti-social behaviour,,
,2019-05,Lancashire Constabulary,Lancashire Constabulary,-3.051180,53.830058,On or near St Paul'S Road,E01012683,Blackpool 006B,Anti-social behaviour,,
,2019-05,Lancashire Constabulary,Lancashire Constabulary,-3.050297,53.830003,On or near Sherbourne Road,E01012683,Blackpool 006B,Anti-social behaviour,,
,2019-05,Lancashire Constabulary,Lancashire Constabulary,-3.050297,53.830003,On or near Sherbourne Road,E01012683,Blackpool 006B,Anti-social behaviour,,
,2019-05,Lancashire Constabulary,Lancashire Constabulary,-3.050297,53.830003,On or near Sherbourne Road,E01012683,Blackpool 006B,Anti-social behaviour,,
,2019-05,Lancashire Constabulary,Lancashire Constabulary,-3.050063,53.827308,On or near Cheltenham Road,E01012683,Blackpool 006B,Anti-social behaviour,,
71f9ce07f28bdaa9c5ab06cac2e7dbbddd9fcfb74c7ff50605e5ef99d7e08b45,2019-05,Lancashire Constabulary,Lancashire Constabulary,-3.052208,53.828027,On or near Egerton Road,E01012683,Blackpool 006B,Burglary,Status update unavailable,
dcb5c91fb401b2e1a15db53002885b899354e88afa834b5882bfd71d50ef3eb4,2019-05,Lancashire Constabulary,Lancashire Constabulary,-3.049658,53.828139,On or near Chesterfield Road,E01012683,Blackpool 006B,Criminal damage and arson,Offender fined,
68cef701a576882c8f6af43ef3e44fd4d957df3e61d901903a532cf3b0634580,2019-05,Lancashire Constabulary,Lancashire Constabulary,-3.050063,53.827308,On or near Cheltenham Road,E01012683,Blackpool 006B,Criminal damage and arson,Status update unavailable,
542b2e667da803d3c8295a3170c2ee72d565f0bf461c4218f3ea4aaa580dbb54,2019-05,Lancashire Constabulary,Lancashire Constabulary,-3.050063,53.827308,On or near Cheltenham Road,E01012683,Blackpool 006B,Other theft,Status update unavailable,
3bfe8b26321299267fdfd01e2779858e5a99e10144889f5b597fb83b1aa5d1d7,2019-05,Lancashire Constabulary,Lancashire Constabulary,-3.048554,53.827744,On or near Sherbourne Road,E01012683,Blackpool 006B,Public order,Status update unavailable,
56cb0f5041862dcba2c2df26fb7c4adb0dc56023deec9c930b6916c56abbfeca,2019-05,Lancashire Constabulary,Lancashire Constabulary,-3.051525,53.829866,On or near East Boothroyden,E01012683,Blackpool 006B,Public order,Status update unavailable,
77d55a6549e849d5b0698ce223d004b7aca5e1a5a0fc175e4ac30cde1c8d8a7d,2019-05,Lancashire Constabulary,Lancashire Constabulary,-3.050297,53.830003,On or near Sherbourne Road,E01012683,Blackpool 006B,Robbery,Status update unavailable,
f1a4ddf6c26763f3a6316c49dcda48c12c67ab3df023ed15a3242c6d9cd7aec7,2019-05,Lancashire Constabulary,Lancashire Constabulary,-3.051984,53.830006,On or near Boothroyden,E01012683,Blackpool 006B,Vehicle crime,Awaiting court outcome,
dc54b8afe4f16af1ca8d0f72ffd1393131990d91a0c30a3ff3ef0a8a5da28e69,2019-05,Lancashire Constabulary,Lancashire Constabulary,-3.049658,53.828139,On or near Chesterfield Road,E01012683,Blackpool 006B,Violence and sexual offences,Unable to prosecute suspect,
e70e4670574b15abf4dbd48b06519a2bb96d737b04238a779530445e87037a77,2019-05,Lancashire Constabulary,Lancashire Constabulary,-3.051678,53.829326,On or near Carshalton Road,E01012683,Blackpool 006B,Violence and sexual offences,Status update unavailable,
e5894822e1098bb626638cf28a925301e3a0848a13e3deab233373854135d887,2019-05,Lancashire Constabulary,Lancashire Constabulary,-3.051678,53.829326,On or near Carshalton Road,E01012683,Blackpool 006B,Violence and sexual offences,Unable to prosecute suspect,
871f25a5c909b43a758715b69aaf5d77827bcff9f8a1da15312d4a1f2ebb6e3e,2019-05,Lancashire Constabulary,Lancashire Constabulary,-3.051678,53.829326,On or near Carshalton Road,E01012683,Blackpool 006B,Violence and sexual offences,Status update unavailable,
0e0924fbcfb9936bd0c6044c7fb502a85ff5133e9e83505521d2185688259209,2019-05,Lancashire Constabulary,Lancashire Constabulary,-3.051984,53.830006,On or near Boothroyden,E01012683,Blackpool 006B,Violence and sexual offences,Local resolution,
eb485866a7bcb54e2823c532dda06752f9cb72bdf44f6d8b3621508ecbceebd0,2019-05,Lancashire Constabulary,Lancashire Constabulary,-3.051937,53.827517,On or near Chesterfield Road,E01012683,Blackpool 006B,Violence and sexual offences,Unable to prosecute suspect,
3e2e1834ee3dceb7c98af085bb688f9f8cdf14d865e9ed78d26df4e094451987,2019-05,Lancashire Constabulary,Lancashire Constabulary,-3.050297,53.830003,On or near Sherbourne Road,E01012683,Blackpool 006B,Violence and sexual offences,Unable to prosecute suspect,
fa2b3df1a53b319c790a578cea5ff68ff65b32e305b7f469dc5b0fa358b34ca4,2019-05,Lancashire Constabulary,Lancashire Constabulary,-3.051937,53.827517,On or near Chesterfield Road,E01012683,Blackpool 006B,Violence and sexual offences,Unable to prosecute suspect,
38c1f077d5dd4ada513b5516f7b306e7358c2945c03d9148b7dc2c2fbf1316c5,2019-05,Lancashire Constabulary,Lancashire Constabulary,-3.051678,53.829326,On or near Carshalton Road,E01012683,Blackpool 006B,Violence and sexual offences,Unable to prosecute suspect,
b57d21e809278effe641b67b904fafe66efa30879b8f6453134d88c47050c022,2019-05,Lancashire Constabulary,Lancashire Constabulary,-3.049658,53.828139,On or near Chesterfield Road,E01012683,Blackpool 006B,Violence and sexual offences,Status update unavailable,
cb286f950888fce7612293a00167e2f9cd9a3d1f1be7777edcf39af550785983,2019-05,Lancashire Constabulary,Lancashire Constabulary,-3.048554,53.827744,On or near Sherbourne Road,E01012683,Blackpool 006B,Violence and sexual offences,Further investigation is not in the public interest,
a31dccc506718e8f99f8d03d725dd96e457a1d7a286efd9f4627de08e17b3261,2019-05,Lancashire Constabulary,Lancashire Constabulary,-3.051937,53.827517,On or near Chesterfield Road,E01012683,Blackpool 006B,Violence and sexual offences,Status update unavailable,
36a0ee9fb2b39343a6a318eb20fcf01c092ae2ab8fe97121e83f1e0517436113,2019-05,Lancashire Constabulary,Lancashire Constabulary,-3.049728,53.826682,On or near Clifford Road,E01012683,Blackpool 006B,Violence and sexual offences,Further investigation is not in the public interest,
92fed932cdfd89109d57cc88e1c550da191a027da9fc984868b637b924cccef8,2019-05,Lancashire Constabulary,Lancashire Constabulary,-3.049274,53.830416,On or near Westminster Road,E01012683,Blackpool 006B,Violence and sexual offences,Status update unavailable,
c4d3e7599bf6e4e45c2e2d1b7321aeab7ba7f26365cd9dfca50b5f351f978198,2019-05,Lancashire Constabulary,Lancashire Constabulary,-3.050063,53.827308,On or near Cheltenham Road,E01012683,Blackpool 006B,Other crime,Further investigation is not in the public interest,
,2019-05,Lancashire Constabulary,Lancashire Constabulary,-3.054620,53.831511,On or near Gynn Avenue,E01012748,Blackpool 006C,Anti-social behaviour,,
,2019-05,Lancashire Constabulary,Lancashire Constabulary,-3.054620,53.831511,On or near Gynn Avenue,E01012748,Blackpool 006C,Anti-social behaviour,,
,2019-05,Lancashire Constabulary,Lancashire Constabulary,-3.053688,53.833739,On or near Willshaw Road,E01012748,Blackpool 006C,Anti-social behaviour,,
,2019-05,Lancashire Constabulary,Lancashire Constabulary,-3.045307,53.832195,On or near Geldof Drive,E01012748,Blackpool 006C,Anti-social behaviour,,
,2019-05,Lancashire Constabulary,Lancashire Constabulary,-3.049868,53.831660,On or near Leckhampton Road,E01012748,Blackpool 006C,Anti-social behaviour,,
,2019-05,Lancashire Constabulary,Lancashire Constabulary,-3.053028,53.832873,On or near Park/Open Space,E01012748,Blackpool 006C,Anti-social behaviour,,
,2019-05,Lancashire Constabulary,Lancashire Constabulary,-3.054333,53.833392,On or near Parking Area,E01012748,Blackpool 006C,Anti-social behaviour,,
,2019-05,Lancashire Constabulary,Lancashire Constabulary,-3.054620,53.831511,On or near Gynn Avenue,E01012748,Blackpool 006C,Anti-social behaviour,,
,2019-05,Lancashire Constabulary,Lancashire Constabulary,-3.054620,53.831511,On or near Gynn Avenue,E01012748,Blackpool 006C,Anti-social behaviour,,
,2019-05,Lancashire Constabulary,Lancashire Constabulary,-3.053283,53.829698,On or near Dickson Road,E01012748,Blackpool 006C,Anti-social behaviour,,
,2019-05,Lancashire Constabulary,Lancashire Constabulary,-3.051391,53.831216,On or near Redvers Terrace,E01012748,Blackpool 006C,Anti-social behaviour,,
,2019-05,Lancashire Constabulary,Lancashire Constabulary,-3.053283,53.829698,On or near Dickson Road,E01012748,Blackpool 006C,Anti-social behaviour,,
,2019-05,Lancashire Constabulary,Lancashire Constabulary,-3.054690,53.833092,On or near A584,E01012748,Blackpool 006C,Anti-social behaviour,,
,2019-05,Lancashire Constabulary,Lancashire Constabulary,-3.054620,53.831511,On or near Gynn Avenue,E01012748,Blackpool 006C,Anti-social behaviour,,
8ab03cbe8f3f4b33cf501024c08ec6da75d243d5cc71796c1d67a5c9e0051d2c,2019-05,Lancashire Constabulary,Lancashire Constabulary,-3.052237,53.835262,On or near King Edward Avenue,E01012748,Blackpool 006C,Burglary,Status update unavailable,
a993b495f2c61a8ac1bb59bc4c4f1f43734f17a2939956a7a12e1770ae2bd948,2019-05,Lancashire Constabulary,Lancashire Constabulary,-3.054690,53.833092,On or near A584,E01012748,Blackpool 006C,Criminal damage and arson,Unable to prosecute suspect,
a9bfd23da62fe1b52f7919d34533eb2588eeeaa4fadc8c47308f6f570b61f7df,2019-05,Lancashire Constabulary,Lancashire Constabulary,-3.052625,53.831933,On or near Ormond Avenue,E01012748,Blackpool 006C,Criminal damage and arson,Status update unavailable,
e1cdc836d19e12ece7b05dddde7e74b1a6607a27554ddefb84279a1cbb9989c5,2019-05,Lancashire Constabulary,Lancashire Constabulary,-3.053688,53.833739,On or near Willshaw Road,E01012748,Blackpool 006C,Criminal damage and arson,Offender fined,
069d9df8f0aa76d1ee6a19c13f41691596dae873f0fe5a0811e1ebc152e21d90,2019-05,Lancashire Constabulary,Lancashire Constabulary,-3.054620,53.831511,On or near Gynn Avenue,E01012748,Blackpool 006C,Criminal damage and arson,Status update unavailable,
9dbfe3ea21c998e2328930b5acd449ba922c6c58757884587228d76f0fc8011a,2019-05,Lancashire Constabulary,Lancashire Constabulary,-3.052855,53.834457,On or near King George Avenue,E01012748,Blackpool 006C,Criminal damage and arson,Unable to prosecute suspect,
97d433a51d8187509ba142499ce6fecf3d76fae2991e33b346c838f2b63b35fa,2019-05,Lancashire Constabulary,Lancashire Constabulary,-3.052237,53.835262,On or near King Edward Avenue,E01012748,Blackpool 006C,Criminal damage and arson,Status update unavailable,
470048e961de9d722319290d9848e01e3a5a3d39149e0af7d9ea51c859c373f6,2019-05,Lancashire Constabulary,Lancashire Constabulary,-3.054620,53.831511,On or near Gynn Avenue,E01012748,Blackpool 006C,Criminal damage and arson,Unable to prosecute suspect,
3f9b6918e58867d05b0d492632be94b2b9a3f6646c213ab5c20891d04754afdf,2019-05,Lancashire Constabulary,Lancashire Constabulary,-3.054620,53.831511,On or near Gynn Avenue,E01012748,Blackpool 006C,Criminal damage and arson,Status update unavailable,
950d32c17b41039b7bc64b7f019d4b8d6c3f5a6528ec635b8ce62856f453506b,2019-05,Lancashire Constabulary,Lancashire Constabulary,-3.054620,53.831511,On or near Gynn Avenue,E01012748,Blackpool 006C,Criminal damage and arson,Status update unavailable,
dab093e8bc1b9adbba9bfe4b376ad8b902dc24c8866fefa8ea8db6da0b5e9e1d,2019-05,Lancashire Constabulary,Lancashire Constabulary,-3.054620,53.831511,On or near Gynn Avenue,E01012748,Blackpool 006C,Criminal damage and arson,Further investigation is not in the public interest,
1635ab449f7b29113350de852da873bc6c698ecd1ae17462ccc5ccf61122e61a,2019-05,Lancashire Constabulary,Lancashire Constabulary,-3.052625,53.831933,On or near Ormond Avenue,E01012748,Blackpool 006C,Criminal damage and arson,Status update unavailable,
d0a064389221de0e2b1b0d199494ff7c28a8ffb30150db8175b599e44427053a,2019-05,Lancashire Constabulary,Lancashire Constabulary,-3.052237,53.835262,On or near King Edward Avenue,E01012748,Blackpool 006C,Criminal damage and arson,Status update unavailable,
adee15448bf864a5a502cd21a9d85480efd8aad57eaec9ea78a6229cb126a981,2019-05,Lancashire Constabulary,Lancashire Constabulary,-3.053688,53.833739,On or near Willshaw Road,E01012748,Blackpool 006C,Criminal damage and arson,Status update unavailable,
cb16406952e35863a34360ba7d1514c013efb70808f7c93fb582357604f6333e,2019-05,Lancashire Constabulary,Lancashire Constabulary,-3.049608,53.836480,On or near Cornwall Avenue,E01012748,Blackpool 006C,Other theft,Status update unavailable,
c5331ebdc99ced91837a9cf9fbb7878207e684a8e2271a6f5d1a6947e692b8de,2019-05,Lancashire Constabulary,Lancashire Constabulary,-3.051016,53.832630,On or near Seafield Road,E01012748,Blackpool 006C,Other theft,Status update unavailable,
7a79674f18ce426827d16b51f41f0882f4e9f20e9be94d24ed60fac2fb8221af,2019-05,Lancashire Constabulary,Lancashire Constabulary,-3.053688,53.833739,On or near Willshaw Road,E01012748,Blackpool 006C,Other theft,Status update unavailable,
c90c1aa3c37f1f455630519ae766444273360359c6092c09f2079c3e0bf479c4,2019-05,Lancashire Constabulary,Lancashire Constabulary,-3.050009,53.831237,On or near Northfield Avenue,E01012748,Blackpool 006C,Other theft,Further investigation is not in the public interest,
0c505bf1d1ff438ad732e32c7d2aad4e9702ef9087446a5b4d6c47223a61a9d8,2019-05,Lancashire Constabulary,Lancashire Constabulary,-3.054620,53.831511,On or near Gynn Avenue,E01012748,Blackpool 006C,Other theft,Status update unavailable,
b3d3a0b11b2e3bd186e57bdcd79875f9f4d7d101999bcfc3140046cf1d417168,2019-05,Lancashire Constabulary,Lancashire Constabulary,-3.051391,53.831216,On or near Redvers Terrace,E01012748,Blackpool 006C,Public order,Unable to prosecute suspect,
45501d09e1672414d53413d8d2d972527777c73cbed34341fc9277a00dc46d4c,2019-05,Lancashire Constabulary,Lancashire Constabulary,-3.054620,53.831511,On or near Gynn Avenue,E01012748,Blackpool 006C,Public order,Status update unavailable,
564468791ba19ed661647525edc1c9d8e3ba51bbc73096f6b67a541f3f4e8876,2019-05,Lancashire Constabulary,Lancashire Constabulary,-3.053283,53.829698,On or near Dickson Road,E01012748,Blackpool 006C,Public order,Unable to prosecute suspect,
223a3fadb8602d8f38aa61e5bc077498188b34ba59fc562de7f6d50c5d0c52f8,2019-05,Lancashire Constabulary,Lancashire Constabulary,-3.051685,53.832004,On or near Redcar Road,E01012748,Blackpool 006C,Public order,Unable to prosecute suspect,
ab4ebfea6bc4b7277ffe3f4f25d8e30aef939e6f94e900299ce99c708dc82194,2019-05,Lancashire Constabulary,Lancashire Constabulary,-3.053283,53.829698,On or near Dickson Road,E01012748,Blackpool 006C,Public order,Status update unavailable,
ed19030d2ab874c000390a5742c063ab4d5f437c7643f440321a875440f814d6,2019-05,Lancashire Constabulary,Lancashire Constabulary,-3.053283,53.829698,On or near Dickson Road,E01012748,Blackpool 006C,Shoplifting,Awaiting court outcome,
4b78fe197a0ddf2a576d3839c4d01218d8bb6e74f045ab379c9f4c70badcaba3,2019-05,Lancashire Constabulary,Lancashire Constabulary,-3.049868,53.831660,On or near Leckhampton Road,E01012748,Blackpool 006C,Vehicle crime,Status update unavailable,
63607c90cda40dfc4f092a9033c5a5d697cd4ddbd133e817937a99be78821ca8,2019-05,Lancashire Constabulary,Lancashire Constabulary,-3.052855,53.834457,On or near King George Avenue,E01012748,Blackpool 006C,Vehicle crime,Status update unavailable,
1f880280dbac34f4e8fa1d167fa32565b4a5544808db67dd70d804a920000ca1,2019-05,Lancashire Constabulary,Lancashire Constabulary,-3.051391,53.831216,On or near Redvers Terrace,E01012748,Blackpool 006C,Violence and sexual offences,Unable to prosecute suspect,
627535e520c477ed256d70d71a8138b7349b8c26c3af21043ea11d08e9c4ce96,2019-05,Lancashire Constabulary,Lancashire Constabulary,-3.053688,53.833739,On or near Willshaw Road,E01012748,Blackpool 006C,Violence and sexual offences,Court case unable to proceed,
fb4c5abaf01efc9139abf651397357df4cc96f5683dbb8e82daff659e9a92534,2019-05,Lancashire Constabulary,Lancashire Constabulary,-3.052855,53.834457,On or near King George Avenue,E01012748,Blackpool 006C,Violence and sexual offences,Awaiting court outcome,
8ff474d99b5b76b439ff33ba9e5589fc56a7ae7c98186c052c375284011c13ed,2019-05,Lancashire Constabulary,Lancashire Constabulary,-3.053283,53.829698,On or near Dickson Road,E01012748,Blackpool 006C,Violence and sexual offences,Offender given a caution,
8607cdf2abe5ef80ee724088aec576f4d04e9b014fd4214d8408d91069a33699,2019-05,Lancashire Constabulary,Lancashire Constabulary,-3.051685,53.832004,On or near Redcar Road,E01012748,Blackpool 006C,Violence and sexual offences,Awaiting court outcome,
e438537f23db93a367fde1b4c0590edeb4efa793053141de5a5434991cbfb17c,2019-05,Lancashire Constabulary,Lancashire Constabulary,-3.054690,53.833092,On or near A584,E01012748,Blackpool 006C,Violence and sexual offences,Unable to prosecute suspect,
8b5b60ddb37f5ba07ca6ccb49dd8d3feee6995f062daaff847d3f25afe7e5c74,2019-05,Lancashire Constabulary,Lancashire Constabulary,-3.054690,53.833092,On or near A584,E01012748,Blackpool 006C,Violence and sexual offences,Unable to prosecute suspect,
48ff0059198a1e8b80bf3a1a873cf3363e14b3ec83c21823778df4fc6f2bd067,2019-05,Lancashire Constabulary,Lancashire Constabulary,-3.054620,53.831511,On or near Gynn Avenue,E01012748,Blackpool 006C,Violence and sexual offences,Unable to prosecute suspect,
ba8d33540f8bdf5ccb22d8dc417562ce5ea5b2c1bcadb99bccec98d4d7f61c45,2019-05,Lancashire Constabulary,Lancashire Constabulary,-3.054620,53.831511,On or near Gynn Avenue,E01012748,Blackpool 006C,Violence and sexual offences,Unable to prosecute suspect,
45e00aadc7c7b56cede87930525368394dccda5abe49549f5f635d89c1e30c44,2019-05,Lancashire Constabulary,Lancashire Constabulary,-3.049608,53.836480,On or near Cornwall Avenue,E01012748,Blackpool 006C,Violence and sexual offences,Status update unavailable,
520c1fe593dd9329e08208a9fdfb7351e27b0343f26657957f467974bf9fb779,2019-05,Lancashire Constabulary,Lancashire Constabulary,-3.052237,53.835262,On or near King Edward Avenue,E01012748,Blackpool 006C,Violence and sexual offences,Unable to prosecute suspect,
783050177132a5ac90025b4a3b083ed7c783a83856ba2fc0be7b033d7401169c,2019-05,Lancashire Constabulary,Lancashire Constabulary,-3.053283,53.829698,On or near Dickson Road,E01012748,Blackpool 006C,Violence and sexual offences,Status update unavailable,
7b12f282eb629f8fe5f689e0e2bcfb39dd94be47e0124e79c0f13e8cc335f34a,2019-05,Lancashire Constabulary,Lancashire Constabulary,-3.051685,53.832004,On or near Redcar Road,E01012748,Blackpool 006C,Violence and sexual offences,Unable to prosecute suspect,
f1c199da272e5913d0ebdd95a309d1580870c2ce230a87b612190cd623b5bb53,2019-05,Lancashire Constabulary,Lancashire Constabulary,-3.054620,53.831511,On or near Gynn Avenue,E01012748,Blackpool 006C,Violence and sexual offences,Status update unavailable,
9e286debc2a854b1901b005408261002b8f95799cd530365baa7fd02d78632a6,2019-05,Lancashire Constabulary,Lancashire Constabulary,-3.051391,53.831216,On or near Redvers Terrace,E01012748,Blackpool 006C,Violence and sexual offences,Status update unavailable,
839ab1a25f4a8814cef9f31c79b12dbe68f53991f4c3b6279e85234609a0b308,2019-05,Lancashire Constabulary,Lancashire Constabulary,-3.051685,53.832004,On or near Redcar Road,E01012748,Blackpool 006C,Violence and sexual offences,Awaiting court outcome,
479b45536c39af8a739e87a9679969d425dcb2c99be78baf2536af35decd3ac0,2019-05,Lancashire Constabulary,Lancashire Constabulary,-3.052625,53.831933,On or near Ormond Avenue,E01012748,Blackpool 006C,Violence and sexual offences,Unable to prosecute suspect,
ec47c714acfdabc88d316a59a0716c649efcf48ad4aa20e81c21a18957431572,2019-05,Lancashire Constabulary,Lancashire Constabulary,-3.051685,53.832004,On or near Redcar Road,E01012748,Blackpool 006C,Violence and sexual offences,Status update unavailable,
5bbef11dbd6688524f7c1519db54339920cbdc59d14d1c125952b6c97946b512,2019-05,Lancashire Constabulary,Lancashire Constabulary,-3.051685,53.832004,On or near Redcar Road,E01012748,Blackpool 006C,Violence and sexual offences,Status update unavailable,
2435107eea51204c3bf36d63cc91d2a4a6819a828137cc2b362517f767b2356b,2019-05,Lancashire Constabulary,Lancashire Constabulary,-3.054620,53.831511,On or near Gynn Avenue,E01012748,Blackpool 006C,Violence and sexual offences,Status update unavailable,
543703d9fc3b39848481bea060b0a9269f35de1e1d8a99d669b64e6b6eb0b2a2,2019-05,Lancashire Constabulary,Lancashire Constabulary,-3.051685,53.832004,On or near Redcar Road,E01012748,Blackpool 006C,Violence and sexual offences,Awaiting court outcome,
23eb05ad4fac4dfb5d007241ba25da19ba9e7e9fc9c1750e3bdcbfcd869aece5,2019-05,Lancashire Constabulary,Lancashire Constabulary,-3.051685,53.832004,On or near Redcar Road,E01012748,Blackpool 006C,Violence and sexual offences,Unable to prosecute suspect,
b38adfe2597c88eb5739bd6d09a82200a0c7127875602a0f9ef03aec27f6413d,2019-05,Lancashire Constabulary,Lancashire Constabulary,-3.051685,53.832004,On or near Redcar Road,E01012748,Blackpool 006C,Violence and sexual offences,Status update unavailable,
c642bf7438ab57863085386eb5361ef43db08f5375abc9e010d5f650018d0a07,2019-05,Lancashire Constabulary,Lancashire Constabulary,-3.054690,53.833092,On or near A584,E01012748,Blackpool 006C,Violence and sexual offences,Status update unavailable,
3cd7b25b2355e768566ed734c27e168603e319bd9b26a610be4fc59209007cee,2019-05,Lancashire Constabulary,Lancashire Constabulary,-3.054620,53.831511,On or near Gynn Avenue,E01012748,Blackpool 006C,Violence and sexual offences,Status update unavailable,
f4aabfca925976d979551e063dcf703fb434735768aceef0c1d4f5adbcab9018,2019-05,Lancashire Constabulary,Lancashire Constabulary,-3.052855,53.834457,On or near King George Avenue,E01012748,Blackpool 006C,Other crime,Unable to prosecute suspect,
,2019-05,Lancashire Constabulary,Lancashire Constabulary,-3.051977,53.839417,On or near Carlin Gate,E01012749,Blackpool 006D,Anti-social behaviour,,
,2019-05,Lancashire Constabulary,Lancashire Constabulary,-3.052629,53.836939,On or near Northumberland Avenue,E01012749,Blackpool 006D,Anti-social behaviour,,
,2019-05,Lancashire Constabulary,Lancashire Constabulary,-3.052699,53.836112,On or near Empress Drive,E01012749,Blackpool 006D,Anti-social behaviour,,
,2019-05,Lancashire Constabulary,Lancashire Constabulary,-3.054744,53.835824,On or near Queen'S Promenade,E01012749,Blackpool 006D,Anti-social behaviour,,
,2019-05,Lancashire Constabulary,Lancashire Constabulary,-3.050596,53.836472,On or near Warbreck Drive,E01012749,Blackpool 006D,Anti-social behaviour,,
,2019-05,Lancashire Constabulary,Lancashire Constabulary,-3.050596,53.836472,On or near Warbreck Drive,E01012749,Blackpool 006D,Anti-social behaviour,,
,2019-05,Lancashire Constabulary,Lancashire Constabulary,-3.052699,53.836112,On or near Empress Drive,E01012749,Blackpool 006D,Anti-social behaviour,,
,2019-05,Lancashire Constabulary,Lancashire Constabulary,-3.050596,53.836472,On or near Warbreck Drive,E01012749,Blackpool 006D,Anti-social behaviour,,
521ac452ec998c4c9e7aadccad3e63b8f486d160dffba371c426703b44d8d90b,2019-05,Lancashire Constabulary,Lancashire Constabulary,-3.048586,53.838727,On or near Shaftesbury Avenue,E01012749,Blackpool 006D,Burglary,Status update unavailable,
70999be2d5df08e815d35805df366ad174c3b7d15c15076b5dda6041d120da49,2019-05,Lancashire Constabulary,Lancashire Constabulary,-3.050596,53.836472,On or near Warbreck Drive,E01012749,Blackpool 006D,Criminal damage and arson,Unable to prosecute suspect,
aa44a3f8b8203f8fe4ef0d8a1aecce4b5fa839abf0cdff9054cdf541608f856e,2019-05,Lancashire Constabulary,Lancashire Constabulary,-3.052393,53.840276,On or near St Stephen'S Avenue,E01012749,Blackpool 006D,Criminal damage and arson,Status update unavailable,
4ee7c05fbdd1eaef780fc0de611985e4d4ba9e0e89f1485bbce2fa00b976fa23,2019-05,Lancashire Constabulary,Lancashire Constabulary,-3.052629,53.836939,On or near Northumberland Avenue,E01012749,Blackpool 006D,Criminal damage and arson,Unable to prosecute suspect,
4ef0b9e98a0b10ba5a0cd718adb6f54d5db4407a4895f7b5525932c5f44485b5,2019-05,Lancashire Constabulary,Lancashire Constabulary,-3.052293,53.841104,On or near Wolverton Avenue,E01012749,Blackpool 006D,Other theft,Status update unavailable,
0613c9a147ba70da14175d912e02d9767857a31fcec201c25326e3176df7d4a2,2019-05,Lancashire Constabulary,Lancashire Constabulary,-3.054744,53.835824,On or near Queen'S Promenade,E01012749,Blackpool 006D,Other theft,Status update unavailable,
3ff2e17562fd83482aa7a7eb3ec8774fd3c22482b4cc639276fc3a708d3feb9a,2019-05,Lancashire Constabulary,Lancashire Constabulary,-3.052629,53.836939,On or near Northumberland Avenue,E01012749,Blackpool 006D,Other theft,Status update unavailable,
bce33959227656559e1f81f5ee36409a74460664f1fa78d28ab0ceaaef9fe0b0,2019-05,Lancashire Constabulary,Lancashire Constabulary,-3.049355,53.840339,On or near Cornwall Avenue,E01012749,Blackpool 006D,Vehicle crime,Unable to prosecute suspect,
260f94fe9deb8f3e711defd758031bacde43b56c93d9d91ab8361573cd4f6975,2019-05,Lancashire Constabulary,Lancashire Constabulary,-3.049355,53.840339,On or near Cornwall Avenue,E01012749,Blackpool 006D,Vehicle crime,Status update unavailable,
44988d9a13ba8d74c1c3f0770fb138c3c885a55a4d8782bb24921845fc58d903,2019-05,Lancashire Constabulary,Lancashire Constabulary,-3.051977,53.839417,On or near Carlin Gate,E01012749,Blackpool 006D,Vehicle crime,Status update unavailable,
081bfc25dcdfc74e47b418966fcb47e6c5613aec68c8b3893ced5a77ddc9338f,2019-05,Lancashire Constabulary,Lancashire Constabulary,-3.051977,53.839417,On or near Carlin Gate,E01012749,Blackpool 006D,Vehicle crime,Status update unavailable,
1a06770d8654837782320339fd0ec9838ce04312aac2a99f59e0d450ed0aefcd,2019-05,Lancashire Constabulary,Lancashire Constabulary,-3.052293,53.841104,On or near Wolverton Avenue,E01012749,Blackpool 006D,Vehicle crime,Status update unavailable,
418a2013d3a3e7c92090143dc2e1413c56b0f80525c0b78634ce031565b7a6f4,2019-05,Lancashire Constabulary,Lancashire Constabulary,-3.051977,53.839417,On or near Carlin Gate,E01012749,Blackpool 006D,Vehicle crime,Status update unavailable,
8e20a67addebdbca7a27cfdf1644c611ce712738e2a0aaced681725e9db87386,2019-05,Lancashire Constabulary,Lancashire Constabulary,-3.054744,53.835824,On or near Queen'S Promenade,E01012749,Blackpool 006D,Violence and sexual offences,Awaiting court outcome,
d3555a652647e75f81cb1e5c55095b04af4beefb053d1140d2f497b8e8c1e696,2019-05,Lancashire Constabulary,Lancashire Constabulary,-3.050596,53.836472,On or near Warbreck Drive,E01012749,Blackpool 006D,Violence and sexual offences,Unable to prosecute suspect,
fe4a3e5bb3d046690d69d2c3851778cbeb87a0568b976024ffad4ee753b04b49,2019-05,Lancashire Constabulary,Lancashire Constabulary,-3.052629,53.836939,On or near Northumberland Avenue,E01012749,Blackpool 006D,Violence and sexual offences,Unable to prosecute suspect,
c7e75c0609a1ee37f06763a72186e2a460d9a96b7af59863545c1569e3aed3e3,2019-05,Lancashire Constabulary,Lancashire Constabulary,-3.050596,53.836472,On or near Warbreck Drive,E01012749,Blackpool 006D,Violence and sexual offences,Formal action is not in the public interest,
d97290e505dc6980569e1a9e584b7e1d0e081b4d343a3f397cf2e8211fd23032,2019-05,Lancashire Constabulary,Lancashire Constabulary,-3.054744,53.835824,On or near Queen'S Promenade,E01012749,Blackpool 006D,Violence and sexual offences,Unable to prosecute suspect,
2afae8ee9ea29b7521d8019945eae731f302dd46f4a4e6be50dc19b8042da3d5,2019-05,Lancashire Constabulary,Lancashire Constabulary,-3.054744,53.835824,On or near Queen'S Promenade,E01012749,Blackpool 006D,Violence and sexual offences,Further investigation is not in the public interest,
6034fb11c7c0c1e941614b4f79ee9b38b41719efca6dd90a3fd852229f8337aa,2019-05,Lancashire Constabulary,Lancashire Constabulary,-3.050596,53.836472,On or near Warbreck Drive,E01012749,Blackpool 006D,Violence and sexual offences,Unable to prosecute suspect,
c416a6d3c36d86ec3da7d92f3b6f89723b112bcc2ce2f5ce36150836e5b1cd53,2019-05,Lancashire Constabulary,Lancashire Constabulary,-3.050596,53.836472,On or near Warbreck Drive,E01012749,Blackpool 006D,Violence and sexual offences,Unable to prosecute suspect,
07657f7f8b1eaab1f2cc23efc86905faab13936862b2b3518edb40a4297e86e0,2019-05,Lancashire Constabulary,Lancashire Constabulary,-3.052629,53.836939,On or near Northumberland Avenue,E01012749,Blackpool 006D,Violence and sexual offences,Status update unavailable,
1f80deea724b710b661dd09107ac4cf1c0c81f618238c2230ff95099f189a63a,2019-05,Lancashire Constabulary,Lancashire Constabulary,-3.048586,53.838727,On or near Shaftesbury Avenue,E01012749,Blackpool 006D,Violence and sexual offences,Status update unavailable,
a0b244cca06f08e38059a26e25a2c84f9f19b7a2c4f3bfaa18e0c3d8545758f4,2019-05,Lancashire Constabulary,Lancashire Constabulary,-3.052629,53.836939,On or near Northumberland Avenue,E01012749,Blackpool 006D,Violence and sexual offences,Awaiting court outcome,
e4e100d071f5a9fb5030c87b4a09c09e2db02eb5a799f1af4beb0a6d66785942,2019-05,Lancashire Constabulary,Lancashire Constabulary,-3.052629,53.836939,On or near Northumberland Avenue,E01012749,Blackpool 006D,Other crime,Unable to prosecute suspect,
edcc55322ad7b877209dfa9161a0f53e7c5ec1a2928818a7a05cbe7a44993433,2019-05,Lancashire Constabulary,Lancashire Constabulary,-3.050596,53.836472,On or near Warbreck Drive,E01012749,Blackpool 006D,Other crime,Status update unavailable,
e3408e0045adc42e81aa129861e89bd46c7de7694eea63b5c238e12e6426325b,2019-05,Lancashire Constabulary,Lancashire Constabulary,-3.052629,53.836939,On or near Northumberland Avenue,E01012749,Blackpool 006D,Other crime,Unable to prosecute suspect,
,2019-05,Lancashire Constabulary,Lancashire Constabulary,-3.024629,53.826665,On or near Scorton Avenue,E01012707,Blackpool 007A,Anti-social behaviour,,
,2019-05,Lancashire Constabulary,Lancashire Constabulary,-3.026350,53.827451,On or near Shenstone Road,E01012707,Blackpool 007A,Anti-social behaviour,,
,2019-05,Lancashire Constabulary,Lancashire Constabulary,-3.029161,53.824982,On or near Rathlyn Avenue,E01012707,Blackpool 007A,Anti-social behaviour,,
,2019-05,Lancashire Constabulary,Lancashire Constabulary,-3.030519,53.829545,On or near Westcliffe Drive,E01012707,Blackpool 007A,Anti-social behaviour,,
,2019-05,Lancashire Constabulary,Lancashire Constabulary,-3.029161,53.824982,On or near Rathlyn Avenue,E01012707,Blackpool 007A,Anti-social behaviour,,
,2019-05,Lancashire Constabulary,Lancashire Constabulary,-3.030519,53.829545,On or near Westcliffe Drive,E01012707,Blackpool 007A,Anti-social behaviour,,
,2019-05,Lancashire Constabulary,Lancashire Constabulary,-3.026350,53.827451,On or near Shenstone Road,E01012707,Blackpool 007A,Anti-social behaviour,,
,2019-05,Lancashire Constabulary,Lancashire Constabulary,-3.029161,53.824982,On or near Rathlyn Avenue,E01012707,Blackpool 007A,Anti-social behaviour,,
,2019-05,Lancashire Constabulary,Lancashire Constabulary,-3.029161,53.824982,On or near Rathlyn Avenue,E01012707,Blackpool 007A,Anti-social behaviour,,
,2019-05,Lancashire Constabulary,Lancashire Constabulary,-3.029161,53.824982,On or near Rathlyn Avenue,E01012707,Blackpool 007A,Anti-social behaviour,,
,2019-05,Lancashire Constabulary,Lancashire Constabulary,-3.029161,53.824982,On or near Rathlyn Avenue,E01012707,Blackpool 007A,Anti-social behaviour,,
9e457250f9d8ec0ec67f846cefc022b31d50accab0aaaf8bb17f017795cac153,2019-05,Lancashire Constabulary,Lancashire Constabulary,-3.029043,53.830717,On or near Highbury Avenue,E01012707,Blackpool 007A,Criminal damage and arson,Status update unavailable,
f046c7c9a21f27b31c14c1fc1ad83bd1f477b31e9c3a2e8f9cb7aeaa5e6df973,2019-05,Lancashire Constabulary,Lancashire Constabulary,-3.028013,53.827140,On or near Kingscote Drive,E01012707,Blackpool 007A,Public order,Unable to prosecute suspect,
6696ede1713fd66a292a3896be4c56b704d4144656e9bbcf0d6178b7e92ed2b2,2019-05,Lancashire Constabulary,Lancashire Constabulary,-3.026954,53.829189,On or near Onslow Road,E01012707,Blackpool 007A,Vehicle crime,Status update unavailable,
8cc4a303d7f056ab071619c017208d96fc6e02c3970ce433ad0484a7b65129c5,2019-05,Lancashire Constabulary,Lancashire Constabulary,-3.029515,53.830120,On or near Norwood Avenue,E01012707,Blackpool 007A,Vehicle crime,Status update unavailable,
199c5117ad0f30723b70e821f1533ba2fc85a12a39a11a9a2a6fcbed0017f4e8,2019-05,Lancashire Constabulary,Lancashire Constabulary,-3.025301,53.827424,On or near Caton Grove,E01012707,Blackpool 007A,Violence and sexual offences,Status update unavailable,
,2019-05,Lancashire Constabulary,Lancashire Constabulary,-3.015215,53.830664,On or near Furness Avenue,E01012720,Blackpool 007B,Anti-social behaviour,,
,2019-05,Lancashire Constabulary,Lancashire Constabulary,-3.015215,53.830664,On or near Furness Avenue,E01012720,Blackpool 007B,Anti-social behaviour,,
,2019-05,Lancashire Constabulary,Lancashire Constabulary,-3.015026,53.827880,On or near Wensleydale Avenue,E01012720,Blackpool 007B,Anti-social behaviour,,
,2019-05,Lancashire Constabulary,Lancashire Constabulary,-3.015326,53.831499,On or near Montague Close,E01012720,Blackpool 007B,Anti-social behaviour,,
,2019-05,Lancashire Constabulary,Lancashire Constabulary,-3.015046,53.829318,On or near Cherry Court,E01012720,Blackpool 007B,Anti-social behaviour,,
,2019-05,Lancashire Constabulary,Lancashire Constabulary,-3.014024,53.829173,On or near Dinmore Place,E01012720,Blackpool 007B,Anti-social behaviour,,
,2019-05,Lancashire Constabulary,Lancashire Constabulary,-3.013667,53.833257,On or near Overdale Grove,E01012720,Blackpool 007B,Anti-social behaviour,,
,2019-05,Lancashire Constabulary,Lancashire Constabulary,-3.015026,53.827880,On or near Wensleydale Avenue,E01012720,Blackpool 007B,Anti-social behaviour,,
,2019-05,Lancashire Constabulary,Lancashire Constabulary,-3.012520,53.834193,On or near Dinmore Avenue,E01012720,Blackpool 007B,Anti-social behaviour,,
33deda7f7c53f7b86d107fd8bd64d1d0a13dc08d597aaec6d7994e9d4d3b0f55,2019-05,Lancashire Constabulary,Lancashire Constabulary,-3.015394,53.829270,On or near Calvert Place,E01012720,Blackpool 007B,Burglary,Status update unavailable,
763a51a6a8fd79271d5de64e92139bf642ee8326fff4475da4160b853d362b94,2019-05,Lancashire Constabulary,Lancashire Constabulary,-3.012520,53.834193,On or near Dinmore Avenue,E01012720,Blackpool 007B,Criminal damage and arson,Unable to prosecute suspect,
ccd7b1c82b2f146ac134cff7ab95ae7345b5c4308555944aaaa0b437f00b04e8,2019-05,Lancashire Constabulary,Lancashire Constabulary,-3.016751,53.829483,On or near Elgin Place,E01012720,Blackpool 007B,Criminal damage and arson,Status update unavailable,
ebae77e906e781c5901721266f3ac665e24b5f038ae01f6c99ae24bf39ce9a63,2019-05,Lancashire Constabulary,Lancashire Constabulary,-3.015326,53.831499,On or near Montague Close,E01012720,Blackpool 007B,Criminal damage and arson,Status update unavailable,
cd07774a5e4f10b545d824195872c5d2d547a209974ac47f4f7d997d61e8ff38,2019-05,Lancashire Constabulary,Lancashire Constabulary,-3.015394,53.829270,On or near Calvert Place,E01012720,Blackpool 007B,Criminal damage and arson,Unable to prosecute suspect,
d93081b80190e52545ceb29702b0886a4b5e16af12cbab04b641d9592a15e8fd,2019-05,Lancashire Constabulary,Lancashire Constabulary,-3.014024,53.829173,On or near Dinmore Place,E01012720,Blackpool 007B,Drugs,Status update unavailable,
3ae6c5096a162460dc77869e93761113d20dfa82450350e3eb972de0966c1da3,2019-05,Lancashire Constabulary,Lancashire Constabulary,-3.014024,53.829173,On or near Dinmore Place,E01012720,Blackpool 007B,Possession of weapons,Awaiting court outcome,
17a5feba0caba401df66200776eedd93f1df50d0b2046e8665b7b8f1b54fcf5f,2019-05,Lancashire Constabulary,Lancashire Constabulary,-3.014024,53.829173,On or near Dinmore Place,E01012720,Blackpool 007B,Public order,Unable to prosecute suspect,
deee8a18e9ec953e65dc0193a57ae51a9267641f5b5eb15fbc4ba22e2c64946e,2019-05,Lancashire Constabulary,Lancashire Constabulary,-3.016751,53.829483,On or near Elgin Place,E01012720,Blackpool 007B,Vehicle crime,Status update unavailable,
7052f04c71cc7d1d742228eb8556c6d445023bda538b0e61c98c5bc0a08288af,2019-05,Lancashire Constabulary,Lancashire Constabulary,-3.013667,53.833257,On or near Overdale Grove,E01012720,Blackpool 007B,Violence and sexual offences,Unable to prosecute suspect,
126be468b5a3385054dbd5df670cabddb4c159aa5d964b0def11f769b0d702de,2019-05,Lancashire Constabulary,Lancashire Constabulary,-3.013667,53.833257,On or near Overdale Grove,E01012720,Blackpool 007B,Violence and sexual offences,Status update unavailable,
8af97f2e0c68191dfa92bfc04857e7f3d3b7655e36fe5f601765bbba7045a220,2019-05,Lancashire Constabulary,Lancashire Constabulary,-3.016751,53.829483,On or near Elgin Place,E01012720,Blackpool 007B,Violence and sexual offences,Further investigation is not in the public interest,
f5a06c4b6637e539a1c5f8270b28067179dc7b28ee4bfc80b64846b8a4ad396a,2019-05,Lancashire Constabulary,Lancashire Constabulary,-3.013667,53.833257,On or near Overdale Grove,E01012720,Blackpool 007B,Violence and sexual offences,Status update unavailable,
40d45f8353dea7bb63e8440bf633eb8ee4560a84695dad2943c4bfe081cd2d85,2019-05,Lancashire Constabulary,Lancashire Constabulary,-3.012520,53.834193,On or near Dinmore Avenue,E01012720,Blackpool 007B,Violence and sexual offences,Further investigation is not in the public interest,
63884db154f539654b6c89b21c269af29480d8afb3c30cff4b0a443d79a50a61,2019-05,Lancashire Constabulary,Lancashire Constabulary,-3.015215,53.830664,On or near Furness Avenue,E01012720,Blackpool 007B,Violence and sexual offences,Status update unavailable,
1d27eb33269cd62067321d4d6ac368994e31a55c0539e90af7ec689cf26bf502,2019-05,Lancashire Constabulary,Lancashire Constabulary,-3.015215,53.830664,On or near Furness Avenue,E01012720,Blackpool 007B,Violence and sexual offences,Formal action is not in the public interest,
793a1d24d2c898c81b9f595b49ae3cdf2e809f7c06499418f27b152e54a86854,2019-05,Lancashire Constabulary,Lancashire Constabulary,-3.013667,53.833257,On or near Overdale Grove,E01012720,Blackpool 007B,Violence and sexual offences,Status update unavailable,
44ea11aea95874bd092516837adda3f7a5e7bb088570923287c64686e5449eb7,2019-05,Lancashire Constabulary,Lancashire Constabulary,-3.013667,53.833257,On or near Overdale Grove,E01012720,Blackpool 007B,Violence and sexual offences,Unable to prosecute suspect,
e21d244cb07aafa66cd008f18c7b1dddac189a4dd388e89c7db13bb5c27d3455,2019-05,Lancashire Constabulary,Lancashire Constabulary,-3.017863,53.830220,On or near Elston Avenue,E01012720,Blackpool 007B,Violence and sexual offences,Status update unavailable,
26602ebb70a83619310f6c3e3b922ca2f9b8cba4303d8350e4997f27af8e199a,2019-05,Lancashire Constabulary,Lancashire Constabulary,-3.013667,53.833257,On or near Overdale Grove,E01012720,Blackpool 007B,Violence and sexual offences,Status update unavailable,
1cf57d5f48190f6fec0acc55ccd94dca7cb7f0983a62e8d9c15f47cc40868a55,2019-05,Lancashire Constabulary,Lancashire Constabulary,-3.015326,53.831499,On or near Montague Close,E01012720,Blackpool 007B,Other crime,Further investigation is not in the public interest,
d9bcb0b7cd84183f4adfcc5b32207064e42cfe83594abd06479a318ffef7af28,2019-05,Lancashire Constabulary,Lancashire Constabulary,-3.013667,53.833257,On or near Overdale Grove,E01012720,Blackpool 007B,Other crime,Status update unavailable,
,2019-05,Lancashire Constabulary,Lancashire Constabulary,-3.009059,53.834357,On or near Paythorne Close,E01012721,Blackpool 007C,Anti-social behaviour,,
,2019-05,Lancashire Constabulary,Lancashire Constabulary,-3.011891,53.831457,On or near Marlhill Road,E01012721,Blackpool 007C,Anti-social behaviour,,
,2019-05,Lancashire Constabulary,Lancashire Constabulary,-3.011891,53.831457,On or near Marlhill Road,E01012721,Blackpool 007C,Anti-social behaviour,,
,2019-05,Lancashire Constabulary,Lancashire Constabulary,-3.014861,53.834892,On or near Pilling Court,E01012721,Blackpool 007C,Anti-social behaviour,,
,2019-05,Lancashire Constabulary,Lancashire Constabulary,-3.008041,53.833107,On or near Chatburn Close,E01012721,Blackpool 007C,Anti-social behaviour,,
,2019-05,Lancashire Constabulary,Lancashire Constabulary,-3.011891,53.831457,On or near Marlhill Road,E01012721,Blackpool 007C,Anti-social behaviour,,
,2019-05,Lancashire Constabulary,Lancashire Constabulary,-3.011891,53.831457,On or near Marlhill Road,E01012721,Blackpool 007C,Anti-social behaviour,,
,2019-05,Lancashire Constabulary,Lancashire Constabulary,-3.011891,53.831457,On or near Marlhill Road,E01012721,Blackpool 007C,Anti-social behaviour,,
,2019-05,Lancashire Constabulary,Lancashire Constabulary,-3.011891,53.831457,On or near Marlhill Road,E01012721,Blackpool 007C,Anti-social behaviour,,
,2019-05,Lancashire Constabulary,Lancashire Constabulary,-3.011302,53.832855,On or near Easington Crescent,E01012721,Blackpool 007C,Anti-social behaviour,,
,2019-05,Lancashire Constabulary,Lancashire Constabulary,-3.009059,53.834357,On or near Paythorne Close,E01012721,Blackpool 007C,Anti-social behaviour,,
bd5409a2ab669ddeddb8f6a7fcd948dbf79b9d2bab06640065a97684907066a3,2019-05,Lancashire Constabulary,Lancashire Constabulary,-3.008366,53.832097,On or near Horsebridge Road,E01012721,Blackpool 007C,Criminal damage and arson,Status update unavailable,
c8945f1873237c989659839d9ff2aa9d2422ddb12d0cbcb556d8b1aeb3663044,2019-05,Lancashire Constabulary,Lancashire Constabulary,-3.012216,53.831040,On or near Hammerton Place,E01012721,Blackpool 007C,Criminal damage and arson,Unable to prosecute suspect,
513d4661a2b2be976fe72e2b9bd2d508c42af60c8828da128c58abbefd904631,2019-05,Lancashire Constabulary,Lancashire Constabulary,-3.011891,53.831457,On or near Marlhill Road,E01012721,Blackpool 007C,Criminal damage and arson,Status update unavailable,
7b955d07497974ffa06b4cd5cbc1078bb837de6fbe0c778b11125031af13990e,2019-05,Lancashire Constabulary,Lancashire Constabulary,-3.013709,53.831846,On or near Chipping Grove,E01012721,Blackpool 007C,Criminal damage and arson,Investigation complete; no suspect identified,
032c6935283ad4105444247d417de8fb54b1f5ff6f206d17efbb14fd49fa6c28,2019-05,Lancashire Constabulary,Lancashire Constabulary,-3.013709,53.831846,On or near Chipping Grove,E01012721,Blackpool 007C,Criminal damage and arson,Unable to prosecute suspect,
d5c4ef081510d99100585e5e709cc99a2b9b2685cf0435104fde487a6e0c7fd3,2019-05,Lancashire Constabulary,Lancashire Constabulary,-3.011891,53.831457,On or near Marlhill Road,E01012721,Blackpool 007C,Criminal damage and arson,Status update unavailable,
f85e583072716fa72338b3c396b3f39907d5c58199b146e05deed010dc2fc732,2019-05,Lancashire Constabulary,Lancashire Constabulary,-3.014861,53.834892,On or near Pilling Court,E01012721,Blackpool 007C,Criminal damage and arson,Unable to prosecute suspect,
d229d407881b7dd955e893f7b8a863e385c4a8b5c8586200fce6b751da99b883,2019-05,Lancashire Constabulary,Lancashire Constabulary,-3.013682,53.830749,On or near Bowland Crescent,E01012721,Blackpool 007C,Criminal damage and arson,Status update unavailable,
7c8af80304218a14071647e79089f2f44041c37a98678b42b6e4970dcc758add,2019-05,Lancashire Constabulary,Lancashire Constabulary,-3.011302,53.832855,On or near Easington Crescent,E01012721,Blackpool 007C,Drugs,Status update unavailable,
14d13e729dc35c8f1c24b968ca6af045f7285b22df3f086e91b73dc0a49046ac,2019-05,Lancashire Constabulary,Lancashire Constabulary,-3.014861,53.834892,On or near Pilling Court,E01012721,Blackpool 007C,Other theft,Status update unavailable,
8c789346219d2692a8e2e5826c79e276c79d7988dd67cd91c97adcc580bc6614,2019-05,Lancashire Constabulary,Lancashire Constabulary,-3.008041,53.833107,On or near Chatburn Close,E01012721,Blackpool 007C,Other theft,Status update unavailable,
fb5e671a63c7f89abc13a1e838303802af744565e32a97dee4889bb63e5fa1ea,2019-05,Lancashire Constabulary,Lancashire Constabulary,-3.008366,53.832097,On or near Horsebridge Road,E01012721,Blackpool 007C,Other theft,Unable to prosecute suspect,
4b82b181d3c9f2e3ea7ec7943d2b6070fe6cc2b339f5e851646ffb8025a1f962,2019-05,Lancashire Constabulary,Lancashire Constabulary,-3.014861,53.834892,On or near Pilling Court,E01012721,Blackpool 007C,Public order,Unable to prosecute suspect,
6ec603ea725bfd482570e3ce10e82533de954e13a999bda4551478e9948c3a82,2019-05,Lancashire Constabulary,Lancashire Constabulary,-3.013709,53.831846,On or near Chipping Grove,E01012721,Blackpool 007C,Violence and sexual offences,Status update unavailable,
e1f2caae8c948b367df41b217cb3e150a7152c8d928ad511f08c85c46d9dd240,2019-05,Lancashire Constabulary,Lancashire Constabulary,-3.013709,53.831846,On or near Chipping Grove,E01012721,Blackpool 007C,Violence and sexual offences,Formal action is not in the public interest,
502fc4d113b7c974b870c12e6f00e6027a620815f0f49ca3c7a6ee9b57f03abc,2019-05,Lancashire Constabulary,Lancashire Constabulary,-3.008366,53.832097,On or near Horsebridge Road,E01012721,Blackpool 007C,Violence and sexual offences,Status update unavailable,
a63b9e67f8ab79c5e91ec5eca2db64b6c2c2fec0c841dc0bb00a6235b28a40f2,2019-05,Lancashire Constabulary,Lancashire Constabulary,-3.012587,53.835091,On or near Glencoe Avenue,E01012721,Blackpool 007C,Violence and sexual offences,Unable to prosecute suspect,
e4b72d45360c30fb7d219f9faea1d3540d1c535c9eb6c63bdd59d147fdbf7464,2019-05,Lancashire Constabulary,Lancashire Constabulary,-3.008740,53.833119,On or near Grindleton Close,E01012721,Blackpool 007C,Violence and sexual offences,Status update unavailable,
659625e99e7c9a04b6f0a931456cbcf129f6c12db231390a01f9e4051d1c8ae2,2019-05,Lancashire Constabulary,Lancashire Constabulary,-3.012216,53.831040,On or near Hammerton Place,E01012721,Blackpool 007C,Violence and sexual offences,Unable to prosecute suspect,
cfbdddf38df28bbeb9244fa4b98a24c6f8c0aeab1ba9ee5fdd5660f1a23e326f,2019-05,Lancashire Constabulary,Lancashire Constabulary,-3.013709,53.831846,On or near Chipping Grove,E01012721,Blackpool 007C,Violence and sexual offences,Status update unavailable,
f81429ac2c2a0d3ecb4965146847abb411f095125d34e30e332b9e95617e14ac,2019-05,Lancashire Constabulary,Lancashire Constabulary,-3.009387,53.830318,On or near Ledbury Road,E01012721,Blackpool 007C,Violence and sexual offences,Awaiting court outcome,
8a5812f3cd2fb14e4ca9390044d9186bb46251a7c76adda77893a4570d61fba9,2019-05,Lancashire Constabulary,Lancashire Constabulary,-3.011891,53.831457,On or near Marlhill Road,E01012721,Blackpool 007C,Violence and sexual offences,Unable to prosecute suspect,
e1e9121f54a5d0724368f6dd7718088dd6cb1778223eeefe625c9fcc56cdf132,2019-05,Lancashire Constabulary,Lancashire Constabulary,-3.012587,53.835091,On or near Glencoe Avenue,E01012721,Blackpool 007C,Violence and sexual offences,Status update unavailable,
2f6212b2f199fa70bbf0eb8a02430740bb686103a78511133be08f68c83f442a,2019-05,Lancashire Constabulary,Lancashire Constabulary,-3.009059,53.834357,On or near Paythorne Close,E01012721,Blackpool 007C,Violence and sexual offences,Status update unavailable,
7e6507d7156644a527bfe87152d7b48808e7382d17a9da334b3e2d9fa97eb566,2019-05,Lancashire Constabulary,Lancashire Constabulary,-3.013709,53.831846,On or near Chipping Grove,E01012721,Blackpool 007C,Violence and sexual offences,Awaiting court outcome,
,2019-05,Lancashire Constabulary,Lancashire Constabulary,-3.016306,53.831779,On or near Shorefileds,E01012724,Blackpool 007D,Anti-social behaviour,,
,2019-05,Lancashire Constabulary,Lancashire Constabulary,-3.017362,53.832102,On or near Argosy Court,E01012724,Blackpool 007D,Anti-social behaviour,,
,2019-05,Lancashire Constabulary,Lancashire Constabulary,-3.021256,53.829148,On or near Haslow Place,E01012724,Blackpool 007D,Anti-social behaviour,,
,2019-05,Lancashire Constabulary,Lancashire Constabulary,-3.021256,53.829148,On or near Haslow Place,E01012724,Blackpool 007D,Anti-social behaviour,,
,2019-05,Lancashire Constabulary,Lancashire Constabulary,-3.017362,53.832102,On or near Argosy Court,E01012724,Blackpool 007D,Anti-social behaviour,,
,2019-05,Lancashire Constabulary,Lancashire Constabulary,-3.021001,53.833644,On or near Argosy Avenue,E01012724,Blackpool 007D,Anti-social behaviour,,
,2019-05,Lancashire Constabulary,Lancashire Constabulary,-3.021937,53.832774,On or near Draycot Avenue,E01012724,Blackpool 007D,Anti-social behaviour,,
,2019-05,Lancashire Constabulary,Lancashire Constabulary,-3.024337,53.829023,On or near Rudyard Place,E01012724,Blackpool 007D,Anti-social behaviour,,
,2019-05,Lancashire Constabulary,Lancashire Constabulary,-3.021001,53.833644,On or near Argosy Avenue,E01012724,Blackpool 007D,Anti-social behaviour,,
,2019-05,Lancashire Constabulary,Lancashire Constabulary,-3.023760,53.830286,On or near Fulwood Avenue,E01012724,Blackpool 007D,Anti-social behaviour,,
1b983212d9e015dd241c60a11c67df1c8c3233d29bb67a63ca50011119e82170,2019-05,Lancashire Constabulary,Lancashire Constabulary,-3.023760,53.830286,On or near Fulwood Avenue,E01012724,Blackpool 007D,Bicycle theft,Status update unavailable,
9fd20ca04b1f13cf415da49d4c3d3bd0c896cc7340ff64ce49ae636e306926eb,2019-05,Lancashire Constabulary,Lancashire Constabulary,-3.019517,53.831383,On or near Gateside Drive,E01012724,Blackpool 007D,Burglary,Status update unavailable,
4c3a805f040ef9bd0d5699192eb27314118713108e9388aef928ee2b01c1f0d4,2019-05,Lancashire Constabulary,Lancashire Constabulary,-3.023760,53.830286,On or near Fulwood Avenue,E01012724,Blackpool 007D,Criminal damage and arson,Unable to prosecute suspect,
fb551d54a5d779d85f5d3b25b5500546b36eaa583d61c9d6dfa9342d15b5c3de,2019-05,Lancashire Constabulary,Lancashire Constabulary,-3.019517,53.831383,On or near Gateside Drive,E01012724,Blackpool 007D,Criminal damage and arson,Status update unavailable,
8bc4d3d91ccab218693682aa87df918ff9a91ee8dc14a02d761158bfe89a52a6,2019-05,Lancashire Constabulary,Lancashire Constabulary,-3.022172,53.828718,On or near Adstone Avenue,E01012724,Blackpool 007D,Criminal damage and arson,Status update unavailable,
2a62b1e2dbee391db34ecd950227318c2f2545ae22ff6bfe434ed504a2e02392,2019-05,Lancashire Constabulary,Lancashire Constabulary,-3.019335,53.832014,On or near Forshaw Avenue,E01012724,Blackpool 007D,Criminal damage and arson,Status update unavailable,
d40de760dfe71c1bae5b82cd74aa0fc13fcff63bf3278a98131628d01f7ca5c1,2019-05,Lancashire Constabulary,Lancashire Constabulary,-3.023760,53.830286,On or near Fulwood Avenue,E01012724,Blackpool 007D,Criminal damage and arson,Awaiting court outcome,
56d9c9e3e0793e05e48f7be2edf39220f1e16b0c2306ffa3c2d458f040d4df70,2019-05,Lancashire Constabulary,Lancashire Constabulary,-3.019335,53.832014,On or near Forshaw Avenue,E01012724,Blackpool 007D,Drugs,Status update unavailable,
1230289c7c4823567fe768fa926cccd4a908c9590b991cfb6f0380e3457b7755,2019-05,Lancashire Constabulary,Lancashire Constabulary,-3.016306,53.831779,On or near Shorefileds,E01012724,Blackpool 007D,Other theft,Unable to prosecute suspect,
cdc365f3fc021f2e0935b9fcde0db0d86840302d3d75eafa7606180968d01e55,2019-05,Lancashire Constabulary,Lancashire Constabulary,-3.016306,53.831779,On or near Shorefileds,E01012724,Blackpool 007D,Public order,Further investigation is not in the public interest,
bc33f6a5a80455e96254a3cf845eb19a2c95c0d6c74b5227863b66acf43b3f22,2019-05,Lancashire Constabulary,Lancashire Constabulary,-3.021256,53.829148,On or near Haslow Place,E01012724,Blackpool 007D,Public order,Unable to prosecute suspect,
3fa850583bccef7e198e238df4023ffaec108646e1b6b851f67945123e045fc7,2019-05,Lancashire Constabulary,Lancashire Constabulary,-3.022724,53.829531,On or near Dingle Avenue,E01012724,Blackpool 007D,Violence and sexual offences,Unable to prosecute suspect,
4dbf1c11333a957b0913c2969268ee310b92f7bbe150421b7fbf5a9aa48e9efc,2019-05,Lancashire Constabulary,Lancashire Constabulary,-3.016306,53.831779,On or near Shorefileds,E01012724,Blackpool 007D,Violence and sexual offences,Unable to prosecute suspect,
8abc2ce13a4a79aa381cde4771d4a2d5191c9692f348e43632518202906cf754,2019-05,Lancashire Constabulary,Lancashire Constabulary,-3.017362,53.832102,On or near Argosy Court,E01012724,Blackpool 007D,Violence and sexual offences,Status update unavailable,
f4b5819074d949e2eb363f1a4bd8913b3d0a54c44680164f01216960812bf97d,2019-05,Lancashire Constabulary,Lancashire Constabulary,-3.022518,53.831699,On or near Chepstow Road,E01012724,Blackpool 007D,Violence and sexual offences,Further investigation is not in the public interest,
adf3434883a40a929a0679e122d489fddb4853337fc5b7d9001e07ff01a983b5,2019-05,Lancashire Constabulary,Lancashire Constabulary,-3.022518,53.831699,On or near Chepstow Road,E01012724,Blackpool 007D,Violence and sexual offences,Status update unavailable,
3874506f99a45db49ac1852fea2974389381723d9adf4ce0d8bbe42f359fd5b8,2019-05,Lancashire Constabulary,Lancashire Constabulary,-3.023122,53.829051,On or near Hockley Place,E01012724,Blackpool 007D,Violence and sexual offences,Action to be taken by another organisation,
cab66e8b1e798fb8a9ca67e5402661a2436798badc379e37c82b336d1e1d5ef3,2019-05,Lancashire Constabulary,Lancashire Constabulary,-3.022172,53.828718,On or near Adstone Avenue,E01012724,Blackpool 007D,Violence and sexual offences,Status update unavailable,
f49fab8740006fb2f63fedb936074a77d677afa71760a17ac8d4c64059462617,2019-05,Lancashire Constabulary,Lancashire Constabulary,-3.017046,53.834136,On or near Sports/Recreation Area,E01012724,Blackpool 007D,Violence and sexual offences,Status update unavailable,
0dbb25a81a89c4742a4fdd7238636010252a69b7c2e7fa617574829f8ffe2aa5,2019-05,Lancashire Constabulary,Lancashire Constabulary,-3.016306,53.831779,On or near Shorefileds,E01012724,Blackpool 007D,Violence and sexual offences,Unable to prosecute suspect,
fafabe05415f320543a56dbe7bb61348e852f00106aa8ec4e1e242f9c724e369,2019-05,Lancashire Constabulary,Lancashire Constabulary,-3.023707,53.831833,On or near Dawlish Avenue,E01012724,Blackpool 007D,Other crime,Unable to prosecute suspect,
761780eda10df729c76c84d7692b7be0f72e3431577727bf939c2a8c7fb9670f,2019-05,Lancashire Constabulary,Lancashire Constabulary,-3.024337,53.829023,On or near Rudyard Place,E01012724,Blackpool 007D,Other crime,Status update unavailable,
,2019-05,Lancashire Constabulary,Lancashire Constabulary,-3.034923,53.824528,On or near Sports/Recreation Area,E01012678,Blackpool 008A,Anti-social behaviour,,
,2019-05,Lancashire Constabulary,Lancashire Constabulary,-3.038132,53.824680,On or near Chester Road,E01012678,Blackpool 008A,Anti-social behaviour,,
,2019-05,Lancashire Constabulary,Lancashire Constabulary,-3.038132,53.824680,On or near Chester Road,E01012678,Blackpool 008A,Anti-social behaviour,,
,2019-05,Lancashire Constabulary,Lancashire Constabulary,-3.038789,53.824845,On or near Warwick Road,E01012678,Blackpool 008A,Anti-social behaviour,,
,2019-05,Lancashire Constabulary,Lancashire Constabulary,-3.037299,53.824166,On or near Laycock Gate,E01012678,Blackpool 008A,Anti-social behaviour,,
,2019-05,Lancashire Constabulary,Lancashire Constabulary,-3.033989,53.824859,On or near Mather Street,E01012678,Blackpool 008A,Anti-social behaviour,,
10ef2e22bfdf093e714cbbf1607e9fc371b64d7a9e71783cc94bdd80c5f3c8ef,2019-05,Lancashire Constabulary,Lancashire Constabulary,-3.038723,53.824639,On or near Heald Street,E01012678,Blackpool 008A,Criminal damage and arson,Status update unavailable,
c14caf979f3ca435de663236b8330fcbc4c53150651510cd622dfeb032e92b46,2019-05,Lancashire Constabulary,Lancashire Constabulary,-3.035326,53.823005,On or near Addison Crescent,E01012678,Blackpool 008A,Public order,Unable to prosecute suspect,
ba5ccadcb90b9e16bc5c5c2cec0433d41327a427bc1ee8d379dc6a57a343ad05,2019-05,Lancashire Constabulary,Lancashire Constabulary,-3.037299,53.824166,On or near Laycock Gate,E01012678,Blackpool 008A,Shoplifting,Status update unavailable,
e0fb0794ab3b59409fee559b93d0c0534d7e669d6a4e136c64e03647e571b3ff,2019-05,Lancashire Constabulary,Lancashire Constabulary,-3.038723,53.824639,On or near Heald Street,E01012678,Blackpool 008A,Violence and sexual offences,Status update unavailable,
326bf70767ce88ba71c64c52298c44137ae0f51f724d8e15a3004d5a3cd04eda,2019-05,Lancashire Constabulary,Lancashire Constabulary,-3.038723,53.824639,On or near Heald Street,E01012678,Blackpool 008A,Violence and sexual offences,Further investigation is not in the public interest,
82c2ad5e147dd38eca8055b7b57bac80f31eca9d62beac201afabb008a769b70,2019-05,Lancashire Constabulary,Lancashire Constabulary,-3.035326,53.823005,On or near Addison Crescent,E01012678,Blackpool 008A,Violence and sexual offences,Awaiting court outcome,
,2019-05,Lancashire Constabulary,Lancashire Constabulary,-3.046874,53.822500,On or near Whiteside Street,E01012679,Blackpool 008B,Anti-social behaviour,,
,2019-05,Lancashire Constabulary,Lancashire Constabulary,-3.045110,53.821195,On or near George Street,E01012679,Blackpool 008B,Anti-social behaviour,,
,2019-05,Lancashire Constabulary,Lancashire Constabulary,-3.043348,53.821812,On or near Gorton Street,E01012679,Blackpool 008B,Anti-social behaviour,,
,2019-05,Lancashire Constabulary,Lancashire Constabulary,-3.046874,53.822500,On or near Whiteside Street,E01012679,Blackpool 008B,Anti-social behaviour,,
,2019-05,Lancashire Constabulary,Lancashire Constabulary,-3.045842,53.823175,On or near Edelston Road,E01012679,Blackpool 008B,Anti-social behaviour,,
,2019-05,Lancashire Constabulary,Lancashire Constabulary,-3.042404,53.822971,On or near Fenton Road,E01012679,Blackpool 008B,Anti-social behaviour,,
,2019-05,Lancashire Constabulary,Lancashire Constabulary,-3.045842,53.823175,On or near Edelston Road,E01012679,Blackpool 008B,Anti-social behaviour,,
,2019-05,Lancashire Constabulary,Lancashire Constabulary,-3.039609,53.824191,On or near Boothley Road,E01012679,Blackpool 008B,Anti-social behaviour,,
,2019-05,Lancashire Constabulary,Lancashire Constabulary,-3.043348,53.821812,On or near Gorton Street,E01012679,Blackpool 008B,Anti-social behaviour,,
,2019-05,Lancashire Constabulary,Lancashire Constabulary,-3.045034,53.821806,On or near Fisher Street,E01012679,Blackpool 008B,Anti-social behaviour,,
,2019-05,Lancashire Constabulary,Lancashire Constabulary,-3.045842,53.823175,On or near Edelston Road,E01012679,Blackpool 008B,Anti-social behaviour,,
,2019-05,Lancashire Constabulary,Lancashire Constabulary,-3.045405,53.823304,On or near Handley Road,E01012679,Blackpool 008B,Anti-social behaviour,,
,2019-05,Lancashire Constabulary,Lancashire Constabulary,-3.041397,53.823420,On or near St George Court,E01012679,Blackpool 008B,Anti-social behaviour,,
,2019-05,Lancashire Constabulary,Lancashire Constabulary,-3.042404,53.822971,On or near Fenton Road,E01012679,Blackpool 008B,Anti-social behaviour,,
,2019-05,Lancashire Constabulary,Lancashire Constabulary,-3.046874,53.822500,On or near Whiteside Street,E01012679,Blackpool 008B,Anti-social behaviour,,
,2019-05,Lancashire Constabulary,Lancashire Constabulary,-3.045405,53.823304,On or near Handley Road,E01012679,Blackpool 008B,Anti-social behaviour,,
,2019-05,Lancashire Constabulary,Lancashire Constabulary,-3.042404,53.822971,On or near Fenton Road,E01012679,Blackpool 008B,Anti-social behaviour,,
,2019-05,Lancashire Constabulary,Lancashire Constabulary,-3.045842,53.823175,On or near Edelston Road,E01012679,Blackpool 008B,Anti-social behaviour,,
,2019-05,Lancashire Constabulary,Lancashire Constabulary,-3.043348,53.821812,On or near Gorton Street,E01012679,Blackpool 008B,Anti-social behaviour,,
7786f89cca2f7eb96762d53c7cdfa68b349f5fb8340323511e957563018eab56,2019-05,Lancashire Constabulary,Lancashire Constabulary,-3.043846,53.822320,On or near Gorton Street,E01012679,Blackpool 008B,Burglary,Unable to prosecute suspect,
2d7710298b2ea553227323db24bd283deb010fc1798a2b7a054c11c2e009b461,2019-05,Lancashire Constabulary,Lancashire Constabulary,-3.046250,53.821859,On or near Platt Street,E01012679,Blackpool 008B,Criminal damage and arson,Status update unavailable,
fc28cb014d11e0a0885903a3cce1c8465b93ddf121d7e717850ce96cf5c3fc70,2019-05,Lancashire Constabulary,Lancashire Constabulary,-3.045888,53.822572,On or near Butler Street,E01012679,Blackpool 008B,Other theft,Status update unavailable,
0ec522f422a7b9498854ebc4f258e0b98326bf075f07307fce1c1118851b20df,2019-05,Lancashire Constabulary,Lancashire Constabulary,-3.041397,53.823420,On or near St George Court,E01012679,Blackpool 008B,Public order,Status update unavailable,
7c28c574a6d230efac20d9f575ece9605be64731ca4a8850dc3cc22c43bfdeda,2019-05,Lancashire Constabulary,Lancashire Constabulary,-3.043846,53.822320,On or near Gorton Street,E01012679,Blackpool 008B,Violence and sexual offences,Status update unavailable,
e583465e9bc2ea8e0bc56b5fa669bccd21cc20e4066370d2b6d29a781c3607d7,2019-05,Lancashire Constabulary,Lancashire Constabulary,-3.043846,53.822320,On or near Gorton Street,E01012679,Blackpool 008B,Violence and sexual offences,Unable to prosecute suspect,
dd0f2138db2ae7f3cc9db10501041dac2ff57bc285edef78984a105f8afe1756,2019-05,Lancashire Constabulary,Lancashire Constabulary,-3.046874,53.822500,On or near Whiteside Street,E01012679,Blackpool 008B,Violence and sexual offences,Status update unavailable,
d950635ed26699033dd9b0c53625e156e92505b2a14aaf4676385f3c27cf605d,2019-05,Lancashire Constabulary,Lancashire Constabulary,-3.043846,53.822320,On or near Gorton Street,E01012679,Blackpool 008B,Violence and sexual offences,Unable to prosecute suspect,
81aaa149d62bfd837a6f5c3e0912eb08154c8fb98a10a62c4c724b288090ed2b,2019-05,Lancashire Constabulary,Lancashire Constabulary,-3.045034,53.821806,On or near Fisher Street,E01012679,Blackpool 008B,Violence and sexual offences,Status update unavailable,
356bbdc4369eb7b5c02a593a77d68216b35e96dccecfc2079148820527a2054a,2019-05,Lancashire Constabulary,Lancashire Constabulary,-3.044193,53.820978,On or near Elizabeth Street,E01012679,Blackpool 008B,Violence and sexual offences,Status update unavailable,
98e347cc2535a9fa436ba9dd357fed5ca881740eb7cdbe86d8fc80fc394f9974,2019-05,Lancashire Constabulary,Lancashire Constabulary,-3.045888,53.822572,On or near Butler Street,E01012679,Blackpool 008B,Violence and sexual offences,Status update unavailable,
760e5ea90acad283786c6c78062ae13b9cc70468884fe9293fcce5b333aa2f84,2019-05,Lancashire Constabulary,Lancashire Constabulary,-3.041261,53.822819,On or near George Street,E01012679,Blackpool 008B,Violence and sexual offences,Status update unavailable,
1edc1d766fcf4ef27bfdb669f22bd7f7a77bb56de94d20360f26b0d0e8c6a9a3,2019-05,Lancashire Constabulary,Lancashire Constabulary,-3.045110,53.821195,On or near George Street,E01012679,Blackpool 008B,Violence and sexual offences,Status update unavailable,
f05541ffb805c83245a5ad753626d000439ffb7fb593ecf5fd3bc153635038c3,2019-05,Lancashire Constabulary,Lancashire Constabulary,-3.039609,53.824191,On or near Boothley Road,E01012679,Blackpool 008B,Violence and sexual offences,Status update unavailable,
1fff69dc890e9602a5f4e3d93ce3233af7746826210a5f40297176f8f066ef7a,2019-05,Lancashire Constabulary,Lancashire Constabulary,-3.041261,53.822819,On or near George Street,E01012679,Blackpool 008B,Violence and sexual offences,Status update unavailable,
3ac8b76f7b1c0ab53d5688ac5475737de4b900ecc6fdbbdbf15aaf5a4d866f64,2019-05,Lancashire Constabulary,Lancashire Constabulary,-3.043846,53.822320,On or near Gorton Street,E01012679,Blackpool 008B,Violence and sexual offences,Status update unavailable,
767a06e35977195b1ce47b3b2de3e0d5c9fa2d916d3fba8c71af1c03856244bc,2019-05,Lancashire Constabulary,Lancashire Constabulary,-3.045405,53.823304,On or near Handley Road,E01012679,Blackpool 008B,Violence and sexual offences,Unable to prosecute suspect,
129b0ff37e91b1fe0bb3ac8767b8a6afa7feb7c4955278d67a10ae21dd55853a,2019-05,Lancashire Constabulary,Lancashire Constabulary,-3.044943,53.822418,On or near Fairhurst Street,E01012679,Blackpool 008B,Violence and sexual offences,Further investigation is not in the public interest,
ccedd36812364dd032fdb931efa0ca2d5a48c925126e3c45adfac5bb8a7dfa99,2019-05,Lancashire Constabulary,Lancashire Constabulary,-3.044193,53.820978,On or near Elizabeth Street,E01012679,Blackpool 008B,Violence and sexual offences,Status update unavailable,
5f248b990ef569853e391c129b6cfabed7dcb20ea863e192a630912b7adae088,2019-05,Lancashire Constabulary,Lancashire Constabulary,-3.043348,53.821812,On or near Gorton Street,E01012679,Blackpool 008B,Violence and sexual offences,Further investigation is not in the public interest,
f7d749878d02d31e5667507a85c2665681a51e29a7573a91b0bba72f63b3b2fe,2019-05,Lancashire Constabulary,Lancashire Constabulary,-3.045405,53.823304,On or near Handley Road,E01012679,Blackpool 008B,Other crime,Unable to prosecute suspect,
5cc6a10bdf70423bcacbf00c6f45f3330e7e49d859d47786d5236d82f89dd8e2,2019-05,Lancashire Constabulary,Lancashire Constabulary,-3.045110,53.821195,On or near George Street,E01012679,Blackpool 008B,Other crime,Status update unavailable,
,2019-05,Lancashire Constabulary,Lancashire Constabulary,-3.038808,53.825582,On or near Empire Grove,E01012680,Blackpool 008C,Anti-social behaviour,,
,2019-05,Lancashire Constabulary,Lancashire Constabulary,-3.046837,53.825880,On or near Smithy Mews,E01012680,Blackpool 008C,Anti-social behaviour,,
,2019-05,Lancashire Constabulary,Lancashire Constabulary,-3.038526,53.828326,On or near Mansfield Road,E01012680,Blackpool 008C,Anti-social behaviour,,
,2019-05,Lancashire Constabulary,Lancashire Constabulary,-3.044531,53.826044,On or near Percy Street,E01012680,Blackpool 008C,Anti-social behaviour,,
,2019-05,Lancashire Constabulary,Lancashire Constabulary,-3.046837,53.825880,On or near Smithy Mews,E01012680,Blackpool 008C,Anti-social behaviour,,
,2019-05,Lancashire Constabulary,Lancashire Constabulary,-3.037139,53.825704,On or near Healey Street,E01012680,Blackpool 008C,Anti-social behaviour,,
,2019-05,Lancashire Constabulary,Lancashire Constabulary,-3.044194,53.824079,On or near Hardman Street,E01012680,Blackpool 008C,Anti-social behaviour,,
,2019-05,Lancashire Constabulary,Lancashire Constabulary,-3.036642,53.825852,On or near Rossall Road,E01012680,Blackpool 008C,Anti-social behaviour,,
8a1c88590190d1f051add964279ad439607b6f5f279c989c55c0a1b62004c376,2019-05,Lancashire Constabulary,Lancashire Constabulary,-3.037139,53.825704,On or near Healey Street,E01012680,Blackpool 008C,Burglary,Status update unavailable,
d9ea3585746ac4f9f21a7e0ed14d5c3f9d4c04b8223f09c26c56428a897fe850,2019-05,Lancashire Constabulary,Lancashire Constabulary,-3.036038,53.825399,On or near Cypress Grove,E01012680,Blackpool 008C,Burglary,Unable to prosecute suspect,
2f7681f56ab56d0c1fbe955f65d839d5f39ae061df19a436f12bf739fd1edf9a,2019-05,Lancashire Constabulary,Lancashire Constabulary,-3.036642,53.825852,On or near Rossall Road,E01012680,Blackpool 008C,Burglary,Unable to prosecute suspect,
d35e8dfc8b8a171047586d6f8c6d5f30397c8b2dc0046423da83a90c754a4e36,2019-05,Lancashire Constabulary,Lancashire Constabulary,-3.037981,53.825939,On or near Wildman Street,E01012680,Blackpool 008C,Burglary,Status update unavailable,
f38a6178468ae0e5eb26e6e6d205e932465d653320cc4896436d8a93ad52a666,2019-05,Lancashire Constabulary,Lancashire Constabulary,-3.038808,53.825582,On or near Empire Grove,E01012680,Blackpool 008C,Criminal damage and arson,Status update unavailable,
6922fee4e3c5800193b3b44ea0c64251deec69a6d2f5d020278a07c85633974d,2019-05,Lancashire Constabulary,Lancashire Constabulary,-3.038526,53.828326,On or near Mansfield Road,E01012680,Blackpool 008C,Criminal damage and arson,Status update unavailable,
94302fb4f00a65a54c1fcf6e4625b5b39ffda479f08836d9fa19b9e847dfec0d,2019-05,Lancashire Constabulary,Lancashire Constabulary,-3.037244,53.827474,On or near Foxdale Avenue,E01012680,Blackpool 008C,Criminal damage and arson,Status update unavailable,
54ee423f6d8c7b7a5a0ff81ec2145eb344ea2b0b439e65b8eaf2fe21f4788bae,2019-05,Lancashire Constabulary,Lancashire Constabulary,-3.044531,53.826044,On or near Percy Street,E01012680,Blackpool 008C,Other theft,Unable to prosecute suspect,
e8d962942ffb6f78f39d0d6da4a30a41d85639b101a35253bd1282fec90a9a23,2019-05,Lancashire Constabulary,Lancashire Constabulary,-3.041788,53.823857,On or near Boothley Road,E01012680,Blackpool 008C,Other theft,Unable to prosecute suspect,
f8baea00290cd72a56df2ce3eece16182014daa2daa1b0e2b1b59b8596084b66,2019-05,Lancashire Constabulary,Lancashire Constabulary,-3.038526,53.828326,On or near Mansfield Road,E01012680,Blackpool 008C,Other theft,Status update unavailable,
fba0512999a5f5e28f1c47143725004dde7259aba03ce6ee7af6e9a04b40d28f,2019-05,Lancashire Constabulary,Lancashire Constabulary,-3.044194,53.824079,On or near Hardman Street,E01012680,Blackpool 008C,Other theft,Status update unavailable,
5943b79e773c3e2238ba4000a9b52df96a9beeef882b74e5c9606aa7e1e8d6ab,2019-05,Lancashire Constabulary,Lancashire Constabulary,-3.044194,53.824079,On or near Hardman Street,E01012680,Blackpool 008C,Robbery,Status update unavailable,
62199ab9121c327ea14f77ba4bc724155a39457abc875a6c281ce4065a6a081b,2019-05,Lancashire Constabulary,Lancashire Constabulary,-3.039578,53.827858,On or near Devonshire Road,E01012680,Blackpool 008C,Theft from the person,Unable to prosecute suspect,
d49414cefa3aaa6cbfda72ce3aa647838d24c6269015c26b8e699ffde8cfaa34,2019-05,Lancashire Constabulary,Lancashire Constabulary,-3.036642,53.825852,On or near Rossall Road,E01012680,Blackpool 008C,Vehicle crime,Further investigation is not in the public interest,
0cbe1c0eb9d991ae46caa34c63461d797569b2a3b20a11b290b811c2c597a40d,2019-05,Lancashire Constabulary,Lancashire Constabulary,-3.038368,53.826844,On or near Douglas Avenue,E01012680,Blackpool 008C,Vehicle crime,Status update unavailable,
0e7064146eaa54bbded6d945a218422a3a9c2e0a287240a6c9f375d01c221cb8,2019-05,Lancashire Constabulary,Lancashire Constabulary,-3.037981,53.825939,On or near Wildman Street,E01012680,Blackpool 008C,Violence and sexual offences,Unable to prosecute suspect,
3c7fcdf088aaf077200a2595d3fbad216fcc909e7bd90617c45736533e93dc98,2019-05,Lancashire Constabulary,Lancashire Constabulary,-3.044194,53.824079,On or near Hardman Street,E01012680,Blackpool 008C,Violence and sexual offences,Status update unavailable,
d88cea15c0449282ace9e6bd9ae1ac98fc11537c20c7b457593a2a258e6f7e46,2019-05,Lancashire Constabulary,Lancashire Constabulary,-3.036642,53.825852,On or near Rossall Road,E01012680,Blackpool 008C,Violence and sexual offences,Unable to prosecute suspect,
d094f6165b2d92a689b7c9b83138dd4a1dfb33be29108dfbf0ac4f80c3d17b6f,2019-05,Lancashire Constabulary,Lancashire Constabulary,-3.036642,53.825852,On or near Rossall Road,E01012680,Blackpool 008C,Violence and sexual offences,Status update unavailable,
a646119d3212d28605984b4d87908bfc84d8c8412b68fe921f2177a22bec6e2f,2019-05,Lancashire Constabulary,Lancashire Constabulary,-3.044194,53.824079,On or near Hardman Street,E01012680,Blackpool 008C,Violence and sexual offences,Awaiting court outcome,
9e9577dc8f436927aedb3d5fbb60e928ff6c7a3f1babf29f8981e576a2ba9fa7,2019-05,Lancashire Constabulary,Lancashire Constabulary,-3.044194,53.824079,On or near Hardman Street,E01012680,Blackpool 008C,Violence and sexual offences,Status update unavailable,
2fff17c92fef17a4d5c150c3bafcc8e6a264df120f2502853b8dc7cadc104520,2019-05,Lancashire Constabulary,Lancashire Constabulary,-3.036642,53.825852,On or near Rossall Road,E01012680,Blackpool 008C,Violence and sexual offences,Unable to prosecute suspect,
,2019-05,Lancashire Constabulary,Lancashire Constabulary,-3.041932,53.826579,On or near Coopers Way,E01012682,Blackpool 008D,Anti-social behaviour,,
,2019-05,Lancashire Constabulary,Lancashire Constabulary,-3.050799,53.824560,On or near Lewtas Street,E01012682,Blackpool 008D,Anti-social behaviour,,
,2019-05,Lancashire Constabulary,Lancashire Constabulary,-3.042570,53.825981,On or near Spencer Court,E01012682,Blackpool 008D,Anti-social behaviour,,
,2019-05,Lancashire Constabulary,Lancashire Constabulary,-3.049851,53.823095,On or near Parking Area,E01012682,Blackpool 008D,Anti-social behaviour,,
,2019-05,Lancashire Constabulary,Lancashire Constabulary,-3.049212,53.824269,On or near Howard Street,E01012682,Blackpool 008D,Anti-social behaviour,,
,2019-05,Lancashire Constabulary,Lancashire Constabulary,-3.043917,53.825151,On or near St Anthony'S Place,E01012682,Blackpool 008D,Anti-social behaviour,,
6314b37684237c576df0336e2f2304044d2cabef04d4d5cc4ad63ba44261bd91,2019-05,Lancashire Constabulary,Lancashire Constabulary,-3.049198,53.826129,On or near Ashburton Road,E01012682,Blackpool 008D,Burglary,Status update unavailable,
24f2de23f8cee71eb1479afa1f7ab65733a20a39717b362ed4f501c562866a62,2019-05,Lancashire Constabulary,Lancashire Constabulary,-3.041830,53.825538,On or near Kyston Close,E01012682,Blackpool 008D,Burglary,Status update unavailable,
d0d834dc050e437dc632d8dc1f12e94a5336e3049cc8169213bcc2af2d4e78c7,2019-05,Lancashire Constabulary,Lancashire Constabulary,-3.053528,53.826163,On or near Bute Avenue,E01012682,Blackpool 008D,Criminal damage and arson,Status update unavailable,
dff6942bd06ad8b1dd5d4e9e23c64e0da1ec6a7de19e59574e7c4e435379cf89,2019-05,Lancashire Constabulary,Lancashire Constabulary,-3.042570,53.825981,On or near Spencer Court,E01012682,Blackpool 008D,Criminal damage and arson,Unable to prosecute suspect,
6334937ac3cd0b8507d311f906368c7965ecb79718f06a9fe43244d14d59852e,2019-05,Lancashire Constabulary,Lancashire Constabulary,-3.051276,53.826012,On or near Egerton Road,E01012682,Blackpool 008D,Criminal damage and arson,Status update unavailable,
495696efd30de28e11b53f9a7c497fb429cc536a233e5c6d4ea95b5287109e90,2019-05,Lancashire Constabulary,Lancashire Constabulary,-3.044692,53.825153,On or near Cecil Street,E01012682,Blackpool 008D,Criminal damage and arson,Status update unavailable,
d73c742b1795a56ee1ecca930e8f015465ea92964d7d5355b0480275bbe60df3,2019-05,Lancashire Constabulary,Lancashire Constabulary,-3.051632,53.826881,On or near Cheltenham Road,E01012682,Blackpool 008D,Criminal damage and arson,Status update unavailable,
575a575a4c85a98c7e9ba5418cb8c402644430ab11b4ef89ebc0e5cbf5e809a8,2019-05,Lancashire Constabulary,Lancashire Constabulary,-3.050760,53.824201,On or near Exchange Street,E01012682,Blackpool 008D,Drugs,Status update unavailable,
b5232350fc7aa4f269abde8b4eec39a3e139f541bd7a4be61e13a87a425573b4,2019-05,Lancashire Constabulary,Lancashire Constabulary,-3.042570,53.825981,On or near Spencer Court,E01012682,Blackpool 008D,Other theft,Unable to prosecute suspect,
ff8edc24312d0b0d4a9f9894c2033553dee313ee5bd5df59e9f58ed40879fb77,2019-05,Lancashire Constabulary,Lancashire Constabulary,-3.053528,53.826163,On or near Bute Avenue,E01012682,Blackpool 008D,Other theft,Status update unavailable,
83155f5dcbcb79d069c1d1d07d5b746eb416959247b8e1f387c47a8234023cab,2019-05,Lancashire Constabulary,Lancashire Constabulary,-3.053528,53.826163,On or near Bute Avenue,E01012682,Blackpool 008D,Other theft,Status update unavailable,
fea35c1bb124242390e2a51ba10825b8026151c9a148690dafa1f0077b02ac12,2019-05,Lancashire Constabulary,Lancashire Constabulary,-3.044326,53.825741,On or near Grafton Street,E01012682,Blackpool 008D,Other theft,Status update unavailable,
485c66e6192e51543b356937900ec3eca8b35ba6fa0661b86271823ec6108a86,2019-05,Lancashire Constabulary,Lancashire Constabulary,-3.046933,53.823641,On or near Parking Area,E01012682,Blackpool 008D,Robbery,Awaiting court outcome,
30d0a1b89b69141cc1ebf44263fc1e2266fca6124e088c738da146c91085c7cd,2019-05,Lancashire Constabulary,Lancashire Constabulary,-3.050799,53.824560,On or near Lewtas Street,E01012682,Blackpool 008D,Shoplifting,Awaiting court outcome,
59e97d95c24d62bd9d235b83c1f846828ca8fb60aedc8eac723acac163884a0f,2019-05,Lancashire Constabulary,Lancashire Constabulary,-3.046933,53.823641,On or near Parking Area,E01012682,Blackpool 008D,Vehicle crime,Status update unavailable,
79826e0061bc99ea124ac56c00a77a07cb6e81c1f3644e7d1166fa722f2a62ee,2019-05,Lancashire Constabulary,Lancashire Constabulary,-3.042570,53.825981,On or near Spencer Court,E01012682,Blackpool 008D,Vehicle crime,Unable to prosecute suspect,
52e996a63ea814be2f99020311ddc9177bdd03892c9b8c4b6d95fbd8f16f4d39,2019-05,Lancashire Constabulary,Lancashire Constabulary,-3.042570,53.825981,On or near Spencer Court,E01012682,Blackpool 008D,Vehicle crime,Unable to prosecute suspect,
71d7337519cea461d74ad5f8055a95e978a0e87806fec261a1d82e5d11733165,2019-05,Lancashire Constabulary,Lancashire Constabulary,-3.043917,53.825151,On or near St Anthony'S Place,E01012682,Blackpool 008D,Violence and sexual offences,Status update unavailable,
cd0113e4b0d4ce9718dcec300897b6dab5a12789a9da26cc4e54a0d6ee83e88f,2019-05,Lancashire Constabulary,Lancashire Constabulary,-3.041830,53.825538,On or near Kyston Close,E01012682,Blackpool 008D,Violence and sexual offences,Status update unavailable,
b578953d36cc7523aae7577cc4fade75624e40837c7b8333a973e68bd75a533f,2019-05,Lancashire Constabulary,Lancashire Constabulary,-3.042570,53.825981,On or near Spencer Court,E01012682,Blackpool 008D,Violence and sexual offences,Further investigation is not in the public interest,
95ab43e15161b330007dcdbdd6af817a92308fae86e860c5b631c2ade4baf7f0,2019-05,Lancashire Constabulary,Lancashire Constabulary,-3.042570,53.825981,On or near Spencer Court,E01012682,Blackpool 008D,Violence and sexual offences,Awaiting court outcome,
756172bf001ceed40feac3ad31260882fd48731fd441652792c8234ae42dbf56,2019-05,Lancashire Constabulary,Lancashire Constabulary,-3.049788,53.823617,On or near Avenham Grove,E01012682,Blackpool 008D,Violence and sexual offences,Unable to prosecute suspect,
4f0570460acbd0ada73dbe9eeb0cdb746254f4ffd507c54e222480b850ee999f,2019-05,Lancashire Constabulary,Lancashire Constabulary,-3.044137,53.825446,On or near Beresford Street,E01012682,Blackpool 008D,Violence and sexual offences,Status update unavailable,
62c3fc8687b6ca9cde569b0684ca01e2bdb29a94736ef666d63517689d55ac0f,2019-05,Lancashire Constabulary,Lancashire Constabulary,-3.042570,53.825981,On or near Spencer Court,E01012682,Blackpool 008D,Violence and sexual offences,Further investigation is not in the public interest,
0f20c62cac5f3721d51162baf71c6c21d36bb276ea0f6d861314d035260b437e,2019-05,Lancashire Constabulary,Lancashire Constabulary,-3.042570,53.825981,On or near Spencer Court,E01012682,Blackpool 008D,Violence and sexual offences,Unable to prosecute suspect,
b1b7f4b8076bc2c97a25bb0577badb7e3b8c9da7409753f28d5f5feb960b0a4f,2019-05,Lancashire Constabulary,Lancashire Constabulary,-3.053528,53.826163,On or near Bute Avenue,E01012682,Blackpool 008D,Violence and sexual offences,Awaiting court outcome,
100c20cd4db7a5c5451a6c257ec64808ffb1fbb4a4533f06bd1f29b499869dfc,2019-05,Lancashire Constabulary,Lancashire Constabulary,-3.051449,53.823800,On or near Cocker Street,E01012682,Blackpool 008D,Violence and sexual offences,Status update unavailable,
26855a14e52d3805cb94c6f67c360e1b2fdb3fc5999184ef02498bd7a2e86938,2019-05,Lancashire Constabulary,Lancashire Constabulary,-3.044137,53.825446,On or near Beresford Street,E01012682,Blackpool 008D,Violence and sexual offences,Unable to prosecute suspect,
0d8cc0198bcc0074a150bb885f5aabe31e8d7c03c7e543a9087de868b09f273f,2019-05,Lancashire Constabulary,Lancashire Constabulary,-3.051632,53.826881,On or near Cheltenham Road,E01012682,Blackpool 008D,Violence and sexual offences,Status update unavailable,
b427f98d6da9610fcd5c402f9402dafe9247449fe4cbe45fbdd1d7197126358a,2019-05,Lancashire Constabulary,Lancashire Constabulary,-3.047678,53.825523,On or near Gardeners Mews,E01012682,Blackpool 008D,Violence and sexual offences,Further investigation is not in the public interest,
491f96e3da8c0cc6560adde784b0cb077907c04dc8bc40fcebca467c072332ee,2019-05,Lancashire Constabulary,Lancashire Constabulary,-3.049788,53.823617,On or near Avenham Grove,E01012682,Blackpool 008D,Violence and sexual offences,Unable to prosecute suspect,
18b83b1d6d3c140f02853febc3113e37483913c6c28934de92bb25e9a653d03d,2019-05,Lancashire Constabulary,Lancashire Constabulary,-3.046933,53.823641,On or near Parking Area,E01012682,Blackpool 008D,Violence and sexual offences,Status update unavailable,
9152fcedd0756183f43c671063f6f31ec454e6da0fd2a60431e3f2e2747b892a,2019-05,Lancashire Constabulary,Lancashire Constabulary,-3.048561,53.824373,On or near Lang Street,E01012682,Blackpool 008D,Violence and sexual offences,Status update unavailable,
a2ea6a7edd5ca9fee2a332d5670460806a6b326653d4635a059386970078c80b,2019-05,Lancashire Constabulary,Lancashire Constabulary,-3.051632,53.826881,On or near Cheltenham Road,E01012682,Blackpool 008D,Violence and sexual offences,Unable to prosecute suspect,
81275f4cc99a1b82cf765cdef02e5e5411fdbe75c0c17edab7235af1e66cf0f3,2019-05,Lancashire Constabulary,Lancashire Constabulary,-3.049788,53.823617,On or near Avenham Grove,E01012682,Blackpool 008D,Violence and sexual offences,Status update unavailable,
25d3196aa005873ef9a765045ff88e8718bd1437da2560d562d0ae12d829f25f,2019-05,Lancashire Constabulary,Lancashire Constabulary,-3.042464,53.825379,On or near Althorp Close,E01012682,Blackpool 008D,Violence and sexual offences,Unable to prosecute suspect,
aac15a03575e3501cb0582b5fc7aeccf0172c084fbdcd523112638c0153ede56,2019-05,Lancashire Constabulary,Lancashire Constabulary,-3.051449,53.823800,On or near Cocker Street,E01012682,Blackpool 008D,Violence and sexual offences,Status update unavailable,
c25081f21d47ba4a966fee12eafff774e75ee18afb0cd1eba3a8cb5affc9fb36,2019-05,Lancashire Constabulary,Lancashire Constabulary,-3.041830,53.825538,On or near Kyston Close,E01012682,Blackpool 008D,Violence and sexual offences,Status update unavailable,
02341c16453f625ae0d1bc4530af8091cfa5fedf176b2e68e8cb6d8ef81c35bc,2019-05,Lancashire Constabulary,Lancashire Constabulary,-3.043917,53.825151,On or near St Anthony'S Place,E01012682,Blackpool 008D,Violence and sexual offences,Unable to prosecute suspect,
,2019-05,Lancashire Constabulary,Lancashire Constabulary,-3.046263,53.829058,On or near Claremont Court,E01012684,Blackpool 008E,Anti-social behaviour,,
,2019-05,Lancashire Constabulary,Lancashire Constabulary,-3.045607,53.828983,On or near Cromwell Road,E01012684,Blackpool 008E,Anti-social behaviour,,
,2019-05,Lancashire Constabulary,Lancashire Constabulary,-3.044363,53.829030,On or near Sutherland View,E01012684,Blackpool 008E,Anti-social behaviour,,
,2019-05,Lancashire Constabulary,Lancashire Constabulary,-3.046263,53.829058,On or near Claremont Court,E01012684,Blackpool 008E,Anti-social behaviour,,
,2019-05,Lancashire Constabulary,Lancashire Constabulary,-3.046263,53.829058,On or near Claremont Court,E01012684,Blackpool 008E,Anti-social behaviour,,
,2019-05,Lancashire Constabulary,Lancashire Constabulary,-3.046263,53.829058,On or near Claremont Court,E01012684,Blackpool 008E,Anti-social behaviour,,
,2019-05,Lancashire Constabulary,Lancashire Constabulary,-3.045607,53.828983,On or near Cromwell Road,E01012684,Blackpool 008E,Anti-social behaviour,,
,2019-05,Lancashire Constabulary,Lancashire Constabulary,-3.046263,53.829058,On or near Claremont Court,E01012684,Blackpool 008E,Anti-social behaviour,,
,2019-05,Lancashire Constabulary,Lancashire Constabulary,-3.043323,53.829399,On or near Avon Place,E01012684,Blackpool 008E,Anti-social behaviour,,
,2019-05,Lancashire Constabulary,Lancashire Constabulary,-3.043193,53.828429,On or near Enfield Road,E01012684,Blackpool 008E,Anti-social behaviour,,
,2019-05,Lancashire Constabulary,Lancashire Constabulary,-3.042118,53.829822,On or near Leavesley Road,E01012684,Blackpool 008E,Anti-social behaviour,,
3a07b564fe2787c93d1dd4c1857d5a5832b88a6485b9d7967fc71d1f6cd257d5,2019-05,Lancashire Constabulary,Lancashire Constabulary,-3.045999,53.828234,On or near Handsworth Court,E01012684,Blackpool 008E,Criminal damage and arson,Status update unavailable,
42eb545f909942533b78411ef4d054ef5dbc809c477d075b5034c99350138c8e,2019-05,Lancashire Constabulary,Lancashire Constabulary,-3.043772,53.829089,On or near Stanhope Road,E01012684,Blackpool 008E,Drugs,Unable to prosecute suspect,
324c1ccda7f3ebda15b93f6421328aaad20cabf6958980082a9f8b521b766cee,2019-05,Lancashire Constabulary,Lancashire Constabulary,-3.045329,53.828186,On or near Handsworth Road,E01012684,Blackpool 008E,Other theft,Status update unavailable,
6f322c5ddfedf2392638ffc965563eae5ab028369c02074281f02402e7b9d44d,2019-05,Lancashire Constabulary,Lancashire Constabulary,-3.045607,53.828983,On or near Cromwell Road,E01012684,Blackpool 008E,Other theft,Status update unavailable,
c212c5d2031dcaaba0673c2dc7297b522324ddb84dc52f39b1dafe73160a3872,2019-05,Lancashire Constabulary,Lancashire Constabulary,-3.043193,53.828429,On or near Enfield Road,E01012684,Blackpool 008E,Other theft,Status update unavailable,
2da85291452d470f6e61e3043344cf9d2a77ab332aa61048975184f010d6e2a3,2019-05,Lancashire Constabulary,Lancashire Constabulary,-3.047878,53.828056,On or near Woburn Road,E01012684,Blackpool 008E,Other theft,Unable to prosecute suspect,
2fe0b8a1006cb618526e4c2d488adf48ec111c77778db87b792a609a11612915,2019-05,Lancashire Constabulary,Lancashire Constabulary,-3.046263,53.829058,On or near Claremont Court,E01012684,Blackpool 008E,Public order,Status update unavailable,
bc5c5bbbdcad51b24c05a87d1b85ad5a5a4ddd5d6af016322d5c9f20d0f7601f,2019-05,Lancashire Constabulary,Lancashire Constabulary,-3.045607,53.828983,On or near Cromwell Road,E01012684,Blackpool 008E,Shoplifting,Unable to prosecute suspect,
aaa4ead0bb4d7376c935779652bb3f087aea426593f0479e4cf0884453771ea6,2019-05,Lancashire Constabulary,Lancashire Constabulary,-3.045011,53.830058,On or near Claremont Road,E01012684,Blackpool 008E,Vehicle crime,Status update unavailable,
3bd46b15e9a6d7ac2fe5ea5272e5220aff40b80dce908b92a25ac41a1ac60c83,2019-05,Lancashire Constabulary,Lancashire Constabulary,-3.044278,53.828698,On or near Hampstead Mews,E01012684,Blackpool 008E,Violence and sexual offences,Unable to prosecute suspect,
c154e860abbfb5cef617ff3cac1725a9f1144aed100e95e66f0e08fd36e2ab5f,2019-05,Lancashire Constabulary,Lancashire Constabulary,-3.043323,53.829399,On or near Avon Place,E01012684,Blackpool 008E,Violence and sexual offences,Unable to prosecute suspect,
a41244979d2738ea86856a4fd73b3812eb600a7920d1927c147600c18ca3c495,2019-05,Lancashire Constabulary,Lancashire Constabulary,-3.041889,53.830382,On or near Rice Grove,E01012684,Blackpool 008E,Violence and sexual offences,Local resolution,
e079476d7c37220e94e5fb408ca9945162772ea76948da1b003373c4b4ff63ab,2019-05,Lancashire Constabulary,Lancashire Constabulary,-3.046263,53.829058,On or near Claremont Court,E01012684,Blackpool 008E,Violence and sexual offences,Status update unavailable,
8ae2f44d69e0972651a5621fb0efdee2a211728a9bd0dfcfb071866e510b2dda,2019-05,Lancashire Constabulary,Lancashire Constabulary,-3.043323,53.829399,On or near Avon Place,E01012684,Blackpool 008E,Violence and sexual offences,Further investigation is not in the public interest,
14aa859b65602fc72d2b0a7cf1bcaf4571955bc598341fdc8b767626e508f3b5,2019-05,Lancashire Constabulary,Lancashire Constabulary,-3.041889,53.830382,On or near Rice Grove,E01012684,Blackpool 008E,Violence and sexual offences,Status update unavailable,
309cd74c11cb7b1407f8d2b262c786d72edb308866c8bae0dcfebbab76ecaafc,2019-05,Lancashire Constabulary,Lancashire Constabulary,-3.043323,53.829399,On or near Avon Place,E01012684,Blackpool 008E,Violence and sexual offences,Unable to prosecute suspect,
82bcf9c5b954659cebd0ded65488d60378dda8de41719f78bb011b7bed590b41,2019-05,Lancashire Constabulary,Lancashire Constabulary,-3.046263,53.829058,On or near Claremont Court,E01012684,Blackpool 008E,Violence and sexual offences,Unable to prosecute suspect,
3cb43ffdc64550f11620f64e519e07f69db6767f3a021e926f28fd6a2c8fe84a,2019-05,Lancashire Constabulary,Lancashire Constabulary,-3.046263,53.829058,On or near Claremont Court,E01012684,Blackpool 008E,Violence and sexual offences,Unable to prosecute suspect,
2554d46b6dae31ba9362e5ee8e09d7bf66099ea3f6fcb0fc87adb402cbc81332,2019-05,Lancashire Constabulary,Lancashire Constabulary,-3.046263,53.829058,On or near Claremont Court,E01012684,Blackpool 008E,Violence and sexual offences,Status update unavailable,
1c08ac13410d04bbcb96f50b6cc41f6ece0d72731e3ac60639ebefc190986cb4,2019-05,Lancashire Constabulary,Lancashire Constabulary,-3.042875,53.829690,On or near Fairfield Road,E01012684,Blackpool 008E,Violence and sexual offences,Unable to prosecute suspect,
53a3503ee6949c04d7cff24c138d0ccbc96d45de82b730d3521c4bda458ebaab,2019-05,Lancashire Constabulary,Lancashire Constabulary,-3.045011,53.830058,On or near Claremont Road,E01012684,Blackpool 008E,Violence and sexual offences,Status update unavailable,
391e67796da10d90bb3b6c72a594037eeed92647a126e950d069eb716cd082d7,2019-05,Lancashire Constabulary,Lancashire Constabulary,-3.042875,53.829690,On or near Fairfield Road,E01012684,Blackpool 008E,Violence and sexual offences,Further investigation is not in the public interest,
675577978fc2debcb0b0a253fd61d3a8ca901ea7af20aee246cee63ecaabc2bd,2019-05,Lancashire Constabulary,Lancashire Constabulary,-3.041889,53.830382,On or near Rice Grove,E01012684,Blackpool 008E,Violence and sexual offences,Status update unavailable,
bec57ca7fff58a7f509dd79d1f4f974bf28943ba9414112b759b191ebd8bf9b9,2019-05,Lancashire Constabulary,Lancashire Constabulary,-3.041889,53.830382,On or near Rice Grove,E01012684,Blackpool 008E,Violence and sexual offences,Status update unavailable,
f09db192be6376e8d497a525a0ef6277b51dba34c2217b897c5e94545a369aa7,2019-05,Lancashire Constabulary,Lancashire Constabulary,-3.046263,53.829058,On or near Claremont Court,E01012684,Blackpool 008E,Violence and sexual offences,Further investigation is not in the public interest,
6d5d629b925599fda0774a0ca62c239063065cc67ec0a1d72b114b2dd402aa95,2019-05,Lancashire Constabulary,Lancashire Constabulary,-3.045607,53.828983,On or near Cromwell Road,E01012684,Blackpool 008E,Violence and sexual offences,Status update unavailable,
c27e2783abcc405aeeaffe656c719dbd4b1aeb8d71adeebf2a6ed8a6b56a544b,2019-05,Lancashire Constabulary,Lancashire Constabulary,-3.044278,53.828698,On or near Hampstead Mews,E01012684,Blackpool 008E,Violence and sexual offences,Status update unavailable,
,2019-05,Lancashire Constabulary,Lancashire Constabulary,-3.032922,53.822262,On or near Petrol Station,E01012676,Blackpool 009A,Anti-social behaviour,,
,2019-05,Lancashire Constabulary,Lancashire Constabulary,-3.030641,53.821518,On or near Birchway Avenue,E01012676,Blackpool 009A,Anti-social behaviour,,
,2019-05,Lancashire Constabulary,Lancashire Constabulary,-3.029366,53.821582,On or near Fordway Avenue,E01012676,Blackpool 009A,Anti-social behaviour,,
1b68c8ba373c748ee3b0a670bb873346fee420baff2e61356a4689db83bf6b3f,2019-05,Lancashire Constabulary,Lancashire Constabulary,-3.035770,53.821923,On or near South Square,E01012676,Blackpool 009A,Criminal damage and arson,Status update unavailable,
25882c4d12482c3bcf231ce5e10bc1472c4678e952fd415230c7dd5883601310,2019-05,Lancashire Constabulary,Lancashire Constabulary,-3.028013,53.821522,On or near Kingscote Drive,E01012676,Blackpool 009A,Other theft,Unable to prosecute suspect,
61c4c51dd33e1d4abb095c2dea26f2319dd1f8a814b55950507fe0d5425fdbb6,2019-05,Lancashire Constabulary,Lancashire Constabulary,-3.035270,53.820147,On or near Dutton Road,E01012676,Blackpool 009A,Other theft,Status update unavailable,
82f1c4fbc826604f6997c0148b675acc8ca85137d31955b5180469d5dd6c71ff,2019-05,Lancashire Constabulary,Lancashire Constabulary,-3.028913,53.821065,On or near Ingleway Avenue,E01012676,Blackpool 009A,Vehicle crime,Status update unavailable,
ec12663aa9aa46a746e1118edb19e400c2b93881716a6db73180082123467407,2019-05,Lancashire Constabulary,Lancashire Constabulary,-3.026749,53.819556,On or near Milton Avenue,E01012676,Blackpool 009A,Vehicle crime,Status update unavailable,
e285c2834edf8e75c41a247ca5db462cfbe2a3ee64d281399c3752850fd580d2,2019-05,Lancashire Constabulary,Lancashire Constabulary,-3.035445,53.821054,On or near Wayman Road,E01012676,Blackpool 009A,Violence and sexual offences,Unable to prosecute suspect,
dcf10ba42dddd975a7a52af1ac0f3544f1bbf34528a78de29542e0374ff3abdf,2019-05,Lancashire Constabulary,Lancashire Constabulary,-3.035770,53.821923,On or near South Square,E01012676,Blackpool 009A,Violence and sexual offences,Unable to prosecute suspect,
b2a6c4a353d21769430566e8d413c7e89d1b0ec614a7bc858be69f69583b1492,2019-05,Lancashire Constabulary,Lancashire Constabulary,-3.035445,53.821054,On or near Wayman Road,E01012676,Blackpool 009A,Violence and sexual offences,Unable to prosecute suspect,
7bdf932a2154d46ad83a283d412b5f76712c6d8ccefb66471134afefd69d3987,2019-05,Lancashire Constabulary,Lancashire Constabulary,-3.032922,53.822262,On or near Petrol Station,E01012676,Blackpool 009A,Violence and sexual offences,Offender fined,
1997ba2cc873d63fd3133aa8c2563dc5e3d08660cf86637e9a1de79a41035b3a,2019-05,Lancashire Constabulary,Lancashire Constabulary,-3.035445,53.821054,On or near Wayman Road,E01012676,Blackpool 009A,Violence and sexual offences,Unable to prosecute suspect,
471cf7cea1a8e41781bbc15cf2ca3c2132f5c3104e6977ef45213a43a5723f33,2019-05,Lancashire Constabulary,Lancashire Constabulary,-3.033455,53.821673,On or near Collingwood Avenue,E01012676,Blackpool 009A,Violence and sexual offences,Status update unavailable,
8a3951d1316c60e71904d9ddfdfa62321357cc568af7582416c9b092814687bc,2019-05,Lancashire Constabulary,Lancashire Constabulary,-3.026749,53.819556,On or near Milton Avenue,E01012676,Blackpool 009A,Violence and sexual offences,Local resolution,
fa16e703641a6a6e5d3f55d73c5c2a46b72eff78ca22568d23bda6d44dcd435d,2019-05,Lancashire Constabulary,Lancashire Constabulary,-3.032279,53.820200,On or near Hollywood Avenue,E01012676,Blackpool 009A,Violence and sexual offences,Status update unavailable,
214637c40b9c70a1f42dccf8d33ac692b37f3d4b44d312e75229ba7fe0a6cf97,2019-05,Lancashire Constabulary,Lancashire Constabulary,-3.029765,53.822370,On or near Heathway Avenue,E01012676,Blackpool 009A,Violence and sexual offences,Status update unavailable,
a04779db4b81d20e41137fb2e1eac0a14922cc10d103293b34b9f29f771a7e0e,2019-05,Lancashire Constabulary,Lancashire Constabulary,-3.033455,53.821673,On or near Collingwood Avenue,E01012676,Blackpool 009A,Violence and sexual offences,Status update unavailable,
4c85031ab4dc6e04b3e7de5ddcf38c79b268beebd2767b65af9c5ed9c35d96c1,2019-05,Lancashire Constabulary,Lancashire Constabulary,-3.028013,53.821522,On or near Kingscote Drive,E01012676,Blackpool 009A,Violence and sexual offences,Status update unavailable,
,2019-05,Lancashire Constabulary,Lancashire Constabulary,-3.036469,53.820712,On or near London Road,E01012677,Blackpool 009B,Anti-social behaviour,,
,2019-05,Lancashire Constabulary,Lancashire Constabulary,-3.036469,53.820712,On or near London Road,E01012677,Blackpool 009B,Anti-social behaviour,,
,2019-05,Lancashire Constabulary,Lancashire Constabulary,-3.032808,53.816987,On or near Hazel Grove,E01012677,Blackpool 009B,Anti-social behaviour,,
,2019-05,Lancashire Constabulary,Lancashire Constabulary,-3.037747,53.817708,On or near Whitegate Drive,E01012677,Blackpool 009B,Anti-social behaviour,,
,2019-05,Lancashire Constabulary,Lancashire Constabulary,-3.037747,53.817708,On or near Whitegate Drive,E01012677,Blackpool 009B,Anti-social behaviour,,
,2019-05,Lancashire Constabulary,Lancashire Constabulary,-3.035926,53.819027,On or near Ridley Street,E01012677,Blackpool 009B,Anti-social behaviour,,
e7711437036da54144e7ea4e461eb022838dea3bd70cbd3d542c5697350cacba,2019-05,Lancashire Constabulary,Lancashire Constabulary,-3.036439,53.818879,On or near Glenwood Street,E01012677,Blackpool 009B,Public order,Status update unavailable,
7065a6d10b3c8639f3ee69a325a3dfffd903d982a942a3da821f669ac53e0c50,2019-05,Lancashire Constabulary,Lancashire Constabulary,-3.037747,53.817708,On or near Whitegate Drive,E01012677,Blackpool 009B,Shoplifting,Status update unavailable,
657ca5cc6d88c4014656575f181b65f1555862de4b7b983ea1b90d17bc2b21d7,2019-05,Lancashire Constabulary,Lancashire Constabulary,-3.032808,53.816987,On or near Hazel Grove,E01012677,Blackpool 009B,Violence and sexual offences,Unable to prosecute suspect,
7d134a43eedb7363f9f58c6f6de238830d20d53b664df7e3a4b1c86a314ee687,2019-05,Lancashire Constabulary,Lancashire Constabulary,-3.031799,53.821076,On or near Bailey Court,E01012677,Blackpool 009B,Violence and sexual offences,Status update unavailable,
8ad054374aaf9090a0843b4f35789835bbf8abf98ae14181f3459dce687cb937,2019-05,Lancashire Constabulary,Lancashire Constabulary,-3.031799,53.821076,On or near Bailey Court,E01012677,Blackpool 009B,Violence and sexual offences,Status update unavailable,
60889e470d6a7848458b33adc40186fdd3312b9183e96f1e7ff05df7d8853076,2019-05,Lancashire Constabulary,Lancashire Constabulary,-3.031860,53.817993,On or near Felgate Brow,E01012677,Blackpool 009B,Violence and sexual offences,Status update unavailable,
e808c91b87ea8cbb882bac3071a2a436cf12d65be018797cf1204495f0d3b727,2019-05,Lancashire Constabulary,Lancashire Constabulary,-3.024298,53.823675,On or near Torsway Avenue,E01012708,Blackpool 009C,Vehicle crime,Status update unavailable,
1fe7720d1654c063d42592c5cc2f6f898c9b46f7ccc971f76bb84ef8212e0a4f,2019-05,Lancashire Constabulary,Lancashire Constabulary,-3.025766,53.822198,On or near Deneway Avenue,E01012708,Blackpool 009C,Vehicle crime,Status update unavailable,
b6a5f4b1493a08cbfa8e6405452e702e0599acc7490710ac1ca252162f039510,2019-05,Lancashire Constabulary,Lancashire Constabulary,-3.025766,53.822198,On or near Deneway Avenue,E01012708,Blackpool 009C,Violence and sexual offences,Unable to prosecute suspect,
0f14bc4edc34db81f23799018e60d4f47fd36972a3799ec6d4a8debc7ed90f8f,2019-05,Lancashire Constabulary,Lancashire Constabulary,-3.025741,53.823061,On or near Bardsway Avenue,E01012708,Blackpool 009C,Violence and sexual offences,Unable to prosecute suspect,
,2019-05,Lancashire Constabulary,Lancashire Constabulary,-3.030497,53.826211,On or near Drummond Avenue,E01012709,Blackpool 009D,Anti-social behaviour,,
,2019-05,Lancashire Constabulary,Lancashire Constabulary,-3.034132,53.826988,On or near Talbot Road,E01012709,Blackpool 009D,Anti-social behaviour,,
,2019-05,Lancashire Constabulary,Lancashire Constabulary,-3.034132,53.826988,On or near Talbot Road,E01012709,Blackpool 009D,Anti-social behaviour,,
,2019-05,Lancashire Constabulary,Lancashire Constabulary,-3.036414,53.827688,On or near Peel Avenue,E01012709,Blackpool 009D,Anti-social behaviour,,
,2019-05,Lancashire Constabulary,Lancashire Constabulary,-3.034468,53.826428,On or near Whittaker Avenue,E01012709,Blackpool 009D,Anti-social behaviour,,
,2019-05,Lancashire Constabulary,Lancashire Constabulary,-3.031566,53.827019,On or near Supermarket,E01012709,Blackpool 009D,Anti-social behaviour,,
,2019-05,Lancashire Constabulary,Lancashire Constabulary,-3.031566,53.827019,On or near Supermarket,E01012709,Blackpool 009D,Anti-social behaviour,,
,2019-05,Lancashire Constabulary,Lancashire Constabulary,-3.035317,53.827598,On or near North Avenue,E01012709,Blackpool 009D,Anti-social behaviour,,
,2019-05,Lancashire Constabulary,Lancashire Constabulary,-3.028860,53.828831,On or near Lyncroft Crescent,E01012709,Blackpool 009D,Anti-social behaviour,,
,2019-05,Lancashire Constabulary,Lancashire Constabulary,-3.031566,53.827019,On or near Supermarket,E01012709,Blackpool 009D,Anti-social behaviour,,
,2019-05,Lancashire Constabulary,Lancashire Constabulary,-3.034468,53.826428,On or near Whittaker Avenue,E01012709,Blackpool 009D,Anti-social behaviour,,
,2019-05,Lancashire Constabulary,Lancashire Constabulary,-3.030497,53.826211,On or near Drummond Avenue,E01012709,Blackpool 009D,Anti-social behaviour,,
,2019-05,Lancashire Constabulary,Lancashire Constabulary,-3.030497,53.826211,On or near Drummond Avenue,E01012709,Blackpool 009D,Anti-social behaviour,,
,2019-05,Lancashire Constabulary,Lancashire Constabulary,-3.028860,53.828831,On or near Lyncroft Crescent,E01012709,Blackpool 009D,Anti-social behaviour,,
64f06f5df8de92772a53e02545792c170762535e922c36ff224c45d3c89c1521,2019-05,Lancashire Constabulary,Lancashire Constabulary,-3.029923,53.828166,On or near William Street,E01012709,Blackpool 009D,Burglary,Unable to prosecute suspect,
fd9815ed69893bffe4411d18e6e5e19f0ad8de3119c464e138a6ddd4c74b89f9,2019-05,Lancashire Constabulary,Lancashire Constabulary,-3.028860,53.828831,On or near Lyncroft Crescent,E01012709,Blackpool 009D,Burglary,Status update unavailable,
818bcab240e4f9bc1d81886a7c9a2565bc4b5011a19a5012e88653fcdc6a27df,2019-05,Lancashire Constabulary,Lancashire Constabulary,-3.034132,53.826988,On or near Talbot Road,E01012709,Blackpool 009D,Burglary,Status update unavailable,
133a39e098241656b1da43b212238bfe9768017bc4803ba9595e9104aca67880,2019-05,Lancashire Constabulary,Lancashire Constabulary,-3.030497,53.826211,On or near Drummond Avenue,E01012709,Blackpool 009D,Criminal damage and arson,Unable to prosecute suspect,
364a57a1fb6f8bfece7bc1a476728fda611ccac2cc90e5e0bd9ccebb89b6e1d4,2019-05,Lancashire Constabulary,Lancashire Constabulary,-3.030730,53.825768,On or near Larbreck Road,E01012709,Blackpool 009D,Criminal damage and arson,Status update unavailable,
59271ee915c13dbd2ae585e279d9fad713b1ea74833c4847beee27369b0a0254,2019-05,Lancashire Constabulary,Lancashire Constabulary,-3.037116,53.827825,On or near Ramsey Avenue,E01012709,Blackpool 009D,Criminal damage and arson,Offender given conditional discharge,
658abc38b1614b7137bd1eb28fec704263d4533bbbe26180758260e56e440213,2019-05,Lancashire Constabulary,Lancashire Constabulary,-3.028860,53.828831,On or near Lyncroft Crescent,E01012709,Blackpool 009D,Criminal damage and arson,Offender given a caution,
8d251a845500f362fde8f961ef0002e50df7d96af8773b7c3142fbc5bdfd36e2,2019-05,Lancashire Constabulary,Lancashire Constabulary,-3.030497,53.826211,On or near Drummond Avenue,E01012709,Blackpool 009D,Criminal damage and arson,Status update unavailable,
4daade8fb76afafbd287f9ebd2cfd8a092ce1b52c705bff0a0cbf50daaaeb7d7,2019-05,Lancashire Constabulary,Lancashire Constabulary,-3.031566,53.827019,On or near Supermarket,E01012709,Blackpool 009D,Other theft,Status update unavailable,
8aab8a460bbb9fb91358f78071b5dc1d82309564e2eb92404532a404e022cf8c,2019-05,Lancashire Constabulary,Lancashire Constabulary,-3.029455,53.827703,On or near Grenfell Avenue,E01012709,Blackpool 009D,Other theft,Status update unavailable,
7ebaface909c77ec8dcd603f89d896506b101858c79b35a141129e4d16ce18cc,2019-05,Lancashire Constabulary,Lancashire Constabulary,-3.031566,53.827019,On or near Supermarket,E01012709,Blackpool 009D,Public order,Unable to prosecute suspect,
073e686062ae6c57004ed6f30a56b04ad48f6b198b400df6172f08f65a87dc76,2019-05,Lancashire Constabulary,Lancashire Constabulary,-3.031566,53.827019,On or near Supermarket,E01012709,Blackpool 009D,Public order,Unable to prosecute suspect,
b6e2bc31450601260b45da90c2a2905e53a646dcaf5d1827d98ae73a8e7a57c4,2019-05,Lancashire Constabulary,Lancashire Constabulary,-3.035317,53.827598,On or near North Avenue,E01012709,Blackpool 009D,Public order,Status update unavailable,
7c82b908536778be23fa63b19e63daaa469cfd5ad5524525204782140ad8ad07,2019-05,Lancashire Constabulary,Lancashire Constabulary,-3.028018,53.827967,On or near Gisburn Grove,E01012709,Blackpool 009D,Public order,Status update unavailable,
8f0d74ef759d65b2f2c0f6c0ae9349a0e114cfe5a8964a331c866a249f6cbfcb,2019-05,Lancashire Constabulary,Lancashire Constabulary,-3.034132,53.826988,On or near Talbot Road,E01012709,Blackpool 009D,Public order,Status update unavailable,
84f04e7db608465e9aef0f21c00208f76a61c2c2a65f02e005a03abfef052631,2019-05,Lancashire Constabulary,Lancashire Constabulary,-3.029947,53.828561,On or near Huntley Avenue,E01012709,Blackpool 009D,Robbery,Status update unavailable,
da91ced0a589c1fe3574d2f14ea9223c6faf7620f3e979389676b90cf81d382e,2019-05,Lancashire Constabulary,Lancashire Constabulary,-3.031566,53.827019,On or near Supermarket,E01012709,Blackpool 009D,Shoplifting,Unable to prosecute suspect,
240cda2c95ad0ed5e3a98e3e465b5f7aacb2dcabbdac39266c89751a9510adfc,2019-05,Lancashire Constabulary,Lancashire Constabulary,-3.031566,53.827019,On or near Supermarket,E01012709,Blackpool 009D,Shoplifting,Status update unavailable,
117a144164aa0c1d3f6bebf0f353d20b1d90e3cea2ad23ea3b2bd03cdc69d5f8,2019-05,Lancashire Constabulary,Lancashire Constabulary,-3.027511,53.828322,On or near Garrick Grove,E01012709,Blackpool 009D,Vehicle crime,Status update unavailable,
b847c808614b1ee410a0f82e222a3a81efdc102ddafcb02402cb6fd92871602e,2019-05,Lancashire Constabulary,Lancashire Constabulary,-3.035317,53.827598,On or near North Avenue,E01012709,Blackpool 009D,Vehicle crime,Status update unavailable,
8bd043bab25a31f209a8f075cfc4ccf2ff341cebd3fb9642790dbcc864fbc440,2019-05,Lancashire Constabulary,Lancashire Constabulary,-3.033795,53.825625,On or near Campbell Avenue,E01012709,Blackpool 009D,Violence and sexual offences,Unable to prosecute suspect,
e07fded44f4871b5b9de5d1db97e139feae126e86899f87e214e31f8c5ec13f6,2019-05,Lancashire Constabulary,Lancashire Constabulary,-3.031566,53.827019,On or near Supermarket,E01012709,Blackpool 009D,Violence and sexual offences,Status update unavailable,
8fd1a9f84e5e27a3aef0054357da6527599bd719f2754c688c8f96ea1ca8f91e,2019-05,Lancashire Constabulary,Lancashire Constabulary,-3.036414,53.827688,On or near Peel Avenue,E01012709,Blackpool 009D,Violence and sexual offences,Unable to prosecute suspect,
e7887ed46693be57c4d1ddc9aed9eda652d1ddf7eec3704ea3d55f83e9ffb0da,2019-05,Lancashire Constabulary,Lancashire Constabulary,-3.029455,53.827703,On or near Grenfell Avenue,E01012709,Blackpool 009D,Violence and sexual offences,Awaiting court outcome,
c2fb0e1aeeca8bb172a0f8314b77042c8be768ea6e6de263d525040408cf6aa5,2019-05,Lancashire Constabulary,Lancashire Constabulary,-3.028074,53.828362,On or near Croydon Road,E01012709,Blackpool 009D,Violence and sexual offences,Unable to prosecute suspect,
1eb149c2fec6c9498abfd1dc2cdeadd76941aad9ed3be4b5f454ee2890e5b358,2019-05,Lancashire Constabulary,Lancashire Constabulary,-3.031566,53.827019,On or near Supermarket,E01012709,Blackpool 009D,Violence and sexual offences,Status update unavailable,
41ff42bd14cd01754cbf6a54e99539a6ea16b39ae98c300497b8ff1cac5e445b,2019-05,Lancashire Constabulary,Lancashire Constabulary,-3.031566,53.827019,On or near Supermarket,E01012709,Blackpool 009D,Violence and sexual offences,Status update unavailable,
3f14afff11c4a4b570fea8aceb0b158e7a32a215bb8d4637e0d0e699d89e0a8d,2019-05,Lancashire Constabulary,Lancashire Constabulary,-3.031566,53.827019,On or near Supermarket,E01012709,Blackpool 009D,Violence and sexual offences,Status update unavailable,
1910fb4c212a5822898074fda72f6f5fda76b38adae612526f00bd2c0e508c25,2019-05,Lancashire Constabulary,Lancashire Constabulary,-3.031566,53.827019,On or near Supermarket,E01012709,Blackpool 009D,Violence and sexual offences,Status update unavailable,
45b63befb72168efad399a23d105dc89a4c03afdb9ac290cf951c7953823dddd,2019-05,Lancashire Constabulary,Lancashire Constabulary,-3.031566,53.827019,On or near Supermarket,E01012709,Blackpool 009D,Violence and sexual offences,Status update unavailable,
c019aabdde053046a9eb7ddea19d886b67c0509f8169dca6f1c7db39c0a26d5d,2019-05,Lancashire Constabulary,Lancashire Constabulary,-3.031566,53.827019,On or near Supermarket,E01012709,Blackpool 009D,Violence and sexual offences,Status update unavailable,
a23c5b05ef9b06db366c176c9bd7497b908ffcdbf597034442ddf6dd5548a162,2019-05,Lancashire Constabulary,Lancashire Constabulary,-3.028074,53.828362,On or near Croydon Road,E01012709,Blackpool 009D,Violence and sexual offences,Status update unavailable,
,2019-05,Lancashire Constabulary,Lancashire Constabulary,-3.022487,53.821668,On or near Newton Drive,E01012710,Blackpool 009E,Anti-social behaviour,,
,2019-05,Lancashire Constabulary,Lancashire Constabulary,-3.022229,53.826066,On or near St Louis Avenue,E01012710,Blackpool 009E,Anti-social behaviour,,
2edb98642b8cf33d938d9a4d877637a47016958c51b07cf7c626eb3d6ec592a6,2019-05,Lancashire Constabulary,Lancashire Constabulary,-3.021954,53.825987,On or near St Bernard Avenue,E01012710,Blackpool 009E,Burglary,Further investigation is not in the public interest,
6867968ce8411e36a5a9cc16a2d0f26f9b90cda677787906ac4eba12b7851560,2019-05,Lancashire Constabulary,Lancashire Constabulary,-3.021954,53.825987,On or near St Bernard Avenue,E01012710,Blackpool 009E,Burglary,Status update unavailable,
b85391688b44bc88af32315703f2954a13b96c43f8dda9c41e2b63346cfbbda5,2019-05,Lancashire Constabulary,Lancashire Constabulary,-3.021954,53.825987,On or near St Bernard Avenue,E01012710,Blackpool 009E,Public order,Status update unavailable,
412f50cd826beac2bcf75e5d69b79584a87dbe5ad3f2a9e6170c91634ea0908f,2019-05,Lancashire Constabulary,Lancashire Constabulary,-3.022487,53.821668,On or near Newton Drive,E01012710,Blackpool 009E,Public order,Status update unavailable,
99036f73ef04057acf7f25fd20bd6b37c54168eb6cc76f6fb9cf08610f476b94,2019-05,Lancashire Constabulary,Lancashire Constabulary,-3.019476,53.821541,On or near Alwood Avenue,E01012710,Blackpool 009E,Vehicle crime,Status update unavailable,
a17f1e0068207b670fda48466fe6d79aa7a63b3a1308dda5ba8019744472dca7,2019-05,Lancashire Constabulary,Lancashire Constabulary,-3.021954,53.825987,On or near St Bernard Avenue,E01012710,Blackpool 009E,Violence and sexual offences,Unable to prosecute suspect,
4c07cd7603a6b48171354e37c2b93d5378997382038a6b181d274d64ec70e826,2019-05,Lancashire Constabulary,Lancashire Constabulary,-3.021954,53.825987,On or near St Bernard Avenue,E01012710,Blackpool 009E,Violence and sexual offences,Awaiting court outcome,
6ffb51da8d74e5735599dcf94e251e21d2091a0b4b2d9ea97564c017b71e41f9,2019-05,Lancashire Constabulary,Lancashire Constabulary,-3.021954,53.825987,On or near St Bernard Avenue,E01012710,Blackpool 009E,Violence and sexual offences,Unable to prosecute suspect,
,2019-05,Lancashire Constabulary,Lancashire Constabulary,-3.015944,53.821859,On or near Parking Area,E01012722,Blackpool 009F,Anti-social behaviour,,
,2019-05,Lancashire Constabulary,Lancashire Constabulary,-3.016279,53.820660,On or near Hospital,E01012722,Blackpool 009F,Anti-social behaviour,,
,2019-05,Lancashire Constabulary,Lancashire Constabulary,-3.017426,53.821585,On or near North Park Drive,E01012722,Blackpool 009F,Anti-social behaviour,,
,2019-05,Lancashire Constabulary,Lancashire Constabulary,-3.016279,53.820660,On or near Hospital,E01012722,Blackpool 009F,Anti-social behaviour,,
,2019-05,Lancashire Constabulary,Lancashire Constabulary,-3.009499,53.823585,On or near Sandpiper Close,E01012722,Blackpool 009F,Anti-social behaviour,,
,2019-05,Lancashire Constabulary,Lancashire Constabulary,-3.016279,53.820660,On or near Hospital,E01012722,Blackpool 009F,Anti-social behaviour,,
,2019-05,Lancashire Constabulary,Lancashire Constabulary,-3.016279,53.820660,On or near Hospital,E01012722,Blackpool 009F,Anti-social behaviour,,
,2019-05,Lancashire Constabulary,Lancashire Constabulary,-3.019585,53.826052,On or near Hospital,E01012722,Blackpool 009F,Anti-social behaviour,,
,2019-05,Lancashire Constabulary,Lancashire Constabulary,-3.016279,53.820660,On or near Hospital,E01012722,Blackpool 009F,Anti-social behaviour,,
,2019-05,Lancashire Constabulary,Lancashire Constabulary,-3.019585,53.826052,On or near Hospital,E01012722,Blackpool 009F,Anti-social behaviour,,
,2019-05,Lancashire Constabulary,Lancashire Constabulary,-3.019585,53.826052,On or near Hospital,E01012722,Blackpool 009F,Anti-social behaviour,,
,2019-05,Lancashire Constabulary,Lancashire Constabulary,-3.016279,53.820660,On or near Hospital,E01012722,Blackpool 009F,Anti-social behaviour,,
,2019-05,Lancashire Constabulary,Lancashire Constabulary,-3.017542,53.823238,On or near Newton Drive,E01012722,Blackpool 009F,Anti-social behaviour,,
,2019-05,Lancashire Constabulary,Lancashire Constabulary,-3.016279,53.820660,On or near Hospital,E01012722,Blackpool 009F,Anti-social behaviour,,
,2019-05,Lancashire Constabulary,Lancashire Constabulary,-3.016279,53.820660,On or near Hospital,E01012722,Blackpool 009F,Anti-social behaviour,,
,2019-05,Lancashire Constabulary,Lancashire Constabulary,-3.015944,53.821859,On or near Parking Area,E01012722,Blackpool 009F,Anti-social behaviour,,
f27243dbcdc16ce144bf4c0374b23a1777a964b2d1c02c84ac38d7c48b832f5d,2019-05,Lancashire Constabulary,Lancashire Constabulary,-3.016279,53.820660,On or near Hospital,E01012722,Blackpool 009F,Burglary,Status update unavailable,
b06b50b1599bf8b54fa834a3bd91484f9ba1649a0a804fe69bdd065d2068fede,2019-05,Lancashire Constabulary,Lancashire Constabulary,-3.016279,53.820660,On or near Hospital,E01012722,Blackpool 009F,Burglary,Unable to prosecute suspect,
ca3824c19eceb644880c74fb3d50e235978e731c52fdd094ea457de4d08b2986,2019-05,Lancashire Constabulary,Lancashire Constabulary,-3.016279,53.820660,On or near Hospital,E01012722,Blackpool 009F,Criminal damage and arson,Unable to prosecute suspect,
82575d4c485ef6c508b6dd6669e3d73d888767d58d44143ec90f1ad7d2f6db9f,2019-05,Lancashire Constabulary,Lancashire Constabulary,-3.012680,53.824457,On or near Dauntesey Avenue,E01012722,Blackpool 009F,Criminal damage and arson,Unable to prosecute suspect,
905ae608b242bb226d4e25178029c017e83ba8cf35e4929744e03b9bd276785a,2019-05,Lancashire Constabulary,Lancashire Constabulary,-3.015944,53.821859,On or near Parking Area,E01012722,Blackpool 009F,Other theft,Status update unavailable,
b84615eff4f1ee94c1d66fccac7067fb09d0eb0b976a47d8d82b1dc6b27dabd1,2019-05,Lancashire Constabulary,Lancashire Constabulary,-3.016279,53.820660,On or near Hospital,E01012722,Blackpool 009F,Other theft,Status update unavailable,
26b45d2943b832f305ec5df1ee3b74c2bedc235917e006e16da1737cd2df2586,2019-05,Lancashire Constabulary,Lancashire Constabulary,-3.015944,53.821859,On or near Parking Area,E01012722,Blackpool 009F,Shoplifting,Status update unavailable,
42b8ff7e59499e613a99017ed1e65ea212c588cd2ac15463f0e0f83746d89e81,2019-05,Lancashire Constabulary,Lancashire Constabulary,-3.016279,53.820660,On or near Hospital,E01012722,Blackpool 009F,Vehicle crime,Status update unavailable,
58ce2319f5b8d2a0611e25edf77efb528ca87f8cc687bdfbb1d37973e8c6f5bf,2019-05,Lancashire Constabulary,Lancashire Constabulary,-3.014104,53.822423,On or near Burwood Drive,E01012722,Blackpool 009F,Violence and sexual offences,Action to be taken by another organisation,
81d231747d2b93d1918d191a5c43994e178e06deb4d08f3ec289f05307df62b6,2019-05,Lancashire Constabulary,Lancashire Constabulary,-3.019585,53.826052,On or near Hospital,E01012722,Blackpool 009F,Violence and sexual offences,Further investigation is not in the public interest,
ee40f2df5b8dd94a0014e3658c7f5a2137841ec3462911b605e649c2cb86a0e3,2019-05,Lancashire Constabulary,Lancashire Constabulary,-3.016279,53.820660,On or near Hospital,E01012722,Blackpool 009F,Violence and sexual offences,Unable to prosecute suspect,
9b566c459927206a82cdb8842f24f1919e82ee4f81e2318fed4e7fe48d0f43f9,2019-05,Lancashire Constabulary,Lancashire Constabulary,-3.016279,53.820660,On or near Hospital,E01012722,Blackpool 009F,Violence and sexual offences,Unable to prosecute suspect,
020bb90e789077eb8f5de1b6289d0b583b1d27399f38f5fd3cea66a6f4ab7846,2019-05,Lancashire Constabulary,Lancashire Constabulary,-3.016279,53.820660,On or near Hospital,E01012722,Blackpool 009F,Violence and sexual offences,Status update unavailable,
fb9db9668017ea507d6cc2a1fe9ad01be78d539ab470adb10e200556e6532b4c,2019-05,Lancashire Constabulary,Lancashire Constabulary,-3.019585,53.826052,On or near Hospital,E01012722,Blackpool 009F,Violence and sexual offences,Local resolution,
c7be45158fc8147c977f5be81222b5cc4cead6c9835d52414f25cd9a34b82714,2019-05,Lancashire Constabulary,Lancashire Constabulary,-3.015944,53.821859,On or near Parking Area,E01012722,Blackpool 009F,Violence and sexual offences,Unable to prosecute suspect,
0647ca05ecde53708aa471540ca04951e71d2c43838189dfa1fc0a6f04c20cb9,2019-05,Lancashire Constabulary,Lancashire Constabulary,-3.016279,53.820660,On or near Hospital,E01012722,Blackpool 009F,Violence and sexual offences,Status update unavailable,
e80756eabaac76fa8694056cb99d195e5301e1ed97c40e89fa7252cfbbd47850,2019-05,Lancashire Constabulary,Lancashire Constabulary,-3.019585,53.826052,On or near Hospital,E01012722,Blackpool 009F,Violence and sexual offences,Local resolution,
a448ecd82d9cd1e340bbbbdbbe287921d77e09d2efc06100740f451ffb7a312a,2019-05,Lancashire Constabulary,Lancashire Constabulary,-3.017426,53.821585,On or near North Park Drive,E01012722,Blackpool 009F,Other crime,Status update unavailable,
084944786d26d31cd4d97dbe7088422f24698c276205a05698bf26ad85562049,2019-05,Lancashire Constabulary,Lancashire Constabulary,-3.016279,53.820660,On or near Hospital,E01012722,Blackpool 009F,Other crime,Awaiting court outcome,
,2019-05,Lancashire Constabulary,Lancashire Constabulary,-3.046860,53.808542,On or near Salthouse Avenue,E01012673,Blackpool 010A,Anti-social behaviour,,
,2019-05,Lancashire Constabulary,Lancashire Constabulary,-3.046507,53.811457,On or near Belmont Avenue,E01012673,Blackpool 010A,Anti-social behaviour,,
,2019-05,Lancashire Constabulary,Lancashire Constabulary,-3.047526,53.812086,On or near Livingstone Road,E01012673,Blackpool 010A,Anti-social behaviour,,
,2019-05,Lancashire Constabulary,Lancashire Constabulary,-3.046507,53.811457,On or near Belmont Avenue,E01012673,Blackpool 010A,Anti-social behaviour,,
,2019-05,Lancashire Constabulary,Lancashire Constabulary,-3.046507,53.811457,On or near Belmont Avenue,E01012673,Blackpool 010A,Anti-social behaviour,,
,2019-05,Lancashire Constabulary,Lancashire Constabulary,-3.047546,53.810468,On or near Central Drive,E01012673,Blackpool 010A,Anti-social behaviour,,
,2019-05,Lancashire Constabulary,Lancashire Constabulary,-3.049751,53.811177,On or near Bethesda Road,E01012673,Blackpool 010A,Anti-social behaviour,,
,2019-05,Lancashire Constabulary,Lancashire Constabulary,-3.049227,53.810265,On or near Kent Road,E01012673,Blackpool 010A,Anti-social behaviour,,
,2019-05,Lancashire Constabulary,Lancashire Constabulary,-3.055093,53.809845,On or near Shopping Area,E01012673,Blackpool 010A,Anti-social behaviour,,
,2019-05,Lancashire Constabulary,Lancashire Constabulary,-3.047526,53.812086,On or near Livingstone Road,E01012673,Blackpool 010A,Anti-social behaviour,,
,2019-05,Lancashire Constabulary,Lancashire Constabulary,-3.047526,53.812086,On or near Livingstone Road,E01012673,Blackpool 010A,Anti-social behaviour,,
,2019-05,Lancashire Constabulary,Lancashire Constabulary,-3.049751,53.811177,On or near Bethesda Road,E01012673,Blackpool 010A,Anti-social behaviour,,
,2019-05,Lancashire Constabulary,Lancashire Constabulary,-3.055093,53.809845,On or near Shopping Area,E01012673,Blackpool 010A,Anti-social behaviour,,
,2019-05,Lancashire Constabulary,Lancashire Constabulary,-3.044958,53.812046,On or near Sutton Place,E01012673,Blackpool 010A,Anti-social behaviour,,
90f964ba966af1650b2766366d6581bc4cdb8a1a8c34d86a26e44cdd6e23107a,2019-05,Lancashire Constabulary,Lancashire Constabulary,-3.045858,53.809755,On or near Supermarket,E01012673,Blackpool 010A,Bicycle theft,Status update unavailable,
c223f55a4463755aeaa9f5aa909c7636b43cab5b7e6029b45a8be3be8ca7f2be,2019-05,Lancashire Constabulary,Lancashire Constabulary,-3.047546,53.810468,On or near Central Drive,E01012673,Blackpool 010A,Burglary,Status update unavailable,
bb02102b290b63bca8980684b8f69365ae6576b44eb5f8ebf5d6ae27770a992c,2019-05,Lancashire Constabulary,Lancashire Constabulary,-3.046507,53.811457,On or near Belmont Avenue,E01012673,Blackpool 010A,Burglary,Status update unavailable,
5adb271360595d7b9bcb055a37cfbab0669c2d13a5dc5b70b87b48c7af6f3085,2019-05,Lancashire Constabulary,Lancashire Constabulary,-3.048651,53.811537,On or near Supermarket,E01012673,Blackpool 010A,Burglary,Status update unavailable,
0e00c42502cf0c936f72fac3e1732ddd80ef37813a492a5c15a0ea6b243a3d7b,2019-05,Lancashire Constabulary,Lancashire Constabulary,-3.049227,53.810265,On or near Kent Road,E01012673,Blackpool 010A,Criminal damage and arson,Unable to prosecute suspect,
1b257ea8d9cf9b5e8df34f1f1a5e0b1debc843ca9be43bebbf5928a60d98ac33,2019-05,Lancashire Constabulary,Lancashire Constabulary,-3.047526,53.812086,On or near Livingstone Road,E01012673,Blackpool 010A,Criminal damage and arson,Status update unavailable,
0ce5e0b4ed1d267ce09242f8a2361d96d922708801ddb442931cce3fa3f45b3e,2019-05,Lancashire Constabulary,Lancashire Constabulary,-3.054947,53.810080,On or near Foxhall Road,E01012673,Blackpool 010A,Criminal damage and arson,Status update unavailable,
1b3b683eba4f44bf4e8155f7970b77aeffae0ff796cf9c2eca4ef17224f9e8e0,2019-05,Lancashire Constabulary,Lancashire Constabulary,-3.054947,53.810080,On or near Foxhall Road,E01012673,Blackpool 010A,Other theft,Unable to prosecute suspect,
5ab702a80d078f70efa5d000368cb41aa40769e75c4cfd9434fe6d5e4aafae24,2019-05,Lancashire Constabulary,Lancashire Constabulary,-3.046860,53.808542,On or near Salthouse Avenue,E01012673,Blackpool 010A,Other theft,Status update unavailable,
0482629f036f62fb5163f5cf3dec0dc695b6919b962c48054a5bb9cdcd734e65,2019-05,Lancashire Constabulary,Lancashire Constabulary,-3.048099,53.810131,On or near Erdington Road,E01012673,Blackpool 010A,Other theft,Status update unavailable,
5de9290780dd5cd5db2720631154bbd10cc2b9445bdfbc833638d549d75c681c,2019-05,Lancashire Constabulary,Lancashire Constabulary,-3.047546,53.810468,On or near Central Drive,E01012673,Blackpool 010A,Other theft,Status update unavailable,
dc34f8ab9f4c337e4ce8e0c812024bd2a4deee87cd40e0ad451d334162d46779,2019-05,Lancashire Constabulary,Lancashire Constabulary,-3.047546,53.810468,On or near Central Drive,E01012673,Blackpool 010A,Other theft,Status update unavailable,
5f2614c6aed360871133193c5f84968562bae64f4d6dc6a2c40228e512713c64,2019-05,Lancashire Constabulary,Lancashire Constabulary,-3.054947,53.810080,On or near Foxhall Road,E01012673,Blackpool 010A,Other theft,Status update unavailable,
a7d0b210dca72172b306ef7d13a0426ac3a6e1a76daa12745817a0ce6579d970,2019-05,Lancashire Constabulary,Lancashire Constabulary,-3.046860,53.808542,On or near Salthouse Avenue,E01012673,Blackpool 010A,Other theft,Status update unavailable,
fca2159f12c5dc2866afbb50cd530d2ee6048c4230ec56bdeda30114996acfaa,2019-05,Lancashire Constabulary,Lancashire Constabulary,-3.046860,53.808542,On or near Salthouse Avenue,E01012673,Blackpool 010A,Other theft,Status update unavailable,
c27b172d9175a0058b176be2e9db2002251573bacfd83131ba9c2dd754291dc6,2019-05,Lancashire Constabulary,Lancashire Constabulary,-3.047526,53.812086,On or near Livingstone Road,E01012673,Blackpool 010A,Public order,Unable to prosecute suspect,
a690e48b1c68dae64b656adee3061e7aa93b6eaa28280a14f0b630eff30050b3,2019-05,Lancashire Constabulary,Lancashire Constabulary,-3.053132,53.810959,On or near Pier Street,E01012673,Blackpool 010A,Public order,Further investigation is not in the public interest,
8085eba0da56c3b1e764f9184c7f7cc6fc415aa4d1530a992ac9795be230dd9c,2019-05,Lancashire Constabulary,Lancashire Constabulary,-3.047526,53.812086,On or near Livingstone Road,E01012673,Blackpool 010A,Public order,Status update unavailable,
64085d6bc4cfecc30886dbecd335a644ad555bfac333d0115c5711a9bb1c6e9b,2019-05,Lancashire Constabulary,Lancashire Constabulary,-3.049326,53.810587,On or near Louise Street,E01012673,Blackpool 010A,Robbery,Formal action is not in the public interest,
a71f94dce7b2641b1d5ddb33ea95a725e50ad5a69f33734435610f635b1108ee,2019-05,Lancashire Constabulary,Lancashire Constabulary,-3.045858,53.809755,On or near Supermarket,E01012673,Blackpool 010A,Shoplifting,Status update unavailable,
3c9085f8c5a320df8cd2daa37d427281b7787d024604526afcc8b05460a25e76,2019-05,Lancashire Constabulary,Lancashire Constabulary,-3.045858,53.809755,On or near Supermarket,E01012673,Blackpool 010A,Shoplifting,Formal action is not in the public interest,
a004ea9781f9d03d771cc253642c2426caadf2d6c7f87313205f878fb9f958a7,2019-05,Lancashire Constabulary,Lancashire Constabulary,-3.045858,53.809755,On or near Supermarket,E01012673,Blackpool 010A,Shoplifting,Status update unavailable,
8a0482135f9fe69c921a3700fcea471ea7ad52e82a168bcfb65e0c3d95f2d75e,2019-05,Lancashire Constabulary,Lancashire Constabulary,-3.045858,53.809755,On or near Supermarket,E01012673,Blackpool 010A,Shoplifting,Status update unavailable,
46cb1bdca5ac2a024a31f6fa4a8d947c61247180674d0c871bad5ef813ff5f53,2019-05,Lancashire Constabulary,Lancashire Constabulary,-3.048651,53.811537,On or near Supermarket,E01012673,Blackpool 010A,Shoplifting,Status update unavailable,
886e5c868ac7876178b12117f76aea9853b22f9045a23d44b7334592f1cb064c,2019-05,Lancashire Constabulary,Lancashire Constabulary,-3.045858,53.809755,On or near Supermarket,E01012673,Blackpool 010A,Shoplifting,Status update unavailable,
0c6a031cd22c77dadfa8e5d9f12a29423fb7f5f63d6cbb5e1edb6355393ecd27,2019-05,Lancashire Constabulary,Lancashire Constabulary,-3.045858,53.809755,On or near Supermarket,E01012673,Blackpool 010A,Shoplifting,Status update unavailable,
3dbe82ff161cada837e338f48e14535ddfed0d4c2a1adce73c92f3980a548c6f,2019-05,Lancashire Constabulary,Lancashire Constabulary,-3.045858,53.809755,On or near Supermarket,E01012673,Blackpool 010A,Shoplifting,Status update unavailable,
e6bc2a108042a1193ac2fcac127f4bc6b7019faff89eb45d3587d3d33448afef,2019-05,Lancashire Constabulary,Lancashire Constabulary,-3.055093,53.809845,On or near Shopping Area,E01012673,Blackpool 010A,Vehicle crime,Status update unavailable,
580449454dc07842bb147d0c23437f22f8a7e4f0bd54cd8f2ffc4399ec030b4b,2019-05,Lancashire Constabulary,Lancashire Constabulary,-3.049227,53.810265,On or near Kent Road,E01012673,Blackpool 010A,Violence and sexual offences,Awaiting court outcome,
2ad034e60af464a06bbeda3187e57c7d2cfbaa01c7dedcb444421b8760e177fc,2019-05,Lancashire Constabulary,Lancashire Constabulary,-3.046860,53.808542,On or near Salthouse Avenue,E01012673,Blackpool 010A,Violence and sexual offences,Unable to prosecute suspect,
c608d02071da7cb0e1dc5000a5d831d2ba79df942a615c92d76b74a97cfec856,2019-05,Lancashire Constabulary,Lancashire Constabulary,-3.047526,53.812086,On or near Livingstone Road,E01012673,Blackpool 010A,Violence and sexual offences,Awaiting court outcome,
c18bc558023c5900a2f113dbf0c65850964ea45b1618b8ac8d74983f58a86a85,2019-05,Lancashire Constabulary,Lancashire Constabulary,-3.053132,53.810959,On or near Pier Street,E01012673,Blackpool 010A,Violence and sexual offences,Unable to prosecute suspect,
5087c95f3d22ccefc64c6acb7a3d4848f8964d041fe2e2730510f441fdc14704,2019-05,Lancashire Constabulary,Lancashire Constabulary,-3.047526,53.812086,On or near Livingstone Road,E01012673,Blackpool 010A,Violence and sexual offences,Further investigation is not in the public interest,
c9e2b8a5d19e81dc2c8c6e809996319b33249187a25de66a723cd623c6a7da99,2019-05,Lancashire Constabulary,Lancashire Constabulary,-3.050234,53.809869,On or near Middle Street,E01012673,Blackpool 010A,Violence and sexual offences,Status update unavailable,
41948a3ceadac91f646f04d13b3e110e930b993977823c4e9c21f95ed42465c6,2019-05,Lancashire Constabulary,Lancashire Constabulary,-3.054947,53.810080,On or near Foxhall Road,E01012673,Blackpool 010A,Violence and sexual offences,Unable to prosecute suspect,
058fb6f9a4e4cd12a6ed41019bc2bc260f6229a68a490e1a9fb0ee4af37b96e6,2019-05,Lancashire Constabulary,Lancashire Constabulary,-3.044958,53.812046,On or near Sutton Place,E01012673,Blackpool 010A,Violence and sexual offences,Status update unavailable,
189f0d29f3aabac60168b469f6850b420984a67d77ba95a52cbfcf18b7d943f4,2019-05,Lancashire Constabulary,Lancashire Constabulary,-3.047009,53.809637,On or near Chadwick Street,E01012673,Blackpool 010A,Violence and sexual offences,Unable to prosecute suspect,
48f0f87fd8c68dad7577824a3e4964d63ac078989223bc92e8c80f1dff80a48c,2019-05,Lancashire Constabulary,Lancashire Constabulary,-3.055093,53.809845,On or near Shopping Area,E01012673,Blackpool 010A,Violence and sexual offences,Awaiting court outcome,
e5f2e81c60676cffa2f3cc7b540f14f1e26c31aa7b704b0f84a7acb5053e1b24,2019-05,Lancashire Constabulary,Lancashire Constabulary,-3.047546,53.810468,On or near Central Drive,E01012673,Blackpool 010A,Violence and sexual offences,Status update unavailable,
0fe248b118e6f90db22a169ff354b2a5eb508cd8aa013e954bcc3389a0de2541,2019-05,Lancashire Constabulary,Lancashire Constabulary,-3.047546,53.810468,On or near Central Drive,E01012673,Blackpool 010A,Violence and sexual offences,Status update unavailable,
882c4e5c0aeaa3f0a15dac43971a0a45a72d1374537e23400eb78cc8eb6da57c,2019-05,Lancashire Constabulary,Lancashire Constabulary,-3.047546,53.810468,On or near Central Drive,E01012673,Blackpool 010A,Violence and sexual offences,Further investigation is not in the public interest,
a38d3d3c11794acc8a17d996f06b100ef51392c0f31164a26ae2ec397b3dc673,2019-05,Lancashire Constabulary,Lancashire Constabulary,-3.047546,53.810468,On or near Central Drive,E01012673,Blackpool 010A,Violence and sexual offences,Status update unavailable,
20fc8b87adda27d49c048b82ef12d14b16f41f6417296576c55c0303c9978c3f,2019-05,Lancashire Constabulary,Lancashire Constabulary,-3.047480,53.810855,On or near West View,E01012673,Blackpool 010A,Violence and sexual offences,Unable to prosecute suspect,
4a5e603181c3c3a424d6d41bbdda7a5c7c2a3a68294c56eddec4212e451b8bf0,2019-05,Lancashire Constabulary,Lancashire Constabulary,-3.045858,53.809755,On or near Supermarket,E01012673,Blackpool 010A,Violence and sexual offences,Status update unavailable,
3f301cafea59832a3c98daafb392a3986433c6574cea8b42e2e833a04f045aae,2019-05,Lancashire Constabulary,Lancashire Constabulary,-3.046507,53.811457,On or near Belmont Avenue,E01012673,Blackpool 010A,Violence and sexual offences,Unable to prosecute suspect,
c5005f8e77b2242df899187519e1ae3b11e6cdf74a31df29f9f216c86d0f8e45,2019-05,Lancashire Constabulary,Lancashire Constabulary,-3.047546,53.810468,On or near Central Drive,E01012673,Blackpool 010A,Violence and sexual offences,Status update unavailable,
446437c46cad1b02f60d0cfa975bdb95715f7e599f9e2191a9294dc8dec0dcf4,2019-05,Lancashire Constabulary,Lancashire Constabulary,-3.053132,53.810959,On or near Pier Street,E01012673,Blackpool 010A,Violence and sexual offences,Status update unavailable,
48f76d87e47ccf7a67806c67b6b9fd050c165841aa484a5bb18fadab6e0d978a,2019-05,Lancashire Constabulary,Lancashire Constabulary,-3.054947,53.810080,On or near Foxhall Road,E01012673,Blackpool 010A,Violence and sexual offences,Status update unavailable,
a149eee5e8effc94b6488895b4bf8f4fcb0fe58ee3f71d7cff9125afb119af51,2019-05,Lancashire Constabulary,Lancashire Constabulary,-3.046860,53.808542,On or near Salthouse Avenue,E01012673,Blackpool 010A,Violence and sexual offences,Further investigation is not in the public interest,
fb3fa743c3a400abf9e4ba725db07d34523587cda6df385f5b78eb67cbb86eb4,2019-05,Lancashire Constabulary,Lancashire Constabulary,-3.054947,53.810080,On or near Foxhall Road,E01012673,Blackpool 010A,Violence and sexual offences,Status update unavailable,
8478fca7477cff1f5681cadabe57625cb4f486324cbfb7e2693b2056cd4cbc75,2019-05,Lancashire Constabulary,Lancashire Constabulary,-3.047009,53.809637,On or near Chadwick Street,E01012673,Blackpool 010A,Violence and sexual offences,Status update unavailable,
0ff2406fa4b1b4c3e13b377946b6eee87af0df0e71d407025a1d099d3d722447,2019-05,Lancashire Constabulary,Lancashire Constabulary,-3.050843,53.809316,On or near Princess Street,E01012673,Blackpool 010A,Violence and sexual offences,Status update unavailable,
30896ee7a61e10b10feee3fc3c4356bbbadc7d6c72b339129dce1c716038f07a,2019-05,Lancashire Constabulary,Lancashire Constabulary,-3.047526,53.812086,On or near Livingstone Road,E01012673,Blackpool 010A,Other crime,Offender given conditional discharge,
,2019-05,Lancashire Constabulary,Lancashire Constabulary,-3.040674,53.820595,On or near Peter Street,E01012675,Blackpool 010B,Anti-social behaviour,,
,2019-05,Lancashire Constabulary,Lancashire Constabulary,-3.042373,53.819259,On or near Shopping Area,E01012675,Blackpool 010B,Anti-social behaviour,,
,2019-05,Lancashire Constabulary,Lancashire Constabulary,-3.040838,53.819245,On or near Durham Road,E01012675,Blackpool 010B,Anti-social behaviour,,
,2019-05,Lancashire Constabulary,Lancashire Constabulary,-3.038603,53.821611,On or near Devonshire Road,E01012675,Blackpool 010B,Anti-social behaviour,,
,2019-05,Lancashire Constabulary,Lancashire Constabulary,-3.040838,53.819245,On or near Durham Road,E01012675,Blackpool 010B,Anti-social behaviour,,
,2019-05,Lancashire Constabulary,Lancashire Constabulary,-3.037453,53.820551,On or near Manchester Road,E01012675,Blackpool 010B,Anti-social behaviour,,
,2019-05,Lancashire Constabulary,Lancashire Constabulary,-3.037453,53.820551,On or near Manchester Road,E01012675,Blackpool 010B,Anti-social behaviour,,
,2019-05,Lancashire Constabulary,Lancashire Constabulary,-3.042373,53.819259,On or near Shopping Area,E01012675,Blackpool 010B,Anti-social behaviour,,
,2019-05,Lancashire Constabulary,Lancashire Constabulary,-3.042036,53.819154,On or near Elizabeth Street,E01012675,Blackpool 010B,Anti-social behaviour,,
,2019-05,Lancashire Constabulary,Lancashire Constabulary,-3.038603,53.821611,On or near Devonshire Road,E01012675,Blackpool 010B,Anti-social behaviour,,
,2019-05,Lancashire Constabulary,Lancashire Constabulary,-3.038603,53.821611,On or near Devonshire Road,E01012675,Blackpool 010B,Anti-social behaviour,,
,2019-05,Lancashire Constabulary,Lancashire Constabulary,-3.042814,53.819300,On or near Danesbury Place,E01012675,Blackpool 010B,Anti-social behaviour,,
,2019-05,Lancashire Constabulary,Lancashire Constabulary,-3.038167,53.818720,On or near A583,E01012675,Blackpool 010B,Anti-social behaviour,,
e67b4a396ab276b7149f73b223c9249edac15121dac7a32ea97649ffb63ab663,2019-05,Lancashire Constabulary,Lancashire Constabulary,-3.040674,53.820595,On or near Peter Street,E01012675,Blackpool 010B,Burglary,Status update unavailable,
6b654d55527b22998dd42a9fb287a8f6151f8def5ae0fe43d792d840d5f8ff9c,2019-05,Lancashire Constabulary,Lancashire Constabulary,-3.042373,53.819259,On or near Shopping Area,E01012675,Blackpool 010B,Criminal damage and arson,Status update unavailable,
94133f8fbfe54fd6f1554d4aa8b4ece8ff97413e01d485a81aaa1ad5d49dbe2f,2019-05,Lancashire Constabulary,Lancashire Constabulary,-3.040838,53.819245,On or near Durham Road,E01012675,Blackpool 010B,Criminal damage and arson,Status update unavailable,
f39f8ad9f8bf496e67e3da1dfdaf92c1d85f9451383011baa0176c1416bebb5e,2019-05,Lancashire Constabulary,Lancashire Constabulary,-3.038603,53.821611,On or near Devonshire Road,E01012675,Blackpool 010B,Other theft,Investigation complete; no suspect identified,
683c91a7e125f2e8d8424bfab63e1da7ccb6f7fc7a5decf61a58a1bf62839e52,2019-05,Lancashire Constabulary,Lancashire Constabulary,-3.037453,53.820551,On or near Manchester Road,E01012675,Blackpool 010B,Public order,Unable to prosecute suspect,
c1db7dd3898912e251431337b47b437f168eadb9a6873f9bca889ec615fe93d9,2019-05,Lancashire Constabulary,Lancashire Constabulary,-3.038167,53.818720,On or near A583,E01012675,Blackpool 010B,Public order,Further investigation is not in the public interest,
4aadda956e6f233b85dc82867780ae02864b7d9ba7a687193f7715cec9175259,2019-05,Lancashire Constabulary,Lancashire Constabulary,-3.042036,53.819154,On or near Elizabeth Street,E01012675,Blackpool 010B,Public order,Unable to prosecute suspect,
e4980f79f57d3a5e46fc46a5efa49e9f2a4c686933d15072f9e442d52edea676,2019-05,Lancashire Constabulary,Lancashire Constabulary,-3.040838,53.819245,On or near Durham Road,E01012675,Blackpool 010B,Public order,Status update unavailable,
f5b9a5ac1b121e91c0a6a64a686490810ff60f18b8a58e98cec7b40a51269c78,2019-05,Lancashire Constabulary,Lancashire Constabulary,-3.042373,53.819259,On or near Shopping Area,E01012675,Blackpool 010B,Shoplifting,Status update unavailable,
0e81549b9d3719f3601a91fb831a15f8118e2fa7416a8dd4b60629ea9749f9ba,2019-05,Lancashire Constabulary,Lancashire Constabulary,-3.039435,53.820264,On or near Granville Road,E01012675,Blackpool 010B,Vehicle crime,Status update unavailable,
013601d6c89e678b817524249780ac885dfb729ab68fff511fb5f8e72ef0fb35,2019-05,Lancashire Constabulary,Lancashire Constabulary,-3.039990,53.819343,On or near Cambridge Road,E01012675,Blackpool 010B,Vehicle crime,Status update unavailable,
11c85ca2d3775bcba1d1092d9a85204cacd691fa622da96273acf2c7975b80e8,2019-05,Lancashire Constabulary,Lancashire Constabulary,-3.040674,53.820595,On or near Peter Street,E01012675,Blackpool 010B,Violence and sexual offences,Unable to prosecute suspect,
681849491bfc7a4bb98670d70a926cfea96de02acb8aabd180dd1be9ec72aa4d,2019-05,Lancashire Constabulary,Lancashire Constabulary,-3.038603,53.821611,On or near Devonshire Road,E01012675,Blackpool 010B,Violence and sexual offences,Status update unavailable,
171445711e2b89655141b5eb9c7e59705cc659569702476245ef2b26667847fe,2019-05,Lancashire Constabulary,Lancashire Constabulary,-3.040872,53.822436,On or near Selbourne Road,E01012675,Blackpool 010B,Violence and sexual offences,Further investigation is not in the public interest,
6e02815f07532dd8924ae92945913fb4f7a58c723921166586a53f3c7f9030a8,2019-05,Lancashire Constabulary,Lancashire Constabulary,-3.042373,53.819259,On or near Shopping Area,E01012675,Blackpool 010B,Violence and sexual offences,Status update unavailable,
65b638422f62bcf5ec734c8a43bf76b0500c6dd92746acb5ae066f61787a368e,2019-05,Lancashire Constabulary,Lancashire Constabulary,-3.040838,53.819245,On or near Durham Road,E01012675,Blackpool 010B,Violence and sexual offences,Local resolution,
ff4152c0a3c68d910ea99ab6d8b4e4db3627e97026d64c98ece16023eda40f9a,2019-05,Lancashire Constabulary,Lancashire Constabulary,-3.039435,53.820264,On or near Granville Road,E01012675,Blackpool 010B,Violence and sexual offences,Status update unavailable,
7e3692d7d28cbf827df2d45c8401d74d946d81f86bf9b46bc616f3ac32c00d77,2019-05,Lancashire Constabulary,Lancashire Constabulary,-3.037453,53.820551,On or near Manchester Road,E01012675,Blackpool 010B,Violence and sexual offences,Status update unavailable,
f79a0b5a2a9a582ecb191d9352cb0578b775fb9618cd0193fd27077747d91457,2019-05,Lancashire Constabulary,Lancashire Constabulary,-3.039435,53.820264,On or near Granville Road,E01012675,Blackpool 010B,Violence and sexual offences,Further investigation is not in the public interest,
69caaecca07bfc61bae21ae79ab3d71cce7c883b3897a9db52ca52899e0bbab1,2019-05,Lancashire Constabulary,Lancashire Constabulary,-3.038167,53.818720,On or near A583,E01012675,Blackpool 010B,Violence and sexual offences,Status update unavailable,
c7017c6781c2dc72b4ea0191ca7edf9ca820d99c6ba63d635c499b951f2efb86,2019-05,Lancashire Constabulary,Lancashire Constabulary,-3.038603,53.821611,On or near Devonshire Road,E01012675,Blackpool 010B,Violence and sexual offences,Status update unavailable,
aaba066277de9289a4eaec0825433c1bad1845215fcdc08f5d650301de1cad82,2019-05,Lancashire Constabulary,Lancashire Constabulary,-3.040872,53.822436,On or near Selbourne Road,E01012675,Blackpool 010B,Violence and sexual offences,Status update unavailable,
,2019-05,Lancashire Constabulary,Lancashire Constabulary,-3.041001,53.817851,On or near Leamington Road,E01012735,Blackpool 010C,Anti-social behaviour,,
,2019-05,Lancashire Constabulary,Lancashire Constabulary,-3.037366,53.817055,On or near Whitegate Drive,E01012735,Blackpool 010C,Anti-social behaviour,,
,2019-05,Lancashire Constabulary,Lancashire Constabulary,-3.044668,53.815032,On or near Hornby Road,E01012735,Blackpool 010C,Anti-social behaviour,,
,2019-05,Lancashire Constabulary,Lancashire Constabulary,-3.041280,53.816833,On or near Leicester Road,E01012735,Blackpool 010C,Anti-social behaviour,,
,2019-05,Lancashire Constabulary,Lancashire Constabulary,-3.038939,53.818597,On or near Oxford Road,E01012735,Blackpool 010C,Anti-social behaviour,,
,2019-05,Lancashire Constabulary,Lancashire Constabulary,-3.044668,53.815032,On or near Hornby Road,E01012735,Blackpool 010C,Anti-social behaviour,,
,2019-05,Lancashire Constabulary,Lancashire Constabulary,-3.042570,53.818637,On or near Church Street,E01012735,Blackpool 010C,Anti-social behaviour,,
,2019-05,Lancashire Constabulary,Lancashire Constabulary,-3.041280,53.816833,On or near Leicester Road,E01012735,Blackpool 010C,Anti-social behaviour,,
097b358ddbe6dbaab7efae339681fb5df2e200436aa0f167af4a8930df390581,2019-05,Lancashire Constabulary,Lancashire Constabulary,-3.042100,53.816843,On or near Longton Road,E01012735,Blackpool 010C,Burglary,Status update unavailable,
4128fc6e93237d3c335d525f9b15fe591a2b1de38e1c5fa5643352dd5ac41789,2019-05,Lancashire Constabulary,Lancashire Constabulary,-3.042869,53.816594,On or near Lincoln Road,E01012735,Blackpool 010C,Criminal damage and arson,Unable to prosecute suspect,
f2f8033c7056715a4c5ed34f4545089ecf5f7a41cb83d9a87a70b49d731fc2d1,2019-05,Lancashire Constabulary,Lancashire Constabulary,-3.041280,53.816833,On or near Leicester Road,E01012735,Blackpool 010C,Criminal damage and arson,Status update unavailable,
5a73b0b557cb7cc24676b80b3c3364aae1d7bfeb8383ef08903f05d5be8ab867,2019-05,Lancashire Constabulary,Lancashire Constabulary,-3.043071,53.814354,On or near Read'S Avenue,E01012735,Blackpool 010C,Criminal damage and arson,Status update unavailable,
0f6c0e6aff38eec380753848937c859b6519c51e6173a54c724319ac32b16fa6,2019-05,Lancashire Constabulary,Lancashire Constabulary,-3.043071,53.814354,On or near Read'S Avenue,E01012735,Blackpool 010C,Drugs,Status update unavailable,
d3aabceae654b67f8a2958fcd7f63c991467a864de3321f4ca9c7bddbc56aea4,2019-05,Lancashire Constabulary,Lancashire Constabulary,-3.041280,53.816833,On or near Leicester Road,E01012735,Blackpool 010C,Public order,Further investigation is not in the public interest,
4a3edf43c5c686ac3c4d668a33a9a3bc99a12fdb80692219a01f1524e178219f,2019-05,Lancashire Constabulary,Lancashire Constabulary,-3.041280,53.816833,On or near Leicester Road,E01012735,Blackpool 010C,Public order,Status update unavailable,
9b62110e3cca9d1dc446169c19037f2552fc0f8be057d9ffb0adc3b4db60e11b,2019-05,Lancashire Constabulary,Lancashire Constabulary,-3.039384,53.816975,On or near Leeds Road,E01012735,Blackpool 010C,Vehicle crime,Status update unavailable,
824af095a3f2150db58004ab810747ff6c4a00e668b39a981c0e99613c46b5f7,2019-05,Lancashire Constabulary,Lancashire Constabulary,-3.039384,53.816975,On or near Leeds Road,E01012735,Blackpool 010C,Violence and sexual offences,Unable to prosecute suspect,
e66609497d6137e8d51838322c7736deb6d80003000fb2ddc20800b92a8fb9a5,2019-05,Lancashire Constabulary,Lancashire Constabulary,-3.039384,53.816975,On or near Leeds Road,E01012735,Blackpool 010C,Violence and sexual offences,Unable to prosecute suspect,
7b50421e1e2453b50a8646f2895374588b122a6f99cc07be258c2300cf3d8945,2019-05,Lancashire Constabulary,Lancashire Constabulary,-3.038939,53.818597,On or near Oxford Road,E01012735,Blackpool 010C,Violence and sexual offences,Unable to prosecute suspect,
d36b9541f09be2d1f7be0a80aa2f8c9360dc780aef6d2c7a996aab9cf70f0910,2019-05,Lancashire Constabulary,Lancashire Constabulary,-3.043071,53.814354,On or near Read'S Avenue,E01012735,Blackpool 010C,Violence and sexual offences,Status update unavailable,
15df8161d4a0a19b86ecbd6b5531423f88e27284e0054b8db5d4d95c49f15e2a,2019-05,Lancashire Constabulary,Lancashire Constabulary,-3.044668,53.815032,On or near Hornby Road,E01012735,Blackpool 010C,Violence and sexual offences,Offender given conditional discharge,
cfe1cf2c1575930d29fe35294b4df35afbe18d8db4297a1c3d1b7e99f80559e1,2019-05,Lancashire Constabulary,Lancashire Constabulary,-3.043071,53.814354,On or near Read'S Avenue,E01012735,Blackpool 010C,Violence and sexual offences,Status update unavailable,
d764435c0cadb1f5162108ea18db0ea8c7cb8d271242716bbe6e45765dac010b,2019-05,Lancashire Constabulary,Lancashire Constabulary,-3.039384,53.816975,On or near Leeds Road,E01012735,Blackpool 010C,Violence and sexual offences,Unable to prosecute suspect,
3ff3ed9a3e852f971f1c9c3a9ff1c0dfd594cf56860a7cc7efec03c2d13d0fd7,2019-05,Lancashire Constabulary,Lancashire Constabulary,-3.041280,53.816833,On or near Leicester Road,E01012735,Blackpool 010C,Violence and sexual offences,Further investigation is not in the public interest,
efbc4457ef35f145802d05f34d0265e7f17dc0a74a75a0399ecbdeb5a07a456b,2019-05,Lancashire Constabulary,Lancashire Constabulary,-3.043071,53.814354,On or near Read'S Avenue,E01012735,Blackpool 010C,Violence and sexual offences,Status update unavailable,
,2019-05,Lancashire Constabulary,Lancashire Constabulary,-3.046940,53.815399,On or near Fleet Street,E01012736,Blackpool 010D,Anti-social behaviour,,
,2019-05,Lancashire Constabulary,Lancashire Constabulary,-3.048846,53.812668,On or near Rishton Street,E01012736,Blackpool 010D,Anti-social behaviour,,
,2019-05,Lancashire Constabulary,Lancashire Constabulary,-3.051110,53.816324,On or near Adelaide Street,E01012736,Blackpool 010D,Anti-social behaviour,,
,2019-05,Lancashire Constabulary,Lancashire Constabulary,-3.050400,53.814066,On or near Coronation Street,E01012736,Blackpool 010D,Anti-social behaviour,,
,2019-05,Lancashire Constabulary,Lancashire Constabulary,-3.054490,53.814857,On or near Bank Hey Street,E01012736,Blackpool 010D,Anti-social behaviour,,
,2019-05,Lancashire Constabulary,Lancashire Constabulary,-3.052248,53.814481,On or near Hull Road,E01012736,Blackpool 010D,Anti-social behaviour,,
,2019-05,Lancashire Constabulary,Lancashire Constabulary,-3.050653,53.812032,On or near Chapel Street,E01012736,Blackpool 010D,Anti-social behaviour,,
,2019-05,Lancashire Constabulary,Lancashire Constabulary,-3.054490,53.814857,On or near Bank Hey Street,E01012736,Blackpool 010D,Anti-social behaviour,,
,2019-05,Lancashire Constabulary,Lancashire Constabulary,-3.050653,53.812032,On or near Chapel Street,E01012736,Blackpool 010D,Anti-social behaviour,,
,2019-05,Lancashire Constabulary,Lancashire Constabulary,-3.047828,53.813854,On or near Stanley Road,E01012736,Blackpool 010D,Anti-social behaviour,,
,2019-05,Lancashire Constabulary,Lancashire Constabulary,-3.048240,53.813329,On or near Livingstone Road,E01012736,Blackpool 010D,Anti-social behaviour,,
,2019-05,Lancashire Constabulary,Lancashire Constabulary,-3.054490,53.814857,On or near Bank Hey Street,E01012736,Blackpool 010D,Anti-social behaviour,,
,2019-05,Lancashire Constabulary,Lancashire Constabulary,-3.054490,53.814857,On or near Bank Hey Street,E01012736,Blackpool 010D,Anti-social behaviour,,
,2019-05,Lancashire Constabulary,Lancashire Constabulary,-3.050400,53.814066,On or near Coronation Street,E01012736,Blackpool 010D,Anti-social behaviour,,
,2019-05,Lancashire Constabulary,Lancashire Constabulary,-3.048846,53.812668,On or near Rishton Street,E01012736,Blackpool 010D,Anti-social behaviour,,
,2019-05,Lancashire Constabulary,Lancashire Constabulary,-3.048846,53.812668,On or near Rishton Street,E01012736,Blackpool 010D,Anti-social behaviour,,
,2019-05,Lancashire Constabulary,Lancashire Constabulary,-3.053334,53.817222,On or near Theatre/Concert Hall,E01012736,Blackpool 010D,Anti-social behaviour,,
,2019-05,Lancashire Constabulary,Lancashire Constabulary,-3.050400,53.814066,On or near Coronation Street,E01012736,Blackpool 010D,Anti-social behaviour,,
,2019-05,Lancashire Constabulary,Lancashire Constabulary,-3.054416,53.812484,On or near Bonny Street,E01012736,Blackpool 010D,Anti-social behaviour,,
,2019-05,Lancashire Constabulary,Lancashire Constabulary,-3.048846,53.812668,On or near Rishton Street,E01012736,Blackpool 010D,Anti-social behaviour,,
,2019-05,Lancashire Constabulary,Lancashire Constabulary,-3.052248,53.814481,On or near Hull Road,E01012736,Blackpool 010D,Anti-social behaviour,,
,2019-05,Lancashire Constabulary,Lancashire Constabulary,-3.047828,53.813854,On or near Stanley Road,E01012736,Blackpool 010D,Anti-social behaviour,,
,2019-05,Lancashire Constabulary,Lancashire Constabulary,-3.054490,53.814857,On or near Bank Hey Street,E01012736,Blackpool 010D,Anti-social behaviour,,
,2019-05,Lancashire Constabulary,Lancashire Constabulary,-3.045452,53.814208,On or near Parking Area,E01012736,Blackpool 010D,Anti-social behaviour,,
,2019-05,Lancashire Constabulary,Lancashire Constabulary,-3.054410,53.817716,On or near Shopping Area,E01012736,Blackpool 010D,Anti-social behaviour,,
,2019-05,Lancashire Constabulary,Lancashire Constabulary,-3.054490,53.814857,On or near Bank Hey Street,E01012736,Blackpool 010D,Anti-social behaviour,,
,2019-05,Lancashire Constabulary,Lancashire Constabulary,-3.052858,53.817001,On or near Shopping Area,E01012736,Blackpool 010D,Anti-social behaviour,,
,2019-05,Lancashire Constabulary,Lancashire Constabulary,-3.048779,53.816075,On or near Albert Road,E01012736,Blackpool 010D,Anti-social behaviour,,
,2019-05,Lancashire Constabulary,Lancashire Constabulary,-3.048846,53.812668,On or near Rishton Street,E01012736,Blackpool 010D,Anti-social behaviour,,
,2019-05,Lancashire Constabulary,Lancashire Constabulary,-3.052523,53.811521,On or near Chapel Street,E01012736,Blackpool 010D,Anti-social behaviour,,
,2019-05,Lancashire Constabulary,Lancashire Constabulary,-3.048779,53.816075,On or near Albert Road,E01012736,Blackpool 010D,Anti-social behaviour,,
,2019-05,Lancashire Constabulary,Lancashire Constabulary,-3.053183,53.816019,On or near Parking Area,E01012736,Blackpool 010D,Anti-social behaviour,,
,2019-05,Lancashire Constabulary,Lancashire Constabulary,-3.048779,53.816075,On or near Albert Road,E01012736,Blackpool 010D,Anti-social behaviour,,
,2019-05,Lancashire Constabulary,Lancashire Constabulary,-3.049896,53.812740,On or near Read'S Avenue,E01012736,Blackpool 010D,Anti-social behaviour,,
,2019-05,Lancashire Constabulary,Lancashire Constabulary,-3.048846,53.812668,On or near Rishton Street,E01012736,Blackpool 010D,Anti-social behaviour,,
,2019-05,Lancashire Constabulary,Lancashire Constabulary,-3.047069,53.813259,On or near Parking Area,E01012736,Blackpool 010D,Anti-social behaviour,,
,2019-05,Lancashire Constabulary,Lancashire Constabulary,-3.051021,53.815211,On or near Nightclub,E01012736,Blackpool 010D,Anti-social behaviour,,
,2019-05,Lancashire Constabulary,Lancashire Constabulary,-3.045452,53.814208,On or near Parking Area,E01012736,Blackpool 010D,Anti-social behaviour,,
,2019-05,Lancashire Constabulary,Lancashire Constabulary,-3.054490,53.814857,On or near Bank Hey Street,E01012736,Blackpool 010D,Anti-social behaviour,,
,2019-05,Lancashire Constabulary,Lancashire Constabulary,-3.053061,53.817835,On or near Back Church Street,E01012736,Blackpool 010D,Anti-social behaviour,,
,2019-05,Lancashire Constabulary,Lancashire Constabulary,-3.054490,53.814857,On or near Bank Hey Street,E01012736,Blackpool 010D,Anti-social behaviour,,
,2019-05,Lancashire Constabulary,Lancashire Constabulary,-3.050400,53.814066,On or near Coronation Street,E01012736,Blackpool 010D,Anti-social behaviour,,
,2019-05,Lancashire Constabulary,Lancashire Constabulary,-3.046940,53.815399,On or near Fleet Street,E01012736,Blackpool 010D,Anti-social behaviour,,
,2019-05,Lancashire Constabulary,Lancashire Constabulary,-3.054416,53.812484,On or near Bonny Street,E01012736,Blackpool 010D,Anti-social behaviour,,
,2019-05,Lancashire Constabulary,Lancashire Constabulary,-3.054490,53.814857,On or near Bank Hey Street,E01012736,Blackpool 010D,Anti-social behaviour,,
,2019-05,Lancashire Constabulary,Lancashire Constabulary,-3.054490,53.814857,On or near Bank Hey Street,E01012736,Blackpool 010D,Anti-social behaviour,,
,2019-05,Lancashire Constabulary,Lancashire Constabulary,-3.046940,53.815399,On or near Fleet Street,E01012736,Blackpool 010D,Anti-social behaviour,,
,2019-05,Lancashire Constabulary,Lancashire Constabulary,-3.053334,53.817222,On or near Theatre/Concert Hall,E01012736,Blackpool 010D,Anti-social behaviour,,
d9b2026f01a8279fba10f80412c9b9c7135f2ff56490eec87b53696b950592b0,2019-05,Lancashire Constabulary,Lancashire Constabulary,-3.052858,53.817001,On or near Shopping Area,E01012736,Blackpool 010D,Burglary,Status update unavailable,
ae41006fd2312347ae3ab4842e05237772cdff864ab036720db9d5884f230bfe,2019-05,Lancashire Constabulary,Lancashire Constabulary,-3.053183,53.816019,On or near Parking Area,E01012736,Blackpool 010D,Burglary,Status update unavailable,
8d9a49ee028b69f5e8d5b7455e19baf4a6cf4ddbf4bcf70442a6b4353ff4f8e7,2019-05,Lancashire Constabulary,Lancashire Constabulary,-3.052858,53.817001,On or near Shopping Area,E01012736,Blackpool 010D,Burglary,Status update unavailable,
4d9e2cbd50d00c31df38a2a55b5f5bf9293d113aa5b2e008c125bff5919b8c9b,2019-05,Lancashire Constabulary,Lancashire Constabulary,-3.052523,53.811521,On or near Chapel Street,E01012736,Blackpool 010D,Burglary,Status update unavailable,
6528469ecb252af7b6a17f4586b37753b77dd0a4855a8f47431bc8c698fc1306,2019-05,Lancashire Constabulary,Lancashire Constabulary,-3.054490,53.814857,On or near Bank Hey Street,E01012736,Blackpool 010D,Burglary,Status update unavailable,
b8afa9096e53b67a4538b78334accaa67590be4e9a4f316b46e87e81ecf7cb07,2019-05,Lancashire Constabulary,Lancashire Constabulary,-3.053061,53.817835,On or near Back Church Street,E01012736,Blackpool 010D,Burglary,Status update unavailable,
22497ce5b550b7c09ca00c6e51a14bf8fdc345d6341c1e50478204f254de1058,2019-05,Lancashire Constabulary,Lancashire Constabulary,-3.048846,53.812668,On or near Rishton Street,E01012736,Blackpool 010D,Criminal damage and arson,Local resolution,
9e9763e56d17bc6c839b0572edc73770a77457496dcc78ecb0eed907bd548850,2019-05,Lancashire Constabulary,Lancashire Constabulary,-3.053720,53.812625,On or near Parking Area,E01012736,Blackpool 010D,Criminal damage and arson,Status update unavailable,
47e47aabbc45dcdbb914c708ac7413e9566e99eeff230cb21bf05e333e468ed0,2019-05,Lancashire Constabulary,Lancashire Constabulary,-3.053720,53.812625,On or near Parking Area,E01012736,Blackpool 010D,Criminal damage and arson,Investigation complete; no suspect identified,
702283829d071f893135fe8acf36c85df7ff1763944302674bbb5f12e5816a27,2019-05,Lancashire Constabulary,Lancashire Constabulary,-3.048779,53.816075,On or near Albert Road,E01012736,Blackpool 010D,Criminal damage and arson,Status update unavailable,
2f5a992df24555d2be95bbf0547c09b03140c36926f68ef38a107374d9c33a24,2019-05,Lancashire Constabulary,Lancashire Constabulary,-3.054490,53.814857,On or near Bank Hey Street,E01012736,Blackpool 010D,Criminal damage and arson,Status update unavailable,
38279b4ff15b701a1536059433852f8c2323d42230841f8fbcc45a12ab7f9b47,2019-05,Lancashire Constabulary,Lancashire Constabulary,-3.052609,53.814927,On or near Albert Road,E01012736,Blackpool 010D,Criminal damage and arson,Status update unavailable,
6fe22e4bac5719cbc83dc452371a11bdbe9eae4a754e88432de6d38d8e9e69e4,2019-05,Lancashire Constabulary,Lancashire Constabulary,-3.046723,53.814026,On or near Back Read'S Road,E01012736,Blackpool 010D,Criminal damage and arson,Status update unavailable,
d84b43c91a16f24d8db98ffe62e4bfa1c2b8a2f2babbadf16ab8319b756ce568,2019-05,Lancashire Constabulary,Lancashire Constabulary,-3.047828,53.813854,On or near Stanley Road,E01012736,Blackpool 010D,Criminal damage and arson,Status update unavailable,
38d214255d867e0e84f84e13da8fd4126462cb4b3fe11970d6670f35cff9b124,2019-05,Lancashire Constabulary,Lancashire Constabulary,-3.048455,53.815251,On or near Charnley Road,E01012736,Blackpool 010D,Criminal damage and arson,Status update unavailable,
68ca614b5f85431ba847bbb209c81348e0a6153de329ebcf84716db381e04cf0,2019-05,Lancashire Constabulary,Lancashire Constabulary,-3.048455,53.815251,On or near Charnley Road,E01012736,Blackpool 010D,Criminal damage and arson,Unable to prosecute suspect,
258146d7862038c27187556e137b24ec9dac3ccb95689b928b5f148624f92d96,2019-05,Lancashire Constabulary,Lancashire Constabulary,-3.054490,53.814857,On or near Bank Hey Street,E01012736,Blackpool 010D,Criminal damage and arson,Status update unavailable,
a496df0f993cd184b9ff081580272e1b0ef32c68e98d7ac288c317ff2b0e30db,2019-05,Lancashire Constabulary,Lancashire Constabulary,-3.050400,53.814066,On or near Coronation Street,E01012736,Blackpool 010D,Criminal damage and arson,Status update unavailable,
12cac73d9071c4b358625997833340fe192420583fcc9e8e3f1bb12d64e76b44,2019-05,Lancashire Constabulary,Lancashire Constabulary,-3.052858,53.817001,On or near Shopping Area,E01012736,Blackpool 010D,Criminal damage and arson,Further investigation is not in the public interest,
77f5b716d159307d8f02f96afd7959803f173d539b911965fdb6563b7abecac3,2019-05,Lancashire Constabulary,Lancashire Constabulary,-3.050653,53.812032,On or near Chapel Street,E01012736,Blackpool 010D,Drugs,Status update unavailable,
49f13bc62b4b4d1e6bc7173e3ad4b8d4f989cde0baf7f70f2720ce6472bb1891,2019-05,Lancashire Constabulary,Lancashire Constabulary,-3.050285,53.814318,On or near Supermarket,E01012736,Blackpool 010D,Drugs,Awaiting court outcome,
0d27edce7b3343ddbe5ed0baee0e23ee5a8a2b4d36547e9ec8b739d6c84f04a6,2019-05,Lancashire Constabulary,Lancashire Constabulary,-3.051021,53.815211,On or near Nightclub,E01012736,Blackpool 010D,Drugs,Status update unavailable,
3ad8b46c0e6f9bf31ba5719db09fcf93e824cbb40fba985e1ec6dedcc85478cc,2019-05,Lancashire Constabulary,Lancashire Constabulary,-3.047069,53.813259,On or near Parking Area,E01012736,Blackpool 010D,Drugs,Status update unavailable,
60f8dac9b69a5470796fe2113f8c3681ce7c9bb95c26ab20d20a15af7b6901af,2019-05,Lancashire Constabulary,Lancashire Constabulary,-3.050621,53.813192,On or near Havelock Street,E01012736,Blackpool 010D,Other theft,Unable to prosecute suspect,
8d89dd6b928fc21bf15474b4b112e3283ecab664e550a1c3010ce1fa2933c737,2019-05,Lancashire Constabulary,Lancashire Constabulary,-3.048846,53.812668,On or near Rishton Street,E01012736,Blackpool 010D,Other theft,Status update unavailable,
14498d41e8651a154e98e0cd9fbf8854a824c85d04253420ff85be2a5bb12780,2019-05,Lancashire Constabulary,Lancashire Constabulary,-3.053183,53.816019,On or near Parking Area,E01012736,Blackpool 010D,Other theft,Unable to prosecute suspect,
fe067d6b36b2a9fcb81694416d7c38e6979e32350cf8a0c6e6f95ed3ba0d79c4,2019-05,Lancashire Constabulary,Lancashire Constabulary,-3.054490,53.814857,On or near Bank Hey Street,E01012736,Blackpool 010D,Other theft,Status update unavailable,
376c213f07edcaa3854ff4409bdaaeee92090fb67f44053e2972ffdbebd1bee6,2019-05,Lancashire Constabulary,Lancashire Constabulary,-3.053061,53.817835,On or near Back Church Street,E01012736,Blackpool 010D,Other theft,Status update unavailable,
b8c83b0f311324aea18b1663f0d4c61fb8dcb82c9e1af2e57d9265c645cca648,2019-05,Lancashire Constabulary,Lancashire Constabulary,-3.054490,53.814857,On or near Bank Hey Street,E01012736,Blackpool 010D,Other theft,Status update unavailable,
df37c0c94338ea93e270b0312397c165f8d1eb761bfe094add8caeda6030092a,2019-05,Lancashire Constabulary,Lancashire Constabulary,-3.051021,53.815211,On or near Nightclub,E01012736,Blackpool 010D,Other theft,Status update unavailable,
d41cf3fee59891dadf775c416f59e2713b32b114cce1ef37e50adeec80e25b58,2019-05,Lancashire Constabulary,Lancashire Constabulary,-3.051737,53.814081,On or near Vance Road,E01012736,Blackpool 010D,Other theft,Unable to prosecute suspect,
b02843dbf375f45c4d768ebe31f6cf7c650039b6a1cea9d6b23aefed693c176d,2019-05,Lancashire Constabulary,Lancashire Constabulary,-3.053334,53.817222,On or near Theatre/Concert Hall,E01012736,Blackpool 010D,Other theft,Status update unavailable,
d18d7c9b7eaa4a6ccaf1f48c7e646c4038c758b65f82619acdd7327ff8ad8890,2019-05,Lancashire Constabulary,Lancashire Constabulary,-3.048846,53.812668,On or near Rishton Street,E01012736,Blackpool 010D,Other theft,Status update unavailable,
88047855716f0a5a01ac74779308c147e0fecc8b03a1c2647aa46358f8a3f4fe,2019-05,Lancashire Constabulary,Lancashire Constabulary,-3.054490,53.814857,On or near Bank Hey Street,E01012736,Blackpool 010D,Other theft,Status update unavailable,
0c57fd5a69cdb89d20eddc8b45c41d89210efa03ce8ca0d8a5d4ffa8adb8414c,2019-05,Lancashire Constabulary,Lancashire Constabulary,-3.054410,53.817716,On or near Shopping Area,E01012736,Blackpool 010D,Other theft,Status update unavailable,
1623872326df229d0d515daa43c39d10505494a863cbec4a931f0f4081ed3402,2019-05,Lancashire Constabulary,Lancashire Constabulary,-3.054490,53.814857,On or near Bank Hey Street,E01012736,Blackpool 010D,Other theft,Status update unavailable,
ea8d6c768567a9aa2fe2a422cf126b2a90f4a488440ff2672defbaa8613e7130,2019-05,Lancashire Constabulary,Lancashire Constabulary,-3.048779,53.816075,On or near Albert Road,E01012736,Blackpool 010D,Other theft,Status update unavailable,
b85e528e583c3bcad5baeab7a1bd95bd5b1cfde7b9141a73fd7ef52a508629f6,2019-05,Lancashire Constabulary,Lancashire Constabulary,-3.054416,53.812484,On or near Bonny Street,E01012736,Blackpool 010D,Other theft,Local resolution,
6e20f83aafe4dbe77494c2ecc2a48ffd442ffadd2613312333dfc49b20c93410,2019-05,Lancashire Constabulary,Lancashire Constabulary,-3.050653,53.812032,On or near Chapel Street,E01012736,Blackpool 010D,Other theft,Status update unavailable,
d9f70be21c001b4fd43ca440510b89ddc61cb6a05329f86370abf0339a1bd510,2019-05,Lancashire Constabulary,Lancashire Constabulary,-3.051737,53.814081,On or near Vance Road,E01012736,Blackpool 010D,Other theft,Status update unavailable,
fb107cb099b3325d3b4277ce12db3c8870768ecc5a2175b6ed527e96122cec43,2019-05,Lancashire Constabulary,Lancashire Constabulary,-3.051737,53.814081,On or near Vance Road,E01012736,Blackpool 010D,Other theft,Status update unavailable,
32609912ef2f9bec991a4b3d8603c4f35838a1311b14abfb6ac822b4ea1c172f,2019-05,Lancashire Constabulary,Lancashire Constabulary,-3.054490,53.814857,On or near Bank Hey Street,E01012736,Blackpool 010D,Other theft,Status update unavailable,
03458b4f3c4bf03b93735d6437072b418ebd6a07c9058c7121021e17f17ec236,2019-05,Lancashire Constabulary,Lancashire Constabulary,-3.052858,53.817001,On or near Shopping Area,E01012736,Blackpool 010D,Other theft,Status update unavailable,
651de3d0c19e15a8c503a771aedd159abde80f6d1464795c2754889c63634d0c,2019-05,Lancashire Constabulary,Lancashire Constabulary,-3.054416,53.812484,On or near Bonny Street,E01012736,Blackpool 010D,Other theft,Status update unavailable,
84dfb89e14a7bba73c01a2bf5bfdffca0694221f9fd35c035c945c9ef2747f6d,2019-05,Lancashire Constabulary,Lancashire Constabulary,-3.050653,53.812032,On or near Chapel Street,E01012736,Blackpool 010D,Possession of weapons,Status update unavailable,
a9a1f6fd5e45f90ceff1a081f4821965a679472090f97425b9bbe48bb524cd35,2019-05,Lancashire Constabulary,Lancashire Constabulary,-3.053334,53.817222,On or near Theatre/Concert Hall,E01012736,Blackpool 010D,Possession of weapons,Offender given a caution,
7bbc3a9efe31f1eca4719fee4bfa165c2b2f3e289cc203c04e34f4382aeee8bd,2019-05,Lancashire Constabulary,Lancashire Constabulary,-3.053183,53.816019,On or near Parking Area,E01012736,Blackpool 010D,Public order,Unable to prosecute suspect,
c2bf41b520922a83e8bf78bb08a4f941ff167985f8f91ed09ca161f2096638a2,2019-05,Lancashire Constabulary,Lancashire Constabulary,-3.050653,53.812032,On or near Chapel Street,E01012736,Blackpool 010D,Public order,Awaiting court outcome,
f8dbab4c17a2de24e04f28610873732624863a20a45e2e178c693cf45601907e,2019-05,Lancashire Constabulary,Lancashire Constabulary,-3.054410,53.817716,On or near Shopping Area,E01012736,Blackpool 010D,Public order,Unable to prosecute suspect,
1d894c2a210f77be42122bf42bed5fafbd469d71e86cfc83d4efa38451dcd1c2,2019-05,Lancashire Constabulary,Lancashire Constabulary,-3.054490,53.814857,On or near Bank Hey Street,E01012736,Blackpool 010D,Public order,Awaiting court outcome,
6ef23e73a9e3dc8532b972550b963dec671a4786472b2b9e2d121732c63cd2ae,2019-05,Lancashire Constabulary,Lancashire Constabulary,-3.054490,53.814857,On or near Bank Hey Street,E01012736,Blackpool 010D,Public order,Offender given a caution,
c0776b1ab8d0b858f0c5dc45532823fe74c7ef054e3aaf122a271d64b08fbcb4,2019-05,Lancashire Constabulary,Lancashire Constabulary,-3.054490,53.814857,On or near Bank Hey Street,E01012736,Blackpool 010D,Public order,Awaiting court outcome,
ea40a4031abdb7bbccbe638c44ce7db512e3215da6fe9be43bf81c980bfb256c,2019-05,Lancashire Constabulary,Lancashire Constabulary,-3.046940,53.815399,On or near Fleet Street,E01012736,Blackpool 010D,Public order,Awaiting court outcome,
ea74ebbb242f96467fa0ab0394f1c2d503e3c01a68a9d7a22a9ae2909d8b9129,2019-05,Lancashire Constabulary,Lancashire Constabulary,-3.048774,53.817091,On or near Alfred Street,E01012736,Blackpool 010D,Public order,Status update unavailable,
b5ab9938fa12880d2e95be9b26cca9dd0a32db50ad0b56138f89d0a5117192db,2019-05,Lancashire Constabulary,Lancashire Constabulary,-3.050653,53.812032,On or near Chapel Street,E01012736,Blackpool 010D,Public order,Unable to prosecute suspect,
b9b7c0edfc0a3ece5a49d95c179b2e18ea1499fc686be17f52187895466c2d78,2019-05,Lancashire Constabulary,Lancashire Constabulary,-3.047828,53.813854,On or near Stanley Road,E01012736,Blackpool 010D,Public order,Further investigation is not in the public interest,
cf0bb33e2fa8f1bcea9547615b5c16a7f766bb2d9fd2dc682ca36810e7483f25,2019-05,Lancashire Constabulary,Lancashire Constabulary,-3.054490,53.814857,On or near Bank Hey Street,E01012736,Blackpool 010D,Public order,Status update unavailable,
480ac96953ffad739553c33541a5c789604dd649b2cbc2a81508ba5095716ab7,2019-05,Lancashire Constabulary,Lancashire Constabulary,-3.050653,53.812032,On or near Chapel Street,E01012736,Blackpool 010D,Public order,Status update unavailable,
749d55ac50b95b540fc32dd6e6e996a484d5fc82672817481936d3ace5f67329,2019-05,Lancashire Constabulary,Lancashire Constabulary,-3.054490,53.814857,On or near Bank Hey Street,E01012736,Blackpool 010D,Public order,Status update unavailable,
e50c88d469e747c181ae65cc652378f5ee359a3a0e0064315374711bcb9d4a16,2019-05,Lancashire Constabulary,Lancashire Constabulary,-3.047069,53.813259,On or near Parking Area,E01012736,Blackpool 010D,Public order,Unable to prosecute suspect,
0e23af5bdfe87abd9ccd06e259a73cd899dc3d5e40a481aba3ab2b9238184772,2019-05,Lancashire Constabulary,Lancashire Constabulary,-3.048774,53.817091,On or near Alfred Street,E01012736,Blackpool 010D,Public order,Status update unavailable,
202e73899fb6c541552569ab4eb664c0fb5ad7064c05e3248e2fdeb2b909e0b6,2019-05,Lancashire Constabulary,Lancashire Constabulary,-3.048774,53.817091,On or near Alfred Street,E01012736,Blackpool 010D,Public order,Awaiting court outcome,
4c8fc2a721e04932ac5535d7a611feccd012aac65c0b4f98c8f725bbba9803dd,2019-05,Lancashire Constabulary,Lancashire Constabulary,-3.054416,53.812484,On or near Bonny Street,E01012736,Blackpool 010D,Shoplifting,Status update unavailable,
571caaa8bfe97d489b05e1c487a1acf8ea324c3bd7c4b6dc0dcd46347cae5e72,2019-05,Lancashire Constabulary,Lancashire Constabulary,-3.053183,53.816019,On or near Parking Area,E01012736,Blackpool 010D,Shoplifting,Unable to prosecute suspect,
a18f46bddfac2ec8fe9eed83dee0dfccc4bf13a2253e46fadb088a847efb754e,2019-05,Lancashire Constabulary,Lancashire Constabulary,-3.053183,53.816019,On or near Parking Area,E01012736,Blackpool 010D,Shoplifting,Further investigation is not in the public interest,
521369bea8fd8934601027d734aa85140aadd4f7ec87eee18a360870962d36b1,2019-05,Lancashire Constabulary,Lancashire Constabulary,-3.054490,53.814857,On or near Bank Hey Street,E01012736,Blackpool 010D,Shoplifting,Further investigation is not in the public interest,
2cc5e85178ffe0727cbc1eabc62b0764e53e82ce801f18134f345f0a30f4a21b,2019-05,Lancashire Constabulary,Lancashire Constabulary,-3.053183,53.816019,On or near Parking Area,E01012736,Blackpool 010D,Shoplifting,Awaiting court outcome,
d99aaee106b1e47234349721725b8366a14aa9cc52185ae2414fc1e51f928ed9,2019-05,Lancashire Constabulary,Lancashire Constabulary,-3.053183,53.816019,On or near Parking Area,E01012736,Blackpool 010D,Shoplifting,Unable to prosecute suspect,
f071af4553bcfd90eacd687e509e78c819bb7e52b5557cc8e0fe4202489d44c6,2019-05,Lancashire Constabulary,Lancashire Constabulary,-3.053183,53.816019,On or near Parking Area,E01012736,Blackpool 010D,Shoplifting,Unable to prosecute suspect,
27b9622a05b8a0b83ee40caa6ada63eb33169dad729d80ca4fd03d496ba1324d,2019-05,Lancashire Constabulary,Lancashire Constabulary,-3.053183,53.816019,On or near Parking Area,E01012736,Blackpool 010D,Shoplifting,Status update unavailable,
d817f7da1bb0e30d4f2a98031dbea3f7773a6d3d16d59675f9643cc34dad5705,2019-05,Lancashire Constabulary,Lancashire Constabulary,-3.053183,53.816019,On or near Parking Area,E01012736,Blackpool 010D,Shoplifting,Unable to prosecute suspect,
f85883e22b08c155cee3fe712584bfe62d047a14327552d993aa8c89e06413f6,2019-05,Lancashire Constabulary,Lancashire Constabulary,-3.052609,53.814927,On or near Albert Road,E01012736,Blackpool 010D,Shoplifting,Status update unavailable,
46b258e17ecadfd03f51e352f94d50db1896bc1bc0381e2003c5f80e3cf501a0,2019-05,Lancashire Constabulary,Lancashire Constabulary,-3.053183,53.816019,On or near Parking Area,E01012736,Blackpool 010D,Shoplifting,Unable to prosecute suspect,
1eab3ceb76da346d80da5fffcf2a2c6276c09a97b3b1aa2da93c17cfa15f3064,2019-05,Lancashire Constabulary,Lancashire Constabulary,-3.053183,53.816019,On or near Parking Area,E01012736,Blackpool 010D,Shoplifting,Unable to prosecute suspect,
9cccbbef6e8e8eddb92c1aafae9d243315bb4c87ab9e449b82308dd9f6a95e67,2019-05,Lancashire Constabulary,Lancashire Constabulary,-3.053183,53.816019,On or near Parking Area,E01012736,Blackpool 010D,Shoplifting,Status update unavailable,
57d42716a42ed7e4d6e8494e116bfcfabacba4762ff9711a3535f90c3ba1bc8d,2019-05,Lancashire Constabulary,Lancashire Constabulary,-3.050285,53.814318,On or near Supermarket,E01012736,Blackpool 010D,Shoplifting,Status update unavailable,
278f03ba394edafdf980c12cc69f7b1601b6878a2fc652f86ef56a6a3ee6f071,2019-05,Lancashire Constabulary,Lancashire Constabulary,-3.054410,53.817716,On or near Shopping Area,E01012736,Blackpool 010D,Shoplifting,Status update unavailable,
e0a9ef41391151ba8aa5b5774a0c1a4f873da24b76ccd84b04299c8b647bc827,2019-05,Lancashire Constabulary,Lancashire Constabulary,-3.053183,53.816019,On or near Parking Area,E01012736,Blackpool 010D,Shoplifting,Unable to prosecute suspect,
f491f039c0903d47bdcf864a9cde9b17731b10d8bb3dc01fa3250d86e1da22a6,2019-05,Lancashire Constabulary,Lancashire Constabulary,-3.053183,53.816019,On or near Parking Area,E01012736,Blackpool 010D,Shoplifting,Awaiting court outcome,
17da013ae442f167cf8e672693c2215217fd38cd643d392fd4c47f8dcc5c0feb,2019-05,Lancashire Constabulary,Lancashire Constabulary,-3.050285,53.814318,On or near Supermarket,E01012736,Blackpool 010D,Shoplifting,Status update unavailable,
ef1996af0b2d19d400ff3107761f46f251cdb9662193671fd1f20bba44fe8603,2019-05,Lancashire Constabulary,Lancashire Constabulary,-3.050285,53.814318,On or near Supermarket,E01012736,Blackpool 010D,Shoplifting,Status update unavailable,
09aeb3a5c28524425c4fe40b544951243785beccefaddf3b9d8822e4646b7511,2019-05,Lancashire Constabulary,Lancashire Constabulary,-3.053183,53.816019,On or near Parking Area,E01012736,Blackpool 010D,Shoplifting,Awaiting court outcome,
3d5c744a08db61563a8a8b9b7424cfe94c2ba988382d4f057e005f561d58778a,2019-05,Lancashire Constabulary,Lancashire Constabulary,-3.050285,53.814318,On or near Supermarket,E01012736,Blackpool 010D,Shoplifting,Status update unavailable,
14ca7313a474892649bd3b36d16ed1601922725c03824e24ee3cb6076263e318,2019-05,Lancashire Constabulary,Lancashire Constabulary,-3.053183,53.816019,On or near Parking Area,E01012736,Blackpool 010D,Shoplifting,Awaiting court outcome,
40d2ea896e153b8e1b41958511ccda6200dac094ad3ca7c5483ac11887c9a79f,2019-05,Lancashire Constabulary,Lancashire Constabulary,-3.053183,53.816019,On or near Parking Area,E01012736,Blackpool 010D,Shoplifting,Status update unavailable,
4a1be18b0918920626517b3a682b62c4441ac845e04d8964483092baac79f156,2019-05,Lancashire Constabulary,Lancashire Constabulary,-3.053183,53.816019,On or near Parking Area,E01012736,Blackpool 010D,Shoplifting,Status update unavailable,
d4883c06908cf24b44c503048a9fbc672314abb02b94eefe4f4530f3c8c3b6e0,2019-05,Lancashire Constabulary,Lancashire Constabulary,-3.053183,53.816019,On or near Parking Area,E01012736,Blackpool 010D,Shoplifting,Status update unavailable,
782d5e2687ab45fd8669a3ab74ccd9969380a117db2a2d444d88db2404c153c5,2019-05,Lancashire Constabulary,Lancashire Constabulary,-3.053183,53.816019,On or near Parking Area,E01012736,Blackpool 010D,Shoplifting,Unable to prosecute suspect,
e5d78a43a548e4a7a281181b977b741c5c6b6bbc530fd924c6851041da1fb02c,2019-05,Lancashire Constabulary,Lancashire Constabulary,-3.053183,53.816019,On or near Parking Area,E01012736,Blackpool 010D,Shoplifting,Awaiting court outcome,
0e9eb7c9baa6a1b1693f5f12a401ebdafd95e03ba95285a9a7ef3ff0b7927149,2019-05,Lancashire Constabulary,Lancashire Constabulary,-3.053334,53.817222,On or near Theatre/Concert Hall,E01012736,Blackpool 010D,Theft from the person,Status update unavailable,
acec1a268e33dda9fe7d5929e4ea219f4ecf13909939e784d315516607c1d2bc,2019-05,Lancashire Constabulary,Lancashire Constabulary,-3.053183,53.816019,On or near Parking Area,E01012736,Blackpool 010D,Theft from the person,Status update unavailable,
69368768386313c37d7a7499448230a9a1392bbc41aef5d5e76fd4ef96cb5911,2019-05,Lancashire Constabulary,Lancashire Constabulary,-3.053061,53.817835,On or near Back Church Street,E01012736,Blackpool 010D,Theft from the person,Status update unavailable,
30c9cad0dd0028c5403884996d30f95be10e429f60a56fb1bd28630c401d900f,2019-05,Lancashire Constabulary,Lancashire Constabulary,-3.053720,53.812625,On or near Parking Area,E01012736,Blackpool 010D,Vehicle crime,Status update unavailable,
d11b9336c47d4ee3c1f5ff76dc3da73326782a922fdd5a286f17061941b59cc2,2019-05,Lancashire Constabulary,Lancashire Constabulary,-3.048240,53.813329,On or near Livingstone Road,E01012736,Blackpool 010D,Vehicle crime,Status update unavailable,
39a72141197d7ba30b1d183b072233e03a14a083016748ac8d17e635a34d983d,2019-05,Lancashire Constabulary,Lancashire Constabulary,-3.048455,53.815251,On or near Charnley Road,E01012736,Blackpool 010D,Vehicle crime,Status update unavailable,
326327c303edf5d1745470b2d15b1f9356d677eeb17ddaf61a6fab91b8517662,2019-05,Lancashire Constabulary,Lancashire Constabulary,-3.047695,53.815213,On or near Westwell Grove,E01012736,Blackpool 010D,Vehicle crime,Status update unavailable,
c8c50d3d757d3f602b491db78231265559b9f6aeec0ff1f4f50c72d0e7753617,2019-05,Lancashire Constabulary,Lancashire Constabulary,-3.047828,53.813854,On or near Stanley Road,E01012736,Blackpool 010D,Vehicle crime,Unable to prosecute suspect,
0876f07d468dfffa39e378e36e3bd21118fe9fef441a369e33c83f74d2bb1d81,2019-05,Lancashire Constabulary,Lancashire Constabulary,-3.050621,53.813192,On or near Havelock Street,E01012736,Blackpool 010D,Vehicle crime,Further investigation is not in the public interest,
19f1690f4061d7392830dd966ab31dea3529e4bf448588ce2a5196f8f2a5c64d,2019-05,Lancashire Constabulary,Lancashire Constabulary,-3.051021,53.815211,On or near Nightclub,E01012736,Blackpool 010D,Violence and sexual offences,Unable to prosecute suspect,
a5f1b45e8dbc7cb87723c3acbc3011a6cb9fc68fdbc98dc8e9c34c7baf523a05,2019-05,Lancashire Constabulary,Lancashire Constabulary,-3.050621,53.813192,On or near Havelock Street,E01012736,Blackpool 010D,Violence and sexual offences,Status update unavailable,
beb4e405f2aeb7e73a8893610ab5775960324e051c9bece8c19df429d4e042ad,2019-05,Lancashire Constabulary,Lancashire Constabulary,-3.053313,53.812143,On or near Police Station,E01012736,Blackpool 010D,Violence and sexual offences,Further investigation is not in the public interest,
a33f0d592f13b55f41fb010ffdf62e9eb11a8c2548a92a4ec48fd5a5b68b41ee,2019-05,Lancashire Constabulary,Lancashire Constabulary,-3.050653,53.812032,On or near Chapel Street,E01012736,Blackpool 010D,Violence and sexual offences,Status update unavailable,
7938fe915009b420cd4a31d7c85a97a6e7cb1a4f5e16af3a7e1d6189e057850e,2019-05,Lancashire Constabulary,Lancashire Constabulary,-3.054490,53.814857,On or near Bank Hey Street,E01012736,Blackpool 010D,Violence and sexual offences,Unable to prosecute suspect,
75ee9cee2bec57f38b86d4519c691b7a13fb10089030c77d55526f3f021fdb8d,2019-05,Lancashire Constabulary,Lancashire Constabulary,-3.045452,53.814208,On or near Parking Area,E01012736,Blackpool 010D,Violence and sexual offences,Status update unavailable,
ee054b379b4b1cdd374967fd49938deaa4056a214c89a5d0d206d98ac5faa699,2019-05,Lancashire Constabulary,Lancashire Constabulary,-3.047069,53.813259,On or near Parking Area,E01012736,Blackpool 010D,Violence and sexual offences,Unable to prosecute suspect,
7dfcea6016bf3815cdba7de4491457a900437ea974cd2df2f6a4cd5abe19ec5a,2019-05,Lancashire Constabulary,Lancashire Constabulary,-3.053313,53.812143,On or near Police Station,E01012736,Blackpool 010D,Violence and sexual offences,Status update unavailable,
1d10871a4b11556db155884b1438b0469d52aed04f074d16447aaf9fa068f52d,2019-05,Lancashire Constabulary,Lancashire Constabulary,-3.054490,53.814857,On or near Bank Hey Street,E01012736,Blackpool 010D,Violence and sexual offences,Local resolution,
acbda21f46f79c04b8681a8d34158968bcaa345bd7fd02a050dcda5726924875,2019-05,Lancashire Constabulary,Lancashire Constabulary,-3.049896,53.812740,On or near Read'S Avenue,E01012736,Blackpool 010D,Violence and sexual offences,Awaiting court outcome,
d8ec50d20968245013d3e8d3ee3127846ae6f99214da0457fbec4f0918eef955,2019-05,Lancashire Constabulary,Lancashire Constabulary,-3.053183,53.816019,On or near Parking Area,E01012736,Blackpool 010D,Violence and sexual offences,Unable to prosecute suspect,
ca1f2a943f504a0d2bbb621d8e4d0e0848ef435dea4d8262f234d2a42f9c8d8c,2019-05,Lancashire Constabulary,Lancashire Constabulary,-3.050653,53.812032,On or near Chapel Street,E01012736,Blackpool 010D,Violence and sexual offences,Status update unavailable,
fae52a04af46f629687532f2339395a37f4a197bf4d04a5026b7a9853adc7ff9,2019-05,Lancashire Constabulary,Lancashire Constabulary,-3.053720,53.812625,On or near Parking Area,E01012736,Blackpool 010D,Violence and sexual offences,Status update unavailable,
888f91b4695747ce0d622d5fc53c071bcbe321ff04754eb8bde7d0f726a4d4ef,2019-05,Lancashire Constabulary,Lancashire Constabulary,-3.054490,53.814857,On or near Bank Hey Street,E01012736,Blackpool 010D,Violence and sexual offences,Unable to prosecute suspect,
310b9354bb2b72e50151c48424b92b7ea6d1c339ce0ab2a8bec694235772bc69,2019-05,Lancashire Constabulary,Lancashire Constabulary,-3.048240,53.813329,On or near Livingstone Road,E01012736,Blackpool 010D,Violence and sexual offences,Unable to prosecute suspect,
23b4d1ebf89e0b1c074749c0ef1cc6ec5c3e22d897ab5bcc36122e65745fd1fd,2019-05,Lancashire Constabulary,Lancashire Constabulary,-3.050653,53.812032,On or near Chapel Street,E01012736,Blackpool 010D,Violence and sexual offences,Status update unavailable,
8a78c0e6972e04c302d04f955c5334b988d7bab8c5f9f2dc2a3c144bb935439b,2019-05,Lancashire Constabulary,Lancashire Constabulary,-3.050285,53.814318,On or near Supermarket,E01012736,Blackpool 010D,Violence and sexual offences,Status update unavailable,
2abd16ef7306948e3bfe7b384fe8b1a37f9f2ef3a5e6db29ef5992fd78867e22,2019-05,Lancashire Constabulary,Lancashire Constabulary,-3.052609,53.814927,On or near Albert Road,E01012736,Blackpool 010D,Violence and sexual offences,Status update unavailable,
a33f0d592f13b55f41fb010ffdf62e9eb11a8c2548a92a4ec48fd5a5b68b41ee,2019-05,Lancashire Constabulary,Lancashire Constabulary,-3.050653,53.812032,On or near Chapel Street,E01012736,Blackpool 010D,Violence and sexual offences,Status update unavailable,
8f88d1a1ed1c8e095d8275940799895363f0630171ff9a8f008a03d3818b3c6b,2019-05,Lancashire Constabulary,Lancashire Constabulary,-3.053183,53.816019,On or near Parking Area,E01012736,Blackpool 010D,Violence and sexual offences,Status update unavailable,
1002a10a0ebc7592401556282157fc3a570a2245d3deb824c360548d4017a016,2019-05,Lancashire Constabulary,Lancashire Constabulary,-3.050400,53.814066,On or near Coronation Street,E01012736,Blackpool 010D,Violence and sexual offences,Status update unavailable,
f63cc9952f5ec123dbbb30e194a88edd81756683aa93420d772c02ae78f16ac6,2019-05,Lancashire Constabulary,Lancashire Constabulary,-3.054490,53.814857,On or near Bank Hey Street,E01012736,Blackpool 010D,Violence and sexual offences,Status update unavailable,
ef906cb152555610606e6bc9e3568fdd4942968584a68fb5b1ec4d7a406eec91,2019-05,Lancashire Constabulary,Lancashire Constabulary,-3.054490,53.814857,On or near Bank Hey Street,E01012736,Blackpool 010D,Violence and sexual offences,Status update unavailable,
034dcf9e35a006b3b5e93f88bc5ccd54078ed3f0fc41c282689e50c289c35ebe,2019-05,Lancashire Constabulary,Lancashire Constabulary,-3.047069,53.813259,On or near Parking Area,E01012736,Blackpool 010D,Violence and sexual offences,Investigation complete; no suspect identified,
e40871561d96e6fd9c1f9811f51f8fc84cdcc42d87390a2450a616c0cbd39e9f,2019-05,Lancashire Constabulary,Lancashire Constabulary,-3.054416,53.812484,On or near Bonny Street,E01012736,Blackpool 010D,Violence and sexual offences,Status update unavailable,
f6b75927768e0117903e79720803ccf254065e4572562206740d3456795d0d3e,2019-05,Lancashire Constabulary,Lancashire Constabulary,-3.048774,53.817091,On or near Alfred Street,E01012736,Blackpool 010D,Violence and sexual offences,Status update unavailable,
379462424963215cb7cfcfe1aa0c1bef5ae3bcb7bbd4a44a31c3b1895182c908,2019-05,Lancashire Constabulary,Lancashire Constabulary,-3.051737,53.814081,On or near Vance Road,E01012736,Blackpool 010D,Violence and sexual offences,Status update unavailable,
d1e320133d1eac6f5cf09ccb02bfbb4b50d183793bfa1e5371ea5e14739ef59e,2019-05,Lancashire Constabulary,Lancashire Constabulary,-3.054490,53.814857,On or near Bank Hey Street,E01012736,Blackpool 010D,Violence and sexual offences,Status update unavailable,
b481f3b60cf4c3ca863af2e9cf953125a9e4613c4eab8eadd41f7c4cc0eab17f,2019-05,Lancashire Constabulary,Lancashire Constabulary,-3.048774,53.817091,On or near Alfred Street,E01012736,Blackpool 010D,Violence and sexual offences,Awaiting court outcome,
c2b19627f30009ca09cee8a912bb32c0ca9be29977e0e27128c92cbe776912a2,2019-05,Lancashire Constabulary,Lancashire Constabulary,-3.045452,53.814208,On or near Parking Area,E01012736,Blackpool 010D,Violence and sexual offences,Status update unavailable,
954109ea5eba0bdac7799a1f8973d0b43a2ee75ec04032b3ffab471044c15c4b,2019-05,Lancashire Constabulary,Lancashire Constabulary,-3.050653,53.812032,On or near Chapel Street,E01012736,Blackpool 010D,Violence and sexual offences,Status update unavailable,
1e219459b9807e9459c0f9d4c97aa6de6867940a8f67d7f935fb95f0eb65a12a,2019-05,Lancashire Constabulary,Lancashire Constabulary,-3.053313,53.812143,On or near Police Station,E01012736,Blackpool 010D,Violence and sexual offences,Status update unavailable,
c172220d47a730e585e80ba2b796fb61e94fcfdb08568bf689691e9087df6e63,2019-05,Lancashire Constabulary,Lancashire Constabulary,-3.053183,53.816019,On or near Parking Area,E01012736,Blackpool 010D,Violence and sexual offences,Status update unavailable,
0edfc212ebb74bdc08110622b17b14246c2c0eb07824a3168a4668ce1fc16d17,2019-05,Lancashire Constabulary,Lancashire Constabulary,-3.050400,53.814066,On or near Coronation Street,E01012736,Blackpool 010D,Violence and sexual offences,Status update unavailable,
549e8c7fdd3d11b9a75887622cedef844a0b53fbe180eadbc9c11c01d1718e5a,2019-05,Lancashire Constabulary,Lancashire Constabulary,-3.046723,53.814026,On or near Back Read'S Road,E01012736,Blackpool 010D,Other crime,Status update unavailable,
,2019-05,Lancashire Constabulary,Lancashire Constabulary,-3.055190,53.817933,On or near Nightclub,E01012737,Blackpool 010E,Anti-social behaviour,,
,2019-05,Lancashire Constabulary,Lancashire Constabulary,-3.055318,53.818786,On or near Talbot Square,E01012737,Blackpool 010E,Anti-social behaviour,,
,2019-05,Lancashire Constabulary,Lancashire Constabulary,-3.055190,53.817933,On or near Nightclub,E01012737,Blackpool 010E,Anti-social behaviour,,
,2019-05,Lancashire Constabulary,Lancashire Constabulary,-3.055318,53.818786,On or near Talbot Square,E01012737,Blackpool 010E,Anti-social behaviour,,
,2019-05,Lancashire Constabulary,Lancashire Constabulary,-3.047890,53.819382,On or near Cookson Street,E01012737,Blackpool 010E,Anti-social behaviour,,
,2019-05,Lancashire Constabulary,Lancashire Constabulary,-3.044871,53.815867,On or near Park Road,E01012737,Blackpool 010E,Anti-social behaviour,,
,2019-05,Lancashire Constabulary,Lancashire Constabulary,-3.050673,53.820130,On or near Nightclub,E01012737,Blackpool 010E,Anti-social behaviour,,
,2019-05,Lancashire Constabulary,Lancashire Constabulary,-3.048851,53.818331,On or near Nightclub,E01012737,Blackpool 010E,Anti-social behaviour,,
,2019-05,Lancashire Constabulary,Lancashire Constabulary,-3.051284,53.818444,On or near Shopping Area,E01012737,Blackpool 010E,Anti-social behaviour,,
,2019-05,Lancashire Constabulary,Lancashire Constabulary,-3.048208,53.820583,On or near Swainson Street,E01012737,Blackpool 010E,Anti-social behaviour,,
,2019-05,Lancashire Constabulary,Lancashire Constabulary,-3.045937,53.819030,On or near Caunce Street,E01012737,Blackpool 010E,Anti-social behaviour,,
,2019-05,Lancashire Constabulary,Lancashire Constabulary,-3.048661,53.820462,On or near Parking Area,E01012737,Blackpool 010E,Anti-social behaviour,,
,2019-05,Lancashire Constabulary,Lancashire Constabulary,-3.048287,53.819459,On or near Parking Area,E01012737,Blackpool 010E,Anti-social behaviour,,
,2019-05,Lancashire Constabulary,Lancashire Constabulary,-3.047613,53.816822,On or near South King Street,E01012737,Blackpool 010E,Anti-social behaviour,,
,2019-05,Lancashire Constabulary,Lancashire Constabulary,-3.051284,53.818444,On or near Shopping Area,E01012737,Blackpool 010E,Anti-social behaviour,,
,2019-05,Lancashire Constabulary,Lancashire Constabulary,-3.047890,53.819382,On or near Cookson Street,E01012737,Blackpool 010E,Anti-social behaviour,,
,2019-05,Lancashire Constabulary,Lancashire Constabulary,-3.050673,53.820130,On or near Nightclub,E01012737,Blackpool 010E,Anti-social behaviour,,
,2019-05,Lancashire Constabulary,Lancashire Constabulary,-3.045937,53.819030,On or near Caunce Street,E01012737,Blackpool 010E,Anti-social behaviour,,
,2019-05,Lancashire Constabulary,Lancashire Constabulary,-3.055190,53.817933,On or near Nightclub,E01012737,Blackpool 010E,Anti-social behaviour,,
,2019-05,Lancashire Constabulary,Lancashire Constabulary,-3.047613,53.816822,On or near South King Street,E01012737,Blackpool 010E,Anti-social behaviour,,
,2019-05,Lancashire Constabulary,Lancashire Constabulary,-3.047890,53.819382,On or near Cookson Street,E01012737,Blackpool 010E,Anti-social behaviour,,
,2019-05,Lancashire Constabulary,Lancashire Constabulary,-3.050673,53.820130,On or near Nightclub,E01012737,Blackpool 010E,Anti-social behaviour,,
,2019-05,Lancashire Constabulary,Lancashire Constabulary,-3.046221,53.816403,On or near Regent Road,E01012737,Blackpool 010E,Anti-social behaviour,,
,2019-05,Lancashire Constabulary,Lancashire Constabulary,-3.043831,53.819246,On or near Peter Street,E01012737,Blackpool 010E,Anti-social behaviour,,
,2019-05,Lancashire Constabulary,Lancashire Constabulary,-3.050673,53.820130,On or near Nightclub,E01012737,Blackpool 010E,Anti-social behaviour,,
,2019-05,Lancashire Constabulary,Lancashire Constabulary,-3.055413,53.817716,On or near Sports/Recreation Area,E01012737,Blackpool 010E,Anti-social behaviour,,
,2019-05,Lancashire Constabulary,Lancashire Constabulary,-3.045198,53.820475,On or near Buchanan Street,E01012737,Blackpool 010E,Anti-social behaviour,,
,2019-05,Lancashire Constabulary,Lancashire Constabulary,-3.055318,53.818786,On or near Talbot Square,E01012737,Blackpool 010E,Anti-social behaviour,,
,2019-05,Lancashire Constabulary,Lancashire Constabulary,-3.050673,53.820130,On or near Nightclub,E01012737,Blackpool 010E,Anti-social behaviour,,
,2019-05,Lancashire Constabulary,Lancashire Constabulary,-3.055318,53.818786,On or near Talbot Square,E01012737,Blackpool 010E,Anti-social behaviour,,
,2019-05,Lancashire Constabulary,Lancashire Constabulary,-3.050040,53.819102,On or near Topping Street,E01012737,Blackpool 010E,Anti-social behaviour,,
,2019-05,Lancashire Constabulary,Lancashire Constabulary,-3.050673,53.820130,On or near Nightclub,E01012737,Blackpool 010E,Anti-social behaviour,,
,2019-05,Lancashire Constabulary,Lancashire Constabulary,-3.045937,53.819030,On or near Caunce Street,E01012737,Blackpool 010E,Anti-social behaviour,,
,2019-05,Lancashire Constabulary,Lancashire Constabulary,-3.055318,53.818786,On or near Talbot Square,E01012737,Blackpool 010E,Anti-social behaviour,,
,2019-05,Lancashire Constabulary,Lancashire Constabulary,-3.048661,53.820462,On or near Parking Area,E01012737,Blackpool 010E,Anti-social behaviour,,
,2019-05,Lancashire Constabulary,Lancashire Constabulary,-3.053636,53.818963,On or near Nightclub,E01012737,Blackpool 010E,Anti-social behaviour,,
,2019-05,Lancashire Constabulary,Lancashire Constabulary,-3.055413,53.817716,On or near Sports/Recreation Area,E01012737,Blackpool 010E,Anti-social behaviour,,
,2019-05,Lancashire Constabulary,Lancashire Constabulary,-3.048287,53.819459,On or near Parking Area,E01012737,Blackpool 010E,Anti-social behaviour,,
,2019-05,Lancashire Constabulary,Lancashire Constabulary,-3.050673,53.820130,On or near Nightclub,E01012737,Blackpool 010E,Anti-social behaviour,,
,2019-05,Lancashire Constabulary,Lancashire Constabulary,-3.046323,53.818703,On or near Shopping Area,E01012737,Blackpool 010E,Anti-social behaviour,,
,2019-05,Lancashire Constabulary,Lancashire Constabulary,-3.055318,53.818786,On or near Talbot Square,E01012737,Blackpool 010E,Anti-social behaviour,,
,2019-05,Lancashire Constabulary,Lancashire Constabulary,-3.053123,53.818473,On or near Cheapside,E01012737,Blackpool 010E,Anti-social behaviour,,
,2019-05,Lancashire Constabulary,Lancashire Constabulary,-3.047613,53.816822,On or near South King Street,E01012737,Blackpool 010E,Anti-social behaviour,,
,2019-05,Lancashire Constabulary,Lancashire Constabulary,-3.046221,53.816403,On or near Regent Road,E01012737,Blackpool 010E,Anti-social behaviour,,
,2019-05,Lancashire Constabulary,Lancashire Constabulary,-3.055413,53.817716,On or near Sports/Recreation Area,E01012737,Blackpool 010E,Anti-social behaviour,,
,2019-05,Lancashire Constabulary,Lancashire Constabulary,-3.055318,53.818786,On or near Talbot Square,E01012737,Blackpool 010E,Anti-social behaviour,,
,2019-05,Lancashire Constabulary,Lancashire Constabulary,-3.049192,53.818615,On or near Winstanley Grove,E01012737,Blackpool 010E,Anti-social behaviour,,
,2019-05,Lancashire Constabulary,Lancashire Constabulary,-3.055190,53.817933,On or near Nightclub,E01012737,Blackpool 010E,Anti-social behaviour,,
,2019-05,Lancashire Constabulary,Lancashire Constabulary,-3.047613,53.816822,On or near South King Street,E01012737,Blackpool 010E,Anti-social behaviour,,
,2019-05,Lancashire Constabulary,Lancashire Constabulary,-3.046323,53.818703,On or near Shopping Area,E01012737,Blackpool 010E,Anti-social behaviour,,
,2019-05,Lancashire Constabulary,Lancashire Constabulary,-3.053123,53.818473,On or near Cheapside,E01012737,Blackpool 010E,Anti-social behaviour,,
,2019-05,Lancashire Constabulary,Lancashire Constabulary,-3.050673,53.820130,On or near Nightclub,E01012737,Blackpool 010E,Anti-social behaviour,,
,2019-05,Lancashire Constabulary,Lancashire Constabulary,-3.055318,53.818786,On or near Talbot Square,E01012737,Blackpool 010E,Anti-social behaviour,,
,2019-05,Lancashire Constabulary,Lancashire Constabulary,-3.046221,53.816403,On or near Regent Road,E01012737,Blackpool 010E,Anti-social behaviour,,
,2019-05,Lancashire Constabulary,Lancashire Constabulary,-3.055318,53.818786,On or near Talbot Square,E01012737,Blackpool 010E,Anti-social behaviour,,
,2019-05,Lancashire Constabulary,Lancashire Constabulary,-3.050673,53.820130,On or near Nightclub,E01012737,Blackpool 010E,Anti-social behaviour,,
,2019-05,Lancashire Constabulary,Lancashire Constabulary,-3.045198,53.820475,On or near Buchanan Street,E01012737,Blackpool 010E,Anti-social behaviour,,
,2019-05,Lancashire Constabulary,Lancashire Constabulary,-3.047890,53.819382,On or near Cookson Street,E01012737,Blackpool 010E,Anti-social behaviour,,
,2019-05,Lancashire Constabulary,Lancashire Constabulary,-3.055318,53.818786,On or near Talbot Square,E01012737,Blackpool 010E,Anti-social behaviour,,
,2019-05,Lancashire Constabulary,Lancashire Constabulary,-3.051284,53.818444,On or near Shopping Area,E01012737,Blackpool 010E,Anti-social behaviour,,
b4c4eee7937cdffd21b99b224bcd697084d4f4b4cfe8ab34da91da16911fb89b,2019-05,Lancashire Constabulary,Lancashire Constabulary,-3.051284,53.818444,On or near Shopping Area,E01012737,Blackpool 010E,Bicycle theft,Status update unavailable,
32fb5280e41c1437546ad302011ee115f7fac9b4f8cac8c25746c4c1d8d579ae,2019-05,Lancashire Constabulary,Lancashire Constabulary,-3.055318,53.818786,On or near Talbot Square,E01012737,Blackpool 010E,Burglary,Status update unavailable,
46db7d6eaa2295c19093c5e9ffc981b7c11f020f5d032dd726dbaa06727b46df,2019-05,Lancashire Constabulary,Lancashire Constabulary,-3.045777,53.819328,On or near Grosvenor Street,E01012737,Blackpool 010E,Criminal damage and arson,Unable to prosecute suspect,
64256754c02f4a9498f5947272e5ead2866db40c8259310ecf6a478883131496,2019-05,Lancashire Constabulary,Lancashire Constabulary,-3.051144,53.819533,On or near Deansgate,E01012737,Blackpool 010E,Criminal damage and arson,Status update unavailable,
1356874a364115a68b76fa51894e66c2880fb37e8483f704cb5edc32f045919a,2019-05,Lancashire Constabulary,Lancashire Constabulary,-3.051284,53.818444,On or near Shopping Area,E01012737,Blackpool 010E,Criminal damage and arson,Status update unavailable,
af33a9f806ad5787b42385f2fb829aa5b016539e0002f0d487d19c316dd08de2,2019-05,Lancashire Constabulary,Lancashire Constabulary,-3.055318,53.818786,On or near Talbot Square,E01012737,Blackpool 010E,Criminal damage and arson,Status update unavailable,
2e77bfa5a97e3142a235c65d074314b7ffdcd62357905a29749120c01893f5d7,2019-05,Lancashire Constabulary,Lancashire Constabulary,-3.050673,53.820130,On or near Nightclub,E01012737,Blackpool 010E,Criminal damage and arson,Status update unavailable,
f711b962cd0adf9de09b21a2c80c32a7151fdbb8f863a14dbf4c2ab8fe138eb3,2019-05,Lancashire Constabulary,Lancashire Constabulary,-3.048851,53.818331,On or near Nightclub,E01012737,Blackpool 010E,Drugs,Offender given a caution,
b3d2a519f9e917bbd1ae5a3c877647e4cd92509505133fb1c1f1eb8f055fafa8,2019-05,Lancashire Constabulary,Lancashire Constabulary,-3.047493,53.821147,On or near Larkhill Street,E01012737,Blackpool 010E,Drugs,Status update unavailable,
3cd4b8ae45be9b987711f238a5b0e6de7048f7d15d79e6270f6d715cc20df658,2019-05,Lancashire Constabulary,Lancashire Constabulary,-3.055190,53.817933,On or near Nightclub,E01012737,Blackpool 010E,Drugs,Status update unavailable,
cf34e636df0decb721b6915b54a92bf12828ac7c8b1c3f362bdc684f59534ae8,2019-05,Lancashire Constabulary,Lancashire Constabulary,-3.055318,53.818786,On or near Talbot Square,E01012737,Blackpool 010E,Drugs,Awaiting court outcome,
b742b77a7fcdf1c696b581e7f30b51931767e11f9a2d19310e6da60963864c14,2019-05,Lancashire Constabulary,Lancashire Constabulary,-3.055318,53.818786,On or near Talbot Square,E01012737,Blackpool 010E,Drugs,Status update unavailable,
a13737f66dabfffcfac996cc269ebf6e8df55ee9e0bcad3f5f221582cbb585ba,2019-05,Lancashire Constabulary,Lancashire Constabulary,-3.050056,53.817916,On or near Church Street,E01012737,Blackpool 010E,Drugs,Status update unavailable,
6ed93e3da1ed06914ab3171841d7822fca1fcdcf5f85e3db2cee91ba37051bd5,2019-05,Lancashire Constabulary,Lancashire Constabulary,-3.047178,53.821284,On or near Parking Area,E01012737,Blackpool 010E,Drugs,Offender fined,
b63d4abe0a3d5a75f0e2750df2db9133dd939bdba8fc332f25ed1a0b93daa6d7,2019-05,Lancashire Constabulary,Lancashire Constabulary,-3.055318,53.818786,On or near Talbot Square,E01012737,Blackpool 010E,Drugs,Awaiting court outcome,
fb4e6b6892b08ccda162496be6084828148eac00eaba937c26b72242e838d80e,2019-05,Lancashire Constabulary,Lancashire Constabulary,-3.043831,53.819246,On or near Peter Street,E01012737,Blackpool 010E,Other theft,Status update unavailable,
2c1c9fcbd9e53a49a334a4520fe0790fa677ff92afe6de428ec974f9240d9dba,2019-05,Lancashire Constabulary,Lancashire Constabulary,-3.047493,53.821147,On or near Larkhill Street,E01012737,Blackpool 010E,Other theft,Status update unavailable,
b648239e895c2a50e0a8cade91ffa4493009f21d48c5d405aa70aef7c6226279,2019-05,Lancashire Constabulary,Lancashire Constabulary,-3.053123,53.818473,On or near Cheapside,E01012737,Blackpool 010E,Other theft,Local resolution,
80246a4fb63f08943a10eb7e2930948d5026a940c6fa0f3f01193961d0a9b28f,2019-05,Lancashire Constabulary,Lancashire Constabulary,-3.053123,53.818473,On or near Cheapside,E01012737,Blackpool 010E,Other theft,Status update unavailable,
1dfea06a2c20150d0192146a75fca81f98bdcfb7b337fd5d796d10b2d45cf392,2019-05,Lancashire Constabulary,Lancashire Constabulary,-3.051284,53.818444,On or near Shopping Area,E01012737,Blackpool 010E,Other theft,Status update unavailable,
5a4b140154e5db4580f3484020e5653621bd533676f7171c66ec2a5ad3a557ab,2019-05,Lancashire Constabulary,Lancashire Constabulary,-3.047493,53.821147,On or near Larkhill Street,E01012737,Blackpool 010E,Other theft,Status update unavailable,
da0cf8b99b0c977edfe25593c406cea2eff122446580ec90fd9d73e8f7f25831,2019-05,Lancashire Constabulary,Lancashire Constabulary,-3.049192,53.818615,On or near Winstanley Grove,E01012737,Blackpool 010E,Other theft,Status update unavailable,
4820a328fb5344d9d110e260cb073a14576af06d8d1eba9635b00579c41085f0,2019-05,Lancashire Constabulary,Lancashire Constabulary,-3.055413,53.817716,On or near Sports/Recreation Area,E01012737,Blackpool 010E,Other theft,Status update unavailable,
5aa1c86c38e212a1dc975eeaff438ff39419c2621cb572a8af062ea64f989132,2019-05,Lancashire Constabulary,Lancashire Constabulary,-3.055413,53.817716,On or near Sports/Recreation Area,E01012737,Blackpool 010E,Other theft,Status update unavailable,
6f740d300d12326605a8f3a90edfb7f9b9d55de82dece4e7f58bc0ab194542a3,2019-05,Lancashire Constabulary,Lancashire Constabulary,-3.048208,53.820583,On or near Swainson Street,E01012737,Blackpool 010E,Other theft,Status update unavailable,
c9a8b494e7d1cab9dd719327561a96e80fe87e364ee2573131fbf1739a74971c,2019-05,Lancashire Constabulary,Lancashire Constabulary,-3.052412,53.819198,On or near Abingdon Street,E01012737,Blackpool 010E,Other theft,Status update unavailable,
2ce2db9b00f521762a86b541cf1357522d691c61deef9060f6cef19653e0d5fc,2019-05,Lancashire Constabulary,Lancashire Constabulary,-3.055318,53.818786,On or near Talbot Square,E01012737,Blackpool 010E,Other theft,Status update unavailable,
08b422f428b0718da9a92a7a23c2c2105bb48e07613e85e88aba5b9318847373,2019-05,Lancashire Constabulary,Lancashire Constabulary,-3.053123,53.818473,On or near Cheapside,E01012737,Blackpool 010E,Other theft,Status update unavailable,
1615a26b57233669cf27a612c869e33a72c2d01c2805685d682f5859788d1042,2019-05,Lancashire Constabulary,Lancashire Constabulary,-3.047890,53.819382,On or near Cookson Street,E01012737,Blackpool 010E,Other theft,Status update unavailable,
18ef34119d701bd8ab788f8bdefea254804cd99cc9ed822885acee4ea8858870,2019-05,Lancashire Constabulary,Lancashire Constabulary,-3.055190,53.817933,On or near Nightclub,E01012737,Blackpool 010E,Other theft,Status update unavailable,
d662affb7906cd7267d7f193a978d67352357af92f22b92d75e292126218505b,2019-05,Lancashire Constabulary,Lancashire Constabulary,-3.055190,53.817933,On or near Nightclub,E01012737,Blackpool 010E,Other theft,Status update unavailable,
a006ec54b34c22ee3fca818981baf4223ae0a325ec80b7f7d3020eb83a363a36,2019-05,Lancashire Constabulary,Lancashire Constabulary,-3.045937,53.819030,On or near Caunce Street,E01012737,Blackpool 010E,Public order,Unable to prosecute suspect,
23da6f0b4612774299fb8086e5c2a75c6008f5bce76e596eb9f9550cea0888df,2019-05,Lancashire Constabulary,Lancashire Constabulary,-3.050056,53.817916,On or near Church Street,E01012737,Blackpool 010E,Public order,Local resolution,
28856109bea2623c833dd253857dc9acf25a5589167d0f2b442834bbbe14b34b,2019-05,Lancashire Constabulary,Lancashire Constabulary,-3.055190,53.817933,On or near Nightclub,E01012737,Blackpool 010E,Public order,Status update unavailable,
02a36d2c6058c5221b52b0f5de9ea3e5485ac8a5d6bfc996fac26d109d9d1f5c,2019-05,Lancashire Constabulary,Lancashire Constabulary,-3.048287,53.819459,On or near Parking Area,E01012737,Blackpool 010E,Public order,Status update unavailable,
12a306fbe083ac3b0507a8d2caed1cfb8926f5de1e7cd0bbcfdedf2e8ac874e1,2019-05,Lancashire Constabulary,Lancashire Constabulary,-3.055318,53.818786,On or near Talbot Square,E01012737,Blackpool 010E,Public order,Action to be taken by another organisation,
873eb6e1e998ac5f3d2e400ff248e94559ce248edca51532cdd90c5119491181,2019-05,Lancashire Constabulary,Lancashire Constabulary,-3.055413,53.817716,On or near Sports/Recreation Area,E01012737,Blackpool 010E,Public order,Status update unavailable,
0f3eb7f5f81c40abf5f486b9c1ff49ccdcd55edfcd45351b95bf799f67ceaee7,2019-05,Lancashire Constabulary,Lancashire Constabulary,-3.053082,53.819282,On or near Parking Area,E01012737,Blackpool 010E,Public order,Further investigation is not in the public interest,
4f4c9c36cd1f59820990ac5abd4b58bde6f7fc1b27819ce4eba16e2334750341,2019-05,Lancashire Constabulary,Lancashire Constabulary,-3.050673,53.820130,On or near Nightclub,E01012737,Blackpool 010E,Public order,Status update unavailable,
5fc16897f73f1fd8f8f95784121f1abca148e70a4720da8855812c4e262f895a,2019-05,Lancashire Constabulary,Lancashire Constabulary,-3.047613,53.816822,On or near South King Street,E01012737,Blackpool 010E,Public order,Unable to prosecute suspect,
bfaaf545a8efc16ed643e55c43e86d6b5bd2c62898b0a9392c60e7d12ceb706d,2019-05,Lancashire Constabulary,Lancashire Constabulary,-3.046221,53.816403,On or near Regent Road,E01012737,Blackpool 010E,Public order,Status update unavailable,
47e41ca77b636708495c741062e80d0bfb0911c57482e110c2a8e1262d4c627f,2019-05,Lancashire Constabulary,Lancashire Constabulary,-3.055413,53.817716,On or near Sports/Recreation Area,E01012737,Blackpool 010E,Public order,Offender given penalty notice,
2ce378857155f35876870fee235b7d2123f6aeb4d0482095a23bdf4ad07c4cba,2019-05,Lancashire Constabulary,Lancashire Constabulary,-3.055413,53.817716,On or near Sports/Recreation Area,E01012737,Blackpool 010E,Public order,Status update unavailable,
d85aa2bfb9c5db3b3bea15b2b777785c324adacf73ffe43b067753ce4ee73a65,2019-05,Lancashire Constabulary,Lancashire Constabulary,-3.047890,53.819382,On or near Cookson Street,E01012737,Blackpool 010E,Public order,Status update unavailable,
f9428a3b540e91e9944816140ac93ba31f12eda68209b03f1036664f536e6556,2019-05,Lancashire Constabulary,Lancashire Constabulary,-3.048851,53.818331,On or near Nightclub,E01012737,Blackpool 010E,Public order,Status update unavailable,
baad914bbd3d9b2f6cf3aa7cd17ad6e5032027b9c609b56d39e76a736bca360f,2019-05,Lancashire Constabulary,Lancashire Constabulary,-3.048851,53.818331,On or near Nightclub,E01012737,Blackpool 010E,Public order,Status update unavailable,
104c7cfe8dfef6eec3fe8f9601140f392f47a32e0b81d476dbc0174140087a42,2019-05,Lancashire Constabulary,Lancashire Constabulary,-3.051284,53.818444,On or near Shopping Area,E01012737,Blackpool 010E,Public order,Status update unavailable,
4f648d93e8673c58e6d6aa3f8b62e5b3d8c395400371e84019ad3674e4d7e26a,2019-05,Lancashire Constabulary,Lancashire Constabulary,-3.048208,53.820583,On or near Swainson Street,E01012737,Blackpool 010E,Public order,Status update unavailable,
a9544f4361249a24aa5e4e748abd040157047a5eb999654317bf855ff83ec1c4,2019-05,Lancashire Constabulary,Lancashire Constabulary,-3.050056,53.817916,On or near Church Street,E01012737,Blackpool 010E,Public order,Awaiting court outcome,
0e107aee0fd9ba2018b1267271eb9164815477dc657094007f6b5de89d89a199,2019-05,Lancashire Constabulary,Lancashire Constabulary,-3.049574,53.819304,On or near East Topping Street,E01012737,Blackpool 010E,Public order,Status update unavailable,
aab8f9abebcfec464afb0c01d0c3faf90b8a7a59386be1023b2834b3a5f17948,2019-05,Lancashire Constabulary,Lancashire Constabulary,-3.051144,53.819533,On or near Deansgate,E01012737,Blackpool 010E,Robbery,Status update unavailable,
542c15802241e12d7e704869c14455c79f7b8376f5ce85c0d51107e47862bc37,2019-05,Lancashire Constabulary,Lancashire Constabulary,-3.053082,53.819282,On or near Parking Area,E01012737,Blackpool 010E,Robbery,Awaiting court outcome,
92c97748bc579ded3ae0942f65729a0c39a5f0226c67f72acb1bce63b8001969,2019-05,Lancashire Constabulary,Lancashire Constabulary,-3.047493,53.821147,On or near Larkhill Street,E01012737,Blackpool 010E,Shoplifting,Awaiting court outcome,
718580ed0d2492759ae57a91427695fdff872306722cdda9ac0ab38ab2be6b70,2019-05,Lancashire Constabulary,Lancashire Constabulary,-3.048208,53.820583,On or near Swainson Street,E01012737,Blackpool 010E,Shoplifting,Status update unavailable,
e7b62a3e5f963a8017aab3f84485ad2430bee13034d0c3b57bd10cbe71855dd2,2019-05,Lancashire Constabulary,Lancashire Constabulary,-3.050056,53.817916,On or near Church Street,E01012737,Blackpool 010E,Shoplifting,Investigation complete; no suspect identified,
3e1ad49f0f3b11dc0746ee711e627f05e189cf98839f7cd23e091cd9f2a0def1,2019-05,Lancashire Constabulary,Lancashire Constabulary,-3.048208,53.820583,On or near Swainson Street,E01012737,Blackpool 010E,Shoplifting,Status update unavailable,
90f9df52698838b3965cdc638d401cf3ad6fdc984f3dc8c6b35cbda925fdca77,2019-05,Lancashire Constabulary,Lancashire Constabulary,-3.048208,53.820583,On or near Swainson Street,E01012737,Blackpool 010E,Shoplifting,Status update unavailable,
2bfde1d1b86823ab632bf5301260502311a47287a970b120108d2446a43093d6,2019-05,Lancashire Constabulary,Lancashire Constabulary,-3.055413,53.817716,On or near Sports/Recreation Area,E01012737,Blackpool 010E,Shoplifting,Status update unavailable,
060625bcfaadb4b0f88d808a166d14bc974a9fbce19190c043d1f213b02b27c0,2019-05,Lancashire Constabulary,Lancashire Constabulary,-3.053123,53.818473,On or near Cheapside,E01012737,Blackpool 010E,Shoplifting,Status update unavailable,
6db987095e8beb008ed28c722a6cd45809aaec409b74ac31489cd9cdaed4da05,2019-05,Lancashire Constabulary,Lancashire Constabulary,-3.051144,53.819533,On or near Deansgate,E01012737,Blackpool 010E,Shoplifting,Status update unavailable,
2ec3d0cf33150628ddb02e7ecb0af2898de28581b303edefea4beecf37d964a3,2019-05,Lancashire Constabulary,Lancashire Constabulary,-3.050196,53.819865,On or near Supermarket,E01012737,Blackpool 010E,Shoplifting,Status update unavailable,
01e22184deeda396828ec31e17a7bc83f2ac767a949c8ce40389221385f7b776,2019-05,Lancashire Constabulary,Lancashire Constabulary,-3.050040,53.819102,On or near Topping Street,E01012737,Blackpool 010E,Shoplifting,Status update unavailable,
af6ae362294f0a51f0c9cc99fa736a6d07a87371131541c890b31c9222b8acc2,2019-05,Lancashire Constabulary,Lancashire Constabulary,-3.055413,53.817716,On or near Sports/Recreation Area,E01012737,Blackpool 010E,Theft from the person,Status update unavailable,
99cf2e43fa52e57914cccd5470b7399bec5a0ac78dcbf138f071b0c13796d034,2019-05,Lancashire Constabulary,Lancashire Constabulary,-3.055318,53.818786,On or near Talbot Square,E01012737,Blackpool 010E,Theft from the person,Status update unavailable,
b85accdd75994450204e240d93a2bdb1bb69b2d65c02882c09b61d2ef3e49094,2019-05,Lancashire Constabulary,Lancashire Constabulary,-3.050040,53.819102,On or near Topping Street,E01012737,Blackpool 010E,Vehicle crime,Status update unavailable,
09c3650a2e7b9d70ce4acbe9560b62399da9d82d6e96053a32dda50f31a3dbca,2019-05,Lancashire Constabulary,Lancashire Constabulary,-3.055413,53.817716,On or near Sports/Recreation Area,E01012737,Blackpool 010E,Vehicle crime,Status update unavailable,
5d4d531bbfa4eec2ca0a3fd49a1d4ff99c1d178b72ea063b22b7ec71364f2076,2019-05,Lancashire Constabulary,Lancashire Constabulary,-3.046323,53.818703,On or near Shopping Area,E01012737,Blackpool 010E,Vehicle crime,Status update unavailable,
4c5a6374a147bfe769a76b8479292ad2498879ad10cba45d6967b417527d4375,2019-05,Lancashire Constabulary,Lancashire Constabulary,-3.047613,53.816822,On or near South King Street,E01012737,Blackpool 010E,Violence and sexual offences,Unable to prosecute suspect,
c45b998043f3024b19cb45ee9987771243dce7cb3d2bfc51c62000e98be9cd33,2019-05,Lancashire Constabulary,Lancashire Constabulary,-3.055318,53.818786,On or near Talbot Square,E01012737,Blackpool 010E,Violence and sexual offences,Status update unavailable,
5ae85d131880a311c0caaaba90b2a9740e4d5d74594c4400685bad94817e8948,2019-05,Lancashire Constabulary,Lancashire Constabulary,-3.047493,53.821147,On or near Larkhill Street,E01012737,Blackpool 010E,Violence and sexual offences,Unable to prosecute suspect,
34ebba260f0b04d5cca53d71eef2f9232318ff1382380965db0494b4ab9d38b6,2019-05,Lancashire Constabulary,Lancashire Constabulary,-3.047890,53.819382,On or near Cookson Street,E01012737,Blackpool 010E,Violence and sexual offences,Status update unavailable,
7eeedec908a0e302f1cf315c51fee4156537bcb4efdb78628d27f1e4f5bc834a,2019-05,Lancashire Constabulary,Lancashire Constabulary,-3.045680,53.816039,On or near Regent Road East,E01012737,Blackpool 010E,Violence and sexual offences,Unable to prosecute suspect,
6357d7af48bfd2a808449d594736a3a1d88af3d409a68a715ed7869e36af133f,2019-05,Lancashire Constabulary,Lancashire Constabulary,-3.047493,53.821147,On or near Larkhill Street,E01012737,Blackpool 010E,Violence and sexual offences,Status update unavailable,
b60e3a3dfa882e4d1841e60e88dc54db3e2acef1fa394aa98425093b6268e2d2,2019-05,Lancashire Constabulary,Lancashire Constabulary,-3.045680,53.816039,On or near Regent Road East,E01012737,Blackpool 010E,Violence and sexual offences,Unable to prosecute suspect,
f319889851be312714faacbf9223fa95edeb5de75e588a59ab573427c4460df3,2019-05,Lancashire Constabulary,Lancashire Constabulary,-3.050040,53.819102,On or near Topping Street,E01012737,Blackpool 010E,Violence and sexual offences,Unable to prosecute suspect,
252f99166066d659ff3332bcf6fc737b823c014de8a87916f224120dd49478b8,2019-05,Lancashire Constabulary,Lancashire Constabulary,-3.046221,53.816403,On or near Regent Road,E01012737,Blackpool 010E,Violence and sexual offences,Unable to prosecute suspect,
e305c809e244fa452098201573af92913836d4b30e9f33550e3caffaf2e96cf9,2019-05,Lancashire Constabulary,Lancashire Constabulary,-3.055190,53.817933,On or near Nightclub,E01012737,Blackpool 010E,Violence and sexual offences,Status update unavailable,
8b316a53e4a62190d2a3d74ce11ac4c0702b44f46ac89f861899b89265275f98,2019-05,Lancashire Constabulary,Lancashire Constabulary,-3.046323,53.818703,On or near Shopping Area,E01012737,Blackpool 010E,Violence and sexual offences,Awaiting court outcome,
42289f6ae338da9fca382e2f435fed8c3c4955de482468c15a2e98c5c5c91a5c,2019-05,Lancashire Constabulary,Lancashire Constabulary,-3.055413,53.817716,On or near Sports/Recreation Area,E01012737,Blackpool 010E,Violence and sexual offences,Offender given a caution,
d7fcd2441d0bbdab7d6282e5a29d89e74d6eb5e924849b65e06a840709b9ae11,2019-05,Lancashire Constabulary,Lancashire Constabulary,-3.046221,53.816403,On or near Regent Road,E01012737,Blackpool 010E,Violence and sexual offences,Unable to prosecute suspect,
cbf889c268f10a06ad9279f31807063c4ebcd6d9bb3aacf6c40d23d86c05fe00,2019-05,Lancashire Constabulary,Lancashire Constabulary,-3.055318,53.818786,On or near Talbot Square,E01012737,Blackpool 010E,Violence and sexual offences,Status update unavailable,
2c7a2e7921b344c865dad2690e40082fdbe1d0a53deab4d84ca4cb95e13a904c,2019-05,Lancashire Constabulary,Lancashire Constabulary,-3.051284,53.818444,On or near Shopping Area,E01012737,Blackpool 010E,Violence and sexual offences,Formal action is not in the public interest,
7952ab540fd6e4cf56e1c442e72d39696b60ffcd35177469749d7b4893d4b2d0,2019-05,Lancashire Constabulary,Lancashire Constabulary,-3.050673,53.820130,On or near Nightclub,E01012737,Blackpool 010E,Violence and sexual offences,Status update unavailable,
caedcfb941a1f31a3d96e9416acdfbddfdb3dee584623767efbc301e65964fbb,2019-05,Lancashire Constabulary,Lancashire Constabulary,-3.044011,53.816728,On or near Raikes Parade,E01012737,Blackpool 010E,Violence and sexual offences,Awaiting court outcome,
747dc2b9fc64ce5e3c9ec0eddcc86091e6f04586b4b943e2ee54c25e5d562352,2019-05,Lancashire Constabulary,Lancashire Constabulary,-3.048592,53.818926,On or near King Street,E01012737,Blackpool 010E,Violence and sexual offences,Unable to prosecute suspect,
2342ffde68aec3c14a1cd5f9c65cdcad484f982ed1429a9896eb4992572d91d8,2019-05,Lancashire Constabulary,Lancashire Constabulary,-3.048851,53.818331,On or near Nightclub,E01012737,Blackpool 010E,Violence and sexual offences,Unable to prosecute suspect,
d9db6796fa899a16a6e57302614ba9ad33963a3d8691c94d8eea3c9c9e1e5f9a,2019-05,Lancashire Constabulary,Lancashire Constabulary,-3.051144,53.819533,On or near Deansgate,E01012737,Blackpool 010E,Violence and sexual offences,Status update unavailable,
facd7ba33ebaf23224964783229cd2198e815602f1fb94408647f88020b3e625,2019-05,Lancashire Constabulary,Lancashire Constabulary,-3.048287,53.819459,On or near Parking Area,E01012737,Blackpool 010E,Violence and sexual offences,Unable to prosecute suspect,
7bf0b8576bf4f68d290e3854770ba58e467d2b2a75f71f318ef4796b82a7f2dd,2019-05,Lancashire Constabulary,Lancashire Constabulary,-3.055190,53.817933,On or near Nightclub,E01012737,Blackpool 010E,Violence and sexual offences,Status update unavailable,
63c6c6ad0c3862218e4df5a00e818d6b3dc24ad7d1393c0b2ac13f35514318a2,2019-05,Lancashire Constabulary,Lancashire Constabulary,-3.048851,53.818331,On or near Nightclub,E01012737,Blackpool 010E,Violence and sexual offences,Status update unavailable,
433115a8151f2d761977e33f102e262d5ab74417010be0b3a6424d99b90bdbb9,2019-05,Lancashire Constabulary,Lancashire Constabulary,-3.055413,53.817716,On or near Sports/Recreation Area,E01012737,Blackpool 010E,Violence and sexual offences,Status update unavailable,
de607e2d8fa85d907801407ce8f631f4b6b1b9cfdb72a724e0ee5bdc6933e06f,2019-05,Lancashire Constabulary,Lancashire Constabulary,-3.055318,53.818786,On or near Talbot Square,E01012737,Blackpool 010E,Violence and sexual offences,Status update unavailable,
3df89f431e09c831cdecfe8f1eb45fdc16cd77876789cdc5a4d1fcd9eed4e2fb,2019-05,Lancashire Constabulary,Lancashire Constabulary,-3.053082,53.819282,On or near Parking Area,E01012737,Blackpool 010E,Violence and sexual offences,Status update unavailable,
cd329b38d3d46596193d3cf2bc0d6a207091dcd89ef8016749e58cfb0d7ad6e8,2019-05,Lancashire Constabulary,Lancashire Constabulary,-3.046323,53.818703,On or near Shopping Area,E01012737,Blackpool 010E,Violence and sexual offences,Status update unavailable,
4bc691308364a265467853d549e0c48539b0b0d68d085b9ebacab584ed94cae4,2019-05,Lancashire Constabulary,Lancashire Constabulary,-3.046323,53.818703,On or near Shopping Area,E01012737,Blackpool 010E,Violence and sexual offences,Unable to prosecute suspect,
aa0f9dacce9bc347f770ab731319cf99e50f215442e16becee2547b5ff4f2666,2019-05,Lancashire Constabulary,Lancashire Constabulary,-3.055190,53.817933,On or near Nightclub,E01012737,Blackpool 010E,Violence and sexual offences,Status update unavailable,
e3806804937dd2bdc79d46aed10bfba937caa88ddafe9c6de84d30976936a2d6,2019-05,Lancashire Constabulary,Lancashire Constabulary,-3.055413,53.817716,On or near Sports/Recreation Area,E01012737,Blackpool 010E,Violence and sexual offences,Status update unavailable,
b61fa3e86e3cbd2673857d67b4d6a65865590f20fb7ad53f9ff041718f8b57b6,2019-05,Lancashire Constabulary,Lancashire Constabulary,-3.055318,53.818786,On or near Talbot Square,E01012737,Blackpool 010E,Violence and sexual offences,Status update unavailable,
2d3e225c717bb643ebc58ae2eb4cc960e77a5443093b137614c824b59b2338ac,2019-05,Lancashire Constabulary,Lancashire Constabulary,-3.045198,53.820475,On or near Buchanan Street,E01012737,Blackpool 010E,Violence and sexual offences,Further investigation is not in the public interest,
e417d35127867fc8922d942089fb2ecd28a9895f2dd1b0a652c69865fa7932d8,2019-05,Lancashire Constabulary,Lancashire Constabulary,-3.043681,53.818726,On or near Parker Street,E01012737,Blackpool 010E,Violence and sexual offences,Unable to prosecute suspect,
48aea4c97e62082f50427c9b5ec6aa867fcc529be923438e280064a41e20f743,2019-05,Lancashire Constabulary,Lancashire Constabulary,-3.046323,53.818703,On or near Shopping Area,E01012737,Blackpool 010E,Violence and sexual offences,Unable to prosecute suspect,
1cde4d0912af6f8316860101b5919de128cbec789fe8db09088fe9e4ddb4f0d9,2019-05,Lancashire Constabulary,Lancashire Constabulary,-3.047890,53.819382,On or near Cookson Street,E01012737,Blackpool 010E,Violence and sexual offences,Status update unavailable,
ecc8517f5abe718eb29c2649149fdfd31276a93ecf8fc6cd33452a43efdbe7f5,2019-05,Lancashire Constabulary,Lancashire Constabulary,-3.055318,53.818786,On or near Talbot Square,E01012737,Blackpool 010E,Violence and sexual offences,Status update unavailable,
38f52662363406e067fd3bf465b8cdb76691e897ea890790c612530c17d7a6a2,2019-05,Lancashire Constabulary,Lancashire Constabulary,-3.046221,53.816403,On or near Regent Road,E01012737,Blackpool 010E,Violence and sexual offences,Status update unavailable,
bd26d22690ab2bf7387af139fd43cb0fe5676118fff0d1fdf280d52efe007c64,2019-05,Lancashire Constabulary,Lancashire Constabulary,-3.047890,53.819382,On or near Cookson Street,E01012737,Blackpool 010E,Violence and sexual offences,Status update unavailable,
d60f6e081416dcc5788c564465975af4bf46b1bb38d29d1f87f09d0600bf39bb,2019-05,Lancashire Constabulary,Lancashire Constabulary,-3.055190,53.817933,On or near Nightclub,E01012737,Blackpool 010E,Violence and sexual offences,Status update unavailable,
6e14e0c5e5542982d34fcfb335cc859beb9412ffa142661d7f4cdf124ac6ea60,2019-05,Lancashire Constabulary,Lancashire Constabulary,-3.047890,53.819382,On or near Cookson Street,E01012737,Blackpool 010E,Violence and sexual offences,Status update unavailable,
7f3133353a8554fa1c5cf04f665ff30c65687c2e2a4dec593cc75ba22d963c61,2019-05,Lancashire Constabulary,Lancashire Constabulary,-3.055318,53.818786,On or near Talbot Square,E01012737,Blackpool 010E,Violence and sexual offences,Status update unavailable,
be1c5c4176bd911f249888c7e7ddfc4468cb57459a9064cab35f48cba427124b,2019-05,Lancashire Constabulary,Lancashire Constabulary,-3.046323,53.818703,On or near Shopping Area,E01012737,Blackpool 010E,Violence and sexual offences,Status update unavailable,
85eab2144c0f98002c8139870241618d24079d002fd9bf681afccac32e5309f0,2019-05,Lancashire Constabulary,Lancashire Constabulary,-3.047771,53.820102,On or near George Street,E01012737,Blackpool 010E,Violence and sexual offences,Status update unavailable,
6604bae2ad0aa6aaee962e90d59b8aaf888c0715db41abc8366bf99a05655e9a,2019-05,Lancashire Constabulary,Lancashire Constabulary,-3.055413,53.817716,On or near Sports/Recreation Area,E01012737,Blackpool 010E,Violence and sexual offences,Status update unavailable,
c78f2fd030f396b7099aed0f824f31946d1cb8509a6562ab913876c5ecaf7926,2019-05,Lancashire Constabulary,Lancashire Constabulary,-3.048592,53.818926,On or near King Street,E01012737,Blackpool 010E,Violence and sexual offences,Status update unavailable,
af88d4395a35efb18f0beb266cf256f0b4125ee7189056e68a35546a58abc7d5,2019-05,Lancashire Constabulary,Lancashire Constabulary,-3.055190,53.817933,On or near Nightclub,E01012737,Blackpool 010E,Violence and sexual offences,Status update unavailable,
8c85145f5b2d2d65c900ad81c2c606830f86d2c6f89b90fe9c9e67707488136d,2019-05,Lancashire Constabulary,Lancashire Constabulary,-3.048851,53.818331,On or near Nightclub,E01012737,Blackpool 010E,Violence and sexual offences,Status update unavailable,
48654b34ab7f26278909a639e1bc1e4e25141d9a6ff88ee03a8d028ffa216297,2019-05,Lancashire Constabulary,Lancashire Constabulary,-3.055413,53.817716,On or near Sports/Recreation Area,E01012737,Blackpool 010E,Violence and sexual offences,Status update unavailable,
574e75d33d98fca584ca75192f929870533c73b78e561804f93c46ccb4b31a3b,2019-05,Lancashire Constabulary,Lancashire Constabulary,-3.045777,53.819328,On or near Grosvenor Street,E01012737,Blackpool 010E,Violence and sexual offences,Action to be taken by another organisation,
5362ebfcb8a47678435c407143b115d8e97b11e0facf0c78121ead2521c42228,2019-05,Lancashire Constabulary,Lancashire Constabulary,-3.047771,53.820102,On or near George Street,E01012737,Blackpool 010E,Violence and sexual offences,Unable to prosecute suspect,
e9fb0d2e53785cbc19888bb9990277efcdf530481752fe6b03301fde2330566d,2019-05,Lancashire Constabulary,Lancashire Constabulary,-3.055190,53.817933,On or near Nightclub,E01012737,Blackpool 010E,Violence and sexual offences,Awaiting court outcome,
942de83825533539e402bbd87b8685ade58811e0eee22a7c66ed037d20f2e86a,2019-05,Lancashire Constabulary,Lancashire Constabulary,-3.055318,53.818786,On or near Talbot Square,E01012737,Blackpool 010E,Other crime,Unable to prosecute suspect,
,2019-05,Lancashire Constabulary,Lancashire Constabulary,-3.046340,53.812061,On or near Ribble Road,E01012670,Blackpool 011A,Anti-social behaviour,,
,2019-05,Lancashire Constabulary,Lancashire Constabulary,-3.046340,53.812061,On or near Ribble Road,E01012670,Blackpool 011A,Anti-social behaviour,,
,2019-05,Lancashire Constabulary,Lancashire Constabulary,-3.044032,53.811452,On or near Anderson Street,E01012670,Blackpool 011A,Anti-social behaviour,,
,2019-05,Lancashire Constabulary,Lancashire Constabulary,-3.044322,53.813355,On or near Palatine Road,E01012670,Blackpool 011A,Anti-social behaviour,,
,2019-05,Lancashire Constabulary,Lancashire Constabulary,-3.044032,53.811452,On or near Anderson Street,E01012670,Blackpool 011A,Anti-social behaviour,,
,2019-05,Lancashire Constabulary,Lancashire Constabulary,-3.044564,53.809640,On or near Ashton Road,E01012670,Blackpool 011A,Anti-social behaviour,,
,2019-05,Lancashire Constabulary,Lancashire Constabulary,-3.044389,53.810568,On or near Harrison Street,E01012670,Blackpool 011A,Anti-social behaviour,,
,2019-05,Lancashire Constabulary,Lancashire Constabulary,-3.043941,53.810859,On or near Freckleton Street,E01012670,Blackpool 011A,Anti-social behaviour,,
,2019-05,Lancashire Constabulary,Lancashire Constabulary,-3.043660,53.811167,On or near Orme Street,E01012670,Blackpool 011A,Anti-social behaviour,,
,2019-05,Lancashire Constabulary,Lancashire Constabulary,-3.044564,53.809640,On or near Ashton Road,E01012670,Blackpool 011A,Anti-social behaviour,,
,2019-05,Lancashire Constabulary,Lancashire Constabulary,-3.043660,53.811167,On or near Orme Street,E01012670,Blackpool 011A,Anti-social behaviour,,
,2019-05,Lancashire Constabulary,Lancashire Constabulary,-3.043660,53.811167,On or near Orme Street,E01012670,Blackpool 011A,Anti-social behaviour,,
db1994397b3fbcfd1cef281996bd4c75243afa4387daf7ee5858a12b0201dae4,2019-05,Lancashire Constabulary,Lancashire Constabulary,-3.043243,53.810865,On or near Jameson Street,E01012670,Blackpool 011A,Burglary,Status update unavailable,
676fd6b95884266617cafaa58d36972e680c575f7001b9eb7c4d7eb6fcfd2c20,2019-05,Lancashire Constabulary,Lancashire Constabulary,-3.044564,53.809640,On or near Ashton Road,E01012670,Blackpool 011A,Burglary,Status update unavailable,
15f15af1030f4261aadeec4b9973436f3cbc108bc905efe9b65cc1333204ba4a,2019-05,Lancashire Constabulary,Lancashire Constabulary,-3.044322,53.813355,On or near Palatine Road,E01012670,Blackpool 011A,Criminal damage and arson,Status update unavailable,
c08147e60c40afb557c63789602add50b82ec31686431443b03cf468803f0110,2019-05,Lancashire Constabulary,Lancashire Constabulary,-3.044322,53.813355,On or near Palatine Road,E01012670,Blackpool 011A,Criminal damage and arson,Status update unavailable,
008feb9e28a19f0216b86e34b651cd6030f1755cedc0bd04c838fdf510b6755e,2019-05,Lancashire Constabulary,Lancashire Constabulary,-3.046340,53.812061,On or near Ribble Road,E01012670,Blackpool 011A,Criminal damage and arson,Status update unavailable,
1cf5b6c94412e6706c9a5b272cd9d16f529e3a0fc5f639cd70603f261e564a1a,2019-05,Lancashire Constabulary,Lancashire Constabulary,-3.043243,53.810865,On or near Jameson Street,E01012670,Blackpool 011A,Criminal damage and arson,Status update unavailable,
8abaa8e3c8e7395029299e7711bb4f84e092db8c70148bfc214e1590702cd3b2,2019-05,Lancashire Constabulary,Lancashire Constabulary,-3.043660,53.811167,On or near Orme Street,E01012670,Blackpool 011A,Criminal damage and arson,Status update unavailable,
934a94d59d706dd4e210e2349f770b397374253f51ca40c84e3251984eed9fc2,2019-05,Lancashire Constabulary,Lancashire Constabulary,-3.043660,53.811167,On or near Orme Street,E01012670,Blackpool 011A,Criminal damage and arson,Status update unavailable,
4dde609bb600b34be2edaf38f1a4c18bd286998cdbbb7e4f3cbb47a3d64bcb5d,2019-05,Lancashire Constabulary,Lancashire Constabulary,-3.044564,53.809640,On or near Ashton Road,E01012670,Blackpool 011A,Criminal damage and arson,Awaiting court outcome,
665bc9572353ef5ed75bfb8ea7712a5c0716d3504d190e4c6b0fde296c4729f6,2019-05,Lancashire Constabulary,Lancashire Constabulary,-3.044322,53.813355,On or near Palatine Road,E01012670,Blackpool 011A,Drugs,Awaiting court outcome,
d5a68f7422cb36d832d5c99b2a72c33e1e7d2e0b08c60c66e449555aa7aefc7a,2019-05,Lancashire Constabulary,Lancashire Constabulary,-3.043660,53.811167,On or near Orme Street,E01012670,Blackpool 011A,Other theft,Status update unavailable,
c160193d7cf586642e589348cd9c8a50c9776e910bb93f05c02461f4a7855fd8,2019-05,Lancashire Constabulary,Lancashire Constabulary,-3.044032,53.811452,On or near Anderson Street,E01012670,Blackpool 011A,Other theft,Status update unavailable,
f737c59a9ec86908f68a7caf0dc118692e33e38718bfcf63bdf67e9fd2782597,2019-05,Lancashire Constabulary,Lancashire Constabulary,-3.045450,53.809237,On or near Grasmere Road,E01012670,Blackpool 011A,Other theft,Status update unavailable,
664bd1348801c8efb74e655640b0aab6879477acfae3e7199b751c74fb1d8a7c,2019-05,Lancashire Constabulary,Lancashire Constabulary,-3.046340,53.812061,On or near Ribble Road,E01012670,Blackpool 011A,Public order,Further investigation is not in the public interest,
47717962d77565e5f012af57b8fd255b907c627a013fc760555b4ac19741739b,2019-05,Lancashire Constabulary,Lancashire Constabulary,-3.043941,53.810859,On or near Freckleton Street,E01012670,Blackpool 011A,Public order,Status update unavailable,
942e0e2b7687922764219b0da119ce8d4b672c17801cbe5fdcd9d91eaccffe52,2019-05,Lancashire Constabulary,Lancashire Constabulary,-3.046340,53.812061,On or near Ribble Road,E01012670,Blackpool 011A,Public order,Status update unavailable,
be8b4aa3817682a2274203da403609d54c03f07112cfc24053542ca83d6c5e69,2019-05,Lancashire Constabulary,Lancashire Constabulary,-3.044032,53.811452,On or near Anderson Street,E01012670,Blackpool 011A,Public order,Unable to prosecute suspect,
66978c7bfa5e849d82e426fba44965ca0c707f1ceecb59d68d06d2c966619358,2019-05,Lancashire Constabulary,Lancashire Constabulary,-3.044032,53.811452,On or near Anderson Street,E01012670,Blackpool 011A,Public order,Status update unavailable,
a09b3e954f37cb49647e05201dd6e2de3140210d61bdc8731471315e5d7dddac,2019-05,Lancashire Constabulary,Lancashire Constabulary,-3.044322,53.813355,On or near Palatine Road,E01012670,Blackpool 011A,Public order,Status update unavailable,
68959de06e47b277bac4f920ac2a9134c60b1cb51988d923772a363007b9eea8,2019-05,Lancashire Constabulary,Lancashire Constabulary,-3.044564,53.809640,On or near Ashton Road,E01012670,Blackpool 011A,Vehicle crime,Status update unavailable,
fb47d3a8bf08969d7ddddb51c0bbf85da7a48b56ac2cf1e25c7f22939da2dc11,2019-05,Lancashire Constabulary,Lancashire Constabulary,-3.044564,53.809640,On or near Ashton Road,E01012670,Blackpool 011A,Violence and sexual offences,Awaiting court outcome,
eb4e2a1bf8419c00609620f81dbe7480bdad65448c87b2c5bff0f5692a10931f,2019-05,Lancashire Constabulary,Lancashire Constabulary,-3.046340,53.812061,On or near Ribble Road,E01012670,Blackpool 011A,Violence and sexual offences,Unable to prosecute suspect,
44ecf9da5babbcda4394ac7ddf418415e748b30994d01b2e6fba4ba25e7c9b59,2019-05,Lancashire Constabulary,Lancashire Constabulary,-3.044389,53.810568,On or near Harrison Street,E01012670,Blackpool 011A,Violence and sexual offences,Unable to prosecute suspect,
60360966c737ac83cfedef3bf3bb0cac5d31348ec621167b617cdbd20384c2d7,2019-05,Lancashire Constabulary,Lancashire Constabulary,-3.044564,53.809640,On or near Ashton Road,E01012670,Blackpool 011A,Violence and sexual offences,Status update unavailable,
43cd9249ca8a5f5e8011d07429c1519441e588d6432b2731fa3666d2e7df6b5b,2019-05,Lancashire Constabulary,Lancashire Constabulary,-3.044322,53.813355,On or near Palatine Road,E01012670,Blackpool 011A,Violence and sexual offences,Status update unavailable,
e05590fbf6a0fb38a141382c3ae64b6401b3de376779bf88257beff5b322bd08,2019-05,Lancashire Constabulary,Lancashire Constabulary,-3.043660,53.811167,On or near Orme Street,E01012670,Blackpool 011A,Violence and sexual offences,Further investigation is not in the public interest,
aa3323f042f1809858378f3b600de62d34128cb233dcab8253c82210ff1de15c,2019-05,Lancashire Constabulary,Lancashire Constabulary,-3.043660,53.811167,On or near Orme Street,E01012670,Blackpool 011A,Violence and sexual offences,Status update unavailable,
1e59d418d163fd2b946f47ff59b3d40af42c711fcb0c36671ac5aab2acd6f47a,2019-05,Lancashire Constabulary,Lancashire Constabulary,-3.044564,53.809640,On or near Ashton Road,E01012670,Blackpool 011A,Violence and sexual offences,Status update unavailable,
20d48bdad1d8d97fcf37559fadf28cea40d3acb7fb05c45ab6221ad95a31000f,2019-05,Lancashire Constabulary,Lancashire Constabulary,-3.045666,53.809388,On or near Grasmere Road,E01012670,Blackpool 011A,Violence and sexual offences,Unable to prosecute suspect,
07df3ac5de680245a847efc4150f9b51e84feaa179aaaab3f11f49f291bb3bc5,2019-05,Lancashire Constabulary,Lancashire Constabulary,-3.043660,53.811167,On or near Orme Street,E01012670,Blackpool 011A,Violence and sexual offences,Status update unavailable,
5a895401fab2dee441c97664ccf7498ca1e296b349207205f654ccda54008729,2019-05,Lancashire Constabulary,Lancashire Constabulary,-3.043660,53.811167,On or near Orme Street,E01012670,Blackpool 011A,Violence and sexual offences,Further investigation is not in the public interest,
,2019-05,Lancashire Constabulary,Lancashire Constabulary,-3.036684,53.816477,On or near Supermarket,E01012733,Blackpool 011B,Anti-social behaviour,,
,2019-05,Lancashire Constabulary,Lancashire Constabulary,-3.037940,53.814462,On or near Gainsborough Road,E01012733,Blackpool 011B,Anti-social behaviour,,
,2019-05,Lancashire Constabulary,Lancashire Constabulary,-3.036684,53.816477,On or near Supermarket,E01012733,Blackpool 011B,Anti-social behaviour,,
,2019-05,Lancashire Constabulary,Lancashire Constabulary,-3.036684,53.816477,On or near Supermarket,E01012733,Blackpool 011B,Anti-social behaviour,,
,2019-05,Lancashire Constabulary,Lancashire Constabulary,-3.037058,53.813166,On or near St Alban'S Road,E01012733,Blackpool 011B,Anti-social behaviour,,
021c39823b988f3a268c3c249654ab0c72a3d0c9767b92595f2cfb68b9ea9efb,2019-05,Lancashire Constabulary,Lancashire Constabulary,-3.036684,53.816477,On or near Supermarket,E01012733,Blackpool 011B,Criminal damage and arson,Status update unavailable,
d6190705619858c94bbdcbfcd36ef4dfec5925646aa9d8c37d625e3eaa716e5a,2019-05,Lancashire Constabulary,Lancashire Constabulary,-3.036684,53.816477,On or near Supermarket,E01012733,Blackpool 011B,Criminal damage and arson,Status update unavailable,
b14e54292f87b986e10aba414cd7a12c51491a49504aefb23e31ee138b6642e2,2019-05,Lancashire Constabulary,Lancashire Constabulary,-3.037940,53.814462,On or near Gainsborough Road,E01012733,Blackpool 011B,Public order,Status update unavailable,
9ef7b7aa940edb50d9ede8510452304611bff5e2eabd0cc1af57d468aa78d899,2019-05,Lancashire Constabulary,Lancashire Constabulary,-3.036684,53.816477,On or near Supermarket,E01012733,Blackpool 011B,Shoplifting,Unable to prosecute suspect,
586c2f85219372b16e306767f4efaea4a7a29414d74b6ad8de150ca318f6d725,2019-05,Lancashire Constabulary,Lancashire Constabulary,-3.036684,53.816477,On or near Supermarket,E01012733,Blackpool 011B,Shoplifting,Awaiting court outcome,
27516d7f53c906cd701a3a4ff1d767255e012201a97e00fb88db2234aae8b6ed,2019-05,Lancashire Constabulary,Lancashire Constabulary,-3.037058,53.813166,On or near St Alban'S Road,E01012733,Blackpool 011B,Vehicle crime,Status update unavailable,
e7870d83583b76fbe005ef3f684770ce7bf11d066855146466c3275e955d0910,2019-05,Lancashire Constabulary,Lancashire Constabulary,-3.036684,53.816477,On or near Supermarket,E01012733,Blackpool 011B,Violence and sexual offences,Unable to prosecute suspect,
4df2cec306218dacda792f63a787a87e48d2c63468d25537dd3415c9b4b5a854,2019-05,Lancashire Constabulary,Lancashire Constabulary,-3.037940,53.814462,On or near Gainsborough Road,E01012733,Blackpool 011B,Violence and sexual offences,Unable to prosecute suspect,
2dae66fcbc41f4c0ba9c98ab175eb9b446272ae6882eade7d95464fa5da5e9be,2019-05,Lancashire Constabulary,Lancashire Constabulary,-3.037940,53.814462,On or near Gainsborough Road,E01012733,Blackpool 011B,Violence and sexual offences,Unable to prosecute suspect,
4d657e4eca2320f474ebb47b17eff08792fe4b5e7bef69a7480fea419102588e,2019-05,Lancashire Constabulary,Lancashire Constabulary,-3.037940,53.814462,On or near Gainsborough Road,E01012733,Blackpool 011B,Violence and sexual offences,Further investigation is not in the public interest,
5a6841b9ea91be5a69f58780d048f2b4a4286a2a8b7403a30cc2f81b0f17af42,2019-05,Lancashire Constabulary,Lancashire Constabulary,-3.037565,53.814051,On or near Manor Road,E01012733,Blackpool 011B,Violence and sexual offences,Unable to prosecute suspect,
50eab18b12ddc0792f8464fc69b8a7ec4a5f494978fe3cd97a84cded93747353,2019-05,Lancashire Constabulary,Lancashire Constabulary,-3.036684,53.816477,On or near Supermarket,E01012733,Blackpool 011B,Violence and sexual offences,Unable to prosecute suspect,
be08df7e4b4fed17cc7ad32cb7e069316e22c2e8c05e0382d30bba0f63ea33c0,2019-05,Lancashire Constabulary,Lancashire Constabulary,-3.037940,53.814462,On or near Gainsborough Road,E01012733,Blackpool 011B,Violence and sexual offences,Unable to prosecute suspect,
e0c43dd71f191b3a2936d3ff8d619af7b19815c95e46de785a90335b7cee8699,2019-05,Lancashire Constabulary,Lancashire Constabulary,-3.037058,53.813166,On or near St Alban'S Road,E01012733,Blackpool 011B,Violence and sexual offences,Unable to prosecute suspect,
9ede5c3ebce847753456834d692244de98065e5f77a32ca1fdd9c2db8b456475,2019-05,Lancashire Constabulary,Lancashire Constabulary,-3.037940,53.814462,On or near Gainsborough Road,E01012733,Blackpool 011B,Violence and sexual offences,Unable to prosecute suspect,
4b16a35073c71cc23f3743a3efc681e56997c36f2f21cfe8fb7202f3bfb88f7e,2019-05,Lancashire Constabulary,Lancashire Constabulary,-3.037940,53.814462,On or near Gainsborough Road,E01012733,Blackpool 011B,Violence and sexual offences,Status update unavailable,
720b29d348fc4b24416be5bb3ef35ccb2c2805a6d221aae65e3f8c6dc751310c,2019-05,Lancashire Constabulary,Lancashire Constabulary,-3.036684,53.816477,On or near Supermarket,E01012733,Blackpool 011B,Violence and sexual offences,Unable to prosecute suspect,
,2019-05,Lancashire Constabulary,Lancashire Constabulary,-3.032825,53.813984,On or near Gorse Road,E01012734,Blackpool 011C,Anti-social behaviour,,
,2019-05,Lancashire Constabulary,Lancashire Constabulary,-3.035215,53.815456,On or near Lyceum Avenue,E01012734,Blackpool 011C,Anti-social behaviour,,
,2019-05,Lancashire Constabulary,Lancashire Constabulary,-3.033804,53.813014,On or near Glen Street,E01012734,Blackpool 011C,Anti-social behaviour,,
5c3d74b60dcb15b86e0d4b23f1a7c15314970e9f5123c4b1b852fd40a7110dfe,2019-05,Lancashire Constabulary,Lancashire Constabulary,-3.033347,53.813584,On or near Lever Street,E01012734,Blackpool 011C,Criminal damage and arson,Status update unavailable,
ff8bbcf2421b6e780d603b3d9c60c3cfb280d3dbf7125d5c832939d12f7574da,2019-05,Lancashire Constabulary,Lancashire Constabulary,-3.033752,53.815235,On or near Breck Road,E01012734,Blackpool 011C,Other theft,Status update unavailable,
e8d6128cc95876d4e5cc676efa2a905ec03a44271894c9ed35bf681b505625fd,2019-05,Lancashire Constabulary,Lancashire Constabulary,-3.035304,53.814727,On or near Supermarket,E01012734,Blackpool 011C,Public order,Status update unavailable,
db85f44da5f24a03bb370e78f44ee4118a8963b709ea38c9fa11a4461589499d,2019-05,Lancashire Constabulary,Lancashire Constabulary,-3.032222,53.812929,On or near Woodland Grove,E01012734,Blackpool 011C,Public order,Status update unavailable,
95047b2a0a6bb82d723c56598b4d9325bfccc9bdf983d0344cadedce65da6197,2019-05,Lancashire Constabulary,Lancashire Constabulary,-3.033752,53.815235,On or near Breck Road,E01012734,Blackpool 011C,Vehicle crime,Status update unavailable,
,2019-05,Lancashire Constabulary,Lancashire Constabulary,-3.042288,53.809741,On or near Fern Grove,E01012738,Blackpool 011D,Anti-social behaviour,,
,2019-05,Lancashire Constabulary,Lancashire Constabulary,-3.042288,53.809741,On or near Fern Grove,E01012738,Blackpool 011D,Anti-social behaviour,,
,2019-05,Lancashire Constabulary,Lancashire Constabulary,-3.042718,53.809935,On or near Keswick Road,E01012738,Blackpool 011D,Anti-social behaviour,,
,2019-05,Lancashire Constabulary,Lancashire Constabulary,-3.042673,53.812389,On or near Park Road,E01012738,Blackpool 011D,Anti-social behaviour,,
,2019-05,Lancashire Constabulary,Lancashire Constabulary,-3.042673,53.812389,On or near Park Road,E01012738,Blackpool 011D,Anti-social behaviour,,
,2019-05,Lancashire Constabulary,Lancashire Constabulary,-3.040640,53.807580,On or near Levens Grove,E01012738,Blackpool 011D,Anti-social behaviour,,
6d428d7bf29d4897c577cd3763957f032cbb9ef6b576563453f8500e0016a301,2019-05,Lancashire Constabulary,Lancashire Constabulary,-3.042288,53.809741,On or near Fern Grove,E01012738,Blackpool 011D,Burglary,Status update unavailable,
a886a667fbb1ceff8775f385466dff3a9d40e13af252e46de34c9d0cef098676,2019-05,Lancashire Constabulary,Lancashire Constabulary,-3.042288,53.809741,On or near Fern Grove,E01012738,Blackpool 011D,Drugs,Status update unavailable,
89fc0bbd7a451d698b8b4e0b44d599e88ac56805d27bfcc623777b156a8bac5f,2019-05,Lancashire Constabulary,Lancashire Constabulary,-3.042288,53.809741,On or near Fern Grove,E01012738,Blackpool 011D,Other theft,Status update unavailable,
af65445565e09c65b718239c0f0aba3abb5e5e614376d55a697da029b56505ce,2019-05,Lancashire Constabulary,Lancashire Constabulary,-3.042718,53.809935,On or near Keswick Road,E01012738,Blackpool 011D,Vehicle crime,Status update unavailable,
ce2dde3f8d3c729f873a245fb473d7c870ce06da3f864a6d814994afb96088ec,2019-05,Lancashire Constabulary,Lancashire Constabulary,-3.043350,53.810280,On or near Ashton Road,E01012738,Blackpool 011D,Violence and sexual offences,Further investigation is not in the public interest,
cee2f0c695684a90e6b0612a42b6c0454921860d3d25a1d26605c3f91d2fb245,2019-05,Lancashire Constabulary,Lancashire Constabulary,-3.042288,53.809741,On or near Fern Grove,E01012738,Blackpool 011D,Violence and sexual offences,Status update unavailable,
dd01121485c80f039e6594c0a09dee03c4751486d338d66216809263811a6c71,2019-05,Lancashire Constabulary,Lancashire Constabulary,-3.043350,53.810280,On or near Ashton Road,E01012738,Blackpool 011D,Violence and sexual offences,Unable to prosecute suspect,
fe1a8829a8d628402b7b69a5ecf2d0e27a408f1e29febc2b1cbe67b8cf12f5e9,2019-05,Lancashire Constabulary,Lancashire Constabulary,-3.041056,53.809042,On or near Lune Grove,E01012738,Blackpool 011D,Violence and sexual offences,Status update unavailable,
a6a02011b7d2488f17cf3c8caa2d52ab47aad413b011fb6712e65e30e67a5591,2019-05,Lancashire Constabulary,Lancashire Constabulary,-3.041649,53.807850,On or near Wyre Grove,E01012738,Blackpool 011D,Violence and sexual offences,Unable to prosecute suspect,
a328b3bd2a68dcdb648734f695869fb7d930acfb44b8e77c1937701c7fc8c0f3,2019-05,Lancashire Constabulary,Lancashire Constabulary,-3.041056,53.809042,On or near Lune Grove,E01012738,Blackpool 011D,Violence and sexual offences,Status update unavailable,
51b3ee50f00dcb38eac6d609704b337bf18f983de33996c89adb36d625b14a41,2019-05,Lancashire Constabulary,Lancashire Constabulary,-3.042718,53.809935,On or near Keswick Road,E01012738,Blackpool 011D,Violence and sexual offences,Unable to prosecute suspect,
256a422e4a1f0d4aec7d7efef8ea2f30f54473eca58e46da56aeef28dd81773b,2019-05,Lancashire Constabulary,Lancashire Constabulary,-3.043350,53.810280,On or near Ashton Road,E01012738,Blackpool 011D,Violence and sexual offences,Awaiting court outcome,
0bfe9d66a4b7ce4fcf3161427d54a027dd61f17650f9165a3d7bb2658fc3b25b,2019-05,Lancashire Constabulary,Lancashire Constabulary,-3.041056,53.809042,On or near Lune Grove,E01012738,Blackpool 011D,Violence and sexual offences,Unable to prosecute suspect,
3623a03105d1c3d50ee3548df220d2fcbb5c6d584e3822e08db070333349f427,2019-05,Lancashire Constabulary,Lancashire Constabulary,-3.042718,53.809935,On or near Keswick Road,E01012738,Blackpool 011D,Violence and sexual offences,Status update unavailable,
ca43679648698fa368e560faa6e18198e22738cf2bac1832af5c65e550f8674e,2019-05,Lancashire Constabulary,Lancashire Constabulary,-3.041649,53.807850,On or near Wyre Grove,E01012738,Blackpool 011D,Violence and sexual offences,Unable to prosecute suspect,
07b0fe8279b2fff9d33c175cbdb9ffab2d5a2019646a2118ef2ba7a1d6dc13b2,2019-05,Lancashire Constabulary,Lancashire Constabulary,-3.041056,53.809042,On or near Lune Grove,E01012738,Blackpool 011D,Violence and sexual offences,Status update unavailable,
655f2bb3269c2cfd2479597585c186283aaa8eaf1b370772d3f5e15f40f60303,2019-05,Lancashire Constabulary,Lancashire Constabulary,-3.043350,53.810280,On or near Ashton Road,E01012738,Blackpool 011D,Other crime,Investigation complete; no suspect identified,
,2019-05,Lancashire Constabulary,Lancashire Constabulary,-3.034315,53.806655,On or near Cunliffe Road,E01012739,Blackpool 011E,Anti-social behaviour,,
b07818c829109ede5945b5622b1943899b96d0740d9dacb4ebe08fb6270ccefd,2019-05,Lancashire Constabulary,Lancashire Constabulary,-3.039844,53.806104,On or near B5261,E01012739,Blackpool 011E,Criminal damage and arson,Status update unavailable,
0b5f5271fd76bfc25e79e4527fc883eb35814e52fccc0bff59a5594d363509c6,2019-05,Lancashire Constabulary,Lancashire Constabulary,-3.039536,53.808983,On or near Jeffrey Square,E01012739,Blackpool 011E,Criminal damage and arson,Status update unavailable,
fe64cf1f49bf2f7788aa24f45b732babf07963b89dca7187b1c7df43ba5ef382,2019-05,Lancashire Constabulary,Lancashire Constabulary,-3.039536,53.808983,On or near Jeffrey Square,E01012739,Blackpool 011E,Criminal damage and arson,Status update unavailable,
ef5a24e45009b3660d10073ec344581953487b6725f6b066da8bcaf055ade3cb,2019-05,Lancashire Constabulary,Lancashire Constabulary,-3.039915,53.807110,On or near Bela Grove,E01012739,Blackpool 011E,Other theft,Status update unavailable,
da2632ac7af510857d8ae3861bdf4a2aa4f4d127fb054d728b88ffa219767bd9,2019-05,Lancashire Constabulary,Lancashire Constabulary,-3.036679,53.808298,On or near Condor Grove,E01012739,Blackpool 011E,Other theft,Unable to prosecute suspect,
1832d49349456a0ce5791ae95059944cbf0b39176368e02abd68c0a095288195,2019-05,Lancashire Constabulary,Lancashire Constabulary,-3.035650,53.807201,On or near Kingsland Grove,E01012739,Blackpool 011E,Other theft,Status update unavailable,
f5a93e27370013853da8a182791d8775b43d21fe0d7cf75ae2f95bc8be6415e4,2019-05,Lancashire Constabulary,Lancashire Constabulary,-3.035650,53.807201,On or near Kingsland Grove,E01012739,Blackpool 011E,Public order,Unable to prosecute suspect,
dd0f72fe4c01dba077d58b79a948eb25e8d3c738e96be42bf6c2f5e9d0ef1b9a,2019-05,Lancashire Constabulary,Lancashire Constabulary,-3.038235,53.808590,On or near Knox Grove,E01012739,Blackpool 011E,Public order,Unable to prosecute suspect,
51cef3c610c7e80b428eaa832b19e215c9fd2cb0a767ced0963719fd5798f9a3,2019-05,Lancashire Constabulary,Lancashire Constabulary,-3.034315,53.806655,On or near Cunliffe Road,E01012739,Blackpool 011E,Shoplifting,Status update unavailable,
10ee02398a4079800940cd8c24f01fa73855772d0b3e01993fe50378fd24f032,2019-05,Lancashire Constabulary,Lancashire Constabulary,-3.035650,53.807201,On or near Kingsland Grove,E01012739,Blackpool 011E,Vehicle crime,Status update unavailable,
d83875769a7f577dba08e2824110db34e10e0dfe43907c441caf5597dc19d1fc,2019-05,Lancashire Constabulary,Lancashire Constabulary,-3.035650,53.807201,On or near Kingsland Grove,E01012739,Blackpool 011E,Vehicle crime,Status update unavailable,
276ae28d19c83679e86c7a1a33e4ec0597dc2735ec787975fe966a85edea97e2,2019-05,Lancashire Constabulary,Lancashire Constabulary,-3.039789,53.808145,On or near Thornber Grove,E01012739,Blackpool 011E,Violence and sexual offences,Unable to prosecute suspect,
69242f9b41adeff42ed2a4f17e09601d32d40cda23aaefb0e0da405ba858ca25,2019-05,Lancashire Constabulary,Lancashire Constabulary,-3.036679,53.808298,On or near Condor Grove,E01012739,Blackpool 011E,Violence and sexual offences,Status update unavailable,
6906d575d320944247c60f780fc58f311a33c92fed8e39012e8de2cf711545da,2019-05,Lancashire Constabulary,Lancashire Constabulary,-3.039536,53.808983,On or near Jeffrey Square,E01012739,Blackpool 011E,Violence and sexual offences,Unable to prosecute suspect,
de452d2c3daf6e8fc0019655039ccd36e0019ca16f2974909effbb4b3c0ece53,2019-05,Lancashire Constabulary,Lancashire Constabulary,-3.039536,53.808983,On or near Jeffrey Square,E01012739,Blackpool 011E,Violence and sexual offences,Unable to prosecute suspect,
6ed7780d3af7ba3eee00669620bd96ad2d3d1b48b0ad49ff684acf37801d9a0e,2019-05,Lancashire Constabulary,Lancashire Constabulary,-3.037420,53.806934,On or near Sharow Grove,E01012739,Blackpool 011E,Violence and sexual offences,Unable to prosecute suspect,
bc3fad454108f873cd6747103a9b01a33fc7ecbee2d1148a4fcf3c83fb04f307,2019-05,Lancashire Constabulary,Lancashire Constabulary,-3.039915,53.807110,On or near Bela Grove,E01012739,Blackpool 011E,Violence and sexual offences,Status update unavailable,
ed3981b6cbe05ef9cb72fee098c04cf8178e2ea8588838390dc6ab14a33f1d46,2019-05,Lancashire Constabulary,Lancashire Constabulary,-3.034315,53.806655,On or near Cunliffe Road,E01012739,Blackpool 011E,Violence and sexual offences,Unable to prosecute suspect,
7aefeaff03745633685765e35af377aea9204f59c8477ac94b5b33e14b8a1824,2019-05,Lancashire Constabulary,Lancashire Constabulary,-3.034315,53.806655,On or near Cunliffe Road,E01012739,Blackpool 011E,Violence and sexual offences,Status update unavailable,
4b4b6b71ba421e8805a88ec3db5d072272c4ae0dccf2a930bc8f773a137095b5,2019-05,Lancashire Constabulary,Lancashire Constabulary,-3.036679,53.808298,On or near Condor Grove,E01012739,Blackpool 011E,Violence and sexual offences,Awaiting court outcome,
,2019-05,Lancashire Constabulary,Lancashire Constabulary,-3.038966,53.810489,On or near Westmorland Avenue,E01012742,Blackpool 011F,Anti-social behaviour,,
,2019-05,Lancashire Constabulary,Lancashire Constabulary,-3.040735,53.813853,On or near Montreal Avenue,E01012742,Blackpool 011F,Anti-social behaviour,,
,2019-05,Lancashire Constabulary,Lancashire Constabulary,-3.041921,53.813286,On or near Bennett Avenue,E01012742,Blackpool 011F,Anti-social behaviour,,
,2019-05,Lancashire Constabulary,Lancashire Constabulary,-3.042979,53.813708,On or near Palatine Road,E01012742,Blackpool 011F,Anti-social behaviour,,
,2019-05,Lancashire Constabulary,Lancashire Constabulary,-3.040735,53.813853,On or near Montreal Avenue,E01012742,Blackpool 011F,Anti-social behaviour,,
,2019-05,Lancashire Constabulary,Lancashire Constabulary,-3.041328,53.812032,On or near Blenheim Avenue,E01012742,Blackpool 011F,Anti-social behaviour,,
,2019-05,Lancashire Constabulary,Lancashire Constabulary,-3.041328,53.812032,On or near Blenheim Avenue,E01012742,Blackpool 011F,Anti-social behaviour,,
ab2254c486a1537a3d306b1bb8fa16426eb440dabcc459322b8eb02a68991b70,2019-05,Lancashire Constabulary,Lancashire Constabulary,-3.042979,53.813708,On or near Palatine Road,E01012742,Blackpool 011F,Burglary,Status update unavailable,
9f440956e418dbc9665a64bde47a5a5aa884a87e3b033c3404feb25a5f346d4d,2019-05,Lancashire Constabulary,Lancashire Constabulary,-3.038748,53.810913,On or near Salisbury Road,E01012742,Blackpool 011F,Criminal damage and arson,Status update unavailable,
4ffa9599668ce98972892c239fcae17e6df47432abef8a7d449a14362c5a7b1a,2019-05,Lancashire Constabulary,Lancashire Constabulary,-3.040735,53.813853,On or near Montreal Avenue,E01012742,Blackpool 011F,Other theft,Status update unavailable,
641c376a5bd4723db6e428abc8a6cd72c37f7a69814d90a6f8daafcec13c13b3,2019-05,Lancashire Constabulary,Lancashire Constabulary,-3.042979,53.813708,On or near Palatine Road,E01012742,Blackpool 011F,Public order,Unable to prosecute suspect,
e1fd8abee5d463d21eaff8036a6c32a9f23830e67ddf5f7065cf1a964fab7cc3,2019-05,Lancashire Constabulary,Lancashire Constabulary,-3.040735,53.813853,On or near Montreal Avenue,E01012742,Blackpool 011F,Public order,Unable to prosecute suspect,
0cadc2aafcce786f9064bdf2848e489cfd1b1bb3b9c682d9d06fef0309c7e54d,2019-05,Lancashire Constabulary,Lancashire Constabulary,-3.042979,53.813708,On or near Palatine Road,E01012742,Blackpool 011F,Public order,Unable to prosecute suspect,
ef16975948997c7c54679af3cec3ea4d0457dbca24a6dbca5964b71a0ded5547,2019-05,Lancashire Constabulary,Lancashire Constabulary,-3.041921,53.813286,On or near Bennett Avenue,E01012742,Blackpool 011F,Robbery,Status update unavailable,
71181571b00d933211c384eec66be43831819c98fc928c760502c2f8ba628a79,2019-05,Lancashire Constabulary,Lancashire Constabulary,-3.038748,53.810913,On or near Salisbury Road,E01012742,Blackpool 011F,Vehicle crime,Status update unavailable,
aa55014c68f230979327d5d2ac0478cff32831e6aeb0652a76500e36d1059580,2019-05,Lancashire Constabulary,Lancashire Constabulary,-3.041921,53.813286,On or near Bennett Avenue,E01012742,Blackpool 011F,Vehicle crime,Status update unavailable,
2e80bdfe9dd46c44efa087e3d714529747ba6c4ba7c93dcf9a4ba457d9426fcc,2019-05,Lancashire Constabulary,Lancashire Constabulary,-3.041921,53.813286,On or near Bennett Avenue,E01012742,Blackpool 011F,Vehicle crime,Status update unavailable,
7601421fc9d7d52fe081350ea284b028cbb94fbd80ff3ffb359fc5b9696fc0eb,2019-05,Lancashire Constabulary,Lancashire Constabulary,-3.041921,53.813286,On or near Bennett Avenue,E01012742,Blackpool 011F,Vehicle crime,Status update unavailable,
01212b721075a508977148b85b0e5dc30d0c87e4ebc1ca45d1cf3975d4f86fea,2019-05,Lancashire Constabulary,Lancashire Constabulary,-3.041328,53.812032,On or near Blenheim Avenue,E01012742,Blackpool 011F,Violence and sexual offences,Investigation complete; no suspect identified,
c4a0731c1e209b7ec399322c733162d2c7fb5aab080ff602980fc4ca4847d914,2019-05,Lancashire Constabulary,Lancashire Constabulary,-3.042979,53.813708,On or near Palatine Road,E01012742,Blackpool 011F,Violence and sexual offences,Status update unavailable,
f5b340a2a22ec1b23d454bc4eedab7ae2407f32511f3d1c3bf28202e9b1a3d12,2019-05,Lancashire Constabulary,Lancashire Constabulary,-3.040735,53.813853,On or near Montreal Avenue,E01012742,Blackpool 011F,Violence and sexual offences,Unable to prosecute suspect,
,2019-05,Lancashire Constabulary,Lancashire Constabulary,-3.026874,53.813460,On or near Sports/Recreation Area,E01012712,Blackpool 012A,Anti-social behaviour,,
,2019-05,Lancashire Constabulary,Lancashire Constabulary,-3.025449,53.815441,On or near Parking Area,E01012712,Blackpool 012A,Anti-social behaviour,,
,2019-05,Lancashire Constabulary,Lancashire Constabulary,-3.020039,53.809708,On or near Colchester Road,E01012712,Blackpool 012A,Anti-social behaviour,,
,2019-05,Lancashire Constabulary,Lancashire Constabulary,-3.025449,53.815441,On or near Parking Area,E01012712,Blackpool 012A,Anti-social behaviour,,
,2019-05,Lancashire Constabulary,Lancashire Constabulary,-3.025449,53.815441,On or near Parking Area,E01012712,Blackpool 012A,Anti-social behaviour,,
,2019-05,Lancashire Constabulary,Lancashire Constabulary,-3.025449,53.815441,On or near Parking Area,E01012712,Blackpool 012A,Anti-social behaviour,,
,2019-05,Lancashire Constabulary,Lancashire Constabulary,-3.025449,53.815441,On or near Parking Area,E01012712,Blackpool 012A,Anti-social behaviour,,
,2019-05,Lancashire Constabulary,Lancashire Constabulary,-3.025449,53.815441,On or near Parking Area,E01012712,Blackpool 012A,Anti-social behaviour,,
,2019-05,Lancashire Constabulary,Lancashire Constabulary,-3.025449,53.815441,On or near Parking Area,E01012712,Blackpool 012A,Anti-social behaviour,,
,2019-05,Lancashire Constabulary,Lancashire Constabulary,-3.029324,53.816756,On or near Park/Open Space,E01012712,Blackpool 012A,Anti-social behaviour,,
,2019-05,Lancashire Constabulary,Lancashire Constabulary,-3.025449,53.815441,On or near Parking Area,E01012712,Blackpool 012A,Anti-social behaviour,,
,2019-05,Lancashire Constabulary,Lancashire Constabulary,-3.020039,53.809708,On or near Colchester Road,E01012712,Blackpool 012A,Anti-social behaviour,,
,2019-05,Lancashire Constabulary,Lancashire Constabulary,-3.025449,53.815441,On or near Parking Area,E01012712,Blackpool 012A,Anti-social behaviour,,
,2019-05,Lancashire Constabulary,Lancashire Constabulary,-3.026874,53.813460,On or near Sports/Recreation Area,E01012712,Blackpool 012A,Anti-social behaviour,,
7bef7e6f1f200a330a2bf10530bb7cb69c78295355a2ee33aeb304a7d83ebace,2019-05,Lancashire Constabulary,Lancashire Constabulary,-3.025449,53.815441,On or near Parking Area,E01012712,Blackpool 012A,Burglary,Status update unavailable,
3e81f2432e2430955480eec381fd30b0265db768a829f437ee6eec845cc8450a,2019-05,Lancashire Constabulary,Lancashire Constabulary,-3.019511,53.807968,On or near Dryburgh Avenue,E01012712,Blackpool 012A,Burglary,Unable to prosecute suspect,
6fde79a9803df24a47feed224c1efe6f7003b4dc3c65095239ef5b655bc7a232,2019-05,Lancashire Constabulary,Lancashire Constabulary,-3.020193,53.814821,On or near Park/Open Space,E01012712,Blackpool 012A,Criminal damage and arson,Status update unavailable,
5d7746d264fa26a32429fa8c91b075b9d957100129fff04e30afa6ce30ff5426,2019-05,Lancashire Constabulary,Lancashire Constabulary,-3.026874,53.813460,On or near Sports/Recreation Area,E01012712,Blackpool 012A,Criminal damage and arson,Status update unavailable,
1961578308cdcb4ee2da059e7081673ec0904b642bbd9054f4df71663cdd51c0,2019-05,Lancashire Constabulary,Lancashire Constabulary,-3.025449,53.815441,On or near Parking Area,E01012712,Blackpool 012A,Other theft,Status update unavailable,
7a58c7ceeeed3970583c7c09cbe509b7166ee1f4e23a6b323198387f9b98c6fc,2019-05,Lancashire Constabulary,Lancashire Constabulary,-3.025989,53.813297,On or near Sports/Recreation Area,E01012712,Blackpool 012A,Other theft,Status update unavailable,
756bbf1ad8c4e1c43260b3b84811e8a9a952793538a8324e95d6a87d57264d65,2019-05,Lancashire Constabulary,Lancashire Constabulary,-3.025989,53.813297,On or near Sports/Recreation Area,E01012712,Blackpool 012A,Public order,Unable to prosecute suspect,
38b53cb6ef283f4375877a332623eb61cff15dc294b77b5790d1a2addb4b9f2c,2019-05,Lancashire Constabulary,Lancashire Constabulary,-3.029324,53.816756,On or near Park/Open Space,E01012712,Blackpool 012A,Public order,Status update unavailable,
9d3993eed00873cef2157ab2b4d2661d62e212e37511fa6dd8fcd5ce9549102a,2019-05,Lancashire Constabulary,Lancashire Constabulary,-3.029324,53.816756,On or near Park/Open Space,E01012712,Blackpool 012A,Public order,Status update unavailable,
,2019-05,Lancashire Constabulary,Lancashire Constabulary,-3.013421,53.814267,On or near Park/Open Space,E01012713,Blackpool 012B,Anti-social behaviour,,
,2019-05,Lancashire Constabulary,Lancashire Constabulary,-3.013421,53.814267,On or near Park/Open Space,E01012713,Blackpool 012B,Anti-social behaviour,,
,2019-05,Lancashire Constabulary,Lancashire Constabulary,-3.013421,53.814267,On or near Park/Open Space,E01012713,Blackpool 012B,Anti-social behaviour,,
,2019-05,Lancashire Constabulary,Lancashire Constabulary,-3.013421,53.814267,On or near Park/Open Space,E01012713,Blackpool 012B,Anti-social behaviour,,
,2019-05,Lancashire Constabulary,Lancashire Constabulary,-3.013421,53.814267,On or near Park/Open Space,E01012713,Blackpool 012B,Anti-social behaviour,,
,2019-05,Lancashire Constabulary,Lancashire Constabulary,-3.013421,53.814267,On or near Park/Open Space,E01012713,Blackpool 012B,Anti-social behaviour,,
,2019-05,Lancashire Constabulary,Lancashire Constabulary,-3.013421,53.814267,On or near Park/Open Space,E01012713,Blackpool 012B,Anti-social behaviour,,
,2019-05,Lancashire Constabulary,Lancashire Constabulary,-3.013421,53.814267,On or near Park/Open Space,E01012713,Blackpool 012B,Anti-social behaviour,,
dc053d59045ff7abf05a4d0fdc9d36706dd3b04e51ac81bdcf220100c6c94714,2019-05,Lancashire Constabulary,Lancashire Constabulary,-3.013421,53.814267,On or near Park/Open Space,E01012713,Blackpool 012B,Burglary,Status update unavailable,
d1f907a92d21c8802ed23d59299490bb701e68df887c896731da4e6f1d7a2b41,2019-05,Lancashire Constabulary,Lancashire Constabulary,-3.008664,53.816671,On or near Parking Area,E01012713,Blackpool 012B,Burglary,Status update unavailable,
b55c4225da6f97e20a4e0ccb2c3e50578829ed4de2df1db313a30300d87fcfbc,2019-05,Lancashire Constabulary,Lancashire Constabulary,-3.017945,53.807281,On or near Lulworth Avenue,E01012713,Blackpool 012B,Criminal damage and arson,Status update unavailable,
0ca29911d03cc5630a6944f57f4646d32767ecebf92060530243ae19e113c6f9,2019-05,Lancashire Constabulary,Lancashire Constabulary,-3.013421,53.814267,On or near Park/Open Space,E01012713,Blackpool 012B,Criminal damage and arson,Status update unavailable,
f4e42b0c570ff96dd51f359cace916e284e8a05aba58474771fc98a70a8d9e07,2019-05,Lancashire Constabulary,Lancashire Constabulary,-3.011789,53.806398,On or near Garden Close,E01012713,Blackpool 012B,Criminal damage and arson,Status update unavailable,
b19b44ab1dcd77386ad8081ac6930f709cde02ac2668aa805c609abee122cd4f,2019-05,Lancashire Constabulary,Lancashire Constabulary,-3.013421,53.814267,On or near Park/Open Space,E01012713,Blackpool 012B,Criminal damage and arson,Status update unavailable,
7c360d8b49c4c6a028f2dc6d89a86a3b4ece8cea6fe91c2fe428aaebed9bb2d2,2019-05,Lancashire Constabulary,Lancashire Constabulary,-3.013316,53.805513,On or near Supermarket,E01012713,Blackpool 012B,Other theft,Status update unavailable,
11bf8b3102c2e319ceebd65146e5a734531d16ffcca5670bcc37acf02518e24a,2019-05,Lancashire Constabulary,Lancashire Constabulary,-3.013421,53.814267,On or near Park/Open Space,E01012713,Blackpool 012B,Public order,Status update unavailable,
75e1783711a66e36b3fdd2eac60cc2facb6d0571d1a3e707b9d54c94ffd73590,2019-05,Lancashire Constabulary,Lancashire Constabulary,-3.013421,53.814267,On or near Park/Open Space,E01012713,Blackpool 012B,Vehicle crime,Status update unavailable,
4e20d6eac96d048c50b04ddc64c9ab8071c624726b1c82e9559ecc1de3d239f6,2019-05,Lancashire Constabulary,Lancashire Constabulary,-3.013421,53.814267,On or near Park/Open Space,E01012713,Blackpool 012B,Vehicle crime,Status update unavailable,
593017aa5c765ae3443097b836fa8f798ee35be2ecb60a689ee1997a153fd159,2019-05,Lancashire Constabulary,Lancashire Constabulary,-3.017204,53.808033,On or near Worcester Road,E01012713,Blackpool 012B,Vehicle crime,Status update unavailable,
5621e22e13da6c1ad0cf59caf809b31c50eaba59a338da9ed0d938725a0d2cde,2019-05,Lancashire Constabulary,Lancashire Constabulary,-3.013421,53.814267,On or near Park/Open Space,E01012713,Blackpool 012B,Vehicle crime,Status update unavailable,
f6eb75b257123b5c350db173d7b021accc453621f69ebc20169e8ebee288048d,2019-05,Lancashire Constabulary,Lancashire Constabulary,-3.013421,53.814267,On or near Park/Open Space,E01012713,Blackpool 012B,Vehicle crime,Status update unavailable,
df7dcafcafd1b6228f0cae7f4ed99dbe93c99fa828993d11d119bf64ee6063e2,2019-05,Lancashire Constabulary,Lancashire Constabulary,-3.018470,53.808247,On or near Supermarket,E01012713,Blackpool 012B,Violence and sexual offences,Offender given a caution,
a9b4290966fb2092395bf737ec7a9876e7a6c9e79f34d65dc0acccbaa492e985,2019-05,Lancashire Constabulary,Lancashire Constabulary,-3.014239,53.805973,On or near Mere Park Court,E01012713,Blackpool 012B,Violence and sexual offences,Status update unavailable,
465781270647bf0e6f8e15f85ff372ce05fedc2a392aa0f59abc1a6f3ca6f248,2019-05,Lancashire Constabulary,Lancashire Constabulary,-3.018470,53.808247,On or near Supermarket,E01012713,Blackpool 012B,Violence and sexual offences,Offender given a caution,
c9dfd37e528e3197f4f9072d5b51fe6bcb531dbec19f8ce99c6091265cad7b84,2019-05,Lancashire Constabulary,Lancashire Constabulary,-3.018470,53.808247,On or near Supermarket,E01012713,Blackpool 012B,Violence and sexual offences,Unable to prosecute suspect,
3a23a6c1f930e3b94c421781733479df53eebb7b2ab9c3d523b8192105094d49,2019-05,Lancashire Constabulary,Lancashire Constabulary,-3.016802,53.807093,On or near Barmouth Avenue,E01012713,Blackpool 012B,Violence and sexual offences,Action to be taken by another organisation,
,2019-05,Lancashire Constabulary,Lancashire Constabulary,-3.030070,53.808804,On or near Beechfield Avenue,E01012715,Blackpool 012C,Anti-social behaviour,,
,2019-05,Lancashire Constabulary,Lancashire Constabulary,-3.023539,53.805651,On or near Higham Grove,E01012715,Blackpool 012C,Anti-social behaviour,,
,2019-05,Lancashire Constabulary,Lancashire Constabulary,-3.028847,53.805974,On or near Greenwood Avenue,E01012715,Blackpool 012C,Anti-social behaviour,,
,2019-05,Lancashire Constabulary,Lancashire Constabulary,-3.028526,53.806498,On or near Petrol Station,E01012715,Blackpool 012C,Anti-social behaviour,,
,2019-05,Lancashire Constabulary,Lancashire Constabulary,-3.030165,53.807724,On or near Lightbown Avenue,E01012715,Blackpool 012C,Anti-social behaviour,,
,2019-05,Lancashire Constabulary,Lancashire Constabulary,-3.027146,53.805989,On or near Theatre/Concert Hall,E01012715,Blackpool 012C,Anti-social behaviour,,
eb4abcef8a98e2561dcdb08e1e4be7d16f2df4429bc7d8e786c60b3fa720a65c,2019-05,Lancashire Constabulary,Lancashire Constabulary,-3.028526,53.806498,On or near Petrol Station,E01012715,Blackpool 012C,Criminal damage and arson,Unable to prosecute suspect,
de74ca2cbd9952f3be83bcff0f1c78c288930d23f1afdf1b333b5bea8e7ff1e3,2019-05,Lancashire Constabulary,Lancashire Constabulary,-3.025230,53.807120,On or near Canterbury Avenue,E01012715,Blackpool 012C,Criminal damage and arson,Unable to prosecute suspect,
73d65916923518ea7992490e25c8cc606df126e2e3d2d0d2e07fc88121ca4f3c,2019-05,Lancashire Constabulary,Lancashire Constabulary,-3.028526,53.806498,On or near Petrol Station,E01012715,Blackpool 012C,Other theft,Status update unavailable,
602261b0e59eba64c08908bd0920cdb2677ad28d2c6f1826d0e55b2f30f8aa60,2019-05,Lancashire Constabulary,Lancashire Constabulary,-3.028526,53.806498,On or near Petrol Station,E01012715,Blackpool 012C,Other theft,Local resolution,
c0f03ff4e005390e17c8f9a62ff1e99a9c51ee6aac7f825de72e8b12aad39305,2019-05,Lancashire Constabulary,Lancashire Constabulary,-3.028526,53.806498,On or near Petrol Station,E01012715,Blackpool 012C,Other theft,Status update unavailable,
f40f31f1b5a042b068af8842bb0c8294a7fbba08b3c568c3b6b2e6d616e30467,2019-05,Lancashire Constabulary,Lancashire Constabulary,-3.028526,53.806498,On or near Petrol Station,E01012715,Blackpool 012C,Other theft,Status update unavailable,
337bab8d70f4fae934dfc41b918e376a29ac665758ecdd6843f25aa09ffcf3d6,2019-05,Lancashire Constabulary,Lancashire Constabulary,-3.028526,53.806498,On or near Petrol Station,E01012715,Blackpool 012C,Shoplifting,Status update unavailable,
9bf8a3e3b6b88421f51cc21e911c5dd44918d56aec3f44b1ff868fdcb136b7f1,2019-05,Lancashire Constabulary,Lancashire Constabulary,-3.028526,53.806498,On or near Petrol Station,E01012715,Blackpool 012C,Vehicle crime,Status update unavailable,
5a4f7210d5e16d29bf4ed05a9cb1eb4e6091e30e8825e8a7aba4f4e422bbdcd5,2019-05,Lancashire Constabulary,Lancashire Constabulary,-3.027912,53.806243,On or near Wren Grove,E01012715,Blackpool 012C,Violence and sexual offences,Unable to prosecute suspect,
32d2e25bf362ab0a22f6eb17b27ee5759355a8b9873197619f7f4894a1c0f480,2019-05,Lancashire Constabulary,Lancashire Constabulary,-3.030070,53.808804,On or near Beechfield Avenue,E01012715,Blackpool 012C,Violence and sexual offences,Unable to prosecute suspect,
3830fd6fffe695f80a4faaccd4c0a6da3fb47fc9f7056b671392a066ce52f01b,2019-05,Lancashire Constabulary,Lancashire Constabulary,-3.028526,53.806498,On or near Petrol Station,E01012715,Blackpool 012C,Violence and sexual offences,Unable to prosecute suspect,
0bbdaefa265991f956b4a711f699a259d642ebd81d2ebeab73ec5ce73d6d0b6d,2019-05,Lancashire Constabulary,Lancashire Constabulary,-3.028847,53.805974,On or near Greenwood Avenue,E01012715,Blackpool 012C,Violence and sexual offences,Unable to prosecute suspect,
09d724df522a6e3ce85a1aadf27273773b0a24318203b6f6b2b5e12625681a1a,2019-05,Lancashire Constabulary,Lancashire Constabulary,-3.026391,53.807991,On or near Carsluith Avenue,E01012715,Blackpool 012C,Violence and sexual offences,Status update unavailable,
3c670c9afd23aaf0267baa79bac3f1ad61be5213540ea8f47ac10aca779dc9f0,2019-05,Lancashire Constabulary,Lancashire Constabulary,-3.029944,53.806765,On or near Kirkham Avenue,E01012715,Blackpool 012C,Violence and sexual offences,Status update unavailable,
,2019-05,Lancashire Constabulary,Lancashire Constabulary,-3.032220,53.806673,On or near Stratford Place,E01012740,Blackpool 012D,Anti-social behaviour,,
,2019-05,Lancashire Constabulary,Lancashire Constabulary,-3.032674,53.810930,On or near Glenroyd Close,E01012740,Blackpool 012D,Anti-social behaviour,,
497276a8e0c90dae2e7a298d80c8987cca85dc16220354a221c3497a2c0d5306,2019-05,Lancashire Constabulary,Lancashire Constabulary,-3.031744,53.806444,On or near Ferguson Road,E01012740,Blackpool 012D,Burglary,Status update unavailable,
9bbf2105e965116eacf7b72f49a4e43580857a1f087d7a6f8be19030c4d50512,2019-05,Lancashire Constabulary,Lancashire Constabulary,-3.030324,53.810456,On or near Knowsley Avenue,E01012740,Blackpool 012D,Burglary,Status update unavailable,
a33d94a0191e02ff4a0b487c43daecc4d35e131805a9ea5f140e4922d9768fee,2019-05,Lancashire Constabulary,Lancashire Constabulary,-3.035773,53.809132,On or near Brecon Close,E01012740,Blackpool 012D,Burglary,Status update unavailable,
291d8e6e6263ed932608f07b441fa83da17dc79dfe86399e2f7ccc935f80b29e,2019-05,Lancashire Constabulary,Lancashire Constabulary,-3.030596,53.812880,On or near Marton View,E01012740,Blackpool 012D,Criminal damage and arson,Status update unavailable,
5a4aa93710830be8406720625a0a952c3ce90e6b39f55780e752d2436f290c11,2019-05,Lancashire Constabulary,Lancashire Constabulary,-3.030596,53.812880,On or near Marton View,E01012740,Blackpool 012D,Criminal damage and arson,Status update unavailable,
57a4db2ee96fac7ee77662e10f03a384f3dd337be5d0e2439bbcdf03b10325e8,2019-05,Lancashire Constabulary,Lancashire Constabulary,-3.032220,53.806673,On or near Stratford Place,E01012740,Blackpool 012D,Drugs,Status update unavailable,
447f446204244a23ac0debe7fad8fc93ca8d468194e1fc3a088138c8d39d8573,2019-05,Lancashire Constabulary,Lancashire Constabulary,-3.032220,53.806673,On or near Stratford Place,E01012740,Blackpool 012D,Other theft,Unable to prosecute suspect,
c70b915b36043c28a219dc1d99ff3fcb85ac8e75a6862b6546f6325a4c06bc1a,2019-05,Lancashire Constabulary,Lancashire Constabulary,-3.033344,53.809171,On or near Bankfield Grove,E01012740,Blackpool 012D,Public order,Unable to prosecute suspect,
876c8689472a161a6ec99df8e9b8672828358edd5518af08efc8a6ca076e293c,2019-05,Lancashire Constabulary,Lancashire Constabulary,-3.030596,53.812880,On or near Marton View,E01012740,Blackpool 012D,Violence and sexual offences,Status update unavailable,
f9aa75abad0cb96d360ae7f7fdd48627209bbd165e6214cff853e0014d7b5da8,2019-05,Lancashire Constabulary,Lancashire Constabulary,-3.035773,53.809132,On or near Brecon Close,E01012740,Blackpool 012D,Violence and sexual offences,Status update unavailable,
6d2011fae66e6eb806cc252067e27e59f3bdfeef4d8c5402eccf96ca8050469e,2019-05,Lancashire Constabulary,Lancashire Constabulary,-3.032674,53.810930,On or near Glenroyd Close,E01012740,Blackpool 012D,Violence and sexual offences,Status update unavailable,
611b1ada6248c8ede5b01762cb98c854124650f94450fb37519565db2b491bd9,2019-05,Lancashire Constabulary,Lancashire Constabulary,-3.032220,53.806673,On or near Stratford Place,E01012740,Blackpool 012D,Violence and sexual offences,Status update unavailable,
263bc8dcd78ce36e1c96995770d87b472e5fce36acdd696bb659fcbdc7b03293,2019-05,Lancashire Constabulary,Lancashire Constabulary,-3.033344,53.809171,On or near Bankfield Grove,E01012740,Blackpool 012D,Violence and sexual offences,Further investigation is not in the public interest,
,2019-05,Lancashire Constabulary,Lancashire Constabulary,-3.031142,53.806071,On or near Kirkham Avenue,E01012741,Blackpool 012E,Anti-social behaviour,,
,2019-05,Lancashire Constabulary,Lancashire Constabulary,-3.027004,53.803878,On or near Preston New Road,E01012741,Blackpool 012E,Anti-social behaviour,,
,2019-05,Lancashire Constabulary,Lancashire Constabulary,-3.027004,53.803878,On or near Preston New Road,E01012741,Blackpool 012E,Anti-social behaviour,,
,2019-05,Lancashire Constabulary,Lancashire Constabulary,-3.027004,53.803878,On or near Preston New Road,E01012741,Blackpool 012E,Anti-social behaviour,,
,2019-05,Lancashire Constabulary,Lancashire Constabulary,-3.027004,53.803878,On or near Preston New Road,E01012741,Blackpool 012E,Anti-social behaviour,,
e241d73038bada6c56c60ffb001562f2376112a65740128d10c4305d83752ca9,2019-05,Lancashire Constabulary,Lancashire Constabulary,-3.032248,53.802862,On or near Fir Grove,E01012741,Blackpool 012E,Criminal damage and arson,Status update unavailable,
253695d5e52758319dcf37d2a9e49541ef5e1bd39c8b47abb2001828510b452d,2019-05,Lancashire Constabulary,Lancashire Constabulary,-3.027808,53.802612,On or near Waterloo Road,E01012741,Blackpool 012E,Criminal damage and arson,Status update unavailable,
dc6a358c5490ebab51e0314398f57cfbda965030e663c1686e92328f2804c353,2019-05,Lancashire Constabulary,Lancashire Constabulary,-3.034646,53.805268,On or near Bloomfield Road,E01012741,Blackpool 012E,Criminal damage and arson,Status update unavailable,
59b605d25bdc0999d1d619927214e8ccdf3f18c4e38d4eaf451823cae1725a75,2019-05,Lancashire Constabulary,Lancashire Constabulary,-3.030672,53.804251,On or near Glastonbury Avenue,E01012741,Blackpool 012E,Other theft,Status update unavailable,
84ceaa8e8405ea923bb570af73b4d4e9c13e7932ac5746939986e7746a6c986e,2019-05,Lancashire Constabulary,Lancashire Constabulary,-3.031171,53.803518,On or near Mayfair Road,E01012741,Blackpool 012E,Other theft,Status update unavailable,
cb6f480ad5900942d03006f0cc89a35adfe79ae11ad03cad2b088e9db1593814,2019-05,Lancashire Constabulary,Lancashire Constabulary,-3.032248,53.802862,On or near Fir Grove,E01012741,Blackpool 012E,Other theft,Status update unavailable,
baadcac4048e2f14d0f932829ad47f8ea74c20cf4cc651a0c27dd610a0a562bb,2019-05,Lancashire Constabulary,Lancashire Constabulary,-3.034204,53.805847,On or near Hartford Avenue,E01012741,Blackpool 012E,Other theft,Status update unavailable,
b5c1ff62b2386d2b37e8dfe2f1b34e2650193b608044bcd1e4e5adc780cf1848,2019-05,Lancashire Constabulary,Lancashire Constabulary,-3.027004,53.803878,On or near Preston New Road,E01012741,Blackpool 012E,Public order,Awaiting court outcome,
6f4f202cb17ad7a8525b8c65b91d61eb577e582fda5edc264e00d6d37c3196b1,2019-05,Lancashire Constabulary,Lancashire Constabulary,-3.027808,53.802612,On or near Waterloo Road,E01012741,Blackpool 012E,Public order,Further investigation is not in the public interest,
ea9a153e9be18a15e986fbb672a30b62dbf3c9dd626aa2e8ba37708f1a22d5c5,2019-05,Lancashire Constabulary,Lancashire Constabulary,-3.031749,53.804817,On or near Greenwood Avenue,E01012741,Blackpool 012E,Public order,Status update unavailable,
b162ea899e0e2608cd842f952eedf449bcab5317f5d045834ad51485d10a2947,2019-05,Lancashire Constabulary,Lancashire Constabulary,-3.028717,53.803162,On or near Kirkstall Avenue,E01012741,Blackpool 012E,Public order,Further investigation is not in the public interest,
c38985a59f2c36f7d605d0e7c27b41e9ecfae672a471d2a144c92eabfea25f8c,2019-05,Lancashire Constabulary,Lancashire Constabulary,-3.034646,53.805268,On or near Bloomfield Road,E01012741,Blackpool 012E,Violence and sexual offences,Status update unavailable,
d40265a834788686107c94786772375202d45edd8c25ac9011de5bd531439537,2019-05,Lancashire Constabulary,Lancashire Constabulary,-3.031749,53.804817,On or near Greenwood Avenue,E01012741,Blackpool 012E,Violence and sexual offences,Offender given a caution,
,2019-05,Lancashire Constabulary,Lancashire Constabulary,-3.053237,53.800001,On or near Shaw Road,E01012671,Blackpool 013A,Anti-social behaviour,,
,2019-05,Lancashire Constabulary,Lancashire Constabulary,-3.051739,53.799627,On or near Bagot Street,E01012671,Blackpool 013A,Anti-social behaviour,,
,2019-05,Lancashire Constabulary,Lancashire Constabulary,-3.052499,53.799036,On or near St Bede'S Avenue,E01012671,Blackpool 013A,Anti-social behaviour,,
,2019-05,Lancashire Constabulary,Lancashire Constabulary,-3.053597,53.804060,On or near Wellington Road,E01012671,Blackpool 013A,Anti-social behaviour,,
,2019-05,Lancashire Constabulary,Lancashire Constabulary,-3.053473,53.802776,On or near St Chad'S Road,E01012671,Blackpool 013A,Anti-social behaviour,,
,2019-05,Lancashire Constabulary,Lancashire Constabulary,-3.053237,53.800001,On or near Shaw Road,E01012671,Blackpool 013A,Anti-social behaviour,,
,2019-05,Lancashire Constabulary,Lancashire Constabulary,-3.053983,53.800075,On or near Royle Street,E01012671,Blackpool 013A,Anti-social behaviour,,
,2019-05,Lancashire Constabulary,Lancashire Constabulary,-3.052499,53.799036,On or near St Bede'S Avenue,E01012671,Blackpool 013A,Anti-social behaviour,,
,2019-05,Lancashire Constabulary,Lancashire Constabulary,-3.052801,53.800778,On or near Adrian Street,E01012671,Blackpool 013A,Anti-social behaviour,,
,2019-05,Lancashire Constabulary,Lancashire Constabulary,-3.053473,53.802776,On or near St Chad'S Road,E01012671,Blackpool 013A,Anti-social behaviour,,
,2019-05,Lancashire Constabulary,Lancashire Constabulary,-3.053237,53.800001,On or near Shaw Road,E01012671,Blackpool 013A,Anti-social behaviour,,
,2019-05,Lancashire Constabulary,Lancashire Constabulary,-3.050904,53.803266,On or near Amberbanks Grove,E01012671,Blackpool 013A,Anti-social behaviour,,
,2019-05,Lancashire Constabulary,Lancashire Constabulary,-3.054044,53.798906,On or near Price Street,E01012671,Blackpool 013A,Anti-social behaviour,,
,2019-05,Lancashire Constabulary,Lancashire Constabulary,-3.051377,53.799100,On or near Back Waterloo Road,E01012671,Blackpool 013A,Anti-social behaviour,,
,2019-05,Lancashire Constabulary,Lancashire Constabulary,-3.053473,53.802776,On or near St Chad'S Road,E01012671,Blackpool 013A,Anti-social behaviour,,
,2019-05,Lancashire Constabulary,Lancashire Constabulary,-3.051192,53.801430,On or near Lytham Road,E01012671,Blackpool 013A,Anti-social behaviour,,
,2019-05,Lancashire Constabulary,Lancashire Constabulary,-3.052801,53.800778,On or near Adrian Street,E01012671,Blackpool 013A,Anti-social behaviour,,
,2019-05,Lancashire Constabulary,Lancashire Constabulary,-3.050904,53.803266,On or near Amberbanks Grove,E01012671,Blackpool 013A,Anti-social behaviour,,
,2019-05,Lancashire Constabulary,Lancashire Constabulary,-3.054240,53.801871,On or near Crystal Mews,E01012671,Blackpool 013A,Anti-social behaviour,,
,2019-05,Lancashire Constabulary,Lancashire Constabulary,-3.051377,53.799100,On or near Back Waterloo Road,E01012671,Blackpool 013A,Anti-social behaviour,,
,2019-05,Lancashire Constabulary,Lancashire Constabulary,-3.051377,53.799100,On or near Back Waterloo Road,E01012671,Blackpool 013A,Anti-social behaviour,,
,2019-05,Lancashire Constabulary,Lancashire Constabulary,-3.050725,53.802755,On or near Lowrey Terrace,E01012671,Blackpool 013A,Anti-social behaviour,,
,2019-05,Lancashire Constabulary,Lancashire Constabulary,-3.053983,53.800075,On or near Royle Street,E01012671,Blackpool 013A,Anti-social behaviour,,
,2019-05,Lancashire Constabulary,Lancashire Constabulary,-3.051739,53.799627,On or near Bagot Street,E01012671,Blackpool 013A,Anti-social behaviour,,
,2019-05,Lancashire Constabulary,Lancashire Constabulary,-3.051081,53.799399,On or near Supermarket,E01012671,Blackpool 013A,Anti-social behaviour,,
3aaa9364f1687455fdd6822d215dd8518b9f7c20f815589fb699a33eb9803db9,2019-05,Lancashire Constabulary,Lancashire Constabulary,-3.051377,53.799100,On or near Back Waterloo Road,E01012671,Blackpool 013A,Burglary,Status update unavailable,
530d2489ccd49ae3a5c2c1c86739679a36a03ef596fbfc494ccdfa88c4d276e5,2019-05,Lancashire Constabulary,Lancashire Constabulary,-3.051377,53.799100,On or near Back Waterloo Road,E01012671,Blackpool 013A,Burglary,Status update unavailable,
ee30adb8a6170459b8723fe7ad4ad974b8de677b9737f650d7e62611dd1e6110,2019-05,Lancashire Constabulary,Lancashire Constabulary,-3.051377,53.799100,On or near Back Waterloo Road,E01012671,Blackpool 013A,Burglary,Status update unavailable,
863754a1f3fb8c2b03e974e53c9b353597f783adf2d088afe2614ab133824c08,2019-05,Lancashire Constabulary,Lancashire Constabulary,-3.053473,53.802776,On or near St Chad'S Road,E01012671,Blackpool 013A,Criminal damage and arson,Unable to prosecute suspect,
9708760fe85b2c486779fa1f3decac4f66f07799124adb81299758c082eb3edb,2019-05,Lancashire Constabulary,Lancashire Constabulary,-3.052692,53.801273,On or near Alexandra Road,E01012671,Blackpool 013A,Criminal damage and arson,Status update unavailable,
a00572279fe75e20a204519d3dad2cbe53a2da60baf7e8e68bd49e1d1b1e4e92,2019-05,Lancashire Constabulary,Lancashire Constabulary,-3.050904,53.803266,On or near Amberbanks Grove,E01012671,Blackpool 013A,Criminal damage and arson,Unable to prosecute suspect,
efbd726dcb4e26218768a228d55d263ad2c90ea95ace1a9000c22e6c5887f1e3,2019-05,Lancashire Constabulary,Lancashire Constabulary,-3.053983,53.800075,On or near Royle Street,E01012671,Blackpool 013A,Criminal damage and arson,Status update unavailable,
c4a0c39008bfb5a0f91c6259f174a92fc8e91a3e8de02ef07ee83f62c9a8cd89,2019-05,Lancashire Constabulary,Lancashire Constabulary,-3.053473,53.802776,On or near St Chad'S Road,E01012671,Blackpool 013A,Criminal damage and arson,Status update unavailable,
c860d88d2f86fe3c354c12dc1dc01c7c1382263dff48cc0e3125d7c46b5a55e2,2019-05,Lancashire Constabulary,Lancashire Constabulary,-3.053473,53.802776,On or near St Chad'S Road,E01012671,Blackpool 013A,Criminal damage and arson,Status update unavailable,
0567be8fa6c67acf48622819b4d9e9a54e2f1be4cecaab906ddaa596ee62ad99,2019-05,Lancashire Constabulary,Lancashire Constabulary,-3.050725,53.802755,On or near Lowrey Terrace,E01012671,Blackpool 013A,Drugs,Status update unavailable,
355d5568edf4ee5b9a3faee1ff58ef64fdb25d3a7b2d147d3f0d9d7fd6e5b66c,2019-05,Lancashire Constabulary,Lancashire Constabulary,-3.051192,53.801430,On or near Lytham Road,E01012671,Blackpool 013A,Drugs,Awaiting court outcome,
6f364ef094aae0eb72b32ea81835639478d7136befa8629d8d3dbfa005e54d8c,2019-05,Lancashire Constabulary,Lancashire Constabulary,-3.052499,53.799036,On or near St Bede'S Avenue,E01012671,Blackpool 013A,Other theft,Status update unavailable,
dc70e4279ed7370b64655c852ab322e50688c0068d2c1f86c3e9f1ca44ab52c9,2019-05,Lancashire Constabulary,Lancashire Constabulary,-3.051709,53.799034,On or near Supermarket,E01012671,Blackpool 013A,Other theft,Status update unavailable,
d866ccd059c443520f3caeac3d76e6fb244b5a3a0b340066a937c32da9095976,2019-05,Lancashire Constabulary,Lancashire Constabulary,-3.053597,53.804060,On or near Wellington Road,E01012671,Blackpool 013A,Other theft,Status update unavailable,
ab54007c81296af723529f1dd2adab9e14cf268c545865cff3ace7b91474d95f,2019-05,Lancashire Constabulary,Lancashire Constabulary,-3.050725,53.802755,On or near Lowrey Terrace,E01012671,Blackpool 013A,Other theft,Status update unavailable,
d254d3197ff3c30e28dbbd63e9f98ca350724f23287103567c1a6cc518fed658,2019-05,Lancashire Constabulary,Lancashire Constabulary,-3.052692,53.801273,On or near Alexandra Road,E01012671,Blackpool 013A,Other theft,Status update unavailable,
476d5310c8f87e1d47deaf44f74203508c5866283b0f291457fcffeb18422d6e,2019-05,Lancashire Constabulary,Lancashire Constabulary,-3.053983,53.800075,On or near Royle Street,E01012671,Blackpool 013A,Other theft,Unable to prosecute suspect,
886ec467cea6052eee5d170249397c28b61e2a0fa185473b1b1a534441de0d3d,2019-05,Lancashire Constabulary,Lancashire Constabulary,-3.050725,53.802755,On or near Lowrey Terrace,E01012671,Blackpool 013A,Other theft,Status update unavailable,
16efa26cf3765cc6e83d2e354fce6c6193fa3dd396a50acc9ca848f8a9b55669,2019-05,Lancashire Constabulary,Lancashire Constabulary,-3.051192,53.801430,On or near Lytham Road,E01012671,Blackpool 013A,Public order,Unable to prosecute suspect,
ae399391b299479c56ec549ad89d150e7d33b3cf030d3be79afbd573a1254794,2019-05,Lancashire Constabulary,Lancashire Constabulary,-3.053237,53.800001,On or near Shaw Road,E01012671,Blackpool 013A,Public order,Further investigation is not in the public interest,
02da285e5ae688b7ace9c4f49fcfebd8c443d196cf078e01a76c39b9267dbe64,2019-05,Lancashire Constabulary,Lancashire Constabulary,-3.050904,53.803266,On or near Amberbanks Grove,E01012671,Blackpool 013A,Public order,Status update unavailable,
fd53928db6787992abd24ae9de3016b53c01db03b9597252b1afdf4a874ca1fa,2019-05,Lancashire Constabulary,Lancashire Constabulary,-3.052499,53.799036,On or near St Bede'S Avenue,E01012671,Blackpool 013A,Theft from the person,Status update unavailable,
b2fd8edce6b4ce4fb2cec7ab88e82bbb57de01d46db1bd70b23a71a149e81be0,2019-05,Lancashire Constabulary,Lancashire Constabulary,-3.051739,53.799627,On or near Bagot Street,E01012671,Blackpool 013A,Theft from the person,Status update unavailable,
9ed5b4ef6d27e473c942b36924105d3efe885bd82b95ff0f98e57afcd50b6517,2019-05,Lancashire Constabulary,Lancashire Constabulary,-3.054542,53.802407,On or near Bolton Street,E01012671,Blackpool 013A,Violence and sexual offences,Unable to prosecute suspect,
863bc73c7bb3b371d998c5fe7f24f7d3d4928485476be85fd53590de8c8f0671,2019-05,Lancashire Constabulary,Lancashire Constabulary,-3.051739,53.799627,On or near Bagot Street,E01012671,Blackpool 013A,Violence and sexual offences,Status update unavailable,
6473d2c4cc3e825c068813175b6b2cad505f1c887662d9cdc8803d782084c4c3,2019-05,Lancashire Constabulary,Lancashire Constabulary,-3.052499,53.799036,On or near St Bede'S Avenue,E01012671,Blackpool 013A,Violence and sexual offences,Further investigation is not in the public interest,
d9a3006709ad54c2bcc1c29e3cb73ba5a2ef48c4cfeca3550bbfe0796951e4ae,2019-05,Lancashire Constabulary,Lancashire Constabulary,-3.053597,53.804060,On or near Wellington Road,E01012671,Blackpool 013A,Violence and sexual offences,Awaiting court outcome,
bdd3748915f151077e73ad3cad33fe3c3ddd0f0a11b4fc2448d3b82040c875b8,2019-05,Lancashire Constabulary,Lancashire Constabulary,-3.052801,53.800778,On or near Adrian Street,E01012671,Blackpool 013A,Violence and sexual offences,Unable to prosecute suspect,
e8282a04a42bcf22f2452a8a94c1281646ab1b61e284609cff66ce29eeb8c582,2019-05,Lancashire Constabulary,Lancashire Constabulary,-3.053237,53.800001,On or near Shaw Road,E01012671,Blackpool 013A,Violence and sexual offences,Unable to prosecute suspect,
aaf62863e922ef116f92640cb59337517ef49c8cda1505826f5465fa39f607db,2019-05,Lancashire Constabulary,Lancashire Constabulary,-3.052499,53.799036,On or near St Bede'S Avenue,E01012671,Blackpool 013A,Violence and sexual offences,Unable to prosecute suspect,
513ccc4ce9aa75866b58cfbe6c420a288f4ac4ebeb3f9da7bdd5615b6dba3897,2019-05,Lancashire Constabulary,Lancashire Constabulary,-3.055513,53.801140,On or near Promenade,E01012671,Blackpool 013A,Violence and sexual offences,Unable to prosecute suspect,
13310a021c40bcbb87a74de08680d0966478e64498f591f148670edddd57548a,2019-05,Lancashire Constabulary,Lancashire Constabulary,-3.052801,53.800778,On or near Adrian Street,E01012671,Blackpool 013A,Violence and sexual offences,Unable to prosecute suspect,
7ec7460418f16232116dbc7c0cb94a75ccbdc506254a808a683c8a9ba81b147c,2019-05,Lancashire Constabulary,Lancashire Constabulary,-3.053597,53.804060,On or near Wellington Road,E01012671,Blackpool 013A,Violence and sexual offences,Awaiting court outcome,
cb0bf84607681e8a09a51a4baeade2eceb568fab2e58878248e99ea8b534b506,2019-05,Lancashire Constabulary,Lancashire Constabulary,-3.051739,53.799627,On or near Bagot Street,E01012671,Blackpool 013A,Violence and sexual offences,Status update unavailable,
54cf8660345f17f8661b7531161aefebd1a02cd7e85dce3c1a8ec38d8018dddb,2019-05,Lancashire Constabulary,Lancashire Constabulary,-3.054542,53.802407,On or near Bolton Street,E01012671,Blackpool 013A,Violence and sexual offences,Status update unavailable,
a96092edaea4f77d135d2c66977573d16f19b4540e7b4e1022a6e153af100494,2019-05,Lancashire Constabulary,Lancashire Constabulary,-3.054542,53.802407,On or near Bolton Street,E01012671,Blackpool 013A,Violence and sexual offences,Status update unavailable,
dc5b8a0f04620cb6bab97aba21edb5ed7b4521ff35e3de05574b06ec0aa092b1,2019-05,Lancashire Constabulary,Lancashire Constabulary,-3.051739,53.799627,On or near Bagot Street,E01012671,Blackpool 013A,Violence and sexual offences,Status update unavailable,
917f5da08be8cc6f75d1596bbc3d4779b5a5a768ec5300ce2d49d0e6f8799b51,2019-05,Lancashire Constabulary,Lancashire Constabulary,-3.051739,53.799627,On or near Bagot Street,E01012671,Blackpool 013A,Violence and sexual offences,Further investigation is not in the public interest,
97733b5dd5c852e9cb5be2cca1152ef9a2026fb402889f75e6a0a16d6ffd3d3b,2019-05,Lancashire Constabulary,Lancashire Constabulary,-3.054542,53.802407,On or near Bolton Street,E01012671,Blackpool 013A,Violence and sexual offences,Status update unavailable,
c5d7433ebf328c6d52114af4080d4e4bdcb86a39d2b144ebf9eb546a11e8beea,2019-05,Lancashire Constabulary,Lancashire Constabulary,-3.050904,53.803266,On or near Amberbanks Grove,E01012671,Blackpool 013A,Violence and sexual offences,Unable to prosecute suspect,
b440b0ec7d903e635c22e3026bdbc77062827d181893f458d1b376c0005ea38f,2019-05,Lancashire Constabulary,Lancashire Constabulary,-3.053237,53.800001,On or near Shaw Road,E01012671,Blackpool 013A,Violence and sexual offences,Unable to prosecute suspect,
e4b0c791279342b40d66c7b7aa577024a7f86715a7df65a9e250fb810987721c,2019-05,Lancashire Constabulary,Lancashire Constabulary,-3.052780,53.800562,On or near Haig Road,E01012671,Blackpool 013A,Violence and sexual offences,Unable to prosecute suspect,
0fe56f0b800df76b5f27b9e960fd09f4df4c8adb5c2ac122389ffa320ab24166,2019-05,Lancashire Constabulary,Lancashire Constabulary,-3.053597,53.804060,On or near Wellington Road,E01012671,Blackpool 013A,Violence and sexual offences,Status update unavailable,
2956e53d90930d9093cff2f7b3aa78e2520f219eec2544b062583bdd7cbe540c,2019-05,Lancashire Constabulary,Lancashire Constabulary,-3.053473,53.802776,On or near St Chad'S Road,E01012671,Blackpool 013A,Violence and sexual offences,Unable to prosecute suspect,
51a2b2849464b4aaed45cd462f27391e3a10f6205ea3964c3bc63baea43e32d5,2019-05,Lancashire Constabulary,Lancashire Constabulary,-3.051081,53.799399,On or near Supermarket,E01012671,Blackpool 013A,Violence and sexual offences,Status update unavailable,
ce9127228d719fd624b20801637f6fd8af0bc3790ae836c119ea94c2d8b14632,2019-05,Lancashire Constabulary,Lancashire Constabulary,-3.054542,53.802407,On or near Bolton Street,E01012671,Blackpool 013A,Violence and sexual offences,Unable to prosecute suspect,
5b746ecd5f1906864af70cada9046e20d521b2680f2c6168e883d889f2c7892b,2019-05,Lancashire Constabulary,Lancashire Constabulary,-3.053562,53.799638,On or near Miller Street,E01012671,Blackpool 013A,Violence and sexual offences,Status update unavailable,
5a5d9482f7e0c2f16e10257f67eb621d68e27bd1b9f532db8b3a92c18008e9f9,2019-05,Lancashire Constabulary,Lancashire Constabulary,-3.053473,53.802776,On or near St Chad'S Road,E01012671,Blackpool 013A,Violence and sexual offences,Unable to prosecute suspect,
f476d7da4e98c222e16c50bf08385a2bf2c8065f79e0d84854fff948fc5806bf,2019-05,Lancashire Constabulary,Lancashire Constabulary,-3.053597,53.804060,On or near Wellington Road,E01012671,Blackpool 013A,Violence and sexual offences,Status update unavailable,
0ae549d115110002cd01f382142affd42d835dc24c1fb93eba7053f11bb29f27,2019-05,Lancashire Constabulary,Lancashire Constabulary,-3.053597,53.804060,On or near Wellington Road,E01012671,Blackpool 013A,Violence and sexual offences,Awaiting court outcome,
ccc957652de249997106b51bca9869783e8f46071f917f8d55908df854f6c418,2019-05,Lancashire Constabulary,Lancashire Constabulary,-3.055062,53.799544,On or near Britannia Place,E01012671,Blackpool 013A,Violence and sexual offences,Awaiting court outcome,
c6e4a3e54f15363fb48a0cf061897c6ee325e9c9b22d542a3f1cb3c09d001800,2019-05,Lancashire Constabulary,Lancashire Constabulary,-3.055062,53.799544,On or near Britannia Place,E01012671,Blackpool 013A,Violence and sexual offences,Status update unavailable,
70ea6a3668a48182cb38d206a2212bf434dceb8c834866d4bf9f311d27419f14,2019-05,Lancashire Constabulary,Lancashire Constabulary,-3.054542,53.802407,On or near Bolton Street,E01012671,Blackpool 013A,Violence and sexual offences,Status update unavailable,
,2019-05,Lancashire Constabulary,Lancashire Constabulary,-3.053952,53.810942,On or near Cragg Street,E01012672,Blackpool 013B,Anti-social behaviour,,
,2019-05,Lancashire Constabulary,Lancashire Constabulary,-3.052958,53.805846,On or near Kirby Road,E01012672,Blackpool 013B,Anti-social behaviour,,
,2019-05,Lancashire Constabulary,Lancashire Constabulary,-3.054061,53.806825,On or near Tyldesley Road,E01012672,Blackpool 013B,Anti-social behaviour,,
,2019-05,Lancashire Constabulary,Lancashire Constabulary,-3.053005,53.810142,On or near Shannon Street,E01012672,Blackpool 013B,Anti-social behaviour,,
,2019-05,Lancashire Constabulary,Lancashire Constabulary,-3.053952,53.810942,On or near Cragg Street,E01012672,Blackpool 013B,Anti-social behaviour,,
,2019-05,Lancashire Constabulary,Lancashire Constabulary,-3.053005,53.810142,On or near Shannon Street,E01012672,Blackpool 013B,Anti-social behaviour,,
,2019-05,Lancashire Constabulary,Lancashire Constabulary,-3.054061,53.806825,On or near Tyldesley Road,E01012672,Blackpool 013B,Anti-social behaviour,,
,2019-05,Lancashire Constabulary,Lancashire Constabulary,-3.053952,53.810942,On or near Cragg Street,E01012672,Blackpool 013B,Anti-social behaviour,,
,2019-05,Lancashire Constabulary,Lancashire Constabulary,-3.054061,53.806825,On or near Tyldesley Road,E01012672,Blackpool 013B,Anti-social behaviour,,
,2019-05,Lancashire Constabulary,Lancashire Constabulary,-3.053521,53.803468,On or near Woodfield Road,E01012672,Blackpool 013B,Anti-social behaviour,,
,2019-05,Lancashire Constabulary,Lancashire Constabulary,-3.055241,53.807237,On or near Lytham Road,E01012672,Blackpool 013B,Anti-social behaviour,,
,2019-05,Lancashire Constabulary,Lancashire Constabulary,-3.052343,53.803730,On or near Back Woodfield Road,E01012672,Blackpool 013B,Anti-social behaviour,,
,2019-05,Lancashire Constabulary,Lancashire Constabulary,-3.052616,53.810379,On or near Back Shannon Street,E01012672,Blackpool 013B,Anti-social behaviour,,
,2019-05,Lancashire Constabulary,Lancashire Constabulary,-3.054061,53.806825,On or near Tyldesley Road,E01012672,Blackpool 013B,Anti-social behaviour,,
,2019-05,Lancashire Constabulary,Lancashire Constabulary,-3.054238,53.805403,On or near Trafalgar Road,E01012672,Blackpool 013B,Anti-social behaviour,,
,2019-05,Lancashire Constabulary,Lancashire Constabulary,-3.054236,53.804747,On or near Barton Avenue,E01012672,Blackpool 013B,Anti-social behaviour,,
,2019-05,Lancashire Constabulary,Lancashire Constabulary,-3.054238,53.805403,On or near Trafalgar Road,E01012672,Blackpool 013B,Anti-social behaviour,,
,2019-05,Lancashire Constabulary,Lancashire Constabulary,-3.053173,53.804711,On or near Nelson Road,E01012672,Blackpool 013B,Anti-social behaviour,,
,2019-05,Lancashire Constabulary,Lancashire Constabulary,-3.051044,53.804002,On or near John Street,E01012672,Blackpool 013B,Anti-social behaviour,,
,2019-05,Lancashire Constabulary,Lancashire Constabulary,-3.053521,53.803468,On or near Woodfield Road,E01012672,Blackpool 013B,Anti-social behaviour,,
,2019-05,Lancashire Constabulary,Lancashire Constabulary,-3.055036,53.808749,On or near Nightclub,E01012672,Blackpool 013B,Anti-social behaviour,,
,2019-05,Lancashire Constabulary,Lancashire Constabulary,-3.053115,53.803642,On or near Woodfield Avenue,E01012672,Blackpool 013B,Anti-social behaviour,,
,2019-05,Lancashire Constabulary,Lancashire Constabulary,-3.052616,53.810379,On or near Back Shannon Street,E01012672,Blackpool 013B,Anti-social behaviour,,
,2019-05,Lancashire Constabulary,Lancashire Constabulary,-3.052343,53.803730,On or near Back Woodfield Road,E01012672,Blackpool 013B,Anti-social behaviour,,
,2019-05,Lancashire Constabulary,Lancashire Constabulary,-3.054061,53.806825,On or near Tyldesley Road,E01012672,Blackpool 013B,Anti-social behaviour,,
,2019-05,Lancashire Constabulary,Lancashire Constabulary,-3.051025,53.804451,On or near Back Moon Avenue,E01012672,Blackpool 013B,Anti-social behaviour,,
,2019-05,Lancashire Constabulary,Lancashire Constabulary,-3.051025,53.804451,On or near Back Moon Avenue,E01012672,Blackpool 013B,Anti-social behaviour,,
,2019-05,Lancashire Constabulary,Lancashire Constabulary,-3.051044,53.804002,On or near John Street,E01012672,Blackpool 013B,Anti-social behaviour,,
,2019-05,Lancashire Constabulary,Lancashire Constabulary,-3.053952,53.810942,On or near Cragg Street,E01012672,Blackpool 013B,Anti-social behaviour,,
,2019-05,Lancashire Constabulary,Lancashire Constabulary,-3.055241,53.807237,On or near Lytham Road,E01012672,Blackpool 013B,Anti-social behaviour,,
581fddd2dea42942942a714298188e91e2f3ffc11f63c07fbfe9763c16566969,2019-05,Lancashire Constabulary,Lancashire Constabulary,-3.055241,53.807237,On or near Lytham Road,E01012672,Blackpool 013B,Bicycle theft,Status update unavailable,
2523998fe5f3c8a441b38df181cccafc5ff0f0530e30ad60cda1c13a1f3bbc93,2019-05,Lancashire Constabulary,Lancashire Constabulary,-3.054061,53.806825,On or near Tyldesley Road,E01012672,Blackpool 013B,Bicycle theft,Status update unavailable,
90e4a9980797a44982e02c4733b3153a3fa7c3ec40e9a12b35483496c0f572cd,2019-05,Lancashire Constabulary,Lancashire Constabulary,-3.053952,53.810942,On or near Cragg Street,E01012672,Blackpool 013B,Burglary,Status update unavailable,
3ef83f1b51e2f1ffd4a400b845f7d4261d80edc2b0b59270a909c95451a498c0,2019-05,Lancashire Constabulary,Lancashire Constabulary,-3.053848,53.804409,On or near Gadsby Street,E01012672,Blackpool 013B,Burglary,Status update unavailable,
396eb1605dd425912228e353335fbe01b1a93ae2251b63aac98af88b3c731eef,2019-05,Lancashire Constabulary,Lancashire Constabulary,-3.055241,53.807237,On or near Lytham Road,E01012672,Blackpool 013B,Burglary,Status update unavailable,
e4a1064df51979150ab19f5f1986d94a5db3ad82f4363be69b7a5baa55f44791,2019-05,Lancashire Constabulary,Lancashire Constabulary,-3.054061,53.806825,On or near Tyldesley Road,E01012672,Blackpool 013B,Burglary,Status update unavailable,
9f7b02948ab11b451ac5415b42bb2725ff8e3cb0790747cf0b5a0d93378bed54,2019-05,Lancashire Constabulary,Lancashire Constabulary,-3.054061,53.806825,On or near Tyldesley Road,E01012672,Blackpool 013B,Burglary,Status update unavailable,
cb0320c347610206a19b86bc0a6081ff46e5230fafe15b3767fcb5692747569d,2019-05,Lancashire Constabulary,Lancashire Constabulary,-3.051044,53.804002,On or near John Street,E01012672,Blackpool 013B,Burglary,Status update unavailable,
111bd0562bb3dc19e96653f317b5398e6289f4c4ffd62e81fcf9de72f3d83dcd,2019-05,Lancashire Constabulary,Lancashire Constabulary,-3.055241,53.807237,On or near Lytham Road,E01012672,Blackpool 013B,Burglary,Status update unavailable,
086d35ab0f2d9c7b17106fedc5d8f85aa473e8111879a7b784b8f2d678fecef9,2019-05,Lancashire Constabulary,Lancashire Constabulary,-3.051265,53.804935,On or near Back Clarendon Road,E01012672,Blackpool 013B,Criminal damage and arson,Awaiting court outcome,
09acf49a2ab931a6623b6bbedc64ec7838ce96cca21eee82662e548485bd256a,2019-05,Lancashire Constabulary,Lancashire Constabulary,-3.054236,53.804747,On or near Barton Avenue,E01012672,Blackpool 013B,Criminal damage and arson,Unable to prosecute suspect,
6971fdaf09dbd7be17d6e01a9c14cc0c6ce4867daa6a45a54b4b0880f07bb9c9,2019-05,Lancashire Constabulary,Lancashire Constabulary,-3.054216,53.808163,On or near Tyldesley Road,E01012672,Blackpool 013B,Criminal damage and arson,Further investigation is not in the public interest,
518290493df43bb6d5d700ab340be180d3e4ab1926c7bc4ffee53d2682421e88,2019-05,Lancashire Constabulary,Lancashire Constabulary,-3.054061,53.806825,On or near Tyldesley Road,E01012672,Blackpool 013B,Criminal damage and arson,Status update unavailable,
a4747d5e8d9e1fa344b74fafd96548cf961b9351579e9e5eff9e6b9ee377497e,2019-05,Lancashire Constabulary,Lancashire Constabulary,-3.052506,53.809634,On or near Caroline Street,E01012672,Blackpool 013B,Criminal damage and arson,Unable to prosecute suspect,
54a5a34a934f713382803fc08cda26a904f5b6cf4e71cf97815d711e2ae73de9,2019-05,Lancashire Constabulary,Lancashire Constabulary,-3.054586,53.809606,On or near Dale Street Mews,E01012672,Blackpool 013B,Criminal damage and arson,Status update unavailable,
ac6c33cad08c5defe99b56c0708a039fbadc6c8930d9df325074b2da36185de6,2019-05,Lancashire Constabulary,Lancashire Constabulary,-3.054061,53.806825,On or near Tyldesley Road,E01012672,Blackpool 013B,Criminal damage and arson,Status update unavailable,
37c43e6169368739b92d6cae6afc38b6612c48bc28aee075a250faf522884981,2019-05,Lancashire Constabulary,Lancashire Constabulary,-3.052616,53.810379,On or near Back Shannon Street,E01012672,Blackpool 013B,Criminal damage and arson,Awaiting court outcome,
cd07fcc9ef3843b0dc1f543513154e450a2a6f5a7944e3b6c68e790b7d971bc6,2019-05,Lancashire Constabulary,Lancashire Constabulary,-3.054059,53.809791,On or near Yorkshire Street,E01012672,Blackpool 013B,Drugs,Status update unavailable,
3c7dc22771c57fe4dbb5cf83fd089404cc9f9d64f1985c7a8c8cd601b03b45c0,2019-05,Lancashire Constabulary,Lancashire Constabulary,-3.054238,53.805403,On or near Trafalgar Road,E01012672,Blackpool 013B,Other theft,Status update unavailable,
4439c73dc0dd4e4c5bc38c16e8776cdc3f90c88fc8cedad58fd09901ec3c56ef,2019-05,Lancashire Constabulary,Lancashire Constabulary,-3.054216,53.808163,On or near Tyldesley Road,E01012672,Blackpool 013B,Other theft,Unable to prosecute suspect,
556a645ffe32147a57120e7d2cb8ef0df16e70b308c718a3d4b9d08ff91a5fed,2019-05,Lancashire Constabulary,Lancashire Constabulary,-3.054019,53.809405,On or near Bairstow Street,E01012672,Blackpool 013B,Other theft,Status update unavailable,
b4d64e7057bebe77a8fa363547f77f78e312776e8af85f867994e919e3a90cfd,2019-05,Lancashire Constabulary,Lancashire Constabulary,-3.054216,53.808163,On or near Tyldesley Road,E01012672,Blackpool 013B,Other theft,Further investigation is not in the public interest,
dc5c61b9744edf84c713c3b65484404b66409effebf15b785754bfc315beb5ff,2019-05,Lancashire Constabulary,Lancashire Constabulary,-3.055241,53.807237,On or near Lytham Road,E01012672,Blackpool 013B,Other theft,Status update unavailable,
c9d8d2a7b23c7194b3284318a79ca23c2adfca1a6cf283f7598a45cca72dc833,2019-05,Lancashire Constabulary,Lancashire Constabulary,-3.052218,53.810850,On or near Coop Street,E01012672,Blackpool 013B,Other theft,Status update unavailable,
761c78095aee1362d6062f667fb803daf6372e214eb76315fce3ff088c5a5f4d,2019-05,Lancashire Constabulary,Lancashire Constabulary,-3.051044,53.804002,On or near John Street,E01012672,Blackpool 013B,Other theft,Status update unavailable,
24ad018fcbeaf3026993f6108883a6a9bb8bf4cc4eee11572a76f06c919ed8f9,2019-05,Lancashire Constabulary,Lancashire Constabulary,-3.052835,53.806997,On or near Blundell Street,E01012672,Blackpool 013B,Public order,Unable to prosecute suspect,
54b7407e61b3e51316acb36932577e359619da677d259a17041db94c72a028fc,2019-05,Lancashire Constabulary,Lancashire Constabulary,-3.053952,53.810942,On or near Cragg Street,E01012672,Blackpool 013B,Public order,Status update unavailable,
118946f56220b1c657549b0a0ffedd197cac85868db7aa0b9f787b5120affa94,2019-05,Lancashire Constabulary,Lancashire Constabulary,-3.054061,53.806825,On or near Tyldesley Road,E01012672,Blackpool 013B,Public order,Further investigation is not in the public interest,
0570b30fc2faf23f70026e516427a961e0d68b04628246e9f4af11d65226b4f1,2019-05,Lancashire Constabulary,Lancashire Constabulary,-3.052835,53.806997,On or near Blundell Street,E01012672,Blackpool 013B,Public order,Status update unavailable,
c9df112fdabf8352bb438fcfbc8dfc41c70e543ae714bbc906b89c783ed5433c,2019-05,Lancashire Constabulary,Lancashire Constabulary,-3.051044,53.804002,On or near John Street,E01012672,Blackpool 013B,Public order,Unable to prosecute suspect,
a23acb071611ef62ab76165e0ecbd7647c198f4c6e164619bb5ea7547f3443d3,2019-05,Lancashire Constabulary,Lancashire Constabulary,-3.051044,53.804002,On or near John Street,E01012672,Blackpool 013B,Public order,Further investigation is not in the public interest,
e614577cf8dacb8e9fb03c18559a1f75dd5333ded1e17e37f1c17b922327c801,2019-05,Lancashire Constabulary,Lancashire Constabulary,-3.054061,53.806825,On or near Tyldesley Road,E01012672,Blackpool 013B,Public order,Status update unavailable,
07e02626133856a2cf42da8e224e11f274d31f28393f2d6919f7021a2a6f2f98,2019-05,Lancashire Constabulary,Lancashire Constabulary,-3.055241,53.807237,On or near Lytham Road,E01012672,Blackpool 013B,Public order,Status update unavailable,
259c261712039d0a154fba060b5d03f41f3714129f299b24545ab473ec5edf24,2019-05,Lancashire Constabulary,Lancashire Constabulary,-3.054236,53.804747,On or near Barton Avenue,E01012672,Blackpool 013B,Public order,Status update unavailable,
44525a85a4b9a7498cfa50b0b8a7f3a9fc11b7ed07f42028efd1d03be4a28f63,2019-05,Lancashire Constabulary,Lancashire Constabulary,-3.054238,53.805403,On or near Trafalgar Road,E01012672,Blackpool 013B,Robbery,Status update unavailable,
4ffe743491a159930486df0ccf59fc18d2389c9622d0a123dc952b7b901b1c1b,2019-05,Lancashire Constabulary,Lancashire Constabulary,-3.054061,53.806825,On or near Tyldesley Road,E01012672,Blackpool 013B,Shoplifting,Formal action is not in the public interest,
8cbbff88a10d4e9feefc847f3f9a4d8bbfc9e675c2781a262f12fc6ee425cf97,2019-05,Lancashire Constabulary,Lancashire Constabulary,-3.053952,53.810942,On or near Cragg Street,E01012672,Blackpool 013B,Theft from the person,Status update unavailable,
6a367ab6059ed9cf55965b62f7f0d1ad9c51be07a4744b550a76134f9e4fe097,2019-05,Lancashire Constabulary,Lancashire Constabulary,-3.051025,53.804451,On or near Back Moon Avenue,E01012672,Blackpool 013B,Vehicle crime,Status update unavailable,
2c54947868c891779de1422c82cde655bde95462178cb81caa535b0ca35ba843,2019-05,Lancashire Constabulary,Lancashire Constabulary,-3.050471,53.807782,On or near Rigby Road,E01012672,Blackpool 013B,Vehicle crime,Status update unavailable,
0aab55c677cc5f6848a4faa773db48a2a48538945b04a5607a828350f65163a5,2019-05,Lancashire Constabulary,Lancashire Constabulary,-3.053115,53.803642,On or near Woodfield Avenue,E01012672,Blackpool 013B,Vehicle crime,Status update unavailable,
be5f18dbc73a1d81d8fbc7393d7bb07d89dd529e8a00a77829a22669d8c0f66b,2019-05,Lancashire Constabulary,Lancashire Constabulary,-3.054236,53.804747,On or near Barton Avenue,E01012672,Blackpool 013B,Vehicle crime,Status update unavailable,
f8cd2029a3b1e14eef4ad190ddb790231597fc46da88f07a4389bfeabdb38579,2019-05,Lancashire Constabulary,Lancashire Constabulary,-3.053115,53.803642,On or near Woodfield Avenue,E01012672,Blackpool 013B,Violence and sexual offences,Offender given a caution,
ef380e114deae89ac4121863781e351f6e20ba4b6f2572fe45d1873ccfc4f8e6,2019-05,Lancashire Constabulary,Lancashire Constabulary,-3.054238,53.805403,On or near Trafalgar Road,E01012672,Blackpool 013B,Violence and sexual offences,Status update unavailable,
09941fd8c686fc0d090b412b5e30f24f3f03fcee73193e309da995dab9d662db,2019-05,Lancashire Constabulary,Lancashire Constabulary,-3.054238,53.805403,On or near Trafalgar Road,E01012672,Blackpool 013B,Violence and sexual offences,Unable to prosecute suspect,
f7be98e612dd7bbe6f238fe8d5ec42148ad7cb50da51c4f26d8ab3f27c528274,2019-05,Lancashire Constabulary,Lancashire Constabulary,-3.054238,53.805403,On or near Trafalgar Road,E01012672,Blackpool 013B,Violence and sexual offences,Status update unavailable,
7cf2c3328431bbb3bfe6dd69ed19b16c26fd33cf188f3a35354266fbf8c6766b,2019-05,Lancashire Constabulary,Lancashire Constabulary,-3.055036,53.808749,On or near Nightclub,E01012672,Blackpool 013B,Violence and sexual offences,Awaiting court outcome,
20155fa61b4bf8a2f5c9d976ff96c9b99c7bcae5ed66cfd6db67c8dd17530d67,2019-05,Lancashire Constabulary,Lancashire Constabulary,-3.053784,53.810306,On or near Bickerstaffe Street,E01012672,Blackpool 013B,Violence and sexual offences,Status update unavailable,
9a972435ce703793b6d183326e5d68371087d63fc56439c24e679cf9c3aec43c,2019-05,Lancashire Constabulary,Lancashire Constabulary,-3.054019,53.809405,On or near Bairstow Street,E01012672,Blackpool 013B,Violence and sexual offences,Unable to prosecute suspect,
26575e546c481c0f5193f9f6646637830c3d9359a0d99dd32c39405a31396a0d,2019-05,Lancashire Constabulary,Lancashire Constabulary,-3.052616,53.810379,On or near Back Shannon Street,E01012672,Blackpool 013B,Violence and sexual offences,Status update unavailable,
198319e136854a5e1b69a689611c6ac2f5f620965acd2d143360bd576507ac0b,2019-05,Lancashire Constabulary,Lancashire Constabulary,-3.054059,53.809791,On or near Yorkshire Street,E01012672,Blackpool 013B,Violence and sexual offences,Further investigation is not in the public interest,
c8cb2e26ca3a1feba76f7ac286a6bfc940de63bf0c110b07fd0c7fb1a0a7050c,2019-05,Lancashire Constabulary,Lancashire Constabulary,-3.054019,53.809405,On or near Bairstow Street,E01012672,Blackpool 013B,Violence and sexual offences,Status update unavailable,
ad90dc368e4095ba7e52dc1a6c0d9637e3421681460ae9cee618c0bf07f94621,2019-05,Lancashire Constabulary,Lancashire Constabulary,-3.054061,53.806825,On or near Tyldesley Road,E01012672,Blackpool 013B,Violence and sexual offences,Unable to prosecute suspect,
66202e78878121988e2601fb3e988eac9a3fccb9e904992eeaf950bd38c1b666,2019-05,Lancashire Constabulary,Lancashire Constabulary,-3.054586,53.809606,On or near Dale Street Mews,E01012672,Blackpool 013B,Violence and sexual offences,Status update unavailable,
465d7cde2c8349f3c86847f871c9755928ee6d01a753323266a9aebf9f582a3b,2019-05,Lancashire Constabulary,Lancashire Constabulary,-3.055036,53.808749,On or near Nightclub,E01012672,Blackpool 013B,Violence and sexual offences,Awaiting court outcome,
7c2bcad1170fa2d4ab3f922254404f6be46a2a6f0bba55a12b44bbb9d38bdd1b,2019-05,Lancashire Constabulary,Lancashire Constabulary,-3.054061,53.806825,On or near Tyldesley Road,E01012672,Blackpool 013B,Violence and sexual offences,Status update unavailable,
1a7055ce8665144d1587b199a95c378730735369905d4cc65eb491acce7ac5c1,2019-05,Lancashire Constabulary,Lancashire Constabulary,-3.052343,53.803730,On or near Back Woodfield Road,E01012672,Blackpool 013B,Violence and sexual offences,Awaiting court outcome,
40e43b47fe5e53808cc2f82331e24b7f0a092f0749d433df47520d5f2cebe357,2019-05,Lancashire Constabulary,Lancashire Constabulary,-3.055036,53.808749,On or near Nightclub,E01012672,Blackpool 013B,Violence and sexual offences,Status update unavailable,
54ae5be328287091f2f67475df4ec1c1bef232b956975038f10dfcd031e70e67,2019-05,Lancashire Constabulary,Lancashire Constabulary,-3.054061,53.806825,On or near Tyldesley Road,E01012672,Blackpool 013B,Violence and sexual offences,Awaiting court outcome,
c6271d909c563c1255b90345d26ec14fce361074ddbc2e562b8f1dd5341bcf75,2019-05,Lancashire Constabulary,Lancashire Constabulary,-3.052958,53.805846,On or near Kirby Road,E01012672,Blackpool 013B,Violence and sexual offences,Unable to prosecute suspect,
1b99203d340982088abc3a70ed2da7350cb6419b0145bb77da47815f67bb40ab,2019-05,Lancashire Constabulary,Lancashire Constabulary,-3.053952,53.810942,On or near Cragg Street,E01012672,Blackpool 013B,Violence and sexual offences,Status update unavailable,
eb45bb6c0a3092f7200308ce7680a74257d1d6384f9562811b3a2656b04ad84f,2019-05,Lancashire Constabulary,Lancashire Constabulary,-3.053521,53.803468,On or near Woodfield Road,E01012672,Blackpool 013B,Violence and sexual offences,Status update unavailable,
f9ad547f7666480eeceab0e1a74ba21eb6e5f1662766bc9baf1195a8f5709f25,2019-05,Lancashire Constabulary,Lancashire Constabulary,-3.054061,53.806825,On or near Tyldesley Road,E01012672,Blackpool 013B,Violence and sexual offences,Unable to prosecute suspect,
2e4e7cd0216863f10a6662333e022dfda7df8e91d1cb41e6b0442c5950cee983,2019-05,Lancashire Constabulary,Lancashire Constabulary,-3.054019,53.809405,On or near Bairstow Street,E01012672,Blackpool 013B,Violence and sexual offences,Status update unavailable,
298430eb4700212a448873a9a04a80b5f12d71cb3a320e1e209cb3c12fb227dc,2019-05,Lancashire Constabulary,Lancashire Constabulary,-3.053521,53.803468,On or near Woodfield Road,E01012672,Blackpool 013B,Violence and sexual offences,Status update unavailable,
bbc99ffce4f79b55acc540f290ca1bcb72deb7c9b4dd8a0575270450548f7fee,2019-05,Lancashire Constabulary,Lancashire Constabulary,-3.051228,53.804674,On or near Clarendon Road,E01012672,Blackpool 013B,Violence and sexual offences,Further investigation is not in the public interest,
504867605e33f7a7020837cddbb10feace8e2b225e05b2740a4cfe88bbe5459f,2019-05,Lancashire Constabulary,Lancashire Constabulary,-3.052506,53.809634,On or near Caroline Street,E01012672,Blackpool 013B,Violence and sexual offences,Status update unavailable,
1bf4ce3705f9f7ecd26c93f58c21af253bc7a8c3dba421da696f6c836cc7d6f8,2019-05,Lancashire Constabulary,Lancashire Constabulary,-3.054216,53.808163,On or near Tyldesley Road,E01012672,Blackpool 013B,Violence and sexual offences,Status update unavailable,
271f4af3f0d8e6e192c59d629262ce5861baad8516613f84600819ee1de5d8b0,2019-05,Lancashire Constabulary,Lancashire Constabulary,-3.053952,53.810942,On or near Cragg Street,E01012672,Blackpool 013B,Violence and sexual offences,Status update unavailable,
6eb5ae8898f4a3b0858cb9ac315071a4a1ed11a30d81d3888165326fe880fba8,2019-05,Lancashire Constabulary,Lancashire Constabulary,-3.054238,53.805403,On or near Trafalgar Road,E01012672,Blackpool 013B,Violence and sexual offences,Unable to prosecute suspect,
73a5ea6927c9719eac4f125eb37bc825ee8a47d8d7adfecd809b955421577302,2019-05,Lancashire Constabulary,Lancashire Constabulary,-3.055241,53.807237,On or near Lytham Road,E01012672,Blackpool 013B,Violence and sexual offences,Status update unavailable,
c0c1dafd3f5f4f0f0d5a99233538b056fd283a8d426e94d50f18974b3530d323,2019-05,Lancashire Constabulary,Lancashire Constabulary,-3.054061,53.806825,On or near Tyldesley Road,E01012672,Blackpool 013B,Violence and sexual offences,Status update unavailable,
e40a2658afc42d1a2844a1e0823d9e2722f549f11d3f19dc72f25ab361c41419,2019-05,Lancashire Constabulary,Lancashire Constabulary,-3.055036,53.808749,On or near Nightclub,E01012672,Blackpool 013B,Violence and sexual offences,Status update unavailable,
279774ef5548bb058fbc97e29808d4afd7707f7fd78614869017ad2daeaeb768,2019-05,Lancashire Constabulary,Lancashire Constabulary,-3.054238,53.805403,On or near Trafalgar Road,E01012672,Blackpool 013B,Violence and sexual offences,Status update unavailable,
,2019-05,Lancashire Constabulary,Lancashire Constabulary,-3.047666,53.803115,On or near Seymour Road,E01012674,Blackpool 013C,Anti-social behaviour,,
,2019-05,Lancashire Constabulary,Lancashire Constabulary,-3.046149,53.800710,On or near Stansfield Street,E01012674,Blackpool 013C,Anti-social behaviour,,
,2019-05,Lancashire Constabulary,Lancashire Constabulary,-3.046876,53.800038,On or near Westbourne Avenue,E01012674,Blackpool 013C,Anti-social behaviour,,
,2019-05,Lancashire Constabulary,Lancashire Constabulary,-3.048304,53.806147,On or near Parking Area,E01012674,Blackpool 013C,Anti-social behaviour,,
,2019-05,Lancashire Constabulary,Lancashire Constabulary,-3.046398,53.801562,On or near St Heliers Road,E01012674,Blackpool 013C,Anti-social behaviour,,
,2019-05,Lancashire Constabulary,Lancashire Constabulary,-3.048022,53.804604,On or near Sports/Recreation Area,E01012674,Blackpool 013C,Anti-social behaviour,,
,2019-05,Lancashire Constabulary,Lancashire Constabulary,-3.050662,53.802073,On or near Ruskin Avenue,E01012674,Blackpool 013C,Anti-social behaviour,,
,2019-05,Lancashire Constabulary,Lancashire Constabulary,-3.048304,53.806147,On or near Parking Area,E01012674,Blackpool 013C,Anti-social behaviour,,
,2019-05,Lancashire Constabulary,Lancashire Constabulary,-3.046876,53.800038,On or near Westbourne Avenue,E01012674,Blackpool 013C,Anti-social behaviour,,
,2019-05,Lancashire Constabulary,Lancashire Constabulary,-3.046398,53.801562,On or near St Heliers Road,E01012674,Blackpool 013C,Anti-social behaviour,,
,2019-05,Lancashire Constabulary,Lancashire Constabulary,-3.047666,53.803115,On or near Seymour Road,E01012674,Blackpool 013C,Anti-social behaviour,,
,2019-05,Lancashire Constabulary,Lancashire Constabulary,-3.046876,53.800038,On or near Westbourne Avenue,E01012674,Blackpool 013C,Anti-social behaviour,,
,2019-05,Lancashire Constabulary,Lancashire Constabulary,-3.049217,53.806858,On or near Parking Area,E01012674,Blackpool 013C,Anti-social behaviour,,
,2019-05,Lancashire Constabulary,Lancashire Constabulary,-3.050072,53.799741,On or near Wolsley Road,E01012674,Blackpool 013C,Anti-social behaviour,,
,2019-05,Lancashire Constabulary,Lancashire Constabulary,-3.048304,53.806147,On or near Parking Area,E01012674,Blackpool 013C,Anti-social behaviour,,
,2019-05,Lancashire Constabulary,Lancashire Constabulary,-3.049999,53.799238,On or near Hilton Avenue,E01012674,Blackpool 013C,Anti-social behaviour,,
5f4bda0ddf2f468a480d7cbd83b71c16b40ed68204b678dd5459198f34582d61,2019-05,Lancashire Constabulary,Lancashire Constabulary,-3.045894,53.802663,On or near Maudland Road,E01012674,Blackpool 013C,Criminal damage and arson,Status update unavailable,
0f534aca5921023daf86427b35e07ff88c23f61b573340d5ac5cc44e0904bc9a,2019-05,Lancashire Constabulary,Lancashire Constabulary,-3.050072,53.799741,On or near Wolsley Road,E01012674,Blackpool 013C,Criminal damage and arson,Unable to prosecute suspect,
3c63c41f6e7a0c7090130fb301e35bfa6d2d1f6949b25e7b04c1ad66e1996e13,2019-05,Lancashire Constabulary,Lancashire Constabulary,-3.046149,53.800710,On or near Stansfield Street,E01012674,Blackpool 013C,Criminal damage and arson,Status update unavailable,
2e2342b0ce94eefeb83878b428ed965b062e806f853f7308e7c1c89c39548088,2019-05,Lancashire Constabulary,Lancashire Constabulary,-3.047666,53.803115,On or near Seymour Road,E01012674,Blackpool 013C,Criminal damage and arson,Status update unavailable,
d576477c59ddda53433ff5f7a46fa891d56ef2d09c51b35d22b73095c6c58f97,2019-05,Lancashire Constabulary,Lancashire Constabulary,-3.048304,53.806147,On or near Parking Area,E01012674,Blackpool 013C,Criminal damage and arson,Status update unavailable,
89b57ec4dba5fc9d517868f79b09ddd1661cb778e30f11ad97f4191ed4039a10,2019-05,Lancashire Constabulary,Lancashire Constabulary,-3.046398,53.801562,On or near St Heliers Road,E01012674,Blackpool 013C,Criminal damage and arson,Status update unavailable,
0e9374ffb09607c481b976e908ca8ca9a413c1f2a47d746836011cde716a4623,2019-05,Lancashire Constabulary,Lancashire Constabulary,-3.048304,53.806147,On or near Parking Area,E01012674,Blackpool 013C,Drugs,Awaiting court outcome,
02308ae6b3a681191b8fdcfe37bec318a20cf97ccbb61e6ca629f0f0519caa61,2019-05,Lancashire Constabulary,Lancashire Constabulary,-3.046172,53.806525,On or near Petrol Station,E01012674,Blackpool 013C,Other theft,Investigation complete; no suspect identified,
6ca8358ad02499ff8a22647555d1fa8123eb1962cedce9f03679bb8df0bab060,2019-05,Lancashire Constabulary,Lancashire Constabulary,-3.046172,53.806525,On or near Petrol Station,E01012674,Blackpool 013C,Other theft,Investigation complete; no suspect identified,
9ef769707ea4146869269213ead5a7a9403ec18af17e09780f95aed04feeb828,2019-05,Lancashire Constabulary,Lancashire Constabulary,-3.050397,53.802399,On or near West View Avenue,E01012674,Blackpool 013C,Other theft,Further investigation is not in the public interest,
a313488173478592af4bba493a9bf2a38ad81f7b40ca52d0f0b37962b21882e6,2019-05,Lancashire Constabulary,Lancashire Constabulary,-3.047666,53.803115,On or near Seymour Road,E01012674,Blackpool 013C,Other theft,Status update unavailable,
00813e5cb3910dc5ccbb4c131681334d69ebd1ec8a4b9988b6238a717f5a947f,2019-05,Lancashire Constabulary,Lancashire Constabulary,-3.050363,53.801042,On or near Duke Street,E01012674,Blackpool 013C,Other theft,Status update unavailable,
51b9d20c5139505d923c5c53f5dd2d352f468ac63edcb9599b351f290838e285,2019-05,Lancashire Constabulary,Lancashire Constabulary,-3.049999,53.799238,On or near Hilton Avenue,E01012674,Blackpool 013C,Other theft,Status update unavailable,
028d4ff0464e3ab20b917d1dcf36ccfe1e06678bdd0b194a07f7d89ca56f03c8,2019-05,Lancashire Constabulary,Lancashire Constabulary,-3.046149,53.800710,On or near Stansfield Street,E01012674,Blackpool 013C,Public order,Unable to prosecute suspect,
8421bd62f28ae459b1ecb10a40f73200feab01cda7bdea5ca1d3ed07c63be7c4,2019-05,Lancashire Constabulary,Lancashire Constabulary,-3.050216,53.800638,On or near Ball Street,E01012674,Blackpool 013C,Public order,Status update unavailable,
03a12b57dd79f6283dadde693e14dea4ece2ca47453c53b972c3465e9bbb8d02,2019-05,Lancashire Constabulary,Lancashire Constabulary,-3.048304,53.806147,On or near Parking Area,E01012674,Blackpool 013C,Theft from the person,Status update unavailable,
6503b2b8ba76bd28b8cc10d46a558ef10fae85f2e4df404f02fbc564c18c02d6,2019-05,Lancashire Constabulary,Lancashire Constabulary,-3.049098,53.806922,On or near Sands Way,E01012674,Blackpool 013C,Vehicle crime,Status update unavailable,
d7f2f00c82b5718a0f2b0ebcaf57eb660ab59f6420b4ba6337887f07d97d40aa,2019-05,Lancashire Constabulary,Lancashire Constabulary,-3.048304,53.806147,On or near Parking Area,E01012674,Blackpool 013C,Vehicle crime,Status update unavailable,
572b6a031818470c0249f5eb9f737c0d3d7fbc72d66ca773f9e698720e334576,2019-05,Lancashire Constabulary,Lancashire Constabulary,-3.050129,53.800181,On or near Castlegate,E01012674,Blackpool 013C,Vehicle crime,Status update unavailable,
479c515159392fc3ce2eadcbed31dbd3b91fafb874042c767f96d7d014eb8463,2019-05,Lancashire Constabulary,Lancashire Constabulary,-3.046398,53.801562,On or near St Heliers Road,E01012674,Blackpool 013C,Vehicle crime,Status update unavailable,
710d738dd2c7fb7cfd308cb355206cc6b245c89e70e5091912a1b8d80e8ea335,2019-05,Lancashire Constabulary,Lancashire Constabulary,-3.049999,53.799238,On or near Hilton Avenue,E01012674,Blackpool 013C,Violence and sexual offences,Offender given a caution,
7d9f5f96655825b79989e3c4bd807ab08094628109d2f9848ea23d487a94aec9,2019-05,Lancashire Constabulary,Lancashire Constabulary,-3.050216,53.800638,On or near Ball Street,E01012674,Blackpool 013C,Violence and sexual offences,Status update unavailable,
f8ed1224be89f4241851eac4cd0635ed39303c53c85a8a8699df2ec3833d0e20,2019-05,Lancashire Constabulary,Lancashire Constabulary,-3.046149,53.800710,On or near Stansfield Street,E01012674,Blackpool 013C,Violence and sexual offences,Unable to prosecute suspect,
e37c4928d00f1a2a32669114701fea2116782e076f897b3ad04b37cf7ad2b52f,2019-05,Lancashire Constabulary,Lancashire Constabulary,-3.045473,53.801633,On or near Saville Road,E01012674,Blackpool 013C,Violence and sexual offences,Unable to prosecute suspect,
12273dca965937ba10aab3bd22bdcf90912528d08bae6379aaaa1b714c328f52,2019-05,Lancashire Constabulary,Lancashire Constabulary,-3.046149,53.800710,On or near Stansfield Street,E01012674,Blackpool 013C,Violence and sexual offences,Unable to prosecute suspect,
a0c9ed532710b878f58c06ca413c4ca4a0a173532c791ef2567c6b325cd020e7,2019-05,Lancashire Constabulary,Lancashire Constabulary,-3.048304,53.806147,On or near Parking Area,E01012674,Blackpool 013C,Violence and sexual offences,Status update unavailable,
c94d518e9027d940d25a22d67887ef29ff59da561e7ddf0b11a0eedc7f47fb53,2019-05,Lancashire Constabulary,Lancashire Constabulary,-3.049735,53.802036,On or near Elland Place,E01012674,Blackpool 013C,Violence and sexual offences,Status update unavailable,
6da8628b4cab31f17471d39fc31cfd14a56c0a93951e904f17b085bc80b7c41d,2019-05,Lancashire Constabulary,Lancashire Constabulary,-3.047666,53.803115,On or near Seymour Road,E01012674,Blackpool 013C,Violence and sexual offences,Offender given a caution,
94ea7b402af4e96e8a6acfd4337e06df14fda4ed749c722be407c823f60aa458,2019-05,Lancashire Constabulary,Lancashire Constabulary,-3.046602,53.804895,On or near Henry Street,E01012674,Blackpool 013C,Violence and sexual offences,Status update unavailable,
04bb645ddf85cd458746aa44356509d7738d3cb296b6c10db0fb7958f45fbe3e,2019-05,Lancashire Constabulary,Lancashire Constabulary,-3.046398,53.801562,On or near St Heliers Road,E01012674,Blackpool 013C,Violence and sexual offences,Unable to prosecute suspect,
9bfc97c4e1492872d7b413dd5a2b09090fea851fd39650ee0cfc9c0dfc99d112,2019-05,Lancashire Constabulary,Lancashire Constabulary,-3.050129,53.800181,On or near Castlegate,E01012674,Blackpool 013C,Violence and sexual offences,Action to be taken by another organisation,
0984784c2b6b6d76be7051de37c8f5b0a3cdffc4ed1415c1e2b92ab0d3cf41b6,2019-05,Lancashire Constabulary,Lancashire Constabulary,-3.050072,53.799741,On or near Wolsley Road,E01012674,Blackpool 013C,Violence and sexual offences,Status update unavailable,
6e1bcfc9db550688bfa9eda10d0f3430d8b93480655613e11b5708afdaf2eff9,2019-05,Lancashire Constabulary,Lancashire Constabulary,-3.047666,53.803115,On or near Seymour Road,E01012674,Blackpool 013C,Violence and sexual offences,Unable to prosecute suspect,
26186367dad4f09ee93e74c329e85ff28b6adfd7d3398c54d8baf42aac9a9a24,2019-05,Lancashire Constabulary,Lancashire Constabulary,-3.046398,53.801562,On or near St Heliers Road,E01012674,Blackpool 013C,Violence and sexual offences,Further investigation is not in the public interest,
8dca0db2bb82a6755878e7ff638655746014f49ac924f89dcbbecb135e4b5aa1,2019-05,Lancashire Constabulary,Lancashire Constabulary,-3.050229,53.799928,On or near Ward Street,E01012674,Blackpool 013C,Violence and sexual offences,Further investigation is not in the public interest,
d9d22a87b9099427cc113552a8b7c42cdef2c66561ba9d0b8eff4ca13d441b8a,2019-05,Lancashire Constabulary,Lancashire Constabulary,-3.050363,53.801042,On or near Duke Street,E01012674,Blackpool 013C,Violence and sexual offences,Status update unavailable,
572052174bdb23cd669090b8a8a162ab28d2dbee600cc2d99b57ed9a6a528004,2019-05,Lancashire Constabulary,Lancashire Constabulary,-3.050363,53.801042,On or near Duke Street,E01012674,Blackpool 013C,Violence and sexual offences,Further investigation is not in the public interest,
b7205f0a48f58af7b35b3f1c9afa0df4576ccac446c6cfa52dd2dfbf1f6de528,2019-05,Lancashire Constabulary,Lancashire Constabulary,-3.050397,53.802399,On or near West View Avenue,E01012674,Blackpool 013C,Other crime,Unable to prosecute suspect,
,2019-05,Lancashire Constabulary,Lancashire Constabulary,-3.053075,53.798393,On or near Shopping Area,E01012751,Blackpool 013D,Anti-social behaviour,,
,2019-05,Lancashire Constabulary,Lancashire Constabulary,-3.051148,53.797826,On or near Hill Street,E01012751,Blackpool 013D,Anti-social behaviour,,
,2019-05,Lancashire Constabulary,Lancashire Constabulary,-3.055667,53.794002,On or near Simpson Street,E01012751,Blackpool 013D,Anti-social behaviour,,
,2019-05,Lancashire Constabulary,Lancashire Constabulary,-3.052177,53.797700,On or near Moore Street,E01012751,Blackpool 013D,Anti-social behaviour,,
,2019-05,Lancashire Constabulary,Lancashire Constabulary,-3.053075,53.798393,On or near Shopping Area,E01012751,Blackpool 013D,Anti-social behaviour,,
,2019-05,Lancashire Constabulary,Lancashire Constabulary,-3.049393,53.798677,On or near Garden Terrace,E01012751,Blackpool 013D,Anti-social behaviour,,
,2019-05,Lancashire Constabulary,Lancashire Constabulary,-3.055147,53.796874,On or near Montague Street,E01012751,Blackpool 013D,Anti-social behaviour,,
,2019-05,Lancashire Constabulary,Lancashire Constabulary,-3.053144,53.795678,On or near Station Road,E01012751,Blackpool 013D,Anti-social behaviour,,
,2019-05,Lancashire Constabulary,Lancashire Constabulary,-3.053883,53.796723,On or near Bond Street,E01012751,Blackpool 013D,Anti-social behaviour,,
,2019-05,Lancashire Constabulary,Lancashire Constabulary,-3.053075,53.798393,On or near Shopping Area,E01012751,Blackpool 013D,Anti-social behaviour,,
,2019-05,Lancashire Constabulary,Lancashire Constabulary,-3.055524,53.794965,On or near Simpson Street,E01012751,Blackpool 013D,Anti-social behaviour,,
,2019-05,Lancashire Constabulary,Lancashire Constabulary,-3.049989,53.795202,On or near Station Terrace,E01012751,Blackpool 013D,Anti-social behaviour,,
,2019-05,Lancashire Constabulary,Lancashire Constabulary,-3.054873,53.798054,On or near Bath Street,E01012751,Blackpool 013D,Anti-social behaviour,,
,2019-05,Lancashire Constabulary,Lancashire Constabulary,-3.054873,53.798054,On or near Bath Street,E01012751,Blackpool 013D,Anti-social behaviour,,
,2019-05,Lancashire Constabulary,Lancashire Constabulary,-3.055524,53.794965,On or near Simpson Street,E01012751,Blackpool 013D,Anti-social behaviour,,
,2019-05,Lancashire Constabulary,Lancashire Constabulary,-3.054873,53.798054,On or near Bath Street,E01012751,Blackpool 013D,Anti-social behaviour,,
,2019-05,Lancashire Constabulary,Lancashire Constabulary,-3.049393,53.798677,On or near Garden Terrace,E01012751,Blackpool 013D,Anti-social behaviour,,
,2019-05,Lancashire Constabulary,Lancashire Constabulary,-3.054873,53.798054,On or near Bath Street,E01012751,Blackpool 013D,Anti-social behaviour,,
,2019-05,Lancashire Constabulary,Lancashire Constabulary,-3.055147,53.796874,On or near Montague Street,E01012751,Blackpool 013D,Anti-social behaviour,,
,2019-05,Lancashire Constabulary,Lancashire Constabulary,-3.053075,53.798393,On or near Shopping Area,E01012751,Blackpool 013D,Anti-social behaviour,,
,2019-05,Lancashire Constabulary,Lancashire Constabulary,-3.053075,53.798393,On or near Shopping Area,E01012751,Blackpool 013D,Anti-social behaviour,,
,2019-05,Lancashire Constabulary,Lancashire Constabulary,-3.055314,53.793825,On or near Parking Area,E01012751,Blackpool 013D,Anti-social behaviour,,
,2019-05,Lancashire Constabulary,Lancashire Constabulary,-3.050014,53.795580,On or near Station Terrace,E01012751,Blackpool 013D,Anti-social behaviour,,
,2019-05,Lancashire Constabulary,Lancashire Constabulary,-3.050133,53.798518,On or near Lytham Road,E01012751,Blackpool 013D,Anti-social behaviour,,
1c881155733de06f93035df141b46cf3937ff8d89088e631a0cbfc779c266732,2019-05,Lancashire Constabulary,Lancashire Constabulary,-3.053883,53.796723,On or near Bond Street,E01012751,Blackpool 013D,Burglary,Status update unavailable,
24a215ed2d61f37b50a58f263ae3bfdbd82ec7a6e993ec9f9bfe6428a6833a96,2019-05,Lancashire Constabulary,Lancashire Constabulary,-3.055524,53.794965,On or near Simpson Street,E01012751,Blackpool 013D,Burglary,Status update unavailable,
8b0a71c8ab8c334a838e2bb5c1c1ff826265d2f2ddf1ff5cfbcb3407b0efa52f,2019-05,Lancashire Constabulary,Lancashire Constabulary,-3.051713,53.797983,On or near Byron Street,E01012751,Blackpool 013D,Burglary,Status update unavailable,
aedfa35adb6ec0bbcdc691259d6e25b19ab699ed48a039c115de992a8df65692,2019-05,Lancashire Constabulary,Lancashire Constabulary,-3.054873,53.798054,On or near Bath Street,E01012751,Blackpool 013D,Criminal damage and arson,Status update unavailable,
bfab8743596ae793aaaf8530170561762aa60ba8916cafd5e04336d83c14e47b,2019-05,Lancashire Constabulary,Lancashire Constabulary,-3.054844,53.796877,On or near Police Station,E01012751,Blackpool 013D,Criminal damage and arson,Status update unavailable,
98a017f75f5d778ab9469b981d178dcd304fd9ad4224b08639689c788906e7fa,2019-05,Lancashire Constabulary,Lancashire Constabulary,-3.055524,53.794965,On or near Simpson Street,E01012751,Blackpool 013D,Criminal damage and arson,Investigation complete; no suspect identified,
a0b45b68b1b95b90e03d7ddfa1f0c20c240fc29e2e9c8edbab22e959237d6668,2019-05,Lancashire Constabulary,Lancashire Constabulary,-3.051148,53.797826,On or near Hill Street,E01012751,Blackpool 013D,Criminal damage and arson,Status update unavailable,
5d7b4109d034b38613237140fe2bb0949e6241387288b9c31cab846d10fe15c5,2019-05,Lancashire Constabulary,Lancashire Constabulary,-3.050014,53.795580,On or near Station Terrace,E01012751,Blackpool 013D,Criminal damage and arson,Status update unavailable,
0020b3f5bf4771178f04811e4325a49e8d7ad26e12ff23d37d186184b60e5017,2019-05,Lancashire Constabulary,Lancashire Constabulary,-3.052177,53.797700,On or near Moore Street,E01012751,Blackpool 013D,Criminal damage and arson,Unable to prosecute suspect,
ef5272cf55f388e7ea744bf42451d7c17d423caa20518518401e2b8b21a331d3,2019-05,Lancashire Constabulary,Lancashire Constabulary,-3.055524,53.794965,On or near Simpson Street,E01012751,Blackpool 013D,Criminal damage and arson,Status update unavailable,
b4f06ecab78d9bb2829de86b2c814eaac27927414576a0886e8f1d11f4f2e6bc,2019-05,Lancashire Constabulary,Lancashire Constabulary,-3.053883,53.796723,On or near Bond Street,E01012751,Blackpool 013D,Other theft,Offender given a caution,
8c03e7a138f7903b3d6c377de315864b0bfe88deacc28e8ece36c0bd4464c0ab,2019-05,Lancashire Constabulary,Lancashire Constabulary,-3.055314,53.793825,On or near Parking Area,E01012751,Blackpool 013D,Other theft,Status update unavailable,
7e7b12dc7a456858e8e59b35023d9f94e0cefb7e514d143e92ae7ab990cd0024,2019-05,Lancashire Constabulary,Lancashire Constabulary,-3.054721,53.798019,On or near Lawrence Street,E01012751,Blackpool 013D,Other theft,Further investigation is not in the public interest,
a2f615c4c98a0891f7e95822273c247a3027f8308261c57a6ada21847424f2e6,2019-05,Lancashire Constabulary,Lancashire Constabulary,-3.047681,53.795771,On or near Petrol Station,E01012751,Blackpool 013D,Other theft,Status update unavailable,
0e9e352c9488084bb7c6a2aff903ca53ee37de4c29e313091ab4fbd60d970ca8,2019-05,Lancashire Constabulary,Lancashire Constabulary,-3.055524,53.794965,On or near Simpson Street,E01012751,Blackpool 013D,Other theft,Status update unavailable,
a40731fab668c99759e4debe6567ad6e6decdfac69e01851e0850d994293436f,2019-05,Lancashire Constabulary,Lancashire Constabulary,-3.055667,53.794002,On or near Simpson Street,E01012751,Blackpool 013D,Other theft,Status update unavailable,
04dce8b9783ee3f8727c320ac709152fae05c8e5fadd17e6e345dc824715530a,2019-05,Lancashire Constabulary,Lancashire Constabulary,-3.047681,53.795771,On or near Petrol Station,E01012751,Blackpool 013D,Other theft,Status update unavailable,
1492b64cd7722996e8a0754efa3e8e49a76e322380bdbf1d4b350972601dba66,2019-05,Lancashire Constabulary,Lancashire Constabulary,-3.047681,53.795771,On or near Petrol Station,E01012751,Blackpool 013D,Other theft,Status update unavailable,
93c263c7fe85bbcb996323988902dcf6f898906cbf32f2ae0c2d37eba2c51e40,2019-05,Lancashire Constabulary,Lancashire Constabulary,-3.047681,53.795771,On or near Petrol Station,E01012751,Blackpool 013D,Other theft,Investigation complete; no suspect identified,
05e794437fed7cc9d981c4c3d736ecf83e631e8d702f86fc1fb254d45bf1347b,2019-05,Lancashire Constabulary,Lancashire Constabulary,-3.050133,53.798518,On or near Lytham Road,E01012751,Blackpool 013D,Other theft,Status update unavailable,
2217b1bdc500e2fabcaccb2517a19829026a7dd38bdfaec3fccca6f75f6a58a9,2019-05,Lancashire Constabulary,Lancashire Constabulary,-3.047681,53.795771,On or near Petrol Station,E01012751,Blackpool 013D,Possession of weapons,Status update unavailable,
bdb8e53438aa53222bcf2ff3a2c62cf8c9e78e00b6eb14a865affa0d41912bad,2019-05,Lancashire Constabulary,Lancashire Constabulary,-3.055147,53.796874,On or near Montague Street,E01012751,Blackpool 013D,Public order,Status update unavailable,
cecb8446cc4ac269944382390f310afb9ebe1cea3424a2f1c0f958efc5a3a6df,2019-05,Lancashire Constabulary,Lancashire Constabulary,-3.055667,53.794002,On or near Simpson Street,E01012751,Blackpool 013D,Public order,Unable to prosecute suspect,
7f4010928201993aa7a13a2ea3b0c07036a23ad9b21100fd6fead8070572ab57,2019-05,Lancashire Constabulary,Lancashire Constabulary,-3.054873,53.798054,On or near Bath Street,E01012751,Blackpool 013D,Public order,Status update unavailable,
2feaea21005e88f6101e1f5cdb88b9f88224dc034e290fb83d27077f54e9efec,2019-05,Lancashire Constabulary,Lancashire Constabulary,-3.052937,53.797109,On or near Bright Street,E01012751,Blackpool 013D,Public order,Status update unavailable,
02b63beffaaaa896a93abec2d1832e430ceab881d574de9167e3a96edd428414,2019-05,Lancashire Constabulary,Lancashire Constabulary,-3.054721,53.798019,On or near Lawrence Street,E01012751,Blackpool 013D,Public order,Investigation complete; no suspect identified,
181d338a6a8cdc65570f3d345c5c1eb3d2e117cb397fc482c169e05b7e732272,2019-05,Lancashire Constabulary,Lancashire Constabulary,-3.053163,53.797655,On or near Rawcliffe Street,E01012751,Blackpool 013D,Public order,Unable to prosecute suspect,
7d92d1270cdfe62b0900641fd6f756c758d00d6052920d3d73b6e125861b0d92,2019-05,Lancashire Constabulary,Lancashire Constabulary,-3.047681,53.795771,On or near Petrol Station,E01012751,Blackpool 013D,Shoplifting,Status update unavailable,
cbd796cc501ef824ff710860ed767806884a2499be4fa9e8970dcdbe113b8503,2019-05,Lancashire Constabulary,Lancashire Constabulary,-3.053075,53.798393,On or near Shopping Area,E01012751,Blackpool 013D,Shoplifting,Unable to prosecute suspect,
c399bca0b7d64488d723c84eb6f89ab11fe98182ca6bdeefa7dfa0a6029b47bd,2019-05,Lancashire Constabulary,Lancashire Constabulary,-3.050133,53.798518,On or near Lytham Road,E01012751,Blackpool 013D,Shoplifting,Status update unavailable,
179e7281a3cda7662bf2be45f7c5ac7245aae8d8c4c6cffd6f20bf5bd0f86200,2019-05,Lancashire Constabulary,Lancashire Constabulary,-3.054721,53.798019,On or near Lawrence Street,E01012751,Blackpool 013D,Vehicle crime,Status update unavailable,
0bc9041f5e6b10c7c193009492d8e85bbe2d7d31b3a9e0782b9e8a06b215a136,2019-05,Lancashire Constabulary,Lancashire Constabulary,-3.054721,53.798019,On or near Lawrence Street,E01012751,Blackpool 013D,Vehicle crime,Status update unavailable,
6e9aae55935275d8a6cac94e9f0157a9c266cd77f618f3e437a27f199a721316,2019-05,Lancashire Constabulary,Lancashire Constabulary,-3.054721,53.798019,On or near Lawrence Street,E01012751,Blackpool 013D,Violence and sexual offences,Unable to prosecute suspect,
edea53e4d825a800c0f9b86dc0f5a94f83a11a296bbd4ccaaa4ea1ccb68a5321,2019-05,Lancashire Constabulary,Lancashire Constabulary,-3.053125,53.794941,On or near Withnell Road,E01012751,Blackpool 013D,Violence and sexual offences,Offender given a caution,
cb869ff558001c0f9bd4ad145582257af700b9ee2195f8e1988e3ebe5bdd8003,2019-05,Lancashire Constabulary,Lancashire Constabulary,-3.050133,53.798518,On or near Lytham Road,E01012751,Blackpool 013D,Violence and sexual offences,Unable to prosecute suspect,
a7d55ea6977ef0dbd54161f79ec8185cf5f9a29369a0fda16078e469544a6db0,2019-05,Lancashire Constabulary,Lancashire Constabulary,-3.054721,53.798019,On or near Lawrence Street,E01012751,Blackpool 013D,Violence and sexual offences,Status update unavailable,
9543002fc7af5ca8fcf188eac01bcd659145b8aab498703892cbd162d556973e,2019-05,Lancashire Constabulary,Lancashire Constabulary,-3.053841,53.798063,On or near Frazer Grove,E01012751,Blackpool 013D,Violence and sexual offences,Awaiting court outcome,
c2c51e485c0c87ed560d802d94b942b1f9a41c32657000c7ee60cbe4c7e28bc6,2019-05,Lancashire Constabulary,Lancashire Constabulary,-3.051148,53.797826,On or near Hill Street,E01012751,Blackpool 013D,Violence and sexual offences,Status update unavailable,
54472e0a5b160a1b0362ffcdc6357e23064eaa710adb494e7d2f502c243ce807,2019-05,Lancashire Constabulary,Lancashire Constabulary,-3.051148,53.797826,On or near Hill Street,E01012751,Blackpool 013D,Violence and sexual offences,Status update unavailable,
6307a30a86e6f7f966659b5e944da10659535f877eb7e53556f64c0be009617a,2019-05,Lancashire Constabulary,Lancashire Constabulary,-3.049989,53.795202,On or near Station Terrace,E01012751,Blackpool 013D,Violence and sexual offences,Status update unavailable,
3287da0990daef5b8b95f407f764875321808f74bbd670b9e96f97b1e87c455c,2019-05,Lancashire Constabulary,Lancashire Constabulary,-3.051148,53.797826,On or near Hill Street,E01012751,Blackpool 013D,Violence and sexual offences,Unable to prosecute suspect,
0c6ecfbda09aad457bc1e970580d5d89bb6181b2a722c86589601bb4feed95e2,2019-05,Lancashire Constabulary,Lancashire Constabulary,-3.051148,53.797826,On or near Hill Street,E01012751,Blackpool 013D,Violence and sexual offences,Status update unavailable,
b2266c79516e163ee1cb81119b12ceb0b3ad566f0a58267d219bf7325977cfe0,2019-05,Lancashire Constabulary,Lancashire Constabulary,-3.054873,53.798054,On or near Bath Street,E01012751,Blackpool 013D,Violence and sexual offences,Status update unavailable,
09322931709c724b2efb97cbdb350d53e3484b04c077da5dfdb41f7633e43074,2019-05,Lancashire Constabulary,Lancashire Constabulary,-3.052177,53.797700,On or near Moore Street,E01012751,Blackpool 013D,Violence and sexual offences,Awaiting court outcome,
5dbab89a5e20965b6a13c09b7f4bf6ee59f17287ed6d5f690efa66199f1f2e30,2019-05,Lancashire Constabulary,Lancashire Constabulary,-3.055524,53.794965,On or near Simpson Street,E01012751,Blackpool 013D,Violence and sexual offences,Status update unavailable,
4a8507fc81da37b8b990022ce17aa55e3f5aa682a67ba81c77033ff7cf00113b,2019-05,Lancashire Constabulary,Lancashire Constabulary,-3.053134,53.796505,On or near Dean Street,E01012751,Blackpool 013D,Violence and sexual offences,Unable to prosecute suspect,
7ee789e463fc90339a64965cf1d97ff5e864e1bcb360b3cfddd9848429334016,2019-05,Lancashire Constabulary,Lancashire Constabulary,-3.047681,53.795771,On or near Petrol Station,E01012751,Blackpool 013D,Other crime,Status update unavailable,
,2019-05,Lancashire Constabulary,Lancashire Constabulary,-2.998905,53.801670,On or near Castlerigg Place,E01012686,Blackpool 014A,Anti-social behaviour,,
,2019-05,Lancashire Constabulary,Lancashire Constabulary,-2.997161,53.802395,On or near Grizedale Road,E01012686,Blackpool 014A,Anti-social behaviour,,
,2019-05,Lancashire Constabulary,Lancashire Constabulary,-3.004643,53.799672,On or near Borrowdale Road,E01012686,Blackpool 014A,Anti-social behaviour,,
,2019-05,Lancashire Constabulary,Lancashire Constabulary,-3.004643,53.799672,On or near Borrowdale Road,E01012686,Blackpool 014A,Anti-social behaviour,,
ab8460263b01eaf8b231683358e9437990b6645fbc0d42f3e7758a90527ad0d2,2019-05,Lancashire Constabulary,Lancashire Constabulary,-2.997161,53.802395,On or near Grizedale Road,E01012686,Blackpool 014A,Burglary,Status update unavailable,
16e35e19047cf4bd8e74eb69c61e1f3d771ccc373f85b20a0e58d9e0ff374ef9,2019-05,Lancashire Constabulary,Lancashire Constabulary,-2.996778,53.799674,On or near Langdale Place,E01012686,Blackpool 014A,Criminal damage and arson,Status update unavailable,
c3f5c96b00be526224515055682f25afb1761011efe1aa65c1ba70dc74617e7e,2019-05,Lancashire Constabulary,Lancashire Constabulary,-2.999894,53.801114,On or near Seathwaite Avenue,E01012686,Blackpool 014A,Criminal damage and arson,Unable to prosecute suspect,
3b480418add3c9b2707cc8e574ffd747fadf5d98ed8c8c89b69a465dc3b6c3b0,2019-05,Lancashire Constabulary,Lancashire Constabulary,-2.996778,53.799674,On or near Langdale Place,E01012686,Blackpool 014A,Other theft,Investigation complete; no suspect identified,
10811dc74955da930c39308e8de61dff5694a3806a76fe7d4953d6a305bde875,2019-05,Lancashire Constabulary,Lancashire Constabulary,-2.997199,53.799527,On or near Crummock Place,E01012686,Blackpool 014A,Other theft,Unable to prosecute suspect,
99ae815c77b47dcc79cf65348dfae33c7b4ec4627a89161148bb7a17c2035fb3,2019-05,Lancashire Constabulary,Lancashire Constabulary,-3.004643,53.799672,On or near Borrowdale Road,E01012686,Blackpool 014A,Other theft,Status update unavailable,
f3cc52f531dacc4e8a101627fc501e14b39704bf97e7346c667047bbc1806ad8,2019-05,Lancashire Constabulary,Lancashire Constabulary,-2.999894,53.801114,On or near Seathwaite Avenue,E01012686,Blackpool 014A,Other theft,Action to be taken by another organisation,
225786af7a7a3cf062a83b84d6d967de1e4a357cee1decf2ed148d4616be6a9f,2019-05,Lancashire Constabulary,Lancashire Constabulary,-2.998905,53.801670,On or near Castlerigg Place,E01012686,Blackpool 014A,Possession of weapons,Status update unavailable,
5c7c8c2a8f6b3354c0879b7641816952ccc8ee124d1a5aa4396926e04b9fe293,2019-05,Lancashire Constabulary,Lancashire Constabulary,-2.998905,53.801670,On or near Castlerigg Place,E01012686,Blackpool 014A,Public order,Status update unavailable,
095041a03eca38cf16ace8fb39d4d90ab5f0fc210784c770e968355f35f7b99d,2019-05,Lancashire Constabulary,Lancashire Constabulary,-2.996850,53.798883,On or near Mardale Avenue,E01012686,Blackpool 014A,Violence and sexual offences,Unable to prosecute suspect,
95dadbee52eea39fa5a882b489c936cd488a83ce7f35054c98ee528c6e5e7712,2019-05,Lancashire Constabulary,Lancashire Constabulary,-2.996778,53.799674,On or near Langdale Place,E01012686,Blackpool 014A,Violence and sexual offences,Unable to prosecute suspect,
4a98e9cfaff275af492ec4eb6bdd4fd530485d8825695941bbbe4718d05fcd18,2019-05,Lancashire Constabulary,Lancashire Constabulary,-2.999783,53.799002,On or near Birkside Way,E01012686,Blackpool 014A,Violence and sexual offences,Status update unavailable,
b9049aff97bf060e004aa3be51202f2a9c9e25158045ed9fc53f8d0882dde790,2019-05,Lancashire Constabulary,Lancashire Constabulary,-2.996072,53.799348,On or near Mickleden Road,E01012686,Blackpool 014A,Violence and sexual offences,Unable to prosecute suspect,
9282aeccd037672c387b5b0f7effc282e9c45012f84e984eeb656b04eb0502e7,2019-05,Lancashire Constabulary,Lancashire Constabulary,-2.997199,53.799527,On or near Crummock Place,E01012686,Blackpool 014A,Violence and sexual offences,Status update unavailable,
a5e22cbdb8e3ededaea24c75b237b5320f7ecb874016a6e46ce13211084bd57e,2019-05,Lancashire Constabulary,Lancashire Constabulary,-2.996850,53.798883,On or near Mardale Avenue,E01012686,Blackpool 014A,Violence and sexual offences,Unable to prosecute suspect,
7fd8910cc2d75ffe88e7e74f210b09751f1be61da976566ec8ddcb3be4cfbb8e,2019-05,Lancashire Constabulary,Lancashire Constabulary,-2.999894,53.801114,On or near Seathwaite Avenue,E01012686,Blackpool 014A,Violence and sexual offences,Status update unavailable,
95a9c607755a95205b2a0d7d65e2acccf5ee5a9c1f0da1f2d20998a77c941316,2019-05,Lancashire Constabulary,Lancashire Constabulary,-3.004643,53.799672,On or near Borrowdale Road,E01012686,Blackpool 014A,Violence and sexual offences,Unable to prosecute suspect,
de0a229916aca14407f4bb7ed4653a45a2737ceeeb16d83b060c073d2a34d8d5,2019-05,Lancashire Constabulary,Lancashire Constabulary,-2.999783,53.799002,On or near Birkside Way,E01012686,Blackpool 014A,Violence and sexual offences,Status update unavailable,
f33dc44f8a2d6032feb243a02939644fd6d33109f6794391b97f3fc60093b808,2019-05,Lancashire Constabulary,Lancashire Constabulary,-2.999894,53.801114,On or near Seathwaite Avenue,E01012686,Blackpool 014A,Violence and sexual offences,Status update unavailable,
69eb210593091d3f3617cd6a38224f1dfc22b058b687ec7678687bddc5cae493,2019-05,Lancashire Constabulary,Lancashire Constabulary,-2.999894,53.801114,On or near Seathwaite Avenue,E01012686,Blackpool 014A,Violence and sexual offences,Action to be taken by another organisation,
8ae34c4e60abe095cc08a694ed71bf744cb0e17be802bf517c4ceebc23f35623,2019-05,Lancashire Constabulary,Lancashire Constabulary,-2.998417,53.799032,On or near Ennerdale Road,E01012686,Blackpool 014A,Violence and sexual offences,Unable to prosecute suspect,
9601ba087415f1472047ab561b713e7e22238dfc4df01df89cdb2d0a7623934d,2019-05,Lancashire Constabulary,Lancashire Constabulary,-2.999208,53.799735,On or near Langdale Road,E01012686,Blackpool 014A,Other crime,Status update unavailable,
,2019-05,Lancashire Constabulary,Lancashire Constabulary,-2.992775,53.796040,On or near Petrol Station,E01012687,Blackpool 014B,Anti-social behaviour,,
,2019-05,Lancashire Constabulary,Lancashire Constabulary,-2.992706,53.798917,On or near Rusland Avenue,E01012687,Blackpool 014B,Anti-social behaviour,,
,2019-05,Lancashire Constabulary,Lancashire Constabulary,-2.994901,53.800553,On or near Ambleside Road,E01012687,Blackpool 014B,Anti-social behaviour,,
,2019-05,Lancashire Constabulary,Lancashire Constabulary,-2.988999,53.797510,On or near Hawkshead Terrace,E01012687,Blackpool 014B,Anti-social behaviour,,
,2019-05,Lancashire Constabulary,Lancashire Constabulary,-2.995516,53.800889,On or near Bowfell Close,E01012687,Blackpool 014B,Anti-social behaviour,,
,2019-05,Lancashire Constabulary,Lancashire Constabulary,-2.995516,53.800889,On or near Bowfell Close,E01012687,Blackpool 014B,Anti-social behaviour,,
,2019-05,Lancashire Constabulary,Lancashire Constabulary,-2.991065,53.800171,On or near Winster Place,E01012687,Blackpool 014B,Anti-social behaviour,,
,2019-05,Lancashire Constabulary,Lancashire Constabulary,-2.992775,53.796040,On or near Petrol Station,E01012687,Blackpool 014B,Anti-social behaviour,,
,2019-05,Lancashire Constabulary,Lancashire Constabulary,-2.988999,53.797510,On or near Hawkshead Terrace,E01012687,Blackpool 014B,Anti-social behaviour,,
,2019-05,Lancashire Constabulary,Lancashire Constabulary,-2.994901,53.800553,On or near Ambleside Road,E01012687,Blackpool 014B,Anti-social behaviour,,
,2019-05,Lancashire Constabulary,Lancashire Constabulary,-2.992706,53.798917,On or near Rusland Avenue,E01012687,Blackpool 014B,Anti-social behaviour,,
,2019-05,Lancashire Constabulary,Lancashire Constabulary,-2.992775,53.796040,On or near Petrol Station,E01012687,Blackpool 014B,Anti-social behaviour,,
,2019-05,Lancashire Constabulary,Lancashire Constabulary,-2.992775,53.796040,On or near Petrol Station,E01012687,Blackpool 014B,Anti-social behaviour,,
,2019-05,Lancashire Constabulary,Lancashire Constabulary,-2.995529,53.798229,On or near Bowness Avenue,E01012687,Blackpool 014B,Anti-social behaviour,,
,2019-05,Lancashire Constabulary,Lancashire Constabulary,-2.991065,53.800171,On or near Winster Place,E01012687,Blackpool 014B,Anti-social behaviour,,
,2019-05,Lancashire Constabulary,Lancashire Constabulary,-2.991065,53.800171,On or near Winster Place,E01012687,Blackpool 014B,Anti-social behaviour,,
95572eef1088f57e7d30385ec9fbb3d91f4af92320b83d6d4b293b6ebea60873,2019-05,Lancashire Constabulary,Lancashire Constabulary,-2.992706,53.798917,On or near Rusland Avenue,E01012687,Blackpool 014B,Criminal damage and arson,Status update unavailable,
5f0fbd31d618a2abd1460717d8f9850d9ba736b28ecd694cc1f46867f417f18f,2019-05,Lancashire Constabulary,Lancashire Constabulary,-2.992775,53.796040,On or near Petrol Station,E01012687,Blackpool 014B,Criminal damage and arson,Awaiting court outcome,
b62a79bd26e8213dc26a68adc15b32002280c7e03183c226ff9dda2c67a778be,2019-05,Lancashire Constabulary,Lancashire Constabulary,-2.998533,53.797521,On or near Sports/Recreation Area,E01012687,Blackpool 014B,Criminal damage and arson,Status update unavailable,
75fbf98d2b49f6ad927640c795e396992bc3637e55ab82c76b40d6e1b4ea4f99,2019-05,Lancashire Constabulary,Lancashire Constabulary,-2.995529,53.798229,On or near Bowness Avenue,E01012687,Blackpool 014B,Criminal damage and arson,Unable to prosecute suspect,
5f68207bdc09effda36cfe3482c48ec8e9c52c7fa9712b7346aac60bc23d3819,2019-05,Lancashire Constabulary,Lancashire Constabulary,-2.992775,53.796040,On or near Petrol Station,E01012687,Blackpool 014B,Drugs,Status update unavailable,
845620c62b800b4763ae7d95e56b4eb6d740752b9e30609d1f2209a1fa3bcaff,2019-05,Lancashire Constabulary,Lancashire Constabulary,-2.992706,53.798917,On or near Rusland Avenue,E01012687,Blackpool 014B,Possession of weapons,Status update unavailable,
e9e54806fb037c4b9f99653294c7045cb7d2f9bc771208f56329c6467dfe1302,2019-05,Lancashire Constabulary,Lancashire Constabulary,-2.992706,53.798917,On or near Rusland Avenue,E01012687,Blackpool 014B,Public order,Further investigation is not in the public interest,
88c7efe718bf1d68f4418832b85d4fee8fdac6327fe837f134cf04e894bc0f63,2019-05,Lancashire Constabulary,Lancashire Constabulary,-2.991065,53.800171,On or near Winster Place,E01012687,Blackpool 014B,Public order,Unable to prosecute suspect,
e0c2845d79d23baff6d223a7090a4822f53b1b250aa3b9d5ad4dbbdee2b64ed1,2019-05,Lancashire Constabulary,Lancashire Constabulary,-2.992510,53.797058,On or near Sports/Recreation Area,E01012687,Blackpool 014B,Public order,Status update unavailable,
73581fccfa43ae205817c891b4215e7bdd9e9539809f68f813cbea33d65b3b0d,2019-05,Lancashire Constabulary,Lancashire Constabulary,-2.992775,53.796040,On or near Petrol Station,E01012687,Blackpool 014B,Public order,Awaiting court outcome,
383b8db086efb1a7efac8a63b01c02a7fea73d79bdcb87102ea2f83ccab61f5a,2019-05,Lancashire Constabulary,Lancashire Constabulary,-2.992706,53.798917,On or near Rusland Avenue,E01012687,Blackpool 014B,Public order,Status update unavailable,
e7db186c689c8137c77843155513b19b89b29d3b6a5044ae4815924c5d5221d7,2019-05,Lancashire Constabulary,Lancashire Constabulary,-2.993115,53.800172,On or near Cartmell Road,E01012687,Blackpool 014B,Public order,Unable to prosecute suspect,
9b8b7920597a0f550cf852e5d721f42a608be996f9df0d1917f1c8ecb04fc150,2019-05,Lancashire Constabulary,Lancashire Constabulary,-2.992775,53.796040,On or near Petrol Station,E01012687,Blackpool 014B,Shoplifting,Status update unavailable,
d9cd86e7edef0c349541a0c6cf1c8460920cd8e8f64cafa5949b00dfd28ca2f4,2019-05,Lancashire Constabulary,Lancashire Constabulary,-2.992775,53.796040,On or near Petrol Station,E01012687,Blackpool 014B,Shoplifting,Status update unavailable,
9ccaa7e15e2ad531831d13136c02b798bde0f7f7527ddbb72f4d343d734ebea2,2019-05,Lancashire Constabulary,Lancashire Constabulary,-2.993115,53.800172,On or near Cartmell Road,E01012687,Blackpool 014B,Vehicle crime,Status update unavailable,
a382ef2506825c36ccd7c7093726166e14a9c84561576734e87792ae2321912f,2019-05,Lancashire Constabulary,Lancashire Constabulary,-2.993115,53.800172,On or near Cartmell Road,E01012687,Blackpool 014B,Vehicle crime,Status update unavailable,
f95bd992584516c182401540448704093feb74cabae93d08e9038219850bbfc9,2019-05,Lancashire Constabulary,Lancashire Constabulary,-2.992706,53.798917,On or near Rusland Avenue,E01012687,Blackpool 014B,Violence and sexual offences,Offender given a caution,
573e7d5be4aef4e58cff408731ed418d218e5adbfac5df7ab84f1b4987db14b7,2019-05,Lancashire Constabulary,Lancashire Constabulary,-2.992510,53.797058,On or near Sports/Recreation Area,E01012687,Blackpool 014B,Violence and sexual offences,Status update unavailable,
d48ab580bdbbf4c5a35c010ceaec29a0692d886953297c0749921af1a780d45d,2019-05,Lancashire Constabulary,Lancashire Constabulary,-2.991065,53.800171,On or near Winster Place,E01012687,Blackpool 014B,Violence and sexual offences,Unable to prosecute suspect,
6ae003baa3aeae49a3e26057c76978f85efa7ad492ca6d7f4ebe92f34722913f,2019-05,Lancashire Constabulary,Lancashire Constabulary,-2.992706,53.798917,On or near Rusland Avenue,E01012687,Blackpool 014B,Violence and sexual offences,Unable to prosecute suspect,
be7308eb3697b1142d174f54d873ea7376e5528b958439e00ae8ff28235fd503,2019-05,Lancashire Constabulary,Lancashire Constabulary,-2.991065,53.800171,On or near Winster Place,E01012687,Blackpool 014B,Violence and sexual offences,Unable to prosecute suspect,
4441acebdf3e6a25dd4cacd4354994ad922f6f162afe69894daac0d89c7ba6da,2019-05,Lancashire Constabulary,Lancashire Constabulary,-2.991065,53.800171,On or near Winster Place,E01012687,Blackpool 014B,Violence and sexual offences,Status update unavailable,
fe983a71ad24ea420ec4da588b4c0edc6356b58eb1e28b964eee0790fd9b73ab,2019-05,Lancashire Constabulary,Lancashire Constabulary,-2.992706,53.798917,On or near Rusland Avenue,E01012687,Blackpool 014B,Violence and sexual offences,Unable to prosecute suspect,
f358f584a617bd35ed0fbed40f619ded73a874e21570b1f3f99a3bdd3e3d4b0b,2019-05,Lancashire Constabulary,Lancashire Constabulary,-2.992775,53.796040,On or near Petrol Station,E01012687,Blackpool 014B,Violence and sexual offences,Awaiting court outcome,
299f39e9448ce720189b3405d398e4c6a163b279eedbc2e8a12610cf0b08e8bc,2019-05,Lancashire Constabulary,Lancashire Constabulary,-2.991065,53.800171,On or near Winster Place,E01012687,Blackpool 014B,Violence and sexual offences,Further investigation is not in the public interest,
2555732a5d4e5f3f4623b1063e9d9d2ada4ff9dbb4819f96a4a70ac5087f8a30,2019-05,Lancashire Constabulary,Lancashire Constabulary,-2.991065,53.800171,On or near Winster Place,E01012687,Blackpool 014B,Violence and sexual offences,Unable to prosecute suspect,
44eead281c0472d74687150cce5a4ef5b959168ba605d0a672a50454f1f2dfe3,2019-05,Lancashire Constabulary,Lancashire Constabulary,-2.992775,53.796040,On or near Petrol Station,E01012687,Blackpool 014B,Violence and sexual offences,Awaiting court outcome,
3996d7bd41c0277966756247725067dce4bfed73945e78d92fab21bf9d64de89,2019-05,Lancashire Constabulary,Lancashire Constabulary,-2.991065,53.800171,On or near Winster Place,E01012687,Blackpool 014B,Violence and sexual offences,Status update unavailable,
495d7d3b007d7750649147b16ffe29452c8698c47e367947f6c0fb199537b271,2019-05,Lancashire Constabulary,Lancashire Constabulary,-2.992510,53.797058,On or near Sports/Recreation Area,E01012687,Blackpool 014B,Violence and sexual offences,Further investigation is not in the public interest,
1cc78129a3257ec41cb74101c11b869db9383a99b61f4a23e1f43e7e2303dfe6,2019-05,Lancashire Constabulary,Lancashire Constabulary,-2.991065,53.800171,On or near Winster Place,E01012687,Blackpool 014B,Violence and sexual offences,Further investigation is not in the public interest,
1415d9bffe126f888b11148bc7b2d054fdf9ff8790bf5024be290816dd67f000,2019-05,Lancashire Constabulary,Lancashire Constabulary,-2.992706,53.798917,On or near Rusland Avenue,E01012687,Blackpool 014B,Violence and sexual offences,Awaiting court outcome,
92688a404a20c29fbadd680ac04f24f180b35d7092ef17177e69a1920ca30ff0,2019-05,Lancashire Constabulary,Lancashire Constabulary,-2.992706,53.798917,On or near Rusland Avenue,E01012687,Blackpool 014B,Violence and sexual offences,Unable to prosecute suspect,
bbb0912248142b28a053bbaa5a69955d4e35db959a82feebdecd0fc696719a0b,2019-05,Lancashire Constabulary,Lancashire Constabulary,-2.991065,53.800171,On or near Winster Place,E01012687,Blackpool 014B,Violence and sexual offences,Unable to prosecute suspect,
5f87a596c2242695c41f8276dcacee1f941de4911469804ca3cfee3714c60f36,2019-05,Lancashire Constabulary,Lancashire Constabulary,-2.991065,53.800171,On or near Winster Place,E01012687,Blackpool 014B,Violence and sexual offences,Status update unavailable,
4d69b60c2654e2cbd7a3132b4a0cb4a3c5abe3e4742315ca349c0ae49b94793c,2019-05,Lancashire Constabulary,Lancashire Constabulary,-2.991065,53.800171,On or near Winster Place,E01012687,Blackpool 014B,Violence and sexual offences,Unable to prosecute suspect,
4f8fea2a4fe8a057722e7c4338dbe1000e9f7e5ef7702d25573694800d14e3a8,2019-05,Lancashire Constabulary,Lancashire Constabulary,-2.991065,53.800171,On or near Winster Place,E01012687,Blackpool 014B,Violence and sexual offences,Unable to prosecute suspect,
ed288f858b89017f7ab76b91cd057101d6a39e2b1ed29fe2d4ee1c64beef7982,2019-05,Lancashire Constabulary,Lancashire Constabulary,-2.993115,53.800172,On or near Cartmell Road,E01012687,Blackpool 014B,Other crime,Further investigation is not in the public interest,
95956bdfe52982570ef5c7cd26ab6f91af4db5fbf1ae7c57cfb3573a05cbeb66,2019-05,Lancashire Constabulary,Lancashire Constabulary,-2.988999,53.797510,On or near Hawkshead Terrace,E01012687,Blackpool 014B,Other crime,Action to be taken by another organisation,
,2019-05,Lancashire Constabulary,Lancashire Constabulary,-3.018206,53.795495,On or near Gordale Close,E01012688,Blackpool 014C,Anti-social behaviour,,
,2019-05,Lancashire Constabulary,Lancashire Constabulary,-3.015497,53.797108,On or near Cherry Tree Road,E01012688,Blackpool 014C,Anti-social behaviour,,
,2019-05,Lancashire Constabulary,Lancashire Constabulary,-3.017512,53.795042,On or near Moore Tree Drive,E01012688,Blackpool 014C,Anti-social behaviour,,
,2019-05,Lancashire Constabulary,Lancashire Constabulary,-3.017512,53.795042,On or near Moore Tree Drive,E01012688,Blackpool 014C,Anti-social behaviour,,
,2019-05,Lancashire Constabulary,Lancashire Constabulary,-3.017512,53.795042,On or near Moore Tree Drive,E01012688,Blackpool 014C,Anti-social behaviour,,
,2019-05,Lancashire Constabulary,Lancashire Constabulary,-3.015497,53.797108,On or near Cherry Tree Road,E01012688,Blackpool 014C,Anti-social behaviour,,
,2019-05,Lancashire Constabulary,Lancashire Constabulary,-3.014277,53.796867,On or near Cherry Tree Gardens,E01012688,Blackpool 014C,Anti-social behaviour,,
4969a8b21ec0f592c8aecfe38f825848bba65beba1161c3d0297fd7f72cfe57b,2019-05,Lancashire Constabulary,Lancashire Constabulary,-3.015726,53.800900,On or near Levine Avenue,E01012688,Blackpool 014C,Burglary,Status update unavailable,
fa7f4f31635506c2ed263f2cf1a7f553eb06e6d2ce8fdb1fb4013029945cd3de,2019-05,Lancashire Constabulary,Lancashire Constabulary,-3.015497,53.797108,On or near Cherry Tree Road,E01012688,Blackpool 014C,Burglary,Unable to prosecute suspect,
5f6219a9b2fcea492afdf50282cccd27ac5646f529be95c8efefbd99c3bcf8ad,2019-05,Lancashire Constabulary,Lancashire Constabulary,-3.007794,53.796877,On or near Cornford Road,E01012688,Blackpool 014C,Burglary,Status update unavailable,
2b3eee5e4cf4ee2c924af04b82c0e647298754e5590013b98784aa5c8fed6cb0,2019-05,Lancashire Constabulary,Lancashire Constabulary,-3.017512,53.795042,On or near Moore Tree Drive,E01012688,Blackpool 014C,Criminal damage and arson,Offender given a caution,
ba79aec57e3097783f4e116f7ac78c7ce835056eb10020139fd763a7131b42d4,2019-05,Lancashire Constabulary,Lancashire Constabulary,-3.017117,53.796286,On or near Wasdale Road,E01012688,Blackpool 014C,Other theft,Local resolution,
1567ffdfcf4fdddfd7f192f0443fcc81a029a56e3ae0d72aab1caac81bee8401,2019-05,Lancashire Constabulary,Lancashire Constabulary,-3.015630,53.793827,On or near Highbank Avenue,E01012688,Blackpool 014C,Other theft,Local resolution,
dfa853c31ebb11a93f1c7cda98a59e6cd68107c877884560eaf73d0d3ecf1788,2019-05,Lancashire Constabulary,Lancashire Constabulary,-3.017117,53.796286,On or near Wasdale Road,E01012688,Blackpool 014C,Shoplifting,Further investigation is not in the public interest,
792777b38ba51fd484b99fdb60ef3d82e5fa43e80df8013c67175bb54796fcff,2019-05,Lancashire Constabulary,Lancashire Constabulary,-3.017117,53.796286,On or near Wasdale Road,E01012688,Blackpool 014C,Shoplifting,Status update unavailable,
98454c03e9b7a704742dec052e4eaf23f11f4c2551474123b3d5b2ecb14a0464,2019-05,Lancashire Constabulary,Lancashire Constabulary,-3.017117,53.796286,On or near Wasdale Road,E01012688,Blackpool 014C,Shoplifting,Status update unavailable,
f9833f86e727277d2c39460493dfa2994e55d5fe3c8c7321c7c9f5be4b1e4282,2019-05,Lancashire Constabulary,Lancashire Constabulary,-3.017117,53.796286,On or near Wasdale Road,E01012688,Blackpool 014C,Shoplifting,Status update unavailable,
3455972354fa2217bee6f6036521e3d754245e7ec20964d9ac760ebd18d1d815,2019-05,Lancashire Constabulary,Lancashire Constabulary,-3.017117,53.796286,On or near Wasdale Road,E01012688,Blackpool 014C,Shoplifting,Status update unavailable,
50ec2e97056c737efb79840ad9690a0096d202fcafb256222565a7de3db312d9,2019-05,Lancashire Constabulary,Lancashire Constabulary,-3.017117,53.796286,On or near Wasdale Road,E01012688,Blackpool 014C,Theft from the person,Status update unavailable,
6db163712c84ddbb18d0947b233593cfe4328e3da314412dcc6268047d2621bc,2019-05,Lancashire Constabulary,Lancashire Constabulary,-3.015497,53.797108,On or near Cherry Tree Road,E01012688,Blackpool 014C,Violence and sexual offences,Action to be taken by another organisation,
ef2f7fdf3e665117f95f5f644e6fe3fc05675aa1bdf65a647fb9d33daba1c863,2019-05,Lancashire Constabulary,Lancashire Constabulary,-3.017512,53.795042,On or near Moore Tree Drive,E01012688,Blackpool 014C,Violence and sexual offences,Unable to prosecute suspect,
0993438e3b14411436392b790aa628936abe0b6c18e1ea1c822544f0b89210c6,2019-05,Lancashire Constabulary,Lancashire Constabulary,-3.014427,53.794295,On or near Whalley Lane,E01012688,Blackpool 014C,Violence and sexual offences,Status update unavailable,
b503c947bcc03c24200dda927187f9a1feb723024aa85e41e1531bbd439792de,2019-05,Lancashire Constabulary,Lancashire Constabulary,-3.013896,53.800574,On or near Coral Close,E01012688,Blackpool 014C,Violence and sexual offences,Unable to prosecute suspect,
463e204da8ed2f2d950915a61b613c0671766dcb696c4517b13d7913b66f0215,2019-05,Lancashire Constabulary,Lancashire Constabulary,-3.017512,53.795042,On or near Moore Tree Drive,E01012688,Blackpool 014C,Violence and sexual offences,Offender given a caution,
fa51486934e947e3781e5c81429089ac3e5b196abdc0ef0f744463d8a9410243,2019-05,Lancashire Constabulary,Lancashire Constabulary,-3.017117,53.796286,On or near Wasdale Road,E01012688,Blackpool 014C,Violence and sexual offences,Unable to prosecute suspect,
7f87c8e5ed785ad3ff8c499e3e7c47d74227244edab3dd36479a50bbaa8d650a,2019-05,Lancashire Constabulary,Lancashire Constabulary,-3.015497,53.797108,On or near Cherry Tree Road,E01012688,Blackpool 014C,Violence and sexual offences,Action to be taken by another organisation,
1f7968f3629af8e832f1f809f7037031ea24b91c35d0c367bc964aabb71b791c,2019-05,Lancashire Constabulary,Lancashire Constabulary,-3.004208,53.796745,On or near Lee Road,E01012688,Blackpool 014C,Violence and sexual offences,Status update unavailable,
,2019-05,Lancashire Constabulary,Lancashire Constabulary,-3.013602,53.802266,On or near Carson Road,E01012689,Blackpool 014D,Anti-social behaviour,,
,2019-05,Lancashire Constabulary,Lancashire Constabulary,-3.015808,53.802409,On or near Fayles Grove,E01012689,Blackpool 014D,Anti-social behaviour,,
,2019-05,Lancashire Constabulary,Lancashire Constabulary,-3.015808,53.802409,On or near Fayles Grove,E01012689,Blackpool 014D,Anti-social behaviour,,
,2019-05,Lancashire Constabulary,Lancashire Constabulary,-3.001572,53.801441,On or near Nithside,E01012689,Blackpool 014D,Anti-social behaviour,,
,2019-05,Lancashire Constabulary,Lancashire Constabulary,-3.006573,53.799754,On or near Newby Place,E01012689,Blackpool 014D,Anti-social behaviour,,
,2019-05,Lancashire Constabulary,Lancashire Constabulary,-3.009540,53.800655,On or near Radworth Crescent,E01012689,Blackpool 014D,Anti-social behaviour,,
,2019-05,Lancashire Constabulary,Lancashire Constabulary,-3.006573,53.799754,On or near Newby Place,E01012689,Blackpool 014D,Anti-social behaviour,,
e520135d6b80a21e4ba052124187428a79b41b81f07f36499815047afe484265,2019-05,Lancashire Constabulary,Lancashire Constabulary,-3.016793,53.801727,On or near Winton Avenue,E01012689,Blackpool 014D,Burglary,Status update unavailable,
3ab87c6792635077e6e4120d90dd40120d669a42e1ad18e0dd79f24e83256f29,2019-05,Lancashire Constabulary,Lancashire Constabulary,-3.010235,53.801144,On or near Kumara Crescent,E01012689,Blackpool 014D,Burglary,Status update unavailable,
5d75af507eb65d3f911e68376de03959e632afc5ba4779d3527756f7a678aa34,2019-05,Lancashire Constabulary,Lancashire Constabulary,-3.011544,53.801915,On or near Cornelian Way,E01012689,Blackpool 014D,Public order,Status update unavailable,
e67fdbb995dbbe73475907155efbeea4527e82a2ddcea6cd541e15199484950e,2019-05,Lancashire Constabulary,Lancashire Constabulary,-3.009540,53.800655,On or near Radworth Crescent,E01012689,Blackpool 014D,Violence and sexual offences,Unable to prosecute suspect,
ee53b9e955788a9ee35fb0db6a277202746dcb80864034c6ae825cbbb92077d1,2019-05,Lancashire Constabulary,Lancashire Constabulary,-3.015808,53.802409,On or near Fayles Grove,E01012689,Blackpool 014D,Violence and sexual offences,Unable to prosecute suspect,
396358072db89b8d23ecb275d2fec3fb98b73955e7c5c06fa16a393d8957a3c1,2019-05,Lancashire Constabulary,Lancashire Constabulary,-3.015808,53.802409,On or near Fayles Grove,E01012689,Blackpool 014D,Violence and sexual offences,Status update unavailable,
f908afc554943edcc13f7866a16a5d7d85209d277cb4b62805f3f03b2fb33692,2019-05,Lancashire Constabulary,Lancashire Constabulary,-3.015808,53.802409,On or near Fayles Grove,E01012689,Blackpool 014D,Violence and sexual offences,Unable to prosecute suspect,
0d19161fe5f7f31972218fc372d0d780d11ac3c9d8d5ebd9b3a7753346101318,2019-05,Lancashire Constabulary,Lancashire Constabulary,-3.008102,53.802123,On or near Shopping Area,E01012689,Blackpool 014D,Violence and sexual offences,Status update unavailable,
,2019-05,Lancashire Constabulary,Lancashire Constabulary,-2.990844,53.802995,On or near Mythop Road,E01012714,Blackpool 014E,Anti-social behaviour,,
,2019-05,Lancashire Constabulary,Lancashire Constabulary,-3.010312,53.806258,On or near Rosefinch Court,E01012714,Blackpool 014E,Anti-social behaviour,,
,2019-05,Lancashire Constabulary,Lancashire Constabulary,-2.999254,53.804220,On or near Wheatlands Crescent,E01012714,Blackpool 014E,Anti-social behaviour,,
,2019-05,Lancashire Constabulary,Lancashire Constabulary,-3.012102,53.804265,On or near Fredora Avenue,E01012714,Blackpool 014E,Anti-social behaviour,,
,2019-05,Lancashire Constabulary,Lancashire Constabulary,-2.995873,53.802495,On or near Kentmere Drive,E01012714,Blackpool 014E,Anti-social behaviour,,
,2019-05,Lancashire Constabulary,Lancashire Constabulary,-2.999837,53.803829,On or near Paddock Drive,E01012714,Blackpool 014E,Anti-social behaviour,,
,2019-05,Lancashire Constabulary,Lancashire Constabulary,-3.012102,53.804265,On or near Fredora Avenue,E01012714,Blackpool 014E,Anti-social behaviour,,
,2019-05,Lancashire Constabulary,Lancashire Constabulary,-2.990844,53.802995,On or near Mythop Road,E01012714,Blackpool 014E,Anti-social behaviour,,
,2019-05,Lancashire Constabulary,Lancashire Constabulary,-3.011935,53.806792,On or near Dalkeith Avenue,E01012714,Blackpool 014E,Anti-social behaviour,,
,2019-05,Lancashire Constabulary,Lancashire Constabulary,-3.008857,53.805110,On or near Knutsford Road,E01012714,Blackpool 014E,Anti-social behaviour,,
,2019-05,Lancashire Constabulary,Lancashire Constabulary,-3.012102,53.804265,On or near Fredora Avenue,E01012714,Blackpool 014E,Anti-social behaviour,,
c42b91940b3b435fb8f73457792aad4e86e597d7e39f129e0816061721ef1e3c,2019-05,Lancashire Constabulary,Lancashire Constabulary,-3.009773,53.805282,On or near Kingsley Road,E01012714,Blackpool 014E,Criminal damage and arson,Status update unavailable,
ba2ffb1ff12fde37934758a47b226e6cf7b1512226a4931a8cd9fa9e0aba58a1,2019-05,Lancashire Constabulary,Lancashire Constabulary,-2.995873,53.802495,On or near Kentmere Drive,E01012714,Blackpool 014E,Criminal damage and arson,Status update unavailable,
b6e712882a0d21a144e428525a6b64eeae4ec72371d448f9d4662d522bbeffc4,2019-05,Lancashire Constabulary,Lancashire Constabulary,-2.990844,53.802995,On or near Mythop Road,E01012714,Blackpool 014E,Criminal damage and arson,Status update unavailable,
cdf8e7521dfb703b98ec5a7600b4c012f58cc6a969f653c1067a96a02b2ffcc6,2019-05,Lancashire Constabulary,Lancashire Constabulary,-3.007978,53.805172,On or near Kelmarsh Close,E01012714,Blackpool 014E,Other theft,Status update unavailable,
aaf0fb95c12cd0353c190abc255d696343ec197701c4dd48d7c0ff1f11f0e5e5,2019-05,Lancashire Constabulary,Lancashire Constabulary,-3.003458,53.802846,On or near Clifton Avenue,E01012714,Blackpool 014E,Other theft,Status update unavailable,
e43c2d3fdb84b40e77d5520aaae75f945cd64e32c3fedf768c54b8543a7d37a1,2019-05,Lancashire Constabulary,Lancashire Constabulary,-2.990844,53.802995,On or near Mythop Road,E01012714,Blackpool 014E,Other theft,Status update unavailable,
06b8ec394072839692a3ac601c5fd660e3cf1208f63ff5b7ae749787f92c6693,2019-05,Lancashire Constabulary,Lancashire Constabulary,-2.990844,53.802995,On or near Mythop Road,E01012714,Blackpool 014E,Other theft,Status update unavailable,
bf4b2152e17755416827a1dafc75476a189a4716a6ea16bb890021dc9cf1f0d7,2019-05,Lancashire Constabulary,Lancashire Constabulary,-2.985858,53.796286,On or near Petrol Station,E01012714,Blackpool 014E,Other theft,Status update unavailable,
f759a7afe8daae92d66d062d23cd92687e065b7610807014c440b23ba16f4341,2019-05,Lancashire Constabulary,Lancashire Constabulary,-2.990844,53.802995,On or near Mythop Road,E01012714,Blackpool 014E,Public order,Local resolution,
446c58fe1a7216a4f6835babe9bb8672be99356b80cedf6340c2d5ae6d2b6f6c,2019-05,Lancashire Constabulary,Lancashire Constabulary,-3.010312,53.806258,On or near Rosefinch Court,E01012714,Blackpool 014E,Violence and sexual offences,Status update unavailable,
f3ee850346b4bbb9fe76885a6d7fa2f031d8ca3f2bf8059312f84097e5db295a,2019-05,Lancashire Constabulary,Lancashire Constabulary,-3.010483,53.803883,On or near Birch Tree Gardens,E01012714,Blackpool 014E,Violence and sexual offences,Unable to prosecute suspect,
7df15cdbfba883d47602f6704f3a0184802e7b74dda71a0d8ea81eb99cc489c4,2019-05,Lancashire Constabulary,Lancashire Constabulary,-2.990844,53.802995,On or near Mythop Road,E01012714,Blackpool 014E,Violence and sexual offences,Status update unavailable,
91a0e72c62f0334141ae7ce49ef5680f8ace05b173b0e7ee4ef5d8d2e44b7c44,2019-05,Lancashire Constabulary,Lancashire Constabulary,-3.012102,53.804265,On or near Fredora Avenue,E01012714,Blackpool 014E,Violence and sexual offences,Unable to prosecute suspect,
cd325788bb4b04f31934a3d5a429db9f0ec45f5f29bf9ce23cc513ee56804330,2019-05,Lancashire Constabulary,Lancashire Constabulary,-3.000908,53.803523,On or near Pine Crescent,E01012714,Blackpool 014E,Violence and sexual offences,Status update unavailable,
fc138f55b476e6c4f02ba2fb3d630833cb9d664121e091cf94e5aa6084766209,2019-05,Lancashire Constabulary,Lancashire Constabulary,-3.000908,53.803523,On or near Pine Crescent,E01012714,Blackpool 014E,Violence and sexual offences,Status update unavailable,
85f531750122b06994275add560ebcab0bee1abd6c2f28e0673baeccf0848c9d,2019-05,Lancashire Constabulary,Lancashire Constabulary,-2.990844,53.802995,On or near Mythop Road,E01012714,Blackpool 014E,Violence and sexual offences,Unable to prosecute suspect,
,2019-05,Lancashire Constabulary,Lancashire Constabulary,-3.032180,53.798854,On or near Tranmere Road,E01012695,Blackpool 015A,Anti-social behaviour,,
,2019-05,Lancashire Constabulary,Lancashire Constabulary,-3.030276,53.799212,On or near Brook Street,E01012695,Blackpool 015A,Anti-social behaviour,,
,2019-05,Lancashire Constabulary,Lancashire Constabulary,-3.036150,53.796096,On or near Harcourt Road,E01012695,Blackpool 015A,Anti-social behaviour,,
,2019-05,Lancashire Constabulary,Lancashire Constabulary,-3.031587,53.800665,On or near Dalewood Avenue,E01012695,Blackpool 015A,Anti-social behaviour,,
4f3a9c874fbf7bfe45a34722d0a75536300460a41fca8e97ceaf98454c753ded,2019-05,Lancashire Constabulary,Lancashire Constabulary,-3.032422,53.796973,On or near Euxton Court,E01012695,Blackpool 015A,Criminal damage and arson,Unable to prosecute suspect,
df6c6a7d730e6b6e4e465713f155c474084d120e11cd8ad382609f69732567d3,2019-05,Lancashire Constabulary,Lancashire Constabulary,-3.032422,53.796973,On or near Euxton Court,E01012695,Blackpool 015A,Criminal damage and arson,Unable to prosecute suspect,
118811f0941807d800d0034ef5893891ab76bbe59c3b5e636b8a697a1bf6f64b,2019-05,Lancashire Constabulary,Lancashire Constabulary,-3.034743,53.796890,On or near Malham Avenue,E01012695,Blackpool 015A,Criminal damage and arson,Status update unavailable,
aff6109663fa8f01be82201f7d80f57f9f724cdf87e752ce52c24e33ea816f7f,2019-05,Lancashire Constabulary,Lancashire Constabulary,-3.030173,53.800003,On or near Acton Road,E01012695,Blackpool 015A,Other theft,Status update unavailable,
51533430d6e18bbf7c997e5030a84458998ddf18d12de79ffabb45f4ec386216,2019-05,Lancashire Constabulary,Lancashire Constabulary,-3.030276,53.799212,On or near Brook Street,E01012695,Blackpool 015A,Violence and sexual offences,Unable to prosecute suspect,
e5c14d1883680202046cf31f1b27c5dd0b785a0108f9eacffe252a006ba876aa,2019-05,Lancashire Constabulary,Lancashire Constabulary,-3.033056,53.796185,On or near Pickmere Avenue,E01012695,Blackpool 015A,Violence and sexual offences,Awaiting court outcome,
22cb1346ac019cb2ae54823eafd864177bcb25dd07366ed8a571e9d4c083ab75,2019-05,Lancashire Constabulary,Lancashire Constabulary,-3.030276,53.799212,On or near Brook Street,E01012695,Blackpool 015A,Violence and sexual offences,Unable to prosecute suspect,
55c4b67b093666acdb45f723db21d461f4c79f943b4cce679abf41e0bfd12aae,2019-05,Lancashire Constabulary,Lancashire Constabulary,-3.030276,53.799212,On or near Brook Street,E01012695,Blackpool 015A,Violence and sexual offences,Status update unavailable,
a863afee296c42f0604a0dcf2ffeee18e5db12f0dbf3b4417021cf2d3ae324b3,2019-05,Lancashire Constabulary,Lancashire Constabulary,-3.030276,53.799212,On or near Brook Street,E01012695,Blackpool 015A,Violence and sexual offences,Status update unavailable,
,2019-05,Lancashire Constabulary,Lancashire Constabulary,-3.039638,53.805126,On or near Rose Avenue,E01012743,Blackpool 015B,Anti-social behaviour,,
,2019-05,Lancashire Constabulary,Lancashire Constabulary,-3.044915,53.808478,On or near Revoe Street,E01012743,Blackpool 015B,Anti-social behaviour,,
,2019-05,Lancashire Constabulary,Lancashire Constabulary,-3.044289,53.807144,On or near Lune Grove,E01012743,Blackpool 015B,Anti-social behaviour,,
,2019-05,Lancashire Constabulary,Lancashire Constabulary,-3.040353,53.805192,On or near Ansdell Road,E01012743,Blackpool 015B,Anti-social behaviour,,
,2019-05,Lancashire Constabulary,Lancashire Constabulary,-3.039638,53.805126,On or near Rose Avenue,E01012743,Blackpool 015B,Anti-social behaviour,,
,2019-05,Lancashire Constabulary,Lancashire Constabulary,-3.039638,53.805126,On or near Rose Avenue,E01012743,Blackpool 015B,Anti-social behaviour,,
,2019-05,Lancashire Constabulary,Lancashire Constabulary,-3.044119,53.805806,On or near Sports/Recreation Area,E01012743,Blackpool 015B,Anti-social behaviour,,
,2019-05,Lancashire Constabulary,Lancashire Constabulary,-3.039562,53.803886,On or near Supermarket,E01012743,Blackpool 015B,Anti-social behaviour,,
,2019-05,Lancashire Constabulary,Lancashire Constabulary,-3.044183,53.804089,On or near Bloomfield Road,E01012743,Blackpool 015B,Anti-social behaviour,,
d6fd64b81a99abf5d619e945fe83c197f6d33840b4c8b29bd4d2833d594a2c49,2019-05,Lancashire Constabulary,Lancashire Constabulary,-3.040681,53.803706,On or near Durley Road,E01012743,Blackpool 015B,Burglary,Status update unavailable,
1f539ad7ccd0189082eac430ca9e772aa94b2fb8382af0943d7e3ad54bc59d1e,2019-05,Lancashire Constabulary,Lancashire Constabulary,-3.042631,53.807635,On or near Grasmere Road,E01012743,Blackpool 015B,Criminal damage and arson,Status update unavailable,
a6dcb30887ad95b681ec4f4b8bc2d1c6bb944ffc7da36089006e5e4d6bb21d08,2019-05,Lancashire Constabulary,Lancashire Constabulary,-3.042631,53.807635,On or near Grasmere Road,E01012743,Blackpool 015B,Criminal damage and arson,Status update unavailable,
8708dcf0d18e2d636024cdcead978a7febcef359efe714ae20dac6a3eb75754d,2019-05,Lancashire Constabulary,Lancashire Constabulary,-3.042631,53.807635,On or near Grasmere Road,E01012743,Blackpool 015B,Criminal damage and arson,Status update unavailable,
f7b10994067318e5ec4019741e7653c1f426f06ac537ff64b283f9ba07f31290,2019-05,Lancashire Constabulary,Lancashire Constabulary,-3.039887,53.802301,On or near Malvern Avenue,E01012743,Blackpool 015B,Criminal damage and arson,Status update unavailable,
82a91d3425cdfa8a518043daed7c769e0616debe27be55bde4503af0374b9c19,2019-05,Lancashire Constabulary,Lancashire Constabulary,-3.040353,53.805192,On or near Ansdell Road,E01012743,Blackpool 015B,Criminal damage and arson,Status update unavailable,
e1b507755d953e7e3369409df5f36778085e6c97a3a6e02b46291e1d960fac4a,2019-05,Lancashire Constabulary,Lancashire Constabulary,-3.044289,53.807144,On or near Lune Grove,E01012743,Blackpool 015B,Drugs,Status update unavailable,
22e42370d106194d9241995f4334b14e2e7be8d7c9d02c90dcc40edee4ccd3dc,2019-05,Lancashire Constabulary,Lancashire Constabulary,-3.044289,53.807144,On or near Lune Grove,E01012743,Blackpool 015B,Drugs,Status update unavailable,
77fa98feaf52725d4e988161a6688bdfa72684634e8b6cb20ec45c654f8e1f98,2019-05,Lancashire Constabulary,Lancashire Constabulary,-3.044915,53.808478,On or near Revoe Street,E01012743,Blackpool 015B,Drugs,Status update unavailable,
e0fc662227bd6da0cc49b74732e77cfb7f52ad16fd78ee39bb8f8991cb08aca6,2019-05,Lancashire Constabulary,Lancashire Constabulary,-3.044915,53.808478,On or near Revoe Street,E01012743,Blackpool 015B,Drugs,Status update unavailable,
8a277995eb496283ecb48b0ab4aa5a37c6bbcb44f68281108c2062c2a022d4a4,2019-05,Lancashire Constabulary,Lancashire Constabulary,-3.043085,53.806336,On or near Queen Victoria Road,E01012743,Blackpool 015B,Other theft,Status update unavailable,
43ce39b17badc1f90c7af35046ccbe082fed758e4ba0b20a67d36e47931e4981,2019-05,Lancashire Constabulary,Lancashire Constabulary,-3.043386,53.805004,On or near Palmer Avenue,E01012743,Blackpool 015B,Other theft,Status update unavailable,
b224778b07c6faf9e3a27d2ee2856131e051a89f2a2b08f9b99ff882d17f5c9e,2019-05,Lancashire Constabulary,Lancashire Constabulary,-3.040159,53.804097,On or near Ansdell Road,E01012743,Blackpool 015B,Public order,Status update unavailable,
c5bc00a50982421a066f7e1a6141cbc4c24805555b4db58f1b0b2dc49c0ff1d9,2019-05,Lancashire Constabulary,Lancashire Constabulary,-3.042631,53.807635,On or near Grasmere Road,E01012743,Blackpool 015B,Robbery,Status update unavailable,
991536b955800147e398f635d31e941bbe867ce774756e91284dc7fb6e314e86,2019-05,Lancashire Constabulary,Lancashire Constabulary,-3.044387,53.808042,On or near Westmorland Avenue,E01012743,Blackpool 015B,Robbery,Unable to prosecute suspect,
75f2b909d1dd7f0e8b54cb61cb61eca3fd868a73ab0955d4e75c54e59c5f3abf,2019-05,Lancashire Constabulary,Lancashire Constabulary,-3.044387,53.808042,On or near Westmorland Avenue,E01012743,Blackpool 015B,Shoplifting,Status update unavailable,
14ea130651d5ee09bb035801a483d3a4d5063110849597812d8e41e484cc9629,2019-05,Lancashire Constabulary,Lancashire Constabulary,-3.041486,53.806171,On or near Bela Grove,E01012743,Blackpool 015B,Theft from the person,Status update unavailable,
fe44067864129c40b3a9fdd04bd36be8dcc19627bc9e7cd7b84199bda52d0782,2019-05,Lancashire Constabulary,Lancashire Constabulary,-3.044915,53.808478,On or near Revoe Street,E01012743,Blackpool 015B,Violence and sexual offences,Unable to prosecute suspect,
3fcb5a4e6079f7e489db693e15cf7b68c067286d7085ad92584faff4e23e4c46,2019-05,Lancashire Constabulary,Lancashire Constabulary,-3.040159,53.804097,On or near Ansdell Road,E01012743,Blackpool 015B,Violence and sexual offences,Status update unavailable,
bf024c267df0f74b92e5588eda14a256f6345a32afc95604293ae5dd49c1513c,2019-05,Lancashire Constabulary,Lancashire Constabulary,-3.044915,53.808478,On or near Revoe Street,E01012743,Blackpool 015B,Violence and sexual offences,Unable to prosecute suspect,
3f92924abfae110f3f2ed964e8397994906c032ada62ef7286a32c0ccb03e966,2019-05,Lancashire Constabulary,Lancashire Constabulary,-3.038604,53.805090,On or near Chadfield Road,E01012743,Blackpool 015B,Violence and sexual offences,Status update unavailable,
8e7464c2ffcdca662de716b7fe6da1b0a51b49c46b3b204fabbb69715cf740f9,2019-05,Lancashire Constabulary,Lancashire Constabulary,-3.044387,53.808042,On or near Westmorland Avenue,E01012743,Blackpool 015B,Violence and sexual offences,Unable to prosecute suspect,
e561baf5d3cad0670e95abe4c4892a7a2f13c568c1bb6655a518bed9b92ff372,2019-05,Lancashire Constabulary,Lancashire Constabulary,-3.042951,53.807066,On or near Wyre Grove,E01012743,Blackpool 015B,Violence and sexual offences,Unable to prosecute suspect,
b3da822ac6fab244f465a8395796e3f3c4daebba28aa9dc763cfa7a2bbcef5c8,2019-05,Lancashire Constabulary,Lancashire Constabulary,-3.045091,53.803973,On or near Central Drive,E01012743,Blackpool 015B,Violence and sexual offences,Status update unavailable,
53cea8644eb0d450dc57e626d1409a1dc6d79aec9d437ae953bee8dbcbd4329a,2019-05,Lancashire Constabulary,Lancashire Constabulary,-3.044183,53.804089,On or near Bloomfield Road,E01012743,Blackpool 015B,Violence and sexual offences,Status update unavailable,
9c4bae12e596b0cfb1726ef43d2d2363ffc90d54872e13a52c7aae6c8de4f650,2019-05,Lancashire Constabulary,Lancashire Constabulary,-3.045091,53.803973,On or near Central Drive,E01012743,Blackpool 015B,Violence and sexual offences,Status update unavailable,
f4df1f619a7e9acd060760c45219b24739518c50f05a9016bca7261f89782237,2019-05,Lancashire Constabulary,Lancashire Constabulary,-3.042631,53.807635,On or near Grasmere Road,E01012743,Blackpool 015B,Violence and sexual offences,Status update unavailable,
cdabd463d25a6a795b9fd37592a4cb4335e3deeaeabc0f6484a8a202b27268fb,2019-05,Lancashire Constabulary,Lancashire Constabulary,-3.039370,53.804131,On or near Marina Avenue,E01012743,Blackpool 015B,Other crime,Status update unavailable,
d233b852ae28176b4fa7b6c9d5e1f19cce507b2707c57a43810e40e3bfec303e,2019-05,Lancashire Constabulary,Lancashire Constabulary,-3.044915,53.808478,On or near Revoe Street,E01012743,Blackpool 015B,Other crime,Status update unavailable,
d544bba85dc3d56aa6bfa27ddcf6aace209debdd9966d33f3710e8331d105d70,2019-05,Lancashire Constabulary,Lancashire Constabulary,-3.044915,53.808478,On or near Revoe Street,E01012743,Blackpool 015B,Other crime,Formal action is not in the public interest,
,2019-05,Lancashire Constabulary,Lancashire Constabulary,-3.037826,53.801852,On or near Hodder Avenue,E01012744,Blackpool 015C,Anti-social behaviour,,
,2019-05,Lancashire Constabulary,Lancashire Constabulary,-3.033491,53.801530,On or near Wood Park Road,E01012744,Blackpool 015C,Anti-social behaviour,,
,2019-05,Lancashire Constabulary,Lancashire Constabulary,-3.033771,53.802435,On or near Dover Road,E01012744,Blackpool 015C,Anti-social behaviour,,
,2019-05,Lancashire Constabulary,Lancashire Constabulary,-3.037716,53.802311,On or near Nuttall Road,E01012744,Blackpool 015C,Anti-social behaviour,,
,2019-05,Lancashire Constabulary,Lancashire Constabulary,-3.036637,53.801044,On or near Sports/Recreation Area,E01012744,Blackpool 015C,Anti-social behaviour,,
,2019-05,Lancashire Constabulary,Lancashire Constabulary,-3.033057,53.801812,On or near Brun Grove,E01012744,Blackpool 015C,Anti-social behaviour,,
0460919dd61dcdb8f6ad98257303e819118adcc2c21433e60e6a9bd5c492bed7,2019-05,Lancashire Constabulary,Lancashire Constabulary,-3.035828,53.802103,On or near Dunsop Close,E01012744,Blackpool 015C,Criminal damage and arson,Status update unavailable,
7d77b459fcf417301c1f97455f41bd97a2d5394d92b06264cf1227f1217bb7ff,2019-05,Lancashire Constabulary,Lancashire Constabulary,-3.035824,53.803173,On or near Beardshaw Avenue,E01012744,Blackpool 015C,Criminal damage and arson,Unable to prosecute suspect,
81b85f12bfeae8ec774df7719c818e16114ad38484efaf00eee1eb109c3c69e9,2019-05,Lancashire Constabulary,Lancashire Constabulary,-3.033491,53.801530,On or near Wood Park Road,E01012744,Blackpool 015C,Other theft,Unable to prosecute suspect,
94620c7c83447c5bcdb2965151f85d9c3b93b52b59a1dde6617bbf038be4c20b,2019-05,Lancashire Constabulary,Lancashire Constabulary,-3.038060,53.803935,On or near Finsbury Avenue,E01012744,Blackpool 015C,Shoplifting,Status update unavailable,
c590eb513368db234b8074a35772300cd6b99c41f373ba94bcd2893acb5254f5,2019-05,Lancashire Constabulary,Lancashire Constabulary,-3.033771,53.802435,On or near Dover Road,E01012744,Blackpool 015C,Violence and sexual offences,Unable to prosecute suspect,
3e1d6ab106975cacbdd0284a188f9767c4b91175994fc37162683db2ebbe3446,2019-05,Lancashire Constabulary,Lancashire Constabulary,-3.035824,53.803173,On or near Beardshaw Avenue,E01012744,Blackpool 015C,Violence and sexual offences,Status update unavailable,
24784c32473bb3dcc25ed1602b68f46815f54c08727e17dd146316222294246f,2019-05,Lancashire Constabulary,Lancashire Constabulary,-3.035828,53.802103,On or near Dunsop Close,E01012744,Blackpool 015C,Violence and sexual offences,Unable to prosecute suspect,
3c5710bd018e4b2885ccc16a7a99b8647fe597bb3130a44d905162411fac5e1b,2019-05,Lancashire Constabulary,Lancashire Constabulary,-3.038060,53.803935,On or near Finsbury Avenue,E01012744,Blackpool 015C,Violence and sexual offences,Status update unavailable,
7fe7eb8d5ab87e56c12719069d565ef01b7fb6156d5a0600b5e5cb099ea8a4b9,2019-05,Lancashire Constabulary,Lancashire Constabulary,-3.037104,53.803988,On or near Cunliffe Road,E01012744,Blackpool 015C,Violence and sexual offences,Awaiting court outcome,
,2019-05,Lancashire Constabulary,Lancashire Constabulary,-3.046995,53.798743,On or near Supermarket,E01012745,Blackpool 015D,Anti-social behaviour,,
,2019-05,Lancashire Constabulary,Lancashire Constabulary,-3.038247,53.797992,On or near Dorset Street,E01012745,Blackpool 015D,Anti-social behaviour,,
,2019-05,Lancashire Constabulary,Lancashire Constabulary,-3.043882,53.798716,On or near Gladstone Street,E01012745,Blackpool 015D,Anti-social behaviour,,
,2019-05,Lancashire Constabulary,Lancashire Constabulary,-3.043882,53.798716,On or near Gladstone Street,E01012745,Blackpool 015D,Anti-social behaviour,,
,2019-05,Lancashire Constabulary,Lancashire Constabulary,-3.041855,53.798986,On or near Hall Avenue,E01012745,Blackpool 015D,Anti-social behaviour,,
,2019-05,Lancashire Constabulary,Lancashire Constabulary,-3.040299,53.798091,On or near Truro Street,E01012745,Blackpool 015D,Anti-social behaviour,,
,2019-05,Lancashire Constabulary,Lancashire Constabulary,-3.044154,53.801698,On or near Central Drive,E01012745,Blackpool 015D,Anti-social behaviour,,
,2019-05,Lancashire Constabulary,Lancashire Constabulary,-3.039029,53.798291,On or near Rugby Street,E01012745,Blackpool 015D,Anti-social behaviour,,
,2019-05,Lancashire Constabulary,Lancashire Constabulary,-3.046995,53.798743,On or near Supermarket,E01012745,Blackpool 015D,Anti-social behaviour,,
,2019-05,Lancashire Constabulary,Lancashire Constabulary,-3.046995,53.798743,On or near Supermarket,E01012745,Blackpool 015D,Anti-social behaviour,,
,2019-05,Lancashire Constabulary,Lancashire Constabulary,-3.038772,53.797754,On or near Newbury Avenue,E01012745,Blackpool 015D,Anti-social behaviour,,
,2019-05,Lancashire Constabulary,Lancashire Constabulary,-3.046995,53.798743,On or near Supermarket,E01012745,Blackpool 015D,Anti-social behaviour,,
,2019-05,Lancashire Constabulary,Lancashire Constabulary,-3.041855,53.798986,On or near Hall Avenue,E01012745,Blackpool 015D,Anti-social behaviour,,
a162f84019b7d0c3fe0810632c21bd215d06ab3500c8891ea7d374f398b3c0e9,2019-05,Lancashire Constabulary,Lancashire Constabulary,-3.046479,53.798739,On or near Parkinson Way,E01012745,Blackpool 015D,Burglary,Status update unavailable,
96e2eacf94661699cdf4f79dff096b0627a39e89ea768b8e02248e610e53c3fd,2019-05,Lancashire Constabulary,Lancashire Constabulary,-3.044154,53.801698,On or near Central Drive,E01012745,Blackpool 015D,Burglary,Status update unavailable,
53b71b8493903adc2a96309829bc48ae359dbf51a9a7ef3050a354bb1fb2c2a9,2019-05,Lancashire Constabulary,Lancashire Constabulary,-3.038999,53.798956,On or near Scudamore Crescent,E01012745,Blackpool 015D,Burglary,Status update unavailable,
f7edc38dc46473bb94518a3f91cf4547af52df0fe7eeb526972a6bf1b8986e7c,2019-05,Lancashire Constabulary,Lancashire Constabulary,-3.040887,53.797915,On or near Devon Street,E01012745,Blackpool 015D,Criminal damage and arson,Status update unavailable,
492408d141bd6117dc0b7f27165496e9e4f11ffbb1c9096b9cd5744ca1b0087a,2019-05,Lancashire Constabulary,Lancashire Constabulary,-3.040839,53.799039,On or near Romney Avenue,E01012745,Blackpool 015D,Criminal damage and arson,Status update unavailable,
15b1d0ef863cbf999c08794cba8a81e6014665441fb908d4d57ed71ded8981fc,2019-05,Lancashire Constabulary,Lancashire Constabulary,-3.039029,53.798291,On or near Rugby Street,E01012745,Blackpool 015D,Criminal damage and arson,Status update unavailable,
1d7c27711df8a44ee9dc9ecf42ee6994e85a102a5147d3a6f512ae15c6c9c242,2019-05,Lancashire Constabulary,Lancashire Constabulary,-3.040887,53.797915,On or near Devon Street,E01012745,Blackpool 015D,Criminal damage and arson,Status update unavailable,
328708dea055ab39de6effee100b7814f261da2c304692b13021e0169a9081e9,2019-05,Lancashire Constabulary,Lancashire Constabulary,-3.043882,53.798716,On or near Gladstone Street,E01012745,Blackpool 015D,Criminal damage and arson,Status update unavailable,
3dbad70dbb7dadd30d94759af99ccfbda304abadbc30db2cbe0b6e1a8284c9d7,2019-05,Lancashire Constabulary,Lancashire Constabulary,-3.044154,53.801698,On or near Central Drive,E01012745,Blackpool 015D,Other theft,Status update unavailable,
63492fc59a023e8ad17cfcf2f35b4a2687788709925866666827744afa5e4672,2019-05,Lancashire Constabulary,Lancashire Constabulary,-3.043882,53.798716,On or near Gladstone Street,E01012745,Blackpool 015D,Public order,Status update unavailable,
7be6959471fc3fffcd7be65b6bd9e41679be0d7881e5465a95a52d7c0f48688c,2019-05,Lancashire Constabulary,Lancashire Constabulary,-3.043882,53.798716,On or near Gladstone Street,E01012745,Blackpool 015D,Public order,Unable to prosecute suspect,
e6966d89f174d2b747ec12b72b34c9c505bff16434be819c1984fdbe0bc9ab37,2019-05,Lancashire Constabulary,Lancashire Constabulary,-3.046995,53.798743,On or near Supermarket,E01012745,Blackpool 015D,Shoplifting,Unable to prosecute suspect,
ebc346c6e8bb53de9e3cba4b07d440274f82b28f9557be9de1466d722eb9e699,2019-05,Lancashire Constabulary,Lancashire Constabulary,-3.046479,53.798739,On or near Parkinson Way,E01012745,Blackpool 015D,Shoplifting,Awaiting court outcome,
60580df97c2bcdcfbb4ef3ed731e9059dc2afce34afd8d493e6d6b683484d8c0,2019-05,Lancashire Constabulary,Lancashire Constabulary,-3.046995,53.798743,On or near Supermarket,E01012745,Blackpool 015D,Shoplifting,Status update unavailable,
d9ee9c63fafdd079892870573714c163b97f0c55188fd8672a9e24ae90aa1a90,2019-05,Lancashire Constabulary,Lancashire Constabulary,-3.041555,53.797910,On or near Exeter Street,E01012745,Blackpool 015D,Shoplifting,Status update unavailable,
7bbf7452ceb5e991dd4b519de0d65989ad0e89ccdfefb85df296314611215493,2019-05,Lancashire Constabulary,Lancashire Constabulary,-3.041555,53.797910,On or near Exeter Street,E01012745,Blackpool 015D,Shoplifting,Status update unavailable,
52761264118e9ce20cfb813696e1366f7b55095fbb99ad8ae0954380871c297c,2019-05,Lancashire Constabulary,Lancashire Constabulary,-3.039539,53.801756,On or near Westfield Road,E01012745,Blackpool 015D,Vehicle crime,Status update unavailable,
c0f587e146e67cb5e0d7636709df3edcd7be4a43a5688bd2281a21d9615d3354,2019-05,Lancashire Constabulary,Lancashire Constabulary,-3.041555,53.797910,On or near Exeter Street,E01012745,Blackpool 015D,Vehicle crime,Status update unavailable,
4fe33b82eca62489d4a3ff44bf8e22b39fb3fc2cb35f7dcdb0818014a8578375,2019-05,Lancashire Constabulary,Lancashire Constabulary,-3.038772,53.797754,On or near Newbury Avenue,E01012745,Blackpool 015D,Violence and sexual offences,Unable to prosecute suspect,
6c929ea4f8601c6155043bc8c8124142388a5e22537018c04b500380bb7020fc,2019-05,Lancashire Constabulary,Lancashire Constabulary,-3.043882,53.798716,On or near Gladstone Street,E01012745,Blackpool 015D,Violence and sexual offences,Status update unavailable,
7493f20a7e44ea3d6b1895b873c2a5ab61477931ef1d11a570d2034e9b29e65c,2019-05,Lancashire Constabulary,Lancashire Constabulary,-3.039029,53.798291,On or near Rugby Street,E01012745,Blackpool 015D,Violence and sexual offences,Awaiting court outcome,
02e0dcb0103c9a1d516984d89c086cb529362874953fded7426a7353e8a86230,2019-05,Lancashire Constabulary,Lancashire Constabulary,-3.042330,53.802855,On or near Shetland Road,E01012745,Blackpool 015D,Violence and sexual offences,Status update unavailable,
4d445c6896289e556625e1c4a31ab0a864c322c62a8f82789b6e0315e0b96a26,2019-05,Lancashire Constabulary,Lancashire Constabulary,-3.038772,53.797754,On or near Newbury Avenue,E01012745,Blackpool 015D,Violence and sexual offences,Status update unavailable,
c7a980045ced8e57e66926c8d3996ad817a221beb5b56bbe52aa555cb385d739,2019-05,Lancashire Constabulary,Lancashire Constabulary,-3.041555,53.797910,On or near Exeter Street,E01012745,Blackpool 015D,Violence and sexual offences,Status update unavailable,
94beb99d9a17d6b43b30922ed6a8ad73aff8776b9d643fd41a50b50b107c9320,2019-05,Lancashire Constabulary,Lancashire Constabulary,-3.042330,53.802855,On or near Shetland Road,E01012745,Blackpool 015D,Violence and sexual offences,Status update unavailable,
a4aa665b0e66b8de54cdc33c56271a794b1317395e6a9ad5c68b27938a38b981,2019-05,Lancashire Constabulary,Lancashire Constabulary,-3.038752,53.798770,On or near Chislehurst Avenue,E01012745,Blackpool 015D,Violence and sexual offences,Unable to prosecute suspect,
2bfe7a2c20f1734bbbc8997d951366468a7c99e33c82a13df6d921cd10f9d29a,2019-05,Lancashire Constabulary,Lancashire Constabulary,-3.046995,53.798743,On or near Supermarket,E01012745,Blackpool 015D,Violence and sexual offences,Unable to prosecute suspect,
7e629cbb3ed666966f0f1eac6260d6481beb450da088d40a75c5d5c807c8b287,2019-05,Lancashire Constabulary,Lancashire Constabulary,-3.039029,53.798291,On or near Rugby Street,E01012745,Blackpool 015D,Violence and sexual offences,Unable to prosecute suspect,
0638b9a253bc21efdbb66b552746cf9e3f646684bc2560df685f658ac4fc2330,2019-05,Lancashire Constabulary,Lancashire Constabulary,-3.046995,53.798743,On or near Supermarket,E01012745,Blackpool 015D,Violence and sexual offences,Unable to prosecute suspect,
7a11b42468e17ff341040315b1f1f77bfc27a86b789935fb4d0e43150017fe12,2019-05,Lancashire Constabulary,Lancashire Constabulary,-3.039996,53.800557,On or near Hebden Avenue,E01012745,Blackpool 015D,Violence and sexual offences,Unable to prosecute suspect,
138af30cacb187f37892522bf7934e87f6bbd3481631f8f14dbc1d6a75e4efb0,2019-05,Lancashire Constabulary,Lancashire Constabulary,-3.039996,53.800557,On or near Hebden Avenue,E01012745,Blackpool 015D,Violence and sexual offences,Status update unavailable,
8a31a75b03b2af84cfac59c717ee5beb8984fa596cdf054805b6fb0e3b4344a5,2019-05,Lancashire Constabulary,Lancashire Constabulary,-3.043882,53.798716,On or near Gladstone Street,E01012745,Blackpool 015D,Violence and sexual offences,Status update unavailable,
e6bee6f79cd455b6800001e008410987ad28db7169c58a3d03023ad17bb8e4ed,2019-05,Lancashire Constabulary,Lancashire Constabulary,-3.038772,53.797754,On or near Newbury Avenue,E01012745,Blackpool 015D,Violence and sexual offences,Status update unavailable,
b21b9eeee309f921f6731fba39d0f5fe87e0bd2f1ea40b3a58dcdac7e94954f8,2019-05,Lancashire Constabulary,Lancashire Constabulary,-3.041855,53.798986,On or near Hall Avenue,E01012745,Blackpool 015D,Other crime,Unable to prosecute suspect,
,2019-05,Lancashire Constabulary,Lancashire Constabulary,-3.033792,53.800206,On or near Hawes Side Lane,E01012746,Blackpool 015E,Anti-social behaviour,,
,2019-05,Lancashire Constabulary,Lancashire Constabulary,-3.038387,53.796310,On or near Edwell Avenue,E01012746,Blackpool 015E,Anti-social behaviour,,
,2019-05,Lancashire Constabulary,Lancashire Constabulary,-3.039377,53.797668,On or near Frederick Street,E01012746,Blackpool 015E,Anti-social behaviour,,
,2019-05,Lancashire Constabulary,Lancashire Constabulary,-3.041050,53.794103,On or near Sports/Recreation Area,E01012746,Blackpool 015E,Anti-social behaviour,,
,2019-05,Lancashire Constabulary,Lancashire Constabulary,-3.032255,53.798206,On or near Ellesmere Road,E01012746,Blackpool 015E,Anti-social behaviour,,
,2019-05,Lancashire Constabulary,Lancashire Constabulary,-3.033792,53.800206,On or near Hawes Side Lane,E01012746,Blackpool 015E,Anti-social behaviour,,
,2019-05,Lancashire Constabulary,Lancashire Constabulary,-3.041050,53.794103,On or near Sports/Recreation Area,E01012746,Blackpool 015E,Anti-social behaviour,,
,2019-05,Lancashire Constabulary,Lancashire Constabulary,-3.033792,53.800206,On or near Hawes Side Lane,E01012746,Blackpool 015E,Anti-social behaviour,,
,2019-05,Lancashire Constabulary,Lancashire Constabulary,-3.041050,53.794103,On or near Sports/Recreation Area,E01012746,Blackpool 015E,Anti-social behaviour,,
,2019-05,Lancashire Constabulary,Lancashire Constabulary,-3.041872,53.796631,On or near St Annes Road,E01012746,Blackpool 015E,Anti-social behaviour,,
,2019-05,Lancashire Constabulary,Lancashire Constabulary,-3.036990,53.799981,On or near Waterloo Road,E01012746,Blackpool 015E,Anti-social behaviour,,
68ba78f3cef2ed4d9587bdd88d4365dc190291b16057381af7becd52e4ed89ac,2019-05,Lancashire Constabulary,Lancashire Constabulary,-3.036638,53.797413,On or near Hemingway,E01012746,Blackpool 015E,Burglary,Status update unavailable,
a3b8585983e98964442584efbd7acf08a791a415116aec34249307bfeac6a0e7,2019-05,Lancashire Constabulary,Lancashire Constabulary,-3.036555,53.799553,On or near Aylesbury Avenue,E01012746,Blackpool 015E,Burglary,Status update unavailable,
e0192e48927e6140ab208f9d846e65087b86ff9321c05ec391ce8ee732057d7a,2019-05,Lancashire Constabulary,Lancashire Constabulary,-3.041872,53.796631,On or near St Annes Road,E01012746,Blackpool 015E,Drugs,Local resolution,
a81529dd947d658846a085f49344fd61996fdc6ab9d74b50e0d04eef5a17019d,2019-05,Lancashire Constabulary,Lancashire Constabulary,-3.041393,53.795673,On or near St Annes Road,E01012746,Blackpool 015E,Other theft,Status update unavailable,
6de567dd6af6ab4dc1d5a437b19f4e9e6327e440b685d4dba8936bc9a26b671a,2019-05,Lancashire Constabulary,Lancashire Constabulary,-3.041393,53.795673,On or near St Annes Road,E01012746,Blackpool 015E,Other theft,Status update unavailable,
bf5443b6a12f090722a795be71cf02501e91aa9e38f8a4f3f7c7addd08438c37,2019-05,Lancashire Constabulary,Lancashire Constabulary,-3.039377,53.797668,On or near Frederick Street,E01012746,Blackpool 015E,Other theft,Status update unavailable,
27e862a0f944581839851198288e640c1de9560eb99477c533e9d33f09d5d912,2019-05,Lancashire Constabulary,Lancashire Constabulary,-3.038387,53.796310,On or near Edwell Avenue,E01012746,Blackpool 015E,Possession of weapons,Unable to prosecute suspect,
a4bf0973de56a9fb7d05fb0a740f80fac94183ab7a9df5d337c9bc658dde5eb1,2019-05,Lancashire Constabulary,Lancashire Constabulary,-3.033792,53.800206,On or near Hawes Side Lane,E01012746,Blackpool 015E,Public order,Awaiting court outcome,
8d49901e4580ae0f0b9c24ccbd2a863b4fa8be15d5880d1f23da806ca9c438ca,2019-05,Lancashire Constabulary,Lancashire Constabulary,-3.041872,53.796631,On or near St Annes Road,E01012746,Blackpool 015E,Public order,Awaiting court outcome,
fdb389e3566b891fce90ca78ce882dcbd88fb65a7593f094ca0c945cf4865dd1,2019-05,Lancashire Constabulary,Lancashire Constabulary,-3.040191,53.793131,On or near Watson Road,E01012746,Blackpool 015E,Robbery,Status update unavailable,
e079164632a4eeab2c14fe049a0d628a875906d63a34e05a004edb5631264bfd,2019-05,Lancashire Constabulary,Lancashire Constabulary,-3.039377,53.797668,On or near Frederick Street,E01012746,Blackpool 015E,Vehicle crime,Awaiting court outcome,
2ba5c05ab7a482e5e8aeebda367e94ad6d943b7c04223b52953c6091b77456e4,2019-05,Lancashire Constabulary,Lancashire Constabulary,-3.036990,53.799981,On or near Waterloo Road,E01012746,Blackpool 015E,Vehicle crime,Status update unavailable,
f0415319ce98751cfcef8a71cce6540fcf7bbb9a4cb30a0e9a66910f6d37f71f,2019-05,Lancashire Constabulary,Lancashire Constabulary,-3.033761,53.798346,On or near Tranmere Road,E01012746,Blackpool 015E,Violence and sexual offences,Unable to prosecute suspect,
15e135d66e594c975f8c5928571d3bade447d90a033ae0e23b0791bffc7111ab,2019-05,Lancashire Constabulary,Lancashire Constabulary,-3.036545,53.798537,On or near Fernhurst Avenue,E01012746,Blackpool 015E,Violence and sexual offences,Unable to prosecute suspect,
2e772f23a63d50e2219f8ca51cc95ebfb985a97b2ae37714ab1221a9a53ee1b4,2019-05,Lancashire Constabulary,Lancashire Constabulary,-3.039377,53.797668,On or near Frederick Street,E01012746,Blackpool 015E,Violence and sexual offences,Unable to prosecute suspect,
7c841e9249d630fb866a69d9cf568666bf8d8c802fe3efc0c6db25e2af5107e5,2019-05,Lancashire Constabulary,Lancashire Constabulary,-3.038387,53.796310,On or near Edwell Avenue,E01012746,Blackpool 015E,Violence and sexual offences,Status update unavailable,
1eb1e64ef2e240b6fd7fab58a860814c127a9e871b85d5d5d908ee029246f664,2019-05,Lancashire Constabulary,Lancashire Constabulary,-3.039377,53.797668,On or near Frederick Street,E01012746,Blackpool 015E,Violence and sexual offences,Unable to prosecute suspect,
2ff1c03a6461b0f521e6472b88714e52192e8f8b14920ec145ecac851e82862b,2019-05,Lancashire Constabulary,Lancashire Constabulary,-3.039690,53.794978,On or near Lynton Avenue,E01012746,Blackpool 015E,Violence and sexual offences,Unable to prosecute suspect,
ade129a3279ced9d5dd883842e19f4b22a3c6c18593eae69b144fd2c5e829b42,2019-05,Lancashire Constabulary,Lancashire Constabulary,-3.041039,53.797303,On or near Silverwood Avenue,E01012746,Blackpool 015E,Violence and sexual offences,Status update unavailable,
,2019-05,Lancashire Constabulary,Lancashire Constabulary,-3.022346,53.797185,On or near Shortridge Road,E01012685,Blackpool 016A,Anti-social behaviour,,
,2019-05,Lancashire Constabulary,Lancashire Constabulary,-3.016469,53.798997,On or near Supermarket,E01012685,Blackpool 016A,Anti-social behaviour,,
,2019-05,Lancashire Constabulary,Lancashire Constabulary,-3.020787,53.803634,On or near Ailsa Avenue,E01012685,Blackpool 016A,Anti-social behaviour,,
,2019-05,Lancashire Constabulary,Lancashire Constabulary,-3.020787,53.803634,On or near Ailsa Avenue,E01012685,Blackpool 016A,Anti-social behaviour,,
,2019-05,Lancashire Constabulary,Lancashire Constabulary,-3.020787,53.803634,On or near Ailsa Avenue,E01012685,Blackpool 016A,Anti-social behaviour,,
,2019-05,Lancashire Constabulary,Lancashire Constabulary,-3.025466,53.798713,On or near Supermarket,E01012685,Blackpool 016A,Anti-social behaviour,,
,2019-05,Lancashire Constabulary,Lancashire Constabulary,-3.016179,53.798325,On or near Petrol Station,E01012685,Blackpool 016A,Anti-social behaviour,,
,2019-05,Lancashire Constabulary,Lancashire Constabulary,-3.016179,53.798325,On or near Petrol Station,E01012685,Blackpool 016A,Anti-social behaviour,,
,2019-05,Lancashire Constabulary,Lancashire Constabulary,-3.019644,53.802808,On or near Falkland Avenue,E01012685,Blackpool 016A,Anti-social behaviour,,
b4e2bc08b8243ec413ce409c911b442d84bdff5a0ae39585b307b8b88412caff,2019-05,Lancashire Constabulary,Lancashire Constabulary,-3.025466,53.798713,On or near Supermarket,E01012685,Blackpool 016A,Bicycle theft,Status update unavailable,
f35ca19bb96f9a0021fae86dd3995cb9be257e6855fe26a6f0f8d8c5083c791a,2019-05,Lancashire Constabulary,Lancashire Constabulary,-3.019632,53.799833,On or near Saxby Grove,E01012685,Blackpool 016A,Burglary,Status update unavailable,
a42cc62bbf4bb39164a6469985434ffa24ce2ba1c85d0e0cfa18a1e813388698,2019-05,Lancashire Constabulary,Lancashire Constabulary,-3.021004,53.800037,On or near Eskdale Close,E01012685,Blackpool 016A,Criminal damage and arson,Status update unavailable,
c40a1cfb5f6f2f519bbf58c03ececfe0aca71521cab0f4ee3eafb083323f86aa,2019-05,Lancashire Constabulary,Lancashire Constabulary,-3.018664,53.803122,On or near Rosedale Avenue,E01012685,Blackpool 016A,Criminal damage and arson,Status update unavailable,
07775797f543fb227b1ca166cf403f7f1599d31323e721fd3c56d1e82780d806,2019-05,Lancashire Constabulary,Lancashire Constabulary,-3.019644,53.802808,On or near Falkland Avenue,E01012685,Blackpool 016A,Criminal damage and arson,Status update unavailable,
e2a35d95d41a1f8fce75e568305e0b804418aaf8500152ecd862bb89d0467069,2019-05,Lancashire Constabulary,Lancashire Constabulary,-3.019644,53.802808,On or near Falkland Avenue,E01012685,Blackpool 016A,Criminal damage and arson,Status update unavailable,
8a353e305dd79a040c52bb5b6d2a64d86457b5d07837c35e4429f044c26ea37f,2019-05,Lancashire Constabulary,Lancashire Constabulary,-3.025391,53.797519,On or near Vicarage Lane,E01012685,Blackpool 016A,Other theft,Status update unavailable,
502e41e7951b371abfb6d28d52818c1d3ae2f593720afb14247b93a4a5d5b2f5,2019-05,Lancashire Constabulary,Lancashire Constabulary,-3.025466,53.798713,On or near Supermarket,E01012685,Blackpool 016A,Shoplifting,Status update unavailable,
a9f3f9d2e89334d4a8355fd9cfffd7084395a0ef06173eed448a4fe15d6243b9,2019-05,Lancashire Constabulary,Lancashire Constabulary,-3.025466,53.798713,On or near Supermarket,E01012685,Blackpool 016A,Shoplifting,Status update unavailable,
a8d6096d082116011ac34dc611aa0c6267500f3c7fa461447ad2b682b8caecc8,2019-05,Lancashire Constabulary,Lancashire Constabulary,-3.025466,53.798713,On or near Supermarket,E01012685,Blackpool 016A,Shoplifting,Status update unavailable,
b9d1b45ad3dc8290ff9d02859f3af21fc85e4981c6f9d656440a920f5c475f0f,2019-05,Lancashire Constabulary,Lancashire Constabulary,-3.025466,53.798713,On or near Supermarket,E01012685,Blackpool 016A,Shoplifting,Status update unavailable,
09b01e8dc30209e0a9ea539dd6513c5ae07bab989a843e5061750ba537847f85,2019-05,Lancashire Constabulary,Lancashire Constabulary,-3.025466,53.798713,On or near Supermarket,E01012685,Blackpool 016A,Shoplifting,Status update unavailable,
b7ba9e5178530325c184bfc1e1d20c98c2a19bb14aff24e22ea0d6e15c93a207,2019-05,Lancashire Constabulary,Lancashire Constabulary,-3.025466,53.798713,On or near Supermarket,E01012685,Blackpool 016A,Shoplifting,Status update unavailable,
4b85df0369dcb8dd686bc891b291f68592ad06c360b7f979f2ad233278be74ef,2019-05,Lancashire Constabulary,Lancashire Constabulary,-3.025466,53.798713,On or near Supermarket,E01012685,Blackpool 016A,Shoplifting,Status update unavailable,
14db437a19421ff065c5f90aec4d552238e6f3196a225fa59e2e33b528ae10b7,2019-05,Lancashire Constabulary,Lancashire Constabulary,-3.025466,53.798713,On or near Supermarket,E01012685,Blackpool 016A,Shoplifting,Status update unavailable,
3312d41f40fee22009bf4c18650678426f899f6a00d223a4caa31e096b0ed028,2019-05,Lancashire Constabulary,Lancashire Constabulary,-3.025466,53.798713,On or near Supermarket,E01012685,Blackpool 016A,Shoplifting,Status update unavailable,
c2e853422f2a22294a6aadd89fa5de1481b1547a50935fe4630092a651833484,2019-05,Lancashire Constabulary,Lancashire Constabulary,-3.025466,53.798713,On or near Supermarket,E01012685,Blackpool 016A,Shoplifting,Status update unavailable,
78e934d9bdd2c2091aa73ec9a28b109ab255627df646b707bc4f902f81218885,2019-05,Lancashire Constabulary,Lancashire Constabulary,-3.025466,53.798713,On or near Supermarket,E01012685,Blackpool 016A,Shoplifting,Status update unavailable,
90a5d8f8d3b1a6913920fe47628a86e8699513c73b3e400335a9892937d6fdf1,2019-05,Lancashire Constabulary,Lancashire Constabulary,-3.025466,53.798713,On or near Supermarket,E01012685,Blackpool 016A,Shoplifting,Status update unavailable,
a8569a3fd07f260ce62f6d8b77caccb0c31d064f4fe4e49eebd174795e5ade90,2019-05,Lancashire Constabulary,Lancashire Constabulary,-3.025466,53.798713,On or near Supermarket,E01012685,Blackpool 016A,Shoplifting,Status update unavailable,
77c28afc20ea3fb9cffd5ca0fba737e3a4588cb53b46a176644ec6fa5baf9855,2019-05,Lancashire Constabulary,Lancashire Constabulary,-3.025466,53.798713,On or near Supermarket,E01012685,Blackpool 016A,Shoplifting,Status update unavailable,
d88e4ddb2ee90ef11142802787c41e7feb45af93e4bc981df8e10aa13099ab86,2019-05,Lancashire Constabulary,Lancashire Constabulary,-3.025466,53.798713,On or near Supermarket,E01012685,Blackpool 016A,Shoplifting,Status update unavailable,
2a4a468b7a42137e70491390188de1da5d0b0eca89193304b2e3ab4b4d395628,2019-05,Lancashire Constabulary,Lancashire Constabulary,-3.025466,53.798713,On or near Supermarket,E01012685,Blackpool 016A,Shoplifting,Status update unavailable,
8c1cb644301d8e6ebfd2444675881e24cd509fb8ec2c2272bcc4013d343e0c5d,2019-05,Lancashire Constabulary,Lancashire Constabulary,-3.025466,53.798713,On or near Supermarket,E01012685,Blackpool 016A,Shoplifting,Status update unavailable,
e03e495bed620218ae474924e0b0365b3a0f043ee87974fcde5cc5af8eb17c67,2019-05,Lancashire Constabulary,Lancashire Constabulary,-3.019860,53.803597,On or near Rosemede Avenue,E01012685,Blackpool 016A,Vehicle crime,Unable to prosecute suspect,
3118a1e1b41b12193d71892805a3536702ab9c2a5c2f1dd7b7c900c0ac67c0c3,2019-05,Lancashire Constabulary,Lancashire Constabulary,-3.020787,53.803634,On or near Ailsa Avenue,E01012685,Blackpool 016A,Violence and sexual offences,Status update unavailable,
19ede517aae351ef0816f63df6dc1f79fe03870e03e89851da8aa3504d3e6316,2019-05,Lancashire Constabulary,Lancashire Constabulary,-3.018664,53.803122,On or near Rosedale Avenue,E01012685,Blackpool 016A,Violence and sexual offences,Status update unavailable,
0218213f912d7100f9673f1197477aaeee011053fc046201e0c635f70f87b5ed,2019-05,Lancashire Constabulary,Lancashire Constabulary,-3.018182,53.800771,On or near June Avenue,E01012685,Blackpool 016A,Violence and sexual offences,Status update unavailable,
514ede119e6220a065c207221da379d06483d6dad065d4e705d1e3982ddfb611,2019-05,Lancashire Constabulary,Lancashire Constabulary,-3.019644,53.802808,On or near Falkland Avenue,E01012685,Blackpool 016A,Violence and sexual offences,Unable to prosecute suspect,
,2019-05,Lancashire Constabulary,Lancashire Constabulary,-3.028415,53.800738,On or near Branston Road,E01012694,Blackpool 016B,Anti-social behaviour,,
,2019-05,Lancashire Constabulary,Lancashire Constabulary,-3.025417,53.801716,On or near Anger'S Hill Road,E01012694,Blackpool 016B,Anti-social behaviour,,
,2019-05,Lancashire Constabulary,Lancashire Constabulary,-3.023005,53.800532,On or near Penrose Avenue,E01012694,Blackpool 016B,Anti-social behaviour,,
,2019-05,Lancashire Constabulary,Lancashire Constabulary,-3.025488,53.802111,On or near Sedbergh Avenue,E01012694,Blackpool 016B,Anti-social behaviour,,
,2019-05,Lancashire Constabulary,Lancashire Constabulary,-3.023005,53.800532,On or near Penrose Avenue,E01012694,Blackpool 016B,Anti-social behaviour,,
,2019-05,Lancashire Constabulary,Lancashire Constabulary,-3.025488,53.803989,On or near Preston New Road,E01012694,Blackpool 016B,Anti-social behaviour,,
3bcde954aea24a78fdfb5237d18ae6c72ecc453ccdc4094de04c806f5379a983,2019-05,Lancashire Constabulary,Lancashire Constabulary,-3.025808,53.803402,On or near Maltby Place,E01012694,Blackpool 016B,Burglary,Status update unavailable,
4af8d7d406232379d8ae37d0a51ec09d5590922e7f8a19c5b1a57984de2ce3ec,2019-05,Lancashire Constabulary,Lancashire Constabulary,-3.023005,53.800532,On or near Penrose Avenue,E01012694,Blackpool 016B,Criminal damage and arson,Status update unavailable,
1f5a526b1035e6384808a15e12fef6c6d2b2f2a5410467c5402c1b026e649dcb,2019-05,Lancashire Constabulary,Lancashire Constabulary,-3.023463,53.803162,On or near Phillip Street,E01012694,Blackpool 016B,Violence and sexual offences,Unable to prosecute suspect,
79a9564393a5bed2e0d52bf24112656a2093aed8c1d4323f3195ffe30c3d9454,2019-05,Lancashire Constabulary,Lancashire Constabulary,-3.023463,53.803162,On or near Phillip Street,E01012694,Blackpool 016B,Violence and sexual offences,Unable to prosecute suspect,
16323998251ff8cb4560bde6cc24b0aaf8567b77682f0f3850588a574dd24e64,2019-05,Lancashire Constabulary,Lancashire Constabulary,-3.029875,53.801471,On or near Ryburn Avenue,E01012694,Blackpool 016B,Other crime,Status update unavailable,
,2019-05,Lancashire Constabulary,Lancashire Constabulary,-3.029889,53.798945,On or near Crossland Road,E01012696,Blackpool 016C,Anti-social behaviour,,
fc140ff7bc583650d0d6e61b375c299c0b8a2829452f82c4a26b47e50da2abdd,2019-05,Lancashire Constabulary,Lancashire Constabulary,-3.028101,53.794727,On or near Burnside Avenue,E01012696,Blackpool 016C,Criminal damage and arson,Action to be taken by another organisation,
3a2f8c46de48d0d111d5218ee5fda697ea230e9864b692aaee7a9525fad60ba4,2019-05,Lancashire Constabulary,Lancashire Constabulary,-3.029889,53.798945,On or near Crossland Road,E01012696,Blackpool 016C,Criminal damage and arson,Status update unavailable,
3677ae95656ac0cd892c03fe37311bf544130b3690f50d26b924431f0db0ae4a,2019-05,Lancashire Constabulary,Lancashire Constabulary,-3.029889,53.798945,On or near Crossland Road,E01012696,Blackpool 016C,Public order,Unable to prosecute suspect,
cbfc3afa26f6fd2b4046ff50702a15f84aec5c442ecf7fe2e0967602e1d0918a,2019-05,Lancashire Constabulary,Lancashire Constabulary,-3.027699,53.796897,On or near Daggers Hall Lane,E01012696,Blackpool 016C,Vehicle crime,Status update unavailable,
692cf2105434600f875374ea78b7f8f50298f3b2f22e1617b8495e2382c56a2d,2019-05,Lancashire Constabulary,Lancashire Constabulary,-3.029889,53.798945,On or near Crossland Road,E01012696,Blackpool 016C,Violence and sexual offences,Further investigation is not in the public interest,
258eef1b3e00be1e65e3f1812af882c26f3ff652393d35f15dd3e17efd31b7ac,2019-05,Lancashire Constabulary,Lancashire Constabulary,-3.029889,53.798945,On or near Crossland Road,E01012696,Blackpool 016C,Violence and sexual offences,Status update unavailable,
89eed1064ffb7ee62b0944eeb9d2d30370edddfe2fa02730f9b281ee5534e395,2019-05,Lancashire Constabulary,Lancashire Constabulary,-3.028724,53.795387,On or near Townley Avenue,E01012696,Blackpool 016C,Violence and sexual offences,Unable to prosecute suspect,
0dd3e9192f650a80f9cf9b62b91e78fe78c5b12989f32f8175901cc033fd750e,2019-05,Lancashire Constabulary,Lancashire Constabulary,-3.026493,53.800359,On or near St Edmund'S Road,E01012696,Blackpool 016C,Violence and sexual offences,Unable to prosecute suspect,
44caf53114f2d5914ea9dfe3ec3ab55358e1db3ea7e8c2b08da2021be7e067ba,2019-05,Lancashire Constabulary,Lancashire Constabulary,-3.028456,53.798086,On or near Morley Road,E01012696,Blackpool 016C,Violence and sexual offences,Status update unavailable,
49165a2de0e79a8bbce7b3b3292252f81d9cb37fe3b40da4d29148e4332cb5ea,2019-05,Lancashire Constabulary,Lancashire Constabulary,-3.027929,53.797650,On or near Terance Road,E01012696,Blackpool 016C,Violence and sexual offences,Status update unavailable,
571c7f39efae775be6d76ff9e12f703ba0698a2ebc80ffc35d87976f94105610,2019-05,Lancashire Constabulary,Lancashire Constabulary,-3.027699,53.796897,On or near Daggers Hall Lane,E01012696,Blackpool 016C,Violence and sexual offences,Unable to prosecute suspect,
d530b4d6359a1093b0eb84583778c15e2f48e4c4b4190cdbdbc1e56997e5974b,2019-05,Lancashire Constabulary,Lancashire Constabulary,-3.029889,53.798945,On or near Crossland Road,E01012696,Blackpool 016C,Violence and sexual offences,Unable to prosecute suspect,
16e55b3c789b7edd178891eb79243e72045d0d3554019c8700d529fa05218f4f,2019-05,Lancashire Constabulary,Lancashire Constabulary,-3.029889,53.798945,On or near Crossland Road,E01012696,Blackpool 016C,Violence and sexual offences,Unable to prosecute suspect,
7388c17492de42c798205e2ab94b26bcd9e6f62f45f2ba52956dfa27883361dc,2019-05,Lancashire Constabulary,Lancashire Constabulary,-3.029889,53.798945,On or near Crossland Road,E01012696,Blackpool 016C,Violence and sexual offences,Unable to prosecute suspect,
,2019-05,Lancashire Constabulary,Lancashire Constabulary,-3.025663,53.796240,On or near Bostonway,E01012697,Blackpool 016D,Anti-social behaviour,,
,2019-05,Lancashire Constabulary,Lancashire Constabulary,-3.024482,53.793877,On or near Spen Place,E01012697,Blackpool 016D,Anti-social behaviour,,
,2019-05,Lancashire Constabulary,Lancashire Constabulary,-3.024482,53.793877,On or near Spen Place,E01012697,Blackpool 016D,Anti-social behaviour,,
dc92d05eb23ac11ee2386b4d80966e5d52468a5cbc53549570e05da9344f818c,2019-05,Lancashire Constabulary,Lancashire Constabulary,-3.018721,53.793567,On or near Roundhay,E01012697,Blackpool 016D,Bicycle theft,Status update unavailable,
486f0409013024128e5324db9eb47588af6a6de523b5a30cd5dc66fd536e0157,2019-05,Lancashire Constabulary,Lancashire Constabulary,-3.025663,53.796240,On or near Bostonway,E01012697,Blackpool 016D,Criminal damage and arson,Status update unavailable,
c5af90b039339ac6f0e1b12c69728d2048a846543dddfabb5cf8552618467004,2019-05,Lancashire Constabulary,Lancashire Constabulary,-3.018721,53.793567,On or near Roundhay,E01012697,Blackpool 016D,Public order,Status update unavailable,
d66398119082d899b55737ac71a3b1c5b0fa439d7a6db3135ce5799ae5d56a56,2019-05,Lancashire Constabulary,Lancashire Constabulary,-3.028329,53.794132,On or near Hathaway,E01012697,Blackpool 016D,Violence and sexual offences,Unable to prosecute suspect,
ee6ab8ea5d8ec346399c392d296bb88922b25548e9844eab38fe4fca97b8c614,2019-05,Lancashire Constabulary,Lancashire Constabulary,-3.022722,53.795771,On or near Scott Close,E01012697,Blackpool 016D,Violence and sexual offences,Status update unavailable,
9baf64a5adc0798cf6e26d4114c5c15b53efdb456255194cd262eec9f4ecfef6,2019-05,Lancashire Constabulary,Lancashire Constabulary,-3.018721,53.793567,On or near Roundhay,E01012697,Blackpool 016D,Violence and sexual offences,Unable to prosecute suspect,
6e3eed9cc0d16698646281b95ac6a43e282f5831cc0343d8c07725e5713f7386,2019-05,Lancashire Constabulary,Lancashire Constabulary,-3.018721,53.793567,On or near Roundhay,E01012697,Blackpool 016D,Violence and sexual offences,Unable to prosecute suspect,
2794b0dab39e69ca62385aab4c980e9fdc2509d0cf219017132b6a1e3ad283db,2019-05,Lancashire Constabulary,Lancashire Constabulary,-3.024482,53.793877,On or near Spen Place,E01012697,Blackpool 016D,Violence and sexual offences,Local resolution,
,2019-05,Lancashire Constabulary,Lancashire Constabulary,-3.030697,53.795343,On or near Bean Avenue,E01012698,Blackpool 016E,Anti-social behaviour,,
,2019-05,Lancashire Constabulary,Lancashire Constabulary,-3.031699,53.795352,On or near Millington Avenue,E01012698,Blackpool 016E,Anti-social behaviour,,
,2019-05,Lancashire Constabulary,Lancashire Constabulary,-3.036769,53.793493,On or near Oak Avenue,E01012698,Blackpool 016E,Anti-social behaviour,,
,2019-05,Lancashire Constabulary,Lancashire Constabulary,-3.035297,53.794737,On or near Loftos Avenue,E01012698,Blackpool 016E,Anti-social behaviour,,
,2019-05,Lancashire Constabulary,Lancashire Constabulary,-3.031801,53.793949,On or near Dewhurst Avenue,E01012698,Blackpool 016E,Anti-social behaviour,,
6399aa6f55c8feb15989a345ce41415680c15b02f1288e7d5101359beae3cced,2019-05,Lancashire Constabulary,Lancashire Constabulary,-3.039907,53.793286,On or near Marton Drive,E01012698,Blackpool 016E,Criminal damage and arson,Status update unavailable,
0ba027398b39d35bc222f5f3514370fdbfeeacd2800a619bddeba6e09265cf0a,2019-05,Lancashire Constabulary,Lancashire Constabulary,-3.033604,53.795012,On or near Quayle Avenue,E01012698,Blackpool 016E,Criminal damage and arson,Status update unavailable,
d3b92d008629b6ffd73ff4cdaabc5af1a13f31f90282b14a2c78c90b70b96aed,2019-05,Lancashire Constabulary,Lancashire Constabulary,-3.031801,53.793949,On or near Dewhurst Avenue,E01012698,Blackpool 016E,Criminal damage and arson,Status update unavailable,
79abb4e135f2539a3fa00b1c5bf2580160275e5d2f29e3ed193f16e25831506a,2019-05,Lancashire Constabulary,Lancashire Constabulary,-3.036769,53.793493,On or near Oak Avenue,E01012698,Blackpool 016E,Criminal damage and arson,Status update unavailable,
f50c28ebde62a6dc9bac122a4a9d38bef1be40253376e53f6168d94971f5337d,2019-05,Lancashire Constabulary,Lancashire Constabulary,-3.036769,53.793493,On or near Oak Avenue,E01012698,Blackpool 016E,Other theft,Status update unavailable,
485d250f0892bff67a8b2cd3a4e5df39dab322bea92b4e6311b239afb17fa1dd,2019-05,Lancashire Constabulary,Lancashire Constabulary,-3.036769,53.793493,On or near Oak Avenue,E01012698,Blackpool 016E,Other theft,Local resolution,
646ac3a686f8c326ec74f0e414a1f1cf360f97667fbda24d6f51c82f57d06490,2019-05,Lancashire Constabulary,Lancashire Constabulary,-3.032936,53.793796,On or near Hurstmere Avenue,E01012698,Blackpool 016E,Vehicle crime,Status update unavailable,
eae1ee5003a998c7262b2af6803fd5b7586fe16fb1256102309583f228d7728e,2019-05,Lancashire Constabulary,Lancashire Constabulary,-3.033604,53.795012,On or near Quayle Avenue,E01012698,Blackpool 016E,Vehicle crime,Status update unavailable,
57967b88006661e3ac67031b54da16f802538bdb0c56c39d5d00853d7f5766ee,2019-05,Lancashire Constabulary,Lancashire Constabulary,-3.034286,53.795600,On or near Powell Avenue,E01012698,Blackpool 016E,Violence and sexual offences,Unable to prosecute suspect,
bb944c329858333acee86587c6d55c92263b71e9e194746f40ef5f502b3b6d53,2019-05,Lancashire Constabulary,Lancashire Constabulary,-3.031699,53.795352,On or near Millington Avenue,E01012698,Blackpool 016E,Violence and sexual offences,Unable to prosecute suspect,
7e21255e58776701af2603720cef6da870b7040d442c0fd3f7868c941a3eed18,2019-05,Lancashire Constabulary,Lancashire Constabulary,-3.036769,53.793493,On or near Oak Avenue,E01012698,Blackpool 016E,Violence and sexual offences,Status update unavailable,
a0527dac1c261a3ed086f38795ad1e53bf42d65ca484916cadfc210df650ffd7,2019-05,Lancashire Constabulary,Lancashire Constabulary,-3.030264,53.796893,On or near Hawes Side Lane,E01012698,Blackpool 016E,Violence and sexual offences,Unable to prosecute suspect,
,2019-05,Lancashire Constabulary,Lancashire Constabulary,-3.054587,53.782425,On or near Crichton Place,E01012726,Blackpool 017A,Anti-social behaviour,,
,2019-05,Lancashire Constabulary,Lancashire Constabulary,-3.054185,53.780317,On or near Bentinck Avenue,E01012726,Blackpool 017A,Anti-social behaviour,,
,2019-05,Lancashire Constabulary,Lancashire Constabulary,-3.052436,53.784988,On or near Swanage Avenue,E01012726,Blackpool 017A,Anti-social behaviour,,
,2019-05,Lancashire Constabulary,Lancashire Constabulary,-3.054835,53.783241,On or near Greystoke Place,E01012726,Blackpool 017A,Anti-social behaviour,,
,2019-05,Lancashire Constabulary,Lancashire Constabulary,-3.052781,53.786046,On or near Wycombe Avenue,E01012726,Blackpool 017A,Anti-social behaviour,,
,2019-05,Lancashire Constabulary,Lancashire Constabulary,-3.052781,53.786046,On or near Wycombe Avenue,E01012726,Blackpool 017A,Anti-social behaviour,,
88a96b000c4460ff7f083e6ccfbc22a7b36dad025fadf69e70bd76aa5fd045bc,2019-05,Lancashire Constabulary,Lancashire Constabulary,-3.056915,53.782630,On or near Harrow Place,E01012726,Blackpool 017A,Burglary,Status update unavailable,
d92fb92b3dd03f745fcfe0a67084dc572e9404643ca00f261b3b30437feb96bf,2019-05,Lancashire Constabulary,Lancashire Constabulary,-3.055404,53.780513,On or near Clifton Drive,E01012726,Blackpool 017A,Burglary,Status update unavailable,
c8a2c8ecbb27e7da77bada8e21e982906eba7cd592502e98a9767a123aab437d,2019-05,Lancashire Constabulary,Lancashire Constabulary,-3.056394,53.781241,On or near Cardigan Place,E01012726,Blackpool 017A,Burglary,Awaiting court outcome,
9c5e2715ff166ba75d183cafd446de8e3c5533afd68a3f5410d67b4a88dd2715,2019-05,Lancashire Constabulary,Lancashire Constabulary,-3.052638,53.784591,On or near Brixham Place,E01012726,Blackpool 017A,Criminal damage and arson,Unable to prosecute suspect,
50a4a0a854b1bca905a1e0170c983a9f8376dc7ac6301ddb2198574eb2b807ac,2019-05,Lancashire Constabulary,Lancashire Constabulary,-3.057167,53.781198,On or near New South Promenade,E01012726,Blackpool 017A,Public order,Formal action is not in the public interest,
634f311efb18944b7b76e1e8a8bff3ed5b09490a8586d1a678269ded58449b8f,2019-05,Lancashire Constabulary,Lancashire Constabulary,-3.051552,53.784241,On or near Supermarket,E01012726,Blackpool 017A,Shoplifting,Status update unavailable,
fee68e21314ac6e361ceeffdbcb2cc2ea23063717b2ef14f148865f2a7e6c8a1,2019-05,Lancashire Constabulary,Lancashire Constabulary,-3.057167,53.781198,On or near New South Promenade,E01012726,Blackpool 017A,Violence and sexual offences,Unable to prosecute suspect,
92609867c04f3dd1c53732a9992f3ad5ad7676c9772649123f1f8b0846e70665,2019-05,Lancashire Constabulary,Lancashire Constabulary,-3.052781,53.786046,On or near Wycombe Avenue,E01012726,Blackpool 017A,Violence and sexual offences,Status update unavailable,
8d993bae5834355b6e2ff3884e2200a25cd238a65cc2f317ff7e230a5a74206e,2019-05,Lancashire Constabulary,Lancashire Constabulary,-3.051095,53.781737,On or near Wetherby Avenue,E01012726,Blackpool 017A,Violence and sexual offences,Unable to prosecute suspect,
53aa67f0b29a6e8dc3eae9c2bdf9637c2c70edb4e37c4e4ab3a33d009be633ad,2019-05,Lancashire Constabulary,Lancashire Constabulary,-3.052781,53.786046,On or near Wycombe Avenue,E01012726,Blackpool 017A,Violence and sexual offences,Further investigation is not in the public interest,
eef0e43afff2576dd57066b580b4cfc63318fc4ce092bb44d9f2f02c09ef6985,2019-05,Lancashire Constabulary,Lancashire Constabulary,-3.052638,53.784591,On or near Brixham Place,E01012726,Blackpool 017A,Other crime,Status update unavailable,
,2019-05,Lancashire Constabulary,Lancashire Constabulary,-3.045631,53.785407,On or near Supermarket,E01012728,Blackpool 017B,Anti-social behaviour,,
,2019-05,Lancashire Constabulary,Lancashire Constabulary,-3.046168,53.786256,On or near St James Road,E01012728,Blackpool 017B,Anti-social behaviour,,
,2019-05,Lancashire Constabulary,Lancashire Constabulary,-3.046168,53.786256,On or near St James Road,E01012728,Blackpool 017B,Anti-social behaviour,,
,2019-05,Lancashire Constabulary,Lancashire Constabulary,-3.046168,53.786256,On or near St James Road,E01012728,Blackpool 017B,Anti-social behaviour,,
8afd43430c320fe8d7cae2efae36237cd0bbb191d589aed13d7c08d55fa5cdb9,2019-05,Lancashire Constabulary,Lancashire Constabulary,-3.046801,53.786044,On or near St George'S Road,E01012728,Blackpool 017B,Public order,Awaiting court outcome,
9f1728afe5ead7e8bfb8a15c1916d17b1ae2d77dbefed871fbd8228646cdc3a3,2019-05,Lancashire Constabulary,Lancashire Constabulary,-3.045631,53.785407,On or near Supermarket,E01012728,Blackpool 017B,Public order,Unable to prosecute suspect,
ed18c387a7ed346368c559d88aeed7a37a2af1e2cd182057daad7c51cc920246,2019-05,Lancashire Constabulary,Lancashire Constabulary,-3.045631,53.785407,On or near Supermarket,E01012728,Blackpool 017B,Shoplifting,Status update unavailable,
4a738e6523f12bdbbed39dab4dbc2e5dce6956d7b6971f9f8bd510b44462148f,2019-05,Lancashire Constabulary,Lancashire Constabulary,-3.045631,53.785407,On or near Supermarket,E01012728,Blackpool 017B,Shoplifting,Status update unavailable,
49e4ffed6b83cf2bf4a990e1cba5b2b6428855bb50fc7f122d527d19fe4af331,2019-05,Lancashire Constabulary,Lancashire Constabulary,-3.045782,53.784165,On or near Mayfield Avenue,E01012728,Blackpool 017B,Vehicle crime,Status update unavailable,
2ae4dd6663c0eca1827e5c803f044a6fcf97702321483b5770d837de8f970715,2019-05,Lancashire Constabulary,Lancashire Constabulary,-3.046344,53.782938,On or near Stony Croft Place,E01012728,Blackpool 017B,Violence and sexual offences,Unable to prosecute suspect,
0bed7de412b130bebca1f04333898a36ea6df07fdf360e71e29251548eacdcb8,2019-05,Lancashire Constabulary,Lancashire Constabulary,-3.045782,53.784165,On or near Mayfield Avenue,E01012728,Blackpool 017B,Violence and sexual offences,Unable to prosecute suspect,
134ec0b383bbd6dde3c7bb89852ffa8cf2c324b592f45a51983ea7ab6272b8a7,2019-05,Lancashire Constabulary,Lancashire Constabulary,-3.045782,53.784165,On or near Mayfield Avenue,E01012728,Blackpool 017B,Violence and sexual offences,Unable to prosecute suspect,
cdfeeb13c9514bb7293b7eafb2344e3401164ef6856246ecd70dd14869c2a50c,2019-05,Lancashire Constabulary,Lancashire Constabulary,-3.044933,53.786033,On or near Green Avenue,E01012728,Blackpool 017B,Violence and sexual offences,Status update unavailable,
7d6be0ea49b4d2c54c2b3f097e1b78ea0400fc82aa54e91caae58ce671caea5f,2019-05,Lancashire Constabulary,Lancashire Constabulary,-3.046801,53.786044,On or near St George'S Road,E01012728,Blackpool 017B,Violence and sexual offences,Unable to prosecute suspect,
1aa76838632374f2ba5033fd317637c1489900a8571123234ee82e5ff1fb9e9e,2019-05,Lancashire Constabulary,Lancashire Constabulary,-3.045782,53.784165,On or near Mayfield Avenue,E01012728,Blackpool 017B,Violence and sexual offences,Unable to prosecute suspect,
547a02c7b06738c0ae1c8f8be7f0c4521749444a4628fcdb674bb7b395aab555,2019-05,Lancashire Constabulary,Lancashire Constabulary,-3.042997,53.785053,On or near Abbeyville,E01012728,Blackpool 017B,Violence and sexual offences,Unable to prosecute suspect,
0dfea1bcc5cea3c86c10a4a5e198eb543a4a1e3a44200050fe369d8087bbb40a,2019-05,Lancashire Constabulary,Lancashire Constabulary,-3.045782,53.784165,On or near Mayfield Avenue,E01012728,Blackpool 017B,Violence and sexual offences,Status update unavailable,
,2019-05,Lancashire Constabulary,Lancashire Constabulary,-3.057611,53.785572,On or near New South Promenade,E01012752,Blackpool 017C,Anti-social behaviour,,
,2019-05,Lancashire Constabulary,Lancashire Constabulary,-3.056653,53.787333,On or near Burlington Road West,E01012752,Blackpool 017C,Anti-social behaviour,,
,2019-05,Lancashire Constabulary,Lancashire Constabulary,-3.050898,53.788435,On or near Burlington Road,E01012752,Blackpool 017C,Anti-social behaviour,,
,2019-05,Lancashire Constabulary,Lancashire Constabulary,-3.057330,53.794320,On or near Theme/Adventure Park,E01012752,Blackpool 017C,Anti-social behaviour,,
,2019-05,Lancashire Constabulary,Lancashire Constabulary,-3.050785,53.786971,On or near Horncliffe Road,E01012752,Blackpool 017C,Anti-social behaviour,,
,2019-05,Lancashire Constabulary,Lancashire Constabulary,-3.050885,53.789118,On or near Kenilworth Gardens,E01012752,Blackpool 017C,Anti-social behaviour,,
,2019-05,Lancashire Constabulary,Lancashire Constabulary,-3.057330,53.794320,On or near Theme/Adventure Park,E01012752,Blackpool 017C,Anti-social behaviour,,
,2019-05,Lancashire Constabulary,Lancashire Constabulary,-3.050885,53.789118,On or near Kenilworth Gardens,E01012752,Blackpool 017C,Anti-social behaviour,,
,2019-05,Lancashire Constabulary,Lancashire Constabulary,-3.050885,53.789118,On or near Kenilworth Gardens,E01012752,Blackpool 017C,Anti-social behaviour,,
7fe659d4f46187c2f135e8e2b23178c45bc60d1505f13c6ca8b7bb9c41d9260a,2019-05,Lancashire Constabulary,Lancashire Constabulary,-3.050898,53.788435,On or near Burlington Road,E01012752,Blackpool 017C,Burglary,Status update unavailable,
0f8980b300af0ec8671129a4c237a09ac4a80914065474c3f0168580704ede89,2019-05,Lancashire Constabulary,Lancashire Constabulary,-3.056653,53.787333,On or near Burlington Road West,E01012752,Blackpool 017C,Burglary,Status update unavailable,
0193fa27c251c23cf1bd4e99c7390478d9544e837204a6b9e3d0c8d758b2105d,2019-05,Lancashire Constabulary,Lancashire Constabulary,-3.054105,53.793450,On or near Parking Area,E01012752,Blackpool 017C,Criminal damage and arson,Further investigation is not in the public interest,
60006b1538ed35edb195600d7d05486e9131404425ea8ddd27fddaf8b236d19c,2019-05,Lancashire Constabulary,Lancashire Constabulary,-3.057611,53.785572,On or near New South Promenade,E01012752,Blackpool 017C,Criminal damage and arson,Status update unavailable,
6a568f908ae44659ab04a544903fc78392a3801de28de41e2d846a251f018e52,2019-05,Lancashire Constabulary,Lancashire Constabulary,-3.056653,53.787333,On or near Burlington Road West,E01012752,Blackpool 017C,Criminal damage and arson,Unable to prosecute suspect,
9aaaa5344c9b7305dd46cba8a8428d2d5235060444125429e9b4e57c91f2322c,2019-05,Lancashire Constabulary,Lancashire Constabulary,-3.054105,53.793450,On or near Parking Area,E01012752,Blackpool 017C,Other theft,Status update unavailable,
55741ef1d8e6c182dd5413db76deb0c6f269d72614cac31410993845d8d85182,2019-05,Lancashire Constabulary,Lancashire Constabulary,-3.050879,53.787689,On or near Rosebery Avenue,E01012752,Blackpool 017C,Other theft,Investigation complete; no suspect identified,
940f3a3c04811d462d8a82f701898e3205b1a7c7e71e02ede366bd5e898b009b,2019-05,Lancashire Constabulary,Lancashire Constabulary,-3.057611,53.785572,On or near New South Promenade,E01012752,Blackpool 017C,Other theft,Status update unavailable,
e88906eb973a580a398b1d761c5246ab300232a7b0db06f85ed1d80008b670bc,2019-05,Lancashire Constabulary,Lancashire Constabulary,-3.054105,53.793450,On or near Parking Area,E01012752,Blackpool 017C,Other theft,Status update unavailable,
f68676d1f7d1d9b186c5f39de68456484c2568e2ce5f3ddad1e1d0f2787ed00b,2019-05,Lancashire Constabulary,Lancashire Constabulary,-3.050885,53.789118,On or near Kenilworth Gardens,E01012752,Blackpool 017C,Other theft,Status update unavailable,
a19490707fdd2309a65d540fff1e951d98873caed8e767e09114bd3f400b58e9,2019-05,Lancashire Constabulary,Lancashire Constabulary,-3.054105,53.793450,On or near Parking Area,E01012752,Blackpool 017C,Other theft,Status update unavailable,
6a341ef97b86f362b1b57ea87383be00d109431b24299967ec856b9b49aa4857,2019-05,Lancashire Constabulary,Lancashire Constabulary,-3.050898,53.788435,On or near Burlington Road,E01012752,Blackpool 017C,Other theft,Status update unavailable,
7c6f551674ef2a1eedcabe2d8b7a1cde6c2ed0281acb30a60445a67d81b816ee,2019-05,Lancashire Constabulary,Lancashire Constabulary,-3.050879,53.787689,On or near Rosebery Avenue,E01012752,Blackpool 017C,Other theft,Local resolution,
7187a8dca61d0e381f01e6b2eb39f0629145af845d1727cb130ef0e9c92213c5,2019-05,Lancashire Constabulary,Lancashire Constabulary,-3.056653,53.787333,On or near Burlington Road West,E01012752,Blackpool 017C,Public order,Unable to prosecute suspect,
087d6b5cc24bd494c11b8ce8bc5641b551170dde3e78431b5b2be25a50bca2f5,2019-05,Lancashire Constabulary,Lancashire Constabulary,-3.054105,53.793450,On or near Parking Area,E01012752,Blackpool 017C,Public order,Further investigation is not in the public interest,
6e8b99e7724310faf241c99ba84a59323e43fde63533afee49a24585921cc829,2019-05,Lancashire Constabulary,Lancashire Constabulary,-3.057368,53.790410,On or near Theme/Adventure Park,E01012752,Blackpool 017C,Public order,Status update unavailable,
ca3e4e8e63739c3229d724ea90d333748a320070bae0e68beaaafe247e1716d0,2019-05,Lancashire Constabulary,Lancashire Constabulary,-3.054105,53.793450,On or near Parking Area,E01012752,Blackpool 017C,Theft from the person,Status update unavailable,
095bc0392983f260ccc0f043a1adf2568b80dca93de0431003db8be4ce89df01,2019-05,Lancashire Constabulary,Lancashire Constabulary,-3.057461,53.792890,On or near Parking Area,E01012752,Blackpool 017C,Theft from the person,Status update unavailable,
9d513c1656334cd240ada9000974324e476a064510ff4be794b362f1258ad7a2,2019-05,Lancashire Constabulary,Lancashire Constabulary,-3.055183,53.786222,On or near Napier Avenue,E01012752,Blackpool 017C,Vehicle crime,Status update unavailable,
9e22593d899423525eb0aac90b28e7a730cd3c9cbe2a97501c9e3a7a2a31e93e,2019-05,Lancashire Constabulary,Lancashire Constabulary,-3.057330,53.794320,On or near Theme/Adventure Park,E01012752,Blackpool 017C,Vehicle crime,Status update unavailable,
d0165146bef8a311f30bde656166228f75b81d274cffb7b603f5415657ba0102,2019-05,Lancashire Constabulary,Lancashire Constabulary,-3.057330,53.794320,On or near Theme/Adventure Park,E01012752,Blackpool 017C,Vehicle crime,Status update unavailable,
1ab1cd988c59be25fd6929764683ba2f0cc145584e84ba62575c432494c8f66a,2019-05,Lancashire Constabulary,Lancashire Constabulary,-3.050885,53.789118,On or near Kenilworth Gardens,E01012752,Blackpool 017C,Violence and sexual offences,Unable to prosecute suspect,
ec1312c367be39ee3cf51eba946274471c22250051024edad4c4be1f1b343d6f,2019-05,Lancashire Constabulary,Lancashire Constabulary,-3.057461,53.792890,On or near Parking Area,E01012752,Blackpool 017C,Violence and sexual offences,Status update unavailable,
1d05b2649f20d7d7fb0796cf941f7acc4edae5f3316f6bd22a5675f5003bd1a9,2019-05,Lancashire Constabulary,Lancashire Constabulary,-3.050898,53.788435,On or near Burlington Road,E01012752,Blackpool 017C,Violence and sexual offences,Unable to prosecute suspect,
f92175409834fedd14d4617e7f602eee0d624917a3d0c691153153b06b083bc2,2019-05,Lancashire Constabulary,Lancashire Constabulary,-3.057368,53.790410,On or near Theme/Adventure Park,E01012752,Blackpool 017C,Violence and sexual offences,Status update unavailable,
4ecb335318453e8abee573154b531aae7c09dae777fdcaf3f3209a272e8e6bd3,2019-05,Lancashire Constabulary,Lancashire Constabulary,-3.050898,53.788435,On or near Burlington Road,E01012752,Blackpool 017C,Violence and sexual offences,Unable to prosecute suspect,
107a1a8e264eeab8ab9389b57dc02fdd66238120c1be49ba520dd6ddb5da39af,2019-05,Lancashire Constabulary,Lancashire Constabulary,-3.055130,53.784695,On or near Tudor Place,E01012752,Blackpool 017C,Violence and sexual offences,Status update unavailable,
ae2ab9c7b0b603195c78a52130f02d5552b82c6dc63320c1db72ee193dd85f8c,2019-05,Lancashire Constabulary,Lancashire Constabulary,-3.050898,53.788435,On or near Burlington Road,E01012752,Blackpool 017C,Violence and sexual offences,Unable to prosecute suspect,
082d3c4a8b9553b3334e3f33a7fdcd6fc0f9439c9cad154eb2c4686cd5c71b14,2019-05,Lancashire Constabulary,Lancashire Constabulary,-3.050885,53.789118,On or near Kenilworth Gardens,E01012752,Blackpool 017C,Violence and sexual offences,Unable to prosecute suspect,
,2019-05,Lancashire Constabulary,Lancashire Constabulary,-3.048376,53.794453,On or near Hampton Road,E01012753,Blackpool 017D,Anti-social behaviour,,
0e65b9b6b205789e1c97cd8cd6358e880456f1b4cae245ddf4e72b1212fdf32d,2019-05,Lancashire Constabulary,Lancashire Constabulary,-3.047482,53.793894,On or near Windermere Road,E01012753,Blackpool 017D,Bicycle theft,Status update unavailable,
27a2e0882e224a826de3741c187bd26354938b2971c29108c179ee47246a53d1,2019-05,Lancashire Constabulary,Lancashire Constabulary,-3.044008,53.793403,On or near Sports/Recreation Area,E01012753,Blackpool 017D,Criminal damage and arson,Status update unavailable,
7050ac8f07d13bbd0effa6c9f22528df0a7b2c469c030c4669ac32d0fe2da75c,2019-05,Lancashire Constabulary,Lancashire Constabulary,-3.045293,53.793158,On or near Thirlmere Road,E01012753,Blackpool 017D,Public order,Status update unavailable,
88b0dc7e1fb0d08bd42d7b4ee2bb4fcaca00fbf00a10506458c5881787630a56,2019-05,Lancashire Constabulary,Lancashire Constabulary,-3.047698,53.792805,On or near Coniston Road,E01012753,Blackpool 017D,Vehicle crime,Status update unavailable,
8b21f44b95a93a59e23ae89fab5c4c9093e825e50e5e4d0a747b9ab7d7b12413,2019-05,Lancashire Constabulary,Lancashire Constabulary,-3.048376,53.794453,On or near Hampton Road,E01012753,Blackpool 017D,Vehicle crime,Status update unavailable,
8bb56e00f2e0840811c36a0ba67e6d41f9c1ab690b40626300887118767911b9,2019-05,Lancashire Constabulary,Lancashire Constabulary,-3.044008,53.793403,On or near Sports/Recreation Area,E01012753,Blackpool 017D,Violence and sexual offences,Status update unavailable,
,2019-05,Lancashire Constabulary,Lancashire Constabulary,-3.049730,53.790917,On or near Arlington Avenue,E01012754,Blackpool 017E,Anti-social behaviour,,
,2019-05,Lancashire Constabulary,Lancashire Constabulary,-3.052092,53.790654,On or near Seabourne Avenue,E01012754,Blackpool 017E,Anti-social behaviour,,
,2019-05,Lancashire Constabulary,Lancashire Constabulary,-3.051557,53.794173,On or near Brighton Avenue,E01012754,Blackpool 017E,Anti-social behaviour,,
,2019-05,Lancashire Constabulary,Lancashire Constabulary,-3.051486,53.790704,On or near The Crescent,E01012754,Blackpool 017E,Anti-social behaviour,,
,2019-05,Lancashire Constabulary,Lancashire Constabulary,-3.052329,53.794067,On or near Windsor Avenue,E01012754,Blackpool 017E,Anti-social behaviour,,
,2019-05,Lancashire Constabulary,Lancashire Constabulary,-3.051557,53.794173,On or near Brighton Avenue,E01012754,Blackpool 017E,Anti-social behaviour,,
,2019-05,Lancashire Constabulary,Lancashire Constabulary,-3.050399,53.792179,On or near Severn Road,E01012754,Blackpool 017E,Anti-social behaviour,,
,2019-05,Lancashire Constabulary,Lancashire Constabulary,-3.051557,53.794173,On or near Brighton Avenue,E01012754,Blackpool 017E,Anti-social behaviour,,
,2019-05,Lancashire Constabulary,Lancashire Constabulary,-3.053185,53.794294,On or near Osbourne Road,E01012754,Blackpool 017E,Anti-social behaviour,,
b5256177009c572060210568eef79c2ec068f2f27df8db6c22e57a4a6467eea4,2019-05,Lancashire Constabulary,Lancashire Constabulary,-3.052092,53.790654,On or near Seabourne Avenue,E01012754,Blackpool 017E,Criminal damage and arson,Status update unavailable,
847310c7e8c9f2550d3e161750bad47f24086fdb0a2001e123f79d9eef3e50c9,2019-05,Lancashire Constabulary,Lancashire Constabulary,-3.051557,53.794173,On or near Brighton Avenue,E01012754,Blackpool 017E,Other theft,Status update unavailable,
0b438bece6bf551edd1742d2b3e3e38051e542b64ab2f2951c42cdf2ccef54d1,2019-05,Lancashire Constabulary,Lancashire Constabulary,-3.052092,53.790654,On or near Seabourne Avenue,E01012754,Blackpool 017E,Other theft,Status update unavailable,
8fef7bc149c99f7814c328cdcdadd39646d1d3abbdccb7e335c6144e469669fc,2019-05,Lancashire Constabulary,Lancashire Constabulary,-3.053185,53.794294,On or near Osbourne Road,E01012754,Blackpool 017E,Other theft,Further investigation is not in the public interest,
068112a94ceccf29bd9084d52716d5e01b499c0740ffb12d5bc24f8c6d3064f1,2019-05,Lancashire Constabulary,Lancashire Constabulary,-3.051557,53.794173,On or near Brighton Avenue,E01012754,Blackpool 017E,Other theft,Status update unavailable,
dbe518f4ca6f33ada0dcdcb550677cf05b87af1e50f490e81ef7fe55bff9b472,2019-05,Lancashire Constabulary,Lancashire Constabulary,-3.052329,53.794067,On or near Windsor Avenue,E01012754,Blackpool 017E,Public order,Unable to prosecute suspect,
01b99bebeedb399a493770983a59c28bd6bfaa34db8776954987e5de647cd40a,2019-05,Lancashire Constabulary,Lancashire Constabulary,-3.049891,53.793702,On or near Mersey Road,E01012754,Blackpool 017E,Public order,Awaiting court outcome,
c516ca1bdfb9aeb5840323168dd284a23becfed7ea2c53656dbb3f238c36200c,2019-05,Lancashire Constabulary,Lancashire Constabulary,-3.050855,53.789775,On or near Woodstock Gardens,E01012754,Blackpool 017E,Vehicle crime,Status update unavailable,
1d83d40f43110a2452e5ab1aa6f52b56870bb3450da785306d25c34413d0040d,2019-05,Lancashire Constabulary,Lancashire Constabulary,-3.052329,53.794067,On or near Windsor Avenue,E01012754,Blackpool 017E,Violence and sexual offences,Unable to prosecute suspect,
e822fb76ce160b7f216ebefcf6b09eda8ca3e008a2d4ca0cdc7c8364956a6b97,2019-05,Lancashire Constabulary,Lancashire Constabulary,-3.052092,53.790654,On or near Seabourne Avenue,E01012754,Blackpool 017E,Violence and sexual offences,Status update unavailable,
e2f29231055b3907fa62f95f72aa13a21e5b02801a36d8be152e06430f3c151d,2019-05,Lancashire Constabulary,Lancashire Constabulary,-3.050175,53.792936,On or near Thames Road,E01012754,Blackpool 017E,Violence and sexual offences,Status update unavailable,
7fc6098bbb6bb63200a0d3a13b64fec888b4dba57036407d75c26e92bb8dc63b,2019-05,Lancashire Constabulary,Lancashire Constabulary,-3.049891,53.793702,On or near Mersey Road,E01012754,Blackpool 017E,Violence and sexual offences,Status update unavailable,
ab37f0d0a945c0bb9b9d24120c2b40ff49bb4b91e5a07df08b1109887d4c469f,2019-05,Lancashire Constabulary,Lancashire Constabulary,-3.051557,53.794173,On or near Brighton Avenue,E01012754,Blackpool 017E,Violence and sexual offences,Status update unavailable,
567ae43a5c18eac0c372433bd0c1fdd8d6fee419516fec1eaaee39a2450ab838,2019-05,Lancashire Constabulary,Lancashire Constabulary,-3.052329,53.794067,On or near Windsor Avenue,E01012754,Blackpool 017E,Other crime,Status update unavailable,
,2019-05,Lancashire Constabulary,Lancashire Constabulary,-3.042696,53.787617,On or near St Martin'S Road,E01012755,Blackpool 017F,Anti-social behaviour,,
,2019-05,Lancashire Constabulary,Lancashire Constabulary,-3.041593,53.791501,On or near Beverley Grove,E01012755,Blackpool 017F,Anti-social behaviour,,
,2019-05,Lancashire Constabulary,Lancashire Constabulary,-3.041933,53.790527,On or near Fifth Avenue,E01012755,Blackpool 017F,Anti-social behaviour,,
65455f47f430e6f723a850821309f73dfcac21bc34b0475004ff83f56b44878b,2019-05,Lancashire Constabulary,Lancashire Constabulary,-3.041933,53.790527,On or near Fifth Avenue,E01012755,Blackpool 017F,Other theft,Status update unavailable,
df7bbbac1272b6bc99c9285a3a99e849574b19c35f472810fc3c24132d7e27a8,2019-05,Lancashire Constabulary,Lancashire Constabulary,-3.046300,53.789725,On or near First Avenue,E01012755,Blackpool 017F,Violence and sexual offences,Local resolution,
d669c864295c1f8935291d1dd82801432fb4061a72c8befcfd4e3b080de6e085,2019-05,Lancashire Constabulary,Lancashire Constabulary,-3.046300,53.789725,On or near First Avenue,E01012755,Blackpool 017F,Violence and sexual offences,Status update unavailable,
42665a765c3f485d3ab0286a8d4a4f6844cadd7f62a5545feb0c498f9668482a,2019-05,Lancashire Constabulary,Lancashire Constabulary,-3.048703,53.791115,On or near Lytham Road,E01012755,Blackpool 017F,Violence and sexual offences,Formal action is not in the public interest,
ac075770ac941e2995adca2084ee6dc8cd0b48bde693afc7b474b3d3ff2f49ae,2019-05,Lancashire Constabulary,Lancashire Constabulary,-3.042696,53.787617,On or near St Martin'S Road,E01012755,Blackpool 017F,Violence and sexual offences,Unable to prosecute suspect,
,2019-05,Lancashire Constabulary,Lancashire Constabulary,-3.035711,53.786905,On or near Wyndham Gardens,E01012701,Blackpool 018A,Anti-social behaviour,,
,2019-05,Lancashire Constabulary,Lancashire Constabulary,-3.036102,53.787980,On or near Sports/Recreation Area,E01012701,Blackpool 018A,Anti-social behaviour,,
,2019-05,Lancashire Constabulary,Lancashire Constabulary,-3.037151,53.791746,On or near Ayrton Avenue,E01012701,Blackpool 018A,Anti-social behaviour,,
6d8318db092a68ef289fa7334fbfa322f66179a35c272dc642266cd98e2bc730,2019-05,Lancashire Constabulary,Lancashire Constabulary,-3.037151,53.791746,On or near Ayrton Avenue,E01012701,Blackpool 018A,Burglary,Status update unavailable,
795cb02ca733b080e4b788b61439968aa0585b65a5c546db373c40deeb47dc13,2019-05,Lancashire Constabulary,Lancashire Constabulary,-3.038000,53.791685,On or near Matthews Court,E01012701,Blackpool 018A,Criminal damage and arson,Status update unavailable,
f798b2174bc4c8b4f33a6c8c6969893ed7a87f2c23114138ce91ac28ab4ea0ec,2019-05,Lancashire Constabulary,Lancashire Constabulary,-3.032893,53.792043,On or near Teenadore Avenue,E01012701,Blackpool 018A,Criminal damage and arson,Unable to prosecute suspect,
622acb67b6df50c97d85776801c9f6c452834964b5c05b97bde65b19b3daa76a,2019-05,Lancashire Constabulary,Lancashire Constabulary,-3.038000,53.791685,On or near Matthews Court,E01012701,Blackpool 018A,Criminal damage and arson,Status update unavailable,
c1be4b435e27df976494a4640563831464d1457d17d97e63d458659541c34966,2019-05,Lancashire Constabulary,Lancashire Constabulary,-3.035266,53.792238,On or near Livet Avenue,E01012701,Blackpool 018A,Criminal damage and arson,Local resolution,
d458dd92e88921ecc9fdc4a3afb10b855c124ddb1562eb716c319006e157720e,2019-05,Lancashire Constabulary,Lancashire Constabulary,-3.038000,53.791685,On or near Matthews Court,E01012701,Blackpool 018A,Criminal damage and arson,Status update unavailable,
84901fd39338fe1ea52b1754b2e387fdf87c82214c1a6a19fd203ad485c3be80,2019-05,Lancashire Constabulary,Lancashire Constabulary,-3.038000,53.791685,On or near Matthews Court,E01012701,Blackpool 018A,Criminal damage and arson,Status update unavailable,
14f9b7823d677b5d7ea96feab39be508d06c4946fa7d84cf71fa1a62f126816c,2019-05,Lancashire Constabulary,Lancashire Constabulary,-3.038000,53.791685,On or near Matthews Court,E01012701,Blackpool 018A,Criminal damage and arson,Status update unavailable,
9eeca35eae0530f7af908634253eb73e02c08881e2aa505ad1d0903b00b0de10,2019-05,Lancashire Constabulary,Lancashire Constabulary,-3.033099,53.792401,On or near Darley Avenue,E01012701,Blackpool 018A,Drugs,Status update unavailable,
802bb4e46b83e2a81694551cf1ec8907c3a73777919d07a2fcac0efb1e05f7bd,2019-05,Lancashire Constabulary,Lancashire Constabulary,-3.037151,53.791746,On or near Ayrton Avenue,E01012701,Blackpool 018A,Public order,Status update unavailable,
6e5d3f545b5d2ff6223b34735d5a98924998606c19a04a272784d488638ffd17,2019-05,Lancashire Constabulary,Lancashire Constabulary,-3.034558,53.786905,On or near Loxham Gardens,E01012701,Blackpool 018A,Vehicle crime,Status update unavailable,
b5cc16ea372760a52282b695dbc94bf451fda0a1bb518b0406ae34d9f10cc93e,2019-05,Lancashire Constabulary,Lancashire Constabulary,-3.034558,53.786905,On or near Loxham Gardens,E01012701,Blackpool 018A,Vehicle crime,Status update unavailable,
52b37b9124b1de0fa66cfd2b1f8a09712ee9a5dc88225314f0eb25ee44e6db53,2019-05,Lancashire Constabulary,Lancashire Constabulary,-3.038758,53.792280,On or near Chiltern Avenue,E01012701,Blackpool 018A,Vehicle crime,Status update unavailable,
,2019-05,Lancashire Constabulary,Lancashire Constabulary,-3.028300,53.791094,On or near Hawes Side Lane,E01012729,Blackpool 018B,Anti-social behaviour,,
,2019-05,Lancashire Constabulary,Lancashire Constabulary,-3.029138,53.790583,On or near Burgess Avenue,E01012729,Blackpool 018B,Anti-social behaviour,,
,2019-05,Lancashire Constabulary,Lancashire Constabulary,-3.021748,53.789442,On or near Moss Way,E01012729,Blackpool 018B,Anti-social behaviour,,
,2019-05,Lancashire Constabulary,Lancashire Constabulary,-3.026149,53.788793,On or near Lowstead Place,E01012729,Blackpool 018B,Anti-social behaviour,,
3c8def3993f783d378eda21f1106368784d09cd897c1b48ef7c47d3e6592c6c8,2019-05,Lancashire Constabulary,Lancashire Constabulary,-3.026806,53.791448,On or near Rough Heys Lane,E01012729,Blackpool 018B,Other theft,Status update unavailable,
7cfd4fee84ceac4f2dae7899df59aaace1a9e615a2e2a5c3b984ac7d7d44f0cf,2019-05,Lancashire Constabulary,Lancashire Constabulary,-3.021748,53.789442,On or near Moss Way,E01012729,Blackpool 018B,Shoplifting,Status update unavailable,
e6a291cb8ea1e7711bb47e8781c9a37626b1a198e10fdf27e29f6d33258cc131,2019-05,Lancashire Constabulary,Lancashire Constabulary,-3.021748,53.789442,On or near Moss Way,E01012729,Blackpool 018B,Shoplifting,Status update unavailable,
e57aed27b1076d6284d6d1e4b2df66ad6127cb16b96a330277eacb07199f4142,2019-05,Lancashire Constabulary,Lancashire Constabulary,-3.024617,53.790703,On or near Helmsdale Road,E01012729,Blackpool 018B,Vehicle crime,Status update unavailable,
d62f77b885d0aa8484ce6176f848857b6f3e9c6a2290b8e96606b37caf9839fc,2019-05,Lancashire Constabulary,Lancashire Constabulary,-3.024656,53.789157,On or near Bakers Court,E01012729,Blackpool 018B,Violence and sexual offences,Unable to prosecute suspect,
d2410a8e0f73238b92b47aad0d075351dd8d15a9943cdf792ac3bec03ac0f73c,2019-05,Lancashire Constabulary,Lancashire Constabulary,-3.029138,53.790583,On or near Burgess Avenue,E01012729,Blackpool 018B,Violence and sexual offences,Status update unavailable,
99eaa9bb81f662a2d817f3dc4aaa395fd31604c3b2560731a18cc8388ba05277,2019-05,Lancashire Constabulary,Lancashire Constabulary,-3.029498,53.791030,On or near Glencross Place,E01012729,Blackpool 018B,Violence and sexual offences,Unable to prosecute suspect,
1559c37ee4c6bc303b8eb44053f30b387bbe6cec2051d5a138ea851ba5c55deb,2019-05,Lancashire Constabulary,Lancashire Constabulary,-3.024656,53.789157,On or near Bakers Court,E01012729,Blackpool 018B,Violence and sexual offences,Unable to prosecute suspect,
,2019-05,Lancashire Constabulary,Lancashire Constabulary,-3.015454,53.788390,On or near Dunbar Close,E01012730,Blackpool 018C,Anti-social behaviour,,
03512b8d7a7423987091b830688427c68d041aeb33c2dbfa3b23c164e68cba0d,2019-05,Lancashire Constabulary,Lancashire Constabulary,-3.012187,53.785748,On or near Limechase Close,E01012730,Blackpool 018C,Burglary,Unable to prosecute suspect,
dc30829c7df600396142da4fecb19b942668bd91bd507a754163d920e602837f,2019-05,Lancashire Constabulary,Lancashire Constabulary,-3.012067,53.788338,On or near Stockydale Road,E01012730,Blackpool 018C,Burglary,Status update unavailable,
40e0eb353ff6313cc30f7f3d99e1f651cf321dddbf6e2fa3f8871fb8ca868019,2019-05,Lancashire Constabulary,Lancashire Constabulary,-3.014633,53.787076,On or near Harold Avenue,E01012730,Blackpool 018C,Other theft,Unable to prosecute suspect,
ef161b7dc6a0cbde5427be37ca44cf67e69cb535f605f513c6b25b45dbd5f8cd,2019-05,Lancashire Constabulary,Lancashire Constabulary,-3.016785,53.789484,On or near Askrigg Close,E01012730,Blackpool 018C,Vehicle crime,Status update unavailable,
0f580942b32177ad3cd6253d1f41f9dc3bc693f66b755fc7eccc591f3ce90a44,2019-05,Lancashire Constabulary,Lancashire Constabulary,-3.022216,53.783731,On or near Sovereign Gate,E01012730,Blackpool 018C,Violence and sexual offences,Unable to prosecute suspect,
,2019-05,Lancashire Constabulary,Lancashire Constabulary,-3.018200,53.777680,On or near Jepson Way,E01012731,Blackpool 018D,Anti-social behaviour,,
,2019-05,Lancashire Constabulary,Lancashire Constabulary,-3.027711,53.783738,On or near Elswick Place,E01012731,Blackpool 018D,Anti-social behaviour,,
,2019-05,Lancashire Constabulary,Lancashire Constabulary,-3.018200,53.777680,On or near Jepson Way,E01012731,Blackpool 018D,Anti-social behaviour,,
,2019-05,Lancashire Constabulary,Lancashire Constabulary,-3.027536,53.783415,On or near Inskip Place,E01012731,Blackpool 018D,Anti-social behaviour,,
,2019-05,Lancashire Constabulary,Lancashire Constabulary,-3.025098,53.783041,On or near Myerscough Avenue,E01012731,Blackpool 018D,Anti-social behaviour,,
,2019-05,Lancashire Constabulary,Lancashire Constabulary,-3.027151,53.786277,On or near Regal Avenue,E01012731,Blackpool 018D,Anti-social behaviour,,
,2019-05,Lancashire Constabulary,Lancashire Constabulary,-3.026558,53.783163,On or near Nateby Avenue,E01012731,Blackpool 018D,Anti-social behaviour,,
,2019-05,Lancashire Constabulary,Lancashire Constabulary,-3.017517,53.775798,On or near Sports/Recreation Area,E01012731,Blackpool 018D,Anti-social behaviour,,
,2019-05,Lancashire Constabulary,Lancashire Constabulary,-3.020660,53.779627,On or near Shopping Area,E01012731,Blackpool 018D,Anti-social behaviour,,
,2019-05,Lancashire Constabulary,Lancashire Constabulary,-3.027151,53.786277,On or near Regal Avenue,E01012731,Blackpool 018D,Anti-social behaviour,,
,2019-05,Lancashire Constabulary,Lancashire Constabulary,-3.027151,53.786277,On or near Regal Avenue,E01012731,Blackpool 018D,Anti-social behaviour,,
4e9d6b7b11268987c6bc1685bea53e6f1ba7f38161568af676ea14dfc2225cc5,2019-05,Lancashire Constabulary,Lancashire Constabulary,-3.026226,53.781989,On or near Squires Gate Lane,E01012731,Blackpool 018D,Burglary,Status update unavailable,
66c3132dcf87563f253dccca6d18a00e03974365c649f580c0daf38b018aaa54,2019-05,Lancashire Constabulary,Lancashire Constabulary,-3.017517,53.775798,On or near Sports/Recreation Area,E01012731,Blackpool 018D,Public order,Unable to prosecute suspect,
d007f23b27e65b98803a63f9e105ea00a9b487c780c55191115f2e7f64fa02b5,2019-05,Lancashire Constabulary,Lancashire Constabulary,-3.009096,53.779653,On or near School Road,E01012731,Blackpool 018D,Vehicle crime,Status update unavailable,
f3f069ff28c1874ad5cd71307ea736f4a5fbce70b10905aa968aae2300ee65a9,2019-05,Lancashire Constabulary,Lancashire Constabulary,-3.028085,53.777335,On or near Amy Johnson Way,E01012731,Blackpool 018D,Vehicle crime,Status update unavailable,
c83ef2e9f33784428e009dee336c27fde0163c769b53918417807f7e7f4a42ff,2019-05,Lancashire Constabulary,Lancashire Constabulary,-3.026427,53.785250,On or near Collyhurst Avenue,E01012731,Blackpool 018D,Vehicle crime,Status update unavailable,
ee10c8344c7e955b3dd7451f07e8fcde8ba23625527a13d7e88e293469c00e4c,2019-05,Lancashire Constabulary,Lancashire Constabulary,-3.026140,53.784668,On or near Willowbank Avenue,E01012731,Blackpool 018D,Vehicle crime,Status update unavailable,
dca957432a9b2125f02e4864ecfad01d5a3b0d7791bb7dff62cefab56aa9bc4b,2019-05,Lancashire Constabulary,Lancashire Constabulary,-3.026140,53.784668,On or near Willowbank Avenue,E01012731,Blackpool 018D,Violence and sexual offences,Unable to prosecute suspect,
f60abf86cf273bce03ccba9c6a3c45896ce8a56c215462962f21e1cd8f6826bd,2019-05,Lancashire Constabulary,Lancashire Constabulary,-3.024248,53.784262,On or near Thornhill Close,E01012731,Blackpool 018D,Violence and sexual offences,Unable to prosecute suspect,
a5b1e9d6beaee71c7083b655ef1c0e0b1e58abcda2f6bc3c2e925f35780ab6a9,2019-05,Lancashire Constabulary,Lancashire Constabulary,-3.027536,53.783415,On or near Inskip Place,E01012731,Blackpool 018D,Violence and sexual offences,Unable to prosecute suspect,
b2264d8e16ee3bd20c70cdbb97ede14b9a24b5e7168f870c75cd96c9a9954d15,2019-05,Lancashire Constabulary,Lancashire Constabulary,-3.005814,53.774396,On or near Division Lane,E01012731,Blackpool 018D,Violence and sexual offences,Further investigation is not in the public interest,
21678c3c5a94e8ea2480769520f490649912c12b9a8b354c2488edaae90a1e33,2019-05,Lancashire Constabulary,Lancashire Constabulary,-3.024795,53.786153,On or near Drakelowe Avenue,E01012731,Blackpool 018D,Violence and sexual offences,Local resolution,
fc2e96e96ee05f0196a94bc028d3512104b3cef8350dded18f03b15279fec95a,2019-05,Lancashire Constabulary,Lancashire Constabulary,-3.005814,53.774396,On or near Division Lane,E01012731,Blackpool 018D,Violence and sexual offences,Further investigation is not in the public interest,
772ca2742f8ced523454eb2edeb392292d3e2565d253c7d181324c3ca9cffd63,2019-05,Lancashire Constabulary,Lancashire Constabulary,-3.017517,53.775798,On or near Sports/Recreation Area,E01012731,Blackpool 018D,Violence and sexual offences,Unable to prosecute suspect,
,2019-05,Lancashire Constabulary,Lancashire Constabulary,-3.023109,53.787992,On or near Milldyke Close,E01012732,Blackpool 018E,Anti-social behaviour,,
,2019-05,Lancashire Constabulary,Lancashire Constabulary,-3.023765,53.788742,On or near Parking Area,E01012732,Blackpool 018E,Anti-social behaviour,,
,2019-05,Lancashire Constabulary,Lancashire Constabulary,-3.023109,53.787992,On or near Milldyke Close,E01012732,Blackpool 018E,Anti-social behaviour,,
,2019-05,Lancashire Constabulary,Lancashire Constabulary,-3.023109,53.787992,On or near Milldyke Close,E01012732,Blackpool 018E,Anti-social behaviour,,
,2019-05,Lancashire Constabulary,Lancashire Constabulary,-3.023109,53.787992,On or near Milldyke Close,E01012732,Blackpool 018E,Anti-social behaviour,,
,2019-05,Lancashire Constabulary,Lancashire Constabulary,-3.023109,53.787992,On or near Milldyke Close,E01012732,Blackpool 018E,Anti-social behaviour,,
,2019-05,Lancashire Constabulary,Lancashire Constabulary,-3.021338,53.788187,On or near Rona Avenue,E01012732,Blackpool 018E,Anti-social behaviour,,
9ff6aab5c888485510e4fee9a8ea223eca1bb5b35533d8001626273c1e350a75,2019-05,Lancashire Constabulary,Lancashire Constabulary,-3.015294,53.791825,On or near Wesley Mews,E01012732,Blackpool 018E,Burglary,Status update unavailable,
5ca610579202879ccf30241dea8de4d6db8d7b82202390505bae1dd8ee1caabe,2019-05,Lancashire Constabulary,Lancashire Constabulary,-3.022993,53.788200,On or near Millfield Road,E01012732,Blackpool 018E,Criminal damage and arson,Status update unavailable,
82ab020a7e89d24292d5f68fc2dd1701f21b3a54d588be8c2ee5702d69a5ed37,2019-05,Lancashire Constabulary,Lancashire Constabulary,-3.022993,53.788200,On or near Millfield Road,E01012732,Blackpool 018E,Criminal damage and arson,Status update unavailable,
e76c6b57c72a8f69d16b05cf006eb0222b74b5cc3c08fd3f2cd0568ea8f88b61,2019-05,Lancashire Constabulary,Lancashire Constabulary,-3.023109,53.787992,On or near Milldyke Close,E01012732,Blackpool 018E,Criminal damage and arson,Status update unavailable,
d64e8276ddd41e9b7f237088c0aa396b449f9f53e4e035fa5a938571a262fb3b,2019-05,Lancashire Constabulary,Lancashire Constabulary,-3.017908,53.791335,On or near Carterville Close,E01012732,Blackpool 018E,Criminal damage and arson,Unable to prosecute suspect,
e23a3a23d12127b9e5c0514fa0626aec82292e34f0da260e855e7e50a9c69965,2019-05,Lancashire Constabulary,Lancashire Constabulary,-3.016822,53.792882,On or near Vicarage Lane,E01012732,Blackpool 018E,Other theft,Status update unavailable,
6289c9cc2533851652ed4812a964f482453019c4f8c68ae11b1477bc405e3b87,2019-05,Lancashire Constabulary,Lancashire Constabulary,-3.014657,53.792505,On or near Westbank Avenue,E01012732,Blackpool 018E,Public order,Status update unavailable,
f6cf71aa401b9341087422e7e88ad53a60ff83f86ea8c64cff3c04b8e313eeb1,2019-05,Lancashire Constabulary,Lancashire Constabulary,-3.019691,53.791006,On or near Whernside,E01012732,Blackpool 018E,Violence and sexual offences,Unable to prosecute suspect,
67b971093511a5be152b8953ba27144cbc225ef2ce2d916447fd06fcaa298ffb,2019-05,Lancashire Constabulary,Lancashire Constabulary,-3.013480,53.792155,On or near Eastbank Avenue,E01012732,Blackpool 018E,Violence and sexual offences,Status update unavailable,
ae6a428d8b4b43351860e20ce445ede24a3be7ba4d6c8efa49cb16d60df48861,2019-05,Lancashire Constabulary,Lancashire Constabulary,-3.014657,53.792505,On or near Westbank Avenue,E01012732,Blackpool 018E,Violence and sexual offences,Further investigation is not in the public interest,
6056a1835e78198dd97f9c4e3b791217d2205f7bfb19e7478c2b393ece03f8af,2019-05,Lancashire Constabulary,Lancashire Constabulary,-3.014851,53.792979,On or near Southbank Avenue,E01012732,Blackpool 018E,Violence and sexual offences,Awaiting court outcome,
908a847f5677149caee4ea7afef097efca1c97343c1b5ddd8ac29b6d3b89e1f3,2019-05,Lancashire Constabulary,Lancashire Constabulary,-3.014657,53.792505,On or near Westbank Avenue,E01012732,Blackpool 018E,Violence and sexual offences,Further investigation is not in the public interest,
d92ebf88dda8dddaf31229f7578aa37337fdca247b87c7a70e835d43255f2530,2019-05,Lancashire Constabulary,Lancashire Constabulary,-3.025782,53.788033,On or near Stanmore Avenue,E01012732,Blackpool 018E,Violence and sexual offences,Status update unavailable,
b92a1d404c828d59aaeae9a833ddc3a5802669a2f7d2e05f22d4b64916e66dd4,2019-05,Lancashire Constabulary,Lancashire Constabulary,-3.025782,53.788033,On or near Stanmore Avenue,E01012732,Blackpool 018E,Violence and sexual offences,Status update unavailable,
b8b7073d903cf7d77616997745de7a4b3b905c34fd2ca0aa8b9ebf4211ea7d65,2019-05,Lancashire Constabulary,Lancashire Constabulary,-3.025782,53.788033,On or near Stanmore Avenue,E01012732,Blackpool 018E,Violence and sexual offences,Status update unavailable,
b5bbd075b3a6dacefc08fee27e1af3f81b6a5a99c9907ed52f86f011722c5591,2019-05,Lancashire Constabulary,Lancashire Constabulary,-3.014657,53.792505,On or near Westbank Avenue,E01012732,Blackpool 018E,Other crime,Further investigation is not in the public interest,
230aff88b97344188ecfe24b7804848b97c9e30b34f7d853f0c608686a13ee37,2019-05,Lancashire Constabulary,Lancashire Constabulary,-3.031197,53.781083,On or near Squires Gate Lane,E01012699,Blackpool 019A,Other theft,Status update unavailable,
b1045bccd83f976d47d033cb5b5d31b26fd7b9288a10a10939d524530879b67a,2019-05,Lancashire Constabulary,Lancashire Constabulary,-3.031197,53.781083,On or near Squires Gate Lane,E01012699,Blackpool 019A,Shoplifting,Status update unavailable,
c0ce5f22e7af0293c162e2b17f33e2cfcd8c652307e7997ce5b078744b5f8d42,2019-05,Lancashire Constabulary,Lancashire Constabulary,-3.029295,53.786456,On or near Kingsmede,E01012699,Blackpool 019A,Vehicle crime,Status update unavailable,
b4f731dc9fc14aaaaf48e5718af79cbca78e57bb5443dc9703fc391f76e23395,2019-05,Lancashire Constabulary,Lancashire Constabulary,-3.033733,53.781762,On or near Deeside,E01012699,Blackpool 019A,Violence and sexual offences,Unable to prosecute suspect,
1aefeaf2f9ac4c86088a31d1ff4ba892688b3980f545a5a5fb9a4a5616aa54c9,2019-05,Lancashire Constabulary,Lancashire Constabulary,-3.030404,53.782159,On or near Longridge Avenue,E01012699,Blackpool 019A,Violence and sexual offences,Offender given a caution,
75769456eb175832e9fa6f92cf3487a41a55df2e37fa33dab65d67b78020d490,2019-05,Lancashire Constabulary,Lancashire Constabulary,-3.029295,53.786456,On or near Kingsmede,E01012699,Blackpool 019A,Violence and sexual offences,Status update unavailable,
7c9f29aca1b84432332a7b58ca02975ce35d1d2fe24961155ae3206fb3228673,2019-05,Lancashire Constabulary,Lancashire Constabulary,-3.029295,53.786456,On or near Kingsmede,E01012699,Blackpool 019A,Violence and sexual offences,Status update unavailable,
58116c106f1d9deeb2c53fc309a533a0df449e9cd5d3a06bb87469c05d2e58d0,2019-05,Lancashire Constabulary,Lancashire Constabulary,-3.031041,53.783385,On or near Alpine Avenue,E01012699,Blackpool 019A,Violence and sexual offences,Unable to prosecute suspect,
85e2750230d0da4616a5460a3519f1a50f9836f7c7dbbb8d90862a7efc8d1503,2019-05,Lancashire Constabulary,Lancashire Constabulary,-3.029295,53.786456,On or near Kingsmede,E01012699,Blackpool 019A,Violence and sexual offences,Unable to prosecute suspect,
,2019-05,Lancashire Constabulary,Lancashire Constabulary,-3.041257,53.786506,On or near Dayton Place,E01012700,Blackpool 019B,Anti-social behaviour,,
,2019-05,Lancashire Constabulary,Lancashire Constabulary,-3.041257,53.786506,On or near Dayton Place,E01012700,Blackpool 019B,Anti-social behaviour,,
,2019-05,Lancashire Constabulary,Lancashire Constabulary,-3.041015,53.782868,On or near Abbey Road,E01012700,Blackpool 019B,Anti-social behaviour,,
,2019-05,Lancashire Constabulary,Lancashire Constabulary,-3.038824,53.781431,On or near Dalton Avenue,E01012700,Blackpool 019B,Anti-social behaviour,,
,2019-05,Lancashire Constabulary,Lancashire Constabulary,-3.040047,53.783631,On or near Gildabrook Road,E01012700,Blackpool 019B,Anti-social behaviour,,
ba64ad9afb73b24bea0f8cc1b6b24d98e185dc1c6ca46a1f0191ce7821749acb,2019-05,Lancashire Constabulary,Lancashire Constabulary,-3.041257,53.786506,On or near Dayton Place,E01012700,Blackpool 019B,Criminal damage and arson,Status update unavailable,
d5defa09f49c392e39eed10be3d75f08980d9d930ccb2558d44fcc86a5245211,2019-05,Lancashire Constabulary,Lancashire Constabulary,-3.041257,53.786506,On or near Dayton Place,E01012700,Blackpool 019B,Other theft,Status update unavailable,
b9c9f261a56320717e75b5c3083b6c2da4e8656c56fb8aa34c34f78c801eace0,2019-05,Lancashire Constabulary,Lancashire Constabulary,-3.035744,53.781466,On or near Waltham Avenue,E01012700,Blackpool 019B,Other theft,Status update unavailable,
da9317dc0b3f151c6418ae6b427977a077c99d08da8bc7ca4753a494e59e5233,2019-05,Lancashire Constabulary,Lancashire Constabulary,-3.038824,53.781431,On or near Dalton Avenue,E01012700,Blackpool 019B,Possession of weapons,Awaiting court outcome,
8cebe41c8c49f102a0c725aa342c561dffc3bff1bdc746478134399bb198c3f0,2019-05,Lancashire Constabulary,Lancashire Constabulary,-3.039025,53.785240,On or near Cheddar Avenue,E01012700,Blackpool 019B,Public order,Status update unavailable,
6b589a4f33121965e6176cf76d066b603083461c9068911e2a5aead703996bb6,2019-05,Lancashire Constabulary,Lancashire Constabulary,-3.041257,53.786506,On or near Dayton Place,E01012700,Blackpool 019B,Public order,Status update unavailable,
1b841c97a910d7d1b1134df5ad983daea260826a5a64f1c98fc5f5aa57dcd802,2019-05,Lancashire Constabulary,Lancashire Constabulary,-3.039522,53.783267,On or near Ravenwood Avenue,E01012700,Blackpool 019B,Violence and sexual offences,Status update unavailable,
,2019-05,Lancashire Constabulary,Lancashire Constabulary,-3.038501,53.785532,On or near Farnell Place,E01012702,Blackpool 019C,Anti-social behaviour,,
,2019-05,Lancashire Constabulary,Lancashire Constabulary,-3.038179,53.787252,On or near Knightsbridge Avenue,E01012702,Blackpool 019C,Anti-social behaviour,,
,2019-05,Lancashire Constabulary,Lancashire Constabulary,-3.035298,53.789829,On or near Lennox Gate,E01012702,Blackpool 019C,Anti-social behaviour,,
,2019-05,Lancashire Constabulary,Lancashire Constabulary,-3.038179,53.787252,On or near Knightsbridge Avenue,E01012702,Blackpool 019C,Anti-social behaviour,,
,2019-05,Lancashire Constabulary,Lancashire Constabulary,-3.039992,53.786921,On or near Thursby Avenue,E01012702,Blackpool 019C,Anti-social behaviour,,
,2019-05,Lancashire Constabulary,Lancashire Constabulary,-3.038179,53.787252,On or near Knightsbridge Avenue,E01012702,Blackpool 019C,Anti-social behaviour,,
c9a017f7f13682dd64762703a3caff13da2be09d1f3d824f3d046451a73dc54b,2019-05,Lancashire Constabulary,Lancashire Constabulary,-3.040908,53.787120,On or near Sports/Recreation Area,E01012702,Blackpool 019C,Burglary,Status update unavailable,
5f4063b35545b9872c140446f62e2c56ef2f9afaa8e9ae6a78e6ccf3482edd91,2019-05,Lancashire Constabulary,Lancashire Constabulary,-3.033333,53.785235,On or near Clayton Crescent,E01012702,Blackpool 019C,Criminal damage and arson,Unable to prosecute suspect,
f5bcfe7e3668b0efa38c4a8c2ed6d913d3cd5cd04a562820f8678a3975fda32f,2019-05,Lancashire Constabulary,Lancashire Constabulary,-3.036892,53.786759,On or near St Annes Road,E01012702,Blackpool 019C,Other theft,Status update unavailable,
13e626df840f0c24ccaf72ac742edaeabdde93befec26dd336ea028a92a56980,2019-05,Lancashire Constabulary,Lancashire Constabulary,-3.033333,53.785235,On or near Clayton Crescent,E01012702,Blackpool 019C,Other theft,Status update unavailable,
823a8764f6e716e937b2411b0af946f5d578ca9f8d0f88c85a958eafee017198,2019-05,Lancashire Constabulary,Lancashire Constabulary,-3.036892,53.786759,On or near St Annes Road,E01012702,Blackpool 019C,Other theft,Status update unavailable,
9d1d604d3d61c5166a69adbff421dc3dd8a8e348d67c2aef8a3c5473d6092d49,2019-05,Lancashire Constabulary,Lancashire Constabulary,-3.037052,53.788933,On or near Lennox Court,E01012702,Blackpool 019C,Public order,Status update unavailable,
69fe75a2604dc4e41dd39d2e1471e0a1b002ebaf77090f24b1b623b04d2ab005,2019-05,Lancashire Constabulary,Lancashire Constabulary,-3.038179,53.787252,On or near Knightsbridge Avenue,E01012702,Blackpool 019C,Vehicle crime,Status update unavailable,
a0d7814bdf9cd0a2cd20c1441880aced6e0b6222c90e772eda77401ce3784748,2019-05,Lancashire Constabulary,Lancashire Constabulary,-3.037052,53.788933,On or near Lennox Court,E01012702,Blackpool 019C,Vehicle crime,Awaiting court outcome,
67bd3470495016fa5b4eeb1afe4f1f7c5958df4a1d5272ea48466b3b51226ef9,2019-05,Lancashire Constabulary,Lancashire Constabulary,-3.033333,53.785235,On or near Clayton Crescent,E01012702,Blackpool 019C,Violence and sexual offences,Unable to prosecute suspect,
d866a33785813bc1e1fd0abfbfaa87df5716f67ec71af8735a905f3343405807,2019-05,Lancashire Constabulary,Lancashire Constabulary,-3.038501,53.785532,On or near Farnell Place,E01012702,Blackpool 019C,Violence and sexual offences,Status update unavailable,
828ada9dd0f310f00e093efd6a9510ed2c3314bb4aae59af3209baae902d4a53,2019-05,Lancashire Constabulary,Lancashire Constabulary,-3.031487,53.786087,On or near Nesswood Avenue,E01012702,Blackpool 019C,Violence and sexual offences,Unable to prosecute suspect,
b026ead171c01affe3c3fccc1391d678334a0118369e71c2300f5bef8b428ebc,2019-05,Lancashire Constabulary,Lancashire Constabulary,-3.037052,53.788933,On or near Lennox Court,E01012702,Blackpool 019C,Violence and sexual offences,Unable to prosecute suspect,
f7a26b5750842ed88e5e028b16fc9649d32ef12eef119372dedd58521d1b4ab6,2019-05,Lancashire Constabulary,Lancashire Constabulary,-3.038179,53.787252,On or near Knightsbridge Avenue,E01012702,Blackpool 019C,Violence and sexual offences,Status update unavailable,
a671c5d29d768f6fd614eb6f03daaede91da85b972c3019ef5101dccb84fb226,2019-05,Lancashire Constabulary,Lancashire Constabulary,-3.033333,53.785235,On or near Clayton Crescent,E01012702,Blackpool 019C,Violence and sexual offences,Unable to prosecute suspect,
1f86259b046719737678e46bc8ad70813402e6fc9aeb64622e326c5ebdce8cbb,2019-05,Lancashire Constabulary,Lancashire Constabulary,-3.037052,53.788933,On or near Lennox Court,E01012702,Blackpool 019C,Violence and sexual offences,Status update unavailable,
10d9ff849740d6af8552db852fdae3a0f177d5b02f3fcbc58dccdff73ceb7dc3,2019-05,Lancashire Constabulary,Lancashire Constabulary,-3.033830,53.785698,On or near Lostock Gardens,E01012702,Blackpool 019C,Violence and sexual offences,Unable to prosecute suspect,
22185dad003ddef20150a488b56553dc237132a068a565daf3bc5ebc58bdd2c2,2019-05,Lancashire Constabulary,Lancashire Constabulary,-3.033830,53.785698,On or near Lostock Gardens,E01012702,Blackpool 019C,Violence and sexual offences,Unable to prosecute suspect,
dc4e2dd6a3d6b88a2c96567c81932a002558d2b33fd1da93ef12838da5083ada,2019-05,Lancashire Constabulary,Lancashire Constabulary,-3.038179,53.787252,On or near Knightsbridge Avenue,E01012702,Blackpool 019C,Violence and sexual offences,Awaiting court outcome,
8078f7ec5f121e2dfbace3b71252fabac8c5b4ee0d4afdbc543d16f29345e551,2019-05,Lancashire Constabulary,Lancashire Constabulary,-3.031487,53.786087,On or near Nesswood Avenue,E01012702,Blackpool 019C,Other crime,Unable to prosecute suspect,
,2019-05,Lancashire Constabulary,Lancashire Constabulary,-3.044599,53.779286,On or near Sandon Place,E01012725,Blackpool 019D,Anti-social behaviour,,
,2019-05,Lancashire Constabulary,Lancashire Constabulary,-3.042611,53.781739,On or near Roseacre,E01012725,Blackpool 019D,Anti-social behaviour,,
,2019-05,Lancashire Constabulary,Lancashire Constabulary,-3.045482,53.781229,On or near Allandale,E01012725,Blackpool 019D,Anti-social behaviour,,
d49feadd02e4292189d8fef38141301d36a4a51bb2f7bca9dc4a5011174fcf61,2019-05,Lancashire Constabulary,Lancashire Constabulary,-3.041694,53.780857,On or near Priory Gate,E01012725,Blackpool 019D,Criminal damage and arson,Status update unavailable,
c5c79722a7e841c2bdf9c20ba3c06563939402debcfa1e6e30527882adda156d,2019-05,Lancashire Constabulary,Lancashire Constabulary,-3.044572,53.780635,On or near Byland Close,E01012725,Blackpool 019D,Vehicle crime,Unable to prosecute suspect,
738f8f054fe326d1b888085071f6782f488660c9f37236c845f30968b53a3732,2019-05,Lancashire Constabulary,Lancashire Constabulary,-3.043407,53.783233,On or near Langfield Avenue,E01012725,Blackpool 019D,Violence and sexual offences,Action to be taken by another organisation,
3a334c99ef1e9326d42f4b2abbf270e12737887ba1f248f9fcac089b35da3ddc,2019-05,Lancashire Constabulary,Lancashire Constabulary,-3.043407,53.783233,On or near Langfield Avenue,E01012725,Blackpool 019D,Violence and sexual offences,Status update unavailable,
263cc7485718d6d31062cb24ddfdc2bc4ae8c269cf4f3867e9f8a11a9742844e,2019-05,Lancashire Constabulary,Lancashire Constabulary,-3.045613,53.782234,On or near Roseway,E01012725,Blackpool 019D,Violence and sexual offences,Status update unavailable,
,2019-05,Lancashire Constabulary,Lancashire Constabulary,-3.048675,53.780248,On or near Albany Avenue,E01012727,Blackpool 019E,Anti-social behaviour,,
71e1db65a186034293d03821f853c467104b7ecf0d4eaab5dbb25492240c0f0e,2019-05,Lancashire Constabulary,Lancashire Constabulary,-3.048524,53.781490,On or near Stony Hill Avenue,E01012727,Blackpool 019E,Other theft,Status update unavailable,
2f93a9735a589e1bbc55ce80de5646cd15eaf83c90380d6cfd5db93e38c0c139,2019-05,Lancashire Constabulary,Lancashire Constabulary,-3.050055,53.777791,On or near Squires Gate Lane,E01012727,Blackpool 019E,Public order,Status update unavailable,
50160bba384ca8c9aee59e0cf8dc6361987baf7641f3bdbe184db86ad1503216,2019-05,Lancashire Constabulary,Lancashire Constabulary,-3.052160,53.780649,On or near Raleigh Avenue,E01012727,Blackpool 019E,Vehicle crime,Status update unavailable,
2852bd917f33f47fb544460365841dd26fff2c93f1e64db4eb0b056887a8747e,2019-05,Lancashire Constabulary,Lancashire Constabulary,-3.052091,53.781540,On or near Alderley Avenue,E01012727,Blackpool 019E,Violence and sexual offences,Unable to prosecute suspect,
337b73128e9c3b34519787db2f6a8b60a2a118a0d32344041f18ddeb17bf4afa,2019-05,Lancashire Constabulary,Lancashire Constabulary,-3.053467,53.777707,On or near Rutherford Place,E01012727,Blackpool 019E,Violence and sexual offences,Unable to prosecute suspect,
7912144e79dc9bed19f7fbe46016d69eb913df57fe936e0b68d442fce7b0f2b4,2019-05,Lancashire Constabulary,Lancashire Constabulary,-2.390559,53.586864,On or near Dorchester Avenue,E01004793,Bolton 013B,Violence and sexual offences,Unable to prosecute suspect,
fe85a7f3ec6bdb8c4498b3bf856f6bb955b301e7da7997514e99686beab22b57,2019-05,Lancashire Constabulary,Lancashire Constabulary,-0.031027,51.714755,On or near Endeavour Road,E01023304,Broxbourne 008C,Violence and sexual offences,Further investigation is not in the public interest,
,2019-05,Lancashire Constabulary,Lancashire Constabulary,-2.201853,53.811082,On or near Queen Street,E01024859,Burnley 001A,Anti-social behaviour,,
,2019-05,Lancashire Constabulary,Lancashire Constabulary,-2.205975,53.812441,On or near Hargreaves Street,E01024859,Burnley 001A,Anti-social behaviour,,
,2019-05,Lancashire Constabulary,Lancashire Constabulary,-2.204617,53.811167,On or near Townley Street,E01024859,Burnley 001A,Anti-social behaviour,,
,2019-05,Lancashire Constabulary,Lancashire Constabulary,-2.206744,53.811370,On or near Nicholas Street,E01024859,Burnley 001A,Anti-social behaviour,,
,2019-05,Lancashire Constabulary,Lancashire Constabulary,-2.206396,53.811667,On or near Supermarket,E01024859,Burnley 001A,Anti-social behaviour,,
,2019-05,Lancashire Constabulary,Lancashire Constabulary,-2.205132,53.810914,On or near Granville Street,E01024859,Burnley 001A,Anti-social behaviour,,
,2019-05,Lancashire Constabulary,Lancashire Constabulary,-2.204617,53.811167,On or near Townley Street,E01024859,Burnley 001A,Anti-social behaviour,,
,2019-05,Lancashire Constabulary,Lancashire Constabulary,-2.206744,53.811370,On or near Nicholas Street,E01024859,Burnley 001A,Anti-social behaviour,,
,2019-05,Lancashire Constabulary,Lancashire Constabulary,-2.205709,53.810805,On or near Talbot Street,E01024859,Burnley 001A,Anti-social behaviour,,
,2019-05,Lancashire Constabulary,Lancashire Constabulary,-2.206897,53.811612,On or near Finsley Street,E01024859,Burnley 001A,Anti-social behaviour,,
,2019-05,Lancashire Constabulary,Lancashire Constabulary,-2.204895,53.808973,On or near Talbot Drive,E01024859,Burnley 001A,Anti-social behaviour,,
,2019-05,Lancashire Constabulary,Lancashire Constabulary,-2.204617,53.811167,On or near Townley Street,E01024859,Burnley 001A,Anti-social behaviour,,
,2019-05,Lancashire Constabulary,Lancashire Constabulary,-2.202768,53.811907,On or near King Street,E01024859,Burnley 001A,Anti-social behaviour,,
,2019-05,Lancashire Constabulary,Lancashire Constabulary,-2.206396,53.811667,On or near Supermarket,E01024859,Burnley 001A,Anti-social behaviour,,
0d162b25381d625985ec674bea097d3d0837f85db8c6ee4f4dca5c06277ec276,2019-05,Lancashire Constabulary,Lancashire Constabulary,-2.203309,53.810782,On or near Church Street,E01024859,Burnley 001A,Burglary,Status update unavailable,
6824ddbcc784c010f6b4191d0a18a55a13a586ddce4c7729d553eabd4f91cbba,2019-05,Lancashire Constabulary,Lancashire Constabulary,-2.203309,53.810782,On or near Church Street,E01024859,Burnley 001A,Criminal damage and arson,Status update unavailable,
e834764c23e2710945d4e96edd92319ca00d9aa042c0efc57eb1b5f557e4d8b1,2019-05,Lancashire Constabulary,Lancashire Constabulary,-2.206744,53.811370,On or near Nicholas Street,E01024859,Burnley 001A,Criminal damage and arson,Status update unavailable,
d4c59163436583638dc7a274a8154627bf7b9304ead5c1c050ad040991b3e7dd,2019-05,Lancashire Constabulary,Lancashire Constabulary,-2.206396,53.811667,On or near Supermarket,E01024859,Burnley 001A,Criminal damage and arson,Status update unavailable,
9d713846b90a15ca7f016fa2cde70cd939ac31a79c5bfae0bd452d70196799a8,2019-05,Lancashire Constabulary,Lancashire Constabulary,-2.201814,53.812565,On or near Burnley Road,E01024859,Burnley 001A,Criminal damage and arson,Status update unavailable,
e15c7e15ca738efbce64f1bf7cb996d80f62090067b7d53ecb70e6e762267c52,2019-05,Lancashire Constabulary,Lancashire Constabulary,-2.202768,53.811907,On or near King Street,E01024859,Burnley 001A,Criminal damage and arson,Status update unavailable,
b8c658837f577ae130ef069fd0f1c220f280ea573e2e49c9995b5d558f93dc6b,2019-05,Lancashire Constabulary,Lancashire Constabulary,-2.206744,53.811370,On or near Nicholas Street,E01024859,Burnley 001A,Public order,Status update unavailable,
0bd5bb3a3ce92c3a0a4cd725841d7cd5c2d1b66ed276cf547baf657db4800927,2019-05,Lancashire Constabulary,Lancashire Constabulary,-2.195684,53.813815,On or near Acre Street,E01024859,Burnley 001A,Vehicle crime,Status update unavailable,
fdf9cc6794c0a7b7053bcb211bc2fd5b661d5bbb0a0491717afd0a12284a7fe8,2019-05,Lancashire Constabulary,Lancashire Constabulary,-2.195684,53.813815,On or near Acre Street,E01024859,Burnley 001A,Vehicle crime,Status update unavailable,
20f5ff70a27bdeb06ca01df40fa936e5743844e10001dc6fe6ac929d75d6dd5a,2019-05,Lancashire Constabulary,Lancashire Constabulary,-2.206744,53.811370,On or near Nicholas Street,E01024859,Burnley 001A,Violence and sexual offences,Local resolution,
b70fcdfa0267897a4b34520ce3be88c654dcabefe7857b91c047a194b7020c15,2019-05,Lancashire Constabulary,Lancashire Constabulary,-2.202423,53.812878,On or near North Street,E01024859,Burnley 001A,Violence and sexual offences,Unable to prosecute suspect,
426db04def54c47e0fce8341309fc57d4226e1e92fc7a2805f2a63363e400f0c,2019-05,Lancashire Constabulary,Lancashire Constabulary,-2.206744,53.811370,On or near Nicholas Street,E01024859,Burnley 001A,Violence and sexual offences,Offender given a caution,
455fc804a83e23396ef29d3fc71e14595823e1ad19ccccdf62d431928ec5f1af,2019-05,Lancashire Constabulary,Lancashire Constabulary,-2.201923,53.812987,On or near Kimberley Street,E01024859,Burnley 001A,Violence and sexual offences,Status update unavailable,
b63969538c59b50716d379b7ffcbf547938274918a083605b7e0a3a7072cbe27,2019-05,Lancashire Constabulary,Lancashire Constabulary,-2.203554,53.811142,On or near Cross Street,E01024859,Burnley 001A,Violence and sexual offences,Unable to prosecute suspect,
d974594408d5ae6ccd79167288c257144e50ac7db82f3c9cb431423b8315b580,2019-05,Lancashire Constabulary,Lancashire Constabulary,-2.195684,53.813815,On or near Acre Street,E01024859,Burnley 001A,Violence and sexual offences,Status update unavailable,
c5f422e4a688fcf0500776c1d0cd79294481fc959432cea4f76cc8a42bac2083,2019-05,Lancashire Constabulary,Lancashire Constabulary,-2.205709,53.810805,On or near Talbot Street,E01024859,Burnley 001A,Violence and sexual offences,Unable to prosecute suspect,
,2019-05,Lancashire Constabulary,Lancashire Constabulary,-2.214417,53.809019,On or near Walshaw Lane,E01024861,Burnley 001B,Anti-social behaviour,,
,2019-05,Lancashire Constabulary,Lancashire Constabulary,-2.216590,53.812314,On or near Hillingdon Road,E01024861,Burnley 001B,Anti-social behaviour,,
136d2e7e7a973c6553a36c69de558641493fca88c4f2d2461506d28f7deed85a,2019-05,Lancashire Constabulary,Lancashire Constabulary,-2.216240,53.809187,On or near Wroxham Close,E01024861,Burnley 001B,Criminal damage and arson,Status update unavailable,
c399b816728ee6226b485aa35588be87b2819a16ac9032e9f71173b6ca08a73e,2019-05,Lancashire Constabulary,Lancashire Constabulary,-2.216590,53.812314,On or near Hillingdon Road,E01024861,Burnley 001B,Violence and sexual offences,Unable to prosecute suspect,
ac546e7eefd605612ddef29a7087974f6a01b6a667316a3b0116f513580a6dee,2019-05,Lancashire Constabulary,Lancashire Constabulary,-2.216508,53.814067,On or near Clockhouse Grove,E01024861,Burnley 001B,Violence and sexual offences,Unable to prosecute suspect,
e23e6963a89af152a6ed79a551131ab59a6e0fe2b13ad0cbf37c3001c2bf42ed,2019-05,Lancashire Constabulary,Lancashire Constabulary,-2.216590,53.812314,On or near Hillingdon Road,E01024861,Burnley 001B,Violence and sexual offences,Unable to prosecute suspect,
,2019-05,Lancashire Constabulary,Lancashire Constabulary,-2.210879,53.809107,On or near Lydgate,E01024862,Burnley 001C,Anti-social behaviour,,
,2019-05,Lancashire Constabulary,Lancashire Constabulary,-2.210879,53.809107,On or near Lydgate,E01024862,Burnley 001C,Anti-social behaviour,,
d91db2b6ecc0215a74f2ac9229666522caa223a86400d9c22b897203cba0e9fe,2019-05,Lancashire Constabulary,Lancashire Constabulary,-2.215415,53.808335,On or near Horning Crescent,E01024862,Burnley 001C,Criminal damage and arson,Status update unavailable,
c421ccd06f6aba6b42faddd03a1f2d2a47efe34e81f636ccf1d13026b0856dbf,2019-05,Lancashire Constabulary,Lancashire Constabulary,-2.213843,53.806818,On or near Balderstone Close,E01024862,Burnley 001C,Criminal damage and arson,Status update unavailable,
16a9405dab0d9c0cb9b711d47ed9710c23daa5180a5a585eb9175511b5273363,2019-05,Lancashire Constabulary,Lancashire Constabulary,-2.208367,53.810954,On or near Moorview Close,E01024862,Burnley 001C,Violence and sexual offences,Unable to prosecute suspect,
5a50203ce9050038097c9573b65abedde5331ad4565489726016036effc1aa6f,2019-05,Lancashire Constabulary,Lancashire Constabulary,-2.208264,53.811574,On or near Gorple Street,E01024862,Burnley 001C,Violence and sexual offences,Offender given a caution,
,2019-05,Lancashire Constabulary,Lancashire Constabulary,-2.225305,53.811939,On or near Brent Street,E01024891,Burnley 001D,Anti-social behaviour,,
,2019-05,Lancashire Constabulary,Lancashire Constabulary,-2.224692,53.810906,On or near Ribble Avenue,E01024891,Burnley 001D,Anti-social behaviour,,
,2019-05,Lancashire Constabulary,Lancashire Constabulary,-2.224746,53.812479,On or near New Ground Court,E01024891,Burnley 001D,Anti-social behaviour,,
,2019-05,Lancashire Constabulary,Lancashire Constabulary,-2.226410,53.811190,On or near Conway Grove,E01024891,Burnley 001D,Anti-social behaviour,,
,2019-05,Lancashire Constabulary,Lancashire Constabulary,-2.223141,53.810415,On or near Sedburgh Street,E01024891,Burnley 001D,Anti-social behaviour,,
,2019-05,Lancashire Constabulary,Lancashire Constabulary,-2.223141,53.810415,On or near Sedburgh Street,E01024891,Burnley 001D,Anti-social behaviour,,
658deae0747bb4cfd856941e74b196e303394504ad091fcac6ad9dc973693bd7,2019-05,Lancashire Constabulary,Lancashire Constabulary,-2.232751,53.812733,On or near Highfield Avenue,E01024891,Burnley 001D,Burglary,Status update unavailable,
9a740accf4d5bd3bf59e8bdc88da3a3d205d4ce60d7234b8131d9c97c4aa00ce,2019-05,Lancashire Constabulary,Lancashire Constabulary,-2.232751,53.812733,On or near Highfield Avenue,E01024891,Burnley 001D,Burglary,Status update unavailable,
9eab0140c324a377b4531e795a9c73e30c6f2223c39b39eb06f98b1522ce3bae,2019-05,Lancashire Constabulary,Lancashire Constabulary,-2.224692,53.810906,On or near Ribble Avenue,E01024891,Burnley 001D,Criminal damage and arson,Status update unavailable,
0d3b14e6ae20054b132a0e2c1cb491610c92cbd8ba0b1a402096ec19ba1d635a,2019-05,Lancashire Constabulary,Lancashire Constabulary,-2.224692,53.810906,On or near Ribble Avenue,E01024891,Burnley 001D,Other theft,Status update unavailable,
1ccabdea7cd25e259e9fde28c494229a9a811320e7cc200de69b8a6056a0f26c,2019-05,Lancashire Constabulary,Lancashire Constabulary,-2.225305,53.811939,On or near Brent Street,E01024891,Burnley 001D,Violence and sexual offences,Unable to prosecute suspect,
d9c2fc0d11a5f0652d6916bf850fade79edfab21eddf1022573602fda153466a,2019-05,Lancashire Constabulary,Lancashire Constabulary,-2.224746,53.812479,On or near New Ground Court,E01024891,Burnley 001D,Violence and sexual offences,Status update unavailable,
908993970ddb49ba1b0ae6a077dcdbdf750d61438bc5c3e8713fe3abfb22d325,2019-05,Lancashire Constabulary,Lancashire Constabulary,-2.224746,53.812479,On or near New Ground Court,E01024891,Burnley 001D,Violence and sexual offences,Unable to prosecute suspect,
777637a9a6afcce830491074b0be0b92325798d746177723024e3cdc84a2f14f,2019-05,Lancashire Constabulary,Lancashire Constabulary,-2.225895,53.811533,On or near Hodder Street,E01024891,Burnley 001D,Violence and sexual offences,Unable to prosecute suspect,
d842a21578f4f7c29aed4c3b48a221fa2d639e128a8c57be4147f1816643f91d,2019-05,Lancashire Constabulary,Lancashire Constabulary,-2.225305,53.811939,On or near Brent Street,E01024891,Burnley 001D,Violence and sexual offences,Further investigation is not in the public interest,
,2019-05,Lancashire Constabulary,Lancashire Constabulary,-2.223230,53.804393,On or near Eastern Avenue,E01024892,Burnley 001E,Anti-social behaviour,,
,2019-05,Lancashire Constabulary,Lancashire Constabulary,-2.221095,53.811344,On or near Parking Area,E01024892,Burnley 001E,Anti-social behaviour,,
,2019-05,Lancashire Constabulary,Lancashire Constabulary,-2.224208,53.808318,On or near Briercliffe Road,E01024892,Burnley 001E,Anti-social behaviour,,
,2019-05,Lancashire Constabulary,Lancashire Constabulary,-2.221095,53.811344,On or near Parking Area,E01024892,Burnley 001E,Anti-social behaviour,,
,2019-05,Lancashire Constabulary,Lancashire Constabulary,-2.223420,53.808670,On or near Briercliffe Road,E01024892,Burnley 001E,Anti-social behaviour,,
,2019-05,Lancashire Constabulary,Lancashire Constabulary,-2.223230,53.804393,On or near Eastern Avenue,E01024892,Burnley 001E,Anti-social behaviour,,
,2019-05,Lancashire Constabulary,Lancashire Constabulary,-2.224208,53.808318,On or near Briercliffe Road,E01024892,Burnley 001E,Anti-social behaviour,,
a6de9bbcdfb476c3dba5a377e8df116c94a6023153b5d85ac07c74df2ab88a74,2019-05,Lancashire Constabulary,Lancashire Constabulary,-2.223230,53.804393,On or near Eastern Avenue,E01024892,Burnley 001E,Burglary,Status update unavailable,
74d80ba87a9efd9aa37afddbb33fcaff9f4aff5c41f3611a7de23fa856088d82,2019-05,Lancashire Constabulary,Lancashire Constabulary,-2.224208,53.808318,On or near Briercliffe Road,E01024892,Burnley 001E,Criminal damage and arson,Status update unavailable,
450661ce2c97292b995ced113b3c14fc3dc96b353f06936fbc3b9648dee22bd9,2019-05,Lancashire Constabulary,Lancashire Constabulary,-2.224208,53.808318,On or near Briercliffe Road,E01024892,Burnley 001E,Other theft,Status update unavailable,
ab95840867e3a876a1cf56566b33f9371e7cb0261c912c73cb72e6a88058983c,2019-05,Lancashire Constabulary,Lancashire Constabulary,-2.223230,53.804393,On or near Eastern Avenue,E01024892,Burnley 001E,Other theft,Status update unavailable,
539fb72b1d9196c4d86543b8916fc549479ab060fbb4b7b6eb5c6f0479b67e08,2019-05,Lancashire Constabulary,Lancashire Constabulary,-2.223326,53.802397,On or near Petrol Station,E01024892,Burnley 001E,Shoplifting,Further investigation is not in the public interest,
eb39f3c2a842e7c40ac4a188455e7b5a77284c6ca3e1c5b1c4e05e6231602346,2019-05,Lancashire Constabulary,Lancashire Constabulary,-2.223326,53.802397,On or near Petrol Station,E01024892,Burnley 001E,Shoplifting,Unable to prosecute suspect,
7d3472bccd1275c23bdb4f144f5ff2893a709195b800ffb6b3ce9f7706a4101c,2019-05,Lancashire Constabulary,Lancashire Constabulary,-2.221789,53.807460,On or near Torquay Avenue,E01024892,Burnley 001E,Vehicle crime,Status update unavailable,
cf009e80089fb07f7052681e47cb1f03bcc15742ab0765e268db27c3b31baee6,2019-05,Lancashire Constabulary,Lancashire Constabulary,-2.224943,53.806726,On or near Fleetwood Road,E01024892,Burnley 001E,Violence and sexual offences,Status update unavailable,
c5f3dd78fa2a8b98b7c93e6d57ede5701664e8757de4c43bc549103262d5b948,2019-05,Lancashire Constabulary,Lancashire Constabulary,-2.224208,53.808318,On or near Briercliffe Road,E01024892,Burnley 001E,Violence and sexual offences,Status update unavailable,
9de1eb1695d6929e4f70dc24a07714bafe7db0a2a179225fa513502da5de94fc,2019-05,Lancashire Constabulary,Lancashire Constabulary,-2.223230,53.804393,On or near Eastern Avenue,E01024892,Burnley 001E,Violence and sexual offences,Action to be taken by another organisation,
786af28c533facb39a68b8ffbc96655a2249e1c133e0eee812e9c9770a7a178a,2019-05,Lancashire Constabulary,Lancashire Constabulary,-2.224795,53.807428,On or near Matlock Grove,E01024892,Burnley 001E,Violence and sexual offences,Status update unavailable,
,2019-05,Lancashire Constabulary,Lancashire Constabulary,-2.221093,53.813798,On or near Aylesbury Walk,E01024894,Burnley 001F,Anti-social behaviour,,
4dbe8a77049b3051d3fd37fd1446863bb5087203bbdeb326e2901045dd55aeff,2019-05,Lancashire Constabulary,Lancashire Constabulary,-2.219325,53.815446,On or near Sunningdale Gardens,E01024894,Burnley 001F,Criminal damage and arson,Awaiting court outcome,
9837572a2d242351d9b9dbc416b375cf2cd92febb957e4052f70b089c0344657,2019-05,Lancashire Constabulary,Lancashire Constabulary,-2.222055,53.811882,On or near Underley Street,E01024894,Burnley 001F,Violence and sexual offences,Unable to prosecute suspect,
6d206a6f864025b1b5591b25877c70636688b4f5848f8e4ad02a226800e3de4b,2019-05,Lancashire Constabulary,Lancashire Constabulary,-2.221093,53.813798,On or near Aylesbury Walk,E01024894,Burnley 001F,Violence and sexual offences,Status update unavailable,
87f5a93dedc906ac5de1a91e502e7df92b828ebf8efdccb975437664c722e799,2019-05,Lancashire Constabulary,Lancashire Constabulary,-2.221360,53.815406,On or near Chingford Bank,E01024894,Burnley 001F,Violence and sexual offences,Unable to prosecute suspect,
16c36c68262e737a827d59a2a85d2f3878ad41671107c95717bc7dc5cf1cba3a,2019-05,Lancashire Constabulary,Lancashire Constabulary,-2.218108,53.812177,On or near Oakwood Close,E01024894,Burnley 001F,Violence and sexual offences,Status update unavailable,
a18b15e2450740f8da661204481f468b276bc5ea3937f3636061539a82f157bf,2019-05,Lancashire Constabulary,Lancashire Constabulary,-2.222055,53.811882,On or near Underley Street,E01024894,Burnley 001F,Violence and sexual offences,Status update unavailable,
47e8941180e9ac7606f947663bf74da5cba784543a3e7d3ff9a8c24004d9ad4a,2019-05,Lancashire Constabulary,Lancashire Constabulary,-2.221093,53.813798,On or near Aylesbury Walk,E01024894,Burnley 001F,Violence and sexual offences,Status update unavailable,
,2019-05,Lancashire Constabulary,Lancashire Constabulary,-2.227641,53.805741,On or near Primrose Street,E01024893,Burnley 002A,Anti-social behaviour,,
,2019-05,Lancashire Constabulary,Lancashire Constabulary,-2.222098,53.800000,On or near Bancroft Road,E01024893,Burnley 002A,Anti-social behaviour,,
,2019-05,Lancashire Constabulary,Lancashire Constabulary,-2.226519,53.803362,On or near Thursby Road,E01024893,Burnley 002A,Anti-social behaviour,,
,2019-05,Lancashire Constabulary,Lancashire Constabulary,-2.228038,53.803386,On or near Thornber Court,E01024893,Burnley 002A,Anti-social behaviour,,
,2019-05,Lancashire Constabulary,Lancashire Constabulary,-2.228231,53.805345,On or near Towneley Street,E01024893,Burnley 002A,Anti-social behaviour,,
,2019-05,Lancashire Constabulary,Lancashire Constabulary,-2.222098,53.800000,On or near Bancroft Road,E01024893,Burnley 002A,Anti-social behaviour,,
,2019-05,Lancashire Constabulary,Lancashire Constabulary,-2.226519,53.803362,On or near Thursby Road,E01024893,Burnley 002A,Anti-social behaviour,,
,2019-05,Lancashire Constabulary,Lancashire Constabulary,-2.227542,53.801517,On or near Ferndale Street,E01024893,Burnley 002A,Anti-social behaviour,,
,2019-05,Lancashire Constabulary,Lancashire Constabulary,-2.228252,53.800941,On or near Vincit Street,E01024893,Burnley 002A,Anti-social behaviour,,
,2019-05,Lancashire Constabulary,Lancashire Constabulary,-2.228231,53.805345,On or near Towneley Street,E01024893,Burnley 002A,Anti-social behaviour,,
,2019-05,Lancashire Constabulary,Lancashire Constabulary,-2.227116,53.804089,On or near Salus Street,E01024893,Burnley 002A,Anti-social behaviour,,
,2019-05,Lancashire Constabulary,Lancashire Constabulary,-2.227742,53.801939,On or near Oban Street,E01024893,Burnley 002A,Anti-social behaviour,,
ca65167f220c41e7450b29ef651577d78d7a1eab542b967012da0e28a0bbd1ae,2019-05,Lancashire Constabulary,Lancashire Constabulary,-2.228894,53.804382,On or near Haydock Street,E01024893,Burnley 002A,Burglary,Status update unavailable,
d5279dd3c0e6cad4dc12f0124069757bcfdf9331f3713ff94edf7c10b242b92e,2019-05,Lancashire Constabulary,Lancashire Constabulary,-2.226519,53.803362,On or near Thursby Road,E01024893,Burnley 002A,Burglary,Status update unavailable,
c4ee7209c8499ce5c2384977b815769cd834648ecd908c903137b29a16e78dc6,2019-05,Lancashire Constabulary,Lancashire Constabulary,-2.227542,53.801517,On or near Ferndale Street,E01024893,Burnley 002A,Vehicle crime,Status update unavailable,
e68479fe65da667d12215d10e045e728a6025eaf18a2d225cae4410c73b27ca0,2019-05,Lancashire Constabulary,Lancashire Constabulary,-2.227393,53.801967,On or near Cleaver Street,E01024893,Burnley 002A,Vehicle crime,Status update unavailable,
9df56716199a8a38b33562da90fbe0abae1038c8b4b287cdb0c1c77e2f9c4f52,2019-05,Lancashire Constabulary,Lancashire Constabulary,-2.228038,53.803386,On or near Thornber Court,E01024893,Burnley 002A,Violence and sexual offences,Action to be taken by another organisation,
3a4cb0e8533cfd6802afe4fcb9239f1ff51c59723c630439f2eb23a1e7d9e221,2019-05,Lancashire Constabulary,Lancashire Constabulary,-2.228231,53.805345,On or near Towneley Street,E01024893,Burnley 002A,Violence and sexual offences,Unable to prosecute suspect,
0af51017c425665a08e536b10dc8adc6262f166832ba09e9c9b92aa834e0f79a,2019-05,Lancashire Constabulary,Lancashire Constabulary,-2.227641,53.805741,On or near Primrose Street,E01024893,Burnley 002A,Violence and sexual offences,Status update unavailable,
eff80f62ecb95c9cc27c7f190996b6d37c136a03f789652403b6742cad68e0f8,2019-05,Lancashire Constabulary,Lancashire Constabulary,-2.227991,53.800384,On or near Browhead Road,E01024893,Burnley 002A,Violence and sexual offences,Status update unavailable,
,2019-05,Lancashire Constabulary,Lancashire Constabulary,-2.240210,53.807694,On or near Barden Lane,E01024896,Burnley 002B,Anti-social behaviour,,
,2019-05,Lancashire Constabulary,Lancashire Constabulary,-2.248295,53.808819,On or near Lower Manor Lane,E01024896,Burnley 002B,Anti-social behaviour,,
,2019-05,Lancashire Constabulary,Lancashire Constabulary,-2.236884,53.807656,On or near Disraeli Street,E01024896,Burnley 002B,Anti-social behaviour,,
,2019-05,Lancashire Constabulary,Lancashire Constabulary,-2.248295,53.808819,On or near Lower Manor Lane,E01024896,Burnley 002B,Anti-social behaviour,,
,2019-05,Lancashire Constabulary,Lancashire Constabulary,-2.238511,53.808093,On or near Thirlmere Avenue,E01024896,Burnley 002B,Anti-social behaviour,,
85bfda779d386ab1690043026219310164847ecdc3a6c610b7a8ce68590ec294,2019-05,Lancashire Constabulary,Lancashire Constabulary,-2.240568,53.809248,On or near Blacker Street,E01024896,Burnley 002B,Criminal damage and arson,Status update unavailable,
1cfd7a0c255dfb11aa5d0fb7967ac3272752e6c85a36b1694dbf6fab19dc4ff3,2019-05,Lancashire Constabulary,Lancashire Constabulary,-2.248295,53.808819,On or near Lower Manor Lane,E01024896,Burnley 002B,Violence and sexual offences,Unable to prosecute suspect,
68b1aee607d5c0272e6bde8284f2058eb1e68e59e809e0b8d58f45c1da5650bc,2019-05,Lancashire Constabulary,Lancashire Constabulary,-2.248295,53.808819,On or near Lower Manor Lane,E01024896,Burnley 002B,Violence and sexual offences,Unable to prosecute suspect,
,2019-05,Lancashire Constabulary,Lancashire Constabulary,-2.223709,53.808724,On or near Briercliffe Road,E01024897,Burnley 002C,Anti-social behaviour,,
,2019-05,Lancashire Constabulary,Lancashire Constabulary,-2.225184,53.809117,On or near Killington Street,E01024897,Burnley 002C,Anti-social behaviour,,
,2019-05,Lancashire Constabulary,Lancashire Constabulary,-2.230283,53.811345,On or near Bentham Avenue,E01024897,Burnley 002C,Anti-social behaviour,,
,2019-05,Lancashire Constabulary,Lancashire Constabulary,-2.227395,53.810874,On or near Casterton Avenue,E01024897,Burnley 002C,Anti-social behaviour,,
,2019-05,Lancashire Constabulary,Lancashire Constabulary,-2.238845,53.810789,On or near Windermere Avenue,E01024897,Burnley 002C,Anti-social behaviour,,
,2019-05,Lancashire Constabulary,Lancashire Constabulary,-2.230283,53.811345,On or near Bentham Avenue,E01024897,Burnley 002C,Anti-social behaviour,,
,2019-05,Lancashire Constabulary,Lancashire Constabulary,-2.235543,53.809465,On or near Keswick Road,E01024897,Burnley 002C,Anti-social behaviour,,
,2019-05,Lancashire Constabulary,Lancashire Constabulary,-2.227395,53.810874,On or near Casterton Avenue,E01024897,Burnley 002C,Anti-social behaviour,,
,2019-05,Lancashire Constabulary,Lancashire Constabulary,-2.227395,53.810874,On or near Casterton Avenue,E01024897,Burnley 002C,Anti-social behaviour,,
,2019-05,Lancashire Constabulary,Lancashire Constabulary,-2.230283,53.811345,On or near Bentham Avenue,E01024897,Burnley 002C,Anti-social behaviour,,
,2019-05,Lancashire Constabulary,Lancashire Constabulary,-2.230283,53.811345,On or near Bentham Avenue,E01024897,Burnley 002C,Anti-social behaviour,,
,2019-05,Lancashire Constabulary,Lancashire Constabulary,-2.237328,53.811070,On or near Shap Grove,E01024897,Burnley 002C,Anti-social behaviour,,
,2019-05,Lancashire Constabulary,Lancashire Constabulary,-2.237328,53.811070,On or near Shap Grove,E01024897,Burnley 002C,Anti-social behaviour,,
0c49842356f5e82647116655dcca2693bcb36fb838c94e53c1f667cbaec05dd8,2019-05,Lancashire Constabulary,Lancashire Constabulary,-2.238845,53.810789,On or near Windermere Avenue,E01024897,Burnley 002C,Burglary,Status update unavailable,
89aa1f5b76940609052c73b5372638ae59be72378549d9697a7632065889e955,2019-05,Lancashire Constabulary,Lancashire Constabulary,-2.237328,53.811070,On or near Shap Grove,E01024897,Burnley 002C,Criminal damage and arson,Awaiting court outcome,
1ee2d0aafc8e9b6435a15ffbbb60f77854458564ac71bb711e36791346ec0e55,2019-05,Lancashire Constabulary,Lancashire Constabulary,-2.238845,53.810789,On or near Windermere Avenue,E01024897,Burnley 002C,Criminal damage and arson,Unable to prosecute suspect,
e3a5a74f6c67e6a40efb43ed2f2d6a0c74e1253e62203458667199617ce6dd28,2019-05,Lancashire Constabulary,Lancashire Constabulary,-2.227395,53.810874,On or near Casterton Avenue,E01024897,Burnley 002C,Criminal damage and arson,Status update unavailable,
31cc4420f3833d6fc28b82b5e255aaa6e30c3a74954b3d3a5c56c9b52924a43d,2019-05,Lancashire Constabulary,Lancashire Constabulary,-2.227395,53.810874,On or near Casterton Avenue,E01024897,Burnley 002C,Criminal damage and arson,Unable to prosecute suspect,
6d0ec975f27e8b8d952cb455d7af9bc0c26c9927270f9a6de4a0b61f8519fea8,2019-05,Lancashire Constabulary,Lancashire Constabulary,-2.238845,53.810789,On or near Windermere Avenue,E01024897,Burnley 002C,Criminal damage and arson,Awaiting court outcome,
15ab9520918c7f1960c5f3ff851e4f5381fb298bb34ab98bb7f34d687b5e7082,2019-05,Lancashire Constabulary,Lancashire Constabulary,-2.237328,53.811070,On or near Shap Grove,E01024897,Burnley 002C,Other theft,Status update unavailable,
d1fd5a7052d90eaf32e1294c45472c0708a9f16c8e8fd047cba100af9c9267ee,2019-05,Lancashire Constabulary,Lancashire Constabulary,-2.225184,53.809117,On or near Killington Street,E01024897,Burnley 002C,Other theft,Status update unavailable,
45daea68a0c1e69d571994cfa6a716fd16d817ecd69bc35c3e2ccfbc50ec387a,2019-05,Lancashire Constabulary,Lancashire Constabulary,-2.232385,53.809732,On or near Haldane Street,E01024897,Burnley 002C,Other theft,Status update unavailable,
6f611f807937068ddce8a4a815f460931f71e5d728ac0805dcdd94198e3ae2e7,2019-05,Lancashire Constabulary,Lancashire Constabulary,-2.225184,53.809117,On or near Killington Street,E01024897,Burnley 002C,Other theft,Offender given penalty notice,
27d318b65e29dd3a9dd1429d953266a7077e9771a9411c2b7612b82489dc843e,2019-05,Lancashire Constabulary,Lancashire Constabulary,-2.225184,53.809117,On or near Killington Street,E01024897,Burnley 002C,Other theft,Status update unavailable,
a079e34f03fe8a95d8b20fddb3e13594be71eed0f88a09566585ac99a44b07f9,2019-05,Lancashire Constabulary,Lancashire Constabulary,-2.225184,53.809117,On or near Killington Street,E01024897,Burnley 002C,Other theft,Status update unavailable,
975bf450e231b70ea9e600636fc96351a0f2754cf41829165f400661453ddc40,2019-05,Lancashire Constabulary,Lancashire Constabulary,-2.235543,53.809465,On or near Keswick Road,E01024897,Burnley 002C,Other theft,Further investigation is not in the public interest,
849fe4aac64f28dddc2a8320841a997d6032c9de3c944ccb39c033ce034cba97,2019-05,Lancashire Constabulary,Lancashire Constabulary,-2.238845,53.810789,On or near Windermere Avenue,E01024897,Burnley 002C,Public order,Unable to prosecute suspect,
5305cc91abf2eec74f0d0ac053dcbf3311050fdf13fe86203b2c8f6f430838c7,2019-05,Lancashire Constabulary,Lancashire Constabulary,-2.238845,53.810789,On or near Windermere Avenue,E01024897,Burnley 002C,Violence and sexual offences,Unable to prosecute suspect,
b463b230c8b9edc915a616933a38c4d750ac20da864db2578f99b1e29a7d7c54,2019-05,Lancashire Constabulary,Lancashire Constabulary,-2.238845,53.810789,On or near Windermere Avenue,E01024897,Burnley 002C,Violence and sexual offences,Status update unavailable,
2766515448802f927eda975fd47a85bd0c8ac21912587d46963797afcca1ca1b,2019-05,Lancashire Constabulary,Lancashire Constabulary,-2.238845,53.810789,On or near Windermere Avenue,E01024897,Burnley 002C,Violence and sexual offences,Unable to prosecute suspect,
7b51c84b0583de4704c8f9f97fdd3afb64033b3a70719886d39c7323961e7d4b,2019-05,Lancashire Constabulary,Lancashire Constabulary,-2.227395,53.810874,On or near Casterton Avenue,E01024897,Burnley 002C,Violence and sexual offences,Further investigation is not in the public interest,
94a3edb24187e1052bcc9247994d3f8ab938517f5b26b2567c1da86fbd43405c,2019-05,Lancashire Constabulary,Lancashire Constabulary,-2.236062,53.810030,On or near Prairie Crescent,E01024897,Burnley 002C,Violence and sexual offences,Formal action is not in the public interest,
,2019-05,Lancashire Constabulary,Lancashire Constabulary,-2.227737,53.806595,On or near Boundary Street,E01024898,Burnley 002D,Anti-social behaviour,,
,2019-05,Lancashire Constabulary,Lancashire Constabulary,-2.236312,53.808556,On or near Kyan Street,E01024898,Burnley 002D,Anti-social behaviour,,
,2019-05,Lancashire Constabulary,Lancashire Constabulary,-2.229662,53.806115,On or near Towneley Street,E01024898,Burnley 002D,Anti-social behaviour,,
,2019-05,Lancashire Constabulary,Lancashire Constabulary,-2.235021,53.805835,On or near Murray Street,E01024898,Burnley 002D,Anti-social behaviour,,
,2019-05,Lancashire Constabulary,Lancashire Constabulary,-2.232561,53.805867,On or near Randall Street,E01024898,Burnley 002D,Anti-social behaviour,,
c8f80664c193d3ef8bda51937f024e270030e9deb557c715f0e06248cf1e4ab2,2019-05,Lancashire Constabulary,Lancashire Constabulary,-2.229662,53.806115,On or near Towneley Street,E01024898,Burnley 002D,Burglary,Status update unavailable,
2e66928956f4569d2ca80c36ddd3df714367e822f1dc69c0a8e13dc139bd70bf,2019-05,Lancashire Constabulary,Lancashire Constabulary,-2.229533,53.807365,On or near Hawes Terrace,E01024898,Burnley 002D,Criminal damage and arson,Unable to prosecute suspect,
5ffe52a1274e1084ec82633acfef3e29f7b6594d897a49df54174131fbd4f168,2019-05,Lancashire Constabulary,Lancashire Constabulary,-2.234770,53.807103,On or near Holmby Street,E01024898,Burnley 002D,Other theft,Investigation complete; no suspect identified,
b2c69bb54c0709958b60510b8a8f4fb29bfc7ae7f6aa299cfcdc356e8a079f96,2019-05,Lancashire Constabulary,Lancashire Constabulary,-2.235021,53.805835,On or near Murray Street,E01024898,Burnley 002D,Other theft,Unable to prosecute suspect,
fd00ada12ac09cd898996620df3fc93f3c6654a0755585693d3f76063f262109,2019-05,Lancashire Constabulary,Lancashire Constabulary,-2.235383,53.805430,On or near Ada Street,E01024898,Burnley 002D,Violence and sexual offences,Unable to prosecute suspect,
baf5033745060074a5812db98d5b04aa3f156cacbea48936b6011870fe699e61,2019-05,Lancashire Constabulary,Lancashire Constabulary,-2.235021,53.805835,On or near Murray Street,E01024898,Burnley 002D,Violence and sexual offences,Status update unavailable,
aa06c2fedd087a5366dfac6dae6e574e79e238f65ec46784393412677696f833,2019-05,Lancashire Constabulary,Lancashire Constabulary,-2.231259,53.806427,On or near Sharp Street,E01024898,Burnley 002D,Violence and sexual offences,Status update unavailable,
32d3c9c21f7acb747b24864ef0870f1ebb444d1e4946d3b9c3fcbda0f72fb1cb,2019-05,Lancashire Constabulary,Lancashire Constabulary,-2.232927,53.806037,On or near Martin Street,E01024898,Burnley 002D,Violence and sexual offences,Unable to prosecute suspect,
2ad69b2797bbd03a035db50a8b855b504a72388cf45959b9220d89b1a08cfad5,2019-05,Lancashire Constabulary,Lancashire Constabulary,-2.236312,53.808556,On or near Kyan Street,E01024898,Burnley 002D,Violence and sexual offences,Status update unavailable,
344d4dbd2ba6cb440ed07747a1c39f209eaab06690c722cbe3644e6b20b3b288,2019-05,Lancashire Constabulary,Lancashire Constabulary,-2.234274,53.808083,On or near Rosebery Street,E01024898,Burnley 002D,Violence and sexual offences,Status update unavailable,
a5559379153852e6fb3350689df6f051c81f635b6f1255889fa30c0285b76392,2019-05,Lancashire Constabulary,Lancashire Constabulary,-2.231259,53.806427,On or near Sharp Street,E01024898,Burnley 002D,Violence and sexual offences,Unable to prosecute suspect,
d4e9c20bce001d6808f357b4f8fffc4030ccb378e7de6298aad7d38f4aa9090f,2019-05,Lancashire Constabulary,Lancashire Constabulary,-2.230131,53.800182,On or near Browhead Road,E01024856,Burnley 003A,Criminal damage and arson,Unable to prosecute suspect,
47c540f79c491f08f56de00cac81e5f12a869c89e1ff1117f2c40b41e2c7d4a9,2019-05,Lancashire Constabulary,Lancashire Constabulary,-2.234903,53.800991,On or near Bar Street,E01024856,Burnley 003A,Other theft,Status update unavailable,
41bd0eb37710d642fa5bd8be2673ef718a81008baf6b41b24f4576009cb5ce17,2019-05,Lancashire Constabulary,Lancashire Constabulary,-2.231963,53.801967,On or near Swinless Street,E01024856,Burnley 003A,Other theft,Unable to prosecute suspect,
fc41a8ef9942ed0ed022848ba55a4dc7a8a965e6d22a1aaf64e939d8d2b068bd,2019-05,Lancashire Constabulary,Lancashire Constabulary,-2.231963,53.801967,On or near Swinless Street,E01024856,Burnley 003A,Other theft,Unable to prosecute suspect,
0fe726bdd6f91c4df610b162e109ba64a6075b748c8cdf20b444e08e64916186,2019-05,Lancashire Constabulary,Lancashire Constabulary,-2.230972,53.801349,On or near Colbran Street,E01024856,Burnley 003A,Public order,Unable to prosecute suspect,
3d3354c14f0444d2be501bc5c7ae455591804242dcab3fcdcd183e321daf7656,2019-05,Lancashire Constabulary,Lancashire Constabulary,-2.234903,53.800991,On or near Bar Street,E01024856,Burnley 003A,Violence and sexual offences,Status update unavailable,
7d92e7e13cd854c935af80d20913bf592ea20e9ab0495aaa206c1ca6ebe78bbb,2019-05,Lancashire Constabulary,Lancashire Constabulary,-2.231963,53.801967,On or near Swinless Street,E01024856,Burnley 003A,Violence and sexual offences,Unable to prosecute suspect,
c99ab6753ea7287dbb2b9d34c14c1ca0c4102d8e8b1ba22590eca052c438c759,2019-05,Lancashire Constabulary,Lancashire Constabulary,-2.230972,53.801349,On or near Colbran Street,E01024856,Burnley 003A,Violence and sexual offences,Unable to prosecute suspect,
19f0e331621cb878ebb4b24cf2e0fe136231c80861dbc178ca6a33fd4d1a6c15,2019-05,Lancashire Constabulary,Lancashire Constabulary,-2.230972,53.801349,On or near Colbran Street,E01024856,Burnley 003A,Violence and sexual offences,Status update unavailable,
,2019-05,Lancashire Constabulary,Lancashire Constabulary,-2.241284,53.801742,On or near Grey Street,E01024875,Burnley 003B,Anti-social behaviour,,
,2019-05,Lancashire Constabulary,Lancashire Constabulary,-2.241405,53.804258,On or near Evelyn Street,E01024875,Burnley 003B,Anti-social behaviour,,
085990849388e4e20294f34dcfc77718055a9277eecd060339bde51fdf5ea0ed,2019-05,Lancashire Constabulary,Lancashire Constabulary,-2.241405,53.804258,On or near Evelyn Street,E01024875,Burnley 003B,Drugs,Local resolution,
f81e606ae70cb09ac612bec5555b80d8bb0cf89728a8b21f584609eacf123471,2019-05,Lancashire Constabulary,Lancashire Constabulary,-2.241896,53.805174,On or near Stanthorpe Walk,E01024875,Burnley 003B,Violence and sexual offences,Status update unavailable,
,2019-05,Lancashire Constabulary,Lancashire Constabulary,-2.236680,53.801194,On or near Extwistle Street,E01024876,Burnley 003C,Anti-social behaviour,,
,2019-05,Lancashire Constabulary,Lancashire Constabulary,-2.240729,53.800359,On or near Old Hall Street,E01024876,Burnley 003C,Anti-social behaviour,,
,2019-05,Lancashire Constabulary,Lancashire Constabulary,-2.239126,53.798663,On or near Hebrew Square,E01024876,Burnley 003C,Anti-social behaviour,,
,2019-05,Lancashire Constabulary,Lancashire Constabulary,-2.240729,53.800359,On or near Old Hall Street,E01024876,Burnley 003C,Anti-social behaviour,,
,2019-05,Lancashire Constabulary,Lancashire Constabulary,-2.237390,53.800438,On or near Birley Place,E01024876,Burnley 003C,Anti-social behaviour,,
,2019-05,Lancashire Constabulary,Lancashire Constabulary,-2.240320,53.800369,On or near Ardwick Street,E01024876,Burnley 003C,Anti-social behaviour,,
,2019-05,Lancashire Constabulary,Lancashire Constabulary,-2.237024,53.802856,On or near Bramble Street,E01024876,Burnley 003C,Anti-social behaviour,,
7811b307ed6b90786c579c90f1fbd09f82e5e0ab97215225798d041e1f324fb7,2019-05,Lancashire Constabulary,Lancashire Constabulary,-2.240320,53.800369,On or near Ardwick Street,E01024876,Burnley 003C,Bicycle theft,Status update unavailable,
b016279a2024258f3f9b2bc537a6fb0de47c554599e4dc3b45efd9c94260b49a,2019-05,Lancashire Constabulary,Lancashire Constabulary,-2.240729,53.800359,On or near Old Hall Street,E01024876,Burnley 003C,Criminal damage and arson,Status update unavailable,
2887fa62f057348abc590bb8a2be9ef4cdf2affc536740044b27959032f9f7b9,2019-05,Lancashire Constabulary,Lancashire Constabulary,-2.237390,53.800438,On or near Birley Place,E01024876,Burnley 003C,Drugs,Status update unavailable,
e6cf7682649dc7248ae66d4e4ac683fa0f8a62bbb5a8c2faa380f6d30d129e8e,2019-05,Lancashire Constabulary,Lancashire Constabulary,-2.241240,53.799441,On or near Travis Street,E01024876,Burnley 003C,Other theft,Status update unavailable,
f2d1c2b060113dd498da456546034085755a5660e12646fb13f69653f040107f,2019-05,Lancashire Constabulary,Lancashire Constabulary,-2.237390,53.800438,On or near Birley Place,E01024876,Burnley 003C,Public order,Status update unavailable,
2a061d71ddc409cc913d1abad8c160cf101e4836863e57e32298ce587f60a291,2019-05,Lancashire Constabulary,Lancashire Constabulary,-2.239618,53.797144,On or near Colne Road,E01024876,Burnley 003C,Public order,Status update unavailable,
6f5c6110d1efff061a11351474c78015d8fa3e2c2d6784efd8acf36f14dd97c4,2019-05,Lancashire Constabulary,Lancashire Constabulary,-2.239750,53.798968,On or near Bell'S Arcade,E01024876,Burnley 003C,Theft from the person,Status update unavailable,
3b73514e06d2c499afe97afbba285b378326e917c110c46b5ff22904cdb9d9a1,2019-05,Lancashire Constabulary,Lancashire Constabulary,-2.238229,53.801218,On or near Colville Street,E01024876,Burnley 003C,Vehicle crime,Status update unavailable,
e7e98cf5cf5a47e0748f37af5b52c3a0ebbe8d7a335f34accee283d735ab4db9,2019-05,Lancashire Constabulary,Lancashire Constabulary,-2.239491,53.801584,On or near Hurtley Street,E01024876,Burnley 003C,Violence and sexual offences,Unable to prosecute suspect,
43c71fbd0dd7f73161d5c79d10cf66817288ab7ed3d2fc207b6645e577b00bdb,2019-05,Lancashire Constabulary,Lancashire Constabulary,-2.237390,53.800438,On or near Birley Place,E01024876,Burnley 003C,Violence and sexual offences,Unable to prosecute suspect,
11efd02dcdd037e2152f50eabcbf8e0c6c3bca381fd71dccaca8a9c202036bd4,2019-05,Lancashire Constabulary,Lancashire Constabulary,-2.238110,53.798962,On or near Colne Road,E01024876,Burnley 003C,Violence and sexual offences,Status update unavailable,
09eef636216020598d9e3df282a383cfb47822d3c8351a6b2b00f69a358d400e,2019-05,Lancashire Constabulary,Lancashire Constabulary,-2.236894,53.801355,On or near Angle Street,E01024876,Burnley 003C,Violence and sexual offences,Status update unavailable,
bc73a1faf17acea74f7607e64e0a3b4664214cab07a025402c88e079f57be782,2019-05,Lancashire Constabulary,Lancashire Constabulary,-2.239750,53.798968,On or near Bell'S Arcade,E01024876,Burnley 003C,Violence and sexual offences,Status update unavailable,
1fc27077698f5256a6716f1a097a09274c5f3a489277c4c9058b758175ad94a3,2019-05,Lancashire Constabulary,Lancashire Constabulary,-2.236894,53.801355,On or near Angle Street,E01024876,Burnley 003C,Violence and sexual offences,Status update unavailable,
2e9f74373804feebac76f2f4e652f344ade668ce4a793af56734a169c465b2d2,2019-05,Lancashire Constabulary,Lancashire Constabulary,-2.238720,53.799365,On or near Lee Street,E01024876,Burnley 003C,Violence and sexual offences,Status update unavailable,
,2019-05,Lancashire Constabulary,Lancashire Constabulary,-2.243638,53.788732,On or near Bull Street,E01024877,Burnley 003D,Anti-social behaviour,,
,2019-05,Lancashire Constabulary,Lancashire Constabulary,-2.240085,53.788496,On or near Croft Street,E01024877,Burnley 003D,Anti-social behaviour,,
,2019-05,Lancashire Constabulary,Lancashire Constabulary,-2.246892,53.789714,On or near St James'S Street,E01024877,Burnley 003D,Anti-social behaviour,,
,2019-05,Lancashire Constabulary,Lancashire Constabulary,-2.240712,53.786679,On or near Centenary Way,E01024877,Burnley 003D,Anti-social behaviour,,
,2019-05,Lancashire Constabulary,Lancashire Constabulary,-2.240835,53.797599,On or near Devonshire Road,E01024877,Burnley 003D,Anti-social behaviour,,
,2019-05,Lancashire Constabulary,Lancashire Constabulary,-2.241433,53.787999,On or near Red Lion Street,E01024877,Burnley 003D,Anti-social behaviour,,
,2019-05,Lancashire Constabulary,Lancashire Constabulary,-2.242932,53.787385,On or near Thomas Street,E01024877,Burnley 003D,Anti-social behaviour,,
,2019-05,Lancashire Constabulary,Lancashire Constabulary,-2.242932,53.787385,On or near Thomas Street,E01024877,Burnley 003D,Anti-social behaviour,,
,2019-05,Lancashire Constabulary,Lancashire Constabulary,-2.240712,53.786679,On or near Centenary Way,E01024877,Burnley 003D,Anti-social behaviour,,
,2019-05,Lancashire Constabulary,Lancashire Constabulary,-2.240194,53.789080,On or near Shopping Area,E01024877,Burnley 003D,Anti-social behaviour,,
,2019-05,Lancashire Constabulary,Lancashire Constabulary,-2.240712,53.786679,On or near Centenary Way,E01024877,Burnley 003D,Anti-social behaviour,,
,2019-05,Lancashire Constabulary,Lancashire Constabulary,-2.244474,53.796855,On or near Throstle Close,E01024877,Burnley 003D,Anti-social behaviour,,
,2019-05,Lancashire Constabulary,Lancashire Constabulary,-2.240834,53.789465,On or near Hall Street,E01024877,Burnley 003D,Anti-social behaviour,,
,2019-05,Lancashire Constabulary,Lancashire Constabulary,-2.241433,53.787999,On or near Red Lion Street,E01024877,Burnley 003D,Anti-social behaviour,,
,2019-05,Lancashire Constabulary,Lancashire Constabulary,-2.241433,53.787999,On or near Red Lion Street,E01024877,Burnley 003D,Anti-social behaviour,,
,2019-05,Lancashire Constabulary,Lancashire Constabulary,-2.242932,53.787385,On or near Thomas Street,E01024877,Burnley 003D,Anti-social behaviour,,
,2019-05,Lancashire Constabulary,Lancashire Constabulary,-2.242932,53.787385,On or near Thomas Street,E01024877,Burnley 003D,Anti-social behaviour,,
,2019-05,Lancashire Constabulary,Lancashire Constabulary,-2.244072,53.787742,On or near Manchester Road,E01024877,Burnley 003D,Anti-social behaviour,,
,2019-05,Lancashire Constabulary,Lancashire Constabulary,-2.245946,53.796627,On or near Belford Street,E01024877,Burnley 003D,Anti-social behaviour,,
,2019-05,Lancashire Constabulary,Lancashire Constabulary,-2.240194,53.789080,On or near Shopping Area,E01024877,Burnley 003D,Anti-social behaviour,,
,2019-05,Lancashire Constabulary,Lancashire Constabulary,-2.243684,53.791536,On or near Parking Area,E01024877,Burnley 003D,Anti-social behaviour,,
,2019-05,Lancashire Constabulary,Lancashire Constabulary,-2.241625,53.789814,On or near Parking Area,E01024877,Burnley 003D,Anti-social behaviour,,
,2019-05,Lancashire Constabulary,Lancashire Constabulary,-2.240834,53.789465,On or near Hall Street,E01024877,Burnley 003D,Anti-social behaviour,,
,2019-05,Lancashire Constabulary,Lancashire Constabulary,-2.245104,53.790203,On or near Shopping Area,E01024877,Burnley 003D,Anti-social behaviour,,
,2019-05,Lancashire Constabulary,Lancashire Constabulary,-2.240712,53.786679,On or near Centenary Way,E01024877,Burnley 003D,Anti-social behaviour,,
,2019-05,Lancashire Constabulary,Lancashire Constabulary,-2.245809,53.788844,On or near Hammerton Street,E01024877,Burnley 003D,Anti-social behaviour,,
,2019-05,Lancashire Constabulary,Lancashire Constabulary,-2.245170,53.796314,On or near Burns Street,E01024877,Burnley 003D,Anti-social behaviour,,
,2019-05,Lancashire Constabulary,Lancashire Constabulary,-2.241433,53.787999,On or near Red Lion Street,E01024877,Burnley 003D,Anti-social behaviour,,
,2019-05,Lancashire Constabulary,Lancashire Constabulary,-2.241433,53.787999,On or near Red Lion Street,E01024877,Burnley 003D,Anti-social behaviour,,
,2019-05,Lancashire Constabulary,Lancashire Constabulary,-2.245352,53.788584,On or near Victoria Street,E01024877,Burnley 003D,Anti-social behaviour,,
,2019-05,Lancashire Constabulary,Lancashire Constabulary,-2.241433,53.787999,On or near Red Lion Street,E01024877,Burnley 003D,Anti-social behaviour,,
,2019-05,Lancashire Constabulary,Lancashire Constabulary,-2.243638,53.788732,On or near Bull Street,E01024877,Burnley 003D,Anti-social behaviour,,
,2019-05,Lancashire Constabulary,Lancashire Constabulary,-2.241433,53.787999,On or near Red Lion Street,E01024877,Burnley 003D,Anti-social behaviour,,
,2019-05,Lancashire Constabulary,Lancashire Constabulary,-2.241433,53.787999,On or near Red Lion Street,E01024877,Burnley 003D,Anti-social behaviour,,
,2019-05,Lancashire Constabulary,Lancashire Constabulary,-2.245809,53.788844,On or near Hammerton Street,E01024877,Burnley 003D,Anti-social behaviour,,
,2019-05,Lancashire Constabulary,Lancashire Constabulary,-2.240712,53.786679,On or near Centenary Way,E01024877,Burnley 003D,Anti-social behaviour,,
,2019-05,Lancashire Constabulary,Lancashire Constabulary,-2.240712,53.786679,On or near Centenary Way,E01024877,Burnley 003D,Anti-social behaviour,,
,2019-05,Lancashire Constabulary,Lancashire Constabulary,-2.242932,53.787385,On or near Thomas Street,E01024877,Burnley 003D,Anti-social behaviour,,
,2019-05,Lancashire Constabulary,Lancashire Constabulary,-2.242932,53.787385,On or near Thomas Street,E01024877,Burnley 003D,Anti-social behaviour,,
,2019-05,Lancashire Constabulary,Lancashire Constabulary,-2.244382,53.788748,On or near St James'S Row,E01024877,Burnley 003D,Anti-social behaviour,,
,2019-05,Lancashire Constabulary,Lancashire Constabulary,-2.243638,53.788732,On or near Bull Street,E01024877,Burnley 003D,Anti-social behaviour,,
,2019-05,Lancashire Constabulary,Lancashire Constabulary,-2.240712,53.786679,On or near Centenary Way,E01024877,Burnley 003D,Anti-social behaviour,,
,2019-05,Lancashire Constabulary,Lancashire Constabulary,-2.240194,53.789080,On or near Shopping Area,E01024877,Burnley 003D,Anti-social behaviour,,
,2019-05,Lancashire Constabulary,Lancashire Constabulary,-2.240834,53.789465,On or near Hall Street,E01024877,Burnley 003D,Anti-social behaviour,,
,2019-05,Lancashire Constabulary,Lancashire Constabulary,-2.240712,53.786679,On or near Centenary Way,E01024877,Burnley 003D,Anti-social behaviour,,
,2019-05,Lancashire Constabulary,Lancashire Constabulary,-2.240194,53.789080,On or near Shopping Area,E01024877,Burnley 003D,Anti-social behaviour,,
,2019-05,Lancashire Constabulary,Lancashire Constabulary,-2.240194,53.789080,On or near Shopping Area,E01024877,Burnley 003D,Anti-social behaviour,,
,2019-05,Lancashire Constabulary,Lancashire Constabulary,-2.245352,53.788584,On or near Victoria Street,E01024877,Burnley 003D,Anti-social behaviour,,
,2019-05,Lancashire Constabulary,Lancashire Constabulary,-2.241120,53.796979,On or near Stafford Street,E01024877,Burnley 003D,Anti-social behaviour,,
,2019-05,Lancashire Constabulary,Lancashire Constabulary,-2.240712,53.786679,On or near Centenary Way,E01024877,Burnley 003D,Anti-social behaviour,,
,2019-05,Lancashire Constabulary,Lancashire Constabulary,-2.241433,53.787999,On or near Red Lion Street,E01024877,Burnley 003D,Anti-social behaviour,,
,2019-05,Lancashire Constabulary,Lancashire Constabulary,-2.240712,53.786679,On or near Centenary Way,E01024877,Burnley 003D,Anti-social behaviour,,
,2019-05,Lancashire Constabulary,Lancashire Constabulary,-2.241433,53.787999,On or near Red Lion Street,E01024877,Burnley 003D,Anti-social behaviour,,
,2019-05,Lancashire Constabulary,Lancashire Constabulary,-2.242932,53.787385,On or near Thomas Street,E01024877,Burnley 003D,Anti-social behaviour,,
,2019-05,Lancashire Constabulary,Lancashire Constabulary,-2.244072,53.787742,On or near Manchester Road,E01024877,Burnley 003D,Anti-social behaviour,,
,2019-05,Lancashire Constabulary,Lancashire Constabulary,-2.240712,53.786679,On or near Centenary Way,E01024877,Burnley 003D,Anti-social behaviour,,
,2019-05,Lancashire Constabulary,Lancashire Constabulary,-2.240712,53.786679,On or near Centenary Way,E01024877,Burnley 003D,Anti-social behaviour,,
,2019-05,Lancashire Constabulary,Lancashire Constabulary,-2.241625,53.789814,On or near Parking Area,E01024877,Burnley 003D,Anti-social behaviour,,
,2019-05,Lancashire Constabulary,Lancashire Constabulary,-2.240712,53.786679,On or near Centenary Way,E01024877,Burnley 003D,Anti-social behaviour,,
,2019-05,Lancashire Constabulary,Lancashire Constabulary,-2.243867,53.789064,On or near St James'S Lane,E01024877,Burnley 003D,Anti-social behaviour,,
,2019-05,Lancashire Constabulary,Lancashire Constabulary,-2.245264,53.789160,On or near Nightclub,E01024877,Burnley 003D,Anti-social behaviour,,
,2019-05,Lancashire Constabulary,Lancashire Constabulary,-2.241433,53.787999,On or near Red Lion Street,E01024877,Burnley 003D,Anti-social behaviour,,
,2019-05,Lancashire Constabulary,Lancashire Constabulary,-2.245170,53.796314,On or near Burns Street,E01024877,Burnley 003D,Anti-social behaviour,,
,2019-05,Lancashire Constabulary,Lancashire Constabulary,-2.241433,53.787999,On or near Red Lion Street,E01024877,Burnley 003D,Anti-social behaviour,,
5af210d7c46ab3bbad6c20db794e2df6e84be0c32d14d4b22b94c66c4e2b2bc4,2019-05,Lancashire Constabulary,Lancashire Constabulary,-2.240194,53.789080,On or near Shopping Area,E01024877,Burnley 003D,Burglary,Status update unavailable,
3c7a1872a9ee3e8ffd70e4b885eac27c1b46648ec8fb3aace7d2d604cfa558d1,2019-05,Lancashire Constabulary,Lancashire Constabulary,-2.241120,53.796979,On or near Stafford Street,E01024877,Burnley 003D,Burglary,Status update unavailable,
32f6c79b238de57e9dd3f24f2d56313a285521516d6a0fc7d63155137756f016,2019-05,Lancashire Constabulary,Lancashire Constabulary,-2.241625,53.789814,On or near Parking Area,E01024877,Burnley 003D,Burglary,Investigation complete; no suspect identified,
bdd72a660b42aecc37a3eb1c63ff6e4c45fe67eb2383a50e517328814bd53a1f,2019-05,Lancashire Constabulary,Lancashire Constabulary,-2.246980,53.789309,On or near Parking Area,E01024877,Burnley 003D,Burglary,Status update unavailable,
aa9d307223cae8cac656a832989da90a44850b982325bc388176434370329806,2019-05,Lancashire Constabulary,Lancashire Constabulary,-2.243077,53.796741,On or near Dane Street,E01024877,Burnley 003D,Criminal damage and arson,Unable to prosecute suspect,
6906dde7eb66b843c44854ba3e30a9e3031ee80dcb3085be96b3ffc6df7802d6,2019-05,Lancashire Constabulary,Lancashire Constabulary,-2.244720,53.792172,On or near Active Way,E01024877,Burnley 003D,Criminal damage and arson,Status update unavailable,
49975048b4dcca85abc59b69b47f4e18bf299df0db08cf154825289032604304,2019-05,Lancashire Constabulary,Lancashire Constabulary,-2.244720,53.792172,On or near Active Way,E01024877,Burnley 003D,Criminal damage and arson,Status update unavailable,
be55be014e327f928a8cd75e6f87b457d7eed009a1aa4ee156f9988e3de4afdf,2019-05,Lancashire Constabulary,Lancashire Constabulary,-2.240834,53.789465,On or near Hall Street,E01024877,Burnley 003D,Criminal damage and arson,Status update unavailable,
aa4a5346d1a6f169ed8d773f26a673096c8da422056d6ab0a4f66e1552837d89,2019-05,Lancashire Constabulary,Lancashire Constabulary,-2.245352,53.788584,On or near Victoria Street,E01024877,Burnley 003D,Criminal damage and arson,Status update unavailable,
b956c469538fc0a734f7e9a8efd3b95d8e1c0cd743d89f914627f0f50bc36ba2,2019-05,Lancashire Constabulary,Lancashire Constabulary,-2.240834,53.789465,On or near Hall Street,E01024877,Burnley 003D,Criminal damage and arson,Status update unavailable,
7aa03e569b3bd1b1bc441dfc762e7b225298b49288cdaf73cc18ac4aab66422f,2019-05,Lancashire Constabulary,Lancashire Constabulary,-2.245170,53.796314,On or near Burns Street,E01024877,Burnley 003D,Criminal damage and arson,Status update unavailable,
ebfe8a7340451c5bd39ff38061541b31814aed3a05d837023aeb64c10aef2b0b,2019-05,Lancashire Constabulary,Lancashire Constabulary,-2.240712,53.786679,On or near Centenary Way,E01024877,Burnley 003D,Drugs,Unable to prosecute suspect,
766f6d519a454b794feba5342ec2781f034471b942b0cea4927e452dca3f6e52,2019-05,Lancashire Constabulary,Lancashire Constabulary,-2.247004,53.795888,On or near Belgrave Street,E01024877,Burnley 003D,Drugs,Status update unavailable,
1825aec7ade925fdeaffad7bda9f8aa9aa4adc26420205e01baec641e0931f40,2019-05,Lancashire Constabulary,Lancashire Constabulary,-2.243916,53.792147,On or near Bankhouse Street,E01024877,Burnley 003D,Other theft,Unable to prosecute suspect,
bbfecde9e1e4e1b2d26990fa4ff949115e18479a0d353e879de6e1f2e8a00da7,2019-05,Lancashire Constabulary,Lancashire Constabulary,-2.245264,53.789160,On or near Nightclub,E01024877,Burnley 003D,Other theft,Status update unavailable,
8be7e4c1c61bcedd279287d018123243bdf79ee7c61bda8c5e7529b746e04816,2019-05,Lancashire Constabulary,Lancashire Constabulary,-2.246387,53.788978,On or near Parking Area,E01024877,Burnley 003D,Other theft,Unable to prosecute suspect,
dd0badbde30c730e5d759cd130205312736469eb3130db198238810b5ca25506,2019-05,Lancashire Constabulary,Lancashire Constabulary,-2.240834,53.789465,On or near Hall Street,E01024877,Burnley 003D,Other theft,Status update unavailable,
62b50d3fa35e9b7ac9ffd6679c49fb49dc0351dff5dfc73aa56ba723fdfa199f,2019-05,Lancashire Constabulary,Lancashire Constabulary,-2.240712,53.786679,On or near Centenary Way,E01024877,Burnley 003D,Other theft,Status update unavailable,
e01572f42811b0ada27fb67b520c3089ad0ee99b86a40333fd257939389d4a33,2019-05,Lancashire Constabulary,Lancashire Constabulary,-2.242932,53.787385,On or near Thomas Street,E01024877,Burnley 003D,Other theft,Status update unavailable,
a68a86515915a7c55dd7178ddeebd86da1b5e9ace6c18c3cc2d35d2aec9ea6f1,2019-05,Lancashire Constabulary,Lancashire Constabulary,-2.239348,53.789702,On or near Keirby Walk,E01024877,Burnley 003D,Other theft,Status update unavailable,
01de18e2c88a615299f5a1929244712603142aab33fca14fe11c23486c4df2af,2019-05,Lancashire Constabulary,Lancashire Constabulary,-2.246475,53.788519,On or near Holden Street,E01024877,Burnley 003D,Other theft,Status update unavailable,
78164106b6130f51934ddc664f5cfd5319cd6e3ba88f5be184ad400bb001e38f,2019-05,Lancashire Constabulary,Lancashire Constabulary,-2.244840,53.789304,On or near Paradise Street,E01024877,Burnley 003D,Other theft,Status update unavailable,
e3829db92fd7e850f5a11482e9a5594d315785c68e22052e5831ae2e9fd798ca,2019-05,Lancashire Constabulary,Lancashire Constabulary,-2.240194,53.789080,On or near Shopping Area,E01024877,Burnley 003D,Other theft,Status update unavailable,
a3ffe4d097d4b2f5e760067f94c5214c1860246ba28121bb66c20d5350713a91,2019-05,Lancashire Constabulary,Lancashire Constabulary,-2.245104,53.790203,On or near Shopping Area,E01024877,Burnley 003D,Other theft,Status update unavailable,
652e68d81200fc00fdaf025a983fb8a95fba4a70c47033f5eb2e12867c88aa25,2019-05,Lancashire Constabulary,Lancashire Constabulary,-2.243916,53.792147,On or near Bankhouse Street,E01024877,Burnley 003D,Other theft,Status update unavailable,
f5e8abd88235143fa2201288b65048e993d797e973bc9717d5579b10ef82c85e,2019-05,Lancashire Constabulary,Lancashire Constabulary,-2.243230,53.797028,On or near Norman Street,E01024877,Burnley 003D,Other theft,Unable to prosecute suspect,
7736fd7ca606820242153daefaeff97e05af1d27ba52bcc9f7042f015c0b01a1,2019-05,Lancashire Constabulary,Lancashire Constabulary,-2.240712,53.786679,On or near Centenary Way,E01024877,Burnley 003D,Other theft,Status update unavailable,
9dd86cecca3ef88d12b45b8e8dfdcad55c2ade28f608c60cfe56b7aa7e8bbf22,2019-05,Lancashire Constabulary,Lancashire Constabulary,-2.244720,53.792172,On or near Active Way,E01024877,Burnley 003D,Other theft,Status update unavailable,
40a98962316fdfbb2d10efbd689e9b5247553e77e6721c3f2f6d3ad723a276b0,2019-05,Lancashire Constabulary,Lancashire Constabulary,-2.243638,53.788732,On or near Bull Street,E01024877,Burnley 003D,Other theft,Status update unavailable,
f0839fb8effd13fb50c7dfb11d04fa322f64bc0ffc2127f4d5b877e135fe5a7a,2019-05,Lancashire Constabulary,Lancashire Constabulary,-2.245104,53.790203,On or near Shopping Area,E01024877,Burnley 003D,Other theft,Status update unavailable,
ef579d374a527a31aeb2c25e9250dc592a5718c9cd83bcf21a974d0eea11e4e1,2019-05,Lancashire Constabulary,Lancashire Constabulary,-2.240085,53.788496,On or near Croft Street,E01024877,Burnley 003D,Other theft,Status update unavailable,
b2662b4732f8881226fd3f69d8edee1eb0ccafc31a53a0e507709cb519d98b94,2019-05,Lancashire Constabulary,Lancashire Constabulary,-2.240712,53.786679,On or near Centenary Way,E01024877,Burnley 003D,Other theft,Status update unavailable,
f271c252546d8423bee118b74be7f98e4eea6d27f1cf22393737a36da1acd383,2019-05,Lancashire Constabulary,Lancashire Constabulary,-2.245170,53.796314,On or near Burns Street,E01024877,Burnley 003D,Other theft,Awaiting court outcome,
191c33a8c3c8a808672ff46ea00b9daf3394c23fd680f5fcc27bf98a4b333a40,2019-05,Lancashire Constabulary,Lancashire Constabulary,-2.244840,53.789304,On or near Paradise Street,E01024877,Burnley 003D,Other theft,Status update unavailable,
985dac0c802fe43568186a4eccf0e7eef8d0fc27ea61ae30c2a0d2d1f3ff4c78,2019-05,Lancashire Constabulary,Lancashire Constabulary,-2.242802,53.796427,On or near Cronkshaw Street,E01024877,Burnley 003D,Other theft,Unable to prosecute suspect,
383724a8a755083ca0d7dd943cff64b871180db2daf6131c1a426364bdcf87a4,2019-05,Lancashire Constabulary,Lancashire Constabulary,-2.238951,53.792067,On or near Church Street,E01024877,Burnley 003D,Other theft,Status update unavailable,
a9da08003b98d7465582fa86bef5a085d4f3a08e592813bab954e4feba8477ce,2019-05,Lancashire Constabulary,Lancashire Constabulary,-2.248157,53.795733,On or near Kent Street,E01024877,Burnley 003D,Public order,Status update unavailable,
92ca391dbb6862e2f4edf8d26088e0f1d800c0f1523088c9a3af02b35e66632f,2019-05,Lancashire Constabulary,Lancashire Constabulary,-2.242932,53.787385,On or near Thomas Street,E01024877,Burnley 003D,Public order,Awaiting court outcome,
4338c0c82aca0b1861e45e65c58fafd5704ef1a3fa369c2c6842eb11fce61ee4,2019-05,Lancashire Constabulary,Lancashire Constabulary,-2.243916,53.792147,On or near Bankhouse Street,E01024877,Burnley 003D,Public order,Unable to prosecute suspect,
e3b690c96d000d5d0bbda0d6def8d148112ad08d5dcb1541ee6a3e86415598db,2019-05,Lancashire Constabulary,Lancashire Constabulary,-2.245170,53.796314,On or near Burns Street,E01024877,Burnley 003D,Public order,Status update unavailable,
fb3029af87e266383d07929cfaa06d556ba8598d252be57c089109c85bc5f5c3,2019-05,Lancashire Constabulary,Lancashire Constabulary,-2.240085,53.788496,On or near Croft Street,E01024877,Burnley 003D,Public order,Unable to prosecute suspect,
8321e350a2165f7c2ed084c7a1ad8afc45dd387530d55952b66170e63296f449,2019-05,Lancashire Constabulary,Lancashire Constabulary,-2.244188,53.786789,On or near Saunder Bank,E01024877,Burnley 003D,Public order,Unable to prosecute suspect,
52359a37c0a700ca81e966cf6cd724b12e4ef281ec875e0ce2e4433d3c6bba10,2019-05,Lancashire Constabulary,Lancashire Constabulary,-2.240085,53.788496,On or near Croft Street,E01024877,Burnley 003D,Public order,Unable to prosecute suspect,
3fe9c793d80ab310d1ccf5853539b8dc86a46a7af2b6faeb6108390f4146677d,2019-05,Lancashire Constabulary,Lancashire Constabulary,-2.240712,53.786679,On or near Centenary Way,E01024877,Burnley 003D,Public order,Status update unavailable,
0f880c46b3a78e865b8320df4e4d95412f19ef40398603938e25a337d87f303b,2019-05,Lancashire Constabulary,Lancashire Constabulary,-2.239348,53.789702,On or near Keirby Walk,E01024877,Burnley 003D,Robbery,Unable to prosecute suspect,
24d61d27fe6cbd085f30c8c207bd6b420a37c4efa6c83f5c98e132340924b58d,2019-05,Lancashire Constabulary,Lancashire Constabulary,-2.245104,53.790203,On or near Shopping Area,E01024877,Burnley 003D,Shoplifting,Unable to prosecute suspect,
71fb0ff22478ddc61eca0ba69d3a1b4e99d8f0ae3eee080de83cf981dc596c9a,2019-05,Lancashire Constabulary,Lancashire Constabulary,-2.240712,53.786679,On or near Centenary Way,E01024877,Burnley 003D,Shoplifting,Unable to prosecute suspect,
8f35ec003d75b361b327425341bf090f14ba3391517cdd92602180294a30a5e8,2019-05,Lancashire Constabulary,Lancashire Constabulary,-2.240712,53.786679,On or near Centenary Way,E01024877,Burnley 003D,Shoplifting,Unable to prosecute suspect,
9e3f48456e395df8e772a0fbb1712d799024fd7b1b14212786a35eef39be5a82,2019-05,Lancashire Constabulary,Lancashire Constabulary,-2.245104,53.790203,On or near Shopping Area,E01024877,Burnley 003D,Shoplifting,Further investigation is not in the public interest,
00340d90a87f804a445f908bb4935719987c1efe96ad9146419b0186f603e36a,2019-05,Lancashire Constabulary,Lancashire Constabulary,-2.240712,53.786679,On or near Centenary Way,E01024877,Burnley 003D,Shoplifting,Offender sent to prison,
4fbea9aa8db283bcfc18bc341a362301f4538e5c25e546e3b60c1773b08d1e72,2019-05,Lancashire Constabulary,Lancashire Constabulary,-2.240712,53.786679,On or near Centenary Way,E01024877,Burnley 003D,Shoplifting,Awaiting court outcome,
86f54e63cb0f128dfc3195a496f277945bd28385356263bac545b34592e1aaab,2019-05,Lancashire Constabulary,Lancashire Constabulary,-2.245104,53.790203,On or near Shopping Area,E01024877,Burnley 003D,Shoplifting,Status update unavailable,
bb0bca75b6d905116135323314b6ba45cc04b3a916804349b65d2f8ad21b782f,2019-05,Lancashire Constabulary,Lancashire Constabulary,-2.245104,53.790203,On or near Shopping Area,E01024877,Burnley 003D,Shoplifting,Unable to prosecute suspect,
fea1a9c766938e7d0bf5ca23b88a023df218ddc41cb630bcd6fcdecb7e036c18,2019-05,Lancashire Constabulary,Lancashire Constabulary,-2.240712,53.786679,On or near Centenary Way,E01024877,Burnley 003D,Shoplifting,Awaiting court outcome,
489120b9573b52cd5cfc7612e454d84f3069241459acd50ee4a48be0f8162974,2019-05,Lancashire Constabulary,Lancashire Constabulary,-2.239348,53.789702,On or near Keirby Walk,E01024877,Burnley 003D,Shoplifting,Status update unavailable,
6c6ab5627c57b748feb4dc48970e349ea8a828568b366b5634967b0614dfd38e,2019-05,Lancashire Constabulary,Lancashire Constabulary,-2.240712,53.786679,On or near Centenary Way,E01024877,Burnley 003D,Shoplifting,Status update unavailable,
373a0ed92024a680313dd26f7e664cef2511cd32b240c2443ac9d3e15b390be6,2019-05,Lancashire Constabulary,Lancashire Constabulary,-2.240712,53.786679,On or near Centenary Way,E01024877,Burnley 003D,Shoplifting,Status update unavailable,
f749426f52f850a65d7a6c014e19a799d5975d0961932dc9150263f69e6d97c4,2019-05,Lancashire Constabulary,Lancashire Constabulary,-2.244720,53.792172,On or near Active Way,E01024877,Burnley 003D,Shoplifting,Unable to prosecute suspect,
387b401e6b399407e6445ee31ddcbabf72caa5e115d8d87528303eda427d2398,2019-05,Lancashire Constabulary,Lancashire Constabulary,-2.240712,53.786679,On or near Centenary Way,E01024877,Burnley 003D,Shoplifting,Further investigation is not in the public interest,
4be4f33eefb48d1f1fa3cc681a229c3a576c55fab6423b3d197343683c4ca733,2019-05,Lancashire Constabulary,Lancashire Constabulary,-2.244720,53.792172,On or near Active Way,E01024877,Burnley 003D,Shoplifting,Status update unavailable,
7ab7ed3c91a7d862ef34b2871cd7eaec543b4317da710d0232a35ab2fec4453c,2019-05,Lancashire Constabulary,Lancashire Constabulary,-2.245104,53.790203,On or near Shopping Area,E01024877,Burnley 003D,Shoplifting,Status update unavailable,
176d6b60e67966609f06d4e017b146275aaed66a768819beac19087308a3034c,2019-05,Lancashire Constabulary,Lancashire Constabulary,-2.244720,53.792172,On or near Active Way,E01024877,Burnley 003D,Shoplifting,Awaiting court outcome,
3b639475459a0db0302c2ca957458e3768801ee53fc27d060c57c1588bb41a4f,2019-05,Lancashire Constabulary,Lancashire Constabulary,-2.240712,53.786679,On or near Centenary Way,E01024877,Burnley 003D,Shoplifting,Local resolution,
4b587bc2bf1dfe6bf967a56d815e8a3a159bb0b51fd1b6bbc5531118b9feb602,2019-05,Lancashire Constabulary,Lancashire Constabulary,-2.242846,53.788221,On or near Dugdale Street,E01024877,Burnley 003D,Shoplifting,Status update unavailable,
3d46627bc0eedc0812f17960bb6686c48ad6dade5bf62cdf3ba0ece142b4d653,2019-05,Lancashire Constabulary,Lancashire Constabulary,-2.244720,53.792172,On or near Active Way,E01024877,Burnley 003D,Shoplifting,Status update unavailable,
5c758c22d6045f100aa5152d16df72899d4c5a5db3d095f8d69d6203b9921624,2019-05,Lancashire Constabulary,Lancashire Constabulary,-2.245104,53.790203,On or near Shopping Area,E01024877,Burnley 003D,Shoplifting,Status update unavailable,
c82ce0f8ced039579d9c70817aa4716b77ad9748096783d169b5c31747a95965,2019-05,Lancashire Constabulary,Lancashire Constabulary,-2.241625,53.789814,On or near Parking Area,E01024877,Burnley 003D,Shoplifting,Status update unavailable,
1b99e423ca7c28df94225e89386fdd5aad426c05e8719935897432fadbf491fc,2019-05,Lancashire Constabulary,Lancashire Constabulary,-2.240712,53.786679,On or near Centenary Way,E01024877,Burnley 003D,Shoplifting,Local resolution,
559656dfc3819b80de5fd9efee3e11cbba8eaace3dde2ba823d6dc2c44f03b36,2019-05,Lancashire Constabulary,Lancashire Constabulary,-2.239348,53.789702,On or near Keirby Walk,E01024877,Burnley 003D,Shoplifting,Unable to prosecute suspect,
ac9e423b9154a3eb716a49bdc269e57c7e14f5bd7e578d8fb05e3e1e9e60a860,2019-05,Lancashire Constabulary,Lancashire Constabulary,-2.241625,53.789814,On or near Parking Area,E01024877,Burnley 003D,Shoplifting,Awaiting court outcome,
61684cdae91adbd40c944ae455b1e3d74f74b1ba8a0e99f7fd78e088f1db3178,2019-05,Lancashire Constabulary,Lancashire Constabulary,-2.245104,53.790203,On or near Shopping Area,E01024877,Burnley 003D,Shoplifting,Unable to prosecute suspect,
33ea984f949ace1f459cb98fac697153b0482be7e063a8f2881eb970c7fcc845,2019-05,Lancashire Constabulary,Lancashire Constabulary,-2.240712,53.786679,On or near Centenary Way,E01024877,Burnley 003D,Shoplifting,Unable to prosecute suspect,
0ba871979dc046f6efcce29785e383150b81c410a34dcbfec5f56c0170f5c4e0,2019-05,Lancashire Constabulary,Lancashire Constabulary,-2.243638,53.788732,On or near Bull Street,E01024877,Burnley 003D,Theft from the person,Status update unavailable,
3a36290f95801d79f36cc3a43f4cd09bae23cafe94db99f09cb28b38c5f030f9,2019-05,Lancashire Constabulary,Lancashire Constabulary,-2.241625,53.789814,On or near Parking Area,E01024877,Burnley 003D,Theft from the person,Status update unavailable,
74ca2b85527d28739a05fe3d830de577238d1263d304a27ef3eb62cee20cba7d,2019-05,Lancashire Constabulary,Lancashire Constabulary,-2.240712,53.786679,On or near Centenary Way,E01024877,Burnley 003D,Theft from the person,Status update unavailable,
e0380cc1e11c136dfa04092ff90ceba9ffb851cfc09c07afcf1b1864e53d9c9a,2019-05,Lancashire Constabulary,Lancashire Constabulary,-2.243638,53.788732,On or near Bull Street,E01024877,Burnley 003D,Theft from the person,Status update unavailable,
fdd3cc58c26570e9a32424dd4c1f21058d6410491e0d8009e77af3a6c3100262,2019-05,Lancashire Constabulary,Lancashire Constabulary,-2.246781,53.788986,On or near Cow Lane,E01024877,Burnley 003D,Vehicle crime,Status update unavailable,
f4f44009ddc1723fa920c70ad898c573a6587203146c73c816d475539c9c9a8b,2019-05,Lancashire Constabulary,Lancashire Constabulary,-2.240834,53.789465,On or near Hall Street,E01024877,Burnley 003D,Violence and sexual offences,Unable to prosecute suspect,
7497fd1351da02888c30e158ae1344048b69f0d512c18fb4ae72fa9194decfe9,2019-05,Lancashire Constabulary,Lancashire Constabulary,-2.241433,53.787999,On or near Red Lion Street,E01024877,Burnley 003D,Violence and sexual offences,Status update unavailable,
7dbead3c525b735825462d9092568c1379e0631a354eeec4e09f57c00d9a8834,2019-05,Lancashire Constabulary,Lancashire Constabulary,-2.241120,53.796979,On or near Stafford Street,E01024877,Burnley 003D,Violence and sexual offences,Unable to prosecute suspect,
3f2e63ecbcc34e0c49698d0af8092a3faae1b20537c3d933ea7e2dbfbd45d2ce,2019-05,Lancashire Constabulary,Lancashire Constabulary,-2.240834,53.789465,On or near Hall Street,E01024877,Burnley 003D,Violence and sexual offences,Status update unavailable,
6458cfeba17158813d6338c5713538a858faf8f217e23eddc812dda4c6fd7955,2019-05,Lancashire Constabulary,Lancashire Constabulary,-2.240834,53.789465,On or near Hall Street,E01024877,Burnley 003D,Violence and sexual offences,Unable to prosecute suspect,
b546fbacb0cdb34651f3c2c54ce6e82e7889032dc58a0537e3b64d9fc9d650bb,2019-05,Lancashire Constabulary,Lancashire Constabulary,-2.243638,53.788732,On or near Bull Street,E01024877,Burnley 003D,Violence and sexual offences,Status update unavailable,
2a336e908a0830461630e17797d854c7a9f578c5ae9f401fe50ad4806654976e,2019-05,Lancashire Constabulary,Lancashire Constabulary,-2.245907,53.789985,On or near Nightclub,E01024877,Burnley 003D,Violence and sexual offences,Investigation complete; no suspect identified,
ca425ef178a38a6017d7a056427f18cbe2a60f7a858951f67bba26d0d17ff62f,2019-05,Lancashire Constabulary,Lancashire Constabulary,-2.243638,53.788732,On or near Bull Street,E01024877,Burnley 003D,Violence and sexual offences,Awaiting court outcome,
1c18d9cd95efa63c4d02344d6d1de2d2fdc778badf7d6b84169fe6423c6639ef,2019-05,Lancashire Constabulary,Lancashire Constabulary,-2.239348,53.789702,On or near Keirby Walk,E01024877,Burnley 003D,Violence and sexual offences,Status update unavailable,
b1cb06db3953a85b012dbe3c6e055227a9b11a683474fc8bcb7a1fd5c9da28d6,2019-05,Lancashire Constabulary,Lancashire Constabulary,-2.243308,53.797370,On or near Saxon Street,E01024877,Burnley 003D,Violence and sexual offences,Status update unavailable,
8c988d8ddb902d93ef0dfa515b545dc16881ce9eca74ff989134875646b051f4,2019-05,Lancashire Constabulary,Lancashire Constabulary,-2.241120,53.796979,On or near Stafford Street,E01024877,Burnley 003D,Violence and sexual offences,Unable to prosecute suspect,
aed0622b2592bfef862f3f75fad19fa7d902d9e82893407ac7cdbc4dbe2a58d6,2019-05,Lancashire Constabulary,Lancashire Constabulary,-2.240834,53.789465,On or near Hall Street,E01024877,Burnley 003D,Violence and sexual offences,Status update unavailable,
4035e04be34940a60ad11e00060df3854b4e9e3409a7504ccb7e81a1f5e9d9e5,2019-05,Lancashire Constabulary,Lancashire Constabulary,-2.243230,53.797028,On or near Norman Street,E01024877,Burnley 003D,Violence and sexual offences,Local resolution,
907270fe64937e8e6ce9493d990e974b57cffb1ea420c3bf26d551181d542fe9,2019-05,Lancashire Constabulary,Lancashire Constabulary,-2.245907,53.789985,On or near Nightclub,E01024877,Burnley 003D,Violence and sexual offences,Status update unavailable,
d28a4219f74463db5b8399a7e2f11395a135e14737cb99dac47968004e8554d7,2019-05,Lancashire Constabulary,Lancashire Constabulary,-2.239348,53.789702,On or near Keirby Walk,E01024877,Burnley 003D,Violence and sexual offences,Unable to prosecute suspect,
6456f46b2720bffcd3f6e045fa4c9284c823e9ce1726e57ae0142bd2be71fc0f,2019-05,Lancashire Constabulary,Lancashire Constabulary,-2.248593,53.797530,On or near Arley Gardens,E01024877,Burnley 003D,Violence and sexual offences,Status update unavailable,
41a0deaad3fcc0c0af6f9e272a906ef88d1333060a12bccfe63a03ca43d3f90c,2019-05,Lancashire Constabulary,Lancashire Constabulary,-2.241625,53.789814,On or near Parking Area,E01024877,Burnley 003D,Violence and sexual offences,Unable to prosecute suspect,
34891d0ce2cb2fe213eb3c7c18217811887ef00e5c80c9ebd7587c548dbe7aee,2019-05,Lancashire Constabulary,Lancashire Constabulary,-2.246892,53.789714,On or near St James'S Street,E01024877,Burnley 003D,Violence and sexual offences,Status update unavailable,
09f578a27632e7b5e9fde03b5a33042acc42d00f21951c91295be99086898199,2019-05,Lancashire Constabulary,Lancashire Constabulary,-2.241433,53.787999,On or near Red Lion Street,E01024877,Burnley 003D,Violence and sexual offences,Status update unavailable,
8d2f2734d56699c2f2d9c0ed40894bd010d64680d7172509ed2c37bbb3c839a3,2019-05,Lancashire Constabulary,Lancashire Constabulary,-2.246892,53.789714,On or near St James'S Street,E01024877,Burnley 003D,Violence and sexual offences,Status update unavailable,
b7a8f5326078943c2e9cd9b00a421d7dde401d9c0e6fe5c95b6006b1e3344430,2019-05,Lancashire Constabulary,Lancashire Constabulary,-2.242802,53.796427,On or near Cronkshaw Street,E01024877,Burnley 003D,Violence and sexual offences,Status update unavailable,
15457db5cfb2c776769e6722f5ea8820b80cd1e6863bcc4caecb069859d32c12,2019-05,Lancashire Constabulary,Lancashire Constabulary,-2.242802,53.796427,On or near Cronkshaw Street,E01024877,Burnley 003D,Violence and sexual offences,Status update unavailable,
7e6c49ed67ef6031c20cffb6e76dcb9d3d5d8e34e3206e1dbfbf6a9d0c24bfee,2019-05,Lancashire Constabulary,Lancashire Constabulary,-2.242802,53.796427,On or near Cronkshaw Street,E01024877,Burnley 003D,Violence and sexual offences,Status update unavailable,
66ed8ddaabeba37aec260ef7cc4871b2098efd4e45d9d5c1c71e5e5e87d05665,2019-05,Lancashire Constabulary,Lancashire Constabulary,-2.245907,53.789985,On or near Nightclub,E01024877,Burnley 003D,Violence and sexual offences,Unable to prosecute suspect,
2be03b4ea19d0cf402857c5e51e48e3dd53297101c8f0f4f8c307aeae010d4e7,2019-05,Lancashire Constabulary,Lancashire Constabulary,-2.243077,53.796741,On or near Dane Street,E01024877,Burnley 003D,Violence and sexual offences,Unable to prosecute suspect,
33ee76eb5f7b6699461faceaeb74edf30eda3d29beaa15e33f7ecadcd4a71ffb,2019-05,Lancashire Constabulary,Lancashire Constabulary,-2.244188,53.786789,On or near Saunder Bank,E01024877,Burnley 003D,Violence and sexual offences,Status update unavailable,
316bb2e7beba43e6f3253d76db08c800dd2cf4cb67c0af386ef9569f8a96f359,2019-05,Lancashire Constabulary,Lancashire Constabulary,-2.243077,53.796741,On or near Dane Street,E01024877,Burnley 003D,Violence and sexual offences,Unable to prosecute suspect,
f18676b564dc80ea57ec711f4fe71ed0aae7716565013d28ae7db6f6c348e344,2019-05,Lancashire Constabulary,Lancashire Constabulary,-2.243194,53.790656,On or near Bankfield,E01024877,Burnley 003D,Violence and sexual offences,Status update unavailable,
cc58839ba9bed96339cb4e058bb385f256c3196a5b542fe944d2f4841faaab2a,2019-05,Lancashire Constabulary,Lancashire Constabulary,-2.243077,53.796741,On or near Dane Street,E01024877,Burnley 003D,Violence and sexual offences,Unable to prosecute suspect,
02a1b3ffc4be7f5bbb6b97bd2a1e229ec3e4bd1b58259d42509ae6a41aa3848f,2019-05,Lancashire Constabulary,Lancashire Constabulary,-2.240834,53.789465,On or near Hall Street,E01024877,Burnley 003D,Violence and sexual offences,Formal action is not in the public interest,
5ead1baa4d31f6de8d6e14ad118fcd4e3b524b0aecd35123e6909a0abbfe0ec2,2019-05,Lancashire Constabulary,Lancashire Constabulary,-2.247004,53.795888,On or near Belgrave Street,E01024877,Burnley 003D,Violence and sexual offences,Awaiting court outcome,
c8385e7897ac1570961de0c74a08620d492ca5bc5b5214e2517ac2be9f84bcb2,2019-05,Lancashire Constabulary,Lancashire Constabulary,-2.246892,53.789714,On or near St James'S Street,E01024877,Burnley 003D,Violence and sexual offences,Status update unavailable,
de255627e8ee34dac499fd5d5ff9c9c40eebf426fc6dd43bad7b6027192dd420,2019-05,Lancashire Constabulary,Lancashire Constabulary,-2.243638,53.788732,On or near Bull Street,E01024877,Burnley 003D,Violence and sexual offences,Status update unavailable,
fdbb9b5a35d7f68f36861c52067c39eeb364b44289f186d88e2757db07b1d671,2019-05,Lancashire Constabulary,Lancashire Constabulary,-2.246892,53.789714,On or near St James'S Street,E01024877,Burnley 003D,Violence and sexual offences,Status update unavailable,
c89b524ed21e547ebfcda8b1d8fc7e9347c7f357e0c8fc902ac65d77d2d2847c,2019-05,Lancashire Constabulary,Lancashire Constabulary,-2.240712,53.786679,On or near Centenary Way,E01024877,Burnley 003D,Violence and sexual offences,Status update unavailable,
5f2eb359231f07e07482b7a1ae0508d70d8c6d0454dfa8086cd889fc4f78ca55,2019-05,Lancashire Constabulary,Lancashire Constabulary,-2.241433,53.787999,On or near Red Lion Street,E01024877,Burnley 003D,Violence and sexual offences,Status update unavailable,
41c75ce84e8686620662aafa5800bc9155708727f7db64368d744850e901f0ce,2019-05,Lancashire Constabulary,Lancashire Constabulary,-2.242932,53.787385,On or near Thomas Street,E01024877,Burnley 003D,Violence and sexual offences,Unable to prosecute suspect,
990ea0c59e6608102d8c77aed655f9006fb5609286902c3cd1c1c8030840bcf0,2019-05,Lancashire Constabulary,Lancashire Constabulary,-2.242802,53.796427,On or near Cronkshaw Street,E01024877,Burnley 003D,Violence and sexual offences,Status update unavailable,
b52ef84d038652d20b0181535eb4021dc055c02a16af0755ae2b066c540e7c50,2019-05,Lancashire Constabulary,Lancashire Constabulary,-2.240085,53.788496,On or near Croft Street,E01024877,Burnley 003D,Violence and sexual offences,Status update unavailable,
65a5988b5dde942ac22fca63951d4267afca8969998789ed4221e1b582c48fec,2019-05,Lancashire Constabulary,Lancashire Constabulary,-2.239348,53.789702,On or near Keirby Walk,E01024877,Burnley 003D,Violence and sexual offences,Status update unavailable,
3547793ef30a4e0bd7c4a3325785e6665cb285494485b03d747f8fab4faa803d,2019-05,Lancashire Constabulary,Lancashire Constabulary,-2.246475,53.788519,On or near Holden Street,E01024877,Burnley 003D,Violence and sexual offences,Status update unavailable,
309af1127b5120e42b9696ad81f46c073cd3c8463afaa1f5708784bcc725dec0,2019-05,Lancashire Constabulary,Lancashire Constabulary,-2.240712,53.786679,On or near Centenary Way,E01024877,Burnley 003D,Violence and sexual offences,Unable to prosecute suspect,
8515953fbd2a230265c857c39b02c01ec13a385f3cfa40ed68995850169aae19,2019-05,Lancashire Constabulary,Lancashire Constabulary,-2.241877,53.807089,On or near Further/Higher Educational Building,E01024878,Burnley 003E,Drugs,Status update unavailable,
f8b9d9388220f12552b88640cf514737d9ab20657dc42056b17a780552b7914b,2019-05,Lancashire Constabulary,Lancashire Constabulary,-2.246696,53.797659,On or near Cromwell Street,E01024878,Burnley 003E,Drugs,Awaiting court outcome,
7d9f32327ef29d4597f333d6da1cbf6d73292e2fd3e721eab2f85392b8d129cd,2019-05,Lancashire Constabulary,Lancashire Constabulary,-2.246696,53.797659,On or near Cromwell Street,E01024878,Burnley 003E,Violence and sexual offences,Unable to prosecute suspect,
d35085a8a03a5190585a05cf260fb3aba3a5913c860d4211277e4944ccefc90c,2019-05,Lancashire Constabulary,Lancashire Constabulary,-2.249607,53.797078,On or near Hubie Street,E01024878,Burnley 003E,Violence and sexual offences,Unable to prosecute suspect,
75b3932513496405c4f1c4b145a013db36e50f6cc2aa98b5e5fbb9f4b955558f,2019-05,Lancashire Constabulary,Lancashire Constabulary,-2.246696,53.797659,On or near Cromwell Street,E01024878,Burnley 003E,Other crime,Status update unavailable,
,2019-05,Lancashire Constabulary,Lancashire Constabulary,-2.232920,53.804823,On or near Furness Street,E01024895,Burnley 003F,Anti-social behaviour,,
,2019-05,Lancashire Constabulary,Lancashire Constabulary,-2.234397,53.802762,On or near St Andrew'S Street,E01024895,Burnley 003F,Anti-social behaviour,,
,2019-05,Lancashire Constabulary,Lancashire Constabulary,-2.236096,53.805312,On or near Cardinal Street,E01024895,Burnley 003F,Anti-social behaviour,,
,2019-05,Lancashire Constabulary,Lancashire Constabulary,-2.231382,53.804098,On or near Green Street,E01024895,Burnley 003F,Anti-social behaviour,,
,2019-05,Lancashire Constabulary,Lancashire Constabulary,-2.236920,53.805957,On or near Godiva Street,E01024895,Burnley 003F,Anti-social behaviour,,
,2019-05,Lancashire Constabulary,Lancashire Constabulary,-2.231567,53.804512,On or near Mark Street,E01024895,Burnley 003F,Anti-social behaviour,,
,2019-05,Lancashire Constabulary,Lancashire Constabulary,-2.232920,53.804823,On or near Furness Street,E01024895,Burnley 003F,Anti-social behaviour,,
,2019-05,Lancashire Constabulary,Lancashire Constabulary,-2.234863,53.804802,On or near Waterbarn Street,E01024895,Burnley 003F,Anti-social behaviour,,
,2019-05,Lancashire Constabulary,Lancashire Constabulary,-2.234397,53.802762,On or near St Andrew'S Street,E01024895,Burnley 003F,Anti-social behaviour,,
,2019-05,Lancashire Constabulary,Lancashire Constabulary,-2.234547,53.802501,On or near Heap Street,E01024895,Burnley 003F,Anti-social behaviour,,
,2019-05,Lancashire Constabulary,Lancashire Constabulary,-2.233301,53.805074,On or near Steer Street,E01024895,Burnley 003F,Anti-social behaviour,,
,2019-05,Lancashire Constabulary,Lancashire Constabulary,-2.231644,53.804772,On or near Renshaw Street,E01024895,Burnley 003F,Anti-social behaviour,,
,2019-05,Lancashire Constabulary,Lancashire Constabulary,-2.235588,53.804108,On or near Newman Street,E01024895,Burnley 003F,Anti-social behaviour,,
27820ea7eca5a1085feebf48dbc2f36555e598ff2b943472c02f306817a4db95,2019-05,Lancashire Constabulary,Lancashire Constabulary,-2.236096,53.805312,On or near Cardinal Street,E01024895,Burnley 003F,Bicycle theft,Status update unavailable,
bdde9409dc33e283f9eb2c41a61b8b4c4d698381f971d29553cc469fbe513996,2019-05,Lancashire Constabulary,Lancashire Constabulary,-2.232920,53.804823,On or near Furness Street,E01024895,Burnley 003F,Burglary,Status update unavailable,
814a02271d0188cf0ec03c2585082196672c76637df84d4a17b2325977089574,2019-05,Lancashire Constabulary,Lancashire Constabulary,-2.234863,53.804802,On or near Waterbarn Street,E01024895,Burnley 003F,Burglary,Status update unavailable,
50b84c26157b35b0c56d4ed8dd4a9e734a8114d3db5826516ba8d3bf5342c0a6,2019-05,Lancashire Constabulary,Lancashire Constabulary,-2.231753,53.805239,On or near Bracewell Street,E01024895,Burnley 003F,Burglary,Status update unavailable,
221a13eefbc49b3a78db1ce619ed78614ea065f0e57e4fe1999f3c2ba38092e9,2019-05,Lancashire Constabulary,Lancashire Constabulary,-2.232920,53.804823,On or near Furness Street,E01024895,Burnley 003F,Criminal damage and arson,Unable to prosecute suspect,
ed143d9b4c85ff55cfb407c52c26175a9abb29fd50f0ba3c7a5a0a2b4a872a28,2019-05,Lancashire Constabulary,Lancashire Constabulary,-2.233047,53.803107,On or near Edmund Street,E01024895,Burnley 003F,Criminal damage and arson,Status update unavailable,
5ef63e8c31f1cfb274bcf1146a989389e97969c3e0f7ccda5c8e36f4d949613a,2019-05,Lancashire Constabulary,Lancashire Constabulary,-2.235588,53.804108,On or near Newman Street,E01024895,Burnley 003F,Criminal damage and arson,Status update unavailable,
3ff92ed2f840b6bd44f0d324133ce42b7b273e7b3318a62bcaff55d6c963ef2d,2019-05,Lancashire Constabulary,Lancashire Constabulary,-2.232227,53.803000,On or near Briercliffe Road,E01024895,Burnley 003F,Other theft,Status update unavailable,
d727723fe4da1e59a18084b6c7538a405d5ce00c81d9d24f03d638ef6195d46c,2019-05,Lancashire Constabulary,Lancashire Constabulary,-2.231567,53.804512,On or near Mark Street,E01024895,Burnley 003F,Other theft,Status update unavailable,
479b0f9918785ad70949834f0f36d989b43d4a7fb1fa7abf2f0d8c3eb6d66087,2019-05,Lancashire Constabulary,Lancashire Constabulary,-2.234397,53.802762,On or near St Andrew'S Street,E01024895,Burnley 003F,Public order,Status update unavailable,
6e5a9295c3d42aaa966b9c8e7ab6c30fafbf115cb9445a266d8c4ed9d3313f2b,2019-05,Lancashire Constabulary,Lancashire Constabulary,-2.234397,53.802762,On or near St Andrew'S Street,E01024895,Burnley 003F,Public order,Status update unavailable,
9586ecb5ef4c66fa20ae15d9d6ae68cbef7a49c29e910fa65d71d03a62684672,2019-05,Lancashire Constabulary,Lancashire Constabulary,-2.233047,53.803107,On or near Edmund Street,E01024895,Burnley 003F,Public order,Status update unavailable,
c6ac9c1406f3671d48a64d05299901d954f30c1352cff9edd5047bb9ca3344f1,2019-05,Lancashire Constabulary,Lancashire Constabulary,-2.233047,53.803107,On or near Edmund Street,E01024895,Burnley 003F,Public order,Status update unavailable,
129422fe6770e3c3872557bce0a03981367d9b939b53f0068542b388f4e4ec9f,2019-05,Lancashire Constabulary,Lancashire Constabulary,-2.233867,53.803051,On or near Rylands Street,E01024895,Burnley 003F,Public order,Unable to prosecute suspect,
c06ed35649c7b59f17d065ecd0b716a97cf44138274b700974862fe5814b17f6,2019-05,Lancashire Constabulary,Lancashire Constabulary,-2.234397,53.802762,On or near St Andrew'S Street,E01024895,Burnley 003F,Shoplifting,Status update unavailable,
ae7fae18a5bdbb2f2823a54f675287accc70accee156a7da8142b513fc514bad,2019-05,Lancashire Constabulary,Lancashire Constabulary,-2.233047,53.803107,On or near Edmund Street,E01024895,Burnley 003F,Shoplifting,Awaiting court outcome,
13b4ec6cc35ae3fcdb3a9651f26541688938c62410f887bafead55c45f46fcb7,2019-05,Lancashire Constabulary,Lancashire Constabulary,-2.234397,53.802762,On or near St Andrew'S Street,E01024895,Burnley 003F,Shoplifting,Status update unavailable,
36d82a85c478185cf1afc09677b71146286ce0f94374cef60e2c5db2865cc819,2019-05,Lancashire Constabulary,Lancashire Constabulary,-2.234397,53.802762,On or near St Andrew'S Street,E01024895,Burnley 003F,Shoplifting,Status update unavailable,
5b85499011dd077cdb8645e168122ff69d4b5a37eb035c0d75c24c1d8fd39689,2019-05,Lancashire Constabulary,Lancashire Constabulary,-2.234397,53.802762,On or near St Andrew'S Street,E01024895,Burnley 003F,Shoplifting,Status update unavailable,
18f4273c415b28e47d2b9e539d58cb3f0f8428da9a7201e21d94852905a9a441,2019-05,Lancashire Constabulary,Lancashire Constabulary,-2.234863,53.804802,On or near Waterbarn Street,E01024895,Burnley 003F,Violence and sexual offences,Unable to prosecute suspect,
2a980f986d98a8b45db2450799e0db13a6be09df391f5fa4b9311a2037049fc3,2019-05,Lancashire Constabulary,Lancashire Constabulary,-2.231644,53.804772,On or near Renshaw Street,E01024895,Burnley 003F,Violence and sexual offences,Unable to prosecute suspect,
7b1a68bc52c61fb75fd945a2a37dd01c144e4d49ae18ba5d9eb13458c3fb6dcc,2019-05,Lancashire Constabulary,Lancashire Constabulary,-2.236057,53.806489,On or near Pratt Street,E01024895,Burnley 003F,Violence and sexual offences,Offender given community sentence,
01b0c1a44d0bdc8b5e86982df27892c086a4ab92219d0407db93fb1e7ec02649,2019-05,Lancashire Constabulary,Lancashire Constabulary,-2.236096,53.805312,On or near Cardinal Street,E01024895,Burnley 003F,Violence and sexual offences,Unable to prosecute suspect,
95b1423baffef7466122f7fb67e93cc954170005b4be374fe05822a8343eca7e,2019-05,Lancashire Constabulary,Lancashire Constabulary,-2.235588,53.804108,On or near Newman Street,E01024895,Burnley 003F,Violence and sexual offences,Unable to prosecute suspect,
26c7ee81c1e428e537b328e32680a5442ca6f1870158152e39f5dfbb6f8a0c55,2019-05,Lancashire Constabulary,Lancashire Constabulary,-2.236057,53.806489,On or near Pratt Street,E01024895,Burnley 003F,Violence and sexual offences,Awaiting court outcome,
b3f8eebaa5a7a08fd55a914478548c51a793a3419aa4f4c9a4bfc98a5e20935b,2019-05,Lancashire Constabulary,Lancashire Constabulary,-2.234863,53.804802,On or near Waterbarn Street,E01024895,Burnley 003F,Violence and sexual offences,Unable to prosecute suspect,
29fa0920a8ebe20e7cf29789c8afd2a64508fdddab23a4b75d97134d2813faff,2019-05,Lancashire Constabulary,Lancashire Constabulary,-2.234863,53.804802,On or near Waterbarn Street,E01024895,Burnley 003F,Violence and sexual offences,Status update unavailable,
ca5cef187890a2f6aa0e348407cc71c0501604d4c402fe60a62099c123ebf925,2019-05,Lancashire Constabulary,Lancashire Constabulary,-2.231567,53.804512,On or near Mark Street,E01024895,Burnley 003F,Violence and sexual offences,Unable to prosecute suspect,
a1e24cdcd952ee9514481a8b86b2f0223f8c2a01ea7ccb005b188f735c89a500,2019-05,Lancashire Constabulary,Lancashire Constabulary,-2.234863,53.804802,On or near Waterbarn Street,E01024895,Burnley 003F,Violence and sexual offences,Status update unavailable,
110ecbc836eaf86c6063cd558d30df4258f19727767aeec3646418d92829a5c3,2019-05,Lancashire Constabulary,Lancashire Constabulary,-2.235588,53.804108,On or near Newman Street,E01024895,Burnley 003F,Violence and sexual offences,Unable to prosecute suspect,
5c22baf426803689ea23dd76e49b981dfe3751d9f8937d9cf7d2271bc069becd,2019-05,Lancashire Constabulary,Lancashire Constabulary,-2.234184,53.802763,On or near Ford Street,E01024895,Burnley 003F,Violence and sexual offences,Unable to prosecute suspect,
194f38388d35a1e2d7851582980a900fd629a95576b2b1cd6066300f522aa371,2019-05,Lancashire Constabulary,Lancashire Constabulary,-2.231567,53.804512,On or near Mark Street,E01024895,Burnley 003F,Violence and sexual offences,Unable to prosecute suspect,
f638dd723785339a44edc955d62d2a812f9573b3ef97b792c38bb8d3fcaa49b8,2019-05,Lancashire Constabulary,Lancashire Constabulary,-2.233867,53.803051,On or near Rylands Street,E01024895,Burnley 003F,Violence and sexual offences,Status update unavailable,
,2019-05,Lancashire Constabulary,Lancashire Constabulary,-2.314222,53.805564,On or near Hargrove Avenue,E01024883,Burnley 004A,Anti-social behaviour,,
,2019-05,Lancashire Constabulary,Lancashire Constabulary,-2.314879,53.806110,On or near Grasmere Avenue,E01024883,Burnley 004A,Anti-social behaviour,,
d158a8a1aac35b0e0866a5fa866a016cbb5db9c59ad90105def40bf6e896e45a,2019-05,Lancashire Constabulary,Lancashire Constabulary,-2.315266,53.802990,On or near Barbon Street,E01024883,Burnley 004A,Criminal damage and arson,Status update unavailable,
1b28d51a43182c497175c9b7a20e22342a0a10645ef9147e5849ffc5f3b919fe,2019-05,Lancashire Constabulary,Lancashire Constabulary,-2.314222,53.805564,On or near Hargrove Avenue,E01024883,Burnley 004A,Public order,Status update unavailable,
d084f9ce1d192186718106f3e998f7f4a090404eb2b72f804854fb87f426a784,2019-05,Lancashire Constabulary,Lancashire Constabulary,-2.315814,53.807186,On or near Derwent Avenue,E01024883,Burnley 004A,Vehicle crime,Status update unavailable,
4503e49079ff3ecd6f46794d40bbca3cf550848e94d7ffb7d9832f41474cf72d,2019-05,Lancashire Constabulary,Lancashire Constabulary,-2.313685,53.806832,On or near Coniston Avenue,E01024883,Burnley 004A,Vehicle crime,Status update unavailable,
5a4e44fd36b47bbedd96129463bf31276231c8f57ec52eec8964da13be1013b9,2019-05,Lancashire Constabulary,Lancashire Constabulary,-2.314222,53.805564,On or near Hargrove Avenue,E01024883,Burnley 004A,Violence and sexual offences,Status update unavailable,
334079161aae3ba114ad9e93ba67261c2537b675fac06e089db07a1e4042b9f6,2019-05,Lancashire Constabulary,Lancashire Constabulary,-2.314879,53.806110,On or near Grasmere Avenue,E01024883,Burnley 004A,Violence and sexual offences,Unable to prosecute suspect,
,2019-05,Lancashire Constabulary,Lancashire Constabulary,-2.303469,53.794734,On or near Whitegate Close,E01024884,Burnley 004B,Anti-social behaviour,,
,2019-05,Lancashire Constabulary,Lancashire Constabulary,-2.298438,53.795942,On or near Petrol Station,E01024884,Burnley 004B,Anti-social behaviour,,
,2019-05,Lancashire Constabulary,Lancashire Constabulary,-2.303469,53.794734,On or near Whitegate Close,E01024884,Burnley 004B,Anti-social behaviour,,
,2019-05,Lancashire Constabulary,Lancashire Constabulary,-2.296796,53.795685,On or near Lytton Street,E01024884,Burnley 004B,Anti-social behaviour,,
4322f5a16e9761b959ab7f0ad375e7cc9550764844fcb424b767907d1608a8c2,2019-05,Lancashire Constabulary,Lancashire Constabulary,-2.303469,53.794734,On or near Whitegate Close,E01024884,Burnley 004B,Burglary,Status update unavailable,
c4ca1f3192ddd1d0174db943947081831edb0d2fcfd9aab3121087306b591574,2019-05,Lancashire Constabulary,Lancashire Constabulary,-2.303469,53.794734,On or near Whitegate Close,E01024884,Burnley 004B,Criminal damage and arson,Awaiting court outcome,
a1c0f4e39ae6b21ab3dc0d64fa1b6832768455b73d910b2e5bd69a51badf228f,2019-05,Lancashire Constabulary,Lancashire Constabulary,-2.305969,53.796157,On or near Herbert Street,E01024884,Burnley 004B,Other theft,Unable to prosecute suspect,
28a290823201ec2ee60a665536f6cdb81733548728dbd658d02fafe086507ba8,2019-05,Lancashire Constabulary,Lancashire Constabulary,-2.303469,53.794734,On or near Whitegate Close,E01024884,Burnley 004B,Public order,Status update unavailable,
fad3fada650dda34ac4f1a8f051d675b75cb4ab49f5ffce9e06128cce2be17b2,2019-05,Lancashire Constabulary,Lancashire Constabulary,-2.300225,53.795353,On or near Kingsley Avenue,E01024884,Burnley 004B,Vehicle crime,Status update unavailable,
378005344bea6cfffaec2c13b4d18afd602ebfb24e9a5922eb196a3f23686748,2019-05,Lancashire Constabulary,Lancashire Constabulary,-2.303469,53.794734,On or near Whitegate Close,E01024884,Burnley 004B,Violence and sexual offences,Status update unavailable,
b58f712471c6f82268411a820bf9be0be59d663eaad312ca8a68cdc7a525e75c,2019-05,Lancashire Constabulary,Lancashire Constabulary,-2.298438,53.795942,On or near Petrol Station,E01024884,Burnley 004B,Violence and sexual offences,Status update unavailable,
1f40f70520f283ab1abb103e13b97d7d19ca195ba952a3353b9606be8dc81406,2019-05,Lancashire Constabulary,Lancashire Constabulary,-2.303469,53.794734,On or near Whitegate Close,E01024884,Burnley 004B,Violence and sexual offences,Unable to prosecute suspect,
1be5b6624dd9b496768046e7ebee3cb6b05181518bd26802f8dbc7cca37fd8c8,2019-05,Lancashire Constabulary,Lancashire Constabulary,-2.302418,53.796309,On or near Ruskin Avenue,E01024884,Burnley 004B,Violence and sexual offences,Unable to prosecute suspect,
ecae4f67fe6ec7cab11ae22b5ed04d3fb9ad57359c142ed6736f0d9eefd76fa3,2019-05,Lancashire Constabulary,Lancashire Constabulary,-2.302418,53.796309,On or near Ruskin Avenue,E01024884,Burnley 004B,Violence and sexual offences,Status update unavailable,
6ce023f8a36c4cb77e1b96cbca81b421c0c2834a0470e8098cf65e721fff3827,2019-05,Lancashire Constabulary,Lancashire Constabulary,-2.298438,53.795942,On or near Petrol Station,E01024884,Burnley 004B,Violence and sexual offences,Status update unavailable,
93702eed5be3711a069731a378af0b65dfddc6c626d0a93360340d124022dd5b,2019-05,Lancashire Constabulary,Lancashire Constabulary,-2.298438,53.795942,On or near Petrol Station,E01024884,Burnley 004B,Violence and sexual offences,Status update unavailable,
f7eac019243dea008e4277eb1160752560764a74bab5a1195d75830ea4c3fa3b,2019-05,Lancashire Constabulary,Lancashire Constabulary,-2.298438,53.795942,On or near Petrol Station,E01024884,Burnley 004B,Violence and sexual offences,Local resolution,
1b976151ba9b42a08bdd3e8f1228aa49e3006d355d357bd2a1d5c79e664f63f3,2019-05,Lancashire Constabulary,Lancashire Constabulary,-2.302418,53.796309,On or near Ruskin Avenue,E01024884,Burnley 004B,Violence and sexual offences,Unable to prosecute suspect,
93801177783f172753e91d6fd0d10a2298554ff3e2c1d4566b7ed8c77e6c0ea8,2019-05,Lancashire Constabulary,Lancashire Constabulary,-2.305598,53.799348,On or near Valley Drive,E01024884,Burnley 004B,Violence and sexual offences,Unable to prosecute suspect,
,2019-05,Lancashire Constabulary,Lancashire Constabulary,-2.312375,53.800113,On or near Tattersall Street,E01024885,Burnley 004C,Anti-social behaviour,,
,2019-05,Lancashire Constabulary,Lancashire Constabulary,-2.315344,53.799305,On or near Carrwood Green,E01024885,Burnley 004C,Anti-social behaviour,,
,2019-05,Lancashire Constabulary,Lancashire Constabulary,-2.309985,53.801359,On or near Wyre Street,E01024885,Burnley 004C,Anti-social behaviour,,
,2019-05,Lancashire Constabulary,Lancashire Constabulary,-2.315344,53.799305,On or near Carrwood Green,E01024885,Burnley 004C,Anti-social behaviour,,
,2019-05,Lancashire Constabulary,Lancashire Constabulary,-2.313679,53.802015,On or near Ightenhill Street,E01024885,Burnley 004C,Anti-social behaviour,,
,2019-05,Lancashire Constabulary,Lancashire Constabulary,-2.309985,53.801359,On or near Wyre Street,E01024885,Burnley 004C,Anti-social behaviour,,
,2019-05,Lancashire Constabulary,Lancashire Constabulary,-2.312696,53.800462,On or near Morley Street,E01024885,Burnley 004C,Anti-social behaviour,,
,2019-05,Lancashire Constabulary,Lancashire Constabulary,-2.311430,53.797617,On or near Hope Street,E01024885,Burnley 004C,Anti-social behaviour,,
,2019-05,Lancashire Constabulary,Lancashire Constabulary,-2.309734,53.796192,On or near Palmerston Street,E01024885,Burnley 004C,Anti-social behaviour,,
,2019-05,Lancashire Constabulary,Lancashire Constabulary,-2.309039,53.794576,On or near Wytham Street,E01024885,Burnley 004C,Anti-social behaviour,,
,2019-05,Lancashire Constabulary,Lancashire Constabulary,-2.313003,53.800938,On or near Supermarket,E01024885,Burnley 004C,Anti-social behaviour,,
,2019-05,Lancashire Constabulary,Lancashire Constabulary,-2.309734,53.796192,On or near Palmerston Street,E01024885,Burnley 004C,Anti-social behaviour,,
8df75d55b2619b820d93c92916dbb0d506f45715453274a07124d346f6950c30,2019-05,Lancashire Constabulary,Lancashire Constabulary,-2.309765,53.802447,On or near Ingham Street,E01024885,Burnley 004C,Burglary,Unable to prosecute suspect,
7f3aa348616183b85b85f4530d239edfaa2b92944d030ed06f975ddcca58aba6,2019-05,Lancashire Constabulary,Lancashire Constabulary,-2.311118,53.798480,On or near Altham Street,E01024885,Burnley 004C,Criminal damage and arson,Status update unavailable,
257388cb5870c90e8a4027854274ab2151c3529dcfab56dde5d2b59a4c12b5d8,2019-05,Lancashire Constabulary,Lancashire Constabulary,-2.309944,53.801980,On or near Cobden Street,E01024885,Burnley 004C,Criminal damage and arson,Status update unavailable,
17c6a2d4efa416e88e8daf02da534afc467f7d9e329b00bafef1e48928f2c0fc,2019-05,Lancashire Constabulary,Lancashire Constabulary,-2.315173,53.802775,On or near John O'Gaunt Street,E01024885,Burnley 004C,Other theft,Status update unavailable,
9e681c6e6195ac27899f35f5e49dcb059586ee58c84613b167beaed2eadf8db8,2019-05,Lancashire Constabulary,Lancashire Constabulary,-2.309236,53.802664,On or near Lawrence Street,E01024885,Burnley 004C,Other theft,Status update unavailable,
04e9eb395926cc3b3734083e2e28ca0649ccb5de3ccdb8425b7e54e515340767,2019-05,Lancashire Constabulary,Lancashire Constabulary,-2.309039,53.794576,On or near Wytham Street,E01024885,Burnley 004C,Public order,Further investigation is not in the public interest,
301c6b14a3fabfcf012c6c8bcdedd97f9d54af1ba07905bb728dd7090f78adaa,2019-05,Lancashire Constabulary,Lancashire Constabulary,-2.309985,53.801359,On or near Wyre Street,E01024885,Burnley 004C,Shoplifting,Status update unavailable,
3598dc49b42253fd7df213440bb5c8f23e322664203d232e676dc59232971b34,2019-05,Lancashire Constabulary,Lancashire Constabulary,-2.309985,53.801359,On or near Wyre Street,E01024885,Burnley 004C,Shoplifting,Status update unavailable,
72f0cd38aab474401f946ecee09787bbf95f5c40b35a1e61c78ecd08e2929de0,2019-05,Lancashire Constabulary,Lancashire Constabulary,-2.309149,53.799132,On or near Spa Street,E01024885,Burnley 004C,Shoplifting,Unable to prosecute suspect,
aea323d3cb71493895adfe990466dea898834e257bc632d2149d5f1d65aae762,2019-05,Lancashire Constabulary,Lancashire Constabulary,-2.312696,53.800462,On or near Morley Street,E01024885,Burnley 004C,Shoplifting,Status update unavailable,
9282fd0bb140280d96cd301921c410476e2edda96ec9179782281acabaef132e,2019-05,Lancashire Constabulary,Lancashire Constabulary,-2.309149,53.799132,On or near Spa Street,E01024885,Burnley 004C,Shoplifting,Status update unavailable,
a9ae5f57a9fe85a0f3d7824272ee4e2dbb2d47ef0b7eebea6d4bf4e7da9d0e72,2019-05,Lancashire Constabulary,Lancashire Constabulary,-2.313768,53.801619,On or near Eccleshill Street,E01024885,Burnley 004C,Shoplifting,Status update unavailable,
e13545e4805874bcf6ff43bfadd04e2de783a53e9fa5f543bf6511e02886adf5,2019-05,Lancashire Constabulary,Lancashire Constabulary,-2.309985,53.801359,On or near Wyre Street,E01024885,Burnley 004C,Vehicle crime,Unable to prosecute suspect,
330d1786e2ffe9409dc15ec264258d1b64bcf7197fcf585a45fc5056f43bfa1d,2019-05,Lancashire Constabulary,Lancashire Constabulary,-2.309734,53.796192,On or near Palmerston Street,E01024885,Burnley 004C,Vehicle crime,Status update unavailable,
178f770f4c9be6fbc6e37f3a2662c875fd45e7eebe08c09e97b653b45508cf48,2019-05,Lancashire Constabulary,Lancashire Constabulary,-2.309985,53.801359,On or near Wyre Street,E01024885,Burnley 004C,Vehicle crime,Status update unavailable,
82a0556bbc4788df965f5d7bab50799ac74ec8ff76a0c8bbadc4e2768d5a1cae,2019-05,Lancashire Constabulary,Lancashire Constabulary,-2.316184,53.799959,On or near Park View,E01024885,Burnley 004C,Violence and sexual offences,Unable to prosecute suspect,
57b7df2f71e909c9a27207793a2e09bfa9af58020bcb76d7e15879b1d16e8984,2019-05,Lancashire Constabulary,Lancashire Constabulary,-2.308718,53.794181,On or near Abingdon Road,E01024885,Burnley 004C,Violence and sexual offences,Status update unavailable,
5df5022eca2b8068f08b731d77a6b3e60f867889debb12f7391d426455a6e05a,2019-05,Lancashire Constabulary,Lancashire Constabulary,-2.309765,53.802447,On or near Ingham Street,E01024885,Burnley 004C,Violence and sexual offences,Unable to prosecute suspect,
26927ff42cc9882297b808242eaed45eb7b6593d167164b9858551241bf63487,2019-05,Lancashire Constabulary,Lancashire Constabulary,-2.311251,53.795981,On or near Inglewhite Fold,E01024885,Burnley 004C,Violence and sexual offences,Status update unavailable,
001f595290661e09e64327a06d83cfbc13dad4dd9a34c949162a1b60d40f436c,2019-05,Lancashire Constabulary,Lancashire Constabulary,-2.310463,53.802356,On or near Partridge Hill,E01024885,Burnley 004C,Violence and sexual offences,Status update unavailable,
27c226a37e1bf1044d0d03760fb525e65f79ae7dad6e4528c07e0ea868ffe51b,2019-05,Lancashire Constabulary,Lancashire Constabulary,-2.309418,53.798610,On or near Parking Area,E01024885,Burnley 004C,Violence and sexual offences,Status update unavailable,
4ba40cc94d990c40ef4f14d471364c47ed62a0a463a878beec8c5de3f70504ba,2019-05,Lancashire Constabulary,Lancashire Constabulary,-2.309149,53.799132,On or near Spa Street,E01024885,Burnley 004C,Violence and sexual offences,Unable to prosecute suspect,
511c2b346e97146cc9fb9ae56c9959a67d2016f63026d6985b562170d17f894f,2019-05,Lancashire Constabulary,Lancashire Constabulary,-2.309765,53.802447,On or near Ingham Street,E01024885,Burnley 004C,Violence and sexual offences,Status update unavailable,
d4762cac464b2da9417cb32995a20a460bb3d0aba1a5ff32b67fb263edc8a47e,2019-05,Lancashire Constabulary,Lancashire Constabulary,-2.314593,53.802318,On or near Factory Lane,E01024885,Burnley 004C,Violence and sexual offences,Awaiting court outcome,
e82ffe88a145db16291c21d07bd7727523c8d8873854f7fa1f547d0a36e1efd1,2019-05,Lancashire Constabulary,Lancashire Constabulary,-2.314875,53.799441,On or near Station Road,E01024885,Burnley 004C,Violence and sexual offences,Status update unavailable,
0bd8298451d281f99fb4bef030be3f943bc269f868f48bd85ae478536886d233,2019-05,Lancashire Constabulary,Lancashire Constabulary,-2.309944,53.801980,On or near Cobden Street,E01024885,Burnley 004C,Other crime,Unable to prosecute suspect,
,2019-05,Lancashire Constabulary,Lancashire Constabulary,-2.308409,53.797633,On or near Bright Street,E01024886,Burnley 004D,Anti-social behaviour,,
,2019-05,Lancashire Constabulary,Lancashire Constabulary,-2.308753,53.794900,On or near Brook Street,E01024886,Burnley 004D,Anti-social behaviour,,
,2019-05,Lancashire Constabulary,Lancashire Constabulary,-2.307000,53.796010,On or near Cardwell Street,E01024886,Burnley 004D,Anti-social behaviour,,
,2019-05,Lancashire Constabulary,Lancashire Constabulary,-2.308409,53.797633,On or near Bright Street,E01024886,Burnley 004D,Anti-social behaviour,,
,2019-05,Lancashire Constabulary,Lancashire Constabulary,-2.306048,53.794503,On or near Burns Street,E01024886,Burnley 004D,Anti-social behaviour,,
,2019-05,Lancashire Constabulary,Lancashire Constabulary,-2.304817,53.796420,On or near Milton Street,E01024886,Burnley 004D,Anti-social behaviour,,
,2019-05,Lancashire Constabulary,Lancashire Constabulary,-2.307000,53.796010,On or near Cardwell Street,E01024886,Burnley 004D,Anti-social behaviour,,
,2019-05,Lancashire Constabulary,Lancashire Constabulary,-2.306048,53.794503,On or near Burns Street,E01024886,Burnley 004D,Anti-social behaviour,,
,2019-05,Lancashire Constabulary,Lancashire Constabulary,-2.309892,53.796973,On or near Stockbridge Road,E01024886,Burnley 004D,Anti-social behaviour,,
,2019-05,Lancashire Constabulary,Lancashire Constabulary,-2.307585,53.797060,On or near Villiers Street,E01024886,Burnley 004D,Anti-social behaviour,,
,2019-05,Lancashire Constabulary,Lancashire Constabulary,-2.308409,53.797633,On or near Bright Street,E01024886,Burnley 004D,Anti-social behaviour,,
,2019-05,Lancashire Constabulary,Lancashire Constabulary,-2.308835,53.795700,On or near Hathaway Fold,E01024886,Burnley 004D,Anti-social behaviour,,
,2019-05,Lancashire Constabulary,Lancashire Constabulary,-2.309892,53.796973,On or near Stockbridge Road,E01024886,Burnley 004D,Anti-social behaviour,,
db4556f3f6ab012382ef7981160536df520f4cf816b06b96ca4e96b4b8a6c5d4,2019-05,Lancashire Constabulary,Lancashire Constabulary,-2.306493,53.797153,On or near Spenser Street,E01024886,Burnley 004D,Burglary,Status update unavailable,
93ac5acd1f2b33acfe0d9d04f36953669d924035913f04497c877172e8c1c04a,2019-05,Lancashire Constabulary,Lancashire Constabulary,-2.309892,53.796973,On or near Stockbridge Road,E01024886,Burnley 004D,Criminal damage and arson,Status update unavailable,
68d30067fa5fd01d3fd80ec3ff4ab795e3b29aec807d475d90e970132a4606db,2019-05,Lancashire Constabulary,Lancashire Constabulary,-2.309892,53.796973,On or near Stockbridge Road,E01024886,Burnley 004D,Criminal damage and arson,Investigation complete; no suspect identified,
3214225526672c6c0323697dd0518e307dd750c16c97ac1412a0eab0aa727a2b,2019-05,Lancashire Constabulary,Lancashire Constabulary,-2.307000,53.796010,On or near Cardwell Street,E01024886,Burnley 004D,Vehicle crime,Status update unavailable,
2086f0d8b3c783806a842bc59416fbd3bc1af87ed1d0d4347c27a1812b8a8210,2019-05,Lancashire Constabulary,Lancashire Constabulary,-2.308273,53.797697,On or near Peel Street,E01024886,Burnley 004D,Violence and sexual offences,Status update unavailable,
dd7213df0b58607cc43c582898410c28fdbea00394905794ef458b9c53d41a9d,2019-05,Lancashire Constabulary,Lancashire Constabulary,-2.309892,53.796973,On or near Stockbridge Road,E01024886,Burnley 004D,Violence and sexual offences,Status update unavailable,
baa0f593892020dc10b25c80a301f1d9538a11384cd6bbd28a4dc72175f69414,2019-05,Lancashire Constabulary,Lancashire Constabulary,-2.305006,53.797274,On or near Raleigh Street,E01024886,Burnley 004D,Violence and sexual offences,Status update unavailable,
bc85f97662f4aa7f0c8c4d6a06989b241b170bd84f673abd2cf19e4b699bf077,2019-05,Lancashire Constabulary,Lancashire Constabulary,-2.306493,53.797153,On or near Spenser Street,E01024886,Burnley 004D,Violence and sexual offences,Status update unavailable,
1853515864566e3fa5032c8180c93fdcf135349db0e26ac0aa4aa1a5c0840cfa,2019-05,Lancashire Constabulary,Lancashire Constabulary,-2.306493,53.797153,On or near Spenser Street,E01024886,Burnley 004D,Violence and sexual offences,Status update unavailable,
387773c20e4d3c5010e2a9a48031487ee20bf91a56a36ffa7d5313b5b41e1738,2019-05,Lancashire Constabulary,Lancashire Constabulary,-2.306048,53.794503,On or near Burns Street,E01024886,Burnley 004D,Violence and sexual offences,Unable to prosecute suspect,
,2019-05,Lancashire Constabulary,Lancashire Constabulary,-2.319204,53.801785,On or near Parish Street,E01024889,Burnley 004E,Anti-social behaviour,,
,2019-05,Lancashire Constabulary,Lancashire Constabulary,-2.317718,53.802004,On or near Church Street,E01024889,Burnley 004E,Anti-social behaviour,,
,2019-05,Lancashire Constabulary,Lancashire Constabulary,-2.316150,53.801505,On or near Calder Street,E01024889,Burnley 004E,Anti-social behaviour,,
63a698dbd0e3bb1cdf455032eb799a7a08bd4c96bb167df51e405315fa926eca,2019-05,Lancashire Constabulary,Lancashire Constabulary,-2.318205,53.802147,On or near North Street,E01024889,Burnley 004E,Burglary,Status update unavailable,
cea1f3a1c816b1fc4b90713ac48dd76c45333e2247f0586c6add894d87334e48,2019-05,Lancashire Constabulary,Lancashire Constabulary,-2.316150,53.801505,On or near Calder Street,E01024889,Burnley 004E,Criminal damage and arson,Status update unavailable,
7d07a18c4c2f732b1e83232d095168927a9f7b883b4b3f6cd05222ac3282aa02,2019-05,Lancashire Constabulary,Lancashire Constabulary,-2.317167,53.801358,On or near Dragon Street,E01024889,Burnley 004E,Criminal damage and arson,Investigation complete; no suspect identified,
8e71edcb8f9c1e340ad44166a593699d7ea8d3a96505b1ab5dccfc2a55963862,2019-05,Lancashire Constabulary,Lancashire Constabulary,-2.316454,53.801459,On or near Back Shuttleworth Street,E01024889,Burnley 004E,Criminal damage and arson,Offender given a caution,
8c69b61dc191e36eef67c216c2810f4ad18588bc13105821dc65382d61e7ab4a,2019-05,Lancashire Constabulary,Lancashire Constabulary,-2.316150,53.801505,On or near Calder Street,E01024889,Burnley 004E,Violence and sexual offences,Awaiting court outcome,
,2019-05,Lancashire Constabulary,Lancashire Constabulary,-2.307695,53.793411,On or near Dorset Avenue,E01024890,Burnley 004F,Anti-social behaviour,,
,2019-05,Lancashire Constabulary,Lancashire Constabulary,-2.306894,53.793862,On or near Beech Street,E01024890,Burnley 004F,Anti-social behaviour,,
,2019-05,Lancashire Constabulary,Lancashire Constabulary,-2.306894,53.793862,On or near Beech Street,E01024890,Burnley 004F,Anti-social behaviour,,
,2019-05,Lancashire Constabulary,Lancashire Constabulary,-2.315229,53.796115,On or near Cotton Street,E01024890,Burnley 004F,Anti-social behaviour,,
,2019-05,Lancashire Constabulary,Lancashire Constabulary,-2.313111,53.793028,On or near Regent Close,E01024890,Burnley 004F,Anti-social behaviour,,
,2019-05,Lancashire Constabulary,Lancashire Constabulary,-2.316387,53.796651,On or near Elizabeth Street,E01024890,Burnley 004F,Anti-social behaviour,,
f0fdaec7a9bff97ae41074cdac634836adc8416503af8b5964ea75e200ab513f,2019-05,Lancashire Constabulary,Lancashire Constabulary,-2.314449,53.793294,On or near St John'S Road,E01024890,Burnley 004F,Burglary,Status update unavailable,
177c21b36c3ed1ae30836e5ab287dd12709ac79a6cf3b3a0ed53f642150dc934,2019-05,Lancashire Constabulary,Lancashire Constabulary,-2.306894,53.793862,On or near Beech Street,E01024890,Burnley 004F,Burglary,Status update unavailable,
74005b527f92f77034c4120d27e023622bbe833bd1ec717916b6ff68a1503e3b,2019-05,Lancashire Constabulary,Lancashire Constabulary,-2.306894,53.793862,On or near Beech Street,E01024890,Burnley 004F,Burglary,Status update unavailable,
b0301a0a839c2f7de354721f43d463bdf3e0d07cb05e3486436e134585c6d2ab,2019-05,Lancashire Constabulary,Lancashire Constabulary,-2.306894,53.793862,On or near Beech Street,E01024890,Burnley 004F,Burglary,Status update unavailable,
0e68331f7bcdcc19b58ee4a49b61b7926ee716a0f7e74b8f1783e06c7fa8c935,2019-05,Lancashire Constabulary,Lancashire Constabulary,-2.306894,53.793862,On or near Beech Street,E01024890,Burnley 004F,Burglary,Status update unavailable,
d9556a2d2fcda79e39408f44668f20e3eaa6cbbbc0bf7d803bb02db7d93e9c52,2019-05,Lancashire Constabulary,Lancashire Constabulary,-2.308847,53.793228,On or near Cambridge Drive,E01024890,Burnley 004F,Criminal damage and arson,Unable to prosecute suspect,
cc341b49444a438b7f479b41fe114fb421331d6dd3198f88a75a133a8658036b,2019-05,Lancashire Constabulary,Lancashire Constabulary,-2.306894,53.793862,On or near Beech Street,E01024890,Burnley 004F,Criminal damage and arson,Status update unavailable,
a5fb312251214f12cd56d3a4865b579ad7b3cc35f3920f7ff7d6fe2c6343c7ac,2019-05,Lancashire Constabulary,Lancashire Constabulary,-2.316387,53.796651,On or near Elizabeth Street,E01024890,Burnley 004F,Other theft,Status update unavailable,
ab050478ba8aca76b0f15ca8315ace0a605a528b0a940c5a00f0317964b9f120,2019-05,Lancashire Constabulary,Lancashire Constabulary,-2.308847,53.793228,On or near Cambridge Drive,E01024890,Burnley 004F,Violence and sexual offences,Unable to prosecute suspect,
7b6553b4defbdd2ada99722a67d717c79e1bca773286124ea7c132de341ab37b,2019-05,Lancashire Constabulary,Lancashire Constabulary,-2.308847,53.793228,On or near Cambridge Drive,E01024890,Burnley 004F,Violence and sexual offences,Unable to prosecute suspect,
9b11f789bd9ac40494638fd3096aee5dc2babcc9ec35dbd21cab523224e123f0,2019-05,Lancashire Constabulary,Lancashire Constabulary,-2.306894,53.793862,On or near Beech Street,E01024890,Burnley 004F,Violence and sexual offences,Unable to prosecute suspect,
c5d69329438868a58f90307011c7fc4d79da6372feed0ff4af4a8f509045af02,2019-05,Lancashire Constabulary,Lancashire Constabulary,-2.306894,53.793862,On or near Beech Street,E01024890,Burnley 004F,Violence and sexual offences,Status update unavailable,
7e3baf7be2d8b9169f851a4e1e0feaff67e2a67ecc2dffd6995895f49d8204f3,2019-05,Lancashire Constabulary,Lancashire Constabulary,-2.315020,53.796556,On or near Green Street,E01024890,Burnley 004F,Violence and sexual offences,Unable to prosecute suspect,
24abcb67cac497d0085d1884afc077c869b44efd80d77bea3f0329740f6e7ad3,2019-05,Lancashire Constabulary,Lancashire Constabulary,-2.312555,53.795744,On or near Oat Street,E01024890,Burnley 004F,Violence and sexual offences,Unable to prosecute suspect,
5d7ee2c6611223d53ad151ad4d347b3a780f7e41d1b66412f67ec3e09b1d3082,2019-05,Lancashire Constabulary,Lancashire Constabulary,-2.306894,53.793862,On or near Beech Street,E01024890,Burnley 004F,Violence and sexual offences,Status update unavailable,
,2019-05,Lancashire Constabulary,Lancashire Constabulary,-2.295523,53.795895,On or near Moore Street,E01024879,Burnley 005A,Anti-social behaviour,,
,2019-05,Lancashire Constabulary,Lancashire Constabulary,-2.286313,53.794390,On or near Hewart Street,E01024879,Burnley 005A,Anti-social behaviour,,
,2019-05,Lancashire Constabulary,Lancashire Constabulary,-2.295523,53.795895,On or near Moore Street,E01024879,Burnley 005A,Anti-social behaviour,,
,2019-05,Lancashire Constabulary,Lancashire Constabulary,-2.295523,53.795895,On or near Moore Street,E01024879,Burnley 005A,Anti-social behaviour,,
,2019-05,Lancashire Constabulary,Lancashire Constabulary,-2.295523,53.795895,On or near Moore Street,E01024879,Burnley 005A,Anti-social behaviour,,
ae7024ed551e3e1d2145016877fb58b43534c1d1adb0bf642ae06d5e7508666b,2019-05,Lancashire Constabulary,Lancashire Constabulary,-2.287807,53.795384,On or near Caernarvon Avenue,E01024879,Burnley 005A,Burglary,Status update unavailable,
46cdd915b0bbd3993f4b7b1d19aac3c6fcb87310d98b7be4ccb94c65a1830c96,2019-05,Lancashire Constabulary,Lancashire Constabulary,-2.295523,53.795895,On or near Moore Street,E01024879,Burnley 005A,Other theft,Unable to prosecute suspect,
046811d6dfb2f9219ba25096f292d3af47d71007f24c915cbb62b8e90b46f6cd,2019-05,Lancashire Constabulary,Lancashire Constabulary,-2.286356,53.796349,On or near Glamorgan Grove,E01024879,Burnley 005A,Other theft,Unable to prosecute suspect,
218641ada9989673d907e04f145645338b703465b248d0e18a908a32eff886a9,2019-05,Lancashire Constabulary,Lancashire Constabulary,-2.294885,53.795816,On or near Byron Street,E01024879,Burnley 005A,Other theft,Status update unavailable,
0b6e81615ffee27e527b64e3d969d2e9602b096bee1f659dd54494dab8601fc8,2019-05,Lancashire Constabulary,Lancashire Constabulary,-2.295523,53.795895,On or near Moore Street,E01024879,Burnley 005A,Possession of weapons,Status update unavailable,
58911888e286910140e76f8d0c11de89e422fa3e2d77f0d94c563be54bf7809e,2019-05,Lancashire Constabulary,Lancashire Constabulary,-2.290624,53.796608,On or near Mercer Street,E01024879,Burnley 005A,Violence and sexual offences,Unable to prosecute suspect,
c126d848dbdaa6e1bbbd2c4110b29466d74c1464935f2072010ab3eaf9ef933a,2019-05,Lancashire Constabulary,Lancashire Constabulary,-2.286356,53.796349,On or near Glamorgan Grove,E01024879,Burnley 005A,Violence and sexual offences,Unable to prosecute suspect,
860816bfe05c614f2a317ae3ded9b23914873844048f7b052d66e989074c1c0a,2019-05,Lancashire Constabulary,Lancashire Constabulary,-2.290624,53.796608,On or near Mercer Street,E01024879,Burnley 005A,Violence and sexual offences,Unable to prosecute suspect,
46601e06f8c265d35436a1e82e00d36be58036dc448c7e354fc93537396eb88b,2019-05,Lancashire Constabulary,Lancashire Constabulary,-2.286356,53.796349,On or near Glamorgan Grove,E01024879,Burnley 005A,Violence and sexual offences,Unable to prosecute suspect,
,2019-05,Lancashire Constabulary,Lancashire Constabulary,-2.280540,53.793828,On or near Sycamore Avenue,E01024880,Burnley 005B,Anti-social behaviour,,
31f1ad4c372089f7aa1a922a43252810e3f1d38906f41b416997cd544a036e3c,2019-05,Lancashire Constabulary,Lancashire Constabulary,-2.273687,53.795111,On or near Woodbine Gardens,E01024880,Burnley 005B,Burglary,Status update unavailable,
b533ee84da0b055be2e6af28aaa4f8eb38998f60bd921cf4a96552ca9aee245d,2019-05,Lancashire Constabulary,Lancashire Constabulary,-2.274424,53.794076,On or near Dugdale Road,E01024880,Burnley 005B,Burglary,Status update unavailable,
891961ea09a65d90ae0b73e60bcd1b2aef97ca59a0fff13a2bcd26365b47f65d,2019-05,Lancashire Constabulary,Lancashire Constabulary,-2.273687,53.795111,On or near Woodbine Gardens,E01024880,Burnley 005B,Burglary,Awaiting court outcome,
77e2c58dd58688eabe7a0822be03fcd69c9c889c8e5ae6d91a25f71a85cbe391,2019-05,Lancashire Constabulary,Lancashire Constabulary,-2.283726,53.795690,On or near Radnor Avenue,E01024880,Burnley 005B,Criminal damage and arson,Status update unavailable,
d75166a1c7ad189864e639ad104b9217512f24d4099ce7f92ea8fddf8d7eb704,2019-05,Lancashire Constabulary,Lancashire Constabulary,-2.283049,53.794451,On or near Devon Grove,E01024880,Burnley 005B,Vehicle crime,Unable to prosecute suspect,
ae81d5205c0b30c84999220005486dd716cb9824a02b7e7813becbf888efaae4,2019-05,Lancashire Constabulary,Lancashire Constabulary,-2.277453,53.795228,On or near Durham Avenue,E01024880,Burnley 005B,Other crime,Status update unavailable,
,2019-05,Lancashire Constabulary,Lancashire Constabulary,-2.292794,53.800773,On or near Park/Open Space,E01024912,Burnley 005C,Anti-social behaviour,,
,2019-05,Lancashire Constabulary,Lancashire Constabulary,-2.292794,53.800773,On or near Park/Open Space,E01024912,Burnley 005C,Anti-social behaviour,,
f5238787110ac26b79227b1fa32b2b04853e6090b8e6025ebb679cc8dc15c0c9,2019-05,Lancashire Constabulary,Lancashire Constabulary,-2.289629,53.797572,On or near Habergham Drive,E01024912,Burnley 005C,Burglary,Status update unavailable,
382aa1d89836a56ad8035bf415ccd8d49f7b8c963224640db6486eb4f1d2413f,2019-05,Lancashire Constabulary,Lancashire Constabulary,-2.292794,53.800773,On or near Park/Open Space,E01024912,Burnley 005C,Criminal damage and arson,Status update unavailable,
60870bb6f7c3885ad77a21423272a91330ad7125241a5202e698ce9fc488b81f,2019-05,Lancashire Constabulary,Lancashire Constabulary,-2.283520,53.798980,On or near Lingmoor Drive,E01024912,Burnley 005C,Vehicle crime,Status update unavailable,
,2019-05,Lancashire Constabulary,Lancashire Constabulary,-2.258878,53.798712,On or near Longton Road,E01024913,Burnley 005D,Anti-social behaviour,,
5e83df6cd3c2f818e58fd5d4cb0f46df475f9f3d3f7b8b9ce44f2f066208dd77,2019-05,Lancashire Constabulary,Lancashire Constabulary,-2.264650,53.799185,On or near Fallowfield Drive,E01024913,Burnley 005D,Criminal damage and arson,Unable to prosecute suspect,
888df68b6f7d89c42e6511a03234a70e2ab5480349ef4161a01ade67b375f373,2019-05,Lancashire Constabulary,Lancashire Constabulary,-2.258878,53.798712,On or near Longton Road,E01024913,Burnley 005D,Vehicle crime,Status update unavailable,
1714aacf2573610d2974875cd3bf12e1a3d468bef9a375b1ad2320a60431c573,2019-05,Lancashire Constabulary,Lancashire Constabulary,-2.260419,53.800003,On or near The Meadows,E01024913,Burnley 005D,Violence and sexual offences,Status update unavailable,
45c00ab2954da9276f251a5c582ea151c7fb45f2fd1d8d92dcd30cb18c068e74,2019-05,Lancashire Constabulary,Lancashire Constabulary,-2.261761,53.800998,On or near Foxcroft,E01024913,Burnley 005D,Violence and sexual offences,Unable to prosecute suspect,
768601544e40dc81687970349776570f2a60df0e54760525f11466c6cf6b35ec,2019-05,Lancashire Constabulary,Lancashire Constabulary,-2.267627,53.799313,On or near Westwood Road,E01024914,Burnley 005E,Criminal damage and arson,Status update unavailable,
62e740b325a859383acfb9c9bc237a0389daf76d5d7851d83de9ac1e2db5ec5e,2019-05,Lancashire Constabulary,Lancashire Constabulary,-2.275582,53.801668,On or near Calva Close,E01024914,Burnley 005E,Violence and sexual offences,Unable to prosecute suspect,
8c1c3ce81ad7fba3d87442ffc7a41e7b7803b56a5f3247fe6da068d13fbeea70,2019-05,Lancashire Constabulary,Lancashire Constabulary,-2.267313,53.792950,On or near Mitchell Street,E01024881,Burnley 006A,Burglary,Status update unavailable,
faf7c470dc8dcec01c1e975175ccbf37e38234bac6519dc6136453ae3db4baf9,2019-05,Lancashire Constabulary,Lancashire Constabulary,-2.269472,53.795840,On or near Ightenhill Park Lane,E01024881,Burnley 006A,Burglary,Status update unavailable,
670cd0a0bf1ad2944fbd5a92bd7f6257315fc91cf90e870f0c81e1e572d8591c,2019-05,Lancashire Constabulary,Lancashire Constabulary,-2.266596,53.792395,On or near Claremont Street,E01024881,Burnley 006A,Criminal damage and arson,Status update unavailable,
10faf8f0786fa3cce0e2f07334e004506a93cde98014681baecac5eb539bbcf2,2019-05,Lancashire Constabulary,Lancashire Constabulary,-2.267864,53.793686,On or near Clifton Road,E01024881,Burnley 006A,Criminal damage and arson,Status update unavailable,
3e80ef6ce34cadabcc5a87559b379891dea8419f467fe2b6ed0d361c6c97bdf4,2019-05,Lancashire Constabulary,Lancashire Constabulary,-2.268674,53.792183,On or near Pink Street,E01024881,Burnley 006A,Other theft,Status update unavailable,
3f9e765813547c6b22882b3ce05bc342f2f7f261a73f313a647c9ae8762d5b68,2019-05,Lancashire Constabulary,Lancashire Constabulary,-2.266596,53.792395,On or near Claremont Street,E01024881,Burnley 006A,Public order,Status update unavailable,
4ad1a4b2ef0c8975b5a451435b0000372f98cff99dbd9bdd1e2443a2278ba8b0,2019-05,Lancashire Constabulary,Lancashire Constabulary,-2.273784,53.793601,On or near Montgomery Grove,E01024881,Burnley 006A,Vehicle crime,Status update unavailable,
50e5d8236316d1d4f083fe6026db185d8d0797c602103448e9ddfffbfb5e5303,2019-05,Lancashire Constabulary,Lancashire Constabulary,-2.269058,53.792866,On or near Ivory Street,E01024881,Burnley 006A,Violence and sexual offences,Unable to prosecute suspect,
f79eea36b062855852316afa776422ea92f3f0986e08366cf87ff6d85abe515f,2019-05,Lancashire Constabulary,Lancashire Constabulary,-2.267774,53.791520,On or near White Bull Street,E01024881,Burnley 006A,Violence and sexual offences,Status update unavailable,
93fa602487d5000276ed981b7077096a824e5740e78c7cefcf5af02a9adcbe63,2019-05,Lancashire Constabulary,Lancashire Constabulary,-2.268674,53.792183,On or near Pink Street,E01024881,Burnley 006A,Violence and sexual offences,Unable to prosecute suspect,
04079bb6ef338099b198b4f4303e891a9a5169c74d7fa9d689df63de2f274b26,2019-05,Lancashire Constabulary,Lancashire Constabulary,-2.269058,53.792866,On or near Ivory Street,E01024881,Burnley 006A,Violence and sexual offences,Unable to prosecute suspect,
,2019-05,Lancashire Constabulary,Lancashire Constabulary,-2.269441,53.791067,On or near Adamson Street,E01024882,Burnley 006B,Anti-social behaviour,,
,2019-05,Lancashire Constabulary,Lancashire Constabulary,-2.269602,53.792487,On or near Kime Street,E01024882,Burnley 006B,Anti-social behaviour,,
,2019-05,Lancashire Constabulary,Lancashire Constabulary,-2.270256,53.790301,On or near Gannow Lane,E01024882,Burnley 006B,Anti-social behaviour,,
,2019-05,Lancashire Constabulary,Lancashire Constabulary,-2.272121,53.790072,On or near Southwark,E01024882,Burnley 006B,Anti-social behaviour,,
,2019-05,Lancashire Constabulary,Lancashire Constabulary,-2.270520,53.791334,On or near Woodbine Road,E01024882,Burnley 006B,Anti-social behaviour,,
,2019-05,Lancashire Constabulary,Lancashire Constabulary,-2.269441,53.791067,On or near Adamson Street,E01024882,Burnley 006B,Anti-social behaviour,,
,2019-05,Lancashire Constabulary,Lancashire Constabulary,-2.273827,53.790985,On or near Sycamore Close,E01024882,Burnley 006B,Anti-social behaviour,,
,2019-05,Lancashire Constabulary,Lancashire Constabulary,-2.271079,53.793167,On or near Alder Street,E01024882,Burnley 006B,Anti-social behaviour,,
,2019-05,Lancashire Constabulary,Lancashire Constabulary,-2.272121,53.790072,On or near Southwark,E01024882,Burnley 006B,Anti-social behaviour,,
,2019-05,Lancashire Constabulary,Lancashire Constabulary,-2.274820,53.791837,On or near Alexander Grove,E01024882,Burnley 006B,Anti-social behaviour,,
,2019-05,Lancashire Constabulary,Lancashire Constabulary,-2.271079,53.793167,On or near Alder Street,E01024882,Burnley 006B,Anti-social behaviour,,
,2019-05,Lancashire Constabulary,Lancashire Constabulary,-2.271431,53.791225,On or near Coniston Street,E01024882,Burnley 006B,Anti-social behaviour,,
,2019-05,Lancashire Constabulary,Lancashire Constabulary,-2.269441,53.791067,On or near Adamson Street,E01024882,Burnley 006B,Anti-social behaviour,,
9d6d9eb84cdf47b88db818fc3f1ed188c129a1a50453815dcf9efbab764afb3e,2019-05,Lancashire Constabulary,Lancashire Constabulary,-2.270708,53.792224,On or near Oak Street,E01024882,Burnley 006B,Bicycle theft,Status update unavailable,
2f0cb5e09e1f9b36b752d5c135b041e10165a66bea8a4b1af9a0f4daf092f57a,2019-05,Lancashire Constabulary,Lancashire Constabulary,-2.270256,53.790301,On or near Gannow Lane,E01024882,Burnley 006B,Burglary,Unable to prosecute suspect,
35e4631a8d803feb0ef6dd66c7ecbf6da6eaa7df6e8ab64f1ee6aef66e82f9a5,2019-05,Lancashire Constabulary,Lancashire Constabulary,-2.275596,53.792204,On or near Tedder Avenue,E01024882,Burnley 006B,Burglary,Status update unavailable,
0f2d88805b92b8967ab90c92fedbea0e621bfb3b2ed3403e3b0130c41efdd74f,2019-05,Lancashire Constabulary,Lancashire Constabulary,-2.275596,53.792204,On or near Tedder Avenue,E01024882,Burnley 006B,Burglary,Status update unavailable,
e36860aecf7367b723e34a132dbd845d4db78b6e2e5a31d22404e5a351ee2791,2019-05,Lancashire Constabulary,Lancashire Constabulary,-2.271412,53.790712,On or near Wren Street,E01024882,Burnley 006B,Criminal damage and arson,Further investigation is not in the public interest,
511d7cfb27f2fe52da0e294cea4dbc35914d1b38c1304d302a8076601c5afa41,2019-05,Lancashire Constabulary,Lancashire Constabulary,-2.270115,53.792090,On or near Coultate Street,E01024882,Burnley 006B,Other theft,Status update unavailable,
c725c3e2cb3f21012e62f0e90a37fbe2ef0e6603e715d5cc601c130bd2405287,2019-05,Lancashire Constabulary,Lancashire Constabulary,-2.270115,53.792090,On or near Coultate Street,E01024882,Burnley 006B,Other theft,Unable to prosecute suspect,
d6485c4e4c3c7b215cad998d492c6de313e191a936a0ceb22409d5ca3fe0c373,2019-05,Lancashire Constabulary,Lancashire Constabulary,-2.270115,53.792090,On or near Coultate Street,E01024882,Burnley 006B,Public order,Unable to prosecute suspect,
f7ef74b33ed3b14f146118f0d85425e64e79a4160c328fcc9164a7dfd5d061fb,2019-05,Lancashire Constabulary,Lancashire Constabulary,-2.276515,53.791177,On or near Sports/Recreation Area,E01024882,Burnley 006B,Shoplifting,Status update unavailable,
5de76757fbe4767ea353b7c590acebd7ff468d3e6a375210dcfd21ceae45f9ca,2019-05,Lancashire Constabulary,Lancashire Constabulary,-2.265970,53.791884,On or near Plover Street,E01024882,Burnley 006B,Shoplifting,Status update unavailable,
588de3bcf598b1848a6dd68976dd6743c1b612e99aeeebc45bf266a472662de0,2019-05,Lancashire Constabulary,Lancashire Constabulary,-2.276515,53.791177,On or near Sports/Recreation Area,E01024882,Burnley 006B,Vehicle crime,Status update unavailable,
03bba82d17d814b083826cfae321501a3f6d79d8c9edb5904c2aa917a3a16e4b,2019-05,Lancashire Constabulary,Lancashire Constabulary,-2.265772,53.791767,On or near Broughton Street,E01024882,Burnley 006B,Vehicle crime,Status update unavailable,
41df51302b60d5e48faaf253b09f642330b1b3182a052ee6ad39cda29ea773f0,2019-05,Lancashire Constabulary,Lancashire Constabulary,-2.269602,53.792487,On or near Kime Street,E01024882,Burnley 006B,Vehicle crime,Status update unavailable,
f8a1b0adcbb0d7ebab2ed6caceb0529f8fd60bf5d2cf5e2eeca68dcc513c87b4,2019-05,Lancashire Constabulary,Lancashire Constabulary,-2.270256,53.790301,On or near Gannow Lane,E01024882,Burnley 006B,Violence and sexual offences,Unable to prosecute suspect,
0b8de46546569493164be06c5ab97c03d3dc91632a37734f2c8bbe9ece5f7062,2019-05,Lancashire Constabulary,Lancashire Constabulary,-2.269602,53.792487,On or near Kime Street,E01024882,Burnley 006B,Violence and sexual offences,Unable to prosecute suspect,
e8e646289422d9159c730b4efa79917f580edb717304d3c724e9ed0e7d9abff2,2019-05,Lancashire Constabulary,Lancashire Constabulary,-2.276515,53.791177,On or near Sports/Recreation Area,E01024882,Burnley 006B,Violence and sexual offences,Status update unavailable,
c165f8560aed61c9ffd7334c6c4940e848e10da39e7d3f894a477f2ac603365a,2019-05,Lancashire Constabulary,Lancashire Constabulary,-2.269987,53.793322,On or near Larch Street,E01024882,Burnley 006B,Violence and sexual offences,Status update unavailable,
21f3b0e7bebebd73b857138f54abaea0a28358467be3ebccd95a0ece85f7220f,2019-05,Lancashire Constabulary,Lancashire Constabulary,-2.271431,53.791225,On or near Coniston Street,E01024882,Burnley 006B,Violence and sexual offences,Unable to prosecute suspect,
1c07ca185e0815da66b99255ed635eb0b07656d4eb2767aca751cd2531021b66,2019-05,Lancashire Constabulary,Lancashire Constabulary,-2.270256,53.790301,On or near Gannow Lane,E01024882,Burnley 006B,Violence and sexual offences,Status update unavailable,
57a7f8d1c82111dde6e1a86579c1d06e07a3f1f524b845b469bde9d649dcb366,2019-05,Lancashire Constabulary,Lancashire Constabulary,-2.270256,53.790301,On or near Gannow Lane,E01024882,Burnley 006B,Violence and sexual offences,Unable to prosecute suspect,
,2019-05,Lancashire Constabulary,Lancashire Constabulary,-2.283400,53.792401,On or near Berridge Avenue,E01024902,Burnley 006C,Anti-social behaviour,,
,2019-05,Lancashire Constabulary,Lancashire Constabulary,-2.278976,53.789158,On or near Saltburn Street,E01024902,Burnley 006C,Anti-social behaviour,,
fab1538d2abddd5f8f0cbfcf05be799761cde9774a60774c7fae6b53884a58da,2019-05,Lancashire Constabulary,Lancashire Constabulary,-2.277020,53.789405,On or near Gannow Lane,E01024902,Burnley 006C,Burglary,Status update unavailable,
ffedda260b4a90dd8f320cfdde18c747991aae175614b5f495449fb35ac3834c,2019-05,Lancashire Constabulary,Lancashire Constabulary,-2.277020,53.789405,On or near Gannow Lane,E01024902,Burnley 006C,Burglary,Status update unavailable,
4d49e03af73241a6e77e2a523508c9a49e12409a23a89fc7c2f6e25832b02388,2019-05,Lancashire Constabulary,Lancashire Constabulary,-2.282640,53.787747,On or near Duncan Street,E01024902,Burnley 006C,Criminal damage and arson,Status update unavailable,
b4ddd55f908c84042ebb786880b4a0f5c796882c0cade3b44c451c2bac5ebe17,2019-05,Lancashire Constabulary,Lancashire Constabulary,-2.281615,53.788792,On or near The Grove,E01024902,Burnley 006C,Criminal damage and arson,Status update unavailable,
db0b1d45e1715a4bf6f5a3c9a8b1356a9d53ed19dc1673f6abfe3f6a421142d3,2019-05,Lancashire Constabulary,Lancashire Constabulary,-2.278976,53.789158,On or near Saltburn Street,E01024902,Burnley 006C,Drugs,Status update unavailable,
26d177c5650f6980a839d306442c7563fa562fbee70a5bf88a636711beb8d9ba,2019-05,Lancashire Constabulary,Lancashire Constabulary,-2.279322,53.788645,On or near Sunderland Street,E01024902,Burnley 006C,Other theft,Status update unavailable,
4d90e82c4778ae9f6f9b985712b7ef075431945285425a1652c8cb7ea154b040,2019-05,Lancashire Constabulary,Lancashire Constabulary,-2.278976,53.789158,On or near Saltburn Street,E01024902,Burnley 006C,Other theft,Unable to prosecute suspect,
e871de1e1a026982c070751e4da66949364a5b4f27924a4a7c2eef3803b25ff1,2019-05,Lancashire Constabulary,Lancashire Constabulary,-2.278976,53.789158,On or near Saltburn Street,E01024902,Burnley 006C,Public order,Unable to prosecute suspect,
4eaa1d445ad85f1699fc5540a9e401d199f9453fac8b399e131cdbdfb8f53cd7,2019-05,Lancashire Constabulary,Lancashire Constabulary,-2.281467,53.791642,On or near Lockyer Avenue,E01024902,Burnley 006C,Robbery,Status update unavailable,
c356383fd6081d859b1f5312cc9281df367024348e3df3ba8dea413456b17e67,2019-05,Lancashire Constabulary,Lancashire Constabulary,-2.281243,53.787670,On or near Rosegrove Lane,E01024902,Burnley 006C,Vehicle crime,Status update unavailable,
b4206d2471f3cf44c4cec9ced4290018d8ffaa793c6d1fb8438fdc5ac77cdcd3,2019-05,Lancashire Constabulary,Lancashire Constabulary,-2.282543,53.789186,On or near Dorset Street,E01024902,Burnley 006C,Violence and sexual offences,Status update unavailable,
937961a61535284160156d61c753a43a415a1edf9527172f8aee84e0b5f1bddc,2019-05,Lancashire Constabulary,Lancashire Constabulary,-2.279900,53.788823,On or near Allendale Street,E01024902,Burnley 006C,Violence and sexual offences,Unable to prosecute suspect,
134cad5a9225f176baaa60783cabb8b53fe93f3f5e774b9283f06055c8948bcf,2019-05,Lancashire Constabulary,Lancashire Constabulary,-2.278976,53.789158,On or near Saltburn Street,E01024902,Burnley 006C,Violence and sexual offences,Unable to prosecute suspect,
407c2cb41cb9ba25e637f3361ae504726c4a65dbe35883832267ad8908c08c7c,2019-05,Lancashire Constabulary,Lancashire Constabulary,-2.281642,53.788271,On or near Metcalfe Street,E01024902,Burnley 006C,Violence and sexual offences,Unable to prosecute suspect,
fd35119d64756a72a4851cc33c60a516449bb261a2b66022cb14293ae08d23fe,2019-05,Lancashire Constabulary,Lancashire Constabulary,-2.281243,53.787670,On or near Rosegrove Lane,E01024902,Burnley 006C,Violence and sexual offences,Status update unavailable,
,2019-05,Lancashire Constabulary,Lancashire Constabulary,-2.262196,53.792719,On or near Cairo Street,E01024911,Burnley 006D,Anti-social behaviour,,
,2019-05,Lancashire Constabulary,Lancashire Constabulary,-2.262196,53.792719,On or near Cairo Street,E01024911,Burnley 006D,Anti-social behaviour,,
,2019-05,Lancashire Constabulary,Lancashire Constabulary,-2.263921,53.791861,On or near Monmouth Street,E01024911,Burnley 006D,Anti-social behaviour,,
,2019-05,Lancashire Constabulary,Lancashire Constabulary,-2.262196,53.792719,On or near Cairo Street,E01024911,Burnley 006D,Anti-social behaviour,,
,2019-05,Lancashire Constabulary,Lancashire Constabulary,-2.263921,53.791861,On or near Monmouth Street,E01024911,Burnley 006D,Anti-social behaviour,,
,2019-05,Lancashire Constabulary,Lancashire Constabulary,-2.264449,53.791348,On or near Redruth Street,E01024911,Burnley 006D,Anti-social behaviour,,
180780be72bf610bec18715927b4e1ae77babf5d8367b545cb0e6bd25bfea71e,2019-05,Lancashire Constabulary,Lancashire Constabulary,-2.263435,53.791827,On or near Penistone Street,E01024911,Burnley 006D,Burglary,Awaiting court outcome,
f2034fed1faa6bb5eb63d671d556065db934485c70932811edfdfd946825dfbc,2019-05,Lancashire Constabulary,Lancashire Constabulary,-2.259285,53.793346,On or near Junction Street,E01024911,Burnley 006D,Burglary,Unable to prosecute suspect,
4f3b2d158ad92781ca8b8e3905711ea62545975820409dc09b8b30ac87ef77b6,2019-05,Lancashire Constabulary,Lancashire Constabulary,-2.263435,53.791827,On or near Penistone Street,E01024911,Burnley 006D,Burglary,Status update unavailable,
a066da66be794ffbda259124eab883d700c0eb92767bb633e198c1ccb7b14585,2019-05,Lancashire Constabulary,Lancashire Constabulary,-2.263921,53.791861,On or near Monmouth Street,E01024911,Burnley 006D,Criminal damage and arson,Status update unavailable,
22d51ac99cdadc635ee88492d72cb7cc8f505fb977ea88e602d9a8094693900f,2019-05,Lancashire Constabulary,Lancashire Constabulary,-2.263331,53.792213,On or near Granby Street,E01024911,Burnley 006D,Other theft,Status update unavailable,
fd64370d4145a4c2ba267e0a30a85cc729540c5bc050dac740e53cb1432de893,2019-05,Lancashire Constabulary,Lancashire Constabulary,-2.262920,53.791989,On or near Bivel Street,E01024911,Burnley 006D,Other theft,Status update unavailable,
a41e43cd09d3615efbdc6edb1285f144c9f5b4d8e7bf9002e2f6a0aa42889590,2019-05,Lancashire Constabulary,Lancashire Constabulary,-2.265981,53.791228,On or near Pendle Way,E01024911,Burnley 006D,Possession of weapons,Unable to prosecute suspect,
16017b03c8f4125c8d9c01f8de722b8c9f572d7483cd316681ca18dbfca8ed1a,2019-05,Lancashire Constabulary,Lancashire Constabulary,-2.261651,53.795525,On or near Wheatley Close,E01024911,Burnley 006D,Vehicle crime,Status update unavailable,
84f8cc614038d1f5241f15a21a5be5ff4fc0f9f358db0dd1395cd6ff49c131c7,2019-05,Lancashire Constabulary,Lancashire Constabulary,-2.263802,53.794783,On or near Wesley Grove,E01024911,Burnley 006D,Vehicle crime,Status update unavailable,
79e60fccbccf65f97f7076fde29b96efefd985f2eb6ec18916bd6ab87be608f6,2019-05,Lancashire Constabulary,Lancashire Constabulary,-2.261199,53.793503,On or near Arundel Close,E01024911,Burnley 006D,Vehicle crime,Status update unavailable,
458201155b0aa92a56eeb173b36b5c15cfe0b0f9013c71ead0786702fe7b8a6d,2019-05,Lancashire Constabulary,Lancashire Constabulary,-2.263802,53.794783,On or near Wesley Grove,E01024911,Burnley 006D,Violence and sexual offences,Unable to prosecute suspect,
80cdc965585fae045a10a74f743b23adcf7bf2fbe9b11bab70e34fb1e0c281d8,2019-05,Lancashire Constabulary,Lancashire Constabulary,-2.265981,53.791228,On or near Pendle Way,E01024911,Burnley 006D,Violence and sexual offences,Status update unavailable,
b405f611dc7b639facb8ddd3d4091813df0833aebdbdc79e59b29a907a61b607,2019-05,Lancashire Constabulary,Lancashire Constabulary,-2.265981,53.791228,On or near Pendle Way,E01024911,Burnley 006D,Violence and sexual offences,Status update unavailable,
9f2c199fe784863fba2099fcf7f7b45de4528c7bf0a0e6b0335143ab77002378,2019-05,Lancashire Constabulary,Lancashire Constabulary,-2.262196,53.792719,On or near Cairo Street,E01024911,Burnley 006D,Violence and sexual offences,Status update unavailable,
5d473e59e76311f3560f2a116fdcc9497a3d6fc40b8b2d2c37ea7a0bb5ccd241,2019-05,Lancashire Constabulary,Lancashire Constabulary,-2.259613,53.797237,On or near Beachley Square,E01024911,Burnley 006D,Violence and sexual offences,Unable to prosecute suspect,
9a0706385dd42aa41154e921484b5ec0cf4060aa3e31f2d70fcae293a2fcace8,2019-05,Lancashire Constabulary,Lancashire Constabulary,-2.260953,53.793054,On or near Cotton Street,E01024911,Burnley 006D,Violence and sexual offences,Status update unavailable,
,2019-05,Lancashire Constabulary,Lancashire Constabulary,-2.228817,53.787583,On or near Prescott Street,E01024855,Burnley 007A,Anti-social behaviour,,
,2019-05,Lancashire Constabulary,Lancashire Constabulary,-2.227368,53.786157,On or near Mitella Street,E01024855,Burnley 007A,Anti-social behaviour,,
,2019-05,Lancashire Constabulary,Lancashire Constabulary,-2.231510,53.785898,On or near Linden Street,E01024855,Burnley 007A,Anti-social behaviour,,
,2019-05,Lancashire Constabulary,Lancashire Constabulary,-2.231510,53.785898,On or near Linden Street,E01024855,Burnley 007A,Anti-social behaviour,,
,2019-05,Lancashire Constabulary,Lancashire Constabulary,-2.231655,53.787416,On or near Eliza Street,E01024855,Burnley 007A,Anti-social behaviour,,
,2019-05,Lancashire Constabulary,Lancashire Constabulary,-2.230903,53.786016,On or near Linby Street,E01024855,Burnley 007A,Anti-social behaviour,,
,2019-05,Lancashire Constabulary,Lancashire Constabulary,-2.234383,53.786674,On or near Lower Tentre,E01024855,Burnley 007A,Anti-social behaviour,,
,2019-05,Lancashire Constabulary,Lancashire Constabulary,-2.225960,53.784057,On or near Sports/Recreation Area,E01024855,Burnley 007A,Anti-social behaviour,,
,2019-05,Lancashire Constabulary,Lancashire Constabulary,-2.227368,53.786157,On or near Mitella Street,E01024855,Burnley 007A,Anti-social behaviour,,
,2019-05,Lancashire Constabulary,Lancashire Constabulary,-2.234383,53.786674,On or near Lower Tentre,E01024855,Burnley 007A,Anti-social behaviour,,
,2019-05,Lancashire Constabulary,Lancashire Constabulary,-2.232868,53.787171,On or near Todmorden Road,E01024855,Burnley 007A,Anti-social behaviour,,
,2019-05,Lancashire Constabulary,Lancashire Constabulary,-2.232868,53.787171,On or near Todmorden Road,E01024855,Burnley 007A,Anti-social behaviour,,
,2019-05,Lancashire Constabulary,Lancashire Constabulary,-2.232868,53.787171,On or near Todmorden Road,E01024855,Burnley 007A,Anti-social behaviour,,
,2019-05,Lancashire Constabulary,Lancashire Constabulary,-2.234691,53.787464,On or near Higher Tentre,E01024855,Burnley 007A,Anti-social behaviour,,
8cc6d373cb43299a6534a0015d863426dd36b21a795b3282d52548b441518870,2019-05,Lancashire Constabulary,Lancashire Constabulary,-2.232868,53.787171,On or near Todmorden Road,E01024855,Burnley 007A,Burglary,Status update unavailable,
9a505c66be8ed94f3600ee17dec3011a4ce4aebc5e925ac0d002012e8cea88e2,2019-05,Lancashire Constabulary,Lancashire Constabulary,-2.234691,53.787464,On or near Higher Tentre,E01024855,Burnley 007A,Burglary,Status update unavailable,
97652d13515d30b93a721567e0ca508141d6360cf101780dceb363e95aa2c6f0,2019-05,Lancashire Constabulary,Lancashire Constabulary,-2.229643,53.785919,On or near Thursfield Road,E01024855,Burnley 007A,Burglary,Status update unavailable,
e7ddf0f026135ea985e1649c342350c4fe4a711f46b7890ba97c014caee681b1,2019-05,Lancashire Constabulary,Lancashire Constabulary,-2.228817,53.787583,On or near Prescott Street,E01024855,Burnley 007A,Burglary,Status update unavailable,
2acb5815b71dfd398ef378955cb99618fa4c4b4eab8480a014dd860901834cf2,2019-05,Lancashire Constabulary,Lancashire Constabulary,-2.230903,53.786016,On or near Linby Street,E01024855,Burnley 007A,Burglary,Status update unavailable,
a6b5b2238ce918de688699503c106b5e00c320037c125e63399f5c0331d9efd9,2019-05,Lancashire Constabulary,Lancashire Constabulary,-2.231776,53.787398,On or near Mary Street,E01024855,Burnley 007A,Criminal damage and arson,Status update unavailable,
3033bcb19d7ba9e71752ec408c12a6fd1832268e4c5e3fc1f3b4400eaa658e8f,2019-05,Lancashire Constabulary,Lancashire Constabulary,-2.233497,53.788491,On or near Anne Street,E01024855,Burnley 007A,Criminal damage and arson,Status update unavailable,
864e615ec6148bf3e0204fb89103a3597bffde29eb7d699f4c99947f8c27fcea,2019-05,Lancashire Constabulary,Lancashire Constabulary,-2.229299,53.786819,On or near Holmsley Street,E01024855,Burnley 007A,Criminal damage and arson,Status update unavailable,
76886dc4c3b46324b01a456c4fddb7af52639d8b7d288f5d135a0734463166a2,2019-05,Lancashire Constabulary,Lancashire Constabulary,-2.230206,53.788983,On or near Sports/Recreation Area,E01024855,Burnley 007A,Drugs,Awaiting court outcome,
dffcb0783dc657688f69dd6d4aade33e7ebbff52cddd642508953ad30ff8dfd5,2019-05,Lancashire Constabulary,Lancashire Constabulary,-2.230435,53.786358,On or near Admiral Street,E01024855,Burnley 007A,Other theft,Unable to prosecute suspect,
30eae98ba3779a63396b1987a62a7fe2cf6fbfca1228751bd9c35a63efada83f,2019-05,Lancashire Constabulary,Lancashire Constabulary,-2.230435,53.786358,On or near Admiral Street,E01024855,Burnley 007A,Other theft,Status update unavailable,
da6543cb15f7bbc18fc1e167c55a703c3010fca1777519856cd068cf9a14b8fc,2019-05,Lancashire Constabulary,Lancashire Constabulary,-2.230206,53.788983,On or near Sports/Recreation Area,E01024855,Burnley 007A,Other theft,Status update unavailable,
826a0e41aca2983131da454d58e9b3bbac169d13fe735c10d87644298a149175,2019-05,Lancashire Constabulary,Lancashire Constabulary,-2.230206,53.788983,On or near Sports/Recreation Area,E01024855,Burnley 007A,Other theft,Status update unavailable,
79d19052e5d1e49f87e2d3583175f62522f0926cf6c4bbe804c7370aa0efce0e,2019-05,Lancashire Constabulary,Lancashire Constabulary,-2.229859,53.786566,On or near Hinton Street,E01024855,Burnley 007A,Public order,Status update unavailable,
5de93bb0300aa8762e4ad724fb85ab8956ab9c0ee8a6e7915e0c751f182cb388,2019-05,Lancashire Constabulary,Lancashire Constabulary,-2.234383,53.786674,On or near Lower Tentre,E01024855,Burnley 007A,Public order,Awaiting court outcome,
bf43c5d41bf8384edadd8074701e96de392c93767dc35e0cef4463983229b060,2019-05,Lancashire Constabulary,Lancashire Constabulary,-2.230206,53.788983,On or near Sports/Recreation Area,E01024855,Burnley 007A,Public order,Status update unavailable,
09f7751eca2d86623d2dcc00320074521e8c7535c93f295a5c4bc1fae1ee1450,2019-05,Lancashire Constabulary,Lancashire Constabulary,-2.230903,53.786016,On or near Linby Street,E01024855,Burnley 007A,Violence and sexual offences,Awaiting court outcome,
86ea63b2e75f7eb8d865e628bec3e9e09ca8922131278129bc2b62bfb2a6f69a,2019-05,Lancashire Constabulary,Lancashire Constabulary,-2.232868,53.787171,On or near Todmorden Road,E01024855,Burnley 007A,Violence and sexual offences,Status update unavailable,
a8e4beaacc36ff88d943a1df385f17b156ae731da28691d9a156adafa8ad06f0,2019-05,Lancashire Constabulary,Lancashire Constabulary,-2.232868,53.787171,On or near Todmorden Road,E01024855,Burnley 007A,Violence and sexual offences,Local resolution,
9874e799b3792514a7a30ddbbfb7635bf97682d74bac66b108d3d1dec38077e4,2019-05,Lancashire Constabulary,Lancashire Constabulary,-2.229299,53.786819,On or near Holmsley Street,E01024855,Burnley 007A,Violence and sexual offences,Unable to prosecute suspect,
1bc21c35e390beb7e004f830113c8d38f5e69d055dd97ca9674d8305649cab76,2019-05,Lancashire Constabulary,Lancashire Constabulary,-2.234691,53.787464,On or near Higher Tentre,E01024855,Burnley 007A,Violence and sexual offences,Status update unavailable,
64f0d266b22d5fad803f5777a9dae589607c114f1cc188ca3cba12a471cba654,2019-05,Lancashire Constabulary,Lancashire Constabulary,-2.234383,53.786674,On or near Lower Tentre,E01024855,Burnley 007A,Violence and sexual offences,Further investigation is not in the public interest,
d675eac1a019eefe75b25bf623991152069af844cc47dacf7d633c878403c151,2019-05,Lancashire Constabulary,Lancashire Constabulary,-2.228181,53.785014,On or near Sports/Recreation Area,E01024855,Burnley 007A,Violence and sexual offences,Status update unavailable,
015a01dbdb0123963f7ade2e18f225312e24a7d6a2b6c5953903a1b28f3fe294,2019-05,Lancashire Constabulary,Lancashire Constabulary,-2.228850,53.788033,On or near Brunshaw Road,E01024855,Burnley 007A,Violence and sexual offences,Unable to prosecute suspect,
,2019-05,Lancashire Constabulary,Lancashire Constabulary,-2.235750,53.800477,On or near Pheasantford Street,E01024857,Burnley 007B,Anti-social behaviour,,
,2019-05,Lancashire Constabulary,Lancashire Constabulary,-2.235580,53.799920,On or near Pheasantford Green,E01024857,Burnley 007B,Anti-social behaviour,,
,2019-05,Lancashire Constabulary,Lancashire Constabulary,-2.236375,53.792773,On or near Godley Street,E01024857,Burnley 007B,Anti-social behaviour,,
,2019-05,Lancashire Constabulary,Lancashire Constabulary,-2.233676,53.793353,On or near Straight Mile Court,E01024857,Burnley 007B,Anti-social behaviour,,
,2019-05,Lancashire Constabulary,Lancashire Constabulary,-2.235650,53.801493,On or near Briercliffe Road,E01024857,Burnley 007B,Anti-social behaviour,,
,2019-05,Lancashire Constabulary,Lancashire Constabulary,-2.230460,53.790942,On or near Holcombe Drive,E01024857,Burnley 007B,Anti-social behaviour,,
,2019-05,Lancashire Constabulary,Lancashire Constabulary,-2.235580,53.799920,On or near Pheasantford Green,E01024857,Burnley 007B,Anti-social behaviour,,
8f89127d9965856571c734c4deb385e1ff4f999018cb3e1e3bbcf49c8a77b6ad,2019-05,Lancashire Constabulary,Lancashire Constabulary,-2.236375,53.792773,On or near Godley Street,E01024857,Burnley 007B,Burglary,Status update unavailable,
4a07f801086d545f4cf47503495bd77b694076b54ac0142f3e2efd406413a9d3,2019-05,Lancashire Constabulary,Lancashire Constabulary,-2.234418,53.801252,On or near Ribblesdale Street,E01024857,Burnley 007B,Burglary,Status update unavailable,
ca8fec969993cf91f8860070e6df2ca5ba939cc4cc0f9255d280e60f31c36dc2,2019-05,Lancashire Constabulary,Lancashire Constabulary,-2.236375,53.792773,On or near Godley Street,E01024857,Burnley 007B,Burglary,Status update unavailable,
f6fdd6ced6ff3412bc8fe1c4328b1a2f949459b1ad594b86b6306774ac4cf41f,2019-05,Lancashire Constabulary,Lancashire Constabulary,-2.236375,53.792773,On or near Godley Street,E01024857,Burnley 007B,Burglary,Status update unavailable,
c2236440a594226b839db112663db786eb750072e9121df356793adce78b0ff7,2019-05,Lancashire Constabulary,Lancashire Constabulary,-2.235750,53.800477,On or near Pheasantford Street,E01024857,Burnley 007B,Criminal damage and arson,Status update unavailable,
713fcb0bb9d102daf5694c673f2517704d3551bb5ae74f4c1d0f4c8e0722f847,2019-05,Lancashire Constabulary,Lancashire Constabulary,-2.227942,53.796825,On or near Queen'S Park Road,E01024857,Burnley 007B,Criminal damage and arson,Status update unavailable,
f8c561b2dc4b9293f158580179092d0f1b734a15f5f3b9d0af57b4c54c944852,2019-05,Lancashire Constabulary,Lancashire Constabulary,-2.235580,53.799920,On or near Pheasantford Green,E01024857,Burnley 007B,Criminal damage and arson,Status update unavailable,
64edcc0b7f0f8a45c1dde8afb5bf6ed30cf23df30a668023f81ff15fe71938dc,2019-05,Lancashire Constabulary,Lancashire Constabulary,-2.230460,53.790942,On or near Holcombe Drive,E01024857,Burnley 007B,Criminal damage and arson,Status update unavailable,
4678fb92294b8cf0f263f83190e7e917d21c9873ad39b48277a528af1064bc08,2019-05,Lancashire Constabulary,Lancashire Constabulary,-2.234418,53.801252,On or near Ribblesdale Street,E01024857,Burnley 007B,Other theft,Unable to prosecute suspect,
4d3541ddb7e3f98c3650298bad049fe594589a71911602ddea475e06ff4a5cfe,2019-05,Lancashire Constabulary,Lancashire Constabulary,-2.239246,53.793100,On or near Dawson Square,E01024857,Burnley 007B,Other theft,Status update unavailable,
212937c489f790e78169eabc104a42a9e0936f5bd833392d247ac60af71d799f,2019-05,Lancashire Constabulary,Lancashire Constabulary,-2.239246,53.793100,On or near Dawson Square,E01024857,Burnley 007B,Other theft,Status update unavailable,
bec42a1bc4a9cc02c25d7ec329891ea75fa8f8b8bca5e80043e907bd1f9a0afe,2019-05,Lancashire Constabulary,Lancashire Constabulary,-2.236375,53.792773,On or near Godley Street,E01024857,Burnley 007B,Robbery,Status update unavailable,
1e87f5fe4d977fc6e77bffb3ba7a71e10c4757ced5d27225c6443f04bb0bcac0,2019-05,Lancashire Constabulary,Lancashire Constabulary,-2.239246,53.793100,On or near Dawson Square,E01024857,Burnley 007B,Shoplifting,Status update unavailable,
73fdaecf94122247de31b0c89042816f4209234d15ab16f30294b1f1acc775f2,2019-05,Lancashire Constabulary,Lancashire Constabulary,-2.235580,53.799920,On or near Pheasantford Green,E01024857,Burnley 007B,Vehicle crime,Status update unavailable,
f418dcd89b19e3e4902ebb53b032e3fb29f168fa9ac0f9f87759a311a91d7a37,2019-05,Lancashire Constabulary,Lancashire Constabulary,-2.235580,53.799920,On or near Pheasantford Green,E01024857,Burnley 007B,Violence and sexual offences,Status update unavailable,
d7d32e922d77157759326677050f16ea126dcc81ba273d97c8261395e2bc6f26,2019-05,Lancashire Constabulary,Lancashire Constabulary,-2.239246,53.793100,On or near Dawson Square,E01024857,Burnley 007B,Violence and sexual offences,Investigation complete; no suspect identified,
99427d4d23b71629fae691690784a0bedb6be7a2513041b97eb9ce8b9b096d5f,2019-05,Lancashire Constabulary,Lancashire Constabulary,-2.235650,53.801493,On or near Briercliffe Road,E01024857,Burnley 007B,Violence and sexual offences,Status update unavailable,
a2c07ff627a5a674410409e11a69e5e404271f74c04c8de5cf9e82f333e9f822,2019-05,Lancashire Constabulary,Lancashire Constabulary,-2.235580,53.799920,On or near Pheasantford Green,E01024857,Burnley 007B,Violence and sexual offences,Unable to prosecute suspect,
0ef497ec7b4caa61f0afc56e628465a36145a2337c045d2e8cebe9b7925ff69e,2019-05,Lancashire Constabulary,Lancashire Constabulary,-2.225981,53.793521,On or near Aspen Drive,E01024857,Burnley 007B,Violence and sexual offences,Offender given a caution,
,2019-05,Lancashire Constabulary,Lancashire Constabulary,-2.236050,53.789025,On or near Yorkshire Street,E01024858,Burnley 007C,Anti-social behaviour,,
,2019-05,Lancashire Constabulary,Lancashire Constabulary,-2.233484,53.786055,On or near Holmes Street,E01024858,Burnley 007C,Anti-social behaviour,,
,2019-05,Lancashire Constabulary,Lancashire Constabulary,-2.236050,53.789025,On or near Yorkshire Street,E01024858,Burnley 007C,Anti-social behaviour,,
,2019-05,Lancashire Constabulary,Lancashire Constabulary,-2.236398,53.788746,On or near Turf Street,E01024858,Burnley 007C,Anti-social behaviour,,
,2019-05,Lancashire Constabulary,Lancashire Constabulary,-2.235874,53.787327,On or near Pine Street,E01024858,Burnley 007C,Anti-social behaviour,,
,2019-05,Lancashire Constabulary,Lancashire Constabulary,-2.234716,53.789316,On or near Blakey Street,E01024858,Burnley 007C,Anti-social behaviour,,
,2019-05,Lancashire Constabulary,Lancashire Constabulary,-2.235094,53.786286,On or near Hull Street,E01024858,Burnley 007C,Anti-social behaviour,,
,2019-05,Lancashire Constabulary,Lancashire Constabulary,-2.235094,53.786286,On or near Hull Street,E01024858,Burnley 007C,Anti-social behaviour,,
,2019-05,Lancashire Constabulary,Lancashire Constabulary,-2.232446,53.793185,On or near Doris Street,E01024858,Burnley 007C,Anti-social behaviour,,
,2019-05,Lancashire Constabulary,Lancashire Constabulary,-2.234488,53.792040,On or near Hunslet Street,E01024858,Burnley 007C,Anti-social behaviour,,
,2019-05,Lancashire Constabulary,Lancashire Constabulary,-2.237975,53.791278,On or near Adlington Street,E01024858,Burnley 007C,Anti-social behaviour,,
,2019-05,Lancashire Constabulary,Lancashire Constabulary,-2.236398,53.788746,On or near Turf Street,E01024858,Burnley 007C,Anti-social behaviour,,
,2019-05,Lancashire Constabulary,Lancashire Constabulary,-2.235094,53.786286,On or near Hull Street,E01024858,Burnley 007C,Anti-social behaviour,,
,2019-05,Lancashire Constabulary,Lancashire Constabulary,-2.235094,53.786286,On or near Hull Street,E01024858,Burnley 007C,Anti-social behaviour,,
,2019-05,Lancashire Constabulary,Lancashire Constabulary,-2.235094,53.786286,On or near Hull Street,E01024858,Burnley 007C,Anti-social behaviour,,
,2019-05,Lancashire Constabulary,Lancashire Constabulary,-2.236398,53.788746,On or near Turf Street,E01024858,Burnley 007C,Anti-social behaviour,,
,2019-05,Lancashire Constabulary,Lancashire Constabulary,-2.236398,53.788746,On or near Turf Street,E01024858,Burnley 007C,Anti-social behaviour,,
,2019-05,Lancashire Constabulary,Lancashire Constabulary,-2.233484,53.786055,On or near Holmes Street,E01024858,Burnley 007C,Anti-social behaviour,,
,2019-05,Lancashire Constabulary,Lancashire Constabulary,-2.236050,53.789025,On or near Yorkshire Street,E01024858,Burnley 007C,Anti-social behaviour,,
,2019-05,Lancashire Constabulary,Lancashire Constabulary,-2.233484,53.786055,On or near Holmes Street,E01024858,Burnley 007C,Anti-social behaviour,,
,2019-05,Lancashire Constabulary,Lancashire Constabulary,-2.232446,53.793185,On or near Doris Street,E01024858,Burnley 007C,Anti-social behaviour,,
,2019-05,Lancashire Constabulary,Lancashire Constabulary,-2.234177,53.790548,On or near Ridge Road,E01024858,Burnley 007C,Anti-social behaviour,,
,2019-05,Lancashire Constabulary,Lancashire Constabulary,-2.235874,53.787327,On or near Pine Street,E01024858,Burnley 007C,Anti-social behaviour,,
,2019-05,Lancashire Constabulary,Lancashire Constabulary,-2.237327,53.792016,On or near Lindsay Street,E01024858,Burnley 007C,Anti-social behaviour,,
,2019-05,Lancashire Constabulary,Lancashire Constabulary,-2.234716,53.789316,On or near Blakey Street,E01024858,Burnley 007C,Anti-social behaviour,,
0e7efca0d06e5954ddba26167cbe3ccae4e9b771774b07ad351d8c000a6f6307,2019-05,Lancashire Constabulary,Lancashire Constabulary,-2.234834,53.791383,On or near Sandhurst Street,E01024858,Burnley 007C,Burglary,Status update unavailable,
a5d2c419689674b5625f25694036779f7fb11d5faed24bf987b7e3300fb0d9c4,2019-05,Lancashire Constabulary,Lancashire Constabulary,-2.232446,53.793185,On or near Doris Street,E01024858,Burnley 007C,Burglary,Status update unavailable,
78633c08e1b9b946900898c4c2bc342cc843d4c5c9de5f4571859ba4f19b8edf,2019-05,Lancashire Constabulary,Lancashire Constabulary,-2.237327,53.792016,On or near Lindsay Street,E01024858,Burnley 007C,Criminal damage and arson,Status update unavailable,
3e82d9bcc01875c6e4b66293b88dd1dcae545ab1fcbd3de3fceeaf4bd6a91cff,2019-05,Lancashire Constabulary,Lancashire Constabulary,-2.234061,53.791600,On or near Hobart Street,E01024858,Burnley 007C,Criminal damage and arson,Awaiting court outcome,
ef6d86123d0e50b569d0e297063c54a69024afef7c0c132c5cd2780146ee10c4,2019-05,Lancashire Constabulary,Lancashire Constabulary,-2.235094,53.786286,On or near Hull Street,E01024858,Burnley 007C,Criminal damage and arson,Status update unavailable,
91ffb5307c502f879619285982cfa2cbfade59fdfc450414e4192adb45a52331,2019-05,Lancashire Constabulary,Lancashire Constabulary,-2.235094,53.786286,On or near Hull Street,E01024858,Burnley 007C,Criminal damage and arson,Offender given a caution,
ff19d797b523a1fb5f24f323eead76aff86176d911ca3dec1e756efc31e80108,2019-05,Lancashire Constabulary,Lancashire Constabulary,-2.237327,53.792016,On or near Lindsay Street,E01024858,Burnley 007C,Criminal damage and arson,Status update unavailable,
3d68ebe49a842fd2224efa3b6e0610c2a348cd511bb608dace928e18731873ac,2019-05,Lancashire Constabulary,Lancashire Constabulary,-2.239367,53.787662,On or near Centenary Way,E01024858,Burnley 007C,Drugs,Unable to prosecute suspect,
e88cfd31cb00b193b0474c442d843c7cf438cce7538d9c4aeed50d2468b172b0,2019-05,Lancashire Constabulary,Lancashire Constabulary,-2.233484,53.786055,On or near Holmes Street,E01024858,Burnley 007C,Other theft,Status update unavailable,
01c6be84894ddf58cc45a245334dd8bb9b9563cb7339e4710596d801e24536e5,2019-05,Lancashire Constabulary,Lancashire Constabulary,-2.233439,53.791754,On or near Leyland Road,E01024858,Burnley 007C,Other theft,Status update unavailable,
ed693264c90fa63f98740116fa5a018c8fed5e430822d28f034d06fa0e13f5c6,2019-05,Lancashire Constabulary,Lancashire Constabulary,-2.237975,53.791278,On or near Adlington Street,E01024858,Burnley 007C,Other theft,Unable to prosecute suspect,
ae0d2dbace4b8f7c0910f7440cfef9ed818e3706c243b7f1f841a4ef57b59e6d,2019-05,Lancashire Constabulary,Lancashire Constabulary,-2.235094,53.786286,On or near Hull Street,E01024858,Burnley 007C,Other theft,Status update unavailable,
d0db78ffd877c9fff9d5159bb170e802ca3d76c69641e3ac2a75bc488750ae87,2019-05,Lancashire Constabulary,Lancashire Constabulary,-2.236479,53.792404,On or near Forest Street,E01024858,Burnley 007C,Other theft,Status update unavailable,
1206e71a076d26a1028f5e12e18c9b93d54fa74c4e39184b39cef8a34963e157,2019-05,Lancashire Constabulary,Lancashire Constabulary,-2.233724,53.788338,On or near St Mary'S Gate,E01024858,Burnley 007C,Other theft,Status update unavailable,
989fa3c0bbfda1015445751e221570572e06476fa082c7a3bd486df2e0435685,2019-05,Lancashire Constabulary,Lancashire Constabulary,-2.236940,53.790713,On or near Parking Area,E01024858,Burnley 007C,Other theft,Status update unavailable,
22cbb0459703b0e362510a01092d980f47f5b1c97223efa58f5ce9cbc0d30e3c,2019-05,Lancashire Constabulary,Lancashire Constabulary,-2.234716,53.789316,On or near Blakey Street,E01024858,Burnley 007C,Other theft,Status update unavailable,
a2a7bfe10916d1d2723b5a8370f6e076d316186f70533375e3fe94137e1895ba,2019-05,Lancashire Constabulary,Lancashire Constabulary,-2.236398,53.788746,On or near Turf Street,E01024858,Burnley 007C,Other theft,Status update unavailable,
14c85da8638d05b4d7468d8615afae9ba0867398950531bfd23a20f22107518f,2019-05,Lancashire Constabulary,Lancashire Constabulary,-2.235569,53.787040,On or near Cedar Street,E01024858,Burnley 007C,Public order,Unable to prosecute suspect,
2e5cd392d7f9f1f498bd1afad063d6d820ee19258398ad1815a6172e6d896761,2019-05,Lancashire Constabulary,Lancashire Constabulary,-2.234834,53.791383,On or near Sandhurst Street,E01024858,Burnley 007C,Public order,Awaiting court outcome,
8cbe5ff8c841c9e577727be30566cba4fc2bfee365bcade7f230cf7be087fbbd,2019-05,Lancashire Constabulary,Lancashire Constabulary,-2.234834,53.791383,On or near Sandhurst Street,E01024858,Burnley 007C,Public order,Unable to prosecute suspect,
22e5aa4f7e1adb58995cfd92a870669955fb387c34f4513eb16c874ad5597c05,2019-05,Lancashire Constabulary,Lancashire Constabulary,-2.234834,53.791383,On or near Sandhurst Street,E01024858,Burnley 007C,Public order,Further investigation is not in the public interest,
3069c03efdfc9baacaeb0a95492aa9f44e7299a1fd1bafda58de6deb1b7ceda4,2019-05,Lancashire Constabulary,Lancashire Constabulary,-2.233484,53.786055,On or near Holmes Street,E01024858,Burnley 007C,Shoplifting,Status update unavailable,
d494e81632b9131e480affac2d99031d48bc44e6cdc6caba8e71f2a849eb4a51,2019-05,Lancashire Constabulary,Lancashire Constabulary,-2.233484,53.786055,On or near Holmes Street,E01024858,Burnley 007C,Shoplifting,Awaiting court outcome,
0836e78c434f4e900a2a52cded46cab77fa17c061de378afa3444bfdf0f6808f,2019-05,Lancashire Constabulary,Lancashire Constabulary,-2.233484,53.786055,On or near Holmes Street,E01024858,Burnley 007C,Shoplifting,Status update unavailable,
ef6d3f72896bc6db6c23ed30b54b05fcf923bf182cd8393257656982ab87b9fc,2019-05,Lancashire Constabulary,Lancashire Constabulary,-2.233484,53.786055,On or near Holmes Street,E01024858,Burnley 007C,Shoplifting,Status update unavailable,
c5adea192b06cb13e792442d0c62bb12b3859c67224e72d2f6213c935dab325a,2019-05,Lancashire Constabulary,Lancashire Constabulary,-2.236050,53.789025,On or near Yorkshire Street,E01024858,Burnley 007C,Vehicle crime,Status update unavailable,
99581033cf6e4c15caaada2d07f2750145708352cb1252d8639b58df6d31bbe1,2019-05,Lancashire Constabulary,Lancashire Constabulary,-2.235094,53.786286,On or near Hull Street,E01024858,Burnley 007C,Vehicle crime,Status update unavailable,
042683e4daddfee578f469fae3ed8134f1f3702b79547f14acbc6987086b2332,2019-05,Lancashire Constabulary,Lancashire Constabulary,-2.234834,53.791383,On or near Sandhurst Street,E01024858,Burnley 007C,Violence and sexual offences,Unable to prosecute suspect,
762b8abd741a505f939b700f42fd28e40d98b6b7ebb6eda498f21d3f43a03fea,2019-05,Lancashire Constabulary,Lancashire Constabulary,-2.236050,53.789025,On or near Yorkshire Street,E01024858,Burnley 007C,Violence and sexual offences,Status update unavailable,
5e7121e1d77e6dac8daac7edd35279a00d03ba5562b7d338f37095c8152537b7,2019-05,Lancashire Constabulary,Lancashire Constabulary,-2.234716,53.789316,On or near Blakey Street,E01024858,Burnley 007C,Violence and sexual offences,Further investigation is not in the public interest,
3dbdf2149348d6c078c3cc4da07924f9ddc64f1662e709d4a8036108cb74d61a,2019-05,Lancashire Constabulary,Lancashire Constabulary,-2.237975,53.791278,On or near Adlington Street,E01024858,Burnley 007C,Violence and sexual offences,Status update unavailable,
c661cfb918776891bdc5c0a9364a222d01be4d4fb28236bc27e1ceaea6af85ed,2019-05,Lancashire Constabulary,Lancashire Constabulary,-2.232446,53.793185,On or near Doris Street,E01024858,Burnley 007C,Violence and sexual offences,Action to be taken by another organisation,
166f3bc4789cece4f9443890da3e20b990ae7c862d02fb5f6efcc66819736d18,2019-05,Lancashire Constabulary,Lancashire Constabulary,-2.239367,53.787662,On or near Centenary Way,E01024858,Burnley 007C,Violence and sexual offences,Further investigation is not in the public interest,
634fb2baaebf04a63eb16401f9fd29f08a65277e8fd32f129c75567091dcd790,2019-05,Lancashire Constabulary,Lancashire Constabulary,-2.233484,53.786055,On or near Holmes Street,E01024858,Burnley 007C,Violence and sexual offences,Status update unavailable,
b67ecae8125f37566583e93e64f3ac6f089db8a2cb29da65aeadd67d97f32020,2019-05,Lancashire Constabulary,Lancashire Constabulary,-2.233238,53.793714,On or near Felix Street,E01024858,Burnley 007C,Violence and sexual offences,Status update unavailable,
3ed77710ac3836c755a59b19516b11ff412abc1000c32cb11c39c3abdd82915f,2019-05,Lancashire Constabulary,Lancashire Constabulary,-2.233484,53.786055,On or near Holmes Street,E01024858,Burnley 007C,Violence and sexual offences,Unable to prosecute suspect,
22f9a08a3788b807953340c81c9c378294d9ecb61a01b317e12ad3d1142e7892,2019-05,Lancashire Constabulary,Lancashire Constabulary,-2.232446,53.793185,On or near Doris Street,E01024858,Burnley 007C,Violence and sexual offences,Status update unavailable,
a02adce8499f79510af6d2c005bb4ccca46422745f7d7871a0330429b34f4051,2019-05,Lancashire Constabulary,Lancashire Constabulary,-2.233439,53.791754,On or near Leyland Road,E01024858,Burnley 007C,Violence and sexual offences,Unable to prosecute suspect,
4a6d4e8f78958a19ec15216a9ef03c1168f4575b80309188085b2fc728ff43dc,2019-05,Lancashire Constabulary,Lancashire Constabulary,-2.234488,53.792040,On or near Hunslet Street,E01024858,Burnley 007C,Violence and sexual offences,Unable to prosecute suspect,
fc8fed4f5b82e6cfa9ee4260dfff3553368856c20ea3680d1572daef2b17cacd,2019-05,Lancashire Constabulary,Lancashire Constabulary,-2.237372,53.791935,On or near Hawk Street,E01024858,Burnley 007C,Violence and sexual offences,Unable to prosecute suspect,
1cccb713b055fd85f88ad6f448bbf323144ea48229112448c1cd8990e6afda35,2019-05,Lancashire Constabulary,Lancashire Constabulary,-2.237372,53.791935,On or near Hawk Street,E01024858,Burnley 007C,Violence and sexual offences,Unable to prosecute suspect,
895ae5c78b7d1e2418c45511ba849fbfb763f7103e3e05816023f4e56d9cb5a1,2019-05,Lancashire Constabulary,Lancashire Constabulary,-2.234177,53.790548,On or near Ridge Road,E01024858,Burnley 007C,Violence and sexual offences,Unable to prosecute suspect,
cb2fd139c16ff4b4c4fd10f7aae7d6c0e57654817def7a64400a56da3d2366c9,2019-05,Lancashire Constabulary,Lancashire Constabulary,-2.233238,53.793714,On or near Felix Street,E01024858,Burnley 007C,Violence and sexual offences,Status update unavailable,
c203288baf4c96be6014050a818637039d4c8048e282751feeb94249578373aa,2019-05,Lancashire Constabulary,Lancashire Constabulary,-2.235874,53.787327,On or near Pine Street,E01024858,Burnley 007C,Violence and sexual offences,Status update unavailable,
7f9dac7bee0d547b9195ef0397227c5d0b04d46105f46554101b227a2d4a93e9,2019-05,Lancashire Constabulary,Lancashire Constabulary,-2.233439,53.791754,On or near Leyland Road,E01024858,Burnley 007C,Violence and sexual offences,Status update unavailable,
2c2fc0add9d968aa701114dd8921e6b9efd3ebe5b52b6d8744d6b45b85a4f643,2019-05,Lancashire Constabulary,Lancashire Constabulary,-2.234617,53.790655,On or near Albert Street,E01024858,Burnley 007C,Violence and sexual offences,Further investigation is not in the public interest,
2863220e2d696ded058ea38bf77172fef1e66e75692e9306b37bf14c76d8c8de,2019-05,Lancashire Constabulary,Lancashire Constabulary,-2.233238,53.793714,On or near Felix Street,E01024858,Burnley 007C,Violence and sexual offences,Status update unavailable,
924447b15f00846653544edeb052661bd343a5e0d084ece9819d411f54d847f3,2019-05,Lancashire Constabulary,Lancashire Constabulary,-2.235874,53.787327,On or near Pine Street,E01024858,Burnley 007C,Violence and sexual offences,Status update unavailable,
a46c85f1d6408acbedd5f8da5ebabc6260b6a3248f19ba41e96a56593330a56f,2019-05,Lancashire Constabulary,Lancashire Constabulary,-2.238815,53.792040,On or near Church Street,E01024858,Burnley 007C,Other crime,Status update unavailable,
,2019-05,Lancashire Constabulary,Lancashire Constabulary,-2.225127,53.787258,On or near Irene Street,E01024864,Burnley 007D,Anti-social behaviour,,
ab7146ee07eae38753a6ce77e58f5c12b24190fbf6f2cbcc2c45bb337038b986,2019-05,Lancashire Constabulary,Lancashire Constabulary,-2.225127,53.787258,On or near Irene Street,E01024864,Burnley 007D,Burglary,Status update unavailable,
8cf150724dc927e54fc1dd55eda5b7ef994391430367ec3157dcf032e93db5aa,2019-05,Lancashire Constabulary,Lancashire Constabulary,-2.227421,53.787532,On or near Mizpah Street,E01024864,Burnley 007D,Burglary,Status update unavailable,
f5d94220b19f4e54723a1be951abf3c75bb92cda0f26c8bc737f5239814ef77d,2019-05,Lancashire Constabulary,Lancashire Constabulary,-2.225613,53.787302,On or near Lyndhurst Road,E01024864,Burnley 007D,Criminal damage and arson,Awaiting court outcome,
55c29c6225b6fc79c3897d473c369da98dd36012dec5202a455339057d55b425,2019-05,Lancashire Constabulary,Lancashire Constabulary,-2.224904,53.788013,On or near Stroyan Street,E01024864,Burnley 007D,Criminal damage and arson,Status update unavailable,
bed1275ff63793fb33ad149f8ed5f26c118c0b39b62d3dd034fe4d7559d18ce1,2019-05,Lancashire Constabulary,Lancashire Constabulary,-2.224904,53.788013,On or near Stroyan Street,E01024864,Burnley 007D,Public order,Status update unavailable,
2978460c7d878a9a7eab5f0e35484dd74576edd39cd79db402431d90d73a7a2e,2019-05,Lancashire Constabulary,Lancashire Constabulary,-2.225127,53.787258,On or near Irene Street,E01024864,Burnley 007D,Violence and sexual offences,Formal action is not in the public interest,
79e2f2ba10695cf4adc5b3815a1edff310a16db911fb84afd568e26a8054a28b,2019-05,Lancashire Constabulary,Lancashire Constabulary,-2.227421,53.787532,On or near Mizpah Street,E01024864,Burnley 007D,Violence and sexual offences,Status update unavailable,
f48e893927f4dcc0cd4b36654612e8d46d1d80f2ac6f6ed867088cb6b26ccaf6,2019-05,Lancashire Constabulary,Lancashire Constabulary,-2.225613,53.787302,On or near Lyndhurst Road,E01024864,Burnley 007D,Violence and sexual offences,Awaiting court outcome,
48e96c88a6044313a89680b176fd61725bd8e9fcbce472f5e96e02270499800a,2019-05,Lancashire Constabulary,Lancashire Constabulary,-2.225214,53.786431,On or near Olympia Street,E01024864,Burnley 007D,Violence and sexual offences,Status update unavailable,
,2019-05,Lancashire Constabulary,Lancashire Constabulary,-2.217710,53.788161,On or near Waddington Avenue,E01024863,Burnley 008A,Anti-social behaviour,,
,2019-05,Lancashire Constabulary,Lancashire Constabulary,-2.217710,53.788161,On or near Waddington Avenue,E01024863,Burnley 008A,Anti-social behaviour,,
,2019-05,Lancashire Constabulary,Lancashire Constabulary,-2.221565,53.785305,On or near Morse Street,E01024863,Burnley 008A,Anti-social behaviour,,
,2019-05,Lancashire Constabulary,Lancashire Constabulary,-2.222021,53.785313,On or near Culshaw Street,E01024863,Burnley 008A,Anti-social behaviour,,
,2019-05,Lancashire Constabulary,Lancashire Constabulary,-2.215318,53.789325,On or near Bronte Avenue,E01024863,Burnley 008A,Anti-social behaviour,,
,2019-05,Lancashire Constabulary,Lancashire Constabulary,-2.221561,53.784469,On or near Darnley Street,E01024863,Burnley 008A,Anti-social behaviour,,
,2019-05,Lancashire Constabulary,Lancashire Constabulary,-2.217710,53.788161,On or near Waddington Avenue,E01024863,Burnley 008A,Anti-social behaviour,,
1e11a64af8bf630d1881e1200dac02eda185ad607ee084b27ce683eecb6ee621,2019-05,Lancashire Constabulary,Lancashire Constabulary,-2.220954,53.787374,On or near Wycoller Avenue,E01024863,Burnley 008A,Burglary,Investigation complete; no suspect identified,
f2738b82ebc04baa826b638434cadbd3eb432f506d2609ae571dce6242d1a0e2,2019-05,Lancashire Constabulary,Lancashire Constabulary,-2.221018,53.788056,On or near Downham Grove,E01024863,Burnley 008A,Burglary,Unable to prosecute suspect,
062897033d8af753075d3d04b832611886e743a15815d86373d12859da22e4f5,2019-05,Lancashire Constabulary,Lancashire Constabulary,-2.218706,53.787135,On or near Roughlee Grove,E01024863,Burnley 008A,Burglary,Awaiting court outcome,
0e2590d3a84482e3abf378466a1b608bb24701f518795bc39b2664bb962fdf02,2019-05,Lancashire Constabulary,Lancashire Constabulary,-2.222021,53.785313,On or near Culshaw Street,E01024863,Burnley 008A,Burglary,Unable to prosecute suspect,
e990b33a9b8f649a84464982ac28ab98d2a53e7edb182436e93bf4bcf7ce8bed,2019-05,Lancashire Constabulary,Lancashire Constabulary,-2.221561,53.784469,On or near Darnley Street,E01024863,Burnley 008A,Burglary,Awaiting court outcome,
080551b93bdd94f5f8c141310c672484385bb752ea524b51e68e27ca2203d3f5,2019-05,Lancashire Constabulary,Lancashire Constabulary,-2.220954,53.787374,On or near Wycoller Avenue,E01024863,Burnley 008A,Criminal damage and arson,Unable to prosecute suspect,
39b4adf3d0ecdb4d3dc07604e306bae565c08663251bfd584ba1948a8e4c2dc6,2019-05,Lancashire Constabulary,Lancashire Constabulary,-2.213522,53.788358,On or near Extwistle Square,E01024863,Burnley 008A,Other theft,Further investigation is not in the public interest,
c9ed42c746799ae2658f04ac4a9b35810270c69834ee3f932b3b1ceadf848cbc,2019-05,Lancashire Constabulary,Lancashire Constabulary,-2.221018,53.788056,On or near Downham Grove,E01024863,Burnley 008A,Other theft,Status update unavailable,
0cfa5f91774da9d947e873af8ff47a069c8754caeef738e98c08842b46b9bda9,2019-05,Lancashire Constabulary,Lancashire Constabulary,-2.220954,53.787374,On or near Wycoller Avenue,E01024863,Burnley 008A,Other theft,Unable to prosecute suspect,
5cbd662911fef62100ac3561e74d862c5edb1a84f0ed7de81c389c26fbbbae0b,2019-05,Lancashire Constabulary,Lancashire Constabulary,-2.213522,53.788358,On or near Extwistle Square,E01024863,Burnley 008A,Other theft,Status update unavailable,
7c354f3a74afdfc6da2e27ea01990db42c1384c43a0f806befd670e879e0b8a1,2019-05,Lancashire Constabulary,Lancashire Constabulary,-2.213522,53.788358,On or near Extwistle Square,E01024863,Burnley 008A,Other theft,Status update unavailable,
7a2af6032bfe69e06c62231ebd6eb9af02145e078a05c60a353d401b5328cc77,2019-05,Lancashire Constabulary,Lancashire Constabulary,-2.219151,53.785103,On or near Ribchester Avenue,E01024863,Burnley 008A,Vehicle crime,Status update unavailable,
24c7a1057ef400ab5bee3c53918fc5f04d269ad6c32406c8f6da2ffb398b96b2,2019-05,Lancashire Constabulary,Lancashire Constabulary,-2.220954,53.787374,On or near Wycoller Avenue,E01024863,Burnley 008A,Vehicle crime,Status update unavailable,
9ae07f8ea9bc328dc4776dd6dd82d7faa12fe5263aaf54f005295b0dc1a7fdf1,2019-05,Lancashire Constabulary,Lancashire Constabulary,-2.221018,53.788056,On or near Downham Grove,E01024863,Burnley 008A,Violence and sexual offences,Status update unavailable,
597a5c11ba8c8a8a7ec13d483a619098c3e44b866a3bcce86fbda452538df9bb,2019-05,Lancashire Constabulary,Lancashire Constabulary,-2.218706,53.787135,On or near Roughlee Grove,E01024863,Burnley 008A,Violence and sexual offences,Status update unavailable,
32ad11d495163258bdd1521ed838d3ba93c0e7a9962968bdeb46ef220458f63a,2019-05,Lancashire Constabulary,Lancashire Constabulary,-2.220954,53.787374,On or near Wycoller Avenue,E01024863,Burnley 008A,Violence and sexual offences,Awaiting court outcome,
273744154f60c12ac38bb025a805e57eafd2ae07992a8f6d83a57400162a63ff,2019-05,Lancashire Constabulary,Lancashire Constabulary,-2.218706,53.787135,On or near Roughlee Grove,E01024863,Burnley 008A,Violence and sexual offences,Status update unavailable,
136e86b7637f4ecfd8c2bb87b2337349c6e3c4c24fbc785ce25c3b8409fe3d8d,2019-05,Lancashire Constabulary,Lancashire Constabulary,-2.221018,53.788056,On or near Downham Grove,E01024863,Burnley 008A,Other crime,Unable to prosecute suspect,
,2019-05,Lancashire Constabulary,Lancashire Constabulary,-2.224511,53.791259,On or near Brownhill Avenue,E01024865,Burnley 008B,Anti-social behaviour,,
,2019-05,Lancashire Constabulary,Lancashire Constabulary,-2.224511,53.791259,On or near Brownhill Avenue,E01024865,Burnley 008B,Anti-social behaviour,,
,2019-05,Lancashire Constabulary,Lancashire Constabulary,-2.227601,53.790057,On or near Browsholme Avenue,E01024865,Burnley 008B,Anti-social behaviour,,
,2019-05,Lancashire Constabulary,Lancashire Constabulary,-2.222021,53.791048,On or near Edgeworth Grove,E01024865,Burnley 008B,Anti-social behaviour,,
,2019-05,Lancashire Constabulary,Lancashire Constabulary,-2.222021,53.791048,On or near Edgeworth Grove,E01024865,Burnley 008B,Anti-social behaviour,,
,2019-05,Lancashire Constabulary,Lancashire Constabulary,-2.224511,53.791259,On or near Brownhill Avenue,E01024865,Burnley 008B,Anti-social behaviour,,
,2019-05,Lancashire Constabulary,Lancashire Constabulary,-2.222021,53.791048,On or near Edgeworth Grove,E01024865,Burnley 008B,Anti-social behaviour,,
6e10415d5a0f5e214c65a2c27c922088f446e100e87319b573a94c61785fbff6,2019-05,Lancashire Constabulary,Lancashire Constabulary,-2.227078,53.788782,On or near Brandwood Grove,E01024865,Burnley 008B,Burglary,Status update unavailable,
8e621a74eba7119813d5f48b51a0d19e0c26947c0a2b65dd8a689f05fdc06ade,2019-05,Lancashire Constabulary,Lancashire Constabulary,-2.224511,53.791259,On or near Brownhill Avenue,E01024865,Burnley 008B,Criminal damage and arson,Status update unavailable,
f622793aa18a3f8fd229963ddd3af1c70e5e547404ec8c884953347039cf243a,2019-05,Lancashire Constabulary,Lancashire Constabulary,-2.224202,53.790154,On or near Carholme Avenue,E01024865,Burnley 008B,Criminal damage and arson,Status update unavailable,
a51bedd2447da5f2e7c336ed974be15f2ba0ded4b482a286ad1d3c3206129e87,2019-05,Lancashire Constabulary,Lancashire Constabulary,-2.225153,53.789271,On or near Barley Grove,E01024865,Burnley 008B,Public order,Unable to prosecute suspect,
f946c5612cd4d26a2f49c1fc4b436e25b9b029f74516711d7bd38499f37789e1,2019-05,Lancashire Constabulary,Lancashire Constabulary,-2.227601,53.790057,On or near Browsholme Avenue,E01024865,Burnley 008B,Violence and sexual offences,Unable to prosecute suspect,
673998a1738902b2f3db9da41e16258f8b821df75e4ffd46e6e6e68bdd3784cc,2019-05,Lancashire Constabulary,Lancashire Constabulary,-2.224511,53.791259,On or near Brownhill Avenue,E01024865,Burnley 008B,Violence and sexual offences,Unable to prosecute suspect,
77d5d03974871a0774f059c04718e3f38f15bc88484e050b6b40ef94bc4f9dbb,2019-05,Lancashire Constabulary,Lancashire Constabulary,-2.220614,53.792084,On or near Ridge Avenue,E01024865,Burnley 008B,Violence and sexual offences,Unable to prosecute suspect,
f2bf92e38c7c96dd4f0a480969e096181d3f2a26390ae48bf70609612116f509,2019-05,Lancashire Constabulary,Lancashire Constabulary,-2.222021,53.791048,On or near Edgeworth Grove,E01024865,Burnley 008B,Violence and sexual offences,Status update unavailable,
47a17bfe082ce9e3ff65e7fe6169539589df83444a0ebd19825d47ce094f8fe3,2019-05,Lancashire Constabulary,Lancashire Constabulary,-2.224511,53.791259,On or near Brownhill Avenue,E01024865,Burnley 008B,Violence and sexual offences,Status update unavailable,
9191a084547135115c7391dce0408c0b27a5e887fae31ecd7e017a6d7347aa7e,2019-05,Lancashire Constabulary,Lancashire Constabulary,-2.222021,53.791048,On or near Edgeworth Grove,E01024865,Burnley 008B,Other crime,Status update unavailable,
,2019-05,Lancashire Constabulary,Lancashire Constabulary,-2.215916,53.787562,On or near Rimington Avenue,E01024866,Burnley 008C,Anti-social behaviour,,
,2019-05,Lancashire Constabulary,Lancashire Constabulary,-2.207869,53.784053,On or near Springwood Road,E01024866,Burnley 008C,Anti-social behaviour,,
ba566c2363840a73e92b33d3776b1d1ff8502d21dcd51f96c67ec67e205a8d22,2019-05,Lancashire Constabulary,Lancashire Constabulary,-2.222759,53.781348,On or near Sports/Recreation Area,E01024866,Burnley 008C,Bicycle theft,Status update unavailable,
acfde74ab804856ed78ee557e6a4649df466769882298e69c8440d2552d913ae,2019-05,Lancashire Constabulary,Lancashire Constabulary,-2.216051,53.784246,On or near Grindleton Grove,E01024866,Burnley 008C,Public order,Unable to prosecute suspect,
d2f21cd631a2cb04f04c348b3f62455c1d15fbb79486d128765b9e272e3c54ed,2019-05,Lancashire Constabulary,Lancashire Constabulary,-2.212558,53.786867,On or near Chiltern Avenue,E01024866,Burnley 008C,Vehicle crime,Status update unavailable,
ea955a513227d44386b16e3a20f7ea344f3e10bdd9fc626298c7caabe99fc6f2,2019-05,Lancashire Constabulary,Lancashire Constabulary,-2.214310,53.785121,On or near Belmont Grove,E01024866,Burnley 008C,Violence and sexual offences,Awaiting court outcome,
8bb07fd5163da8d378bcf3319fca73c24965503f26a240648748e0dd54a1218c,2019-05,Lancashire Constabulary,Lancashire Constabulary,-2.214310,53.785121,On or near Belmont Grove,E01024866,Burnley 008C,Violence and sexual offences,Awaiting court outcome,
f5449bf0fb139636fd100e558aa161ff2b9b6351416f44c252c5954fc100feb4,2019-05,Lancashire Constabulary,Lancashire Constabulary,-2.212558,53.786867,On or near Chiltern Avenue,E01024866,Burnley 008C,Violence and sexual offences,Status update unavailable,
fa8dcbe2e4645a463308429b9b13e250dcdf5876fcae5ee96176f01b1c1bc83b,2019-05,Lancashire Constabulary,Lancashire Constabulary,-2.222759,53.781348,On or near Sports/Recreation Area,E01024866,Burnley 008C,Violence and sexual offences,Status update unavailable,
83fa76ee87e6e5a11d6d50721876d6dc4b57b0d055da485231110a8903369b14,2019-05,Lancashire Constabulary,Lancashire Constabulary,-2.222759,53.781348,On or near Sports/Recreation Area,E01024866,Burnley 008C,Violence and sexual offences,Status update unavailable,
e4aed8afbdecaf6e9e3a9b613e36e40d1088a555dc78075c3401fb10453535c2,2019-05,Lancashire Constabulary,Lancashire Constabulary,-2.214310,53.785121,On or near Belmont Grove,E01024866,Burnley 008C,Violence and sexual offences,Unable to prosecute suspect,
b2d10172095c93724754e79fad16667fcb27a20b13543bbfa649d828ffc72f80,2019-05,Lancashire Constabulary,Lancashire Constabulary,-2.208749,53.786982,On or near Thornton Crescent,E01024867,Burnley 008D,Criminal damage and arson,Unable to prosecute suspect,
0601eac8cd9b9363a631e684612f9f46d0facae3a59d6bab0cbc94a004652812,2019-05,Lancashire Constabulary,Lancashire Constabulary,-2.201313,53.790347,On or near Goldfield Avenue,E01024867,Burnley 008D,Other theft,Status update unavailable,
eec8c94b6be0394af3e4fd2945c735d3afe2e6aa69817471d3af00e269d41960,2019-05,Lancashire Constabulary,Lancashire Constabulary,-2.200648,53.787886,On or near Duncan Close,E01024867,Burnley 008D,Vehicle crime,Status update unavailable,
61a3da10ae5b3cd3c107c57864ffbfe0fe80cd5a6104da286ee47f4b1694a6b3,2019-05,Lancashire Constabulary,Lancashire Constabulary,-2.208307,53.786641,On or near Mayfair Road,E01024867,Burnley 008D,Vehicle crime,Status update unavailable,
0ccfaf1e2e075a2125a2550f37b055d45fe12f15ac9c45cc31450070f02b4a05,2019-05,Lancashire Constabulary,Lancashire Constabulary,-2.200731,53.811470,On or near Thursden Avenue,E01024860,Burnley 009A,Violence and sexual offences,Status update unavailable,
f5de21651525439024df5e3131a97abf158bcb53a5d05aee3bcd8ecceaf798c5,2019-05,Lancashire Constabulary,Lancashire Constabulary,-2.182688,53.779960,On or near Spenser Close,E01024868,Burnley 009B,Criminal damage and arson,Unable to prosecute suspect,
19545d0d189fac6b71d9c2c82e9acfc4d4900563d8ee13c4262781a060d8db13,2019-05,Lancashire Constabulary,Lancashire Constabulary,-2.191660,53.787244,On or near Clegg Street,E01024868,Burnley 009B,Other theft,Status update unavailable,
0bcb6afdb0f60b76a5d3f18f987b0c2d0f8b26558349c515350930b46880b65b,2019-05,Lancashire Constabulary,Lancashire Constabulary,-2.182688,53.779960,On or near Spenser Close,E01024868,Burnley 009B,Violence and sexual offences,Status update unavailable,
,2019-05,Lancashire Constabulary,Lancashire Constabulary,-2.206322,53.787346,On or near Daisy Bank Crescent,E01024869,Burnley 009C,Anti-social behaviour,,
d8bbe538b23110eb31f36e7a341c17de7151d17edb7f61df938f4914f7c5f328,2019-05,Lancashire Constabulary,Lancashire Constabulary,-2.208250,53.787414,On or near Delma Road,E01024869,Burnley 009C,Vehicle crime,Status update unavailable,
9c1dbbe1d6c514f9fb324a601d873e992857fbcdf56315c91bdf58e3b66c4b5e,2019-05,Lancashire Constabulary,Lancashire Constabulary,-2.206322,53.787346,On or near Daisy Bank Crescent,E01024869,Burnley 009C,Violence and sexual offences,Unable to prosecute suspect,
715d5d3d04a236ef06dc3db38fa11c491d857fe1ace9b942afade707a8a8a8fa,2019-05,Lancashire Constabulary,Lancashire Constabulary,-2.206322,53.787346,On or near Daisy Bank Crescent,E01024869,Burnley 009C,Violence and sexual offences,Status update unavailable,
67c49cfec7244b8cc4221db99f74b64a447104dd8b3600551cc4cbd21fee8438,2019-05,Lancashire Constabulary,Lancashire Constabulary,-2.205144,53.782234,On or near Hall Park Avenue,E01024869,Burnley 009C,Violence and sexual offences,Status update unavailable,
e68856d597466cdc3a96dfdbf0c635e40307193f7fde8cdcdf41d0860b86603a,2019-05,Lancashire Constabulary,Lancashire Constabulary,-2.207301,53.767346,On or near Barcroft Green,E01024870,Burnley 009D,Criminal damage and arson,Status update unavailable,
de90f964e4dd31a955057fd246d7de3d5d9392e5a98b49b2a92044a456b03bc9,2019-05,Lancashire Constabulary,Lancashire Constabulary,-2.216812,53.758314,On or near Bacup Road,E01024870,Burnley 009D,Violence and sexual offences,Status update unavailable,
161313158c12f9ad40e0a0cfdab3568dd681e97c041b625f7dc10d55e4e0d704,2019-05,Lancashire Constabulary,Lancashire Constabulary,-2.196538,53.762537,On or near Sunnyfield Avenue,E01024870,Burnley 009D,Violence and sexual offences,Status update unavailable,
,2019-05,Lancashire Constabulary,Lancashire Constabulary,-2.264898,53.783177,On or near Elgin Crescent,E01024872,Burnley 010A,Anti-social behaviour,,
,2019-05,Lancashire Constabulary,Lancashire Constabulary,-2.268736,53.778171,On or near The Oval,E01024872,Burnley 010A,Anti-social behaviour,,
,2019-05,Lancashire Constabulary,Lancashire Constabulary,-2.265008,53.783671,On or near Lanark Street,E01024872,Burnley 010A,Anti-social behaviour,,
,2019-05,Lancashire Constabulary,Lancashire Constabulary,-2.262903,53.782085,On or near Melrose Avenue,E01024872,Burnley 010A,Anti-social behaviour,,
,2019-05,Lancashire Constabulary,Lancashire Constabulary,-2.265736,53.776470,On or near Ayr Grove,E01024872,Burnley 010A,Anti-social behaviour,,
,2019-05,Lancashire Constabulary,Lancashire Constabulary,-2.268736,53.778171,On or near The Oval,E01024872,Burnley 010A,Anti-social behaviour,,
d8706b6a38fc441c4e19967066fff14226300eea5a9922f992ed48a8b836aef6,2019-05,Lancashire Constabulary,Lancashire Constabulary,-2.263339,53.779046,On or near Cog Lane,E01024872,Burnley 010A,Burglary,Status update unavailable,
7aad338a2c3473825c6b2906248d1a6ee38d306c5fd885e82e9d6c8101a9a012,2019-05,Lancashire Constabulary,Lancashire Constabulary,-2.264039,53.781714,On or near Greenock Street,E01024872,Burnley 010A,Criminal damage and arson,Unable to prosecute suspect,
032f3ba047be50139ca8c15d258d47f47f70afcd355cad61883b43b89a81e819,2019-05,Lancashire Constabulary,Lancashire Constabulary,-2.264898,53.783177,On or near Elgin Crescent,E01024872,Burnley 010A,Criminal damage and arson,Status update unavailable,
d4b046b0877e68da87816cbb31e3f7b3318fb42feeee994e7a1eb913f3534ca1,2019-05,Lancashire Constabulary,Lancashire Constabulary,-2.265008,53.783671,On or near Lanark Street,E01024872,Burnley 010A,Criminal damage and arson,Status update unavailable,
807239e6ececa1d4ae74b207821cf645c3657d8aa28ca3836c3197ea86e25e14,2019-05,Lancashire Constabulary,Lancashire Constabulary,-2.266027,53.784010,On or near Harold Street,E01024872,Burnley 010A,Criminal damage and arson,Status update unavailable,
3071846a1fdee6ccc47be6e5ac0391f5776c92b8aa287261f8a3134718e87287,2019-05,Lancashire Constabulary,Lancashire Constabulary,-2.262147,53.780046,On or near Coal Clough Lane,E01024872,Burnley 010A,Vehicle crime,Status update unavailable,
2ee8ccb5a3674b9421918a45e9ab81af8410bd247feb5ee1e4fe78da8be1622b,2019-05,Lancashire Constabulary,Lancashire Constabulary,-2.268736,53.778171,On or near The Oval,E01024872,Burnley 010A,Vehicle crime,Status update unavailable,
01a410a0e36afd98214c5162d446790c618d8b305a75d988d81704e445d44688,2019-05,Lancashire Constabulary,Lancashire Constabulary,-2.264898,53.783177,On or near Elgin Crescent,E01024872,Burnley 010A,Violence and sexual offences,Status update unavailable,
68e0fd5507216dc024067f723cc99c9e2c9f8e5bf56ff713fcab3c357130461c,2019-05,Lancashire Constabulary,Lancashire Constabulary,-2.264898,53.783177,On or near Elgin Crescent,E01024872,Burnley 010A,Violence and sexual offences,Status update unavailable,
38796786f08a22da53dce0a6319aa92dd92a218b59213614aa005226e461a518,2019-05,Lancashire Constabulary,Lancashire Constabulary,-2.264039,53.781714,On or near Greenock Street,E01024872,Burnley 010A,Violence and sexual offences,Unable to prosecute suspect,
92c3eb4f20205e0bc4f0b1f8b03ae1d99a07b349f3d4e826a0f98cd69ce79714,2019-05,Lancashire Constabulary,Lancashire Constabulary,-2.264898,53.783177,On or near Elgin Crescent,E01024872,Burnley 010A,Violence and sexual offences,Status update unavailable,
8144fe73bb7034b709dad3cdd35422213ede8065e5e75159e908392adb285afd,2019-05,Lancashire Constabulary,Lancashire Constabulary,-2.263339,53.779046,On or near Cog Lane,E01024872,Burnley 010A,Violence and sexual offences,Status update unavailable,
9324813cc21f37071d56dfb33356c4e31bfef869c246916852a26c7a4efefb75,2019-05,Lancashire Constabulary,Lancashire Constabulary,-2.264039,53.781714,On or near Greenock Street,E01024872,Burnley 010A,Violence and sexual offences,Unable to prosecute suspect,
,2019-05,Lancashire Constabulary,Lancashire Constabulary,-2.271354,53.784043,On or near Woodpecker Hill,E01024899,Burnley 010B,Anti-social behaviour,,
,2019-05,Lancashire Constabulary,Lancashire Constabulary,-2.270500,53.785798,On or near Florence Street,E01024899,Burnley 010B,Anti-social behaviour,,
,2019-05,Lancashire Constabulary,Lancashire Constabulary,-2.277543,53.783544,On or near Padgate Place,E01024899,Burnley 010B,Anti-social behaviour,,
,2019-05,Lancashire Constabulary,Lancashire Constabulary,-2.270500,53.785798,On or near Florence Street,E01024899,Burnley 010B,Anti-social behaviour,,
,2019-05,Lancashire Constabulary,Lancashire Constabulary,-2.277543,53.783544,On or near Padgate Place,E01024899,Burnley 010B,Anti-social behaviour,,
,2019-05,Lancashire Constabulary,Lancashire Constabulary,-2.277543,53.783544,On or near Padgate Place,E01024899,Burnley 010B,Anti-social behaviour,,
,2019-05,Lancashire Constabulary,Lancashire Constabulary,-2.277543,53.783544,On or near Padgate Place,E01024899,Burnley 010B,Anti-social behaviour,,
,2019-05,Lancashire Constabulary,Lancashire Constabulary,-2.271354,53.784043,On or near Woodpecker Hill,E01024899,Burnley 010B,Anti-social behaviour,,
90ce5e89efb541bb71e7de89325d6ac6677a597636649d631b1da82334f71830,2019-05,Lancashire Constabulary,Lancashire Constabulary,-2.282602,53.784422,On or near Bluebell Grove,E01024899,Burnley 010B,Criminal damage and arson,Status update unavailable,
b655a0a043dfd295fafd239795f3900519db1a7975bb82cd1b2e8121d338cbff,2019-05,Lancashire Constabulary,Lancashire Constabulary,-2.270500,53.785798,On or near Florence Street,E01024899,Burnley 010B,Drugs,Status update unavailable,
0f73c66897d430620558fe362dd9a61347d148544bb2bbcd7bca1e32333d6125,2019-05,Lancashire Constabulary,Lancashire Constabulary,-2.271354,53.784043,On or near Woodpecker Hill,E01024899,Burnley 010B,Other theft,Status update unavailable,
9a59734b870750fae5e5ddbe0026770c7ccc1c8851e5a711f5edd0cd0ba7a4dd,2019-05,Lancashire Constabulary,Lancashire Constabulary,-2.277543,53.783544,On or near Padgate Place,E01024899,Burnley 010B,Public order,Status update unavailable,
c4e72be4a3ce20d5a070c35e11743c069fe9785fed64d25e7fc30f37ed0e7b08,2019-05,Lancashire Constabulary,Lancashire Constabulary,-2.276554,53.783222,On or near Helston Close,E01024899,Burnley 010B,Vehicle crime,Status update unavailable,
62d64ff46081a6da3af40ce4e3c7712c91aaa8ee52d3aea1429160351768501e,2019-05,Lancashire Constabulary,Lancashire Constabulary,-2.276354,53.785119,On or near Milbrook Close,E01024899,Burnley 010B,Vehicle crime,Awaiting court outcome,
68e177e44be187b9ffa9fcd5445951583c9d752ae98380f8842372f45b15c859,2019-05,Lancashire Constabulary,Lancashire Constabulary,-2.276786,53.783905,On or near Mere Court,E01024899,Burnley 010B,Violence and sexual offences,Further investigation is not in the public interest,
f1be8714118c349c13f633a7cdac2f4973eee4944088ce24b05e3fe424fce167,2019-05,Lancashire Constabulary,Lancashire Constabulary,-2.270500,53.785798,On or near Florence Street,E01024899,Burnley 010B,Violence and sexual offences,Unable to prosecute suspect,
0d0b456064aff9baaabf4be72d1983bccac18ce7acbe38f5bd5c9ad8649fbdca,2019-05,Lancashire Constabulary,Lancashire Constabulary,-2.276786,53.783905,On or near Mere Court,E01024899,Burnley 010B,Violence and sexual offences,Unable to prosecute suspect,
a5b58a04ba7f2a51ab6cb7c62af25351b9f8e99ba7b42868c626e4ab3d011fdc,2019-05,Lancashire Constabulary,Lancashire Constabulary,-2.271354,53.784043,On or near Woodpecker Hill,E01024899,Burnley 010B,Violence and sexual offences,Status update unavailable,
fb10501e207f3ad772687822f918b0af235ecdde0768c52b7dc51234cd3930c7,2019-05,Lancashire Constabulary,Lancashire Constabulary,-2.271354,53.784043,On or near Woodpecker Hill,E01024899,Burnley 010B,Violence and sexual offences,Unable to prosecute suspect,
9b4ae336f64c70ee27638f312d94ebc396cf75ef78ef0032b7f9e7fceb0815bf,2019-05,Lancashire Constabulary,Lancashire Constabulary,-2.271354,53.784043,On or near Woodpecker Hill,E01024899,Burnley 010B,Violence and sexual offences,Status update unavailable,
9ef5e62989667130799ddfc4653394fb2d96d2a24f2922620bbd03c8b936f1e2,2019-05,Lancashire Constabulary,Lancashire Constabulary,-2.283076,53.787189,On or near Ronald Street,E01024899,Burnley 010B,Violence and sexual offences,Unable to prosecute suspect,
154d469f19039bf697741d745ce89dc0c5278c3edeb65a479bc9df6eac5b1bed,2019-05,Lancashire Constabulary,Lancashire Constabulary,-2.276554,53.783222,On or near Helston Close,E01024899,Burnley 010B,Violence and sexual offences,Unable to prosecute suspect,
9b0916e3d78f4c07ab9aca7c128db8ddb82401599ca89433c3232682d34b4576,2019-05,Lancashire Constabulary,Lancashire Constabulary,-2.276786,53.783905,On or near Mere Court,E01024899,Burnley 010B,Violence and sexual offences,Status update unavailable,
cf960cbe653504bb057b5a198a7d39d54290a7b5450eddb7b011dc3d4c2bc99e,2019-05,Lancashire Constabulary,Lancashire Constabulary,-2.277543,53.783544,On or near Padgate Place,E01024899,Burnley 010B,Violence and sexual offences,Unable to prosecute suspect,
,2019-05,Lancashire Constabulary,Lancashire Constabulary,-2.266243,53.782284,On or near Myrtle Avenue,E01024900,Burnley 010C,Anti-social behaviour,,
,2019-05,Lancashire Constabulary,Lancashire Constabulary,-2.271939,53.783008,On or near Barclay Avenue,E01024900,Burnley 010C,Anti-social behaviour,,
,2019-05,Lancashire Constabulary,Lancashire Constabulary,-2.267583,53.785328,On or near Stoop Street,E01024900,Burnley 010C,Anti-social behaviour,,
,2019-05,Lancashire Constabulary,Lancashire Constabulary,-2.271939,53.783008,On or near Barclay Avenue,E01024900,Burnley 010C,Anti-social behaviour,,
,2019-05,Lancashire Constabulary,Lancashire Constabulary,-2.266243,53.782284,On or near Myrtle Avenue,E01024900,Burnley 010C,Anti-social behaviour,,
,2019-05,Lancashire Constabulary,Lancashire Constabulary,-2.269658,53.782303,On or near Florence Avenue,E01024900,Burnley 010C,Anti-social behaviour,,
f3f8696edaf6e721eb943efb5cd99114cc251762b49dc0f985986db1a3b65122,2019-05,Lancashire Constabulary,Lancashire Constabulary,-2.267583,53.785328,On or near Stoop Street,E01024900,Burnley 010C,Burglary,Status update unavailable,
e863f6eb389d54695e5d38fb89c028defaaf77ca842fdf91b46b315a3dea17ef,2019-05,Lancashire Constabulary,Lancashire Constabulary,-2.272292,53.785992,On or near Petrol Station,E01024900,Burnley 010C,Burglary,Status update unavailable,
579dd14803bb8bcf4f69aa010960a137dc2b643c69f4bee892f113f62cb53aca,2019-05,Lancashire Constabulary,Lancashire Constabulary,-2.267290,53.784556,On or near Cog Lane,E01024900,Burnley 010C,Criminal damage and arson,Status update unavailable,
3412184f3375f30a3237d1bcb9dd5ec72b483be0e0c9dd3f4fceac18c2abcdf2,2019-05,Lancashire Constabulary,Lancashire Constabulary,-2.271939,53.783008,On or near Barclay Avenue,E01024900,Burnley 010C,Criminal damage and arson,Unable to prosecute suspect,
ea88c03fdb9c3449f06ec6030de2f94ff643864a85e3e043bb6621bcd4c5ddff,2019-05,Lancashire Constabulary,Lancashire Constabulary,-2.266243,53.782284,On or near Myrtle Avenue,E01024900,Burnley 010C,Criminal damage and arson,Status update unavailable,
9e4996bdb6a2c306ce79de37d4ed78e6e5eb0ca74c7ab2de74db23c4eca0c8d7,2019-05,Lancashire Constabulary,Lancashire Constabulary,-2.266243,53.782284,On or near Myrtle Avenue,E01024900,Burnley 010C,Criminal damage and arson,Status update unavailable,
edb3a4314551051fd032b7d988021e2628047938765bd085d40447c435ddb2b5,2019-05,Lancashire Constabulary,Lancashire Constabulary,-2.269965,53.785206,On or near Macauley Street,E01024900,Burnley 010C,Other theft,Status update unavailable,
15dcde6d3097c0e76169f147ad9b0fb9bf08587d1f7f1257d77cbf13abb3e6e5,2019-05,Lancashire Constabulary,Lancashire Constabulary,-2.272292,53.785992,On or near Petrol Station,E01024900,Burnley 010C,Other theft,Status update unavailable,
25b06d6a02222130831f1f25745d3305ed66688374b90bc1ffe9dbf21ca12dd7,2019-05,Lancashire Constabulary,Lancashire Constabulary,-2.269965,53.785206,On or near Macauley Street,E01024900,Burnley 010C,Other theft,Status update unavailable,
ed05c5a0d1170b76f7b833cbffd39b294f3bcfab118cc66fffa9226504f2c642,2019-05,Lancashire Constabulary,Lancashire Constabulary,-2.275073,53.781869,On or near Valley Street,E01024900,Burnley 010C,Other theft,Status update unavailable,
ac6b0c86c74f4d3b3d74807c9cb53bfe7513d74ccc0a4e96cb2cf408cd0d2372,2019-05,Lancashire Constabulary,Lancashire Constabulary,-2.275073,53.781869,On or near Valley Street,E01024900,Burnley 010C,Other theft,Status update unavailable,
3c19e9dd87f73bfd19e134ee58641c07544d178ba4b61f566aff7977b6d86a48,2019-05,Lancashire Constabulary,Lancashire Constabulary,-2.267322,53.782470,On or near Heather Bank,E01024900,Burnley 010C,Public order,Further investigation is not in the public interest,
896da6420a55742cfda0717e0b418e8dd7d8ef556b7d8ad63825162f6ca04b31,2019-05,Lancashire Constabulary,Lancashire Constabulary,-2.267750,53.787692,On or near Cowper Street,E01024900,Burnley 010C,Public order,Unable to prosecute suspect,
25d4ad9638147fe9f1ea7b7ecdc1835632bd1eda78ce222c5baa1a2c027dbbfc,2019-05,Lancashire Constabulary,Lancashire Constabulary,-2.266337,53.780298,On or near Sports/Recreation Area,E01024900,Burnley 010C,Vehicle crime,Status update unavailable,
c0acc92270065bdc56d9eb2ec7235034beb60b47f5639445a899a01887bf867d,2019-05,Lancashire Constabulary,Lancashire Constabulary,-2.270758,53.781097,On or near Tiber Avenue,E01024900,Burnley 010C,Violence and sexual offences,Status update unavailable,
9d4447cdc88eee39e8c7b95b2a1000442cc3065071d33031113e0c2fada9412a,2019-05,Lancashire Constabulary,Lancashire Constabulary,-2.272292,53.785992,On or near Petrol Station,E01024900,Burnley 010C,Violence and sexual offences,Awaiting court outcome,
2964f6ddd1eb39dd0cdf07cc6ce5e1dc851fe69d33a6d8c1a833d5b5f7eea4cf,2019-05,Lancashire Constabulary,Lancashire Constabulary,-2.267750,53.787692,On or near Cowper Street,E01024900,Burnley 010C,Violence and sexual offences,Status update unavailable,
57b9ae2e02e66a9f85b249a417ef5409863168d4c0d09ca9f5acc62362068827,2019-05,Lancashire Constabulary,Lancashire Constabulary,-2.269589,53.778627,On or near Olde Back Lane,E01024900,Burnley 010C,Violence and sexual offences,Unable to prosecute suspect,
119a3066d68d146337b5458a2ceb785f736af1f05b5a9339d56738a6d007e84b,2019-05,Lancashire Constabulary,Lancashire Constabulary,-2.268474,53.782306,On or near Cornel Grove,E01024900,Burnley 010C,Violence and sexual offences,Unable to prosecute suspect,
40981cf50f482bf022ab6b14f2fbdc8c66d05002c718aed80682f4fa58259bff,2019-05,Lancashire Constabulary,Lancashire Constabulary,-2.266243,53.782284,On or near Myrtle Avenue,E01024900,Burnley 010C,Violence and sexual offences,Status update unavailable,
b625249e1d835b2a621dcf46450c7080d88aef837d192420ba145c6b0845cd03,2019-05,Lancashire Constabulary,Lancashire Constabulary,-2.269965,53.785206,On or near Macauley Street,E01024900,Burnley 010C,Violence and sexual offences,Further investigation is not in the public interest,
0c901e5744a04857e29b9b066f5c626488e96f9034731cb93874a0a800b7ba63,2019-05,Lancashire Constabulary,Lancashire Constabulary,-2.270857,53.782256,On or near Harold Avenue,E01024900,Burnley 010C,Other crime,Unable to prosecute suspect,
,2019-05,Lancashire Constabulary,Lancashire Constabulary,-2.259195,53.783747,On or near Nairne Street,E01024907,Burnley 010D,Anti-social behaviour,,
,2019-05,Lancashire Constabulary,Lancashire Constabulary,-2.259332,53.783809,On or near Netherby Street,E01024907,Burnley 010D,Anti-social behaviour,,
,2019-05,Lancashire Constabulary,Lancashire Constabulary,-2.256428,53.785316,On or near Queensberry Road,E01024907,Burnley 010D,Anti-social behaviour,,
,2019-05,Lancashire Constabulary,Lancashire Constabulary,-2.257271,53.789162,On or near Dean Street,E01024907,Burnley 010D,Anti-social behaviour,,
,2019-05,Lancashire Constabulary,Lancashire Constabulary,-2.255815,53.784383,On or near Pritchard Street,E01024907,Burnley 010D,Anti-social behaviour,,
,2019-05,Lancashire Constabulary,Lancashire Constabulary,-2.259944,53.786936,On or near Hudson Street,E01024907,Burnley 010D,Anti-social behaviour,,
,2019-05,Lancashire Constabulary,Lancashire Constabulary,-2.255867,53.785453,On or near Raglan Road,E01024907,Burnley 010D,Anti-social behaviour,,
,2019-05,Lancashire Constabulary,Lancashire Constabulary,-2.259944,53.786936,On or near Hudson Street,E01024907,Burnley 010D,Anti-social behaviour,,
,2019-05,Lancashire Constabulary,Lancashire Constabulary,-2.255815,53.784383,On or near Pritchard Street,E01024907,Burnley 010D,Anti-social behaviour,,
0ec670940c8aaefba3be81dfb6064cdecbeeed73a9368afcb0d0fc6f674fca83,2019-05,Lancashire Constabulary,Lancashire Constabulary,-2.255728,53.785003,On or near Grange Street,E01024907,Burnley 010D,Burglary,Unable to prosecute suspect,
75d9bb33a81741f9422e5c6e43406767ff5bfae9e9967280bda70b140b1f4653,2019-05,Lancashire Constabulary,Lancashire Constabulary,-2.257271,53.789162,On or near Dean Street,E01024907,Burnley 010D,Burglary,Status update unavailable,
7d3f44580e0bfb1b81de281df31cfa423bd42425da88860eea65ef2363457139,2019-05,Lancashire Constabulary,Lancashire Constabulary,-2.255815,53.784383,On or near Pritchard Street,E01024907,Burnley 010D,Burglary,Status update unavailable,
3079e110bef64da22cf8f9ea5b7a5ce7369f9119fde0f832bc02dff46c6035eb,2019-05,Lancashire Constabulary,Lancashire Constabulary,-2.255815,53.784383,On or near Pritchard Street,E01024907,Burnley 010D,Criminal damage and arson,Status update unavailable,
b7b03fe502e0ce88d5364782321660f516410800cdcb4a109a970e2dbabfb536,2019-05,Lancashire Constabulary,Lancashire Constabulary,-2.257636,53.784379,On or near Beverley Street,E01024907,Burnley 010D,Criminal damage and arson,Status update unavailable,
188c2b22f6bfcce6bc5d497f50e9f5d81c26848d03ade52dd0f8ae6fb9685d4c,2019-05,Lancashire Constabulary,Lancashire Constabulary,-2.255815,53.784383,On or near Pritchard Street,E01024907,Burnley 010D,Criminal damage and arson,Status update unavailable,
6696e98600aa8e439bd47800dff02449bfcdb753a8d1508bd806de40cf804617,2019-05,Lancashire Constabulary,Lancashire Constabulary,-2.259195,53.783747,On or near Nairne Street,E01024907,Burnley 010D,Criminal damage and arson,Status update unavailable,
29d6963d67216712088392744a77a402429413263d69b410a25e3c7227ec5d4b,2019-05,Lancashire Constabulary,Lancashire Constabulary,-2.255815,53.784383,On or near Pritchard Street,E01024907,Burnley 010D,Criminal damage and arson,Status update unavailable,
a67d0f432b83e63cee84e38ece51e112e77a75fee6cf2560da2c5b9bfcafe0ad,2019-05,Lancashire Constabulary,Lancashire Constabulary,-2.255815,53.784383,On or near Pritchard Street,E01024907,Burnley 010D,Criminal damage and arson,Status update unavailable,
5eb35e257aa5fb42b9ad27146a8228a8095d9009dbeee2e7e7c3114c98aac8e5,2019-05,Lancashire Constabulary,Lancashire Constabulary,-2.255815,53.784383,On or near Pritchard Street,E01024907,Burnley 010D,Criminal damage and arson,Status update unavailable,
a8d6765ad8123f612d766465a5c744f0397f4db4c33c24f2003f97b8c26016b5,2019-05,Lancashire Constabulary,Lancashire Constabulary,-2.259195,53.783747,On or near Nairne Street,E01024907,Burnley 010D,Criminal damage and arson,Status update unavailable,
2abc29bd21b129679f10c15dc394fae9bfb1b65d380e241fdea64ee1b10cf883,2019-05,Lancashire Constabulary,Lancashire Constabulary,-2.259332,53.783809,On or near Netherby Street,E01024907,Burnley 010D,Criminal damage and arson,Status update unavailable,
b0296ed1a9cdd625b73cb3f4ed88d9318914d4febbf944121b40cd8a8f96d5de,2019-05,Lancashire Constabulary,Lancashire Constabulary,-2.255867,53.785453,On or near Raglan Road,E01024907,Burnley 010D,Drugs,Status update unavailable,
de050aa4341702642720c1b19190723a3158dd1ed190708bc63923045c1eb6b4,2019-05,Lancashire Constabulary,Lancashire Constabulary,-2.255728,53.785003,On or near Grange Street,E01024907,Burnley 010D,Other theft,Status update unavailable,
877c5fa052d25304568ca1fe56856c42b236afad9d5d1aaf8b603e8cccb538f2,2019-05,Lancashire Constabulary,Lancashire Constabulary,-2.257727,53.789358,On or near Duckett Street,E01024907,Burnley 010D,Other theft,Status update unavailable,
ba1a49db54e3115c0e11dd81e8b81fc10248a54749ebf0a1cf1d908aeb3cf6be,2019-05,Lancashire Constabulary,Lancashire Constabulary,-2.259944,53.786936,On or near Hudson Street,E01024907,Burnley 010D,Other theft,Status update unavailable,
464f42c4d9afee91c175a0d079f998d59f1b2a202c52fa34748bdcf995ab8383,2019-05,Lancashire Constabulary,Lancashire Constabulary,-2.257271,53.789162,On or near Dean Street,E01024907,Burnley 010D,Violence and sexual offences,Unable to prosecute suspect,
94e61b8e25c22028db0225c704d775cd3e4ea5535ae78cf4df6bba679dbf6666,2019-05,Lancashire Constabulary,Lancashire Constabulary,-2.255867,53.785453,On or near Raglan Road,E01024907,Burnley 010D,Violence and sexual offences,Unable to prosecute suspect,
2c7ac24cea42c6dd372a352160bbf7bd3f2f7116883173b085cb2fcf5d98355c,2019-05,Lancashire Constabulary,Lancashire Constabulary,-2.255815,53.784383,On or near Pritchard Street,E01024907,Burnley 010D,Violence and sexual offences,Unable to prosecute suspect,
53c76f90a042a3f9b7d44a23fae17c4255ae47692f4cc79c69748a15ba098c15,2019-05,Lancashire Constabulary,Lancashire Constabulary,-2.257271,53.789162,On or near Dean Street,E01024907,Burnley 010D,Violence and sexual offences,Status update unavailable,
1b479d08d7a56b70d108f8513304e425002aa6393b00c299a16bb17aefa3e4d2,2019-05,Lancashire Constabulary,Lancashire Constabulary,-2.257636,53.784379,On or near Beverley Street,E01024907,Burnley 010D,Violence and sexual offences,Unable to prosecute suspect,
63eebab4bce40ab15c2c4a6be0441de70cf769195af4ba746233feab7109c9c8,2019-05,Lancashire Constabulary,Lancashire Constabulary,-2.257369,53.785359,On or near Alwin Street,E01024907,Burnley 010D,Violence and sexual offences,Unable to prosecute suspect,
e6e47415feb6b5e14df153e07c863d65db180b103661016a248ad91946e56f96,2019-05,Lancashire Constabulary,Lancashire Constabulary,-2.259944,53.786936,On or near Hudson Street,E01024907,Burnley 010D,Violence and sexual offences,Unable to prosecute suspect,
,2019-05,Lancashire Constabulary,Lancashire Constabulary,-2.260567,53.787096,On or near Westmorland Street,E01024908,Burnley 010E,Anti-social behaviour,,
,2019-05,Lancashire Constabulary,Lancashire Constabulary,-2.262036,53.786671,On or near Howard Street,E01024908,Burnley 010E,Anti-social behaviour,,
,2019-05,Lancashire Constabulary,Lancashire Constabulary,-2.266009,53.788441,On or near Fielden Street,E01024908,Burnley 010E,Anti-social behaviour,,
,2019-05,Lancashire Constabulary,Lancashire Constabulary,-2.262539,53.784539,On or near Harold Street,E01024908,Burnley 010E,Anti-social behaviour,,
,2019-05,Lancashire Constabulary,Lancashire Constabulary,-2.261781,53.787049,On or near Athol Street North,E01024908,Burnley 010E,Anti-social behaviour,,
,2019-05,Lancashire Constabulary,Lancashire Constabulary,-2.262210,53.785358,On or near Paisley Street,E01024908,Burnley 010E,Anti-social behaviour,,
,2019-05,Lancashire Constabulary,Lancashire Constabulary,-2.260557,53.785586,On or near Nairne Street,E01024908,Burnley 010E,Anti-social behaviour,,
,2019-05,Lancashire Constabulary,Lancashire Constabulary,-2.262539,53.784539,On or near Harold Street,E01024908,Burnley 010E,Anti-social behaviour,,
,2019-05,Lancashire Constabulary,Lancashire Constabulary,-2.260567,53.787096,On or near Westmorland Street,E01024908,Burnley 010E,Anti-social behaviour,,
c2bc6b14ce517e76090b699b04f4e9414197f41b1ebef5c4cc6ac63e4c97e459,2019-05,Lancashire Constabulary,Lancashire Constabulary,-2.263263,53.786245,On or near Bruce Street,E01024908,Burnley 010E,Burglary,Status update unavailable,
c5059a912ba6da85f9564048b15fa6b20b480be6c7daf0117a5645617885491b,2019-05,Lancashire Constabulary,Lancashire Constabulary,-2.260567,53.787096,On or near Westmorland Street,E01024908,Burnley 010E,Burglary,Status update unavailable,
45babb8b4ba2488fde00b90bc6c1ca4b2c0a0ef39096b959f2b89e9fdb5ba984,2019-05,Lancashire Constabulary,Lancashire Constabulary,-2.262036,53.786671,On or near Howard Street,E01024908,Burnley 010E,Criminal damage and arson,Investigation complete; no suspect identified,
26cfddfebe2c1883eee51a2c67bbcd95ae44928f650e469b8b8c2eb050bbf867,2019-05,Lancashire Constabulary,Lancashire Constabulary,-2.262036,53.786671,On or near Howard Street,E01024908,Burnley 010E,Criminal damage and arson,Status update unavailable,
58a4a510bfbff3c68fe102337256edf836a7275a073e8112350e8e900bbac391,2019-05,Lancashire Constabulary,Lancashire Constabulary,-2.260911,53.786295,On or near Colin Street,E01024908,Burnley 010E,Criminal damage and arson,Status update unavailable,
2cd6eaed71b1a3a2e32e14c6eb67cfdb9595764e37f89fab49cfbe63489f5d61,2019-05,Lancashire Constabulary,Lancashire Constabulary,-2.262687,53.786319,On or near Arran Street,E01024908,Burnley 010E,Criminal damage and arson,Status update unavailable,
f63b7e92c807abe3fe19dccb3ad1a937f61212afe3e8cb71b27025ef245d04d9,2019-05,Lancashire Constabulary,Lancashire Constabulary,-2.262687,53.786319,On or near Arran Street,E01024908,Burnley 010E,Drugs,Status update unavailable,
87247dc1870ce156018256f24cdd937e7a538e0e2f1a9941298588e2894332ab,2019-05,Lancashire Constabulary,Lancashire Constabulary,-2.260567,53.787096,On or near Westmorland Street,E01024908,Burnley 010E,Other theft,Further investigation is not in the public interest,
be408bd5776b940bb2dea4bf2d1510149fbed8026373e0c2861d9cd2a9a7d764,2019-05,Lancashire Constabulary,Lancashire Constabulary,-2.260911,53.786295,On or near Colin Street,E01024908,Burnley 010E,Public order,Status update unavailable,
8e897d74ad40dc9b0299868895e58564a59ed3becd9781b8396b4c89375ab5c6,2019-05,Lancashire Constabulary,Lancashire Constabulary,-2.267195,53.786327,On or near Cog Lane,E01024908,Burnley 010E,Public order,Status update unavailable,
ebfbf56e16dca3883d2c8986d201cb53ac72f3ff427924523268ae8451c2d564,2019-05,Lancashire Constabulary,Lancashire Constabulary,-2.259260,53.786766,On or near Buck Street,E01024908,Burnley 010E,Robbery,Unable to prosecute suspect,
9c36f51402ac6cbc0e1a56cb89a0c19c1b8e5b2e07fb21e1c2bb3cfe5ed05c1c,2019-05,Lancashire Constabulary,Lancashire Constabulary,-2.260911,53.786295,On or near Colin Street,E01024908,Burnley 010E,Robbery,Unable to prosecute suspect,
f2d6fe882569f38309a445978b2edd311f152ac83c2670ab3366422c700957c1,2019-05,Lancashire Constabulary,Lancashire Constabulary,-2.259260,53.786766,On or near Buck Street,E01024908,Burnley 010E,Theft from the person,Status update unavailable,
69fb38bcdf18e2b7898619492f965eaf12b65af7dc5967805610945a0c983ac1,2019-05,Lancashire Constabulary,Lancashire Constabulary,-2.265350,53.787481,On or near Grove Street,E01024908,Burnley 010E,Theft from the person,Status update unavailable,
c4612783b657167cdeb3bba9602b17c037f6db9b260ccdc7ca47d24881a335d9,2019-05,Lancashire Constabulary,Lancashire Constabulary,-2.261602,53.785224,On or near Girvan Grove,E01024908,Burnley 010E,Vehicle crime,Status update unavailable,
f4149f63020447a7d56387c09c5960551b2b18c403e09c215edaa4c045c99381,2019-05,Lancashire Constabulary,Lancashire Constabulary,-2.262342,53.786948,On or near Elmwood Street,E01024908,Burnley 010E,Vehicle crime,Investigation complete; no suspect identified,
92d5697b50a7ba01c560079b6f3987f55daab7cf08a67dce30e6f1aac945159c,2019-05,Lancashire Constabulary,Lancashire Constabulary,-2.260567,53.787096,On or near Westmorland Street,E01024908,Burnley 010E,Violence and sexual offences,Awaiting court outcome,
4f177197c6a9f5dda72852a0d5fb1dba0ff247ffdb5688ab4506ce39613e4448,2019-05,Lancashire Constabulary,Lancashire Constabulary,-2.260557,53.785586,On or near Nairne Street,E01024908,Burnley 010E,Violence and sexual offences,Unable to prosecute suspect,
72ae03a897e90daa1c0a4f55d1765b167256a59888b65dc121010db7e9a0edec,2019-05,Lancashire Constabulary,Lancashire Constabulary,-2.262687,53.786319,On or near Arran Street,E01024908,Burnley 010E,Violence and sexual offences,Unable to prosecute suspect,
256456bc1aa306385014a6357585115eb3f124bfb8a29693add84a11ac1dba0c,2019-05,Lancashire Constabulary,Lancashire Constabulary,-2.262687,53.786319,On or near Arran Street,E01024908,Burnley 010E,Violence and sexual offences,Status update unavailable,
aed73b9392d75d660ad6f4f597f29074d138d69bc392e7314c31f3d5edd1c82f,2019-05,Lancashire Constabulary,Lancashire Constabulary,-2.259552,53.784977,On or near Ulster Street,E01024908,Burnley 010E,Violence and sexual offences,Unable to prosecute suspect,
10f9cbe2554156260f69a2071252df2f47ef2cc8fd660438ef04124e9c55a633,2019-05,Lancashire Constabulary,Lancashire Constabulary,-2.262687,53.786319,On or near Arran Street,E01024908,Burnley 010E,Violence and sexual offences,Unable to prosecute suspect,
adb46a1f245a2091772d69ab255b9bc80f48b14ae43868f76c038f6ccaf4f244,2019-05,Lancashire Constabulary,Lancashire Constabulary,-2.260557,53.785586,On or near Nairne Street,E01024908,Burnley 010E,Violence and sexual offences,Unable to prosecute suspect,
ccb6682d7ba2cbea59d18f28112b4c69c9b19fdd877492e4a2c882bdec1608fe,2019-05,Lancashire Constabulary,Lancashire Constabulary,-2.261781,53.787049,On or near Athol Street North,E01024908,Burnley 010E,Violence and sexual offences,Unable to prosecute suspect,
c7d5e8aefc514ce1c1bd98ef6a0101760a19e01ff416bde0457cb5a3efc3eb0e,2019-05,Lancashire Constabulary,Lancashire Constabulary,-2.259552,53.784977,On or near Ulster Street,E01024908,Burnley 010E,Violence and sexual offences,Unable to prosecute suspect,
8baa297087667d4f225cf6cb828751986c0768a43dafd6774f27c826196496e2,2019-05,Lancashire Constabulary,Lancashire Constabulary,-2.260911,53.786295,On or near Colin Street,E01024908,Burnley 010E,Violence and sexual offences,Unable to prosecute suspect,
8dfd770d466437f153f4cad529c8e4455fd5338310b8318499ad5ad69c4f1e53,2019-05,Lancashire Constabulary,Lancashire Constabulary,-2.259552,53.784977,On or near Ulster Street,E01024908,Burnley 010E,Violence and sexual offences,Unable to prosecute suspect,
1b6f970307a45b7a75ede194257cac8cf73c6935e3bff8264502bc36e05ca8e8,2019-05,Lancashire Constabulary,Lancashire Constabulary,-2.260911,53.786295,On or near Colin Street,E01024908,Burnley 010E,Violence and sexual offences,Action to be taken by another organisation,
f62ea0370a9b7c596eb8b9cb2e3d5ff70c2b77dbe48081fcb4730e125380e5a9,2019-05,Lancashire Constabulary,Lancashire Constabulary,-2.262539,53.784539,On or near Harold Street,E01024908,Burnley 010E,Violence and sexual offences,Unable to prosecute suspect,
,2019-05,Lancashire Constabulary,Lancashire Constabulary,-2.253673,53.784127,On or near Harriet Street,E01024909,Burnley 010F,Anti-social behaviour,,
,2019-05,Lancashire Constabulary,Lancashire Constabulary,-2.257798,53.791039,On or near Junction Street,E01024909,Burnley 010F,Anti-social behaviour,,
,2019-05,Lancashire Constabulary,Lancashire Constabulary,-2.254894,53.790272,On or near Belle Vue Place,E01024909,Burnley 010F,Anti-social behaviour,,
,2019-05,Lancashire Constabulary,Lancashire Constabulary,-2.248481,53.783796,On or near Chestnut Rise,E01024909,Burnley 010F,Anti-social behaviour,,
,2019-05,Lancashire Constabulary,Lancashire Constabulary,-2.254894,53.790272,On or near Belle Vue Place,E01024909,Burnley 010F,Anti-social behaviour,,
,2019-05,Lancashire Constabulary,Lancashire Constabulary,-2.249041,53.786078,On or near Escar Street,E01024909,Burnley 010F,Anti-social behaviour,,
,2019-05,Lancashire Constabulary,Lancashire Constabulary,-2.249145,53.788289,On or near George Street,E01024909,Burnley 010F,Anti-social behaviour,,
,2019-05,Lancashire Constabulary,Lancashire Constabulary,-2.249173,53.790464,On or near Supermarket,E01024909,Burnley 010F,Anti-social behaviour,,
,2019-05,Lancashire Constabulary,Lancashire Constabulary,-2.257798,53.791039,On or near Junction Street,E01024909,Burnley 010F,Anti-social behaviour,,
,2019-05,Lancashire Constabulary,Lancashire Constabulary,-2.252451,53.792866,On or near Gill Street,E01024909,Burnley 010F,Anti-social behaviour,,
,2019-05,Lancashire Constabulary,Lancashire Constabulary,-2.256455,53.789765,On or near Cranmer Street,E01024909,Burnley 010F,Anti-social behaviour,,
,2019-05,Lancashire Constabulary,Lancashire Constabulary,-2.252451,53.792866,On or near Gill Street,E01024909,Burnley 010F,Anti-social behaviour,,
,2019-05,Lancashire Constabulary,Lancashire Constabulary,-2.256455,53.789765,On or near Cranmer Street,E01024909,Burnley 010F,Anti-social behaviour,,
,2019-05,Lancashire Constabulary,Lancashire Constabulary,-2.255663,53.786900,On or near Bailey Street,E01024909,Burnley 010F,Anti-social behaviour,,
,2019-05,Lancashire Constabulary,Lancashire Constabulary,-2.254894,53.790272,On or near Belle Vue Place,E01024909,Burnley 010F,Anti-social behaviour,,
,2019-05,Lancashire Constabulary,Lancashire Constabulary,-2.254894,53.790272,On or near Belle Vue Place,E01024909,Burnley 010F,Anti-social behaviour,,
,2019-05,Lancashire Constabulary,Lancashire Constabulary,-2.256455,53.789765,On or near Cranmer Street,E01024909,Burnley 010F,Anti-social behaviour,,
,2019-05,Lancashire Constabulary,Lancashire Constabulary,-2.256455,53.789765,On or near Cranmer Street,E01024909,Burnley 010F,Anti-social behaviour,,
,2019-05,Lancashire Constabulary,Lancashire Constabulary,-2.254894,53.790272,On or near Belle Vue Place,E01024909,Burnley 010F,Anti-social behaviour,,
,2019-05,Lancashire Constabulary,Lancashire Constabulary,-2.252116,53.785101,On or near Carlton Road,E01024909,Burnley 010F,Anti-social behaviour,,
,2019-05,Lancashire Constabulary,Lancashire Constabulary,-2.257798,53.791039,On or near Junction Street,E01024909,Burnley 010F,Anti-social behaviour,,
,2019-05,Lancashire Constabulary,Lancashire Constabulary,-2.252116,53.785101,On or near Carlton Road,E01024909,Burnley 010F,Anti-social behaviour,,
,2019-05,Lancashire Constabulary,Lancashire Constabulary,-2.247327,53.786279,On or near Nelson Square,E01024909,Burnley 010F,Anti-social behaviour,,
,2019-05,Lancashire Constabulary,Lancashire Constabulary,-2.248481,53.783796,On or near Chestnut Rise,E01024909,Burnley 010F,Anti-social behaviour,,
,2019-05,Lancashire Constabulary,Lancashire Constabulary,-2.257798,53.791039,On or near Junction Street,E01024909,Burnley 010F,Anti-social behaviour,,
,2019-05,Lancashire Constabulary,Lancashire Constabulary,-2.249145,53.788289,On or near George Street,E01024909,Burnley 010F,Anti-social behaviour,,
,2019-05,Lancashire Constabulary,Lancashire Constabulary,-2.249145,53.788289,On or near George Street,E01024909,Burnley 010F,Anti-social behaviour,,
880f113fe350841fb80325db51491ab2ec6d3592212375c6436f6142ada60cda,2019-05,Lancashire Constabulary,Lancashire Constabulary,-2.254001,53.785609,On or near Palatine Square,E01024909,Burnley 010F,Burglary,Status update unavailable,
036b974ae40838010dfa3cfde2cd54951d6dc2dfb87b51e3ef6588bbc17539a2,2019-05,Lancashire Constabulary,Lancashire Constabulary,-2.251415,53.784572,On or near Manchester Road,E01024909,Burnley 010F,Burglary,Status update unavailable,
9e704075a28ac4010b1f7963122d4dbc6b9af39981fdd9a6312d8a355c05b923,2019-05,Lancashire Constabulary,Lancashire Constabulary,-2.254894,53.790272,On or near Belle Vue Place,E01024909,Burnley 010F,Criminal damage and arson,Unable to prosecute suspect,
b4bfabf2b32dea07e9d3c35fc9005198590101e1884a726a6ad58cfd34cfb989,2019-05,Lancashire Constabulary,Lancashire Constabulary,-2.251678,53.788050,On or near Trafalgar Street,E01024909,Burnley 010F,Criminal damage and arson,Local resolution,
32c7f76eec19ccb2682f7252853d29d69dc0eac4293d600c4fdcb5a124911d6f,2019-05,Lancashire Constabulary,Lancashire Constabulary,-2.252542,53.790349,On or near Hopwood Street,E01024909,Burnley 010F,Criminal damage and arson,Status update unavailable,
3f93b72e3a51adb3e9cd36922cd8a0631a50c34cfc6ef22c324f7281aa6ba321,2019-05,Lancashire Constabulary,Lancashire Constabulary,-2.253565,53.786293,On or near Piccadilly Road,E01024909,Burnley 010F,Criminal damage and arson,Unable to prosecute suspect,
528fd7507e7b85c3bbf2aa0a6a4f6db73a0ada0ebfa7e7d6f6bc997521c0a065,2019-05,Lancashire Constabulary,Lancashire Constabulary,-2.250168,53.784170,On or near Healey Court,E01024909,Burnley 010F,Criminal damage and arson,Unable to prosecute suspect,
2a8462ae88daed3bcac16dc32ccaac9f970df0e2186ec828f8c08f658fc1634e,2019-05,Lancashire Constabulary,Lancashire Constabulary,-2.255663,53.786900,On or near Bailey Street,E01024909,Burnley 010F,Drugs,Unable to prosecute suspect,
59b1304389e23145c02f6e895277311aec7f617c11f583ba5dabce1fbfe09565,2019-05,Lancashire Constabulary,Lancashire Constabulary,-2.249173,53.790464,On or near Supermarket,E01024909,Burnley 010F,Drugs,Formal action is not in the public interest,
6e7b6109ab6a3f09a68c843c2a0914a079c0e72e0e7332cecd278d4790dd67df,2019-05,Lancashire Constabulary,Lancashire Constabulary,-2.252451,53.792866,On or near Gill Street,E01024909,Burnley 010F,Other theft,Unable to prosecute suspect,
a3f4de5a1bfda497c24a153d7bf10802469b5fba19dd4f01bfa5094452d433aa,2019-05,Lancashire Constabulary,Lancashire Constabulary,-2.252451,53.792866,On or near Gill Street,E01024909,Burnley 010F,Other theft,Status update unavailable,
6954685d8275c7acb9a9d62225d02e6c0b49faa5784418208772fa7d0a3deef0,2019-05,Lancashire Constabulary,Lancashire Constabulary,-2.254187,53.786319,On or near Austin Street,E01024909,Burnley 010F,Other theft,Status update unavailable,
4c75ef4411f17ca4fcd26e603a87a9b37d611937bf7756dc849418093cd2a769,2019-05,Lancashire Constabulary,Lancashire Constabulary,-2.255039,53.794119,On or near Pedestrian Subway,E01024909,Burnley 010F,Other theft,Status update unavailable,
f83963d31eb1f2f3e8e6101f7337256652387da22e4f836c4eab58f1e164c8c6,2019-05,Lancashire Constabulary,Lancashire Constabulary,-2.249173,53.790464,On or near Supermarket,E01024909,Burnley 010F,Other theft,Status update unavailable,
1261c55082ba40a116d5c76ba65e3216c2e05a18442502ee93a140ef8e86236e,2019-05,Lancashire Constabulary,Lancashire Constabulary,-2.246234,53.786183,On or near Manchester Road,E01024909,Burnley 010F,Other theft,Status update unavailable,
b5abbe34b3e87fbd89c2ff410daba4151424938c13acd38e4ba0b30846b6f2e7,2019-05,Lancashire Constabulary,Lancashire Constabulary,-2.252451,53.792866,On or near Gill Street,E01024909,Burnley 010F,Other theft,Status update unavailable,
67cc7d017e6f1423e28cc17e279e1fec1c7453880ed682e65efaaca03f6d699c,2019-05,Lancashire Constabulary,Lancashire Constabulary,-2.254187,53.786319,On or near Austin Street,E01024909,Burnley 010F,Other theft,Status update unavailable,
f5306f062c21bd4ece1fadada9be9bb138fa2c2ae170f5aa2b771d21cc0dc67d,2019-05,Lancashire Constabulary,Lancashire Constabulary,-2.253529,53.792962,On or near Back Willow Street,E01024909,Burnley 010F,Other theft,Status update unavailable,
d535ffc36ebc04d94248eabaa4b1ae6ada46a96ed1bfde1262138630d12aa4bc,2019-05,Lancashire Constabulary,Lancashire Constabulary,-2.252302,53.783177,On or near Clevelands Grove,E01024909,Burnley 010F,Other theft,Status update unavailable,
88019d68dd4bfb6064eb4ca1d2b262c000a3d7dcbe1609efd9c05ada0d28ad1e,2019-05,Lancashire Constabulary,Lancashire Constabulary,-2.252008,53.787420,On or near Bevington Close,E01024909,Burnley 010F,Public order,Status update unavailable,
ce3d3d58e573349386bbdbc8f5106def8d16fc10ecaaa59b2e05f72b8a36f3ac,2019-05,Lancashire Constabulary,Lancashire Constabulary,-2.254894,53.790272,On or near Belle Vue Place,E01024909,Burnley 010F,Public order,Status update unavailable,
7b3328d73025ba03297c3afee212af8b9a09ea169e187fe66a67a0387144a6b5,2019-05,Lancashire Constabulary,Lancashire Constabulary,-2.254894,53.790272,On or near Belle Vue Place,E01024909,Burnley 010F,Public order,Unable to prosecute suspect,
b0687c17aa1b6dac103f0ead8f4df6dc5ea974348d60f06896986662bd0ef13f,2019-05,Lancashire Constabulary,Lancashire Constabulary,-2.252116,53.785101,On or near Carlton Road,E01024909,Burnley 010F,Public order,Status update unavailable,
38e2c54c0100068e54c4956063a800691a3a5d4a000b478b83d222d9917089c4,2019-05,Lancashire Constabulary,Lancashire Constabulary,-2.249173,53.790464,On or near Supermarket,E01024909,Burnley 010F,Shoplifting,Unable to prosecute suspect,
59bc7cc1592300c8a8c4d978093e18b3116399559884bc9f15dbcd447c6eb32e,2019-05,Lancashire Constabulary,Lancashire Constabulary,-2.249173,53.790464,On or near Supermarket,E01024909,Burnley 010F,Shoplifting,Action to be taken by another organisation,
52aff31f4f557a209b90829ff0ad2cd95901557bb89100ea0ddf8bd936bbd9be,2019-05,Lancashire Constabulary,Lancashire Constabulary,-2.250690,53.787791,On or near Petrol Station,E01024909,Burnley 010F,Shoplifting,Status update unavailable,
9f5116ffa4c44eb62c220f01e6f7f03129f54d1561eaae41710b7d422a88574f,2019-05,Lancashire Constabulary,Lancashire Constabulary,-2.249173,53.790464,On or near Supermarket,E01024909,Burnley 010F,Shoplifting,Status update unavailable,
4b0e0e2bd9a5d94dd7a0070d79594b2159cf75838fadfb88cf67531ae2b191ae,2019-05,Lancashire Constabulary,Lancashire Constabulary,-2.252302,53.783177,On or near Clevelands Grove,E01024909,Burnley 010F,Vehicle crime,Status update unavailable,
bcf5e45b624014be7663a5257305139b3f466feda1c9c3e79f667fdbba3aff70,2019-05,Lancashire Constabulary,Lancashire Constabulary,-2.256455,53.789765,On or near Cranmer Street,E01024909,Burnley 010F,Vehicle crime,Status update unavailable,
ce655d866e7a67ffa15d82526a445c99b3244bd5fe78ab8a470299885ddc16fd,2019-05,Lancashire Constabulary,Lancashire Constabulary,-2.249173,53.790464,On or near Supermarket,E01024909,Burnley 010F,Violence and sexual offences,Status update unavailable,
3dcae723d36d737fc4994a2a1b0d3133c77872106c3c14f5644c6a72feae2270,2019-05,Lancashire Constabulary,Lancashire Constabulary,-2.252116,53.785101,On or near Carlton Road,E01024909,Burnley 010F,Violence and sexual offences,Status update unavailable,
34b2a423a9a272e9d1876e4bd07fe0bd7e0a9e0cc8ec592109b29ba26ea72e5a,2019-05,Lancashire Constabulary,Lancashire Constabulary,-2.249173,53.790464,On or near Supermarket,E01024909,Burnley 010F,Violence and sexual offences,Status update unavailable,
00e39f9358fccc9e9c93256e0daba37c3ab4d32cc4c6320f5b5a208a0d171f4e,2019-05,Lancashire Constabulary,Lancashire Constabulary,-2.255039,53.794119,On or near Pedestrian Subway,E01024909,Burnley 010F,Violence and sexual offences,Unable to prosecute suspect,
e0671af3f93917636f6e9052854b2437d402270dc60e4db02667f19a418de5fe,2019-05,Lancashire Constabulary,Lancashire Constabulary,-2.256455,53.789765,On or near Cranmer Street,E01024909,Burnley 010F,Violence and sexual offences,Status update unavailable,
80ea1283799ef38c1819b45b5c406abfc5e2e9d89ce8da93ac18115a19aa2f54,2019-05,Lancashire Constabulary,Lancashire Constabulary,-2.246234,53.786183,On or near Manchester Road,E01024909,Burnley 010F,Violence and sexual offences,Status update unavailable,
1d90377010e0fa7fa683fcfa3185c84fbab2591a7210867ea366489dfbe081ab,2019-05,Lancashire Constabulary,Lancashire Constabulary,-2.257798,53.791039,On or near Junction Street,E01024909,Burnley 010F,Violence and sexual offences,Status update unavailable,
a5249fc221d34aadfa50e41accc5041f5f40df00caef0f9c2cf121ff308d128c,2019-05,Lancashire Constabulary,Lancashire Constabulary,-2.249173,53.790464,On or near Supermarket,E01024909,Burnley 010F,Violence and sexual offences,Unable to prosecute suspect,
d166163effe954a3bde8ec4ce7eb07d7954dbe6f0abdc84228634d506de5fdac,2019-05,Lancashire Constabulary,Lancashire Constabulary,-2.256455,53.789765,On or near Cranmer Street,E01024909,Burnley 010F,Violence and sexual offences,Status update unavailable,
39fee8bd8a8e5507272afd0cc6936207316b480307b217f696aed50db852ec9a,2019-05,Lancashire Constabulary,Lancashire Constabulary,-2.251389,53.790477,On or near Shopping Area,E01024909,Burnley 010F,Violence and sexual offences,Status update unavailable,
501ec0c6c165074c821d5b0f689ed0ad6b7898af9f4bd08a72839a781797528c,2019-05,Lancashire Constabulary,Lancashire Constabulary,-2.253391,53.792738,On or near Willow Street,E01024909,Burnley 010F,Violence and sexual offences,Unable to prosecute suspect,
a3ddd98681267fb3a1e7e588680ce6b2e7faa42688a954f0ae526d8717a15953,2019-05,Lancashire Constabulary,Lancashire Constabulary,-2.254894,53.790272,On or near Belle Vue Place,E01024909,Burnley 010F,Violence and sexual offences,Unable to prosecute suspect,
91d3e2dba4c39d558eb20118349422b4b53d451a6a5f3cfb624ae834fe616974,2019-05,Lancashire Constabulary,Lancashire Constabulary,-2.254894,53.790272,On or near Belle Vue Place,E01024909,Burnley 010F,Violence and sexual offences,Unable to prosecute suspect,
16f591978365efac4c195b819d1874f13b5dd3d32d6d816d9b2ac420580fcb94,2019-05,Lancashire Constabulary,Lancashire Constabulary,-2.253391,53.792738,On or near Willow Street,E01024909,Burnley 010F,Violence and sexual offences,Unable to prosecute suspect,
1faa6795ef74894a979956efc6a3a9700594e0a34fa03d9f37cf4afb2fadcafd,2019-05,Lancashire Constabulary,Lancashire Constabulary,-2.256455,53.789765,On or near Cranmer Street,E01024909,Burnley 010F,Violence and sexual offences,Unable to prosecute suspect,
2fa59efd5e266de2e04a2f292b69e595bad41aaede185be2d887ac575d2c8877,2019-05,Lancashire Constabulary,Lancashire Constabulary,-2.246234,53.786183,On or near Manchester Road,E01024909,Burnley 010F,Violence and sexual offences,Status update unavailable,
6757854d1bb9456e6ba1f4d693c665888cd68c1ebbba702c30a7853e1cf7dbaa,2019-05,Lancashire Constabulary,Lancashire Constabulary,-2.256455,53.789765,On or near Cranmer Street,E01024909,Burnley 010F,Violence and sexual offences,Unable to prosecute suspect,
dc091e5a51e60307295c9f1ddb0dc4d78569714dee415405ba3faff634789e41,2019-05,Lancashire Constabulary,Lancashire Constabulary,-2.251389,53.790477,On or near Shopping Area,E01024909,Burnley 010F,Violence and sexual offences,Status update unavailable,
ae0cfa20116f20cf274e173239375601269a99092542f7afb2fbb3ab929ef3bf,2019-05,Lancashire Constabulary,Lancashire Constabulary,-2.257798,53.791039,On or near Junction Street,E01024909,Burnley 010F,Violence and sexual offences,Status update unavailable,
7f73724a93ba39e5391cd8fd0d162f5327938a6ef8140760db8fec1c9e2b1c23,2019-05,Lancashire Constabulary,Lancashire Constabulary,-2.254001,53.785609,On or near Palatine Square,E01024909,Burnley 010F,Violence and sexual offences,Unable to prosecute suspect,
,2019-05,Lancashire Constabulary,Lancashire Constabulary,-2.269674,53.749281,On or near Springfield View,E01024874,Burnley 011A,Anti-social behaviour,,
,2019-05,Lancashire Constabulary,Lancashire Constabulary,-2.278869,53.745602,On or near Oak Street,E01024874,Burnley 011A,Anti-social behaviour,,
ea30de30ccea89cd3dd7de25b6e6c4e3ec09abef1193380c05778dc739c7175c,2019-05,Lancashire Constabulary,Lancashire Constabulary,-2.275184,53.778022,On or near Farrington Road,E01024874,Burnley 011A,Burglary,Status update unavailable,
0a3b64eb49857e7aa7b3f20ead2b548517907fb3fbb4ca2e9de6fe84d3b7458e,2019-05,Lancashire Constabulary,Lancashire Constabulary,-2.273196,53.780246,On or near Farrington Road,E01024874,Burnley 011A,Burglary,Status update unavailable,
7b1aaf148913989f861abb19dbf774114ceff25cc9b7f65dca410baeac8384cd,2019-05,Lancashire Constabulary,Lancashire Constabulary,-2.274166,53.777763,On or near Farrington Court,E01024874,Burnley 011A,Burglary,Status update unavailable,
72cc119c02f8d26cc586e001c841d565aec3200bf22e05ff35c52fdd5064c7e6,2019-05,Lancashire Constabulary,Lancashire Constabulary,-2.259715,53.764763,On or near Manchester Road,E01024874,Burnley 011A,Criminal damage and arson,Status update unavailable,
ace441bb75386b7ba31a27959ba2dd48997fe3d95f1fb70ac190620032a6bfb4,2019-05,Lancashire Constabulary,Lancashire Constabulary,-2.283685,53.744755,On or near Park/Open Space,E01024874,Burnley 011A,Vehicle crime,Status update unavailable,
14cdf31bb90947ff5c3e083df97f496134e4f6cfda52f2508016f41735f2dab8,2019-05,Lancashire Constabulary,Lancashire Constabulary,-2.235377,53.771752,On or near Parking Area,E01024874,Burnley 011A,Violence and sexual offences,Status update unavailable,
c52692d3964ccf188cee8c6c567f9cb9163374d9a918df2be177cba04509c575,2019-05,Lancashire Constabulary,Lancashire Constabulary,-2.278869,53.745602,On or near Oak Street,E01024874,Burnley 011A,Violence and sexual offences,Action to be taken by another organisation,
22b2fef8a94cef34e00d85c7843d32fe7d028de0ad53c235397628a13edc33ec,2019-05,Lancashire Constabulary,Lancashire Constabulary,-2.278869,53.745602,On or near Oak Street,E01024874,Burnley 011A,Violence and sexual offences,Action to be taken by another organisation,
,2019-05,Lancashire Constabulary,Lancashire Constabulary,-2.309004,53.791817,On or near Oxford Close,E01024887,Burnley 011B,Anti-social behaviour,,
,2019-05,Lancashire Constabulary,Lancashire Constabulary,-2.303906,53.792225,On or near Eton Close,E01024887,Burnley 011B,Anti-social behaviour,,
,2019-05,Lancashire Constabulary,Lancashire Constabulary,-2.309004,53.791817,On or near Oxford Close,E01024887,Burnley 011B,Anti-social behaviour,,
,2019-05,Lancashire Constabulary,Lancashire Constabulary,-2.309004,53.791817,On or near Oxford Close,E01024887,Burnley 011B,Anti-social behaviour,,
,2019-05,Lancashire Constabulary,Lancashire Constabulary,-2.309004,53.791817,On or near Oxford Close,E01024887,Burnley 011B,Anti-social behaviour,,
,2019-05,Lancashire Constabulary,Lancashire Constabulary,-2.309537,53.790054,On or near Lancaster Drive,E01024887,Burnley 011B,Anti-social behaviour,,
,2019-05,Lancashire Constabulary,Lancashire Constabulary,-2.307488,53.792126,On or near Trinity Close,E01024887,Burnley 011B,Anti-social behaviour,,
,2019-05,Lancashire Constabulary,Lancashire Constabulary,-2.309004,53.791817,On or near Oxford Close,E01024887,Burnley 011B,Anti-social behaviour,,
,2019-05,Lancashire Constabulary,Lancashire Constabulary,-2.305150,53.790002,On or near Balliol Close,E01024887,Burnley 011B,Anti-social behaviour,,
,2019-05,Lancashire Constabulary,Lancashire Constabulary,-2.306676,53.791095,On or near Cambridge Drive,E01024887,Burnley 011B,Anti-social behaviour,,
,2019-05,Lancashire Constabulary,Lancashire Constabulary,-2.309004,53.791817,On or near Oxford Close,E01024887,Burnley 011B,Anti-social behaviour,,
,2019-05,Lancashire Constabulary,Lancashire Constabulary,-2.311045,53.790697,On or near Malvern Avenue,E01024887,Burnley 011B,Anti-social behaviour,,
,2019-05,Lancashire Constabulary,Lancashire Constabulary,-2.307488,53.792126,On or near Trinity Close,E01024887,Burnley 011B,Anti-social behaviour,,
,2019-05,Lancashire Constabulary,Lancashire Constabulary,-2.309004,53.791817,On or near Oxford Close,E01024887,Burnley 011B,Anti-social behaviour,,
,2019-05,Lancashire Constabulary,Lancashire Constabulary,-2.309004,53.791817,On or near Oxford Close,E01024887,Burnley 011B,Anti-social behaviour,,
,2019-05,Lancashire Constabulary,Lancashire Constabulary,-2.309004,53.791817,On or near Oxford Close,E01024887,Burnley 011B,Anti-social behaviour,,
4fc50456f6f22613876e8919466341be07b3cbc1d4f6fc52efbf9b2f1f6dba8e,2019-05,Lancashire Constabulary,Lancashire Constabulary,-2.309537,53.790054,On or near Lancaster Drive,E01024887,Burnley 011B,Burglary,Status update unavailable,
10509fa9252b3c973ebb7d8576733ed67185ab708267e2e65b1ec51271da8904,2019-05,Lancashire Constabulary,Lancashire Constabulary,-2.315047,53.783972,On or near North Street,E01024887,Burnley 011B,Burglary,Further investigation is not in the public interest,
8c97dfc89b85c6c978177d96ababf308ec74448e92d91b30b37beb379c91dee3,2019-05,Lancashire Constabulary,Lancashire Constabulary,-2.311045,53.790697,On or near Malvern Avenue,E01024887,Burnley 011B,Other theft,Investigation complete; no suspect identified,
a4bb8c0bd2449532fee0363d37a69e3977111647c1ca8a9b576ac7677ff3314c,2019-05,Lancashire Constabulary,Lancashire Constabulary,-2.309004,53.791817,On or near Oxford Close,E01024887,Burnley 011B,Other theft,Unable to prosecute suspect,
0c94f243ccaf0ddeabc0a7c6160918b3c982d1bee08b4f72889856e9c1013b10,2019-05,Lancashire Constabulary,Lancashire Constabulary,-2.306405,53.791446,On or near Rossall Close,E01024887,Burnley 011B,Public order,Unable to prosecute suspect,
c4f21ef64fe3c290aee71d883ff740457ef99ae837894a223057f7c1e07fba92,2019-05,Lancashire Constabulary,Lancashire Constabulary,-2.309004,53.791817,On or near Oxford Close,E01024887,Burnley 011B,Violence and sexual offences,Status update unavailable,
3b1c2213d7a960b7f19cb03ca420f25aeb41364aaaee5aa4b0836d0d16acda17,2019-05,Lancashire Constabulary,Lancashire Constabulary,-2.311045,53.790697,On or near Malvern Avenue,E01024887,Burnley 011B,Violence and sexual offences,Status update unavailable,
7838e4d84cac15df1c6bd6ac75d762cc34609a046ee86eafd9ca21e291bf6db3,2019-05,Lancashire Constabulary,Lancashire Constabulary,-2.309537,53.790054,On or near Lancaster Drive,E01024887,Burnley 011B,Violence and sexual offences,Status update unavailable,
2979fd91badf396482ef0dcf39d16043da62828c846c847a46454c9794592398,2019-05,Lancashire Constabulary,Lancashire Constabulary,-2.309537,53.790054,On or near Lancaster Drive,E01024887,Burnley 011B,Violence and sexual offences,Status update unavailable,
33f14a1f76df1b6b9acc3bbbd468214517313d6ec57801e724db80a333b50b85,2019-05,Lancashire Constabulary,Lancashire Constabulary,-2.311045,53.790697,On or near Malvern Avenue,E01024887,Burnley 011B,Violence and sexual offences,Status update unavailable,
a3bdaf24ad990998a20d3823a45b4385650b0edae6ca79e23836926e7758ab48,2019-05,Lancashire Constabulary,Lancashire Constabulary,-2.307344,53.791057,On or near College Close,E01024887,Burnley 011B,Other crime,Action to be taken by another organisation,
,2019-05,Lancashire Constabulary,Lancashire Constabulary,-2.316648,53.774863,On or near Hameldon Close,E01024888,Burnley 011C,Anti-social behaviour,,
,2019-05,Lancashire Constabulary,Lancashire Constabulary,-2.316783,53.782700,On or near Bridgefield Street,E01024888,Burnley 011C,Anti-social behaviour,,
0ade2b37282fe5512d0645167f20f01ca216ac70048ee96200cc1d75a91562d4,2019-05,Lancashire Constabulary,Lancashire Constabulary,-2.316648,53.774863,On or near Hameldon Close,E01024888,Burnley 011C,Vehicle crime,Status update unavailable,
452b7d0e416a7859b6d41ef6a757d0332e5906511c1b93063f3e8884b52702e5,2019-05,Lancashire Constabulary,Lancashire Constabulary,-2.316648,53.774863,On or near Hameldon Close,E01024888,Burnley 011C,Violence and sexual offences,Unable to prosecute suspect,
f12895879981636ab07c7613e67bdc9a95eb5fb64ae1ebcca1e73010a77614df,2019-05,Lancashire Constabulary,Lancashire Constabulary,-2.318479,53.778193,On or near Lyndale Road,E01024888,Burnley 011C,Violence and sexual offences,Status update unavailable,
1e445a61e6e48be78f23e6332dbf677c14698854038ad53b55de36c252796e0f,2019-05,Lancashire Constabulary,Lancashire Constabulary,-2.317851,53.777458,On or near Kingsway,E01024888,Burnley 011C,Violence and sexual offences,Status update unavailable,
,2019-05,Lancashire Constabulary,Lancashire Constabulary,-2.285101,53.792604,On or near Kiddrow Lane,E01024901,Burnley 011D,Anti-social behaviour,,
,2019-05,Lancashire Constabulary,Lancashire Constabulary,-2.298993,53.790790,On or near Printers Fold,E01024901,Burnley 011D,Anti-social behaviour,,
516e5e0df7bfb9991b05bb61c401d6909f6dbc9f11962229a8882df0d38f7291,2019-05,Lancashire Constabulary,Lancashire Constabulary,-2.285101,53.792604,On or near Kiddrow Lane,E01024901,Burnley 011D,Violence and sexual offences,Status update unavailable,
e74b6b7be5d8e77d778202629824e7ec375b3aa7f1426ee02efc2048e64531d0,2019-05,Lancashire Constabulary,Lancashire Constabulary,-2.289670,53.790364,On or near Holyoake Street,E01024901,Burnley 011D,Violence and sexual offences,Unable to prosecute suspect,
,2019-05,Lancashire Constabulary,Lancashire Constabulary,-2.230423,53.784264,On or near Fair View Road,E01024904,Burnley 014A,Anti-social behaviour,,
,2019-05,Lancashire Constabulary,Lancashire Constabulary,-2.235648,53.776812,On or near Hollin Hill,E01024904,Burnley 014A,Anti-social behaviour,,
,2019-05,Lancashire Constabulary,Lancashire Constabulary,-2.236415,53.781034,On or near Sports/Recreation Area,E01024904,Burnley 014A,Anti-social behaviour,,
,2019-05,Lancashire Constabulary,Lancashire Constabulary,-2.219360,53.775638,On or near The Avenue,E01024904,Burnley 014A,Anti-social behaviour,,
122f0f95ce878965560612ab6fe7e621eca318fe9933c81f1f27d8f469fbf327,2019-05,Lancashire Constabulary,Lancashire Constabulary,-2.234657,53.778710,On or near Brooklands Road,E01024904,Burnley 014A,Public order,Status update unavailable,
2c9c36c701fa03799e527ac93e1a12756fccb98a386d13eeac575983619fa6d4,2019-05,Lancashire Constabulary,Lancashire Constabulary,-2.231837,53.779264,On or near Fairholme Road,E01024904,Burnley 014A,Vehicle crime,Status update unavailable,
ceef1eb83d3452437ff94b94f958bce416da5c0b1ef21e669795ff03693ee801,2019-05,Lancashire Constabulary,Lancashire Constabulary,-2.236359,53.781933,On or near Kirkgate,E01024904,Burnley 014A,Vehicle crime,Status update unavailable,
dbcfbc886b552b6a96c7d04592ebf687476e67d8eb17104c1ba8454c2cbeb848,2019-05,Lancashire Constabulary,Lancashire Constabulary,-2.232829,53.777500,On or near Todmorden Road,E01024904,Burnley 014A,Violence and sexual offences,Status update unavailable,
30413a8296debc954dd4cd962fafd1fd46b2468e995b72bc1154a1d517e3dde0,2019-05,Lancashire Constabulary,Lancashire Constabulary,-2.236834,53.779910,On or near Somerset Street,E01024904,Burnley 014A,Violence and sexual offences,Status update unavailable,
2e8c2226a39e38a7cf01c30025783c41b06c2b22cc5e311a66d5a5fc2d6c9061,2019-05,Lancashire Constabulary,Lancashire Constabulary,-2.235648,53.776812,On or near Hollin Hill,E01024904,Burnley 014A,Violence and sexual offences,Unable to prosecute suspect,
f84a3d7d73f6d63b200f6c13df8c25b22c5e9ef78b52a08c8ffa7d886fcf2082,2019-05,Lancashire Constabulary,Lancashire Constabulary,-2.236359,53.781933,On or near Kirkgate,E01024904,Burnley 014A,Violence and sexual offences,Status update unavailable,
,2019-05,Lancashire Constabulary,Lancashire Constabulary,-2.238032,53.782451,On or near Dall Street,E01024906,Burnley 014B,Anti-social behaviour,,
,2019-05,Lancashire Constabulary,Lancashire Constabulary,-2.235761,53.783552,On or near Springfield Road,E01024906,Burnley 014B,Anti-social behaviour,,
,2019-05,Lancashire Constabulary,Lancashire Constabulary,-2.232760,53.781437,On or near Hampden Street,E01024906,Burnley 014B,Anti-social behaviour,,
,2019-05,Lancashire Constabulary,Lancashire Constabulary,-2.237594,53.782956,On or near Reed Street,E01024906,Burnley 014B,Anti-social behaviour,,
,2019-05,Lancashire Constabulary,Lancashire Constabulary,-2.238407,53.781642,On or near Hollingreave Road,E01024906,Burnley 014B,Anti-social behaviour,,
,2019-05,Lancashire Constabulary,Lancashire Constabulary,-2.245295,53.784064,On or near Healey Row,E01024906,Burnley 014B,Anti-social behaviour,,
,2019-05,Lancashire Constabulary,Lancashire Constabulary,-2.233706,53.782370,On or near Waterloo Road,E01024906,Burnley 014B,Anti-social behaviour,,
,2019-05,Lancashire Constabulary,Lancashire Constabulary,-2.245295,53.784064,On or near Healey Row,E01024906,Burnley 014B,Anti-social behaviour,,
878d1838a3913a1bb72720f65bf3d2cecf9d79b7ce99069630d8624f4b16017d,2019-05,Lancashire Constabulary,Lancashire Constabulary,-2.238032,53.782451,On or near Dall Street,E01024906,Burnley 014B,Burglary,Status update unavailable,
a7c7a33d7f9f04dde5b054c8681b33a94ba2bfc3f4db43d266ff54a0873e2b17,2019-05,Lancashire Constabulary,Lancashire Constabulary,-2.238032,53.782451,On or near Dall Street,E01024906,Burnley 014B,Burglary,Status update unavailable,
3eb428f2b822a87feaf0b87e67aa8a974cd2dba492c9aa7a5742598792b7867e,2019-05,Lancashire Constabulary,Lancashire Constabulary,-2.236166,53.782671,On or near Branch Road,E01024906,Burnley 014B,Burglary,Status update unavailable,
90aed891d3139c79fe45c719de4d94489b766978904c8cc27533d738adf860a6,2019-05,Lancashire Constabulary,Lancashire Constabulary,-2.237594,53.782956,On or near Reed Street,E01024906,Burnley 014B,Burglary,Status update unavailable,
3d0470587e490937628defa38f50b27dc6863a12ff009738fd195c14795f0e5e,2019-05,Lancashire Constabulary,Lancashire Constabulary,-2.238032,53.782451,On or near Dall Street,E01024906,Burnley 014B,Criminal damage and arson,Unable to prosecute suspect,
3da4134515cbbcc8e6f7b564813002d70e48a5c914f4d6182e2994fa79a49262,2019-05,Lancashire Constabulary,Lancashire Constabulary,-2.235928,53.783561,On or near Crowther Street,E01024906,Burnley 014B,Criminal damage and arson,Unable to prosecute suspect,
8fd0f0f7a92d58cd6242813f36d3dbf32df62cfbb12d0baf35fcb2eb1bbd3d05,2019-05,Lancashire Constabulary,Lancashire Constabulary,-2.236742,53.782508,On or near Parkinson Street,E01024906,Burnley 014B,Criminal damage and arson,Unable to prosecute suspect,
ef21c3a6def279876dabc814863b4b747fc46e9e6a37700922365f2ace941025,2019-05,Lancashire Constabulary,Lancashire Constabulary,-2.232760,53.781437,On or near Hampden Street,E01024906,Burnley 014B,Other theft,Status update unavailable,
cfedb251259985478cade4ce0f617ff7618a8e8e9f17a23dec2f1e1d371f70b2,2019-05,Lancashire Constabulary,Lancashire Constabulary,-2.235928,53.783561,On or near Crowther Street,E01024906,Burnley 014B,Other theft,Status update unavailable,
9f1de23c868924e0aa12c6f38b2bb354d908282c9659cbfce7e40117571cc756,2019-05,Lancashire Constabulary,Lancashire Constabulary,-2.238407,53.781642,On or near Hollingreave Road,E01024906,Burnley 014B,Public order,Status update unavailable,
10b5751f394017d55ae6f8b74ec7792dc31a5d73dfbaeed1da76a6b7b5c2cfa6,2019-05,Lancashire Constabulary,Lancashire Constabulary,-2.237594,53.782956,On or near Reed Street,E01024906,Burnley 014B,Public order,Status update unavailable,
7ed4fdb56c4d1eda7321e8a607251d7206fc94b5ce97f77f05c5e7fcd565186a,2019-05,Lancashire Constabulary,Lancashire Constabulary,-2.238032,53.782451,On or near Dall Street,E01024906,Burnley 014B,Violence and sexual offences,Unable to prosecute suspect,
a6be2c34377177e9484dc0777fab4f9a59e4f3c199eb20da6ee195136d3834b6,2019-05,Lancashire Constabulary,Lancashire Constabulary,-2.235928,53.783561,On or near Crowther Street,E01024906,Burnley 014B,Violence and sexual offences,Unable to prosecute suspect,
87307a9f1f713c59d565f69bf0f584ad99b477e3001dc194e80547297e6924d6,2019-05,Lancashire Constabulary,Lancashire Constabulary,-2.236088,53.784900,On or near Kay Gardens,E01024906,Burnley 014B,Violence and sexual offences,Unable to prosecute suspect,
8af222d599cf6688156a203db3bf484e1b7774323760e438620a66ce82e3b316,2019-05,Lancashire Constabulary,Lancashire Constabulary,-2.237594,53.782956,On or near Reed Street,E01024906,Burnley 014B,Violence and sexual offences,Unable to prosecute suspect,
71c78e8e6a623a211a941288f20b2d8bc4b34d9550370bdf5b566ec3334143c6,2019-05,Lancashire Constabulary,Lancashire Constabulary,-2.238032,53.782451,On or near Dall Street,E01024906,Burnley 014B,Violence and sexual offences,Further investigation is not in the public interest,
349d2a983a12446d92cb526b2edbd0d46f4303005a531c64128a746ed3975cbd,2019-05,Lancashire Constabulary,Lancashire Constabulary,-2.236742,53.782508,On or near Parkinson Street,E01024906,Burnley 014B,Violence and sexual offences,Awaiting court outcome,
b5bea3e07b5563144e9e42da4807e87e0298d66260f47cff3a3eaf3c6850f34c,2019-05,Lancashire Constabulary,Lancashire Constabulary,-2.238407,53.781642,On or near Hollingreave Road,E01024906,Burnley 014B,Violence and sexual offences,Unable to prosecute suspect,
7c4d466352bd0cd073e70fd0fa969226c0054c9da7cc851f85fed544118c9e0b,2019-05,Lancashire Constabulary,Lancashire Constabulary,-2.233272,53.783377,On or near Oxford Road,E01024906,Burnley 014B,Violence and sexual offences,Status update unavailable,
5d72607a9be8d0b0da5d23682b4b05a1f8719768f34d7896426632146bf925a9,2019-05,Lancashire Constabulary,Lancashire Constabulary,-2.239151,53.781856,On or near Emily Street,E01024906,Burnley 014B,Violence and sexual offences,Unable to prosecute suspect,
78931005ba2e3580ab4c9976c99cfd0b2d4063159fd88cf2d177fdd39b30ac61,2019-05,Lancashire Constabulary,Lancashire Constabulary,-2.236742,53.782508,On or near Parkinson Street,E01024906,Burnley 014B,Violence and sexual offences,Unable to prosecute suspect,
2cebafd4206ce51731895f269b9dc516049dcf7d89d60939c714cb1ff3ef6497,2019-05,Lancashire Constabulary,Lancashire Constabulary,-2.236742,53.782508,On or near Parkinson Street,E01024906,Burnley 014B,Violence and sexual offences,Unable to prosecute suspect,
159bbb58717d48acc05665d72e24e34bfd3222c763e22a02b5ea491b252247e7,2019-05,Lancashire Constabulary,Lancashire Constabulary,-2.238817,53.784355,On or near Hornby Street,E01024906,Burnley 014B,Violence and sexual offences,Unable to prosecute suspect,
8522af87fb9daf4bfb102c16f7b0eba95aa880b53f8fb16eb91b394af1e71a25,2019-05,Lancashire Constabulary,Lancashire Constabulary,-2.237594,53.782956,On or near Reed Street,E01024906,Burnley 014B,Violence and sexual offences,Unable to prosecute suspect,
85df4eddfea0be1bb3c467ce2711f1966c6454c6edb84520e69b00f14230237f,2019-05,Lancashire Constabulary,Lancashire Constabulary,-2.236166,53.782671,On or near Branch Road,E01024906,Burnley 014B,Violence and sexual offences,Unable to prosecute suspect,
bb1288201e5dda05151a1491a497307fc6a91d1bf84a06af6c4554d81ea5975b,2019-05,Lancashire Constabulary,Lancashire Constabulary,-2.235928,53.783561,On or near Crowther Street,E01024906,Burnley 014B,Violence and sexual offences,Unable to prosecute suspect,
5dfd39a1e4af720756d9ac315f00630392a0ab49a9c0728eb744d2c0536f2ebd,2019-05,Lancashire Constabulary,Lancashire Constabulary,-2.235928,53.783561,On or near Crowther Street,E01024906,Burnley 014B,Violence and sexual offences,Unable to prosecute suspect,
f46819196318defaed879719308bcbeea3ad31c2bb97c389cd46df5889af1594,2019-05,Lancashire Constabulary,Lancashire Constabulary,-2.237621,53.785050,On or near Plumbe Street,E01024906,Burnley 014B,Violence and sexual offences,Local resolution,
6f8f2114d96b279a620723e02d338e6d55568450cde6aa2da36ab825aca4025c,2019-05,Lancashire Constabulary,Lancashire Constabulary,-2.238032,53.782451,On or near Dall Street,E01024906,Burnley 014B,Other crime,Further investigation is not in the public interest,
95258d8bcbbdf7db3c68abcd93226a149073caa2e5cbd69c0dfa45482d222692,2019-05,Lancashire Constabulary,Lancashire Constabulary,-2.238032,53.782451,On or near Dall Street,E01024906,Burnley 014B,Other crime,Further investigation is not in the public interest,
,2019-05,Lancashire Constabulary,Lancashire Constabulary,-2.251884,53.781902,On or near Hawthorne Road,E01024910,Burnley 014C,Anti-social behaviour,,
,2019-05,Lancashire Constabulary,Lancashire Constabulary,-2.254860,53.784637,On or near Herbert Street,E01024910,Burnley 014C,Anti-social behaviour,,
,2019-05,Lancashire Constabulary,Lancashire Constabulary,-2.254860,53.784637,On or near Herbert Street,E01024910,Burnley 014C,Anti-social behaviour,,
,2019-05,Lancashire Constabulary,Lancashire Constabulary,-2.246147,53.781833,On or near Reservoir Street,E01024910,Burnley 014C,Anti-social behaviour,,
,2019-05,Lancashire Constabulary,Lancashire Constabulary,-2.247006,53.783377,On or near Spring Hill Road,E01024910,Burnley 014C,Anti-social behaviour,,
cbb30f25599355d4f30ffe7b531500b24b2defdc526ecd08f0fdabf16885267c,2019-05,Lancashire Constabulary,Lancashire Constabulary,-2.253664,53.785053,On or near Montague Road,E01024910,Burnley 014C,Burglary,Status update unavailable,
794ba707d520a2101b3bc940fe9b409e079bcde2c574a11d25b5770529977574,2019-05,Lancashire Constabulary,Lancashire Constabulary,-2.254011,53.784701,On or near Albion Street,E01024910,Burnley 014C,Burglary,Status update unavailable,
b9ea0d18030194bb7076e8a5ca6e70957ce3dcb2c6fa78954efc4ac4a43fd775,2019-05,Lancashire Constabulary,Lancashire Constabulary,-2.253664,53.785053,On or near Montague Road,E01024910,Burnley 014C,Burglary,Status update unavailable,
1edb0a697c5f5327990ed305c17e56b5a7e79b0417ce84a10d15c3f301695294,2019-05,Lancashire Constabulary,Lancashire Constabulary,-2.253664,53.785053,On or near Montague Road,E01024910,Burnley 014C,Burglary,Status update unavailable,
e4c432e5d1f8a407a8841eea547608fc6e4ff7d5b77581dfda3dd331ba228b0d,2019-05,Lancashire Constabulary,Lancashire Constabulary,-2.246568,53.781149,On or near Evans Street,E01024910,Burnley 014C,Criminal damage and arson,Local resolution,
7745b67d150c1ae560eb720cbe262ec9f3313e636038ec9cc8b3c36ffb7f65d6,2019-05,Lancashire Constabulary,Lancashire Constabulary,-2.254011,53.784701,On or near Albion Street,E01024910,Burnley 014C,Criminal damage and arson,Investigation complete; no suspect identified,
b63f5aef64481ff2180c046f31e4bc40b3823754b12a7da16d71769bf56d5611,2019-05,Lancashire Constabulary,Lancashire Constabulary,-2.253664,53.785053,On or near Montague Road,E01024910,Burnley 014C,Other theft,Status update unavailable,
841c6ad1a260c30cd5835f7c13fdf50194a3044bf8b5f2e8150e932406f89d8c,2019-05,Lancashire Constabulary,Lancashire Constabulary,-2.245921,53.782085,On or near Laithe Street,E01024910,Burnley 014C,Other theft,Status update unavailable,
88aeee3bb956ab22b3bb926760cb8b33096f9b0bf9653ff733d8537806f81e3a,2019-05,Lancashire Constabulary,Lancashire Constabulary,-2.244803,53.782932,On or near Healey Wood Road,E01024910,Burnley 014C,Public order,Awaiting court outcome,
da84cd833dab3ac91881f58baf4442c0381b41fbbc7c4ee38bb887274a2aa8ac,2019-05,Lancashire Constabulary,Lancashire Constabulary,-2.255844,53.784140,On or near St Matthew Street,E01024910,Burnley 014C,Robbery,Status update unavailable,
0b2abef8b30ae3b06fba6d6272b9704fe8292c78f87a81d2bd6e65869133c6e8,2019-05,Lancashire Constabulary,Lancashire Constabulary,-2.247006,53.783377,On or near Spring Hill Road,E01024910,Burnley 014C,Shoplifting,Status update unavailable,
727c0795e904f87d24c1f1329b61483db962956761e1abd0f78cfafc8599b987,2019-05,Lancashire Constabulary,Lancashire Constabulary,-2.254860,53.784637,On or near Herbert Street,E01024910,Burnley 014C,Vehicle crime,Status update unavailable,
5f036b197891cc1dd2d76d532521fa98526a7d1d69364c94e1c48befe183e470,2019-05,Lancashire Constabulary,Lancashire Constabulary,-2.255844,53.784140,On or near St Matthew Street,E01024910,Burnley 014C,Vehicle crime,Status update unavailable,
d0e2236a43c857477a9062a08ded927a5d93946ee281384ec2306316010eb12b,2019-05,Lancashire Constabulary,Lancashire Constabulary,-2.246568,53.781149,On or near Evans Street,E01024910,Burnley 014C,Violence and sexual offences,Unable to prosecute suspect,
d7e9fcaf983c770eea004811e8d5f232fe23b620db9c5937acc76b01acebd7e7,2019-05,Lancashire Constabulary,Lancashire Constabulary,-2.244803,53.782932,On or near Healey Wood Road,E01024910,Burnley 014C,Violence and sexual offences,Status update unavailable,
,2019-05,Lancashire Constabulary,Lancashire Constabulary,-2.255014,53.782533,On or near Scott Park Road,E01024871,Burnley 014D,Anti-social behaviour,,
,2019-05,Lancashire Constabulary,Lancashire Constabulary,-2.256624,53.775160,On or near Parkland View,E01024871,Burnley 014D,Anti-social behaviour,,
,2019-05,Lancashire Constabulary,Lancashire Constabulary,-2.256624,53.775160,On or near Parkland View,E01024871,Burnley 014D,Anti-social behaviour,,
,2019-05,Lancashire Constabulary,Lancashire Constabulary,-2.254918,53.779190,On or near Carr Road,E01024871,Burnley 014D,Anti-social behaviour,,
,2019-05,Lancashire Constabulary,Lancashire Constabulary,-2.256201,53.782935,On or near Scott Park Road,E01024871,Burnley 014D,Anti-social behaviour,,
f4ed053262bd8dd4fd1ec24366bccc84f835ea506a938c27df4120986a940949,2019-05,Lancashire Constabulary,Lancashire Constabulary,-2.255785,53.777040,On or near Marton Drive,E01024871,Burnley 014D,Criminal damage and arson,Status update unavailable,
03002bf60b95fd9a6c002d43027de3e1fbc009f57e4dd65764da8791c8bdae7b,2019-05,Lancashire Constabulary,Lancashire Constabulary,-2.261079,53.781621,On or near Airdrie Crescent,E01024871,Burnley 014D,Criminal damage and arson,Status update unavailable,
9e93f35e48cff20d9b43d8ae99abaa4501313247289413e461b57f95affebdec,2019-05,Lancashire Constabulary,Lancashire Constabulary,-2.258261,53.782427,On or near Durban Grove,E01024871,Burnley 014D,Other theft,Status update unavailable,
8dff21bd684598cee17b4e2590992c351ea813ff4640c1482383b778de939f1b,2019-05,Lancashire Constabulary,Lancashire Constabulary,-2.255785,53.777040,On or near Marton Drive,E01024871,Burnley 014D,Other theft,Status update unavailable,
b346bc1aca74d948c56a4aeb1d933995bac2d9a0a63410d85bb289c2c330f907,2019-05,Lancashire Constabulary,Lancashire Constabulary,-2.256201,53.782935,On or near Scott Park Road,E01024871,Burnley 014D,Other theft,Status update unavailable,
f5b179fbaf7f1f85c7a72d8ec72b6278ee3548a37a8cc2a222e849d395d6e6d1,2019-05,Lancashire Constabulary,Lancashire Constabulary,-2.253931,53.781592,On or near Rosehill Road,E01024871,Burnley 014D,Other theft,Status update unavailable,
00863fa68deb6f0add6e9a6fbfa78d0b46825e7e7c3dd5f581779ab090e142b1,2019-05,Lancashire Constabulary,Lancashire Constabulary,-2.255532,53.772807,On or near Arnold Close,E01024871,Burnley 014D,Violence and sexual offences,Unable to prosecute suspect,
dc5b0a09ee383a43bc29c74031854ecfa84d7b92197304bb800fd9ccadfa5162,2019-05,Lancashire Constabulary,Lancashire Constabulary,-2.261079,53.781621,On or near Airdrie Crescent,E01024871,Burnley 014D,Violence and sexual offences,Unable to prosecute suspect,
9d75cdeafc416278c6efeab63322bd3cf2eccc2ab22840ea45de6a17cc595da9,2019-05,Lancashire Constabulary,Lancashire Constabulary,-2.256201,53.782935,On or near Scott Park Road,E01024871,Burnley 014D,Violence and sexual offences,Unable to prosecute suspect,
98ddca238c10bb1783ec94c263a39c00f3c9abf2992f30fa1f7b1d7fb095f202,2019-05,Lancashire Constabulary,Lancashire Constabulary,-2.256201,53.782935,On or near Scott Park Road,E01024871,Burnley 014D,Violence and sexual offences,Status update unavailable,
54d44461047f70d747086f72471c854bb523327525de97b3bc04b18c1be6fdec,2019-05,Lancashire Constabulary,Lancashire Constabulary,-2.256201,53.782935,On or near Scott Park Road,E01024871,Burnley 014D,Violence and sexual offences,Further investigation is not in the public interest,
,2019-05,Lancashire Constabulary,Lancashire Constabulary,-2.261738,53.777773,On or near Peebles Grove,E01024873,Burnley 014E,Anti-social behaviour,,
39d2c68bc6beab2cd8b73470adb70a91962641cbb43a84065839397593e21384,2019-05,Lancashire Constabulary,Lancashire Constabulary,-2.258293,53.777628,On or near Kelbrook Drive,E01024873,Burnley 014E,Criminal damage and arson,Status update unavailable,
a96f0c815d3cbf7b48f77fcdd41dcfd602d7e7c719dea2114856e85bde260103,2019-05,Lancashire Constabulary,Lancashire Constabulary,-2.261736,53.777423,On or near Forfar Street,E01024873,Burnley 014E,Other theft,Unable to prosecute suspect,
a233dd48592feb497f4f13b617c0e10cc760f47a3a80e83c6ed93681b4abec25,2019-05,Lancashire Constabulary,Lancashire Constabulary,-2.261736,53.777423,On or near Forfar Street,E01024873,Burnley 014E,Violence and sexual offences,Unable to prosecute suspect,
188794f78be3dc13d5be5d66f37be4847292c8fd41ebcdea158a095ce63dc585,2019-05,Lancashire Constabulary,Lancashire Constabulary,-2.258293,53.777628,On or near Kelbrook Drive,E01024873,Burnley 014E,Violence and sexual offences,Status update unavailable,
,2019-05,Lancashire Constabulary,Lancashire Constabulary,-2.246408,53.774597,On or near Glen View Road,E01024903,Burnley 014F,Anti-social behaviour,,
2f72d03ade23f71647da66b4e68410fff5e94a2e526d90d5a6d9b18e679d0a08,2019-05,Lancashire Constabulary,Lancashire Constabulary,-2.250536,53.774633,On or near Tadema Grove,E01024903,Burnley 014F,Drugs,Status update unavailable,
,2019-05,Lancashire Constabulary,Lancashire Constabulary,-2.250579,53.779334,On or near Shaftesbury Avenue,E01024905,Burnley 014G,Anti-social behaviour,,
,2019-05,Lancashire Constabulary,Lancashire Constabulary,-2.250579,53.779334,On or near Shaftesbury Avenue,E01024905,Burnley 014G,Anti-social behaviour,,
,2019-05,Lancashire Constabulary,Lancashire Constabulary,-2.250579,53.779334,On or near Shaftesbury Avenue,E01024905,Burnley 014G,Anti-social behaviour,,
,2019-05,Lancashire Constabulary,Lancashire Constabulary,-2.250579,53.779334,On or near Shaftesbury Avenue,E01024905,Burnley 014G,Anti-social behaviour,,
,2019-05,Lancashire Constabulary,Lancashire Constabulary,-2.250579,53.779334,On or near Shaftesbury Avenue,E01024905,Burnley 014G,Anti-social behaviour,,
,2019-05,Lancashire Constabulary,Lancashire Constabulary,-2.250579,53.779334,On or near Shaftesbury Avenue,E01024905,Burnley 014G,Anti-social behaviour,,
ac1b5ed37b994cffa8b19bdff183ec88dea3d5c7cccc8bf57c9b04d108fd290c,2019-05,Lancashire Constabulary,Lancashire Constabulary,-2.254894,53.780242,On or near Hood House Street,E01024905,Burnley 014G,Burglary,Status update unavailable,
59a518665e0473a6c9da15c24266623264e8fb2a6f3bf731f7e4ddfccab78ed5,2019-05,Lancashire Constabulary,Lancashire Constabulary,-2.250143,53.780045,On or near Rosehill Road,E01024905,Burnley 014G,Burglary,Status update unavailable,
e89082f214e516430c4e5146157dcf1e4f179b11812e992a6c3e62b7feddafc1,2019-05,Lancashire Constabulary,Lancashire Constabulary,-2.250143,53.780045,On or near Rosehill Road,E01024905,Burnley 014G,Burglary,Status update unavailable,
6f3af2ec120a8722833efcf0e7ee361045ed271f525c6298d95f36c750414df0,2019-05,Lancashire Constabulary,Lancashire Constabulary,-2.254501,53.775380,On or near Raeburn Avenue,E01024905,Burnley 014G,Robbery,Status update unavailable,
9dcd3a5843c785e319e8954201c6cc0391d17fabf86a9f61554bb69144f7944d,2019-05,Lancashire Constabulary,Lancashire Constabulary,-2.255443,53.775719,On or near Parkland View,E01024905,Burnley 014G,Vehicle crime,Status update unavailable,
0f9f291e8046bfbda36c8e50a03089a23bfdcda5b63c1ad002303d34305b9101,2019-05,Lancashire Constabulary,Lancashire Constabulary,-2.298970,53.593177,On or near Parks Yard,E01005027,Bury 011B,Drugs,Status update unavailable,
3b0c9368e8f175e762e0c15f2c7267441b6b249b8f04bb124388ee6f99e51b9d,2019-05,Lancashire Constabulary,Lancashire Constabulary,-2.098837,53.712046,On or near Fielden Square,E01010983,Calderdale 013B,Violence and sexual offences,Status update unavailable,
35dd421ba4823bae763c7a96e9f0fdda4c5313619d412a7700809055dc0cf6e2,2019-05,Lancashire Constabulary,Lancashire Constabulary,-2.143787,53.733617,On or near Parkside Close,E01010986,Calderdale 013D,Other theft,Status update unavailable,
c23c097e6bfdac1b270c16dc1f8bb75c320877651c38fad8c9cd85ffd6d9dbfd,2019-05,Lancashire Constabulary,Lancashire Constabulary,-2.362962,53.292279,On or near Lovat Drive,E01018607,Cheshire East 010D,Violence and sexual offences,Status update unavailable,
,2019-05,Lancashire Constabulary,Lancashire Constabulary,-2.655429,53.096237,On or near Badcock'S Lane,E01018481,Cheshire East 051D,Anti-social behaviour,,
68add44e40a18e6e98b696a19cb278f12deb2206d96ab6289f6b9770f2d7c026,2019-05,Lancashire Constabulary,Lancashire Constabulary,-2.943669,53.284225,On or near Briardale Gardens,E01018543,Cheshire West and Chester 008E,Violence and sexual offences,Unable to prosecute suspect,
7123a1514ee68eb6fb39b1ebe8ac4eda90dd77c31cb1a3b8eb88f370381e000c,2019-05,Lancashire Constabulary,Lancashire Constabulary,-2.708575,53.212171,On or near Longley Avenue,E01018350,Cheshire West and Chester 030B,Other theft,Status update unavailable,
,2019-05,Lancashire Constabulary,Lancashire Constabulary,-2.645199,53.713297,On or near Petrol Station,E01024951,Chorley 001A,Anti-social behaviour,,
,2019-05,Lancashire Constabulary,Lancashire Constabulary,-2.643807,53.714473,On or near Daisy Meadow,E01024951,Chorley 001A,Anti-social behaviour,,
,2019-05,Lancashire Constabulary,Lancashire Constabulary,-2.645199,53.713297,On or near Petrol Station,E01024951,Chorley 001A,Anti-social behaviour,,
,2019-05,Lancashire Constabulary,Lancashire Constabulary,-2.645199,53.713297,On or near Petrol Station,E01024951,Chorley 001A,Anti-social behaviour,,
,2019-05,Lancashire Constabulary,Lancashire Constabulary,-2.641085,53.715773,On or near Little Banks Close,E01024951,Chorley 001A,Anti-social behaviour,,
,2019-05,Lancashire Constabulary,Lancashire Constabulary,-2.639960,53.716516,On or near Brow Hey,E01024951,Chorley 001A,Anti-social behaviour,,
116dd1630b7a79d5822038220c0dc7f87fc528f2e94d6f113c686ae24e446714,2019-05,Lancashire Constabulary,Lancashire Constabulary,-2.639960,53.716516,On or near Brow Hey,E01024951,Chorley 001A,Criminal damage and arson,Status update unavailable,
23830f8a63f03da2e8d1060b974063d1a137f87cdbe1320cae6a60abf1051b3a,2019-05,Lancashire Constabulary,Lancashire Constabulary,-2.643807,53.714473,On or near Daisy Meadow,E01024951,Chorley 001A,Other theft,Unable to prosecute suspect,
5e8514610d99c9dc222e4cd8cc1c040faa8c297bca3233335dcdf6a3ca278643,2019-05,Lancashire Constabulary,Lancashire Constabulary,-2.645199,53.713297,On or near Petrol Station,E01024951,Chorley 001A,Other theft,Status update unavailable,
0bd87e8a73c88f2384953737675fbdc63e19fc04b7b9e741eb646ef32627bd91,2019-05,Lancashire Constabulary,Lancashire Constabulary,-2.645199,53.713297,On or near Petrol Station,E01024951,Chorley 001A,Public order,Status update unavailable,
38f8ffd3983efef1cb749758293a41b56fb20f84801cf2111854712eeff24e47,2019-05,Lancashire Constabulary,Lancashire Constabulary,-2.642793,53.715539,On or near Barn Meadow,E01024951,Chorley 001A,Vehicle crime,Status update unavailable,
73eb85c1f751cfbbb2bae6b9bab07166f7c138f0e17a4bb2ae93b0f56f28bde6,2019-05,Lancashire Constabulary,Lancashire Constabulary,-2.645199,53.713297,On or near Petrol Station,E01024951,Chorley 001A,Violence and sexual offences,Status update unavailable,
59d6272539557df2762288ce66ea8c12c0aa372d8460b5aaa998c47ec3382462,2019-05,Lancashire Constabulary,Lancashire Constabulary,-2.641085,53.715773,On or near Little Banks Close,E01024951,Chorley 001A,Violence and sexual offences,Awaiting court outcome,
68a9e42f906cbeb664707e2233d391f0ed1da25b7d52463d0885c0c49a00f5bf,2019-05,Lancashire Constabulary,Lancashire Constabulary,-2.641085,53.715773,On or near Little Banks Close,E01024951,Chorley 001A,Violence and sexual offences,Unable to prosecute suspect,
32e28d445f257a2dd2e5f6ad15cc2f0f79f4104e60bcad95ab3aa49646ac7916,2019-05,Lancashire Constabulary,Lancashire Constabulary,-2.639960,53.716516,On or near Brow Hey,E01024951,Chorley 001A,Violence and sexual offences,Unable to prosecute suspect,
be577e7fb0efd90e9951bb649453cd781562a55acdfdaad2f5bc2326cc9eafb3,2019-05,Lancashire Constabulary,Lancashire Constabulary,-2.639960,53.716516,On or near Brow Hey,E01024951,Chorley 001A,Violence and sexual offences,Unable to prosecute suspect,
961e9e591259a4738514c64f50f892a0cc0ea98e173b2a35855ecc4ad021181d,2019-05,Lancashire Constabulary,Lancashire Constabulary,-2.641085,53.715773,On or near Little Banks Close,E01024951,Chorley 001A,Violence and sexual offences,Unable to prosecute suspect,
198d2613f2ac2c28784bdb49c237e698cb3aba60ce6e6cb66b5d19084486d367,2019-05,Lancashire Constabulary,Lancashire Constabulary,-2.641085,53.715773,On or near Little Banks Close,E01024951,Chorley 001A,Violence and sexual offences,Status update unavailable,
e8bb1c13013d47b10eb295823866ec8408c4c99be3a7a488b3900f15efffc842,2019-05,Lancashire Constabulary,Lancashire Constabulary,-2.641085,53.715773,On or near Little Banks Close,E01024951,Chorley 001A,Violence and sexual offences,Status update unavailable,
df2119a78f173b6e4340aac309e5b7c5a998d397b9891ac4e1d00bfd38aa45f4,2019-05,Lancashire Constabulary,Lancashire Constabulary,-2.645199,53.713297,On or near Petrol Station,E01024951,Chorley 001A,Violence and sexual offences,Unable to prosecute suspect,
dd2fc5dfc8fa8331784cb004dae26af3a33657b519462353ad6f93ef940dd3f9,2019-05,Lancashire Constabulary,Lancashire Constabulary,-2.639960,53.716516,On or near Brow Hey,E01024951,Chorley 001A,Violence and sexual offences,Unable to prosecute suspect,
e162d49277c97c97c83ff051f7374ad1bb78d6f138040ca87bc418cc605bef35,2019-05,Lancashire Constabulary,Lancashire Constabulary,-2.639960,53.716516,On or near Brow Hey,E01024951,Chorley 001A,Violence and sexual offences,Unable to prosecute suspect,
,2019-05,Lancashire Constabulary,Lancashire Constabulary,-2.646870,53.713584,On or near Mallards Walk,E01024952,Chorley 001B,Anti-social behaviour,,
,2019-05,Lancashire Constabulary,Lancashire Constabulary,-2.643765,53.709727,On or near Camwood,E01024952,Chorley 001B,Anti-social behaviour,,
,2019-05,Lancashire Constabulary,Lancashire Constabulary,-2.643931,53.710661,On or near Greenwood,E01024952,Chorley 001B,Anti-social behaviour,,
,2019-05,Lancashire Constabulary,Lancashire Constabulary,-2.643041,53.706972,On or near Petrol Station,E01024952,Chorley 001B,Anti-social behaviour,,
,2019-05,Lancashire Constabulary,Lancashire Constabulary,-2.641497,53.707016,On or near Library Road,E01024952,Chorley 001B,Anti-social behaviour,,
17721bc84053676a5c3c111847cb249d54dc0852cefbb0df9d01eb6d14735197,2019-05,Lancashire Constabulary,Lancashire Constabulary,-2.647289,53.715227,On or near Ambledene,E01024952,Chorley 001B,Drugs,Status update unavailable,
f002b3a6c0811d836c92f77fd6241f779f9b437713b9a0ff03a250c64ef571eb,2019-05,Lancashire Constabulary,Lancashire Constabulary,-2.643041,53.706972,On or near Petrol Station,E01024952,Chorley 001B,Other theft,Unable to prosecute suspect,
501d3baeb1561de18ce4e8cbef009e3710a0689fcfde9e5928f3711092cc5722,2019-05,Lancashire Constabulary,Lancashire Constabulary,-2.643041,53.706972,On or near Petrol Station,E01024952,Chorley 001B,Other theft,Offender given penalty notice,
061b216a0b3a27991e533d390ae8d167ea1b6df8c8c752ff8a28c88693ee5b6d,2019-05,Lancashire Constabulary,Lancashire Constabulary,-2.643041,53.706972,On or near Petrol Station,E01024952,Chorley 001B,Other theft,Status update unavailable,
d9ff2e0c79ddbe7b7ed7f6b8c4ffbca0458dbebb092c4ff7f0d51229974762e3,2019-05,Lancashire Constabulary,Lancashire Constabulary,-2.639333,53.709149,On or near Forsythia Drive,E01024952,Chorley 001B,Other theft,Unable to prosecute suspect,
fc4a29bebf772f9d1634c5dd1f6e9c16a310264078f41070a6dc08a7457978d0,2019-05,Lancashire Constabulary,Lancashire Constabulary,-2.639333,53.709149,On or near Forsythia Drive,E01024952,Chorley 001B,Public order,Unable to prosecute suspect,
29974a4f662ff25989d4975488f9f6b0815cfb002e2378417f1035a5b586dafc,2019-05,Lancashire Constabulary,Lancashire Constabulary,-2.643041,53.706972,On or near Petrol Station,E01024952,Chorley 001B,Shoplifting,Offender given penalty notice,
30d9a45610f13380e4c170da5d81c160c9dd28429fcc52286e270bc05c63e9b4,2019-05,Lancashire Constabulary,Lancashire Constabulary,-2.643041,53.706972,On or near Petrol Station,E01024952,Chorley 001B,Shoplifting,Unable to prosecute suspect,
97242f21ba9136266a89e96d0d9822a1e03b337cdc43648c0607e093e6be29fc,2019-05,Lancashire Constabulary,Lancashire Constabulary,-2.643041,53.706972,On or near Petrol Station,E01024952,Chorley 001B,Shoplifting,Status update unavailable,
c91b85dbefad9d734a1562d4cc69a7b14bf6e1f6bc94710b6919740a6e5d469b,2019-05,Lancashire Constabulary,Lancashire Constabulary,-2.643765,53.709727,On or near Camwood,E01024952,Chorley 001B,Violence and sexual offences,Unable to prosecute suspect,
,2019-05,Lancashire Constabulary,Lancashire Constabulary,-2.632451,53.717014,On or near Briery Hey,E01024953,Chorley 001C,Anti-social behaviour,,
,2019-05,Lancashire Constabulary,Lancashire Constabulary,-2.632803,53.715178,On or near Carr Barn Brow,E01024953,Chorley 001C,Anti-social behaviour,,
,2019-05,Lancashire Constabulary,Lancashire Constabulary,-2.631951,53.715956,On or near Elmfield Drive,E01024953,Chorley 001C,Anti-social behaviour,,
,2019-05,Lancashire Constabulary,Lancashire Constabulary,-2.633669,53.712361,On or near Long Acre,E01024953,Chorley 001C,Anti-social behaviour,,
,2019-05,Lancashire Constabulary,Lancashire Constabulary,-2.632771,53.714064,On or near Three Nooks,E01024953,Chorley 001C,Anti-social behaviour,,
,2019-05,Lancashire Constabulary,Lancashire Constabulary,-2.632803,53.715178,On or near Carr Barn Brow,E01024953,Chorley 001C,Anti-social behaviour,,
b0f85d6623ce11210795da7aad44cc7c1a61a5961a901851971d3d03b4b3d0e1,2019-05,Lancashire Constabulary,Lancashire Constabulary,-2.636796,53.715751,On or near Woodfield,E01024953,Chorley 001C,Criminal damage and arson,Unable to prosecute suspect,
81b1a7e514a215a48fa314746c1eacd17e0825b53d8a0e506ef9b168e52b2b5a,2019-05,Lancashire Constabulary,Lancashire Constabulary,-2.636796,53.715751,On or near Woodfield,E01024953,Chorley 001C,Drugs,Offender fined,
2e9200713714861642fd465fcfa7dfef00e3eaf4066b5cfff876145cb65a9886,2019-05,Lancashire Constabulary,Lancashire Constabulary,-2.636796,53.715751,On or near Woodfield,E01024953,Chorley 001C,Violence and sexual offences,Status update unavailable,
2885670bb35c1244999abe172eb2b668f99c8f75dbb7888b67dc1d2153f474c5,2019-05,Lancashire Constabulary,Lancashire Constabulary,-2.633669,53.712361,On or near Long Acre,E01024953,Chorley 001C,Violence and sexual offences,Unable to prosecute suspect,
e1f2176e3cb025d41df752ce66d8112a9ade696eeceec3a0cef198eb8c881f49,2019-05,Lancashire Constabulary,Lancashire Constabulary,-2.636796,53.715751,On or near Woodfield,E01024953,Chorley 001C,Violence and sexual offences,Status update unavailable,
3e25bcb1ead2ca0b2be4cfa076e02e077b1c3216ee3d8ac8451fd5c435272723,2019-05,Lancashire Constabulary,Lancashire Constabulary,-2.632771,53.714064,On or near Three Nooks,E01024953,Chorley 001C,Violence and sexual offences,Status update unavailable,
246a0185b70ba1f3042b32855ee7e72dd192286c3925bd09ddb885f2a58da202,2019-05,Lancashire Constabulary,Lancashire Constabulary,-2.633669,53.712361,On or near Long Acre,E01024953,Chorley 001C,Violence and sexual offences,Unable to prosecute suspect,
,2019-05,Lancashire Constabulary,Lancashire Constabulary,-2.635937,53.710030,On or near Reedfield,E01024954,Chorley 001D,Anti-social behaviour,,
,2019-05,Lancashire Constabulary,Lancashire Constabulary,-2.641370,53.711627,On or near Well Orchard,E01024954,Chorley 001D,Anti-social behaviour,,
,2019-05,Lancashire Constabulary,Lancashire Constabulary,-2.641370,53.711627,On or near Well Orchard,E01024954,Chorley 001D,Anti-social behaviour,,
,2019-05,Lancashire Constabulary,Lancashire Constabulary,-2.641462,53.713694,On or near Clayton Brook Road,E01024954,Chorley 001D,Anti-social behaviour,,
,2019-05,Lancashire Constabulary,Lancashire Constabulary,-2.641462,53.713694,On or near Clayton Brook Road,E01024954,Chorley 001D,Anti-social behaviour,,
46444bd667dc0fcd0715c1691f222c1218dbfd96725cfc4224a5d4ce1605cfa7,2019-05,Lancashire Constabulary,Lancashire Constabulary,-2.641370,53.711627,On or near Well Orchard,E01024954,Chorley 001D,Burglary,Status update unavailable,
9717d9ee1c092aa3d39736cf7a25abbefb4da8d195d9e60bb89d971d9491313e,2019-05,Lancashire Constabulary,Lancashire Constabulary,-2.631916,53.706554,On or near M61,E01024954,Chorley 001D,Burglary,Status update unavailable,
a524a4df112b5ace90a7a93b7d9b78606d90f935b0842f666bfa646f4f664014,2019-05,Lancashire Constabulary,Lancashire Constabulary,-2.637874,53.711898,On or near Hospital,E01024954,Chorley 001D,Criminal damage and arson,Unable to prosecute suspect,
295e5c9b7b38b1b8fae473e996c1c3399f677354ba414f153ee4518ff61b7d0d,2019-05,Lancashire Constabulary,Lancashire Constabulary,-2.641462,53.713694,On or near Clayton Brook Road,E01024954,Chorley 001D,Violence and sexual offences,Status update unavailable,
e481bb0671086ed6f0bb14c4d2cf4920f4c3ddd6b2d75ffc9f414c0c89ecd0cf,2019-05,Lancashire Constabulary,Lancashire Constabulary,-2.633554,53.707732,On or near Carr Field,E01024954,Chorley 001D,Violence and sexual offences,Unable to prosecute suspect,
4aca78ca0f337ee734c9a096e6267ca97d74fb289bdf58b656f802b80d866cb8,2019-05,Lancashire Constabulary,Lancashire Constabulary,-2.636738,53.711913,On or near Parking Area,E01024954,Chorley 001D,Violence and sexual offences,Unable to prosecute suspect,
0fcc477fef18a3ab22550592e6aaf40a09fee4964fc4680d2298c68970117e7c,2019-05,Lancashire Constabulary,Lancashire Constabulary,-2.637874,53.711898,On or near Hospital,E01024954,Chorley 001D,Violence and sexual offences,Unable to prosecute suspect,
8998cb353dd09a22152547a8bdc65a8a83345be3f52d918a6d38d3618f352817,2019-05,Lancashire Constabulary,Lancashire Constabulary,-2.637874,53.711898,On or near Hospital,E01024954,Chorley 001D,Violence and sexual offences,Unable to prosecute suspect,
274e1f1c3cf0a62a8ad5ee588d3f5ed710c8323f5358dfc942b415911e1a2ef0,2019-05,Lancashire Constabulary,Lancashire Constabulary,-2.638442,53.710367,On or near Homestead,E01024954,Chorley 001D,Violence and sexual offences,Unable to prosecute suspect,
53b876d17433ff6cc5f88a1806baaf5b9f617d1364ccc48704193e05586eb4ce,2019-05,Lancashire Constabulary,Lancashire Constabulary,-2.633554,53.707732,On or near Carr Field,E01024954,Chorley 001D,Violence and sexual offences,Unable to prosecute suspect,
e2f09e20dc8bc9af0701ad188eecc4febfd32042629400ac6a1c9ff39c3c2036,2019-05,Lancashire Constabulary,Lancashire Constabulary,-2.641462,53.713694,On or near Clayton Brook Road,E01024954,Chorley 001D,Violence and sexual offences,Status update unavailable,
9547fec091156c1c9aa71b7008ec1960bb6772de026883cf9a0446b94352121e,2019-05,Lancashire Constabulary,Lancashire Constabulary,-2.633929,53.709456,On or near The Heathers,E01024954,Chorley 001D,Violence and sexual offences,Unable to prosecute suspect,
,2019-05,Lancashire Constabulary,Lancashire Constabulary,-2.608703,53.712544,On or near Brindle Heights,E01024921,Chorley 002A,Anti-social behaviour,,
,2019-05,Lancashire Constabulary,Lancashire Constabulary,-2.563324,53.715912,On or near Bolton Road,E01024921,Chorley 002A,Anti-social behaviour,,
,2019-05,Lancashire Constabulary,Lancashire Constabulary,-2.622246,53.717526,On or near Brindle Road,E01024921,Chorley 002A,Anti-social behaviour,,
688b51f7a334261b0582259e27016c2529192482103564934de22aa0f084ab7e,2019-05,Lancashire Constabulary,Lancashire Constabulary,-2.587132,53.741144,On or near Hollins Close,E01024921,Chorley 002A,Burglary,Status update unavailable,
4f493171c83d1b334503f9516f40abafebceacaa0c2b1ffd3338d9ea61f25854,2019-05,Lancashire Constabulary,Lancashire Constabulary,-2.611452,53.726597,On or near Oram Road,E01024921,Chorley 002A,Other theft,Status update unavailable,
b0990bc7032dc57e6f540505858e7faeacf17526968062774bcc3bea32e5c7a3,2019-05,Lancashire Constabulary,Lancashire Constabulary,-2.601189,53.739151,On or near Quaker Brook Lane,E01024921,Chorley 002A,Possession of weapons,Status update unavailable,
,2019-05,Lancashire Constabulary,Lancashire Constabulary,-2.546480,53.698778,On or near Lilac Grove,E01024978,Chorley 002B,Anti-social behaviour,,
,2019-05,Lancashire Constabulary,Lancashire Constabulary,-2.545265,53.698486,On or near Garden Street,E01024978,Chorley 002B,Anti-social behaviour,,
,2019-05,Lancashire Constabulary,Lancashire Constabulary,-2.545265,53.698486,On or near Garden Street,E01024978,Chorley 002B,Anti-social behaviour,,
855449a823ecc4346303e9ff1aa30aac9edfc4d918cd21d5ed07331f3885e1b8,2019-05,Lancashire Constabulary,Lancashire Constabulary,-2.545265,53.698486,On or near Garden Street,E01024978,Chorley 002B,Criminal damage and arson,Local resolution,
b18abb7b3719228ce7864260f83f1cdc93a8c4b3cb6da2959bad4ade500a7209,2019-05,Lancashire Constabulary,Lancashire Constabulary,-2.545265,53.698486,On or near Garden Street,E01024978,Chorley 002B,Criminal damage and arson,Unable to prosecute suspect,
cab6a3fea041b51885b5802406a8d107311158f0d0f0d2336a3010c7338ded59,2019-05,Lancashire Constabulary,Lancashire Constabulary,-2.545265,53.698486,On or near Garden Street,E01024978,Chorley 002B,Other theft,Status update unavailable,
34d64f75b9327035bf71a77511670b5696d23b77fc751f7fb5510f5efa53b15a,2019-05,Lancashire Constabulary,Lancashire Constabulary,-2.561440,53.690484,On or near Hartington Road,E01024978,Chorley 002B,Public order,Status update unavailable,
84624708f1764fa055dc947c78b5b7ccf3749a0c3a864286756bbd969d7ea5b1,2019-05,Lancashire Constabulary,Lancashire Constabulary,-2.555770,53.694600,On or near Pleasant View,E01024978,Chorley 002B,Public order,Unable to prosecute suspect,
00ff40f2529dc3a5956d5cefe00a60ad09ccbab42caf4dce15bc055f1f494941,2019-05,Lancashire Constabulary,Lancashire Constabulary,-2.547593,53.699321,On or near Cherry Grove,E01024978,Chorley 002B,Violence and sexual offences,Unable to prosecute suspect,
b5007f581c86f1909b591b9bfb3d87236392d9f1cbb575d6b3f15362567be363,2019-05,Lancashire Constabulary,Lancashire Constabulary,-2.561440,53.690484,On or near Hartington Road,E01024978,Chorley 002B,Violence and sexual offences,Unable to prosecute suspect,
5c98d80b79820b4d4050b5542a462b38dedbb421303e17dc05cdf44a962ba277,2019-05,Lancashire Constabulary,Lancashire Constabulary,-2.560701,53.690667,On or near Churchill Road,E01024978,Chorley 002B,Violence and sexual offences,Status update unavailable,
476c8155ddcc73e298298a7574e9214e6f1bd9969c9abe9016cf244ae6ebc9e6,2019-05,Lancashire Constabulary,Lancashire Constabulary,-2.545265,53.698486,On or near Garden Street,E01024978,Chorley 002B,Violence and sexual offences,Unable to prosecute suspect,
13b3bf1d9dfe6e3bc09917cb5409d9fe1d83ed240f871503183bb15f476f2ee8,2019-05,Lancashire Constabulary,Lancashire Constabulary,-2.590488,53.702595,On or near Mill Wood Close,E01024979,Chorley 002C,Criminal damage and arson,Status update unavailable,
006281fd7ee416d44a5a03ccb370e9a9f0f05b8a327a108627ad264308a3af07,2019-05,Lancashire Constabulary,Lancashire Constabulary,-2.580029,53.699905,On or near Thirlmere Drive,E01024979,Chorley 002C,Drugs,Status update unavailable,
2ad9f683f1f64c72fdb966347f8f907208b38fb3f92b7da8558caa2abb8cd5ab,2019-05,Lancashire Constabulary,Lancashire Constabulary,-2.590488,53.702595,On or near Mill Wood Close,E01024979,Chorley 002C,Vehicle crime,Status update unavailable,
14d551213196651ad79aa6384f37b52401c59d0b3a3b609c934c4e6ee8602008,2019-05,Lancashire Constabulary,Lancashire Constabulary,-2.590828,53.695538,On or near Bett Lane,E01024979,Chorley 002C,Violence and sexual offences,Unable to prosecute suspect,
e09fd6853f4960270fba37f0abf1f90f14b66f2d73f2aae1735f44c97c95f9d7,2019-05,Lancashire Constabulary,Lancashire Constabulary,-2.595004,53.695239,On or near Stocks Close,E01024979,Chorley 002C,Violence and sexual offences,Status update unavailable,
,2019-05,Lancashire Constabulary,Lancashire Constabulary,-2.567536,53.688882,On or near Queensway,E01024980,Chorley 002D,Anti-social behaviour,,
7c998195a087416b4578fc84800d8a889fabb39b267e480ef2f18f7197a337b6,2019-05,Lancashire Constabulary,Lancashire Constabulary,-2.568947,53.689055,On or near Urban View,E01024980,Chorley 002D,Criminal damage and arson,Status update unavailable,
8fb3a763aba7d342219cd6ff5b29309cd99dccf1535c381fd1621d22a763fe66,2019-05,Lancashire Constabulary,Lancashire Constabulary,-2.563665,53.688164,On or near Quarry Road,E01024980,Chorley 002D,Violence and sexual offences,Unable to prosecute suspect,
a2dcdb5c8bd1dc1476f67f725d383a6221f1796f96c4d8a08410b9b07d07d40d,2019-05,Lancashire Constabulary,Lancashire Constabulary,-2.640170,53.699419,On or near The Heyes,E01024946,Chorley 003A,Violence and sexual offences,Status update unavailable,
f88d5e2ec1510953dbe491bb7156b0ee882066de60d91b4031285ac9700f9e0a,2019-05,Lancashire Constabulary,Lancashire Constabulary,-2.641660,53.701811,On or near Hawthorne Close,E01024946,Chorley 003A,Violence and sexual offences,Unable to prosecute suspect,
,2019-05,Lancashire Constabulary,Lancashire Constabulary,-2.640074,53.702116,On or near Petrol Station,E01024947,Chorley 003B,Anti-social behaviour,,
,2019-05,Lancashire Constabulary,Lancashire Constabulary,-2.640074,53.702116,On or near Petrol Station,E01024947,Chorley 003B,Anti-social behaviour,,
,2019-05,Lancashire Constabulary,Lancashire Constabulary,-2.640074,53.702116,On or near Petrol Station,E01024947,Chorley 003B,Anti-social behaviour,,
51d1dd8d38124eae1fbf92f93b9784be5af935c9c952b2f2f680fa038738b00e,2019-05,Lancashire Constabulary,Lancashire Constabulary,-2.632319,53.696045,On or near Swallow Court,E01024947,Chorley 003B,Violence and sexual offences,Unable to prosecute suspect,
432266a402577315dfd23345c63dd31c6395efd75da5c1f4046147ea0ec44951,2019-05,Lancashire Constabulary,Lancashire Constabulary,-2.635670,53.698319,On or near Hunts Field,E01024947,Chorley 003B,Violence and sexual offences,Status update unavailable,
06bd42766338816e972c7528891b5047c81141aec6b9a1cc1038b53829a2158e,2019-05,Lancashire Constabulary,Lancashire Constabulary,-2.632319,53.696045,On or near Swallow Court,E01024947,Chorley 003B,Violence and sexual offences,Status update unavailable,
,2019-05,Lancashire Constabulary,Lancashire Constabulary,-2.643893,53.706176,On or near Woodale Road,E01024955,Chorley 003C,Anti-social behaviour,,
,2019-05,Lancashire Constabulary,Lancashire Constabulary,-2.641182,53.708231,On or near Wood Beech Gardens,E01024955,Chorley 003C,Anti-social behaviour,,
,2019-05,Lancashire Constabulary,Lancashire Constabulary,-2.643893,53.706176,On or near Woodale Road,E01024955,Chorley 003C,Anti-social behaviour,,
,2019-05,Lancashire Constabulary,Lancashire Constabulary,-2.646622,53.705343,On or near Cam Wood Fold,E01024955,Chorley 003C,Anti-social behaviour,,
0605122cc38730cf689241633ecbd2832f6af7e823416ae8f1e8a9b5705dad72,2019-05,Lancashire Constabulary,Lancashire Constabulary,-2.641182,53.708231,On or near Wood Beech Gardens,E01024955,Chorley 003C,Criminal damage and arson,Unable to prosecute suspect,
a8b68456b6a1b31d37942e8e315c67e9c691ae1f5628bba5b5b2826e79566108,2019-05,Lancashire Constabulary,Lancashire Constabulary,-2.641182,53.708231,On or near Wood Beech Gardens,E01024955,Chorley 003C,Criminal damage and arson,Local resolution,
f2fc48f729e28844b330060ff37aecb098669ed7e32a1b63df10866795998187,2019-05,Lancashire Constabulary,Lancashire Constabulary,-2.645274,53.699391,On or near Stack Croft,E01024955,Chorley 003C,Other theft,Status update unavailable,
eb70ac8ed62a64b3db2e9633f8c5dd9d9ea5e2a1f36bb5aa84bbd6ad14abf661,2019-05,Lancashire Constabulary,Lancashire Constabulary,-2.643733,53.705656,On or near Clayton Green Road,E01024955,Chorley 003C,Public order,Status update unavailable,
dc205bc9a36a7f94f708a8fed965edcc94da626a6eccb77343d04b659caf4f83,2019-05,Lancashire Constabulary,Lancashire Constabulary,-2.643193,53.699996,On or near Oak Croft,E01024955,Chorley 003C,Violence and sexual offences,Unable to prosecute suspect,
bc8554ade3c04eacbcdc18c79d35f1a16394a1ba8b8a1015c45445b6ffaaf025,2019-05,Lancashire Constabulary,Lancashire Constabulary,-2.643893,53.706176,On or near Woodale Road,E01024955,Chorley 003C,Violence and sexual offences,Status update unavailable,
c3519fad94c24bfd7a41fa013741633ef36fa7aa199be8ff242fe9ef20bbf256,2019-05,Lancashire Constabulary,Lancashire Constabulary,-2.641182,53.708231,On or near Wood Beech Gardens,E01024955,Chorley 003C,Violence and sexual offences,Unable to prosecute suspect,
fb4fd7f9d2690523bebc2807a8c88422e30c098a42941bac25586072f98af981,2019-05,Lancashire Constabulary,Lancashire Constabulary,-2.650648,53.702158,On or near Sheep Hill Brow,E01024955,Chorley 003C,Violence and sexual offences,Status update unavailable,
,2019-05,Lancashire Constabulary,Lancashire Constabulary,-2.666361,53.697685,On or near Caton Close,E01024956,Chorley 003D,Anti-social behaviour,,
,2019-05,Lancashire Constabulary,Lancashire Constabulary,-2.664366,53.693175,On or near Higher Meadow,E01024956,Chorley 003D,Anti-social behaviour,,
5268cee54d4ef0835d69d0ced0ebb5d0d98a3954dda6efacc3dbb3345d1879b6,2019-05,Lancashire Constabulary,Lancashire Constabulary,-2.665094,53.697081,On or near Grange Close,E01024956,Chorley 003D,Other theft,Further investigation is not in the public interest,
41bd7e0677d065dcbaf23ff78f9ea9b8aa50c05cb27c65dcfc3265036ab23149,2019-05,Lancashire Constabulary,Lancashire Constabulary,-2.666361,53.697685,On or near Caton Close,E01024956,Chorley 003D,Vehicle crime,Status update unavailable,
a2715d3c14ad4198160fb9272604fbf1185a8189d561e7ccc813488ac19cf8a8,2019-05,Lancashire Constabulary,Lancashire Constabulary,-2.664281,53.700258,On or near Ivy Close,E01024956,Chorley 003D,Violence and sexual offences,Further investigation is not in the public interest,
,2019-05,Lancashire Constabulary,Lancashire Constabulary,-2.675148,53.698813,On or near Moss Lane,E01024957,Chorley 003E,Anti-social behaviour,,
,2019-05,Lancashire Constabulary,Lancashire Constabulary,-2.662874,53.709066,On or near Park/Open Space,E01024957,Chorley 003E,Anti-social behaviour,,
7b020f15e82eea027e7f3a96f5c0ee0fe751755d810cbe32f92a162600e8c868,2019-05,Lancashire Constabulary,Lancashire Constabulary,-2.675148,53.698813,On or near Moss Lane,E01024957,Chorley 003E,Criminal damage and arson,Unable to prosecute suspect,
5b4b35fc2e9262734618d36b9dfd9e501254e752f730e96823622621f67fb3c9,2019-05,Lancashire Constabulary,Lancashire Constabulary,-2.673086,53.699607,On or near Wigan Road,E01024957,Chorley 003E,Vehicle crime,Status update unavailable,
b20a7ff6264180dec889f230e94f538e06c5dc517a09550b4045df5a596e7f6c,2019-05,Lancashire Constabulary,Lancashire Constabulary,-2.660875,53.700367,On or near Snowdrop Close,E01024957,Chorley 003E,Violence and sexual offences,Unable to prosecute suspect,
,2019-05,Lancashire Constabulary,Lancashire Constabulary,-2.670334,53.693250,On or near Mendip Road,E01024958,Chorley 003F,Anti-social behaviour,,
,2019-05,Lancashire Constabulary,Lancashire Constabulary,-2.671464,53.694780,On or near Pendle Road,E01024958,Chorley 003F,Anti-social behaviour,,
,2019-05,Lancashire Constabulary,Lancashire Constabulary,-2.670580,53.695334,On or near Ashurst Road,E01024958,Chorley 003F,Anti-social behaviour,,
,2019-05,Lancashire Constabulary,Lancashire Constabulary,-2.670334,53.693250,On or near Mendip Road,E01024958,Chorley 003F,Anti-social behaviour,,
,2019-05,Lancashire Constabulary,Lancashire Constabulary,-2.670334,53.693250,On or near Mendip Road,E01024958,Chorley 003F,Anti-social behaviour,,
,2019-05,Lancashire Constabulary,Lancashire Constabulary,-2.670334,53.693250,On or near Mendip Road,E01024958,Chorley 003F,Anti-social behaviour,,
,2019-05,Lancashire Constabulary,Lancashire Constabulary,-2.667535,53.694335,On or near Sports/Recreation Area,E01024958,Chorley 003F,Anti-social behaviour,,
92871710d80f440b74209deaaf50d11fde44224fea185188bfc838e915b92fa1,2019-05,Lancashire Constabulary,Lancashire Constabulary,-2.671464,53.694780,On or near Pendle Road,E01024958,Chorley 003F,Bicycle theft,Status update unavailable,
2f9d2020c7a74d88b2e76ca20e9e5c0aed8fbcdae281f0bc2a95aabee84050a3,2019-05,Lancashire Constabulary,Lancashire Constabulary,-2.670334,53.693250,On or near Mendip Road,E01024958,Chorley 003F,Criminal damage and arson,Investigation complete; no suspect identified,
41e0269380da4e8deb28169efeca41699ffb7b31cdf1b5f09099be32dd7fdbf7,2019-05,Lancashire Constabulary,Lancashire Constabulary,-2.672662,53.693884,On or near Chiltern Meadow,E01024958,Chorley 003F,Criminal damage and arson,Status update unavailable,
ac05db396d994f578c1d69899d9a7da76845718b87b085b182cc05274f183dec,2019-05,Lancashire Constabulary,Lancashire Constabulary,-2.670334,53.693250,On or near Mendip Road,E01024958,Chorley 003F,Criminal damage and arson,Unable to prosecute suspect,
63559b47c9e72f513ae147701f3390c75157417d216ee805afedca092f731447,2019-05,Lancashire Constabulary,Lancashire Constabulary,-2.672507,53.694613,On or near Harrock Road,E01024958,Chorley 003F,Criminal damage and arson,Status update unavailable,
b3155c62a47f670620c3726159a76abdbb6ccdd2960c6e94ba92ea0f0175ccf1,2019-05,Lancashire Constabulary,Lancashire Constabulary,-2.670334,53.693250,On or near Mendip Road,E01024958,Chorley 003F,Violence and sexual offences,Unable to prosecute suspect,
9c914f4dc59201963fc6df50aca95f24f3a759e09bf4671c9e49fa2e65d88baa,2019-05,Lancashire Constabulary,Lancashire Constabulary,-2.667535,53.694335,On or near Sports/Recreation Area,E01024958,Chorley 003F,Violence and sexual offences,Action to be taken by another organisation,
18e918e8ed9759ac3bb45400600708dcd3a61fd110f268d4770ccaad2921fa92,2019-05,Lancashire Constabulary,Lancashire Constabulary,-2.670334,53.693250,On or near Mendip Road,E01024958,Chorley 003F,Violence and sexual offences,Unable to prosecute suspect,
a6e8609cf541a29f8a55f2bd5cd6e98fb7157272811bbd0893c025405149f287,2019-05,Lancashire Constabulary,Lancashire Constabulary,-2.667535,53.694335,On or near Sports/Recreation Area,E01024958,Chorley 003F,Violence and sexual offences,Unable to prosecute suspect,
36c479e2ba00701256d51a7a48eeb2422b39fe66acd80a1cb67e87ba4e80833d,2019-05,Lancashire Constabulary,Lancashire Constabulary,-2.667535,53.694335,On or near Sports/Recreation Area,E01024958,Chorley 003F,Violence and sexual offences,Unable to prosecute suspect,
1ebd6afb509257d8d07ee8d472dfad0f322059587d70ce102784b6d60258e80f,2019-05,Lancashire Constabulary,Lancashire Constabulary,-2.670334,53.693250,On or near Mendip Road,E01024958,Chorley 003F,Violence and sexual offences,Status update unavailable,
f6514fd369b9ad4b4702ea9f13be8182f2d9eb72274af30a5951d40bb7ec233a,2019-05,Lancashire Constabulary,Lancashire Constabulary,-2.670334,53.693250,On or near Mendip Road,E01024958,Chorley 003F,Violence and sexual offences,Unable to prosecute suspect,
d266460fe9d95f4dba7eb9440f91378cdba77c0bf7a4baab37c036ab1f7d0d62,2019-05,Lancashire Constabulary,Lancashire Constabulary,-2.670334,53.693250,On or near Mendip Road,E01024958,Chorley 003F,Violence and sexual offences,Unable to prosecute suspect,
0c5316683ca9317ea9fdd3504527a1da41c50bbaa1e1af65a000beef68dd4bc3,2019-05,Lancashire Constabulary,Lancashire Constabulary,-2.667535,53.694335,On or near Sports/Recreation Area,E01024958,Chorley 003F,Violence and sexual offences,Unable to prosecute suspect,
,2019-05,Lancashire Constabulary,Lancashire Constabulary,-2.641370,53.691700,On or near Watkin Road,E01024948,Chorley 004A,Anti-social behaviour,,
15a0a728b21cfd743dd0f567f6946529a9da9bcae67c566eee16aad2debc2d33,2019-05,Lancashire Constabulary,Lancashire Constabulary,-2.631744,53.695077,On or near St Helen'S Road,E01024948,Chorley 004A,Other theft,Status update unavailable,
e00ebc5a7cc736850f2741a6e19ff53a79322e2b788476aba346d90bd088e02d,2019-05,Lancashire Constabulary,Lancashire Constabulary,-2.631744,53.695077,On or near St Helen'S Road,E01024948,Chorley 004A,Vehicle crime,Status update unavailable,
ad8b6a8b1ecc6f8fdba80235f013fee53f634e97b9c5bbf9a024577901901d1d,2019-05,Lancashire Constabulary,Lancashire Constabulary,-2.635349,53.697117,On or near The Elms,E01024948,Chorley 004A,Violence and sexual offences,Status update unavailable,
,2019-05,Lancashire Constabulary,Lancashire Constabulary,-2.639928,53.687502,On or near St Johns Close,E01024949,Chorley 004B,Anti-social behaviour,,
,2019-05,Lancashire Constabulary,Lancashire Constabulary,-2.656471,53.684095,On or near Old Worden Avenue,E01024949,Chorley 004B,Anti-social behaviour,,
9d0901de325b9599c091eacfc456bf9079ec5cfce561bfecc885d5bb7636377a,2019-05,Lancashire Constabulary,Lancashire Constabulary,-2.636352,53.693363,On or near Mill Lane,E01024949,Chorley 004B,Burglary,Status update unavailable,
f4ca471e9488fe6372aaeacf8c9a624e6c3190b8592da410aee647234ec403a6,2019-05,Lancashire Constabulary,Lancashire Constabulary,-2.658550,53.682475,On or near Cornwall Avenue,E01024949,Chorley 004B,Other theft,Status update unavailable,
0aab4361e3fe0d96f1a6b5bd514194a9c3c2f2cc8341777124b22537ffa49420,2019-05,Lancashire Constabulary,Lancashire Constabulary,-2.636352,53.693363,On or near Mill Lane,E01024949,Chorley 004B,Vehicle crime,Status update unavailable,
05d3ffac808a930e51b6efc70ce3daaf34bdc564704cbce3b07b6be1cf0c877a,2019-05,Lancashire Constabulary,Lancashire Constabulary,-2.636021,53.688475,On or near Union Street,E01024949,Chorley 004B,Violence and sexual offences,Unable to prosecute suspect,
c10947049aaa67b1650b5c6b194b90845ca8ea8f976583f5258f757e04de5a5d,2019-05,Lancashire Constabulary,Lancashire Constabulary,-2.637294,53.688513,On or near Paradise Close,E01024949,Chorley 004B,Violence and sexual offences,Unable to prosecute suspect,
0a0b623ac9abf14eee28d02125e94809a93cd24c2a5bb47c0424741aad177d44,2019-05,Lancashire Constabulary,Lancashire Constabulary,-2.637797,53.689742,On or near Cow Well Lane,E01024949,Chorley 004B,Violence and sexual offences,Status update unavailable,
e6f22bc67053e09c3996e839b4960f746231ae8900fecba34b150d7dbcbee53c,2019-05,Lancashire Constabulary,Lancashire Constabulary,-2.650339,53.687032,On or near Sports/Recreation Area,E01024949,Chorley 004B,Violence and sexual offences,Status update unavailable,
,2019-05,Lancashire Constabulary,Lancashire Constabulary,-2.635540,53.676631,On or near Petrol Station,E01024950,Chorley 004C,Anti-social behaviour,,
,2019-05,Lancashire Constabulary,Lancashire Constabulary,-2.637421,53.676918,On or near Lupin Close,E01024950,Chorley 004C,Anti-social behaviour,,
85e9f72cc50981bc16bf4bcd8f3616ca6770836d582a78565281da633171ccb9,2019-05,Lancashire Constabulary,Lancashire Constabulary,-2.635540,53.676631,On or near Petrol Station,E01024950,Chorley 004C,Burglary,Status update unavailable,
c8023c20f14ca47166c9a04fbcd642d8ca4ed45b6bcf9f6c96e861e2c39dc3f4,2019-05,Lancashire Constabulary,Lancashire Constabulary,-2.635540,53.676631,On or near Petrol Station,E01024950,Chorley 004C,Other theft,Status update unavailable,
4ac979d2b9c3b3c053e49b644716145c88f08b9b8e557092968f74b8936a7c94,2019-05,Lancashire Constabulary,Lancashire Constabulary,-2.635819,53.684117,On or near Lady Crosse Drive,E01024950,Chorley 004C,Violence and sexual offences,Status update unavailable,
,2019-05,Lancashire Constabulary,Lancashire Constabulary,-2.603837,53.665875,On or near Tormore Close,E01024977,Chorley 004D,Anti-social behaviour,,
,2019-05,Lancashire Constabulary,Lancashire Constabulary,-2.634458,53.677158,On or near New Moss Lane,E01024977,Chorley 004D,Anti-social behaviour,,
8394a33d304a80be6f23a6a91eec94eb58684466a0af3a00d8cf0a9034bb5b5d,2019-05,Lancashire Constabulary,Lancashire Constabulary,-2.633208,53.678621,On or near Stamford Drive,E01024977,Chorley 004D,Burglary,Status update unavailable,
75d9f887d735b9c646391b21ef6629204a60776c978ba445129ef44f90aacf14,2019-05,Lancashire Constabulary,Lancashire Constabulary,-2.624313,53.676043,On or near Moss Lane,E01024977,Chorley 004D,Criminal damage and arson,Status update unavailable,
d42125bc878a0b64778ea1ad30d4f929bb3aae5444c89c6befff3ea167175938,2019-05,Lancashire Constabulary,Lancashire Constabulary,-2.634458,53.677158,On or near New Moss Lane,E01024977,Chorley 004D,Other theft,Status update unavailable,
2b51bf8d9dcdfdcb38bdcd8d2338d2056d9c6779151df7e470fc0e12bf889594,2019-05,Lancashire Constabulary,Lancashire Constabulary,-2.632886,53.680357,On or near Wardle Court,E01024977,Chorley 004D,Public order,Awaiting court outcome,
543ba9ee512803ba77ab1109b6fe3d96e51bd67c88901fc08fd496d92e75fb76,2019-05,Lancashire Constabulary,Lancashire Constabulary,-2.617636,53.678019,On or near A674,E01024977,Chorley 004D,Vehicle crime,Status update unavailable,
b3d02f60a9de0ab9a793c5884116c8ab8ff1a262fea18701846e036c58cfc9eb,2019-05,Lancashire Constabulary,Lancashire Constabulary,-2.632886,53.680357,On or near Wardle Court,E01024977,Chorley 004D,Vehicle crime,Status update unavailable,
4929565f09297401b94b0507e7374e201eb5c067065bbf1e4f853066c366b879,2019-05,Lancashire Constabulary,Lancashire Constabulary,-2.599462,53.677500,On or near Chapel Lane,E01024977,Chorley 004D,Vehicle crime,Status update unavailable,
443d2175f03a48f45fc015d13bb3b8fc104d051fbb80bc3eefd6993718974574,2019-05,Lancashire Constabulary,Lancashire Constabulary,-2.617636,53.678019,On or near A674,E01024977,Chorley 004D,Vehicle crime,Status update unavailable,
56a77eb5708e8b8d89a30d6d44faa411047d53dc979688901a90a69eb1f951b4,2019-05,Lancashire Constabulary,Lancashire Constabulary,-2.631845,53.677568,On or near Olive Close,E01024977,Chorley 004D,Violence and sexual offences,Status update unavailable,
aa1d5fb8c615f06b1e3c2c6103e123d9c42ae4e98bf63e79dd68a6d37add9328,2019-05,Lancashire Constabulary,Lancashire Constabulary,-2.631401,53.678289,On or near Orchard Drive,E01024977,Chorley 004D,Violence and sexual offences,Unable to prosecute suspect,
4d767edd7456d9268400ca741080c91ed8b6c4f0fd020f0cea783956ecbc71d2,2019-05,Lancashire Constabulary,Lancashire Constabulary,-2.631845,53.677568,On or near Olive Close,E01024977,Chorley 004D,Violence and sexual offences,Status update unavailable,
6a9db24f82b64bcda47f020a6c83d4ffcf17acbeb0b15ada84a97cf21eac350f,2019-05,Lancashire Constabulary,Lancashire Constabulary,-2.606782,53.684367,On or near Ryecroft,E01024977,Chorley 004D,Other crime,Unable to prosecute suspect,
,2019-05,Lancashire Constabulary,Lancashire Constabulary,-2.678542,53.671568,On or near Briar Avenue,E01024967,Chorley 005A,Anti-social behaviour,,
,2019-05,Lancashire Constabulary,Lancashire Constabulary,-2.679828,53.670546,On or near Poplar Avenue,E01024967,Chorley 005A,Anti-social behaviour,,
4ae43c1071b16b234b310f08c0e2baa919317a5889bde0e838487789cb0c32ae,2019-05,Lancashire Constabulary,Lancashire Constabulary,-2.667940,53.672087,On or near East Terrace,E01024968,Chorley 005B,Burglary,Status update unavailable,
948f98a98c8aa34f0c0c12327bd737933ca5ea51e173ed1cb4831d1edc938f35,2019-05,Lancashire Constabulary,Lancashire Constabulary,-2.667940,53.672087,On or near East Terrace,E01024968,Chorley 005B,Criminal damage and arson,Status update unavailable,
71d7b818794ddffa54837bb76933edce4955384097d9470d339e805c3fad1106,2019-05,Lancashire Constabulary,Lancashire Constabulary,-2.672739,53.673102,On or near Gleneagles Drive,E01024968,Chorley 005B,Other theft,Unable to prosecute suspect,
9036e2c84e34c0abb4c4fb018ca2bddcd1eb28f784a5f617249e4a391af53e3d,2019-05,Lancashire Constabulary,Lancashire Constabulary,-2.673810,53.674768,On or near Hunstanton Close,E01024968,Chorley 005B,Violence and sexual offences,Unable to prosecute suspect,
1d8355a56a7276a9de81951bf34105e55904ae6928ab19eb8d537f9fe7e7ed4d,2019-05,Lancashire Constabulary,Lancashire Constabulary,-2.671392,53.674081,On or near Troon Close,E01024968,Chorley 005B,Violence and sexual offences,Unable to prosecute suspect,
cbf513a6f0d822e70235acbdc253ceadcab466eb69b8b952da58f051767e4046,2019-05,Lancashire Constabulary,Lancashire Constabulary,-2.672608,53.669625,On or near Orchard Close,E01024968,Chorley 005B,Violence and sexual offences,Unable to prosecute suspect,
755415d5969b027235a8c6c0a3e978727a19d26b38a789546ceff1fefc8424eb,2019-05,Lancashire Constabulary,Lancashire Constabulary,-2.679406,53.667860,On or near Woodside,E01024969,Chorley 005C,Violence and sexual offences,Action to be taken by another organisation,
11fda74bcc34ce9e5809ba5d51cf236d3d631a9bdb20d5a74e1aec9ccd01ff5e,2019-05,Lancashire Constabulary,Lancashire Constabulary,-2.680526,53.667872,On or near Greenside,E01024969,Chorley 005C,Violence and sexual offences,Further investigation is not in the public interest,
,2019-05,Lancashire Constabulary,Lancashire Constabulary,-2.668860,53.660415,On or near Talbot Row,E01024970,Chorley 005D,Anti-social behaviour,,
65a16087b197d229e694aeacf04699fc361b05775888a3946f2dabcb05a5fae6,2019-05,Lancashire Constabulary,Lancashire Constabulary,-2.671282,53.661408,On or near Balshaw House Gardens,E01024970,Chorley 005D,Burglary,Status update unavailable,
a9d2d14fb99dd83ed532a03a9709c7e861ccfc39c2fead746303e7c3ffa08554,2019-05,Lancashire Constabulary,Lancashire Constabulary,-2.671282,53.661408,On or near Balshaw House Gardens,E01024970,Chorley 005D,Burglary,Status update unavailable,
c6b5798a1543e45aa073ecebece13ed16d6e1afc221f69c4a57fd9f4463c43e9,2019-05,Lancashire Constabulary,Lancashire Constabulary,-2.666456,53.660554,On or near Grasmere Close,E01024970,Chorley 005D,Criminal damage and arson,Status update unavailable,
dddf6c57bb7521a91abeb85d426320f453a5f17c4d84d3ae7d1c5e2875d76302,2019-05,Lancashire Constabulary,Lancashire Constabulary,-2.668599,53.659212,On or near Coniston Avenue,E01024970,Chorley 005D,Criminal damage and arson,Unable to prosecute suspect,
c734e09ee4db879f6c4e2edc0a1305f9e939c07fc8577beeefb7bb165a572aa4,2019-05,Lancashire Constabulary,Lancashire Constabulary,-2.671421,53.662584,On or near Countess Way,E01024970,Chorley 005D,Criminal damage and arson,Unable to prosecute suspect,
ee32d90c61986865339e959d03e97794545ce8961618ecc3177483dd44ebac7b,2019-05,Lancashire Constabulary,Lancashire Constabulary,-2.665539,53.659049,On or near Mallom Avenue,E01024970,Chorley 005D,Public order,Status update unavailable,
2f8dec2d562ef49d84df88254d38370efe388ae5c3f40f9ca950d534512a91cc,2019-05,Lancashire Constabulary,Lancashire Constabulary,-2.665539,53.659049,On or near Mallom Avenue,E01024970,Chorley 005D,Violence and sexual offences,Unable to prosecute suspect,
377c90f2c55a29717dde9c0ce65be517c71a0792530e1ed4fa999264c01412d3,2019-05,Lancashire Constabulary,Lancashire Constabulary,-2.671421,53.662584,On or near Countess Way,E01024970,Chorley 005D,Violence and sexual offences,Unable to prosecute suspect,
8f5f189f90c637cdef30ab96704aacc5b5f6a54212a3cdf18a0e2e3a454d64f3,2019-05,Lancashire Constabulary,Lancashire Constabulary,-2.668030,53.657687,On or near Hawkshead Avenue,E01024970,Chorley 005D,Violence and sexual offences,Offender given a caution,
bd25bbee56926e841eb09d57fbd2c06131dda29598dcf5fde4434451923d722a,2019-05,Lancashire Constabulary,Lancashire Constabulary,-2.673517,53.659265,On or near Anderton Road,E01024971,Chorley 005E,Criminal damage and arson,Unable to prosecute suspect,
,2019-05,Lancashire Constabulary,Lancashire Constabulary,-2.669264,53.663010,On or near Barons Way,E01024972,Chorley 005F,Anti-social behaviour,,
,2019-05,Lancashire Constabulary,Lancashire Constabulary,-2.665657,53.662688,On or near Princess Way,E01024972,Chorley 005F,Anti-social behaviour,,
9fb69bb23aed826e18813e384d3e73bc95d89f3cd71ac95363077b788ea6e6d7,2019-05,Lancashire Constabulary,Lancashire Constabulary,-2.671122,53.663764,On or near Earls Way,E01024972,Chorley 005F,Burglary,Status update unavailable,
8336ba54c45afdc8174c004b4f79e0460850cc926c24b566abc7b2e8671cb6e3,2019-05,Lancashire Constabulary,Lancashire Constabulary,-2.671122,53.663764,On or near Earls Way,E01024972,Chorley 005F,Criminal damage and arson,Status update unavailable,
f114cf1ba022002149bc7266082bcbabf08d489abf8f216621663c6a8126d073,2019-05,Lancashire Constabulary,Lancashire Constabulary,-2.667566,53.661869,On or near Talbot Drive,E01024972,Chorley 005F,Violence and sexual offences,Awaiting court outcome,
,2019-05,Lancashire Constabulary,Lancashire Constabulary,-2.623432,53.664561,On or near Coltsfoot Drive,E01024929,Chorley 006A,Anti-social behaviour,,
,2019-05,Lancashire Constabulary,Lancashire Constabulary,-2.622750,53.664474,On or near Cornflower Close,E01024929,Chorley 006A,Anti-social behaviour,,
,2019-05,Lancashire Constabulary,Lancashire Constabulary,-2.623432,53.664561,On or near Coltsfoot Drive,E01024929,Chorley 006A,Anti-social behaviour,,
,2019-05,Lancashire Constabulary,Lancashire Constabulary,-2.623432,53.664561,On or near Coltsfoot Drive,E01024929,Chorley 006A,Anti-social behaviour,,
,2019-05,Lancashire Constabulary,Lancashire Constabulary,-2.624469,53.663009,On or near Wordsworth Terrace,E01024929,Chorley 006A,Anti-social behaviour,,
,2019-05,Lancashire Constabulary,Lancashire Constabulary,-2.624469,53.663009,On or near Wordsworth Terrace,E01024929,Chorley 006A,Anti-social behaviour,,
,2019-05,Lancashire Constabulary,Lancashire Constabulary,-2.619399,53.664033,On or near Northgate Drive,E01024929,Chorley 006A,Anti-social behaviour,,
,2019-05,Lancashire Constabulary,Lancashire Constabulary,-2.623432,53.664561,On or near Coltsfoot Drive,E01024929,Chorley 006A,Anti-social behaviour,,
,2019-05,Lancashire Constabulary,Lancashire Constabulary,-2.620339,53.662069,On or near Willow Road,E01024929,Chorley 006A,Anti-social behaviour,,
,2019-05,Lancashire Constabulary,Lancashire Constabulary,-2.624469,53.663009,On or near Wordsworth Terrace,E01024929,Chorley 006A,Anti-social behaviour,,
f502cedbe7e92d888485f17c1832ce4fcab1e386fc32172dcc89b1999713fd92,2019-05,Lancashire Constabulary,Lancashire Constabulary,-2.623432,53.664561,On or near Coltsfoot Drive,E01024929,Chorley 006A,Public order,Unable to prosecute suspect,
bc8b361631993af7d49ab5432f9adc9a0475f63ae598f5465b99c3faf0ad3df0,2019-05,Lancashire Constabulary,Lancashire Constabulary,-2.623432,53.664561,On or near Coltsfoot Drive,E01024929,Chorley 006A,Public order,Unable to prosecute suspect,
b362f7e8fad093ca0a32c8ddc30f1e242194a47935847faad73eddc79923989b,2019-05,Lancashire Constabulary,Lancashire Constabulary,-2.624469,53.663009,On or near Wordsworth Terrace,E01024929,Chorley 006A,Public order,Awaiting court outcome,
e563e082ef9f079eefb994b9a6373e936fc74708bff2e8e499348a8433eb5cfa,2019-05,Lancashire Constabulary,Lancashire Constabulary,-2.624469,53.663009,On or near Wordsworth Terrace,E01024929,Chorley 006A,Violence and sexual offences,Status update unavailable,
28e35602edd9169fe48057b20ffa6aca6b758964113a0bf5da3d02307f97b754,2019-05,Lancashire Constabulary,Lancashire Constabulary,-2.622750,53.664474,On or near Cornflower Close,E01024929,Chorley 006A,Violence and sexual offences,Status update unavailable,
06d73a7098e4c2f7c09844725c8050aa255e365549cf7f7c79de6bbee1600f19,2019-05,Lancashire Constabulary,Lancashire Constabulary,-2.621566,53.663213,On or near Chestnut Avenue,E01024929,Chorley 006A,Violence and sexual offences,Status update unavailable,
c8591c86d946aaaa437cb349781a67eaac6bb9780b14c85e0bbd6a8959753bc5,2019-05,Lancashire Constabulary,Lancashire Constabulary,-2.622527,53.663711,On or near Sycamore Road,E01024929,Chorley 006A,Violence and sexual offences,Unable to prosecute suspect,
73ce52dfb377dc0bb3457598096adcbf68de759595d2dbeeb487854767a85d98,2019-05,Lancashire Constabulary,Lancashire Constabulary,-2.621863,53.664865,On or near Clayburn Close,E01024929,Chorley 006A,Violence and sexual offences,Status update unavailable,
3a892e92f043e1c85e34ba70501beb8704e96551d3b6dc5d7bd168c96baebee5,2019-05,Lancashire Constabulary,Lancashire Constabulary,-2.623432,53.664561,On or near Coltsfoot Drive,E01024929,Chorley 006A,Violence and sexual offences,Unable to prosecute suspect,
419caaef982074e2a95bd3bae2fe3a8a2c38cf251582ffcbf7e9357e49adc934,2019-05,Lancashire Constabulary,Lancashire Constabulary,-2.623432,53.664561,On or near Coltsfoot Drive,E01024929,Chorley 006A,Other crime,Status update unavailable,
,2019-05,Lancashire Constabulary,Lancashire Constabulary,-2.623549,53.661207,On or near Harper'S Lane,E01024930,Chorley 006B,Anti-social behaviour,,
,2019-05,Lancashire Constabulary,Lancashire Constabulary,-2.615085,53.660847,On or near Withnell Grove,E01024930,Chorley 006B,Anti-social behaviour,,
,2019-05,Lancashire Constabulary,Lancashire Constabulary,-2.623549,53.661207,On or near Harper'S Lane,E01024930,Chorley 006B,Anti-social behaviour,,
,2019-05,Lancashire Constabulary,Lancashire Constabulary,-2.623549,53.661207,On or near Harper'S Lane,E01024930,Chorley 006B,Anti-social behaviour,,
,2019-05,Lancashire Constabulary,Lancashire Constabulary,-2.623549,53.661207,On or near Harper'S Lane,E01024930,Chorley 006B,Anti-social behaviour,,
b4e6bed215e67bd709d11158d984ad874e4a52e217d78b0620a2c2f82b64e47a,2019-05,Lancashire Constabulary,Lancashire Constabulary,-2.624827,53.659574,On or near St Josephs Place,E01024930,Chorley 006B,Burglary,Status update unavailable,
4f04164b1c6d529563e8bc9921608929b0f39c2defd758216abfa06be69b8417,2019-05,Lancashire Constabulary,Lancashire Constabulary,-2.620472,53.658761,On or near Carr Street,E01024930,Chorley 006B,Other theft,Unable to prosecute suspect,
ff632f943795b07a283bbe2a66c217fde37ff400ee792629d3569bce890562e2,2019-05,Lancashire Constabulary,Lancashire Constabulary,-2.622384,53.660171,On or near Sports/Recreation Area,E01024930,Chorley 006B,Violence and sexual offences,Status update unavailable,
eb5ab3a104c8fcf6e66df49a40c5ab265f70df408aa5c7ab967dda39be723a19,2019-05,Lancashire Constabulary,Lancashire Constabulary,-2.618038,53.662054,On or near Mason Street,E01024930,Chorley 006B,Violence and sexual offences,Offender given a caution,
2258ba31de43e877aa111a366545e3d0e60cc2fa865a5bf1885d9a8169afdb23,2019-05,Lancashire Constabulary,Lancashire Constabulary,-2.624827,53.659574,On or near St Josephs Place,E01024930,Chorley 006B,Violence and sexual offences,Awaiting court outcome,
,2019-05,Lancashire Constabulary,Lancashire Constabulary,-2.631848,53.655501,On or near Parking Area,E01024931,Chorley 006C,Anti-social behaviour,,
,2019-05,Lancashire Constabulary,Lancashire Constabulary,-2.630856,53.658014,On or near Parker Street,E01024931,Chorley 006C,Anti-social behaviour,,
,2019-05,Lancashire Constabulary,Lancashire Constabulary,-2.631848,53.655501,On or near Parking Area,E01024931,Chorley 006C,Anti-social behaviour,,
,2019-05,Lancashire Constabulary,Lancashire Constabulary,-2.630856,53.658014,On or near Parker Street,E01024931,Chorley 006C,Anti-social behaviour,,
,2019-05,Lancashire Constabulary,Lancashire Constabulary,-2.632032,53.655716,On or near Parking Area,E01024931,Chorley 006C,Anti-social behaviour,,
,2019-05,Lancashire Constabulary,Lancashire Constabulary,-2.631848,53.655501,On or near Parking Area,E01024931,Chorley 006C,Anti-social behaviour,,
,2019-05,Lancashire Constabulary,Lancashire Constabulary,-2.630908,53.657403,On or near Vine Street,E01024931,Chorley 006C,Anti-social behaviour,,
,2019-05,Lancashire Constabulary,Lancashire Constabulary,-2.630105,53.657353,On or near Water Street,E01024931,Chorley 006C,Anti-social behaviour,,
,2019-05,Lancashire Constabulary,Lancashire Constabulary,-2.623880,53.656972,On or near Whinfield Avenue,E01024931,Chorley 006C,Anti-social behaviour,,
,2019-05,Lancashire Constabulary,Lancashire Constabulary,-2.631848,53.655501,On or near Parking Area,E01024931,Chorley 006C,Anti-social behaviour,,
,2019-05,Lancashire Constabulary,Lancashire Constabulary,-2.621858,53.657324,On or near Russell Square,E01024931,Chorley 006C,Anti-social behaviour,,
8aa667e8984c61f5bf79e07789fdd42c05e5ca3fb39225c9da45d313ec3ff8f5,2019-05,Lancashire Constabulary,Lancashire Constabulary,-2.621858,53.657324,On or near Russell Square,E01024931,Chorley 006C,Burglary,Unable to prosecute suspect,
7aae4012aa24961cb348cad09bd61d554c4a33998790e928796eb26acee97113,2019-05,Lancashire Constabulary,Lancashire Constabulary,-2.630995,53.658157,On or near Cross Street,E01024931,Chorley 006C,Burglary,Status update unavailable,
5b1a9b8fd497527bed4ac9b66eab38ec72c7dbe7b31b98c3c4a4a2f73350d880,2019-05,Lancashire Constabulary,Lancashire Constabulary,-2.631130,53.657096,On or near Hope Street,E01024931,Chorley 006C,Burglary,Status update unavailable,
a264ba7bbebc9264343645d76ecd326189e4d1fd65a54de1ed370265689efc65,2019-05,Lancashire Constabulary,Lancashire Constabulary,-2.632032,53.655716,On or near Parking Area,E01024931,Chorley 006C,Criminal damage and arson,Status update unavailable,
0d25ff810551090de198e1e7921216b3af10509bdf69c533215337f7d89895d5,2019-05,Lancashire Constabulary,Lancashire Constabulary,-2.629759,53.659539,On or near Congress Street,E01024931,Chorley 006C,Criminal damage and arson,Status update unavailable,
41dd874d70b574ffb0ebe42152aa67774b7792727473c79dee9cdbd489a229ae,2019-05,Lancashire Constabulary,Lancashire Constabulary,-2.624579,53.656151,On or near Stratford Road,E01024931,Chorley 006C,Criminal damage and arson,Status update unavailable,
1e9f3fefc2525314232814dbb53a4795bb60bc01d879f2ccdafac39c6f4761a1,2019-05,Lancashire Constabulary,Lancashire Constabulary,-2.631848,53.655501,On or near Parking Area,E01024931,Chorley 006C,Drugs,Status update unavailable,
559bcbeeff6c219d8a3520d19799523d575306c7427a7e6be74a0fde8693230d,2019-05,Lancashire Constabulary,Lancashire Constabulary,-2.632032,53.655716,On or near Parking Area,E01024931,Chorley 006C,Other theft,Status update unavailable,
2756eed8afd5a1cda83d7563f76f8c633c11e78a4c53b4bf675546cba16c6775,2019-05,Lancashire Constabulary,Lancashire Constabulary,-2.630856,53.658014,On or near Parker Street,E01024931,Chorley 006C,Public order,Status update unavailable,
4fe79e1e4063b4258b6181695c93a58360ed264c7849114c65209ffc4da403e4,2019-05,Lancashire Constabulary,Lancashire Constabulary,-2.627865,53.658318,On or near Supermarket,E01024931,Chorley 006C,Shoplifting,Status update unavailable,
6ce6176f93b23b99290ebb4d77a08a0268d339754e8f4146ac473f299ab433f8,2019-05,Lancashire Constabulary,Lancashire Constabulary,-2.632032,53.655716,On or near Parking Area,E01024931,Chorley 006C,Vehicle crime,Status update unavailable,
916e9dbfb35abc2956c15af8c5846edd15eae82431b223d440bf9e0b87d5e393,2019-05,Lancashire Constabulary,Lancashire Constabulary,-2.625546,53.657089,On or near Briercliffe Road,E01024931,Chorley 006C,Violence and sexual offences,Further investigation is not in the public interest,
f65bd65682c671717dd11962f2b6e0fc0ef857f21b0426e77768862097de91b3,2019-05,Lancashire Constabulary,Lancashire Constabulary,-2.631848,53.655501,On or near Parking Area,E01024931,Chorley 006C,Violence and sexual offences,Status update unavailable,
e169fb2ef05fee1c0c9814a511e8f2b7ef28e03beae6faf84b448a39a155d3eb,2019-05,Lancashire Constabulary,Lancashire Constabulary,-2.629759,53.659539,On or near Congress Street,E01024931,Chorley 006C,Violence and sexual offences,Status update unavailable,
586c5c1419c5dbd574d0cdfee436c857fb4831fc936fab9e83a0d121ad0c591b,2019-05,Lancashire Constabulary,Lancashire Constabulary,-2.627865,53.658318,On or near Supermarket,E01024931,Chorley 006C,Violence and sexual offences,Unable to prosecute suspect,
10d20cefd9516d5ff2ca05e900f833196ed791e3e47e5b533a11a631145a5c2d,2019-05,Lancashire Constabulary,Lancashire Constabulary,-2.627865,53.658318,On or near Supermarket,E01024931,Chorley 006C,Violence and sexual offences,Status update unavailable,
7e3c959dcd128cead15e51fe2c70a28f45bcd37f7fa0dcdb658423c0ffded48f,2019-05,Lancashire Constabulary,Lancashire Constabulary,-2.624579,53.656151,On or near Stratford Road,E01024931,Chorley 006C,Violence and sexual offences,Unable to prosecute suspect,
2677676c37afb71ec4d34898b0f161a1a1f89a6710e4a9ab136c64f4c9b44e04,2019-05,Lancashire Constabulary,Lancashire Constabulary,-2.630856,53.658014,On or near Parker Street,E01024931,Chorley 006C,Violence and sexual offences,Awaiting court outcome,
,2019-05,Lancashire Constabulary,Lancashire Constabulary,-2.614587,53.665101,On or near Knowley Brow,E01024932,Chorley 006D,Anti-social behaviour,,
8691eff5396c832069300fc70a5102f24b248e28286039155695355e7bbffe6c,2019-05,Lancashire Constabulary,Lancashire Constabulary,-2.615782,53.666083,On or near Blackburn Brow,E01024932,Chorley 006D,Bicycle theft,Status update unavailable,
a0fe172559914388d9d95f5bd7461f0b68a3b89275f45fa5b6f55ce761d1b47d,2019-05,Lancashire Constabulary,Lancashire Constabulary,-2.614640,53.668741,On or near Alpine Road,E01024932,Chorley 006D,Other theft,Status update unavailable,
329a276afd41d77a2eaacb61dca015dfb5d8fa045da10d2445b01ca90a56cfb2,2019-05,Lancashire Constabulary,Lancashire Constabulary,-2.615782,53.666083,On or near Blackburn Brow,E01024932,Chorley 006D,Violence and sexual offences,Unable to prosecute suspect,
,2019-05,Lancashire Constabulary,Lancashire Constabulary,-2.625713,53.667308,On or near Drumhead Road,E01024933,Chorley 006E,Anti-social behaviour,,
,2019-05,Lancashire Constabulary,Lancashire Constabulary,-2.632534,53.672045,On or near Preston Road,E01024933,Chorley 006E,Anti-social behaviour,,
,2019-05,Lancashire Constabulary,Lancashire Constabulary,-2.631504,53.663871,On or near Lancaster Court,E01024933,Chorley 006E,Anti-social behaviour,,
,2019-05,Lancashire Constabulary,Lancashire Constabulary,-2.625387,53.663679,On or near Shakespeare Terrace,E01024933,Chorley 006E,Anti-social behaviour,,
,2019-05,Lancashire Constabulary,Lancashire Constabulary,-2.631504,53.663871,On or near Lancaster Court,E01024933,Chorley 006E,Anti-social behaviour,,
,2019-05,Lancashire Constabulary,Lancashire Constabulary,-2.632534,53.672045,On or near Preston Road,E01024933,Chorley 006E,Anti-social behaviour,,
,2019-05,Lancashire Constabulary,Lancashire Constabulary,-2.626248,53.661571,On or near Morrison Street,E01024933,Chorley 006E,Anti-social behaviour,,
,2019-05,Lancashire Constabulary,Lancashire Constabulary,-2.626248,53.661571,On or near Morrison Street,E01024933,Chorley 006E,Anti-social behaviour,,
,2019-05,Lancashire Constabulary,Lancashire Constabulary,-2.631504,53.663871,On or near Lancaster Court,E01024933,Chorley 006E,Anti-social behaviour,,
fc732fbf71e24c5cfbaa7eb7d6dc26273f0e833a2f7ed7927734d7e71c3beaeb,2019-05,Lancashire Constabulary,Lancashire Constabulary,-2.626917,53.662790,On or near Springs Road,E01024933,Chorley 006E,Burglary,Status update unavailable,
6b76aa17c6cf6ade46cf8a08b270527190c9fc24ff4f6c986b473e05eb35cbc4,2019-05,Lancashire Constabulary,Lancashire Constabulary,-2.626248,53.661571,On or near Morrison Street,E01024933,Chorley 006E,Criminal damage and arson,Local resolution,
87f225bb88c03e3b2df9b23d9490710156e115555a426c8ff638fae8d73deb47,2019-05,Lancashire Constabulary,Lancashire Constabulary,-2.632534,53.672045,On or near Preston Road,E01024933,Chorley 006E,Criminal damage and arson,Status update unavailable,
641e73f5731213f5a20ce12e6931434bd31c03af90cab2aca9da72e8f68ae8a5,2019-05,Lancashire Constabulary,Lancashire Constabulary,-2.630538,53.662016,On or near Petrol Station,E01024933,Chorley 006E,Other theft,Status update unavailable,
b1c9a3f91ebe29ac5e6e53b98497c66c28a420212dd75d1b43202de206e2cdd2,2019-05,Lancashire Constabulary,Lancashire Constabulary,-2.628459,53.661649,On or near North Street,E01024933,Chorley 006E,Shoplifting,Status update unavailable,
52398e3408dd4cf7a5c08f6f15c9a79f3cf2ac9e7f1b91f0ba5704af491f5e00,2019-05,Lancashire Constabulary,Lancashire Constabulary,-2.628459,53.661649,On or near North Street,E01024933,Chorley 006E,Shoplifting,Unable to prosecute suspect,
47177caf5f566dc6280691f287f0b85c1f9a4d8496ec862848ebb6638892aa0b,2019-05,Lancashire Constabulary,Lancashire Constabulary,-2.626194,53.660960,On or near Victoria Terrace,E01024933,Chorley 006E,Shoplifting,Status update unavailable,
5dacd117efa2cfb7393cc25210a23727482e461b40307033be6bfdd789bff911,2019-05,Lancashire Constabulary,Lancashire Constabulary,-2.628459,53.661649,On or near North Street,E01024933,Chorley 006E,Shoplifting,Further investigation is not in the public interest,
933222c091004313fde9df71ecddf686d8763519aad9aabc5b88aa25205d3f80,2019-05,Lancashire Constabulary,Lancashire Constabulary,-2.628459,53.661649,On or near North Street,E01024933,Chorley 006E,Shoplifting,Status update unavailable,
d665499546c2fbb2f72217dac90f1b6cbadb6659af9e64f75e69392b072797e9,2019-05,Lancashire Constabulary,Lancashire Constabulary,-2.628459,53.661649,On or near North Street,E01024933,Chorley 006E,Violence and sexual offences,Local resolution,
2caca56d8aaeb4ab2b3e132096a1cef45d40b0a91a54cd906c00e73be187f591,2019-05,Lancashire Constabulary,Lancashire Constabulary,-2.631504,53.663871,On or near Lancaster Court,E01024933,Chorley 006E,Violence and sexual offences,Status update unavailable,
e59b930c7ed6159ce6c946fc13672947df6c838996e75ea4a7182f92a1178803,2019-05,Lancashire Constabulary,Lancashire Constabulary,-2.632534,53.672045,On or near Preston Road,E01024933,Chorley 006E,Violence and sexual offences,Unable to prosecute suspect,
a95f97f182a214788bb97759b7a88885d61321cecba51061fcf8dd8ad4db9da0,2019-05,Lancashire Constabulary,Lancashire Constabulary,-2.628188,53.667844,On or near Pine Grove,E01024933,Chorley 006E,Violence and sexual offences,Unable to prosecute suspect,
4a26374f3ea08b19ea685a7d9467c2e1db0c7e45eadc1d5746e659a6162259bc,2019-05,Lancashire Constabulary,Lancashire Constabulary,-2.630337,53.666790,On or near Cherry Tree Grove,E01024933,Chorley 006E,Violence and sexual offences,Unable to prosecute suspect,
,2019-05,Lancashire Constabulary,Lancashire Constabulary,-2.632422,53.667579,On or near Preston Road,E01024937,Chorley 006F,Anti-social behaviour,,
,2019-05,Lancashire Constabulary,Lancashire Constabulary,-2.632422,53.667579,On or near Preston Road,E01024937,Chorley 006F,Anti-social behaviour,,
,2019-05,Lancashire Constabulary,Lancashire Constabulary,-2.636029,53.657861,On or near Sports/Recreation Area,E01024937,Chorley 006F,Anti-social behaviour,,
,2019-05,Lancashire Constabulary,Lancashire Constabulary,-2.636029,53.657861,On or near Sports/Recreation Area,E01024937,Chorley 006F,Anti-social behaviour,,
,2019-05,Lancashire Constabulary,Lancashire Constabulary,-2.637270,53.664883,On or near Dutch Barn Close,E01024937,Chorley 006F,Anti-social behaviour,,
,2019-05,Lancashire Constabulary,Lancashire Constabulary,-2.637270,53.664883,On or near Dutch Barn Close,E01024937,Chorley 006F,Anti-social behaviour,,
,2019-05,Lancashire Constabulary,Lancashire Constabulary,-2.632400,53.664100,On or near Preston Road,E01024937,Chorley 006F,Anti-social behaviour,,
f0d94cef087088e4cefeabe551bf6e1568372e93c2a6b768f76e99001b80a4a7,2019-05,Lancashire Constabulary,Lancashire Constabulary,-2.635766,53.665538,On or near Hospital,E01024937,Chorley 006F,Other theft,Further investigation is not in the public interest,
47cdd18c22a283d347bc171293b5c9ba74115adfbc0d35d52a8e5fe27f95954d,2019-05,Lancashire Constabulary,Lancashire Constabulary,-2.635766,53.665538,On or near Hospital,E01024937,Chorley 006F,Other theft,Offender given community sentence,
b4e0076460940c32b82c7396aeb3102a42dfe2ff7bcd9428f29d600908f432a5,2019-05,Lancashire Constabulary,Lancashire Constabulary,-2.635766,53.665538,On or near Hospital,E01024937,Chorley 006F,Other theft,Status update unavailable,
35247d72a1aff85842e5c84f6b95f5fdda509bb85c2e610a23e6345045917baf,2019-05,Lancashire Constabulary,Lancashire Constabulary,-2.636029,53.657861,On or near Sports/Recreation Area,E01024937,Chorley 006F,Public order,Status update unavailable,
c430a629415b7d597e93182161e4f060a73b558dd20262307b20c346f0a1798c,2019-05,Lancashire Constabulary,Lancashire Constabulary,-2.635766,53.665538,On or near Hospital,E01024937,Chorley 006F,Violence and sexual offences,Unable to prosecute suspect,
bbbb9dc093ed6b5464b55d8b79d8edec107d98f59a7f73e8c7288f537f82b48e,2019-05,Lancashire Constabulary,Lancashire Constabulary,-2.635805,53.659040,On or near Millfield Road,E01024937,Chorley 006F,Violence and sexual offences,Unable to prosecute suspect,
12d6a2838dcc2b7d8baf9b0dc488062a8f79651b3e0f355f48e4268b29ca9acc,2019-05,Lancashire Constabulary,Lancashire Constabulary,-2.635805,53.659040,On or near Millfield Road,E01024937,Chorley 006F,Violence and sexual offences,Unable to prosecute suspect,
0a18f1d6c7e246fdbc340d5a12fc921492a8e3bd990725d3925b3d87318c5178,2019-05,Lancashire Constabulary,Lancashire Constabulary,-2.635483,53.659796,On or near Astley Road,E01024937,Chorley 006F,Violence and sexual offences,Status update unavailable,
c38bedc1542353aad8820ab1b10a32e157978909884e5acced887dbcb48595c2,2019-05,Lancashire Constabulary,Lancashire Constabulary,-2.635805,53.659040,On or near Millfield Road,E01024937,Chorley 006F,Violence and sexual offences,Status update unavailable,
fcc931b5c325a2bc4971ff998809a863ab2ceb077abac1d6c9c6e63725134cd8,2019-05,Lancashire Constabulary,Lancashire Constabulary,-2.635766,53.665538,On or near Hospital,E01024937,Chorley 006F,Violence and sexual offences,Unable to prosecute suspect,
42a54b5a451b8c964947bc7b4006367067bae557e9f069e5cc5c7ced17d097ae,2019-05,Lancashire Constabulary,Lancashire Constabulary,-2.637403,53.667669,On or near Strawberry Fields,E01024937,Chorley 006F,Violence and sexual offences,Status update unavailable,
d0a947bc9add53e944187e4cf69f9ba8529bc93fbd4cbe82fb2eff40ae99ecee,2019-05,Lancashire Constabulary,Lancashire Constabulary,-2.632400,53.664100,On or near Preston Road,E01024937,Chorley 006F,Violence and sexual offences,Unable to prosecute suspect,
0a03041a1586a63776b262bcd68d36a09fe6a867ea0213a65b3cd1fb5b17d84e,2019-05,Lancashire Constabulary,Lancashire Constabulary,-2.632422,53.667579,On or near Preston Road,E01024937,Chorley 006F,Violence and sexual offences,Status update unavailable,
,2019-05,Lancashire Constabulary,Lancashire Constabulary,-2.768056,53.628863,On or near Sycamore Close,E01024964,Chorley 007A,Anti-social behaviour,,
82a8179612e286740e669704804feb3cf761ebf0f8e00349f7f9c398d0112ee1,2019-05,Lancashire Constabulary,Lancashire Constabulary,-2.792826,53.622508,On or near Rufford Road,E01024964,Chorley 007A,Violence and sexual offences,Status update unavailable,
,2019-05,Lancashire Constabulary,Lancashire Constabulary,-2.784498,53.664989,On or near Park/Open Space,E01024974,Chorley 007B,Anti-social behaviour,,
e8bd2c39e1d134d2551f0896d11bff89f148ab17f893d55281cdc6e47be7a1aa,2019-05,Lancashire Constabulary,Lancashire Constabulary,-2.783830,53.679590,On or near Sports/Recreation Area,E01024974,Chorley 007B,Burglary,Status update unavailable,
23874ce4821bacbd871e641d6310c1db77de9c460c76c5739a1c32154fc0748f,2019-05,Lancashire Constabulary,Lancashire Constabulary,-2.771108,53.662712,On or near Out Lane,E01024974,Chorley 007B,Violence and sexual offences,Status update unavailable,
,2019-05,Lancashire Constabulary,Lancashire Constabulary,-2.777395,53.667228,On or near Station Road,E01024975,Chorley 007C,Anti-social behaviour,,
,2019-05,Lancashire Constabulary,Lancashire Constabulary,-2.775930,53.668182,On or near Jubilee Way,E01024975,Chorley 007C,Anti-social behaviour,,
667660a73f94067b1070e40268037533952e2641ae91bdec00e2faa38397ddd2,2019-05,Lancashire Constabulary,Lancashire Constabulary,-2.756382,53.679551,On or near Prison,E01024975,Chorley 007C,Violence and sexual offences,Awaiting court outcome,
5900e1dbe07e3a9842d3ffc37e2994a56012b8afbfaba684ffab0b125525364d,2019-05,Lancashire Constabulary,Lancashire Constabulary,-2.756382,53.679551,On or near Prison,E01024975,Chorley 007C,Violence and sexual offences,Unable to prosecute suspect,
2b1bcac00b2ccabde2f7df6207369f5ecc287b4f5a4647a28dbc7478daabcd86,2019-05,Lancashire Constabulary,Lancashire Constabulary,-2.756382,53.679551,On or near Prison,E01024975,Chorley 007C,Violence and sexual offences,Status update unavailable,
3c8ae9bc7d57373f3695aef4f7b6fe70799d71458931c3b9d9e03defdc27fa05,2019-05,Lancashire Constabulary,Lancashire Constabulary,-2.756382,53.679551,On or near Prison,E01024975,Chorley 007C,Violence and sexual offences,Unable to prosecute suspect,
ef9cad60386ad48c9b859796985e98c1754643710c74c797f14f3a8cae991212,2019-05,Lancashire Constabulary,Lancashire Constabulary,-2.756382,53.679551,On or near Prison,E01024975,Chorley 007C,Violence and sexual offences,Status update unavailable,
3f31d827166acd36a0a42b72eb871ead8e012ce8348fe8f5f42e5c921395b7ef,2019-05,Lancashire Constabulary,Lancashire Constabulary,-2.756382,53.679551,On or near Prison,E01024975,Chorley 007C,Violence and sexual offences,Unable to prosecute suspect,
507fe2b15987cc2f0af53f374d0465f28bde88ee865dec285a56f1c4377634a8,2019-05,Lancashire Constabulary,Lancashire Constabulary,-2.756382,53.679551,On or near Prison,E01024975,Chorley 007C,Violence and sexual offences,Status update unavailable,
cb0e0050ad575a16f1d410115fe574f81e457fef696b367e5bbaaad26cd1a6f1,2019-05,Lancashire Constabulary,Lancashire Constabulary,-2.756382,53.679551,On or near Prison,E01024975,Chorley 007C,Violence and sexual offences,Status update unavailable,
870b2c6529572f6fbf4cd778088fc76656cec88f0e1c3b9c2e93f4bf2f09146d,2019-05,Lancashire Constabulary,Lancashire Constabulary,-2.752184,53.678490,On or near Prison,E01024975,Chorley 007C,Violence and sexual offences,Status update unavailable,
d3b8d28a3fdfdf43d332e1f69f85acd3b21fd1ee87fb4c3a6f1ff123de1ffaf9,2019-05,Lancashire Constabulary,Lancashire Constabulary,-2.756382,53.679551,On or near Prison,E01024975,Chorley 007C,Violence and sexual offences,Awaiting court outcome,
081a2461aed017aaba1d13db9782ddde2e0c91c498ee83d6ce318dd88aed95e8,2019-05,Lancashire Constabulary,Lancashire Constabulary,-2.752184,53.678490,On or near Prison,E01024975,Chorley 007C,Violence and sexual offences,Unable to prosecute suspect,
274801f05d4528bd87bdaf963ab5316ea0ca0ce352dee47a48dc55c21e721945,2019-05,Lancashire Constabulary,Lancashire Constabulary,-2.756382,53.679551,On or near Prison,E01024975,Chorley 007C,Violence and sexual offences,Formal action is not in the public interest,
f98c8b96890e24b37a361b9cc1bc03138b575d64de9f4fbeaeaa2e9808bb63ab,2019-05,Lancashire Constabulary,Lancashire Constabulary,-2.753270,53.664704,On or near Moor Road,E01024975,Chorley 007C,Violence and sexual offences,Offender given penalty notice,
f2d47e4636490285279f4e4d1dc4bee725db0b3bc7ec87479227c960d72ad617,2019-05,Lancashire Constabulary,Lancashire Constabulary,-2.756382,53.679551,On or near Prison,E01024975,Chorley 007C,Violence and sexual offences,Awaiting court outcome,
05166f089e847a3a4a75a4aeebee6163f8cb37a8b213dddeb5cd8c391707db87,2019-05,Lancashire Constabulary,Lancashire Constabulary,-2.756382,53.679551,On or near Prison,E01024975,Chorley 007C,Violence and sexual offences,Unable to prosecute suspect,
66bf3f3bf4b594fef9b6254cd57681beb92a935a3b2677971beaf6d7af94bcc7,2019-05,Lancashire Constabulary,Lancashire Constabulary,-2.756382,53.679551,On or near Prison,E01024975,Chorley 007C,Violence and sexual offences,Unable to prosecute suspect,
5ddae679e6880ef510ddecc6a5cec3b2b5dcfcbe4b0b786a65fd6e05e6ffb766,2019-05,Lancashire Constabulary,Lancashire Constabulary,-2.756382,53.679551,On or near Prison,E01024975,Chorley 007C,Violence and sexual offences,Status update unavailable,
2bd3e1ab473582f67384712f80520128a984bba5fd281dd4bc80c52c1b2e474a,2019-05,Lancashire Constabulary,Lancashire Constabulary,-2.756382,53.679551,On or near Prison,E01024975,Chorley 007C,Violence and sexual offences,Unable to prosecute suspect,
dc80791bfa83e5f86a416595b6bea2b502a52bb8147acf47cdca4d8e939da5be,2019-05,Lancashire Constabulary,Lancashire Constabulary,-2.756382,53.679551,On or near Prison,E01024975,Chorley 007C,Violence and sexual offences,Unable to prosecute suspect,
9c1614c578a5051f7d04cd38f81b7dbf7810d03028d69a4526b242bbcfdd86d4,2019-05,Lancashire Constabulary,Lancashire Constabulary,-2.752184,53.678490,On or near Prison,E01024975,Chorley 007C,Violence and sexual offences,Unable to prosecute suspect,
869bcf592b99b8cf0c8acb2338e79a3fc5870e4367b8a31ded72ab658208a82d,2019-05,Lancashire Constabulary,Lancashire Constabulary,-2.756382,53.679551,On or near Prison,E01024975,Chorley 007C,Violence and sexual offences,Status update unavailable,
fc5fb33822fe34cccc2d571be5a7d930bd7c05682c26ce50e89c792e95446c96,2019-05,Lancashire Constabulary,Lancashire Constabulary,-2.756382,53.679551,On or near Prison,E01024975,Chorley 007C,Violence and sexual offences,Status update unavailable,
8a1a1f6df5bb05ba6d5dbb58d2c93e234e275ee58e0f5fd4d63be24fbefd33a8,2019-05,Lancashire Constabulary,Lancashire Constabulary,-2.756382,53.679551,On or near Prison,E01024975,Chorley 007C,Violence and sexual offences,Awaiting court outcome,
266a8a11ece3cb9daf3b37fbc8087a84e522e94001ccf440d4fb74b41f46080a,2019-05,Lancashire Constabulary,Lancashire Constabulary,-2.738746,53.663203,On or near New Lane,E01024975,Chorley 007C,Violence and sexual offences,Status update unavailable,
7320b170606a143ca688acf51d32715140f2fe47e0822d4280457a64a8951eb1,2019-05,Lancashire Constabulary,Lancashire Constabulary,-2.752184,53.678490,On or near Prison,E01024975,Chorley 007C,Other crime,Status update unavailable,
c6b30bc66d3fc0ada72ad2aa041e089ff24cb987cbb3fdbd7031dda74d6d2bf2,2019-05,Lancashire Constabulary,Lancashire Constabulary,-2.752184,53.678490,On or near Prison,E01024975,Chorley 007C,Other crime,Awaiting court outcome,
f8a1cd06bdd7e98462b6cfe4a4237011a6d00d77e0f9ca7cd620e8bc06e8abf5,2019-05,Lancashire Constabulary,Lancashire Constabulary,-2.756382,53.679551,On or near Prison,E01024975,Chorley 007C,Other crime,Status update unavailable,
,2019-05,Lancashire Constabulary,Lancashire Constabulary,-2.774546,53.661206,On or near Parking Area,E01024976,Chorley 007D,Anti-social behaviour,,
9495712e4128021ba574b7581fdfc348a0998069961566dbb0653ff5ec7f995a,2019-05,Lancashire Constabulary,Lancashire Constabulary,-2.780028,53.661450,On or near Orchard Mill Drive,E01024976,Chorley 007D,Bicycle theft,Status update unavailable,
ae633eb4e268f558cbcc812006b3694ccc8302b81d3cd27871b2118f5cf41f8c,2019-05,Lancashire Constabulary,Lancashire Constabulary,-2.774546,53.661206,On or near Parking Area,E01024976,Chorley 007D,Violence and sexual offences,Unable to prosecute suspect,
a7699a5594de9e382e16246c6bbefbae8ba957dec8b5fd4c7e03fd477d5e3560,2019-05,Lancashire Constabulary,Lancashire Constabulary,-2.772680,53.666773,On or near The Orchard,E01024976,Chorley 007D,Violence and sexual offences,Status update unavailable,
,2019-05,Lancashire Constabulary,Lancashire Constabulary,-2.646772,53.668715,On or near Mimosa Close,E01024919,Chorley 008A,Anti-social behaviour,,
,2019-05,Lancashire Constabulary,Lancashire Constabulary,-2.645832,53.664622,On or near Great Meadow,E01024919,Chorley 008A,Anti-social behaviour,,
,2019-05,Lancashire Constabulary,Lancashire Constabulary,-2.645531,53.668740,On or near Columbine Close,E01024919,Chorley 008A,Anti-social behaviour,,
,2019-05,Lancashire Constabulary,Lancashire Constabulary,-2.665865,53.679693,On or near Oakbridge Drive,E01024919,Chorley 008A,Anti-social behaviour,,
,2019-05,Lancashire Constabulary,Lancashire Constabulary,-2.660148,53.677181,On or near Sharrock Street,E01024919,Chorley 008A,Anti-social behaviour,,
,2019-05,Lancashire Constabulary,Lancashire Constabulary,-2.665865,53.679693,On or near Oakbridge Drive,E01024919,Chorley 008A,Anti-social behaviour,,
,2019-05,Lancashire Constabulary,Lancashire Constabulary,-2.645832,53.664622,On or near Great Meadow,E01024919,Chorley 008A,Anti-social behaviour,,
,2019-05,Lancashire Constabulary,Lancashire Constabulary,-2.643894,53.665558,On or near Buckshaw Hall Close,E01024919,Chorley 008A,Anti-social behaviour,,
,2019-05,Lancashire Constabulary,Lancashire Constabulary,-2.646694,53.663610,On or near Clough Acre,E01024919,Chorley 008A,Anti-social behaviour,,
,2019-05,Lancashire Constabulary,Lancashire Constabulary,-2.642640,53.664711,On or near Broadfields,E01024919,Chorley 008A,Anti-social behaviour,,
,2019-05,Lancashire Constabulary,Lancashire Constabulary,-2.660148,53.677181,On or near Sharrock Street,E01024919,Chorley 008A,Anti-social behaviour,,
,2019-05,Lancashire Constabulary,Lancashire Constabulary,-2.645803,53.663723,On or near Banastre,E01024919,Chorley 008A,Anti-social behaviour,,
,2019-05,Lancashire Constabulary,Lancashire Constabulary,-2.655567,53.677530,On or near Bishopton Crescent,E01024919,Chorley 008A,Anti-social behaviour,,
,2019-05,Lancashire Constabulary,Lancashire Constabulary,-2.660148,53.677181,On or near Sharrock Street,E01024919,Chorley 008A,Anti-social behaviour,,
,2019-05,Lancashire Constabulary,Lancashire Constabulary,-2.642640,53.664711,On or near Broadfields,E01024919,Chorley 008A,Anti-social behaviour,,
,2019-05,Lancashire Constabulary,Lancashire Constabulary,-2.660148,53.677181,On or near Sharrock Street,E01024919,Chorley 008A,Anti-social behaviour,,
,2019-05,Lancashire Constabulary,Lancashire Constabulary,-2.645832,53.664622,On or near Great Meadow,E01024919,Chorley 008A,Anti-social behaviour,,
,2019-05,Lancashire Constabulary,Lancashire Constabulary,-2.646772,53.668715,On or near Mimosa Close,E01024919,Chorley 008A,Anti-social behaviour,,
,2019-05,Lancashire Constabulary,Lancashire Constabulary,-2.660148,53.677181,On or near Sharrock Street,E01024919,Chorley 008A,Anti-social behaviour,,
e10bf54cace911e1839f3ff0ba25bdaadbdbadb21d8ef92da3520e1f3a445564,2019-05,Lancashire Constabulary,Lancashire Constabulary,-2.660861,53.672413,On or near Further/Higher Educational Building,E01024919,Chorley 008A,Bicycle theft,Status update unavailable,
add70073d0e5fa30c0293ebd32d9f51c29a3f6d0c226c8cb715e82430c48e8e6,2019-05,Lancashire Constabulary,Lancashire Constabulary,-2.660877,53.679280,On or near Darwen Fold Close,E01024919,Chorley 008A,Criminal damage and arson,Status update unavailable,
70333d2447d1001a2a7284daa7c8817783fb57b0329d5a4c30544d3fbe129710,2019-05,Lancashire Constabulary,Lancashire Constabulary,-2.645832,53.664622,On or near Great Meadow,E01024919,Chorley 008A,Criminal damage and arson,Status update unavailable,
cfded7e0943fbc1c89bf63558c7b00730c7e76d89e8d4d229724b05a81fc9038,2019-05,Lancashire Constabulary,Lancashire Constabulary,-2.645832,53.664622,On or near Great Meadow,E01024919,Chorley 008A,Criminal damage and arson,Status update unavailable,
fc378393b84ca4172a3b770ed48a9c5b9452fa12249c1889cab3a16641305430,2019-05,Lancashire Constabulary,Lancashire Constabulary,-2.642640,53.664711,On or near Broadfields,E01024919,Chorley 008A,Other theft,Status update unavailable,
060f3b7be028af5851c34e4940c0d8d001cb4c1a22fa80881aa301fd2a7765d0,2019-05,Lancashire Constabulary,Lancashire Constabulary,-2.645803,53.663723,On or near Banastre,E01024919,Chorley 008A,Public order,Status update unavailable,
b867c1b04084f468f67fc10733b12ff20d40bfd75f85b31202c9798e4a8e3014,2019-05,Lancashire Constabulary,Lancashire Constabulary,-2.653836,53.677189,On or near Spennymoor Close,E01024919,Chorley 008A,Robbery,Status update unavailable,
23e307b19ad3831ae222ab7ad3c1af53ae7182365a55b088f25c140218844d06,2019-05,Lancashire Constabulary,Lancashire Constabulary,-2.653836,53.677189,On or near Spennymoor Close,E01024919,Chorley 008A,Shoplifting,Investigation complete; no suspect identified,
78a1c066f5ae960aff1eb5efdade0b06d7ad5826ed7d1083a2342fc8d3b71548,2019-05,Lancashire Constabulary,Lancashire Constabulary,-2.653836,53.677189,On or near Spennymoor Close,E01024919,Chorley 008A,Shoplifting,Status update unavailable,
776a094a798b3b17666841f6187d8fc6b2f79f65b2b2e1705103600078502135,2019-05,Lancashire Constabulary,Lancashire Constabulary,-2.653836,53.677189,On or near Spennymoor Close,E01024919,Chorley 008A,Shoplifting,Status update unavailable,
027c0754d86e89b03cd9a9c0240e1b21058fa040db364a228d0bb7402091a04c,2019-05,Lancashire Constabulary,Lancashire Constabulary,-2.645803,53.663723,On or near Banastre,E01024919,Chorley 008A,Vehicle crime,Status update unavailable,
0d7be41dbd27b0fedf9613b9ee8017f48fb55d8ff766dbb2765f0693e8879f33,2019-05,Lancashire Constabulary,Lancashire Constabulary,-2.665865,53.679693,On or near Oakbridge Drive,E01024919,Chorley 008A,Violence and sexual offences,Unable to prosecute suspect,
6fd7e3b076f3c6965bcd66618405822378e267da594149498450b6aee72d7b9b,2019-05,Lancashire Constabulary,Lancashire Constabulary,-2.661993,53.675104,On or near Park/Open Space,E01024919,Chorley 008A,Violence and sexual offences,Awaiting court outcome,
42956c0bde3abb21565cab117f75e1ad63273865c01233e7224194fd97118d09,2019-05,Lancashire Constabulary,Lancashire Constabulary,-2.661993,53.675104,On or near Park/Open Space,E01024919,Chorley 008A,Violence and sexual offences,Awaiting court outcome,
e34dd148ada7141c75102924e8b2a5a1f53d847f624d23dfd36132816c8478f8,2019-05,Lancashire Constabulary,Lancashire Constabulary,-2.642640,53.664711,On or near Broadfields,E01024919,Chorley 008A,Violence and sexual offences,Unable to prosecute suspect,
9d676906ea48e61a0edcafd517c993ea84c93a1f2b0a6728b9b595446a8abde3,2019-05,Lancashire Constabulary,Lancashire Constabulary,-2.660258,53.680326,On or near Coopers Place,E01024919,Chorley 008A,Violence and sexual offences,Status update unavailable,
09a08037d0ba8d5f81b0fecdfdf0195ec276d11c3d7e460e1d44b491d6c52b98,2019-05,Lancashire Constabulary,Lancashire Constabulary,-2.646694,53.663610,On or near Clough Acre,E01024919,Chorley 008A,Violence and sexual offences,Unable to prosecute suspect,
ddf6ca04872807a62e76db9b5614c1a1623ebccd15bdc67da072e7d4476477c8,2019-05,Lancashire Constabulary,Lancashire Constabulary,-2.665865,53.679693,On or near Oakbridge Drive,E01024919,Chorley 008A,Violence and sexual offences,Further investigation is not in the public interest,
f05b2df9c110d56be3069fc8eed9fff297ca49cb70eb4ae4a40220f41f6a9cf6,2019-05,Lancashire Constabulary,Lancashire Constabulary,-2.645832,53.664622,On or near Great Meadow,E01024919,Chorley 008A,Violence and sexual offences,Unable to prosecute suspect,
84b268130c818f86e65bf4a6a92b4bf9a525c954e36eab243ee574b7fb3d780c,2019-05,Lancashire Constabulary,Lancashire Constabulary,-2.659840,53.677830,On or near Bryning Way,E01024919,Chorley 008A,Violence and sexual offences,Unable to prosecute suspect,
30b513863bcab6cb29659d0d21af93514193f3e781cd77cf6f64308f477f550b,2019-05,Lancashire Constabulary,Lancashire Constabulary,-2.661993,53.675104,On or near Park/Open Space,E01024919,Chorley 008A,Violence and sexual offences,Status update unavailable,
8da3091337b77192d9b1cff56928a7cc6dd893b83204b05f013c9cb0f4954a5e,2019-05,Lancashire Constabulary,Lancashire Constabulary,-2.660258,53.680326,On or near Coopers Place,E01024919,Chorley 008A,Violence and sexual offences,Unable to prosecute suspect,
5dab17326b968fbd65a7d69e482888b740a3ed08f0f834a497a35bdd0b5a326c,2019-05,Lancashire Constabulary,Lancashire Constabulary,-2.642640,53.664711,On or near Broadfields,E01024919,Chorley 008A,Violence and sexual offences,Unable to prosecute suspect,
f1caae265d688d2608480fb4d960cf8f3170c93a1dc2ca58e690e899862f63da,2019-05,Lancashire Constabulary,Lancashire Constabulary,-2.660924,53.678381,On or near New Inn Close,E01024919,Chorley 008A,Other crime,Local resolution,
,2019-05,Lancashire Constabulary,Lancashire Constabulary,-2.640437,53.665172,On or near Long Croft Meadow,E01024920,Chorley 008B,Anti-social behaviour,,
,2019-05,Lancashire Constabulary,Lancashire Constabulary,-2.645173,53.663106,On or near Browns Hey,E01024920,Chorley 008B,Anti-social behaviour,,
,2019-05,Lancashire Constabulary,Lancashire Constabulary,-2.645173,53.663106,On or near Browns Hey,E01024920,Chorley 008B,Anti-social behaviour,,
,2019-05,Lancashire Constabulary,Lancashire Constabulary,-2.645173,53.663106,On or near Browns Hey,E01024920,Chorley 008B,Anti-social behaviour,,
,2019-05,Lancashire Constabulary,Lancashire Constabulary,-2.651888,53.661874,On or near Wymundsley,E01024920,Chorley 008B,Anti-social behaviour,,
9a98da791c16fa2f0aefe47ce540781a482c0dbdd14bcf2530ba7f00098ad762,2019-05,Lancashire Constabulary,Lancashire Constabulary,-2.640437,53.665172,On or near Long Croft Meadow,E01024920,Chorley 008B,Criminal damage and arson,Status update unavailable,
41e8d204dac2360cde09bede63e09ce3fc4e11e81678a45cd72522ec63db084b,2019-05,Lancashire Constabulary,Lancashire Constabulary,-2.644387,53.662176,On or near Harewood,E01024920,Chorley 008B,Other theft,Status update unavailable,
dce9daf0dd46aa8e563816965083e518ac0ab54e6fa154e151901d70ec9de089,2019-05,Lancashire Constabulary,Lancashire Constabulary,-2.645173,53.663106,On or near Browns Hey,E01024920,Chorley 008B,Other theft,Status update unavailable,
e972017363345e1db6d0c09dd9b997127f74007d7b34ab60d5f850fe3f183776,2019-05,Lancashire Constabulary,Lancashire Constabulary,-2.645191,53.661335,On or near Hall Gate,E01024920,Chorley 008B,Violence and sexual offences,Unable to prosecute suspect,
1be40c433f40352e0ee95790f1ef52f30590ec4d0f1f3ca3108e1f49d42f5d22,2019-05,Lancashire Constabulary,Lancashire Constabulary,-2.638253,53.652834,On or near Shaftesbury Place,E01024934,Chorley 008C,Burglary,Status update unavailable,
81ede2cbd3af873113eaa9f3c58984451ed4d3ff3a2b77b356cbe3493b2329cd,2019-05,Lancashire Constabulary,Lancashire Constabulary,-2.640560,53.647329,On or near Egerton Grove,E01024934,Chorley 008C,Other theft,Status update unavailable,
bc3b255904b3a629c520197849d2e149e92728b8403d8de37be30f4e2ae8ac6d,2019-05,Lancashire Constabulary,Lancashire Constabulary,-2.637771,53.651955,On or near Ashfield Road,E01024934,Chorley 008C,Violence and sexual offences,Offender given community sentence,
10d2a00c584d1f33816d380248fc121330703b523a927a123516ee7a762ddbf5,2019-05,Lancashire Constabulary,Lancashire Constabulary,-2.643020,53.649923,On or near Crawford Avenue,E01024934,Chorley 008C,Violence and sexual offences,Unable to prosecute suspect,
,2019-05,Lancashire Constabulary,Lancashire Constabulary,-2.649914,53.651602,On or near Hornchurch Drive,E01024935,Chorley 008D,Anti-social behaviour,,
,2019-05,Lancashire Constabulary,Lancashire Constabulary,-2.646861,53.650801,On or near Heathrow Place,E01024935,Chorley 008D,Anti-social behaviour,,
,2019-05,Lancashire Constabulary,Lancashire Constabulary,-2.649914,53.651602,On or near Hornchurch Drive,E01024935,Chorley 008D,Anti-social behaviour,,
,2019-05,Lancashire Constabulary,Lancashire Constabulary,-2.649914,53.651602,On or near Hornchurch Drive,E01024935,Chorley 008D,Anti-social behaviour,,
,2019-05,Lancashire Constabulary,Lancashire Constabulary,-2.649914,53.651602,On or near Hornchurch Drive,E01024935,Chorley 008D,Anti-social behaviour,,
eb949a409b8afd9226324d6ffbd2a2025212a548c27ffe3077b3ac68c65218c8,2019-05,Lancashire Constabulary,Lancashire Constabulary,-2.658868,53.656254,On or near Supermarket,E01024935,Chorley 008D,Burglary,Status update unavailable,
d54abbe9e66d1caba27281179e8f52c8dc03806c2e4eb5a9b60a242a5b468527,2019-05,Lancashire Constabulary,Lancashire Constabulary,-2.644469,53.646715,On or near Cunningham Avenue,E01024935,Chorley 008D,Burglary,Status update unavailable,
4f957fc7760f31d09e56325fa483e98625617b135db5d1c1704aae78ef575fae,2019-05,Lancashire Constabulary,Lancashire Constabulary,-2.646793,53.649309,On or near Hurn Grove,E01024935,Chorley 008D,Burglary,Status update unavailable,
b3b21a3162de64275a222bd36ec3b21eda9a8767a1d1ecc05ca4e9d996431b2b,2019-05,Lancashire Constabulary,Lancashire Constabulary,-2.651406,53.649212,On or near Woodford Copse,E01024935,Chorley 008D,Criminal damage and arson,Status update unavailable,
c8e2ff88249a699970065fb129cc9a6f34069cb700d14deb11ef28702557555b,2019-05,Lancashire Constabulary,Lancashire Constabulary,-2.658868,53.656254,On or near Supermarket,E01024935,Chorley 008D,Shoplifting,Investigation complete; no suspect identified,
ad5b1f578243bd49c1f69e727c9c6c147d961fb2b9c95396c315b7b097039fba,2019-05,Lancashire Constabulary,Lancashire Constabulary,-2.658868,53.656254,On or near Supermarket,E01024935,Chorley 008D,Shoplifting,Awaiting court outcome,
341f3e3c69d9b1ae451037f191a2372580384e9cb4dcd47968bb02dae455a5cf,2019-05,Lancashire Constabulary,Lancashire Constabulary,-2.658868,53.656254,On or near Supermarket,E01024935,Chorley 008D,Shoplifting,Awaiting court outcome,
8c51783812bf3853aeee72b5305e4832d0ab0ff3d995282b1c7dfb810bfc9e50,2019-05,Lancashire Constabulary,Lancashire Constabulary,-2.658868,53.656254,On or near Supermarket,E01024935,Chorley 008D,Violence and sexual offences,Unable to prosecute suspect,
6aa6a63ff883702530339c3a5f2edd7ffa922ed3dec210e90f809619a7e685dc,2019-05,Lancashire Constabulary,Lancashire Constabulary,-2.658868,53.656254,On or near Supermarket,E01024935,Chorley 008D,Violence and sexual offences,Unable to prosecute suspect,
,2019-05,Lancashire Constabulary,Lancashire Constabulary,-2.621267,53.653166,On or near Progress Street,E01024925,Chorley 009A,Anti-social behaviour,,
,2019-05,Lancashire Constabulary,Lancashire Constabulary,-2.622960,53.652015,On or near Sherbourne Street,E01024925,Chorley 009A,Anti-social behaviour,,
,2019-05,Lancashire Constabulary,Lancashire Constabulary,-2.624914,53.652203,On or near Steeley Lane,E01024925,Chorley 009A,Anti-social behaviour,,
,2019-05,Lancashire Constabulary,Lancashire Constabulary,-2.621267,53.653166,On or near Progress Street,E01024925,Chorley 009A,Anti-social behaviour,,
,2019-05,Lancashire Constabulary,Lancashire Constabulary,-2.623295,53.649083,On or near Eldon Street,E01024925,Chorley 009A,Anti-social behaviour,,
,2019-05,Lancashire Constabulary,Lancashire Constabulary,-2.622972,53.653840,On or near Delamere Place,E01024925,Chorley 009A,Anti-social behaviour,,
,2019-05,Lancashire Constabulary,Lancashire Constabulary,-2.620813,53.652099,On or near Stephenson Street,E01024925,Chorley 009A,Anti-social behaviour,,
6337e77ce364f15b9bec4f0840d8ef7cd339727030e61cc91d40f01d73656849,2019-05,Lancashire Constabulary,Lancashire Constabulary,-2.622496,53.654445,On or near Brown Street,E01024925,Chorley 009A,Burglary,Status update unavailable,
624d1bfa07f693b12d15bd08901b750ed4e283cdccecaf474e0fe5fbfc1956cb,2019-05,Lancashire Constabulary,Lancashire Constabulary,-2.619797,53.656068,On or near Aniline Street,E01024925,Chorley 009A,Criminal damage and arson,Status update unavailable,
48ae3966395e9499a9289103c88522577cabab22a851fb8404d8c097ad0bf249,2019-05,Lancashire Constabulary,Lancashire Constabulary,-2.621772,53.651509,On or near Lyons Lane,E01024925,Chorley 009A,Other theft,Unable to prosecute suspect,
a02d11508dbc54456e3dd174674ca210d8887b1d5f0477d2a6e1335e7f2791b7,2019-05,Lancashire Constabulary,Lancashire Constabulary,-2.622496,53.654445,On or near Brown Street,E01024925,Chorley 009A,Other theft,Status update unavailable,
703f682339dd78265bf45dbb23f85f0a31bac43c2ecf7be63ce13093eccf77c0,2019-05,Lancashire Constabulary,Lancashire Constabulary,-2.622960,53.652015,On or near Sherbourne Street,E01024925,Chorley 009A,Public order,Unable to prosecute suspect,
c9a60449ac90bf12a75dae8bdd21dd49eb145eb9687521e8fadddca4333ee006,2019-05,Lancashire Constabulary,Lancashire Constabulary,-2.623295,53.649083,On or near Eldon Street,E01024925,Chorley 009A,Public order,Unable to prosecute suspect,
74c7f6ecbc617fd198fca5c09d2e45cbc3ece72c7333c1f509b024744a8fe0a2,2019-05,Lancashire Constabulary,Lancashire Constabulary,-2.620599,53.653007,On or near Fielden Street,E01024925,Chorley 009A,Public order,Status update unavailable,
2a7731a4ffcd9749d272db27257380fea5b89824d3e86ce25cc6a6dfef4e0b8b,2019-05,Lancashire Constabulary,Lancashire Constabulary,-2.621772,53.651509,On or near Lyons Lane,E01024925,Chorley 009A,Public order,Status update unavailable,
72f85e92ed04339404d92dd5bcca891b81297cee9cac87195917b61e6c030e00,2019-05,Lancashire Constabulary,Lancashire Constabulary,-2.624619,53.654775,On or near Sherwood Place,E01024925,Chorley 009A,Vehicle crime,Status update unavailable,
719ca7c69900d4e84f48339b3388473ef70709f6c275380d3e64acbea2bfb11a,2019-05,Lancashire Constabulary,Lancashire Constabulary,-2.620599,53.653007,On or near Fielden Street,E01024925,Chorley 009A,Violence and sexual offences,Unable to prosecute suspect,
784479b751d545fa9610d7d3a10c7d552bd900479f2934319b61a70948836f84,2019-05,Lancashire Constabulary,Lancashire Constabulary,-2.622972,53.653840,On or near Delamere Place,E01024925,Chorley 009A,Violence and sexual offences,Unable to prosecute suspect,
304fb58b99e53351a7e3a4a4cef8f33c0f28927316ebc34ec63f04f1acc6606b,2019-05,Lancashire Constabulary,Lancashire Constabulary,-2.625351,53.655158,On or near Primrose Street,E01024925,Chorley 009A,Violence and sexual offences,Unable to prosecute suspect,
31d961fbbf2fdc50c0acc7c47c17e0c14d5930b701c740916fa803de09264eca,2019-05,Lancashire Constabulary,Lancashire Constabulary,-2.625351,53.655158,On or near Primrose Street,E01024925,Chorley 009A,Violence and sexual offences,Unable to prosecute suspect,
2e12b5e181dbbbc576c5a3aebf038f95b3b3df832d648437a34ade6b4dd69304,2019-05,Lancashire Constabulary,Lancashire Constabulary,-2.621634,53.655501,On or near Sports/Recreation Area,E01024925,Chorley 009A,Violence and sexual offences,Investigation complete; no suspect identified,
1eb55a0a2965f090404d394074e1f18d6ce76f67e3db6afd277ed6366f6666f0,2019-05,Lancashire Constabulary,Lancashire Constabulary,-2.622972,53.653840,On or near Delamere Place,E01024925,Chorley 009A,Violence and sexual offences,Unable to prosecute suspect,
100e3646b3bca87cd66704a6b21c077b84861e9bd0bae9539ea4a03b7a5a4ac5,2019-05,Lancashire Constabulary,Lancashire Constabulary,-2.622960,53.652015,On or near Sherbourne Street,E01024925,Chorley 009A,Violence and sexual offences,Unable to prosecute suspect,
e16cdba654f1d8dd910aa57aa180a8391a87be1f9297402d32f7cdd770df44b0,2019-05,Lancashire Constabulary,Lancashire Constabulary,-2.624914,53.652203,On or near Steeley Lane,E01024925,Chorley 009A,Violence and sexual offences,Status update unavailable,
d84110bbdec310bee6162bff9bfdf9e1d0e10dd3208606b525c05c2bd74f8ff2,2019-05,Lancashire Constabulary,Lancashire Constabulary,-2.625351,53.655158,On or near Primrose Street,E01024925,Chorley 009A,Violence and sexual offences,Status update unavailable,
216d5c67b080b5a9db5d29f52fbf5fdf3a54124cd93d5ba656b0e9595f3b1532,2019-05,Lancashire Constabulary,Lancashire Constabulary,-2.625351,53.655158,On or near Primrose Street,E01024925,Chorley 009A,Violence and sexual offences,Unable to prosecute suspect,
4600a83964352bbc1fd7ef4b7531da40862017ea50c833daf9102728109b0b5e,2019-05,Lancashire Constabulary,Lancashire Constabulary,-2.622960,53.652015,On or near Sherbourne Street,E01024925,Chorley 009A,Violence and sexual offences,Unable to prosecute suspect,
eea246dfb9cf17642dc65b275c05370b4341ececb65f4f11ae994da7734da957,2019-05,Lancashire Constabulary,Lancashire Constabulary,-2.622496,53.654445,On or near Brown Street,E01024925,Chorley 009A,Other crime,Unable to prosecute suspect,
,2019-05,Lancashire Constabulary,Lancashire Constabulary,-2.616896,53.652209,On or near Devonport Way,E01024926,Chorley 009B,Anti-social behaviour,,
,2019-05,Lancashire Constabulary,Lancashire Constabulary,-2.620676,53.654140,On or near Wright Street,E01024926,Chorley 009B,Anti-social behaviour,,
2b8d5f6a5c8f12cbeaa92e0ecdeb68d427784dab453716335f0009b0d94140b7,2019-05,Lancashire Constabulary,Lancashire Constabulary,-2.611843,53.643884,On or near Hogg'S Lane,E01024926,Chorley 009B,Criminal damage and arson,Status update unavailable,
b728884fd43720795998d4591a0b8fd6efa7f87335af167e70b4c5181b984833,2019-05,Lancashire Constabulary,Lancashire Constabulary,-2.616896,53.652209,On or near Devonport Way,E01024926,Chorley 009B,Criminal damage and arson,Investigation complete; no suspect identified,
3dde8384ad71dbbc28e8deb3451b6087f65c0f266993b3347426490d98c035de,2019-05,Lancashire Constabulary,Lancashire Constabulary,-2.616896,53.652209,On or near Devonport Way,E01024926,Chorley 009B,Criminal damage and arson,Unable to prosecute suspect,
5a899c667fd771d37f017022e2ce0ae83e34ed8e6ec209ec65378961856c9121,2019-05,Lancashire Constabulary,Lancashire Constabulary,-2.618854,53.652630,On or near Heald Street,E01024926,Chorley 009B,Other theft,Unable to prosecute suspect,
187fe3c455dfbc3a809511488386b78872873d4162691041a0daa12371212613,2019-05,Lancashire Constabulary,Lancashire Constabulary,-2.619399,53.653724,On or near Gaskell Street,E01024926,Chorley 009B,Public order,Unable to prosecute suspect,
c2a69d4bb6b3c233cf8e5ba6fc064e3cb6d281294ad806e4c1950197a9256d4c,2019-05,Lancashire Constabulary,Lancashire Constabulary,-2.615891,53.652861,On or near Chatham Place,E01024926,Chorley 009B,Violence and sexual offences,Awaiting court outcome,
f116a1ec554d0cb62af3bbe5506e03a860830e33930a35a92daab867194104e0,2019-05,Lancashire Constabulary,Lancashire Constabulary,-2.615891,53.652861,On or near Chatham Place,E01024926,Chorley 009B,Violence and sexual offences,Status update unavailable,
53dab6ae6f96276148601070e2dcc57b96e35b1271deb4a1bcd40e189751f0d1,2019-05,Lancashire Constabulary,Lancashire Constabulary,-2.609370,53.652804,On or near M61,E01024926,Chorley 009B,Violence and sexual offences,Unable to prosecute suspect,
55426cbda764342d2319a8f0f75f16ebdd9428f4766cdbbbbd71a73961790427,2019-05,Lancashire Constabulary,Lancashire Constabulary,-2.609370,53.652804,On or near M61,E01024926,Chorley 009B,Violence and sexual offences,Unable to prosecute suspect,
8f420d493681912b43eec158b1917f6bcd43ce14fda3cb34fec660a9083949a5,2019-05,Lancashire Constabulary,Lancashire Constabulary,-2.615875,53.650713,On or near Valley View,E01024926,Chorley 009B,Violence and sexual offences,Unable to prosecute suspect,
9934695e98f3298315d272ef154d483990094b6c013af7ac3f1fba97b578238a,2019-05,Lancashire Constabulary,Lancashire Constabulary,-2.614439,53.652841,On or near The Moorings,E01024926,Chorley 009B,Violence and sexual offences,Status update unavailable,
bdc2a84931c3efc7aeb10724e5f80b6ddef61fdcbd6f7ce2c20e742263adeca6,2019-05,Lancashire Constabulary,Lancashire Constabulary,-2.615875,53.650713,On or near Valley View,E01024926,Chorley 009B,Violence and sexual offences,Status update unavailable,
4a823258aa4997641ecf37b9e01c4d377cccab4d8e7153b5a75b4d2b6f90be87,2019-05,Lancashire Constabulary,Lancashire Constabulary,-2.615891,53.652861,On or near Chatham Place,E01024926,Chorley 009B,Violence and sexual offences,Unable to prosecute suspect,
,2019-05,Lancashire Constabulary,Lancashire Constabulary,-2.614252,53.648348,On or near Cowling Brow,E01024927,Chorley 009C,Anti-social behaviour,,
,2019-05,Lancashire Constabulary,Lancashire Constabulary,-2.617545,53.651064,On or near Eaves Lane,E01024927,Chorley 009C,Anti-social behaviour,,
,2019-05,Lancashire Constabulary,Lancashire Constabulary,-2.619112,53.651712,On or near Southport Terrace,E01024927,Chorley 009C,Anti-social behaviour,,
,2019-05,Lancashire Constabulary,Lancashire Constabulary,-2.619112,53.651712,On or near Southport Terrace,E01024927,Chorley 009C,Anti-social behaviour,,
,2019-05,Lancashire Constabulary,Lancashire Constabulary,-2.617231,53.649259,On or near Saint James'S Street,E01024927,Chorley 009C,Anti-social behaviour,,
,2019-05,Lancashire Constabulary,Lancashire Constabulary,-2.620818,53.649375,On or near Brooke Street,E01024927,Chorley 009C,Anti-social behaviour,,
,2019-05,Lancashire Constabulary,Lancashire Constabulary,-2.619112,53.651712,On or near Southport Terrace,E01024927,Chorley 009C,Anti-social behaviour,,
,2019-05,Lancashire Constabulary,Lancashire Constabulary,-2.621981,53.650277,On or near Buchanan Street,E01024927,Chorley 009C,Anti-social behaviour,,
,2019-05,Lancashire Constabulary,Lancashire Constabulary,-2.617265,53.650562,On or near Owens Street,E01024927,Chorley 009C,Anti-social behaviour,,
,2019-05,Lancashire Constabulary,Lancashire Constabulary,-2.617301,53.646796,On or near Yarrow Road,E01024927,Chorley 009C,Anti-social behaviour,,
a4d99d6933e2908d3ed1e169deaf4408c63471f96f1e967d9acf5b6cbc46679d,2019-05,Lancashire Constabulary,Lancashire Constabulary,-2.616752,53.646493,On or near Quarry Road,E01024927,Chorley 009C,Burglary,Unable to prosecute suspect,
51f29b6aec67e1a9075dd6a98817d3975296bcb690d8722b10499e0372e48487,2019-05,Lancashire Constabulary,Lancashire Constabulary,-2.614252,53.648348,On or near Cowling Brow,E01024927,Chorley 009C,Burglary,Status update unavailable,
3c92a3b25aa4514a6dfaac79c66adf20dd98e79c59131d1316616478177c5fc8,2019-05,Lancashire Constabulary,Lancashire Constabulary,-2.620588,53.648154,On or near Cranbourne Drive,E01024927,Chorley 009C,Criminal damage and arson,Status update unavailable,
0ddd1a7bbd1aadb246c8f879b0803deba90d1d08f85a407896a467f05edc44d3,2019-05,Lancashire Constabulary,Lancashire Constabulary,-2.620353,53.647589,On or near Fife Close,E01024927,Chorley 009C,Criminal damage and arson,Status update unavailable,
ecca8e354660559a4fcb4d4a5b82eba2ee283e7b0f106e26c5724db84ec7cb56,2019-05,Lancashire Constabulary,Lancashire Constabulary,-2.616752,53.646493,On or near Quarry Road,E01024927,Chorley 009C,Criminal damage and arson,Unable to prosecute suspect,
e50c48470644b3ae4e99122086419a83658fd70772588c40ab5967df29b8a82a,2019-05,Lancashire Constabulary,Lancashire Constabulary,-2.619112,53.651712,On or near Southport Terrace,E01024927,Chorley 009C,Criminal damage and arson,Status update unavailable,
b18dfbc499f7b37b8a10c13cd23ceaebd2677bad0978827d004acb07891a2cce,2019-05,Lancashire Constabulary,Lancashire Constabulary,-2.617667,53.650092,On or near The Brookes,E01024927,Chorley 009C,Criminal damage and arson,Status update unavailable,
db3bd62e6ecdbae6bea7fcef670ff0fee21c4b81e34f7a6a9504a46e351f4daa,2019-05,Lancashire Constabulary,Lancashire Constabulary,-2.617231,53.649259,On or near Saint James'S Street,E01024927,Chorley 009C,Vehicle crime,Status update unavailable,
d202b835ae73b0a48d412014287142e8153fdaa918becc49c4b61a81e4f16be7,2019-05,Lancashire Constabulary,Lancashire Constabulary,-2.619276,53.648430,On or near Stirling Close,E01024927,Chorley 009C,Violence and sexual offences,Unable to prosecute suspect,
ac5cb809b264dfad1647a2d5f7e17e30efbd6994d8d9a02ca63b72b4fd3707ac,2019-05,Lancashire Constabulary,Lancashire Constabulary,-2.619588,53.649076,On or near Cuerden Street,E01024927,Chorley 009C,Violence and sexual offences,Status update unavailable,
be177c9e6552721b60aa8063773e0f5bd28948dc940e8605ba292f9b0b739fdb,2019-05,Lancashire Constabulary,Lancashire Constabulary,-2.620818,53.649375,On or near Brooke Street,E01024927,Chorley 009C,Violence and sexual offences,Unable to prosecute suspect,
5dd71edbb64d326b8c3ff8a12d64974c828896bc77f217c2615f0d547aa966a8,2019-05,Lancashire Constabulary,Lancashire Constabulary,-2.619976,53.650755,On or near Sports/Recreation Area,E01024927,Chorley 009C,Violence and sexual offences,Unable to prosecute suspect,
ee2edec1e82f94aaa27b1698fa366a810bd01e20cbc9cfc1b9287732b8f9d292,2019-05,Lancashire Constabulary,Lancashire Constabulary,-2.621981,53.650277,On or near Buchanan Street,E01024927,Chorley 009C,Violence and sexual offences,Unable to prosecute suspect,
,2019-05,Lancashire Constabulary,Lancashire Constabulary,-2.618704,53.658959,On or near Talbot Street,E01024928,Chorley 009D,Anti-social behaviour,,
,2019-05,Lancashire Constabulary,Lancashire Constabulary,-2.615597,53.656512,On or near Whimberry Close,E01024928,Chorley 009D,Anti-social behaviour,,
,2019-05,Lancashire Constabulary,Lancashire Constabulary,-2.615496,53.657914,On or near Montcliffe Road,E01024928,Chorley 009D,Anti-social behaviour,,
,2019-05,Lancashire Constabulary,Lancashire Constabulary,-2.619962,53.656993,On or near Kershaw Street,E01024928,Chorley 009D,Anti-social behaviour,,
,2019-05,Lancashire Constabulary,Lancashire Constabulary,-2.618704,53.658959,On or near Talbot Street,E01024928,Chorley 009D,Anti-social behaviour,,
30fb8c621b73bc404b8ddb30c45499060fd00c0213997073098c495b397a4555,2019-05,Lancashire Constabulary,Lancashire Constabulary,-2.619962,53.656993,On or near Kershaw Street,E01024928,Chorley 009D,Public order,Status update unavailable,
7f385f8456968e81fe26f56dce390f4a4a9a5cf76bf84c3650d92dbd0c6142d3,2019-05,Lancashire Constabulary,Lancashire Constabulary,-2.618915,53.655812,On or near Eaves Lane,E01024928,Chorley 009D,Vehicle crime,Status update unavailable,
d7fbb825e44b825395a020969f6670a615123c3325de0051b703739e73df0643,2019-05,Lancashire Constabulary,Lancashire Constabulary,-2.619962,53.656993,On or near Kershaw Street,E01024928,Chorley 009D,Violence and sexual offences,Status update unavailable,
be2bc90689776baf21117e2fc386565a741623fedc1e13d81c45e9ca0d1f25d1,2019-05,Lancashire Constabulary,Lancashire Constabulary,-2.619982,53.657379,On or near Cobden Street,E01024928,Chorley 009D,Violence and sexual offences,Further investigation is not in the public interest,
62b4f0703655f0bb8ad136945480f2a8e9ded478cc092a35ce39077a8d2aeac2,2019-05,Lancashire Constabulary,Lancashire Constabulary,-2.620308,53.657917,On or near Old Mill Terrace,E01024928,Chorley 009D,Violence and sexual offences,Awaiting court outcome,
a884deeb9372a3a73ea646cb0eefa1faf9d00144e6c2ee2a0d0d538aaa65b328,2019-05,Lancashire Constabulary,Lancashire Constabulary,-2.619982,53.657379,On or near Cobden Street,E01024928,Chorley 009D,Violence and sexual offences,Status update unavailable,
,2019-05,Lancashire Constabulary,Lancashire Constabulary,-2.632348,53.652532,On or near Market Street,E01024936,Chorley 010A,Anti-social behaviour,,
,2019-05,Lancashire Constabulary,Lancashire Constabulary,-2.631981,53.650287,On or near Cheapside,E01024936,Chorley 010A,Anti-social behaviour,,
,2019-05,Lancashire Constabulary,Lancashire Constabulary,-2.632687,53.651946,On or near West Street,E01024936,Chorley 010A,Anti-social behaviour,,
,2019-05,Lancashire Constabulary,Lancashire Constabulary,-2.634623,53.650894,On or near Westminster Road,E01024936,Chorley 010A,Anti-social behaviour,,
,2019-05,Lancashire Constabulary,Lancashire Constabulary,-2.636392,53.650812,On or near Regent Road,E01024936,Chorley 010A,Anti-social behaviour,,
,2019-05,Lancashire Constabulary,Lancashire Constabulary,-2.634248,53.648118,On or near Rawcliffe Road,E01024936,Chorley 010A,Anti-social behaviour,,
,2019-05,Lancashire Constabulary,Lancashire Constabulary,-2.632348,53.652532,On or near Market Street,E01024936,Chorley 010A,Anti-social behaviour,,
,2019-05,Lancashire Constabulary,Lancashire Constabulary,-2.632348,53.652532,On or near Market Street,E01024936,Chorley 010A,Anti-social behaviour,,
,2019-05,Lancashire Constabulary,Lancashire Constabulary,-2.632348,53.652532,On or near Market Street,E01024936,Chorley 010A,Anti-social behaviour,,
,2019-05,Lancashire Constabulary,Lancashire Constabulary,-2.633249,53.654128,On or near Mealhouse Lane,E01024936,Chorley 010A,Anti-social behaviour,,
,2019-05,Lancashire Constabulary,Lancashire Constabulary,-2.633249,53.654128,On or near Mealhouse Lane,E01024936,Chorley 010A,Anti-social behaviour,,
,2019-05,Lancashire Constabulary,Lancashire Constabulary,-2.632348,53.652532,On or near Market Street,E01024936,Chorley 010A,Anti-social behaviour,,
,2019-05,Lancashire Constabulary,Lancashire Constabulary,-2.633249,53.654128,On or near Mealhouse Lane,E01024936,Chorley 010A,Anti-social behaviour,,
,2019-05,Lancashire Constabulary,Lancashire Constabulary,-2.632348,53.652532,On or near Market Street,E01024936,Chorley 010A,Anti-social behaviour,,
,2019-05,Lancashire Constabulary,Lancashire Constabulary,-2.633127,53.651000,On or near Peel Street,E01024936,Chorley 010A,Anti-social behaviour,,
,2019-05,Lancashire Constabulary,Lancashire Constabulary,-2.632348,53.652532,On or near Market Street,E01024936,Chorley 010A,Anti-social behaviour,,
,2019-05,Lancashire Constabulary,Lancashire Constabulary,-2.633615,53.653263,On or near Theatre/Concert Hall,E01024936,Chorley 010A,Anti-social behaviour,,
,2019-05,Lancashire Constabulary,Lancashire Constabulary,-2.632153,53.651662,On or near Parson'S Brow,E01024936,Chorley 010A,Anti-social behaviour,,
,2019-05,Lancashire Constabulary,Lancashire Constabulary,-2.632348,53.652532,On or near Market Street,E01024936,Chorley 010A,Anti-social behaviour,,
,2019-05,Lancashire Constabulary,Lancashire Constabulary,-2.632348,53.652532,On or near Market Street,E01024936,Chorley 010A,Anti-social behaviour,,
,2019-05,Lancashire Constabulary,Lancashire Constabulary,-2.633615,53.653263,On or near Theatre/Concert Hall,E01024936,Chorley 010A,Anti-social behaviour,,
,2019-05,Lancashire Constabulary,Lancashire Constabulary,-2.634291,53.651938,On or near Parking Area,E01024936,Chorley 010A,Anti-social behaviour,,
5e0381a305582a327779f1afef9444bdf822ce80ec7e073029ff8dc57c2866be,2019-05,Lancashire Constabulary,Lancashire Constabulary,-2.632153,53.651662,On or near Parson'S Brow,E01024936,Chorley 010A,Burglary,Awaiting court outcome,
219ca8653c9c9912d950a48a3c91f6fbe16c3a04c59d15f44991d8aa0c6f277c,2019-05,Lancashire Constabulary,Lancashire Constabulary,-2.633615,53.653263,On or near Theatre/Concert Hall,E01024936,Chorley 010A,Burglary,Awaiting court outcome,
79b98921d59449ad5dc6d5451a03d585917324a7ddcea1d8fbc00511d37658c7,2019-05,Lancashire Constabulary,Lancashire Constabulary,-2.633615,53.653263,On or near Theatre/Concert Hall,E01024936,Chorley 010A,Criminal damage and arson,Status update unavailable,
c3c2697a7fdb2fa52b9eea8ac34a5e3393c6f96131ca6617fb0caac09e45dce2,2019-05,Lancashire Constabulary,Lancashire Constabulary,-2.634404,53.650391,On or near Avondale Road,E01024936,Chorley 010A,Criminal damage and arson,Offender given penalty notice,
3c507e32bb8da46551935f79518fe77067678c7fb4c011bcbb4d7a54daa4a892,2019-05,Lancashire Constabulary,Lancashire Constabulary,-2.633249,53.654128,On or near Mealhouse Lane,E01024936,Chorley 010A,Criminal damage and arson,Status update unavailable,
fb797d49bf63060965758f6c7f9bfa14bfb927df84fc3ae767473230f6ff2ca3,2019-05,Lancashire Constabulary,Lancashire Constabulary,-2.634291,53.651938,On or near Parking Area,E01024936,Chorley 010A,Criminal damage and arson,Local resolution,
dfd855c86da9fdd617d227e37dfa56480947d57bdaa92e00ae00d11b7db7e3ea,2019-05,Lancashire Constabulary,Lancashire Constabulary,-2.633249,53.654128,On or near Mealhouse Lane,E01024936,Chorley 010A,Drugs,Local resolution,
88667132823f1ff0341fa074e82892f6d59908c3395a919cd7a4aef2e6dbe0b4,2019-05,Lancashire Constabulary,Lancashire Constabulary,-2.635245,53.651016,On or near Alker Street,E01024936,Chorley 010A,Other theft,Status update unavailable,
92f2ef4e93acef1279b57d64f50e971e267473b980332dcb30cd9cdf9d94060d,2019-05,Lancashire Constabulary,Lancashire Constabulary,-2.635347,53.648750,On or near Nelson Road,E01024936,Chorley 010A,Other theft,Status update unavailable,
e8ced2d1c8de615ac3a1dd8753b9d0cc9d710e66c181277716f15a3b90bebb88,2019-05,Lancashire Constabulary,Lancashire Constabulary,-2.635245,53.651016,On or near Alker Street,E01024936,Chorley 010A,Public order,Status update unavailable,
5ec90839f65d7d384e2aca94f7a7163b338d2b64c326c628143f4450ace087a3,2019-05,Lancashire Constabulary,Lancashire Constabulary,-2.633631,53.651357,On or near Gillibrand Street,E01024936,Chorley 010A,Vehicle crime,Status update unavailable,
e05961ca42ec73598ec51a139a63eecb433df647b4a8cf568258f44db9a77913,2019-05,Lancashire Constabulary,Lancashire Constabulary,-2.635035,53.654118,On or near Crown Street,E01024936,Chorley 010A,Violence and sexual offences,Unable to prosecute suspect,
9cdcf59dae6382c637ae97fe8cfda71fb2f5e493e0efd632a2ca81a6455fba6b,2019-05,Lancashire Constabulary,Lancashire Constabulary,-2.632348,53.652532,On or near Market Street,E01024936,Chorley 010A,Violence and sexual offences,Unable to prosecute suspect,
f1a3c2951e7ae312a1d8d34106a9fae098d68596eab7c3bfce027cc9beddcc26,2019-05,Lancashire Constabulary,Lancashire Constabulary,-2.634623,53.650894,On or near Westminster Road,E01024936,Chorley 010A,Violence and sexual offences,Unable to prosecute suspect,
2719e5a77976904fd7b421bc826fd522ca4be9c9a01856c16a91580f178506fa,2019-05,Lancashire Constabulary,Lancashire Constabulary,-2.634043,53.651589,On or near Roberts Street,E01024936,Chorley 010A,Violence and sexual offences,Status update unavailable,
9139f878771c04cdbb8f627641e3c2d64c870230c0259f6fd18202ef9ea8cd54,2019-05,Lancashire Constabulary,Lancashire Constabulary,-2.635035,53.654118,On or near Crown Street,E01024936,Chorley 010A,Violence and sexual offences,Awaiting court outcome,
4e4ff6db5f14e91ba02cd5d4b741f77337c49228e2a7f90b05d43bc932df68dc,2019-05,Lancashire Constabulary,Lancashire Constabulary,-2.634043,53.651589,On or near Roberts Street,E01024936,Chorley 010A,Violence and sexual offences,Status update unavailable,
7d6625ce6329def5ebf86b0ecacb21751537884e25e881c277244faf60e2e62b,2019-05,Lancashire Constabulary,Lancashire Constabulary,-2.631981,53.650287,On or near Cheapside,E01024936,Chorley 010A,Violence and sexual offences,Status update unavailable,
7905e54a25cd8122052b7cc6725c9a0ee0af9f26e09ff488c1c7ac3cd6011482,2019-05,Lancashire Constabulary,Lancashire Constabulary,-2.634372,53.654328,On or near Farrington Street,E01024936,Chorley 010A,Other crime,Status update unavailable,
,2019-05,Lancashire Constabulary,Lancashire Constabulary,-2.626097,53.643164,On or near Spurrier Square,E01024938,Chorley 010B,Anti-social behaviour,,
,2019-05,Lancashire Constabulary,Lancashire Constabulary,-2.632465,53.644209,On or near Harrison Road,E01024938,Chorley 010B,Anti-social behaviour,,
0db3b4e7f438cf09371840b690628411de2b328fc35d074064f6b9833ee9705c,2019-05,Lancashire Constabulary,Lancashire Constabulary,-2.632465,53.644209,On or near Harrison Road,E01024938,Chorley 010B,Violence and sexual offences,Status update unavailable,
6c43be55a356f7199cbf6a9fdda402895df53bd096cd72a7311ca678a547ccc7,2019-05,Lancashire Constabulary,Lancashire Constabulary,-2.624147,53.644288,On or near Southdowns Road,E01024938,Chorley 010B,Violence and sexual offences,Status update unavailable,
38df5361d8a38eb709edfe6516a5fef349f67741dab8e2af5dfb3b95a7ef84f1,2019-05,Lancashire Constabulary,Lancashire Constabulary,-2.624147,53.644288,On or near Southdowns Road,E01024938,Chorley 010B,Violence and sexual offences,Unable to prosecute suspect,
270e562200627a78cd9a157f67f39c29225d640a82bdb93edc8501f757242f1e,2019-05,Lancashire Constabulary,Lancashire Constabulary,-2.630300,53.640040,On or near Kingsmead,E01024938,Chorley 010B,Violence and sexual offences,Awaiting court outcome,
f4ebb43108ff393e192d5739f024ed013b53303bff0630bea92a64ef7c83821a,2019-05,Lancashire Constabulary,Lancashire Constabulary,-2.627333,53.640883,On or near Kirkstall Close,E01024938,Chorley 010B,Violence and sexual offences,Unable to prosecute suspect,
7ea3a6dca874abcf2107588286357b62f854b055ccf4808bae2755dfaad3f4a0,2019-05,Lancashire Constabulary,Lancashire Constabulary,-2.632465,53.644209,On or near Harrison Road,E01024938,Chorley 010B,Violence and sexual offences,Status update unavailable,
166b7ba70da4365f25dd59820cb4b4667ab4b157cb87803462d36b99e0cd34fb,2019-05,Lancashire Constabulary,Lancashire Constabulary,-2.632592,53.642572,On or near Ash Grove,E01024938,Chorley 010B,Violence and sexual offences,Status update unavailable,
aeedd853e3952b6b474f9f31eb786c100ebdb1e6cc9af93cff74fe8f05321251,2019-05,Lancashire Constabulary,Lancashire Constabulary,-2.627333,53.640883,On or near Kirkstall Close,E01024938,Chorley 010B,Violence and sexual offences,Unable to prosecute suspect,
,2019-05,Lancashire Constabulary,Lancashire Constabulary,-2.621036,53.644655,On or near Beechwood Road,E01024939,Chorley 010C,Anti-social behaviour,,
,2019-05,Lancashire Constabulary,Lancashire Constabulary,-2.631751,53.637921,On or near St Hilda'S Close,E01024939,Chorley 010C,Anti-social behaviour,,
,2019-05,Lancashire Constabulary,Lancashire Constabulary,-2.619108,53.633852,On or near Duxbury Hall Road,E01024939,Chorley 010C,Anti-social behaviour,,
10fbf20b6434961d0d68705c29c17023d4a7bcd755e7cf3d712f300ee9f260c0,2019-05,Lancashire Constabulary,Lancashire Constabulary,-2.617008,53.639211,On or near Springwood Drive,E01024939,Chorley 010C,Criminal damage and arson,Unable to prosecute suspect,
2cd562e962a93d84aadd02699d3cf3b76faae042d231258f1d0d08ce0c32fba8,2019-05,Lancashire Constabulary,Lancashire Constabulary,-2.617008,53.639211,On or near Springwood Drive,E01024939,Chorley 010C,Criminal damage and arson,Status update unavailable,
7cc921bcfa85f84c833b271e1f14a19212c8fa4af6274a117b4e52b2b5a92de4,2019-05,Lancashire Constabulary,Lancashire Constabulary,-2.621891,53.645181,On or near Rosewood Close,E01024939,Chorley 010C,Other theft,Status update unavailable,
5acd5d01cee1ca52679df88129cd6967dd7c2ff07c26e47b6bbef40b87a38c01,2019-05,Lancashire Constabulary,Lancashire Constabulary,-2.622559,53.639164,On or near Duxbury Gardens,E01024939,Chorley 010C,Violence and sexual offences,Status update unavailable,
e5b853bf5820d9b721633e3f376a7060480fd766b2ba31ab5eaf59e6be0c2392,2019-05,Lancashire Constabulary,Lancashire Constabulary,-2.631751,53.637921,On or near St Hilda'S Close,E01024939,Chorley 010C,Violence and sexual offences,Unable to prosecute suspect,
bae3d2557334dadb218109a150b61840b73e4f1217c39506beb82d93fe94f1fc,2019-05,Lancashire Constabulary,Lancashire Constabulary,-2.622559,53.639164,On or near Duxbury Gardens,E01024939,Chorley 010C,Violence and sexual offences,Unable to prosecute suspect,
f400dec028e0164522ba7092e3ae378068edf28dcf2bfe2a2efc796ae32b84ca,2019-05,Lancashire Constabulary,Lancashire Constabulary,-2.631751,53.637921,On or near St Hilda'S Close,E01024939,Chorley 010C,Violence and sexual offences,Status update unavailable,
a75b17709b5a43f115646bef9736edb14376d50184e91efaf57088f165c6935c,2019-05,Lancashire Constabulary,Lancashire Constabulary,-2.622559,53.639164,On or near Duxbury Gardens,E01024939,Chorley 010C,Violence and sexual offences,Status update unavailable,
2e050ac33a2754e7f23a2f8acaba0042c17e6f7810419c53ce02490679e2932b,2019-05,Lancashire Constabulary,Lancashire Constabulary,-2.619729,53.644239,On or near Yarrow Gate,E01024939,Chorley 010C,Other crime,Local resolution,
,2019-05,Lancashire Constabulary,Lancashire Constabulary,-2.627798,53.651819,On or near Albert Street,E01024940,Chorley 010D,Anti-social behaviour,,
,2019-05,Lancashire Constabulary,Lancashire Constabulary,-2.627798,53.651819,On or near Albert Street,E01024940,Chorley 010D,Anti-social behaviour,,
,2019-05,Lancashire Constabulary,Lancashire Constabulary,-2.630402,53.653927,On or near New Market Street,E01024940,Chorley 010D,Anti-social behaviour,,
,2019-05,Lancashire Constabulary,Lancashire Constabulary,-2.627584,53.650625,On or near Clarence Street,E01024940,Chorley 010D,Anti-social behaviour,,
,2019-05,Lancashire Constabulary,Lancashire Constabulary,-2.628448,53.655852,On or near Arley Street,E01024940,Chorley 010D,Anti-social behaviour,,
,2019-05,Lancashire Constabulary,Lancashire Constabulary,-2.629630,53.648862,On or near Bolton Street,E01024940,Chorley 010D,Anti-social behaviour,,
,2019-05,Lancashire Constabulary,Lancashire Constabulary,-2.627584,53.650625,On or near Clarence Street,E01024940,Chorley 010D,Anti-social behaviour,,
,2019-05,Lancashire Constabulary,Lancashire Constabulary,-2.630402,53.653927,On or near New Market Street,E01024940,Chorley 010D,Anti-social behaviour,,
,2019-05,Lancashire Constabulary,Lancashire Constabulary,-2.631503,53.653696,On or near High Street,E01024940,Chorley 010D,Anti-social behaviour,,
,2019-05,Lancashire Constabulary,Lancashire Constabulary,-2.631503,53.653696,On or near High Street,E01024940,Chorley 010D,Anti-social behaviour,,
,2019-05,Lancashire Constabulary,Lancashire Constabulary,-2.626331,53.647746,On or near King Street,E01024940,Chorley 010D,Anti-social behaviour,,
,2019-05,Lancashire Constabulary,Lancashire Constabulary,-2.630554,53.655014,On or near Fellery Street,E01024940,Chorley 010D,Anti-social behaviour,,
,2019-05,Lancashire Constabulary,Lancashire Constabulary,-2.625421,53.645540,On or near Grime Street,E01024940,Chorley 010D,Anti-social behaviour,,
,2019-05,Lancashire Constabulary,Lancashire Constabulary,-2.625350,53.646871,On or near Cheam Avenue,E01024940,Chorley 010D,Anti-social behaviour,,
,2019-05,Lancashire Constabulary,Lancashire Constabulary,-2.629818,53.652339,On or near Church Street,E01024940,Chorley 010D,Anti-social behaviour,,
,2019-05,Lancashire Constabulary,Lancashire Constabulary,-2.628448,53.655852,On or near Arley Street,E01024940,Chorley 010D,Anti-social behaviour,,
,2019-05,Lancashire Constabulary,Lancashire Constabulary,-2.625767,53.648495,On or near Supermarket,E01024940,Chorley 010D,Anti-social behaviour,,
,2019-05,Lancashire Constabulary,Lancashire Constabulary,-2.626491,53.645310,On or near Poplar Street,E01024940,Chorley 010D,Anti-social behaviour,,
,2019-05,Lancashire Constabulary,Lancashire Constabulary,-2.630402,53.653927,On or near New Market Street,E01024940,Chorley 010D,Anti-social behaviour,,
,2019-05,Lancashire Constabulary,Lancashire Constabulary,-2.627127,53.651463,On or near Railway Street,E01024940,Chorley 010D,Anti-social behaviour,,
,2019-05,Lancashire Constabulary,Lancashire Constabulary,-2.630554,53.655014,On or near Fellery Street,E01024940,Chorley 010D,Anti-social behaviour,,
,2019-05,Lancashire Constabulary,Lancashire Constabulary,-2.630069,53.647835,On or near Gin Bow,E01024940,Chorley 010D,Anti-social behaviour,,
,2019-05,Lancashire Constabulary,Lancashire Constabulary,-2.627798,53.651819,On or near Albert Street,E01024940,Chorley 010D,Anti-social behaviour,,
,2019-05,Lancashire Constabulary,Lancashire Constabulary,-2.630069,53.647835,On or near Gin Bow,E01024940,Chorley 010D,Anti-social behaviour,,
,2019-05,Lancashire Constabulary,Lancashire Constabulary,-2.629236,53.654913,On or near Byron Street,E01024940,Chorley 010D,Anti-social behaviour,,
,2019-05,Lancashire Constabulary,Lancashire Constabulary,-2.627798,53.651819,On or near Albert Street,E01024940,Chorley 010D,Anti-social behaviour,,
,2019-05,Lancashire Constabulary,Lancashire Constabulary,-2.630127,53.651708,On or near Halliwell Street,E01024940,Chorley 010D,Anti-social behaviour,,
,2019-05,Lancashire Constabulary,Lancashire Constabulary,-2.630554,53.655014,On or near Fellery Street,E01024940,Chorley 010D,Anti-social behaviour,,
,2019-05,Lancashire Constabulary,Lancashire Constabulary,-2.629818,53.652339,On or near Church Street,E01024940,Chorley 010D,Anti-social behaviour,,
,2019-05,Lancashire Constabulary,Lancashire Constabulary,-2.629067,53.653736,On or near Supermarket,E01024940,Chorley 010D,Anti-social behaviour,,
,2019-05,Lancashire Constabulary,Lancashire Constabulary,-2.626491,53.645310,On or near Poplar Street,E01024940,Chorley 010D,Anti-social behaviour,,
,2019-05,Lancashire Constabulary,Lancashire Constabulary,-2.628560,53.650153,On or near George Street,E01024940,Chorley 010D,Anti-social behaviour,,
,2019-05,Lancashire Constabulary,Lancashire Constabulary,-2.627798,53.651819,On or near Albert Street,E01024940,Chorley 010D,Anti-social behaviour,,
,2019-05,Lancashire Constabulary,Lancashire Constabulary,-2.630069,53.647835,On or near Gin Bow,E01024940,Chorley 010D,Anti-social behaviour,,
,2019-05,Lancashire Constabulary,Lancashire Constabulary,-2.626491,53.645310,On or near Poplar Street,E01024940,Chorley 010D,Anti-social behaviour,,
fe493093ffcea061ba23407b0a178141217241bb5f195b48127ae6168c925c83,2019-05,Lancashire Constabulary,Lancashire Constabulary,-2.627584,53.650625,On or near Clarence Street,E01024940,Chorley 010D,Bicycle theft,Status update unavailable,
eeb4961672f23f18af0fcda4568ae74c9fd4a95dcdb2e257f90ec2519cbb07ed,2019-05,Lancashire Constabulary,Lancashire Constabulary,-2.632036,53.651914,On or near Market Street,E01024940,Chorley 010D,Burglary,Status update unavailable,
ac2800931b45a20fb94ba77930d6f8b29d72d62c2353ebf0a55b3f341f90ac41,2019-05,Lancashire Constabulary,Lancashire Constabulary,-2.632699,53.647713,On or near Silvester Road,E01024940,Chorley 010D,Criminal damage and arson,Status update unavailable,
f06dc9c04929f359ff0cfb9b7c2df3c172e35fc5fea37e56556951ed20e17bed,2019-05,Lancashire Constabulary,Lancashire Constabulary,-2.630127,53.651708,On or near Halliwell Street,E01024940,Chorley 010D,Criminal damage and arson,Awaiting court outcome,
e4c95f8718687a702b8d92699017d7fb7268274b9d1231f0cec6ad50008e49c4,2019-05,Lancashire Constabulary,Lancashire Constabulary,-2.630864,53.650446,On or near George Street,E01024940,Chorley 010D,Other theft,Further investigation is not in the public interest,
8a8c716b2ad5b21ab22de5c2a9381a8832cad0b4b612634cb29796443fc44ad7,2019-05,Lancashire Constabulary,Lancashire Constabulary,-2.628448,53.655852,On or near Arley Street,E01024940,Chorley 010D,Other theft,Status update unavailable,
2a472c3ab21c199e526b0118c8e07568f0a45cd0a1015955017765c3aefb08ae,2019-05,Lancashire Constabulary,Lancashire Constabulary,-2.628448,53.655852,On or near Arley Street,E01024940,Chorley 010D,Other theft,Status update unavailable,
f720d1291f0a3a5159e2ca64df7a5a2f532abf863894a0dca9419989f3961bcd,2019-05,Lancashire Constabulary,Lancashire Constabulary,-2.630069,53.647835,On or near Gin Bow,E01024940,Chorley 010D,Other theft,Status update unavailable,
283e019f30fa9307adcc86c82633bd2f96b8c05af4ee0c4ce40f706ed4e3e6cd,2019-05,Lancashire Constabulary,Lancashire Constabulary,-2.628448,53.655852,On or near Arley Street,E01024940,Chorley 010D,Other theft,Status update unavailable,
14b9ac8e955edbdc3fd7e28b179fe6ed80e786617730ff0c4bbb2755e98651d1,2019-05,Lancashire Constabulary,Lancashire Constabulary,-2.625752,53.648495,On or near Petrol Station,E01024940,Chorley 010D,Other theft,Status update unavailable,
4915784e7fbdc11709389bbcace745302f86ed3b0d39e030120dc926ebc155b6,2019-05,Lancashire Constabulary,Lancashire Constabulary,-2.625421,53.645540,On or near Grime Street,E01024940,Chorley 010D,Other theft,Further investigation is not in the public interest,
b78cc0e05530e7acb3c0c41625c68e15e1acca8688bb7a19c1560d92f897781f,2019-05,Lancashire Constabulary,Lancashire Constabulary,-2.632564,53.648783,On or near Elbow Street,E01024940,Chorley 010D,Other theft,Status update unavailable,
0663c5cb03ca4cfda3640a27df6447aaa1a9cbb96fd5ee0534ef1d47fdfcc20a,2019-05,Lancashire Constabulary,Lancashire Constabulary,-2.628277,53.652437,On or near Chapel Street,E01024940,Chorley 010D,Other theft,Unable to prosecute suspect,
9ef619ed9a892e07500220d3e6f5498c87cf3eaea1dab45d39933acd44751c5d,2019-05,Lancashire Constabulary,Lancashire Constabulary,-2.625752,53.648495,On or near Petrol Station,E01024940,Chorley 010D,Other theft,Status update unavailable,
698010ed21a6e589e91ed48ad8620620fd04f91d15dd5e4ea92c028a49e0e305,2019-05,Lancashire Constabulary,Lancashire Constabulary,-2.630402,53.653927,On or near New Market Street,E01024940,Chorley 010D,Public order,Status update unavailable,
8c3c23000bffe8c89a9bad9ec53c182ab349fa840c9015f350c5b5533df72ee3,2019-05,Lancashire Constabulary,Lancashire Constabulary,-2.625752,53.648495,On or near Petrol Station,E01024940,Chorley 010D,Shoplifting,Status update unavailable,
d374fd42c35da5e0ac605fe2f2bfc71dc6a5a325dcc8dcc1817fda7d063035c0,2019-05,Lancashire Constabulary,Lancashire Constabulary,-2.630069,53.647835,On or near Gin Bow,E01024940,Chorley 010D,Shoplifting,Formal action is not in the public interest,
f41338eac21fedff28803a559c743f75432ad642c24ee669d0fde35510949dc0,2019-05,Lancashire Constabulary,Lancashire Constabulary,-2.625752,53.648495,On or near Petrol Station,E01024940,Chorley 010D,Shoplifting,Status update unavailable,
809192621fecbb7347aac68a3ba6e48790705fc0dba36be88bcb648ea35c7054,2019-05,Lancashire Constabulary,Lancashire Constabulary,-2.629818,53.652339,On or near Church Street,E01024940,Chorley 010D,Shoplifting,Offender given community sentence,
1c8886d4ae22806a63773c83b4a076af22be57b3e1b37a80347ee17782807300,2019-05,Lancashire Constabulary,Lancashire Constabulary,-2.625752,53.648495,On or near Petrol Station,E01024940,Chorley 010D,Shoplifting,Awaiting court outcome,
8a280c54e6d36d196e9439c7eccd77f47c10fac0999a0f25a4b9af3005c0dabf,2019-05,Lancashire Constabulary,Lancashire Constabulary,-2.630069,53.647835,On or near Gin Bow,E01024940,Chorley 010D,Shoplifting,Awaiting court outcome,
37c4ea42bed45da285e12ff653071c7ded1c9af536982d1d89d84d930d18e444,2019-05,Lancashire Constabulary,Lancashire Constabulary,-2.630402,53.653927,On or near New Market Street,E01024940,Chorley 010D,Shoplifting,Status update unavailable,
99fbfc2bf1d0bf5f69e2cad8291e76c0cf9a7e93a2e88a0dcacbcd4299e445e4,2019-05,Lancashire Constabulary,Lancashire Constabulary,-2.629818,53.652339,On or near Church Street,E01024940,Chorley 010D,Shoplifting,Awaiting court outcome,
e57e79ef18e1e68e2f889b9ec60f1f9fa5c945125d9b490c157abe5eff272e35,2019-05,Lancashire Constabulary,Lancashire Constabulary,-2.629067,53.653736,On or near Supermarket,E01024940,Chorley 010D,Shoplifting,Status update unavailable,
e5e3073ac08cad2e66190b941f073731e9078724d53871598242236b05d0d493,2019-05,Lancashire Constabulary,Lancashire Constabulary,-2.629818,53.652339,On or near Church Street,E01024940,Chorley 010D,Shoplifting,Awaiting court outcome,
59734e22918bb078ff8b87fc869b90d555686e103fb76fcb4873ffc75812fa5e,2019-05,Lancashire Constabulary,Lancashire Constabulary,-2.630069,53.647835,On or near Gin Bow,E01024940,Chorley 010D,Shoplifting,Status update unavailable,
1cc7374777d9a401d5a9ff4e464a0c569756e68e710e454200a8cc030dd11d1e,2019-05,Lancashire Constabulary,Lancashire Constabulary,-2.630069,53.647835,On or near Gin Bow,E01024940,Chorley 010D,Shoplifting,Status update unavailable,
1ea63d27a7fedeba9cad0b5750c127087143b8267091d2b455e1ffcbdeeb091e,2019-05,Lancashire Constabulary,Lancashire Constabulary,-2.625752,53.648495,On or near Petrol Station,E01024940,Chorley 010D,Shoplifting,Offender given a caution,
c2f30f1cffcc79977ae4243d15a41fd98440d773022962f687665f3c01d6a09b,2019-05,Lancashire Constabulary,Lancashire Constabulary,-2.630402,53.653927,On or near New Market Street,E01024940,Chorley 010D,Shoplifting,Offender given penalty notice,
4c6fee05272f44fbff101c6f6ed66d15f52020d988add98931af07fe94835a85,2019-05,Lancashire Constabulary,Lancashire Constabulary,-2.625752,53.648495,On or near Petrol Station,E01024940,Chorley 010D,Shoplifting,Unable to prosecute suspect,
ddbbb06a93cf8f1d9890e284f48bbfa99de38eaa68c03787d2346ed3c12a5142,2019-05,Lancashire Constabulary,Lancashire Constabulary,-2.629818,53.652339,On or near Church Street,E01024940,Chorley 010D,Shoplifting,Offender given penalty notice,
2b9f4a7516eb55e7791bcb049a3f5b9aec5f5e5541a6bcc8f76fc0056cfc83c9,2019-05,Lancashire Constabulary,Lancashire Constabulary,-2.630069,53.647835,On or near Gin Bow,E01024940,Chorley 010D,Shoplifting,Status update unavailable,
ec75dbc33f23e78dc8514b830289d290d4eaa39c16069c23eb4686c02c97460d,2019-05,Lancashire Constabulary,Lancashire Constabulary,-2.629067,53.653736,On or near Supermarket,E01024940,Chorley 010D,Shoplifting,Status update unavailable,
a4a5ba8193331c3316e60550a077b51457f81f20b545fc82777c5ade30e29ecd,2019-05,Lancashire Constabulary,Lancashire Constabulary,-2.631503,53.653696,On or near High Street,E01024940,Chorley 010D,Theft from the person,Unable to prosecute suspect,
00e16e36c1f265a03cf4ce759bb57cc729e3c7383edd2dcd44cad5c4d565ac56,2019-05,Lancashire Constabulary,Lancashire Constabulary,-2.630402,53.653927,On or near New Market Street,E01024940,Chorley 010D,Theft from the person,Status update unavailable,
880937f55e68dc68dda01a33ae8d6d95e4ca0b70caeb2e6c23d2b31d691e20c0,2019-05,Lancashire Constabulary,Lancashire Constabulary,-2.626331,53.647746,On or near King Street,E01024940,Chorley 010D,Violence and sexual offences,Unable to prosecute suspect,
2a26b63c17b0d70c7bc15bca0dd8983fc6820bbf9497e0840e52cd5e76beddb4,2019-05,Lancashire Constabulary,Lancashire Constabulary,-2.625421,53.645540,On or near Grime Street,E01024940,Chorley 010D,Violence and sexual offences,Unable to prosecute suspect,
60989892b5b6121e019951b404059d544eafcc42e8910696120d543b8396c2e5,2019-05,Lancashire Constabulary,Lancashire Constabulary,-2.632036,53.651914,On or near Market Street,E01024940,Chorley 010D,Violence and sexual offences,Unable to prosecute suspect,
163c09bd80113b44c1b793c21169c590d8a2ae9fdb11327a4902e0bc725a184c,2019-05,Lancashire Constabulary,Lancashire Constabulary,-2.629818,53.652339,On or near Church Street,E01024940,Chorley 010D,Violence and sexual offences,Status update unavailable,
53f671f7af535438cfdeb1c22491161b6bd8afc762240cb982144f6c26bb27b9,2019-05,Lancashire Constabulary,Lancashire Constabulary,-2.630554,53.655014,On or near Fellery Street,E01024940,Chorley 010D,Violence and sexual offences,Status update unavailable,
cf67361572b9233d66e8e9a200f021ac1db160a4ddb6d33e46c6d1faa99bc09f,2019-05,Lancashire Constabulary,Lancashire Constabulary,-2.625421,53.645540,On or near Grime Street,E01024940,Chorley 010D,Violence and sexual offences,Unable to prosecute suspect,
108e4b5e8893fc100af0adce6fe6b7f8ac8023d6ce9ddf1a9642e23de3c5c1a8,2019-05,Lancashire Constabulary,Lancashire Constabulary,-2.630069,53.647835,On or near Gin Bow,E01024940,Chorley 010D,Violence and sexual offences,Offender given a caution,
ecd789496226036f52b69cc474a434b10fb0e765b6a274d7ed1bdee26bf17822,2019-05,Lancashire Constabulary,Lancashire Constabulary,-2.625421,53.645540,On or near Grime Street,E01024940,Chorley 010D,Violence and sexual offences,Status update unavailable,
fb2659e5b7e9feeb56c1e87d07882dcff82988afd33ba34ec7920019aad80da6,2019-05,Lancashire Constabulary,Lancashire Constabulary,-2.629730,53.651495,On or near Halliwell Place,E01024940,Chorley 010D,Violence and sexual offences,Status update unavailable,
66ee04dd6ec62cb644964f417d464f7472289101f0836ab8372d843750cbd5cc,2019-05,Lancashire Constabulary,Lancashire Constabulary,-2.628448,53.655852,On or near Arley Street,E01024940,Chorley 010D,Violence and sexual offences,Status update unavailable,
7df4dd4e13a337de115486e953aabb5067c38364fd1bac9e829f13b62f1f5dbc,2019-05,Lancashire Constabulary,Lancashire Constabulary,-2.629067,53.653736,On or near Supermarket,E01024940,Chorley 010D,Violence and sexual offences,Unable to prosecute suspect,
41cd3726eaaba47523fd7dd8c762655e94102597a13342b261bd7bd356d6d70c,2019-05,Lancashire Constabulary,Lancashire Constabulary,-2.632036,53.651914,On or near Market Street,E01024940,Chorley 010D,Violence and sexual offences,Status update unavailable,
9f49612d73031fb9b00924f753f2a8631bdd9a2836594995da28244e3f2864bb,2019-05,Lancashire Constabulary,Lancashire Constabulary,-2.629818,53.652339,On or near Church Street,E01024940,Chorley 010D,Violence and sexual offences,Status update unavailable,
1437ec1231b8891bbeaba448f57d298ee4c4d07894ea7204c8fde8847e372a3e,2019-05,Lancashire Constabulary,Lancashire Constabulary,-2.630069,53.647835,On or near Gin Bow,E01024940,Chorley 010D,Violence and sexual offences,Unable to prosecute suspect,
02889ccf029d888e3f04099332ca39ceb86baf4ded83daab71117acc90322d7f,2019-05,Lancashire Constabulary,Lancashire Constabulary,-2.628448,53.655852,On or near Arley Street,E01024940,Chorley 010D,Violence and sexual offences,Status update unavailable,
2b7a478c0bab09a1055b3e58de59aae88e71afa851a666962f8d6cd2a527dc96,2019-05,Lancashire Constabulary,Lancashire Constabulary,-2.630402,53.653927,On or near New Market Street,E01024940,Chorley 010D,Violence and sexual offences,Unable to prosecute suspect,
e168ba444e83366aade215e8177b4627dd156525d3c980590c404c8796942ab3,2019-05,Lancashire Constabulary,Lancashire Constabulary,-2.629818,53.652339,On or near Church Street,E01024940,Chorley 010D,Violence and sexual offences,Status update unavailable,
3b3ed0356f8ee9585661a6ef950253c5657b0847fe6169833f63752aa4468377,2019-05,Lancashire Constabulary,Lancashire Constabulary,-2.621739,53.646143,On or near Maplewood Close,E01024940,Chorley 010D,Violence and sexual offences,Unable to prosecute suspect,
702b6cdc9fff7583f31614a144ed1a5751a525bd8cead438e2df1b9a1f5f3935,2019-05,Lancashire Constabulary,Lancashire Constabulary,-2.625421,53.645540,On or near Grime Street,E01024940,Chorley 010D,Violence and sexual offences,Unable to prosecute suspect,
309ea76ef7d948fe1655960ea6dc04bd5d015f5fdd1a61b86aef2096e64c770f,2019-05,Lancashire Constabulary,Lancashire Constabulary,-2.621739,53.646143,On or near Maplewood Close,E01024940,Chorley 010D,Violence and sexual offences,Unable to prosecute suspect,
6009255e9a430a2bc56f29397129aea1e19d90f00b4355b20ed6f4c521a1010e,2019-05,Lancashire Constabulary,Lancashire Constabulary,-2.630415,53.649774,On or near Albion Street,E01024940,Chorley 010D,Violence and sexual offences,Further investigation is not in the public interest,
b573de1374335423ab98f88526e093e2e9150a956a908d9c9a72aad72020a8c6,2019-05,Lancashire Constabulary,Lancashire Constabulary,-2.631503,53.653696,On or near High Street,E01024940,Chorley 010D,Violence and sexual offences,Offender given a caution,
9fe3be7b031fb4097329020c9f8aef4f2f67bec81d8b5f1fedb0f3591fb787e9,2019-05,Lancashire Constabulary,Lancashire Constabulary,-2.631503,53.653696,On or near High Street,E01024940,Chorley 010D,Violence and sexual offences,Offender given a caution,
85cf3845bf48c36a88920185e8212eb3c89125b3957cc4897fa68fe0845d0c70,2019-05,Lancashire Constabulary,Lancashire Constabulary,-2.631503,53.653696,On or near High Street,E01024940,Chorley 010D,Violence and sexual offences,Status update unavailable,
dab36d3633e4f8d7386d353b173e24aa7f298beb4610dd48e35c86b762f3ae4a,2019-05,Lancashire Constabulary,Lancashire Constabulary,-2.630127,53.651708,On or near Halliwell Street,E01024940,Chorley 010D,Violence and sexual offences,Unable to prosecute suspect,
88a10829d947fd4c5fe21e4465857fc683641cbdb3eb15ca9767dc71b9b58ca3,2019-05,Lancashire Constabulary,Lancashire Constabulary,-2.626491,53.645310,On or near Poplar Street,E01024940,Chorley 010D,Violence and sexual offences,Awaiting court outcome,
175a8825b9351c7b1768700ab887b39d54ba8e228f30878f0a1ae4055bd3844b,2019-05,Lancashire Constabulary,Lancashire Constabulary,-2.630069,53.647835,On or near Gin Bow,E01024940,Chorley 010D,Violence and sexual offences,Unable to prosecute suspect,
302ab930593b94a654d3ba7d0938b9a8fe34391a14bdd2c34fd68da088b8af09,2019-05,Lancashire Constabulary,Lancashire Constabulary,-2.629818,53.652339,On or near Church Street,E01024940,Chorley 010D,Violence and sexual offences,Status update unavailable,
,2019-05,Lancashire Constabulary,Lancashire Constabulary,-2.636493,53.644484,On or near Catherine Street,E01024941,Chorley 010E,Anti-social behaviour,,
,2019-05,Lancashire Constabulary,Lancashire Constabulary,-2.634809,53.646129,On or near Norris Street,E01024941,Chorley 010E,Anti-social behaviour,,
,2019-05,Lancashire Constabulary,Lancashire Constabulary,-2.635567,53.644246,On or near Cotswold Road,E01024941,Chorley 010E,Anti-social behaviour,,
,2019-05,Lancashire Constabulary,Lancashire Constabulary,-2.635567,53.644246,On or near Cotswold Road,E01024941,Chorley 010E,Anti-social behaviour,,
,2019-05,Lancashire Constabulary,Lancashire Constabulary,-2.635567,53.644246,On or near Cotswold Road,E01024941,Chorley 010E,Anti-social behaviour,,
,2019-05,Lancashire Constabulary,Lancashire Constabulary,-2.628926,53.647256,On or near Back Ashby Street,E01024941,Chorley 010E,Anti-social behaviour,,
,2019-05,Lancashire Constabulary,Lancashire Constabulary,-2.628926,53.647256,On or near Back Ashby Street,E01024941,Chorley 010E,Anti-social behaviour,,
,2019-05,Lancashire Constabulary,Lancashire Constabulary,-2.628671,53.646386,On or near Ashby Street,E01024941,Chorley 010E,Anti-social behaviour,,
,2019-05,Lancashire Constabulary,Lancashire Constabulary,-2.632616,53.645197,On or near Brindle Street,E01024941,Chorley 010E,Anti-social behaviour,,
,2019-05,Lancashire Constabulary,Lancashire Constabulary,-2.636493,53.644484,On or near Catherine Street,E01024941,Chorley 010E,Anti-social behaviour,,
,2019-05,Lancashire Constabulary,Lancashire Constabulary,-2.635345,53.643573,On or near Gloucester Road,E01024941,Chorley 010E,Anti-social behaviour,,
,2019-05,Lancashire Constabulary,Lancashire Constabulary,-2.634087,53.646420,On or near Richmond Court,E01024941,Chorley 010E,Anti-social behaviour,,
ad73a7cbc778f6d1e3ba1a05a017866bf369e3fb1801aec587e759ba20fae308,2019-05,Lancashire Constabulary,Lancashire Constabulary,-2.636493,53.644484,On or near Catherine Street,E01024941,Chorley 010E,Criminal damage and arson,Unable to prosecute suspect,
b083be9bcaf3da636f4c25ac9e4ad5f51d3e253a756ad6b03392af0c9ea5ac47,2019-05,Lancashire Constabulary,Lancashire Constabulary,-2.632616,53.645197,On or near Brindle Street,E01024941,Chorley 010E,Criminal damage and arson,Further investigation is not in the public interest,
602b39b7879ff545a4911bdd6e4e0925b761da1d8be6804d0b66811426b94ef1,2019-05,Lancashire Constabulary,Lancashire Constabulary,-2.634087,53.646420,On or near Richmond Court,E01024941,Chorley 010E,Drugs,Status update unavailable,
4203b97a2c3da17e1b49d3062a5d188d80446b851bebb7be4f1ff6ee090e0a4f,2019-05,Lancashire Constabulary,Lancashire Constabulary,-2.629263,53.645502,On or near Sports/Recreation Area,E01024941,Chorley 010E,Drugs,Status update unavailable,
79101c9490ceb504673338f650dd238401fb5654b2baa8de77dc3c617af83432,2019-05,Lancashire Constabulary,Lancashire Constabulary,-2.628926,53.647256,On or near Back Ashby Street,E01024941,Chorley 010E,Other theft,Status update unavailable,
1c4c1ae6150adc1ae614f830c24f45f2d1fcb5dcbb877306c8807cc6baa54404,2019-05,Lancashire Constabulary,Lancashire Constabulary,-2.628671,53.646386,On or near Ashby Street,E01024941,Chorley 010E,Other theft,Status update unavailable,
45789b74fec1da6fb74de49d4420aa2fd720dc60bc9090c6c5e4cd6519fec037,2019-05,Lancashire Constabulary,Lancashire Constabulary,-2.635567,53.644246,On or near Cotswold Road,E01024941,Chorley 010E,Theft from the person,Unable to prosecute suspect,
102acb5368220c8ad58f36a7901a30e0f1f7d69b77d9fff3dc833e1673dc1037,2019-05,Lancashire Constabulary,Lancashire Constabulary,-2.628926,53.647256,On or near Back Ashby Street,E01024941,Chorley 010E,Theft from the person,Status update unavailable,
80871ad93401f31c3c3031068d8872094660b9683471a54002c4040b832702d4,2019-05,Lancashire Constabulary,Lancashire Constabulary,-2.628926,53.647256,On or near Back Ashby Street,E01024941,Chorley 010E,Violence and sexual offences,Status update unavailable,
1d12c790875638eeec56f4300953647b8991943d41b4046670e69b84e1fb2ee8,2019-05,Lancashire Constabulary,Lancashire Constabulary,-2.635567,53.644246,On or near Cotswold Road,E01024941,Chorley 010E,Violence and sexual offences,Status update unavailable,
b5cd2ed4ab0bba581d49fb8f7c3c14a6e861284971814e75711a12c59ee75edf,2019-05,Lancashire Constabulary,Lancashire Constabulary,-2.628926,53.647256,On or near Back Ashby Street,E01024941,Chorley 010E,Violence and sexual offences,Unable to prosecute suspect,
e401b76d24b92f330816d1e5ddcf041f27c0adc81cd9adb418cb746a0c3baf07,2019-05,Lancashire Constabulary,Lancashire Constabulary,-2.636493,53.644484,On or near Catherine Street,E01024941,Chorley 010E,Violence and sexual offences,Status update unavailable,
095ba701df53ba60aff458b4074b3fc44ff2d2f5902c806fd976652c15627f0b,2019-05,Lancashire Constabulary,Lancashire Constabulary,-2.636493,53.644484,On or near Catherine Street,E01024941,Chorley 010E,Violence and sexual offences,Further investigation is not in the public interest,
5b7479c3be95de6c941d2b1a53038ca7dedcf0dd1254475fe02c43e4b14601d0,2019-05,Lancashire Constabulary,Lancashire Constabulary,-2.636493,53.644484,On or near Catherine Street,E01024941,Chorley 010E,Violence and sexual offences,Status update unavailable,
6dbf5d0ae91fe259fd1530ee36b56438a24611310008177746dcfb93739bcc11,2019-05,Lancashire Constabulary,Lancashire Constabulary,-2.628926,53.647256,On or near Back Ashby Street,E01024941,Chorley 010E,Violence and sexual offences,Status update unavailable,
3b796920249fcfdeeff6d360b61453f172419487cb090ee6a022b7e0520aaf25,2019-05,Lancashire Constabulary,Lancashire Constabulary,-2.628671,53.646386,On or near Ashby Street,E01024941,Chorley 010E,Violence and sexual offences,Unable to prosecute suspect,
f1657bf57c69d110a2e1e5caec6f90ff669f45a6048ef3939fdbc6fc2ac17005,2019-05,Lancashire Constabulary,Lancashire Constabulary,-2.636493,53.644484,On or near Catherine Street,E01024941,Chorley 010E,Violence and sexual offences,Unable to prosecute suspect,
49d653a10d3de80f0820a56af09208211d8c52eaec6e0048429f7bfd404b99ec,2019-05,Lancashire Constabulary,Lancashire Constabulary,-2.628671,53.646386,On or near Ashby Street,E01024941,Chorley 010E,Violence and sexual offences,Unable to prosecute suspect,
0a078c80cb6cbafa0687355666d8d2490d26513c94ef0ecee6fdee85b79ac059,2019-05,Lancashire Constabulary,Lancashire Constabulary,-2.629870,53.643629,On or near Lighthurst Avenue,E01024941,Chorley 010E,Other crime,Investigation complete; no suspect identified,
,2019-05,Lancashire Constabulary,Lancashire Constabulary,-2.706627,53.633969,On or near Park Hall Road,E01024923,Chorley 011A,Anti-social behaviour,,
,2019-05,Lancashire Constabulary,Lancashire Constabulary,-2.669011,53.641304,On or near Park/Open Space,E01024923,Chorley 011A,Anti-social behaviour,,
,2019-05,Lancashire Constabulary,Lancashire Constabulary,-2.697597,53.632953,On or near Park/Open Space,E01024923,Chorley 011A,Anti-social behaviour,,
,2019-05,Lancashire Constabulary,Lancashire Constabulary,-2.669011,53.641304,On or near Park/Open Space,E01024923,Chorley 011A,Anti-social behaviour,,
,2019-05,Lancashire Constabulary,Lancashire Constabulary,-2.709521,53.628892,On or near Wood Lane,E01024923,Chorley 011A,Anti-social behaviour,,
0b2ad57f27c3e4f7dbab9f929daf85217b3e818b9564f6ba411a2514f99eea11,2019-05,Lancashire Constabulary,Lancashire Constabulary,-2.725946,53.622043,On or near Barmskin Lane,E01024923,Chorley 011A,Burglary,Status update unavailable,
97fa6b585be1e06ead63ae295776e217bf4ae36634004977f0296bd40c0740df,2019-05,Lancashire Constabulary,Lancashire Constabulary,-2.693849,53.634943,On or near Parking Area,E01024923,Chorley 011A,Theft from the person,Status update unavailable,
7726779fa2d6ff58d588bcdf674a032cd92204b7570db8597d0d463ee0eba55c,2019-05,Lancashire Constabulary,Lancashire Constabulary,-2.693849,53.634943,On or near Parking Area,E01024923,Chorley 011A,Violence and sexual offences,Unable to prosecute suspect,
f1fc36289618b7ac2faaba2cc183427e04a35cb1b7b6e89053d9c8db67b0c51b,2019-05,Lancashire Constabulary,Lancashire Constabulary,-2.669955,53.635942,On or near Church Lane,E01024923,Chorley 011A,Violence and sexual offences,Status update unavailable,
a2f3692e8df60bb380c2edf09e50e2ff28dff45e7af8bb7aa05171321855ca14,2019-05,Lancashire Constabulary,Lancashire Constabulary,-2.706399,53.629351,On or near Withington Lane,E01024923,Chorley 011A,Violence and sexual offences,Status update unavailable,
9b9033e44166f9c262a7aa9155a87972943ccf114e6f77e4be4b2744a622fca5,2019-05,Lancashire Constabulary,Lancashire Constabulary,-2.711357,53.634625,On or near The Warings,E01024923,Chorley 011A,Violence and sexual offences,Unable to prosecute suspect,
459b0750957748291e28d54f9efe455748172aeb5dbf7e83684ab3a540fe722c,2019-05,Lancashire Constabulary,Lancashire Constabulary,-2.711357,53.634625,On or near The Warings,E01024923,Chorley 011A,Violence and sexual offences,Status update unavailable,
,2019-05,Lancashire Constabulary,Lancashire Constabulary,-2.692006,53.631385,On or near Motorway Service Area,E01024924,Chorley 011B,Anti-social behaviour,,
,2019-05,Lancashire Constabulary,Lancashire Constabulary,-2.679985,53.624857,On or near The Foxwood,E01024924,Chorley 011B,Anti-social behaviour,,
,2019-05,Lancashire Constabulary,Lancashire Constabulary,-2.692006,53.631385,On or near Motorway Service Area,E01024924,Chorley 011B,Anti-social behaviour,,
e5c39901392716ed5019951c7a3275e841856e5f9fdcecb758443bad27329095,2019-05,Lancashire Constabulary,Lancashire Constabulary,-2.692006,53.631385,On or near Motorway Service Area,E01024924,Chorley 011B,Other theft,Status update unavailable,
a9b3257a36c505001fad0cf0f6a6e55ddc77ca322bceaf275d3cda1e8216c57a,2019-05,Lancashire Constabulary,Lancashire Constabulary,-2.692006,53.631385,On or near Motorway Service Area,E01024924,Chorley 011B,Other theft,Status update unavailable,
1407a61ec2cd8bc096e2057988949b76f975947cc6f342e5b59c59b2da49460e,2019-05,Lancashire Constabulary,Lancashire Constabulary,-2.692006,53.631385,On or near Motorway Service Area,E01024924,Chorley 011B,Other theft,Status update unavailable,
a929eb5e629efb46b619728190d108874b000ebd58408324ba244a864b06e0b3,2019-05,Lancashire Constabulary,Lancashire Constabulary,-2.692006,53.631385,On or near Motorway Service Area,E01024924,Chorley 011B,Other theft,Status update unavailable,
db5f5b9d4bfb2023eb17a1276aab2dd7513fc460c3f3f7e5e5435a2dc807708d,2019-05,Lancashire Constabulary,Lancashire Constabulary,-2.692006,53.631385,On or near Motorway Service Area,E01024924,Chorley 011B,Vehicle crime,Status update unavailable,
3b32bf9e56fddd41ad5cad7a96bb05a1b0c7f107d037f6974c75bf35bf56cc4c,2019-05,Lancashire Constabulary,Lancashire Constabulary,-2.692006,53.631385,On or near Motorway Service Area,E01024924,Chorley 011B,Vehicle crime,Status update unavailable,
fac94d104f35fb29ead0011f650a4a76fdc646618abef6c9f31049b8901c1d9d,2019-05,Lancashire Constabulary,Lancashire Constabulary,-2.679985,53.624857,On or near The Foxwood,E01024924,Chorley 011B,Violence and sexual offences,Status update unavailable,
27e6953b8e7d4f961a3019e991542aeb919e316e9adbba32eff9a8cfab24a6d4,2019-05,Lancashire Constabulary,Lancashire Constabulary,-2.692006,53.631385,On or near Motorway Service Area,E01024924,Chorley 011B,Other crime,Status update unavailable,
7562906ba5552434919744671bf78e33b7066c360741e6442c9f16f2ceebe8a6,2019-05,Lancashire Constabulary,Lancashire Constabulary,-2.730429,53.647866,On or near Gillcroft,E01024963,Chorley 011C,Public order,Unable to prosecute suspect,
dd0f29ed3b8f25dd51089f3124a1d9ff1b4a1ca9a1a0ed78fb42fe9f11131a5d,2019-05,Lancashire Constabulary,Lancashire Constabulary,-2.730429,53.647866,On or near Gillcroft,E01024963,Chorley 011C,Violence and sexual offences,Status update unavailable,
,2019-05,Lancashire Constabulary,Lancashire Constabulary,-2.747056,53.641939,On or near Tincklers Lane,E01024965,Chorley 011D,Anti-social behaviour,,
026cc1053bb46859c72a15bbeb9cfd58cc447604bb6a208fa93e36b9532bbbfa,2019-05,Lancashire Constabulary,Lancashire Constabulary,-2.747056,53.641939,On or near Tincklers Lane,E01024965,Chorley 011D,Criminal damage and arson,Status update unavailable,
cb2e2706850e31803dcc6218a760ca1d3e2a79fdf51cef2996dd48bf45ef5f17,2019-05,Lancashire Constabulary,Lancashire Constabulary,-2.751615,53.632904,On or near Sports/Recreation Area,E01024965,Chorley 011D,Other theft,Status update unavailable,
fe3a723eab158dfe0e7a436f37405a9d7433db14ec8fcd8aefc56253f2589574,2019-05,Lancashire Constabulary,Lancashire Constabulary,-2.741474,53.626361,On or near Park/Open Space,E01024965,Chorley 011D,Violence and sexual offences,Unable to prosecute suspect,
,2019-05,Lancashire Constabulary,Lancashire Constabulary,-2.720253,53.641960,On or near Lord Street,E01024966,Chorley 011E,Anti-social behaviour,,
,2019-05,Lancashire Constabulary,Lancashire Constabulary,-2.723445,53.642857,On or near Ince Lane,E01024966,Chorley 011E,Anti-social behaviour,,
029789481664822b64f4a85fdd1af7b7f006bfa4e626c2909251fb1512903dce,2019-05,Lancashire Constabulary,Lancashire Constabulary,-2.724601,53.645861,On or near New Mill Street,E01024966,Chorley 011E,Criminal damage and arson,Unable to prosecute suspect,
329e2da564802006a41566ffb2df639052251ead42e15981c868a4618c7dbf16,2019-05,Lancashire Constabulary,Lancashire Constabulary,-2.724601,53.645861,On or near New Mill Street,E01024966,Chorley 011E,Shoplifting,Local resolution,
cd55eef1be3a8b3dbd8eaa433b9d6c7f90bd33119857b9963dd1700346fa92cd,2019-05,Lancashire Constabulary,Lancashire Constabulary,-2.719415,53.644230,On or near Cotswold Close,E01024966,Chorley 011E,Violence and sexual offences,Local resolution,
,2019-05,Lancashire Constabulary,Lancashire Constabulary,-2.642456,53.641702,On or near Grisedale Place,E01024942,Chorley 012A,Anti-social behaviour,,
a306f161628d665f551506a736846ee6998d9531d5d8358a3a6285c21180c91a,2019-05,Lancashire Constabulary,Lancashire Constabulary,-2.643132,53.642399,On or near Troutbeck Road,E01024942,Chorley 012A,Burglary,Status update unavailable,
e54f0a92379262dc3f290ad0e552404478f34517b56627326a05c8727fa337b2,2019-05,Lancashire Constabulary,Lancashire Constabulary,-2.638741,53.643079,On or near Yates Street,E01024942,Chorley 012A,Criminal damage and arson,Status update unavailable,
0ff6c565309fdd4fc885024b6fac2d72f0ba67e0411dd6d90d261ccd9ac56267,2019-05,Lancashire Constabulary,Lancashire Constabulary,-2.638741,53.643079,On or near Yates Street,E01024942,Chorley 012A,Criminal damage and arson,Unable to prosecute suspect,
beef0d513421388642e46c298b51eeb9666e1c97036636d3058313a7ad0bacbf,2019-05,Lancashire Constabulary,Lancashire Constabulary,-2.642456,53.641702,On or near Grisedale Place,E01024942,Chorley 012A,Other theft,Unable to prosecute suspect,
4a728a617166625bc7acdb8d924e553514678ac2cafd1e317c52e5f683fffb0a,2019-05,Lancashire Constabulary,Lancashire Constabulary,-2.641345,53.640216,On or near Hodder Avenue,E01024942,Chorley 012A,Shoplifting,Status update unavailable,
7836b1edf06e6d429a6a9d73924e64ebadf0f3b3b585ca5e13699dadb9ae7d98,2019-05,Lancashire Constabulary,Lancashire Constabulary,-2.639374,53.641898,On or near Bamber Street,E01024942,Chorley 012A,Vehicle crime,Status update unavailable,
a1ab78e1c46eb316ff4ec50e6219f0c3043ecce63096802dd52a3bd7623fa243,2019-05,Lancashire Constabulary,Lancashire Constabulary,-2.636867,53.642172,On or near Howard Road,E01024942,Chorley 012A,Violence and sexual offences,Unable to prosecute suspect,
d8ef95975a340847e859c1d86b2872f6e9035053e2c5d0f820683553bfd2935a,2019-05,Lancashire Constabulary,Lancashire Constabulary,-2.634567,53.640099,On or near St Gregory'S Place,E01024942,Chorley 012A,Violence and sexual offences,Status update unavailable,
b0a7f291f75499fb5e776eae4d1a8be776808c5512eabe16ff0f3dffed647ff2,2019-05,Lancashire Constabulary,Lancashire Constabulary,-2.642456,53.641702,On or near Grisedale Place,E01024942,Chorley 012A,Violence and sexual offences,Status update unavailable,
63d7578a84b0cf2686bd45807cd3df5602b0db0ec87afeebc510717be9f06af7,2019-05,Lancashire Constabulary,Lancashire Constabulary,-2.636867,53.642172,On or near Howard Road,E01024942,Chorley 012A,Violence and sexual offences,Offender given community sentence,
13bd045dfc55c4521899baf014ed26b7c64a0b005457784f6139f9f3042df1a3,2019-05,Lancashire Constabulary,Lancashire Constabulary,-2.642456,53.641702,On or near Grisedale Place,E01024942,Chorley 012A,Violence and sexual offences,Status update unavailable,
,2019-05,Lancashire Constabulary,Lancashire Constabulary,-2.650601,53.643132,On or near Wallets Wood Court,E01024943,Chorley 012B,Anti-social behaviour,,
,2019-05,Lancashire Constabulary,Lancashire Constabulary,-2.646129,53.639561,On or near Green Street,E01024943,Chorley 012B,Anti-social behaviour,,
,2019-05,Lancashire Constabulary,Lancashire Constabulary,-2.646073,53.642779,On or near Lakeland Gardens,E01024943,Chorley 012B,Anti-social behaviour,,
,2019-05,Lancashire Constabulary,Lancashire Constabulary,-2.653470,53.639871,On or near Raven Close,E01024943,Chorley 012B,Anti-social behaviour,,
,2019-05,Lancashire Constabulary,Lancashire Constabulary,-2.645194,53.641696,On or near Long Meadow,E01024943,Chorley 012B,Anti-social behaviour,,
,2019-05,Lancashire Constabulary,Lancashire Constabulary,-2.654744,53.642075,On or near Gold Finch Court,E01024943,Chorley 012B,Anti-social behaviour,,
,2019-05,Lancashire Constabulary,Lancashire Constabulary,-2.648208,53.641967,On or near Kingsley Drive,E01024943,Chorley 012B,Anti-social behaviour,,
,2019-05,Lancashire Constabulary,Lancashire Constabulary,-2.649212,53.638402,On or near B5252,E01024943,Chorley 012B,Anti-social behaviour,,
,2019-05,Lancashire Constabulary,Lancashire Constabulary,-2.645194,53.641696,On or near Long Meadow,E01024943,Chorley 012B,Anti-social behaviour,,
,2019-05,Lancashire Constabulary,Lancashire Constabulary,-2.646073,53.642779,On or near Lakeland Gardens,E01024943,Chorley 012B,Anti-social behaviour,,
,2019-05,Lancashire Constabulary,Lancashire Constabulary,-2.654744,53.642075,On or near Gold Finch Court,E01024943,Chorley 012B,Anti-social behaviour,,
,2019-05,Lancashire Constabulary,Lancashire Constabulary,-2.651077,53.636756,On or near Coppull Road,E01024943,Chorley 012B,Anti-social behaviour,,
,2019-05,Lancashire Constabulary,Lancashire Constabulary,-2.647650,53.641107,On or near Harestone Avenue,E01024943,Chorley 012B,Anti-social behaviour,,
,2019-05,Lancashire Constabulary,Lancashire Constabulary,-2.646073,53.642779,On or near Lakeland Gardens,E01024943,Chorley 012B,Anti-social behaviour,,
,2019-05,Lancashire Constabulary,Lancashire Constabulary,-2.645194,53.641696,On or near Long Meadow,E01024943,Chorley 012B,Anti-social behaviour,,
,2019-05,Lancashire Constabulary,Lancashire Constabulary,-2.653636,53.641785,On or near Nightingale Way,E01024943,Chorley 012B,Anti-social behaviour,,
cb9188fcb2b30ddbd12a08f03704f4fe92df885af460c9d3e9a28e53f957a792,2019-05,Lancashire Constabulary,Lancashire Constabulary,-2.643890,53.643483,On or near Buttermere Avenue,E01024943,Chorley 012B,Burglary,Awaiting court outcome,
e5fe2cf621b15a6eb997206b56d78dcb945e4920a2a5b1bbfae00010a52668fb,2019-05,Lancashire Constabulary,Lancashire Constabulary,-2.647800,53.640019,On or near Lydgate,E01024943,Chorley 012B,Criminal damage and arson,Status update unavailable,
c30cee060d66f1d7c5fd156e4227930291d8b76c4e59cde32d2a98e9468618b0,2019-05,Lancashire Constabulary,Lancashire Constabulary,-2.651077,53.636756,On or near Coppull Road,E01024943,Chorley 012B,Other theft,Status update unavailable,
3bd0102928b7ffeaa446248ba6163d5c6140824dfe2d14fc5bb8bc1885b930e9,2019-05,Lancashire Constabulary,Lancashire Constabulary,-2.651077,53.636756,On or near Coppull Road,E01024943,Chorley 012B,Shoplifting,Status update unavailable,
5155c7cbef2dd6bf31d5048f8fc33ec3f67d896f058e1a502b1b9c16553c59ea,2019-05,Lancashire Constabulary,Lancashire Constabulary,-2.646450,53.640763,On or near Liptrott Road,E01024943,Chorley 012B,Violence and sexual offences,Unable to prosecute suspect,
f2806dbe300d9b996989292031bce4ad5c00a7b76df572d4837af1b69eee3d94,2019-05,Lancashire Constabulary,Lancashire Constabulary,-2.646073,53.642779,On or near Lakeland Gardens,E01024943,Chorley 012B,Violence and sexual offences,Status update unavailable,
ee28d2a7e61a7c9ff0810b680d2e121270a3110948d2e341be8620333e35c728,2019-05,Lancashire Constabulary,Lancashire Constabulary,-2.646450,53.640763,On or near Liptrott Road,E01024943,Chorley 012B,Violence and sexual offences,Unable to prosecute suspect,
55d02727d89a86e8461f11f485c3d0370280f13f6ff628dbd03cf5525fd01343,2019-05,Lancashire Constabulary,Lancashire Constabulary,-2.646073,53.642779,On or near Lakeland Gardens,E01024943,Chorley 012B,Violence and sexual offences,Formal action is not in the public interest,
0145e820bb723629ef8fae78043dea48283c23a2f9c723020415538dcd983955,2019-05,Lancashire Constabulary,Lancashire Constabulary,-2.646073,53.642779,On or near Lakeland Gardens,E01024943,Chorley 012B,Violence and sexual offences,Unable to prosecute suspect,
81dce97a4b8173fc3696cee45d4af9d77d6257c492f16bdbf66a932145ede118,2019-05,Lancashire Constabulary,Lancashire Constabulary,-2.645194,53.641696,On or near Long Meadow,E01024943,Chorley 012B,Violence and sexual offences,Status update unavailable,
cf7b0d66968058b4dc33bde987c6a1b7233d9cf873b83ed2c371d6601911c5c2,2019-05,Lancashire Constabulary,Lancashire Constabulary,-2.650601,53.643132,On or near Wallets Wood Court,E01024943,Chorley 012B,Violence and sexual offences,Unable to prosecute suspect,
8d6478477921b8e7569dd2ac1b676cbe5775a81edaf7c266287d345d31389cee,2019-05,Lancashire Constabulary,Lancashire Constabulary,-2.646450,53.640763,On or near Liptrott Road,E01024943,Chorley 012B,Violence and sexual offences,Unable to prosecute suspect,
beb279208d00d9f89254b1d20c6d96202a58d4424f71bfe8a84f50563f4e5b8e,2019-05,Lancashire Constabulary,Lancashire Constabulary,-2.645194,53.641696,On or near Long Meadow,E01024943,Chorley 012B,Violence and sexual offences,Unable to prosecute suspect,
75dcf48f2b4532f99567baa98a7ac72878338bee664a86720b5ce79fe3badb87,2019-05,Lancashire Constabulary,Lancashire Constabulary,-2.648648,53.640068,On or near Arnold Place,E01024943,Chorley 012B,Other crime,Unable to prosecute suspect,
,2019-05,Lancashire Constabulary,Lancashire Constabulary,-2.637533,53.637198,On or near The Oaks,E01024944,Chorley 012C,Anti-social behaviour,,
,2019-05,Lancashire Constabulary,Lancashire Constabulary,-2.638428,53.635413,On or near The Cedars,E01024944,Chorley 012C,Anti-social behaviour,,
,2019-05,Lancashire Constabulary,Lancashire Constabulary,-2.639425,53.632298,On or near Rufford Close,E01024944,Chorley 012C,Anti-social behaviour,,
,2019-05,Lancashire Constabulary,Lancashire Constabulary,-2.636604,53.632736,On or near Lower Burgh Way,E01024944,Chorley 012C,Anti-social behaviour,,
4d31a7e0234578e9104733c350551caf7a5038db2357efbe89eaf09ccf0a5275,2019-05,Lancashire Constabulary,Lancashire Constabulary,-2.637976,53.639478,On or near Eaves Green Road,E01024944,Chorley 012C,Violence and sexual offences,Status update unavailable,
,2019-05,Lancashire Constabulary,Lancashire Constabulary,-2.641400,53.643864,On or near Ullswater Road,E01024945,Chorley 012D,Anti-social behaviour,,
,2019-05,Lancashire Constabulary,Lancashire Constabulary,-2.637085,53.647600,On or near Gillibrand Walks,E01024945,Chorley 012D,Anti-social behaviour,,
,2019-05,Lancashire Constabulary,Lancashire Constabulary,-2.637051,53.645344,On or near Longworth Street,E01024945,Chorley 012D,Anti-social behaviour,,
,2019-05,Lancashire Constabulary,Lancashire Constabulary,-2.637439,53.646025,On or near Aspen Gardens,E01024945,Chorley 012D,Anti-social behaviour,,
,2019-05,Lancashire Constabulary,Lancashire Constabulary,-2.637439,53.646025,On or near Aspen Gardens,E01024945,Chorley 012D,Anti-social behaviour,,
,2019-05,Lancashire Constabulary,Lancashire Constabulary,-2.647414,53.644434,On or near Dam Wood Close,E01024945,Chorley 012D,Anti-social behaviour,,
,2019-05,Lancashire Constabulary,Lancashire Constabulary,-2.643574,53.644608,On or near Thirlmere Road,E01024945,Chorley 012D,Anti-social behaviour,,
,2019-05,Lancashire Constabulary,Lancashire Constabulary,-2.636713,53.647044,On or near Lichfield Road,E01024945,Chorley 012D,Anti-social behaviour,,
,2019-05,Lancashire Constabulary,Lancashire Constabulary,-2.634700,53.646956,On or near Devonshire Road,E01024945,Chorley 012D,Anti-social behaviour,,
,2019-05,Lancashire Constabulary,Lancashire Constabulary,-2.647414,53.644434,On or near Dam Wood Close,E01024945,Chorley 012D,Anti-social behaviour,,
,2019-05,Lancashire Constabulary,Lancashire Constabulary,-2.643574,53.644608,On or near Thirlmere Road,E01024945,Chorley 012D,Anti-social behaviour,,
,2019-05,Lancashire Constabulary,Lancashire Constabulary,-2.637051,53.645344,On or near Longworth Street,E01024945,Chorley 012D,Anti-social behaviour,,
,2019-05,Lancashire Constabulary,Lancashire Constabulary,-2.646788,53.645058,On or near Folly Wood Drive,E01024945,Chorley 012D,Anti-social behaviour,,
,2019-05,Lancashire Constabulary,Lancashire Constabulary,-2.651737,53.647134,On or near Parkers Wood Close,E01024945,Chorley 012D,Anti-social behaviour,,
,2019-05,Lancashire Constabulary,Lancashire Constabulary,-2.634700,53.646956,On or near Devonshire Road,E01024945,Chorley 012D,Anti-social behaviour,,
5968f60fc5173a21efa8a95e508848b79c70269c358a7d40d124df2d25a6905a,2019-05,Lancashire Constabulary,Lancashire Constabulary,-2.635180,53.646675,On or near Cottam Street,E01024945,Chorley 012D,Drugs,Status update unavailable,
4accba2670bced1d3f2a8ee7737bdb753fe4aab4477063947c92fd161cfcd9b2,2019-05,Lancashire Constabulary,Lancashire Constabulary,-2.635180,53.646675,On or near Cottam Street,E01024945,Chorley 012D,Drugs,Status update unavailable,
b3b46545332dc74c1ac373eb2c803b230636573f7193a5cc5a51dffd4f353007,2019-05,Lancashire Constabulary,Lancashire Constabulary,-2.636452,53.645778,On or near Hindley Street,E01024945,Chorley 012D,Other theft,Status update unavailable,
68b33399791662e975726fa429fcc820f239c79443e0b22c4e20ba10536bfd8f,2019-05,Lancashire Constabulary,Lancashire Constabulary,-2.635180,53.646675,On or near Cottam Street,E01024945,Chorley 012D,Possession of weapons,Status update unavailable,
f426beb81b9f1cbb36f1ba178c0f77196d96d5077fcb21b44a8303d0c638192d,2019-05,Lancashire Constabulary,Lancashire Constabulary,-2.637941,53.644207,On or near Black Horse Street,E01024945,Chorley 012D,Theft from the person,Status update unavailable,
cfb7bf875f9cc9b353d2794f19e35c29453781e51ddb6f73a87cd0091050607b,2019-05,Lancashire Constabulary,Lancashire Constabulary,-2.650426,53.643582,On or near Ashwood Court,E01024945,Chorley 012D,Violence and sexual offences,Unable to prosecute suspect,
844f07826b984ff6008c7ea6a122324f21c825dd6817add85c687523a22cb1e7,2019-05,Lancashire Constabulary,Lancashire Constabulary,-2.638726,53.645101,On or near Walletts Road,E01024945,Chorley 012D,Violence and sexual offences,Further investigation is not in the public interest,
ae04a8f0581b2c58bedd1a7075ee51a9824f45bf666eaa2b39461227fecca11c,2019-05,Lancashire Constabulary,Lancashire Constabulary,-2.648756,53.647088,On or near Nab Wood Drive,E01024945,Chorley 012D,Violence and sexual offences,Unable to prosecute suspect,
69aa4be74cd7a79be3d7f9433085b917026dc1d9670ccfa0410100b286e61646,2019-05,Lancashire Constabulary,Lancashire Constabulary,-2.641400,53.643864,On or near Ullswater Road,E01024945,Chorley 012D,Violence and sexual offences,Status update unavailable,
2dceb41487839334c6a7e0e0c3d7294594d0c526a03deb73d321a3c3d2039e60,2019-05,Lancashire Constabulary,Lancashire Constabulary,-2.650426,53.643582,On or near Ashwood Court,E01024945,Chorley 012D,Violence and sexual offences,Further investigation is not in the public interest,
e7570778a5d2863ceb0efca376ee032318e7a9c558737d9e5a713d3c17438880,2019-05,Lancashire Constabulary,Lancashire Constabulary,-2.634700,53.646956,On or near Devonshire Road,E01024945,Chorley 012D,Violence and sexual offences,Status update unavailable,
b3d9545840be47a2b1bb99e645d86729eab22046e491a19789bf74d7cc94ac08,2019-05,Lancashire Constabulary,Lancashire Constabulary,-2.637051,53.645344,On or near Longworth Street,E01024945,Chorley 012D,Violence and sexual offences,Status update unavailable,
8bf9d081ff4d6871ea169bd78cc43e4da40db690f073764d1e21c228377ebda5,2019-05,Lancashire Constabulary,Lancashire Constabulary,-2.652923,53.644638,On or near Denham Wood Close,E01024945,Chorley 012D,Violence and sexual offences,Unable to prosecute suspect,
,2019-05,Lancashire Constabulary,Lancashire Constabulary,-2.670288,53.620732,On or near Westend Avenue,E01024922,Chorley 013A,Anti-social behaviour,,
,2019-05,Lancashire Constabulary,Lancashire Constabulary,-2.672613,53.618633,On or near Ashdale Close,E01024922,Chorley 013A,Anti-social behaviour,,
3a05faa18b1298829a882070aa3e38823cf1e25178a9e9e4a2aede1bfd90f231,2019-05,Lancashire Constabulary,Lancashire Constabulary,-2.673963,53.614186,On or near Preston Road,E01024922,Chorley 013A,Violence and sexual offences,Status update unavailable,
34b588390d570df929b0357751fd06c578108470c66449de16e216c4a429ab09,2019-05,Lancashire Constabulary,Lancashire Constabulary,-2.673963,53.614186,On or near Preston Road,E01024922,Chorley 013A,Violence and sexual offences,Unable to prosecute suspect,
,2019-05,Lancashire Constabulary,Lancashire Constabulary,-2.658832,53.619996,On or near Byron Crescent,E01024959,Chorley 013B,Anti-social behaviour,,
,2019-05,Lancashire Constabulary,Lancashire Constabulary,-2.658832,53.619996,On or near Byron Crescent,E01024959,Chorley 013B,Anti-social behaviour,,
,2019-05,Lancashire Constabulary,Lancashire Constabulary,-2.658832,53.619996,On or near Byron Crescent,E01024959,Chorley 013B,Anti-social behaviour,,
,2019-05,Lancashire Constabulary,Lancashire Constabulary,-2.658832,53.619996,On or near Byron Crescent,E01024959,Chorley 013B,Anti-social behaviour,,
,2019-05,Lancashire Constabulary,Lancashire Constabulary,-2.658832,53.619996,On or near Byron Crescent,E01024959,Chorley 013B,Anti-social behaviour,,
,2019-05,Lancashire Constabulary,Lancashire Constabulary,-2.658832,53.619996,On or near Byron Crescent,E01024959,Chorley 013B,Anti-social behaviour,,
,2019-05,Lancashire Constabulary,Lancashire Constabulary,-2.663935,53.623392,On or near Arcon Road,E01024959,Chorley 013B,Anti-social behaviour,,
,2019-05,Lancashire Constabulary,Lancashire Constabulary,-2.658832,53.619996,On or near Byron Crescent,E01024959,Chorley 013B,Anti-social behaviour,,
,2019-05,Lancashire Constabulary,Lancashire Constabulary,-2.662645,53.623084,On or near Chapel Street,E01024959,Chorley 013B,Anti-social behaviour,,
,2019-05,Lancashire Constabulary,Lancashire Constabulary,-2.658832,53.619996,On or near Byron Crescent,E01024959,Chorley 013B,Anti-social behaviour,,
,2019-05,Lancashire Constabulary,Lancashire Constabulary,-2.658832,53.619996,On or near Byron Crescent,E01024959,Chorley 013B,Anti-social behaviour,,
,2019-05,Lancashire Constabulary,Lancashire Constabulary,-2.660152,53.619359,On or near Dickens Road,E01024959,Chorley 013B,Anti-social behaviour,,
,2019-05,Lancashire Constabulary,Lancashire Constabulary,-2.658832,53.619996,On or near Byron Crescent,E01024959,Chorley 013B,Anti-social behaviour,,
,2019-05,Lancashire Constabulary,Lancashire Constabulary,-2.661955,53.622486,On or near Kimberley Street,E01024959,Chorley 013B,Anti-social behaviour,,
,2019-05,Lancashire Constabulary,Lancashire Constabulary,-2.660152,53.619359,On or near Dickens Road,E01024959,Chorley 013B,Anti-social behaviour,,
,2019-05,Lancashire Constabulary,Lancashire Constabulary,-2.658832,53.619996,On or near Byron Crescent,E01024959,Chorley 013B,Anti-social behaviour,,
e789bda8bf34e67b0d730f65ce4f9206d1f2062508b070949a0c0e410c9673dd,2019-05,Lancashire Constabulary,Lancashire Constabulary,-2.662645,53.623084,On or near Chapel Street,E01024959,Chorley 013B,Criminal damage and arson,Status update unavailable,
2bd64d109e6bff7fd6cb8e859f82d38f98c7bd2c7181d09b7d1a3bd05e0a4afc,2019-05,Lancashire Constabulary,Lancashire Constabulary,-2.663166,53.621598,On or near Spendmore Lane,E01024959,Chorley 013B,Criminal damage and arson,Further investigation is not in the public interest,
ed6dc9cf0ba5295655ca7d3adc9a719393db974937e7f4ca66cb4d85b2f255e2,2019-05,Lancashire Constabulary,Lancashire Constabulary,-2.663166,53.621598,On or near Spendmore Lane,E01024959,Chorley 013B,Criminal damage and arson,Local resolution,
dfd8f45ac4a9a912947e5ad9e299ececdeb0a5754abd2cee0c92778cac768fb2,2019-05,Lancashire Constabulary,Lancashire Constabulary,-2.663166,53.621598,On or near Spendmore Lane,E01024959,Chorley 013B,Shoplifting,Status update unavailable,
9f65bff038ddf260c2f8388afe8880646bd74f2a305e93995cd65e57eb024110,2019-05,Lancashire Constabulary,Lancashire Constabulary,-2.654521,53.616936,On or near Church Fold,E01024959,Chorley 013B,Vehicle crime,Status update unavailable,
d23e446fa2013855f714bd4f8e2737a4e801286ccc9d2a149f6da53c482f6e4d,2019-05,Lancashire Constabulary,Lancashire Constabulary,-2.663166,53.621598,On or near Spendmore Lane,E01024959,Chorley 013B,Violence and sexual offences,Unable to prosecute suspect,
644d86c5357941dac8cf106b463c9b46ebc492a9b794672a6428752939b2c657,2019-05,Lancashire Constabulary,Lancashire Constabulary,-2.661091,53.623309,On or near Regent Street,E01024959,Chorley 013B,Violence and sexual offences,Status update unavailable,
722760045f266d630bdb837003c25a171b3f3cdf049f9ddaa26f7b0546b708ba,2019-05,Lancashire Constabulary,Lancashire Constabulary,-2.658832,53.619996,On or near Byron Crescent,E01024959,Chorley 013B,Violence and sexual offences,Status update unavailable,
5492d748043b50fa778adb0b4e5726b7b2df9e758560b4229705eb9bf12efcb7,2019-05,Lancashire Constabulary,Lancashire Constabulary,-2.661162,53.620108,On or near Milton Road,E01024959,Chorley 013B,Violence and sexual offences,Action to be taken by another organisation,
7b2be8ca2d0fa9a19312dc82012d88500c2367da8c5d2efc8d88eebc4cb35ee3,2019-05,Lancashire Constabulary,Lancashire Constabulary,-2.661955,53.622486,On or near Kimberley Street,E01024959,Chorley 013B,Violence and sexual offences,Awaiting court outcome,
41c310e61c50386b135d89d025b87f162bbc8f5ffd4b3d47c1eecadc4992717c,2019-05,Lancashire Constabulary,Lancashire Constabulary,-2.663166,53.621598,On or near Spendmore Lane,E01024959,Chorley 013B,Violence and sexual offences,Further investigation is not in the public interest,
,2019-05,Lancashire Constabulary,Lancashire Constabulary,-2.661668,53.626353,On or near Park/Open Space,E01024960,Chorley 013C,Anti-social behaviour,,
,2019-05,Lancashire Constabulary,Lancashire Constabulary,-2.656484,53.624592,On or near Lancaster Street,E01024960,Chorley 013C,Anti-social behaviour,,
619556e35724ed909d20f5938a71dd6ece7307d7b94979536adeae5a8ce7557f,2019-05,Lancashire Constabulary,Lancashire Constabulary,-2.661120,53.625133,On or near Mill Lane,E01024960,Chorley 013C,Criminal damage and arson,Unable to prosecute suspect,
ba6433c75bc02eeb92a62d28b7444d7773df23ae1d262487fc952a93610bfa3c,2019-05,Lancashire Constabulary,Lancashire Constabulary,-2.661668,53.626353,On or near Park/Open Space,E01024960,Chorley 013C,Criminal damage and arson,Unable to prosecute suspect,
424a89958b6f357715940e128d5e4a8f7005dd7527c188e9eed6c28dc08b2d29,2019-05,Lancashire Constabulary,Lancashire Constabulary,-2.661668,53.626353,On or near Park/Open Space,E01024960,Chorley 013C,Criminal damage and arson,Local resolution,
a6359bfe68a4c723ec24720b38c38d5157615d7702f3b0f0b7c98b659eb89584,2019-05,Lancashire Constabulary,Lancashire Constabulary,-2.661668,53.626353,On or near Park/Open Space,E01024960,Chorley 013C,Violence and sexual offences,Formal action is not in the public interest,
df2bd2d35831ebb48c77852aaea18370c71416c27958a498084cc0fb0f89553d,2019-05,Lancashire Constabulary,Lancashire Constabulary,-2.656251,53.627111,On or near B5251,E01024960,Chorley 013C,Violence and sexual offences,Status update unavailable,
1a704d5166758b5236ceb00b1526241caeacdf5a9ab28ed3eb3dba85575828ae,2019-05,Lancashire Constabulary,Lancashire Constabulary,-2.661668,53.626353,On or near Park/Open Space,E01024960,Chorley 013C,Violence and sexual offences,Unable to prosecute suspect,
b3f2b3cb2e076fae7dd021d142683438715daddb0d8c0d37542995281b5ddd69,2019-05,Lancashire Constabulary,Lancashire Constabulary,-2.656484,53.624592,On or near Lancaster Street,E01024960,Chorley 013C,Violence and sexual offences,Status update unavailable,
465c96410f6cc6943cead23ec76b8e114c39e903f828a92215a27cd804f1f323,2019-05,Lancashire Constabulary,Lancashire Constabulary,-2.654355,53.627696,On or near Longworth Avenue,E01024960,Chorley 013C,Violence and sexual offences,Unable to prosecute suspect,
cc2ddcaa578f9040bf116cb4639e833b3a3246bec3469c4f69625e4728bf1e9f,2019-05,Lancashire Constabulary,Lancashire Constabulary,-2.661668,53.626353,On or near Park/Open Space,E01024960,Chorley 013C,Violence and sexual offences,Status update unavailable,
2c7288c877c15557b7e5cd505ec14a1d289a21c841adfb1f15b8902ead4279ac,2019-05,Lancashire Constabulary,Lancashire Constabulary,-2.656251,53.627111,On or near B5251,E01024960,Chorley 013C,Violence and sexual offences,Status update unavailable,
,2019-05,Lancashire Constabulary,Lancashire Constabulary,-2.664071,53.619580,On or near Mountain Road,E01024961,Chorley 013D,Anti-social behaviour,,
,2019-05,Lancashire Constabulary,Lancashire Constabulary,-2.664071,53.619580,On or near Mountain Road,E01024961,Chorley 013D,Anti-social behaviour,,
,2019-05,Lancashire Constabulary,Lancashire Constabulary,-2.664479,53.621438,On or near Spendmore Lane,E01024961,Chorley 013D,Anti-social behaviour,,
,2019-05,Lancashire Constabulary,Lancashire Constabulary,-2.664232,53.618249,On or near Blainscough Road,E01024961,Chorley 013D,Anti-social behaviour,,
,2019-05,Lancashire Constabulary,Lancashire Constabulary,-2.665154,53.624949,On or near Northenden Road,E01024961,Chorley 013D,Anti-social behaviour,,
136dcbfa4fe4cc3a335d0f5e523c54a278700dabde0fd7e0f2074cbc12999a3f,2019-05,Lancashire Constabulary,Lancashire Constabulary,-2.665783,53.621692,On or near John Street,E01024961,Chorley 013D,Burglary,Status update unavailable,
cc1e73b374fe02b0b6607c9a87cb7900b612b980449a0df19ab70e0e8725e72f,2019-05,Lancashire Constabulary,Lancashire Constabulary,-2.665783,53.621692,On or near John Street,E01024961,Chorley 013D,Violence and sexual offences,Unable to prosecute suspect,
b259c5837ac15c456b3807600b213bff1c699461589a3a12c475f363d28df89e,2019-05,Lancashire Constabulary,Lancashire Constabulary,-2.665783,53.621692,On or near John Street,E01024961,Chorley 013D,Violence and sexual offences,Unable to prosecute suspect,
,2019-05,Lancashire Constabulary,Lancashire Constabulary,-2.601800,53.620584,On or near Nightingale Street,E01024915,Chorley 014A,Anti-social behaviour,,
,2019-05,Lancashire Constabulary,Lancashire Constabulary,-2.598385,53.613239,On or near Abbey Grove,E01024915,Chorley 014A,Anti-social behaviour,,
,2019-05,Lancashire Constabulary,Lancashire Constabulary,-2.603551,53.619379,On or near The Avenue,E01024915,Chorley 014A,Anti-social behaviour,,
,2019-05,Lancashire Constabulary,Lancashire Constabulary,-2.602223,53.618433,On or near Broad Oak Close,E01024915,Chorley 014A,Anti-social behaviour,,
ada43701e62c5f5249d4ea1d01a98aef24cb3aa8d512cb3c7e940dd706c214d3,2019-05,Lancashire Constabulary,Lancashire Constabulary,-2.603432,53.620557,On or near Farm Avenue,E01024915,Chorley 014A,Other theft,Status update unavailable,
969dccfe4ca4517ef95e0b368d6f56cc9fff40821804444789f269dd65a0c52a,2019-05,Lancashire Constabulary,Lancashire Constabulary,-2.600665,53.619466,On or near Chorley Road,E01024915,Chorley 014A,Other theft,Further investigation is not in the public interest,
08d2c916e3890399acf7bfb6185efa9af768d19e20f1714cfdc6cf5192263dbb,2019-05,Lancashire Constabulary,Lancashire Constabulary,-2.604925,53.619211,On or near Derby Place,E01024915,Chorley 014A,Public order,Unable to prosecute suspect,
0ae45aaa7e7555c5134b4837ca9472e17f6288e25e14b1b5d1bed4fad0070b02,2019-05,Lancashire Constabulary,Lancashire Constabulary,-2.597657,53.617342,On or near Chorley Road,E01024915,Chorley 014A,Shoplifting,Unable to prosecute suspect,
db14b76b4d7ad90634ba4760c21914ed6a2971a1ecd86cb7cdbf89387efe127b,2019-05,Lancashire Constabulary,Lancashire Constabulary,-2.597657,53.617342,On or near Chorley Road,E01024915,Chorley 014A,Theft from the person,Status update unavailable,
5f333ed3be52a096bcce2fdc92ec68cab2847bd1583e6832c618cace93f8d65d,2019-05,Lancashire Constabulary,Lancashire Constabulary,-2.597395,53.617019,On or near Chorley Street,E01024915,Chorley 014A,Vehicle crime,Status update unavailable,
e8bb2c59df6cb794f0ebd52104745a23cb377b3adb4b2a81b60d07270caa589c,2019-05,Lancashire Constabulary,Lancashire Constabulary,-2.598364,53.618201,On or near Harding Street,E01024915,Chorley 014A,Vehicle crime,Status update unavailable,
e26f38452aaac456a2cd22155e941ee8033840815e983117a7758b4460cfa05d,2019-05,Lancashire Constabulary,Lancashire Constabulary,-2.597395,53.617019,On or near Chorley Street,E01024915,Chorley 014A,Violence and sexual offences,Awaiting court outcome,
ddd3c31d032623f8665e60c12742135da2bab4ab648918826a82a21e5d0c8b49,2019-05,Lancashire Constabulary,Lancashire Constabulary,-2.597657,53.617342,On or near Chorley Road,E01024915,Chorley 014A,Violence and sexual offences,Status update unavailable,
29759f2b27c17a02ea60045caafc838e29ff6b7b6b0e56634200e849091dd7e7,2019-05,Lancashire Constabulary,Lancashire Constabulary,-2.596189,53.617223,On or near Ashfield Road,E01024915,Chorley 014A,Violence and sexual offences,Awaiting court outcome,
34c5df69baccdfd9b2a091ef9e89e68961a764967aa0eec4bb04b8cd5b7831a0,2019-05,Lancashire Constabulary,Lancashire Constabulary,-2.594702,53.615738,On or near Bolton Road,E01024915,Chorley 014A,Violence and sexual offences,Unable to prosecute suspect,
1eb266115d766063b68459b47a167a827fdfa4ef664af67410f2de5ae818614d,2019-05,Lancashire Constabulary,Lancashire Constabulary,-2.592548,53.615237,On or near Rothwell Road,E01024915,Chorley 014A,Violence and sexual offences,Status update unavailable,
fa92bf8d36c1c4b3f34fbbbe2681e0e1c87ec0e86e9113e44d145224402480c4,2019-05,Lancashire Constabulary,Lancashire Constabulary,-2.592548,53.615237,On or near Rothwell Road,E01024915,Chorley 014A,Violence and sexual offences,Unable to prosecute suspect,
c3e888592c456879de4ba077d209d33c469d4ed58af1e291f3d9e4236c19564f,2019-05,Lancashire Constabulary,Lancashire Constabulary,-2.597395,53.617019,On or near Chorley Street,E01024915,Chorley 014A,Violence and sexual offences,Status update unavailable,
c12b6bd1a7c425bd581301dfe0b7443ba00b24b0b50fd369cca643e0f2c46360,2019-05,Lancashire Constabulary,Lancashire Constabulary,-2.592548,53.615237,On or near Rothwell Road,E01024915,Chorley 014A,Violence and sexual offences,Status update unavailable,
,2019-05,Lancashire Constabulary,Lancashire Constabulary,-2.616038,53.610013,On or near Castle House Lane,E01024916,Chorley 014B,Anti-social behaviour,,
ef7ffd030123c4437ba1e7f7371e19c4a6309b1df3437e6534e7f68894e46a5b,2019-05,Lancashire Constabulary,Lancashire Constabulary,-2.617478,53.608199,On or near Castle Drive,E01024916,Chorley 014B,Public order,Unable to prosecute suspect,
4119437cdce58287fa933df521451192a92f7cf8795117402b0a77a6bf96321f,2019-05,Lancashire Constabulary,Lancashire Constabulary,-2.606344,53.619114,On or near Meadow View,E01024916,Chorley 014B,Violence and sexual offences,Unable to prosecute suspect,
5c8617241ab8d80ac845c74ec5d7379e7811faaf1718fb05f6b77cd72b1ff231,2019-05,Lancashire Constabulary,Lancashire Constabulary,-2.606562,53.618483,On or near Hawthorne Court,E01024916,Chorley 014B,Violence and sexual offences,Unable to prosecute suspect,
,2019-05,Lancashire Constabulary,Lancashire Constabulary,-2.606289,53.607842,On or near Hatton Street,E01024917,Chorley 014C,Anti-social behaviour,,
,2019-05,Lancashire Constabulary,Lancashire Constabulary,-2.605545,53.610767,On or near Canal Street,E01024917,Chorley 014C,Anti-social behaviour,,
b6c06aa7d2f9f0f33e55b81602997c2358d264239ad1ccb94189dee2c95cd29e,2019-05,Lancashire Constabulary,Lancashire Constabulary,-2.605319,53.613995,On or near Gabbot Street,E01024917,Chorley 014C,Burglary,Status update unavailable,
045af29196afe28a702710fe7738b537da4ab94568602cbc395ade006eed083b,2019-05,Lancashire Constabulary,Lancashire Constabulary,-2.605929,53.611251,On or near Cemetery View,E01024917,Chorley 014C,Criminal damage and arson,Status update unavailable,
9fab434c2f7f1bee396163a5ab3276357c6176d6fdad5636e33e1878f06dc95a,2019-05,Lancashire Constabulary,Lancashire Constabulary,-2.605545,53.610767,On or near Canal Street,E01024917,Chorley 014C,Other theft,Status update unavailable,
c2a7cd232b255038f7c7bda77792280609d42cd8de7a8329caca97b5a3e9e8db,2019-05,Lancashire Constabulary,Lancashire Constabulary,-2.605545,53.610767,On or near Canal Street,E01024917,Chorley 014C,Other theft,Status update unavailable,
c05dd3aba0a77a57f970a34ec7018ea4ceeebc44aa082cf4ca95a30b90b46428,2019-05,Lancashire Constabulary,Lancashire Constabulary,-2.601070,53.610745,On or near Sports/Recreation Area,E01024917,Chorley 014C,Other theft,Status update unavailable,
8d685aaf549179a8eae42e7365444a0835bea2968fac193c35b9ba2dfe5abf9e,2019-05,Lancashire Constabulary,Lancashire Constabulary,-2.605545,53.610767,On or near Canal Street,E01024917,Chorley 014C,Other theft,Status update unavailable,
fa325e6df4af14bc990a4d1d04158926a1e4b78e8dcf0c3479bc86378ab72275,2019-05,Lancashire Constabulary,Lancashire Constabulary,-2.613058,53.611880,On or near Sandy Lane,E01024917,Chorley 014C,Vehicle crime,Status update unavailable,
0f2426dc6044571ae495ebad020034b4cb02d105ae3f82494711c44858f6cf01,2019-05,Lancashire Constabulary,Lancashire Constabulary,-2.604960,53.612164,On or near Supermarket,E01024917,Chorley 014C,Vehicle crime,Status update unavailable,
183b616e5f876d5988b541e188cf79a3224b5dd7532dd6e5719013f7b0faee92,2019-05,Lancashire Constabulary,Lancashire Constabulary,-2.613058,53.611880,On or near Sandy Lane,E01024917,Chorley 014C,Violence and sexual offences,Further investigation is not in the public interest,
aa41d21f81d465cb0e8132edf871cf8a16caf545f6a45b41336c4a98a636d8b1,2019-05,Lancashire Constabulary,Lancashire Constabulary,-2.613058,53.611880,On or near Sandy Lane,E01024917,Chorley 014C,Violence and sexual offences,Status update unavailable,
3ed2a25ef6b38b1a990980ad3bcc9afe7d58d59f6e786011194e8c8f3d8cd1f1,2019-05,Lancashire Constabulary,Lancashire Constabulary,-2.610035,53.611940,On or near Park Road,E01024917,Chorley 014C,Violence and sexual offences,Unable to prosecute suspect,
a5987248c4fda34c18d78395092d7fdb0612bcda2e6035c28025efd482e2f168,2019-05,Lancashire Constabulary,Lancashire Constabulary,-2.606073,53.611762,On or near Station Road,E01024917,Chorley 014C,Violence and sexual offences,Status update unavailable,
8f70d3a1e91bd5fc0999cf7fec4a57ae26207722739b97d95be9080b5deed791,2019-05,Lancashire Constabulary,Lancashire Constabulary,-2.592721,53.620000,On or near Greenhalgh Lane,E01024918,Chorley 014D,Burglary,Status update unavailable,
9b3ba1a576cc7846d796373858e03c564316a7aa752b6c2014a5920c1ef026fb,2019-05,Lancashire Constabulary,Lancashire Constabulary,-2.591429,53.615188,On or near Epsom Croft,E01024918,Chorley 014D,Burglary,Status update unavailable,
164fe26043c549591214a5293d9460e410359092b7516885222701962973b266,2019-05,Lancashire Constabulary,Lancashire Constabulary,-2.595899,53.617063,On or near Supermarket,E01024918,Chorley 014D,Burglary,Status update unavailable,
3afb196009ec082b40f1d9b74fed258b25deda268cb702686611b41665b3a82f,2019-05,Lancashire Constabulary,Lancashire Constabulary,-2.573549,53.597541,On or near Anderton Lane,E01024918,Chorley 014D,Other theft,Status update unavailable,
d76e6643bc0edb941f9d27fbaa2a5d83b9bcf963208f1e282b872fb4f8a34298,2019-05,Lancashire Constabulary,Lancashire Constabulary,-2.595899,53.617063,On or near Supermarket,E01024918,Chorley 014D,Other theft,Investigation complete; no suspect identified,
358c10d0176667624cffca14b56565f8407d97e1434de0a9322cd460d7b3083c,2019-05,Lancashire Constabulary,Lancashire Constabulary,-2.573549,53.597541,On or near Anderton Lane,E01024918,Chorley 014D,Other theft,Status update unavailable,
f515e85e8aefada16f2cd05180c0fc32d7ffb74e86ed4b6382bb7f12636605ee,2019-05,Lancashire Constabulary,Lancashire Constabulary,-2.576784,53.611008,On or near Bolton Road,E01024918,Chorley 014D,Other theft,Status update unavailable,
17d39eab9f7fec00baebd5ba5f7651b1e36d774187bb857c38b8c92ca8adb264,2019-05,Lancashire Constabulary,Lancashire Constabulary,-2.572392,53.599192,On or near Petrol Station,E01024918,Chorley 014D,Other theft,Status update unavailable,
eb5f0436d82d6ff22c80c40f3c589226a2c4ee8358b773d026bd30a00692bc15,2019-05,Lancashire Constabulary,Lancashire Constabulary,-2.573549,53.597541,On or near Anderton Lane,E01024918,Chorley 014D,Other theft,Status update unavailable,
4be14bbdb6b05a43962f9ed4c083d7c267ea887e0a7fa1b82cd9d54088c808b5,2019-05,Lancashire Constabulary,Lancashire Constabulary,-2.595899,53.617063,On or near Supermarket,E01024918,Chorley 014D,Shoplifting,Status update unavailable,
bceb90c6f8721931847246e73b6f2447e35481070af0137059516b645336c438,2019-05,Lancashire Constabulary,Lancashire Constabulary,-2.595899,53.617063,On or near Supermarket,E01024918,Chorley 014D,Shoplifting,Status update unavailable,
4ecf4c623417ec59225fedba1eb835296462a09f84a1d7b4a972f9a38def30eb,2019-05,Lancashire Constabulary,Lancashire Constabulary,-2.596183,53.621097,On or near Coniston Avenue,E01024918,Chorley 014D,Vehicle crime,Status update unavailable,
60467c637cee45cfcdaa80689e006ed460d56672464c6211fc6ded58d5bfcde7,2019-05,Lancashire Constabulary,Lancashire Constabulary,-2.600658,53.622162,On or near Stoneacre Drive,E01024918,Chorley 014D,Vehicle crime,Status update unavailable,
3819f9b87b81c90b57034ed7a528f77e6f0a86f64893a700dadd9283061a3165,2019-05,Lancashire Constabulary,Lancashire Constabulary,-2.596183,53.621097,On or near Coniston Avenue,E01024918,Chorley 014D,Vehicle crime,Status update unavailable,
bd006bce89e2ec6fd25927c795757b42644e99bc7c487c53549d625b4b020b8f,2019-05,Lancashire Constabulary,Lancashire Constabulary,-2.576784,53.611008,On or near Bolton Road,E01024918,Chorley 014D,Vehicle crime,Status update unavailable,
5f95453f857e6f3772e488de29b857907ddad0384f914df7af85126b69167dca,2019-05,Lancashire Constabulary,Lancashire Constabulary,-2.576784,53.611008,On or near Bolton Road,E01024918,Chorley 014D,Vehicle crime,Status update unavailable,
f3384cbd3407bd9a1fab87a5340f69b488e083af93c12e7486485810e56e2fc1,2019-05,Lancashire Constabulary,Lancashire Constabulary,-2.600658,53.622162,On or near Stoneacre Drive,E01024918,Chorley 014D,Vehicle crime,Status update unavailable,
15306933687703ddb4c5811db8f764804a3f1f7c9ac98ca8dc58fc5e77dad13f,2019-05,Lancashire Constabulary,Lancashire Constabulary,-2.600599,53.621192,On or near Daisy Hill Drive,E01024918,Chorley 014D,Vehicle crime,Status update unavailable,
eaaf03c9078e3981a0667c15d1bcf754d4b010cf97390785d4d0c1c2aa050a3f,2019-05,Lancashire Constabulary,Lancashire Constabulary,-2.602721,53.621595,On or near Brook Street,E01024918,Chorley 014D,Violence and sexual offences,Unable to prosecute suspect,
,2019-05,Lancashire Constabulary,Lancashire Constabulary,-2.587862,53.641308,On or near Back Lane,E01024973,Chorley 014E,Anti-social behaviour,,
,2019-05,Lancashire Constabulary,Lancashire Constabulary,-2.606647,53.643381,On or near Sports/Recreation Area,E01024973,Chorley 014E,Anti-social behaviour,,
,2019-05,Lancashire Constabulary,Lancashire Constabulary,-2.553610,53.610740,On or near Parking Area,E01024973,Chorley 014E,Anti-social behaviour,,
,2019-05,Lancashire Constabulary,Lancashire Constabulary,-2.606647,53.643381,On or near Sports/Recreation Area,E01024973,Chorley 014E,Anti-social behaviour,,
,2019-05,Lancashire Constabulary,Lancashire Constabulary,-2.606647,53.643381,On or near Sports/Recreation Area,E01024973,Chorley 014E,Anti-social behaviour,,
,2019-05,Lancashire Constabulary,Lancashire Constabulary,-2.606647,53.643381,On or near Sports/Recreation Area,E01024973,Chorley 014E,Anti-social behaviour,,
1a6b7c5fb74e860d1b8d69ddaa03c8b9dd91c4902e55efc81341ea01e97f3618,2019-05,Lancashire Constabulary,Lancashire Constabulary,-2.610895,53.621248,On or near Danesway,E01024973,Chorley 014E,Bicycle theft,Status update unavailable,
3aca1d2828b96ab07fc4736b2c27de49cec8b140c3a685b2e478170e0f5d2692,2019-05,Lancashire Constabulary,Lancashire Constabulary,-2.607901,53.624346,On or near The Asshawes,E01024973,Chorley 014E,Criminal damage and arson,Status update unavailable,
d4d4f883d10f0dfaf27e7f8fb435edafc2611d302fb71d260cb2d34f1be2d67e,2019-05,Lancashire Constabulary,Lancashire Constabulary,-2.606647,53.643381,On or near Sports/Recreation Area,E01024973,Chorley 014E,Criminal damage and arson,Status update unavailable,
b898572ef0f3e14f1d17c4e6da3a2eda832acb48f7e3c5bad8d6e5016b07c4ba,2019-05,Lancashire Constabulary,Lancashire Constabulary,-2.609344,53.641560,On or near Flag Lane,E01024973,Chorley 014E,Criminal damage and arson,Status update unavailable,
35298559aeceb14d81560bb3240f48ae8cc03233561c6aa1b1a17c39ef18e2ef,2019-05,Lancashire Constabulary,Lancashire Constabulary,-2.606647,53.643381,On or near Sports/Recreation Area,E01024973,Chorley 014E,Criminal damage and arson,Offender given a caution,
504b93f9be476c0eadd81d3876fc34820cb465ee56a45805d84dfcae881fd8f2,2019-05,Lancashire Constabulary,Lancashire Constabulary,-2.553610,53.610740,On or near Parking Area,E01024973,Chorley 014E,Drugs,Status update unavailable,
96773455e35ce74567cbd2be9164a6af6ca733ec3c6bf5fe32dca35752d7c58a,2019-05,Lancashire Constabulary,Lancashire Constabulary,-2.542445,53.626467,On or near Belmont Road,E01024973,Chorley 014E,Other theft,Status update unavailable,
df25e577fc536f572cab27d7d7714822fe80c43666db99524d27084b8f1c22d4,2019-05,Lancashire Constabulary,Lancashire Constabulary,-2.553610,53.610740,On or near Parking Area,E01024973,Chorley 014E,Other theft,Status update unavailable,
b1d448ec99a16ce147227408292d7cbf538aa41acfcb9f9aa67e09f4c8857af9,2019-05,Lancashire Constabulary,Lancashire Constabulary,-2.593035,53.620843,On or near Factory Lane,E01024973,Chorley 014E,Vehicle crime,Status update unavailable,
b45bc6f1c323814e51c5559b6d097cbde5ec152f51270f36dcb8f52ea383a331,2019-05,Lancashire Constabulary,Lancashire Constabulary,-2.610848,53.622183,On or near The Hamlet,E01024973,Chorley 014E,Violence and sexual offences,Status update unavailable,
37022410c560ee38fdde83d5cf90bda95d06e0aa50f2721a29c3764380b327f8,2019-05,Lancashire Constabulary,Lancashire Constabulary,-2.553610,53.610740,On or near Parking Area,E01024973,Chorley 014E,Violence and sexual offences,Unable to prosecute suspect,
97bc6aded76eac6d45023c9b0651e3354cbe18d7b4522a29365c18011ab35775,2019-05,Lancashire Constabulary,Lancashire Constabulary,-2.610848,53.622183,On or near The Hamlet,E01024973,Chorley 014E,Violence and sexual offences,Status update unavailable,
feb9449c721c1b6adb5cfd0ed094b7f2660a917ccf392c0c33f0022aa99d83c4,2019-05,Lancashire Constabulary,Lancashire Constabulary,-2.606647,53.643381,On or near Sports/Recreation Area,E01024973,Chorley 014E,Violence and sexual offences,Awaiting court outcome,
c75f9bed648cd51df5738203d9e9e586f8f40399eeadeb9521739772470122f7,2019-05,Lancashire Constabulary,Lancashire Constabulary,-2.607733,53.623142,On or near North Vale,E01024973,Chorley 014E,Violence and sexual offences,Unable to prosecute suspect,
1dc2e4ccd0c6462af8f2839ae3f788b4f24dd0c8b97e48cee4187e796b39a394,2019-05,Lancashire Constabulary,Lancashire Constabulary,-5.274179,50.109840,On or near Carey Park,E01018883,Cornwall 071B,Violence and sexual offences,Status update unavailable,
a5fd777391fd22f6281f664398e7c0e4929042aa03e59df86943d83c126d4252,2019-05,Lancashire Constabulary,Lancashire Constabulary,-0.873227,53.706665,On or near Fourth Avenue,E01012997,East Riding of Yorkshire 040B,Violence and sexual offences,Unable to prosecute suspect,
,2019-05,Lancashire Constabulary,Lancashire Constabulary,-2.881228,53.841314,On or near Copp Lane,E01024993,Fylde 001A,Anti-social behaviour,,
,2019-05,Lancashire Constabulary,Lancashire Constabulary,-2.879064,53.838867,On or near Linden Fold,E01024993,Fylde 001A,Anti-social behaviour,,
,2019-05,Lancashire Constabulary,Lancashire Constabulary,-2.881368,53.837125,On or near Preese Gardens,E01024993,Fylde 001A,Anti-social behaviour,,
4469ca6fd5fa0cb054767174346260712832a098be26cfa127c743fb479ded94,2019-05,Lancashire Constabulary,Lancashire Constabulary,-2.881119,53.839014,On or near Stafford Close,E01024993,Fylde 001A,Violence and sexual offences,Unable to prosecute suspect,
2f01993a00812a58f0a04d141cb062180d1e0b87188f1be612b803d06daba85d,2019-05,Lancashire Constabulary,Lancashire Constabulary,-2.977017,53.858099,On or near Old Mains Lane,E01025026,Fylde 001B,Burglary,Status update unavailable,
499d96de41fae25f740f38ffcb6ada16474601849fee7d9ddad946eab657f64d,2019-05,Lancashire Constabulary,Lancashire Constabulary,-2.978253,53.856984,On or near Petrol Station,E01025026,Fylde 001B,Other theft,Status update unavailable,
5d45162d26eca3320c88b3f03cc45c5db40b1ff4bf546eb9654259312d9041fb,2019-05,Lancashire Constabulary,Lancashire Constabulary,-2.949756,53.848009,On or near Petrol Station,E01025026,Fylde 001B,Other theft,Status update unavailable,
002d6b1397cc2ee514d2e8c28d0a853013295b9f5d0f6bbdf9683c22cf6554ce,2019-05,Lancashire Constabulary,Lancashire Constabulary,-2.895413,53.815907,On or near Petrol Station,E01025026,Fylde 001B,Other theft,Status update unavailable,
2166d68c596722e32dc0e8ef0750bd34f86d8a7363a7cf21fba262311c310676,2019-05,Lancashire Constabulary,Lancashire Constabulary,-2.949756,53.848009,On or near Petrol Station,E01025026,Fylde 001B,Other theft,Status update unavailable,
bd1db14bc45bb7b1e1c507dc0dc55fb65f99a4198f25c7bb89b3ac089203485d,2019-05,Lancashire Constabulary,Lancashire Constabulary,-2.978253,53.856984,On or near Petrol Station,E01025026,Fylde 001B,Other theft,Status update unavailable,
cf8e6c2b48c633975d478c769c1e89c2a6a2396de0f027415def8db4aadc8ed5,2019-05,Lancashire Constabulary,Lancashire Constabulary,-2.895413,53.815907,On or near Petrol Station,E01025026,Fylde 001B,Other theft,Status update unavailable,
90e8ea6e6bc34d93eb78b27826a47324aafc0455b034254745afc019a7025199,2019-05,Lancashire Constabulary,Lancashire Constabulary,-2.895413,53.815907,On or near Petrol Station,E01025026,Fylde 001B,Other theft,Status update unavailable,
216b2b5ba7438bda82fd7a37452bea10c669305be544fb16d354aa2c3f690376,2019-05,Lancashire Constabulary,Lancashire Constabulary,-2.949756,53.848009,On or near Petrol Station,E01025026,Fylde 001B,Public order,Unable to prosecute suspect,
48ea77751554126a042e9fb2b39275fbba90bca486a10ca8947e32808be56f3a,2019-05,Lancashire Constabulary,Lancashire Constabulary,-2.949756,53.848009,On or near Petrol Station,E01025026,Fylde 001B,Vehicle crime,Status update unavailable,
a82fb2b099347d91ac020fdb3c8c21a005f3dbf244e7d532ce4252f43dbd404d,2019-05,Lancashire Constabulary,Lancashire Constabulary,-2.967396,53.854276,On or near Mains Lane,E01025026,Fylde 001B,Vehicle crime,Status update unavailable,
849c90a528fea944c8e6a205cc1a03d2f410145ab741c1cf14da57acbdb2c559,2019-05,Lancashire Constabulary,Lancashire Constabulary,-2.967396,53.854276,On or near Mains Lane,E01025026,Fylde 001B,Violence and sexual offences,Unable to prosecute suspect,
126194c1dc9af50ad6959577199bf74f443e77eed6b678e57f7cba02e0bd82e4,2019-05,Lancashire Constabulary,Lancashire Constabulary,-2.967396,53.854276,On or near Mains Lane,E01025026,Fylde 001B,Violence and sexual offences,Status update unavailable,
fda8ab4ce50fda3737023400a8d53b5f1af2dcc9c100f9d6880076416c75665d,2019-05,Lancashire Constabulary,Lancashire Constabulary,-2.941921,53.836898,On or near Station Road,E01025026,Fylde 001B,Violence and sexual offences,Status update unavailable,
377fb6c71219c418d9cab98da6a1436acd170066e387b6bd9ee58ce8de6e8164,2019-05,Lancashire Constabulary,Lancashire Constabulary,-2.941921,53.836898,On or near Station Road,E01025026,Fylde 001B,Violence and sexual offences,Status update unavailable,
,2019-05,Lancashire Constabulary,Lancashire Constabulary,-2.959752,53.805253,On or near Mythop Road,E01025027,Fylde 001C,Anti-social behaviour,,
,2019-05,Lancashire Constabulary,Lancashire Constabulary,-2.916653,53.808520,On or near Back Lane,E01025027,Fylde 001C,Anti-social behaviour,,
3264f378299cad56f530aed79375b44c52d96972db1fb3061c63699f610bbc9d,2019-05,Lancashire Constabulary,Lancashire Constabulary,-2.983948,53.814593,On or near Sports/Recreation Area,E01025027,Fylde 001C,Burglary,Status update unavailable,
082c80e86b90fe526b99493af86e22acb7318d5524728470c8a6c690101521b2,2019-05,Lancashire Constabulary,Lancashire Constabulary,-2.942498,53.822656,On or near Aston Street,E01025027,Fylde 001C,Criminal damage and arson,Status update unavailable,
56b5ef00b8de327ab8cc8cee7cd03102b715d5207a47cece2da7c8e96705d5d7,2019-05,Lancashire Constabulary,Lancashire Constabulary,-2.937784,53.803395,On or near Knowsley Crescent,E01025027,Fylde 001C,Public order,Formal action is not in the public interest,
d4e7ca9ced42a8232222a152bdacaf3727549006eba245a3d907882c82e0ee16,2019-05,Lancashire Constabulary,Lancashire Constabulary,-2.959752,53.805253,On or near Mythop Road,E01025027,Fylde 001C,Vehicle crime,Unable to prosecute suspect,
3b215103e9f16733c722ec8cf3600b2438b147183380a5d92e793f4bc6067197,2019-05,Lancashire Constabulary,Lancashire Constabulary,-2.941196,53.821498,On or near Henderson Road,E01025027,Fylde 001C,Violence and sexual offences,Status update unavailable,
8c32e542c36c405e5180adf048d616efd041f670117c6f78cd34fc59e59ca1fc,2019-05,Lancashire Constabulary,Lancashire Constabulary,-2.936082,53.823129,On or near Sports/Recreation Area,E01025027,Fylde 001C,Violence and sexual offences,Status update unavailable,
264695986a4760d6f120f78fb635e1dc520ae9006d543df0a80d5e157ed96748,2019-05,Lancashire Constabulary,Lancashire Constabulary,-2.941196,53.821498,On or near Henderson Road,E01025027,Fylde 001C,Violence and sexual offences,Local resolution,
827f8eda95a90a8e0b1eb942c5d6ede04495951c8d57fa8bbdc8a9617a79d47a,2019-05,Lancashire Constabulary,Lancashire Constabulary,-2.934732,53.800696,On or near Church Road,E01025027,Fylde 001C,Violence and sexual offences,Unable to prosecute suspect,
bbefedac6b8f7b04c5e80c1067d60a226dfe3836d6d6ffc8daf86b0d6e7b48d9,2019-05,Lancashire Constabulary,Lancashire Constabulary,-2.936082,53.823129,On or near Sports/Recreation Area,E01025027,Fylde 001C,Other crime,Further investigation is not in the public interest,
,2019-05,Lancashire Constabulary,Lancashire Constabulary,-2.987972,53.816484,On or near Queens Drive,E01025028,Fylde 001D,Anti-social behaviour,,
b27434f87a710048418789cb8a92068dac544a714a8a80a1ffed4bead16ead83,2019-05,Lancashire Constabulary,Lancashire Constabulary,-2.986925,53.816528,On or near Whalley Crescent,E01025028,Fylde 001D,Violence and sexual offences,Unable to prosecute suspect,
e71565ff09a0446936c849b3df88c91a9e5e3132eb9742785f268331a00ad544,2019-05,Lancashire Constabulary,Lancashire Constabulary,-2.993161,53.817528,On or near Eddleston Close,E01025028,Fylde 001D,Violence and sexual offences,Unable to prosecute suspect,
dd65e06e75abbe2a54f4d5acbf8993db5c5dfb4b01f604972111cfb0e9aa3f51,2019-05,Lancashire Constabulary,Lancashire Constabulary,-2.993161,53.817528,On or near Eddleston Close,E01025028,Fylde 001D,Violence and sexual offences,Unable to prosecute suspect,
09a95c6643f4dcd62e94bd87288f65f395a8be9f31488474f26c6c68d20616a3,2019-05,Lancashire Constabulary,Lancashire Constabulary,-2.987248,53.820570,On or near Windmill Close,E01025028,Fylde 001D,Violence and sexual offences,Unable to prosecute suspect,
,2019-05,Lancashire Constabulary,Lancashire Constabulary,-2.974037,53.788015,On or near Sanraya Avenue,E01025031,Fylde 001E,Anti-social behaviour,,
,2019-05,Lancashire Constabulary,Lancashire Constabulary,-2.972693,53.788969,On or near Austin Way,E01025031,Fylde 001E,Anti-social behaviour,,
c95ae79d26e31ea9e149d33050656cd6c7b977989f426900d9e8a020d82ec5cb,2019-05,Lancashire Constabulary,Lancashire Constabulary,-2.982742,53.792249,On or near Peel Hill,E01025031,Fylde 001E,Burglary,Status update unavailable,
03d21c3ffb0f3e0343b995a13670037cbafa2a4b08b187e11e67a0b1bca14fee,2019-05,Lancashire Constabulary,Lancashire Constabulary,-2.910925,53.786003,On or near Blackpool Road,E01025031,Fylde 001E,Burglary,Status update unavailable,
81fa6a2a2db8a816c71b74494e0ace09fd68a6e7a7121eaea86cf79573d7f70e,2019-05,Lancashire Constabulary,Lancashire Constabulary,-2.996637,53.774544,On or near Midgeland Road,E01025031,Fylde 001E,Other theft,Status update unavailable,
6d80ac15147c0632533aeb07fd2145353227f0da143e810b3f00ca90dcba469f,2019-05,Lancashire Constabulary,Lancashire Constabulary,-2.940263,53.782577,On or near Westby Road,E01025031,Fylde 001E,Public order,Local resolution,
fd39f338da7a9a9bf1082d1b4cb50b924718488211815bc48ba1dd280de7d786,2019-05,Lancashire Constabulary,Lancashire Constabulary,-2.986515,53.791939,On or near Woodside,E01025031,Fylde 001E,Shoplifting,Status update unavailable,
52d0101544373b25aa69d7c0612555add4850755e7728ba2e59beb4a73a82f73,2019-05,Lancashire Constabulary,Lancashire Constabulary,-2.986515,53.791939,On or near Woodside,E01025031,Fylde 001E,Shoplifting,Status update unavailable,
bec5c8c4aa830873147e3f5f1f8fa12558f5a325c19afc296f1370eb78975411,2019-05,Lancashire Constabulary,Lancashire Constabulary,-2.992314,53.787451,On or near Barrow Close,E01025031,Fylde 001E,Violence and sexual offences,Unable to prosecute suspect,
,2019-05,Lancashire Constabulary,Lancashire Constabulary,-2.889007,53.785215,On or near Oxley Close,E01025007,Fylde 002A,Anti-social behaviour,,
,2019-05,Lancashire Constabulary,Lancashire Constabulary,-2.892787,53.786679,On or near St Georges Park,E01025007,Fylde 002A,Anti-social behaviour,,
e8ad3033bfb57129026e5d5614d768b0f6d0ceaa3b750e765c552f25db5d5b26,2019-05,Lancashire Constabulary,Lancashire Constabulary,-2.882501,53.781883,On or near Ribby Avenue,E01025007,Fylde 002A,Burglary,Awaiting court outcome,
7283e2057f497e9ffaea69b8a817e9b6501fd35462ba492fc25bcf9ab54c012a,2019-05,Lancashire Constabulary,Lancashire Constabulary,-2.897570,53.783237,On or near Blackpool Road,E01025007,Fylde 002A,Violence and sexual offences,Further investigation is not in the public interest,
dc06dbfc60568cb2396d6b1265f79eb4ab7a284660b54cddf75f234d298e28ee,2019-05,Lancashire Constabulary,Lancashire Constabulary,-2.897570,53.783237,On or near Blackpool Road,E01025007,Fylde 002A,Violence and sexual offences,Status update unavailable,
1bd1d46ad2fa965bf988b4ea61c5088bde7c35bc4eadd182b6665d366f2048bd,2019-05,Lancashire Constabulary,Lancashire Constabulary,-2.859532,53.778563,On or near Manor Drive,E01025008,Fylde 002B,Public order,Unable to prosecute suspect,
2588678eccfb4cc7bf03f5e5032b7d61ee974e6ff5ae80074fe744d5888f0b5d,2019-05,Lancashire Constabulary,Lancashire Constabulary,-2.862277,53.779936,On or near Dowbridge,E01025008,Fylde 002B,Vehicle crime,Status update unavailable,
ad0e76e7f71507c1ac017a3e530745a7db40da8c0d6242d5b82722e0e5cbeee1,2019-05,Lancashire Constabulary,Lancashire Constabulary,-2.859234,53.778826,On or near Glebe Lane,E01025008,Fylde 002B,Vehicle crime,Status update unavailable,
f6265bd97c168f1cd494cf7021582c9f9d650a374774995eb87e4dca46843eab,2019-05,Lancashire Constabulary,Lancashire Constabulary,-2.859234,53.778826,On or near Glebe Lane,E01025008,Fylde 002B,Vehicle crime,Status update unavailable,
,2019-05,Lancashire Constabulary,Lancashire Constabulary,-2.871205,53.783836,On or near Church Street,E01025009,Fylde 002C,Anti-social behaviour,,
,2019-05,Lancashire Constabulary,Lancashire Constabulary,-2.870729,53.783560,On or near Ancenis Court,E01025009,Fylde 002C,Anti-social behaviour,,
,2019-05,Lancashire Constabulary,Lancashire Constabulary,-2.875576,53.784586,On or near Brooklands Avenue,E01025009,Fylde 002C,Anti-social behaviour,,
,2019-05,Lancashire Constabulary,Lancashire Constabulary,-2.875989,53.782542,On or near Supermarket,E01025009,Fylde 002C,Anti-social behaviour,,
,2019-05,Lancashire Constabulary,Lancashire Constabulary,-2.875989,53.782542,On or near Supermarket,E01025009,Fylde 002C,Anti-social behaviour,,
,2019-05,Lancashire Constabulary,Lancashire Constabulary,-2.868880,53.782235,On or near Hill Croft,E01025009,Fylde 002C,Anti-social behaviour,,
,2019-05,Lancashire Constabulary,Lancashire Constabulary,-2.870729,53.783560,On or near Ancenis Court,E01025009,Fylde 002C,Anti-social behaviour,,
,2019-05,Lancashire Constabulary,Lancashire Constabulary,-2.879821,53.786514,On or near The Coppice,E01025009,Fylde 002C,Anti-social behaviour,,
,2019-05,Lancashire Constabulary,Lancashire Constabulary,-2.883450,53.784438,On or near Wellington Street,E01025009,Fylde 002C,Anti-social behaviour,,
,2019-05,Lancashire Constabulary,Lancashire Constabulary,-2.875989,53.782542,On or near Supermarket,E01025009,Fylde 002C,Anti-social behaviour,,
2925d8db89675e89ff2a3d5871cad7aa5cae8d56d9140b100f96e9d47add07b1,2019-05,Lancashire Constabulary,Lancashire Constabulary,-2.872852,53.782754,On or near Birley Street,E01025009,Fylde 002C,Burglary,Status update unavailable,
1cd4ec505135a6fc4d3266450c5a58464dd3ae050504c36d9a199c560e9c5241,2019-05,Lancashire Constabulary,Lancashire Constabulary,-2.871655,53.782871,On or near Supermarket,E01025009,Fylde 002C,Burglary,Status update unavailable,
3504df8ff939a81b2108c86079ed893662efbcb1c8c2c492d81063c8ccf6a51c,2019-05,Lancashire Constabulary,Lancashire Constabulary,-2.875989,53.782542,On or near Supermarket,E01025009,Fylde 002C,Burglary,Status update unavailable,
5bd7d63be7895684c33bc8ffc03af3c56f1876097566ca9366b5d3bf1df55cf3,2019-05,Lancashire Constabulary,Lancashire Constabulary,-2.884929,53.785461,On or near Marquis Street,E01025009,Fylde 002C,Criminal damage and arson,Status update unavailable,
a6d46b0f1ce2faae6b7c34c03dee2bf6bb47937714d2d4ec61daf36f00f2f001,2019-05,Lancashire Constabulary,Lancashire Constabulary,-2.872852,53.782754,On or near Birley Street,E01025009,Fylde 002C,Criminal damage and arson,Status update unavailable,
d7b4e8abc0359503c7ab66d38f1cafeb300ce38a6403a2a4eb665fb38e5c58bf,2019-05,Lancashire Constabulary,Lancashire Constabulary,-2.884639,53.784645,On or near Sunny Bank,E01025009,Fylde 002C,Criminal damage and arson,Status update unavailable,
d454ee75e643cc7379ae6d2ac9537274cc1e098483d1254d0255168b3e69fbf3,2019-05,Lancashire Constabulary,Lancashire Constabulary,-2.871655,53.782871,On or near Supermarket,E01025009,Fylde 002C,Other theft,Investigation complete; no suspect identified,
b7eeb011f80b3f75ee51c96d3379de9dc57baee72b9a47739ebbe06d5ca59c22,2019-05,Lancashire Constabulary,Lancashire Constabulary,-2.871655,53.782871,On or near Supermarket,E01025009,Fylde 002C,Other theft,Status update unavailable,
674f3a3f310bba9709ee53ab7725e5f653cf69920f9056c3acefca7a80c3ae6c,2019-05,Lancashire Constabulary,Lancashire Constabulary,-2.881966,53.783883,On or near Woodlands Avenue,E01025009,Fylde 002C,Other theft,Status update unavailable,
00f27cefb212958d7f17b2474e4c355e4722f92c34d2c51bdda203b9df2a7e21,2019-05,Lancashire Constabulary,Lancashire Constabulary,-2.884639,53.784645,On or near Sunny Bank,E01025009,Fylde 002C,Public order,Status update unavailable,
45784c24c786548286d1bfe037d427532cd8dd823ccf93f877c0379c2c87109c,2019-05,Lancashire Constabulary,Lancashire Constabulary,-2.884639,53.784645,On or near Sunny Bank,E01025009,Fylde 002C,Public order,Formal action is not in the public interest,
dec0e708a0ae59d20e835a1869db360b674bb0cfa3597a1f9506780edd30eca0,2019-05,Lancashire Constabulary,Lancashire Constabulary,-2.875989,53.782542,On or near Supermarket,E01025009,Fylde 002C,Shoplifting,Status update unavailable,
32ec782bbba108c43a623f36a8099e34bd5e72d1e0a61ddfdfef6a4bb6db14b7,2019-05,Lancashire Constabulary,Lancashire Constabulary,-2.871655,53.782871,On or near Supermarket,E01025009,Fylde 002C,Vehicle crime,Unable to prosecute suspect,
ee1e24f86a63c4dab0879cf9895cb2c0d56c8046411f08c27d3d1ebdb0aa53ad,2019-05,Lancashire Constabulary,Lancashire Constabulary,-2.880738,53.784638,On or near Lunesdale Road,E01025009,Fylde 002C,Vehicle crime,Status update unavailable,
2accbf47cb45bd77dfd912ce8ddfc7bbb06b16638b61f0c12305ce94cd2d35e2,2019-05,Lancashire Constabulary,Lancashire Constabulary,-2.878357,53.784736,On or near Milbanke Avenue,E01025009,Fylde 002C,Vehicle crime,Status update unavailable,
cefdf772a48e2b534e35dd731a0bdd57ec7536a912226065cf9ebd59bef8cb9b,2019-05,Lancashire Constabulary,Lancashire Constabulary,-2.884360,53.785106,On or near Smith Street,E01025009,Fylde 002C,Violence and sexual offences,Status update unavailable,
99a064274d99ffc17cd4721e4e14e2eaeb3b093d3bdd18792fb1e69ac6275f8d,2019-05,Lancashire Constabulary,Lancashire Constabulary,-2.884360,53.785106,On or near Smith Street,E01025009,Fylde 002C,Violence and sexual offences,Unable to prosecute suspect,
,2019-05,Lancashire Constabulary,Lancashire Constabulary,-2.873768,53.780806,On or near Lime Avenue,E01025011,Fylde 002D,Anti-social behaviour,,
,2019-05,Lancashire Constabulary,Lancashire Constabulary,-2.876331,53.781470,On or near Parking Area,E01025011,Fylde 002D,Anti-social behaviour,,
,2019-05,Lancashire Constabulary,Lancashire Constabulary,-2.878255,53.780602,On or near Fylde Street,E01025011,Fylde 002D,Anti-social behaviour,,
,2019-05,Lancashire Constabulary,Lancashire Constabulary,-2.878255,53.780602,On or near Fylde Street,E01025011,Fylde 002D,Anti-social behaviour,,
12c04cacf00a3e2fc26de7542ede7817d5923dab7af35d98c031688b104ee07a,2019-05,Lancashire Constabulary,Lancashire Constabulary,-2.879735,53.780978,On or near Ward Street,E01025011,Fylde 002D,Bicycle theft,Status update unavailable,
b243d5121c23745be6320e9e0aabeeaa7a4b24ea1dd9d5a185c6a1f5ea36949c,2019-05,Lancashire Constabulary,Lancashire Constabulary,-2.868877,53.782109,On or near Preston Street,E01025011,Fylde 002D,Criminal damage and arson,Unable to prosecute suspect,
c6c3f28e070c1be917a7fe48283660736217d7fbeb1fd1d3f5e7335c95e27fdf,2019-05,Lancashire Constabulary,Lancashire Constabulary,-2.873979,53.782216,On or near Poulton Street,E01025011,Fylde 002D,Public order,Offender given a caution,
97f42d236b3fe807ed7fd8d7108e84d68611c514f64f8050ceed4416ff6f712f,2019-05,Lancashire Constabulary,Lancashire Constabulary,-2.873768,53.780806,On or near Lime Avenue,E01025011,Fylde 002D,Public order,Further investigation is not in the public interest,
b047973e03794aad987b01f9f4359f1b9bfbade79f411ea350ec69afed8e9901,2019-05,Lancashire Constabulary,Lancashire Constabulary,-2.878579,53.781571,On or near Moor Street,E01025011,Fylde 002D,Public order,Unable to prosecute suspect,
e50c457000c4de1edb7b894b2e31f357c6fca3cc4af60e71c60e050d3506a5a0,2019-05,Lancashire Constabulary,Lancashire Constabulary,-2.878255,53.780602,On or near Fylde Street,E01025011,Fylde 002D,Vehicle crime,Awaiting court outcome,
e62586d1ffccf03f901af21e2aa71cf9968cbc2d03e85a59bbc1467353893c23,2019-05,Lancashire Constabulary,Lancashire Constabulary,-2.869335,53.780038,On or near Philip Avenue,E01025011,Fylde 002D,Violence and sexual offences,Unable to prosecute suspect,
6a12777381d055651441bc6cf1c766d2fc675c979c7369cfb1875ac24aa11026,2019-05,Lancashire Constabulary,Lancashire Constabulary,-2.868877,53.782109,On or near Preston Street,E01025011,Fylde 002D,Violence and sexual offences,Offender given a caution,
548a115c886575ae5a732aeaae80e049e34209a76158924ed1dfcd3ed3e67e43,2019-05,Lancashire Constabulary,Lancashire Constabulary,-2.868877,53.782109,On or near Preston Street,E01025011,Fylde 002D,Violence and sexual offences,Unable to prosecute suspect,
0f65913e0e4cdb4a7b4d52464b1207b6406faf54670f2c42656f5afa8b609a34,2019-05,Lancashire Constabulary,Lancashire Constabulary,-2.876331,53.781470,On or near Parking Area,E01025011,Fylde 002D,Violence and sexual offences,Status update unavailable,
4e245813a52d9f88871e55d68e86c6390b290644c6490645af31f1aba0fdf2e3,2019-05,Lancashire Constabulary,Lancashire Constabulary,-2.868877,53.782109,On or near Preston Street,E01025011,Fylde 002D,Violence and sexual offences,Unable to prosecute suspect,
62e4ead3b5a78eaecdb815e679772adf360cabc3231298154de99118f5f1efbf,2019-05,Lancashire Constabulary,Lancashire Constabulary,-2.876331,53.781470,On or near Parking Area,E01025011,Fylde 002D,Violence and sexual offences,Unable to prosecute suspect,
b0699fa0b7e9992bf51620a91e9589656103ae77423a7d5eabd4291294688a08,2019-05,Lancashire Constabulary,Lancashire Constabulary,-2.870298,53.780355,On or near Freckleton Street,E01025011,Fylde 002D,Violence and sexual offences,Status update unavailable,
597ace66174cefb975b2fa5b7b1e2ba4d9e3b386ad4d88289f74443fd4a37c68,2019-05,Lancashire Constabulary,Lancashire Constabulary,-2.878579,53.781571,On or near Moor Street,E01025011,Fylde 002D,Violence and sexual offences,Status update unavailable,
,2019-05,Lancashire Constabulary,Lancashire Constabulary,-2.889677,53.793956,On or near Fairfield Way,E01025012,Fylde 002E,Anti-social behaviour,,
4d95936df20af006ac936116278369cc137968cbb40559cc76be9c130ae8cb87,2019-05,Lancashire Constabulary,Lancashire Constabulary,-2.890479,53.793096,On or near Woodland View,E01025012,Fylde 002E,Criminal damage and arson,Status update unavailable,
54cfcc9da235eaeeec9f8904cb02d553b25be9c961d0c6b2215dd6f8e5a2909d,2019-05,Lancashire Constabulary,Lancashire Constabulary,-2.883266,53.790111,On or near Wesham Park Drive,E01025012,Fylde 002E,Criminal damage and arson,Action to be taken by another organisation,
0bfeffb616ca8334c9f2c8d92e2ad7b0a75331daf4ac63e5db48418c60dbaa3c,2019-05,Lancashire Constabulary,Lancashire Constabulary,-2.889677,53.793956,On or near Fairfield Way,E01025012,Fylde 002E,Other theft,Status update unavailable,
4797761d53c1f6255d2dfdb184ea19815cbee4f33c8149f5a969232b5dfa48eb,2019-05,Lancashire Constabulary,Lancashire Constabulary,-2.889677,53.793956,On or near Fairfield Way,E01025012,Fylde 002E,Other theft,Further investigation is not in the public interest,
66d74e95363ea14a635979fbe6c7a6062014bedff92d4bc7b3859d30ca170135,2019-05,Lancashire Constabulary,Lancashire Constabulary,-2.888339,53.798172,On or near Fleetwood Road,E01025012,Fylde 002E,Other theft,Status update unavailable,
28a698693939f5df70dd7bbc5889a130dab00e310f50d2b7d0a1e71931d19e09,2019-05,Lancashire Constabulary,Lancashire Constabulary,-2.889677,53.793956,On or near Fairfield Way,E01025012,Fylde 002E,Other theft,Further investigation is not in the public interest,
2e8c1b3d61e8e44f5d51f904a6913b1a8091818cca1db2f7fa18b67b248c701c,2019-05,Lancashire Constabulary,Lancashire Constabulary,-2.889677,53.793956,On or near Fairfield Way,E01025012,Fylde 002E,Other theft,Status update unavailable,
0a6768e59fcbb7ffde7b570a79b10e966b0c97b0aa17f4b6ad64f8b223a6630d,2019-05,Lancashire Constabulary,Lancashire Constabulary,-2.889677,53.793956,On or near Fairfield Way,E01025012,Fylde 002E,Other theft,Status update unavailable,
77753a3388c38a780743b1b8932f959af325c649bea00e6fc3db0c6323d2cce9,2019-05,Lancashire Constabulary,Lancashire Constabulary,-2.887954,53.793600,On or near Fleetwood Road,E01025012,Fylde 002E,Public order,Status update unavailable,
e4c2a789b143487fb33024444923e15e7e0310d4c0855fd735b901298a1d1f83,2019-05,Lancashire Constabulary,Lancashire Constabulary,-2.888912,53.791534,On or near Morland Avenue,E01025012,Fylde 002E,Violence and sexual offences,Awaiting court outcome,
7fa6c4a5610cf76405b7d300eb899e7d7c68e691a542450e134fb6bc325e8aae,2019-05,Lancashire Constabulary,Lancashire Constabulary,-2.890479,53.793096,On or near Woodland View,E01025012,Fylde 002E,Violence and sexual offences,Unable to prosecute suspect,
,2019-05,Lancashire Constabulary,Lancashire Constabulary,-2.885354,53.788343,On or near Garstang Road South,E01025013,Fylde 002F,Anti-social behaviour,,
,2019-05,Lancashire Constabulary,Lancashire Constabulary,-2.885354,53.788343,On or near Garstang Road South,E01025013,Fylde 002F,Anti-social behaviour,,
,2019-05,Lancashire Constabulary,Lancashire Constabulary,-2.885354,53.788343,On or near Garstang Road South,E01025013,Fylde 002F,Anti-social behaviour,,
,2019-05,Lancashire Constabulary,Lancashire Constabulary,-2.884319,53.787515,On or near Wright Street,E01025013,Fylde 002F,Anti-social behaviour,,
,2019-05,Lancashire Constabulary,Lancashire Constabulary,-2.884319,53.787515,On or near Wright Street,E01025013,Fylde 002F,Anti-social behaviour,,
,2019-05,Lancashire Constabulary,Lancashire Constabulary,-2.884609,53.788268,On or near Porter Street East,E01025013,Fylde 002F,Anti-social behaviour,,
,2019-05,Lancashire Constabulary,Lancashire Constabulary,-2.889531,53.788474,On or near Meadow Crescent,E01025013,Fylde 002F,Anti-social behaviour,,
51fe15b30635b4c43900275844b395895792fa2174bcc5e4b7a2f6b634f719f0,2019-05,Lancashire Constabulary,Lancashire Constabulary,-2.880415,53.790240,On or near Alexandra Road,E01025013,Fylde 002F,Burglary,Unable to prosecute suspect,
84373de0b1aadf2204a773a8eb4f0f3b046c3e77be93e835df9511fd6fcbd6e4,2019-05,Lancashire Constabulary,Lancashire Constabulary,-2.882866,53.787705,On or near Charnock Street,E01025013,Fylde 002F,Burglary,Status update unavailable,
0df9c0652ebcbd4b51285ecf60a0748c9dbc3b48da6e60612e5ebc46f0ae2321,2019-05,Lancashire Constabulary,Lancashire Constabulary,-2.879287,53.787821,On or near Hillview Road,E01025013,Fylde 002F,Other theft,Unable to prosecute suspect,
dd2da591c50d11f6ca3220e8b6a166b0f1eda89969f61a2aaa46f930961c535e,2019-05,Lancashire Constabulary,Lancashire Constabulary,-2.883865,53.788282,On or near Station Road,E01025013,Fylde 002F,Violence and sexual offences,Status update unavailable,
7ea5fb0fa23b5930ae5d7c37fc55169bd27778ce5934d56ecb881d6e0ac03e57,2019-05,Lancashire Constabulary,Lancashire Constabulary,-2.884480,53.787936,On or near Rawlinson Street,E01025013,Fylde 002F,Violence and sexual offences,Unable to prosecute suspect,
65c75d93123828c5b7ac5df45864eadc4669df9873fff1ab4db6c84fd4fa245d,2019-05,Lancashire Constabulary,Lancashire Constabulary,-2.885058,53.789433,On or near Wyre Street,E01025013,Fylde 002F,Violence and sexual offences,Further investigation is not in the public interest,
9c17714c5ec02cf756f248af5904b6904db4f4029031aaada707bde5e8acab31,2019-05,Lancashire Constabulary,Lancashire Constabulary,-2.885354,53.788343,On or near Garstang Road South,E01025013,Fylde 002F,Violence and sexual offences,Unable to prosecute suspect,
3ec9e611183cd350813b4ea493ae93803a1a5502a2affad87a48d04ba440efde,2019-05,Lancashire Constabulary,Lancashire Constabulary,-2.878953,53.787824,On or near Mowbreck Court,E01025013,Fylde 002F,Violence and sexual offences,Status update unavailable,
a259c696b21d6c99dbfc0f5453976f21b80cd880a5c541e93c49cc857271f2d6,2019-05,Lancashire Constabulary,Lancashire Constabulary,-2.878953,53.787824,On or near Mowbreck Court,E01025013,Fylde 002F,Violence and sexual offences,Unable to prosecute suspect,
68dc6f890d8f7476145a2007e34539f36003d4d0eceb2d378a3bd10ade85d503,2019-05,Lancashire Constabulary,Lancashire Constabulary,-2.883865,53.788282,On or near Station Road,E01025013,Fylde 002F,Violence and sexual offences,Status update unavailable,
84b220eb0d1d04c90b95e8ba829ad5a038125e86a48f56755702ef9669802f02,2019-05,Lancashire Constabulary,Lancashire Constabulary,-2.886211,53.788669,On or near Billington Street,E01025013,Fylde 002F,Violence and sexual offences,Awaiting court outcome,
,2019-05,Lancashire Constabulary,Lancashire Constabulary,-2.917277,53.777299,On or near Elms Drive,E01025019,Fylde 002G,Anti-social behaviour,,
,2019-05,Lancashire Constabulary,Lancashire Constabulary,-2.895002,53.778106,On or near Oak Tree Drive,E01025019,Fylde 002G,Anti-social behaviour,,
0aa44558a8c30c119459e0ab254ddfa597bd8e95142c1423906b42c9ba6a1bbb,2019-05,Lancashire Constabulary,Lancashire Constabulary,-2.915302,53.776523,On or near Smithy Fold,E01025019,Fylde 002G,Burglary,Status update unavailable,
80812477cff194444d3c1bf14a0d8201d4a56eb4dde78a3e2f4abc113b1b30de,2019-05,Lancashire Constabulary,Lancashire Constabulary,-2.917277,53.777299,On or near Elms Drive,E01025019,Fylde 002G,Vehicle crime,Status update unavailable,
67363e018389a7daa61dec24b1a90900d0a1f4eab3dd4c585fee49a28fbaa909,2019-05,Lancashire Constabulary,Lancashire Constabulary,-2.910525,53.775229,On or near Ash Grove,E01025019,Fylde 002G,Vehicle crime,Status update unavailable,
ccaf0b668549cdba9b9deedc249a1c54c0dd824d267a37a4a547abce84ca1fc4,2019-05,Lancashire Constabulary,Lancashire Constabulary,-2.910525,53.775229,On or near Ash Grove,E01025019,Fylde 002G,Violence and sexual offences,Status update unavailable,
,2019-05,Lancashire Constabulary,Lancashire Constabulary,-2.872077,53.768064,On or near Hunter Road,E01024998,Fylde 003A,Anti-social behaviour,,
,2019-05,Lancashire Constabulary,Lancashire Constabulary,-2.872077,53.768064,On or near Hunter Road,E01024998,Fylde 003A,Anti-social behaviour,,
,2019-05,Lancashire Constabulary,Lancashire Constabulary,-2.860079,53.756349,On or near Green Acres,E01024998,Fylde 003A,Anti-social behaviour,,
,2019-05,Lancashire Constabulary,Lancashire Constabulary,-2.872077,53.768064,On or near Hunter Road,E01024998,Fylde 003A,Anti-social behaviour,,
59c925c0d7dd2bad418717b6713aa3c2931869b54d300db3c13f6c63fc1e1c18,2019-05,Lancashire Constabulary,Lancashire Constabulary,-2.869386,53.767805,On or near Auster Crescent,E01024998,Fylde 003A,Burglary,Status update unavailable,
cb4dc35a4ebe99c1ba5290749f0607cd7b95edc24a2caa5797087b1714852039,2019-05,Lancashire Constabulary,Lancashire Constabulary,-2.871443,53.768221,On or near Tudor Drive,E01024998,Fylde 003A,Burglary,Status update unavailable,
60452883858d1be9559147e38321f73e16561ac4939df8b19d4e548e90f6dd9c,2019-05,Lancashire Constabulary,Lancashire Constabulary,-2.869099,53.769344,On or near Hastings Road,E01024998,Fylde 003A,Public order,Further investigation is not in the public interest,
d3caccb10785a496104568473fcf773679c12e79c22d5b5d7e21b9d76e377079,2019-05,Lancashire Constabulary,Lancashire Constabulary,-2.869099,53.769344,On or near Hastings Road,E01024998,Fylde 003A,Violence and sexual offences,Unable to prosecute suspect,
83535cc331cc874c27e91b70b0ef9ae303df994c1fe43cdf2d88840a0f5492c6,2019-05,Lancashire Constabulary,Lancashire Constabulary,-2.869099,53.769344,On or near Hastings Road,E01024998,Fylde 003A,Violence and sexual offences,Status update unavailable,
1b393bc34dea7630eda16313c0f561b324023e0917170cac6a1c66a84419c98f,2019-05,Lancashire Constabulary,Lancashire Constabulary,-2.870773,53.771759,On or near Landcrest Close,E01024998,Fylde 003A,Violence and sexual offences,Unable to prosecute suspect,
09d0c34ae4b285cb6fc722df157e65775abac6acdc5db0ef80e765f2d7eeaf74,2019-05,Lancashire Constabulary,Lancashire Constabulary,-2.870206,53.776643,On or near Freckleton Road,E01025010,Fylde 003B,Burglary,Status update unavailable,
b9cf7ea00cb6e56276b3bd0c8d04876f0f3235f50086e448242c9cf02c168872,2019-05,Lancashire Constabulary,Lancashire Constabulary,-2.868937,53.779115,On or near Queen'S Crescent,E01025010,Fylde 003B,Possession of weapons,Action to be taken by another organisation,
7fa39751dbe550608ec8564ee501b0ee208b90c30814483d621f3d07dea2f6e2,2019-05,Lancashire Constabulary,Lancashire Constabulary,-2.872798,53.779420,On or near The Close,E01025010,Fylde 003B,Public order,Unable to prosecute suspect,
36c14d23ee231035025820f5e06c7cd83cefd90af0fd98e9b84a9140fac0981f,2019-05,Lancashire Constabulary,Lancashire Constabulary,-2.864415,53.779849,On or near Roman Way,E01025010,Fylde 003B,Vehicle crime,Status update unavailable,
22ba8c3edecfc0c9b442ca934cbb5cfebfbe534a3a5052662ae26af48a60107f,2019-05,Lancashire Constabulary,Lancashire Constabulary,-2.868937,53.779115,On or near Queen'S Crescent,E01025010,Fylde 003B,Violence and sexual offences,Unable to prosecute suspect,
db8577d5d666503746521b984300069199942d90883f05e595f194e8ed6a9ea3,2019-05,Lancashire Constabulary,Lancashire Constabulary,-2.873234,53.774860,On or near Prison,E01025010,Fylde 003B,Violence and sexual offences,Unable to prosecute suspect,
7a1f16c066b6c968b0e67c9fb9fb6844e230e7e1696a98337319daebe6d01bd3,2019-05,Lancashire Constabulary,Lancashire Constabulary,-2.868937,53.779115,On or near Queen'S Crescent,E01025010,Fylde 003B,Violence and sexual offences,Further investigation is not in the public interest,
,2019-05,Lancashire Constabulary,Lancashire Constabulary,-2.857435,53.801480,On or near Moorside,E01025014,Fylde 003C,Anti-social behaviour,,
d2db1114769e8b92b1d7d7cf7194d69e33e22aa6b0a83a21ced6013073f430ee,2019-05,Lancashire Constabulary,Lancashire Constabulary,-2.844487,53.775236,On or near Petrol Station,E01025014,Fylde 003C,Other theft,Status update unavailable,
54e6c51b3b85e7a6c819e76334d5ae27cf2a102e018bbe183fe34df3dc082416,2019-05,Lancashire Constabulary,Lancashire Constabulary,-2.810022,53.768670,On or near Glebe Mews,E01025014,Fylde 003C,Violence and sexual offences,Unable to prosecute suspect,
,2019-05,Lancashire Constabulary,Lancashire Constabulary,-2.839181,53.772406,On or near Yew Tree Close,E01025015,Fylde 003D,Anti-social behaviour,,
,2019-05,Lancashire Constabulary,Lancashire Constabulary,-2.839181,53.772406,On or near Yew Tree Close,E01025015,Fylde 003D,Anti-social behaviour,,
,2019-05,Lancashire Constabulary,Lancashire Constabulary,-2.838965,53.770736,On or near Marsh View,E01025015,Fylde 003D,Anti-social behaviour,,
4085bffcb2a575bedaaa78a84d5bc2ecd9327f2ca6892ab2e32121095b85e804,2019-05,Lancashire Constabulary,Lancashire Constabulary,-2.838516,53.771782,On or near Hornby Drive,E01025015,Fylde 003D,Burglary,Status update unavailable,
a850f7929e9b742e00af68293b01f3b0fa9a085635ab73577783da42cfcb45a5,2019-05,Lancashire Constabulary,Lancashire Constabulary,-2.838516,53.771782,On or near Hornby Drive,E01025015,Fylde 003D,Burglary,Status update unavailable,
543cc051fa93b18b4408ea954807152b2d1016fbfdfc45d474aebfa715cd8f69,2019-05,Lancashire Constabulary,Lancashire Constabulary,-2.841397,53.771726,On or near Bryning Lane,E01025015,Fylde 003D,Criminal damage and arson,Status update unavailable,
781c345d22ffd6c0d3f289ccf83db1ce4cb48d3a87fed49e017219224a943320,2019-05,Lancashire Constabulary,Lancashire Constabulary,-2.836492,53.772272,On or near Birch Avenue,E01025015,Fylde 003D,Vehicle crime,Status update unavailable,
0aa7ea290870d13fde451465a9e3a42661f8d4e273b8e0676004dbfd4c386ac0,2019-05,Lancashire Constabulary,Lancashire Constabulary,-2.832817,53.772082,On or near Sunny Bank Avenue,E01025015,Fylde 003D,Vehicle crime,Status update unavailable,
a5b575493f983c92e92025d193240b0f95b913e82752d60e91b9836ffafea60e,2019-05,Lancashire Constabulary,Lancashire Constabulary,-2.838965,53.770736,On or near Marsh View,E01025015,Fylde 003D,Vehicle crime,Status update unavailable,
0ee65930f9cd2e7b7b3a97e643129e113995495f0489f88e29d2be0cc1a28a56,2019-05,Lancashire Constabulary,Lancashire Constabulary,-2.841397,53.771726,On or near Bryning Lane,E01025015,Fylde 003D,Violence and sexual offences,Unable to prosecute suspect,
46569fc56ebd931b7053f7b7e58eff6527fd300c0904ff67727d764aa588c040,2019-05,Lancashire Constabulary,Lancashire Constabulary,-2.838965,53.770736,On or near Marsh View,E01025015,Fylde 003D,Violence and sexual offences,Status update unavailable,
72b8dd9b2c57f8d9755f6d5f5b8e542f9285a52c4fc600eb5ade8d670f86022a,2019-05,Lancashire Constabulary,Lancashire Constabulary,-2.841397,53.771726,On or near Bryning Lane,E01025015,Fylde 003D,Violence and sexual offences,Unable to prosecute suspect,
,2019-05,Lancashire Constabulary,Lancashire Constabulary,-3.021043,53.762896,On or near Ashley Road,E01025004,Fylde 004A,Anti-social behaviour,,
2b76a6b331533a9f011041d89e8dbad0987ea0ed1a2d8b1419dd12421984b9a9,2019-05,Lancashire Constabulary,Lancashire Constabulary,-3.021043,53.762896,On or near Ashley Road,E01025004,Fylde 004A,Violence and sexual offences,Unable to prosecute suspect,
,2019-05,Lancashire Constabulary,Lancashire Constabulary,-3.021806,53.767465,On or near Honister Square,E01025006,Fylde 004B,Anti-social behaviour,,
,2019-05,Lancashire Constabulary,Lancashire Constabulary,-3.021806,53.767465,On or near Honister Square,E01025006,Fylde 004B,Anti-social behaviour,,
,2019-05,Lancashire Constabulary,Lancashire Constabulary,-3.017900,53.769080,On or near Whitethorn Mews,E01025006,Fylde 004B,Anti-social behaviour,,
,2019-05,Lancashire Constabulary,Lancashire Constabulary,-3.019974,53.767013,On or near Bowness Avenue,E01025006,Fylde 004B,Anti-social behaviour,,
,2019-05,Lancashire Constabulary,Lancashire Constabulary,-3.015949,53.774993,On or near Common Edge Road,E01025006,Fylde 004B,Anti-social behaviour,,
,2019-05,Lancashire Constabulary,Lancashire Constabulary,-3.018421,53.766757,On or near Windermere Square,E01025006,Fylde 004B,Anti-social behaviour,,
7a65d5b2a32db81c1d5d32c538be066c809b4551af7f6890b03246df0195bedb,2019-05,Lancashire Constabulary,Lancashire Constabulary,-3.014795,53.768648,On or near Snowdon Road,E01025006,Fylde 004B,Burglary,Status update unavailable,
6f7c0160ea2d95bf28408ce0c240b5fd5d53fb095305c0d70d34eb1bda6314eb,2019-05,Lancashire Constabulary,Lancashire Constabulary,-3.016745,53.767104,On or near Lawson Road,E01025006,Fylde 004B,Criminal damage and arson,Status update unavailable,
b7dc8ced15abe1cd5b4dca940ec1478cbcc023dc27e8eecafc2904c6430db2f5,2019-05,Lancashire Constabulary,Lancashire Constabulary,-3.019974,53.767013,On or near Bowness Avenue,E01025006,Fylde 004B,Other theft,Status update unavailable,
851633cf9f24bd8577e783c05da865280cd688f3bfeb0bf0043d9ed3184b80cf,2019-05,Lancashire Constabulary,Lancashire Constabulary,-3.016868,53.765907,On or near Clover Avenue,E01025006,Fylde 004B,Violence and sexual offences,Status update unavailable,
3d2acad3c6b8dd87ce43e1b76a02015b6bdf88f08d8378d920a173add298714a,2019-05,Lancashire Constabulary,Lancashire Constabulary,-3.015949,53.774993,On or near Common Edge Road,E01025006,Fylde 004B,Violence and sexual offences,Status update unavailable,
5b6fbf87cb713bc272d43d5af1e69a39015811e67cbe12105c42de22001446b0,2019-05,Lancashire Constabulary,Lancashire Constabulary,-3.016868,53.765907,On or near Clover Avenue,E01025006,Fylde 004B,Violence and sexual offences,Unable to prosecute suspect,
47169860af6d82c091db475dbc828b79adca4dba6e4cb4b80f423fc6c703572c,2019-05,Lancashire Constabulary,Lancashire Constabulary,-3.016745,53.767104,On or near Lawson Road,E01025006,Fylde 004B,Violence and sexual offences,Local resolution,
9d9ccefb9d23d5bed4b03a6d1debc52584459f363be1033058adcc71c1c1acd1,2019-05,Lancashire Constabulary,Lancashire Constabulary,-3.016868,53.765907,On or near Clover Avenue,E01025006,Fylde 004B,Violence and sexual offences,Unable to prosecute suspect,
293205ea641b00cdb86789f6fdc80d181c0d5aefde33cf82e2b4f26505e0d6fd,2019-05,Lancashire Constabulary,Lancashire Constabulary,-3.026653,53.763424,On or near Grenville Avenue,E01025023,Fylde 004C,Violence and sexual offences,Status update unavailable,
f347293ccf091d629e528be016fa7ffba705a91eb106104288a3bc505b3d5d5e,2019-05,Lancashire Constabulary,Lancashire Constabulary,-3.026653,53.763424,On or near Grenville Avenue,E01025023,Fylde 004C,Violence and sexual offences,Status update unavailable,
aba0b8b9337a7edcd1301ff90f31ac680b48c4175cd49de6fd94ed9f8e7643b2,2019-05,Lancashire Constabulary,Lancashire Constabulary,-3.026479,53.765591,On or near Collingwood Avenue,E01025023,Fylde 004C,Violence and sexual offences,Offender given a caution,
826b9d44b0fd455f17f958cc7bf49a21386d4f1d7d9504413598fab2b4d17a5b,2019-05,Lancashire Constabulary,Lancashire Constabulary,-3.030916,53.765913,On or near Drake Close,E01025023,Fylde 004C,Other crime,Unable to prosecute suspect,
,2019-05,Lancashire Constabulary,Lancashire Constabulary,-3.032852,53.778642,On or near Amy Johnson Way,E01025024,Fylde 004D,Anti-social behaviour,,
,2019-05,Lancashire Constabulary,Lancashire Constabulary,-3.047761,53.777056,On or near East Gate Close,E01025024,Fylde 004D,Anti-social behaviour,,
,2019-05,Lancashire Constabulary,Lancashire Constabulary,-3.032852,53.778642,On or near Amy Johnson Way,E01025024,Fylde 004D,Anti-social behaviour,,
,2019-05,Lancashire Constabulary,Lancashire Constabulary,-3.048727,53.776868,On or near Hornsey Avenue,E01025024,Fylde 004D,Anti-social behaviour,,
,2019-05,Lancashire Constabulary,Lancashire Constabulary,-3.035396,53.779033,On or near Supermarket,E01025024,Fylde 004D,Anti-social behaviour,,
,2019-05,Lancashire Constabulary,Lancashire Constabulary,-3.047711,53.777488,On or near Bus/Coach Station,E01025024,Fylde 004D,Anti-social behaviour,,
,2019-05,Lancashire Constabulary,Lancashire Constabulary,-3.035396,53.779033,On or near Supermarket,E01025024,Fylde 004D,Anti-social behaviour,,
,2019-05,Lancashire Constabulary,Lancashire Constabulary,-3.035396,53.779033,On or near Supermarket,E01025024,Fylde 004D,Anti-social behaviour,,
4e30406f8398fae12b477c2c082efaae0c5d96002096f2e063d9230f11833b09,2019-05,Lancashire Constabulary,Lancashire Constabulary,-3.051948,53.776417,On or near New Road,E01025024,Fylde 004D,Burglary,Status update unavailable,
1e554f06fafa7d3861b2239131e9ea0396b41c7b012e6755b247cf175b78cb14,2019-05,Lancashire Constabulary,Lancashire Constabulary,-3.051948,53.776417,On or near New Road,E01025024,Fylde 004D,Burglary,Status update unavailable,
c3fe98484a22c51e223659ccf84b220e49de322819924a9bbca595f86e668aab,2019-05,Lancashire Constabulary,Lancashire Constabulary,-3.033634,53.779570,On or near Petrol Station,E01025024,Fylde 004D,Public order,Status update unavailable,
e0b0a92abaff1e5b5d047219a39d9389389d8b88f0639740d6f336c1e7a4583a,2019-05,Lancashire Constabulary,Lancashire Constabulary,-3.035396,53.779033,On or near Supermarket,E01025024,Fylde 004D,Public order,Status update unavailable,
47ec86300b905ca4b7ae2930d459afdd5ce72dbd3139ae433ac6c8ae5ed3528d,2019-05,Lancashire Constabulary,Lancashire Constabulary,-3.035396,53.779033,On or near Supermarket,E01025024,Fylde 004D,Shoplifting,Status update unavailable,
0f105b7c642cfc5b76e7b69131c3edb97d6f6603ee06764e2c3b78aa3adc6f6e,2019-05,Lancashire Constabulary,Lancashire Constabulary,-3.048727,53.776868,On or near Hornsey Avenue,E01025024,Fylde 004D,Violence and sexual offences,Status update unavailable,
eac59e68cfc8e74765e59832d55d92d258235c601fafd9c6baeb6ea1629fddfc,2019-05,Lancashire Constabulary,Lancashire Constabulary,-3.035396,53.779033,On or near Supermarket,E01025024,Fylde 004D,Violence and sexual offences,Status update unavailable,
1ef63f61fd4cf7bb62ebeaf46517e835bdafa8ff45aff9986f135412ea5851d3,2019-05,Lancashire Constabulary,Lancashire Constabulary,-3.032852,53.778642,On or near Amy Johnson Way,E01025024,Fylde 004D,Violence and sexual offences,Unable to prosecute suspect,
,2019-05,Lancashire Constabulary,Lancashire Constabulary,-3.036902,53.761960,On or near Kendal Road,E01025025,Fylde 004E,Anti-social behaviour,,
,2019-05,Lancashire Constabulary,Lancashire Constabulary,-3.035487,53.758683,On or near Press Road,E01025025,Fylde 004E,Anti-social behaviour,,
,2019-05,Lancashire Constabulary,Lancashire Constabulary,-3.036764,53.760029,On or near St David'S Grove,E01025025,Fylde 004E,Anti-social behaviour,,
,2019-05,Lancashire Constabulary,Lancashire Constabulary,-3.035487,53.758683,On or near Press Road,E01025025,Fylde 004E,Anti-social behaviour,,
0b0d0a1a3d30b0518008fc228a9a2736bf74ee4709cac7221302a8098e49d896,2019-05,Lancashire Constabulary,Lancashire Constabulary,-3.036764,53.760029,On or near St David'S Grove,E01025025,Fylde 004E,Burglary,Status update unavailable,
dcbe82871de5cf9aaa6d5eed947b9846088afd12774dff72b1bf0409b541ddf1,2019-05,Lancashire Constabulary,Lancashire Constabulary,-3.033624,53.760038,On or near Cross Street,E01025025,Fylde 004E,Criminal damage and arson,Status update unavailable,
28e7e7cf7b799ae9de7d0a12a8a5e95b35d268126e0c552f345eee37c29465f7,2019-05,Lancashire Constabulary,Lancashire Constabulary,-3.036764,53.760029,On or near St David'S Grove,E01025025,Fylde 004E,Public order,Status update unavailable,
a98372ed59c15970ae334d1a0cbbfc56aa6fbb3c4d79cd7e6b0686c71f0d86bd,2019-05,Lancashire Constabulary,Lancashire Constabulary,-3.035487,53.758683,On or near Press Road,E01025025,Fylde 004E,Violence and sexual offences,Unable to prosecute suspect,
7801aa1cbc1ed144f97882effb9103dcc4aa99ac491ed65a0d21776ef1a82fb4,2019-05,Lancashire Constabulary,Lancashire Constabulary,-3.035487,53.758683,On or near Press Road,E01025025,Fylde 004E,Violence and sexual offences,Unable to prosecute suspect,
,2019-05,Lancashire Constabulary,Lancashire Constabulary,-3.000826,53.755436,On or near Grassington Road,E01025001,Fylde 005A,Anti-social behaviour,,
,2019-05,Lancashire Constabulary,Lancashire Constabulary,-3.005241,53.753583,On or near Otley Road,E01025001,Fylde 005A,Anti-social behaviour,,
83edb1623e9af952dbc72f6418c8baba0f9e27600bf51b4d85f5f2c9b15efa73,2019-05,Lancashire Constabulary,Lancashire Constabulary,-3.002973,53.752631,On or near Whalley Place,E01025001,Fylde 005A,Shoplifting,Further investigation is not in the public interest,
334648d74ef4db4fe51684c9dbe7348b3fa5f1f1b437c75c725a487226beb76c,2019-05,Lancashire Constabulary,Lancashire Constabulary,-3.003468,53.755549,On or near Nateby Close,E01025001,Fylde 005A,Violence and sexual offences,Unable to prosecute suspect,
aa47b66d111bb6bbdf586ea5b5a0dc41cc479edfc3565dda08017f1c087d1046,2019-05,Lancashire Constabulary,Lancashire Constabulary,-3.010125,53.762477,On or near The Croft,E01025001,Fylde 005A,Violence and sexual offences,Unable to prosecute suspect,
,2019-05,Lancashire Constabulary,Lancashire Constabulary,-3.014275,53.755880,On or near Hope Street,E01025002,Fylde 005B,Anti-social behaviour,,
,2019-05,Lancashire Constabulary,Lancashire Constabulary,-3.013365,53.756517,On or near Sports/Recreation Area,E01025002,Fylde 005B,Anti-social behaviour,,
,2019-05,Lancashire Constabulary,Lancashire Constabulary,-3.015350,53.755835,On or near Wyre Street,E01025002,Fylde 005B,Anti-social behaviour,,
,2019-05,Lancashire Constabulary,Lancashire Constabulary,-3.017231,53.755208,On or near Church Road,E01025002,Fylde 005B,Anti-social behaviour,,
,2019-05,Lancashire Constabulary,Lancashire Constabulary,-3.013949,53.754948,On or near Curzon Road,E01025002,Fylde 005B,Anti-social behaviour,,
6e94ea2af7d185cc2aabf332e62d78f6184e330cc67cdcf3f6dfb0ef378cf2c8,2019-05,Lancashire Constabulary,Lancashire Constabulary,-3.015350,53.755835,On or near Wyre Street,E01025002,Fylde 005B,Criminal damage and arson,Further investigation is not in the public interest,
ebbb08668bcf3e358c0b0b0e88f0a1e73942367670701ce94db10a4599c8820a,2019-05,Lancashire Constabulary,Lancashire Constabulary,-3.013108,53.754038,On or near Petrol Station,E01025002,Fylde 005B,Other theft,Status update unavailable,
1e1ede6ca78480608694ff638277396a621ea1e9deeb53cccc9ed17fca3729db,2019-05,Lancashire Constabulary,Lancashire Constabulary,-3.014275,53.755880,On or near Hope Street,E01025002,Fylde 005B,Violence and sexual offences,Status update unavailable,
f11971f426397c090e6543f94bd95987fbc86ec67b2462b8f5100542f82fd3af,2019-05,Lancashire Constabulary,Lancashire Constabulary,-3.015242,53.756357,On or near Alexandra Road,E01025002,Fylde 005B,Violence and sexual offences,Status update unavailable,
2effdecd9afaa1bfedb65f3db13b89a2471b802ff99a1606237e9a929cf9e94a,2019-05,Lancashire Constabulary,Lancashire Constabulary,-3.011110,53.754819,On or near Fairview Avenue,E01025002,Fylde 005B,Violence and sexual offences,Status update unavailable,
,2019-05,Lancashire Constabulary,Lancashire Constabulary,-3.016747,53.765297,On or near Supermarket,E01025005,Fylde 005C,Anti-social behaviour,,
,2019-05,Lancashire Constabulary,Lancashire Constabulary,-3.013109,53.758488,On or near Salwick Place,E01025005,Fylde 005C,Anti-social behaviour,,
,2019-05,Lancashire Constabulary,Lancashire Constabulary,-3.016747,53.765297,On or near Supermarket,E01025005,Fylde 005C,Anti-social behaviour,,
ce7fa0bb4d5c41c9b625057a3d16239b6530953054d82d0dfeb8c6abb6f00654,2019-05,Lancashire Constabulary,Lancashire Constabulary,-3.016536,53.759708,On or near Shepherd Road North,E01025005,Fylde 005C,Burglary,Status update unavailable,
5f6a60936bb03212589e9cfc1da7d977464b35aaff52673e4f693b191ddd7a56,2019-05,Lancashire Constabulary,Lancashire Constabulary,-3.015009,53.758651,On or near Shepherd Road,E01025005,Fylde 005C,Burglary,Status update unavailable,
845f937ab5471010fcc3721c33f334e8366a89fba3bd77df1edb424076658ce4,2019-05,Lancashire Constabulary,Lancashire Constabulary,-3.016157,53.763486,On or near Cromer Road,E01025005,Fylde 005C,Other theft,Status update unavailable,
86cd7a0bc9e7f1ed3bae93cf36ecd847e1d57867c8ce47aa85e353e92001e77a,2019-05,Lancashire Constabulary,Lancashire Constabulary,-3.013614,53.764335,On or near Eaves Road,E01025005,Fylde 005C,Violence and sexual offences,Status update unavailable,
5e165e57ee4fe74e426648dff0a240f48b8d641e8aaa741e77137b1945ef630a,2019-05,Lancashire Constabulary,Lancashire Constabulary,-2.987777,53.756506,On or near Poachers Trail,E01025016,Fylde 005D,Violence and sexual offences,Status update unavailable,
,2019-05,Lancashire Constabulary,Lancashire Constabulary,-3.000818,53.753180,On or near Waddington Road,E01025018,Fylde 005E,Anti-social behaviour,,
f62b11feb6aac6194c5ffb9a5ac40e9f22fbf917c01dc1b07966644a2cee1f3c,2019-05,Lancashire Constabulary,Lancashire Constabulary,-2.995025,53.753875,On or near Petrol Station,E01025018,Fylde 005E,Burglary,Status update unavailable,
e45ddcfe01dd98be43766a16c9756338c0d7a1574b748777711ae95b197e9f77,2019-05,Lancashire Constabulary,Lancashire Constabulary,-2.999317,53.757696,On or near Hampton Court,E01025018,Fylde 005E,Burglary,Status update unavailable,
743c4dc2a79e3f842bd0a7b325aeb77e99f4c6d1e1e3f431086fff529e665d00,2019-05,Lancashire Constabulary,Lancashire Constabulary,-3.003894,53.758179,On or near Heyhouses Lane,E01025018,Fylde 005E,Shoplifting,Status update unavailable,
253b5fc5ffc409e13b6c4a30c69bfe9c61b0b78e63bcf754a5c0f20c804d3a08,2019-05,Lancashire Constabulary,Lancashire Constabulary,-3.003894,53.758179,On or near Heyhouses Lane,E01025018,Fylde 005E,Violence and sexual offences,Status update unavailable,
9bdf0727c29487d41a37c8c96f5333540485642849b67715d1dc6524dc2b010f,2019-05,Lancashire Constabulary,Lancashire Constabulary,-2.997885,53.753600,On or near Sabden Place,E01025018,Fylde 005E,Other crime,Unable to prosecute suspect,
,2019-05,Lancashire Constabulary,Lancashire Constabulary,-3.036062,53.756161,On or near Chatsworth Road,E01024984,Fylde 006A,Anti-social behaviour,,
,2019-05,Lancashire Constabulary,Lancashire Constabulary,-3.033957,53.757536,On or near Fleet Street,E01024984,Fylde 006A,Anti-social behaviour,,
,2019-05,Lancashire Constabulary,Lancashire Constabulary,-3.041401,53.759225,On or near Avondale Road,E01024984,Fylde 006A,Anti-social behaviour,,
954a397816a74ba06f1cce68e592863a83584e487328498b46e0166f6cf5982e,2019-05,Lancashire Constabulary,Lancashire Constabulary,-3.039423,53.757768,On or near St Hilda'S Road,E01024984,Fylde 006A,Other theft,Status update unavailable,
a7e4ac1ec49d771cedead41b622b0ef41f8ecd9de3b883b67b3331d75d17ed48,2019-05,Lancashire Constabulary,Lancashire Constabulary,-3.040645,53.756256,On or near Sandgate,E01024984,Fylde 006A,Other theft,Status update unavailable,
1addafd0a358f75695f4ddbd6f3318b430ebb1acf9339b3912e93bc1561f04e6,2019-05,Lancashire Constabulary,Lancashire Constabulary,-3.037173,53.757563,On or near St Leonard'S Road West,E01024984,Fylde 006A,Violence and sexual offences,Status update unavailable,
,2019-05,Lancashire Constabulary,Lancashire Constabulary,-3.029600,53.756756,On or near Sandhurst Avenue,E01024985,Fylde 006B,Anti-social behaviour,,
,2019-05,Lancashire Constabulary,Lancashire Constabulary,-3.029733,53.760350,On or near St Leonard'S Road East,E01024985,Fylde 006B,Anti-social behaviour,,
7ca3e8fd1c07f9a8ad5cc5eab2eee63226cd8d5b66ede5729af98cdd1f34299b,2019-05,Lancashire Constabulary,Lancashire Constabulary,-3.027458,53.759714,On or near Gretdale Avenue,E01024985,Fylde 006B,Violence and sexual offences,Status update unavailable,
f2c9c026365a4bb17bc752372f0511fa40add533a1b4e3459420cb6f80366554,2019-05,Lancashire Constabulary,Lancashire Constabulary,-3.029733,53.760350,On or near St Leonard'S Road East,E01024985,Fylde 006B,Violence and sexual offences,Unable to prosecute suspect,
2a63704bf8cb7cf592ee440b95a282dae5b6f808befeeee159f3988a61a299f0,2019-05,Lancashire Constabulary,Lancashire Constabulary,-3.032367,53.756391,On or near Lord Street,E01024985,Fylde 006B,Violence and sexual offences,Unable to prosecute suspect,
,2019-05,Lancashire Constabulary,Lancashire Constabulary,-3.031351,53.751447,On or near St Anne'S Road West,E01024986,Fylde 006C,Anti-social behaviour,,
,2019-05,Lancashire Constabulary,Lancashire Constabulary,-3.037052,53.755721,On or near Rowsley Road,E01024986,Fylde 006C,Anti-social behaviour,,
,2019-05,Lancashire Constabulary,Lancashire Constabulary,-3.031351,53.751447,On or near St Anne'S Road West,E01024986,Fylde 006C,Anti-social behaviour,,
,2019-05,Lancashire Constabulary,Lancashire Constabulary,-3.032324,53.750926,On or near St Anne'S Road West,E01024986,Fylde 006C,Anti-social behaviour,,
,2019-05,Lancashire Constabulary,Lancashire Constabulary,-3.029190,53.753029,On or near Parking Area,E01024986,Fylde 006C,Anti-social behaviour,,
,2019-05,Lancashire Constabulary,Lancashire Constabulary,-3.029958,53.753400,On or near Supermarket,E01024986,Fylde 006C,Anti-social behaviour,,
,2019-05,Lancashire Constabulary,Lancashire Constabulary,-3.034331,53.751160,On or near Dove Street,E01024986,Fylde 006C,Anti-social behaviour,,
,2019-05,Lancashire Constabulary,Lancashire Constabulary,-3.032324,53.750926,On or near St Anne'S Road West,E01024986,Fylde 006C,Anti-social behaviour,,
,2019-05,Lancashire Constabulary,Lancashire Constabulary,-3.027460,53.754204,On or near Back Glen Eldon Road,E01024986,Fylde 006C,Anti-social behaviour,,
,2019-05,Lancashire Constabulary,Lancashire Constabulary,-3.032324,53.750926,On or near St Anne'S Road West,E01024986,Fylde 006C,Anti-social behaviour,,
,2019-05,Lancashire Constabulary,Lancashire Constabulary,-3.029958,53.753400,On or near Supermarket,E01024986,Fylde 006C,Anti-social behaviour,,
,2019-05,Lancashire Constabulary,Lancashire Constabulary,-3.029958,53.753400,On or near Supermarket,E01024986,Fylde 006C,Anti-social behaviour,,
,2019-05,Lancashire Constabulary,Lancashire Constabulary,-3.035833,53.754239,On or near Beach Road,E01024986,Fylde 006C,Anti-social behaviour,,
,2019-05,Lancashire Constabulary,Lancashire Constabulary,-3.037052,53.755721,On or near Rowsley Road,E01024986,Fylde 006C,Anti-social behaviour,,
499bc41e45baf5ba0acf25e49dae4d56fe5ebc20a2fb9dac279f165f4a283d6b,2019-05,Lancashire Constabulary,Lancashire Constabulary,-3.029717,53.752234,On or near St Andrew'S Road North,E01024986,Fylde 006C,Burglary,Status update unavailable,
b6e7560b72fd49126bdfa302a5970c92c6b809ede437242ea2c74a321cd7184a,2019-05,Lancashire Constabulary,Lancashire Constabulary,-3.029717,53.752234,On or near St Andrew'S Road North,E01024986,Fylde 006C,Burglary,Status update unavailable,
9b76e68dd59215aa3afb11a3dd3cc47b46691b904ea6be0a0f7ac464fd22e7bc,2019-05,Lancashire Constabulary,Lancashire Constabulary,-3.036543,53.753532,On or near Clifton Drive North,E01024986,Fylde 006C,Criminal damage and arson,Status update unavailable,
6f18bfe975dc0ebc4712298f849314b958457fdf68b0b80e97e4ca07acb1eaf4,2019-05,Lancashire Constabulary,Lancashire Constabulary,-3.025865,53.754730,On or near Parking Area,E01024986,Fylde 006C,Criminal damage and arson,Unable to prosecute suspect,
03578fc51b3d709b95292256829876a4105c7dbb8fba7750edea05c44906bbdb,2019-05,Lancashire Constabulary,Lancashire Constabulary,-3.029717,53.752234,On or near St Andrew'S Road North,E01024986,Fylde 006C,Drugs,Awaiting court outcome,
a803ce6950c22a1db4f5f2ff85eda251a751727396cc3e4b6157fae9694d23b6,2019-05,Lancashire Constabulary,Lancashire Constabulary,-3.029717,53.752234,On or near St Andrew'S Road North,E01024986,Fylde 006C,Drugs,Status update unavailable,
b9e61a2b19544e554fdf21e7a25400f92061a3177fbbb1b2a215cc479ea8b937,2019-05,Lancashire Constabulary,Lancashire Constabulary,-3.032324,53.750926,On or near St Anne'S Road West,E01024986,Fylde 006C,Other theft,Status update unavailable,
f2a29d6d685447a3fae8ddacbb6ba132b9547ddc2550e439c49a8a8a97c02647,2019-05,Lancashire Constabulary,Lancashire Constabulary,-3.034331,53.751160,On or near Dove Street,E01024986,Fylde 006C,Other theft,Status update unavailable,
40796a65681ecd46ebdffc246c774ab5a086f895e97d38db19b8808c6b890aa5,2019-05,Lancashire Constabulary,Lancashire Constabulary,-3.029717,53.752234,On or near St Andrew'S Road North,E01024986,Fylde 006C,Possession of weapons,Status update unavailable,
8fb40419fdcaf125455f9fe39cb29f94c193a51c425b485a8e0bb5a563572307,2019-05,Lancashire Constabulary,Lancashire Constabulary,-3.034331,53.751160,On or near Dove Street,E01024986,Fylde 006C,Public order,Status update unavailable,
08efc9f599165e04bc50903add7b087939e5b26764b3faad4840a081227c5337,2019-05,Lancashire Constabulary,Lancashire Constabulary,-3.031351,53.751447,On or near St Anne'S Road West,E01024986,Fylde 006C,Public order,Status update unavailable,
ede66eb2e7ee6ac5b73f5dcfbf430ae46b0c8d6c8a1df9a30b2853fb5fa5fb02,2019-05,Lancashire Constabulary,Lancashire Constabulary,-3.032324,53.750926,On or near St Anne'S Road West,E01024986,Fylde 006C,Robbery,Status update unavailable,
a6fcc0eb1a6e8f9d7006c636f2fa0ddccf60370ec5384464e58d21561b4e0333,2019-05,Lancashire Constabulary,Lancashire Constabulary,-3.031351,53.751447,On or near St Anne'S Road West,E01024986,Fylde 006C,Shoplifting,Status update unavailable,
4028675ea6dca7952e213c18cea35e2cf2cee18a6ad2f2bc45bcf670129c2e3e,2019-05,Lancashire Constabulary,Lancashire Constabulary,-3.029958,53.753400,On or near Supermarket,E01024986,Fylde 006C,Shoplifting,Unable to prosecute suspect,
60a015ce0f31cc198cc10309666e686a77b4adab7d9906a6da0c6cc136007b2d,2019-05,Lancashire Constabulary,Lancashire Constabulary,-3.031351,53.751447,On or near St Anne'S Road West,E01024986,Fylde 006C,Shoplifting,Status update unavailable,
b0ea47964f2951483eeae6d6ad0ab7b24a0e1bf04c3058eb903b614f3fe62145,2019-05,Lancashire Constabulary,Lancashire Constabulary,-3.029958,53.753400,On or near Supermarket,E01024986,Fylde 006C,Shoplifting,Awaiting court outcome,
2b88c30305baf8c1b29e412c4b4d9e5759f06461d0d6a5058a198dd2f6257034,2019-05,Lancashire Constabulary,Lancashire Constabulary,-3.029717,53.752234,On or near St Andrew'S Road North,E01024986,Fylde 006C,Shoplifting,Status update unavailable,
9895a746d424b89b2902a77d400433ef799b4a0bbf4f6c6d77e1f87989ad728d,2019-05,Lancashire Constabulary,Lancashire Constabulary,-3.029717,53.752234,On or near St Andrew'S Road North,E01024986,Fylde 006C,Shoplifting,Investigation complete; no suspect identified,
4bc29f7833bd485a49365811e9422e6ba61bf9ee4743bb9b9262a78ac0f1e2f3,2019-05,Lancashire Constabulary,Lancashire Constabulary,-3.029717,53.752234,On or near St Andrew'S Road North,E01024986,Fylde 006C,Shoplifting,Status update unavailable,
68b0ed2d316a3cf54351291b5a368032325cb2eae4014b3f2d27345199241cd6,2019-05,Lancashire Constabulary,Lancashire Constabulary,-3.029717,53.752234,On or near St Andrew'S Road North,E01024986,Fylde 006C,Shoplifting,Status update unavailable,
9b9c9b095c73e0b32febc0ccbec204a6d5be5f5b97a0b76ce0d84b13b770b5b4,2019-05,Lancashire Constabulary,Lancashire Constabulary,-3.025865,53.754730,On or near Parking Area,E01024986,Fylde 006C,Violence and sexual offences,Unable to prosecute suspect,
c9b3eaa334418680f094050105c8b029915f5e1a7e910ac2d787e319fe9df42c,2019-05,Lancashire Constabulary,Lancashire Constabulary,-3.037052,53.755721,On or near Rowsley Road,E01024986,Fylde 006C,Violence and sexual offences,Unable to prosecute suspect,
8371b587b4af8ba1c97a5f342048559bebad9452c5c73bf0864bf2a94622d718,2019-05,Lancashire Constabulary,Lancashire Constabulary,-3.032324,53.750926,On or near St Anne'S Road West,E01024986,Fylde 006C,Violence and sexual offences,Status update unavailable,
b06bc676410df2cf7a8f8d6f5a7f2f29d002c4b9cfb3ae3a52cbe127e58dbda7,2019-05,Lancashire Constabulary,Lancashire Constabulary,-3.029681,53.754508,On or near Durham Avenue,E01024986,Fylde 006C,Violence and sexual offences,Status update unavailable,
af2eded6534f2c8e4f9cf18c25e499d4a9cb73e37bf9a3454a52509786f38db2,2019-05,Lancashire Constabulary,Lancashire Constabulary,-3.029681,53.754508,On or near Durham Avenue,E01024986,Fylde 006C,Violence and sexual offences,Status update unavailable,
d14e38ad5ab20f6ec3a6b47174b92e99200ee5a1914554f07cc8b7bab76f74ca,2019-05,Lancashire Constabulary,Lancashire Constabulary,-3.031772,53.753771,On or near St George'S Avenue,E01024986,Fylde 006C,Violence and sexual offences,Status update unavailable,
38b2ee1e7fd2a25530da2e0a8b9bb8be5e52acabed4fadb24e894ad74f09b61f,2019-05,Lancashire Constabulary,Lancashire Constabulary,-3.031351,53.751447,On or near St Anne'S Road West,E01024986,Fylde 006C,Violence and sexual offences,Status update unavailable,
854e26c2fcb1cc38460fdb36986de4772e50bf1cfb49bdccc7300b78cfb0cf24,2019-05,Lancashire Constabulary,Lancashire Constabulary,-3.035137,53.751855,On or near Douglas Street,E01024986,Fylde 006C,Violence and sexual offences,Further investigation is not in the public interest,
7a3a948203385223e564e9d15fa66aada985c45b3d16d3186b40da83b44f3147,2019-05,Lancashire Constabulary,Lancashire Constabulary,-3.029717,53.752234,On or near St Andrew'S Road North,E01024986,Fylde 006C,Violence and sexual offences,Status update unavailable,
,2019-05,Lancashire Constabulary,Lancashire Constabulary,-3.030959,53.750929,On or near Back St Anne'S Road West,E01024987,Fylde 006D,Anti-social behaviour,,
,2019-05,Lancashire Constabulary,Lancashire Constabulary,-3.031626,53.750321,On or near Shopping Area,E01024987,Fylde 006D,Anti-social behaviour,,
,2019-05,Lancashire Constabulary,Lancashire Constabulary,-3.029026,53.751889,On or near Back West Crescent,E01024987,Fylde 006D,Anti-social behaviour,,
,2019-05,Lancashire Constabulary,Lancashire Constabulary,-3.029712,53.750805,On or near Wood Street,E01024987,Fylde 006D,Anti-social behaviour,,
,2019-05,Lancashire Constabulary,Lancashire Constabulary,-3.024171,53.752452,On or near Sydney Street,E01024987,Fylde 006D,Anti-social behaviour,,
,2019-05,Lancashire Constabulary,Lancashire Constabulary,-3.024176,53.754528,On or near Sefton Road,E01024987,Fylde 006D,Anti-social behaviour,,
,2019-05,Lancashire Constabulary,Lancashire Constabulary,-3.024171,53.752452,On or near Sydney Street,E01024987,Fylde 006D,Anti-social behaviour,,
,2019-05,Lancashire Constabulary,Lancashire Constabulary,-3.027187,53.750503,On or near Park Road,E01024987,Fylde 006D,Anti-social behaviour,,
,2019-05,Lancashire Constabulary,Lancashire Constabulary,-3.023408,53.754131,On or near St Alban'S Road,E01024987,Fylde 006D,Anti-social behaviour,,
,2019-05,Lancashire Constabulary,Lancashire Constabulary,-3.031626,53.750321,On or near Shopping Area,E01024987,Fylde 006D,Anti-social behaviour,,
,2019-05,Lancashire Constabulary,Lancashire Constabulary,-3.031626,53.750321,On or near Shopping Area,E01024987,Fylde 006D,Anti-social behaviour,,
,2019-05,Lancashire Constabulary,Lancashire Constabulary,-3.029712,53.750805,On or near Wood Street,E01024987,Fylde 006D,Anti-social behaviour,,
,2019-05,Lancashire Constabulary,Lancashire Constabulary,-3.030959,53.750929,On or near Back St Anne'S Road West,E01024987,Fylde 006D,Anti-social behaviour,,
,2019-05,Lancashire Constabulary,Lancashire Constabulary,-3.031626,53.750321,On or near Shopping Area,E01024987,Fylde 006D,Anti-social behaviour,,
,2019-05,Lancashire Constabulary,Lancashire Constabulary,-3.028195,53.752651,On or near The Crescent,E01024987,Fylde 006D,Anti-social behaviour,,
,2019-05,Lancashire Constabulary,Lancashire Constabulary,-3.023408,53.754131,On or near St Alban'S Road,E01024987,Fylde 006D,Anti-social behaviour,,
54717d6a6608b995d7494600033a3072d096d76f9233b600dc35f49ca36a7e11,2019-05,Lancashire Constabulary,Lancashire Constabulary,-3.031626,53.750321,On or near Shopping Area,E01024987,Fylde 006D,Burglary,Formal action is not in the public interest,
36607c93fe1b52582ef2fdb3d4a13afbd46801088ae4cc22a37916bc8be38c3a,2019-05,Lancashire Constabulary,Lancashire Constabulary,-3.028502,53.751561,On or near Parking Area,E01024987,Fylde 006D,Burglary,Status update unavailable,
59e35dad641d83fafde0eb2a44aba41235ff7cbac5f4ee2f5d02435cde056548,2019-05,Lancashire Constabulary,Lancashire Constabulary,-3.028502,53.751561,On or near Parking Area,E01024987,Fylde 006D,Burglary,Status update unavailable,
489b86ea68cda538314841c3b8b10e858b822e93545a3eca955fb20adb4f94e5,2019-05,Lancashire Constabulary,Lancashire Constabulary,-3.025433,53.753817,On or near Don Street,E01024987,Fylde 006D,Criminal damage and arson,Status update unavailable,
b2ca5cb4b63a1b576036a70ba6dfd774666756092313035a6c3433fca022fbd1,2019-05,Lancashire Constabulary,Lancashire Constabulary,-3.027076,53.752769,On or near Back North Crescent,E01024987,Fylde 006D,Criminal damage and arson,Status update unavailable,
51351084b9445cbeb968e391d4d22e3672c97a6e2c972d77a1f88bdba09394b7,2019-05,Lancashire Constabulary,Lancashire Constabulary,-3.025433,53.753817,On or near Don Street,E01024987,Fylde 006D,Criminal damage and arson,Unable to prosecute suspect,
e4f9263c2d4dfb325f3c58fa597d2513f2fedebc629435caab6393186edd7c56,2019-05,Lancashire Constabulary,Lancashire Constabulary,-3.029712,53.750805,On or near Wood Street,E01024987,Fylde 006D,Other theft,Status update unavailable,
5ea21edc660dfd5beffd70ba2316ebe19aa3125e0c335c126c99084173b4ff10,2019-05,Lancashire Constabulary,Lancashire Constabulary,-3.029712,53.750805,On or near Wood Street,E01024987,Fylde 006D,Public order,Status update unavailable,
bcfab6688b7d98b7b597b6e3049127cbfa0ae614ec497d6660ab517db534cf0b,2019-05,Lancashire Constabulary,Lancashire Constabulary,-3.029712,53.750805,On or near Wood Street,E01024987,Fylde 006D,Public order,Status update unavailable,
19d7d3e58e34dc1b9229e8129041dcba95a19a19b0620f1ff400be9de068634b,2019-05,Lancashire Constabulary,Lancashire Constabulary,-3.029026,53.751889,On or near Back West Crescent,E01024987,Fylde 006D,Public order,Status update unavailable,
d21d626fded8b6b95a4f75e0444b14e9b9142232d057735ca61a3ec6420b20a9,2019-05,Lancashire Constabulary,Lancashire Constabulary,-3.024176,53.754528,On or near Sefton Road,E01024987,Fylde 006D,Robbery,Unable to prosecute suspect,
14172bb7522b204ae542651b5b6f96f5834a3f2df48adf611879b6f6b53b0d90,2019-05,Lancashire Constabulary,Lancashire Constabulary,-3.029712,53.750805,On or near Wood Street,E01024987,Fylde 006D,Vehicle crime,Status update unavailable,
d4d1be8f90a50b15b438b38086357aa3935c7c04016eecb965bc023e2deccbde,2019-05,Lancashire Constabulary,Lancashire Constabulary,-3.031626,53.750321,On or near Shopping Area,E01024987,Fylde 006D,Vehicle crime,Status update unavailable,
7a545e2eb0fe0603526d14690d517d4d44f9f8867cb3337c952eae41f398b33b,2019-05,Lancashire Constabulary,Lancashire Constabulary,-3.029026,53.751889,On or near Back West Crescent,E01024987,Fylde 006D,Violence and sexual offences,Unable to prosecute suspect,
915bd0592758a3f1df0ac6b7ecccaefe021a701015a3e432299ed7dec629f135,2019-05,Lancashire Constabulary,Lancashire Constabulary,-3.029712,53.750805,On or near Wood Street,E01024987,Fylde 006D,Violence and sexual offences,Status update unavailable,
c78a81a25accb55b07f795188c221bbbdd8de9d7e134c54774c01fc6fa0dc712,2019-05,Lancashire Constabulary,Lancashire Constabulary,-3.027076,53.752769,On or near Back North Crescent,E01024987,Fylde 006D,Violence and sexual offences,Unable to prosecute suspect,
d28c79261060b9f640d343f9ddc5a321cfe279233112906b00daa6e981d6aa7f,2019-05,Lancashire Constabulary,Lancashire Constabulary,-3.024171,53.752452,On or near Sydney Street,E01024987,Fylde 006D,Violence and sexual offences,Unable to prosecute suspect,
525e23752b0e5ff39e89b2d0ccdd0668b1390c8627519098bcb12d10965a2c7d,2019-05,Lancashire Constabulary,Lancashire Constabulary,-3.027076,53.752769,On or near Back North Crescent,E01024987,Fylde 006D,Violence and sexual offences,Unable to prosecute suspect,
d76e0428d83b763d30420772bf1f4afd20b60b9f6e7d98c80331886662adcdab,2019-05,Lancashire Constabulary,Lancashire Constabulary,-3.024176,53.754528,On or near Sefton Road,E01024987,Fylde 006D,Violence and sexual offences,Unable to prosecute suspect,
4e8ba1699de200f25ed36f374f3738a01799c39a7d351236eca4a270c6c05991,2019-05,Lancashire Constabulary,Lancashire Constabulary,-3.027187,53.750503,On or near Park Road,E01024987,Fylde 006D,Violence and sexual offences,Further investigation is not in the public interest,
17d5f09f43dc2e983388f86c3c3eb2fb9a4892dba7a1a315adedbaf30540109b,2019-05,Lancashire Constabulary,Lancashire Constabulary,-3.024176,53.754528,On or near Sefton Road,E01024987,Fylde 006D,Violence and sexual offences,Status update unavailable,
cc38c32cd5729b5d2bf531e40fb7ba68dae81f67f04e4149cb341f10c4fe6277,2019-05,Lancashire Constabulary,Lancashire Constabulary,-3.027076,53.752769,On or near Back North Crescent,E01024987,Fylde 006D,Violence and sexual offences,Unable to prosecute suspect,
40c3b0ec473b3cb55d96e88abf780d5aeb554c70af02e751f56d025686d833c0,2019-05,Lancashire Constabulary,Lancashire Constabulary,-3.021216,53.755030,On or near Parking Area,E01024987,Fylde 006D,Violence and sexual offences,Status update unavailable,
226205095976ba979ef22265068d8d1799ccb11943c84c95ac9a3b7de802ab86,2019-05,Lancashire Constabulary,Lancashire Constabulary,-3.027187,53.750503,On or near Park Road,E01024987,Fylde 006D,Violence and sexual offences,Status update unavailable,
f72bde9d72ecab6af6a296e7f4e0ecc003f8c767d1129a3a97f1e199addd9d10,2019-05,Lancashire Constabulary,Lancashire Constabulary,-3.026269,53.752030,On or near Back Springfield Road North,E01024987,Fylde 006D,Other crime,Status update unavailable,
064275fa801817e1e03a45e1cb96672f663c78dd977257359016c104656c4836,2019-05,Lancashire Constabulary,Lancashire Constabulary,-3.023408,53.754131,On or near St Alban'S Road,E01024987,Fylde 006D,Other crime,Unable to prosecute suspect,
e97d4fd2ca802c810f3096b9d9557e9eb7cecbbc12a0bf6694a254f322ee1271,2019-05,Lancashire Constabulary,Lancashire Constabulary,-3.027649,53.751389,On or near Avon Street,E01024987,Fylde 006D,Other crime,Status update unavailable,
,2019-05,Lancashire Constabulary,Lancashire Constabulary,-3.033656,53.750231,On or near St Anne'S Road West,E01024988,Fylde 006E,Anti-social behaviour,,
,2019-05,Lancashire Constabulary,Lancashire Constabulary,-3.033656,53.750231,On or near St Anne'S Road West,E01024988,Fylde 006E,Anti-social behaviour,,
,2019-05,Lancashire Constabulary,Lancashire Constabulary,-3.026182,53.746610,On or near Links Road,E01024988,Fylde 006E,Anti-social behaviour,,
,2019-05,Lancashire Constabulary,Lancashire Constabulary,-3.024942,53.748598,On or near Bromley Road,E01024988,Fylde 006E,Anti-social behaviour,,
4ed8cf3d49ee01d78137fed58ce5171ed46f8704b0d2dadfb69b35bf954cccde,2019-05,Lancashire Constabulary,Lancashire Constabulary,-3.030189,53.747987,On or near East Bank Road,E01024988,Fylde 006E,Bicycle theft,Status update unavailable,
f82a924a99fc50914e931086bde7f6706a3b6c08b5fe1a3d6041e25d55125b54,2019-05,Lancashire Constabulary,Lancashire Constabulary,-3.026552,53.746230,On or near Links Road,E01024988,Fylde 006E,Burglary,Status update unavailable,
a4652653b2bbeab4115b7f1df4a78c3432df165aa01fb7c3d2dec18735d3f721,2019-05,Lancashire Constabulary,Lancashire Constabulary,-3.030189,53.747987,On or near East Bank Road,E01024988,Fylde 006E,Other theft,Status update unavailable,
4354f0ffcc9f0cff6654ece462f01920546560b81fc29064feda399bc03320a1,2019-05,Lancashire Constabulary,Lancashire Constabulary,-3.026169,53.749154,On or near All Saints' Road,E01024988,Fylde 006E,Other theft,Status update unavailable,
2dcf5023c8d5ad72931ac3076d8cfe7e38f7eb5b85677b74871e3d0115e8e04b,2019-05,Lancashire Constabulary,Lancashire Constabulary,-3.030189,53.747987,On or near East Bank Road,E01024988,Fylde 006E,Other theft,Status update unavailable,
7026351005fdca535b525574bb85a546a5a6f274a8c387280e52faf9d0fca003,2019-05,Lancashire Constabulary,Lancashire Constabulary,-3.029069,53.747431,On or near Hornby Road,E01024988,Fylde 006E,Public order,Status update unavailable,
a06e373fc61a34b58900d8fa59e852bb2926e7bcea69632292cb1a67e1af43b9,2019-05,Lancashire Constabulary,Lancashire Constabulary,-3.029069,53.747431,On or near Hornby Road,E01024988,Fylde 006E,Public order,Unable to prosecute suspect,
3dd849b4f49601bbf21589556ef24eeee297e723573fa1afcadab685c3cf1053,2019-05,Lancashire Constabulary,Lancashire Constabulary,-3.026182,53.746610,On or near Links Road,E01024988,Fylde 006E,Vehicle crime,Status update unavailable,
a8b7dc923cac7734ca20550544b85a707906936163fcb29d6a42d98b217be058,2019-05,Lancashire Constabulary,Lancashire Constabulary,-3.026169,53.749154,On or near All Saints' Road,E01024988,Fylde 006E,Vehicle crime,Further investigation is not in the public interest,
95d4f439cdf57d452cbcac81d2f52ebe9c0a7311dac2d2f558de4121d8a300dc,2019-05,Lancashire Constabulary,Lancashire Constabulary,-3.033656,53.750231,On or near St Anne'S Road West,E01024988,Fylde 006E,Violence and sexual offences,Status update unavailable,
a0e8156bf4d757aa9d445a410360518838e9b51b55321108d7aeb9ad44aa1cb6,2019-05,Lancashire Constabulary,Lancashire Constabulary,-3.024942,53.748598,On or near Bromley Road,E01024988,Fylde 006E,Violence and sexual offences,Unable to prosecute suspect,
8e7b63bed2cd442363ad4f2fcf83772f572061864e0a8473cdbf53dffa8fab96,2019-05,Lancashire Constabulary,Lancashire Constabulary,-3.029614,53.748666,On or near Clifton Drive South,E01024988,Fylde 006E,Violence and sexual offences,Unable to prosecute suspect,
163e5b4929969877361faf1f075a953215b2ea374676e602891c49c709baae6d,2019-05,Lancashire Constabulary,Lancashire Constabulary,-3.033656,53.750231,On or near St Anne'S Road West,E01024988,Fylde 006E,Violence and sexual offences,Local resolution,
,2019-05,Lancashire Constabulary,Lancashire Constabulary,-3.020961,53.755760,On or near Kirkdale Avenue,E01024989,Fylde 006F,Anti-social behaviour,,
418b56d6c834ea8a7df62d1d7692684a4b43bd547ff2015e03f714f564ceeccc,2019-05,Lancashire Constabulary,Lancashire Constabulary,-3.018478,53.754712,On or near Alexandra Road,E01024989,Fylde 006F,Violence and sexual offences,Status update unavailable,
011bdef852b7b75ec138272fadccb4dfde7a14e271dba9f6a1d823cf73352da7,2019-05,Lancashire Constabulary,Lancashire Constabulary,-3.023407,53.756575,On or near Headroomgate Road,E01024989,Fylde 006F,Violence and sexual offences,Status update unavailable,
,2019-05,Lancashire Constabulary,Lancashire Constabulary,-3.021013,53.747311,On or near York Road,E01024996,Fylde 006G,Anti-social behaviour,,
,2019-05,Lancashire Constabulary,Lancashire Constabulary,-3.022364,53.744863,On or near Lightburne Avenue,E01024996,Fylde 006G,Anti-social behaviour,,
,2019-05,Lancashire Constabulary,Lancashire Constabulary,-3.023543,53.745312,On or near Derbe Road,E01024996,Fylde 006G,Anti-social behaviour,,
,2019-05,Lancashire Constabulary,Lancashire Constabulary,-3.024768,53.745814,On or near Fairhaven Road,E01024996,Fylde 006G,Anti-social behaviour,,
4c983aa0a16bfa29f8124a154ab08754d4b84ba750e78a292dc3e6c1415c2dcb,2019-05,Lancashire Constabulary,Lancashire Constabulary,-3.021013,53.747311,On or near York Road,E01024996,Fylde 006G,Burglary,Further investigation is not in the public interest,
69934e029890d0f91d038f12b85066a290adf8d8b3a2b0c01b85003e76f972d1,2019-05,Lancashire Constabulary,Lancashire Constabulary,-3.021013,53.747311,On or near York Road,E01024996,Fylde 006G,Burglary,Further investigation is not in the public interest,
ea226a320445cd1169b0dad8158e023cdb35f035c9615908c8abff9a4754685e,2019-05,Lancashire Constabulary,Lancashire Constabulary,-3.021013,53.747311,On or near York Road,E01024996,Fylde 006G,Burglary,Further investigation is not in the public interest,
fa0bd0317d44c95e18e59fa31ce9f6df5a426edb0c4e31c6def6c20054c685d6,2019-05,Lancashire Constabulary,Lancashire Constabulary,-3.021013,53.747311,On or near York Road,E01024996,Fylde 006G,Burglary,Status update unavailable,
871f6e8dbebfebc0423c63ea89b63e2e937cc5dcc83ce3d1e96e643362495cfa,2019-05,Lancashire Constabulary,Lancashire Constabulary,-3.023543,53.745312,On or near Derbe Road,E01024996,Fylde 006G,Burglary,Status update unavailable,
2bd8febfe874ff0d28a3314f1d22340d0b87fe82ad34ab67a1783b21500673ef,2019-05,Lancashire Constabulary,Lancashire Constabulary,-3.022374,53.747749,On or near Victoria Road,E01024996,Fylde 006G,Criminal damage and arson,Offender given a caution,
16e637d3b89191278ef0f0aa96f55897d8751ad997278c1384965d39ce4a08b8,2019-05,Lancashire Constabulary,Lancashire Constabulary,-3.019268,53.747892,On or near St Andrew'S Road South,E01024996,Fylde 006G,Other theft,Status update unavailable,
b2135778f83080a828b0776cf9195b50424b82b6eec6a2365fe5fd13b857441c,2019-05,Lancashire Constabulary,Lancashire Constabulary,-3.021157,53.744460,On or near Riley Avenue,E01024996,Fylde 006G,Theft from the person,Status update unavailable,
40190e7146e4d21e817367262c633d1a8154853b9bb81d9530a58939f66899a4,2019-05,Lancashire Constabulary,Lancashire Constabulary,-3.023543,53.745312,On or near Derbe Road,E01024996,Fylde 006G,Vehicle crime,Status update unavailable,
a2e842f849989f97a1b78dc639104b4c870870d72832e47dedcd7f3c7671ab9f,2019-05,Lancashire Constabulary,Lancashire Constabulary,-3.019268,53.747892,On or near St Andrew'S Road South,E01024996,Fylde 006G,Vehicle crime,Status update unavailable,
cc2b5f6fccecd6fefaafb6dd70f3867bd8e3b30916ee7653c2032ade06772b1d,2019-05,Lancashire Constabulary,Lancashire Constabulary,-3.021013,53.747311,On or near York Road,E01024996,Fylde 006G,Vehicle crime,Further investigation is not in the public interest,
,2019-05,Lancashire Constabulary,Lancashire Constabulary,-2.867535,53.753068,On or near Wyndene Grove,E01024997,Fylde 007A,Anti-social behaviour,,
,2019-05,Lancashire Constabulary,Lancashire Constabulary,-2.866174,53.752539,On or near Sports/Recreation Area,E01024997,Fylde 007A,Anti-social behaviour,,
,2019-05,Lancashire Constabulary,Lancashire Constabulary,-2.864565,53.754690,On or near Jubilee Terrace,E01024997,Fylde 007A,Anti-social behaviour,,
bef1e57680624c95e24154eeba49443a0b7aac9fb90d3dd4e5a1ddbd7f52a482,2019-05,Lancashire Constabulary,Lancashire Constabulary,-2.865777,53.754609,On or near Trinity Close,E01024997,Fylde 007A,Violence and sexual offences,Status update unavailable,
f4d2fab2dbf4ac75f49a5ff131c6d01ae87fdcfa4b7332eccb8e3dbb21ca3094,2019-05,Lancashire Constabulary,Lancashire Constabulary,-2.873426,53.751929,On or near Douglas Drive,E01024999,Fylde 007B,Violence and sexual offences,Status update unavailable,
fcea75f1991d77f9180264ac26d5578bf87e7e4a52355e0452f7f16f8411dd39,2019-05,Lancashire Constabulary,Lancashire Constabulary,-2.867612,53.747279,On or near Stoney Lane,E01024999,Fylde 007B,Violence and sexual offences,Unable to prosecute suspect,
ba3b2811aee5d5479cef9e73cbe97682b43f33ce43d264c7e824489dedcb79b5,2019-05,Lancashire Constabulary,Lancashire Constabulary,-2.873426,53.751929,On or near Douglas Drive,E01024999,Fylde 007B,Violence and sexual offences,Unable to prosecute suspect,
,2019-05,Lancashire Constabulary,Lancashire Constabulary,-2.880033,53.748771,On or near Rydal Avenue,E01025000,Fylde 007C,Anti-social behaviour,,
,2019-05,Lancashire Constabulary,Lancashire Constabulary,-2.870133,53.754020,On or near Supermarket,E01025000,Fylde 007C,Anti-social behaviour,,
911f17abbe9261a2a4b3bf53f6e70cd3da7dba5e5be8c40c83a699bff43cd8af,2019-05,Lancashire Constabulary,Lancashire Constabulary,-2.880033,53.748771,On or near Rydal Avenue,E01025000,Fylde 007C,Vehicle crime,Status update unavailable,
,2019-05,Lancashire Constabulary,Lancashire Constabulary,-2.899073,53.747766,On or near Cardwell Close,E01025029,Fylde 007D,Anti-social behaviour,,
,2019-05,Lancashire Constabulary,Lancashire Constabulary,-2.909919,53.759855,On or near Bryning Lane,E01025029,Fylde 007D,Anti-social behaviour,,
,2019-05,Lancashire Constabulary,Lancashire Constabulary,-2.898635,53.752794,On or near Marlborough Avenue,E01025029,Fylde 007D,Anti-social behaviour,,
,2019-05,Lancashire Constabulary,Lancashire Constabulary,-2.895831,53.753597,On or near Vernon Avenue,E01025029,Fylde 007D,Anti-social behaviour,,
,2019-05,Lancashire Constabulary,Lancashire Constabulary,-2.900048,53.751516,On or near Beech Avenue,E01025029,Fylde 007D,Anti-social behaviour,,
,2019-05,Lancashire Constabulary,Lancashire Constabulary,-2.895831,53.753597,On or near Vernon Avenue,E01025029,Fylde 007D,Anti-social behaviour,,
,2019-05,Lancashire Constabulary,Lancashire Constabulary,-2.889446,53.755056,On or near Sports/Recreation Area,E01025029,Fylde 007D,Anti-social behaviour,,
,2019-05,Lancashire Constabulary,Lancashire Constabulary,-2.900048,53.751516,On or near Beech Avenue,E01025029,Fylde 007D,Anti-social behaviour,,
,2019-05,Lancashire Constabulary,Lancashire Constabulary,-2.901382,53.747237,On or near Ferrier Bank,E01025029,Fylde 007D,Anti-social behaviour,,
679c94f8fce439042d1cb838491555a1c466e8bed189ef20c7a617ecb3b10aea,2019-05,Lancashire Constabulary,Lancashire Constabulary,-2.902686,53.747245,On or near Gracamy Avenue,E01025029,Fylde 007D,Criminal damage and arson,Status update unavailable,
e5dd997a90174b87ee22634e97a0f8be825f89ebd857cd9147e78f1616365ed0,2019-05,Lancashire Constabulary,Lancashire Constabulary,-2.903538,53.747391,On or near Florence Avenue,E01025029,Fylde 007D,Criminal damage and arson,Unable to prosecute suspect,
758a884b012a42249f2cd4ea5a0a8ff91cfe5ea45bc954474a37d2764d058c31,2019-05,Lancashire Constabulary,Lancashire Constabulary,-2.900048,53.751516,On or near Beech Avenue,E01025029,Fylde 007D,Other theft,Offender given a caution,
3aa73d62319063a5b645004990d2cfce1506b2849a17e5c226f2bf2399f42267,2019-05,Lancashire Constabulary,Lancashire Constabulary,-2.898310,53.748257,On or near Rake Lane,E01025029,Fylde 007D,Other theft,Status update unavailable,
3cf68f9b2f886c19df3d40612c478f2b2fcf5229d4cf034310e2d06dcedc8ab9,2019-05,Lancashire Constabulary,Lancashire Constabulary,-2.894523,53.750587,On or near The Orchard,E01025029,Fylde 007D,Other theft,Status update unavailable,
c2c24c44d50779bec9591551edf7d18edfbc442b357db0d25d614efea1b62c78,2019-05,Lancashire Constabulary,Lancashire Constabulary,-2.894523,53.750587,On or near The Orchard,E01025029,Fylde 007D,Other theft,Status update unavailable,
90c3a377befa25d30f19714943d7cc93a15fd2e32eef924e9761fdfddc5da6a4,2019-05,Lancashire Constabulary,Lancashire Constabulary,-2.894586,53.754263,On or near Moorhead Gardens,E01025029,Fylde 007D,Other theft,Unable to prosecute suspect,
e946319e26b69f56cb611255ff62b1f1ecc2c22ef00efc8977ba98f9770f962c,2019-05,Lancashire Constabulary,Lancashire Constabulary,-2.896213,53.753037,On or near Sunnyside Avenue,E01025029,Fylde 007D,Vehicle crime,Status update unavailable,
13faf059dc829c6cc7761edfd3283fa3de47736a5fe43fb8904efcd66015ed9b,2019-05,Lancashire Constabulary,Lancashire Constabulary,-2.899073,53.747766,On or near Cardwell Close,E01025029,Fylde 007D,Vehicle crime,Status update unavailable,
467333f0086c68554d841f6a1ccf95c6e7f8183df0c60b2045a460cc9fc94cbd,2019-05,Lancashire Constabulary,Lancashire Constabulary,-2.909919,53.759855,On or near Bryning Lane,E01025029,Fylde 007D,Violence and sexual offences,Status update unavailable,
c7be76c2c5a42fbc6817c4177f2bb7a99eea126ee0f18e65b15da65c8413b4cd,2019-05,Lancashire Constabulary,Lancashire Constabulary,-2.892975,53.749834,On or near Highgate Lane,E01025029,Fylde 007D,Violence and sexual offences,Status update unavailable,
c6157fb793c7e7acf0c9bef4e09d44756c15bed79fc405462d91a0ef59c0425e,2019-05,Lancashire Constabulary,Lancashire Constabulary,-2.899073,53.747766,On or near Cardwell Close,E01025029,Fylde 007D,Violence and sexual offences,Unable to prosecute suspect,
b7bd16bf61ce4b52a2fcb0bdbf490a67575cf8898f31b2198d7bd8e180d326fa,2019-05,Lancashire Constabulary,Lancashire Constabulary,-2.892975,53.749834,On or near Highgate Lane,E01025029,Fylde 007D,Violence and sexual offences,Status update unavailable,
ecbd81a28b7112a4af5c92d2060a94dcca88eefb20633392ad28e6d88815b967,2019-05,Lancashire Constabulary,Lancashire Constabulary,-2.889639,53.751989,On or near Butlers Meadow,E01025030,Fylde 007E,Criminal damage and arson,Status update unavailable,
c5145382b63b68e9e9a359c4fde3073c4b5ddab6b43350bd1626d5a2d749a8b2,2019-05,Lancashire Constabulary,Lancashire Constabulary,-2.891381,53.754026,On or near Canberraway,E01025030,Fylde 007E,Public order,Status update unavailable,
723986712baae77f7c31b6b57175ccfbfc2cdba4c24062e855f4560409312202,2019-05,Lancashire Constabulary,Lancashire Constabulary,-2.892587,53.751554,On or near Supermarket,E01025030,Fylde 007E,Public order,Awaiting court outcome,
3391f263c66434d1d666f2f986e1a5a3fc8c64dfdaf556653028bff488ba65ec,2019-05,Lancashire Constabulary,Lancashire Constabulary,-2.882668,53.751484,On or near Lytham Road,E01025030,Fylde 007E,Public order,Unable to prosecute suspect,
f3e9ad99938935ca20b03e00727186748c24fc63b01f9eca7c660d6f037d9719,2019-05,Lancashire Constabulary,Lancashire Constabulary,-2.886209,53.749705,On or near Mill Lane,E01025030,Fylde 007E,Violence and sexual offences,Awaiting court outcome,
a092cb424f415fe0d404ee6161f403a2fee133365e333d5b2995b1ca8403ce11,2019-05,Lancashire Constabulary,Lancashire Constabulary,-2.889639,53.751989,On or near Butlers Meadow,E01025030,Fylde 007E,Violence and sexual offences,Status update unavailable,
6a690725c092b848610eb1caff31e9148c98fef08a2fb1ceaffbaeccd356a6cd,2019-05,Lancashire Constabulary,Lancashire Constabulary,-2.893411,53.753939,On or near Harbour Lane,E01025030,Fylde 007E,Violence and sexual offences,Status update unavailable,
ec8e2ab04a8ee57ef9fdb22e947e2cac865627f9d4adcc549a5e760c401da1e0,2019-05,Lancashire Constabulary,Lancashire Constabulary,-2.892968,53.755218,On or near Hastings Avenue,E01025030,Fylde 007E,Violence and sexual offences,Unable to prosecute suspect,
81ed2641487546f95e84591c2a85cd9ab9529652b3546717a2eaf228ba38cf03,2019-05,Lancashire Constabulary,Lancashire Constabulary,-2.889639,53.751989,On or near Butlers Meadow,E01025030,Fylde 007E,Violence and sexual offences,Status update unavailable,
,2019-05,Lancashire Constabulary,Lancashire Constabulary,-2.989726,53.745883,On or near Blackpool Road,E01024981,Fylde 008A,Anti-social behaviour,,
,2019-05,Lancashire Constabulary,Lancashire Constabulary,-2.980931,53.740653,On or near Broadwood Way,E01024981,Fylde 008A,Anti-social behaviour,,
,2019-05,Lancashire Constabulary,Lancashire Constabulary,-2.989726,53.745883,On or near Blackpool Road,E01024981,Fylde 008A,Anti-social behaviour,,
91e665249dc6e3b8f956b3add6b5779e26b76e13121bfdf9720f10e4c267854b,2019-05,Lancashire Constabulary,Lancashire Constabulary,-2.986433,53.742531,On or near Firswood Close,E01024981,Fylde 008A,Violence and sexual offences,Unable to prosecute suspect,
,2019-05,Lancashire Constabulary,Lancashire Constabulary,-2.990846,53.741919,On or near Buckingham Road,E01024982,Fylde 008B,Anti-social behaviour,,
,2019-05,Lancashire Constabulary,Lancashire Constabulary,-2.987168,53.738956,On or near Stanley Road,E01024982,Fylde 008B,Anti-social behaviour,,
,2019-05,Lancashire Constabulary,Lancashire Constabulary,-2.991877,53.742549,On or near Woodlands Road,E01024982,Fylde 008B,Anti-social behaviour,,
,2019-05,Lancashire Constabulary,Lancashire Constabulary,-2.983191,53.736814,On or near The Grange,E01024982,Fylde 008B,Anti-social behaviour,,
e076cd49b0d8e21449aca8a035a3343eb390f3d91eb4b9e6b840da0d37609406,2019-05,Lancashire Constabulary,Lancashire Constabulary,-2.990959,53.739626,On or near Bazley Road,E01024982,Fylde 008B,Burglary,Status update unavailable,
f3c98d2e0e108063cdb4334635d733cbc5bad0747bf5e9bac88e43e579532741,2019-05,Lancashire Constabulary,Lancashire Constabulary,-2.988167,53.739532,On or near Lightwood Avenue,E01024982,Fylde 008B,Other theft,Status update unavailable,
8960d8beff0e8d7a14c1085d4aa5707139de5872f1b81d5157080247568cf7a4,2019-05,Lancashire Constabulary,Lancashire Constabulary,-2.992209,53.739913,On or near Pembroke Road,E01024982,Fylde 008B,Violence and sexual offences,Status update unavailable,
57679b24b23bf28ec20327f48a3605db3af468c1f39cc863181be63b71857cee,2019-05,Lancashire Constabulary,Lancashire Constabulary,-2.989791,53.738953,On or near Ansdell Road South,E01024982,Fylde 008B,Violence and sexual offences,Status update unavailable,
643642ed6a0bb8dc53e24c43db5bdb876748a8f86ca57abde68f4a851a774431,2019-05,Lancashire Constabulary,Lancashire Constabulary,-2.987168,53.738956,On or near Stanley Road,E01024982,Fylde 008B,Violence and sexual offences,Unable to prosecute suspect,
e013d140d808d700b9618793e60b6c9d0c13849b6eab18e95c7eab45f7ad9701,2019-05,Lancashire Constabulary,Lancashire Constabulary,-2.987168,53.738956,On or near Stanley Road,E01024982,Fylde 008B,Violence and sexual offences,Unable to prosecute suspect,
,2019-05,Lancashire Constabulary,Lancashire Constabulary,-2.990048,53.744092,On or near Gloucester Road,E01024983,Fylde 008C,Anti-social behaviour,,
0c56a9f97abb09746909a23d7f206addaafe181b0e7ef65b3ccd88f541d3d6cf,2019-05,Lancashire Constabulary,Lancashire Constabulary,-2.990861,53.743843,On or near Seymour Road,E01024983,Fylde 008C,Bicycle theft,Status update unavailable,
f75f2126d5f81fa72011e699be621df1d55eed9ddcfa66fbfa6cbea904355b9d,2019-05,Lancashire Constabulary,Lancashire Constabulary,-2.989225,53.743892,On or near Denmark Road,E01024983,Fylde 008C,Other theft,Status update unavailable,
ab1be8f1151cfa84551abc0b925c6978829c071b922c5622f9f14ffbcb39bc78,2019-05,Lancashire Constabulary,Lancashire Constabulary,-2.995272,53.746997,On or near Newlands Road,E01024983,Fylde 008C,Violence and sexual offences,Unable to prosecute suspect,
dc9b7a22ae412babff6b4727d0d9cbf3fe0db7a4e609ac3bb79ec3af4174b86c,2019-05,Lancashire Constabulary,Lancashire Constabulary,-2.997675,53.747283,On or near Sports/Recreation Area,E01024983,Fylde 008C,Other crime,Status update unavailable,
,2019-05,Lancashire Constabulary,Lancashire Constabulary,-3.011039,53.742407,On or near Harrison View,E01024994,Fylde 008D,Anti-social behaviour,,
f8acab8077e8b0f5a9b1a49aea17a29648ae9defec8106ea80a9f88771a8ba3c,2019-05,Lancashire Constabulary,Lancashire Constabulary,-3.018264,53.746489,On or near Osborne Road,E01024994,Fylde 008D,Burglary,Status update unavailable,
f1625214d4359c56086d415cffee5f3a34cc371f9940b20ce1bef3adf7d9e997,2019-05,Lancashire Constabulary,Lancashire Constabulary,-3.014991,53.745960,On or near Windsor Road,E01024994,Fylde 008D,Other theft,Status update unavailable,
b02cea7e6beadac18a1e3a5c8f3e11ce88a7e0722ad24e697ee3735c381204ea,2019-05,Lancashire Constabulary,Lancashire Constabulary,-3.016635,53.746206,On or near Balmoral Road,E01024994,Fylde 008D,Violence and sexual offences,Further investigation is not in the public interest,
,2019-05,Lancashire Constabulary,Lancashire Constabulary,-2.999445,53.738154,On or near Park/Open Space,E01024995,Fylde 008E,Anti-social behaviour,,
ed4327914b1aef7874c816466b0c88945d10fced1cdf9337f382f70fd7d64389,2019-05,Lancashire Constabulary,Lancashire Constabulary,-2.999651,53.740462,On or near St Pauls Walk,E01024995,Fylde 008E,Burglary,Awaiting court outcome,
2365dd6ec1d3378c1e1457da7184d04f28df2a323b3e9972f9650e5abe70f9ae,2019-05,Lancashire Constabulary,Lancashire Constabulary,-2.994331,53.741189,On or near Princes Road,E01024995,Fylde 008E,Criminal damage and arson,Status update unavailable,
80b685682445b747ee329b0213abff7b1b24bb45ec06d97251e3f75c33425334,2019-05,Lancashire Constabulary,Lancashire Constabulary,-3.001271,53.740349,On or near Coronation Road,E01024995,Fylde 008E,Criminal damage and arson,Status update unavailable,
edd57572aa1231ac92624d0d783e34e2c19fe8ca1375400e161cb9a38a497c9f,2019-05,Lancashire Constabulary,Lancashire Constabulary,-3.005061,53.740956,On or near Myra Road,E01024995,Fylde 008E,Vehicle crime,Status update unavailable,
a1898acaae837cdc642c1d452e80892cc4451b89b3da50879b6141ea10147362,2019-05,Lancashire Constabulary,Lancashire Constabulary,-3.003721,53.740733,On or near Cyprus Avenue,E01024995,Fylde 008E,Violence and sexual offences,Further investigation is not in the public interest,
,2019-05,Lancashire Constabulary,Lancashire Constabulary,-3.012608,53.752793,On or near Lawrence Avenue,E01025003,Fylde 008F,Anti-social behaviour,,
fa28529b9f55180a53bf239e207d3a5cba2d1885346e43d8e7ac01693b513906,2019-05,Lancashire Constabulary,Lancashire Constabulary,-3.024209,53.751490,On or near St David'S Road South,E01025003,Fylde 008F,Vehicle crime,Status update unavailable,
,2019-05,Lancashire Constabulary,Lancashire Constabulary,-2.997118,53.750020,On or near Fallowfield Road,E01025017,Fylde 008G,Anti-social behaviour,,
b72f8c6a85668d00ea02c83995883b856334ea0c704a97c95782d985abbf647e,2019-05,Lancashire Constabulary,Lancashire Constabulary,-3.000553,53.750342,On or near Clifton Gardens,E01025017,Fylde 008G,Criminal damage and arson,Status update unavailable,
73aef58a7b3d4929b28bcdc7cdfd07e4575debc06c3d6c6e30bfd1badbed4c1b,2019-05,Lancashire Constabulary,Lancashire Constabulary,-2.997902,53.749186,On or near Hilton Avenue,E01025017,Fylde 008G,Violence and sexual offences,Awaiting court outcome,
3197ad216c6f4089b7849813cc35dacb6e67337b760a4ee01594620c7417b933,2019-05,Lancashire Constabulary,Lancashire Constabulary,-2.996440,53.751481,On or near Sherwood Road,E01025017,Fylde 008G,Violence and sexual offences,Unable to prosecute suspect,
,2019-05,Lancashire Constabulary,Lancashire Constabulary,-2.959448,53.736710,On or near Shepherd Street,E01024990,Fylde 009A,Anti-social behaviour,,
,2019-05,Lancashire Constabulary,Lancashire Constabulary,-2.958840,53.737973,On or near Police Station,E01024990,Fylde 009A,Anti-social behaviour,,
,2019-05,Lancashire Constabulary,Lancashire Constabulary,-2.958840,53.737973,On or near Police Station,E01024990,Fylde 009A,Anti-social behaviour,,
,2019-05,Lancashire Constabulary,Lancashire Constabulary,-2.957404,53.739522,On or near Park View Road,E01024990,Fylde 009A,Anti-social behaviour,,
,2019-05,Lancashire Constabulary,Lancashire Constabulary,-2.953983,53.737068,On or near St John'S Street,E01024990,Fylde 009A,Anti-social behaviour,,
,2019-05,Lancashire Constabulary,Lancashire Constabulary,-2.959448,53.736710,On or near Shepherd Street,E01024990,Fylde 009A,Anti-social behaviour,,
,2019-05,Lancashire Constabulary,Lancashire Constabulary,-2.951906,53.737732,On or near Warton Street,E01024990,Fylde 009A,Anti-social behaviour,,
,2019-05,Lancashire Constabulary,Lancashire Constabulary,-2.958840,53.737973,On or near Police Station,E01024990,Fylde 009A,Anti-social behaviour,,
,2019-05,Lancashire Constabulary,Lancashire Constabulary,-2.962276,53.736417,On or near Bath Road,E01024990,Fylde 009A,Anti-social behaviour,,
,2019-05,Lancashire Constabulary,Lancashire Constabulary,-2.963958,53.740997,On or near Clifton Gate,E01024990,Fylde 009A,Anti-social behaviour,,
,2019-05,Lancashire Constabulary,Lancashire Constabulary,-2.957004,53.737925,On or near Station Road,E01024990,Fylde 009A,Anti-social behaviour,,
8772ceee49bcd47d7f81fc12cd2c320d561f628f687a01e5dc24634fbd693a99,2019-05,Lancashire Constabulary,Lancashire Constabulary,-2.962276,53.736417,On or near Bath Road,E01024990,Fylde 009A,Bicycle theft,Status update unavailable,
b32a4849d5aac05d7595da8ac480d86f7dcb1fc64cf1b91eef088b3fb8e353b5,2019-05,Lancashire Constabulary,Lancashire Constabulary,-2.961575,53.736926,On or near Supermarket,E01024990,Fylde 009A,Bicycle theft,Status update unavailable,
443c8a245a6db0cc8cdef610f87305c2b8ddc38246ef9a62343760d01045b444,2019-05,Lancashire Constabulary,Lancashire Constabulary,-2.959943,53.739151,On or near Cleveland Road,E01024990,Fylde 009A,Burglary,Unable to prosecute suspect,
0867fc96ad4ec26bcfdc4b56381469b2631a41dcd9d8f8612fc9e67291f74ba7,2019-05,Lancashire Constabulary,Lancashire Constabulary,-2.957004,53.737925,On or near Station Road,E01024990,Fylde 009A,Burglary,Status update unavailable,
068641575e5a7b9d28c68b4abf28497c57ce549ca95cd3944bbed77f0fcde657,2019-05,Lancashire Constabulary,Lancashire Constabulary,-2.956839,53.737342,On or near Station Road,E01024990,Fylde 009A,Burglary,Status update unavailable,
4c28fd3ead41d4cd4a139cf694e618b72f5b2dc5e3872b9f2e5d69b2aaf66a06,2019-05,Lancashire Constabulary,Lancashire Constabulary,-2.962276,53.736417,On or near Bath Road,E01024990,Fylde 009A,Criminal damage and arson,Status update unavailable,
0c56aeb6fc653a28fc0c8f890821d7d6cbbaae3f581ebf97463558d28241b3a3,2019-05,Lancashire Constabulary,Lancashire Constabulary,-2.959448,53.736710,On or near Shepherd Street,E01024990,Fylde 009A,Criminal damage and arson,Status update unavailable,
0c333720d3c79d64cdc8c37a237534ea163f525044a97aac68affae8b161074b,2019-05,Lancashire Constabulary,Lancashire Constabulary,-2.962276,53.736417,On or near Bath Road,E01024990,Fylde 009A,Public order,Status update unavailable,
be1cb61657e17db9ada303fb02ecb46a88146dc47ef4068132ef0817d2bd81ca,2019-05,Lancashire Constabulary,Lancashire Constabulary,-2.961838,53.736475,On or near Cottage Row,E01024990,Fylde 009A,Robbery,Status update unavailable,
61bba424c8f5eddd73282c24e3d1ee8bee017f850f121f7fba9a585f8686a1cb,2019-05,Lancashire Constabulary,Lancashire Constabulary,-2.951906,53.737732,On or near Warton Street,E01024990,Fylde 009A,Violence and sexual offences,Status update unavailable,
ce3d26101a798b3a1d421b0d636c45b124ba9e550ef6a8c7ba61d9e1e304bfcd,2019-05,Lancashire Constabulary,Lancashire Constabulary,-2.961838,53.736475,On or near Cottage Row,E01024990,Fylde 009A,Violence and sexual offences,Unable to prosecute suspect,
e466b3eed3da99ff860aa41bd58cec1bb2bdcb2fd6b1f7c89c60894f1e790162,2019-05,Lancashire Constabulary,Lancashire Constabulary,-2.951906,53.737732,On or near Warton Street,E01024990,Fylde 009A,Violence and sexual offences,Unable to prosecute suspect,
0b8f6678b653b47678964566f3ff1361e5c14c110c030f76acc98d0c603e5316,2019-05,Lancashire Constabulary,Lancashire Constabulary,-2.962276,53.736417,On or near Bath Road,E01024990,Fylde 009A,Violence and sexual offences,Status update unavailable,
e262f3a08a562aa0a77181dbaff2bf7924c0e9bca35578e676d96520a3149b68,2019-05,Lancashire Constabulary,Lancashire Constabulary,-2.951906,53.737732,On or near Warton Street,E01024990,Fylde 009A,Violence and sexual offences,Status update unavailable,
947283f439f2cc89c7e3113a552366851f649c415354f93d52a3a9c81026e1da,2019-05,Lancashire Constabulary,Lancashire Constabulary,-2.951906,53.737732,On or near Warton Street,E01024990,Fylde 009A,Violence and sexual offences,Unable to prosecute suspect,
,2019-05,Lancashire Constabulary,Lancashire Constabulary,-2.971864,53.735405,On or near Theatre/Concert Hall,E01024991,Fylde 009B,Anti-social behaviour,,
,2019-05,Lancashire Constabulary,Lancashire Constabulary,-2.971271,53.735320,On or near Parking Area,E01024991,Fylde 009B,Anti-social behaviour,,
,2019-05,Lancashire Constabulary,Lancashire Constabulary,-2.965108,53.736296,On or near Henry Street,E01024991,Fylde 009B,Anti-social behaviour,,
5c320dafd7ed99dc28138087eb7779409e3d4e79c59ea555e8f0ebd8f6b04d26,2019-05,Lancashire Constabulary,Lancashire Constabulary,-2.965108,53.736296,On or near Henry Street,E01024991,Fylde 009B,Other theft,Status update unavailable,
6e0307bf35a4959d99a6fd920ea449fea827a0edbd63655f1cd014252e5b644a,2019-05,Lancashire Constabulary,Lancashire Constabulary,-2.963556,53.737369,On or near Shopping Area,E01024991,Fylde 009B,Shoplifting,Status update unavailable,
635cb4863e18c0f73e3ae576f04d7e89e133a072b1418a9b82cd3534f4d525c2,2019-05,Lancashire Constabulary,Lancashire Constabulary,-2.965108,53.736296,On or near Henry Street,E01024991,Fylde 009B,Violence and sexual offences,Unable to prosecute suspect,
23386d42950ac546532e557e1637d90c05f4790d61101f71cb820b5bc85f23e0,2019-05,Lancashire Constabulary,Lancashire Constabulary,-2.965108,53.736296,On or near Henry Street,E01024991,Fylde 009B,Violence and sexual offences,Status update unavailable,
53361bd1af763011c40d056be2c7e2b89af33e37f0204dc681625819ad035747,2019-05,Lancashire Constabulary,Lancashire Constabulary,-2.965108,53.736296,On or near Henry Street,E01024991,Fylde 009B,Violence and sexual offences,Action to be taken by another organisation,
c52367d1d87974ccee3308afb0da5723f3b3ec9d71b1e94758ead4225395f289,2019-05,Lancashire Constabulary,Lancashire Constabulary,-2.968125,53.738285,On or near Upper Westby Street,E01024991,Fylde 009B,Violence and sexual offences,Status update unavailable,
4fe8ebfe4491e2d21e0fbf7051393e0deb151a2b53bba8850eaf3f1eb5d24f35,2019-05,Lancashire Constabulary,Lancashire Constabulary,-2.965108,53.736296,On or near Henry Street,E01024991,Fylde 009B,Violence and sexual offences,Action to be taken by another organisation,
ef7f6604c64a9a80d053e9eb1a9edbe7e00f6864b4409f349a5a9125be467052,2019-05,Lancashire Constabulary,Lancashire Constabulary,-2.965124,53.736332,On or near Queen Street,E01024991,Fylde 009B,Violence and sexual offences,Unable to prosecute suspect,
084d3d78b3ee8516eb6fb19f86ae4ec6eee0aeebaf72108ee2b2cca2574fb1cc,2019-05,Lancashire Constabulary,Lancashire Constabulary,-2.965108,53.736296,On or near Henry Street,E01024991,Fylde 009B,Violence and sexual offences,Action to be taken by another organisation,
f2d92ca583dd58374c81cbcd2ddbbd6cc7a0812701f67c310f3d60a4cb9e14be,2019-05,Lancashire Constabulary,Lancashire Constabulary,-2.966487,53.740240,On or near Alder Grove,E01024992,Fylde 009C,Public order,Status update unavailable,
b80f1f8018d78169c5f2b099f3dca969e58f08cd3a78a57825af4d857ac85085,2019-05,Lancashire Constabulary,Lancashire Constabulary,-2.940233,53.744565,On or near Mornington Road,E01025020,Fylde 009D,Other theft,Status update unavailable,
bda59624106cc5b724fe91dcf852f3ee2dccb11ac0e1214d51489fe85539d83b,2019-05,Lancashire Constabulary,Lancashire Constabulary,-2.941310,53.743901,On or near Meadow Lane,E01025020,Fylde 009D,Robbery,Status update unavailable,
,2019-05,Lancashire Constabulary,Lancashire Constabulary,-2.957458,53.743215,On or near Wykeham Road,E01025021,Fylde 009E,Anti-social behaviour,,
,2019-05,Lancashire Constabulary,Lancashire Constabulary,-2.954567,53.740740,On or near Mythop Avenue,E01025021,Fylde 009E,Anti-social behaviour,,
202e216f4a2749b038f38afedec522b7577ea3d19050c62b3df3c3d9ba74ebc8,2019-05,Lancashire Constabulary,Lancashire Constabulary,-2.956301,53.739683,On or near Badgers Walk West,E01025021,Fylde 009E,Shoplifting,Awaiting court outcome,
e2cebf6cf71dbd0e49ba3f8d2044f3aab07a2ca0197d1ecadcf9ac8a2f67ff21,2019-05,Lancashire Constabulary,Lancashire Constabulary,-2.956979,53.744127,On or near Bellingham Road,E01025021,Fylde 009E,Violence and sexual offences,Status update unavailable,
8fa54072413437b0c89b53014563d20dabe9dc0b5e4c00d7abf914b40a58f4e8,2019-05,Lancashire Constabulary,Lancashire Constabulary,-2.956801,53.745000,On or near Norfolk Road,E01025021,Fylde 009E,Violence and sexual offences,Further investigation is not in the public interest,
e3e301407fccaa727fb13e04e0daa3eb34ed7fd18f64629d82b0fdf0ba3c4a13,2019-05,Lancashire Constabulary,Lancashire Constabulary,-2.956398,53.741947,On or near South Holme,E01025021,Fylde 009E,Violence and sexual offences,Status update unavailable,
71307ba0bc16db43286ec47780a398251476bf28e294cfd0d7f613beede0432c,2019-05,Lancashire Constabulary,Lancashire Constabulary,-2.953589,53.739759,On or near Badgers Walk East,E01025021,Fylde 009E,Violence and sexual offences,Status update unavailable,
5858a7cc52fb9a025a8b8893811901a2123faba9f8412a2f21c462ba4d7b8ead,2019-05,Lancashire Constabulary,Lancashire Constabulary,-2.953589,53.739759,On or near Badgers Walk East,E01025021,Fylde 009E,Violence and sexual offences,Unable to prosecute suspect,
40da026c1608e0d158bb24d3b61777fe2250255db2eb14f0839f37f8a74b23de,2019-05,Lancashire Constabulary,Lancashire Constabulary,-2.957181,53.740377,On or near Brookfield Terrace,E01025021,Fylde 009E,Violence and sexual offences,Local resolution,
20aebc76d69c6b1da959cd0d773377b5449d3976101d438613aaede1b411ae5e,2019-05,Lancashire Constabulary,Lancashire Constabulary,-2.943404,53.739237,On or near Merton Terrace,E01025022,Fylde 009F,Burglary,Status update unavailable,
5e91dca545d5845f7244306200a71f2f7e4669d218b94919f73c822cc1b8a620,2019-05,Lancashire Constabulary,Lancashire Constabulary,-2.943404,53.739237,On or near Merton Terrace,E01025022,Fylde 009F,Other theft,Status update unavailable,
095ef7319acb27d2b693c7eddb101c7a15bb3c3aabbea479947cc4bdac377bd4,2019-05,Lancashire Constabulary,Lancashire Constabulary,-2.941599,53.739890,On or near Burnham Place,E01025022,Fylde 009F,Vehicle crime,Status update unavailable,
77623106cb60847c7d84156fe541f82d966c1fcf1d318eb94c3fdf5b0f2c79c7,2019-05,Lancashire Constabulary,Lancashire Constabulary,-2.945001,53.741490,On or near Preston Road,E01025022,Fylde 009F,Violence and sexual offences,Unable to prosecute suspect,
64ea67714a6d0caea812253e7ea414b7a463a7089bb098d63f39a2ae6b45686c,2019-05,Lancashire Constabulary,Lancashire Constabulary,-2.945001,53.741490,On or near Preston Road,E01025022,Fylde 009F,Violence and sexual offences,Status update unavailable,
c693c8dad0ac824fd5906730733643f9bd65721ee750d357494bb24416a566c9,2019-05,Lancashire Constabulary,Lancashire Constabulary,-2.742197,53.342288,On or near Brackley Street,E01012430,Halton 012E,Violence and sexual offences,Unable to prosecute suspect,
,2019-05,Lancashire Constabulary,Lancashire Constabulary,-2.407607,53.782003,On or near Garden Street,E01025060,Hyndburn 001A,Anti-social behaviour,,
bdb368443b798c9c9a8d9f4e6909a082273d779c775942768ca910c8470ad2fc,2019-05,Lancashire Constabulary,Lancashire Constabulary,-2.408840,53.780885,On or near Hope Street,E01025060,Hyndburn 001A,Burglary,Status update unavailable,
8f327d5e88db5ac1c199b998ea336025e2beca4efbeb15457c3967a493d61878,2019-05,Lancashire Constabulary,Lancashire Constabulary,-2.408840,53.780885,On or near Hope Street,E01025060,Hyndburn 001A,Burglary,Status update unavailable,
2868597c11ca23547f3be9828dfcbbf353b07b761ad41574fa1e7381d0c9b787,2019-05,Lancashire Constabulary,Lancashire Constabulary,-2.404914,53.782884,On or near Wellington Street,E01025060,Hyndburn 001A,Other theft,Investigation complete; no suspect identified,
25391b58aa6972f15d537f499434ebb972dc2d604a24cac0e005fbae75ec3ca8,2019-05,Lancashire Constabulary,Lancashire Constabulary,-2.404914,53.782884,On or near Wellington Street,E01025060,Hyndburn 001A,Public order,Status update unavailable,
bf669c00d733c5086fe7716a096a6a5e93ba964e344c07de47e1bfc56a36f2dd,2019-05,Lancashire Constabulary,Lancashire Constabulary,-2.404552,53.783173,On or near Orchard Street,E01025060,Hyndburn 001A,Vehicle crime,Status update unavailable,
0f5e69767e937c78de6cdaca258ce90167f82eba8aaf0bf6ce131e25048b61a4,2019-05,Lancashire Constabulary,Lancashire Constabulary,-2.408840,53.780885,On or near Hope Street,E01025060,Hyndburn 001A,Violence and sexual offences,Offender given a caution,
c7b5e2bb235ee9373420f749d91299298d95c3e7896185cfeaa9441a0e191f12,2019-05,Lancashire Constabulary,Lancashire Constabulary,-2.407607,53.782003,On or near Garden Street,E01025060,Hyndburn 001A,Violence and sexual offences,Unable to prosecute suspect,
,2019-05,Lancashire Constabulary,Lancashire Constabulary,-2.395787,53.785521,On or near Station Road,E01025061,Hyndburn 001B,Anti-social behaviour,,
,2019-05,Lancashire Constabulary,Lancashire Constabulary,-2.395787,53.785521,On or near Station Road,E01025061,Hyndburn 001B,Anti-social behaviour,,
,2019-05,Lancashire Constabulary,Lancashire Constabulary,-2.395787,53.785521,On or near Station Road,E01025061,Hyndburn 001B,Anti-social behaviour,,
,2019-05,Lancashire Constabulary,Lancashire Constabulary,-2.392758,53.786223,On or near Heys Lane,E01025061,Hyndburn 001B,Anti-social behaviour,,
0055c02216b6561b58f60e96d0f0295db6188cecab4ce4d56a4faa0a86c30fc6,2019-05,Lancashire Constabulary,Lancashire Constabulary,-2.399782,53.785859,On or near Princess Street,E01025061,Hyndburn 001B,Public order,Offender given penalty notice,
4cdba6f93d8520c1e43c60c486d99e1b9c5e88b16d6590ee7e0ce1ee4cd2cf4e,2019-05,Lancashire Constabulary,Lancashire Constabulary,-2.389503,53.791959,On or near Harwood New Road,E01025061,Hyndburn 001B,Violence and sexual offences,Unable to prosecute suspect,
da824e9eb866500ca03552f4166c3859b349a5a6de6fd7f27a907ca51cd397ca,2019-05,Lancashire Constabulary,Lancashire Constabulary,-2.399782,53.785859,On or near Princess Street,E01025061,Hyndburn 001B,Violence and sexual offences,Unable to prosecute suspect,
,2019-05,Lancashire Constabulary,Lancashire Constabulary,-2.400200,53.783493,On or near Albert Street,E01025062,Hyndburn 001C,Anti-social behaviour,,
,2019-05,Lancashire Constabulary,Lancashire Constabulary,-2.406237,53.784785,On or near Glebe Street,E01025062,Hyndburn 001C,Anti-social behaviour,,
,2019-05,Lancashire Constabulary,Lancashire Constabulary,-2.399881,53.785130,On or near Cross Street,E01025062,Hyndburn 001C,Anti-social behaviour,,
,2019-05,Lancashire Constabulary,Lancashire Constabulary,-2.399881,53.785130,On or near Cross Street,E01025062,Hyndburn 001C,Anti-social behaviour,,
,2019-05,Lancashire Constabulary,Lancashire Constabulary,-2.407597,53.784116,On or near Hesketh Street,E01025062,Hyndburn 001C,Anti-social behaviour,,
,2019-05,Lancashire Constabulary,Lancashire Constabulary,-2.400345,53.782846,On or near Union Court,E01025062,Hyndburn 001C,Anti-social behaviour,,
,2019-05,Lancashire Constabulary,Lancashire Constabulary,-2.405975,53.785946,On or near Back Queen Street,E01025062,Hyndburn 001C,Anti-social behaviour,,
,2019-05,Lancashire Constabulary,Lancashire Constabulary,-2.398031,53.785271,On or near Lewis Street,E01025062,Hyndburn 001C,Anti-social behaviour,,
b7872989fa382cc6e2072985f6db11dc142d095a6571177b1611b6296c28c05d,2019-05,Lancashire Constabulary,Lancashire Constabulary,-2.399881,53.785130,On or near Cross Street,E01025062,Hyndburn 001C,Criminal damage and arson,Status update unavailable,
01a34da624d5779af887dca965dbd39e382f96534a0284759081e088477a1ca3,2019-05,Lancashire Constabulary,Lancashire Constabulary,-2.407445,53.785689,On or near Shopping Area,E01025062,Hyndburn 001C,Public order,Status update unavailable,
8efaaa5a758f18db92cb0eced8acdcad060a8554c7337a4c69418cfdbcc9271a,2019-05,Lancashire Constabulary,Lancashire Constabulary,-2.407445,53.785689,On or near Shopping Area,E01025062,Hyndburn 001C,Shoplifting,Status update unavailable,
696b862ee97aa4f38c37e27cedd872375fe0285d7e292fb86efd566e94bcf04c,2019-05,Lancashire Constabulary,Lancashire Constabulary,-2.407866,53.785238,On or near Town Hall Street,E01025062,Hyndburn 001C,Shoplifting,Status update unavailable,
0666fc1a2c03377ef5d84ed3367bbe28f6f6b27d32115e5d3209fd1a1e85e3ec,2019-05,Lancashire Constabulary,Lancashire Constabulary,-2.402542,53.785643,On or near Parking Area,E01025062,Hyndburn 001C,Vehicle crime,Status update unavailable,
2ec2e7bc3f1612db4567865223bc3507cb6041183ed3f2d960985c0c6d49668c,2019-05,Lancashire Constabulary,Lancashire Constabulary,-2.401376,53.784298,On or near Cambridge Street,E01025062,Hyndburn 001C,Violence and sexual offences,Unable to prosecute suspect,
7bde354777b996489cc942802bb0f1500ca91aa205fc257ae80136bfa0d0a55f,2019-05,Lancashire Constabulary,Lancashire Constabulary,-2.398845,53.784630,On or near Hameldon View,E01025062,Hyndburn 001C,Violence and sexual offences,Status update unavailable,
97ccc156d565d4d036df19841359edfc0abd2e3accf40f45385e3e4b785d96ec,2019-05,Lancashire Constabulary,Lancashire Constabulary,-2.402751,53.785220,On or near Mercer Street,E01025062,Hyndburn 001C,Violence and sexual offences,Unable to prosecute suspect,
,2019-05,Lancashire Constabulary,Lancashire Constabulary,-2.414323,53.785899,On or near Edge End Road,E01025063,Hyndburn 001D,Anti-social behaviour,,
,2019-05,Lancashire Constabulary,Lancashire Constabulary,-2.415204,53.781411,On or near Milton Close,E01025063,Hyndburn 001D,Anti-social behaviour,,
,2019-05,Lancashire Constabulary,Lancashire Constabulary,-2.416059,53.781956,On or near Masefield Close,E01025063,Hyndburn 001D,Anti-social behaviour,,
,2019-05,Lancashire Constabulary,Lancashire Constabulary,-2.415204,53.781411,On or near Milton Close,E01025063,Hyndburn 001D,Anti-social behaviour,,
,2019-05,Lancashire Constabulary,Lancashire Constabulary,-2.412015,53.781152,On or near Springfield Road,E01025063,Hyndburn 001D,Anti-social behaviour,,
,2019-05,Lancashire Constabulary,Lancashire Constabulary,-2.415204,53.781411,On or near Milton Close,E01025063,Hyndburn 001D,Anti-social behaviour,,
,2019-05,Lancashire Constabulary,Lancashire Constabulary,-2.412015,53.781152,On or near Springfield Road,E01025063,Hyndburn 001D,Anti-social behaviour,,
7c55ceda6727b73fc3b28756f932dce1fa8dfd5a84c80bfc022f68f83b94b48d,2019-05,Lancashire Constabulary,Lancashire Constabulary,-2.412015,53.781152,On or near Springfield Road,E01025063,Hyndburn 001D,Criminal damage and arson,Unable to prosecute suspect,
f68756db3bce4b6daa1b82f7bbf2f8033a2ad99d6390a715d406e10e857d4438,2019-05,Lancashire Constabulary,Lancashire Constabulary,-2.415642,53.782767,On or near Kipling Place,E01025063,Hyndburn 001D,Public order,Status update unavailable,
b85846b476dadb338b651190a5edd17f829a17938baae14ca6ffc63e54ee198f,2019-05,Lancashire Constabulary,Lancashire Constabulary,-2.412015,53.781152,On or near Springfield Road,E01025063,Hyndburn 001D,Public order,Unable to prosecute suspect,
a12b7175df5234cb2d567fc4d2291c3b529d989bee6b530612418a9b49ffe15b,2019-05,Lancashire Constabulary,Lancashire Constabulary,-2.412015,53.781152,On or near Springfield Road,E01025063,Hyndburn 001D,Public order,Status update unavailable,
b97312f2beb06308dce6c12705bd99dc33cab659a26e6c03534987b4b8e95aa4,2019-05,Lancashire Constabulary,Lancashire Constabulary,-2.411972,53.786069,On or near The Lodge,E01025063,Hyndburn 001D,Violence and sexual offences,Unable to prosecute suspect,
e3e46ed0c069c1b6da4cd4c93320319034de470427a78db8514e585a0873f40c,2019-05,Lancashire Constabulary,Lancashire Constabulary,-2.412632,53.780674,On or near Shakespeare Avenue,E01025063,Hyndburn 001D,Violence and sexual offences,Status update unavailable,
4178dfadc6cae69b955ebe42ebc12dfb9d7d36252f679b681dbff40df3372273,2019-05,Lancashire Constabulary,Lancashire Constabulary,-2.415941,53.783799,On or near Spencer Grove,E01025063,Hyndburn 001D,Violence and sexual offences,Unable to prosecute suspect,
51dddd5a1d47dece2bf00a6c1ad9d8d8b4d459b157849ae29e097cbf118a17fb,2019-05,Lancashire Constabulary,Lancashire Constabulary,-2.410260,53.781725,On or near Waverledge Street,E01025063,Hyndburn 001D,Violence and sexual offences,Further investigation is not in the public interest,
0ea3fcaf2b216ab7ef406908d08b2ff9f2798b4fb9ca79629189debe33c18e7f,2019-05,Lancashire Constabulary,Lancashire Constabulary,-2.410260,53.781725,On or near Waverledge Street,E01025063,Hyndburn 001D,Violence and sexual offences,Status update unavailable,
,2019-05,Lancashire Constabulary,Lancashire Constabulary,-2.426403,53.788823,On or near Smalley Thorn Brow,E01025064,Hyndburn 001E,Anti-social behaviour,,
,2019-05,Lancashire Constabulary,Lancashire Constabulary,-2.408563,53.803877,On or near Dean Lane,E01025064,Hyndburn 001E,Anti-social behaviour,,
26b49bba0821e625c19b3dc5f556bf91fdd7ef1171875d201c7f5fb6852ede86,2019-05,Lancashire Constabulary,Lancashire Constabulary,-2.409611,53.791497,On or near Cliffe Lane,E01025064,Hyndburn 001E,Criminal damage and arson,Status update unavailable,
3467fa81ab01f2901a97719ee9ee7a91754a8723f7aff875a0e0fa9cc6d1c1f0,2019-05,Lancashire Constabulary,Lancashire Constabulary,-2.416998,53.792487,On or near Ridgeway,E01025064,Hyndburn 001E,Other theft,Status update unavailable,
,2019-05,Lancashire Constabulary,Lancashire Constabulary,-2.409531,53.784801,On or near Holgate Street,E01025065,Hyndburn 001F,Anti-social behaviour,,
,2019-05,Lancashire Constabulary,Lancashire Constabulary,-2.409531,53.784801,On or near Holgate Street,E01025065,Hyndburn 001F,Anti-social behaviour,,
,2019-05,Lancashire Constabulary,Lancashire Constabulary,-2.409441,53.786500,On or near Bridge Street,E01025065,Hyndburn 001F,Anti-social behaviour,,
,2019-05,Lancashire Constabulary,Lancashire Constabulary,-2.409531,53.784801,On or near Holgate Street,E01025065,Hyndburn 001F,Anti-social behaviour,,
28112dc70c6f1a04942501c90050892424066eceda5204163082d5ec0b1ea843,2019-05,Lancashire Constabulary,Lancashire Constabulary,-2.407422,53.786426,On or near Back Church Street,E01025065,Hyndburn 001F,Other theft,Status update unavailable,
f2068882a9c61dbddb27a67daa3598f95912c25e30e9179f3684f15b87e43f90,2019-05,Lancashire Constabulary,Lancashire Constabulary,-2.409531,53.784801,On or near Holgate Street,E01025065,Hyndburn 001F,Public order,Status update unavailable,
1d7cd36b6d6dd8d11aac16f1ff807e72d65f8e0848a6c63e35c81e9576168ed5,2019-05,Lancashire Constabulary,Lancashire Constabulary,-2.410582,53.785229,On or near King Street,E01025065,Hyndburn 001F,Public order,Status update unavailable,
c7482bd40aa92886f60e8402a5b1764271d6c99fb594ff73febcf75d0d4383bd,2019-05,Lancashire Constabulary,Lancashire Constabulary,-2.406163,53.788030,On or near St Lawrence Street,E01025065,Hyndburn 001F,Vehicle crime,Status update unavailable,
f59c30141648bcb3d59845f79b5d748c46e1829ed22703e5b8a6387e152fbd8d,2019-05,Lancashire Constabulary,Lancashire Constabulary,-2.404155,53.789233,On or near Spring Avenue,E01025065,Hyndburn 001F,Vehicle crime,Status update unavailable,
1f2481df86f1e77f62e33e22501abd857334f22e6e4e4821a898bb2453bc27c9,2019-05,Lancashire Constabulary,Lancashire Constabulary,-2.406465,53.787921,On or near Parking Area,E01025065,Hyndburn 001F,Vehicle crime,Status update unavailable,
06d9ddc20084a4f94258eb21025f3a1e8e032ff3639c87f310a76125751e6cf3,2019-05,Lancashire Constabulary,Lancashire Constabulary,-2.410043,53.787532,On or near Gladstone Street,E01025065,Hyndburn 001F,Violence and sexual offences,Unable to prosecute suspect,
bbf4f4521a316bee58991ee66712bda67f36c3b402eb2f56c7c5ce8cd8181f66,2019-05,Lancashire Constabulary,Lancashire Constabulary,-2.409531,53.784801,On or near Holgate Street,E01025065,Hyndburn 001F,Violence and sexual offences,Status update unavailable,
b875ee05472041162cced45ee3b6fb3ad1a9381b2dcc06c549061a990fa2325a,2019-05,Lancashire Constabulary,Lancashire Constabulary,-2.409531,53.784801,On or near Holgate Street,E01025065,Hyndburn 001F,Violence and sexual offences,Unable to prosecute suspect,
549fb980cbaf1917ae81028c6af273c0fcb31fb0a740be5c1bd6df816124ad55,2019-05,Lancashire Constabulary,Lancashire Constabulary,-2.410043,53.787532,On or near Gladstone Street,E01025065,Hyndburn 001F,Other crime,Status update unavailable,
,2019-05,Lancashire Constabulary,Lancashire Constabulary,-2.400894,53.786277,On or near Victoria Street,E01025066,Hyndburn 001G,Anti-social behaviour,,
,2019-05,Lancashire Constabulary,Lancashire Constabulary,-2.403492,53.786556,On or near Parking Area,E01025066,Hyndburn 001G,Anti-social behaviour,,
,2019-05,Lancashire Constabulary,Lancashire Constabulary,-2.403492,53.786556,On or near Parking Area,E01025066,Hyndburn 001G,Anti-social behaviour,,
4a7f1c79d9d240f20621c68a24ef15521a5954788831d8691ccb13760c89da67,2019-05,Lancashire Constabulary,Lancashire Constabulary,-2.397173,53.789265,On or near Coronation Street,E01025066,Hyndburn 001G,Criminal damage and arson,Status update unavailable,
62e5a32217d1ab3403f49c0291264e249946eb5fb25b5eee61cdcebbd1cd79b7,2019-05,Lancashire Constabulary,Lancashire Constabulary,-2.395509,53.791401,On or near Mercer Drive,E01025066,Hyndburn 001G,Criminal damage and arson,Unable to prosecute suspect,
b83c57f1f98f4ceab92e038b7332da886750fbb086f8076c53b22de7b728753c,2019-05,Lancashire Constabulary,Lancashire Constabulary,-2.400181,53.789480,On or near Alexandra Place,E01025066,Hyndburn 001G,Drugs,Offender given penalty notice,
fb77c9c96dbfb56388fe794755553423ecb0cf17d5ce69fed8b7b6d03dee47cb,2019-05,Lancashire Constabulary,Lancashire Constabulary,-2.401893,53.786031,On or near Queen Street,E01025066,Hyndburn 001G,Other theft,Unable to prosecute suspect,
f4c68dadae1cf6959cc88d7b0ad954be300c2ed3af9230b3d1ae1196a2eaa5d2,2019-05,Lancashire Constabulary,Lancashire Constabulary,-2.400177,53.787529,On or near Sports/Recreation Area,E01025066,Hyndburn 001G,Public order,Status update unavailable,
16c39f5dded29f49d2c2c1fbe8d98308837575771ada243a41a58568770bef59,2019-05,Lancashire Constabulary,Lancashire Constabulary,-2.401893,53.786031,On or near Queen Street,E01025066,Hyndburn 001G,Public order,Status update unavailable,
7602f26e1e18b847f39263e1a6e4a13ad5fea8445956665fed09b22301dcf560,2019-05,Lancashire Constabulary,Lancashire Constabulary,-2.400177,53.787529,On or near Sports/Recreation Area,E01025066,Hyndburn 001G,Shoplifting,Status update unavailable,
cd3883cd8a05f337c7b5f1f67300deae5ab2e277762fb86c0a598bc46364f532,2019-05,Lancashire Constabulary,Lancashire Constabulary,-2.403492,53.786556,On or near Parking Area,E01025066,Hyndburn 001G,Shoplifting,Status update unavailable,
cacf707f93409760b39348bd26c6aa91bb03f37529f3921b41ffd9069436e376,2019-05,Lancashire Constabulary,Lancashire Constabulary,-2.396728,53.790282,On or near Empire Street,E01025066,Hyndburn 001G,Violence and sexual offences,Local resolution,
706cd8cc0ebf65498d1980f7051db20e6e57e7bf6d7c4804e6a192fc398414fe,2019-05,Lancashire Constabulary,Lancashire Constabulary,-2.396728,53.790282,On or near Empire Street,E01025066,Hyndburn 001G,Violence and sexual offences,Status update unavailable,
1c3dba00325c28c0b5b38e7ccb53013db8dabc90a5364ef6850afc12f22fce04,2019-05,Lancashire Constabulary,Lancashire Constabulary,-2.397173,53.789265,On or near Coronation Street,E01025066,Hyndburn 001G,Violence and sexual offences,Action to be taken by another organisation,
cd0c9000e2ed79ca6aab261347e70fade29c9bdbbf44d9282e7b0b4fdd775f4a,2019-05,Lancashire Constabulary,Lancashire Constabulary,-2.397173,53.789265,On or near Coronation Street,E01025066,Hyndburn 001G,Violence and sexual offences,Status update unavailable,
baa972abb024d379631d8c39b17196116776ced34c2238d8222084a7d2d3c003,2019-05,Lancashire Constabulary,Lancashire Constabulary,-2.401893,53.786031,On or near Queen Street,E01025066,Hyndburn 001G,Violence and sexual offences,Unable to prosecute suspect,
64d42e17c6a9b1b9ddb819f344bf878aa961b7bbdec14b1e009233dc2635b3e8,2019-05,Lancashire Constabulary,Lancashire Constabulary,-2.399041,53.789277,On or near Park Avenue,E01025066,Hyndburn 001G,Violence and sexual offences,Status update unavailable,
b1acd703d53b3dea79eb186ebee62e8d727c9921f1ed81f6b4d9db418f6b6e82,2019-05,Lancashire Constabulary,Lancashire Constabulary,-2.403492,53.786556,On or near Parking Area,E01025066,Hyndburn 001G,Violence and sexual offences,Status update unavailable,
,2019-05,Lancashire Constabulary,Lancashire Constabulary,-2.379884,53.782445,On or near Sports/Recreation Area,E01025032,Hyndburn 002A,Anti-social behaviour,,
,2019-05,Lancashire Constabulary,Lancashire Constabulary,-2.380408,53.776682,On or near Devonshire Drive,E01025032,Hyndburn 002A,Anti-social behaviour,,
6e06e0beb501dc8be32774126e3aeadc0be962b21b71a7344c580ebe7fb3a15d,2019-05,Lancashire Constabulary,Lancashire Constabulary,-2.380043,53.783298,On or near Chestnut Grove,E01025032,Hyndburn 002A,Burglary,Status update unavailable,
45ecee6baf7562280fa43fc67f755c428b39d25196bf90d0c0e3c2834e035444,2019-05,Lancashire Constabulary,Lancashire Constabulary,-2.382746,53.778400,On or near Norfolk Close,E01025032,Hyndburn 002A,Burglary,Status update unavailable,
4f9013b4477086ca0766bf8bc0ead8c5f057b0811852930a39d93b08aaddb499,2019-05,Lancashire Constabulary,Lancashire Constabulary,-2.381979,53.772552,On or near King Street,E01025032,Hyndburn 002A,Shoplifting,Status update unavailable,
c535cc055dc1b4f928591d567b2a9a7446fdd9ed939140b4425277f50cfa288a,2019-05,Lancashire Constabulary,Lancashire Constabulary,-2.380403,53.777734,On or near Lancaster Drive,E01025032,Hyndburn 002A,Violence and sexual offences,Status update unavailable,
2846179ab340e8855cb20b84e313f857d584025b0d630f71a0728be7c29a4cf8,2019-05,Lancashire Constabulary,Lancashire Constabulary,-2.382201,53.778528,On or near Warwick Avenue,E01025032,Hyndburn 002A,Violence and sexual offences,Status update unavailable,
578a261a71716a32db21dcfc5dabd7e9fecb2337d8720d2a473046fdc80079b4,2019-05,Lancashire Constabulary,Lancashire Constabulary,-2.380322,53.772179,On or near Duke Street,E01025032,Hyndburn 002A,Violence and sexual offences,Unable to prosecute suspect,
4b012afb2372750498ef8e18fdf75545f030240079cb23f6930b3257fccf0a97,2019-05,Lancashire Constabulary,Lancashire Constabulary,-2.383883,53.778289,On or near Whalley Road,E01025032,Hyndburn 002A,Violence and sexual offences,Unable to prosecute suspect,
,2019-05,Lancashire Constabulary,Lancashire Constabulary,-2.363640,53.767800,On or near Whinney Hill Road,E01025033,Hyndburn 002B,Anti-social behaviour,,
,2019-05,Lancashire Constabulary,Lancashire Constabulary,-2.343598,53.789970,On or near Shorten Brook Drive,E01025033,Hyndburn 002B,Anti-social behaviour,,
,2019-05,Lancashire Constabulary,Lancashire Constabulary,-2.374309,53.776782,On or near Henfield Close,E01025033,Hyndburn 002B,Anti-social behaviour,,
,2019-05,Lancashire Constabulary,Lancashire Constabulary,-2.371206,53.767354,On or near Tunstall Drive,E01025033,Hyndburn 002B,Anti-social behaviour,,
,2019-05,Lancashire Constabulary,Lancashire Constabulary,-2.352106,53.770935,On or near Enfield Road,E01025033,Hyndburn 002B,Anti-social behaviour,,
,2019-05,Lancashire Constabulary,Lancashire Constabulary,-2.352106,53.770935,On or near Enfield Road,E01025033,Hyndburn 002B,Anti-social behaviour,,
,2019-05,Lancashire Constabulary,Lancashire Constabulary,-2.375655,53.776275,On or near Martholme Avenue,E01025033,Hyndburn 002B,Anti-social behaviour,,
97309ce998445178deece7ac65366151826e807aad82b79591f702158aa5fea4,2019-05,Lancashire Constabulary,Lancashire Constabulary,-2.372950,53.767187,On or near Wittlewood Drive,E01025033,Hyndburn 002B,Burglary,Status update unavailable,
77cfd621fe388b5b1663eb1ed8b0b9cafa3f1471c652a12e0cd69833e0642838,2019-05,Lancashire Constabulary,Lancashire Constabulary,-2.372950,53.767187,On or near Wittlewood Drive,E01025033,Hyndburn 002B,Criminal damage and arson,Status update unavailable,
7aaa03e92aa0c7b56064ed0d0611e4708906eabf0a7256bd77a5d2fcc5f473c0,2019-05,Lancashire Constabulary,Lancashire Constabulary,-2.352106,53.770935,On or near Enfield Road,E01025033,Hyndburn 002B,Other theft,Status update unavailable,
b8bc45a3fdf924714b41934cd1b3e386f56645ba90d63fd5764d11954ea0578f,2019-05,Lancashire Constabulary,Lancashire Constabulary,-2.363640,53.767800,On or near Whinney Hill Road,E01025033,Hyndburn 002B,Public order,Further investigation is not in the public interest,
d78ee1cf65c437c1a1b403a06fc17f566bf27c1f9515eb727afd8b4204ba3760,2019-05,Lancashire Constabulary,Lancashire Constabulary,-2.378014,53.775332,On or near Simmons Way,E01025033,Hyndburn 002B,Violence and sexual offences,Unable to prosecute suspect,
66f7fb10582037123007caf4d77a4456596a97da27a976103892a399c07f5a1e,2019-05,Lancashire Constabulary,Lancashire Constabulary,-2.352106,53.770935,On or near Enfield Road,E01025033,Hyndburn 002B,Violence and sexual offences,Status update unavailable,
38545e1b321b18ec6863bdf5a2d2aafd4db72985998c9b854efc33905829a440,2019-05,Lancashire Constabulary,Lancashire Constabulary,-2.372343,53.767216,On or near Ringwood Close,E01025033,Hyndburn 002B,Violence and sexual offences,Status update unavailable,
be38e153626d9e9b136e939504e97859c5d0020754217c8d8504290b7daeecd7,2019-05,Lancashire Constabulary,Lancashire Constabulary,-2.373148,53.777568,On or near Hawthorn Gardens,E01025033,Hyndburn 002B,Violence and sexual offences,Status update unavailable,
afecf65c3d761de728388a02d866c4191e3f65a17bfc85927fca0ea0cf4099fd,2019-05,Lancashire Constabulary,Lancashire Constabulary,-2.368719,53.776089,On or near Moorfield Drive,E01025033,Hyndburn 002B,Violence and sexual offences,Status update unavailable,
,2019-05,Lancashire Constabulary,Lancashire Constabulary,-2.374083,53.766671,On or near Whalley Road,E01025034,Hyndburn 002C,Anti-social behaviour,,
531b9ef9af6e573d85c333e9a7184c54e13745c734fac4421ea6d6d53ca308d3,2019-05,Lancashire Constabulary,Lancashire Constabulary,-2.373029,53.765920,On or near Haworth Street,E01025034,Hyndburn 002C,Criminal damage and arson,Status update unavailable,
8235529d6b536e8f4505adb4500af5cf7f957573bfd697af9f50df0c42c2a2d6,2019-05,Lancashire Constabulary,Lancashire Constabulary,-2.377854,53.769365,On or near Frank Street,E01025034,Hyndburn 002C,Other theft,Status update unavailable,
9cdacf3724c5dd592d26a012cc27c85bdc71ed185113a1496575c8fa225f52ce,2019-05,Lancashire Constabulary,Lancashire Constabulary,-2.380470,53.770031,On or near Clayton Street,E01025034,Hyndburn 002C,Possession of weapons,Unable to prosecute suspect,
5120096a3a57d6e5280fa9fb8c1a1c944d9b61ec8cb25a8d07196dd59b8371e8,2019-05,Lancashire Constabulary,Lancashire Constabulary,-2.374083,53.766671,On or near Whalley Road,E01025034,Hyndburn 002C,Theft from the person,Status update unavailable,
148f541211584cd32dc2935b6d287261bb99646056809e11a9bb70ece059ebb7,2019-05,Lancashire Constabulary,Lancashire Constabulary,-2.373029,53.765920,On or near Haworth Street,E01025034,Hyndburn 002C,Vehicle crime,Status update unavailable,
898a4fe0076f9472853f6da5121cb217ddca7c0bf7b41f0a00886022c855dff5,2019-05,Lancashire Constabulary,Lancashire Constabulary,-2.378147,53.769885,On or near William Street,E01025034,Hyndburn 002C,Vehicle crime,Status update unavailable,
abbb42d406651ae75fa4f822796170cbf0be2db9aa8186ce3959976d48f21c70,2019-05,Lancashire Constabulary,Lancashire Constabulary,-2.378147,53.769885,On or near William Street,E01025034,Hyndburn 002C,Violence and sexual offences,Status update unavailable,
40854a360a5407d7d53a765f3487c4b2b1ce1ae2a2d6cf3e1e8a510aa4f8bb16,2019-05,Lancashire Constabulary,Lancashire Constabulary,-2.379111,53.769154,On or near Sydney Street,E01025034,Hyndburn 002C,Violence and sexual offences,Status update unavailable,
6b731354ad1980c72edf9fef1c1fdf5e39299d47e0dedd6e8433104ec2daf9e4,2019-05,Lancashire Constabulary,Lancashire Constabulary,-2.379091,53.768516,On or near Atlas Street,E01025034,Hyndburn 002C,Violence and sexual offences,Unable to prosecute suspect,
79ae75674fc0d415ccb5fb6eb31605711f301fe0d942b5537c5ffb5a5cc29a8c,2019-05,Lancashire Constabulary,Lancashire Constabulary,-2.378577,53.768823,On or near Melbourne Street,E01025034,Hyndburn 002C,Violence and sexual offences,Status update unavailable,
34af69ee8310fad2c2a2824066143fe1cfdcd6fa83ff603ef3877afa18f78ffe,2019-05,Lancashire Constabulary,Lancashire Constabulary,-2.375758,53.765650,On or near First Avenue,E01025034,Hyndburn 002C,Violence and sexual offences,Status update unavailable,
60654bbf194ccb0b5d68fce5135faf3b466aad4a98ed14435f0c1c7583bc415c,2019-05,Lancashire Constabulary,Lancashire Constabulary,-2.378147,53.769885,On or near William Street,E01025034,Hyndburn 002C,Violence and sexual offences,Status update unavailable,
,2019-05,Lancashire Constabulary,Lancashire Constabulary,-2.388482,53.781716,On or near Bridge Croft,E01025048,Hyndburn 002D,Anti-social behaviour,,
,2019-05,Lancashire Constabulary,Lancashire Constabulary,-2.392172,53.780275,On or near Iris Close,E01025048,Hyndburn 002D,Anti-social behaviour,,
b49e482f4fb6cb0d5ac6562858b51b4fd54b9d66961c3b76413fd8af78929e6f,2019-05,Lancashire Constabulary,Lancashire Constabulary,-2.388358,53.779784,On or near Brookland Close,E01025048,Hyndburn 002D,Vehicle crime,Status update unavailable,
,2019-05,Lancashire Constabulary,Lancashire Constabulary,-2.387874,53.776676,On or near Alma Street,E01025049,Hyndburn 002E,Anti-social behaviour,,
,2019-05,Lancashire Constabulary,Lancashire Constabulary,-2.390153,53.778592,On or near Cross Street,E01025049,Hyndburn 002E,Anti-social behaviour,,
,2019-05,Lancashire Constabulary,Lancashire Constabulary,-2.385947,53.778327,On or near Ann Street,E01025049,Hyndburn 002E,Anti-social behaviour,,
,2019-05,Lancashire Constabulary,Lancashire Constabulary,-2.389672,53.777506,On or near Chapel Street,E01025049,Hyndburn 002E,Anti-social behaviour,,
,2019-05,Lancashire Constabulary,Lancashire Constabulary,-2.385947,53.778327,On or near Ann Street,E01025049,Hyndburn 002E,Anti-social behaviour,,
,2019-05,Lancashire Constabulary,Lancashire Constabulary,-2.384275,53.774674,On or near Parking Area,E01025049,Hyndburn 002E,Anti-social behaviour,,
,2019-05,Lancashire Constabulary,Lancashire Constabulary,-2.387874,53.776676,On or near Alma Street,E01025049,Hyndburn 002E,Anti-social behaviour,,
,2019-05,Lancashire Constabulary,Lancashire Constabulary,-2.389672,53.777506,On or near Chapel Street,E01025049,Hyndburn 002E,Anti-social behaviour,,
,2019-05,Lancashire Constabulary,Lancashire Constabulary,-2.384726,53.777594,On or near Jackson Street,E01025049,Hyndburn 002E,Anti-social behaviour,,
,2019-05,Lancashire Constabulary,Lancashire Constabulary,-2.386138,53.776017,On or near George Street,E01025049,Hyndburn 002E,Anti-social behaviour,,
,2019-05,Lancashire Constabulary,Lancashire Constabulary,-2.390153,53.778592,On or near Cross Street,E01025049,Hyndburn 002E,Anti-social behaviour,,
,2019-05,Lancashire Constabulary,Lancashire Constabulary,-2.385947,53.778327,On or near Ann Street,E01025049,Hyndburn 002E,Anti-social behaviour,,
,2019-05,Lancashire Constabulary,Lancashire Constabulary,-2.388309,53.776081,On or near Daniel Street,E01025049,Hyndburn 002E,Anti-social behaviour,,
,2019-05,Lancashire Constabulary,Lancashire Constabulary,-2.390728,53.778411,On or near Crowther Street,E01025049,Hyndburn 002E,Anti-social behaviour,,
,2019-05,Lancashire Constabulary,Lancashire Constabulary,-2.389672,53.777506,On or near Chapel Street,E01025049,Hyndburn 002E,Anti-social behaviour,,
,2019-05,Lancashire Constabulary,Lancashire Constabulary,-2.384055,53.775520,On or near Mercer Street,E01025049,Hyndburn 002E,Anti-social behaviour,,
,2019-05,Lancashire Constabulary,Lancashire Constabulary,-2.388309,53.776081,On or near Daniel Street,E01025049,Hyndburn 002E,Anti-social behaviour,,
9b055da77fd8cb18afddbf0acfae5b51e7915ad02c4d43b57ca081e8db8f8dd0,2019-05,Lancashire Constabulary,Lancashire Constabulary,-2.390153,53.778592,On or near Cross Street,E01025049,Hyndburn 002E,Burglary,Status update unavailable,
9a6ec12ba859d04a94dcce564a47dae08015e2fb18063fefca704a4c2e33b137,2019-05,Lancashire Constabulary,Lancashire Constabulary,-2.390153,53.778592,On or near Cross Street,E01025049,Hyndburn 002E,Burglary,Status update unavailable,
5d5b90ba574873d812c363217ffa4f45ee12dc9cdba13bd75e3bfb9788c30b4f,2019-05,Lancashire Constabulary,Lancashire Constabulary,-2.389672,53.777506,On or near Chapel Street,E01025049,Hyndburn 002E,Criminal damage and arson,Status update unavailable,
71b4101dde3dabf78b2336bdeae720aa1b19e8969b71d17b2a29b07260feefae,2019-05,Lancashire Constabulary,Lancashire Constabulary,-2.384394,53.776139,On or near New Church Close,E01025049,Hyndburn 002E,Criminal damage and arson,Unable to prosecute suspect,
1a47b60e02c46049d01875da48c06d3ac743cad8cca30ff2a58fa31dc7f027e4,2019-05,Lancashire Constabulary,Lancashire Constabulary,-2.390153,53.778592,On or near Cross Street,E01025049,Hyndburn 002E,Criminal damage and arson,Status update unavailable,
03680f090e3dba8f513eb70063cad3c892a4149475aa405b5a043b8b98a085c0,2019-05,Lancashire Constabulary,Lancashire Constabulary,-2.384726,53.777594,On or near Jackson Street,E01025049,Hyndburn 002E,Criminal damage and arson,Status update unavailable,
b4af0300fa887610e4d311d1b0df18bd8db64112b5123f409d9ef7574257272c,2019-05,Lancashire Constabulary,Lancashire Constabulary,-2.384957,53.774627,On or near Barnes Square,E01025049,Hyndburn 002E,Criminal damage and arson,Status update unavailable,
c58b43aa99deb280be865653893e7349d7976ee3c8fd068a0bd6a953789f4333,2019-05,Lancashire Constabulary,Lancashire Constabulary,-2.385947,53.778327,On or near Ann Street,E01025049,Hyndburn 002E,Public order,Unable to prosecute suspect,
76d5f0b3c4f249631692ecfa7f426cce34ee0a145ead7f3c3fab619ece28c6c3,2019-05,Lancashire Constabulary,Lancashire Constabulary,-2.389758,53.776913,On or near Ellison Fold,E01025049,Hyndburn 002E,Public order,Status update unavailable,
3cb3fc5dfe6f8d15828b62af5bce69db30e7023703b3e0244e628ec718b920f4,2019-05,Lancashire Constabulary,Lancashire Constabulary,-2.384055,53.775520,On or near Mercer Street,E01025049,Hyndburn 002E,Public order,Status update unavailable,
98c537c97aa3074bbd37f44a982e00d4eb6f627b17922ad5c181549e37e9093f,2019-05,Lancashire Constabulary,Lancashire Constabulary,-2.387874,53.776676,On or near Alma Street,E01025049,Hyndburn 002E,Robbery,Status update unavailable,
4e27e80986bac9be19cb43574cb08e0b12d036ce5a7d291fe781b7efb4fc1bfd,2019-05,Lancashire Constabulary,Lancashire Constabulary,-2.386917,53.778216,On or near Sparth Road,E01025049,Hyndburn 002E,Theft from the person,Status update unavailable,
47618bfa47bdb9820ee443896bebab34d9675792c632f1da5059e041808a8c45,2019-05,Lancashire Constabulary,Lancashire Constabulary,-2.385193,53.775579,On or near Victor Street,E01025049,Hyndburn 002E,Violence and sexual offences,Unable to prosecute suspect,
3b803df946fe89e54f94cb480f15577a9dd4e902edede1f0be54b5563b9f6e6b,2019-05,Lancashire Constabulary,Lancashire Constabulary,-2.385193,53.775579,On or near Victor Street,E01025049,Hyndburn 002E,Violence and sexual offences,Status update unavailable,
867d22f63e425039fb9fe7227c5bf82df0460f74a6ce001ac0846474c875545a,2019-05,Lancashire Constabulary,Lancashire Constabulary,-2.388744,53.775550,On or near Grange Street,E01025049,Hyndburn 002E,Violence and sexual offences,Status update unavailable,
95d63de1d89a4b11974e60710d5eabf5d9129e8cda22517a3e76a6580b5daa9e,2019-05,Lancashire Constabulary,Lancashire Constabulary,-2.387048,53.775897,On or near Barnes Street,E01025049,Hyndburn 002E,Violence and sexual offences,Status update unavailable,
5bf02768a4aa80b5d29e508e537d42dd9d096b0d756de3601270c38f6e69495f,2019-05,Lancashire Constabulary,Lancashire Constabulary,-2.386006,53.774840,On or near Pickup Street,E01025049,Hyndburn 002E,Violence and sexual offences,Status update unavailable,
0048a4c3584ab87055530da7c49f8d2aa46a777578993436a325c84c60e25c38,2019-05,Lancashire Constabulary,Lancashire Constabulary,-2.387874,53.776676,On or near Alma Street,E01025049,Hyndburn 002E,Violence and sexual offences,Status update unavailable,
1fa781aa5ac73a60b50942f939e22413ad741d74741fb73268c472a100baf446,2019-05,Lancashire Constabulary,Lancashire Constabulary,-2.389672,53.777506,On or near Chapel Street,E01025049,Hyndburn 002E,Other crime,Unable to prosecute suspect,
,2019-05,Lancashire Constabulary,Lancashire Constabulary,-2.385396,53.769521,On or near Beech Street,E01025050,Hyndburn 002F,Anti-social behaviour,,
,2019-05,Lancashire Constabulary,Lancashire Constabulary,-2.385396,53.769521,On or near Beech Street,E01025050,Hyndburn 002F,Anti-social behaviour,,
,2019-05,Lancashire Constabulary,Lancashire Constabulary,-2.391459,53.768917,On or near Conference/Exhibition Centre,E01025050,Hyndburn 002F,Anti-social behaviour,,
580c2acebfb7108283891a83c57d692faecf4205102814aa1ecf54e0071199e5,2019-05,Lancashire Constabulary,Lancashire Constabulary,-2.385413,53.772999,On or near Chequers,E01025050,Hyndburn 002F,Criminal damage and arson,Status update unavailable,
23f7f41ba7a81f29ba9b7911ba030269cac5a44e0dc71e1e34f4aa79dd183125,2019-05,Lancashire Constabulary,Lancashire Constabulary,-2.390501,53.776910,On or near Bayley Street,E01025050,Hyndburn 002F,Other theft,Status update unavailable,
41e8e255485fa41753b53031ce22b6bb1fc01b7a22839582564df8828398da2b,2019-05,Lancashire Constabulary,Lancashire Constabulary,-2.385413,53.772999,On or near Chequers,E01025050,Hyndburn 002F,Public order,Status update unavailable,
4a07042e9ac8589a15dd886c457273a1fb78a36aced0d0910e8f51e94060bc76,2019-05,Lancashire Constabulary,Lancashire Constabulary,-2.391459,53.768917,On or near Conference/Exhibition Centre,E01025050,Hyndburn 002F,Vehicle crime,Status update unavailable,
26d236a03e92eaa6c90be286b08f7b21c66a687258c817fff41edfd62f82a458,2019-05,Lancashire Constabulary,Lancashire Constabulary,-2.392767,53.779015,On or near Oakenshaw Croft,E01025050,Hyndburn 002F,Violence and sexual offences,Status update unavailable,
3590a88141ae5557e04eb86931a1ccbc8abdd1ef80afc5baf9e2a9ad1f926e8d,2019-05,Lancashire Constabulary,Lancashire Constabulary,-2.391933,53.779099,On or near Bates Street,E01025050,Hyndburn 002F,Violence and sexual offences,Unable to prosecute suspect,
efa6fbc777a40efbbcc1838384e71a5d67594b50e54765e3441c269888956118,2019-05,Lancashire Constabulary,Lancashire Constabulary,-2.392767,53.779015,On or near Oakenshaw Croft,E01025050,Hyndburn 002F,Violence and sexual offences,Unable to prosecute suspect,
556c208eb68b46ba8e093d184838ff687e799b307823f6c1c3206967a1c02e81,2019-05,Lancashire Constabulary,Lancashire Constabulary,-2.392767,53.779015,On or near Oakenshaw Croft,E01025050,Hyndburn 002F,Violence and sexual offences,Unable to prosecute suspect,
,2019-05,Lancashire Constabulary,Lancashire Constabulary,-2.346863,53.771760,On or near Yorkshire Street,E01025053,Hyndburn 002G,Anti-social behaviour,,
,2019-05,Lancashire Constabulary,Lancashire Constabulary,-2.346863,53.771760,On or near Yorkshire Street,E01025053,Hyndburn 002G,Anti-social behaviour,,
,2019-05,Lancashire Constabulary,Lancashire Constabulary,-2.336166,53.767934,On or near Griffin Close,E01025053,Hyndburn 002G,Anti-social behaviour,,
9d6ebc5a4fc697207567cff59f3cd5590f9c45a1bd03ad403f972a574baa7bee,2019-05,Lancashire Constabulary,Lancashire Constabulary,-2.332751,53.771566,On or near Parking Area,E01025053,Hyndburn 002G,Violence and sexual offences,Unable to prosecute suspect,
,2019-05,Lancashire Constabulary,Lancashire Constabulary,-2.415862,53.772717,On or near Allan Critchlow Way,E01025070,Hyndburn 003A,Anti-social behaviour,,
,2019-05,Lancashire Constabulary,Lancashire Constabulary,-2.415862,53.772717,On or near Allan Critchlow Way,E01025070,Hyndburn 003A,Anti-social behaviour,,
,2019-05,Lancashire Constabulary,Lancashire Constabulary,-2.416748,53.770243,On or near Cliff Street,E01025070,Hyndburn 003A,Anti-social behaviour,,
,2019-05,Lancashire Constabulary,Lancashire Constabulary,-2.413585,53.771044,On or near Well Street,E01025070,Hyndburn 003A,Anti-social behaviour,,
,2019-05,Lancashire Constabulary,Lancashire Constabulary,-2.414186,53.770548,On or near Spring Street,E01025070,Hyndburn 003A,Anti-social behaviour,,
,2019-05,Lancashire Constabulary,Lancashire Constabulary,-2.418772,53.770955,On or near Stourton Street,E01025070,Hyndburn 003A,Anti-social behaviour,,
,2019-05,Lancashire Constabulary,Lancashire Constabulary,-2.415918,53.772304,On or near Bridge Street,E01025070,Hyndburn 003A,Anti-social behaviour,,
b17ca1935706ad17e2f5eec9d0160ae452d89c820383e9c2ef186b896893d188,2019-05,Lancashire Constabulary,Lancashire Constabulary,-2.418522,53.768690,On or near St Paul'S Road,E01025070,Hyndburn 003A,Criminal damage and arson,Further investigation is not in the public interest,
be39a2eb004ba084be3c50fac1149124172f4be18842c9a99cfa97b97f7404a8,2019-05,Lancashire Constabulary,Lancashire Constabulary,-2.418522,53.768690,On or near St Paul'S Road,E01025070,Hyndburn 003A,Other theft,Status update unavailable,
262f18a854074f49b455fb0b059ad2e97b896360aeac83f2cd5984f5656e618f,2019-05,Lancashire Constabulary,Lancashire Constabulary,-2.414186,53.770548,On or near Spring Street,E01025070,Hyndburn 003A,Other theft,Unable to prosecute suspect,
21f7c671c110d408d4c40081e50edf6eb44489b86c52b7d3b82c8221417171d0,2019-05,Lancashire Constabulary,Lancashire Constabulary,-2.414186,53.770548,On or near Spring Street,E01025070,Hyndburn 003A,Other theft,Status update unavailable,
d5adbfd50ea90de37d9100dde5deaccfd6e6de2f91caced0e87ca4854e0bc2e1,2019-05,Lancashire Constabulary,Lancashire Constabulary,-2.415918,53.772304,On or near Bridge Street,E01025070,Hyndburn 003A,Public order,Unable to prosecute suspect,
83893dcc9238749e03a0014a61034efe38fe15c0b3c0b086cfaa5660298e6c17,2019-05,Lancashire Constabulary,Lancashire Constabulary,-2.418772,53.770955,On or near Stourton Street,E01025070,Hyndburn 003A,Public order,Unable to prosecute suspect,
00ca06d35bdf75a8b0c9362dda65e225b610536a92f579e94d75064eb52c3f0d,2019-05,Lancashire Constabulary,Lancashire Constabulary,-2.418772,53.770955,On or near Stourton Street,E01025070,Hyndburn 003A,Vehicle crime,Status update unavailable,
12082c1e061c8891294d03e81737a976368cc8c7ebb0c12b233d1b14996944d3,2019-05,Lancashire Constabulary,Lancashire Constabulary,-2.418772,53.770955,On or near Stourton Street,E01025070,Hyndburn 003A,Violence and sexual offences,Unable to prosecute suspect,
0078c15cc4e6b9c066e595584baa286722890f3a3dde4bcc5ab5e63d911bbb2d,2019-05,Lancashire Constabulary,Lancashire Constabulary,-2.415862,53.772717,On or near Allan Critchlow Way,E01025070,Hyndburn 003A,Violence and sexual offences,Further investigation is not in the public interest,
b60b14617577281297a4cee02150bb6c2f5d18456c2e9cdb0cee70b70bd6cbe8,2019-05,Lancashire Constabulary,Lancashire Constabulary,-2.415862,53.772717,On or near Allan Critchlow Way,E01025070,Hyndburn 003A,Violence and sexual offences,Unable to prosecute suspect,
32a963ab4bc072a406085d8ff0ba6cd51f8d4e5a5ab009faf44e7324e3bf7e1f,2019-05,Lancashire Constabulary,Lancashire Constabulary,-2.420071,53.770357,On or near Arundel Street,E01025070,Hyndburn 003A,Violence and sexual offences,Action to be taken by another organisation,
17ededf63fdfa0aeda42732977b3dded1d5702bf3e94afa410519c9368d65ccf,2019-05,Lancashire Constabulary,Lancashire Constabulary,-2.418772,53.770955,On or near Stourton Street,E01025070,Hyndburn 003A,Violence and sexual offences,Status update unavailable,
63a28ce4951067d13cb1591050daeadeb9ad9c47a3de91bc52edf5df394f3935,2019-05,Lancashire Constabulary,Lancashire Constabulary,-2.418772,53.770955,On or near Stourton Street,E01025070,Hyndburn 003A,Violence and sexual offences,Status update unavailable,
b91bc0ad51d377f85df1bf57d544c47ea08af2dcdda8d31e46476d2adaa0112d,2019-05,Lancashire Constabulary,Lancashire Constabulary,-2.418772,53.770955,On or near Stourton Street,E01025070,Hyndburn 003A,Violence and sexual offences,Status update unavailable,
acb0587ccc493058913f10ad8c241fba8abfbc339d2785aeef708edd9221e982,2019-05,Lancashire Constabulary,Lancashire Constabulary,-2.416748,53.770243,On or near Cliff Street,E01025070,Hyndburn 003A,Other crime,Unable to prosecute suspect,
89ba9b3a24208c29d131485e7f4eaba8978a15ee55d468f3be34c00e68e93c26,2019-05,Lancashire Constabulary,Lancashire Constabulary,-2.415918,53.772304,On or near Bridge Street,E01025070,Hyndburn 003A,Other crime,Status update unavailable,
1b8470d52febb17220e1b63d44d018938d51ecbf1dcda932e0188f287d139bc6,2019-05,Lancashire Constabulary,Lancashire Constabulary,-2.414186,53.770548,On or near Spring Street,E01025070,Hyndburn 003A,Other crime,Status update unavailable,
,2019-05,Lancashire Constabulary,Lancashire Constabulary,-2.412584,53.768046,On or near Victoria Street,E01025071,Hyndburn 003B,Anti-social behaviour,,
,2019-05,Lancashire Constabulary,Lancashire Constabulary,-2.412584,53.768046,On or near Victoria Street,E01025071,Hyndburn 003B,Anti-social behaviour,,
,2019-05,Lancashire Constabulary,Lancashire Constabulary,-2.412584,53.768046,On or near Victoria Street,E01025071,Hyndburn 003B,Anti-social behaviour,,
,2019-05,Lancashire Constabulary,Lancashire Constabulary,-2.411670,53.764508,On or near Poplar Close,E01025071,Hyndburn 003B,Anti-social behaviour,,
,2019-05,Lancashire Constabulary,Lancashire Constabulary,-2.413569,53.767917,On or near Hick'S Terrace,E01025071,Hyndburn 003B,Anti-social behaviour,,
,2019-05,Lancashire Constabulary,Lancashire Constabulary,-2.413145,53.766507,On or near Princes Street,E01025071,Hyndburn 003B,Anti-social behaviour,,
,2019-05,Lancashire Constabulary,Lancashire Constabulary,-2.412584,53.768046,On or near Victoria Street,E01025071,Hyndburn 003B,Anti-social behaviour,,
,2019-05,Lancashire Constabulary,Lancashire Constabulary,-2.412584,53.768046,On or near Victoria Street,E01025071,Hyndburn 003B,Anti-social behaviour,,
,2019-05,Lancashire Constabulary,Lancashire Constabulary,-2.412584,53.768046,On or near Victoria Street,E01025071,Hyndburn 003B,Anti-social behaviour,,
,2019-05,Lancashire Constabulary,Lancashire Constabulary,-2.412584,53.768046,On or near Victoria Street,E01025071,Hyndburn 003B,Anti-social behaviour,,
,2019-05,Lancashire Constabulary,Lancashire Constabulary,-2.412584,53.768046,On or near Victoria Street,E01025071,Hyndburn 003B,Anti-social behaviour,,
,2019-05,Lancashire Constabulary,Lancashire Constabulary,-2.412584,53.768046,On or near Victoria Street,E01025071,Hyndburn 003B,Anti-social behaviour,,
a26993de07d93b4e5609a9f5265cd6d2e2d9c3baad3436ab99257d9656a94f97,2019-05,Lancashire Constabulary,Lancashire Constabulary,-2.416214,53.765400,On or near Eachill Gardens,E01025071,Hyndburn 003B,Burglary,Status update unavailable,
3ad56f98122380ea2c2beb613715047a88363863ea962638e92f65d48af8f98a,2019-05,Lancashire Constabulary,Lancashire Constabulary,-2.414781,53.767715,On or near Edward Street,E01025071,Hyndburn 003B,Criminal damage and arson,Status update unavailable,
1f95e92a7915ab3dc19da40132b333491c18bae780d83512c51f40895674e9ee,2019-05,Lancashire Constabulary,Lancashire Constabulary,-2.414781,53.767715,On or near Edward Street,E01025071,Hyndburn 003B,Drugs,Status update unavailable,
5c2f88d339b2b22eb3838b3da46fb7474fff62882b606ceaa0a4ec4fa549b779,2019-05,Lancashire Constabulary,Lancashire Constabulary,-2.411670,53.764508,On or near Poplar Close,E01025071,Hyndburn 003B,Other theft,Status update unavailable,
23bad3ad31a4df5e539b77f5c268edbd738abc8c7c1eafb5eb578a4ce370053a,2019-05,Lancashire Constabulary,Lancashire Constabulary,-2.412584,53.768046,On or near Victoria Street,E01025071,Hyndburn 003B,Public order,Unable to prosecute suspect,
e7d31d3aa8fc7a0f949bcc7a7a908fd07b954c5909ee72981bc2c6609d40deeb,2019-05,Lancashire Constabulary,Lancashire Constabulary,-2.414781,53.767715,On or near Edward Street,E01025071,Hyndburn 003B,Public order,Unable to prosecute suspect,
eb21d8de8baae3ba6f320326147594e9b062213abcca8b034a0b1847d59e95af,2019-05,Lancashire Constabulary,Lancashire Constabulary,-2.412701,53.767587,On or near Ashworth Street,E01025071,Hyndburn 003B,Theft from the person,Status update unavailable,
a77048c90e976a9abfd07c123ec5c5ef72497d7cc70ce23b591ea71c69557dc2,2019-05,Lancashire Constabulary,Lancashire Constabulary,-2.412584,53.768046,On or near Victoria Street,E01025071,Hyndburn 003B,Vehicle crime,Status update unavailable,
0dd6eef75944a49df780890573e9dbbdd09377b05fa21c5192f0955d6a335fae,2019-05,Lancashire Constabulary,Lancashire Constabulary,-2.413569,53.767917,On or near Hick'S Terrace,E01025071,Hyndburn 003B,Violence and sexual offences,Awaiting court outcome,
6fd020228865837e09bedbd2a8ec9aaa10858bdf1ad3f166370eaddc21b214d8,2019-05,Lancashire Constabulary,Lancashire Constabulary,-2.413145,53.766507,On or near Princes Street,E01025071,Hyndburn 003B,Violence and sexual offences,Unable to prosecute suspect,
51eb38690122752d26692ba70478714e81311cfbd8ddc57733d70791fd073b65,2019-05,Lancashire Constabulary,Lancashire Constabulary,-2.413927,53.764248,On or near Pine Close,E01025071,Hyndburn 003B,Violence and sexual offences,Unable to prosecute suspect,
771d07f63a70ccc4d785d076f22900ad78eb3a7933aa409bd9022d6116f3e7ed,2019-05,Lancashire Constabulary,Lancashire Constabulary,-2.411670,53.764508,On or near Poplar Close,E01025071,Hyndburn 003B,Violence and sexual offences,Status update unavailable,
fcea47a42237e836b678f3afa95169962ccb9df1a7dbcd04e55a3792c81773f0,2019-05,Lancashire Constabulary,Lancashire Constabulary,-2.414781,53.767715,On or near Edward Street,E01025071,Hyndburn 003B,Violence and sexual offences,Unable to prosecute suspect,
4186c67bdd3e1bcaf9f95f0a5997e43178417bedad6b69d80565066b4dd149d1,2019-05,Lancashire Constabulary,Lancashire Constabulary,-2.413145,53.766507,On or near Princes Street,E01025071,Hyndburn 003B,Violence and sexual offences,Status update unavailable,
109e47af4ce9e1ccfbaae306468442905dcef908328a0f6dedae9e5235b68a70,2019-05,Lancashire Constabulary,Lancashire Constabulary,-2.414781,53.767715,On or near Edward Street,E01025071,Hyndburn 003B,Other crime,Status update unavailable,
,2019-05,Lancashire Constabulary,Lancashire Constabulary,-2.410875,53.770173,On or near Cecil Street,E01025072,Hyndburn 003C,Anti-social behaviour,,
,2019-05,Lancashire Constabulary,Lancashire Constabulary,-2.413607,53.768716,On or near Parking Area,E01025072,Hyndburn 003C,Anti-social behaviour,,
,2019-05,Lancashire Constabulary,Lancashire Constabulary,-2.413607,53.768716,On or near Parking Area,E01025072,Hyndburn 003C,Anti-social behaviour,,
,2019-05,Lancashire Constabulary,Lancashire Constabulary,-2.410875,53.770173,On or near Cecil Street,E01025072,Hyndburn 003C,Anti-social behaviour,,
,2019-05,Lancashire Constabulary,Lancashire Constabulary,-2.414949,53.769368,On or near Commercial Street,E01025072,Hyndburn 003C,Anti-social behaviour,,
4783a10f0613832534cf46133ca38b8ca03f126f8948402dbb5157b752bc8cd9,2019-05,Lancashire Constabulary,Lancashire Constabulary,-2.414949,53.769368,On or near Commercial Street,E01025072,Hyndburn 003C,Criminal damage and arson,Awaiting court outcome,
3117960a9f97e13f0d0ab487dba4d81a22bfe047c11d806d3e2938883718f662,2019-05,Lancashire Constabulary,Lancashire Constabulary,-2.414949,53.769368,On or near Commercial Street,E01025072,Hyndburn 003C,Drugs,Unable to prosecute suspect,
7cc58b4200721d30b9121e6a1c7e6f6cc719f438ff7408fadcc5110e4d8475b2,2019-05,Lancashire Constabulary,Lancashire Constabulary,-2.409276,53.769495,On or near Burton Street,E01025072,Hyndburn 003C,Other theft,Status update unavailable,
fb03ba4b9653a53ce835c02f763e138c6d4ef1e8b731638661fee60f7789707c,2019-05,Lancashire Constabulary,Lancashire Constabulary,-2.416133,53.769436,On or near Clifton Street,E01025072,Hyndburn 003C,Violence and sexual offences,Offender given a caution,
c25eff1188c92c3b7baafe8cf27b50383720cf401abc873386f19854ab94c454,2019-05,Lancashire Constabulary,Lancashire Constabulary,-2.415215,53.768639,On or near School Street,E01025072,Hyndburn 003C,Violence and sexual offences,Status update unavailable,
fc4e985bc55e654816aab5d73106fb2478ae06c9cf6956bf049f4dcb1b5ab498,2019-05,Lancashire Constabulary,Lancashire Constabulary,-2.414949,53.769368,On or near Commercial Street,E01025072,Hyndburn 003C,Violence and sexual offences,Status update unavailable,
172e11434b9969ec0df7e7083b8ea5a2df0659b21164ac4fc790db35f36fab6e,2019-05,Lancashire Constabulary,Lancashire Constabulary,-2.413607,53.768716,On or near Parking Area,E01025072,Hyndburn 003C,Violence and sexual offences,Status update unavailable,
aa4a7e7efde0e6878c1c2337b56fc32810ca067d0283f94f1b891be16da77974,2019-05,Lancashire Constabulary,Lancashire Constabulary,-2.414949,53.769368,On or near Commercial Street,E01025072,Hyndburn 003C,Violence and sexual offences,Status update unavailable,
,2019-05,Lancashire Constabulary,Lancashire Constabulary,-2.416014,53.768124,On or near High Street,E01025073,Hyndburn 003D,Anti-social behaviour,,
,2019-05,Lancashire Constabulary,Lancashire Constabulary,-2.419495,53.765802,On or near Station Road,E01025073,Hyndburn 003D,Anti-social behaviour,,
,2019-05,Lancashire Constabulary,Lancashire Constabulary,-2.423899,53.764789,On or near Thornhill Avenue,E01025073,Hyndburn 003D,Anti-social behaviour,,
b0ecea64986533018af7b38af4476dc9969c321d28ddd2b243e8cae925209532,2019-05,Lancashire Constabulary,Lancashire Constabulary,-2.418207,53.766004,On or near St Charles' Road,E01025073,Hyndburn 003D,Criminal damage and arson,Status update unavailable,
7f8b9164aac50c2b1be2806ce1c5ab9493c462e22fd6a593aa955158a80a703a,2019-05,Lancashire Constabulary,Lancashire Constabulary,-2.418207,53.766004,On or near St Charles' Road,E01025073,Hyndburn 003D,Criminal damage and arson,Local resolution,
1944ea509a98b7a9bf1c1f14c7a40b635c2f887777997d09d7c93f00978c7f22,2019-05,Lancashire Constabulary,Lancashire Constabulary,-2.418207,53.766004,On or near St Charles' Road,E01025073,Hyndburn 003D,Criminal damage and arson,Status update unavailable,
00d027b646a2b938978408771538d21758d4cd612551a646a73b83373ed41d12,2019-05,Lancashire Constabulary,Lancashire Constabulary,-2.420040,53.765728,On or near Fletcher Road,E01025073,Hyndburn 003D,Criminal damage and arson,Status update unavailable,
484e19f6abd0b8bf5cb79d3551ec6f0a7e180aa08748d2e024e601d9c9836504,2019-05,Lancashire Constabulary,Lancashire Constabulary,-2.415183,53.766985,On or near Walmsley Street,E01025073,Hyndburn 003D,Criminal damage and arson,Status update unavailable,
e0f24bce788e477758698014b2568bd35e3bd5ec271ed84f6c7abfae2da605e2,2019-05,Lancashire Constabulary,Lancashire Constabulary,-2.420237,53.764181,On or near Station Close,E01025073,Hyndburn 003D,Vehicle crime,Status update unavailable,
5077ef02f1cc160c42445f4d544a968d9226c43cdb0716b188acdee9f3ca3bb8,2019-05,Lancashire Constabulary,Lancashire Constabulary,-2.416014,53.768124,On or near High Street,E01025073,Hyndburn 003D,Violence and sexual offences,Unable to prosecute suspect,
d5c98100098a37426580db0f0d7ff516b58b242cd4cfcaa45a73ca29fabac10a,2019-05,Lancashire Constabulary,Lancashire Constabulary,-2.416036,53.764214,On or near Elm Close,E01025073,Hyndburn 003D,Violence and sexual offences,Status update unavailable,
,2019-05,Lancashire Constabulary,Lancashire Constabulary,-2.418714,53.768133,On or near St Peter Street,E01025074,Hyndburn 003E,Anti-social behaviour,,
,2019-05,Lancashire Constabulary,Lancashire Constabulary,-2.445483,53.758814,On or near Parking Area,E01025074,Hyndburn 003E,Anti-social behaviour,,
,2019-05,Lancashire Constabulary,Lancashire Constabulary,-2.425300,53.765332,On or near The Esplanade,E01025074,Hyndburn 003E,Anti-social behaviour,,
,2019-05,Lancashire Constabulary,Lancashire Constabulary,-2.418714,53.768133,On or near St Peter Street,E01025074,Hyndburn 003E,Anti-social behaviour,,
,2019-05,Lancashire Constabulary,Lancashire Constabulary,-2.443414,53.755299,On or near A678,E01025074,Hyndburn 003E,Anti-social behaviour,,
,2019-05,Lancashire Constabulary,Lancashire Constabulary,-2.445483,53.758814,On or near Parking Area,E01025074,Hyndburn 003E,Anti-social behaviour,,
4c4bc96f36a350f047ddb057442b246fb4e29806731470a7c311877d4b39ae2d,2019-05,Lancashire Constabulary,Lancashire Constabulary,-2.419213,53.768005,On or near Church Street,E01025074,Hyndburn 003E,Burglary,Status update unavailable,
f3046feb6ec97053ed4c9c5e8e59055b84bc123cc1981c4e0312b87fa9295db0,2019-05,Lancashire Constabulary,Lancashire Constabulary,-2.423400,53.767918,On or near Windermere Drive,E01025074,Hyndburn 003E,Criminal damage and arson,Status update unavailable,
3e3880d0e6586f5a09b5bb05b65641dbe14cdf1879ad6688ca608448a86c5921,2019-05,Lancashire Constabulary,Lancashire Constabulary,-2.445483,53.758814,On or near Parking Area,E01025074,Hyndburn 003E,Other theft,Status update unavailable,
f1538662642276222fdd0a261288af2106f3df62d8bb6df58d6b234e1e5f8b17,2019-05,Lancashire Constabulary,Lancashire Constabulary,-2.445483,53.758814,On or near Parking Area,E01025074,Hyndburn 003E,Public order,Status update unavailable,
b435c66c7f2cd5e683cb5b0611f77bac78ac85366785c182705fabcd1bc5cf02,2019-05,Lancashire Constabulary,Lancashire Constabulary,-2.445483,53.758814,On or near Parking Area,E01025074,Hyndburn 003E,Public order,Status update unavailable,
22d5dd45916090d9ced4238d63b3651d40b6f2c88bf0faa6b9c8f5b9d3747c56,2019-05,Lancashire Constabulary,Lancashire Constabulary,-2.445483,53.758814,On or near Parking Area,E01025074,Hyndburn 003E,Public order,Status update unavailable,
c97686dcf838b17ba9cb299ad82b51c642199eb6934501a042f2b925ed070286,2019-05,Lancashire Constabulary,Lancashire Constabulary,-2.445483,53.758814,On or near Parking Area,E01025074,Hyndburn 003E,Shoplifting,Unable to prosecute suspect,
000fdc3e7662ea2114410f18b664d9340639684bb49ac26297a11e1958b8f427,2019-05,Lancashire Constabulary,Lancashire Constabulary,-2.445483,53.758814,On or near Parking Area,E01025074,Hyndburn 003E,Shoplifting,Status update unavailable,
c79480fd3551814c679ecf0042c20a3e35515d6e55a289757fdf64d899137342,2019-05,Lancashire Constabulary,Lancashire Constabulary,-2.445483,53.758814,On or near Parking Area,E01025074,Hyndburn 003E,Shoplifting,Unable to prosecute suspect,
1b3af5fb9c0576b35e5ff2a55dd11e4acf80c1bbd75d7fd13c1aa231c03b395a,2019-05,Lancashire Constabulary,Lancashire Constabulary,-2.445483,53.758814,On or near Parking Area,E01025074,Hyndburn 003E,Shoplifting,Status update unavailable,
ec2e469627fdb4b8dec59ee8110123704ec29cdf5660f5eb13e5e5d958dca0f5,2019-05,Lancashire Constabulary,Lancashire Constabulary,-2.445483,53.758814,On or near Parking Area,E01025074,Hyndburn 003E,Shoplifting,Local resolution,
511fa8a8d5c8c231b9593fe48b0d1fad5fd31848a2abdfbb74d1a9786e77fc12,2019-05,Lancashire Constabulary,Lancashire Constabulary,-2.445483,53.758814,On or near Parking Area,E01025074,Hyndburn 003E,Shoplifting,Status update unavailable,
59389e434536e8cfbfd8d5160f4760e8dc02fbeaeb822f6026fa0b1482aef024,2019-05,Lancashire Constabulary,Lancashire Constabulary,-2.424130,53.766568,On or near Essex Road,E01025074,Hyndburn 003E,Violence and sexual offences,Unable to prosecute suspect,
57df561319e3b4181d7f5c913059aba149aff6095a50014d1547aed5ed4c485a,2019-05,Lancashire Constabulary,Lancashire Constabulary,-2.418714,53.768133,On or near St Peter Street,E01025074,Hyndburn 003E,Violence and sexual offences,Status update unavailable,
c906b8a7ed0531d04d048e7eb524bc4a03a7910040d083d9765e48b750bccb54,2019-05,Lancashire Constabulary,Lancashire Constabulary,-2.448604,53.776976,On or near Blackburn Old Road,E01025074,Hyndburn 003E,Violence and sexual offences,Offender given a caution,
,2019-05,Lancashire Constabulary,Lancashire Constabulary,-2.348859,53.765480,On or near Ambleside Close,E01025051,Hyndburn 004A,Anti-social behaviour,,
,2019-05,Lancashire Constabulary,Lancashire Constabulary,-2.336582,53.766792,On or near Kingsway,E01025051,Hyndburn 004A,Anti-social behaviour,,
,2019-05,Lancashire Constabulary,Lancashire Constabulary,-2.351687,53.766155,On or near Keswick Close,E01025051,Hyndburn 004A,Anti-social behaviour,,
f1d900af6530286903dcaa874cb9b3da669f9cb403a115d7270f881be0aef6b1,2019-05,Lancashire Constabulary,Lancashire Constabulary,-2.351687,53.766155,On or near Keswick Close,E01025051,Hyndburn 004A,Bicycle theft,Status update unavailable,
fbdb323b2ef1258b55b1732feb0976189fc5864d9099bf8bbb49e0c515ede35b,2019-05,Lancashire Constabulary,Lancashire Constabulary,-2.346463,53.765487,On or near Brown Birks Road,E01025051,Hyndburn 004A,Other theft,Unable to prosecute suspect,
5fc3340adc2ceccdecd411014ff7db43c6054fbf6db16401e09380bad2bc2c59,2019-05,Lancashire Constabulary,Lancashire Constabulary,-2.348859,53.765480,On or near Ambleside Close,E01025051,Hyndburn 004A,Vehicle crime,Status update unavailable,
e4f3f453468700cd229ab8fa9778a4becd77fc157d8ef8609b196b22cf7e5856,2019-05,Lancashire Constabulary,Lancashire Constabulary,-2.344254,53.766230,On or near Oakdene Avenue,E01025051,Hyndburn 004A,Violence and sexual offences,Unable to prosecute suspect,
35eb54adc212b6e2a3857135c7783e0034e9ef6ff5ca64727c6376849aba0578,2019-05,Lancashire Constabulary,Lancashire Constabulary,-2.345404,53.765922,On or near Oakfield Avenue,E01025051,Hyndburn 004A,Violence and sexual offences,Status update unavailable,
477ad8ca140d05dcf5583a9c3213ee029834f41f6cc7f29b6d09913ae8ea0889,2019-05,Lancashire Constabulary,Lancashire Constabulary,-2.344573,53.764441,On or near Burnley Road,E01025051,Hyndburn 004A,Violence and sexual offences,Unable to prosecute suspect,
633f63c7284bdb908f2732a9e8f5a88eace81e3ac864e03d3944505a3224c148,2019-05,Lancashire Constabulary,Lancashire Constabulary,-2.350467,53.765457,On or near Grasmere Close,E01025051,Hyndburn 004A,Violence and sexual offences,Status update unavailable,
,2019-05,Lancashire Constabulary,Lancashire Constabulary,-2.345999,53.762585,On or near Deer Park,E01025052,Hyndburn 004B,Anti-social behaviour,,
,2019-05,Lancashire Constabulary,Lancashire Constabulary,-2.353496,53.754052,On or near Essex Street,E01025052,Hyndburn 004B,Anti-social behaviour,,
dd52cbdccc3a8150e6501082ced1e5f6c82fcea7fcd4e2c71f4fa74ebe2e8e9e,2019-05,Lancashire Constabulary,Lancashire Constabulary,-2.347305,53.762806,On or near Squirrels Close,E01025052,Hyndburn 004B,Other theft,Status update unavailable,
4b03a101a2e2e4184ad84413e1626250dbc63c9d95ded33960b5f4f4a90b90d8,2019-05,Lancashire Constabulary,Lancashire Constabulary,-2.352472,53.760292,On or near St David'S Wood,E01025052,Hyndburn 004B,Vehicle crime,Unable to prosecute suspect,
982577c059c25f26a87f073df46db820fb8171bd0e23986ceb0ee4e043186b54,2019-05,Lancashire Constabulary,Lancashire Constabulary,-2.347305,53.762806,On or near Squirrels Close,E01025052,Hyndburn 004B,Vehicle crime,Status update unavailable,
871eea33f2c81148d0e8f265a8af6f713c4e5e4e03ed88c114a8154280d7f16f,2019-05,Lancashire Constabulary,Lancashire Constabulary,-2.356106,53.761306,On or near Balmoral Road,E01025052,Hyndburn 004B,Vehicle crime,Status update unavailable,
0fdee15627de4ec056af57b7da99b4071aec1ecab1b2a5f1ca741702a40d107b,2019-05,Lancashire Constabulary,Lancashire Constabulary,-2.352472,53.760292,On or near St David'S Wood,E01025052,Hyndburn 004B,Vehicle crime,Status update unavailable,
cb573cd25a82c241354e179bafedc9be2e4963d104144cff72201dde7df08c00,2019-05,Lancashire Constabulary,Lancashire Constabulary,-2.353654,53.758392,On or near Peel Park Close,E01025052,Hyndburn 004B,Violence and sexual offences,Unable to prosecute suspect,
7b752cc8f90abd623d021a3e21a07ce06c3e812175f40f32d9369d013dd914c7,2019-05,Lancashire Constabulary,Lancashire Constabulary,-2.353654,53.758392,On or near Peel Park Close,E01025052,Hyndburn 004B,Violence and sexual offences,Status update unavailable,
,2019-05,Lancashire Constabulary,Lancashire Constabulary,-2.366440,53.758273,On or near Ramsbottom Street,E01025057,Hyndburn 004C,Anti-social behaviour,,
,2019-05,Lancashire Constabulary,Lancashire Constabulary,-2.365819,53.756630,On or near Whalley Road,E01025057,Hyndburn 004C,Anti-social behaviour,,
,2019-05,Lancashire Constabulary,Lancashire Constabulary,-2.362574,53.758572,On or near Pollard Street,E01025057,Hyndburn 004C,Anti-social behaviour,,
,2019-05,Lancashire Constabulary,Lancashire Constabulary,-2.363004,53.759155,On or near Nutter Road,E01025057,Hyndburn 004C,Anti-social behaviour,,
,2019-05,Lancashire Constabulary,Lancashire Constabulary,-2.362574,53.758572,On or near Pollard Street,E01025057,Hyndburn 004C,Anti-social behaviour,,
,2019-05,Lancashire Constabulary,Lancashire Constabulary,-2.359016,53.762817,On or near Sports/Recreation Area,E01025057,Hyndburn 004C,Anti-social behaviour,,
,2019-05,Lancashire Constabulary,Lancashire Constabulary,-2.360887,53.761634,On or near Thorneyholme Road,E01025057,Hyndburn 004C,Anti-social behaviour,,
49cc7ef337de044836a55747e73748e7191bad68310185adc47ebdae223263bb,2019-05,Lancashire Constabulary,Lancashire Constabulary,-2.364963,53.757675,On or near Owen Street,E01025057,Hyndburn 004C,Criminal damage and arson,Unable to prosecute suspect,
17fbf8ab34eb9be52b07cde905b7502abcc918598ed326c51b1c0be68c586255,2019-05,Lancashire Constabulary,Lancashire Constabulary,-2.361984,53.760471,On or near Eton Avenue,E01025057,Hyndburn 004C,Criminal damage and arson,Status update unavailable,
6a6a7333fda92fa4fca9bfea15dd180aa51e3f1e684672d485d64a81ce579fc3,2019-05,Lancashire Constabulary,Lancashire Constabulary,-2.359016,53.762817,On or near Sports/Recreation Area,E01025057,Hyndburn 004C,Criminal damage and arson,Status update unavailable,
4c08f3646e9ec30bb59a4d08915bbe5f71852a36a1b9eb922c61c406f79eb435,2019-05,Lancashire Constabulary,Lancashire Constabulary,-2.360887,53.761634,On or near Thorneyholme Road,E01025057,Hyndburn 004C,Criminal damage and arson,Status update unavailable,
a60569ae21955b9f0fa098510a210833255ea5af23a333cfd1d8328291c6907f,2019-05,Lancashire Constabulary,Lancashire Constabulary,-2.359016,53.762817,On or near Sports/Recreation Area,E01025057,Hyndburn 004C,Criminal damage and arson,Status update unavailable,
ea4d7c29c754868465c22b97030bf1e4cdb5f8a3daacbee55f62f5f29b5216cc,2019-05,Lancashire Constabulary,Lancashire Constabulary,-2.360887,53.761634,On or near Thorneyholme Road,E01025057,Hyndburn 004C,Criminal damage and arson,Status update unavailable,
9c4e1f079c19b28968bf478567da5550c325c5a5f273404a6c36282eeb24cb2a,2019-05,Lancashire Constabulary,Lancashire Constabulary,-2.366440,53.758273,On or near Ramsbottom Street,E01025057,Hyndburn 004C,Violence and sexual offences,Status update unavailable,
ccadf757dd3b1c8b4292712cbf37b183a2d4d8290f4ec82d3424136137e82884,2019-05,Lancashire Constabulary,Lancashire Constabulary,-2.363004,53.759155,On or near Nutter Road,E01025057,Hyndburn 004C,Violence and sexual offences,Unable to prosecute suspect,
b21c35aabcff747107c9afbb5422a464ec3433eaed8e3be470ab9f9e90d94e15,2019-05,Lancashire Constabulary,Lancashire Constabulary,-2.364466,53.759816,On or near Queen'S Road,E01025057,Hyndburn 004C,Violence and sexual offences,Unable to prosecute suspect,
f3c93853c1d983f1cbfdca566c3b145aa2f3c5837d72ac5384d4d4b4e8d143c5,2019-05,Lancashire Constabulary,Lancashire Constabulary,-2.359016,53.762817,On or near Sports/Recreation Area,E01025057,Hyndburn 004C,Violence and sexual offences,Unable to prosecute suspect,
0ee84fa571c9fd1dc508ac3fdc530c5fbdc43d057be4516a345fb13a252317b4,2019-05,Lancashire Constabulary,Lancashire Constabulary,-2.366440,53.758273,On or near Ramsbottom Street,E01025057,Hyndburn 004C,Violence and sexual offences,Status update unavailable,
d06568f9d2d00affe1ed281a52529ffab69ab89f270324057dd0666cb847bde0,2019-05,Lancashire Constabulary,Lancashire Constabulary,-2.360887,53.761634,On or near Thorneyholme Road,E01025057,Hyndburn 004C,Violence and sexual offences,Status update unavailable,
de549df8e35d066a02972bc537ea8a74d4019689f314d41c53c3ddd4a3505e7e,2019-05,Lancashire Constabulary,Lancashire Constabulary,-2.360887,53.761634,On or near Thorneyholme Road,E01025057,Hyndburn 004C,Violence and sexual offences,Status update unavailable,
b782836c90ef36df194408e7b5d9960836ab90603cc4e1a3b0f1bfde1b1f6ec5,2019-05,Lancashire Constabulary,Lancashire Constabulary,-2.364963,53.757675,On or near Owen Street,E01025057,Hyndburn 004C,Other crime,Status update unavailable,
,2019-05,Lancashire Constabulary,Lancashire Constabulary,-2.375617,53.758380,On or near Lancaster Avenue,E01025058,Hyndburn 004D,Anti-social behaviour,,
,2019-05,Lancashire Constabulary,Lancashire Constabulary,-2.369523,53.758803,On or near Westwood Street,E01025058,Hyndburn 004D,Anti-social behaviour,,
,2019-05,Lancashire Constabulary,Lancashire Constabulary,-2.369172,53.758489,On or near Eccles Street,E01025058,Hyndburn 004D,Anti-social behaviour,,
,2019-05,Lancashire Constabulary,Lancashire Constabulary,-2.375019,53.759361,On or near Worcester Avenue,E01025058,Hyndburn 004D,Anti-social behaviour,,
,2019-05,Lancashire Constabulary,Lancashire Constabulary,-2.376246,53.759213,On or near Gloucester Avenue,E01025058,Hyndburn 004D,Anti-social behaviour,,
62c98a09bb9e2ff7feada6ea3f46e176b2cc3d03aed7f45c14b19352c484b0e0,2019-05,Lancashire Constabulary,Lancashire Constabulary,-2.372248,53.758237,On or near Lupin Road,E01025058,Hyndburn 004D,Criminal damage and arson,Status update unavailable,
e94d64e2ae1a7b5deb58cd7d2250c3a5fa9bd6b6e02dc46742e43f552fe9f29e,2019-05,Lancashire Constabulary,Lancashire Constabulary,-2.369523,53.758803,On or near Westwood Street,E01025058,Hyndburn 004D,Criminal damage and arson,Status update unavailable,
38daba564705900ecdf17ec9e1c31da5c485f9ddb16cd49f4733955855e1f714,2019-05,Lancashire Constabulary,Lancashire Constabulary,-2.376246,53.759213,On or near Gloucester Avenue,E01025058,Hyndburn 004D,Public order,Unable to prosecute suspect,
f3c233151ed79c55463f1027f7c2bf7a215934da7dbf628b2777c85146f97709,2019-05,Lancashire Constabulary,Lancashire Constabulary,-2.375019,53.759361,On or near Worcester Avenue,E01025058,Hyndburn 004D,Violence and sexual offences,Status update unavailable,
cc63a62faef19ea473fa877c74cabf5a4338ffe63e2eefc585f4507274055cad,2019-05,Lancashire Constabulary,Lancashire Constabulary,-2.369695,53.757652,On or near York Street,E01025058,Hyndburn 004D,Other crime,Status update unavailable,
,2019-05,Lancashire Constabulary,Lancashire Constabulary,-2.369173,53.763837,On or near West Crescent,E01025059,Hyndburn 004E,Anti-social behaviour,,
,2019-05,Lancashire Constabulary,Lancashire Constabulary,-2.369173,53.763837,On or near West Crescent,E01025059,Hyndburn 004E,Anti-social behaviour,,
,2019-05,Lancashire Constabulary,Lancashire Constabulary,-2.366015,53.763523,On or near Ribblesdale Avenue,E01025059,Hyndburn 004E,Anti-social behaviour,,
,2019-05,Lancashire Constabulary,Lancashire Constabulary,-2.365211,53.761746,On or near Moss Hall Road,E01025059,Hyndburn 004E,Anti-social behaviour,,
63f36ccd77555b4fb79311a091a5e2bdb438e1f87405af204d506607ef39a4dc,2019-05,Lancashire Constabulary,Lancashire Constabulary,-2.369058,53.764557,On or near Livingstone Road,E01025059,Hyndburn 004E,Burglary,Status update unavailable,
b65a457b9f5bc628423a00b8649644232dcea29e811a85c2d3c276b8810e8a36,2019-05,Lancashire Constabulary,Lancashire Constabulary,-2.369173,53.763837,On or near West Crescent,E01025059,Hyndburn 004E,Criminal damage and arson,Status update unavailable,
3b7e7f90a229d2a16caa703d4491260a339e9e4ac6c6335cda111ceb26b1c166,2019-05,Lancashire Constabulary,Lancashire Constabulary,-2.365247,53.764218,On or near Ribbleton Drive,E01025059,Hyndburn 004E,Criminal damage and arson,Status update unavailable,
8bb933033dac355c59dc9c4b795341b682dff126c7e784b4a5b2dcbb6f87d661,2019-05,Lancashire Constabulary,Lancashire Constabulary,-2.369173,53.763837,On or near West Crescent,E01025059,Hyndburn 004E,Public order,Status update unavailable,
e2eeb79ce33cc2d0befde7d9c3fa0c61e03825feeb78cc3f644dda013ad5be0a,2019-05,Lancashire Constabulary,Lancashire Constabulary,-2.366015,53.763523,On or near Ribblesdale Avenue,E01025059,Hyndburn 004E,Vehicle crime,Status update unavailable,
dd0ba8329598f92968e2ee8cfb638b52fea08d48630619d481ce2042163a1ac4,2019-05,Lancashire Constabulary,Lancashire Constabulary,-2.369058,53.764557,On or near Livingstone Road,E01025059,Hyndburn 004E,Vehicle crime,Status update unavailable,
0a6bcb1c0a5d0922931b5fd848f11b658afaf63224a0d4780d625afea0c64499,2019-05,Lancashire Constabulary,Lancashire Constabulary,-2.366632,53.761185,On or near Haywood Road,E01025059,Hyndburn 004E,Violence and sexual offences,Unable to prosecute suspect,
b8ca6707fdc6c5c0b3f7c1b444cc668d40754378d0f3bdd5975eb0b2fda20754,2019-05,Lancashire Constabulary,Lancashire Constabulary,-2.366015,53.763523,On or near Ribblesdale Avenue,E01025059,Hyndburn 004E,Violence and sexual offences,Awaiting court outcome,
9c99ca1f76e3fbd8b9b2cf171fe43ab0b45a5f03a589f9af5145f257ab26cb49,2019-05,Lancashire Constabulary,Lancashire Constabulary,-2.365247,53.764218,On or near Ribbleton Drive,E01025059,Hyndburn 004E,Violence and sexual offences,Unable to prosecute suspect,
2bc77cfd5e8d8b3035c952933cb2eefe803be23c1484ead4de2221aecd60c9fd,2019-05,Lancashire Constabulary,Lancashire Constabulary,-2.370734,53.761963,On or near Cromwell Street,E01025059,Hyndburn 004E,Violence and sexual offences,Status update unavailable,
83c5825e4d7aa5ec87b2fd1d9e7cf6ef6e36b477f2877034dcdca00ccc2390ad,2019-05,Lancashire Constabulary,Lancashire Constabulary,-2.369173,53.763837,On or near West Crescent,E01025059,Hyndburn 004E,Violence and sexual offences,Offender given a caution,
,2019-05,Lancashire Constabulary,Lancashire Constabulary,-2.363923,53.756645,On or near Hood Street,E01025067,Hyndburn 004F,Anti-social behaviour,,
,2019-05,Lancashire Constabulary,Lancashire Constabulary,-2.364985,53.756732,On or near Railway View,E01025067,Hyndburn 004F,Anti-social behaviour,,
,2019-05,Lancashire Constabulary,Lancashire Constabulary,-2.360148,53.756881,On or near Burnley Road,E01025067,Hyndburn 004F,Anti-social behaviour,,
,2019-05,Lancashire Constabulary,Lancashire Constabulary,-2.364466,53.756311,On or near Derby Street,E01025067,Hyndburn 004F,Anti-social behaviour,,
,2019-05,Lancashire Constabulary,Lancashire Constabulary,-2.360911,53.757445,On or near Addison Street,E01025067,Hyndburn 004F,Anti-social behaviour,,
,2019-05,Lancashire Constabulary,Lancashire Constabulary,-2.355942,53.758116,On or near Alice Street,E01025067,Hyndburn 004F,Anti-social behaviour,,
,2019-05,Lancashire Constabulary,Lancashire Constabulary,-2.357025,53.757061,On or near Sultan Street,E01025067,Hyndburn 004F,Anti-social behaviour,,
,2019-05,Lancashire Constabulary,Lancashire Constabulary,-2.355942,53.758116,On or near Alice Street,E01025067,Hyndburn 004F,Anti-social behaviour,,
,2019-05,Lancashire Constabulary,Lancashire Constabulary,-2.357025,53.757061,On or near Sultan Street,E01025067,Hyndburn 004F,Anti-social behaviour,,
,2019-05,Lancashire Constabulary,Lancashire Constabulary,-2.365009,53.755986,On or near Eastgate,E01025067,Hyndburn 004F,Anti-social behaviour,,
21ab204ea7149f8f905b8775447647124ae18eb4c6def62e571958bfa1cd350b,2019-05,Lancashire Constabulary,Lancashire Constabulary,-2.357507,53.756637,On or near Cambridge Street,E01025067,Hyndburn 004F,Burglary,Status update unavailable,
4b91dfca8b7ddacef7751d71246d15f0b3feea15b3e3660c28ff0e39d20c3ed6,2019-05,Lancashire Constabulary,Lancashire Constabulary,-2.357507,53.756637,On or near Cambridge Street,E01025067,Hyndburn 004F,Burglary,Status update unavailable,
cdd9046252b7ca1e64dfb858b111a64a875c63da863d5fb278b1cbaccc3098ae,2019-05,Lancashire Constabulary,Lancashire Constabulary,-2.360725,53.758668,On or near Annie Street,E01025067,Hyndburn 004F,Criminal damage and arson,Status update unavailable,
f65e09911bf2e14c2fddf0dd6d996a7608309a1d4415af3e6006e7d498bbcc56,2019-05,Lancashire Constabulary,Lancashire Constabulary,-2.362543,53.756721,On or near Maudsley Street,E01025067,Hyndburn 004F,Criminal damage and arson,Status update unavailable,
dc2090f97482e18dba9646b3fd0417c177efb9b7580d1bf67df1f5371a7986f9,2019-05,Lancashire Constabulary,Lancashire Constabulary,-2.355942,53.758116,On or near Alice Street,E01025067,Hyndburn 004F,Criminal damage and arson,Status update unavailable,
f2279ceb955e75020dbafc2d0b0c595001bd916d78459e3dc292ac06fdda0143,2019-05,Lancashire Constabulary,Lancashire Constabulary,-2.360725,53.758668,On or near Annie Street,E01025067,Hyndburn 004F,Criminal damage and arson,Status update unavailable,
afa09331e14e8ff2d28943a894ae8377c5008e232c70e67c2a8bd40d60ee13ff,2019-05,Lancashire Constabulary,Lancashire Constabulary,-2.357025,53.757061,On or near Sultan Street,E01025067,Hyndburn 004F,Criminal damage and arson,Unable to prosecute suspect,
f109a54b3f51f9e8a4590f42d6f466b538dab796b1224183e0429a25e5c27269,2019-05,Lancashire Constabulary,Lancashire Constabulary,-2.355942,53.758116,On or near Alice Street,E01025067,Hyndburn 004F,Criminal damage and arson,Status update unavailable,
8e03518b66c39eee9d48b023f5192ef034649fd2fd5f6e72ae9486c433ed1707,2019-05,Lancashire Constabulary,Lancashire Constabulary,-2.360725,53.758668,On or near Annie Street,E01025067,Hyndburn 004F,Criminal damage and arson,Status update unavailable,
2169c772415ebbe7bff5e863bfd27f3846f66bb8248898dfd03be438ec4a8829,2019-05,Lancashire Constabulary,Lancashire Constabulary,-2.360725,53.758668,On or near Annie Street,E01025067,Hyndburn 004F,Criminal damage and arson,Unable to prosecute suspect,
b8c3f64d305ceb61cc92da0c91c3124a87cb9a497522b7771582b9818a6b8ab1,2019-05,Lancashire Constabulary,Lancashire Constabulary,-2.357025,53.757061,On or near Sultan Street,E01025067,Hyndburn 004F,Criminal damage and arson,Status update unavailable,
91277b611cd18a8d0f6ffbaceb33666f0c289daf003ce65b801241fb7dc78d47,2019-05,Lancashire Constabulary,Lancashire Constabulary,-2.357507,53.756637,On or near Cambridge Street,E01025067,Hyndburn 004F,Drugs,Status update unavailable,
3ad5745a07762ce1f3595c3f8b181bf3339b1c96b68f89400db23767d69c27ee,2019-05,Lancashire Constabulary,Lancashire Constabulary,-2.364466,53.756311,On or near Derby Street,E01025067,Hyndburn 004F,Other theft,Unable to prosecute suspect,
da1ce516404244c4e589189140cbe7b1b7a53612138ec1621e66522ecacd1e39,2019-05,Lancashire Constabulary,Lancashire Constabulary,-2.362543,53.756721,On or near Maudsley Street,E01025067,Hyndburn 004F,Other theft,Status update unavailable,
3bf4ebe0e037913ac1c2395ae2201bd494e1e5d4d78bea63925edf53192c9ecb,2019-05,Lancashire Constabulary,Lancashire Constabulary,-2.363164,53.754805,On or near Burnley Road,E01025067,Hyndburn 004F,Other theft,Status update unavailable,
e871d4ec546ae65fe115679c4da5e94d459b6135c5935ee9e965e079d09fce5d,2019-05,Lancashire Constabulary,Lancashire Constabulary,-2.360725,53.758668,On or near Annie Street,E01025067,Hyndburn 004F,Public order,Awaiting court outcome,
6b8f44ae07a8c291bf84c4405012f9c02e03adde78f1c23b67f6b1cb93306c82,2019-05,Lancashire Constabulary,Lancashire Constabulary,-2.358697,53.757479,On or near Petrol Station,E01025067,Hyndburn 004F,Shoplifting,Status update unavailable,
093cdef61939646da2699eb94409038ea6b56806ab173b2de4bdc6921e8c3fd9,2019-05,Lancashire Constabulary,Lancashire Constabulary,-2.358697,53.757479,On or near Petrol Station,E01025067,Hyndburn 004F,Shoplifting,Status update unavailable,
ad2d740d96d7c674f764edb4d1ba7799c453a1cde0732f5912a8dd3429386c81,2019-05,Lancashire Constabulary,Lancashire Constabulary,-2.358697,53.757479,On or near Petrol Station,E01025067,Hyndburn 004F,Shoplifting,Status update unavailable,
ec301fbc3fc43124800cb58000285e44a052cb6586feab136ae2af8da03cb1f0,2019-05,Lancashire Constabulary,Lancashire Constabulary,-2.363164,53.754805,On or near Burnley Road,E01025067,Hyndburn 004F,Violence and sexual offences,Unable to prosecute suspect,
f6d9275bf02e0563602f55ae6863d0f875863669c2b5406309dc152489f8add1,2019-05,Lancashire Constabulary,Lancashire Constabulary,-2.357507,53.756637,On or near Cambridge Street,E01025067,Hyndburn 004F,Violence and sexual offences,Status update unavailable,
1cc65090e3f946d8c34827e9b03198ef89c580e59993f75dfe2c4ddd6d8a89df,2019-05,Lancashire Constabulary,Lancashire Constabulary,-2.358116,53.758694,On or near Penny House Lane,E01025067,Hyndburn 004F,Violence and sexual offences,Unable to prosecute suspect,
ab7be48cbedf4e019cd62db496d23ec9659d25a196d1fdd936c87def84c5bec6,2019-05,Lancashire Constabulary,Lancashire Constabulary,-2.364985,53.756732,On or near Railway View,E01025067,Hyndburn 004F,Violence and sexual offences,Unable to prosecute suspect,
1ea9c2a4f79cc3fb9170310558a8c086fb185ab1e63bc6b0bc6a099ef1ac3043,2019-05,Lancashire Constabulary,Lancashire Constabulary,-2.358697,53.757479,On or near Petrol Station,E01025067,Hyndburn 004F,Violence and sexual offences,Unable to prosecute suspect,
a9d90f22791985249ee7837e92b873a3f827c08f8563a1ff232159d2b78aacc4,2019-05,Lancashire Constabulary,Lancashire Constabulary,-2.363334,53.756970,On or near Horne Street,E01025067,Hyndburn 004F,Violence and sexual offences,Unable to prosecute suspect,
67e57ae84ef85e221785afc7fa76f07f658e1365ff819219f22397b5f84b5900,2019-05,Lancashire Constabulary,Lancashire Constabulary,-2.363923,53.756645,On or near Hood Street,E01025067,Hyndburn 004F,Violence and sexual offences,Status update unavailable,
8801ef62d6c4fc3e017b216dff00addab91196eda53a02c0b158bfe2ecd4cb7b,2019-05,Lancashire Constabulary,Lancashire Constabulary,-2.358697,53.757479,On or near Petrol Station,E01025067,Hyndburn 004F,Violence and sexual offences,Unable to prosecute suspect,
b666c3f4cd1d70d57d28d52a118d63762fc0fe0798318927632a2160ac3ce19d,2019-05,Lancashire Constabulary,Lancashire Constabulary,-2.357025,53.757061,On or near Sultan Street,E01025067,Hyndburn 004F,Violence and sexual offences,Awaiting court outcome,
b6c74772f4d956b178a581f968d86e4f10bbeb96249710b03f973d1a92f2a9ac,2019-05,Lancashire Constabulary,Lancashire Constabulary,-2.358697,53.757479,On or near Petrol Station,E01025067,Hyndburn 004F,Violence and sexual offences,Awaiting court outcome,
0c6f3b5ea73647983ba3fc6dd897affe53c58df12bdbd1cc8e47ab455a931ce6,2019-05,Lancashire Constabulary,Lancashire Constabulary,-2.356999,53.757565,On or near Norfolk Street,E01025067,Hyndburn 004F,Violence and sexual offences,Unable to prosecute suspect,
4b4dc5f17ac85d275f41553362d4c9edfde2e0531b59bf5449ab7c94917ed5f8,2019-05,Lancashire Constabulary,Lancashire Constabulary,-2.363164,53.754805,On or near Burnley Road,E01025067,Hyndburn 004F,Violence and sexual offences,Awaiting court outcome,
,2019-05,Lancashire Constabulary,Lancashire Constabulary,-2.358149,53.755386,On or near Avenue Parade,E01025068,Hyndburn 004G,Anti-social behaviour,,
,2019-05,Lancashire Constabulary,Lancashire Constabulary,-2.357550,53.752781,On or near Percy Street,E01025068,Hyndburn 004G,Anti-social behaviour,,
,2019-05,Lancashire Constabulary,Lancashire Constabulary,-2.358493,53.753138,On or near Parking Area,E01025068,Hyndburn 004G,Anti-social behaviour,,
,2019-05,Lancashire Constabulary,Lancashire Constabulary,-2.361914,53.754134,On or near Eastgate,E01025068,Hyndburn 004G,Anti-social behaviour,,
,2019-05,Lancashire Constabulary,Lancashire Constabulary,-2.358493,53.753138,On or near Parking Area,E01025068,Hyndburn 004G,Anti-social behaviour,,
,2019-05,Lancashire Constabulary,Lancashire Constabulary,-2.358638,53.755825,On or near Water Street,E01025068,Hyndburn 004G,Anti-social behaviour,,
,2019-05,Lancashire Constabulary,Lancashire Constabulary,-2.359973,53.752352,On or near Lee Street,E01025068,Hyndburn 004G,Anti-social behaviour,,
,2019-05,Lancashire Constabulary,Lancashire Constabulary,-2.358638,53.755825,On or near Water Street,E01025068,Hyndburn 004G,Anti-social behaviour,,
,2019-05,Lancashire Constabulary,Lancashire Constabulary,-2.358149,53.755386,On or near Avenue Parade,E01025068,Hyndburn 004G,Anti-social behaviour,,
,2019-05,Lancashire Constabulary,Lancashire Constabulary,-2.359317,53.753684,On or near Park Street,E01025068,Hyndburn 004G,Anti-social behaviour,,
,2019-05,Lancashire Constabulary,Lancashire Constabulary,-2.359317,53.753684,On or near Park Street,E01025068,Hyndburn 004G,Anti-social behaviour,,
,2019-05,Lancashire Constabulary,Lancashire Constabulary,-2.359973,53.752352,On or near Lee Street,E01025068,Hyndburn 004G,Anti-social behaviour,,
,2019-05,Lancashire Constabulary,Lancashire Constabulary,-2.359317,53.753684,On or near Park Street,E01025068,Hyndburn 004G,Anti-social behaviour,,
3009adfa510b697e74492f77a3924e07d23be8158215359cad73276a51b80dfe,2019-05,Lancashire Constabulary,Lancashire Constabulary,-2.357433,53.755020,On or near Stanley Street,E01025068,Hyndburn 004G,Criminal damage and arson,Unable to prosecute suspect,
864ed029f7a2d72cdda23adc3888b0d23c903d363f705762e1880c8a9f118abb,2019-05,Lancashire Constabulary,Lancashire Constabulary,-2.360140,53.755964,On or near Sydney Street,E01025068,Hyndburn 004G,Criminal damage and arson,Status update unavailable,
42165d36466405ebbde612cb467d50a2325d9aa933dc5c63013f647010f0c4c8,2019-05,Lancashire Constabulary,Lancashire Constabulary,-2.360140,53.755964,On or near Sydney Street,E01025068,Hyndburn 004G,Criminal damage and arson,Status update unavailable,
f3b770c4a90bf29ca590cfeafa6c7047731cf75531058cf63a146c82965984b7,2019-05,Lancashire Constabulary,Lancashire Constabulary,-2.360140,53.755964,On or near Sydney Street,E01025068,Hyndburn 004G,Other theft,Unable to prosecute suspect,
341061e54351017d9d6634dcbbe721ffcf0898374d27f11055ef9291dd4c3e73,2019-05,Lancashire Constabulary,Lancashire Constabulary,-2.359317,53.753684,On or near Park Street,E01025068,Hyndburn 004G,Other theft,Status update unavailable,
80978ef6ef5def1c40e230e2047c65e72639a97644c0a95e067bef6d16cef093,2019-05,Lancashire Constabulary,Lancashire Constabulary,-2.359973,53.752352,On or near Lee Street,E01025068,Hyndburn 004G,Public order,Status update unavailable,
9a34f499fa478de238d6a845b0c930feec9a830e5bd40baa2dc77d6eff67c470,2019-05,Lancashire Constabulary,Lancashire Constabulary,-2.362552,53.754249,On or near Back Water Street,E01025068,Hyndburn 004G,Shoplifting,Status update unavailable,
9b88476ab94298a58c064c2fa36df0a27be69acf40b2b10779f214b25f524638,2019-05,Lancashire Constabulary,Lancashire Constabulary,-2.359317,53.753684,On or near Park Street,E01025068,Hyndburn 004G,Shoplifting,Status update unavailable,
8d7bf42a3ed9818ba6786fa4714d4f518b4e0d6d9cdc35025bf4b0ef50066b5c,2019-05,Lancashire Constabulary,Lancashire Constabulary,-2.359317,53.753684,On or near Park Street,E01025068,Hyndburn 004G,Shoplifting,Status update unavailable,
abc161880e1b5b377cea2a0eebc930548f428ccb496ab70781cb71578205b7cb,2019-05,Lancashire Constabulary,Lancashire Constabulary,-2.359317,53.753684,On or near Park Street,E01025068,Hyndburn 004G,Shoplifting,Status update unavailable,
01a6048bd604a1e62554ca904571ab2eb46a8dbe46fc8858ff6ed32441d7a38c,2019-05,Lancashire Constabulary,Lancashire Constabulary,-2.358149,53.755386,On or near Avenue Parade,E01025068,Hyndburn 004G,Theft from the person,Status update unavailable,
9ad7326ce4a78cc19c680809af4f5f8641d4bc10a7caa3ce8aca1e4e94cd0b43,2019-05,Lancashire Constabulary,Lancashire Constabulary,-2.360140,53.755964,On or near Sydney Street,E01025068,Hyndburn 004G,Vehicle crime,Status update unavailable,
f2df350a7332c7d6d2120d53aa60c10da125123434c64f781e370f7d67e1d69c,2019-05,Lancashire Constabulary,Lancashire Constabulary,-2.357433,53.755020,On or near Stanley Street,E01025068,Hyndburn 004G,Vehicle crime,Status update unavailable,
4d7ed73d50581ad6cb32b906ad99d1ea80ee516d6113b04d5d09aca593764c03,2019-05,Lancashire Constabulary,Lancashire Constabulary,-2.359317,53.753684,On or near Park Street,E01025068,Hyndburn 004G,Violence and sexual offences,Unable to prosecute suspect,
0a63545645a5b214bb0209d10e966634c4294bd9735d0252eae9edc8f6d20d7e,2019-05,Lancashire Constabulary,Lancashire Constabulary,-2.360756,53.751729,On or near Eastgate,E01025068,Hyndburn 004G,Violence and sexual offences,Status update unavailable,
b9f6ce13b6bc2839b6ce0f047fb34896e06beeb3658bbf8e7b8b1942ea17c69a,2019-05,Lancashire Constabulary,Lancashire Constabulary,-2.358493,53.753138,On or near Parking Area,E01025068,Hyndburn 004G,Violence and sexual offences,Unable to prosecute suspect,
93299143b021ac7e72bb91efa45bf7d10c4e73ffd0b46c5cc9b81eabafe15dbe,2019-05,Lancashire Constabulary,Lancashire Constabulary,-2.358493,53.753138,On or near Parking Area,E01025068,Hyndburn 004G,Violence and sexual offences,Status update unavailable,
34838841357e855bf175f8cc8df6fa097d87ff204075448119889851108e5fa9,2019-05,Lancashire Constabulary,Lancashire Constabulary,-2.359317,53.753684,On or near Park Street,E01025068,Hyndburn 004G,Violence and sexual offences,Status update unavailable,
e4265c24236d7c8868cf82997228889807321b1e13277eaa9de0dc3cb5bd3618,2019-05,Lancashire Constabulary,Lancashire Constabulary,-2.357435,53.755325,On or near Pembroke Street,E01025068,Hyndburn 004G,Violence and sexual offences,Unable to prosecute suspect,
07746e45fd0872acfb08dd017ac01780b3de8eb122c7f4e3acee067a71d7ba35,2019-05,Lancashire Constabulary,Lancashire Constabulary,-2.358149,53.755386,On or near Avenue Parade,E01025068,Hyndburn 004G,Violence and sexual offences,Unable to prosecute suspect,
a15565b2f24d99c158ed9cbf98d8c6b9f95dfcd9f0bb4cea892bac597bde0051,2019-05,Lancashire Constabulary,Lancashire Constabulary,-2.355557,53.757389,On or near Turkey Street,E01025068,Hyndburn 004G,Violence and sexual offences,Status update unavailable,
e6805968b02e823281d4c3e7a711639b461c82c3b31825f6184d03099536065d,2019-05,Lancashire Constabulary,Lancashire Constabulary,-2.358493,53.753138,On or near Parking Area,E01025068,Hyndburn 004G,Violence and sexual offences,Status update unavailable,
b295e9a072e60fd272531e0107c06f1bee331477ef3098035f10cb38d1bbfec5,2019-05,Lancashire Constabulary,Lancashire Constabulary,-2.362371,53.756101,On or near Bradshaw Street East,E01025068,Hyndburn 004G,Violence and sexual offences,Status update unavailable,
6a97b709f7a21297f11c2591051f51fabdcddff58580a9b47d9d5ecfc801ab28,2019-05,Lancashire Constabulary,Lancashire Constabulary,-2.355557,53.757389,On or near Turkey Street,E01025068,Hyndburn 004G,Violence and sexual offences,Status update unavailable,
ee6f632a75ca0f6012640398ef6ceecd657adbc3bd991c403b7064713cda3980,2019-05,Lancashire Constabulary,Lancashire Constabulary,-2.355557,53.757389,On or near Turkey Street,E01025068,Hyndburn 004G,Other crime,Status update unavailable,
,2019-05,Lancashire Constabulary,Lancashire Constabulary,-2.357332,53.753914,On or near Oswald Street,E01025069,Hyndburn 004H,Anti-social behaviour,,
,2019-05,Lancashire Constabulary,Lancashire Constabulary,-2.356188,53.754844,On or near Bold Street,E01025069,Hyndburn 004H,Anti-social behaviour,,
8007da2c3e4d58ca0e40d85633c321af153642d9d6906b826b843ff67086aaac,2019-05,Lancashire Constabulary,Lancashire Constabulary,-2.357332,53.753914,On or near Oswald Street,E01025069,Hyndburn 004H,Other theft,Status update unavailable,
1aa69284ff6bd360add1bb796f2ca3e4047480e127ddf38be7026d524f2caf45,2019-05,Lancashire Constabulary,Lancashire Constabulary,-2.357332,53.753914,On or near Oswald Street,E01025069,Hyndburn 004H,Other theft,Status update unavailable,
6fa8f19df736e0fb1b5c209cb92cf1e83b2e56df0403dc757cdea370ee45498a,2019-05,Lancashire Constabulary,Lancashire Constabulary,-2.355302,53.754109,On or near Clarendon Street,E01025069,Hyndburn 004H,Other theft,Status update unavailable,
7cfdb475cb3e1f2c16a5fee6d3eaed9215d6467a2bf36a5d68fb180dd83635ba,2019-05,Lancashire Constabulary,Lancashire Constabulary,-2.357332,53.753914,On or near Oswald Street,E01025069,Hyndburn 004H,Public order,Status update unavailable,
4875d12122ea81bd771a08175fcdcc5afcbdf16f3463460f746c232ebb7bd0db,2019-05,Lancashire Constabulary,Lancashire Constabulary,-2.354175,53.755389,On or near Essex Street,E01025069,Hyndburn 004H,Vehicle crime,Status update unavailable,
9f1462193c8b7eca48c899257823e459c8cb130ba5092ff2e2a58b3e334c1732,2019-05,Lancashire Constabulary,Lancashire Constabulary,-2.354034,53.754904,On or near Spencer Street,E01025069,Hyndburn 004H,Violence and sexual offences,Unable to prosecute suspect,
20bcbea78bbcbe07025cf3fa71d24322399249bd1274dd65829ee4a724509973,2019-05,Lancashire Constabulary,Lancashire Constabulary,-2.355302,53.754109,On or near Clarendon Street,E01025069,Hyndburn 004H,Violence and sexual offences,Status update unavailable,
,2019-05,Lancashire Constabulary,Lancashire Constabulary,-2.383024,53.757340,On or near Elmfield Street,E01025044,Hyndburn 005A,Anti-social behaviour,,
,2019-05,Lancashire Constabulary,Lancashire Constabulary,-2.382332,53.754565,On or near Emma Street,E01025044,Hyndburn 005A,Anti-social behaviour,,
,2019-05,Lancashire Constabulary,Lancashire Constabulary,-2.388208,53.755283,On or near Barnes Street,E01025044,Hyndburn 005A,Anti-social behaviour,,
,2019-05,Lancashire Constabulary,Lancashire Constabulary,-2.384250,53.757031,On or near Jubilee Road,E01025044,Hyndburn 005A,Anti-social behaviour,,
,2019-05,Lancashire Constabulary,Lancashire Constabulary,-2.389351,53.755909,On or near Edmundson Street,E01025044,Hyndburn 005A,Anti-social behaviour,,
,2019-05,Lancashire Constabulary,Lancashire Constabulary,-2.388208,53.755283,On or near Barnes Street,E01025044,Hyndburn 005A,Anti-social behaviour,,
,2019-05,Lancashire Constabulary,Lancashire Constabulary,-2.381806,53.756832,On or near Riding Barn Street,E01025044,Hyndburn 005A,Anti-social behaviour,,
7d3cd26294ddfc5160c3a748bbb1dad884210d43f9f1c891f323e08fc2c5acd7,2019-05,Lancashire Constabulary,Lancashire Constabulary,-2.383024,53.757340,On or near Elmfield Street,E01025044,Hyndburn 005A,Burglary,Status update unavailable,
78370c7c0f5bd4ee7cbfa5d5d4873f1c1bf8c506c4eda82199d7eef0d59fbb5d,2019-05,Lancashire Constabulary,Lancashire Constabulary,-2.388208,53.755283,On or near Barnes Street,E01025044,Hyndburn 005A,Burglary,Status update unavailable,
4b80dc345c7a20a59f00e6d7f8330465b95bd2cedc48c4fc3eb3f5714c67f689,2019-05,Lancashire Constabulary,Lancashire Constabulary,-2.388580,53.754554,On or near Lion Court,E01025044,Hyndburn 005A,Other theft,Status update unavailable,
70a87667a170a203639645dd85c82cd18f2e91503fe405f6fff9198182dd0846,2019-05,Lancashire Constabulary,Lancashire Constabulary,-2.386473,53.758003,On or near Petrol Station,E01025044,Hyndburn 005A,Other theft,Status update unavailable,
9d660a12f159df3f77c876f3c667ac54cd6492f24f3eac55bca3ee184934e83e,2019-05,Lancashire Constabulary,Lancashire Constabulary,-2.384957,53.758026,On or near Manor Place,E01025044,Hyndburn 005A,Violence and sexual offences,Unable to prosecute suspect,
7361733b49dece7d35c3554dc75fd852336b934e17bfecd33e9f894ca413fb4a,2019-05,Lancashire Constabulary,Lancashire Constabulary,-2.382332,53.754565,On or near Emma Street,E01025044,Hyndburn 005A,Violence and sexual offences,Unable to prosecute suspect,
65a97d6df801c3bd638e79cd9f86e573d308b27de8587d8cdeb49c4dcdcce588,2019-05,Lancashire Constabulary,Lancashire Constabulary,-2.388580,53.754554,On or near Lion Court,E01025044,Hyndburn 005A,Violence and sexual offences,Status update unavailable,
29c23b46f6939c52ac942834fcc56f01e7d33a6ecbb45fb4454d9c5c340af0ab,2019-05,Lancashire Constabulary,Lancashire Constabulary,-2.384250,53.757031,On or near Jubilee Road,E01025044,Hyndburn 005A,Violence and sexual offences,Unable to prosecute suspect,
5ac3b3126f57f8e3b4f33d6393314a603e7f4dbe222706134d332e3ea32722f4,2019-05,Lancashire Constabulary,Lancashire Constabulary,-2.388208,53.755283,On or near Barnes Street,E01025044,Hyndburn 005A,Violence and sexual offences,Unable to prosecute suspect,
f5b30ba88830c8e48f4210352d7d5c6c7f4b19a31aee6f3bbc39096a25c22678,2019-05,Lancashire Constabulary,Lancashire Constabulary,-2.384371,53.758612,On or near St Nicholas Road,E01025044,Hyndburn 005A,Violence and sexual offences,Unable to prosecute suspect,
736efac99973c823aeea2d1f0f9312d6eee6f1e0999dc658f01c0ea454e7e31d,2019-05,Lancashire Constabulary,Lancashire Constabulary,-2.389668,53.755764,On or near Lion Street,E01025044,Hyndburn 005A,Violence and sexual offences,Status update unavailable,
,2019-05,Lancashire Constabulary,Lancashire Constabulary,-2.380673,53.760682,On or near Queensway,E01025045,Hyndburn 005B,Anti-social behaviour,,
,2019-05,Lancashire Constabulary,Lancashire Constabulary,-2.379787,53.759930,On or near Meadoway,E01025045,Hyndburn 005B,Anti-social behaviour,,
,2019-05,Lancashire Constabulary,Lancashire Constabulary,-2.381830,53.761065,On or near Kingsley Close,E01025045,Hyndburn 005B,Anti-social behaviour,,
,2019-05,Lancashire Constabulary,Lancashire Constabulary,-2.378608,53.758775,On or near Norfolk Grove,E01025045,Hyndburn 005B,Anti-social behaviour,,
,2019-05,Lancashire Constabulary,Lancashire Constabulary,-2.380963,53.759199,On or near Somerset Grove,E01025045,Hyndburn 005B,Anti-social behaviour,,
,2019-05,Lancashire Constabulary,Lancashire Constabulary,-2.378608,53.758775,On or near Norfolk Grove,E01025045,Hyndburn 005B,Anti-social behaviour,,
,2019-05,Lancashire Constabulary,Lancashire Constabulary,-2.380673,53.760682,On or near Queensway,E01025045,Hyndburn 005B,Anti-social behaviour,,
,2019-05,Lancashire Constabulary,Lancashire Constabulary,-2.379787,53.759930,On or near Meadoway,E01025045,Hyndburn 005B,Anti-social behaviour,,
,2019-05,Lancashire Constabulary,Lancashire Constabulary,-2.383298,53.759119,On or near Warwick Street,E01025045,Hyndburn 005B,Anti-social behaviour,,
,2019-05,Lancashire Constabulary,Lancashire Constabulary,-2.382164,53.757757,On or near Howarth Avenue,E01025045,Hyndburn 005B,Anti-social behaviour,,
,2019-05,Lancashire Constabulary,Lancashire Constabulary,-2.382164,53.757757,On or near Howarth Avenue,E01025045,Hyndburn 005B,Anti-social behaviour,,
,2019-05,Lancashire Constabulary,Lancashire Constabulary,-2.382164,53.757757,On or near Howarth Avenue,E01025045,Hyndburn 005B,Anti-social behaviour,,
9a526783b6f166a6fbeb24a6ad44c639f0fd3a0a3349679ca638e4695f74ef91,2019-05,Lancashire Constabulary,Lancashire Constabulary,-2.382164,53.757757,On or near Howarth Avenue,E01025045,Hyndburn 005B,Burglary,Status update unavailable,
73c5fa0701d3f2d89e4602ad6154229cae375d3bee46d290c4eae102f839163a,2019-05,Lancashire Constabulary,Lancashire Constabulary,-2.382164,53.757757,On or near Howarth Avenue,E01025045,Hyndburn 005B,Burglary,Status update unavailable,
8a1603a2c88d3566cb91725256aef31569cda817caccde3e59dbf915aa39465d,2019-05,Lancashire Constabulary,Lancashire Constabulary,-2.378608,53.758775,On or near Norfolk Grove,E01025045,Hyndburn 005B,Criminal damage and arson,Unable to prosecute suspect,
277c1a3575fcc6038f8f0673c5bdc0d5ca0802604593aca02545112f9db95126,2019-05,Lancashire Constabulary,Lancashire Constabulary,-2.382164,53.757757,On or near Howarth Avenue,E01025045,Hyndburn 005B,Criminal damage and arson,Status update unavailable,
baae7dc7f8e0d1236a054551830a97a535a906a065ae341a54e2f9b79d95c006,2019-05,Lancashire Constabulary,Lancashire Constabulary,-2.382313,53.760875,On or near Regent Road,E01025045,Hyndburn 005B,Other theft,Status update unavailable,
88ea3d63e559bbf0e5e56a08c35b96aa80f38bded0a5b754686128afc4407b0d,2019-05,Lancashire Constabulary,Lancashire Constabulary,-2.380673,53.760682,On or near Queensway,E01025045,Hyndburn 005B,Public order,Status update unavailable,
0818d9a11c8f6e646bd9d08b3f3ffca2f011f473609afb26984c9c876eb079bf,2019-05,Lancashire Constabulary,Lancashire Constabulary,-2.378608,53.758775,On or near Norfolk Grove,E01025045,Hyndburn 005B,Violence and sexual offences,Status update unavailable,
c0ef6a0d2eba39ce524273bd8d95609ad913d62dd6c71b2d96d696e14becd29c,2019-05,Lancashire Constabulary,Lancashire Constabulary,-2.380673,53.760682,On or near Queensway,E01025045,Hyndburn 005B,Violence and sexual offences,Status update unavailable,
de0cc09840b72bc6a1c7df3fe574929dea37544af686f5b332f02371ebefbf54,2019-05,Lancashire Constabulary,Lancashire Constabulary,-2.382164,53.757757,On or near Howarth Avenue,E01025045,Hyndburn 005B,Violence and sexual offences,Unable to prosecute suspect,
b51d027ca202561e9aa4dcfbb34782117eb71a499435d3c0763f3f341dd719fe,2019-05,Lancashire Constabulary,Lancashire Constabulary,-2.378608,53.758775,On or near Norfolk Grove,E01025045,Hyndburn 005B,Violence and sexual offences,Status update unavailable,
,2019-05,Lancashire Constabulary,Lancashire Constabulary,-2.390195,53.755313,On or near Princess Street,E01025046,Hyndburn 005C,Anti-social behaviour,,
,2019-05,Lancashire Constabulary,Lancashire Constabulary,-2.390270,53.752005,On or near Alleytroyds,E01025046,Hyndburn 005C,Anti-social behaviour,,
,2019-05,Lancashire Constabulary,Lancashire Constabulary,-2.389683,53.754047,On or near Edward Street,E01025046,Hyndburn 005C,Anti-social behaviour,,
,2019-05,Lancashire Constabulary,Lancashire Constabulary,-2.389556,53.755081,On or near Victoria Street,E01025046,Hyndburn 005C,Anti-social behaviour,,
,2019-05,Lancashire Constabulary,Lancashire Constabulary,-2.389556,53.755081,On or near Victoria Street,E01025046,Hyndburn 005C,Anti-social behaviour,,
,2019-05,Lancashire Constabulary,Lancashire Constabulary,-2.390825,53.751365,On or near Devon Place,E01025046,Hyndburn 005C,Anti-social behaviour,,
,2019-05,Lancashire Constabulary,Lancashire Constabulary,-2.391128,53.754528,On or near Grimshaw Street,E01025046,Hyndburn 005C,Anti-social behaviour,,
,2019-05,Lancashire Constabulary,Lancashire Constabulary,-2.390638,53.755698,On or near York Street,E01025046,Hyndburn 005C,Anti-social behaviour,,
,2019-05,Lancashire Constabulary,Lancashire Constabulary,-2.391128,53.754528,On or near Grimshaw Street,E01025046,Hyndburn 005C,Anti-social behaviour,,
,2019-05,Lancashire Constabulary,Lancashire Constabulary,-2.389556,53.755081,On or near Victoria Street,E01025046,Hyndburn 005C,Anti-social behaviour,,
,2019-05,Lancashire Constabulary,Lancashire Constabulary,-2.389556,53.755081,On or near Victoria Street,E01025046,Hyndburn 005C,Anti-social behaviour,,
,2019-05,Lancashire Constabulary,Lancashire Constabulary,-2.392488,53.757283,On or near Kirk Road,E01025046,Hyndburn 005C,Anti-social behaviour,,
d7504bc05f318f3681bc3af116b31bcdb904bcd42df23bbe077bc58f9512baae,2019-05,Lancashire Constabulary,Lancashire Constabulary,-2.390270,53.752005,On or near Alleytroyds,E01025046,Hyndburn 005C,Burglary,Status update unavailable,
191bb714ca3096eedad9c9b2746aca58ecc951e319931c427f3499707f0e68c6,2019-05,Lancashire Constabulary,Lancashire Constabulary,-2.392090,53.756907,On or near John Street,E01025046,Hyndburn 005C,Criminal damage and arson,Unable to prosecute suspect,
2f80322588391e162a4a566d0bfe2426f40eb5510726764d0b872cd69c2d7b96,2019-05,Lancashire Constabulary,Lancashire Constabulary,-2.392090,53.756907,On or near John Street,E01025046,Hyndburn 005C,Criminal damage and arson,Unable to prosecute suspect,
065d7d6c83ee5ca419b7804541de7766fdaed1faaf8481f57d75c1bf872c141f,2019-05,Lancashire Constabulary,Lancashire Constabulary,-2.391791,53.755694,On or near Church Street,E01025046,Hyndburn 005C,Other theft,Unable to prosecute suspect,
c4d43ee5325bb5d9d0f41fe30088901814bf304b0b7b284516bb95e3bc49ee0f,2019-05,Lancashire Constabulary,Lancashire Constabulary,-2.389556,53.755081,On or near Victoria Street,E01025046,Hyndburn 005C,Public order,Status update unavailable,
908886bbdadf20220aa5317407db3fb79b0c7983543958bbd9d5a890117320bd,2019-05,Lancashire Constabulary,Lancashire Constabulary,-2.390195,53.755313,On or near Princess Street,E01025046,Hyndburn 005C,Violence and sexual offences,Status update unavailable,
2e19d25fb294037aedb6c38fa54a2d724bcab12fd07398c556135bd1c053dbfc,2019-05,Lancashire Constabulary,Lancashire Constabulary,-2.390393,53.753766,On or near Walmsley Close,E01025046,Hyndburn 005C,Violence and sexual offences,Status update unavailable,
0609befd5494e7c4737d381e7dcf1bc1ff4f2b4c600c92d597168011f09a15c7,2019-05,Lancashire Constabulary,Lancashire Constabulary,-2.392538,53.756132,On or near Library Street,E01025046,Hyndburn 005C,Violence and sexual offences,Unable to prosecute suspect,
ee76ab53c797e81c63688e457d0d03ba86f8b7ad35636d708f712a98bb97f547,2019-05,Lancashire Constabulary,Lancashire Constabulary,-2.390235,53.756328,On or near France Street,E01025046,Hyndburn 005C,Violence and sexual offences,Offender given a caution,
c49cf69a67113f59aef955af88e19ef41755436884285b1d3d097fe2c96da693,2019-05,Lancashire Constabulary,Lancashire Constabulary,-2.389568,53.751477,On or near Knotwood Court,E01025046,Hyndburn 005C,Violence and sexual offences,Unable to prosecute suspect,
3cf69bdd6c177f4d0c47846705a4fa419b9e802aeea835191b1e9897988abc57,2019-05,Lancashire Constabulary,Lancashire Constabulary,-2.390825,53.751365,On or near Devon Place,E01025046,Hyndburn 005C,Violence and sexual offences,Awaiting court outcome,
,2019-05,Lancashire Constabulary,Lancashire Constabulary,-2.415932,53.744539,On or near Nab Lane,E01025081,Hyndburn 005D,Anti-social behaviour,,
c50701ff2459cd34c26ed736814ee57abd6b8730404f3a25287e173ba63d88ad,2019-05,Lancashire Constabulary,Lancashire Constabulary,-2.413761,53.750452,On or near Aspen Fold,E01025081,Hyndburn 005D,Criminal damage and arson,Status update unavailable,
b2eb36b50dc3a0ed0b8dac3b9d04bda798432b51668b1e5fc218f6d4e4ed70c2,2019-05,Lancashire Constabulary,Lancashire Constabulary,-2.415932,53.744539,On or near Nab Lane,E01025081,Hyndburn 005D,Vehicle crime,Status update unavailable,
596a91b8b90bd38288ba03fafa717d7653a498811f191fd046b895bd26065a4c,2019-05,Lancashire Constabulary,Lancashire Constabulary,-2.411685,53.744437,On or near Calico Close,E01025081,Hyndburn 005D,Violence and sexual offences,Unable to prosecute suspect,
,2019-05,Lancashire Constabulary,Lancashire Constabulary,-2.372596,53.756412,On or near Supermarket,E01025041,Hyndburn 006A,Anti-social behaviour,,
,2019-05,Lancashire Constabulary,Lancashire Constabulary,-2.371606,53.750743,On or near Fountain Place,E01025041,Hyndburn 006A,Anti-social behaviour,,
,2019-05,Lancashire Constabulary,Lancashire Constabulary,-2.367843,53.753946,On or near Edgar Street,E01025041,Hyndburn 006A,Anti-social behaviour,,
,2019-05,Lancashire Constabulary,Lancashire Constabulary,-2.375447,53.751297,On or near Corporation Street,E01025041,Hyndburn 006A,Anti-social behaviour,,
,2019-05,Lancashire Constabulary,Lancashire Constabulary,-2.372596,53.756412,On or near Supermarket,E01025041,Hyndburn 006A,Anti-social behaviour,,
,2019-05,Lancashire Constabulary,Lancashire Constabulary,-2.371606,53.750743,On or near Fountain Place,E01025041,Hyndburn 006A,Anti-social behaviour,,
,2019-05,Lancashire Constabulary,Lancashire Constabulary,-2.368418,53.755553,On or near Petrol Station,E01025041,Hyndburn 006A,Anti-social behaviour,,
,2019-05,Lancashire Constabulary,Lancashire Constabulary,-2.374204,53.753063,On or near Blackburn Road,E01025041,Hyndburn 006A,Anti-social behaviour,,
,2019-05,Lancashire Constabulary,Lancashire Constabulary,-2.375720,53.751207,On or near Crossland Street,E01025041,Hyndburn 006A,Anti-social behaviour,,
,2019-05,Lancashire Constabulary,Lancashire Constabulary,-2.368418,53.755553,On or near Petrol Station,E01025041,Hyndburn 006A,Anti-social behaviour,,
,2019-05,Lancashire Constabulary,Lancashire Constabulary,-2.368456,53.753009,On or near Parking Area,E01025041,Hyndburn 006A,Anti-social behaviour,,
,2019-05,Lancashire Constabulary,Lancashire Constabulary,-2.368418,53.755553,On or near Petrol Station,E01025041,Hyndburn 006A,Anti-social behaviour,,
,2019-05,Lancashire Constabulary,Lancashire Constabulary,-2.368456,53.753009,On or near Parking Area,E01025041,Hyndburn 006A,Anti-social behaviour,,
,2019-05,Lancashire Constabulary,Lancashire Constabulary,-2.368418,53.755553,On or near Petrol Station,E01025041,Hyndburn 006A,Anti-social behaviour,,
,2019-05,Lancashire Constabulary,Lancashire Constabulary,-2.372596,53.756412,On or near Supermarket,E01025041,Hyndburn 006A,Anti-social behaviour,,
,2019-05,Lancashire Constabulary,Lancashire Constabulary,-2.374204,53.753063,On or near Blackburn Road,E01025041,Hyndburn 006A,Anti-social behaviour,,
,2019-05,Lancashire Constabulary,Lancashire Constabulary,-2.368418,53.755553,On or near Petrol Station,E01025041,Hyndburn 006A,Anti-social behaviour,,
,2019-05,Lancashire Constabulary,Lancashire Constabulary,-2.375352,53.755909,On or near Park/Open Space,E01025041,Hyndburn 006A,Anti-social behaviour,,
,2019-05,Lancashire Constabulary,Lancashire Constabulary,-2.371117,53.750358,On or near Richmond Avenue,E01025041,Hyndburn 006A,Anti-social behaviour,,
,2019-05,Lancashire Constabulary,Lancashire Constabulary,-2.371117,53.750358,On or near Richmond Avenue,E01025041,Hyndburn 006A,Anti-social behaviour,,
,2019-05,Lancashire Constabulary,Lancashire Constabulary,-2.368286,53.757782,On or near York Street,E01025041,Hyndburn 006A,Anti-social behaviour,,
,2019-05,Lancashire Constabulary,Lancashire Constabulary,-2.368456,53.753009,On or near Parking Area,E01025041,Hyndburn 006A,Anti-social behaviour,,
,2019-05,Lancashire Constabulary,Lancashire Constabulary,-2.369089,53.750805,On or near Conference/Exhibition Centre,E01025041,Hyndburn 006A,Anti-social behaviour,,
,2019-05,Lancashire Constabulary,Lancashire Constabulary,-2.367995,53.754071,On or near Parking Area,E01025041,Hyndburn 006A,Anti-social behaviour,,
,2019-05,Lancashire Constabulary,Lancashire Constabulary,-2.372596,53.756412,On or near Supermarket,E01025041,Hyndburn 006A,Anti-social behaviour,,
,2019-05,Lancashire Constabulary,Lancashire Constabulary,-2.368442,53.756532,On or near Argyle Street,E01025041,Hyndburn 006A,Anti-social behaviour,,
,2019-05,Lancashire Constabulary,Lancashire Constabulary,-2.372052,53.753187,On or near Brunswick Terrace,E01025041,Hyndburn 006A,Anti-social behaviour,,
,2019-05,Lancashire Constabulary,Lancashire Constabulary,-2.367521,53.757038,On or near Malt Street,E01025041,Hyndburn 006A,Anti-social behaviour,,
,2019-05,Lancashire Constabulary,Lancashire Constabulary,-2.372596,53.756412,On or near Supermarket,E01025041,Hyndburn 006A,Anti-social behaviour,,
,2019-05,Lancashire Constabulary,Lancashire Constabulary,-2.368418,53.755553,On or near Petrol Station,E01025041,Hyndburn 006A,Anti-social behaviour,,
,2019-05,Lancashire Constabulary,Lancashire Constabulary,-2.371117,53.750358,On or near Richmond Avenue,E01025041,Hyndburn 006A,Anti-social behaviour,,
,2019-05,Lancashire Constabulary,Lancashire Constabulary,-2.370776,53.749469,On or near Glebe Close,E01025041,Hyndburn 006A,Anti-social behaviour,,
,2019-05,Lancashire Constabulary,Lancashire Constabulary,-2.368418,53.755553,On or near Petrol Station,E01025041,Hyndburn 006A,Anti-social behaviour,,
,2019-05,Lancashire Constabulary,Lancashire Constabulary,-2.372052,53.753187,On or near Brunswick Terrace,E01025041,Hyndburn 006A,Anti-social behaviour,,
,2019-05,Lancashire Constabulary,Lancashire Constabulary,-2.368456,53.753009,On or near Parking Area,E01025041,Hyndburn 006A,Anti-social behaviour,,
,2019-05,Lancashire Constabulary,Lancashire Constabulary,-2.368456,53.753009,On or near Parking Area,E01025041,Hyndburn 006A,Anti-social behaviour,,
1dee8078599797ffb3a2511643cfc70487b99c519750e66c2ef6a48de0b95062,2019-05,Lancashire Constabulary,Lancashire Constabulary,-2.369089,53.750805,On or near Conference/Exhibition Centre,E01025041,Hyndburn 006A,Burglary,Awaiting court outcome,
bbc944c690211dc4c84a795fbc77011c5a6584aebf2f5731ce3bc3107b2c9e15,2019-05,Lancashire Constabulary,Lancashire Constabulary,-2.369996,53.753975,On or near Parking Area,E01025041,Hyndburn 006A,Burglary,Status update unavailable,
53f397f7909f19fc24b9a8ada7b8f3167a7257e1c95f1b69d3940ece6c21e8fb,2019-05,Lancashire Constabulary,Lancashire Constabulary,-2.373365,53.754135,On or near Frederick Street,E01025041,Hyndburn 006A,Burglary,Status update unavailable,
8590b7fab415cf3b963b1ec2ae71129438228986b3081f93d1830e8270948805,2019-05,Lancashire Constabulary,Lancashire Constabulary,-2.375720,53.751207,On or near Crossland Street,E01025041,Hyndburn 006A,Criminal damage and arson,Status update unavailable,
e8ddf98782f07422fb8aead9626503a55f763fe3b379362b07dc2988d8b58da9,2019-05,Lancashire Constabulary,Lancashire Constabulary,-2.374006,53.752965,On or near Little Street,E01025041,Hyndburn 006A,Criminal damage and arson,Status update unavailable,
2e33c66da866fe25d0d4db157b2f49ecb1d89d72bbde5a6ce3982746fe85a198,2019-05,Lancashire Constabulary,Lancashire Constabulary,-2.374006,53.752965,On or near Little Street,E01025041,Hyndburn 006A,Criminal damage and arson,Status update unavailable,
ce8591ba227bb18eef80eb996193325b7198db5aca650c4f8624859b14a40fdf,2019-05,Lancashire Constabulary,Lancashire Constabulary,-2.368418,53.755553,On or near Petrol Station,E01025041,Hyndburn 006A,Criminal damage and arson,Status update unavailable,
c21c1d3bcf9906f02b6a405033bd1c4b855b5fab9af6caf54274e7184cb63b4d,2019-05,Lancashire Constabulary,Lancashire Constabulary,-2.367843,53.753946,On or near Edgar Street,E01025041,Hyndburn 006A,Criminal damage and arson,Status update unavailable,
d2840c19b8f0ff32f7fa05a28587902e8f8966101bca0435cd1f318d2f282a9c,2019-05,Lancashire Constabulary,Lancashire Constabulary,-2.372596,53.756412,On or near Supermarket,E01025041,Hyndburn 006A,Criminal damage and arson,Awaiting court outcome,
11e6b5f16f086f69621d22eccb7ce493f620b1565345ae51aeb02554afc3c8da,2019-05,Lancashire Constabulary,Lancashire Constabulary,-2.368418,53.755553,On or near Petrol Station,E01025041,Hyndburn 006A,Criminal damage and arson,Status update unavailable,
49376db6631839c0f2b6adeef30603889ca1b1a405a6968442a0abcb126a5b1a,2019-05,Lancashire Constabulary,Lancashire Constabulary,-2.368456,53.753009,On or near Parking Area,E01025041,Hyndburn 006A,Other theft,Unable to prosecute suspect,
719dfea92f4a79752cb48ddf9595f75cd781e785e30bbfcdf6771aa1f58ba2b7,2019-05,Lancashire Constabulary,Lancashire Constabulary,-2.369084,53.757186,On or near Westwood Street,E01025041,Hyndburn 006A,Other theft,Status update unavailable,
bb503f09d7746b01d6d1c54dd934a9d425068d0d053304abec25d1f2de97afff,2019-05,Lancashire Constabulary,Lancashire Constabulary,-2.368456,53.753009,On or near Parking Area,E01025041,Hyndburn 006A,Other theft,Status update unavailable,
78c53b0330dc4b31a85120d31a7197a3b0c8b69dcd17b4d80a03899c26c66730,2019-05,Lancashire Constabulary,Lancashire Constabulary,-2.368456,53.753009,On or near Parking Area,E01025041,Hyndburn 006A,Other theft,Status update unavailable,
c7771e1cb668a22cf7faf6dc33b616f9c41df9bd2237650aba6a11b83e65dc70,2019-05,Lancashire Constabulary,Lancashire Constabulary,-2.368456,53.753009,On or near Parking Area,E01025041,Hyndburn 006A,Public order,Unable to prosecute suspect,
72f0f5df07a40e1c88c3773cdf4f96ac6e81b3fca3c27f847fa875f5cb2fb7cf,2019-05,Lancashire Constabulary,Lancashire Constabulary,-2.367843,53.753946,On or near Edgar Street,E01025041,Hyndburn 006A,Public order,Status update unavailable,
48eff3a34d959eb950c19a099569d7c61e61b6f2181ab738949210abaae88633,2019-05,Lancashire Constabulary,Lancashire Constabulary,-2.374204,53.753063,On or near Blackburn Road,E01025041,Hyndburn 006A,Public order,Status update unavailable,
f64864b5bfd55de6c15aafee8b62e735ce7eabd5c7c9937a7184114cd15194d4,2019-05,Lancashire Constabulary,Lancashire Constabulary,-2.370249,53.753372,On or near Paxton Street,E01025041,Hyndburn 006A,Public order,Status update unavailable,
acf0f8e9b5fabea94715b426a81c7aa3e1a5d9dfbb80e144e6e244ef6c6d2019,2019-05,Lancashire Constabulary,Lancashire Constabulary,-2.377581,53.752504,On or near Shuttle Close,E01025041,Hyndburn 006A,Robbery,Status update unavailable,
d8d1ca883fca41e08193b56975beafc9096f57a0103385b5ab409388919eb7a1,2019-05,Lancashire Constabulary,Lancashire Constabulary,-2.368456,53.753009,On or near Parking Area,E01025041,Hyndburn 006A,Shoplifting,Awaiting court outcome,
50a520dd1b9362710e1e51529a7d2ee9ea7fd1e0ec9d51eae7f8fea6d0a68b16,2019-05,Lancashire Constabulary,Lancashire Constabulary,-2.372596,53.756412,On or near Supermarket,E01025041,Hyndburn 006A,Shoplifting,Awaiting court outcome,
c131af0efcc987c13509e57e3bbd56860a7e3ecd3ff606baa2fbffee04f544a8,2019-05,Lancashire Constabulary,Lancashire Constabulary,-2.368456,53.753009,On or near Parking Area,E01025041,Hyndburn 006A,Shoplifting,Local resolution,
7602229390ca5c0072fbedc1dd107c93735d21e4d454b7d84961a23d79f73fbb,2019-05,Lancashire Constabulary,Lancashire Constabulary,-2.368102,53.755895,On or near Parking Area,E01025041,Hyndburn 006A,Shoplifting,Status update unavailable,
a89e74ad4a10ea2f8822fb92863a5a6752be04b5034ce7737506f31e3d20ab34,2019-05,Lancashire Constabulary,Lancashire Constabulary,-2.372596,53.756412,On or near Supermarket,E01025041,Hyndburn 006A,Shoplifting,Status update unavailable,
4922ddf811d9a1c1ba1674aebf405748aa463644042b74525265c36edd555fb1,2019-05,Lancashire Constabulary,Lancashire Constabulary,-2.372596,53.756412,On or near Supermarket,E01025041,Hyndburn 006A,Shoplifting,Status update unavailable,
d6a67041bf2ca6c0bae50dbe3bfea702e02e7c694884c86f1825ce3673c112c1,2019-05,Lancashire Constabulary,Lancashire Constabulary,-2.368456,53.753009,On or near Parking Area,E01025041,Hyndburn 006A,Shoplifting,Awaiting court outcome,
cd5ad733ff4535ebff1b242cda4704bb43915983fd52060538e8547f5e294a4a,2019-05,Lancashire Constabulary,Lancashire Constabulary,-2.368442,53.756532,On or near Argyle Street,E01025041,Hyndburn 006A,Shoplifting,Awaiting court outcome,
3dcc128eff81636504e4a956fd5d65ea81b57f59a00c2472da64f11f263e12ab,2019-05,Lancashire Constabulary,Lancashire Constabulary,-2.372596,53.756412,On or near Supermarket,E01025041,Hyndburn 006A,Shoplifting,Status update unavailable,
a37c5c21b3ddfd98652ad9b5c5ce09f212ab7bdc4e41939b9ea4265061e28b10,2019-05,Lancashire Constabulary,Lancashire Constabulary,-2.372596,53.756412,On or near Supermarket,E01025041,Hyndburn 006A,Shoplifting,Status update unavailable,
b78f33e15daa53cee5e2097684668d432aed83c91fe172712016b52da9a18399,2019-05,Lancashire Constabulary,Lancashire Constabulary,-2.372596,53.756412,On or near Supermarket,E01025041,Hyndburn 006A,Shoplifting,Status update unavailable,
453296e496c3ccaf934652a6e19822ed7e4da2ee191d799bda2108cf7783c139,2019-05,Lancashire Constabulary,Lancashire Constabulary,-2.372596,53.756412,On or near Supermarket,E01025041,Hyndburn 006A,Shoplifting,Status update unavailable,
4c6a58d541440de4c8266ec3d11dfa259d625375abbed90e944e1fb146c429fd,2019-05,Lancashire Constabulary,Lancashire Constabulary,-2.368456,53.753009,On or near Parking Area,E01025041,Hyndburn 006A,Shoplifting,Status update unavailable,
94804058f4ae242ee7b0893fab2329ed4a786fa3b5d4479d28440efa9a0fbd41,2019-05,Lancashire Constabulary,Lancashire Constabulary,-2.369996,53.753975,On or near Parking Area,E01025041,Hyndburn 006A,Shoplifting,Status update unavailable,
d96bfee53ee64956f6f0d0879a0cb45cb351651ae62a6e23316f0ba81b5f2d0b,2019-05,Lancashire Constabulary,Lancashire Constabulary,-2.368456,53.753009,On or near Parking Area,E01025041,Hyndburn 006A,Shoplifting,Offender given community sentence,
85b3bdbfd69836b3af44b1af7ac837f029b46c9e713b17ef1af8719d0208deca,2019-05,Lancashire Constabulary,Lancashire Constabulary,-2.368102,53.755895,On or near Parking Area,E01025041,Hyndburn 006A,Shoplifting,Status update unavailable,
d13cebaacf13a5d3b78b03fbe7efc0dc937d768e4095fdea5690c6ce050ce59e,2019-05,Lancashire Constabulary,Lancashire Constabulary,-2.368456,53.753009,On or near Parking Area,E01025041,Hyndburn 006A,Shoplifting,Status update unavailable,
a913e7dcf439eebf5acd047a4e01162ffeaf3c02d9409712bf423f0300341f10,2019-05,Lancashire Constabulary,Lancashire Constabulary,-2.374006,53.752965,On or near Little Street,E01025041,Hyndburn 006A,Vehicle crime,Unable to prosecute suspect,
0515891058b85d549d3a3460f0b385ea97e3fd51ee3de045ad8c763055c36cf4,2019-05,Lancashire Constabulary,Lancashire Constabulary,-2.367843,53.753946,On or near Edgar Street,E01025041,Hyndburn 006A,Violence and sexual offences,Status update unavailable,
a67b290200766dba8d73b0056521cb44188738bc12cf8a3fdb2e20ee39200f32,2019-05,Lancashire Constabulary,Lancashire Constabulary,-2.369996,53.753975,On or near Parking Area,E01025041,Hyndburn 006A,Violence and sexual offences,Status update unavailable,
04914556f7f593c32de4089f9d8462c61d3f0f572f1849fbd809eff8dd89da90,2019-05,Lancashire Constabulary,Lancashire Constabulary,-2.372596,53.756412,On or near Supermarket,E01025041,Hyndburn 006A,Violence and sexual offences,Status update unavailable,
bba0c2516c64f629d29aece21272f9ac08fdbf7f03998dc3598979479ece155d,2019-05,Lancashire Constabulary,Lancashire Constabulary,-2.371606,53.750743,On or near Fountain Place,E01025041,Hyndburn 006A,Violence and sexual offences,Unable to prosecute suspect,
2e7f97c070ec344657e62b2968504d4d0aedc59b2b79b443ddc9dc358ae5f1fc,2019-05,Lancashire Constabulary,Lancashire Constabulary,-2.368442,53.756532,On or near Argyle Street,E01025041,Hyndburn 006A,Violence and sexual offences,Status update unavailable,
e55c2b9a40c6bb901e5477e8612b500cbc1fc169c4b7bf66c8a1becca39016b4,2019-05,Lancashire Constabulary,Lancashire Constabulary,-2.372596,53.756412,On or near Supermarket,E01025041,Hyndburn 006A,Violence and sexual offences,Awaiting court outcome,
4608c4b6270d48273ad29871cf104b0820ce8bb23a967ce15197de69b501b484,2019-05,Lancashire Constabulary,Lancashire Constabulary,-2.372596,53.756412,On or near Supermarket,E01025041,Hyndburn 006A,Violence and sexual offences,Status update unavailable,
8c7cd5d7201a58300e727257a257bf097cfa8a978e8e2e6b111ce69385ce9933,2019-05,Lancashire Constabulary,Lancashire Constabulary,-2.369996,53.753975,On or near Parking Area,E01025041,Hyndburn 006A,Violence and sexual offences,Status update unavailable,
e5dfcbdcc0019fc083446ae54e6fc4ad1b98d7d7abc22846b0bdb0e48bdeca4a,2019-05,Lancashire Constabulary,Lancashire Constabulary,-2.367843,53.753946,On or near Edgar Street,E01025041,Hyndburn 006A,Violence and sexual offences,Unable to prosecute suspect,
c4ac622ef2b2fabe239f780f41ddbf488059f982533fd36638a18d449dbdcff9,2019-05,Lancashire Constabulary,Lancashire Constabulary,-2.372596,53.756412,On or near Supermarket,E01025041,Hyndburn 006A,Violence and sexual offences,Awaiting court outcome,
9b05b8ffeecb2d1e3cf82568bc8729430092be45f6c581478c125c27fb0b05ca,2019-05,Lancashire Constabulary,Lancashire Constabulary,-2.368418,53.755553,On or near Petrol Station,E01025041,Hyndburn 006A,Violence and sexual offences,Status update unavailable,
61219e3f5a8eee44de763e54ed555e3628a0687af701899388b134945f35db3d,2019-05,Lancashire Constabulary,Lancashire Constabulary,-2.372596,53.756412,On or near Supermarket,E01025041,Hyndburn 006A,Violence and sexual offences,Unable to prosecute suspect,
0beacc65b51d487b6995feaa2356f549b64dcdc175a668c84545fd1a32990789,2019-05,Lancashire Constabulary,Lancashire Constabulary,-2.368030,53.752884,On or near Eagle Street,E01025041,Hyndburn 006A,Violence and sexual offences,Unable to prosecute suspect,
bec9b952767109bdaca2a26a648c4e07369eb06ed21cec445dcf629dc08a65d4,2019-05,Lancashire Constabulary,Lancashire Constabulary,-2.367995,53.754071,On or near Parking Area,E01025041,Hyndburn 006A,Violence and sexual offences,Status update unavailable,
b6e0cdc3e79d3d89b498aaec57a335e2eb4b8765c848772d836ca40b7a7fabef,2019-05,Lancashire Constabulary,Lancashire Constabulary,-2.372596,53.756412,On or near Supermarket,E01025041,Hyndburn 006A,Violence and sexual offences,Awaiting court outcome,
8844bee2f0428cd11aedf7469bc0dd88ef13b3a96417af282014166407931f9f,2019-05,Lancashire Constabulary,Lancashire Constabulary,-2.372052,53.753187,On or near Brunswick Terrace,E01025041,Hyndburn 006A,Violence and sexual offences,Unable to prosecute suspect,
58b26849c6b87a35344dc219015bd73534172f8ff52b60dbce3d06db460329f7,2019-05,Lancashire Constabulary,Lancashire Constabulary,-2.371606,53.750743,On or near Fountain Place,E01025041,Hyndburn 006A,Violence and sexual offences,Status update unavailable,
,2019-05,Lancashire Constabulary,Lancashire Constabulary,-2.374572,53.748370,On or near Pendle Street,E01025042,Hyndburn 006B,Anti-social behaviour,,
,2019-05,Lancashire Constabulary,Lancashire Constabulary,-2.374572,53.748370,On or near Pendle Street,E01025042,Hyndburn 006B,Anti-social behaviour,,
,2019-05,Lancashire Constabulary,Lancashire Constabulary,-2.379195,53.749857,On or near Chester Street,E01025042,Hyndburn 006B,Anti-social behaviour,,
,2019-05,Lancashire Constabulary,Lancashire Constabulary,-2.377343,53.749584,On or near Craven Street,E01025042,Hyndburn 006B,Anti-social behaviour,,
3660dfe532392332145c5d0c73ce46d3fe9d6216d3857afb6c2bcf57f321a376,2019-05,Lancashire Constabulary,Lancashire Constabulary,-2.377343,53.749584,On or near Craven Street,E01025042,Hyndburn 006B,Criminal damage and arson,Status update unavailable,
b9151ee280f2ac2ed1316e4ce713998f739a1bffeb59354dc41f2e10af0c309d,2019-05,Lancashire Constabulary,Lancashire Constabulary,-2.373382,53.747592,On or near Garbett Street,E01025042,Hyndburn 006B,Other theft,Unable to prosecute suspect,
e0134eb28666d6830dbdf3eb9470866f79817e3f9239e4a58d3b00c6d34f14bc,2019-05,Lancashire Constabulary,Lancashire Constabulary,-2.373382,53.747592,On or near Garbett Street,E01025042,Hyndburn 006B,Public order,Awaiting court outcome,
c38a81f2d1d509c32f93fa09f9a39d9c8318499aaa7122f708c85a800383664c,2019-05,Lancashire Constabulary,Lancashire Constabulary,-2.374452,53.746771,On or near Clifton Street,E01025042,Hyndburn 006B,Public order,Status update unavailable,
1eaf4c213613a643a5185e6f58d58966fc037af0d67b941be835119c02ba3853,2019-05,Lancashire Constabulary,Lancashire Constabulary,-2.374572,53.748370,On or near Pendle Street,E01025042,Hyndburn 006B,Violence and sexual offences,Status update unavailable,
4fad34bee05b08d744d3fef49698da8c961cdd71c3e0de8fd4647746efc40647,2019-05,Lancashire Constabulary,Lancashire Constabulary,-2.376846,53.749954,On or near Buxton Street,E01025042,Hyndburn 006B,Violence and sexual offences,Unable to prosecute suspect,
253b1e708270336eb12ed67601a0b6f7d491cc850d9f752b9a5e4f5f12a61c67,2019-05,Lancashire Constabulary,Lancashire Constabulary,-2.373382,53.747592,On or near Garbett Street,E01025042,Hyndburn 006B,Violence and sexual offences,Status update unavailable,
0f3b7c2e5a1bb7132b3a767a7c5d4db4a3fc5da44e6b94d870f3693b8d24c15c,2019-05,Lancashire Constabulary,Lancashire Constabulary,-2.377343,53.749584,On or near Craven Street,E01025042,Hyndburn 006B,Violence and sexual offences,Unable to prosecute suspect,
b0400a7c67c3b3ddf6a6fdf6b5e2e488be12a5ddda94239df8d05fb4f66319db,2019-05,Lancashire Constabulary,Lancashire Constabulary,-2.374299,53.748326,On or near Perth Street,E01025042,Hyndburn 006B,Violence and sexual offences,Status update unavailable,
f2e76bfa017cb77c2fe8ead58ab6f5d1b969230c4f1884b0edd74c34a4a095f4,2019-05,Lancashire Constabulary,Lancashire Constabulary,-2.377343,53.749584,On or near Craven Street,E01025042,Hyndburn 006B,Violence and sexual offences,Further investigation is not in the public interest,
1c1365f9ac8bf6d504d1741a5ab41395137cc66ddcf2c608cb5a10dde469470d,2019-05,Lancashire Constabulary,Lancashire Constabulary,-2.373382,53.747592,On or near Garbett Street,E01025042,Hyndburn 006B,Violence and sexual offences,Unable to prosecute suspect,
7627e710e6428512256826b5831f8a7f858022e7727737f7db6b39591810add4,2019-05,Lancashire Constabulary,Lancashire Constabulary,-2.373382,53.747592,On or near Garbett Street,E01025042,Hyndburn 006B,Violence and sexual offences,Status update unavailable,
f12d181732ea671c0648bff74b53c6738ae6d04e050eff3a0db61ad61184a3fb,2019-05,Lancashire Constabulary,Lancashire Constabulary,-2.374452,53.746771,On or near Clifton Street,E01025042,Hyndburn 006B,Violence and sexual offences,Unable to prosecute suspect,
e383385ba5e1c09662181447aa065379c621a319cedbdd414811c40000d28395,2019-05,Lancashire Constabulary,Lancashire Constabulary,-2.373382,53.747592,On or near Garbett Street,E01025042,Hyndburn 006B,Other crime,Status update unavailable,
,2019-05,Lancashire Constabulary,Lancashire Constabulary,-2.375455,53.743685,On or near Chestnut Grove,E01025082,Hyndburn 006E,Anti-social behaviour,,
,2019-05,Lancashire Constabulary,Lancashire Constabulary,-2.377779,53.740684,On or near Downham Drive,E01025082,Hyndburn 006E,Anti-social behaviour,,
,2019-05,Lancashire Constabulary,Lancashire Constabulary,-2.377779,53.740684,On or near Downham Drive,E01025082,Hyndburn 006E,Anti-social behaviour,,
,2019-05,Lancashire Constabulary,Lancashire Constabulary,-2.377779,53.740684,On or near Downham Drive,E01025082,Hyndburn 006E,Anti-social behaviour,,
,2019-05,Lancashire Constabulary,Lancashire Constabulary,-2.377779,53.740684,On or near Downham Drive,E01025082,Hyndburn 006E,Anti-social behaviour,,
96269e42d45493a1eb3ecacdcd8f29bef0c30b23a87573e5047047e7fcba4709,2019-05,Lancashire Constabulary,Lancashire Constabulary,-2.375455,53.743685,On or near Chestnut Grove,E01025082,Hyndburn 006E,Criminal damage and arson,Status update unavailable,
3b8efe734c05893882097e5c1013940f57ab324592b42eab41b9d5e79497290f,2019-05,Lancashire Constabulary,Lancashire Constabulary,-2.377779,53.740684,On or near Downham Drive,E01025082,Hyndburn 006E,Public order,Unable to prosecute suspect,
824dc70a7dd3dee4703e5de6160a382156dd04b3861184a79fa1e4463aa20ff3,2019-05,Lancashire Constabulary,Lancashire Constabulary,-2.376645,53.741065,On or near Rimington Avenue,E01025082,Hyndburn 006E,Violence and sexual offences,Status update unavailable,
b5ae5243c2a867f63a391f5bf84d3c269139d30acaef3f1ea0660689bfad22fc,2019-05,Lancashire Constabulary,Lancashire Constabulary,-2.374691,53.744712,On or near Dunny Shop Avenue,E01025082,Hyndburn 006E,Violence and sexual offences,Status update unavailable,
9ec6b68e744fb209190a1de9c8385b0d66ae0048622223c83d9b0076549d6c1d,2019-05,Lancashire Constabulary,Lancashire Constabulary,-2.376084,53.739377,On or near Cartmel Avenue,E01025082,Hyndburn 006E,Violence and sexual offences,Status update unavailable,
91c969644b307606bcb53a1a6a19faf1388af4bea2e2d1354eb2c86c8f747724,2019-05,Lancashire Constabulary,Lancashire Constabulary,-2.380662,53.744396,On or near Malham Avenue,E01025082,Hyndburn 006E,Violence and sexual offences,Awaiting court outcome,
1bdd91ffa55d0a002772e5dbcb7e48d071e96370e6d69306e957d1ab89822b91,2019-05,Lancashire Constabulary,Lancashire Constabulary,-2.380662,53.744396,On or near Malham Avenue,E01025082,Hyndburn 006E,Violence and sexual offences,Awaiting court outcome,
217b0e2eac0684bbdc8bb121c3f7803b8ceee25695adb0b79ad6dbcc223f652e,2019-05,Lancashire Constabulary,Lancashire Constabulary,-2.377156,53.742232,On or near Fern Gore Avenue,E01025082,Hyndburn 006E,Violence and sexual offences,Unable to prosecute suspect,
44463dd5b47ed12760ab01eaa495e8203ba049b081a62a7a32f29cef47a536b8,2019-05,Lancashire Constabulary,Lancashire Constabulary,-2.379699,53.745127,On or near Kingston Avenue,E01025082,Hyndburn 006E,Violence and sexual offences,Unable to prosecute suspect,
bbdbd70bd71accb38805344d18702793522d40c86cf6ca3c9ad78a8ce0c9b722,2019-05,Lancashire Constabulary,Lancashire Constabulary,-2.374691,53.744712,On or near Dunny Shop Avenue,E01025082,Hyndburn 006E,Violence and sexual offences,Unable to prosecute suspect,
5c99537cb7cf1113f182cf9a538c396167e13b003d5c0c62cdd9f9064792f195,2019-05,Lancashire Constabulary,Lancashire Constabulary,-2.376084,53.739377,On or near Cartmel Avenue,E01025082,Hyndburn 006E,Violence and sexual offences,Unable to prosecute suspect,
dd50edcd19888161e53bc6d23190d32e0999bbed0a6408c368eef2bef5b6fd4d,2019-05,Lancashire Constabulary,Lancashire Constabulary,-2.378096,53.745672,On or near Moorhouse Avenue,E01025082,Hyndburn 006E,Violence and sexual offences,Status update unavailable,
0b44c39e7070a96cc32d0fed4e1883d23f00c605f9c8712aa6b396acd24a4517,2019-05,Lancashire Constabulary,Lancashire Constabulary,-2.378096,53.745672,On or near Moorhouse Avenue,E01025082,Hyndburn 006E,Violence and sexual offences,Unable to prosecute suspect,
1923511ff7998b015490c2bd8449cf2e83249efb12844862c77b34cc3d7bbdde,2019-05,Lancashire Constabulary,Lancashire Constabulary,-2.380662,53.744396,On or near Malham Avenue,E01025082,Hyndburn 006E,Violence and sexual offences,Unable to prosecute suspect,
,2019-05,Lancashire Constabulary,Lancashire Constabulary,-2.386019,53.748145,On or near Pickup Street,E01025083,Hyndburn 006F,Anti-social behaviour,,
,2019-05,Lancashire Constabulary,Lancashire Constabulary,-2.384771,53.749317,On or near Charter Street,E01025083,Hyndburn 006F,Anti-social behaviour,,
,2019-05,Lancashire Constabulary,Lancashire Constabulary,-2.386019,53.748145,On or near Pickup Street,E01025083,Hyndburn 006F,Anti-social behaviour,,
,2019-05,Lancashire Constabulary,Lancashire Constabulary,-2.384889,53.747295,On or near Spring Street,E01025083,Hyndburn 006F,Anti-social behaviour,,
,2019-05,Lancashire Constabulary,Lancashire Constabulary,-2.384889,53.747295,On or near Spring Street,E01025083,Hyndburn 006F,Anti-social behaviour,,
,2019-05,Lancashire Constabulary,Lancashire Constabulary,-2.383155,53.745035,On or near Lynton Road,E01025083,Hyndburn 006F,Anti-social behaviour,,
,2019-05,Lancashire Constabulary,Lancashire Constabulary,-2.384468,53.747692,On or near Edleston Street,E01025083,Hyndburn 006F,Anti-social behaviour,,
,2019-05,Lancashire Constabulary,Lancashire Constabulary,-2.384889,53.747295,On or near Spring Street,E01025083,Hyndburn 006F,Anti-social behaviour,,
,2019-05,Lancashire Constabulary,Lancashire Constabulary,-2.384955,53.746225,On or near Springfield Avenue,E01025083,Hyndburn 006F,Anti-social behaviour,,
,2019-05,Lancashire Constabulary,Lancashire Constabulary,-2.383742,53.747847,On or near Stevenson Street West,E01025083,Hyndburn 006F,Anti-social behaviour,,
,2019-05,Lancashire Constabulary,Lancashire Constabulary,-2.384955,53.746225,On or near Springfield Avenue,E01025083,Hyndburn 006F,Anti-social behaviour,,
,2019-05,Lancashire Constabulary,Lancashire Constabulary,-2.386964,53.746991,On or near Coal Pit Lane,E01025083,Hyndburn 006F,Anti-social behaviour,,
,2019-05,Lancashire Constabulary,Lancashire Constabulary,-2.379645,53.747563,On or near Dover Street,E01025083,Hyndburn 006F,Anti-social behaviour,,
,2019-05,Lancashire Constabulary,Lancashire Constabulary,-2.384468,53.747692,On or near Edleston Street,E01025083,Hyndburn 006F,Anti-social behaviour,,
,2019-05,Lancashire Constabulary,Lancashire Constabulary,-2.384955,53.746225,On or near Springfield Avenue,E01025083,Hyndburn 006F,Anti-social behaviour,,
aaacf6d7699239b53d35dc2d8298d1576479c137592ce39206c76e5e67ead970,2019-05,Lancashire Constabulary,Lancashire Constabulary,-2.386615,53.748637,On or near Cravenwood Close,E01025083,Hyndburn 006F,Bicycle theft,Status update unavailable,
2e91b9a89a0ca0a1e0138e7901501cd3e1a2e9d7dfa967227bd84297126e5d9b,2019-05,Lancashire Constabulary,Lancashire Constabulary,-2.385614,53.747014,On or near Spring Hill Road,E01025083,Hyndburn 006F,Burglary,Status update unavailable,
9d9d6a09e2b4fa2c37a796d054d38c99c5440e077074cebd20427a86bddc48c7,2019-05,Lancashire Constabulary,Lancashire Constabulary,-2.384204,53.748690,On or near Elizabeth Street,E01025083,Hyndburn 006F,Burglary,Status update unavailable,
8b34831147d969b947dc2657179764f1b03d86b747dd22e2db80d3747e6b91d3,2019-05,Lancashire Constabulary,Lancashire Constabulary,-2.381182,53.748133,On or near Exchange Street,E01025083,Hyndburn 006F,Burglary,Status update unavailable,
2e4c74c86b7632ee5435aba5a3cc781e415e03d0992a204ae5fc58f82c7ed084,2019-05,Lancashire Constabulary,Lancashire Constabulary,-2.384771,53.749317,On or near Charter Street,E01025083,Hyndburn 006F,Criminal damage and arson,Status update unavailable,
a6b2090c280c353402b1d7b4935f227dab4dff5dd7cfd5a03efda64d1677fa60,2019-05,Lancashire Constabulary,Lancashire Constabulary,-2.384889,53.747295,On or near Spring Street,E01025083,Hyndburn 006F,Criminal damage and arson,Status update unavailable,
35b7104350bcdc3da91391933f0596b61cb62fc45e1dfe764326f024fd074801,2019-05,Lancashire Constabulary,Lancashire Constabulary,-2.384468,53.747692,On or near Edleston Street,E01025083,Hyndburn 006F,Criminal damage and arson,Unable to prosecute suspect,
c96ce2589bda03a54d559e94b077140711286426152eb116c86d81282435623e,2019-05,Lancashire Constabulary,Lancashire Constabulary,-2.384595,53.748275,On or near Sharples Street,E01025083,Hyndburn 006F,Criminal damage and arson,Unable to prosecute suspect,
9d993fd0526f032eb0b99a257c0256aa97974c817b537604a57b540be307253c,2019-05,Lancashire Constabulary,Lancashire Constabulary,-2.384889,53.747295,On or near Spring Street,E01025083,Hyndburn 006F,Other theft,Status update unavailable,
cf1e9e1e1935cf632e3c48af01c7f416eae0ec85d038d7c49cd66d7c38a9cde9,2019-05,Lancashire Constabulary,Lancashire Constabulary,-2.384204,53.748690,On or near Elizabeth Street,E01025083,Hyndburn 006F,Possession of weapons,Awaiting court outcome,
84709d7fd1b3150d5db2ae85486decbe023cfd01c81a4153a88be8351e39405b,2019-05,Lancashire Constabulary,Lancashire Constabulary,-2.375781,53.746164,On or near Moorhouse Street,E01025083,Hyndburn 006F,Public order,Further investigation is not in the public interest,
877451673b2babed5dfaa8c07d9d1b57b94382b4959c7f7150b6767677d13c1a,2019-05,Lancashire Constabulary,Lancashire Constabulary,-2.383742,53.747847,On or near Stevenson Street West,E01025083,Hyndburn 006F,Public order,Status update unavailable,
e80c0f822bf5f06ef1ac8978c6b31913e3cff42015c24190700846e90f7dc9d6,2019-05,Lancashire Constabulary,Lancashire Constabulary,-2.384955,53.746225,On or near Springfield Avenue,E01025083,Hyndburn 006F,Public order,Unable to prosecute suspect,
29fcb7e8056801159080dea96142a022c5ea00769f9e9eb6fed82ae7fb11c610,2019-05,Lancashire Constabulary,Lancashire Constabulary,-2.386019,53.748145,On or near Pickup Street,E01025083,Hyndburn 006F,Public order,Status update unavailable,
531a33685dabc92558958da7b1836630a3b1090a37a7a20171b5826f03a79c80,2019-05,Lancashire Constabulary,Lancashire Constabulary,-2.383742,53.747847,On or near Stevenson Street West,E01025083,Hyndburn 006F,Public order,Status update unavailable,
21751848802a2fc365777709a720e46282be6e78519e2a757cbed7d5582ad8f2,2019-05,Lancashire Constabulary,Lancashire Constabulary,-2.384955,53.746225,On or near Springfield Avenue,E01025083,Hyndburn 006F,Public order,Status update unavailable,
904fd1f4b57cde70b7633ebfdbd8ab762d98de72e4fe9b0bba119134091c9690,2019-05,Lancashire Constabulary,Lancashire Constabulary,-2.384468,53.747692,On or near Edleston Street,E01025083,Hyndburn 006F,Public order,Awaiting court outcome,
42b756e20dfec0a64f2b3e879725d63279d02bb31b1ba2c2ae36a806ac0862b9,2019-05,Lancashire Constabulary,Lancashire Constabulary,-2.385614,53.747014,On or near Spring Hill Road,E01025083,Hyndburn 006F,Vehicle crime,Status update unavailable,
393ff9922830ec721356e0961feb71282d092be008d9371230c1565aea98c043,2019-05,Lancashire Constabulary,Lancashire Constabulary,-2.384365,53.744690,On or near Coniston Avenue,E01025083,Hyndburn 006F,Vehicle crime,Status update unavailable,
2388430be496af0d488ba5c37dfd93f09ff5b2cc24fd54c31e691eab90804d21,2019-05,Lancashire Constabulary,Lancashire Constabulary,-2.386964,53.746991,On or near Coal Pit Lane,E01025083,Hyndburn 006F,Vehicle crime,Status update unavailable,
aa0f30a17ae346d3fcf13e3b03734d7f261267632ab7239de51313acc60ea00d,2019-05,Lancashire Constabulary,Lancashire Constabulary,-2.381774,53.744932,On or near Buckden Road,E01025083,Hyndburn 006F,Violence and sexual offences,Status update unavailable,
ace78fa1c76cd81edb05c7ecfbd399fd5e392eeb9b0b1845d0079bfcda4b9ddb,2019-05,Lancashire Constabulary,Lancashire Constabulary,-2.384468,53.747692,On or near Edleston Street,E01025083,Hyndburn 006F,Violence and sexual offences,Status update unavailable,
0a058cf32da33f82b1bd995c5a4f7fed54732a2cbbb27590af66752bcce83ab0,2019-05,Lancashire Constabulary,Lancashire Constabulary,-2.381182,53.748133,On or near Exchange Street,E01025083,Hyndburn 006F,Violence and sexual offences,Status update unavailable,
b61cab11bebf6021e7b04aa18e23f0174ebcdde7bee1aca17b8625d984464f4f,2019-05,Lancashire Constabulary,Lancashire Constabulary,-2.384468,53.747692,On or near Edleston Street,E01025083,Hyndburn 006F,Violence and sexual offences,Status update unavailable,
33047f5f79850e88407120e68aceced5e25239de644324f649e851c2d5e194e1,2019-05,Lancashire Constabulary,Lancashire Constabulary,-2.383742,53.747847,On or near Stevenson Street West,E01025083,Hyndburn 006F,Violence and sexual offences,Status update unavailable,
245153deca658dcfcc9ab8bbb9b6c0ca6365aa9d760b035b29489e3deb90888b,2019-05,Lancashire Constabulary,Lancashire Constabulary,-2.384204,53.748690,On or near Elizabeth Street,E01025083,Hyndburn 006F,Violence and sexual offences,Status update unavailable,
,2019-05,Lancashire Constabulary,Lancashire Constabulary,-2.374011,53.743222,On or near Sports/Recreation Area,E01025084,Hyndburn 006G,Anti-social behaviour,,
,2019-05,Lancashire Constabulary,Lancashire Constabulary,-2.374011,53.743222,On or near Sports/Recreation Area,E01025084,Hyndburn 006G,Anti-social behaviour,,
,2019-05,Lancashire Constabulary,Lancashire Constabulary,-2.372134,53.746993,On or near Hopwood Street,E01025084,Hyndburn 006G,Anti-social behaviour,,
,2019-05,Lancashire Constabulary,Lancashire Constabulary,-2.373498,53.745273,On or near Park Crescent,E01025084,Hyndburn 006G,Anti-social behaviour,,
,2019-05,Lancashire Constabulary,Lancashire Constabulary,-2.369837,53.747890,On or near Richmond Hill Street,E01025084,Hyndburn 006G,Anti-social behaviour,,
,2019-05,Lancashire Constabulary,Lancashire Constabulary,-2.371286,53.740264,On or near Crosley Close,E01025084,Hyndburn 006G,Anti-social behaviour,,
,2019-05,Lancashire Constabulary,Lancashire Constabulary,-2.374011,53.743222,On or near Sports/Recreation Area,E01025084,Hyndburn 006G,Anti-social behaviour,,
,2019-05,Lancashire Constabulary,Lancashire Constabulary,-2.371538,53.748182,On or near Ormerod Street,E01025084,Hyndburn 006G,Anti-social behaviour,,
,2019-05,Lancashire Constabulary,Lancashire Constabulary,-2.366402,53.747038,On or near Mount Street,E01025084,Hyndburn 006G,Anti-social behaviour,,
,2019-05,Lancashire Constabulary,Lancashire Constabulary,-2.368729,53.747777,On or near Rose Street,E01025084,Hyndburn 006G,Anti-social behaviour,,
,2019-05,Lancashire Constabulary,Lancashire Constabulary,-2.369888,53.748564,On or near Hope Street,E01025084,Hyndburn 006G,Anti-social behaviour,,
84087a8be6edf4dfd4538ce09e4d3a8b63c227f21d2de1e195cb2d6d0b357bf7,2019-05,Lancashire Constabulary,Lancashire Constabulary,-2.373417,53.746315,On or near Clifton Street,E01025084,Hyndburn 006G,Burglary,Status update unavailable,
170f4455874e85651a716a3f7f84a9d475a21df11dd8029938c9925bf04bbac7,2019-05,Lancashire Constabulary,Lancashire Constabulary,-2.374801,53.741754,On or near Lindadale Avenue,E01025084,Hyndburn 006G,Burglary,Status update unavailable,
f3654e34486dd27654a260554eef625f1bdafc0adad87fecfee996f13926ff6a,2019-05,Lancashire Constabulary,Lancashire Constabulary,-2.369237,53.746975,On or near Carter Street,E01025084,Hyndburn 006G,Burglary,Status update unavailable,
6f4a5009ed9e2a78650acc929ebbf7c6b75f2b5cd52a9995d8f6fe82e7dc794f,2019-05,Lancashire Constabulary,Lancashire Constabulary,-2.372412,53.744215,On or near Sports/Recreation Area,E01025084,Hyndburn 006G,Criminal damage and arson,Status update unavailable,
16dc262c57f7753fa403ab1169c46d8878907ee414b9d79cc4d78e41bac0db53,2019-05,Lancashire Constabulary,Lancashire Constabulary,-2.371538,53.748182,On or near Ormerod Street,E01025084,Hyndburn 006G,Criminal damage and arson,Unable to prosecute suspect,
dced78688b40f69d1ac3d750b9739f6b64ae9dc7dca8a577fd6cc8956fa367b3,2019-05,Lancashire Constabulary,Lancashire Constabulary,-2.367856,53.746755,On or near Marsden Street,E01025084,Hyndburn 006G,Criminal damage and arson,Status update unavailable,
07b184d821ff867c1dd25d9b3e58326c4e519230f81b137892475ef1d7eafc12,2019-05,Lancashire Constabulary,Lancashire Constabulary,-2.369082,53.746554,On or near Lydia Street,E01025084,Hyndburn 006G,Criminal damage and arson,Status update unavailable,
8bd734f7de663a6b6a7c1992c7206d0f29daa680897f854dda4e677e800ea608,2019-05,Lancashire Constabulary,Lancashire Constabulary,-2.367856,53.746755,On or near Marsden Street,E01025084,Hyndburn 006G,Criminal damage and arson,Status update unavailable,
ba4b3838793aab676136b8ec8c334a506c12f17366975e1f4bfaa0c4e1fc9d25,2019-05,Lancashire Constabulary,Lancashire Constabulary,-2.373498,53.745273,On or near Park Crescent,E01025084,Hyndburn 006G,Criminal damage and arson,Status update unavailable,
11c14ad565338073c90a66d992f7236ce4fe984e16338b621e45dc58a0fd1b7c,2019-05,Lancashire Constabulary,Lancashire Constabulary,-2.370317,53.747368,On or near Higher Antley Street,E01025084,Hyndburn 006G,Criminal damage and arson,Offender fined,
1cb08445beb0904b3daa640709749a0eb9d56f47177a80feeca7596ce5f3749c,2019-05,Lancashire Constabulary,Lancashire Constabulary,-2.366402,53.747038,On or near Mount Street,E01025084,Hyndburn 006G,Criminal damage and arson,Status update unavailable,
f1a6a727a8952ace9b71d327500f4c4748ddddcc96b69a474cf7cc66484c4fae,2019-05,Lancashire Constabulary,Lancashire Constabulary,-2.367253,53.745490,On or near Riley Street,E01025084,Hyndburn 006G,Criminal damage and arson,Status update unavailable,
f1c6a5cfd6ecfa4f8fbbe7deca4cfb76e273ad4011063bf5cee3a85933702edc,2019-05,Lancashire Constabulary,Lancashire Constabulary,-2.369237,53.746975,On or near Carter Street,E01025084,Hyndburn 006G,Drugs,Status update unavailable,
c24719baccd7b52fdb925f5481b4548427a37b743579ef8200f6669a5ad1b65e,2019-05,Lancashire Constabulary,Lancashire Constabulary,-2.369237,53.746975,On or near Carter Street,E01025084,Hyndburn 006G,Drugs,Investigation complete; no suspect identified,
50763b6acc4586d4a994f9a331d3605a8df00f81be9e54f26f9bfdb3a647c454,2019-05,Lancashire Constabulary,Lancashire Constabulary,-2.369237,53.746975,On or near Carter Street,E01025084,Hyndburn 006G,Drugs,Status update unavailable,
0fe0b835b8500f05d692dece50564ac43306640d14737defe5261d9915b3bc42,2019-05,Lancashire Constabulary,Lancashire Constabulary,-2.369082,53.746554,On or near Lydia Street,E01025084,Hyndburn 006G,Other theft,Status update unavailable,
f45e117ab515fa5eac5d4c5c5d51b7fdd7b9a60b556d6c3d69a1a157078972ab,2019-05,Lancashire Constabulary,Lancashire Constabulary,-2.369888,53.748564,On or near Hope Street,E01025084,Hyndburn 006G,Other theft,Status update unavailable,
84b679898d20dcd8be34fb8b6e6d103fb8d854e3f16e899f8c7beda7dbb4e41b,2019-05,Lancashire Constabulary,Lancashire Constabulary,-2.374585,53.741242,On or near Lindadale Close,E01025084,Hyndburn 006G,Other theft,Status update unavailable,
d3502fe69d0361bf8eb782d7cc529d715af2a9c8c3d2aa7ddcdbe6b7a8dfb1ce,2019-05,Lancashire Constabulary,Lancashire Constabulary,-2.369082,53.746554,On or near Lydia Street,E01025084,Hyndburn 006G,Other theft,Status update unavailable,
dbfca2fe5e259fa8cd0a5a210c1d23102514d64dfa2adbb495d9678f14b27e45,2019-05,Lancashire Constabulary,Lancashire Constabulary,-2.369237,53.746975,On or near Carter Street,E01025084,Hyndburn 006G,Public order,Status update unavailable,
bbaff044a0825308175f33bab5660977d0dff2bf9497553120aa26c513cf185e,2019-05,Lancashire Constabulary,Lancashire Constabulary,-2.368494,53.750366,On or near Parking Area,E01025084,Hyndburn 006G,Public order,Unable to prosecute suspect,
32ef0ea6e2fe09e670b02d55539c525cf4eec3bc25a28705b7cd3cd76732cdad,2019-05,Lancashire Constabulary,Lancashire Constabulary,-2.373417,53.746315,On or near Clifton Street,E01025084,Hyndburn 006G,Public order,Status update unavailable,
33c36fa356a679eda609daabc99556337089728cc21b1441ded82a325ba8e6ce,2019-05,Lancashire Constabulary,Lancashire Constabulary,-2.369082,53.746554,On or near Lydia Street,E01025084,Hyndburn 006G,Public order,Status update unavailable,
47663fb90a9666492e6e9918aedeab31ef39ff10ccc99839e31fce4acb78e1c5,2019-05,Lancashire Constabulary,Lancashire Constabulary,-2.369082,53.746554,On or near Lydia Street,E01025084,Hyndburn 006G,Public order,Awaiting court outcome,
8792ba2b37e9dfd375769a0aca78e764cbb530d56b9918266e65881840a41ecd,2019-05,Lancashire Constabulary,Lancashire Constabulary,-2.368729,53.747777,On or near Rose Street,E01025084,Hyndburn 006G,Robbery,Status update unavailable,
1bdfb244b9664c56052abe12979cd8b3475a426111d6f1a22447ea73181db2f9,2019-05,Lancashire Constabulary,Lancashire Constabulary,-2.373417,53.746315,On or near Clifton Street,E01025084,Hyndburn 006G,Vehicle crime,Unable to prosecute suspect,
5725eed46ada6af7a961dfcdc956a00dd259e67576564ae4e6630d34e6a06fff,2019-05,Lancashire Constabulary,Lancashire Constabulary,-2.369237,53.746975,On or near Carter Street,E01025084,Hyndburn 006G,Vehicle crime,Status update unavailable,
b00d6ac19708c49f516ffd5ddf7f270dea4f8559518cca2d1df3c54a52dffd63,2019-05,Lancashire Constabulary,Lancashire Constabulary,-2.368729,53.747777,On or near Rose Street,E01025084,Hyndburn 006G,Violence and sexual offences,Status update unavailable,
4eeac073c2f20380b14d87cc26fdc8b3f1732bb1138139cf44ba7610ed9e1054,2019-05,Lancashire Constabulary,Lancashire Constabulary,-2.367131,53.748860,On or near Park/Open Space,E01025084,Hyndburn 006G,Violence and sexual offences,Unable to prosecute suspect,
56805ebb4a2c0927d57349008cf1f84f1534f0d27ce2ef6f43c9916958f64725,2019-05,Lancashire Constabulary,Lancashire Constabulary,-2.371421,53.747014,On or near Perth Street,E01025084,Hyndburn 006G,Violence and sexual offences,Status update unavailable,
a207e850fb0920c96f49c7f9beaf4ef5ea7b72521798cfbed6b1272e2f627e2c,2019-05,Lancashire Constabulary,Lancashire Constabulary,-2.369082,53.746554,On or near Lydia Street,E01025084,Hyndburn 006G,Violence and sexual offences,Status update unavailable,
cfce34ea106c77e94997f322138e7b9424f4d2ab4f111a70091bdfd929f00145,2019-05,Lancashire Constabulary,Lancashire Constabulary,-2.368494,53.750366,On or near Parking Area,E01025084,Hyndburn 006G,Violence and sexual offences,Unable to prosecute suspect,
0306b19bed816950a0c7f345ea701d52f1e6ddfdc4e239677da68fbe1752281d,2019-05,Lancashire Constabulary,Lancashire Constabulary,-2.371665,53.740272,On or near Brocklehurst Avenue,E01025084,Hyndburn 006G,Violence and sexual offences,Unable to prosecute suspect,
c324931d40dd9ed2e0715f16e76340f4d06ecefb7a3d9407d67bee4b5c8c02c2,2019-05,Lancashire Constabulary,Lancashire Constabulary,-2.369237,53.746975,On or near Carter Street,E01025084,Hyndburn 006G,Violence and sexual offences,Status update unavailable,
,2019-05,Lancashire Constabulary,Lancashire Constabulary,-2.379273,53.750090,On or near Charter Street,E01033231,Hyndburn 006H,Anti-social behaviour,,
,2019-05,Lancashire Constabulary,Lancashire Constabulary,-2.383086,53.754113,On or near Countess Street,E01033231,Hyndburn 006H,Anti-social behaviour,,
,2019-05,Lancashire Constabulary,Lancashire Constabulary,-2.377366,53.753826,On or near Lister Street,E01033231,Hyndburn 006H,Anti-social behaviour,,
,2019-05,Lancashire Constabulary,Lancashire Constabulary,-2.385499,53.752596,On or near Blackburn Road,E01033231,Hyndburn 006H,Anti-social behaviour,,
,2019-05,Lancashire Constabulary,Lancashire Constabulary,-2.380705,53.752449,On or near Porter Street,E01033231,Hyndburn 006H,Anti-social behaviour,,
,2019-05,Lancashire Constabulary,Lancashire Constabulary,-2.383005,53.753601,On or near Russia Street,E01033231,Hyndburn 006H,Anti-social behaviour,,
,2019-05,Lancashire Constabulary,Lancashire Constabulary,-2.377975,53.754085,On or near Countess Street,E01033231,Hyndburn 006H,Anti-social behaviour,,
,2019-05,Lancashire Constabulary,Lancashire Constabulary,-2.377366,53.753826,On or near Lister Street,E01033231,Hyndburn 006H,Anti-social behaviour,,
,2019-05,Lancashire Constabulary,Lancashire Constabulary,-2.380393,53.753124,On or near Empress Street,E01033231,Hyndburn 006H,Anti-social behaviour,,
,2019-05,Lancashire Constabulary,Lancashire Constabulary,-2.383086,53.754113,On or near Countess Street,E01033231,Hyndburn 006H,Anti-social behaviour,,
,2019-05,Lancashire Constabulary,Lancashire Constabulary,-2.379474,53.752112,On or near Lower Antley Street,E01033231,Hyndburn 006H,Anti-social behaviour,,
,2019-05,Lancashire Constabulary,Lancashire Constabulary,-2.379397,53.755428,On or near Park Road,E01033231,Hyndburn 006H,Anti-social behaviour,,
61273876a4a59febcc8d2db64774f82faeb4ae4ae67670e20465904c22675f73,2019-05,Lancashire Constabulary,Lancashire Constabulary,-2.383077,53.753080,On or near Empress Street,E01033231,Hyndburn 006H,Burglary,Status update unavailable,
86e90ab600e8d17bef7a6fcee3e30beb0492c20a2e11f14fd919c1035f685ec4,2019-05,Lancashire Constabulary,Lancashire Constabulary,-2.377975,53.754085,On or near Countess Street,E01033231,Hyndburn 006H,Burglary,Status update unavailable,
89ba167283d309a1ee4e799c4bce1dd731db9225ed67b924bd2432ba5a3a7284,2019-05,Lancashire Constabulary,Lancashire Constabulary,-2.379915,53.752326,On or near Barlow Street,E01033231,Hyndburn 006H,Burglary,Status update unavailable,
482134f15939973d16e225c4d84f41f0bda3d1609f25cb9cd35091f5c57bda7f,2019-05,Lancashire Constabulary,Lancashire Constabulary,-2.382282,53.752426,On or near Holland Street,E01033231,Hyndburn 006H,Burglary,Status update unavailable,
cdb7f1a12b7db4a81ce1a69eaf53f4f0c1e0213c9ddb5a497ab7be5481c4c92f,2019-05,Lancashire Constabulary,Lancashire Constabulary,-2.382282,53.752426,On or near Holland Street,E01033231,Hyndburn 006H,Burglary,Status update unavailable,
4070a591c1c91da98b82ee0fce5d3c8b73047fde05d0e5167d868a8b3a1616c7,2019-05,Lancashire Constabulary,Lancashire Constabulary,-2.382095,53.750189,On or near The Copse,E01033231,Hyndburn 006H,Burglary,Status update unavailable,
367d858f1c4afbeb1f5cc0b40beb19e7907862df7100db8d1bb3ceb2c55ec5ae,2019-05,Lancashire Constabulary,Lancashire Constabulary,-2.379996,53.749468,On or near Stevenson Street East,E01033231,Hyndburn 006H,Criminal damage and arson,Status update unavailable,
c79b8eaa95593f4deed3c3df754efd9ebba1997a472c4ca4cbe82cdd6d05fb6d,2019-05,Lancashire Constabulary,Lancashire Constabulary,-2.380705,53.752449,On or near Porter Street,E01033231,Hyndburn 006H,Criminal damage and arson,Unable to prosecute suspect,
ccf981ff5f99e94e5ed736d813a380e2b76e92ac3fdae7d29fd4d00c5e0c5413,2019-05,Lancashire Constabulary,Lancashire Constabulary,-2.382282,53.752426,On or near Holland Street,E01033231,Hyndburn 006H,Criminal damage and arson,Unable to prosecute suspect,
8d633c53ecd20f21362025008fdc899090eff02e2a475f5206967f1017c4424a,2019-05,Lancashire Constabulary,Lancashire Constabulary,-2.383077,53.753080,On or near Empress Street,E01033231,Hyndburn 006H,Other theft,Status update unavailable,
bbb58be53922ff0c20cfda9ca9df102022a60fcc8ef28395d64ea9e744eca1ee,2019-05,Lancashire Constabulary,Lancashire Constabulary,-2.383077,53.753080,On or near Empress Street,E01033231,Hyndburn 006H,Other theft,Status update unavailable,
8a7d77fc46f4a6550296ba660ed7089dbe9c99aba67c2f91b760319ce31ae021,2019-05,Lancashire Constabulary,Lancashire Constabulary,-2.383044,53.752819,On or near Poland Street,E01033231,Hyndburn 006H,Other theft,Status update unavailable,
49f09e49a4bd06ddc9c498d0f1c5325ecbf363641d0ab5d47a18f7612739f347,2019-05,Lancashire Constabulary,Lancashire Constabulary,-2.383005,53.753601,On or near Russia Street,E01033231,Hyndburn 006H,Other theft,Status update unavailable,
c4340f3feee87f3628bdbd537f19722cbc02a1841280382ff21b7b97257aa776,2019-05,Lancashire Constabulary,Lancashire Constabulary,-2.386932,53.751836,On or near Newark Street,E01033231,Hyndburn 006H,Public order,Local resolution,
566faea2e9869bcc700277b2649abc05c21df2fd663061d854045edc851b44de,2019-05,Lancashire Constabulary,Lancashire Constabulary,-2.383086,53.754113,On or near Countess Street,E01033231,Hyndburn 006H,Public order,Unable to prosecute suspect,
4169cfaaf530ec36c932cf048f59f5edb45011a50593bd1ddfb23753cc8dd7b0,2019-05,Lancashire Constabulary,Lancashire Constabulary,-2.385718,53.751750,On or near Lower Antley Street,E01033231,Hyndburn 006H,Public order,Status update unavailable,
2d5d37e137ea21bd059c8b5e1eb4f4f370409cd10a8cb8a0fa42a015fb4b8daf,2019-05,Lancashire Constabulary,Lancashire Constabulary,-2.385499,53.752596,On or near Blackburn Road,E01033231,Hyndburn 006H,Shoplifting,Status update unavailable,
81ae155dcc97997b9fac47f284db94526aef17e3cd606bb079855b796dc32a3c,2019-05,Lancashire Constabulary,Lancashire Constabulary,-2.383044,53.752819,On or near Poland Street,E01033231,Hyndburn 006H,Shoplifting,Status update unavailable,
211ae2045659d21fc14756024e1d5660ff42a8d73e5aa6a427757d4ca2e54fa3,2019-05,Lancashire Constabulary,Lancashire Constabulary,-2.383044,53.752819,On or near Poland Street,E01033231,Hyndburn 006H,Shoplifting,Status update unavailable,
caeaffde6bc1ac302011333053208563191d94b46681e46783bc825d7adab337,2019-05,Lancashire Constabulary,Lancashire Constabulary,-2.383086,53.754113,On or near Countess Street,E01033231,Hyndburn 006H,Vehicle crime,Status update unavailable,
d4acf0281dbe2a9ef782bb6b9cd36c8f67c9e7749bb931d64fa2e09128c361b1,2019-05,Lancashire Constabulary,Lancashire Constabulary,-2.382095,53.750189,On or near The Copse,E01033231,Hyndburn 006H,Vehicle crime,Status update unavailable,
eeeea9bcf192021272a9fbb931a8e8ff4133c21724bdfccfd5234073ea5938ea,2019-05,Lancashire Constabulary,Lancashire Constabulary,-2.380096,53.753889,On or near Monk Street,E01033231,Hyndburn 006H,Violence and sexual offences,Status update unavailable,
d0b2175df4fe256fc1a172c2de22623da86cf53b3654d5ca4b54a1336d8c6e0d,2019-05,Lancashire Constabulary,Lancashire Constabulary,-2.379397,53.755428,On or near Park Road,E01033231,Hyndburn 006H,Violence and sexual offences,Unable to prosecute suspect,
37ea713c0e30c8b5ff7e9ea8af853df3b462d00bc7d8cb92a6281a3de83cd976,2019-05,Lancashire Constabulary,Lancashire Constabulary,-2.385499,53.752596,On or near Blackburn Road,E01033231,Hyndburn 006H,Violence and sexual offences,Awaiting court outcome,
a5e28787e619ee925c1554c10e9d9091ea22c1b30e01064c13f0a4760681b4f1,2019-05,Lancashire Constabulary,Lancashire Constabulary,-2.380705,53.752449,On or near Porter Street,E01033231,Hyndburn 006H,Violence and sexual offences,Status update unavailable,
587dbdab548f7fbd66459468817ccd3bca2907b09cc1bb81f2885bccaef11384,2019-05,Lancashire Constabulary,Lancashire Constabulary,-2.379308,53.753910,On or near Park Road,E01033231,Hyndburn 006H,Violence and sexual offences,Investigation complete; no suspect identified,
5b13b2bc6aaee919214b689b850dd125a729ae074fb113cacd796c72bf55bad0,2019-05,Lancashire Constabulary,Lancashire Constabulary,-2.380705,53.752449,On or near Porter Street,E01033231,Hyndburn 006H,Violence and sexual offences,Unable to prosecute suspect,
806ca9c9f961f03509b2a7b458f3db0a15c59eca433e93884b961909a765d1c7,2019-05,Lancashire Constabulary,Lancashire Constabulary,-2.382095,53.750189,On or near The Copse,E01033231,Hyndburn 006H,Violence and sexual offences,Unable to prosecute suspect,
88301f232f73b55263bb544624d1212a0f7cd8dd2733627ad495578300b9e1fd,2019-05,Lancashire Constabulary,Lancashire Constabulary,-2.383044,53.752819,On or near Poland Street,E01033231,Hyndburn 006H,Violence and sexual offences,Status update unavailable,
10a48b95fbd3264881e922b7a8472ce8f1dd4973d0eaa1c6a0a7eb0f89f50a9c,2019-05,Lancashire Constabulary,Lancashire Constabulary,-2.388694,53.752118,On or near Oakbank Drive,E01033231,Hyndburn 006H,Other crime,Unable to prosecute suspect,
1ec06e30d22b316da9204dc0a9a7fada03c1a97b4f1c813bbc7a4a952486644e,2019-05,Lancashire Constabulary,Lancashire Constabulary,-2.379397,53.755428,On or near Park Road,E01033231,Hyndburn 006H,Other crime,Unable to prosecute suspect,
,2019-05,Lancashire Constabulary,Lancashire Constabulary,-2.401463,53.739358,On or near Trinity Street,E01025055,Hyndburn 007A,Anti-social behaviour,,
,2019-05,Lancashire Constabulary,Lancashire Constabulary,-2.399326,53.740983,On or near Victoria Street,E01025055,Hyndburn 007A,Anti-social behaviour,,
,2019-05,Lancashire Constabulary,Lancashire Constabulary,-2.399326,53.740983,On or near Victoria Street,E01025055,Hyndburn 007A,Anti-social behaviour,,
b8f2fa1702f3e5d9055af4b3f4a7ad774b0c7083c34526b5e1ac709a790d70bb,2019-05,Lancashire Constabulary,Lancashire Constabulary,-2.397994,53.739693,On or near Merlin Drive,E01025055,Hyndburn 007A,Burglary,Status update unavailable,
1089515358a1f76d9c350309e2027626cb44220e5c6f86b224fea929a674ced4,2019-05,Lancashire Constabulary,Lancashire Constabulary,-2.395850,53.740644,On or near Heys,E01025055,Hyndburn 007A,Criminal damage and arson,Status update unavailable,
d6ab4e70697e3388c9f93299a20cd8569e1938786ae3e05ae38661f2077cf938,2019-05,Lancashire Constabulary,Lancashire Constabulary,-2.400595,53.740520,On or near Plant Street,E01025055,Hyndburn 007A,Criminal damage and arson,Unable to prosecute suspect,
02de5f2dae81c66a28fef0093beb388b9c5b76429ba9ddb7f2a5204d6bd7a336,2019-05,Lancashire Constabulary,Lancashire Constabulary,-2.401463,53.739358,On or near Trinity Street,E01025055,Hyndburn 007A,Criminal damage and arson,Status update unavailable,
3b0bb1952e03b2e5001a1d74e52f7b078f37651be3fc2d466fd352d8bda33b86,2019-05,Lancashire Constabulary,Lancashire Constabulary,-2.400280,53.740890,On or near Commercial Street,E01025055,Hyndburn 007A,Public order,Local resolution,
12056c03ff94466e9140c9efc10f4030b9a1d617a83f05a197452ed7edb6f11d,2019-05,Lancashire Constabulary,Lancashire Constabulary,-2.400280,53.740890,On or near Commercial Street,E01025055,Hyndburn 007A,Public order,Status update unavailable,
f0fd0e9faece6bcd65f7ab04d2f7e3e8464d2c24f7e54c8f044fb9ce20b1d89c,2019-05,Lancashire Constabulary,Lancashire Constabulary,-2.398833,53.741784,On or near Havelock Street,E01025055,Hyndburn 007A,Vehicle crime,Status update unavailable,
e8ca1470c50d6c7684ce03f2c4494f9112a26db0434a743083c81175263eee42,2019-05,Lancashire Constabulary,Lancashire Constabulary,-2.402475,53.740559,On or near Church Street,E01025055,Hyndburn 007A,Violence and sexual offences,Status update unavailable,
1348cec1472e7a60d93d13ab78042f8d38749a2afe443d994124a81768b11e37,2019-05,Lancashire Constabulary,Lancashire Constabulary,-2.398833,53.741784,On or near Havelock Street,E01025055,Hyndburn 007A,Violence and sexual offences,Action to be taken by another organisation,
,2019-05,Lancashire Constabulary,Lancashire Constabulary,-2.391169,53.749207,On or near Clayton Street,E01025075,Hyndburn 007B,Anti-social behaviour,,
,2019-05,Lancashire Constabulary,Lancashire Constabulary,-2.391169,53.749207,On or near Clayton Street,E01025075,Hyndburn 007B,Anti-social behaviour,,
,2019-05,Lancashire Constabulary,Lancashire Constabulary,-2.391169,53.749207,On or near Clayton Street,E01025075,Hyndburn 007B,Anti-social behaviour,,
,2019-05,Lancashire Constabulary,Lancashire Constabulary,-2.388992,53.748234,On or near George Street,E01025075,Hyndburn 007B,Anti-social behaviour,,
,2019-05,Lancashire Constabulary,Lancashire Constabulary,-2.391312,53.744964,On or near Haworth Street,E01025075,Hyndburn 007B,Anti-social behaviour,,
,2019-05,Lancashire Constabulary,Lancashire Constabulary,-2.392743,53.743998,On or near Watson Street,E01025075,Hyndburn 007B,Anti-social behaviour,,
,2019-05,Lancashire Constabulary,Lancashire Constabulary,-2.388992,53.748234,On or near George Street,E01025075,Hyndburn 007B,Anti-social behaviour,,
,2019-05,Lancashire Constabulary,Lancashire Constabulary,-2.388992,53.748234,On or near George Street,E01025075,Hyndburn 007B,Anti-social behaviour,,
,2019-05,Lancashire Constabulary,Lancashire Constabulary,-2.391312,53.744964,On or near Haworth Street,E01025075,Hyndburn 007B,Anti-social behaviour,,
,2019-05,Lancashire Constabulary,Lancashire Constabulary,-2.389766,53.748349,On or near Wesley Street,E01025075,Hyndburn 007B,Anti-social behaviour,,
,2019-05,Lancashire Constabulary,Lancashire Constabulary,-2.389766,53.748349,On or near Wesley Street,E01025075,Hyndburn 007B,Anti-social behaviour,,
e91225ee6b402cbc482038ed73e182076fb01e1c3ecfe3767199c9164f38825f,2019-05,Lancashire Constabulary,Lancashire Constabulary,-2.388962,53.749951,On or near Blossom Avenue,E01025075,Hyndburn 007B,Burglary,Status update unavailable,
89cc4ec2be1327241d5ca8a785b4d14688c337f726ad577f6dd05fd3219e47ce,2019-05,Lancashire Constabulary,Lancashire Constabulary,-2.393992,53.746169,On or near Hodgson Street,E01025075,Hyndburn 007B,Criminal damage and arson,Status update unavailable,
b9b21f0f778aef4f0d65f192ecc058552e18047b244d425d547df37900b607f9,2019-05,Lancashire Constabulary,Lancashire Constabulary,-2.392524,53.743261,On or near Rhyddings Street,E01025075,Hyndburn 007B,Criminal damage and arson,Status update unavailable,
da87dcba3772ee1b1d841e4f0a357e87d1efa05e91149cd59037d95962d8d71c,2019-05,Lancashire Constabulary,Lancashire Constabulary,-2.390921,53.750196,On or near St Annes Close,E01025075,Hyndburn 007B,Criminal damage and arson,Status update unavailable,
39507d1e7726d9210c7139b07f959ab5a0a61c2a35321d54377aa228932bcbce,2019-05,Lancashire Constabulary,Lancashire Constabulary,-2.390887,53.749837,On or near Blackpool Street,E01025075,Hyndburn 007B,Criminal damage and arson,Status update unavailable,
52e4fa528a2e483916db16368a939f46c8b4ff7b5827a64f0fc91fb397c535d3,2019-05,Lancashire Constabulary,Lancashire Constabulary,-2.390887,53.749837,On or near Blackpool Street,E01025075,Hyndburn 007B,Criminal damage and arson,Status update unavailable,
39a4e2c346fd36b2191e10645d659f0926ebdb8fbf3b9a2164aa5e50f2c16a30,2019-05,Lancashire Constabulary,Lancashire Constabulary,-2.394172,53.744352,On or near Chapel Street,E01025075,Hyndburn 007B,Other theft,Status update unavailable,
7c8e80fe3ed69763f46d6ccc1088c962eef0485f0ae5e532708bd70b4868dc16,2019-05,Lancashire Constabulary,Lancashire Constabulary,-2.392538,53.747962,On or near Badge Brow,E01025075,Hyndburn 007B,Other theft,Status update unavailable,
5c68876279d58960e9b1ba9bbc311f29b61eab3d2796c72b54277aa35e71cdb5,2019-05,Lancashire Constabulary,Lancashire Constabulary,-2.391397,53.747561,On or near Queen Street,E01025075,Hyndburn 007B,Other theft,Status update unavailable,
c01b3f0922fc542f8ae493493f1b8919c1c0172bbdd7a6ebba8d9a3b73a2151e,2019-05,Lancashire Constabulary,Lancashire Constabulary,-2.391397,53.747561,On or near Queen Street,E01025075,Hyndburn 007B,Public order,Awaiting court outcome,
c10d8f43abc572d1fd3108e971568ee9df7e84e20e4b83d439d82f6e1fb1fd23,2019-05,Lancashire Constabulary,Lancashire Constabulary,-2.391397,53.747561,On or near Queen Street,E01025075,Hyndburn 007B,Public order,Status update unavailable,
6010cfa60d39f4a0180d9e4c87101b70f89930df6e56fff02b35c08720433772,2019-05,Lancashire Constabulary,Lancashire Constabulary,-2.390830,53.746961,On or near Frederick Street,E01025075,Hyndburn 007B,Shoplifting,Local resolution,
8e5c41bf4070353d4337ef9686c317dc83dcdbacc5ebded74ddd0a7c0a4793b9,2019-05,Lancashire Constabulary,Lancashire Constabulary,-2.390830,53.746961,On or near Frederick Street,E01025075,Hyndburn 007B,Shoplifting,Unable to prosecute suspect,
9d7fc1596909ebfd0f6e9dc3b247cb9a5970a3ad28a2e6f12ee02da106b3a424,2019-05,Lancashire Constabulary,Lancashire Constabulary,-2.393992,53.746169,On or near Hodgson Street,E01025075,Hyndburn 007B,Violence and sexual offences,Status update unavailable,
a6357c60649ef4ed7048a5c382e7c6db87de9590cf0ceafd713714b26aedcb49,2019-05,Lancashire Constabulary,Lancashire Constabulary,-2.390830,53.746961,On or near Frederick Street,E01025075,Hyndburn 007B,Violence and sexual offences,Awaiting court outcome,
6e4f5f97002b5e27dd735b29898bb23562031b71f5e5e85227afda14f1f01076,2019-05,Lancashire Constabulary,Lancashire Constabulary,-2.391312,53.744964,On or near Haworth Street,E01025075,Hyndburn 007B,Violence and sexual offences,Status update unavailable,
5c066a7f158189d51e80519bca50b2014100f0201f80ee5f21a0034d8787b602,2019-05,Lancashire Constabulary,Lancashire Constabulary,-2.389593,53.749329,On or near The Grove,E01025075,Hyndburn 007B,Violence and sexual offences,Status update unavailable,
fbb37cc84617cfdeaac6d50a48de57fc140a27f459db3a95daef0cb4dabaad8c,2019-05,Lancashire Constabulary,Lancashire Constabulary,-2.391312,53.744964,On or near Haworth Street,E01025075,Hyndburn 007B,Violence and sexual offences,Status update unavailable,
fa6a03a330e43a4cb3d97862861ddb9b4a3658c46edf68ed2a682141ce4f0320,2019-05,Lancashire Constabulary,Lancashire Constabulary,-2.388992,53.748234,On or near George Street,E01025075,Hyndburn 007B,Violence and sexual offences,Unable to prosecute suspect,
c06c9d06fd45c787bef492dcfd922482a05414d27bcd0e2ddc1f8aba76b5ebd0,2019-05,Lancashire Constabulary,Lancashire Constabulary,-2.391397,53.747561,On or near Queen Street,E01025075,Hyndburn 007B,Violence and sexual offences,Awaiting court outcome,
f7cbdba6f479dc91a61d37acefacda3b322cf44c84da0970a9a498e2afa2a6ea,2019-05,Lancashire Constabulary,Lancashire Constabulary,-2.391312,53.744964,On or near Haworth Street,E01025075,Hyndburn 007B,Violence and sexual offences,Action to be taken by another organisation,
6e1c53458087f240f50bf84f2d249207d2d5eb092851b2f1a947b6d45640c819,2019-05,Lancashire Constabulary,Lancashire Constabulary,-2.392968,53.746972,On or near Backhouse Street,E01025075,Hyndburn 007B,Violence and sexual offences,Status update unavailable,
56dfe3e570a6554c6c980fa10d390c7465006d53f1f1d06c9d680aa36114bafa,2019-05,Lancashire Constabulary,Lancashire Constabulary,-2.393992,53.746169,On or near Hodgson Street,E01025075,Hyndburn 007B,Violence and sexual offences,Status update unavailable,
97681425986ded2cbcdeb4fe4a129be59a88023da5be7bab2f2201196e41a88d,2019-05,Lancashire Constabulary,Lancashire Constabulary,-2.388992,53.748234,On or near George Street,E01025075,Hyndburn 007B,Violence and sexual offences,Unable to prosecute suspect,
32c8db357e1f60cc8017442b95c4bc7c63b2854d4dd2171b02a20de6ea51a169,2019-05,Lancashire Constabulary,Lancashire Constabulary,-2.392209,53.743586,On or near Cecil Street,E01025075,Hyndburn 007B,Violence and sexual offences,Unable to prosecute suspect,
ce572e0a00b5f686bcb0b34d43e4319791a7f152186e0a5e0c5ddd1abe8319fb,2019-05,Lancashire Constabulary,Lancashire Constabulary,-2.388992,53.748234,On or near George Street,E01025075,Hyndburn 007B,Violence and sexual offences,Status update unavailable,
e9f606cba0538cedb31937edc466787e37b3bb4136d3ac1fc1eda959c3a24808,2019-05,Lancashire Constabulary,Lancashire Constabulary,-2.391397,53.747561,On or near Queen Street,E01025075,Hyndburn 007B,Violence and sexual offences,Status update unavailable,
04d63d45d7b0f16584f1a0dedaa2653bbfb55e6a00638c89ed6c5f4d2c8a1b55,2019-05,Lancashire Constabulary,Lancashire Constabulary,-2.389766,53.748349,On or near Wesley Street,E01025075,Hyndburn 007B,Violence and sexual offences,Unable to prosecute suspect,
ef6ba2f133bfa740c349eb1b290832be9580d1c56850b69e0bda00010b09f944,2019-05,Lancashire Constabulary,Lancashire Constabulary,-2.392709,53.745229,On or near Lock Street,E01025075,Hyndburn 007B,Other crime,Unable to prosecute suspect,
17f2c245c6fada8560368646b8b110eacf269235f09974105a83999a992a0acf,2019-05,Lancashire Constabulary,Lancashire Constabulary,-2.387634,53.748967,On or near Orchard Drive,E01025075,Hyndburn 007B,Other crime,Status update unavailable,
,2019-05,Lancashire Constabulary,Lancashire Constabulary,-2.396817,53.743418,On or near Garden Street,E01025076,Hyndburn 007C,Anti-social behaviour,,
,2019-05,Lancashire Constabulary,Lancashire Constabulary,-2.400625,53.742066,On or near Peel Street,E01025076,Hyndburn 007C,Anti-social behaviour,,
,2019-05,Lancashire Constabulary,Lancashire Constabulary,-2.400625,53.742066,On or near Peel Street,E01025076,Hyndburn 007C,Anti-social behaviour,,
,2019-05,Lancashire Constabulary,Lancashire Constabulary,-2.398729,53.743609,On or near Cross Street,E01025076,Hyndburn 007C,Anti-social behaviour,,
,2019-05,Lancashire Constabulary,Lancashire Constabulary,-2.391137,53.742430,On or near Hornby Street,E01025076,Hyndburn 007C,Anti-social behaviour,,
bbdab28c11a46c74be55c16265f6a7a9c9fd6840998af1999e3a18d65708758d,2019-05,Lancashire Constabulary,Lancashire Constabulary,-2.400625,53.742066,On or near Peel Street,E01025076,Hyndburn 007C,Public order,Status update unavailable,
c56a8929560a5526fa74fe9108b03f383ead2b47cbb10d4c7c1fca0bae73fded,2019-05,Lancashire Constabulary,Lancashire Constabulary,-2.400625,53.742066,On or near Peel Street,E01025076,Hyndburn 007C,Public order,Unable to prosecute suspect,
d0e1cefead8f7b2b51cecebd386ba48241c5e9aee4ef5f371eee84f04ca91194,2019-05,Lancashire Constabulary,Lancashire Constabulary,-2.396817,53.743418,On or near Garden Street,E01025076,Hyndburn 007C,Public order,Status update unavailable,
264cff5ceca6ab9d144be4fe357f0e2c5b36242b85289313d9195377c2b52c82,2019-05,Lancashire Constabulary,Lancashire Constabulary,-2.391137,53.742430,On or near Hornby Street,E01025076,Hyndburn 007C,Vehicle crime,Investigation complete; no suspect identified,
3444a2594743aaa1c1dd92d59df5f152a60411f0af66624e41826f392abbf7b5,2019-05,Lancashire Constabulary,Lancashire Constabulary,-2.387854,53.743250,On or near Dene Bank Road,E01025076,Hyndburn 007C,Vehicle crime,Status update unavailable,
ac31f7c9b6276fc4cec21b7660af87feee98404744ac251a913c5046db92ddb9,2019-05,Lancashire Constabulary,Lancashire Constabulary,-2.394749,53.744467,On or near Spring Street,E01025076,Hyndburn 007C,Violence and sexual offences,Status update unavailable,
79b213889d153a833f7a80b8fb27203b462c47b5ce990c94369a62e84f492a17,2019-05,Lancashire Constabulary,Lancashire Constabulary,-2.392645,53.741535,On or near Fielding Lane,E01025076,Hyndburn 007C,Violence and sexual offences,Status update unavailable,
072de9cbfc7a65c8c5be5e09f6d6ceaeeb33d8a13e44d7fa1bdbeb1f94dabeea,2019-05,Lancashire Constabulary,Lancashire Constabulary,-2.390137,53.742514,On or near Park Lane,E01025076,Hyndburn 007C,Violence and sexual offences,Status update unavailable,
86498fdd397672fda333a0cb8cf93f919d27e33ebf6f8578cb08d9ff836c93d5,2019-05,Lancashire Constabulary,Lancashire Constabulary,-2.396817,53.743418,On or near Garden Street,E01025076,Hyndburn 007C,Violence and sexual offences,Status update unavailable,
,2019-05,Lancashire Constabulary,Lancashire Constabulary,-2.405337,53.741772,On or near Stanhill Lane,E01025077,Hyndburn 007D,Anti-social behaviour,,
,2019-05,Lancashire Constabulary,Lancashire Constabulary,-2.402623,53.741718,On or near Smithy Bridge Street,E01025077,Hyndburn 007D,Anti-social behaviour,,
,2019-05,Lancashire Constabulary,Lancashire Constabulary,-2.402623,53.741718,On or near Smithy Bridge Street,E01025077,Hyndburn 007D,Anti-social behaviour,,
20fb637c731bf7fcbe5859f8e5c2801e68576c60cf5443aece5850ea69711ff8,2019-05,Lancashire Constabulary,Lancashire Constabulary,-2.402318,53.741593,On or near Parking Area,E01025077,Hyndburn 007D,Burglary,Status update unavailable,
745e3d34b1d17d753d33058feb7c89af6f170a5ac691a18dd96bd18167c0b488,2019-05,Lancashire Constabulary,Lancashire Constabulary,-2.394579,53.745699,On or near Monarch Street,E01025077,Hyndburn 007D,Criminal damage and arson,Status update unavailable,
48f41a91a356d3ad07d1f990722388c0055fdaec0760f46f949f370934c29a48,2019-05,Lancashire Constabulary,Lancashire Constabulary,-2.404136,53.747798,On or near Byron Close,E01025077,Hyndburn 007D,Violence and sexual offences,Offender sent to prison,
bc88c154500e5583f09c13ba9d9a067f19b6d2f52d2c83fbd222cee2bc3d1fc2,2019-05,Lancashire Constabulary,Lancashire Constabulary,-2.404202,53.748346,On or near Ruskin Avenue,E01025077,Hyndburn 007D,Violence and sexual offences,Status update unavailable,
,2019-05,Lancashire Constabulary,Lancashire Constabulary,-2.410245,53.747543,On or near Aspen Lane,E01025078,Hyndburn 007E,Anti-social behaviour,,
,2019-05,Lancashire Constabulary,Lancashire Constabulary,-2.406666,53.747528,On or near Dudley Avenue,E01025078,Hyndburn 007E,Anti-social behaviour,,
,2019-05,Lancashire Constabulary,Lancashire Constabulary,-2.410245,53.747543,On or near Aspen Lane,E01025078,Hyndburn 007E,Anti-social behaviour,,
,2019-05,Lancashire Constabulary,Lancashire Constabulary,-2.408274,53.749132,On or near Saxon Close,E01025078,Hyndburn 007E,Anti-social behaviour,,
f06117f0db24df34788f6b195333163617546406bfbe3173b7e59ce54e042393,2019-05,Lancashire Constabulary,Lancashire Constabulary,-2.405866,53.746282,On or near Thwaites Road,E01025078,Hyndburn 007E,Criminal damage and arson,Status update unavailable,
11a996271108e42cb9e2bc29c01a13c7e6eac7e9b580a1c8fac36d512b4b82d3,2019-05,Lancashire Constabulary,Lancashire Constabulary,-2.410245,53.747543,On or near Aspen Lane,E01025078,Hyndburn 007E,Criminal damage and arson,Status update unavailable,
9e9b0aee78c7a2dcf5ba1b3ece5681ee47a5a602e2e9a2ca57cfbd8dd30c2f9f,2019-05,Lancashire Constabulary,Lancashire Constabulary,-2.406424,53.749093,On or near Dunster Avenue,E01025078,Hyndburn 007E,Other theft,Status update unavailable,
,2019-05,Lancashire Constabulary,Lancashire Constabulary,-2.358142,53.751027,On or near Beech Street,E01025035,Hyndburn 008A,Anti-social behaviour,,
,2019-05,Lancashire Constabulary,Lancashire Constabulary,-2.356925,53.752406,On or near Plantation Street,E01025035,Hyndburn 008A,Anti-social behaviour,,
,2019-05,Lancashire Constabulary,Lancashire Constabulary,-2.356925,53.752406,On or near Plantation Street,E01025035,Hyndburn 008A,Anti-social behaviour,,
bdbf3793a678ac65363c45e6a03d1275b10aab1d1048e3aded9c29e26ad5ec52,2019-05,Lancashire Constabulary,Lancashire Constabulary,-2.359367,53.750610,On or near Chapel Street,E01025035,Hyndburn 008A,Other theft,Unable to prosecute suspect,
3fedbcc9d2ed59f116d82e09e4923429b277b1e7421d31321000b3b90c57d1ed,2019-05,Lancashire Constabulary,Lancashire Constabulary,-2.350589,53.752802,On or near Aysgarth Drive,E01025035,Hyndburn 008A,Other theft,Status update unavailable,
5ad5c214bbdfd6af707326300414c261d89b15ad592738d1f14629d8fd9106b4,2019-05,Lancashire Constabulary,Lancashire Constabulary,-2.360051,53.750796,On or near Hargreaves Street,E01025035,Hyndburn 008A,Vehicle crime,Status update unavailable,
7b0ef7cbb4a281a4499412c65568e28e44b7cda99d3898041ecd9e500a763e54,2019-05,Lancashire Constabulary,Lancashire Constabulary,-2.358885,53.751034,On or near Midland Street,E01025035,Hyndburn 008A,Violence and sexual offences,Action to be taken by another organisation,
,2019-05,Lancashire Constabulary,Lancashire Constabulary,-2.362328,53.752839,On or near Tasker Street,E01025036,Hyndburn 008B,Anti-social behaviour,,
,2019-05,Lancashire Constabulary,Lancashire Constabulary,-2.363834,53.751621,On or near Croos Street,E01025036,Hyndburn 008B,Anti-social behaviour,,
,2019-05,Lancashire Constabulary,Lancashire Constabulary,-2.363834,53.751621,On or near Croos Street,E01025036,Hyndburn 008B,Anti-social behaviour,,
,2019-05,Lancashire Constabulary,Lancashire Constabulary,-2.361894,53.748283,On or near South Street,E01025036,Hyndburn 008B,Anti-social behaviour,,
,2019-05,Lancashire Constabulary,Lancashire Constabulary,-2.364701,53.753695,On or near Shopping Area,E01025036,Hyndburn 008B,Anti-social behaviour,,
,2019-05,Lancashire Constabulary,Lancashire Constabulary,-2.361629,53.749129,On or near Parking Area,E01025036,Hyndburn 008B,Anti-social behaviour,,
,2019-05,Lancashire Constabulary,Lancashire Constabulary,-2.364701,53.753695,On or near Shopping Area,E01025036,Hyndburn 008B,Anti-social behaviour,,
,2019-05,Lancashire Constabulary,Lancashire Constabulary,-2.366961,53.753715,On or near Parking Area,E01025036,Hyndburn 008B,Anti-social behaviour,,
,2019-05,Lancashire Constabulary,Lancashire Constabulary,-2.363471,53.749941,On or near Parking Area,E01025036,Hyndburn 008B,Anti-social behaviour,,
,2019-05,Lancashire Constabulary,Lancashire Constabulary,-2.362273,53.751707,On or near Parking Area,E01025036,Hyndburn 008B,Anti-social behaviour,,
,2019-05,Lancashire Constabulary,Lancashire Constabulary,-2.363105,53.748001,On or near Clement Street,E01025036,Hyndburn 008B,Anti-social behaviour,,
,2019-05,Lancashire Constabulary,Lancashire Constabulary,-2.364964,53.749083,On or near Napier Street,E01025036,Hyndburn 008B,Anti-social behaviour,,
,2019-05,Lancashire Constabulary,Lancashire Constabulary,-2.366731,53.751657,On or near St James' Street,E01025036,Hyndburn 008B,Anti-social behaviour,,
,2019-05,Lancashire Constabulary,Lancashire Constabulary,-2.366731,53.751657,On or near St James' Street,E01025036,Hyndburn 008B,Anti-social behaviour,,
,2019-05,Lancashire Constabulary,Lancashire Constabulary,-2.364701,53.753695,On or near Shopping Area,E01025036,Hyndburn 008B,Anti-social behaviour,,
,2019-05,Lancashire Constabulary,Lancashire Constabulary,-2.363124,53.751929,On or near Warner Street,E01025036,Hyndburn 008B,Anti-social behaviour,,
,2019-05,Lancashire Constabulary,Lancashire Constabulary,-2.366731,53.751657,On or near St James' Street,E01025036,Hyndburn 008B,Anti-social behaviour,,
,2019-05,Lancashire Constabulary,Lancashire Constabulary,-2.363834,53.751621,On or near Croos Street,E01025036,Hyndburn 008B,Anti-social behaviour,,
,2019-05,Lancashire Constabulary,Lancashire Constabulary,-2.365699,53.753305,On or near Broadway,E01025036,Hyndburn 008B,Anti-social behaviour,,
,2019-05,Lancashire Constabulary,Lancashire Constabulary,-2.362148,53.747761,On or near Booth Street,E01025036,Hyndburn 008B,Anti-social behaviour,,
,2019-05,Lancashire Constabulary,Lancashire Constabulary,-2.364701,53.753695,On or near Shopping Area,E01025036,Hyndburn 008B,Anti-social behaviour,,
,2019-05,Lancashire Constabulary,Lancashire Constabulary,-2.365699,53.753305,On or near Broadway,E01025036,Hyndburn 008B,Anti-social behaviour,,
,2019-05,Lancashire Constabulary,Lancashire Constabulary,-2.358836,53.750584,On or near Quarry Street,E01025036,Hyndburn 008B,Anti-social behaviour,,
,2019-05,Lancashire Constabulary,Lancashire Constabulary,-2.364333,53.755026,On or near Mason Street,E01025036,Hyndburn 008B,Anti-social behaviour,,
,2019-05,Lancashire Constabulary,Lancashire Constabulary,-2.364701,53.753695,On or near Shopping Area,E01025036,Hyndburn 008B,Anti-social behaviour,,
,2019-05,Lancashire Constabulary,Lancashire Constabulary,-2.364964,53.749083,On or near Napier Street,E01025036,Hyndburn 008B,Anti-social behaviour,,
,2019-05,Lancashire Constabulary,Lancashire Constabulary,-2.365341,53.752299,On or near Holme Street,E01025036,Hyndburn 008B,Anti-social behaviour,,
,2019-05,Lancashire Constabulary,Lancashire Constabulary,-2.358836,53.750584,On or near Quarry Street,E01025036,Hyndburn 008B,Anti-social behaviour,,
,2019-05,Lancashire Constabulary,Lancashire Constabulary,-2.362891,53.751354,On or near Parking Area,E01025036,Hyndburn 008B,Anti-social behaviour,,
1afb3aa0d8b5b9b911f2ad02aa324569a15c41e060dad2c721c75e7e8a935d67,2019-05,Lancashire Constabulary,Lancashire Constabulary,-2.361629,53.749129,On or near Parking Area,E01025036,Hyndburn 008B,Burglary,Status update unavailable,
412651992f2dec8590f36202b64b0fb411e407ba859440ca53216e0f857347ed,2019-05,Lancashire Constabulary,Lancashire Constabulary,-2.361673,53.752481,On or near Abbey Street,E01025036,Hyndburn 008B,Burglary,Status update unavailable,
b60cb23fb83dc23bb70dcbf85d520cd2e121ce18d6079aca45f077736f872616,2019-05,Lancashire Constabulary,Lancashire Constabulary,-2.361673,53.752481,On or near Abbey Street,E01025036,Hyndburn 008B,Burglary,Status update unavailable,
dd9ef91463ec2631807e62176975613936627d7a54a18ed8e966419948559ace,2019-05,Lancashire Constabulary,Lancashire Constabulary,-2.358836,53.750584,On or near Quarry Street,E01025036,Hyndburn 008B,Criminal damage and arson,Status update unavailable,
8b810cef687c17de4086b9ef2366974a933119d4da036fa4e8f67d9370e4efa3,2019-05,Lancashire Constabulary,Lancashire Constabulary,-2.366731,53.751657,On or near St James' Street,E01025036,Hyndburn 008B,Criminal damage and arson,Unable to prosecute suspect,
bce6f6ec194d2e6ed0a414d59ffac6582c251c33bb16fdf5202a6e042160fcbb,2019-05,Lancashire Constabulary,Lancashire Constabulary,-2.364964,53.749083,On or near Napier Street,E01025036,Hyndburn 008B,Criminal damage and arson,Status update unavailable,
6453705ba1156291e37c7a71deaf542a5a3ff3e075ab9a4ac2ac14d84a3b798d,2019-05,Lancashire Constabulary,Lancashire Constabulary,-2.361629,53.749129,On or near Parking Area,E01025036,Hyndburn 008B,Criminal damage and arson,Status update unavailable,
37025cd62eaa9d8412dab64da3b46485f29824cdeece2b006d89f72b4b37eae8,2019-05,Lancashire Constabulary,Lancashire Constabulary,-2.366731,53.751657,On or near St James' Street,E01025036,Hyndburn 008B,Criminal damage and arson,Status update unavailable,
76a3de4d00466e4f85bd8c6a1bbeb45202d66c12960282072e6cb60b57425fa8,2019-05,Lancashire Constabulary,Lancashire Constabulary,-2.364964,53.749083,On or near Napier Street,E01025036,Hyndburn 008B,Criminal damage and arson,Unable to prosecute suspect,
57c2dd771c9c5a44a799e25dd6127665a4069584918b14571736b920754e7ec6,2019-05,Lancashire Constabulary,Lancashire Constabulary,-2.365238,53.752623,On or near Dutton Street,E01025036,Hyndburn 008B,Criminal damage and arson,Status update unavailable,
c3b5ba49d67cbc1eaff1d3d3262e2b07f9f670370564c8b63e955800fe0726cc,2019-05,Lancashire Constabulary,Lancashire Constabulary,-2.363124,53.751929,On or near Warner Street,E01025036,Hyndburn 008B,Criminal damage and arson,Status update unavailable,
e406fad34d0c6a52c066c05fba4da8b829b285d3009c3b256ef5a4978d186f22,2019-05,Lancashire Constabulary,Lancashire Constabulary,-2.365341,53.752299,On or near Holme Street,E01025036,Hyndburn 008B,Criminal damage and arson,Status update unavailable,
4d1731c6b0d27cf5efcae398ea479d3e619e158a4d45b4ceedf4a940a8d6fa17,2019-05,Lancashire Constabulary,Lancashire Constabulary,-2.365621,53.749647,On or near Cotton Street,E01025036,Hyndburn 008B,Drugs,Unable to prosecute suspect,
b9ac01543072bb8e47397cbf1bd751c1746a7f50b10fd7857846ce81bacdae72,2019-05,Lancashire Constabulary,Lancashire Constabulary,-2.365238,53.752623,On or near Dutton Street,E01025036,Hyndburn 008B,Drugs,Status update unavailable,
2ef4b50f817a43cd11396dd34dde120046ac043edc316416036ccc69b7eb6e18,2019-05,Lancashire Constabulary,Lancashire Constabulary,-2.363471,53.749941,On or near Parking Area,E01025036,Hyndburn 008B,Other theft,Unable to prosecute suspect,
a79f14379fed78d005bf8037f7582422cce86ed0d051cae6341906584f1bba78,2019-05,Lancashire Constabulary,Lancashire Constabulary,-2.366731,53.751657,On or near St James' Street,E01025036,Hyndburn 008B,Other theft,Unable to prosecute suspect,
2239f29278b7564b6dee985b8af1a847cb7b8825f79618017833342ecf86a3b8,2019-05,Lancashire Constabulary,Lancashire Constabulary,-2.366939,53.751225,On or near Parking Area,E01025036,Hyndburn 008B,Other theft,Unable to prosecute suspect,
bd6648a3556ea619d6a91815b74b1400881c93079deb2f8d1e144b3af754c89a,2019-05,Lancashire Constabulary,Lancashire Constabulary,-2.363669,53.748296,On or near Nuttall Street,E01025036,Hyndburn 008B,Other theft,Status update unavailable,
f6bf2e90febeb78f1ccf66696fb38be727d7b0916a5e7790ea36fb6580eb9bf7,2019-05,Lancashire Constabulary,Lancashire Constabulary,-2.363562,53.753464,On or near Peel Street,E01025036,Hyndburn 008B,Other theft,Status update unavailable,
daa0bc7c22bc667ffe62868621b05b55fad6f41acbf5f23d0dc19837651d8485,2019-05,Lancashire Constabulary,Lancashire Constabulary,-2.365238,53.752623,On or near Dutton Street,E01025036,Hyndburn 008B,Other theft,Status update unavailable,
e9f1d7d79dc4c33adbd829de6663dba3cb715ca6d71baa553bfa06e3d8d90bfa,2019-05,Lancashire Constabulary,Lancashire Constabulary,-2.366731,53.751657,On or near St James' Street,E01025036,Hyndburn 008B,Other theft,Status update unavailable,
66fe90f15f1996077117bcf7ae8c4eaaa65072c989a15469e500d67aefc1cffe,2019-05,Lancashire Constabulary,Lancashire Constabulary,-2.357058,53.750131,On or near Queen Elizabeth Crescent,E01025036,Hyndburn 008B,Other theft,Status update unavailable,
d7b4af36a522d1a1605ae56dd145bc37073d0075edd5fafc4f72b025d0f99b15,2019-05,Lancashire Constabulary,Lancashire Constabulary,-2.365238,53.752623,On or near Dutton Street,E01025036,Hyndburn 008B,Other theft,Offender given a caution,
e7d0efa2ea1532625adb191de445ffdc8d06166a3f1513369796eb2fcff8b544,2019-05,Lancashire Constabulary,Lancashire Constabulary,-2.365699,53.753305,On or near Broadway,E01025036,Hyndburn 008B,Public order,Unable to prosecute suspect,
e722a675a8e08c1cdc73ca8f3f46caf580770e770ccfaaa5a8b27ab9f486323a,2019-05,Lancashire Constabulary,Lancashire Constabulary,-2.365243,53.753261,On or near Theatre/Concert Hall,E01025036,Hyndburn 008B,Public order,Awaiting court outcome,
9226ed03ae892bfa0af7ec828c9db3b9dac77b8272466e4a0944a02ec43a96ad,2019-05,Lancashire Constabulary,Lancashire Constabulary,-2.364333,53.755026,On or near Mason Street,E01025036,Hyndburn 008B,Public order,Status update unavailable,
c607877e1215f33d6c63839ddc90083c235d4ee0967466df515bd6c00cf3968f,2019-05,Lancashire Constabulary,Lancashire Constabulary,-2.358836,53.750584,On or near Quarry Street,E01025036,Hyndburn 008B,Public order,Unable to prosecute suspect,
4c1fa29ee68d49fc4fa30680d968b10ec42cfbefb76c0273c05dcad03d7f5f67,2019-05,Lancashire Constabulary,Lancashire Constabulary,-2.362273,53.751707,On or near Parking Area,E01025036,Hyndburn 008B,Public order,Status update unavailable,
c65bd8df0691054cff31ee0cf103466c226cd6c89e8da8e34de72450adb673cf,2019-05,Lancashire Constabulary,Lancashire Constabulary,-2.363834,53.751621,On or near Croos Street,E01025036,Hyndburn 008B,Public order,Unable to prosecute suspect,
3c921154f4980267d0de2748a1e4c799f27636d6694e74b02e841b3e55def457,2019-05,Lancashire Constabulary,Lancashire Constabulary,-2.363834,53.751621,On or near Croos Street,E01025036,Hyndburn 008B,Public order,Status update unavailable,
13ddfda2c9598ca50fa5f3ff39b74513f96ef0a107801ead28b99ff3ed34e2bb,2019-05,Lancashire Constabulary,Lancashire Constabulary,-2.359635,53.750124,On or near Adelaide Lane,E01025036,Hyndburn 008B,Public order,Status update unavailable,
eb3e816ac59a09ef83bcce4bc4e1f433bf62c1910f3580b7e26a3b415669cdb9,2019-05,Lancashire Constabulary,Lancashire Constabulary,-2.365699,53.753305,On or near Broadway,E01025036,Hyndburn 008B,Public order,Status update unavailable,
2028002d35c1c4d53c575ba80a38f67f40420bc275f0e0926fa1aacabbd7631b,2019-05,Lancashire Constabulary,Lancashire Constabulary,-2.366939,53.751225,On or near Parking Area,E01025036,Hyndburn 008B,Public order,Status update unavailable,
75efd4b20d3ea5894efbc1eaaff1cb5bc2385b1d5f6fdf446d000ec7ed221544,2019-05,Lancashire Constabulary,Lancashire Constabulary,-2.365341,53.752299,On or near Holme Street,E01025036,Hyndburn 008B,Public order,Further investigation is not in the public interest,
8702d861ffa2e9bcec5bcb0d7378f115ff31aac2260b0dcc74cbd5d4f6209210,2019-05,Lancashire Constabulary,Lancashire Constabulary,-2.362701,53.752173,On or near Bank Street,E01025036,Hyndburn 008B,Public order,Unable to prosecute suspect,
618830dd8df7dc7388a11f8a45b7092a53d15aeb44d66e3409147561311080e6,2019-05,Lancashire Constabulary,Lancashire Constabulary,-2.362547,53.753692,On or near Supermarket,E01025036,Hyndburn 008B,Robbery,Status update unavailable,
be92ac148540bb815849f6fd7eefe09026bcf0822ad0ff645344663e4cb659cb,2019-05,Lancashire Constabulary,Lancashire Constabulary,-2.360853,53.750677,On or near Abbey Street,E01025036,Hyndburn 008B,Shoplifting,Status update unavailable,
6a033bc8234ee505b76f171dbdc999da30a26ba7d476c8c2f2a4d0ea24d88b0f,2019-05,Lancashire Constabulary,Lancashire Constabulary,-2.364701,53.753695,On or near Shopping Area,E01025036,Hyndburn 008B,Shoplifting,Offender given conditional discharge,
89a22d3deb10ca31ab8d0834064b3cd94d1c8c0478888e60bd9dcfcc7d47e865,2019-05,Lancashire Constabulary,Lancashire Constabulary,-2.364701,53.753695,On or near Shopping Area,E01025036,Hyndburn 008B,Shoplifting,Status update unavailable,
6725db0af23eacca5246740d7f50cafb1561019082b7cbaf58dc9db1e596dbfe,2019-05,Lancashire Constabulary,Lancashire Constabulary,-2.365699,53.753305,On or near Broadway,E01025036,Hyndburn 008B,Shoplifting,Unable to prosecute suspect,
8806783dde52e546ceb602466b5f71654d7f65a45780087c08b7970a3dbb1ba3,2019-05,Lancashire Constabulary,Lancashire Constabulary,-2.364701,53.753695,On or near Shopping Area,E01025036,Hyndburn 008B,Shoplifting,Awaiting court outcome,
dcd776eca79fd4c2ae73f860a132c3a56777b943b5d9a08665b1082b59d677d5,2019-05,Lancashire Constabulary,Lancashire Constabulary,-2.364701,53.753695,On or near Shopping Area,E01025036,Hyndburn 008B,Shoplifting,Status update unavailable,
1de75504c0f0ddc9ba30025c29909216107c03cb75b681ac3a2b8aad105cb4c8,2019-05,Lancashire Constabulary,Lancashire Constabulary,-2.357058,53.750131,On or near Queen Elizabeth Crescent,E01025036,Hyndburn 008B,Vehicle crime,Status update unavailable,
f4cf1c80f668292e391af0d299ba159e1e67f8c8a2bafceaa0f58bd696267acd,2019-05,Lancashire Constabulary,Lancashire Constabulary,-2.366961,53.753715,On or near Parking Area,E01025036,Hyndburn 008B,Vehicle crime,Status update unavailable,
a0ce1d68d48a558d54ff26351a01d152f6c41a3e3e8ff431c5f0f87fabc97574,2019-05,Lancashire Constabulary,Lancashire Constabulary,-2.366731,53.751657,On or near St James' Street,E01025036,Hyndburn 008B,Violence and sexual offences,Investigation complete; no suspect identified,
fa26ab2d8de82b3d744dfad26dddbe978b6a941b2dea859c7f3005ad5f2ab10a,2019-05,Lancashire Constabulary,Lancashire Constabulary,-2.362148,53.747761,On or near Booth Street,E01025036,Hyndburn 008B,Violence and sexual offences,Status update unavailable,
f86e94745ab58cf88a1a93e3e3628f990c48a8eee4c1037ba5cd54b40dcf44ce,2019-05,Lancashire Constabulary,Lancashire Constabulary,-2.365243,53.753261,On or near Theatre/Concert Hall,E01025036,Hyndburn 008B,Violence and sexual offences,Unable to prosecute suspect,
3c936a1af86f1fad3b71a7c7a9c54f14e2f30caa2714a2fb4fd15d78da2acf08,2019-05,Lancashire Constabulary,Lancashire Constabulary,-2.365341,53.752299,On or near Holme Street,E01025036,Hyndburn 008B,Violence and sexual offences,Status update unavailable,
ff76159c1eeb868d73a850fa9fe7872509442a54e7f284f3c95be7205c46a48a,2019-05,Lancashire Constabulary,Lancashire Constabulary,-2.365243,53.753261,On or near Theatre/Concert Hall,E01025036,Hyndburn 008B,Violence and sexual offences,Status update unavailable,
d088deef5e5598c82db4075e1ed959f20f7952a68a791c676cf28f2c460b0575,2019-05,Lancashire Constabulary,Lancashire Constabulary,-2.365341,53.752299,On or near Holme Street,E01025036,Hyndburn 008B,Violence and sexual offences,Status update unavailable,
2be07009ba768acba7f7a083d30199fc9601573aff93094b729d4a33b70b12ef,2019-05,Lancashire Constabulary,Lancashire Constabulary,-2.364925,53.749802,On or near Grange Street,E01025036,Hyndburn 008B,Violence and sexual offences,Status update unavailable,
0f7bcb2c65aa24c3cd1e75109ef3dd7993335157b3e0f7de6ac61964aea4f916,2019-05,Lancashire Constabulary,Lancashire Constabulary,-2.365699,53.753305,On or near Broadway,E01025036,Hyndburn 008B,Violence and sexual offences,Status update unavailable,
e6cd3c54c8e262e7823d167f412637920a10d6ff2a101606a64425b8955b12e9,2019-05,Lancashire Constabulary,Lancashire Constabulary,-2.363373,53.752746,On or near Bridge Street,E01025036,Hyndburn 008B,Violence and sexual offences,Status update unavailable,
5ef3a7759f9464096eccb3933932726e20b851c08b90f7ec3685170162d3c44b,2019-05,Lancashire Constabulary,Lancashire Constabulary,-2.364964,53.749083,On or near Napier Street,E01025036,Hyndburn 008B,Violence and sexual offences,Unable to prosecute suspect,
74ba050f45b303b9a2c9a4ac257fb911033c02ee5f008a4907c2de2c09f63bf6,2019-05,Lancashire Constabulary,Lancashire Constabulary,-2.366939,53.751225,On or near Parking Area,E01025036,Hyndburn 008B,Violence and sexual offences,Status update unavailable,
5cb513823ff00066dd9d692361d01ea65644df100314290cbf5f8bd5d0876942,2019-05,Lancashire Constabulary,Lancashire Constabulary,-2.361629,53.749129,On or near Parking Area,E01025036,Hyndburn 008B,Violence and sexual offences,Unable to prosecute suspect,
3936603cb8bb9c242f7f68da37caa6f65fca3b135b14792abdcd47ef21820d1a,2019-05,Lancashire Constabulary,Lancashire Constabulary,-2.361629,53.749129,On or near Parking Area,E01025036,Hyndburn 008B,Violence and sexual offences,Unable to prosecute suspect,
0410c4d6a8892f8c178e4f4574dca71f5a8270f86e1216d3207878ef7e024d2c,2019-05,Lancashire Constabulary,Lancashire Constabulary,-2.360958,53.748708,On or near Russell Street,E01025036,Hyndburn 008B,Violence and sexual offences,Status update unavailable,
06622d4f73fd84bd59a1fd58a683b1040496d27d63ffd8acfa4199a02866e0cb,2019-05,Lancashire Constabulary,Lancashire Constabulary,-2.364701,53.753695,On or near Shopping Area,E01025036,Hyndburn 008B,Violence and sexual offences,Status update unavailable,
9ce023f0a62f22b9d32bfb71e7b5e6053ead566d047709f6c38c7908839d2185,2019-05,Lancashire Constabulary,Lancashire Constabulary,-2.360958,53.748708,On or near Russell Street,E01025036,Hyndburn 008B,Violence and sexual offences,Unable to prosecute suspect,
6f14f3a6968fe3a50f931e2e4ad2f01748ab79bc3c1370bdb4a4e58a3cc515e6,2019-05,Lancashire Constabulary,Lancashire Constabulary,-2.365699,53.753305,On or near Broadway,E01025036,Hyndburn 008B,Violence and sexual offences,Unable to prosecute suspect,
f4aaa61dfe92ac36b9e5a317124508cdc2c3e72e70487dc7f7ce8adcfdb7a6bd,2019-05,Lancashire Constabulary,Lancashire Constabulary,-2.362187,53.750601,On or near Jacob Street,E01025036,Hyndburn 008B,Violence and sexual offences,Status update unavailable,
94bf032578e32d887b9673e0254dcfcc6dbfcab22d131347e4dea1c2af8aeb7e,2019-05,Lancashire Constabulary,Lancashire Constabulary,-2.366961,53.753715,On or near Parking Area,E01025036,Hyndburn 008B,Violence and sexual offences,Status update unavailable,
2c5d2895a226c77c4d8422e6098d56f9652ee3a023a65c904215988c25f41e7c,2019-05,Lancashire Constabulary,Lancashire Constabulary,-2.366968,53.752834,On or near Willow Street,E01025036,Hyndburn 008B,Violence and sexual offences,Status update unavailable,
90c80360dbec01101720ab7796323705d2c9a6bcb186ffd2b503268d8970c63e,2019-05,Lancashire Constabulary,Lancashire Constabulary,-2.363105,53.748001,On or near Clement Street,E01025036,Hyndburn 008B,Violence and sexual offences,Status update unavailable,
,2019-05,Lancashire Constabulary,Lancashire Constabulary,-2.364978,53.747123,On or near Spindle Berry Court,E01025037,Hyndburn 008C,Anti-social behaviour,,
,2019-05,Lancashire Constabulary,Lancashire Constabulary,-2.355520,53.742271,On or near Harcourt Road,E01025037,Hyndburn 008C,Anti-social behaviour,,
,2019-05,Lancashire Constabulary,Lancashire Constabulary,-2.363834,53.746417,On or near Belfield Road,E01025037,Hyndburn 008C,Anti-social behaviour,,
,2019-05,Lancashire Constabulary,Lancashire Constabulary,-2.363834,53.746417,On or near Belfield Road,E01025037,Hyndburn 008C,Anti-social behaviour,,
,2019-05,Lancashire Constabulary,Lancashire Constabulary,-2.363795,53.747127,On or near Wilfred Street,E01025037,Hyndburn 008C,Anti-social behaviour,,
bb657b6eb82559ae5b0d1b610a8a20d5b0b453839f98345babad1936463870d6,2019-05,Lancashire Constabulary,Lancashire Constabulary,-2.364201,53.744996,On or near Rothwell Avenue,E01025037,Hyndburn 008C,Criminal damage and arson,Local resolution,
a710cafe77b320b69bc3d595a2f822070785a1f11870bee3ea0a14c636c6d58e,2019-05,Lancashire Constabulary,Lancashire Constabulary,-2.363795,53.747127,On or near Wilfred Street,E01025037,Hyndburn 008C,Drugs,Status update unavailable,
83432b37da96e5767d2da442bbdf6f9110d1362f763feac2197e8da23d34bf86,2019-05,Lancashire Constabulary,Lancashire Constabulary,-2.364201,53.744996,On or near Rothwell Avenue,E01025037,Hyndburn 008C,Other theft,Status update unavailable,
c580d61322fd7f9df70384b4e61dc1fd51939b1d0426ccd91c1431a71c0aeab2,2019-05,Lancashire Constabulary,Lancashire Constabulary,-2.359108,53.745191,On or near Hollins Lane,E01025037,Hyndburn 008C,Other theft,Status update unavailable,
31236eec2dfbf7336290261010eadba48f6bdcc663b30c60442e9950e4df527a,2019-05,Lancashire Constabulary,Lancashire Constabulary,-2.363795,53.747127,On or near Wilfred Street,E01025037,Hyndburn 008C,Other theft,Status update unavailable,
1f09ae8ecba1c8a4a98dd81053325a07104613452041300f26eb5ea930a6cbb9,2019-05,Lancashire Constabulary,Lancashire Constabulary,-2.357295,53.742383,On or near Granville Road,E01025037,Hyndburn 008C,Public order,Status update unavailable,
ea2de160e75d1b8cf6c1284bee0072891d9fa0aee0a85b77db60af85c42673fa,2019-05,Lancashire Constabulary,Lancashire Constabulary,-2.364201,53.744996,On or near Rothwell Avenue,E01025037,Hyndburn 008C,Robbery,Status update unavailable,
947078020583097584f066d8f1e92944b4861ecbcc918dc8259db40686b9702d,2019-05,Lancashire Constabulary,Lancashire Constabulary,-2.358900,53.747411,On or near Mountain Lane,E01025037,Hyndburn 008C,Vehicle crime,Investigation complete; no suspect identified,
946248c67e6abc28ee8672e5d34f9d54d2914db7b315186607e3166a42ae9eab,2019-05,Lancashire Constabulary,Lancashire Constabulary,-2.363266,53.747326,On or near Augusta Street,E01025037,Hyndburn 008C,Violence and sexual offences,Unable to prosecute suspect,
bb3cd34dbe66fa87a542af82dc570a431ab7fd0b3fe2652b2ba314f2ece14757,2019-05,Lancashire Constabulary,Lancashire Constabulary,-2.363266,53.747326,On or near Augusta Street,E01025037,Hyndburn 008C,Violence and sexual offences,Status update unavailable,
5a71fde9db12f780cf3faa2477c678d1ad630b069b9482bade5d8914a7009724,2019-05,Lancashire Constabulary,Lancashire Constabulary,-2.364201,53.744996,On or near Rothwell Avenue,E01025037,Hyndburn 008C,Violence and sexual offences,Unable to prosecute suspect,
dfb94f887ba4a397375263a8d2f313db8144375bcd3fcd41fe64d311019c030f,2019-05,Lancashire Constabulary,Lancashire Constabulary,-2.362602,53.745890,On or near Yorkshire Street,E01025037,Hyndburn 008C,Violence and sexual offences,Status update unavailable,
ec691005ecc0c360d345886a72d66efd52f95b4a89916cbd64d0b4172ef8dd8c,2019-05,Lancashire Constabulary,Lancashire Constabulary,-2.364978,53.747123,On or near Spindle Berry Court,E01025037,Hyndburn 008C,Violence and sexual offences,Unable to prosecute suspect,
b6d87c29e0b25bef7bb827374e111407d7fd40d6f9c68d40e8dab4d23198570c,2019-05,Lancashire Constabulary,Lancashire Constabulary,-2.362602,53.745890,On or near Yorkshire Street,E01025037,Hyndburn 008C,Violence and sexual offences,Status update unavailable,
2ce1dceb4b0c2eec1ef182d7b43f1c236190b006e61c8648073c01baf7c2d7ca,2019-05,Lancashire Constabulary,Lancashire Constabulary,-2.355520,53.742271,On or near Harcourt Road,E01025037,Hyndburn 008C,Violence and sexual offences,Unable to prosecute suspect,
c2af5b1336887ed509b2d9b5328209d0ce0e2145d863d0cdcfdd8b97ddd843d3,2019-05,Lancashire Constabulary,Lancashire Constabulary,-2.362602,53.745890,On or near Yorkshire Street,E01025037,Hyndburn 008C,Violence and sexual offences,Status update unavailable,
db470bf560bacee510963f0e355f3d8eee8e8d0b076b79251b1d96f01be690c2,2019-05,Lancashire Constabulary,Lancashire Constabulary,-2.362602,53.745890,On or near Yorkshire Street,E01025037,Hyndburn 008C,Violence and sexual offences,Unable to prosecute suspect,
,2019-05,Lancashire Constabulary,Lancashire Constabulary,-2.348598,53.737627,On or near Glenmore Close,E01025038,Hyndburn 008D,Anti-social behaviour,,
2c5204538e1e85c84cae46088e8c3d607b15aba7c2f0fbfa0e2c8f2c94974e92,2019-05,Lancashire Constabulary,Lancashire Constabulary,-2.342989,53.735782,On or near Brooke Close,E01025038,Hyndburn 008D,Burglary,Status update unavailable,
cd24578be80d317526436ac6b4bb0e66459a19b92a2d05f9df25bf918775d71d,2019-05,Lancashire Constabulary,Lancashire Constabulary,-2.350247,53.738997,On or near Laund Road,E01025038,Hyndburn 008D,Burglary,Status update unavailable,
d74a3f804ab4b408e2c21e30986e49b571f35b90b8afa4f12ad8bc4d5093848e,2019-05,Lancashire Constabulary,Lancashire Constabulary,-2.350256,53.738323,On or near Pocklington Street,E01025038,Hyndburn 008D,Burglary,Status update unavailable,
,2019-05,Lancashire Constabulary,Lancashire Constabulary,-2.348643,53.735739,On or near Whitecroft View,E01025039,Hyndburn 008E,Anti-social behaviour,,
14f5b7ca9478533e64d028b7eff5fafab6ff275cad95bfb5b5c864a149d9754a,2019-05,Lancashire Constabulary,Lancashire Constabulary,-2.342888,53.734506,On or near White Acre Road,E01025039,Hyndburn 008E,Other theft,Status update unavailable,
3befb47a48bd8bb3cda2ecc998c3d965a9acf07ca824a96a4ab175e4daa7449d,2019-05,Lancashire Constabulary,Lancashire Constabulary,-2.345403,53.734373,On or near Parking Area,E01025039,Hyndburn 008E,Public order,Unable to prosecute suspect,
386171a2bc4cd69f0e3dbe186654c2534eb64c9e7b71580777c8446104379e06,2019-05,Lancashire Constabulary,Lancashire Constabulary,-2.345403,53.734373,On or near Parking Area,E01025039,Hyndburn 008E,Violence and sexual offences,Status update unavailable,
e6f601f2bdf0aac69399ecc6cdffe0d7f5397ed0a321fc8f4432886ff12f6a1b,2019-05,Lancashire Constabulary,Lancashire Constabulary,-2.344399,53.733909,On or near Langford Street,E01025039,Hyndburn 008E,Violence and sexual offences,Unable to prosecute suspect,
e7fe9d8e45c8a215060b6ecce6669272e723196a5a4e5e1b150a0608fa313bf7,2019-05,Lancashire Constabulary,Lancashire Constabulary,-2.345403,53.734373,On or near Parking Area,E01025039,Hyndburn 008E,Violence and sexual offences,Unable to prosecute suspect,
5fafc163d2dc3ba9e053e2678b4c65ba31e28309b32e9ad8d1a0c305c6446d7b,2019-05,Lancashire Constabulary,Lancashire Constabulary,-2.345403,53.734373,On or near Parking Area,E01025039,Hyndburn 008E,Violence and sexual offences,Further investigation is not in the public interest,
,2019-05,Lancashire Constabulary,Lancashire Constabulary,-2.347490,53.735653,On or near Manchester Road,E01025040,Hyndburn 008F,Anti-social behaviour,,
,2019-05,Lancashire Constabulary,Lancashire Constabulary,-2.353017,53.743861,On or near Bamford Crescent,E01025040,Hyndburn 008F,Anti-social behaviour,,
3df9c143667c1c135fbdac97f3f48528ba41927227ef2f8c0e0438317eed4ef3,2019-05,Lancashire Constabulary,Lancashire Constabulary,-2.352222,53.737742,On or near Sports/Recreation Area,E01025040,Hyndburn 008F,Public order,Status update unavailable,
766dd02b737238f9e96d80c225e0e0ee85935542638f5fbb1a7060085c6e21e0,2019-05,Lancashire Constabulary,Lancashire Constabulary,-2.349653,53.736887,On or near Parker Street,E01025040,Hyndburn 008F,Vehicle crime,Status update unavailable,
1a77cfe05feec2230a36b6349b1dded1e7b6d593ac85179ade791e4273cecb9f,2019-05,Lancashire Constabulary,Lancashire Constabulary,-2.352222,53.737742,On or near Sports/Recreation Area,E01025040,Hyndburn 008F,Violence and sexual offences,Unable to prosecute suspect,
c321912e95bc52f90e09cd1c212520137a96023ee2e4b8900deaba475419f2dc,2019-05,Lancashire Constabulary,Lancashire Constabulary,-2.349918,53.737740,On or near Halliwell Street,E01025040,Hyndburn 008F,Violence and sexual offences,Unable to prosecute suspect,
36668130d557e8fcb2f91d91a6dcbd28dc1529a207f9bcb9f22f02e0583aeab8,2019-05,Lancashire Constabulary,Lancashire Constabulary,-2.349918,53.737740,On or near Halliwell Street,E01025040,Hyndburn 008F,Violence and sexual offences,Unable to prosecute suspect,
,2019-05,Lancashire Constabulary,Lancashire Constabulary,-2.397006,53.739355,On or near Curlew Close,E01025054,Hyndburn 009A,Anti-social behaviour,,
a6b178af7e0a30471c319b19542f187a0a22b159f8080c6dc7f5d9d9e9fd57c1,2019-05,Lancashire Constabulary,Lancashire Constabulary,-2.378602,53.739495,On or near Kiln House Way,E01025054,Hyndburn 009A,Criminal damage and arson,Further investigation is not in the public interest,
55977274ee273b430d96ecf85dd7ec69d0c79a075eb5e6146efffdeb9eafec5f,2019-05,Lancashire Constabulary,Lancashire Constabulary,-2.399832,53.738401,On or near Roe Greave Road,E01025054,Hyndburn 009A,Criminal damage and arson,Status update unavailable,
1ccf26d44072262ea226df88d1aeb38b5d2034587b779211dc9c1f362e8781e6,2019-05,Lancashire Constabulary,Lancashire Constabulary,-2.368126,53.734288,On or near Moorgate,E01025054,Hyndburn 009A,Public order,Status update unavailable,
8311a9cde88149270ffd65d029065258d5fab12c17c0347c8e71f0f415518e50,2019-05,Lancashire Constabulary,Lancashire Constabulary,-2.368126,53.734288,On or near Moorgate,E01025054,Hyndburn 009A,Vehicle crime,Status update unavailable,
6e831db59fe1c41c50e5b25c217c1cbed5a5fd0c9b7bf012ce2b28443a424494,2019-05,Lancashire Constabulary,Lancashire Constabulary,-2.397006,53.739355,On or near Curlew Close,E01025054,Hyndburn 009A,Violence and sexual offences,Unable to prosecute suspect,
8a01428a5dddf24aa7a8de51e7412f962e9277394635bb83e7032a6c82faa489,2019-05,Lancashire Constabulary,Lancashire Constabulary,-2.386019,53.734923,On or near Pot House Lane,E01025054,Hyndburn 009A,Violence and sexual offences,Status update unavailable,
deaa5032407824049782e42f769d36f7905d10ad0447e53a305b10709d2d8914,2019-05,Lancashire Constabulary,Lancashire Constabulary,-2.398985,53.738638,On or near Millbrook Close,E01025054,Hyndburn 009A,Violence and sexual offences,Status update unavailable,
c7fbfe9992ed1246f13213cafcf5c2b70f0be79c0c07918002eb2a0b0878d4f3,2019-05,Lancashire Constabulary,Lancashire Constabulary,-2.398985,53.738638,On or near Millbrook Close,E01025054,Hyndburn 009A,Violence and sexual offences,Status update unavailable,
f38cf36b045aa0f929c5f065662612cfdf7560d90c65d554787c1619be2a7083,2019-05,Lancashire Constabulary,Lancashire Constabulary,-2.397006,53.739355,On or near Curlew Close,E01025054,Hyndburn 009A,Violence and sexual offences,Unable to prosecute suspect,
93a1f2e5a28f62f1238aa13c9d7ac266ec72e38b78cd23751b6d78d685376060,2019-05,Lancashire Constabulary,Lancashire Constabulary,-2.394288,53.740532,On or near Back Heys,E01025054,Hyndburn 009A,Violence and sexual offences,Status update unavailable,
70d0403ba2427eed314d53d91c296f75ed533e267f0f8955fa34f66b815029e2,2019-05,Lancashire Constabulary,Lancashire Constabulary,-2.397006,53.739355,On or near Curlew Close,E01025054,Hyndburn 009A,Other crime,Status update unavailable,
b04d39141b37416cd81d43f5df1a94716ad1f5712000671f22892c8fff04533c,2019-05,Lancashire Constabulary,Lancashire Constabulary,-2.386329,53.740657,On or near Queen'S Drive,E01025056,Hyndburn 009B,Burglary,Status update unavailable,
d20b5c8d6dc8d60663b7caec0e0caac51a6da0404c58ff87e6e3bdc36cdf8175,2019-05,Lancashire Constabulary,Lancashire Constabulary,-2.384901,53.740275,On or near Somerset Close,E01025056,Hyndburn 009B,Burglary,Status update unavailable,
e51e2bb35aa434e9bcec9a5e5a442f5fd05c68d17019416049c155d3643db2c8,2019-05,Lancashire Constabulary,Lancashire Constabulary,-2.384901,53.740275,On or near Somerset Close,E01025056,Hyndburn 009B,Burglary,Status update unavailable,
a3dc42d5daf466fbe1cc27d3d1c377d6eb610d9c21d645f35f4f37a7e111e208,2019-05,Lancashire Constabulary,Lancashire Constabulary,-2.384901,53.740275,On or near Somerset Close,E01025056,Hyndburn 009B,Burglary,Status update unavailable,
17ea5e80dae9de02800b966047ee37862dae13553c87bca87a7f0c5509c015dd,2019-05,Lancashire Constabulary,Lancashire Constabulary,-2.392532,53.740879,On or near Alice Street,E01025056,Hyndburn 009B,Criminal damage and arson,Status update unavailable,
,2019-05,Lancashire Constabulary,Lancashire Constabulary,-2.433323,53.747435,On or near Waverley Road,E01025079,Hyndburn 009C,Anti-social behaviour,,
f70d67f799ba7743ce5b52de6c21550bb19c842b1afc9609a93c8be1dc73d319,2019-05,Lancashire Constabulary,Lancashire Constabulary,-2.438647,53.744692,On or near Oxford Drive,E01025079,Hyndburn 009C,Criminal damage and arson,Status update unavailable,
d7e0691f73973cd2dc89206f9bd709393e9aba5632c7ca0f7c4f9af54a913ff5,2019-05,Lancashire Constabulary,Lancashire Constabulary,-2.433117,53.745135,On or near Hardman Close,E01025079,Hyndburn 009C,Criminal damage and arson,Unable to prosecute suspect,
7de952211d0004a2196522e6995d0d452ae69d18e92842228661855ee06bf128,2019-05,Lancashire Constabulary,Lancashire Constabulary,-2.434680,53.745174,On or near St Oswald'S Close,E01025079,Hyndburn 009C,Criminal damage and arson,Status update unavailable,
70e6f6e947339abfa5892653193a36925f97cf4e34a240b9946c11e42063c249,2019-05,Lancashire Constabulary,Lancashire Constabulary,-2.438647,53.744692,On or near Oxford Drive,E01025079,Hyndburn 009C,Criminal damage and arson,Status update unavailable,
dab0eeb79d79dea2a9fd0963230759a452a2389e0cc615cf841e8a6a07787c9c,2019-05,Lancashire Constabulary,Lancashire Constabulary,-2.433887,53.749195,On or near Richmond Crescent,E01025079,Hyndburn 009C,Other theft,Status update unavailable,
d77c47ce7118cdb42814cdd0f2195c3a354dc444d52702a519adca981cfc98f3,2019-05,Lancashire Constabulary,Lancashire Constabulary,-2.438647,53.744692,On or near Oxford Drive,E01025079,Hyndburn 009C,Violence and sexual offences,Unable to prosecute suspect,
5671668eac5daddc1d467dc923f1c11233d394eb7f0ddffef77709f30520e819,2019-05,Lancashire Constabulary,Lancashire Constabulary,-2.433117,53.745135,On or near Hardman Close,E01025079,Hyndburn 009C,Violence and sexual offences,Unable to prosecute suspect,
,2019-05,Lancashire Constabulary,Lancashire Constabulary,-2.437192,53.738846,On or near Garsden Avenue,E01025080,Hyndburn 009D,Anti-social behaviour,,
,2019-05,Lancashire Constabulary,Lancashire Constabulary,-2.434861,53.739295,On or near Shopping Area,E01025080,Hyndburn 009D,Anti-social behaviour,,
,2019-05,Lancashire Constabulary,Lancashire Constabulary,-2.404999,53.738123,On or near New Lane,E01025080,Hyndburn 009D,Anti-social behaviour,,
,2019-05,Lancashire Constabulary,Lancashire Constabulary,-2.429883,53.717921,On or near Holden Street,E01025080,Hyndburn 009D,Anti-social behaviour,,
be7c387735f494b910607dc2c9502cc79eafc4bc1a2f042f40354cc7672e0a24,2019-05,Lancashire Constabulary,Lancashire Constabulary,-2.419599,53.732114,On or near Haslingden Road,E01025080,Hyndburn 009D,Burglary,Status update unavailable,
82fa37ab764ef91f81a7bab5e5f3dd1d8584a10f6295a46e708569752ce38f13,2019-05,Lancashire Constabulary,Lancashire Constabulary,-2.434051,53.744466,On or near Mount St James,E01025080,Hyndburn 009D,Criminal damage and arson,Awaiting court outcome,
62a368c678f31a0da420a7554bf11a16ec6ff94f53016b11a82fea8605d45a95,2019-05,Lancashire Constabulary,Lancashire Constabulary,-2.422481,53.733875,On or near Duckworth Hall Brow,E01025080,Hyndburn 009D,Criminal damage and arson,Status update unavailable,
8fd27c6c1870d7bb3877b7ca0906970affc3271697d23e1257cf221a7322b1e8,2019-05,Lancashire Constabulary,Lancashire Constabulary,-2.403989,53.740329,On or near Lancaster Street,E01025080,Hyndburn 009D,Criminal damage and arson,Unable to prosecute suspect,
d477dffcdef1c7ad2971a288720807e67ac9acd5616ff0316c9bc9d75ea7d759,2019-05,Lancashire Constabulary,Lancashire Constabulary,-2.430349,53.719106,On or near Rydal Mount,E01025080,Hyndburn 009D,Criminal damage and arson,Status update unavailable,
d26f4a84ae85dfcd6cce8627385adfad4f170423f3be958f61350430536a869a,2019-05,Lancashire Constabulary,Lancashire Constabulary,-2.422481,53.733875,On or near Duckworth Hall Brow,E01025080,Hyndburn 009D,Vehicle crime,Status update unavailable,
d16486a4d8cbb5d9666149288a78335fe6ea314a18a616c56a17b3e0f18c8220,2019-05,Lancashire Constabulary,Lancashire Constabulary,-2.437192,53.738846,On or near Garsden Avenue,E01025080,Hyndburn 009D,Violence and sexual offences,Status update unavailable,
cc31c7b5b234974b3b5fbd7781da0c1ebffa88e345ef6227a21c154b6e11ca93,2019-05,Lancashire Constabulary,Lancashire Constabulary,-2.403902,53.740761,On or near Thwaites Street,E01025080,Hyndburn 009D,Violence and sexual offences,Unable to prosecute suspect,
bc2ebe71f5c59581cfdbe1b9920e2334f9ee8672236f269caa36405eb5dbb7df,2019-05,Lancashire Constabulary,Lancashire Constabulary,-2.406852,53.744804,On or near Central Avenue,E01025080,Hyndburn 009D,Violence and sexual offences,Unable to prosecute suspect,
e3818bb547460123f5e79aa3d3afe3727f6f13aa397673bd5c4b0fee8cdcd428,2019-05,Lancashire Constabulary,Lancashire Constabulary,-2.432091,53.738200,On or near Haslingden Old Road,E01025080,Hyndburn 009D,Violence and sexual offences,Status update unavailable,
530d39b8debb6e1dcffca8a57c92196cb64e00300cdc4f564883e6ef45dd631e,2019-05,Lancashire Constabulary,Lancashire Constabulary,-2.430126,53.718046,On or near James Street,E01025080,Hyndburn 009D,Violence and sexual offences,Status update unavailable,
4fa6a5ebd952fd89a4b5b21b2f911f34d134fd670e45a2ce139c3d2632a3e9cc,2019-05,Lancashire Constabulary,Lancashire Constabulary,-2.427192,53.745417,On or near Stanhill Road,E01025080,Hyndburn 009D,Violence and sexual offences,Status update unavailable,
7c50f703605ff3a15a9c8e3845d21a0ff2304809f080c399ac1f8c6ead9f4bb0,2019-05,Lancashire Constabulary,Lancashire Constabulary,-2.436073,53.745061,On or near Kent Drive,E01025080,Hyndburn 009D,Violence and sexual offences,Status update unavailable,
9f45062540bb99c2b83e294a2611adab60d07dd8b1988a70840e9b9d98350142,2019-05,Lancashire Constabulary,Lancashire Constabulary,-1.303963,50.691803,On or near Chandler Close,E01017322,Isle of Wight 011E,Violence and sexual offences,Investigation complete; no suspect identified,
da3789061d3139e9d9c7d797395640432c9e885d109a874486f2c01387da3f56,2019-05,Lancashire Constabulary,Lancashire Constabulary,-2.786421,53.420064,On or near Hospital,E01006499,Knowsley 009E,Violence and sexual offences,Status update unavailable,
f814ae89be5c87af0d18fca0cb4f5cbae437ad4291ea1e29ae072bca15939f17,2019-05,Lancashire Constabulary,Lancashire Constabulary,-2.848945,53.368094,On or near Lancing Way,E01006433,Knowsley 018D,Violence and sexual offences,Local resolution,
b65339ef81e4a3d1f4826754e40fde45188197ad81523653b38e2314a5da3231,2019-05,Lancashire Constabulary,Lancashire Constabulary,-2.783207,54.124386,On or near The Grove,E01025088,Lancaster 001A,Burglary,Status update unavailable,
fcc642f301f54933bb6ef781b0dab18d0707964f0ce123c3610fd9fde937140d,2019-05,Lancashire Constabulary,Lancashire Constabulary,-2.777671,54.120494,On or near Laburnum Park,E01025088,Lancaster 001A,Criminal damage and arson,Status update unavailable,
77b71238c584e5849eba14865ab2eb8d7a1dc6e5361d9fe82c52e8eb8ef1311d,2019-05,Lancashire Constabulary,Lancashire Constabulary,-2.779612,54.125245,On or near Tarnbrook Close,E01025088,Lancaster 001A,Other theft,Status update unavailable,
,2019-05,Lancashire Constabulary,Lancashire Constabulary,-2.776752,54.122082,On or near Longfield Drive,E01025096,Lancaster 001B,Anti-social behaviour,,
,2019-05,Lancashire Constabulary,Lancashire Constabulary,-2.769645,54.125768,On or near Hill Street,E01025096,Lancaster 001B,Anti-social behaviour,,
,2019-05,Lancashire Constabulary,Lancashire Constabulary,-2.774705,54.126320,On or near Grosvenor Place,E01025096,Lancaster 001B,Anti-social behaviour,,
,2019-05,Lancashire Constabulary,Lancashire Constabulary,-2.774685,54.124459,On or near Sports/Recreation Area,E01025096,Lancaster 001B,Anti-social behaviour,,
d0e064d7b02d3bef0858fffbe3b3a8b6299e8df24d467e2994333e1d8c4e8b47,2019-05,Lancashire Constabulary,Lancashire Constabulary,-2.773190,54.123858,On or near Lancaster Road,E01025096,Lancaster 001B,Burglary,Status update unavailable,
43f059f456cd22162eba7cd5a4b6eb4c01d5965f835763d37fdf3c69cc5c250f,2019-05,Lancashire Constabulary,Lancashire Constabulary,-2.772719,54.126521,On or near Parking Area,E01025096,Lancaster 001B,Other theft,Status update unavailable,
289b847d3cdae3863dc2533edfd6f579f3b43d419858a16d369f83ad8c3a4e2a,2019-05,Lancashire Constabulary,Lancashire Constabulary,-2.769981,54.128192,On or near New Street,E01025096,Lancaster 001B,Vehicle crime,Status update unavailable,
,2019-05,Lancashire Constabulary,Lancashire Constabulary,-2.761164,54.124725,On or near Russell Road,E01025097,Lancaster 001C,Anti-social behaviour,,
,2019-05,Lancashire Constabulary,Lancashire Constabulary,-2.764858,54.121727,On or near Langdale Road,E01025097,Lancaster 001C,Anti-social behaviour,,
,2019-05,Lancashire Constabulary,Lancashire Constabulary,-2.759974,54.121551,On or near Gummers Howe Walk,E01025097,Lancaster 001C,Anti-social behaviour,,
831216ff79e1654aac9eba99f659e8daa571db92b2e7080519e62aea7e2c28d6,2019-05,Lancashire Constabulary,Lancashire Constabulary,-2.761666,54.125414,On or near Kellet Road,E01025097,Lancaster 001C,Burglary,Status update unavailable,
1ae8dcebe307b2e7e6ef067f812568dff2d14b195d2b95fc1a236f6ad209d7ed,2019-05,Lancashire Constabulary,Lancashire Constabulary,-2.759078,54.122779,On or near Hard Knott Rise,E01025097,Lancaster 001C,Burglary,Status update unavailable,
add9400675a75e640f5341c08cdb34cdc02430741ee52210bc72f6b6176a4062,2019-05,Lancashire Constabulary,Lancashire Constabulary,-2.761652,54.122970,On or near Highfield Road,E01025097,Lancaster 001C,Burglary,Status update unavailable,
67f02c085cdfd7fa0382778b522ca30a3c35221f4b9d948e8ad69cfeda42b3a7,2019-05,Lancashire Constabulary,Lancashire Constabulary,-2.762976,54.124273,On or near Arnhem Road,E01025097,Lancaster 001C,Criminal damage and arson,Status update unavailable,
4398ac8a2f68bf43438da0fe368757815c7b7a458d4ed1cd2245a3fcbcfea234,2019-05,Lancashire Constabulary,Lancashire Constabulary,-2.761666,54.125414,On or near Kellet Road,E01025097,Lancaster 001C,Other theft,Status update unavailable,
7ae6cdd3da2ec6d1a35491f6039e2929d83c8055258d851cbeaf4276cc19f86d,2019-05,Lancashire Constabulary,Lancashire Constabulary,-2.761164,54.124725,On or near Russell Road,E01025097,Lancaster 001C,Public order,Unable to prosecute suspect,
2fdd352a56bb91479ba784775eeb47c5e9d1ae1abfadff139c064521d135b65f,2019-05,Lancashire Constabulary,Lancashire Constabulary,-2.761666,54.125414,On or near Kellet Road,E01025097,Lancaster 001C,Public order,Unable to prosecute suspect,
34cf5bb15f91860914750b55e17af47c4c4d68cff6c0ac1bad75515367d2eea2,2019-05,Lancashire Constabulary,Lancashire Constabulary,-2.762976,54.124273,On or near Arnhem Road,E01025097,Lancaster 001C,Vehicle crime,Status update unavailable,
528b3ec86acba475488875f58532c80402affa7e87ed87dea82354a6b5972ebb,2019-05,Lancashire Constabulary,Lancashire Constabulary,-2.766732,54.121311,On or near Sports/Recreation Area,E01025097,Lancaster 001C,Vehicle crime,Status update unavailable,
b738cd1149c37ec6e24871f36faac45f76f8050659db0784d362a0f9bd132a94,2019-05,Lancashire Constabulary,Lancashire Constabulary,-2.762976,54.124273,On or near Arnhem Road,E01025097,Lancaster 001C,Violence and sexual offences,Unable to prosecute suspect,
24ca2040e3877b083080d887aea4e29e655a85975bf5c938199378566e1bcf32,2019-05,Lancashire Constabulary,Lancashire Constabulary,-2.761666,54.125414,On or near Kellet Road,E01025097,Lancaster 001C,Violence and sexual offences,Action to be taken by another organisation,
607351fcbc9dcf33f1777c01de37326a7d78d8e785fb834df7693e1f7b0332fd,2019-05,Lancashire Constabulary,Lancashire Constabulary,-2.762976,54.124273,On or near Arnhem Road,E01025097,Lancaster 001C,Violence and sexual offences,Unable to prosecute suspect,
64a616939dd94c29d32607084aa371aed1b4217166674326f64c8e80c5b7d5aa,2019-05,Lancashire Constabulary,Lancashire Constabulary,-2.761652,54.122970,On or near Highfield Road,E01025097,Lancaster 001C,Violence and sexual offences,Status update unavailable,
7b1d5ddb3f3b7bb8a472d0ad3d7762e71cc751514092f88ab803ea3ec6fd297a,2019-05,Lancashire Constabulary,Lancashire Constabulary,-2.765683,54.122513,On or near Dunkirk Avenue,E01025097,Lancaster 001C,Violence and sexual offences,Status update unavailable,
,2019-05,Lancashire Constabulary,Lancashire Constabulary,-2.768796,54.130357,On or near Pond Terrace,E01025098,Lancaster 001D,Anti-social behaviour,,
,2019-05,Lancashire Constabulary,Lancashire Constabulary,-2.769244,54.128916,On or near Supermarket,E01025098,Lancaster 001D,Anti-social behaviour,,
,2019-05,Lancashire Constabulary,Lancashire Constabulary,-2.768796,54.130357,On or near Pond Terrace,E01025098,Lancaster 001D,Anti-social behaviour,,
,2019-05,Lancashire Constabulary,Lancashire Constabulary,-2.768796,54.130357,On or near Pond Terrace,E01025098,Lancaster 001D,Anti-social behaviour,,
a3c9e8c74b5cdf2047f9b33500b77c8996014dac735f167d0cb38cd50c00a94e,2019-05,Lancashire Constabulary,Lancashire Constabulary,-2.759476,54.129500,On or near Conder Brow,E01025098,Lancaster 001D,Burglary,Status update unavailable,
9950d777cb7f0b75dc6402972cebcd530337fb2d78dd5eefc76597394d6bb144,2019-05,Lancashire Constabulary,Lancashire Constabulary,-2.769121,54.128036,On or near John Street,E01025098,Lancaster 001D,Criminal damage and arson,Unable to prosecute suspect,
e57a0919bbe1d9cebd32b934ab94dc9693a9ffcb2da02cc84ae6dfa272ee5273,2019-05,Lancashire Constabulary,Lancashire Constabulary,-2.763877,54.125823,On or near Prince Avenue,E01025098,Lancaster 001D,Other theft,Unable to prosecute suspect,
5b98f6521523e10b03a8a35458ebba3751cdc4d2b1435f859a10f5f9d241293e,2019-05,Lancashire Constabulary,Lancashire Constabulary,-2.768743,54.129944,On or near Ramsden Street,E01025098,Lancaster 001D,Shoplifting,Status update unavailable,
bbafb1b6c3c88fd5e553a33a7f139a3c887527aac26cd3611bc8a540ac0d5e7f,2019-05,Lancashire Constabulary,Lancashire Constabulary,-2.768743,54.129944,On or near Ramsden Street,E01025098,Lancaster 001D,Shoplifting,Awaiting court outcome,
20eebd778021e2f95630c042352c285987fa7e4198f6f7d5979658fbbc8328b8,2019-05,Lancashire Constabulary,Lancashire Constabulary,-2.768743,54.129944,On or near Ramsden Street,E01025098,Lancaster 001D,Shoplifting,Status update unavailable,
6411885cea94308eda1ea80492889c4143ab3540d4af6cb4389818af0c5a44ae,2019-05,Lancashire Constabulary,Lancashire Constabulary,-2.769121,54.128036,On or near John Street,E01025098,Lancaster 001D,Vehicle crime,Status update unavailable,
ae17fcc296464eeff0aa80042ea1d3bbb769060ea705ac06c3b9597de4dea891,2019-05,Lancashire Constabulary,Lancashire Constabulary,-2.769121,54.128036,On or near John Street,E01025098,Lancaster 001D,Violence and sexual offences,Unable to prosecute suspect,
a87063f5623ae4a3e73b2e8a6e16521f30b2e107b879ca107a55be6497f2c904,2019-05,Lancashire Constabulary,Lancashire Constabulary,-2.763877,54.125823,On or near Prince Avenue,E01025098,Lancaster 001D,Violence and sexual offences,Further investigation is not in the public interest,
8ca87a873dffa36cb9f32c036987d6f6a2ca397c8c02497975de859b95e542e5,2019-05,Lancashire Constabulary,Lancashire Constabulary,-2.766168,54.128055,On or near Market Street,E01025098,Lancaster 001D,Violence and sexual offences,Awaiting court outcome,
7fdb8735170198d5fdf7a57b8642a4303fbb8ea666a55d5fa95f97e013ed9092,2019-05,Lancashire Constabulary,Lancashire Constabulary,-2.770769,54.134380,On or near Mill Lane,E01025098,Lancaster 001D,Violence and sexual offences,Status update unavailable,
,2019-05,Lancashire Constabulary,Lancashire Constabulary,-2.761779,54.172428,On or near Well Lane,E01025148,Lancaster 001E,Anti-social behaviour,,
,2019-05,Lancashire Constabulary,Lancashire Constabulary,-2.761779,54.172428,On or near Well Lane,E01025148,Lancaster 001E,Anti-social behaviour,,
2ae28b54c109c276213e902ba8eb91a063f3fedb232ba61d9593997ff5099755,2019-05,Lancashire Constabulary,Lancashire Constabulary,-2.817429,54.167533,On or near Maryland Close,E01025148,Lancaster 001E,Burglary,Status update unavailable,
b06a0946f3c25788c3233bd8ce94953ed81a2f02700a39cca7107fae2879fe8a,2019-05,Lancashire Constabulary,Lancashire Constabulary,-2.822740,54.174274,On or near Clevelands Avenue,E01025148,Lancaster 001E,Burglary,Status update unavailable,
0c169061f6a4e4d4dd22dd90d2b917549fcad991cdac956fd9bd273087701938,2019-05,Lancashire Constabulary,Lancashire Constabulary,-2.767059,54.177104,On or near Silverdale Road,E01025148,Lancaster 001E,Violence and sexual offences,Status update unavailable,
745fa399b9074fb2fed649a1d9cf528e1e94422c3d71e11554b41434baddddc4,2019-05,Lancashire Constabulary,Lancashire Constabulary,-2.827105,54.168842,On or near Bank House Lane,E01025148,Lancaster 001E,Violence and sexual offences,Status update unavailable,
,2019-05,Lancashire Constabulary,Lancashire Constabulary,-2.767101,54.145449,On or near Back Lane,E01025168,Lancaster 001F,Anti-social behaviour,,
,2019-05,Lancashire Constabulary,Lancashire Constabulary,-2.770181,54.136514,On or near Jackson Terrace,E01025168,Lancaster 001F,Anti-social behaviour,,
692a3848d2f33f7671c19c9204774776d6171bcbd7d5cea1d3f244770ffd0d4b,2019-05,Lancashire Constabulary,Lancashire Constabulary,-2.770165,54.135642,On or near William Street,E01025168,Lancaster 001F,Criminal damage and arson,Status update unavailable,
bd6ef3341224dd6bacc405a6632447900e52d7f8268681a5c6c56e38c6c7a3e7,2019-05,Lancashire Constabulary,Lancashire Constabulary,-2.770241,54.142230,On or near Gardner Road,E01025168,Lancaster 001F,Violence and sexual offences,Unable to prosecute suspect,
f4ded2eb2e8694a11f500227daa1270da87ccd25e29c8edb170751a0d8f9d356,2019-05,Lancashire Constabulary,Lancashire Constabulary,-2.761914,54.148915,On or near The Roods,E01025169,Lancaster 001G,Violence and sexual offences,Unable to prosecute suspect,
b68b04f27d21c03a40104e1380673fa020ec82e6071d7e20a9c36b700621b3d4,2019-05,Lancashire Constabulary,Lancashire Constabulary,-2.769717,54.145334,On or near Holly Bank,E01025169,Lancaster 001G,Violence and sexual offences,Unable to prosecute suspect,
,2019-05,Lancashire Constabulary,Lancashire Constabulary,-2.728055,54.151974,On or near Borwick Lane,E01025130,Lancaster 002A,Anti-social behaviour,,
,2019-05,Lancashire Constabulary,Lancashire Constabulary,-2.698236,54.119678,On or near Kirkby Lonsdale Road,E01025130,Lancaster 002A,Anti-social behaviour,,
,2019-05,Lancashire Constabulary,Lancashire Constabulary,-2.698236,54.119678,On or near Kirkby Lonsdale Road,E01025130,Lancaster 002A,Anti-social behaviour,,
460f42ea1a8a47ac17d4962b9b0e6e41f35c8b5f502fc23901cec71f9ebf4f14,2019-05,Lancashire Constabulary,Lancashire Constabulary,-2.698236,54.119678,On or near Kirkby Lonsdale Road,E01025130,Lancaster 002A,Criminal damage and arson,Status update unavailable,
3cd346edb3347be75f4c436e727cd18430f1069e668d2ed06680751d34d808ed,2019-05,Lancashire Constabulary,Lancashire Constabulary,-2.761449,54.105229,On or near Bridge Road,E01025130,Lancaster 002A,Violence and sexual offences,Status update unavailable,
39b7d70416669b10335fae7eff680abd7c9507fee3d8bb6d7832c5750540de00,2019-05,Lancashire Constabulary,Lancashire Constabulary,-2.640050,54.144331,On or near Meadow Way,E01025130,Lancaster 002A,Violence and sexual offences,Status update unavailable,
,2019-05,Lancashire Constabulary,Lancashire Constabulary,-2.688392,54.062969,On or near Littledale Road,E01025132,Lancaster 002B,Anti-social behaviour,,
3e3d175735ddf86a10183838b2d13f8a38d49de173881c90b611676e0fc70a7f,2019-05,Lancashire Constabulary,Lancashire Constabulary,-2.586790,54.123617,On or near Parking Area,E01025132,Lancaster 002B,Other theft,Status update unavailable,
90a91c2e1b7067c95f00a33b526d9774738e4a0244ba09bd9bda70482cedf3c6,2019-05,Lancashire Constabulary,Lancashire Constabulary,-2.616304,54.135872,On or near Melling Brow,E01025166,Lancaster 002C,Public order,Status update unavailable,
,2019-05,Lancashire Constabulary,Lancashire Constabulary,-2.553570,54.181951,On or near Coulter Beck Lane,E01025167,Lancaster 002D,Anti-social behaviour,,
6d4de6c00e6483948dc52896e1310a5490012597f773cd2a3f5cd67a61e845b9,2019-05,Lancashire Constabulary,Lancashire Constabulary,-2.570344,54.191723,On or near Bus/Coach Station,E01025167,Lancaster 002D,Burglary,Status update unavailable,
107013bdaeac348b744878f21cf42f3afed00dafa488c1e89573d73623bddf30,2019-05,Lancashire Constabulary,Lancashire Constabulary,-2.548483,54.186585,On or near Low Lane,E01025167,Lancaster 002D,Criminal damage and arson,Status update unavailable,
f9d4866c140688f1cf21a6e26c807f5f4ab1f4ec93fcc007e44ee150ada9ee83,2019-05,Lancashire Constabulary,Lancashire Constabulary,-2.603506,54.157822,On or near Back Lane,E01025167,Lancaster 002D,Other theft,Status update unavailable,
ebe0aab1d463537c82419bae9bd5a0012a53f2bd56ca8455739b2f29658b2cd9,2019-05,Lancashire Constabulary,Lancashire Constabulary,-2.793857,54.105226,On or near St Michael'S Close,E01025089,Lancaster 003A,Criminal damage and arson,Status update unavailable,
5382147890cdf997ee915d064026d0b2271597608b8d0de288ee374ab7525f1a,2019-05,Lancashire Constabulary,Lancashire Constabulary,-2.789802,54.102665,On or near The Nook,E01025089,Lancaster 003A,Other theft,Status update unavailable,
97c656a58d23f58ef469835a866aa3a5274cbda722033264d04516163e5a9273,2019-05,Lancashire Constabulary,Lancashire Constabulary,-2.789079,54.107298,On or near Brookfield Close,E01025089,Lancaster 003A,Violence and sexual offences,Status update unavailable,
0c914cd5fa9ef78f73dc7370da500c83a2026b4f57190b3596ab44ce9d6466b0,2019-05,Lancashire Constabulary,Lancashire Constabulary,-2.787177,54.111867,On or near Whin Drive,E01025090,Lancaster 003B,Violence and sexual offences,Status update unavailable,
fa14a264384ce30af42f225ddc03fd66d92bd34c9877949011511da6b31b35e9,2019-05,Lancashire Constabulary,Lancashire Constabulary,-2.793218,54.109392,On or near Lowlands Road,E01025090,Lancaster 003B,Violence and sexual offences,Status update unavailable,
c2e635fc15c4fce3e230ca4f565765ef4261ec929f7bb3874bd11a99ad0bcc87,2019-05,Lancashire Constabulary,Lancashire Constabulary,-2.787177,54.111867,On or near Whin Drive,E01025090,Lancaster 003B,Violence and sexual offences,Status update unavailable,
93f059ef36813c4f0f5d184b8c137ef8e2ea4416b4a41ac02b4cf67dd4be1ff7,2019-05,Lancashire Constabulary,Lancashire Constabulary,-2.788823,54.109133,On or near The Green,E01025090,Lancaster 003B,Violence and sexual offences,Unable to prosecute suspect,
b834be94508a88514dafe6e7042e7b5cd608b93589c9a0c5966fdf49ee124f9a,2019-05,Lancashire Constabulary,Lancashire Constabulary,-2.793218,54.109392,On or near Lowlands Road,E01025090,Lancaster 003B,Violence and sexual offences,Unable to prosecute suspect,
07a4cb8d74746722418d13ff52f3c3052b400684430e7eba14585fd1045bd99e,2019-05,Lancashire Constabulary,Lancashire Constabulary,-2.787177,54.111867,On or near Whin Drive,E01025090,Lancaster 003B,Violence and sexual offences,Status update unavailable,
,2019-05,Lancashire Constabulary,Lancashire Constabulary,-2.805925,54.083171,On or near Warren Close,E01025158,Lancaster 003C,Anti-social behaviour,,
,2019-05,Lancashire Constabulary,Lancashire Constabulary,-2.809245,54.090393,On or near Peacock Lane,E01025158,Lancaster 003C,Anti-social behaviour,,
,2019-05,Lancashire Constabulary,Lancashire Constabulary,-2.808661,54.084744,On or near The Knoll,E01025158,Lancaster 003C,Anti-social behaviour,,
,2019-05,Lancashire Constabulary,Lancashire Constabulary,-2.806331,54.085973,On or near Arden Close,E01025158,Lancaster 003C,Anti-social behaviour,,
,2019-05,Lancashire Constabulary,Lancashire Constabulary,-2.806331,54.085973,On or near Arden Close,E01025158,Lancaster 003C,Anti-social behaviour,,
5d1d976da42a532e61c9c48a6629f9c0461579cbca48a755f09b8bcf67720e10,2019-05,Lancashire Constabulary,Lancashire Constabulary,-2.806153,54.090998,On or near Kirklands,E01025158,Lancaster 003C,Bicycle theft,Status update unavailable,
16c9d6b4a9f4492f5a3e02ed1cdfee7922c93fb3443f754a4ef992dcad60bbaf,2019-05,Lancashire Constabulary,Lancashire Constabulary,-2.808814,54.088670,On or near Prospect Avenue,E01025158,Lancaster 003C,Vehicle crime,Status update unavailable,
,2019-05,Lancashire Constabulary,Lancashire Constabulary,-2.813987,54.067082,On or near Barley Cop Lane,E01025159,Lancaster 003D,Anti-social behaviour,,
,2019-05,Lancashire Constabulary,Lancashire Constabulary,-2.814234,54.089856,On or near Chapel Close,E01025159,Lancaster 003D,Anti-social behaviour,,
,2019-05,Lancashire Constabulary,Lancashire Constabulary,-2.804734,54.087170,On or near Manor Drive,E01025159,Lancaster 003D,Anti-social behaviour,,
ff5993e8d816bff2cd861af28ec117651d93fc1290f197a473819f3484d5329d,2019-05,Lancashire Constabulary,Lancashire Constabulary,-2.801557,54.070680,On or near Turnpike Fold,E01025159,Lancaster 003D,Burglary,Status update unavailable,
5d3fd06355f3851622f31bdf6b0ac0172756611b39a0b0644fd567b8aeaac4bb,2019-05,Lancashire Constabulary,Lancashire Constabulary,-2.812353,54.089824,On or near Mowbrick Lane,E01025159,Lancaster 003D,Criminal damage and arson,Status update unavailable,
a88ce08db38d027a75736b6cd1d39f0d14a5ceeeaf9310b8605d7e1f7fe50497,2019-05,Lancashire Constabulary,Lancashire Constabulary,-2.813987,54.067082,On or near Barley Cop Lane,E01025159,Lancaster 003D,Other theft,Status update unavailable,
5837a658f76f48fadc0e386508d6c9bb44fa01044e8718b19d2647079b5b0dc8,2019-05,Lancashire Constabulary,Lancashire Constabulary,-2.802471,54.068149,On or near Further/Higher Educational Building,E01025159,Lancaster 003D,Violence and sexual offences,Unable to prosecute suspect,
9920e10fb2591a12e444554798d1dafd2318576acfc72c6f0da9a68b3ad6d685,2019-05,Lancashire Constabulary,Lancashire Constabulary,-2.818316,54.086763,On or near Marine Drive,E01025159,Lancaster 003D,Violence and sexual offences,Status update unavailable,
b33eeeb070cb5fa97660059a6ccf43226ad692346ac0823a4121d6e0f0cdf895,2019-05,Lancashire Constabulary,Lancashire Constabulary,-2.814234,54.089856,On or near Chapel Close,E01025159,Lancaster 003D,Violence and sexual offences,Unable to prosecute suspect,
2261d29941e162a6d507db691d2f85c1364f0598e010f04f55520633a42dea40,2019-05,Lancashire Constabulary,Lancashire Constabulary,-2.812353,54.089824,On or near Mowbrick Lane,E01025159,Lancaster 003D,Other crime,Unable to prosecute suspect,
580fd39db2a516a880e2670053d2efc49437541f2a102cd8f01dad8fc2df5e13,2019-05,Lancashire Constabulary,Lancashire Constabulary,-2.802084,54.097200,On or near Petrol Station,E01025160,Lancaster 003E,Other theft,Status update unavailable,
822eb991a2348f92ac8dd776d03229162cd16e80f713239edfc2df983625376f,2019-05,Lancashire Constabulary,Lancashire Constabulary,-2.802084,54.097200,On or near Petrol Station,E01025160,Lancaster 003E,Other theft,Status update unavailable,
b21fbe5995d67e5913d2df306443dc4692d567813e17a0abf00249434a42985d,2019-05,Lancashire Constabulary,Lancashire Constabulary,-2.797576,54.094156,On or near Greenwood Avenue,E01025160,Lancaster 003E,Violence and sexual offences,Status update unavailable,
,2019-05,Lancashire Constabulary,Lancashire Constabulary,-2.842535,54.076368,On or near Clifford Avenue,E01025085,Lancaster 004A,Anti-social behaviour,,
,2019-05,Lancashire Constabulary,Lancashire Constabulary,-2.846035,54.075606,On or near Pembroke Avenue,E01025085,Lancaster 004A,Anti-social behaviour,,
,2019-05,Lancashire Constabulary,Lancashire Constabulary,-2.842535,54.076368,On or near Clifford Avenue,E01025085,Lancaster 004A,Anti-social behaviour,,
,2019-05,Lancashire Constabulary,Lancashire Constabulary,-2.842108,54.074142,On or near Ruskin Drive,E01025085,Lancaster 004A,Anti-social behaviour,,
,2019-05,Lancashire Constabulary,Lancashire Constabulary,-2.846035,54.075606,On or near Pembroke Avenue,E01025085,Lancaster 004A,Anti-social behaviour,,
,2019-05,Lancashire Constabulary,Lancashire Constabulary,-2.842535,54.076368,On or near Clifford Avenue,E01025085,Lancaster 004A,Anti-social behaviour,,
f8d0eb65dfd2a8a96326cc6634867b12c633f4fd4d8e311c9229dd7e672b07d0,2019-05,Lancashire Constabulary,Lancashire Constabulary,-2.844354,54.074854,On or near Stuart Avenue,E01025085,Lancaster 004A,Public order,Awaiting court outcome,
f3ac614b42efba87337e6406688fdf0f7fddff0556edb5c61c0ae3c129f9a111,2019-05,Lancashire Constabulary,Lancashire Constabulary,-2.844354,54.074854,On or near Stuart Avenue,E01025085,Lancaster 004A,Violence and sexual offences,Unable to prosecute suspect,
,2019-05,Lancashire Constabulary,Lancashire Constabulary,-2.835646,54.079607,On or near Happy Mount Drive,E01025086,Lancaster 004B,Anti-social behaviour,,
,2019-05,Lancashire Constabulary,Lancashire Constabulary,-2.835646,54.079607,On or near Happy Mount Drive,E01025086,Lancaster 004B,Anti-social behaviour,,
,2019-05,Lancashire Constabulary,Lancashire Constabulary,-2.834787,54.077177,On or near Hest Bank Road,E01025086,Lancaster 004B,Anti-social behaviour,,
68e95838dadf31d7c5f540c5028baa6bc541a658d7df6c6f9c4f95d0c3695962,2019-05,Lancashire Constabulary,Lancashire Constabulary,-2.837475,54.079351,On or near Elms Road,E01025086,Lancaster 004B,Violence and sexual offences,Status update unavailable,
b3a6f4eb27326d70db38be652bfbff4043791fb1780382026f750c14e77cf626,2019-05,Lancashire Constabulary,Lancashire Constabulary,-2.834787,54.077177,On or near Hest Bank Road,E01025086,Lancaster 004B,Violence and sexual offences,Status update unavailable,
fb45bba4945020ed384cd16c7a5d237a62e9a18a82054ca849f4c882f8c93cd3,2019-05,Lancashire Constabulary,Lancashire Constabulary,-2.837475,54.079351,On or near Elms Road,E01025086,Lancaster 004B,Violence and sexual offences,Status update unavailable,
,2019-05,Lancashire Constabulary,Lancashire Constabulary,-2.842811,54.077166,On or near Seaborn Road,E01025087,Lancaster 004C,Anti-social behaviour,,
,2019-05,Lancashire Constabulary,Lancashire Constabulary,-2.839583,54.078501,On or near Princes Crescent,E01025087,Lancaster 004C,Anti-social behaviour,,
,2019-05,Lancashire Constabulary,Lancashire Constabulary,-2.842230,54.077898,On or near Park Street,E01025087,Lancaster 004C,Anti-social behaviour,,
,2019-05,Lancashire Constabulary,Lancashire Constabulary,-2.848202,54.076966,On or near Broadway,E01025087,Lancaster 004C,Anti-social behaviour,,
5104b3b322693111e67973997c3618b7025d02b5910d0d293348b773b57e0ffd,2019-05,Lancashire Constabulary,Lancashire Constabulary,-2.851642,54.076268,On or near Dallam Avenue,E01025087,Lancaster 004C,Bicycle theft,Status update unavailable,
b4bceba8c5171fd7c6fd40eeeb70a7a3a83381978cfefc9446c2cd8f6aa4abc0,2019-05,Lancashire Constabulary,Lancashire Constabulary,-2.838675,54.078984,On or near Lansdowne Road,E01025087,Lancaster 004C,Burglary,Status update unavailable,
ca1d42371dbd74ddd1b4e931a6fa38f3a75ed852a9545bb51922f64532e2d95b,2019-05,Lancashire Constabulary,Lancashire Constabulary,-2.840433,54.078234,On or near Beach Street,E01025087,Lancaster 004C,Public order,Status update unavailable,
812f1d6164d65cdd21e8ea76dafd1938bba43fa9ddb057e3d517e78dc31243a1,2019-05,Lancashire Constabulary,Lancashire Constabulary,-2.839010,54.077381,On or near Palmer Grove,E01025087,Lancaster 004C,Vehicle crime,Status update unavailable,
3d94acb75429899ebfb7a325cc266dc48b2e5b45e494efeb5cb22e54d4c6a301,2019-05,Lancashire Constabulary,Lancashire Constabulary,-2.842230,54.077898,On or near Park Street,E01025087,Lancaster 004C,Vehicle crime,Status update unavailable,
3451a33aa3950befc3aa050e8198bf820b37b4bf5c708835cb5cb2459c45a252,2019-05,Lancashire Constabulary,Lancashire Constabulary,-2.851145,54.076613,On or near Royal Road,E01025087,Lancaster 004C,Vehicle crime,Status update unavailable,
01f35c7896e1675072ac19a28656bdc94c2c2cf207e1471ce89a79317c543657,2019-05,Lancashire Constabulary,Lancashire Constabulary,-2.851642,54.076268,On or near Dallam Avenue,E01025087,Lancaster 004C,Violence and sexual offences,Further investigation is not in the public interest,
,2019-05,Lancashire Constabulary,Lancashire Constabulary,-2.831944,54.073323,On or near St Anne'S Avenue,E01025161,Lancaster 004D,Anti-social behaviour,,
,2019-05,Lancashire Constabulary,Lancashire Constabulary,-2.828397,54.075585,On or near Ashfield Avenue,E01025161,Lancaster 004D,Anti-social behaviour,,
0943971bbb8b89d58ec8c2f08c52b833da16c008320fa964426327e6a0320e57,2019-05,Lancashire Constabulary,Lancashire Constabulary,-2.835331,54.073803,On or near St Celia'S Way,E01025161,Lancaster 004D,Burglary,Status update unavailable,
c175d2264a1ae1b3ca7057cbd532c491444c2732cf32a525cb152b54e8755bfb,2019-05,Lancashire Constabulary,Lancashire Constabulary,-2.829134,54.074178,On or near Fulwood Drive,E01025161,Lancaster 004D,Violence and sexual offences,Status update unavailable,
adc95797500e6304fe72fb78afe9cf29c5e2dbed037ec91b198ce58e4237503c,2019-05,Lancashire Constabulary,Lancashire Constabulary,-2.828397,54.075585,On or near Ashfield Avenue,E01025161,Lancaster 004D,Violence and sexual offences,Awaiting court outcome,
79ffb623ab9d25feeddb2c61d3a46d9fc6192b7a33671324ede682cceaa58902,2019-05,Lancashire Constabulary,Lancashire Constabulary,-2.828397,54.075585,On or near Ashfield Avenue,E01025161,Lancaster 004D,Violence and sexual offences,Unable to prosecute suspect,
d145264489c9d485677d2c285a96390402bdde48fa8a05298a4765ed86353b6a,2019-05,Lancashire Constabulary,Lancashire Constabulary,-2.835331,54.073803,On or near St Celia'S Way,E01025161,Lancaster 004D,Violence and sexual offences,Status update unavailable,
,2019-05,Lancashire Constabulary,Lancashire Constabulary,-2.772949,54.078831,On or near Foundry Lane,E01025108,Lancaster 005A,Anti-social behaviour,,
,2019-05,Lancashire Constabulary,Lancashire Constabulary,-2.762420,54.076480,On or near Riverside Close,E01025108,Lancaster 005A,Anti-social behaviour,,
,2019-05,Lancashire Constabulary,Lancashire Constabulary,-2.772949,54.078831,On or near Foundry Lane,E01025108,Lancaster 005A,Anti-social behaviour,,
758bbef024e5b94d7190801a6640c8f4137acbd2c54f9b5966386dca4052e9cf,2019-05,Lancashire Constabulary,Lancashire Constabulary,-2.765717,54.076208,On or near Church Brow,E01025108,Lancaster 005A,Burglary,Unable to prosecute suspect,
c52856946ffcaa830db9ea94c7013b1e0d0dfae39bd8be9d40413a40bee79b33,2019-05,Lancashire Constabulary,Lancashire Constabulary,-2.756041,54.078642,On or near Sports/Recreation Area,E01025108,Lancaster 005A,Burglary,Status update unavailable,
88cbd367589bf940cb0aa63fa5619fa0059dcbb3d4a246afb11035fc1ce4da43,2019-05,Lancashire Constabulary,Lancashire Constabulary,-2.762420,54.076480,On or near Riverside Close,E01025108,Lancaster 005A,Burglary,Status update unavailable,
7d2ac1d85d876c926ed10d1e86149b521817192ae2e62207de968f4ac255013e,2019-05,Lancashire Constabulary,Lancashire Constabulary,-2.765717,54.076208,On or near Church Brow,E01025108,Lancaster 005A,Burglary,Status update unavailable,
115e0952e153d45e1769a942586998ca61d798e9fe0113f11472c1712cf5866f,2019-05,Lancashire Constabulary,Lancashire Constabulary,-2.765717,54.076208,On or near Church Brow,E01025108,Lancaster 005A,Burglary,Status update unavailable,
3b7a0d75de6fe1c84f907e9b2a0364e059c2d80626a9e0cd03cfc3032fa17c12,2019-05,Lancashire Constabulary,Lancashire Constabulary,-2.762420,54.076480,On or near Riverside Close,E01025108,Lancaster 005A,Criminal damage and arson,Status update unavailable,
132afd3f1f2bea5a724469be5953d70df14d0ab360430726548de654b528c7ea,2019-05,Lancashire Constabulary,Lancashire Constabulary,-2.765717,54.076208,On or near Church Brow,E01025108,Lancaster 005A,Other theft,Status update unavailable,
e47e8c06f8439b9963fd2a01caf18997e0e9f803cb400d0d782165005092fa21,2019-05,Lancashire Constabulary,Lancashire Constabulary,-2.763118,54.077842,On or near Pine Close,E01025108,Lancaster 005A,Violence and sexual offences,Unable to prosecute suspect,
1574c28b5e6a4a710111c5813d0022f2ff3ae53c4ae2a464abdfe4dcaa74ff21,2019-05,Lancashire Constabulary,Lancashire Constabulary,-2.741233,54.081412,On or near Green Lane,E01025109,Lancaster 005B,Theft from the person,Status update unavailable,
25699a8c48f28a779e293ce4d3659cf394264a270e3696814b4cf48c69ecb3a7,2019-05,Lancashire Constabulary,Lancashire Constabulary,-2.753208,54.080897,On or near Lunesdale View,E01025109,Lancaster 005B,Vehicle crime,Unable to prosecute suspect,
412e5968d9912259ede08f41e235dab9448c565ded981f340d397cedc36e8a27,2019-05,Lancashire Constabulary,Lancashire Constabulary,-2.716489,54.104616,On or near Addington Road,E01025109,Lancaster 005B,Vehicle crime,Status update unavailable,
,2019-05,Lancashire Constabulary,Lancashire Constabulary,-2.719581,54.072996,On or near Kingfisher Court,E01025131,Lancaster 005C,Anti-social behaviour,,
,2019-05,Lancashire Constabulary,Lancashire Constabulary,-2.779796,54.069035,On or near Caton Road,E01025131,Lancaster 005C,Anti-social behaviour,,
c6f04e3e3c3d3d38da2ca6301736d738c8d418315bbf93be0501aeae95b807ba,2019-05,Lancashire Constabulary,Lancashire Constabulary,-2.779796,54.069035,On or near Caton Road,E01025131,Lancaster 005C,Violence and sexual offences,Status update unavailable,
531f1d250f000c861bdbf8ffad577555fe4b92c70a57c2c1ddb0103f3d015752,2019-05,Lancashire Constabulary,Lancashire Constabulary,-2.718764,54.071698,On or near Broadacre Close,E01025131,Lancaster 005C,Violence and sexual offences,Unable to prosecute suspect,
0da7b970c4eb827f94abb3cb94b5723c18f388279bc2f443353520e26c8c32ca,2019-05,Lancashire Constabulary,Lancashire Constabulary,-2.715014,54.073994,On or near Beck Side,E01025131,Lancaster 005C,Violence and sexual offences,Status update unavailable,
,2019-05,Lancashire Constabulary,Lancashire Constabulary,-2.730067,54.074865,On or near Low Road,E01025133,Lancaster 005D,Anti-social behaviour,,
,2019-05,Lancashire Constabulary,Lancashire Constabulary,-2.730067,54.074865,On or near Low Road,E01025133,Lancaster 005D,Anti-social behaviour,,
fb9d9634afeb93942fdcb898a702f382b45977b55157b35fb0c55b83cb05f685,2019-05,Lancashire Constabulary,Lancashire Constabulary,-2.702339,54.075462,On or near Rotten Row,E01025133,Lancaster 005D,Burglary,Status update unavailable,
a94d1061559cc1f27dd08a6bad702017716f07697a2216907de4795c5f608b16,2019-05,Lancashire Constabulary,Lancashire Constabulary,-2.702339,54.075462,On or near Rotten Row,E01025133,Lancaster 005D,Burglary,Status update unavailable,
3222a15d5e93b31eeff551fe63591c434b202f0e0e2e56b9eb084412e40746d1,2019-05,Lancashire Constabulary,Lancashire Constabulary,-2.701159,54.074381,On or near Chapel Square,E01025133,Lancaster 005D,Criminal damage and arson,Awaiting court outcome,
7314a6d09076095c903334401e2584511933a7135c718ff6a491e607281a40f5,2019-05,Lancashire Constabulary,Lancashire Constabulary,-2.701159,54.074381,On or near Chapel Square,E01025133,Lancaster 005D,Criminal damage and arson,Status update unavailable,
7b3775e6117b2759c8bea7065ac3d117b8273c95fbf4ed8975a03726992a5d64,2019-05,Lancashire Constabulary,Lancashire Constabulary,-2.717789,54.076296,On or near Supermarket,E01025133,Lancaster 005D,Shoplifting,Status update unavailable,
219b59e87ce346c83231069509727df4017a6bd134832de52bf99959464d937e,2019-05,Lancashire Constabulary,Lancashire Constabulary,-2.701159,54.074381,On or near Chapel Square,E01025133,Lancaster 005D,Vehicle crime,Status update unavailable,
1588cc6c06c28273361972aa78114246a1bd7b93e2b6d7661b95456dedf31cfa,2019-05,Lancashire Constabulary,Lancashire Constabulary,-2.701159,54.074381,On or near Chapel Square,E01025133,Lancaster 005D,Violence and sexual offences,Unable to prosecute suspect,
,2019-05,Lancashire Constabulary,Lancashire Constabulary,-2.874583,54.066819,On or near Westminster Avenue,E01025112,Lancaster 006A,Anti-social behaviour,,
,2019-05,Lancashire Constabulary,Lancashire Constabulary,-2.870145,54.069413,On or near Baycliffe Crescent,E01025112,Lancaster 006A,Anti-social behaviour,,
,2019-05,Lancashire Constabulary,Lancashire Constabulary,-2.868743,54.069602,On or near Kilnbank Avenue,E01025112,Lancaster 006A,Anti-social behaviour,,
,2019-05,Lancashire Constabulary,Lancashire Constabulary,-2.877710,54.067281,On or near West End Road,E01025112,Lancaster 006A,Anti-social behaviour,,
,2019-05,Lancashire Constabulary,Lancashire Constabulary,-2.877710,54.067281,On or near West End Road,E01025112,Lancaster 006A,Anti-social behaviour,,
,2019-05,Lancashire Constabulary,Lancashire Constabulary,-2.877710,54.067281,On or near West End Road,E01025112,Lancaster 006A,Anti-social behaviour,,
,2019-05,Lancashire Constabulary,Lancashire Constabulary,-2.873136,54.067036,On or near Westminster Avenue,E01025112,Lancaster 006A,Anti-social behaviour,,
4fe0d62846bff2bd66ea54e27ba18c036b508a6afe8aea07f68551285c6470e9,2019-05,Lancashire Constabulary,Lancashire Constabulary,-2.875882,54.067546,On or near Grove Street,E01025112,Lancaster 006A,Bicycle theft,Status update unavailable,
ba26b8b5df466c9d2ab3bfa62f897b91b655dd02c840ea0af45c9f1084b191a6,2019-05,Lancashire Constabulary,Lancashire Constabulary,-2.874146,54.069312,On or near Supermarket,E01025112,Lancaster 006A,Bicycle theft,Status update unavailable,
73b8e5f4aa7a6eb648051e44a12b96cd9a04621aad1e9bb488e4f6d2724905fd,2019-05,Lancashire Constabulary,Lancashire Constabulary,-2.870145,54.069413,On or near Baycliffe Crescent,E01025112,Lancaster 006A,Burglary,Unable to prosecute suspect,
c604a977cc186cd8bf5e56a3cca26a3addbedde39a82d413768ea0c1a9c0814e,2019-05,Lancashire Constabulary,Lancashire Constabulary,-2.874583,54.066819,On or near Westminster Avenue,E01025112,Lancaster 006A,Burglary,Status update unavailable,
03820eea59824900a4fe4acf2abbf5502b5923b8426404f49f1b2666d78f3097,2019-05,Lancashire Constabulary,Lancashire Constabulary,-2.871050,54.066674,On or near Sandringham Road,E01025112,Lancaster 006A,Burglary,Status update unavailable,
799ee2cd556318ff2b5435617ce36c54262fccea93c07f47113ff7b73c094be5,2019-05,Lancashire Constabulary,Lancashire Constabulary,-2.871050,54.066674,On or near Sandringham Road,E01025112,Lancaster 006A,Burglary,Status update unavailable,
db7c4184a60351742324aef5929a69b7feb5af4d5e7d4f9d9d01c67c8aa6c584,2019-05,Lancashire Constabulary,Lancashire Constabulary,-2.877710,54.067281,On or near West End Road,E01025112,Lancaster 006A,Criminal damage and arson,Status update unavailable,
840e2c6cc9375c10fb37401e928b5725841aef758fcf60dddc4ec27953b18cdf,2019-05,Lancashire Constabulary,Lancashire Constabulary,-2.874583,54.066819,On or near Westminster Avenue,E01025112,Lancaster 006A,Criminal damage and arson,Status update unavailable,
f055e5b81a10739b7ee0d8e67a11dfa70e78aeb6b819b646d7a36fc3a98b2792,2019-05,Lancashire Constabulary,Lancashire Constabulary,-2.870145,54.069413,On or near Baycliffe Crescent,E01025112,Lancaster 006A,Possession of weapons,Awaiting court outcome,
bb6a85fec91e9608e778ecfe5bca6de3cce447ae08c24e23857a88a90a4b0b8b,2019-05,Lancashire Constabulary,Lancashire Constabulary,-2.877710,54.067281,On or near West End Road,E01025112,Lancaster 006A,Public order,Status update unavailable,
98166c83c630d8b123b970015224306c98f675f5cdd7d4163062fdbd9b3d6d91,2019-05,Lancashire Constabulary,Lancashire Constabulary,-2.874146,54.069312,On or near Supermarket,E01025112,Lancaster 006A,Shoplifting,Offender given a caution,
5e71443be7fee6fc5148f0c58247dc45efec23e2e6112148a32c6326859720a8,2019-05,Lancashire Constabulary,Lancashire Constabulary,-2.874146,54.069312,On or near Supermarket,E01025112,Lancaster 006A,Shoplifting,Status update unavailable,
def381a1e13f166e40250234789d94d2f9c1bc09d87351c251f33ab26a1c0c75,2019-05,Lancashire Constabulary,Lancashire Constabulary,-2.877710,54.067281,On or near West End Road,E01025112,Lancaster 006A,Vehicle crime,Status update unavailable,
18a3ce88e4c7014ec7f79301e4a70f6a3324c90b85354f327c7bbd56a29223c9,2019-05,Lancashire Constabulary,Lancashire Constabulary,-2.874146,54.069312,On or near Supermarket,E01025112,Lancaster 006A,Vehicle crime,Status update unavailable,
514fbc7be0c16043e37dadba8cc045f1696f988208db794a91f0116bb73119fb,2019-05,Lancashire Constabulary,Lancashire Constabulary,-2.877710,54.067281,On or near West End Road,E01025112,Lancaster 006A,Violence and sexual offences,Unable to prosecute suspect,
57e72d0d5c916b2f6b8de16ac6e48835f2da5558c8da02a85aa6ad0e795291d2,2019-05,Lancashire Constabulary,Lancashire Constabulary,-2.875882,54.067546,On or near Grove Street,E01025112,Lancaster 006A,Violence and sexual offences,Status update unavailable,
e0a2b5c228d150ebf17f08ec4f45231f9f9f532c27c71e8d7df0dd252bc24f3e,2019-05,Lancashire Constabulary,Lancashire Constabulary,-2.875371,54.067245,On or near West End Road,E01025112,Lancaster 006A,Violence and sexual offences,Status update unavailable,
edf390423a0d0f62cc27b008ab035dbb4c800cd203863178c532155e24fa94bb,2019-05,Lancashire Constabulary,Lancashire Constabulary,-2.877710,54.067281,On or near West End Road,E01025112,Lancaster 006A,Other crime,Status update unavailable,
,2019-05,Lancashire Constabulary,Lancashire Constabulary,-2.860108,54.073224,On or near Poulton Road,E01025136,Lancaster 006B,Anti-social behaviour,,
,2019-05,Lancashire Constabulary,Lancashire Constabulary,-2.860108,54.073224,On or near Poulton Road,E01025136,Lancaster 006B,Anti-social behaviour,,
,2019-05,Lancashire Constabulary,Lancashire Constabulary,-2.861961,54.074190,On or near Lucy Street,E01025136,Lancaster 006B,Anti-social behaviour,,
,2019-05,Lancashire Constabulary,Lancashire Constabulary,-2.859651,54.068868,On or near Whinsfell View,E01025136,Lancaster 006B,Anti-social behaviour,,
,2019-05,Lancashire Constabulary,Lancashire Constabulary,-2.861961,54.074190,On or near Lucy Street,E01025136,Lancaster 006B,Anti-social behaviour,,
,2019-05,Lancashire Constabulary,Lancashire Constabulary,-2.862294,54.071824,On or near Queen Street,E01025136,Lancaster 006B,Anti-social behaviour,,
,2019-05,Lancashire Constabulary,Lancashire Constabulary,-2.857147,54.071214,On or near Lancaster Road,E01025136,Lancaster 006B,Anti-social behaviour,,
,2019-05,Lancashire Constabulary,Lancashire Constabulary,-2.861316,54.073260,On or near Washington Avenue,E01025136,Lancaster 006B,Anti-social behaviour,,
,2019-05,Lancashire Constabulary,Lancashire Constabulary,-2.859222,54.071037,On or near North Street,E01025136,Lancaster 006B,Anti-social behaviour,,
,2019-05,Lancashire Constabulary,Lancashire Constabulary,-2.861961,54.074190,On or near Lucy Street,E01025136,Lancaster 006B,Anti-social behaviour,,
a92573487c18c4dd6de57d57393d4d58bfbbc5ed6b7ae120a3d8ddc2da36eac1,2019-05,Lancashire Constabulary,Lancashire Constabulary,-2.862294,54.071824,On or near Queen Street,E01025136,Lancaster 006B,Bicycle theft,Status update unavailable,
c43806e68a4bb29122f8d175d05b7ba33b359a2537ca1a0bc8bd8fc96d4725ea,2019-05,Lancashire Constabulary,Lancashire Constabulary,-2.859501,54.071979,On or near Westover Street,E01025136,Lancaster 006B,Burglary,Status update unavailable,
c341bd5e8c073839f4d31910f2697146b5bac20f11f8af9e3b8f99b55637a189,2019-05,Lancashire Constabulary,Lancashire Constabulary,-2.861316,54.073260,On or near Washington Avenue,E01025136,Lancaster 006B,Burglary,Status update unavailable,
7a4e808b2075233723cdf49ed4a1f752bdbd100547efaab7c37b4c19610379c4,2019-05,Lancashire Constabulary,Lancashire Constabulary,-2.859987,54.071068,On or near King Street,E01025136,Lancaster 006B,Criminal damage and arson,Status update unavailable,
2c7a968380dc08bcd84b538536489ae2da09f7bfbdc3937e4e4625f90896ab31,2019-05,Lancashire Constabulary,Lancashire Constabulary,-2.859501,54.071979,On or near Westover Street,E01025136,Lancaster 006B,Criminal damage and arson,Unable to prosecute suspect,
0d333b07465569cd4f55d6ef0039518c523f411ab0c43e2d67207ad9cec56429,2019-05,Lancashire Constabulary,Lancashire Constabulary,-2.862294,54.071824,On or near Queen Street,E01025136,Lancaster 006B,Criminal damage and arson,Status update unavailable,
94ccbb325a9eeef1c8636fc7b96145ca137f73394c9a4234200221793cf119cd,2019-05,Lancashire Constabulary,Lancashire Constabulary,-2.857100,54.072625,On or near Ashton Road,E01025136,Lancaster 006B,Criminal damage and arson,Status update unavailable,
d63c883a631ce64b6737ae6c5827fbdf0231ab8e8a3aa402b2f978c8bd7bea67,2019-05,Lancashire Constabulary,Lancashire Constabulary,-2.859669,54.069731,On or near Whitmoor Close,E01025136,Lancaster 006B,Criminal damage and arson,Status update unavailable,
49a4a4597e5fe145af50926f1f3f2fe8a6f18d50cde22ecc6aa252b4c6dbf00e,2019-05,Lancashire Constabulary,Lancashire Constabulary,-2.859825,54.072857,On or near Hanover Street,E01025136,Lancaster 006B,Criminal damage and arson,Status update unavailable,
98a59b6f1711bcd0a436a7bbe9337c80f4b121deb1a2c90c2dc327c70bd75beb,2019-05,Lancashire Constabulary,Lancashire Constabulary,-2.858552,54.071186,On or near Primrose Street,E01025136,Lancaster 006B,Criminal damage and arson,Status update unavailable,
1fb0414d30d1cec9022c0d0be337c617675a3f486339158a1ae5d0eabf99ee98,2019-05,Lancashire Constabulary,Lancashire Constabulary,-2.857742,54.069699,On or near Bateman Road,E01025136,Lancaster 006B,Other theft,Status update unavailable,
c9047a78938d2d80566324303d9f6a3fa8143252721859ad4ec5f47b41147846,2019-05,Lancashire Constabulary,Lancashire Constabulary,-2.857100,54.072625,On or near Ashton Road,E01025136,Lancaster 006B,Other theft,Status update unavailable,
d9279ea4b521164442e3d70fdf0e32bfd24d29a8965e32426a719d360cca2eec,2019-05,Lancashire Constabulary,Lancashire Constabulary,-2.861729,54.074012,On or near Townley Street,E01025136,Lancaster 006B,Vehicle crime,Unable to prosecute suspect,
4c0ec9b5e7f1b31db36682164aa100e700595ed6cc9278f264b1b3acddc8f8f2,2019-05,Lancashire Constabulary,Lancashire Constabulary,-2.861316,54.073260,On or near Washington Avenue,E01025136,Lancaster 006B,Vehicle crime,Status update unavailable,
c5bfb2605e61b529315f311a210de9214cba1b511cb84dc5558ca8e21ccca559,2019-05,Lancashire Constabulary,Lancashire Constabulary,-2.859651,54.068868,On or near Whinsfell View,E01025136,Lancaster 006B,Violence and sexual offences,Unable to prosecute suspect,
68f38c577b0191c32a5815209e173fd226159db57a3db09df15fc3eec7617d1f,2019-05,Lancashire Constabulary,Lancashire Constabulary,-2.858552,54.071186,On or near Primrose Street,E01025136,Lancaster 006B,Violence and sexual offences,Status update unavailable,
823a66dee87cd08ead503d7e5d56dd3c14effb96eb3c036e2eaa4c9409ffa2f1,2019-05,Lancashire Constabulary,Lancashire Constabulary,-2.858509,54.069829,On or near Bateman Grove,E01025136,Lancaster 006B,Violence and sexual offences,Unable to prosecute suspect,
45c63891bfafd4f877417d7fc3ae4633f45260c67044dd2b0355cb9b55a47bed,2019-05,Lancashire Constabulary,Lancashire Constabulary,-2.861316,54.073260,On or near Washington Avenue,E01025136,Lancaster 006B,Violence and sexual offences,Unable to prosecute suspect,
e023816d0a22503af2c9a6ebdf6c7d74f99358973f4889330bc602c80603b98e,2019-05,Lancashire Constabulary,Lancashire Constabulary,-2.857742,54.069699,On or near Bateman Road,E01025136,Lancaster 006B,Violence and sexual offences,Status update unavailable,
7ed64f7ba5e10436b0983500cc6a82406e8d024d95865adff563f4a2df64eab0,2019-05,Lancashire Constabulary,Lancashire Constabulary,-2.857147,54.071214,On or near Lancaster Road,E01025136,Lancaster 006B,Violence and sexual offences,Unable to prosecute suspect,
e320bf7a11f1244ca19e336c760e190e4a3c97482e7d8c89efadcb1d4af46f7b,2019-05,Lancashire Constabulary,Lancashire Constabulary,-2.856100,54.071572,On or near Cross Street,E01025136,Lancaster 006B,Violence and sexual offences,Unable to prosecute suspect,
1d3a8d7b9e30ac158cb9e0346239cac634ccf77c0a4d6dca77f417ccacd8b768,2019-05,Lancashire Constabulary,Lancashire Constabulary,-2.861729,54.074012,On or near Townley Street,E01025136,Lancaster 006B,Violence and sexual offences,Unable to prosecute suspect,
f93aee8af6b34428d9db8dd7a1ed5109a957471c3ff2c23ade0e1c14f3e19068,2019-05,Lancashire Constabulary,Lancashire Constabulary,-2.858552,54.071186,On or near Primrose Street,E01025136,Lancaster 006B,Violence and sexual offences,Unable to prosecute suspect,
7f20b98f93b30903c3f6e1dd78d42d767f1340f352ae08e98664df7bbaf6d73b,2019-05,Lancashire Constabulary,Lancashire Constabulary,-2.856100,54.071572,On or near Cross Street,E01025136,Lancaster 006B,Violence and sexual offences,Unable to prosecute suspect,
685b23bfc4f21a9429e7af3df620199c96545c73014f85bc9378d34dcff4fed1,2019-05,Lancashire Constabulary,Lancashire Constabulary,-2.857742,54.069699,On or near Bateman Road,E01025136,Lancaster 006B,Violence and sexual offences,Status update unavailable,
4ea916cce701fbce911d9125eab703f3ac4bbff41728a44b457e1b2a14354630,2019-05,Lancashire Constabulary,Lancashire Constabulary,-2.859825,54.072857,On or near Hanover Street,E01025136,Lancaster 006B,Violence and sexual offences,Status update unavailable,
8ea3170e7d54a5f2fd286006f2c7624cc51b6ddf3d5c883b663cb636a9ca8c7d,2019-05,Lancashire Constabulary,Lancashire Constabulary,-2.859651,54.068868,On or near Whinsfell View,E01025136,Lancaster 006B,Violence and sexual offences,Status update unavailable,
15b7900b34d5513360d9d6e341b05041b1fb8baa3e10a33d8e3cec81611a541a,2019-05,Lancashire Constabulary,Lancashire Constabulary,-2.858860,54.073520,On or near New Inn Yard,E01025136,Lancaster 006B,Violence and sexual offences,Unable to prosecute suspect,
034d55933236c756ecd15793bc2b25cdaf48040b02c0dc44af1c430a0faf2145,2019-05,Lancashire Constabulary,Lancashire Constabulary,-2.864713,54.070530,On or near West End Road,E01025136,Lancaster 006B,Violence and sexual offences,Unable to prosecute suspect,
14d6ab4d074615534651fedec7de842b8a461d09019eb1e602aadaf7e15b4e55,2019-05,Lancashire Constabulary,Lancashire Constabulary,-2.862294,54.071824,On or near Queen Street,E01025136,Lancaster 006B,Violence and sexual offences,Unable to prosecute suspect,
e63e99d5232c79cb7305a703b27de04af92280e61281b3d34b46a6d8ab1af100,2019-05,Lancashire Constabulary,Lancashire Constabulary,-2.864713,54.070530,On or near West End Road,E01025136,Lancaster 006B,Violence and sexual offences,Unable to prosecute suspect,
ffed82cf3cf9b752f262155814091b8a6489781ea82fdf38a6b27328f5fb319b,2019-05,Lancashire Constabulary,Lancashire Constabulary,-2.858860,54.073520,On or near New Inn Yard,E01025136,Lancaster 006B,Violence and sexual offences,Unable to prosecute suspect,
008faef61416f4f8db67f611af5d16e58316f5e0999b011fc2e8a2822bfaac54,2019-05,Lancashire Constabulary,Lancashire Constabulary,-2.859501,54.071979,On or near Westover Street,E01025136,Lancaster 006B,Violence and sexual offences,Unable to prosecute suspect,
,2019-05,Lancashire Constabulary,Lancashire Constabulary,-2.855161,54.069772,On or near George Street,E01025138,Lancaster 006C,Anti-social behaviour,,
,2019-05,Lancashire Constabulary,Lancashire Constabulary,-2.853894,54.069062,On or near Croft Street,E01025138,Lancaster 006C,Anti-social behaviour,,
,2019-05,Lancashire Constabulary,Lancashire Constabulary,-2.854048,54.068378,On or near Dudley Street,E01025138,Lancaster 006C,Anti-social behaviour,,
,2019-05,Lancashire Constabulary,Lancashire Constabulary,-2.854673,54.068328,On or near Hope Street,E01025138,Lancaster 006C,Anti-social behaviour,,
,2019-05,Lancashire Constabulary,Lancashire Constabulary,-2.855505,54.069410,On or near Charles Street,E01025138,Lancaster 006C,Anti-social behaviour,,
9e468f66521f262f662d596b0bc27297bca53839165aea1b98f9aa26929f74f0,2019-05,Lancashire Constabulary,Lancashire Constabulary,-2.853894,54.069062,On or near Croft Street,E01025138,Lancaster 006C,Burglary,Status update unavailable,
e6e4aba6a0afdcf809059d529681732ba33524759354b4706f4171d00aa78cd1,2019-05,Lancashire Constabulary,Lancashire Constabulary,-2.854359,54.069382,On or near Whitby Road,E01025138,Lancaster 006C,Burglary,Defendant sent to Crown Court,
4311292640c186d8fb359d268520cc75df3fdee55592ec79422e4e991163e6f1,2019-05,Lancashire Constabulary,Lancashire Constabulary,-2.853894,54.069062,On or near Croft Street,E01025138,Lancaster 006C,Burglary,Status update unavailable,
a1cfc6183269e5c162d780883a1349663e53651f5316dfdbec3ca0d0c508de89,2019-05,Lancashire Constabulary,Lancashire Constabulary,-2.855161,54.069772,On or near George Street,E01025138,Lancaster 006C,Criminal damage and arson,Status update unavailable,
92f48c727d34b6fe5cdcad7144f55786d802051d76ca8498ce3342755f702ba2,2019-05,Lancashire Constabulary,Lancashire Constabulary,-2.853894,54.069062,On or near Croft Street,E01025138,Lancaster 006C,Criminal damage and arson,Status update unavailable,
30261f26376140b8cdf58578dea0d42acdda00534c6537c07b7ee0b0f7714a19,2019-05,Lancashire Constabulary,Lancashire Constabulary,-2.852152,54.069811,On or near Supermarket,E01025138,Lancaster 006C,Other theft,Status update unavailable,
bcef8c39846488f5a45303087c1db4e8a55950ab6b332d273c6614352f5b4294,2019-05,Lancashire Constabulary,Lancashire Constabulary,-2.852152,54.069811,On or near Supermarket,E01025138,Lancaster 006C,Other theft,Status update unavailable,
f91c0c03633d7e670e7bb79907af14b065ac44318a0393812210d56c2ac53d78,2019-05,Lancashire Constabulary,Lancashire Constabulary,-2.854048,54.068378,On or near Dudley Street,E01025138,Lancaster 006C,Public order,Formal action is not in the public interest,
42de4609f612f3d9ff83721f397f99e1f0384b358805e63c4beedcdba498c7de,2019-05,Lancashire Constabulary,Lancashire Constabulary,-2.856554,54.067632,On or near Sports/Recreation Area,E01025138,Lancaster 006C,Public order,Status update unavailable,
f38495f542d34d7314ec01a9f66cbf5b9a054bde47f062ca03556c703eed7748,2019-05,Lancashire Constabulary,Lancashire Constabulary,-2.853124,54.068762,On or near Maylands Square,E01025138,Lancaster 006C,Public order,Status update unavailable,
03cfd1e0e2009e4538b506faf87b5e009d6ba716341b4ce366ef014f64be4dab,2019-05,Lancashire Constabulary,Lancashire Constabulary,-2.852152,54.069811,On or near Supermarket,E01025138,Lancaster 006C,Shoplifting,Unable to prosecute suspect,
02efb840585d367d1c058effb30071b7c7f536fc5843b8aa79e96eadb65a920b,2019-05,Lancashire Constabulary,Lancashire Constabulary,-2.853124,54.068762,On or near Maylands Square,E01025138,Lancaster 006C,Vehicle crime,Status update unavailable,
13e78f2b6dece470ffe78ff9622b9f8be3d6cf9d55420d4a2edf4138e785be2b,2019-05,Lancashire Constabulary,Lancashire Constabulary,-2.849739,54.066907,On or near St Michael'S Grove,E01025138,Lancaster 006C,Violence and sexual offences,Unable to prosecute suspect,
f7deb0603caa33c833ffa6a58fb9cbdbbe72db76d769bbb960ff9a78c94b3b5b,2019-05,Lancashire Constabulary,Lancashire Constabulary,-2.856068,54.070008,On or near James Street,E01025138,Lancaster 006C,Violence and sexual offences,Status update unavailable,
57c2cea7be88cdeacddde4628d32fdbf7bac75deb6afbca8c885e40b179f5a50,2019-05,Lancashire Constabulary,Lancashire Constabulary,-2.853894,54.069062,On or near Croft Street,E01025138,Lancaster 006C,Violence and sexual offences,Unable to prosecute suspect,
,2019-05,Lancashire Constabulary,Lancashire Constabulary,-2.864261,54.073050,On or near Queen Street,E01025139,Lancaster 006D,Anti-social behaviour,,
,2019-05,Lancashire Constabulary,Lancashire Constabulary,-2.864986,54.071921,On or near Shopping Area,E01025139,Lancaster 006D,Anti-social behaviour,,
,2019-05,Lancashire Constabulary,Lancashire Constabulary,-2.866850,54.072609,On or near Back Crescent Street,E01025139,Lancaster 006D,Anti-social behaviour,,
,2019-05,Lancashire Constabulary,Lancashire Constabulary,-2.872759,54.070904,On or near Parking Area,E01025139,Lancaster 006D,Anti-social behaviour,,
,2019-05,Lancashire Constabulary,Lancashire Constabulary,-2.872759,54.070904,On or near Parking Area,E01025139,Lancaster 006D,Anti-social behaviour,,
,2019-05,Lancashire Constabulary,Lancashire Constabulary,-2.873269,54.070450,On or near Central Drive,E01025139,Lancaster 006D,Anti-social behaviour,,
,2019-05,Lancashire Constabulary,Lancashire Constabulary,-2.863901,54.072639,On or near Back Queen Street,E01025139,Lancaster 006D,Anti-social behaviour,,
,2019-05,Lancashire Constabulary,Lancashire Constabulary,-2.862787,54.073447,On or near Back Green Street,E01025139,Lancaster 006D,Anti-social behaviour,,
,2019-05,Lancashire Constabulary,Lancashire Constabulary,-2.864986,54.071921,On or near Shopping Area,E01025139,Lancaster 006D,Anti-social behaviour,,
,2019-05,Lancashire Constabulary,Lancashire Constabulary,-2.864261,54.073050,On or near Queen Street,E01025139,Lancaster 006D,Anti-social behaviour,,
,2019-05,Lancashire Constabulary,Lancashire Constabulary,-2.873269,54.070450,On or near Central Drive,E01025139,Lancaster 006D,Anti-social behaviour,,
,2019-05,Lancashire Constabulary,Lancashire Constabulary,-2.873269,54.070450,On or near Central Drive,E01025139,Lancaster 006D,Anti-social behaviour,,
93934e8a1ea59788e085537964531ce24db9fb86e2caaa6cc229c8c4176df31f,2019-05,Lancashire Constabulary,Lancashire Constabulary,-2.862337,54.074592,On or near Eidsforth Road,E01025139,Lancaster 006D,Burglary,Status update unavailable,
d643319165673133c45669254ee13af906a21592a6d0c01990f89ef084f04d66,2019-05,Lancashire Constabulary,Lancashire Constabulary,-2.864194,54.073527,On or near Morecambe Street West,E01025139,Lancaster 006D,Burglary,Status update unavailable,
d6e97aa2522078cf41e0b142cc012512294405ce7ece17e5c5af2caeeaa5061e,2019-05,Lancashire Constabulary,Lancashire Constabulary,-2.864194,54.073527,On or near Morecambe Street West,E01025139,Lancaster 006D,Burglary,Status update unavailable,
5e8c3bee44b57acf6b52c80bff4c1eaf377650086a37b6d86e9dfb09b0081e94,2019-05,Lancashire Constabulary,Lancashire Constabulary,-2.866850,54.072609,On or near Back Crescent Street,E01025139,Lancaster 006D,Criminal damage and arson,Awaiting court outcome,
a4763f5cdcd5453c8a047d59cec65eb9be38b94433df8b02bcd6a459dfc8153e,2019-05,Lancashire Constabulary,Lancashire Constabulary,-2.862337,54.074592,On or near Eidsforth Road,E01025139,Lancaster 006D,Criminal damage and arson,Investigation complete; no suspect identified,
fb6734d59c686b6858fd0d7b88f0bf78e5a13b1cdc1bc0b5983261ca2cce691a,2019-05,Lancashire Constabulary,Lancashire Constabulary,-2.862337,54.074592,On or near Eidsforth Road,E01025139,Lancaster 006D,Criminal damage and arson,Status update unavailable,
a3cf204f17383574a93b4101b86552068c6bd2a5e8ae88ff579f44cd207052cb,2019-05,Lancashire Constabulary,Lancashire Constabulary,-2.863374,54.073758,On or near Hall Street,E01025139,Lancaster 006D,Criminal damage and arson,Status update unavailable,
4d557de41299902c8026531ce36cec0880f5194bbe983104d10457592de30971,2019-05,Lancashire Constabulary,Lancashire Constabulary,-2.871061,54.070826,On or near Parking Area,E01025139,Lancaster 006D,Criminal damage and arson,Status update unavailable,
53750538e2d8c49dd209281d28208ef2f1e45a39faccfb5c5256b76c134e7e8e,2019-05,Lancashire Constabulary,Lancashire Constabulary,-2.860289,54.073852,On or near Oxford Street,E01025139,Lancaster 006D,Criminal damage and arson,Status update unavailable,
901f01105a8a836b2411f6364957dd11b459d30ece0a93aaea908715d8e6d11b,2019-05,Lancashire Constabulary,Lancashire Constabulary,-2.870454,54.071792,On or near Bath Street,E01025139,Lancaster 006D,Other theft,Status update unavailable,
3472ce762ef490133662e4504ac7bcd4003e4b210376c290bb65fe9770609a2a,2019-05,Lancashire Constabulary,Lancashire Constabulary,-2.872759,54.070904,On or near Parking Area,E01025139,Lancaster 006D,Other theft,Status update unavailable,
024e6d63732eba8a9745d7370bd750773f62fd84ccc7dde4351cca251f0fd5fc,2019-05,Lancashire Constabulary,Lancashire Constabulary,-2.873269,54.070450,On or near Central Drive,E01025139,Lancaster 006D,Other theft,Status update unavailable,
f0f98237fe0ba7eb4bc5bb2ce71f9fa5427be9cb26f192ad585331be3c7ee529,2019-05,Lancashire Constabulary,Lancashire Constabulary,-2.866249,54.071634,On or near Supermarket,E01025139,Lancaster 006D,Other theft,Status update unavailable,
bbcedf6d7f92d85ba8e53b2b298aa45c874cd27db06956c62f1b0bd1d6693fe6,2019-05,Lancashire Constabulary,Lancashire Constabulary,-2.862631,54.072585,On or near Lines Street,E01025139,Lancaster 006D,Other theft,Status update unavailable,
c71bd7e806b76bf85e6ee180b73eff385d22e9fd33edea11a2bd34703a8543e6,2019-05,Lancashire Constabulary,Lancashire Constabulary,-2.866850,54.072609,On or near Back Crescent Street,E01025139,Lancaster 006D,Other theft,Unable to prosecute suspect,
9492925aa1c257780033dd9434937a1fe589c5e406165bb03f77026223d09c93,2019-05,Lancashire Constabulary,Lancashire Constabulary,-2.865104,54.072424,On or near Tunstall Street,E01025139,Lancaster 006D,Other theft,Status update unavailable,
d9f1858cc531f3d168d0daf01454edef3a9827e226364c42c845ba4f307a6bdc,2019-05,Lancashire Constabulary,Lancashire Constabulary,-2.870454,54.071792,On or near Bath Street,E01025139,Lancaster 006D,Other theft,Status update unavailable,
13a474cba68afc8f5bb2d92a4dd49ef94b8c53e1ed4005e45dee5fed23e94553,2019-05,Lancashire Constabulary,Lancashire Constabulary,-2.865300,54.073043,On or near Nelson Street,E01025139,Lancaster 006D,Public order,Unable to prosecute suspect,
1ab5d074cd20101eb2e69779efc73b8acaabb78b4046c682adbe012883e3f60a,2019-05,Lancashire Constabulary,Lancashire Constabulary,-2.866850,54.072609,On or near Back Crescent Street,E01025139,Lancaster 006D,Public order,Local resolution,
215a131cd714c26efd33a89b638e4c96fe9804ffdf05962bf4e77b1474b98772,2019-05,Lancashire Constabulary,Lancashire Constabulary,-2.863578,54.074035,On or near Morecambe Street East,E01025139,Lancaster 006D,Public order,Unable to prosecute suspect,
90f4ce94483577d3fcc92a1b6bfd5ca0f1106e7382b0e83f6635db8baa31008a,2019-05,Lancashire Constabulary,Lancashire Constabulary,-2.867419,54.072812,On or near Marine Road Central,E01025139,Lancaster 006D,Public order,Status update unavailable,
4624bd7a89487795a64fcad5c5aac7d33ed197c49f02cc417d6d91d561a74843,2019-05,Lancashire Constabulary,Lancashire Constabulary,-2.862631,54.072585,On or near Lines Street,E01025139,Lancaster 006D,Public order,Status update unavailable,
fb64f67992ec4ee563d537139f8548cf025f30526f8308c4447005623f93d44d,2019-05,Lancashire Constabulary,Lancashire Constabulary,-2.861649,54.074579,On or near Clark Street,E01025139,Lancaster 006D,Public order,Status update unavailable,
7baa5130a40099aa80a8997f8986fdae16e6c12442da754c2eff9a6ce75cb4b5,2019-05,Lancashire Constabulary,Lancashire Constabulary,-2.865104,54.072424,On or near Tunstall Street,E01025139,Lancaster 006D,Shoplifting,Status update unavailable,
474ccf688d541f19975a3d34ed1ba6138d9645d8d0554d1ac689c6f314a795e1,2019-05,Lancashire Constabulary,Lancashire Constabulary,-2.866249,54.071634,On or near Supermarket,E01025139,Lancaster 006D,Shoplifting,Awaiting court outcome,
1ac368940ef1c8f64002c3e7e9888a0387f9c5ae2bd0f66b08c7422bf1f5f252,2019-05,Lancashire Constabulary,Lancashire Constabulary,-2.864986,54.071921,On or near Shopping Area,E01025139,Lancaster 006D,Shoplifting,Status update unavailable,
2a87cfc4ef7412a8051964aa6c0f385f5535e4a6fc49629cb0f6302ad6fc1923,2019-05,Lancashire Constabulary,Lancashire Constabulary,-2.872759,54.070904,On or near Parking Area,E01025139,Lancaster 006D,Shoplifting,Status update unavailable,
f97e79fcae43851f2e5df8984eb8ef51a1ee991310b7e35eb72e63da58e924b3,2019-05,Lancashire Constabulary,Lancashire Constabulary,-2.863578,54.074035,On or near Morecambe Street East,E01025139,Lancaster 006D,Shoplifting,Status update unavailable,
ca03329c6d0849a2503a2a4a1d9f55b45e298c7716117953492d666bcfe724fd,2019-05,Lancashire Constabulary,Lancashire Constabulary,-2.872759,54.070904,On or near Parking Area,E01025139,Lancaster 006D,Shoplifting,Status update unavailable,
6206856aafa26d1784746d9d25ac9f7861499236251fa92a408f715e3963fb7c,2019-05,Lancashire Constabulary,Lancashire Constabulary,-2.864986,54.071921,On or near Shopping Area,E01025139,Lancaster 006D,Theft from the person,Status update unavailable,
d4c4a86597c7ca5cef4230a339c3f6983a98f7260f26c6e557ea6d78c4269994,2019-05,Lancashire Constabulary,Lancashire Constabulary,-2.867419,54.072812,On or near Marine Road Central,E01025139,Lancaster 006D,Vehicle crime,Awaiting court outcome,
12d808964b2381d0f349bb3b910efa232dddcd737a5ac7f8c125090a5ae774b8,2019-05,Lancashire Constabulary,Lancashire Constabulary,-2.864986,54.071921,On or near Shopping Area,E01025139,Lancaster 006D,Vehicle crime,Status update unavailable,
55e88bb0938c2293bad3d6fa9256c81a1e5f76c095ac23b3bbb5a47078e5922f,2019-05,Lancashire Constabulary,Lancashire Constabulary,-2.865300,54.073043,On or near Nelson Street,E01025139,Lancaster 006D,Violence and sexual offences,Status update unavailable,
11d4272f8dcc30bef8fe8ad96096ca4a82400ea501241ab02a28a5087b128b89,2019-05,Lancashire Constabulary,Lancashire Constabulary,-2.867419,54.072812,On or near Marine Road Central,E01025139,Lancaster 006D,Violence and sexual offences,Status update unavailable,
ce3f71789d4c0e454b1cf1a72457d605b97529ce95cfdce2235b9557898316fb,2019-05,Lancashire Constabulary,Lancashire Constabulary,-2.866249,54.071634,On or near Supermarket,E01025139,Lancaster 006D,Violence and sexual offences,Unable to prosecute suspect,
75341786afdf0f5c9a960d041c6303fcc92608ce7c0a31cb12e09a5e6b0b82ef,2019-05,Lancashire Constabulary,Lancashire Constabulary,-2.863604,54.073801,On or near Garnett Street,E01025139,Lancaster 006D,Violence and sexual offences,Status update unavailable,
d56951cc09690535d0bc51d5de09edbfaec54250d879bc6d60cdb7b7bf36c23a,2019-05,Lancashire Constabulary,Lancashire Constabulary,-2.862631,54.072585,On or near Lines Street,E01025139,Lancaster 006D,Violence and sexual offences,Unable to prosecute suspect,
961fcf05c972321925bbe8b16b5c0e04d94afd3322e9f65c573c0575fdaa29a4,2019-05,Lancashire Constabulary,Lancashire Constabulary,-2.866850,54.072609,On or near Back Crescent Street,E01025139,Lancaster 006D,Violence and sexual offences,Status update unavailable,
51e015a01cf5773484469a2cbbe7e2577f7eb5c93dd9e78f82d550c4f43887f8,2019-05,Lancashire Constabulary,Lancashire Constabulary,-2.860629,54.071099,On or near Wellington Terrace,E01025139,Lancaster 006D,Violence and sexual offences,Unable to prosecute suspect,
33b85e937d913e855f65721f3024cc012f6235f91c0eed7914008726ff0f19ff,2019-05,Lancashire Constabulary,Lancashire Constabulary,-2.860289,54.073852,On or near Oxford Street,E01025139,Lancaster 006D,Violence and sexual offences,Status update unavailable,
c33a6ea8c7c0bcaa101b0dd0edaa98da7cb8d131c2245170f081e376f14499a3,2019-05,Lancashire Constabulary,Lancashire Constabulary,-2.867419,54.072812,On or near Marine Road Central,E01025139,Lancaster 006D,Violence and sexual offences,Unable to prosecute suspect,
e62f1653ce8310ca4a2a43db5806aa564969112e55a6a1ad74b86812c6a35398,2019-05,Lancashire Constabulary,Lancashire Constabulary,-2.864986,54.071921,On or near Shopping Area,E01025139,Lancaster 006D,Violence and sexual offences,Awaiting court outcome,
cf8b5e640a760805d23319a6a8fa17382aa20f4537c02c590bb6aef76824d31b,2019-05,Lancashire Constabulary,Lancashire Constabulary,-2.864986,54.071921,On or near Shopping Area,E01025139,Lancaster 006D,Violence and sexual offences,Unable to prosecute suspect,
149fc6d071805922b079f9341a41fbffba9fa4e2cb0a5254f86e10836c8fb448,2019-05,Lancashire Constabulary,Lancashire Constabulary,-2.867419,54.072812,On or near Marine Road Central,E01025139,Lancaster 006D,Violence and sexual offences,Status update unavailable,
b4fc0029b0516536e1c2fab08588061ec0a25153796b9a836676c14d5e7af844,2019-05,Lancashire Constabulary,Lancashire Constabulary,-2.860289,54.073852,On or near Oxford Street,E01025139,Lancaster 006D,Violence and sexual offences,Unable to prosecute suspect,
746a9aa5b69fe49d7a41493daf6c7f0da63fd9a92a6e475f99a8b525123ee19b,2019-05,Lancashire Constabulary,Lancashire Constabulary,-2.864971,54.072686,On or near Pedder Street,E01025139,Lancaster 006D,Violence and sexual offences,Status update unavailable,
0cdcfd4f8da43eb21efc862e03f5e9ca4a47d4e99ba3ae204b1c9dc167fcc851,2019-05,Lancashire Constabulary,Lancashire Constabulary,-2.862413,54.072389,On or near Back Lines Street,E01025139,Lancaster 006D,Violence and sexual offences,Unable to prosecute suspect,
44f9fd1dd17261a4528086106c12a5629495c6732ca6505536e4c53c13ab6995,2019-05,Lancashire Constabulary,Lancashire Constabulary,-2.867419,54.072812,On or near Marine Road Central,E01025139,Lancaster 006D,Violence and sexual offences,Status update unavailable,
4e68c5e236fa967da96e60cb2430c981149e105a025f50f40e4bc66c0541025b,2019-05,Lancashire Constabulary,Lancashire Constabulary,-2.862631,54.072585,On or near Lines Street,E01025139,Lancaster 006D,Violence and sexual offences,Unable to prosecute suspect,
d635e8ad3dd3b71026fe443b9773ffa0052f0b5466ad5a09b0079455d2052cc8,2019-05,Lancashire Constabulary,Lancashire Constabulary,-2.863094,54.072771,On or near Theatre/Concert Hall,E01025139,Lancaster 006D,Violence and sexual offences,Status update unavailable,
08658af7e4bfed429ec4c90847b258525e70d5cd520abab5917813b6dd4f78d7,2019-05,Lancashire Constabulary,Lancashire Constabulary,-2.864986,54.071921,On or near Shopping Area,E01025139,Lancaster 006D,Violence and sexual offences,Status update unavailable,
d457a89fbfdb1ef519ed4dcefb69b4869258eaa91c80f092f37c26cb68151972,2019-05,Lancashire Constabulary,Lancashire Constabulary,-2.860289,54.073852,On or near Oxford Street,E01025139,Lancaster 006D,Violence and sexual offences,Status update unavailable,
52b93ded7f5225476886f8bb706f8d476f56d75626eebff83be77e7ed25bf290,2019-05,Lancashire Constabulary,Lancashire Constabulary,-2.859781,54.075149,On or near Baxtergate,E01025139,Lancaster 006D,Violence and sexual offences,Unable to prosecute suspect,
ff2f775cf49595ad6bcd02f7e65f240cca34f77cd8c0f818e909d554e8c604c0,2019-05,Lancashire Constabulary,Lancashire Constabulary,-2.867419,54.072812,On or near Marine Road Central,E01025139,Lancaster 006D,Violence and sexual offences,Unable to prosecute suspect,
c3c76eb219f6247bbefe1cd8847ab8e145043402a6d6750c0986a587e96e2036,2019-05,Lancashire Constabulary,Lancashire Constabulary,-2.866850,54.072609,On or near Back Crescent Street,E01025139,Lancaster 006D,Violence and sexual offences,Status update unavailable,
4c93996a38941d4d81953a169172bb24c73ed7e00135bb6760ae1ea4748817b3,2019-05,Lancashire Constabulary,Lancashire Constabulary,-2.872759,54.070904,On or near Parking Area,E01025139,Lancaster 006D,Violence and sexual offences,Status update unavailable,
848b20c6350692894e8c259210c6bf949eabda53fe815e59ea72801dc49b6d29,2019-05,Lancashire Constabulary,Lancashire Constabulary,-2.866850,54.072609,On or near Back Crescent Street,E01025139,Lancaster 006D,Violence and sexual offences,Status update unavailable,
8bb365261f05e3755d03d6d2b76740b769259088b1c988ccd28e49fea1207356,2019-05,Lancashire Constabulary,Lancashire Constabulary,-2.860629,54.071099,On or near Wellington Terrace,E01025139,Lancaster 006D,Other crime,Unable to prosecute suspect,
,2019-05,Lancashire Constabulary,Lancashire Constabulary,-2.858636,54.073738,On or near Poulton Square,E01025140,Lancaster 006E,Anti-social behaviour,,
,2019-05,Lancashire Constabulary,Lancashire Constabulary,-2.858636,54.073738,On or near Poulton Square,E01025140,Lancaster 006E,Anti-social behaviour,,
,2019-05,Lancashire Constabulary,Lancashire Constabulary,-2.858636,54.073738,On or near Poulton Square,E01025140,Lancaster 006E,Anti-social behaviour,,
,2019-05,Lancashire Constabulary,Lancashire Constabulary,-2.854287,54.074065,On or near Thornton Road,E01025140,Lancaster 006E,Anti-social behaviour,,
e1aba22608b24069050c3464dd35318626d06d1741bf1859854511d2e2fe0871,2019-05,Lancashire Constabulary,Lancashire Constabulary,-2.855118,54.075821,On or near Victoria Parade,E01025140,Lancaster 006E,Burglary,Status update unavailable,
bff9be4b51a6cb15a7200abd60b664f6f89ec1f7bb2e838cc7310af3d93f8161,2019-05,Lancashire Constabulary,Lancashire Constabulary,-2.858869,54.075435,On or near Parking Area,E01025140,Lancaster 006E,Burglary,Status update unavailable,
7016a23d755a0ffa924dac5a90e20eca9de36d2a9d02d6372dbbe7306d2e426a,2019-05,Lancashire Constabulary,Lancashire Constabulary,-2.856474,54.075613,On or near Hornby Terrace,E01025140,Lancaster 006E,Criminal damage and arson,Status update unavailable,
b96231c974b3f938d6709809d48052d3bbac38a888b10fa5c076dce063c6d21c,2019-05,Lancashire Constabulary,Lancashire Constabulary,-2.854014,54.071946,On or near Bellfield Road,E01025140,Lancaster 006E,Other theft,Status update unavailable,
8deecc450026f3c8ba14fac17fc64d31f6ff62f0b5af88112ddc40a4cc5a3a77,2019-05,Lancashire Constabulary,Lancashire Constabulary,-2.858636,54.073738,On or near Poulton Square,E01025140,Lancaster 006E,Public order,Further investigation is not in the public interest,
e05652d8d104d4ed070598e2c3093a0c69a73e7bef9f86782a38810a1b7525de,2019-05,Lancashire Constabulary,Lancashire Constabulary,-2.857654,54.073538,On or near Police Station,E01025140,Lancaster 006E,Violence and sexual offences,Status update unavailable,
328e8438c74b2cbc064813c135547a669eac9b9e9aa8e96983e3ffc3707e400b,2019-05,Lancashire Constabulary,Lancashire Constabulary,-2.853771,54.073521,On or near Arnside Crescent,E01025140,Lancaster 006E,Violence and sexual offences,Unable to prosecute suspect,
84d8a6da78ec516e6bd85e36af9be254e29c7b91d8d459fd78d28174e219815d,2019-05,Lancashire Constabulary,Lancashire Constabulary,-2.853771,54.073521,On or near Arnside Crescent,E01025140,Lancaster 006E,Violence and sexual offences,Awaiting court outcome,
4b2d51dd3c2792b44c2a5258e0308b30c9067f2659911fe446994174f351b006,2019-05,Lancashire Constabulary,Lancashire Constabulary,-2.854459,54.077237,On or near Marine Road East,E01025140,Lancaster 006E,Violence and sexual offences,Unable to prosecute suspect,
defdc149fdeaaa6ae9d66286d49cb24b2894a2e66a3931c788cd572e14ed990e,2019-05,Lancashire Constabulary,Lancashire Constabulary,-2.853573,54.072785,On or near Derwent Avenue,E01025140,Lancaster 006E,Violence and sexual offences,Status update unavailable,
d2786706a30652bc394e400d61c457a191c6310eedfcd50a42e0bec99151fe84,2019-05,Lancashire Constabulary,Lancashire Constabulary,-2.854858,54.072839,On or near Thornton Grove,E01025140,Lancaster 006E,Violence and sexual offences,Status update unavailable,
,2019-05,Lancashire Constabulary,Lancashire Constabulary,-2.862746,54.067794,On or near Schola Green Lane,E01025111,Lancaster 008A,Anti-social behaviour,,
,2019-05,Lancashire Constabulary,Lancashire Constabulary,-2.866229,54.068470,On or near Sanders Grove,E01025111,Lancaster 008A,Anti-social behaviour,,
185ef15e20ed7ed41f83ace4683e4bb8c35b9bc68a39cd686165131fecac291f,2019-05,Lancashire Constabulary,Lancashire Constabulary,-2.863424,54.069542,On or near Corringham Road,E01025111,Lancaster 008A,Bicycle theft,Status update unavailable,
85aba440a9645e74dc7da4bcc7362146aa68a88104361f75335da9792be1d491,2019-05,Lancashire Constabulary,Lancashire Constabulary,-2.860466,54.067631,On or near Pennine View,E01025111,Lancaster 008A,Burglary,Unable to prosecute suspect,
5e9c252c2b8af00548f0dd38749a29cdd6bb20d2619b89748efc24cbbe9acd06,2019-05,Lancashire Constabulary,Lancashire Constabulary,-2.864885,54.067069,On or near Essington Avenue,E01025111,Lancaster 008A,Burglary,Status update unavailable,
c3f08df10e4d2dba248bc6965994676217da75a011a59e910a1067e157f25035,2019-05,Lancashire Constabulary,Lancashire Constabulary,-2.863264,54.066982,On or near Hydeaway Court,E01025111,Lancaster 008A,Burglary,Status update unavailable,
d55ed48798ae66a4092232ba82b53afd8a28b242ce864ca7ea4cd36825dd54ea,2019-05,Lancashire Constabulary,Lancashire Constabulary,-2.860466,54.067631,On or near Pennine View,E01025111,Lancaster 008A,Criminal damage and arson,Unable to prosecute suspect,
126378b88b846702dcd50000db604ea692ed6dac9785554056b65e55aa03c75a,2019-05,Lancashire Constabulary,Lancashire Constabulary,-2.862213,54.065668,On or near Hestham Crescent,E01025111,Lancaster 008A,Criminal damage and arson,Unable to prosecute suspect,
eb3e387cd5c35c796558af5c0e82a5ee05397fab30c7775f4e85017dc97abdfb,2019-05,Lancashire Constabulary,Lancashire Constabulary,-2.867526,54.066933,On or near Woodhill Lane,E01025111,Lancaster 008A,Public order,Status update unavailable,
6761ca868096a4afbda461e813b4d050d56d2b73577a41559618f89527ebd137,2019-05,Lancashire Constabulary,Lancashire Constabulary,-2.860466,54.067631,On or near Pennine View,E01025111,Lancaster 008A,Violence and sexual offences,Status update unavailable,
7bc84314588f5b5b02b4d171c20b7e26f45f82126a3315f5499fb1b6a3c335cb,2019-05,Lancashire Constabulary,Lancashire Constabulary,-2.860466,54.067631,On or near Pennine View,E01025111,Lancaster 008A,Violence and sexual offences,Status update unavailable,
,2019-05,Lancashire Constabulary,Lancashire Constabulary,-2.869290,54.062157,On or near Fairbank Grove,E01025113,Lancaster 008B,Anti-social behaviour,,
,2019-05,Lancashire Constabulary,Lancashire Constabulary,-2.869290,54.062157,On or near Fairbank Grove,E01025113,Lancaster 008B,Anti-social behaviour,,
,2019-05,Lancashire Constabulary,Lancashire Constabulary,-2.870680,54.065769,On or near Windsor Grove,E01025113,Lancaster 008B,Anti-social behaviour,,
,2019-05,Lancashire Constabulary,Lancashire Constabulary,-2.869290,54.062157,On or near Fairbank Grove,E01025113,Lancaster 008B,Anti-social behaviour,,
,2019-05,Lancashire Constabulary,Lancashire Constabulary,-2.869290,54.062157,On or near Fairbank Grove,E01025113,Lancaster 008B,Anti-social behaviour,,
,2019-05,Lancashire Constabulary,Lancashire Constabulary,-2.872456,54.060848,On or near Buckingham Place,E01025113,Lancaster 008B,Anti-social behaviour,,
,2019-05,Lancashire Constabulary,Lancashire Constabulary,-2.869290,54.062157,On or near Fairbank Grove,E01025113,Lancaster 008B,Anti-social behaviour,,
,2019-05,Lancashire Constabulary,Lancashire Constabulary,-2.873315,54.065354,On or near Regent Park Grove,E01025113,Lancaster 008B,Anti-social behaviour,,
,2019-05,Lancashire Constabulary,Lancashire Constabulary,-2.869290,54.062157,On or near Fairbank Grove,E01025113,Lancaster 008B,Anti-social behaviour,,
,2019-05,Lancashire Constabulary,Lancashire Constabulary,-2.874487,54.062236,On or near Windsor Road,E01025113,Lancaster 008B,Anti-social behaviour,,
90e224ca49bef7186f79b23afbeac9fbcec3a62f904477289d0335776a69c114,2019-05,Lancashire Constabulary,Lancashire Constabulary,-2.872456,54.060848,On or near Buckingham Place,E01025113,Lancaster 008B,Criminal damage and arson,Status update unavailable,
c16d592a1e9e118a742ea07eebf1d196c8ded711e344bb62e15ce9a87741e5c3,2019-05,Lancashire Constabulary,Lancashire Constabulary,-2.872456,54.060848,On or near Buckingham Place,E01025113,Lancaster 008B,Public order,Status update unavailable,
a166bfc84543060e55cc3d321076eee66e891b818d840c91049e5462e76371b1,2019-05,Lancashire Constabulary,Lancashire Constabulary,-2.868053,54.064350,On or near Osborne Grove,E01025113,Lancaster 008B,Public order,Status update unavailable,
b40eadde96f39dd1bc2478a0e60410e558977b90de612a0a1f48c652c13d869b,2019-05,Lancashire Constabulary,Lancashire Constabulary,-2.873315,54.065354,On or near Regent Park Grove,E01025113,Lancaster 008B,Vehicle crime,Status update unavailable,
2b9320262c8d1640d88104ab1af60758451786aba5c5e53f5e8a3b978aea2bd3,2019-05,Lancashire Constabulary,Lancashire Constabulary,-2.872456,54.060848,On or near Buckingham Place,E01025113,Lancaster 008B,Vehicle crime,Status update unavailable,
7a3da1c68a55118a6e5c544656ecd5dffd609fe159261350569c8ec6edcbe1b3,2019-05,Lancashire Constabulary,Lancashire Constabulary,-2.873720,54.064308,On or near Lake Avenue,E01025113,Lancaster 008B,Vehicle crime,Status update unavailable,
541316c7038b2e85fef927a243e5c3ad0328ee41f04dae1a7efc77ddadca2bd9,2019-05,Lancashire Constabulary,Lancashire Constabulary,-2.873720,54.064308,On or near Lake Avenue,E01025113,Lancaster 008B,Vehicle crime,Status update unavailable,
a5c65bc0569b573d5f7b97a897816cc582025a0a9e6fbe4784f0e4976359f333,2019-05,Lancashire Constabulary,Lancashire Constabulary,-2.873720,54.064308,On or near Lake Avenue,E01025113,Lancaster 008B,Vehicle crime,Status update unavailable,
2320cf5c9247de005092939a1486472611891eae20782cd5dbee77c2dfc7df41,2019-05,Lancashire Constabulary,Lancashire Constabulary,-2.868936,54.062725,On or near Needham Rise,E01025113,Lancaster 008B,Vehicle crime,Status update unavailable,
9a1bd9a286afdbf37a7b2a25bcc661ac5c182b0053c9111d5bfb018dfd2c0f00,2019-05,Lancashire Constabulary,Lancashire Constabulary,-2.873041,54.063954,On or near Scott Avenue,E01025113,Lancaster 008B,Vehicle crime,Status update unavailable,
9f83d6a91e395fcba756f31bcb49caa0c0ea0f15a77e5fbc4731f384ccf0dc76,2019-05,Lancashire Constabulary,Lancashire Constabulary,-2.873315,54.065354,On or near Regent Park Grove,E01025113,Lancaster 008B,Vehicle crime,Status update unavailable,
80a38751381558515b8c1df764a45eb7f71d005c96ef8bba2cbe235b8a8d4a96,2019-05,Lancashire Constabulary,Lancashire Constabulary,-2.870680,54.065769,On or near Windsor Grove,E01025113,Lancaster 008B,Vehicle crime,Status update unavailable,
de6deb5b2b79467caf2de6ebc410f3c715292aae5f376644d630b7146a47b20b,2019-05,Lancashire Constabulary,Lancashire Constabulary,-2.872456,54.060848,On or near Buckingham Place,E01025113,Lancaster 008B,Violence and sexual offences,Status update unavailable,
f54cca2d9d57606db83bc11e5c28cdce57e267918ee9aa50b80ce4f8fa9ae282,2019-05,Lancashire Constabulary,Lancashire Constabulary,-2.871272,54.061962,On or near Bellamy Avenue,E01025113,Lancaster 008B,Violence and sexual offences,Unable to prosecute suspect,
7f6ade2f319d3c8c13e11ca20f7f67937c2b4b529eef59afac56eb2a166e3acb,2019-05,Lancashire Constabulary,Lancashire Constabulary,-2.867130,54.063341,On or near Needham Avenue,E01025113,Lancaster 008B,Violence and sexual offences,Status update unavailable,
611c9cb941e984511a7eee5e3d4ae7a9debff235a2df6cc44feb3c912a82dcd3,2019-05,Lancashire Constabulary,Lancashire Constabulary,-2.873041,54.063954,On or near Scott Avenue,E01025113,Lancaster 008B,Violence and sexual offences,Status update unavailable,
,2019-05,Lancashire Constabulary,Lancashire Constabulary,-2.873549,54.060499,On or near Buckingham Grove,E01025118,Lancaster 008C,Anti-social behaviour,,
,2019-05,Lancashire Constabulary,Lancashire Constabulary,-2.873549,54.060499,On or near Buckingham Grove,E01025118,Lancaster 008C,Anti-social behaviour,,
,2019-05,Lancashire Constabulary,Lancashire Constabulary,-2.880390,54.062534,On or near Back Avondale Road (East),E01025118,Lancaster 008C,Anti-social behaviour,,
,2019-05,Lancashire Constabulary,Lancashire Constabulary,-2.880390,54.062534,On or near Back Avondale Road (East),E01025118,Lancaster 008C,Anti-social behaviour,,
,2019-05,Lancashire Constabulary,Lancashire Constabulary,-2.880390,54.062534,On or near Back Avondale Road (East),E01025118,Lancaster 008C,Anti-social behaviour,,
71773bd1f2ab5d4cd1f3cf81feb7adc02a1ed90613a0f660d91bd0a32c6017ea,2019-05,Lancashire Constabulary,Lancashire Constabulary,-2.879250,54.059190,On or near Manor Grove,E01025118,Lancaster 008C,Criminal damage and arson,Further investigation is not in the public interest,
a83418c35864d8451ae93f086c7b0ea9cb78ae9c375c8f122885f6c58e4aa8e5,2019-05,Lancashire Constabulary,Lancashire Constabulary,-2.880390,54.062534,On or near Back Avondale Road (East),E01025118,Lancaster 008C,Criminal damage and arson,Unable to prosecute suspect,
22f6a4e0f1bcb0fbd97edc297496b5fd124271d3ef3ace8acd7edba78f256d01,2019-05,Lancashire Constabulary,Lancashire Constabulary,-2.873549,54.060499,On or near Buckingham Grove,E01025118,Lancaster 008C,Other theft,Status update unavailable,
8f83d4ac80357f1ad012712e63be611093d99929b70fce2ee44fc7c88b0b664e,2019-05,Lancashire Constabulary,Lancashire Constabulary,-2.879067,54.062076,On or near Clevelands Walk,E01025118,Lancaster 008C,Public order,Status update unavailable,
35f0403386d14d28f47e785c8bae594b8d2e297e77d00ef02da812177cf3010c,2019-05,Lancashire Constabulary,Lancashire Constabulary,-2.881668,54.062246,On or near Westminster Mews,E01025118,Lancaster 008C,Vehicle crime,Status update unavailable,
27723fff6e3ccbf8df69caf3b6d553915e209398b16b7af7715fb83663de9c0b,2019-05,Lancashire Constabulary,Lancashire Constabulary,-2.880390,54.062534,On or near Back Avondale Road (East),E01025118,Lancaster 008C,Violence and sexual offences,Awaiting court outcome,
,2019-05,Lancashire Constabulary,Lancashire Constabulary,-2.883191,54.054128,On or near Burnham Court,E01025119,Lancaster 008D,Anti-social behaviour,,
,2019-05,Lancashire Constabulary,Lancashire Constabulary,-2.884376,54.060995,On or near Hampton Road,E01025119,Lancaster 008D,Anti-social behaviour,,
,2019-05,Lancashire Constabulary,Lancashire Constabulary,-2.885601,54.061103,On or near Halden Road,E01025119,Lancaster 008D,Anti-social behaviour,,
,2019-05,Lancashire Constabulary,Lancashire Constabulary,-2.882347,54.058242,On or near Lordsome Road,E01025119,Lancaster 008D,Anti-social behaviour,,
622bdcc78e503b01c86ac0a54307be7c9dc98119e92f916a511c4df796795ab9,2019-05,Lancashire Constabulary,Lancashire Constabulary,-2.885601,54.061103,On or near Halden Road,E01025119,Lancaster 008D,Burglary,Status update unavailable,
3d69b1e48e00221705b04ae895c2e3cba34139954475b0c25b3c29158ab70d99,2019-05,Lancashire Constabulary,Lancashire Constabulary,-2.883191,54.054128,On or near Burnham Court,E01025119,Lancaster 008D,Criminal damage and arson,Status update unavailable,
4e636df1aac6a46d55092e2d8cab11dc99ce9eb4b42555880eead44accb27a16,2019-05,Lancashire Constabulary,Lancashire Constabulary,-2.884099,54.060170,On or near Moorlands Grove,E01025119,Lancaster 008D,Criminal damage and arson,Unable to prosecute suspect,
28b18aaa536d8645d27c8e51a296913400480df7fce4419ef72fe08711c3a315,2019-05,Lancashire Constabulary,Lancashire Constabulary,-2.882252,54.060256,On or near King'S Crescent,E01025119,Lancaster 008D,Other theft,Status update unavailable,
846426532ca93aeb5a498541bfef51fe1323e5eb6b11bf94da99ee5d3ffc45c5,2019-05,Lancashire Constabulary,Lancashire Constabulary,-2.885601,54.061103,On or near Halden Road,E01025119,Lancaster 008D,Shoplifting,Status update unavailable,
7cca559e546296b8e15c907b69df639afebf8fbbadac9992a87866b46e660cf8,2019-05,Lancashire Constabulary,Lancashire Constabulary,-2.885601,54.061103,On or near Halden Road,E01025119,Lancaster 008D,Shoplifting,Status update unavailable,
c777b14b694a4ed6a237b5432c39a3ad1b2a132076de70b220b2fbe467707f88,2019-05,Lancashire Constabulary,Lancashire Constabulary,-2.879788,54.060058,On or near Myrtle Grove,E01025119,Lancaster 008D,Violence and sexual offences,Action to be taken by another organisation,
886d344afb24ae02a022b12f4669905021e1317d77b3519f1a6410757697c1b0,2019-05,Lancashire Constabulary,Lancashire Constabulary,-2.882252,54.060256,On or near King'S Crescent,E01025119,Lancaster 008D,Violence and sexual offences,Local resolution,
2402b030287daa92299598c630c7d6ec76062551b7acc5928c035019b7e86a15,2019-05,Lancashire Constabulary,Lancashire Constabulary,-2.884099,54.060170,On or near Moorlands Grove,E01025119,Lancaster 008D,Violence and sexual offences,Unable to prosecute suspect,
5f466a203e2f6fed7e3ef43b7e74663eb24a6f14a416d2260b0341619fe4e2d9,2019-05,Lancashire Constabulary,Lancashire Constabulary,-2.883191,54.054128,On or near Burnham Court,E01025119,Lancaster 008D,Violence and sexual offences,Unable to prosecute suspect,
e15776f31303971297bddbf29dc034eff6453df2224dc8f18545190fb48e7ce6,2019-05,Lancashire Constabulary,Lancashire Constabulary,-2.879788,54.060058,On or near Myrtle Grove,E01025119,Lancaster 008D,Violence and sexual offences,Status update unavailable,
796033b96707fbce9bc52a2c9a4ec09514ce98d2d7c046c94f0781caa2a5c6a3,2019-05,Lancashire Constabulary,Lancashire Constabulary,-2.883191,54.054128,On or near Burnham Court,E01025119,Lancaster 008D,Violence and sexual offences,Status update unavailable,
ab5376f6ebb8be86f13d38fe21b1ecc7b02788aa32d34fa646fede58c2b6f68a,2019-05,Lancashire Constabulary,Lancashire Constabulary,-2.882347,54.058242,On or near Lordsome Road,E01025119,Lancaster 008D,Violence and sexual offences,Status update unavailable,
b8881b5cf823e956f83b31191936d4c83a2a531cfe0dcfde47e227c08db0fc16,2019-05,Lancashire Constabulary,Lancashire Constabulary,-2.883191,54.054128,On or near Burnham Court,E01025119,Lancaster 008D,Violence and sexual offences,Unable to prosecute suspect,
651637012def6ed822ddbd8b2f1a1881e0f4c6c9e644e9a58b124d8d7676217a,2019-05,Lancashire Constabulary,Lancashire Constabulary,-2.882252,54.060256,On or near King'S Crescent,E01025119,Lancaster 008D,Other crime,Status update unavailable,
,2019-05,Lancashire Constabulary,Lancashire Constabulary,-2.875037,54.064407,On or near Albert Road,E01025110,Lancaster 009A,Anti-social behaviour,,
,2019-05,Lancashire Constabulary,Lancashire Constabulary,-2.876754,54.063963,On or near Balmoral Road,E01025110,Lancaster 009A,Anti-social behaviour,,
,2019-05,Lancashire Constabulary,Lancashire Constabulary,-2.875037,54.064407,On or near Albert Road,E01025110,Lancaster 009A,Anti-social behaviour,,
,2019-05,Lancashire Constabulary,Lancashire Constabulary,-2.878728,54.067022,On or near Back Marine Road,E01025110,Lancaster 009A,Anti-social behaviour,,
,2019-05,Lancashire Constabulary,Lancashire Constabulary,-2.878682,54.064830,On or near Supermarket,E01025110,Lancaster 009A,Anti-social behaviour,,
,2019-05,Lancashire Constabulary,Lancashire Constabulary,-2.879908,54.065710,On or near Regent Road,E01025110,Lancaster 009A,Anti-social behaviour,,
,2019-05,Lancashire Constabulary,Lancashire Constabulary,-2.876982,54.067565,On or near Back West End Road North,E01025110,Lancaster 009A,Anti-social behaviour,,
,2019-05,Lancashire Constabulary,Lancashire Constabulary,-2.876754,54.063963,On or near Balmoral Road,E01025110,Lancaster 009A,Anti-social behaviour,,
,2019-05,Lancashire Constabulary,Lancashire Constabulary,-2.876982,54.067565,On or near Back West End Road North,E01025110,Lancaster 009A,Anti-social behaviour,,
,2019-05,Lancashire Constabulary,Lancashire Constabulary,-2.876879,54.064834,On or near Chatsworth Road,E01025110,Lancaster 009A,Anti-social behaviour,,
,2019-05,Lancashire Constabulary,Lancashire Constabulary,-2.880022,54.066069,On or near Nightclub,E01025110,Lancaster 009A,Anti-social behaviour,,
,2019-05,Lancashire Constabulary,Lancashire Constabulary,-2.879597,54.066180,On or near Yorkshire Street East,E01025110,Lancaster 009A,Anti-social behaviour,,
,2019-05,Lancashire Constabulary,Lancashire Constabulary,-2.877577,54.066069,On or near Clarendon Road East,E01025110,Lancaster 009A,Anti-social behaviour,,
418e1a41c3499f71aaeb389d7d4992cad3b00cbde64746f5751908e2d6b9c1cf,2019-05,Lancashire Constabulary,Lancashire Constabulary,-2.876879,54.064834,On or near Chatsworth Road,E01025110,Lancaster 009A,Burglary,Status update unavailable,
ad00a9c1b6910083c06b7b7ebd50825039a16dd358cbfdc1a664b46e562895b1,2019-05,Lancashire Constabulary,Lancashire Constabulary,-2.876754,54.063963,On or near Balmoral Road,E01025110,Lancaster 009A,Criminal damage and arson,Status update unavailable,
8b4d19920a86831d60745652049b897fe2dc2ae3e3d9498e4a7d5d4d9a91883a,2019-05,Lancashire Constabulary,Lancashire Constabulary,-2.876754,54.063963,On or near Balmoral Road,E01025110,Lancaster 009A,Criminal damage and arson,Awaiting court outcome,
8249f9620e3d907b1715e4b4b895411f8060675bcb33e176103ed7e7f2c4e646,2019-05,Lancashire Constabulary,Lancashire Constabulary,-2.876754,54.063963,On or near Balmoral Road,E01025110,Lancaster 009A,Criminal damage and arson,Status update unavailable,
eaf7d574cddcdca5149c738e881f958112756de8eea1466c89c0e63536c3d36f,2019-05,Lancashire Constabulary,Lancashire Constabulary,-2.881210,54.065153,On or near Yorkshire Street West,E01025110,Lancaster 009A,Criminal damage and arson,Status update unavailable,
48455b7ecd18ee649890f063ad5d3898b894b145e61c954f893209d88cd39223,2019-05,Lancashire Constabulary,Lancashire Constabulary,-2.876754,54.063963,On or near Balmoral Road,E01025110,Lancaster 009A,Criminal damage and arson,Status update unavailable,
191d0af10068f5473e15015f1f6b1436b77cbc1da5c7cb1f72f186e2cec9a710,2019-05,Lancashire Constabulary,Lancashire Constabulary,-2.878682,54.064830,On or near Supermarket,E01025110,Lancaster 009A,Other theft,Unable to prosecute suspect,
adec684fb189c86eeae8eca833d57a4d77a49dc5f18d66a5676729c6e2c8a634,2019-05,Lancashire Constabulary,Lancashire Constabulary,-2.878682,54.064830,On or near Supermarket,E01025110,Lancaster 009A,Other theft,Status update unavailable,
3aa5056c71adfee57202d9a798ba5d22ce6e8418b9fea7ce548501f4f2c5f44a,2019-05,Lancashire Constabulary,Lancashire Constabulary,-2.879908,54.065710,On or near Regent Road,E01025110,Lancaster 009A,Other theft,Unable to prosecute suspect,
4c132984252be0b7696ce70334c3eebcfe3f8dd8be0a047a9e2f53fccbd3156a,2019-05,Lancashire Constabulary,Lancashire Constabulary,-2.878682,54.064830,On or near Supermarket,E01025110,Lancaster 009A,Shoplifting,Awaiting court outcome,
9c0afc77077e3a3cec33fcd17dcfd4f73246f812e745bb301bd08751edc232f6,2019-05,Lancashire Constabulary,Lancashire Constabulary,-2.878682,54.064830,On or near Supermarket,E01025110,Lancaster 009A,Shoplifting,Status update unavailable,
df7a75d4d484cffd71292f55035030d125f659ace6a88bfbb7ea5ce8adfaade1,2019-05,Lancashire Constabulary,Lancashire Constabulary,-2.878682,54.064830,On or near Supermarket,E01025110,Lancaster 009A,Shoplifting,Status update unavailable,
437803425e9cb635eeaad02add81e36fe24ac48af4f6a75993bbc8c19b33bfe2,2019-05,Lancashire Constabulary,Lancashire Constabulary,-2.876754,54.063963,On or near Balmoral Road,E01025110,Lancaster 009A,Vehicle crime,Status update unavailable,
895740de61b2158d020d7dd22a379e2d882a1b3acd0c588ece9c0bfdec69091f,2019-05,Lancashire Constabulary,Lancashire Constabulary,-2.878728,54.067022,On or near Back Marine Road,E01025110,Lancaster 009A,Vehicle crime,Status update unavailable,
15fe8528fa21896296efaccdd19abbe83c459327df23fbab6bb4ac51fae05828,2019-05,Lancashire Constabulary,Lancashire Constabulary,-2.879602,54.066441,On or near Springfield Street,E01025110,Lancaster 009A,Vehicle crime,Status update unavailable,
509bc18d082d28973300293facff70cbe201cfc62be6ea8601eb1c7f945b50c3,2019-05,Lancashire Constabulary,Lancashire Constabulary,-2.877577,54.066069,On or near Clarendon Road East,E01025110,Lancaster 009A,Vehicle crime,Status update unavailable,
aaae4dd6e82b9e1c02356efaa118676ba4f745a54e8f928647bb37b1809c353b,2019-05,Lancashire Constabulary,Lancashire Constabulary,-2.879118,54.065923,On or near Claremont Road,E01025110,Lancaster 009A,Violence and sexual offences,Unable to prosecute suspect,
c0fc29211f4afb9fbcf4d532a545cfe03a3ee9e2726d62c31eae9611547a924b,2019-05,Lancashire Constabulary,Lancashire Constabulary,-2.877577,54.066069,On or near Clarendon Road East,E01025110,Lancaster 009A,Violence and sexual offences,Status update unavailable,
5d9aab8f2bd54f191e936bd6b6dfe070c6e76c025e92dbd2c183ccde3cd41b50,2019-05,Lancashire Constabulary,Lancashire Constabulary,-2.878682,54.064830,On or near Supermarket,E01025110,Lancaster 009A,Violence and sexual offences,Status update unavailable,
cbebf813fe8a7d18b8144f450680b1e5b92c2322a43b950710e709b5213e16e2,2019-05,Lancashire Constabulary,Lancashire Constabulary,-2.879602,54.066441,On or near Springfield Street,E01025110,Lancaster 009A,Violence and sexual offences,Status update unavailable,
5e7793ec94a53ae109da0ba66c8520be2bf67269e74829f6b7bc82137c769279,2019-05,Lancashire Constabulary,Lancashire Constabulary,-2.879602,54.066441,On or near Springfield Street,E01025110,Lancaster 009A,Violence and sexual offences,Unable to prosecute suspect,
abdd438e3b62b21bb21a565758dcfa539fc66e29bc1d5b136cf214fb6cbbbd43,2019-05,Lancashire Constabulary,Lancashire Constabulary,-2.879908,54.065710,On or near Regent Road,E01025110,Lancaster 009A,Violence and sexual offences,Status update unavailable,
f2228137ac7ed225a886236214c53f023d4376f6d9b57ba7d0042fcedb15c203,2019-05,Lancashire Constabulary,Lancashire Constabulary,-2.876879,54.064834,On or near Chatsworth Road,E01025110,Lancaster 009A,Violence and sexual offences,Unable to prosecute suspect,
009979c93c533a15344fc8ee6f2133dcce441235e09bedf93591c18aa3c668db,2019-05,Lancashire Constabulary,Lancashire Constabulary,-2.878728,54.067022,On or near Back Marine Road,E01025110,Lancaster 009A,Violence and sexual offences,Status update unavailable,
7a6891f9374127bee117b84d9299c3f79e66c1ec3f59080301a8f277d9bf3cc5,2019-05,Lancashire Constabulary,Lancashire Constabulary,-2.876754,54.063963,On or near Balmoral Road,E01025110,Lancaster 009A,Violence and sexual offences,Status update unavailable,
463f3a18cd8e1a3e510caf72bbb1bdbdb0f4827be7eb9d0d42d40c3d27460c6b,2019-05,Lancashire Constabulary,Lancashire Constabulary,-2.879597,54.066180,On or near Yorkshire Street East,E01025110,Lancaster 009A,Violence and sexual offences,Awaiting court outcome,
6141f18ef3decbaa9da1c0748e14af55b3cd8218d9f8f4172aa33c485c9aca2d,2019-05,Lancashire Constabulary,Lancashire Constabulary,-2.879597,54.066180,On or near Yorkshire Street East,E01025110,Lancaster 009A,Violence and sexual offences,Status update unavailable,
97b4b61f1c37927cca035dc73111ae28d4b4af7d123b742c34cb034b942c3d4e,2019-05,Lancashire Constabulary,Lancashire Constabulary,-2.880468,54.064754,On or near East Street,E01025110,Lancaster 009A,Violence and sexual offences,Status update unavailable,
3a8825ae797a11bb7477c3ac1f0758b798a4554025f072ebc4c818bb68c0bc39,2019-05,Lancashire Constabulary,Lancashire Constabulary,-2.876754,54.063963,On or near Balmoral Road,E01025110,Lancaster 009A,Violence and sexual offences,Status update unavailable,
,2019-05,Lancashire Constabulary,Lancashire Constabulary,-2.891075,54.059184,On or near Rydal Road,E01025116,Lancaster 009B,Anti-social behaviour,,
,2019-05,Lancashire Constabulary,Lancashire Constabulary,-2.887069,54.056149,On or near Norton Drive,E01025116,Lancaster 009B,Anti-social behaviour,,
3b5f34a50d19332a1a003f5d4daa71547f58061c6642183310dea7a14a9c2d2a,2019-05,Lancashire Constabulary,Lancashire Constabulary,-2.889009,54.059720,On or near Dalton Road,E01025116,Lancaster 009B,Criminal damage and arson,Unable to prosecute suspect,
82c60bee021252076fa24d80e077ae36015d6ec8dffe459a0bf427f567039f5b,2019-05,Lancashire Constabulary,Lancashire Constabulary,-2.889009,54.059720,On or near Dalton Road,E01025116,Lancaster 009B,Violence and sexual offences,Status update unavailable,
8b00d2f3eee83b09e7db48458ae66ca8091bb060e2d620fd5131085df70de450,2019-05,Lancashire Constabulary,Lancashire Constabulary,-2.890926,54.059356,On or near Rydal Grove,E01025116,Lancaster 009B,Violence and sexual offences,Unable to prosecute suspect,
ec930f4387cb5ba4f99d0a3bbb37c22c13af65a26bbd3197bd505a4b2042c758,2019-05,Lancashire Constabulary,Lancashire Constabulary,-2.889009,54.059720,On or near Dalton Road,E01025116,Lancaster 009B,Violence and sexual offences,Status update unavailable,
53f5f510d2b1a2b7955f29d773334a428f0feb98fc9e84f1c62cbd822fb9c193,2019-05,Lancashire Constabulary,Lancashire Constabulary,-2.891075,54.059184,On or near Rydal Road,E01025116,Lancaster 009B,Violence and sexual offences,Unable to prosecute suspect,
9656e304ad2539bc1edd68460ace1cdcdddd2938919e3ee0a8beaeba77068c6a,2019-05,Lancashire Constabulary,Lancashire Constabulary,-2.886399,54.059875,On or near Westminster Road,E01025116,Lancaster 009B,Violence and sexual offences,Unable to prosecute suspect,
baecbd15ef6aecf6dd496771acb8c5002745c03b36eda50149778622690215b7,2019-05,Lancashire Constabulary,Lancashire Constabulary,-2.890926,54.059356,On or near Rydal Grove,E01025116,Lancaster 009B,Violence and sexual offences,Unable to prosecute suspect,
1767595b14bd64d327fc9db3ff62d900337e1dd3e8adf5969aaf9b072e2b742e,2019-05,Lancashire Constabulary,Lancashire Constabulary,-2.886399,54.059875,On or near Westminster Road,E01025116,Lancaster 009B,Violence and sexual offences,Status update unavailable,
2bbfe3c8e894607bdb06c8befbca0f0384c88c2cd338607f95ce79bb388e8528,2019-05,Lancashire Constabulary,Lancashire Constabulary,-2.891085,54.060388,On or near Sandylands Promenade,E01025116,Lancaster 009B,Violence and sexual offences,Status update unavailable,
fe0365960f62e80ea1867e550370d42a05d30a1a96e3c910776639477c626812,2019-05,Lancashire Constabulary,Lancashire Constabulary,-2.890926,54.059356,On or near Rydal Grove,E01025116,Lancaster 009B,Violence and sexual offences,Unable to prosecute suspect,
,2019-05,Lancashire Constabulary,Lancashire Constabulary,-2.880170,54.064396,On or near Clarendon Road West,E01025117,Lancaster 009C,Anti-social behaviour,,
,2019-05,Lancashire Constabulary,Lancashire Constabulary,-2.882156,54.064391,On or near West Street,E01025117,Lancaster 009C,Anti-social behaviour,,
,2019-05,Lancashire Constabulary,Lancashire Constabulary,-2.881645,54.063325,On or near Grafton Road,E01025117,Lancaster 009C,Anti-social behaviour,,
,2019-05,Lancashire Constabulary,Lancashire Constabulary,-2.881645,54.063325,On or near Grafton Road,E01025117,Lancaster 009C,Anti-social behaviour,,
,2019-05,Lancashire Constabulary,Lancashire Constabulary,-2.886017,54.064156,On or near Supermarket,E01025117,Lancaster 009C,Anti-social behaviour,,
,2019-05,Lancashire Constabulary,Lancashire Constabulary,-2.885076,54.064432,On or near Back Winterdyne Terrace,E01025117,Lancaster 009C,Anti-social behaviour,,
,2019-05,Lancashire Constabulary,Lancashire Constabulary,-2.882156,54.064391,On or near West Street,E01025117,Lancaster 009C,Anti-social behaviour,,
,2019-05,Lancashire Constabulary,Lancashire Constabulary,-2.881645,54.063325,On or near Grafton Road,E01025117,Lancaster 009C,Anti-social behaviour,,
,2019-05,Lancashire Constabulary,Lancashire Constabulary,-2.881645,54.063325,On or near Grafton Road,E01025117,Lancaster 009C,Anti-social behaviour,,
,2019-05,Lancashire Constabulary,Lancashire Constabulary,-2.880170,54.064396,On or near Clarendon Road West,E01025117,Lancaster 009C,Anti-social behaviour,,
,2019-05,Lancashire Constabulary,Lancashire Constabulary,-2.883436,54.064229,On or near Marlborough Road,E01025117,Lancaster 009C,Anti-social behaviour,,
,2019-05,Lancashire Constabulary,Lancashire Constabulary,-2.882532,54.063363,On or near Cambridge Road,E01025117,Lancaster 009C,Anti-social behaviour,,
,2019-05,Lancashire Constabulary,Lancashire Constabulary,-2.884191,54.064502,On or near Back Winterdyne Terrace,E01025117,Lancaster 009C,Anti-social behaviour,,
e5ab244f85eb53b5ae2c4eafee579c95370f0a35c4750790bb2b5675f5543506,2019-05,Lancashire Constabulary,Lancashire Constabulary,-2.885545,54.063521,On or near Cavendish Road,E01025117,Lancaster 009C,Burglary,Status update unavailable,
f789c1d3f126d2cf7dfb83ce96bfd5d61b63382eba3a0c366adc5d58ec2bffd2,2019-05,Lancashire Constabulary,Lancashire Constabulary,-2.886017,54.064156,On or near Supermarket,E01025117,Lancaster 009C,Burglary,Status update unavailable,
62fa1f744fa8373098cefa2716e5de086ca895e1183164425c4d138bb5147d0d,2019-05,Lancashire Constabulary,Lancashire Constabulary,-2.882788,54.063919,On or near Brunswick Road,E01025117,Lancaster 009C,Criminal damage and arson,Status update unavailable,
d0cd68ec19cda52996d2484bd633fa1f2f80e294d788e84895e5cd272d0d8a21,2019-05,Lancashire Constabulary,Lancashire Constabulary,-2.882788,54.063919,On or near Brunswick Road,E01025117,Lancaster 009C,Criminal damage and arson,Status update unavailable,
3ce55b4e7c556180120edd849f652cb95955ea62a44d49aba2d56fe175266667,2019-05,Lancashire Constabulary,Lancashire Constabulary,-2.880958,54.064813,On or near Parliament Street,E01025117,Lancaster 009C,Criminal damage and arson,Status update unavailable,
4964995ed9e6e40a5364e86468a340eb1d464f89246177d81e81a2d9819c24f5,2019-05,Lancashire Constabulary,Lancashire Constabulary,-2.883436,54.064229,On or near Marlborough Road,E01025117,Lancaster 009C,Criminal damage and arson,Status update unavailable,
d003b99435fe6b60f7e88d5a7c5dbb152a66d175aeaa463f5fb1dcf8b79b2470,2019-05,Lancashire Constabulary,Lancashire Constabulary,-2.884751,54.064246,On or near Bold Street,E01025117,Lancaster 009C,Drugs,Status update unavailable,
bceaa6ffdda3d3f0f76ae77758f21c6b6af3163084e468b3d89b42b18c4333d4,2019-05,Lancashire Constabulary,Lancashire Constabulary,-2.880958,54.064813,On or near Parliament Street,E01025117,Lancaster 009C,Drugs,Status update unavailable,
66741c011d91d83ec62b97d0c5732c1cbe1b91c2a626ae177a93469bf34d922d,2019-05,Lancashire Constabulary,Lancashire Constabulary,-2.884751,54.064246,On or near Bold Street,E01025117,Lancaster 009C,Other theft,Status update unavailable,
28eb36c8136fdab2f1b7825021c36a84c9730c4813a52e989b27cd30f11d0fc4,2019-05,Lancashire Constabulary,Lancashire Constabulary,-2.882156,54.064391,On or near West Street,E01025117,Lancaster 009C,Other theft,Status update unavailable,
bdcb4f180b077f9fde37517cfad414d751de32d32c600bdf799a5a41b6828aa3,2019-05,Lancashire Constabulary,Lancashire Constabulary,-2.881645,54.063325,On or near Grafton Road,E01025117,Lancaster 009C,Possession of weapons,Further investigation is not in the public interest,
bea670b602965a075daf604d985a5cd081ff6b4a05b5f6f76821e24481b69a3a,2019-05,Lancashire Constabulary,Lancashire Constabulary,-2.880170,54.064396,On or near Clarendon Road West,E01025117,Lancaster 009C,Public order,Status update unavailable,
70138075e16037da47a3fdb9f077732124264cc5463c21f468af0e1a12a19950,2019-05,Lancashire Constabulary,Lancashire Constabulary,-2.880958,54.064813,On or near Parliament Street,E01025117,Lancaster 009C,Public order,Status update unavailable,
a4052c24852dd03e0286d53a925ff9dd9297d89d4632bb1e703e25d61e92170a,2019-05,Lancashire Constabulary,Lancashire Constabulary,-2.880170,54.064396,On or near Clarendon Road West,E01025117,Lancaster 009C,Public order,Status update unavailable,
f0d9af7f7a0acb3128ec4942870a59aedb2c3ad9004781926204a067f20f61b0,2019-05,Lancashire Constabulary,Lancashire Constabulary,-2.882156,54.064391,On or near West Street,E01025117,Lancaster 009C,Theft from the person,Status update unavailable,
9347c9d50c0ab533f18444fc34a891ceb3668e989722655fb37ff9b5e7d9431b,2019-05,Lancashire Constabulary,Lancashire Constabulary,-2.884191,54.064502,On or near Back Winterdyne Terrace,E01025117,Lancaster 009C,Vehicle crime,Status update unavailable,
17af804ae60450f41cc03b8eb74ec5ed8c64cabecef5b6b81a187ca7f20b58a7,2019-05,Lancashire Constabulary,Lancashire Constabulary,-2.884191,54.064502,On or near Back Winterdyne Terrace,E01025117,Lancaster 009C,Vehicle crime,Status update unavailable,
7580ef758974327af669767ba7f8859cadfb124beb226e38097c03a04eeed5ac,2019-05,Lancashire Constabulary,Lancashire Constabulary,-2.886017,54.064156,On or near Supermarket,E01025117,Lancaster 009C,Violence and sexual offences,Unable to prosecute suspect,
98f3a88a32382b255f15d53ece0923050e9571610ccc749491ba5256c5a0ddf1,2019-05,Lancashire Constabulary,Lancashire Constabulary,-2.880170,54.064396,On or near Clarendon Road West,E01025117,Lancaster 009C,Violence and sexual offences,Status update unavailable,
d56edd05c7a6d608738f7c30b6e102af3bde908280bf3ba2d93cbc1a57ed3c80,2019-05,Lancashire Constabulary,Lancashire Constabulary,-2.885545,54.063521,On or near Cavendish Road,E01025117,Lancaster 009C,Violence and sexual offences,Offender given a caution,
9a53b77e0e2fa83e009e607a25305feebd9d6d117c5381460426119b44642203,2019-05,Lancashire Constabulary,Lancashire Constabulary,-2.885076,54.064432,On or near Back Winterdyne Terrace,E01025117,Lancaster 009C,Violence and sexual offences,Status update unavailable,
a27f1ce8bb958c834912a071e62e8f9dfdc681f3ccc44715f06647568850cb90,2019-05,Lancashire Constabulary,Lancashire Constabulary,-2.882156,54.064391,On or near West Street,E01025117,Lancaster 009C,Violence and sexual offences,Status update unavailable,
aea3a4afd9a91aac1cb3704fdfc0a9998f03a5714606ecb3efba9be94d2cb1f5,2019-05,Lancashire Constabulary,Lancashire Constabulary,-2.880958,54.064813,On or near Parliament Street,E01025117,Lancaster 009C,Violence and sexual offences,Awaiting court outcome,
c1aa9ce9eeb993471d26645bc727ce28a14754106b4e36c8604bf3cffce6abeb,2019-05,Lancashire Constabulary,Lancashire Constabulary,-2.885545,54.063521,On or near Cavendish Road,E01025117,Lancaster 009C,Violence and sexual offences,Status update unavailable,
3594197cbb61153c1e58313c28a2df7ca947a37412bfd66a432db5bff67902cc,2019-05,Lancashire Constabulary,Lancashire Constabulary,-2.880170,54.064396,On or near Clarendon Road West,E01025117,Lancaster 009C,Violence and sexual offences,Status update unavailable,
e971c393f6abc81add4571f8af2a57601fa518b1d1204bc4ab14f5059a3fb4a3,2019-05,Lancashire Constabulary,Lancashire Constabulary,-2.882156,54.064391,On or near West Street,E01025117,Lancaster 009C,Violence and sexual offences,Status update unavailable,
24b5a4b0b3ad947c218271b9048b549e07f5dfe4134cf3ca7e95b37986547b2a,2019-05,Lancashire Constabulary,Lancashire Constabulary,-2.882156,54.064391,On or near West Street,E01025117,Lancaster 009C,Violence and sexual offences,Status update unavailable,
988c961d92b702dccee68a15152574871d33c64c38c560947f0b2a40f78eb455,2019-05,Lancashire Constabulary,Lancashire Constabulary,-2.880170,54.064396,On or near Clarendon Road West,E01025117,Lancaster 009C,Violence and sexual offences,Unable to prosecute suspect,
983556f2a13f23054b4e4453cae1d31d94f88a06c5180ca0f75b6bf4dc7c4fbd,2019-05,Lancashire Constabulary,Lancashire Constabulary,-2.884191,54.064502,On or near Back Winterdyne Terrace,E01025117,Lancaster 009C,Violence and sexual offences,Status update unavailable,
2d837ecd06e55f1fd6bec04529ed113a5f172f3ebba456cc4d96da8f1c250b73,2019-05,Lancashire Constabulary,Lancashire Constabulary,-2.885545,54.063521,On or near Cavendish Road,E01025117,Lancaster 009C,Violence and sexual offences,Offender given a caution,
5db726334218cf22c17be450815396fc23ffe905631de4f47ba83f00d4bfb8f7,2019-05,Lancashire Constabulary,Lancashire Constabulary,-2.886017,54.064156,On or near Supermarket,E01025117,Lancaster 009C,Violence and sexual offences,Unable to prosecute suspect,
a99c05d2a268ec6b8a1f97232e56e73bf239c1055570673a928f28eb6645943f,2019-05,Lancashire Constabulary,Lancashire Constabulary,-2.885076,54.064432,On or near Back Winterdyne Terrace,E01025117,Lancaster 009C,Violence and sexual offences,Awaiting court outcome,
5c1af29502931e4fc950ddfe2dbb723161be8525dca7792efb88013f3b829504,2019-05,Lancashire Constabulary,Lancashire Constabulary,-2.881499,54.063632,On or near Alexandra Road,E01025117,Lancaster 009C,Violence and sexual offences,Unable to prosecute suspect,
578de5364016d050d2462ae4083d23578d4a3f79a48bc1f4915e96b4570d377a,2019-05,Lancashire Constabulary,Lancashire Constabulary,-2.882156,54.064391,On or near West Street,E01025117,Lancaster 009C,Violence and sexual offences,Status update unavailable,
3d4284ea74ba6cd2471b2ada498a63368195653e643b781e2df5f29796f89f62,2019-05,Lancashire Constabulary,Lancashire Constabulary,-2.885545,54.063521,On or near Cavendish Road,E01025117,Lancaster 009C,Violence and sexual offences,Offender given a caution,
b5f275f86dc94f9fc8f766b4b9b8d29107bd0ec42ebe3cdf9efb84279d0f0739,2019-05,Lancashire Constabulary,Lancashire Constabulary,-2.885545,54.063521,On or near Cavendish Road,E01025117,Lancaster 009C,Violence and sexual offences,Offender given a caution,
fe4db1e5b6424103cb02acf298674b8443e0e51f3d46d92fcd715b9fddf6501d,2019-05,Lancashire Constabulary,Lancashire Constabulary,-2.886017,54.064156,On or near Supermarket,E01025117,Lancaster 009C,Violence and sexual offences,Status update unavailable,
f7c29e7385beede2d65c428cb17acb7961bdf9950b5b7e1a62d266984dd53126,2019-05,Lancashire Constabulary,Lancashire Constabulary,-2.881645,54.063325,On or near Grafton Road,E01025117,Lancaster 009C,Violence and sexual offences,Status update unavailable,
5d5bdc808bfeba15649b06048fce99b7d86e6cb5873c72e4b310dd72c67576dd,2019-05,Lancashire Constabulary,Lancashire Constabulary,-2.882156,54.064391,On or near West Street,E01025117,Lancaster 009C,Violence and sexual offences,Awaiting court outcome,
8a555512338ad6d46e5730830811b653734b70b0e788b6fe98934bfc3b2ed8f2,2019-05,Lancashire Constabulary,Lancashire Constabulary,-2.880170,54.064396,On or near Clarendon Road West,E01025117,Lancaster 009C,Violence and sexual offences,Unable to prosecute suspect,
bca9dfc6f2345f2ffdfc4940d8ab8d374ee71f6ec9507101d1566501f435f9ab,2019-05,Lancashire Constabulary,Lancashire Constabulary,-2.886017,54.064156,On or near Supermarket,E01025117,Lancaster 009C,Violence and sexual offences,Unable to prosecute suspect,
939f13e0683382823127c64caf02c6fe7aae40dc1d243f6b9729a39c42ffd79d,2019-05,Lancashire Constabulary,Lancashire Constabulary,-2.880170,54.064396,On or near Clarendon Road West,E01025117,Lancaster 009C,Other crime,Status update unavailable,
,2019-05,Lancashire Constabulary,Lancashire Constabulary,-2.888887,54.061887,On or near Snowden Avenue,E01025120,Lancaster 009D,Anti-social behaviour,,
,2019-05,Lancashire Constabulary,Lancashire Constabulary,-2.885508,54.064663,On or near Marine Road West,E01025120,Lancaster 009D,Anti-social behaviour,,
,2019-05,Lancashire Constabulary,Lancashire Constabulary,-2.888311,54.060678,On or near Norton Avenue,E01025120,Lancaster 009D,Anti-social behaviour,,
,2019-05,Lancashire Constabulary,Lancashire Constabulary,-2.885508,54.064663,On or near Marine Road West,E01025120,Lancaster 009D,Anti-social behaviour,,
,2019-05,Lancashire Constabulary,Lancashire Constabulary,-2.884752,54.062152,On or near Stanley Road,E01025120,Lancaster 009D,Anti-social behaviour,,
,2019-05,Lancashire Constabulary,Lancashire Constabulary,-2.885508,54.064663,On or near Marine Road West,E01025120,Lancaster 009D,Anti-social behaviour,,
,2019-05,Lancashire Constabulary,Lancashire Constabulary,-2.887488,54.062922,On or near Heysham Road,E01025120,Lancaster 009D,Anti-social behaviour,,
,2019-05,Lancashire Constabulary,Lancashire Constabulary,-2.888311,54.060678,On or near Norton Avenue,E01025120,Lancaster 009D,Anti-social behaviour,,
3311675d8cf7674939c1c40962ed66497f96be89933844d35c5b87a15f67de38,2019-05,Lancashire Constabulary,Lancashire Constabulary,-2.883600,54.062592,On or near Byron Road,E01025120,Lancaster 009D,Burglary,Status update unavailable,
e73e19f283f0c1dbf871c28392c93c5217e41ba8b7afbcf0eacadcc8d5bb80d9,2019-05,Lancashire Constabulary,Lancashire Constabulary,-2.884752,54.062152,On or near Stanley Road,E01025120,Lancaster 009D,Criminal damage and arson,Awaiting court outcome,
74ce17c7bbe8595a7773967bd5fd53503b3c7c4ad5736408d50241bd2f656e40,2019-05,Lancashire Constabulary,Lancashire Constabulary,-2.884752,54.062152,On or near Stanley Road,E01025120,Lancaster 009D,Criminal damage and arson,Status update unavailable,
30eb7c60edb9ddd226c285edcdfbbc4c2d50eb58c16d0f4385b52e32f3cd5421,2019-05,Lancashire Constabulary,Lancashire Constabulary,-2.888887,54.061887,On or near Snowden Avenue,E01025120,Lancaster 009D,Other theft,Status update unavailable,
bae4f038b326dd24d7bc26ba218862649b51314b29660077279e34a3c63412d2,2019-05,Lancashire Constabulary,Lancashire Constabulary,-2.886739,54.062209,On or near Bus/Coach Station,E01025120,Lancaster 009D,Other theft,Unable to prosecute suspect,
3c13dbf095e5ae72360586cbdf82f8acba33174f5d6dfb780cd9620f77a4211d,2019-05,Lancashire Constabulary,Lancashire Constabulary,-2.887488,54.062922,On or near Heysham Road,E01025120,Lancaster 009D,Other theft,Status update unavailable,
ccfd65e06f0ea3aa434e790f3e5efa2737f006b67ffa855843626941cfd3903a,2019-05,Lancashire Constabulary,Lancashire Constabulary,-2.884752,54.062152,On or near Stanley Road,E01025120,Lancaster 009D,Public order,Unable to prosecute suspect,
d0d49e144b0440a87fab3f345c7c2e3cea7ef595bb1b39a38e8edfebe96a92b1,2019-05,Lancashire Constabulary,Lancashire Constabulary,-2.887488,54.062922,On or near Heysham Road,E01025120,Lancaster 009D,Shoplifting,Status update unavailable,
794c9264d02c65025e3539a45a3662db20ef7dfe508432e19ead00a2285e5286,2019-05,Lancashire Constabulary,Lancashire Constabulary,-2.887488,54.062922,On or near Heysham Road,E01025120,Lancaster 009D,Shoplifting,Status update unavailable,
c6faf5070bdd7b5de282955fc662361f11eb02ea32af395ecf62fedc6e9b0dbc,2019-05,Lancashire Constabulary,Lancashire Constabulary,-2.887488,54.062922,On or near Heysham Road,E01025120,Lancaster 009D,Shoplifting,Status update unavailable,
b7a88b5e78251dd76c414719b275a87d181780ba918cbba744eeaefaf7569535,2019-05,Lancashire Constabulary,Lancashire Constabulary,-2.884128,54.063001,On or near Brunswick Road,E01025120,Lancaster 009D,Vehicle crime,Status update unavailable,
2cb34e24af96402fee4978f0944b49dcdba4ae89de2ab9a4d3c8a48d63a8a35c,2019-05,Lancashire Constabulary,Lancashire Constabulary,-2.887488,54.062922,On or near Heysham Road,E01025120,Lancaster 009D,Violence and sexual offences,Status update unavailable,
7aa2ab6904c7cc585747e208787ce305b07894d650d939cec814d8813f311364,2019-05,Lancashire Constabulary,Lancashire Constabulary,-2.886581,54.060493,On or near Raglan Road,E01025120,Lancaster 009D,Violence and sexual offences,Unable to prosecute suspect,
d7eb669d308881a9fd18afee781ef245a86894f8fe3c521326641da28f62a70c,2019-05,Lancashire Constabulary,Lancashire Constabulary,-2.888311,54.060678,On or near Norton Avenue,E01025120,Lancaster 009D,Violence and sexual offences,Unable to prosecute suspect,
26a17f7134d240921f2633eb5de58c19a21975eb22d7f0385df4eaf6e2e5db5d,2019-05,Lancashire Constabulary,Lancashire Constabulary,-2.884894,54.061656,On or near Harrington Road,E01025120,Lancaster 009D,Violence and sexual offences,Unable to prosecute suspect,
46f1452932953ecb2e613786b9f7df5043aa486395afcd65c080c0b20e318687,2019-05,Lancashire Constabulary,Lancashire Constabulary,-2.882685,54.062670,On or near Grafton Place,E01025120,Lancaster 009D,Violence and sexual offences,Unable to prosecute suspect,
55c85d6ee42e2c6cc8bf64fa98ec2972a5c16c49bf0fd95de498003c297629f7,2019-05,Lancashire Constabulary,Lancashire Constabulary,-2.887488,54.062922,On or near Heysham Road,E01025120,Lancaster 009D,Violence and sexual offences,Status update unavailable,
a44981fc919b570da22c56fa24c9914d697db41ff2945118e2963a562b6c0346,2019-05,Lancashire Constabulary,Lancashire Constabulary,-2.884894,54.061656,On or near Harrington Road,E01025120,Lancaster 009D,Violence and sexual offences,Unable to prosecute suspect,
1f8dc5adc14e5c3466772d0b6563a9191bdf13628eae84ff8c95d8409d92ded0,2019-05,Lancashire Constabulary,Lancashire Constabulary,-2.886629,54.061347,On or near Granville Road,E01025120,Lancaster 009D,Violence and sexual offences,Status update unavailable,
ae12d9548c99fbb42daf61e11f723525bfe00ceba21d5ef318c1f84adb2ffb72,2019-05,Lancashire Constabulary,Lancashire Constabulary,-2.853531,54.061784,On or near Helmside Avenue,E01025170,Lancaster 010A,Burglary,Status update unavailable,
85118fca375f0043277140dea406e8b536259d0c17fb9dcd6c210f88f243ae0a,2019-05,Lancashire Constabulary,Lancashire Constabulary,-2.854867,54.065109,On or near Bartholomew Road,E01025170,Lancaster 010A,Public order,Further investigation is not in the public interest,
d4fbf0a395ab5cee48f6f4c75cef098fc7be802a3829c9a4cb840b81decbdcf0,2019-05,Lancashire Constabulary,Lancashire Constabulary,-2.853531,54.061784,On or near Helmside Avenue,E01025170,Lancaster 010A,Public order,Status update unavailable,
67dd51f293e4d0b646e07fa78dd1b57581dbbe20c2b4dc111798c7d3c74dbd37,2019-05,Lancashire Constabulary,Lancashire Constabulary,-2.854116,54.065726,On or near Wiseman Close,E01025170,Lancaster 010A,Public order,Status update unavailable,
4b89b8f9f5fcf234a98cda1c5cc6e6c70758be214921d45c4c8f380853ee7fc8,2019-05,Lancashire Constabulary,Lancashire Constabulary,-2.850778,54.062424,On or near Thursgill Avenue,E01025170,Lancaster 010A,Robbery,Further investigation is not in the public interest,
8434acfcf45245807bc9ac5f3daef3f16eb5c2a21f7cdb4695c65e6c779c18fb,2019-05,Lancashire Constabulary,Lancashire Constabulary,-2.853531,54.061784,On or near Helmside Avenue,E01025170,Lancaster 010A,Shoplifting,Awaiting court outcome,
ff4dd0d8f15f5daeeaadc45a39474b960928de84e9e379493fb07f61d4fc6ae6,2019-05,Lancashire Constabulary,Lancashire Constabulary,-2.850905,54.064868,On or near Somerby Road,E01025170,Lancaster 010A,Violence and sexual offences,Status update unavailable,
188a20f1d36c7518ae0a27b50e1a5cf937d4f6484809b26336ea7cb978b9a9f0,2019-05,Lancashire Constabulary,Lancashire Constabulary,-2.854867,54.065109,On or near Bartholomew Road,E01025170,Lancaster 010A,Violence and sexual offences,Unable to prosecute suspect,
266c0815cb3bda76cffaa128c7cd58a1779afb468ec0f714f32bb4139d9203bd,2019-05,Lancashire Constabulary,Lancashire Constabulary,-2.854116,54.065726,On or near Wiseman Close,E01025170,Lancaster 010A,Violence and sexual offences,Status update unavailable,
09d0042a338ad9ab9547be3c85f718cdbc14a0b4ff24ac5c44ad7cc4f4209f0e,2019-05,Lancashire Constabulary,Lancashire Constabulary,-2.860005,54.065288,On or near Out Moss Lane,E01025170,Lancaster 010A,Violence and sexual offences,Unable to prosecute suspect,
bdd45b0d3cb1262b164d987d2c6e597f177a54ac989798c7de715b89d1622763,2019-05,Lancashire Constabulary,Lancashire Constabulary,-2.854116,54.065726,On or near Wiseman Close,E01025170,Lancaster 010A,Violence and sexual offences,Status update unavailable,
2adbde31a9ba021d897b6bce3ca69f887c414d33a6d5ede2e1313d4390dd720d,2019-05,Lancashire Constabulary,Lancashire Constabulary,-2.853437,54.062432,On or near Heversham Close,E01025170,Lancaster 010A,Violence and sexual offences,Formal action is not in the public interest,
032ddddbd4897c3259088d7084cfa5f4ee48491396e9f16b4846d250ff712153,2019-05,Lancashire Constabulary,Lancashire Constabulary,-2.854116,54.065726,On or near Wiseman Close,E01025170,Lancaster 010A,Violence and sexual offences,Unable to prosecute suspect,
,2019-05,Lancashire Constabulary,Lancashire Constabulary,-2.864827,54.061344,On or near Thurland Court,E01025171,Lancaster 010B,Anti-social behaviour,,
,2019-05,Lancashire Constabulary,Lancashire Constabulary,-2.864869,54.060391,On or near Leighton Court,E01025171,Lancaster 010B,Anti-social behaviour,,
,2019-05,Lancashire Constabulary,Lancashire Constabulary,-2.864922,54.060013,On or near Westgate,E01025171,Lancaster 010B,Anti-social behaviour,,
,2019-05,Lancashire Constabulary,Lancashire Constabulary,-2.864834,54.060912,On or near Melling Court,E01025171,Lancaster 010B,Anti-social behaviour,,
,2019-05,Lancashire Constabulary,Lancashire Constabulary,-2.855781,54.061283,On or near Altham Walk,E01025171,Lancaster 010B,Anti-social behaviour,,
,2019-05,Lancashire Constabulary,Lancashire Constabulary,-2.863920,54.060335,On or near Halton Court,E01025171,Lancaster 010B,Anti-social behaviour,,
,2019-05,Lancashire Constabulary,Lancashire Constabulary,-2.868641,54.057389,On or near Sunderland Drive,E01025171,Lancaster 010B,Anti-social behaviour,,
0000bf3c2ca5f3847e78ecba408860e9150089e2407c1b114ccb6453edbeef6a,2019-05,Lancashire Constabulary,Lancashire Constabulary,-2.864922,54.060013,On or near Westgate,E01025171,Lancaster 010B,Burglary,Further investigation is not in the public interest,
92258e76d6d4e44fa3b86c04932f4884486418c3ccc9c428ab6598969c4552f2,2019-05,Lancashire Constabulary,Lancashire Constabulary,-2.864827,54.061344,On or near Thurland Court,E01025171,Lancaster 010B,Burglary,Status update unavailable,
6541cf815ba32d932daf84e6ed6cfcfe1a422849c07a9c39f5b846cd18066efe,2019-05,Lancashire Constabulary,Lancashire Constabulary,-2.864827,54.061344,On or near Thurland Court,E01025171,Lancaster 010B,Criminal damage and arson,Status update unavailable,
de7752c09ad131de5907d81f212d8f2a712164ec48bc7225c1509ede8d89267a,2019-05,Lancashire Constabulary,Lancashire Constabulary,-2.862583,54.059949,On or near Prestbury Drive,E01025171,Lancaster 010B,Criminal damage and arson,Status update unavailable,
feb3dfbf797a198a964f2f6da4760e11339549d5aa09607f8849a02aba86888d,2019-05,Lancashire Constabulary,Lancashire Constabulary,-2.862583,54.059949,On or near Prestbury Drive,E01025171,Lancaster 010B,Criminal damage and arson,Status update unavailable,
43ce5db8c62a389f5800cb1a8c47236d9991eba3088061e33bb491e1294e8081,2019-05,Lancashire Constabulary,Lancashire Constabulary,-2.868641,54.057389,On or near Sunderland Drive,E01025171,Lancaster 010B,Other theft,Status update unavailable,
dda36c8d684f75f96239aa7f6bba7e93bdca94a41e03b0617b05463f4c0d0f77,2019-05,Lancashire Constabulary,Lancashire Constabulary,-2.864146,54.060881,On or near Borwick Court,E01025171,Lancaster 010B,Violence and sexual offences,Status update unavailable,
62a4e730ce342d69c87039d9aa2169c21d6046ebc01afd30e01e84ab2aec108b,2019-05,Lancashire Constabulary,Lancashire Constabulary,-2.857447,54.061298,On or near Parkview Close,E01025171,Lancaster 010B,Violence and sexual offences,Status update unavailable,
e87842f635a3a03879fb9b69a27a93b49c5cf6c3e89744d697a14ca2972e49b9,2019-05,Lancashire Constabulary,Lancashire Constabulary,-2.869699,54.058307,On or near Westcliffe Drive,E01025171,Lancaster 010B,Violence and sexual offences,Status update unavailable,
9a7dab876f10786ba6527713c24acba329d6ab50df6abc461cbb0d77abc8a08e,2019-05,Lancashire Constabulary,Lancashire Constabulary,-2.860887,54.062145,On or near Gaisgill Avenue,E01025171,Lancaster 010B,Violence and sexual offences,Further investigation is not in the public interest,
9e9bb57243669c298105e703040000b6ca84826767ce72485ff57f2e55d62d2e,2019-05,Lancashire Constabulary,Lancashire Constabulary,-2.864827,54.061344,On or near Thurland Court,E01025171,Lancaster 010B,Violence and sexual offences,Status update unavailable,
75997c15f13b2cb3ef17f4a6a18713d7197a564820cfe754d651a08b9dc4e8f6,2019-05,Lancashire Constabulary,Lancashire Constabulary,-2.864869,54.060391,On or near Leighton Court,E01025171,Lancaster 010B,Violence and sexual offences,Status update unavailable,
97b3e758d62c27be29f66da7927e161caac7c0af6eaf4ad686fd1e4f2a80cb6f,2019-05,Lancashire Constabulary,Lancashire Constabulary,-2.864922,54.060013,On or near Westgate,E01025171,Lancaster 010B,Other crime,Further investigation is not in the public interest,
43fa25802a859925cdb3e76061201706883787d1e753f1012db033e5c01dc0d4,2019-05,Lancashire Constabulary,Lancashire Constabulary,-2.862978,54.061330,On or near Aldingham Court,E01025171,Lancaster 010B,Other crime,Status update unavailable,
,2019-05,Lancashire Constabulary,Lancashire Constabulary,-2.826711,54.056857,On or near Petrol Station,E01025172,Lancaster 010C,Anti-social behaviour,,
,2019-05,Lancashire Constabulary,Lancashire Constabulary,-2.857725,54.057719,On or near Abbeydale,E01025172,Lancaster 010C,Anti-social behaviour,,
,2019-05,Lancashire Constabulary,Lancashire Constabulary,-2.855235,54.057754,On or near Priory Close,E01025172,Lancaster 010C,Anti-social behaviour,,
,2019-05,Lancashire Constabulary,Lancashire Constabulary,-2.826711,54.056857,On or near Petrol Station,E01025172,Lancaster 010C,Anti-social behaviour,,
,2019-05,Lancashire Constabulary,Lancashire Constabulary,-2.854726,54.058998,On or near Ellwood Avenue,E01025172,Lancaster 010C,Anti-social behaviour,,
953b9bcb385d781396ce9183b81671b9a667c6ca62fd6fa3cf0751a972672a4e,2019-05,Lancashire Constabulary,Lancashire Constabulary,-2.826655,54.055599,On or near Doris Henderson Way,E01025172,Lancaster 010C,Burglary,Status update unavailable,
86c0960ef865ab3a40d8e793acc7f2e8c0757953427a7b68f2820ef2ac6450e2,2019-05,Lancashire Constabulary,Lancashire Constabulary,-2.826655,54.055599,On or near Doris Henderson Way,E01025172,Lancaster 010C,Burglary,Status update unavailable,
0704c33ba1fe05ba70875ea88f81557be00f5d6ba89fdd698465c067ff891380,2019-05,Lancashire Constabulary,Lancashire Constabulary,-2.851901,54.058326,On or near Whitefield Place,E01025172,Lancaster 010C,Burglary,Status update unavailable,
5bc09cc9ae7ada9bca3fdd7b575d88dbfe0dd8aa37c8fad46eaef7445e15c0e8,2019-05,Lancashire Constabulary,Lancashire Constabulary,-2.826655,54.055599,On or near Doris Henderson Way,E01025172,Lancaster 010C,Burglary,Status update unavailable,
33e1a73debdd8f3330ff853aff0d78bc8962b3ae3b9b3ede212f96b7c9d3960d,2019-05,Lancashire Constabulary,Lancashire Constabulary,-2.826655,54.055599,On or near Doris Henderson Way,E01025172,Lancaster 010C,Burglary,Status update unavailable,
a52722d0e08648850785da011ed2d8d0c1383a022d3bd4880b40d2f6fe24742e,2019-05,Lancashire Constabulary,Lancashire Constabulary,-2.826655,54.055599,On or near Doris Henderson Way,E01025172,Lancaster 010C,Drugs,Status update unavailable,
55b09117ac1f793c815e17b65e753888050a529d685b8cb601c711e48dd9ef2a,2019-05,Lancashire Constabulary,Lancashire Constabulary,-2.826655,54.055599,On or near Doris Henderson Way,E01025172,Lancaster 010C,Drugs,Awaiting court outcome,
398bf65d5603183ddabf7ee67efe9da079ea3818949782157fd7cd94ae7e5b58,2019-05,Lancashire Constabulary,Lancashire Constabulary,-2.826711,54.056857,On or near Petrol Station,E01025172,Lancaster 010C,Other theft,Status update unavailable,
01218f9b156569a184bde9b2c110a59ba254a789e2447dcb0be545e5ca46b42c,2019-05,Lancashire Constabulary,Lancashire Constabulary,-2.855843,54.059799,On or near Dorchester Gardens,E01025172,Lancaster 010C,Other theft,Unable to prosecute suspect,
3ee2409f9ef98c89fcef78c554ad0e1b816c88338a83440d2320ff5d319cea5e,2019-05,Lancashire Constabulary,Lancashire Constabulary,-2.826655,54.055599,On or near Doris Henderson Way,E01025172,Lancaster 010C,Other theft,Status update unavailable,
73de6ac8a40b2151e4d6faaf0543f620f70242c1314e8c73f83bf34c93880dd8,2019-05,Lancashire Constabulary,Lancashire Constabulary,-2.826655,54.055599,On or near Doris Henderson Way,E01025172,Lancaster 010C,Other theft,Awaiting court outcome,
a877a227d9a59f4e8bc28e84366cacfee02d2b6bc4405fcdec5bb7b96af00e81,2019-05,Lancashire Constabulary,Lancashire Constabulary,-2.826655,54.055599,On or near Doris Henderson Way,E01025172,Lancaster 010C,Other theft,Status update unavailable,
d96128388bdc12a7132777f43dc078e1e8200c7c000bd108720f76d68b39e0ee,2019-05,Lancashire Constabulary,Lancashire Constabulary,-2.855961,54.060365,On or near Kenilworth Road,E01025172,Lancaster 010C,Other theft,Status update unavailable,
a726598b6cdc151f4b4911f71d5d9d7731a6340f2938fa4b0e906eebb36da6cf,2019-05,Lancashire Constabulary,Lancashire Constabulary,-2.836561,54.058227,On or near Eastgate,E01025172,Lancaster 010C,Robbery,Status update unavailable,
f521f1f55766a539d2337e5255be971ac88a594f35f288aece613d914b95a6c2,2019-05,Lancashire Constabulary,Lancashire Constabulary,-2.826711,54.056857,On or near Petrol Station,E01025172,Lancaster 010C,Shoplifting,Awaiting court outcome,
77135f6a97e21c8c29e15e36e67fa6b814a5bc638bb2be2f6f984114d8b5742e,2019-05,Lancashire Constabulary,Lancashire Constabulary,-2.830875,54.058051,On or near Parking Area,E01025172,Lancaster 010C,Vehicle crime,Investigation complete; no suspect identified,
e7c29797c396551c89acacd703814800e34e70e4378417f8d8a565b46efdb218,2019-05,Lancashire Constabulary,Lancashire Constabulary,-2.833911,54.057122,On or near Woodgate,E01025172,Lancaster 010C,Vehicle crime,Status update unavailable,
5c7050a95b7454f22b7f43a3321e0c1ca722c7a89d2e0423518a58ab2d2e96f9,2019-05,Lancashire Constabulary,Lancashire Constabulary,-2.859773,54.058531,On or near Burdock Walk,E01025172,Lancaster 010C,Violence and sexual offences,Unable to prosecute suspect,
fbcd10de8a53c2e8ec6b71ced8a074e6b7825cb652b62506277337d64bb571c6,2019-05,Lancashire Constabulary,Lancashire Constabulary,-2.853151,54.057428,On or near Lindsay Court,E01025172,Lancaster 010C,Violence and sexual offences,Unable to prosecute suspect,
00a1394c825b11ac0bf36f9a863ce347ddd6e837c762e71961ec8d154a3e411b,2019-05,Lancashire Constabulary,Lancashire Constabulary,-2.826711,54.056857,On or near Petrol Station,E01025172,Lancaster 010C,Violence and sexual offences,Status update unavailable,
a595c3ad226cee7a08ffa4cd3a5796056b75e075fb355de1fce0f3e35751e3e7,2019-05,Lancashire Constabulary,Lancashire Constabulary,-2.860627,54.058462,On or near Yarrow Walk,E01025172,Lancaster 010C,Violence and sexual offences,Unable to prosecute suspect,
fb44516d806835f8f80cb46b84795b5846958419a83e71664e7bf4466e547396,2019-05,Lancashire Constabulary,Lancashire Constabulary,-2.855351,54.056702,On or near St John'S Terrace,E01025172,Lancaster 010C,Violence and sexual offences,Status update unavailable,
19c8a9e6a6e2bf47f226ea8ea83a9218163e175edbbd1ad1485293aa4c25a11c,2019-05,Lancashire Constabulary,Lancashire Constabulary,-2.853151,54.057428,On or near Lindsay Court,E01025172,Lancaster 010C,Violence and sexual offences,Status update unavailable,
de060e6a5c8c8a006158e469c59cf1e7f3800b6ecb821bbf006afc34330789c4,2019-05,Lancashire Constabulary,Lancashire Constabulary,-2.839432,54.054396,On or near Mellishaw Lane,E01025172,Lancaster 010C,Violence and sexual offences,Status update unavailable,
bf9e35a3fd6c3356f702e5e90a49da75e1774359f9503e17688b7c14a7f12f72,2019-05,Lancashire Constabulary,Lancashire Constabulary,-2.826711,54.056857,On or near Petrol Station,E01025172,Lancaster 010C,Violence and sexual offences,Status update unavailable,
,2019-05,Lancashire Constabulary,Lancashire Constabulary,-2.838586,54.066221,On or near A589,E01025173,Lancaster 010D,Anti-social behaviour,,
,2019-05,Lancashire Constabulary,Lancashire Constabulary,-2.841661,54.066416,On or near Haweswater Place,E01025173,Lancaster 010D,Anti-social behaviour,,
,2019-05,Lancashire Constabulary,Lancashire Constabulary,-2.848700,54.066132,On or near Cartmel Place,E01025173,Lancaster 010D,Anti-social behaviour,,
,2019-05,Lancashire Constabulary,Lancashire Constabulary,-2.848700,54.066132,On or near Cartmel Place,E01025173,Lancaster 010D,Anti-social behaviour,,
700a9a03258db690498aa42251b0298b9722e70a3ecec69633096400121aed51,2019-05,Lancashire Constabulary,Lancashire Constabulary,-2.838586,54.066221,On or near A589,E01025173,Lancaster 010D,Drugs,Further investigation is not in the public interest,
697afcff2ae26cd637a13710e58a5f8061e307cd42d482e21744e737dbe0117c,2019-05,Lancashire Constabulary,Lancashire Constabulary,-2.846415,54.060477,On or near Whitegate,E01025173,Lancaster 010D,Other theft,Status update unavailable,
eb266061baa0671dd66d32be4de28cc2ab0576515f26581d44910dbf6087610a,2019-05,Lancashire Constabulary,Lancashire Constabulary,-2.845499,54.062758,On or near Petrol Station,E01025173,Lancaster 010D,Other theft,Status update unavailable,
3c27f3069b660828622157782a603cda76d173537789ffd757b9ee46d7f9d75b,2019-05,Lancashire Constabulary,Lancashire Constabulary,-2.844078,54.067288,On or near Downes Grove,E01025173,Lancaster 010D,Other theft,Status update unavailable,
924a489847261c798b6058bf4c184c0d20b18ff4d6d66daaab87f669ee65964c,2019-05,Lancashire Constabulary,Lancashire Constabulary,-2.846415,54.060477,On or near Whitegate,E01025173,Lancaster 010D,Shoplifting,Further investigation is not in the public interest,
6f32dcc7aeb4473df505115256722428fd9245af67f85c04e35fa65592664643,2019-05,Lancashire Constabulary,Lancashire Constabulary,-2.846415,54.060477,On or near Whitegate,E01025173,Lancaster 010D,Shoplifting,Status update unavailable,
0e1583add593fac46e7f006c4f122b0e8ec25ab8d5e24107e226f75067686738,2019-05,Lancashire Constabulary,Lancashire Constabulary,-2.846415,54.060477,On or near Whitegate,E01025173,Lancaster 010D,Shoplifting,Status update unavailable,
ae8b6a48049566b94ed0cdeeb38f7efa74b5ce503ba2a717311c5fbaf995f8da,2019-05,Lancashire Constabulary,Lancashire Constabulary,-2.846415,54.060477,On or near Whitegate,E01025173,Lancaster 010D,Shoplifting,Status update unavailable,
0554176a02aa6f6017134bcde72caa93f806af54ca074c56bd64dfdffdd576a1,2019-05,Lancashire Constabulary,Lancashire Constabulary,-2.838867,54.060440,On or near Middlegate,E01025173,Lancaster 010D,Vehicle crime,Status update unavailable,
67f6ea88fe50e8916841e670a95640e7b001363e66aebfa781d75b1a4a5a3a5e,2019-05,Lancashire Constabulary,Lancashire Constabulary,-2.838586,54.066221,On or near A589,E01025173,Lancaster 010D,Violence and sexual offences,Status update unavailable,
bbf7ef398541a8b864d5e5251e72abd8d52127c6f67bcc162310202d390f2b33,2019-05,Lancashire Constabulary,Lancashire Constabulary,-2.847435,54.062546,On or near Glentworth Road East,E01025173,Lancaster 010D,Violence and sexual offences,Status update unavailable,
e9d0941f03f622539973c89090e93a20d5be7aa449e11e60c69bd5f20d5ad13c,2019-05,Lancashire Constabulary,Lancashire Constabulary,-2.843456,54.065999,On or near Buttermere Avenue,E01025173,Lancaster 010D,Violence and sexual offences,Further investigation is not in the public interest,
421857f053afe1df4ecad36648d13c3d587cbb61a46d064398d5954839ab95fb,2019-05,Lancashire Constabulary,Lancashire Constabulary,-2.847435,54.062546,On or near Glentworth Road East,E01025173,Lancaster 010D,Violence and sexual offences,Awaiting court outcome,
700a50c8990c7ba0f9f88525dda7661490ed623f483602fcaa6d52609f1c0941,2019-05,Lancashire Constabulary,Lancashire Constabulary,-2.843102,54.065147,On or near Blea Tarn Place,E01025173,Lancaster 010D,Violence and sexual offences,Unable to prosecute suspect,
1f33c283b08aeaee26d8c5f8282d88e82a3c795b44dc0dd91759e8a2cac14cec,2019-05,Lancashire Constabulary,Lancashire Constabulary,-2.847435,54.062546,On or near Glentworth Road East,E01025173,Lancaster 010D,Violence and sexual offences,Status update unavailable,
89da36fdb445e829b3d56b342f85a133bbe185fc0cfc6848608ff8d82786e8da,2019-05,Lancashire Constabulary,Lancashire Constabulary,-2.848700,54.066132,On or near Cartmel Place,E01025173,Lancaster 010D,Violence and sexual offences,Unable to prosecute suspect,
adcc1163b6ff2909ef30bac674de14622198e5160894df3a4d448c163b297fe2,2019-05,Lancashire Constabulary,Lancashire Constabulary,-2.846569,54.066534,On or near Christie Avenue,E01025173,Lancaster 010D,Other crime,Further investigation is not in the public interest,
,2019-05,Lancashire Constabulary,Lancashire Constabulary,-2.802996,54.062078,On or near Oxford Street,E01025149,Lancaster 011A,Anti-social behaviour,,
,2019-05,Lancashire Constabulary,Lancashire Constabulary,-2.797275,54.060939,On or near Daisy Street,E01025149,Lancaster 011A,Anti-social behaviour,,
,2019-05,Lancashire Constabulary,Lancashire Constabulary,-2.797968,54.061231,On or near Bank Road,E01025149,Lancaster 011A,Anti-social behaviour,,
,2019-05,Lancashire Constabulary,Lancashire Constabulary,-2.798487,54.060410,On or near Aldren'S Lane,E01025149,Lancaster 011A,Anti-social behaviour,,
,2019-05,Lancashire Constabulary,Lancashire Constabulary,-2.803063,54.061637,On or near Baker Street,E01025149,Lancaster 011A,Anti-social behaviour,,
,2019-05,Lancashire Constabulary,Lancashire Constabulary,-2.798880,54.060964,On or near Ashbourne Close,E01025149,Lancaster 011A,Anti-social behaviour,,
,2019-05,Lancashire Constabulary,Lancashire Constabulary,-2.797968,54.061231,On or near Bank Road,E01025149,Lancaster 011A,Anti-social behaviour,,
,2019-05,Lancashire Constabulary,Lancashire Constabulary,-2.797588,54.062105,On or near Clarendon Road,E01025149,Lancaster 011A,Anti-social behaviour,,
,2019-05,Lancashire Constabulary,Lancashire Constabulary,-2.797588,54.062105,On or near Clarendon Road,E01025149,Lancaster 011A,Anti-social behaviour,,
,2019-05,Lancashire Constabulary,Lancashire Constabulary,-2.797932,54.062525,On or near Ashbourne Drive,E01025149,Lancaster 011A,Anti-social behaviour,,
,2019-05,Lancashire Constabulary,Lancashire Constabulary,-2.797968,54.061231,On or near Bank Road,E01025149,Lancaster 011A,Anti-social behaviour,,
,2019-05,Lancashire Constabulary,Lancashire Constabulary,-2.802996,54.062078,On or near Oxford Street,E01025149,Lancaster 011A,Anti-social behaviour,,
,2019-05,Lancashire Constabulary,Lancashire Constabulary,-2.797968,54.061231,On or near Bank Road,E01025149,Lancaster 011A,Anti-social behaviour,,
,2019-05,Lancashire Constabulary,Lancashire Constabulary,-2.797275,54.060939,On or near Daisy Street,E01025149,Lancaster 011A,Anti-social behaviour,,
,2019-05,Lancashire Constabulary,Lancashire Constabulary,-2.798487,54.060410,On or near Aldren'S Lane,E01025149,Lancaster 011A,Anti-social behaviour,,
,2019-05,Lancashire Constabulary,Lancashire Constabulary,-2.796570,54.062445,On or near Buller Street,E01025149,Lancaster 011A,Anti-social behaviour,,
,2019-05,Lancashire Constabulary,Lancashire Constabulary,-2.797588,54.062105,On or near Clarendon Road,E01025149,Lancaster 011A,Anti-social behaviour,,
,2019-05,Lancashire Constabulary,Lancashire Constabulary,-2.798930,54.061997,On or near Ashbourne Road,E01025149,Lancaster 011A,Anti-social behaviour,,
6c25bc6e4b8c1168bc3e0063500e45a1f7148de779ffa6ba366cebc22410af3a,2019-05,Lancashire Constabulary,Lancashire Constabulary,-2.797275,54.060939,On or near Daisy Street,E01025149,Lancaster 011A,Bicycle theft,Status update unavailable,
4278e2a5ca98cb3af70fcd0210322aa5bf7536c10614cecdf53f1a7ecf1916f1,2019-05,Lancashire Constabulary,Lancashire Constabulary,-2.797090,54.060077,On or near Laburnum Road,E01025149,Lancaster 011A,Criminal damage and arson,Status update unavailable,
c56f175c8edc978d9e204bbba589661e3acdce812218cd2ba0b8fcd016402b81,2019-05,Lancashire Constabulary,Lancashire Constabulary,-2.796319,54.059687,On or near Main Street,E01025149,Lancaster 011A,Criminal damage and arson,Status update unavailable,
1d547bc40e80c317c590e2c8797935ce8868bb783aebd358cbf0de460371db21,2019-05,Lancashire Constabulary,Lancashire Constabulary,-2.800036,54.063923,On or near Wensley Drive,E01025149,Lancaster 011A,Other theft,Status update unavailable,
686a2bf36dd7630926003655d695b21f25da6833e7d0f1b2fd6cb1de498cf81b,2019-05,Lancashire Constabulary,Lancashire Constabulary,-2.801125,54.064113,On or near Slyne Road,E01025149,Lancaster 011A,Other theft,Status update unavailable,
38e710eac4c7d582b3e71c26089c57a7b4a362edfea2618611aeebcfd36e548c,2019-05,Lancashire Constabulary,Lancashire Constabulary,-2.797275,54.060939,On or near Daisy Street,E01025149,Lancaster 011A,Possession of weapons,Further investigation is not in the public interest,
1a7848ba547bafd55c7f929a239f4d502e79acd2a39276ec1ac4a8f8abd3e0fe,2019-05,Lancashire Constabulary,Lancashire Constabulary,-2.800828,54.063782,On or near Newby Drive,E01025149,Lancaster 011A,Public order,Unable to prosecute suspect,
0926e04d6a00efa37b06372a42231a9d51a69158a943a2740930c944eccbbbe8,2019-05,Lancashire Constabulary,Lancashire Constabulary,-2.800828,54.063782,On or near Newby Drive,E01025149,Lancaster 011A,Public order,Unable to prosecute suspect,
edcb00e07fa262274922b622222baceb832dbae9dd78c8cf2648cf8439ac8bf2,2019-05,Lancashire Constabulary,Lancashire Constabulary,-2.801125,54.064113,On or near Slyne Road,E01025149,Lancaster 011A,Shoplifting,Status update unavailable,
fce98e8e810ce17d4f12f97be889cf9e34e4d14ab6f07b92613fd51b1d69c34d,2019-05,Lancashire Constabulary,Lancashire Constabulary,-2.797275,54.060939,On or near Daisy Street,E01025149,Lancaster 011A,Violence and sexual offences,Status update unavailable,
9beb98d2703d09586b3904273492bcddfab06f4b10bde922c24bf91f53516e16,2019-05,Lancashire Constabulary,Lancashire Constabulary,-2.797588,54.062105,On or near Clarendon Road,E01025149,Lancaster 011A,Violence and sexual offences,Awaiting court outcome,
595366f3a97bfa097dc51aacc3f1dc97bf25cc0ed27fa5d1324ec93debc81ecd,2019-05,Lancashire Constabulary,Lancashire Constabulary,-2.797948,54.060197,On or near Olive Road,E01025149,Lancaster 011A,Violence and sexual offences,Unable to prosecute suspect,
44ae08b699af5d61fb8db46429c7a02b142e7738873e61e58afe7f7427e00c17,2019-05,Lancashire Constabulary,Lancashire Constabulary,-2.804592,54.065645,On or near Hornby Court,E01025149,Lancaster 011A,Violence and sexual offences,Status update unavailable,
e78671fbaece777b954df35a1b3a5b9cf2aff71d3011c694dc95cc3becb226e9,2019-05,Lancashire Constabulary,Lancashire Constabulary,-2.803667,54.062047,On or near Oxford Place,E01025149,Lancaster 011A,Violence and sexual offences,Status update unavailable,
e570bd074b6647a4aeb36d59222b46041e93fe66e76b7a36286b07c2d08b5e4f,2019-05,Lancashire Constabulary,Lancashire Constabulary,-2.801943,54.062139,On or near Lindeth Gardens,E01025149,Lancaster 011A,Violence and sexual offences,Unable to prosecute suspect,
c6a56441216cb5c96d876e69bd087f27420548dd598e410b509a6c26032b33c6,2019-05,Lancashire Constabulary,Lancashire Constabulary,-2.797588,54.062105,On or near Clarendon Road,E01025149,Lancaster 011A,Violence and sexual offences,Status update unavailable,
5e60fd7924b63dde8fa26a54e2b88dd62ebea4f5d2f2d65670208b51aae90486,2019-05,Lancashire Constabulary,Lancashire Constabulary,-2.797588,54.062105,On or near Clarendon Road,E01025149,Lancaster 011A,Violence and sexual offences,Unable to prosecute suspect,
,2019-05,Lancashire Constabulary,Lancashire Constabulary,-2.801548,54.058304,On or near Petrol Station,E01025150,Lancaster 011B,Anti-social behaviour,,
,2019-05,Lancashire Constabulary,Lancashire Constabulary,-2.804454,54.060873,On or near Fairhope Avenue,E01025150,Lancaster 011B,Anti-social behaviour,,
,2019-05,Lancashire Constabulary,Lancashire Constabulary,-2.801548,54.058304,On or near Petrol Station,E01025150,Lancaster 011B,Anti-social behaviour,,
,2019-05,Lancashire Constabulary,Lancashire Constabulary,-2.801548,54.058304,On or near Petrol Station,E01025150,Lancaster 011B,Anti-social behaviour,,
,2019-05,Lancashire Constabulary,Lancashire Constabulary,-2.806534,54.060985,On or near Noel Road,E01025150,Lancaster 011B,Anti-social behaviour,,
,2019-05,Lancashire Constabulary,Lancashire Constabulary,-2.801548,54.058304,On or near Petrol Station,E01025150,Lancaster 011B,Anti-social behaviour,,
,2019-05,Lancashire Constabulary,Lancashire Constabulary,-2.801548,54.058304,On or near Petrol Station,E01025150,Lancaster 011B,Anti-social behaviour,,
,2019-05,Lancashire Constabulary,Lancashire Constabulary,-2.801548,54.058304,On or near Petrol Station,E01025150,Lancaster 011B,Anti-social behaviour,,
,2019-05,Lancashire Constabulary,Lancashire Constabulary,-2.801548,54.058304,On or near Petrol Station,E01025150,Lancaster 011B,Anti-social behaviour,,
,2019-05,Lancashire Constabulary,Lancashire Constabulary,-2.801548,54.058304,On or near Petrol Station,E01025150,Lancaster 011B,Anti-social behaviour,,
ed78bfe41e82979119b24d6c326b3f9b698321883371f3bb3cea80a285a669fc,2019-05,Lancashire Constabulary,Lancashire Constabulary,-2.806534,54.060985,On or near Noel Road,E01025150,Lancaster 011B,Burglary,Status update unavailable,
929fa822a97648eeeec8944399eef5c7f51684738aaddf907dc2eb0b18cd38ba,2019-05,Lancashire Constabulary,Lancashire Constabulary,-2.806534,54.060985,On or near Noel Road,E01025150,Lancaster 011B,Criminal damage and arson,Status update unavailable,
8b406bbffdc519b97020e57a5e93877cad40e3f6f1dd5eeaf775ec7bc6279ff5,2019-05,Lancashire Constabulary,Lancashire Constabulary,-2.808943,54.060699,On or near Edenvale Road,E01025150,Lancaster 011B,Criminal damage and arson,Unable to prosecute suspect,
d4bd435f21d364d1184ae0f87a8321cb15e42edb933992cdb60ae906bd41b6b6,2019-05,Lancashire Constabulary,Lancashire Constabulary,-2.801548,54.058304,On or near Petrol Station,E01025150,Lancaster 011B,Other theft,Status update unavailable,
c2f4df6f4611c7feb12f990ff8090bb3e80c2f82f4a9ea4819947de09d739680,2019-05,Lancashire Constabulary,Lancashire Constabulary,-2.801548,54.058304,On or near Petrol Station,E01025150,Lancaster 011B,Shoplifting,Status update unavailable,
7f5dfeeb4a3afb29ed29f7ed6c4d401d026831fbfeb82f153fe2a63769e9c07b,2019-05,Lancashire Constabulary,Lancashire Constabulary,-2.808943,54.060699,On or near Edenvale Road,E01025150,Lancaster 011B,Violence and sexual offences,Status update unavailable,
0c6416cc66b7e0de4c311ffcd895b8eb50eaba7098326108e286763872d24d7f,2019-05,Lancashire Constabulary,Lancashire Constabulary,-2.804454,54.060873,On or near Fairhope Avenue,E01025150,Lancaster 011B,Violence and sexual offences,Status update unavailable,
47566ba7b5c72c20610dd735f0d4c8859ffd63e757270d5c550a7629aebe3a84,2019-05,Lancashire Constabulary,Lancashire Constabulary,-2.806534,54.060985,On or near Noel Road,E01025150,Lancaster 011B,Violence and sexual offences,Status update unavailable,
48b1e39ba3affdf8159c122f5eb06ff9ebd8fb2d325be696cf106627d93773ee,2019-05,Lancashire Constabulary,Lancashire Constabulary,-2.806534,54.060985,On or near Noel Road,E01025150,Lancaster 011B,Violence and sexual offences,Status update unavailable,
29f6cb8eebd11333b1e6e1ed4c8f3c0597bc5169728b6e789d8c78ae3094a598,2019-05,Lancashire Constabulary,Lancashire Constabulary,-2.806534,54.060985,On or near Noel Road,E01025150,Lancaster 011B,Violence and sexual offences,Status update unavailable,
954f1a883cc47bb1710f21e8fb33796334d1a3a3bf19e20960b5c6ec37aa9d01,2019-05,Lancashire Constabulary,Lancashire Constabulary,-2.808943,54.060699,On or near Edenvale Road,E01025150,Lancaster 011B,Violence and sexual offences,Status update unavailable,
e3fe29acd04488c090b0d7a3e5fcd283e1a986634af070f374748848e66ffa1e,2019-05,Lancashire Constabulary,Lancashire Constabulary,-2.806534,54.060985,On or near Noel Road,E01025150,Lancaster 011B,Violence and sexual offences,Status update unavailable,
fc593333a1470939cccedcb7ef0548317c50725593a202a3009d6812f0bf72aa,2019-05,Lancashire Constabulary,Lancashire Constabulary,-2.806534,54.060985,On or near Noel Road,E01025150,Lancaster 011B,Violence and sexual offences,Unable to prosecute suspect,
4f0aab88c59ceab3f98ab89df412802c2df33dde2a8d8ca34bf69edf9b3f8e84,2019-05,Lancashire Constabulary,Lancashire Constabulary,-2.808943,54.060699,On or near Edenvale Road,E01025150,Lancaster 011B,Violence and sexual offences,Status update unavailable,
a0a72798d5de1799dd73b9b8ad3151f2c159290045c41cd0e28323da910dc447,2019-05,Lancashire Constabulary,Lancashire Constabulary,-2.808943,54.060699,On or near Edenvale Road,E01025150,Lancaster 011B,Violence and sexual offences,Status update unavailable,
ec93365a3278e8d666cf0e3183c5dbc12c1ce5cb2d11dfe4a71ec506ade9e45b,2019-05,Lancashire Constabulary,Lancashire Constabulary,-2.808943,54.060699,On or near Edenvale Road,E01025150,Lancaster 011B,Violence and sexual offences,Status update unavailable,
,2019-05,Lancashire Constabulary,Lancashire Constabulary,-2.798621,54.058629,On or near Pinfold Lane,E01025151,Lancaster 011C,Anti-social behaviour,,
,2019-05,Lancashire Constabulary,Lancashire Constabulary,-2.797427,54.059293,On or near Kent Street,E01025151,Lancaster 011C,Anti-social behaviour,,
,2019-05,Lancashire Constabulary,Lancashire Constabulary,-2.798428,54.055718,On or near Chelsea Mews,E01025151,Lancaster 011C,Anti-social behaviour,,
,2019-05,Lancashire Constabulary,Lancashire Constabulary,-2.803556,54.055486,On or near Morecambe Road,E01025151,Lancaster 011C,Anti-social behaviour,,
,2019-05,Lancashire Constabulary,Lancashire Constabulary,-2.798485,54.053911,On or near Derby Road,E01025151,Lancaster 011C,Anti-social behaviour,,
,2019-05,Lancashire Constabulary,Lancashire Constabulary,-2.795774,54.059160,On or near The Ramparts,E01025151,Lancaster 011C,Anti-social behaviour,,
,2019-05,Lancashire Constabulary,Lancashire Constabulary,-2.798621,54.058629,On or near Pinfold Lane,E01025151,Lancaster 011C,Anti-social behaviour,,
,2019-05,Lancashire Constabulary,Lancashire Constabulary,-2.807410,54.058076,On or near Sports/Recreation Area,E01025151,Lancaster 011C,Anti-social behaviour,,
,2019-05,Lancashire Constabulary,Lancashire Constabulary,-2.798428,54.055718,On or near Chelsea Mews,E01025151,Lancaster 011C,Anti-social behaviour,,
,2019-05,Lancashire Constabulary,Lancashire Constabulary,-2.795774,54.059160,On or near The Ramparts,E01025151,Lancaster 011C,Anti-social behaviour,,
,2019-05,Lancashire Constabulary,Lancashire Constabulary,-2.798381,54.055701,On or near Bus/Coach Station,E01025151,Lancaster 011C,Anti-social behaviour,,
,2019-05,Lancashire Constabulary,Lancashire Constabulary,-2.807410,54.058076,On or near Sports/Recreation Area,E01025151,Lancaster 011C,Anti-social behaviour,,
dda232dd8da638d559632f47c738e0cf0ec4427f55d723a1189d755ec5e6e6d7,2019-05,Lancashire Constabulary,Lancashire Constabulary,-2.798477,54.059079,On or near Norfolk Street,E01025151,Lancaster 011C,Burglary,Status update unavailable,
28160f3db63d0dabe69c1e93d8da32fa8ed51ca8785d053ef80cbaf2c7d2cfc8,2019-05,Lancashire Constabulary,Lancashire Constabulary,-2.798428,54.055718,On or near Chelsea Mews,E01025151,Lancaster 011C,Burglary,Status update unavailable,
62225ec6ba0196b4b25ce05933bbb5dee294564b8d86086df0f8f946cb0de31e,2019-05,Lancashire Constabulary,Lancashire Constabulary,-2.802761,54.053892,On or near Greyhound Bridge Road,E01025151,Lancaster 011C,Burglary,Status update unavailable,
714c56aa441e6943cd04c541a834ad44129b1fc62bb70bb00c5f4dd836de80bc,2019-05,Lancashire Constabulary,Lancashire Constabulary,-2.798381,54.055701,On or near Bus/Coach Station,E01025151,Lancaster 011C,Criminal damage and arson,Status update unavailable,
a5706caf4b946dcff3f4334c75add4c4e98999cf776bdcfe378c52329b0af8ce,2019-05,Lancashire Constabulary,Lancashire Constabulary,-2.799356,54.053942,On or near Earl Street,E01025151,Lancaster 011C,Criminal damage and arson,Offender fined,
b2f8c70b8225fcd0462d600752c0b13798ee61f8bad7a0f22dd348e31b225cff,2019-05,Lancashire Constabulary,Lancashire Constabulary,-2.798347,54.059458,On or near Broadway,E01025151,Lancaster 011C,Criminal damage and arson,Status update unavailable,
9e6044866e81acc40fc41f2c5db30de7f682e488d70d85c7aca2caac5ee0854e,2019-05,Lancashire Constabulary,Lancashire Constabulary,-2.798095,54.059864,On or near Gardner Road,E01025151,Lancaster 011C,Criminal damage and arson,Formal action is not in the public interest,
b45a459d0784597a2147e4ee9a686670772f4210509aa8d8dbc058cbd76eaf35,2019-05,Lancashire Constabulary,Lancashire Constabulary,-2.800810,54.053321,On or near Lord Street,E01025151,Lancaster 011C,Other theft,Status update unavailable,
a81bc4e292c53e222851aee6b6f66f30a7adfd3cf259d272b0cf5922a149027a,2019-05,Lancashire Constabulary,Lancashire Constabulary,-2.802761,54.053892,On or near Greyhound Bridge Road,E01025151,Lancaster 011C,Other theft,Status update unavailable,
0404744bec2b58343c71481e0b5a9242a3cfed34a18b3f201377ac522f9296ed,2019-05,Lancashire Constabulary,Lancashire Constabulary,-2.803556,54.055486,On or near Morecambe Road,E01025151,Lancaster 011C,Possession of weapons,Local resolution,
f13195507def077be08a9828a2516344dcf89b2dc416ab410ae6afbbdbd9b8b9,2019-05,Lancashire Constabulary,Lancashire Constabulary,-2.803556,54.055486,On or near Morecambe Road,E01025151,Lancaster 011C,Possession of weapons,Formal action is not in the public interest,
d129e6f5635f2e3eb0f2df876c357bd15aa13fced592f81e91b78da10b89cfe4,2019-05,Lancashire Constabulary,Lancashire Constabulary,-2.803556,54.055486,On or near Morecambe Road,E01025151,Lancaster 011C,Robbery,Status update unavailable,
4e16e5ab07b5b78854c36ff9daf0001c890bfeeec5d832bef2f5b759b4c2fec3,2019-05,Lancashire Constabulary,Lancashire Constabulary,-2.800914,54.053131,On or near Back Lord Street,E01025151,Lancaster 011C,Robbery,Status update unavailable,
532a71533b51799fd341882593835d6cb354806f1e225d887a44c9a338f02ee4,2019-05,Lancashire Constabulary,Lancashire Constabulary,-2.798347,54.059458,On or near Broadway,E01025151,Lancaster 011C,Violence and sexual offences,Status update unavailable,
86e21ed9414d268442e95e6f8d91600bb3a623e12bfc50ee68336358d3a975f9,2019-05,Lancashire Constabulary,Lancashire Constabulary,-2.800914,54.053131,On or near Back Lord Street,E01025151,Lancaster 011C,Violence and sexual offences,Status update unavailable,
6276d053821aac6d477102ad51323596684698248a4eb3ff78795a2e98582b80,2019-05,Lancashire Constabulary,Lancashire Constabulary,-2.798095,54.059864,On or near Gardner Road,E01025151,Lancaster 011C,Violence and sexual offences,Formal action is not in the public interest,
fa1bfde98a8ce0669b343f15b691402c8469fdb51cdf9a26fb0a8db501df0b3a,2019-05,Lancashire Constabulary,Lancashire Constabulary,-2.795774,54.059160,On or near The Ramparts,E01025151,Lancaster 011C,Violence and sexual offences,Unable to prosecute suspect,
49f1d25f3aff188a7600fd0940660596d5ca11daf34bc7d4e6bdf760a5541323,2019-05,Lancashire Constabulary,Lancashire Constabulary,-2.803556,54.055486,On or near Morecambe Road,E01025151,Lancaster 011C,Violence and sexual offences,Status update unavailable,
55e9cdfd35657c623d3f190d3c00090ad909806d7090df38c203abc6a9e5d6e0,2019-05,Lancashire Constabulary,Lancashire Constabulary,-2.796676,54.056773,On or near Mainway,E01025151,Lancaster 011C,Violence and sexual offences,Unable to prosecute suspect,
b750ef01e4256837652c4f94234d0fb856bbad4f149aaa1e416c14286d34abf4,2019-05,Lancashire Constabulary,Lancashire Constabulary,-2.798347,54.059458,On or near Broadway,E01025151,Lancaster 011C,Violence and sexual offences,Investigation complete; no suspect identified,
b24936f263f1fdc503bf0d58d46bbf381b1b59ae9df369ac6a576b172db636ca,2019-05,Lancashire Constabulary,Lancashire Constabulary,-2.799356,54.053942,On or near Earl Street,E01025151,Lancaster 011C,Violence and sexual offences,Unable to prosecute suspect,
5a024305dbc10e3f274d5a1c68f4970b8a02c9180e86664bb2b3ef137bb21958,2019-05,Lancashire Constabulary,Lancashire Constabulary,-2.795774,54.059160,On or near The Ramparts,E01025151,Lancaster 011C,Violence and sexual offences,Unable to prosecute suspect,
fddbf4a8132fd7c18ca5306e23a9f95120ac5b7e2739ab1c46a48c9f5d541a13,2019-05,Lancashire Constabulary,Lancashire Constabulary,-2.798381,54.055701,On or near Bus/Coach Station,E01025151,Lancaster 011C,Violence and sexual offences,Status update unavailable,
,2019-05,Lancashire Constabulary,Lancashire Constabulary,-2.796090,54.063688,On or near Hill Road,E01025152,Lancaster 011D,Anti-social behaviour,,
,2019-05,Lancashire Constabulary,Lancashire Constabulary,-2.800832,54.066371,On or near Bolton Avenue,E01025152,Lancaster 011D,Anti-social behaviour,,
,2019-05,Lancashire Constabulary,Lancashire Constabulary,-2.798074,54.065958,On or near Ripon Avenue,E01025152,Lancaster 011D,Anti-social behaviour,,
,2019-05,Lancashire Constabulary,Lancashire Constabulary,-2.796090,54.063688,On or near Hill Road,E01025152,Lancaster 011D,Anti-social behaviour,,
,2019-05,Lancashire Constabulary,Lancashire Constabulary,-2.792994,54.068778,On or near Pollard Place,E01025152,Lancaster 011D,Anti-social behaviour,,
,2019-05,Lancashire Constabulary,Lancashire Constabulary,-2.800832,54.066371,On or near Bolton Avenue,E01025152,Lancaster 011D,Anti-social behaviour,,
,2019-05,Lancashire Constabulary,Lancashire Constabulary,-2.798074,54.065958,On or near Ripon Avenue,E01025152,Lancaster 011D,Anti-social behaviour,,
,2019-05,Lancashire Constabulary,Lancashire Constabulary,-2.798074,54.065958,On or near Ripon Avenue,E01025152,Lancaster 011D,Anti-social behaviour,,
,2019-05,Lancashire Constabulary,Lancashire Constabulary,-2.801579,54.066249,On or near Tall Trees,E01025152,Lancaster 011D,Anti-social behaviour,,
,2019-05,Lancashire Constabulary,Lancashire Constabulary,-2.796090,54.063688,On or near Hill Road,E01025152,Lancaster 011D,Anti-social behaviour,,
,2019-05,Lancashire Constabulary,Lancashire Constabulary,-2.798074,54.065958,On or near Ripon Avenue,E01025152,Lancaster 011D,Anti-social behaviour,,
,2019-05,Lancashire Constabulary,Lancashire Constabulary,-2.801579,54.066249,On or near Tall Trees,E01025152,Lancaster 011D,Anti-social behaviour,,
,2019-05,Lancashire Constabulary,Lancashire Constabulary,-2.796090,54.063688,On or near Hill Road,E01025152,Lancaster 011D,Anti-social behaviour,,
,2019-05,Lancashire Constabulary,Lancashire Constabulary,-2.798074,54.065958,On or near Ripon Avenue,E01025152,Lancaster 011D,Anti-social behaviour,,
,2019-05,Lancashire Constabulary,Lancashire Constabulary,-2.796090,54.063688,On or near Hill Road,E01025152,Lancaster 011D,Anti-social behaviour,,
,2019-05,Lancashire Constabulary,Lancashire Constabulary,-2.800003,54.065370,On or near Central Avenue,E01025152,Lancaster 011D,Anti-social behaviour,,
,2019-05,Lancashire Constabulary,Lancashire Constabulary,-2.799234,54.067496,On or near Beaumont Place,E01025152,Lancaster 011D,Anti-social behaviour,,
,2019-05,Lancashire Constabulary,Lancashire Constabulary,-2.796413,54.063785,On or near Mount Avenue,E01025152,Lancaster 011D,Anti-social behaviour,,
,2019-05,Lancashire Constabulary,Lancashire Constabulary,-2.796090,54.063688,On or near Hill Road,E01025152,Lancaster 011D,Anti-social behaviour,,
a4706d1051cd7cac06a4f2fb06e2008803f43f77ee1f71ca3e775c1c22bcf488,2019-05,Lancashire Constabulary,Lancashire Constabulary,-2.799234,54.067496,On or near Beaumont Place,E01025152,Lancaster 011D,Other theft,Unable to prosecute suspect,
2e4b21aceae940b232f013a8ca4e830f3c0062372bdefcc8797cc8b67d487217,2019-05,Lancashire Constabulary,Lancashire Constabulary,-2.796090,54.063688,On or near Hill Road,E01025152,Lancaster 011D,Public order,Status update unavailable,
a9fce565c3e78a9b4725c704eafb2e92e2f2a7a352420c437827b9ea624dfa2a,2019-05,Lancashire Constabulary,Lancashire Constabulary,-2.801579,54.066249,On or near Tall Trees,E01025152,Lancaster 011D,Shoplifting,Unable to prosecute suspect,
cd19bde687bcce3df5a427586b0e382d41c6ea313b096fcc00d696d8cbb28f7a,2019-05,Lancashire Constabulary,Lancashire Constabulary,-2.801579,54.066249,On or near Tall Trees,E01025152,Lancaster 011D,Shoplifting,Unable to prosecute suspect,
dd16c8514df5c6ca46ba00e92cd67a5181e4ecfb2e1dc3773051554f80d06426,2019-05,Lancashire Constabulary,Lancashire Constabulary,-2.798570,54.066323,On or near Richmond Avenue,E01025152,Lancaster 011D,Violence and sexual offences,Unable to prosecute suspect,
a57ddd18be665175586ab2d4d9ab856370d6592942daa0a9b428878cee151a08,2019-05,Lancashire Constabulary,Lancashire Constabulary,-2.801485,54.066951,On or near Hammerton Hall Lane,E01025152,Lancaster 011D,Violence and sexual offences,Status update unavailable,
56a7c2165be78dfa0d66db82c824fbc8b4af7c04539f3b342fedcd366243aff4,2019-05,Lancashire Constabulary,Lancashire Constabulary,-2.791624,54.068274,On or near Langton Close,E01025152,Lancaster 011D,Violence and sexual offences,Unable to prosecute suspect,
a52eae325c9a953e8ba7c4d8129703f41dfca917549ebe6a82f290844d62bcec,2019-05,Lancashire Constabulary,Lancashire Constabulary,-2.794603,54.068237,On or near Moss Place,E01025152,Lancaster 011D,Violence and sexual offences,Unable to prosecute suspect,
9500a2965e3dd1d044ef2b29a0fc4cfcf084b480452f9228d4c89fd2314006c5,2019-05,Lancashire Constabulary,Lancashire Constabulary,-2.795109,54.064306,On or near Halton Road,E01025152,Lancaster 011D,Violence and sexual offences,Unable to prosecute suspect,
53b85a853b11b4bcf3c6e68bdbb867dc98d1d6a958fffaff4adde4060fc3e7b2,2019-05,Lancashire Constabulary,Lancashire Constabulary,-2.797041,54.067861,On or near Green Lane,E01025152,Lancaster 011D,Violence and sexual offences,Status update unavailable,
,2019-05,Lancashire Constabulary,Lancashire Constabulary,-2.811519,54.061185,On or near Sports/Recreation Area,E01025154,Lancaster 011E,Anti-social behaviour,,
,2019-05,Lancashire Constabulary,Lancashire Constabulary,-2.809113,54.062415,On or near Harcourt Road,E01025154,Lancaster 011E,Anti-social behaviour,,
,2019-05,Lancashire Constabulary,Lancashire Constabulary,-2.809113,54.062415,On or near Harcourt Road,E01025154,Lancaster 011E,Anti-social behaviour,,
,2019-05,Lancashire Constabulary,Lancashire Constabulary,-2.809113,54.062415,On or near Harcourt Road,E01025154,Lancaster 011E,Anti-social behaviour,,
,2019-05,Lancashire Constabulary,Lancashire Constabulary,-2.808602,54.062059,On or near Longlands Road,E01025154,Lancaster 011E,Anti-social behaviour,,
,2019-05,Lancashire Constabulary,Lancashire Constabulary,-2.810153,54.065607,On or near Greenset Close,E01025154,Lancaster 011E,Anti-social behaviour,,
5ac52fd7fa3707ec32044a9fcd556474b75a3456638b70aac7110f55235df7fb,2019-05,Lancashire Constabulary,Lancashire Constabulary,-2.809113,54.062415,On or near Harcourt Road,E01025154,Lancaster 011E,Burglary,Awaiting court outcome,
55f7572ac81b8612762d0f9481f9b071f70f784aced15ec32ec06cf9dd55915e,2019-05,Lancashire Constabulary,Lancashire Constabulary,-2.808888,54.064942,On or near Shakespeare Road,E01025154,Lancaster 011E,Burglary,Status update unavailable,
05b28c82e0d04c5d30927b571564973ed95122baa4b3194327dd6cf99fa08930,2019-05,Lancashire Constabulary,Lancashire Constabulary,-2.808000,54.063321,On or near Supermarket,E01025154,Lancaster 011E,Criminal damage and arson,Status update unavailable,
28de9b5730348be3a0ed57360c51d097b559f97e2a5fa8c5c06133d5bfc83d58,2019-05,Lancashire Constabulary,Lancashire Constabulary,-2.809758,54.063327,On or near Morley Road,E01025154,Lancaster 011E,Criminal damage and arson,Status update unavailable,
83fe4353fcf55df498dd152ddeb474381a0ce37b9532785c55cdac80c1a446f0,2019-05,Lancashire Constabulary,Lancashire Constabulary,-2.808888,54.064942,On or near Shakespeare Road,E01025154,Lancaster 011E,Criminal damage and arson,Status update unavailable,
3936303307165dbeebbb71d5be115c40bc8b8cb4fcbb3e65ee27acadae5e998b,2019-05,Lancashire Constabulary,Lancashire Constabulary,-2.809113,54.062415,On or near Harcourt Road,E01025154,Lancaster 011E,Criminal damage and arson,Status update unavailable,
94ec09fe2f0e57865633b896b86db5358b71da51a54f3dfb35f7578e191449dd,2019-05,Lancashire Constabulary,Lancashire Constabulary,-2.810153,54.065607,On or near Greenset Close,E01025154,Lancaster 011E,Criminal damage and arson,Status update unavailable,
66d6d9c8f03b7472e44b1d2903475a6e5c2b68b74b85e586b7be7b778b79104c,2019-05,Lancashire Constabulary,Lancashire Constabulary,-2.809758,54.063327,On or near Morley Road,E01025154,Lancaster 011E,Criminal damage and arson,Status update unavailable,
e1df161cecbb415d1ee573f694c671cc36b3bf79b61888a26692aea8f71db559,2019-05,Lancashire Constabulary,Lancashire Constabulary,-2.809113,54.062415,On or near Harcourt Road,E01025154,Lancaster 011E,Possession of weapons,Awaiting court outcome,
fd603dafadf3d607537c6a326fa82932cb66c26b15ac5217d633d2167be09ad6,2019-05,Lancashire Constabulary,Lancashire Constabulary,-2.808000,54.063321,On or near Supermarket,E01025154,Lancaster 011E,Robbery,Status update unavailable,
92ddb09a3760e2948b69c1b263ea1db54dbaae858048ed417f153d83490c4468,2019-05,Lancashire Constabulary,Lancashire Constabulary,-2.809113,54.062415,On or near Harcourt Road,E01025154,Lancaster 011E,Robbery,Unable to prosecute suspect,
9c4f273c3315ac38995b73e15834e65ebd8d9545d015c2b5af93e9dbc0d15e87,2019-05,Lancashire Constabulary,Lancashire Constabulary,-2.808000,54.063321,On or near Supermarket,E01025154,Lancaster 011E,Shoplifting,Local resolution,
eabd564e7b4972f0bc3b958730678b03e2c30dffd96777ea9bd5a6ad1b47f43d,2019-05,Lancashire Constabulary,Lancashire Constabulary,-2.808000,54.063321,On or near Supermarket,E01025154,Lancaster 011E,Shoplifting,Status update unavailable,
aff7fe1caf0d7c1bb23a8948e767852b02c8f2a1e9adc3a65f696abbac914ebe,2019-05,Lancashire Constabulary,Lancashire Constabulary,-2.810153,54.065607,On or near Greenset Close,E01025154,Lancaster 011E,Vehicle crime,Status update unavailable,
8f982e21b274e8cfa11c06969bd2713b0f410d909e97dd060d19eca4a3359edd,2019-05,Lancashire Constabulary,Lancashire Constabulary,-2.808000,54.063321,On or near Supermarket,E01025154,Lancaster 011E,Violence and sexual offences,Unable to prosecute suspect,
4355d160447f54e108065a76356506744165292e2cc015ced3aa0a7efd8d6f6c,2019-05,Lancashire Constabulary,Lancashire Constabulary,-2.806128,54.063666,On or near Hathaway Road,E01025154,Lancaster 011E,Violence and sexual offences,Unable to prosecute suspect,
d7d274cb0e0067f93de4c70ff53d69c46227f6d83002215f64216ad752fcdc7e,2019-05,Lancashire Constabulary,Lancashire Constabulary,-2.810347,54.063764,On or near Price Close,E01025154,Lancaster 011E,Violence and sexual offences,Unable to prosecute suspect,
5c2082ea52fe137ce56a57552a2e8467d132a8b2dffe4b6c3e609593ebfb3488,2019-05,Lancashire Constabulary,Lancashire Constabulary,-2.808000,54.063321,On or near Supermarket,E01025154,Lancaster 011E,Violence and sexual offences,Offender given community sentence,
e008028d39a50be822deba3f4e9a03eae957e6d4002d5e57fef3676246c66e68,2019-05,Lancashire Constabulary,Lancashire Constabulary,-2.809758,54.063327,On or near Morley Road,E01025154,Lancaster 011E,Violence and sexual offences,Awaiting court outcome,
4105c93e82b23160cb70a69a2ac603f5f4767600c820718e7116a318e105ac4f,2019-05,Lancashire Constabulary,Lancashire Constabulary,-2.809113,54.062415,On or near Harcourt Road,E01025154,Lancaster 011E,Violence and sexual offences,Unable to prosecute suspect,
2f37c018c6b5a11ad7fc21b9978108bc160c05d9d93ee838ab0ca3428e6ababa,2019-05,Lancashire Constabulary,Lancashire Constabulary,-2.809758,54.063327,On or near Morley Road,E01025154,Lancaster 011E,Violence and sexual offences,Status update unavailable,
259da9ed10a23a94a0dafc5a09f3076242f598c0fd037cf1b4947c1114e5aaf8,2019-05,Lancashire Constabulary,Lancashire Constabulary,-2.808000,54.063321,On or near Supermarket,E01025154,Lancaster 011E,Violence and sexual offences,Status update unavailable,
0e318ad17f53020a132c5053b211f364c0241c616c50c05f5db4c259dab793dc,2019-05,Lancashire Constabulary,Lancashire Constabulary,-2.808000,54.063321,On or near Supermarket,E01025154,Lancaster 011E,Other crime,Further investigation is not in the public interest,
,2019-05,Lancashire Constabulary,Lancashire Constabulary,-2.788220,54.053134,On or near Firbank Road,E01025091,Lancaster 013A,Anti-social behaviour,,
,2019-05,Lancashire Constabulary,Lancashire Constabulary,-2.791047,54.055596,On or near Mardale Road,E01025091,Lancaster 013A,Anti-social behaviour,,
,2019-05,Lancashire Constabulary,Lancashire Constabulary,-2.785961,54.055657,On or near Thirlmere Road,E01025091,Lancaster 013A,Anti-social behaviour,,
,2019-05,Lancashire Constabulary,Lancashire Constabulary,-2.787796,54.055761,On or near Lingmoor Road,E01025091,Lancaster 013A,Anti-social behaviour,,
,2019-05,Lancashire Constabulary,Lancashire Constabulary,-2.782786,54.054949,On or near Crag Road,E01025091,Lancaster 013A,Anti-social behaviour,,
f6fa6e5220634f0bef9163b2e416232665adfc7e31589c8188883a223a7d1e67,2019-05,Lancashire Constabulary,Lancashire Constabulary,-2.789581,54.054015,On or near Bowness Road,E01025091,Lancaster 013A,Burglary,Status update unavailable,
ac0ae753440aea260c097dde57edf2787f75cc54229ac8a41082558d572f5e4d,2019-05,Lancashire Constabulary,Lancashire Constabulary,-2.785961,54.055657,On or near Thirlmere Road,E01025091,Lancaster 013A,Burglary,Status update unavailable,
b39cb8b30544fb02c939e8baa9de5dfea10dafd91f27bf67a8d5fc4d838b3283,2019-05,Lancashire Constabulary,Lancashire Constabulary,-2.790583,54.055285,On or near Elterwater Place,E01025091,Lancaster 013A,Criminal damage and arson,Status update unavailable,
41121de3d4e88ad921c2f0085497f68bc4b75d4b5e4ae821f111f095e00b0348,2019-05,Lancashire Constabulary,Lancashire Constabulary,-2.792045,54.053469,On or near Grebe Wharf,E01025091,Lancaster 013A,Criminal damage and arson,Status update unavailable,
00a6a8c446df201bd301b649d920ffa3a0368a90cf761254867f9b76a249c098,2019-05,Lancashire Constabulary,Lancashire Constabulary,-2.785961,54.055657,On or near Thirlmere Road,E01025091,Lancaster 013A,Public order,Awaiting court outcome,
05b5ecdb78b9ff05b2780fcf3a3f7940ff4b8da70d9a3637903754c37105547f,2019-05,Lancashire Constabulary,Lancashire Constabulary,-2.784590,54.055018,On or near Buttermere Road,E01025091,Lancaster 013A,Violence and sexual offences,Unable to prosecute suspect,
17d57ff2f3f9985a1625f04e5c90f541c155e85fde6b9d2a447ef5c761806247,2019-05,Lancashire Constabulary,Lancashire Constabulary,-2.782786,54.054949,On or near Crag Road,E01025091,Lancaster 013A,Violence and sexual offences,Action to be taken by another organisation,
05c47d1f40868e3faf4be5aa74bb09174ad0e1e8434fa028601d69c65b7a2a00,2019-05,Lancashire Constabulary,Lancashire Constabulary,-2.789581,54.054015,On or near Bowness Road,E01025091,Lancaster 013A,Violence and sexual offences,Unable to prosecute suspect,
b21742da55849a111de82d219a6bc6666ee3b33a2d41dc71ecf66990404f7088,2019-05,Lancashire Constabulary,Lancashire Constabulary,-2.788220,54.053134,On or near Firbank Road,E01025091,Lancaster 013A,Violence and sexual offences,Status update unavailable,
6c3e215d59f3f4437e507424afb398e0c2c998f0623df7f78d4887edb5dea522,2019-05,Lancashire Constabulary,Lancashire Constabulary,-2.787796,54.055761,On or near Lingmoor Road,E01025091,Lancaster 013A,Violence and sexual offences,Local resolution,
099bfb0c4ea1351ed67b513799fa0d0deb0bb1f1ec373637d9b9d8c3ff9d13cc,2019-05,Lancashire Constabulary,Lancashire Constabulary,-2.785713,54.054670,On or near Keswick Road,E01025091,Lancaster 013A,Other crime,Status update unavailable,
,2019-05,Lancashire Constabulary,Lancashire Constabulary,-2.788871,54.058469,On or near Scafell Road,E01025092,Lancaster 013B,Anti-social behaviour,,
,2019-05,Lancashire Constabulary,Lancashire Constabulary,-2.788871,54.058469,On or near Scafell Road,E01025092,Lancaster 013B,Anti-social behaviour,,
123a958aa45d9886f15cfac20c32c99107f06cb4386d65db1ee2ad6b205c6665,2019-05,Lancashire Constabulary,Lancashire Constabulary,-2.788254,54.059749,On or near Grizedale Road,E01025092,Lancaster 013B,Criminal damage and arson,Offender given a caution,
30c00c480ba07822e3669d5bb6122161eba9d8548817713d71ec62e8dd65b7df,2019-05,Lancashire Constabulary,Lancashire Constabulary,-2.787441,54.055539,On or near Patterdale Road,E01025092,Lancaster 013B,Criminal damage and arson,Status update unavailable,
cff81e6f3abd371f7252b72c84915bf8b725e718ad304029342eb2a3c480388e,2019-05,Lancashire Constabulary,Lancashire Constabulary,-2.788348,54.062319,On or near Petrol Station,E01025092,Lancaster 013B,Other theft,Status update unavailable,
8c1a974bf82577d971731cc022e2b01681062d333256d2180ddf5cdcab4e5a65,2019-05,Lancashire Constabulary,Lancashire Constabulary,-2.785995,54.058272,On or near Cartmel Road,E01025092,Lancaster 013B,Other theft,Local resolution,
81a80bfe36d6e8e0cc2a21760c60a60b3466b3cf5f0aa3d56e4a98b34e02ee58,2019-05,Lancashire Constabulary,Lancashire Constabulary,-2.785995,54.058272,On or near Cartmel Road,E01025092,Lancaster 013B,Other theft,Status update unavailable,
9e7edad116846198d1c94f6c68785d605f786cff763f995cb1a3d2665663a5f0,2019-05,Lancashire Constabulary,Lancashire Constabulary,-2.785995,54.058272,On or near Cartmel Road,E01025092,Lancaster 013B,Other theft,Status update unavailable,
f599ba03b02f138b738605c1c749ee676712eadafce39689fee14dc96187c77a,2019-05,Lancashire Constabulary,Lancashire Constabulary,-2.788871,54.058469,On or near Scafell Road,E01025092,Lancaster 013B,Robbery,Status update unavailable,
d3c059259b308a0ec17f6fd8a83456f28925a49b6988ac38320f9986f0acb0bd,2019-05,Lancashire Constabulary,Lancashire Constabulary,-2.785514,54.058697,On or near Ennerdale Close,E01025092,Lancaster 013B,Violence and sexual offences,Unable to prosecute suspect,
e20f7e7d7ccc1191de6e17bd80b694ca7f4ae2c1dd67dfc61380d48cb4155c33,2019-05,Lancashire Constabulary,Lancashire Constabulary,-2.787600,54.056689,On or near Ambleside Road,E01025092,Lancaster 013B,Violence and sexual offences,Status update unavailable,
8c758c33d128d690a227033fdcb0a697bf036c57a55f4c759fccc84d75e690fe,2019-05,Lancashire Constabulary,Lancashire Constabulary,-2.783038,54.056179,On or near Lyth Road,E01025092,Lancaster 013B,Violence and sexual offences,Status update unavailable,
5a2b8fb25cabfe0a82a07dca1ee4061d275511db2e3043136e5cd26ca2b15f93,2019-05,Lancashire Constabulary,Lancashire Constabulary,-2.788871,54.058469,On or near Scafell Road,E01025092,Lancaster 013B,Violence and sexual offences,Offender given conditional discharge,
c4477d2a3abc09baea86228f2d85402452cdb2315e30539168e3e4e36e1b64b2,2019-05,Lancashire Constabulary,Lancashire Constabulary,-2.787600,54.056689,On or near Ambleside Road,E01025092,Lancaster 013B,Violence and sexual offences,Status update unavailable,
88efa27300699fb77d255d8e1323c2c0e8f346610b908498c899b55581b89478,2019-05,Lancashire Constabulary,Lancashire Constabulary,-2.787441,54.055539,On or near Patterdale Road,E01025092,Lancaster 013B,Violence and sexual offences,Unable to prosecute suspect,
798304faacc0ca1c32e22b3aaeb0a41fb4938bd2f81ae69ea1ab78fe6d78339a,2019-05,Lancashire Constabulary,Lancashire Constabulary,-2.788871,54.058469,On or near Scafell Road,E01025092,Lancaster 013B,Violence and sexual offences,Status update unavailable,
b9ae960d7a09fc2507c8456698fd9105039bfad15d8824697e42dee0e2ae4521,2019-05,Lancashire Constabulary,Lancashire Constabulary,-2.788348,54.062319,On or near Petrol Station,E01025092,Lancaster 013B,Other crime,Local resolution,
71ff77d91f49d1ff949211dc7b17a16ef9c3e05e1c596a24aadef8e819b2ea3a,2019-05,Lancashire Constabulary,Lancashire Constabulary,-2.785514,54.058697,On or near Ennerdale Close,E01025092,Lancaster 013B,Other crime,Unable to prosecute suspect,
,2019-05,Lancashire Constabulary,Lancashire Constabulary,-2.790372,54.050631,On or near Ulleswater Road,E01025095,Lancaster 013C,Anti-social behaviour,,
,2019-05,Lancashire Constabulary,Lancashire Constabulary,-2.787127,54.063199,On or near Sports/Recreation Area,E01025095,Lancaster 013C,Anti-social behaviour,,
,2019-05,Lancashire Constabulary,Lancashire Constabulary,-2.787127,54.063199,On or near Sports/Recreation Area,E01025095,Lancaster 013C,Anti-social behaviour,,
,2019-05,Lancashire Constabulary,Lancashire Constabulary,-2.775515,54.053361,On or near Hospital,E01025095,Lancaster 013C,Anti-social behaviour,,
04a124d2f7acdbbf238bccc032e935b97020d5b03e02698196cc214599fa4874,2019-05,Lancashire Constabulary,Lancashire Constabulary,-2.787127,54.063199,On or near Sports/Recreation Area,E01025095,Lancaster 013C,Criminal damage and arson,Status update unavailable,
0ff46d7486f777871968ac505e2c1989491be42b94e729d423e4fc6a690fbb19,2019-05,Lancashire Constabulary,Lancashire Constabulary,-2.790372,54.050631,On or near Ulleswater Road,E01025095,Lancaster 013C,Criminal damage and arson,Status update unavailable,
dca60c7c7fe6a063db25a1430c0328044454262ce8c69320c776ccb27c798833,2019-05,Lancashire Constabulary,Lancashire Constabulary,-2.773502,54.051037,On or near Far Moor Lane,E01025095,Lancaster 013C,Drugs,Offender given penalty notice,
3f91d38287554492c5c07fa0fee53c34ad2051d0a56f0d176cdcdf0d707ac230,2019-05,Lancashire Constabulary,Lancashire Constabulary,-2.788780,54.048834,On or near Rydal Road,E01025095,Lancaster 013C,Other theft,Unable to prosecute suspect,
35c68a2e9883c4252352c043df4b494a0208f7af09fe42cf735ea9a9daf6fadc,2019-05,Lancashire Constabulary,Lancashire Constabulary,-2.786189,54.049921,On or near Derwent Road,E01025095,Lancaster 013C,Other theft,Status update unavailable,
78e678570028f46732ffceef4337da5fd9122ca694221a90fbfef6efe8b00f1b,2019-05,Lancashire Constabulary,Lancashire Constabulary,-2.773502,54.051037,On or near Far Moor Lane,E01025095,Lancaster 013C,Other theft,Status update unavailable,
13f85f71803c4d38588ab68bf461f7a4157ad73282ff6547b00c745b195d125e,2019-05,Lancashire Constabulary,Lancashire Constabulary,-2.773502,54.051037,On or near Far Moor Lane,E01025095,Lancaster 013C,Violence and sexual offences,Status update unavailable,
f77f560f51f6aa29786b5af63b207fb2b51e9f0a1fbae553643a1e5b9cef7dcd,2019-05,Lancashire Constabulary,Lancashire Constabulary,-2.773502,54.051037,On or near Far Moor Lane,E01025095,Lancaster 013C,Violence and sexual offences,Status update unavailable,
ccc01839f8d71ea9001eab8a9d737d0966dc7aab85d41b39f8dc5ac13f0875bc,2019-05,Lancashire Constabulary,Lancashire Constabulary,-2.769047,54.048836,On or near Sports/Recreation Area,E01025095,Lancaster 013C,Violence and sexual offences,Status update unavailable,
b3f678b87564c168291d2669847adf7025a854e843a64c8a54904b7d4a41d5cb,2019-05,Lancashire Constabulary,Lancashire Constabulary,-2.773502,54.051037,On or near Far Moor Lane,E01025095,Lancaster 013C,Violence and sexual offences,Status update unavailable,
,2019-05,Lancashire Constabulary,Lancashire Constabulary,-2.777688,54.046192,On or near Redwood Heights,E01025126,Lancaster 013D,Anti-social behaviour,,
,2019-05,Lancashire Constabulary,Lancashire Constabulary,-2.777688,54.046192,On or near Redwood Heights,E01025126,Lancaster 013D,Anti-social behaviour,,
,2019-05,Lancashire Constabulary,Lancashire Constabulary,-2.787874,54.045344,On or near Ayr Street,E01025126,Lancaster 013D,Anti-social behaviour,,
,2019-05,Lancashire Constabulary,Lancashire Constabulary,-2.777688,54.046192,On or near Redwood Heights,E01025126,Lancaster 013D,Anti-social behaviour,,
97f8f47ddc66792c08d0d31ec00dd3170d036805cb583ec2199f99944a97a618,2019-05,Lancashire Constabulary,Lancashire Constabulary,-2.786564,54.043888,On or near Park Avenue,E01025126,Lancaster 013D,Criminal damage and arson,Status update unavailable,
9fdf2e688d5c0077ce49d02724cc85e91126f320abf78e1ef7f309b985e4fea5,2019-05,Lancashire Constabulary,Lancashire Constabulary,-2.787275,54.044368,On or near Wyresdale Gardens,E01025126,Lancaster 013D,Criminal damage and arson,Status update unavailable,
a80aef0b76a43fb421d84473fc8680237c05707012c3a3f6a9a60aa3bc7e6384,2019-05,Lancashire Constabulary,Lancashire Constabulary,-2.786564,54.043888,On or near Park Avenue,E01025126,Lancaster 013D,Criminal damage and arson,Status update unavailable,
07ad976f319d858300cb6abeecd711e9d55a0f061f8045fa322b848c877c67f3,2019-05,Lancashire Constabulary,Lancashire Constabulary,-2.786564,54.043888,On or near Park Avenue,E01025126,Lancaster 013D,Criminal damage and arson,Status update unavailable,
adad62296845f1d3fcd27e0594e73683c3e56a44a7191baed82cf74671f37b21,2019-05,Lancashire Constabulary,Lancashire Constabulary,-2.786564,54.043888,On or near Park Avenue,E01025126,Lancaster 013D,Criminal damage and arson,Status update unavailable,
8dcc14ef8a8f57f9e266019ca4752e97117764f3ae3354b99a4559f955879f7a,2019-05,Lancashire Constabulary,Lancashire Constabulary,-2.786564,54.043888,On or near Park Avenue,E01025126,Lancaster 013D,Criminal damage and arson,Status update unavailable,
ef66386a9504071863c2e0bd87d534010fea7650e6032974252cdb1eab1e718f,2019-05,Lancashire Constabulary,Lancashire Constabulary,-2.787874,54.045344,On or near Ayr Street,E01025126,Lancaster 013D,Criminal damage and arson,Status update unavailable,
af8916e3b0c864ba2ea2d9ec7ceb142f65ef622823e2d3b977b6e038fcde80ec,2019-05,Lancashire Constabulary,Lancashire Constabulary,-2.778489,54.040004,On or near Parking Area,E01025126,Lancaster 013D,Other theft,Unable to prosecute suspect,
cdadc45fcaa316ef386b9b0a60e0d3115a4dc382f7663a16ce082b1417ced9db,2019-05,Lancashire Constabulary,Lancashire Constabulary,-2.772499,54.046379,On or near Masonfield Crescent,E01025126,Lancaster 013D,Violence and sexual offences,Status update unavailable,
834f924366bcf35a0cd79749c685bb0ebe0873b21c02588c3c849c52d95ca851,2019-05,Lancashire Constabulary,Lancashire Constabulary,-2.777688,54.046192,On or near Redwood Heights,E01025126,Lancaster 013D,Violence and sexual offences,Status update unavailable,
42c01895a5b74e78913cfa76c46e1009cdf276bde61bbf53fba54e8e66ad11d5,2019-05,Lancashire Constabulary,Lancashire Constabulary,-2.777688,54.046192,On or near Redwood Heights,E01025126,Lancaster 013D,Violence and sexual offences,Status update unavailable,
d494ea0187019f2900f6b24c5b7ea238eab2ab262776cc4f3189a69c1a32417b,2019-05,Lancashire Constabulary,Lancashire Constabulary,-2.777373,54.047300,On or near Parkgate Drive,E01025126,Lancaster 013D,Violence and sexual offences,Status update unavailable,
,2019-05,Lancashire Constabulary,Lancashire Constabulary,-2.800205,54.051231,On or near Water Street,E01025093,Lancaster 014A,Anti-social behaviour,,
,2019-05,Lancashire Constabulary,Lancashire Constabulary,-2.796404,54.051373,On or near Phoenix Street,E01025093,Lancaster 014A,Anti-social behaviour,,
,2019-05,Lancashire Constabulary,Lancashire Constabulary,-2.801009,54.050920,On or near St John'S Mews,E01025093,Lancaster 014A,Anti-social behaviour,,
,2019-05,Lancashire Constabulary,Lancashire Constabulary,-2.794174,54.054551,On or near Kingsway,E01025093,Lancaster 014A,Anti-social behaviour,,
,2019-05,Lancashire Constabulary,Lancashire Constabulary,-2.799612,54.050578,On or near Chapel Street,E01025093,Lancaster 014A,Anti-social behaviour,,
,2019-05,Lancashire Constabulary,Lancashire Constabulary,-2.794174,54.054551,On or near Kingsway,E01025093,Lancaster 014A,Anti-social behaviour,,
,2019-05,Lancashire Constabulary,Lancashire Constabulary,-2.799612,54.050578,On or near Chapel Street,E01025093,Lancaster 014A,Anti-social behaviour,,
,2019-05,Lancashire Constabulary,Lancashire Constabulary,-2.802531,54.051476,On or near Damside Street,E01025093,Lancaster 014A,Anti-social behaviour,,
,2019-05,Lancashire Constabulary,Lancashire Constabulary,-2.793039,54.053507,On or near Bulk Road,E01025093,Lancaster 014A,Anti-social behaviour,,
,2019-05,Lancashire Constabulary,Lancashire Constabulary,-2.794174,54.054551,On or near Kingsway,E01025093,Lancaster 014A,Anti-social behaviour,,
,2019-05,Lancashire Constabulary,Lancashire Constabulary,-2.794174,54.054551,On or near Kingsway,E01025093,Lancaster 014A,Anti-social behaviour,,
,2019-05,Lancashire Constabulary,Lancashire Constabulary,-2.800205,54.051231,On or near Water Street,E01025093,Lancaster 014A,Anti-social behaviour,,
,2019-05,Lancashire Constabulary,Lancashire Constabulary,-2.800205,54.051231,On or near Water Street,E01025093,Lancaster 014A,Anti-social behaviour,,
14baf7aac5d0fd1263f13bcb9245dc18f2c084bd9c2e937c74ff9e64857469a4,2019-05,Lancashire Constabulary,Lancashire Constabulary,-2.800205,54.051231,On or near Water Street,E01025093,Lancaster 014A,Bicycle theft,Status update unavailable,
01b2896adcbc17ce1c10f756cf664fd71ce31806e3b2cfd842f2f18097b62688,2019-05,Lancashire Constabulary,Lancashire Constabulary,-2.801009,54.050920,On or near St John'S Mews,E01025093,Lancaster 014A,Bicycle theft,Status update unavailable,
031c359560d1f6c0f64a25d32a3961d64da44cbc56d4bfd2e3786542e0a0720d,2019-05,Lancashire Constabulary,Lancashire Constabulary,-2.801009,54.050920,On or near St John'S Mews,E01025093,Lancaster 014A,Burglary,Status update unavailable,
8d40021c7004c4e5fa9b73fb2dd2d5079788fc3632b851d1c70a19cb8e42c701,2019-05,Lancashire Constabulary,Lancashire Constabulary,-2.792707,54.052916,On or near Green Street,E01025093,Lancaster 014A,Burglary,Status update unavailable,
20fbee84527708ac23e105c675846eb5987d4e7c610e69f036ededb089143d2e,2019-05,Lancashire Constabulary,Lancashire Constabulary,-2.801009,54.050920,On or near St John'S Mews,E01025093,Lancaster 014A,Criminal damage and arson,Status update unavailable,
9002f26818fe99d6ca105e76f991372661cc11031d7774e3d12f3629839e4885,2019-05,Lancashire Constabulary,Lancashire Constabulary,-2.793700,54.052110,On or near Factory Hill,E01025093,Lancaster 014A,Criminal damage and arson,Unable to prosecute suspect,
e36f8ec54bf9cf910eadf280699e0a4a446ae718e73d943ec78799a74f999c9a,2019-05,Lancashire Constabulary,Lancashire Constabulary,-2.796531,54.050815,On or near Nightclub,E01025093,Lancaster 014A,Other theft,Status update unavailable,
fd4fd9c5bd7600c4a237145ad1c6521bef85f5644b88c7bd55f0e4313c9aa3e5,2019-05,Lancashire Constabulary,Lancashire Constabulary,-2.800205,54.051231,On or near Water Street,E01025093,Lancaster 014A,Other theft,Status update unavailable,
99b77c8d2041d64c38333ac066346b5e5bc1662a7d38758afbd9cbbccd118adc,2019-05,Lancashire Constabulary,Lancashire Constabulary,-2.803775,54.052582,On or near St George'S Quay,E01025093,Lancaster 014A,Other theft,Status update unavailable,
1c5c8204f973fff1204eaeeb026e6aacb5689cd44dd98f36f92d7838476ae2ac,2019-05,Lancashire Constabulary,Lancashire Constabulary,-2.797932,54.050581,On or near North Road,E01025093,Lancaster 014A,Other theft,Status update unavailable,
4edef442002567021ccd9ba13c738f9d826dfcef6a7c060207fe4c8c4ed71433,2019-05,Lancashire Constabulary,Lancashire Constabulary,-2.792977,54.052672,On or near Hinde Street,E01025093,Lancaster 014A,Public order,Status update unavailable,
a004b797fe4f99d6603af12706aeadeaccde112f50cded3fb06c543fa677003e,2019-05,Lancashire Constabulary,Lancashire Constabulary,-2.801009,54.050920,On or near St John'S Mews,E01025093,Lancaster 014A,Public order,Status update unavailable,
785cb505141b38232d25bdb4c4478e78433117ad754d677e4b06d69e07e87750,2019-05,Lancashire Constabulary,Lancashire Constabulary,-2.796404,54.051373,On or near Phoenix Street,E01025093,Lancaster 014A,Shoplifting,Status update unavailable,
62b074892146938fcc4f0e6e3c7d7bab10bb6eaaf725eb66ac7b6c116d3b9901,2019-05,Lancashire Constabulary,Lancashire Constabulary,-2.800205,54.051231,On or near Water Street,E01025093,Lancaster 014A,Shoplifting,Offender given penalty notice,
1057c5c0328dbbdd357c6f13a58e313643b42f8d113c15aa2c0ead0974f1d65c,2019-05,Lancashire Constabulary,Lancashire Constabulary,-2.796404,54.051373,On or near Phoenix Street,E01025093,Lancaster 014A,Shoplifting,Status update unavailable,
0e229129430094474e6c17f955bcb26c110717e550b9db8349df322c47cf5ebb,2019-05,Lancashire Constabulary,Lancashire Constabulary,-2.793039,54.053507,On or near Bulk Road,E01025093,Lancaster 014A,Shoplifting,Unable to prosecute suspect,
a0571d80f34b07d6c2c1c456dcbccc2e2990d92bffd4c754a825d68922368766,2019-05,Lancashire Constabulary,Lancashire Constabulary,-2.800205,54.051231,On or near Water Street,E01025093,Lancaster 014A,Shoplifting,Awaiting court outcome,
c3117250e0545d1874736790ae2dde5c5b6ee856f09d5f17bf931aea4033395b,2019-05,Lancashire Constabulary,Lancashire Constabulary,-2.793039,54.053507,On or near Bulk Road,E01025093,Lancaster 014A,Shoplifting,Unable to prosecute suspect,
e7e53f29e8eaae1b9ee7dbfc56346a066c88a141463463a892f6cab70be3996a,2019-05,Lancashire Constabulary,Lancashire Constabulary,-2.793039,54.053507,On or near Bulk Road,E01025093,Lancaster 014A,Vehicle crime,Status update unavailable,
1bf9927d66587dbfc3757f0caa5ca74de50f6cf509b88fc8cfd85cd69f217ab5,2019-05,Lancashire Constabulary,Lancashire Constabulary,-2.801009,54.050920,On or near St John'S Mews,E01025093,Lancaster 014A,Violence and sexual offences,Unable to prosecute suspect,
34f5294e9e51c26d9f6204555f0d41ed95029ef4da34f198f6a2fb1e65e3c430,2019-05,Lancashire Constabulary,Lancashire Constabulary,-2.793700,54.052110,On or near Factory Hill,E01025093,Lancaster 014A,Violence and sexual offences,Status update unavailable,
b0bd8a9993ca0cbf38ca2fb3e63c86a527dc8ff55d0a8c499da5a0a6c543f6fa,2019-05,Lancashire Constabulary,Lancashire Constabulary,-2.797677,54.052425,On or near Pedestrian Subway,E01025093,Lancaster 014A,Violence and sexual offences,Status update unavailable,
797b9efe3d4870c709265f62f90efae6d4ae53eca08f2f55e04c0aa3c9e6af05,2019-05,Lancashire Constabulary,Lancashire Constabulary,-2.792707,54.052916,On or near Green Street,E01025093,Lancaster 014A,Violence and sexual offences,Status update unavailable,
00f179ee1339b0a4f4e42af8eece09d61acf10bfc33c287787bf14ed61f4e83e,2019-05,Lancashire Constabulary,Lancashire Constabulary,-2.801009,54.050920,On or near St John'S Mews,E01025093,Lancaster 014A,Violence and sexual offences,Status update unavailable,
0cb59e5ce4443c607f076cb5960dc6e03be4f4e59576f341606eefd5a8fa0f5d,2019-05,Lancashire Constabulary,Lancashire Constabulary,-2.792707,54.052916,On or near Green Street,E01025093,Lancaster 014A,Violence and sexual offences,Unable to prosecute suspect,
d8a4c9d2b2825e1231f1ceba125afe9c08f9d5100efc64bd7b6ed20d6abcbdbe,2019-05,Lancashire Constabulary,Lancashire Constabulary,-2.798743,54.049847,On or near Rosemary Lane,E01025093,Lancaster 014A,Violence and sexual offences,Unable to prosecute suspect,
9a95780f8c064d630b9a6f68ae5e9424568e704e1799a02bdd7386d88f30c5cc,2019-05,Lancashire Constabulary,Lancashire Constabulary,-2.792896,54.051621,On or near Albion Mews,E01025093,Lancaster 014A,Violence and sexual offences,Local resolution,
2ebfcb67b8ea18f9ae0abc64530ec33d177885711571d449ccc8edaefbff2632,2019-05,Lancashire Constabulary,Lancashire Constabulary,-2.791244,54.052305,On or near Troutbeck Road,E01025093,Lancaster 014A,Violence and sexual offences,Status update unavailable,
d3e3dd8bf9ebca89780bdeab245ddadc2e39cd9a91db67ae64cc976439c5b896,2019-05,Lancashire Constabulary,Lancashire Constabulary,-2.798743,54.049847,On or near Rosemary Lane,E01025093,Lancaster 014A,Violence and sexual offences,Unable to prosecute suspect,
0907276d7b401aae1d6649a32f49acfcb3bd177cf9f863e8f79880c2c4f001c8,2019-05,Lancashire Constabulary,Lancashire Constabulary,-2.793039,54.053507,On or near Bulk Road,E01025093,Lancaster 014A,Violence and sexual offences,Awaiting court outcome,
df43e0d57157d19eb62006461bc708d777594bfb8dd89c3a12bd3ac6f9bb8968,2019-05,Lancashire Constabulary,Lancashire Constabulary,-2.797932,54.050581,On or near North Road,E01025093,Lancaster 014A,Other crime,Status update unavailable,
,2019-05,Lancashire Constabulary,Lancashire Constabulary,-2.791351,54.048314,On or near Moor Gate,E01025094,Lancaster 014B,Anti-social behaviour,,
,2019-05,Lancashire Constabulary,Lancashire Constabulary,-2.792310,54.048137,On or near Moor Close,E01025094,Lancaster 014B,Anti-social behaviour,,
bc3639dc03e0a53b9d5dec057f49e735dd612a37e789c6fde474c5f0d3dfc4d6,2019-05,Lancashire Constabulary,Lancashire Constabulary,-2.792273,54.051013,On or near Wolseley Street,E01025094,Lancaster 014B,Criminal damage and arson,Status update unavailable,
290c1e8b2a3fa0fafd3dcd82666b9f34d9ae5671aa921b54ea6962d58bcc0414,2019-05,Lancashire Constabulary,Lancashire Constabulary,-2.792939,54.049050,On or near Melbourne Road,E01025094,Lancaster 014B,Criminal damage and arson,Status update unavailable,
44a6ad9532db52f0cf99e13234539fadccb20014504ea01a4f8d050eeca04686,2019-05,Lancashire Constabulary,Lancashire Constabulary,-2.793564,54.049001,On or near Woodville Street,E01025094,Lancaster 014B,Criminal damage and arson,Status update unavailable,
6fdf79d905137660a92f1d7480aeaaafbcea98bae837f4312a48414215565323,2019-05,Lancashire Constabulary,Lancashire Constabulary,-2.791672,54.048312,On or near Moor Lane,E01025094,Lancaster 014B,Other theft,Status update unavailable,
8f51e0482286a644e9a074e0dfbe3302770f4526ccd6b0d4872ac96c8a8324a5,2019-05,Lancashire Constabulary,Lancashire Constabulary,-2.794030,54.047802,On or near St Peter'S Road,E01025094,Lancaster 014B,Other theft,Offender given penalty notice,
2671dca7b2426116046b2e7f8e18ff1c081d809707517cb6d0258f3462daeabb,2019-05,Lancashire Constabulary,Lancashire Constabulary,-2.793260,54.047457,On or near City Heights Close,E01025094,Lancaster 014B,Robbery,Status update unavailable,
53b6f1c263d8c546ac87b5c6d165b73d426eab014f6fcbbdf1d5a0855e3b9a78,2019-05,Lancashire Constabulary,Lancashire Constabulary,-2.793804,54.048765,On or near Bath Mill Lane,E01025094,Lancaster 014B,Violence and sexual offences,Unable to prosecute suspect,
,2019-05,Lancashire Constabulary,Lancashire Constabulary,-2.811930,54.050963,On or near Hubert Place,E01025099,Lancaster 014C,Anti-social behaviour,,
,2019-05,Lancashire Constabulary,Lancashire Constabulary,-2.806072,54.049735,On or near Prison,E01025099,Lancaster 014C,Anti-social behaviour,,
,2019-05,Lancashire Constabulary,Lancashire Constabulary,-2.803714,54.050245,On or near Church Street,E01025099,Lancaster 014C,Anti-social behaviour,,
,2019-05,Lancashire Constabulary,Lancashire Constabulary,-2.806382,54.047594,On or near Wheatfield Street,E01025099,Lancaster 014C,Anti-social behaviour,,
,2019-05,Lancashire Constabulary,Lancashire Constabulary,-2.808387,54.048632,On or near Station Road,E01025099,Lancaster 014C,Anti-social behaviour,,
,2019-05,Lancashire Constabulary,Lancashire Constabulary,-2.804375,54.048848,On or near Further/Higher Educational Building,E01025099,Lancaster 014C,Anti-social behaviour,,
,2019-05,Lancashire Constabulary,Lancashire Constabulary,-2.803169,54.050456,On or near Parking Area,E01025099,Lancaster 014C,Anti-social behaviour,,
,2019-05,Lancashire Constabulary,Lancashire Constabulary,-2.808100,54.048778,On or near Police Station,E01025099,Lancaster 014C,Anti-social behaviour,,
,2019-05,Lancashire Constabulary,Lancashire Constabulary,-2.808100,54.048778,On or near Police Station,E01025099,Lancaster 014C,Anti-social behaviour,,
,2019-05,Lancashire Constabulary,Lancashire Constabulary,-2.812998,54.052430,On or near Charnley Street,E01025099,Lancaster 014C,Anti-social behaviour,,
,2019-05,Lancashire Constabulary,Lancashire Constabulary,-2.802425,54.050721,On or near Bridge Lane,E01025099,Lancaster 014C,Anti-social behaviour,,
083bdccf6299243bbe29406f20fbc2a9d41b7f16fb14cba796338f64e33645fd,2019-05,Lancashire Constabulary,Lancashire Constabulary,-2.804375,54.048848,On or near Further/Higher Educational Building,E01025099,Lancaster 014C,Bicycle theft,Status update unavailable,
7b8a68d653efcea8e7cd91f0f92b387b57c9bd0db4da1446a448b2e884e20d8c,2019-05,Lancashire Constabulary,Lancashire Constabulary,-2.811930,54.050963,On or near Hubert Place,E01025099,Lancaster 014C,Burglary,Status update unavailable,
1b8cce3a55e4c4cc94c7a2821d5ccc0d85b687668bc83178c5738ec8bdc805a8,2019-05,Lancashire Constabulary,Lancashire Constabulary,-2.812998,54.052430,On or near Charnley Street,E01025099,Lancaster 014C,Criminal damage and arson,Status update unavailable,
23558eb4aaa8ca92a52158539a96f016a0f021cf29b49a553117fb1ce27e83bf,2019-05,Lancashire Constabulary,Lancashire Constabulary,-2.812998,54.052430,On or near Charnley Street,E01025099,Lancaster 014C,Criminal damage and arson,Status update unavailable,
5158e595f7e00f80ddafe805ca52c1685ca31dae8ac81fd2d066ff7f57d45767,2019-05,Lancashire Constabulary,Lancashire Constabulary,-2.812060,54.052104,On or near Furness Street,E01025099,Lancaster 014C,Criminal damage and arson,Status update unavailable,
3ce161369a1e3864a1c2b4d79afdccae7db8efebbe93d910db34de6bae8edfee,2019-05,Lancashire Constabulary,Lancashire Constabulary,-2.803169,54.050456,On or near Parking Area,E01025099,Lancaster 014C,Criminal damage and arson,Unable to prosecute suspect,
74b83ff851bf688c9be75eb5c6590a24411a85ad4c091e380f7782d9374d55b8,2019-05,Lancashire Constabulary,Lancashire Constabulary,-2.812998,54.052430,On or near Charnley Street,E01025099,Lancaster 014C,Criminal damage and arson,Status update unavailable,
f872542ff6c22a437e90bd6dd8adace2ae3af97e00aa8a56cb0fab3fa587743e,2019-05,Lancashire Constabulary,Lancashire Constabulary,-2.803224,54.049359,On or near China Street,E01025099,Lancaster 014C,Criminal damage and arson,Status update unavailable,
983bf9e4e75ce895e81ae220dbf48b348ecbcdb1721418b39821d35f4b840aed,2019-05,Lancashire Constabulary,Lancashire Constabulary,-2.804655,54.053061,On or near Pine Street,E01025099,Lancaster 014C,Criminal damage and arson,Status update unavailable,
b12c67ec45d0462735ffc08791bc3de8f19b4b4da21fc10c5b65adf93086395e,2019-05,Lancashire Constabulary,Lancashire Constabulary,-2.812998,54.052430,On or near Charnley Street,E01025099,Lancaster 014C,Criminal damage and arson,Status update unavailable,
fd6dacec0d0bda7dbb4551144f1d0cbbee9147766e75643116d46673f67dbd7b,2019-05,Lancashire Constabulary,Lancashire Constabulary,-2.805402,54.048257,On or near Meeting House Lane,E01025099,Lancaster 014C,Other theft,Status update unavailable,
f680b3b9018a5f024f2f4662942a12edeead17e2eee2879586ec31149b4506db,2019-05,Lancashire Constabulary,Lancashire Constabulary,-2.807934,54.046541,On or near Sibsey Street,E01025099,Lancaster 014C,Other theft,Unable to prosecute suspect,
f0dd81c7f104fabae5392c2c7d57eb44ceede6c5628422a9a68911161b771998,2019-05,Lancashire Constabulary,Lancashire Constabulary,-2.805402,54.048257,On or near Meeting House Lane,E01025099,Lancaster 014C,Public order,Unable to prosecute suspect,
164b462ce4c542e52ee1a7a958871bc562dcb851a79b3043c43cf9865e2cc10f,2019-05,Lancashire Constabulary,Lancashire Constabulary,-2.804375,54.048848,On or near Further/Higher Educational Building,E01025099,Lancaster 014C,Public order,Awaiting court outcome,
1f4bbd0dd189401e196243ae17b9f6743f1f911ba3141a4503aa206f14ae77f7,2019-05,Lancashire Constabulary,Lancashire Constabulary,-2.812762,54.051308,On or near Marsh Street,E01025099,Lancaster 014C,Violence and sexual offences,Unable to prosecute suspect,
88b45b4c23eae67d5ec3d45bcf0cd3eb282afead68dec13a3ba7f7c1e79d79db,2019-05,Lancashire Constabulary,Lancashire Constabulary,-2.811930,54.050963,On or near Hubert Place,E01025099,Lancaster 014C,Violence and sexual offences,Status update unavailable,
39d2d5d9744d696feccd5bae38ef0cbab08f4f80ffad25f157de8c1e2d2a0bfa,2019-05,Lancashire Constabulary,Lancashire Constabulary,-2.806072,54.049735,On or near Prison,E01025099,Lancaster 014C,Violence and sexual offences,Status update unavailable,
,2019-05,Lancashire Constabulary,Lancashire Constabulary,-2.797032,54.048250,On or near Sulyard Street,E01033071,Lancaster 014E,Anti-social behaviour,,
,2019-05,Lancashire Constabulary,Lancashire Constabulary,-2.801180,54.050307,On or near Damside Street,E01033071,Lancaster 014E,Anti-social behaviour,,
,2019-05,Lancashire Constabulary,Lancashire Constabulary,-2.799820,54.049480,On or near Church Street,E01033071,Lancaster 014E,Anti-social behaviour,,
,2019-05,Lancashire Constabulary,Lancashire Constabulary,-2.800593,54.046806,On or near Spring Garden Street,E01033071,Lancaster 014E,Anti-social behaviour,,
,2019-05,Lancashire Constabulary,Lancashire Constabulary,-2.801358,54.046873,On or near King Street,E01033071,Lancaster 014E,Anti-social behaviour,,
,2019-05,Lancashire Constabulary,Lancashire Constabulary,-2.799693,54.045248,On or near Penny Street,E01033071,Lancaster 014E,Anti-social behaviour,,
,2019-05,Lancashire Constabulary,Lancashire Constabulary,-2.799283,54.048576,On or near Shopping Area,E01033071,Lancaster 014E,Anti-social behaviour,,
,2019-05,Lancashire Constabulary,Lancashire Constabulary,-2.802463,54.049499,On or near Sun Street,E01033071,Lancaster 014E,Anti-social behaviour,,
,2019-05,Lancashire Constabulary,Lancashire Constabulary,-2.799693,54.045248,On or near Penny Street,E01033071,Lancaster 014E,Anti-social behaviour,,
,2019-05,Lancashire Constabulary,Lancashire Constabulary,-2.800214,54.047725,On or near Shopping Area,E01033071,Lancaster 014E,Anti-social behaviour,,
,2019-05,Lancashire Constabulary,Lancashire Constabulary,-2.803141,54.048227,On or near Kings Arms Close,E01033071,Lancaster 014E,Anti-social behaviour,,
,2019-05,Lancashire Constabulary,Lancashire Constabulary,-2.799460,54.048225,On or near Shopping Area,E01033071,Lancaster 014E,Anti-social behaviour,,
,2019-05,Lancashire Constabulary,Lancashire Constabulary,-2.797032,54.048250,On or near Sulyard Street,E01033071,Lancaster 014E,Anti-social behaviour,,
,2019-05,Lancashire Constabulary,Lancashire Constabulary,-2.799820,54.049480,On or near Church Street,E01033071,Lancaster 014E,Anti-social behaviour,,
,2019-05,Lancashire Constabulary,Lancashire Constabulary,-2.799893,54.046128,On or near Penny Street,E01033071,Lancaster 014E,Anti-social behaviour,,
,2019-05,Lancashire Constabulary,Lancashire Constabulary,-2.801155,54.049022,On or near Shopping Area,E01033071,Lancaster 014E,Anti-social behaviour,,
,2019-05,Lancashire Constabulary,Lancashire Constabulary,-2.800070,54.049793,On or near Calkeld Lane,E01033071,Lancaster 014E,Anti-social behaviour,,
,2019-05,Lancashire Constabulary,Lancashire Constabulary,-2.799820,54.049480,On or near Church Street,E01033071,Lancaster 014E,Anti-social behaviour,,
,2019-05,Lancashire Constabulary,Lancashire Constabulary,-2.800214,54.047725,On or near Shopping Area,E01033071,Lancaster 014E,Anti-social behaviour,,
,2019-05,Lancashire Constabulary,Lancashire Constabulary,-2.799693,54.045248,On or near Penny Street,E01033071,Lancaster 014E,Anti-social behaviour,,
,2019-05,Lancashire Constabulary,Lancashire Constabulary,-2.799820,54.049480,On or near Church Street,E01033071,Lancaster 014E,Anti-social behaviour,,
,2019-05,Lancashire Constabulary,Lancashire Constabulary,-2.799820,54.049480,On or near Church Street,E01033071,Lancaster 014E,Anti-social behaviour,,
,2019-05,Lancashire Constabulary,Lancashire Constabulary,-2.801180,54.050307,On or near Damside Street,E01033071,Lancaster 014E,Anti-social behaviour,,
,2019-05,Lancashire Constabulary,Lancashire Constabulary,-2.799820,54.049480,On or near Church Street,E01033071,Lancaster 014E,Anti-social behaviour,,
,2019-05,Lancashire Constabulary,Lancashire Constabulary,-2.800214,54.047725,On or near Shopping Area,E01033071,Lancaster 014E,Anti-social behaviour,,
,2019-05,Lancashire Constabulary,Lancashire Constabulary,-2.801180,54.050307,On or near Damside Street,E01033071,Lancaster 014E,Anti-social behaviour,,
,2019-05,Lancashire Constabulary,Lancashire Constabulary,-2.799893,54.046128,On or near Penny Street,E01033071,Lancaster 014E,Anti-social behaviour,,
,2019-05,Lancashire Constabulary,Lancashire Constabulary,-2.797032,54.048250,On or near Sulyard Street,E01033071,Lancaster 014E,Anti-social behaviour,,
,2019-05,Lancashire Constabulary,Lancashire Constabulary,-2.801400,54.048221,On or near Parking Area,E01033071,Lancaster 014E,Anti-social behaviour,,
,2019-05,Lancashire Constabulary,Lancashire Constabulary,-2.801400,54.048221,On or near Parking Area,E01033071,Lancaster 014E,Anti-social behaviour,,
,2019-05,Lancashire Constabulary,Lancashire Constabulary,-2.800506,54.048613,On or near Shopping Area,E01033071,Lancaster 014E,Anti-social behaviour,,
,2019-05,Lancashire Constabulary,Lancashire Constabulary,-2.799460,54.048225,On or near Shopping Area,E01033071,Lancaster 014E,Anti-social behaviour,,
,2019-05,Lancashire Constabulary,Lancashire Constabulary,-2.799820,54.049480,On or near Church Street,E01033071,Lancaster 014E,Anti-social behaviour,,
,2019-05,Lancashire Constabulary,Lancashire Constabulary,-2.800593,54.046806,On or near Spring Garden Street,E01033071,Lancaster 014E,Anti-social behaviour,,
,2019-05,Lancashire Constabulary,Lancashire Constabulary,-2.800214,54.047725,On or near Shopping Area,E01033071,Lancaster 014E,Anti-social behaviour,,
,2019-05,Lancashire Constabulary,Lancashire Constabulary,-2.799820,54.049480,On or near Church Street,E01033071,Lancaster 014E,Anti-social behaviour,,
0f5cf9fc641c20472a1fca0550d354f924d17dce39efba686cd9f5a1ca6043e7,2019-05,Lancashire Constabulary,Lancashire Constabulary,-2.800593,54.046806,On or near Spring Garden Street,E01033071,Lancaster 014E,Bicycle theft,Status update unavailable,
f7b475ec8c497c318a2ed1a4bdf7af0989e72650d62cdd14a1170b49455e390c,2019-05,Lancashire Constabulary,Lancashire Constabulary,-2.797607,54.048776,On or near Bridget Street,E01033071,Lancaster 014E,Criminal damage and arson,Status update unavailable,
ec63d42dc821b81d4ab16cbbce0809ed0836564739f754015ad6d85406beec74,2019-05,Lancashire Constabulary,Lancashire Constabulary,-2.799019,54.046727,On or near George Street,E01033071,Lancaster 014E,Criminal damage and arson,Unable to prosecute suspect,
df540170c90f104bc1dbee08679075be41e638d3f071fb12e1915d1f642523ff,2019-05,Lancashire Constabulary,Lancashire Constabulary,-2.799019,54.046727,On or near George Street,E01033071,Lancaster 014E,Criminal damage and arson,Awaiting court outcome,
2861b9e34b6519a8e177713902daf796d23f4a9d7a203e14d36783253e36d89d,2019-05,Lancashire Constabulary,Lancashire Constabulary,-2.800070,54.049793,On or near Calkeld Lane,E01033071,Lancaster 014E,Criminal damage and arson,Status update unavailable,
9870c6da8ef966afc2724304e82d8b618d2f687d20fbb7db8531fdb57ac58950,2019-05,Lancashire Constabulary,Lancashire Constabulary,-2.799019,54.046727,On or near George Street,E01033071,Lancaster 014E,Drugs,Awaiting court outcome,
97bb4491cd77af390b0c8d1df3bbc82f3797fcd515bacd643404eab72f5c27e7,2019-05,Lancashire Constabulary,Lancashire Constabulary,-2.799019,54.046727,On or near George Street,E01033071,Lancaster 014E,Drugs,Awaiting court outcome,
83d92be9f1953d284d972c9ead4cef8f6ff360e138fcf5f9b706f2a0aa7b8aac,2019-05,Lancashire Constabulary,Lancashire Constabulary,-2.799399,54.047461,On or near Brock Street,E01033071,Lancaster 014E,Drugs,Status update unavailable,
ccfb6f7697c7aaf9fde5c1212a1b33d809c48e67abc4d8fd59ac3ada9eb712e6,2019-05,Lancashire Constabulary,Lancashire Constabulary,-2.799674,54.049850,On or near North Road,E01033071,Lancaster 014E,Drugs,Further investigation is not in the public interest,
539622e4079f68d6fa276670cb4665feab566e315b4678664b253551ef61eba9,2019-05,Lancashire Constabulary,Lancashire Constabulary,-2.801009,54.048565,On or near Shopping Area,E01033071,Lancaster 014E,Other theft,Status update unavailable,
a5047d09c53d69085ba8fa89646b190d82079b419bbaf4226767389d851ed69b,2019-05,Lancashire Constabulary,Lancashire Constabulary,-2.798552,54.049453,On or near Parking Area,E01033071,Lancaster 014E,Other theft,Status update unavailable,
94c4be7c7e3076fc8503fe689783a88bd8eca65c9c03c804abb0eb0f0d9923b1,2019-05,Lancashire Constabulary,Lancashire Constabulary,-2.800070,54.049793,On or near Calkeld Lane,E01033071,Lancaster 014E,Other theft,Local resolution,
62a552261377fc2a203dc37dafcc1907c3a1af6dfd8682fd0567f4c1098f2131,2019-05,Lancashire Constabulary,Lancashire Constabulary,-2.796383,54.046241,On or near Parking Area,E01033071,Lancaster 014E,Other theft,Status update unavailable,
9fdbe04496f9ffc80703de1fb58577c56bbb25258c3ee0ef9dc448c781dd39f7,2019-05,Lancashire Constabulary,Lancashire Constabulary,-2.802388,54.047989,On or near King Street,E01033071,Lancaster 014E,Other theft,Status update unavailable,
86e6b118e64122fe009c07dc881b2d23cabae58600f4c5d794b380b50ddca751,2019-05,Lancashire Constabulary,Lancashire Constabulary,-2.800070,54.049793,On or near Calkeld Lane,E01033071,Lancaster 014E,Other theft,Status update unavailable,
1b83c53dac7cc664014caeb61e3c3e3c51c23dcf8fb0a5eecbb16ec01b2eb5e1,2019-05,Lancashire Constabulary,Lancashire Constabulary,-2.796488,54.048568,On or near Bryer Street,E01033071,Lancaster 014E,Other theft,Status update unavailable,
9e552ee81c547682779a0d7e36de93cb8acaf8be3ab44f75521b90466aaa060f,2019-05,Lancashire Constabulary,Lancashire Constabulary,-2.799820,54.049480,On or near Church Street,E01033071,Lancaster 014E,Other theft,Status update unavailable,
4fba4af0f32e0efab6ea2bf41e9f145ee5bb32537086bb2b016c94a5fb95aded,2019-05,Lancashire Constabulary,Lancashire Constabulary,-2.798552,54.049453,On or near Parking Area,E01033071,Lancaster 014E,Other theft,Status update unavailable,
3661936d6bcaeee710bf9dd1a426601c528bbf6ac32f988f05049bc6bfafbae3,2019-05,Lancashire Constabulary,Lancashire Constabulary,-2.796488,54.048568,On or near Bryer Street,E01033071,Lancaster 014E,Other theft,Status update unavailable,
9d5d3908d4c48f1b67430cd49d6193a4eaf22cc0db9e9f88353dcc6c9821c261,2019-05,Lancashire Constabulary,Lancashire Constabulary,-2.798814,54.047986,On or near Moor Street,E01033071,Lancaster 014E,Other theft,Status update unavailable,
1fd6231eb83d639ebcb6be94ca84b42b9b26077554c1a226541be42276fbb7b8,2019-05,Lancashire Constabulary,Lancashire Constabulary,-2.799019,54.046727,On or near George Street,E01033071,Lancaster 014E,Public order,Status update unavailable,
bc13e076921639b47dd32df22f7947472677471518f420695906d71d2be5d2b8,2019-05,Lancashire Constabulary,Lancashire Constabulary,-2.800214,54.047725,On or near Shopping Area,E01033071,Lancaster 014E,Public order,Awaiting court outcome,
441a0767d80d2af35af897261e4519bb5a4055d56924cd828eedf65ac33627f9,2019-05,Lancashire Constabulary,Lancashire Constabulary,-2.801180,54.050307,On or near Damside Street,E01033071,Lancaster 014E,Robbery,Status update unavailable,
eec1e1a5bbdf67f10c2e488fe6877c669277c13f2b8de2d2f6d4ed386f48fad1,2019-05,Lancashire Constabulary,Lancashire Constabulary,-2.798987,54.047455,On or near Brock Street,E01033071,Lancaster 014E,Shoplifting,Unable to prosecute suspect,
6e01e00486f8bb57d8e3abec9e1024e76710340437f8005032d5e6fd2e87035a,2019-05,Lancashire Constabulary,Lancashire Constabulary,-2.801743,54.047814,On or near Shopping Area,E01033071,Lancaster 014E,Shoplifting,Unable to prosecute suspect,
4e71fdad530533a09fada5469f871f8ca33a6e25d5a8c6079c5636908c3b6ab3,2019-05,Lancashire Constabulary,Lancashire Constabulary,-2.801743,54.047814,On or near Shopping Area,E01033071,Lancaster 014E,Shoplifting,Status update unavailable,
4eb7b10208ee9318a0cc49a718451ca370c5dd0b731ac782c1a58e47a4e13472,2019-05,Lancashire Constabulary,Lancashire Constabulary,-2.799283,54.048576,On or near Shopping Area,E01033071,Lancaster 014E,Shoplifting,Unable to prosecute suspect,
efebec315d007b08c080dc291802f07ae63697a7590b1ed427e771036a8c9439,2019-05,Lancashire Constabulary,Lancashire Constabulary,-2.798552,54.049453,On or near Parking Area,E01033071,Lancaster 014E,Shoplifting,Awaiting court outcome,
38670b39705ff0af3c6aa166b5670b725037e43e38fc5685fa3df597dd0028d0,2019-05,Lancashire Constabulary,Lancashire Constabulary,-2.801155,54.049022,On or near Shopping Area,E01033071,Lancaster 014E,Shoplifting,Awaiting court outcome,
5e912ba0770ae82110c19b121394caba50790977b4998564e2b2ea50b9c4ea54,2019-05,Lancashire Constabulary,Lancashire Constabulary,-2.798545,54.048294,On or near Gage Street,E01033071,Lancaster 014E,Shoplifting,Status update unavailable,
2d4088b10643d8d16cab1ea618d030ccbce247a2babb0e8d8b44a472248e87e3,2019-05,Lancashire Constabulary,Lancashire Constabulary,-2.802463,54.049499,On or near Sun Street,E01033071,Lancaster 014E,Shoplifting,Unable to prosecute suspect,
2c53c85ee744092d028c55f3fa370c819d108720a5634e44f10b43a946d43d6c,2019-05,Lancashire Constabulary,Lancashire Constabulary,-2.798318,54.049221,On or near Parking Area,E01033071,Lancaster 014E,Shoplifting,Status update unavailable,
69f6a6ac52280535f9544c387501c2902e4d5c194968c6bf3edd0262048d644b,2019-05,Lancashire Constabulary,Lancashire Constabulary,-2.801400,54.048221,On or near Parking Area,E01033071,Lancaster 014E,Shoplifting,Status update unavailable,
d65c80b4684211a05c93d7573c4fbe76dafdca8379e801d9d58a453a3dacc777,2019-05,Lancashire Constabulary,Lancashire Constabulary,-2.799283,54.048576,On or near Shopping Area,E01033071,Lancaster 014E,Shoplifting,Status update unavailable,
1763ae4bad34399bb581aed547d9313132281bc0a79684a7a4d5df455e7a1de8,2019-05,Lancashire Constabulary,Lancashire Constabulary,-2.798318,54.049221,On or near Parking Area,E01033071,Lancaster 014E,Shoplifting,Status update unavailable,
2ceffdebff2676f863d8b361450b29efc7ffcc78deeceb0e75f42a23976da006,2019-05,Lancashire Constabulary,Lancashire Constabulary,-2.800214,54.047725,On or near Shopping Area,E01033071,Lancaster 014E,Shoplifting,Status update unavailable,
13ad97c1868741189d4b4df90a6447a1aa192ae2368c0dbb4ceeade1cbac6819,2019-05,Lancashire Constabulary,Lancashire Constabulary,-2.799460,54.048225,On or near Shopping Area,E01033071,Lancaster 014E,Shoplifting,Status update unavailable,
adf4190a533c3163c705a57b3f2c4ec07c71e2113db62ccaf2b535474d66e548,2019-05,Lancashire Constabulary,Lancashire Constabulary,-2.799283,54.048576,On or near Shopping Area,E01033071,Lancaster 014E,Shoplifting,Status update unavailable,
a3fe534145c29a5e88b46eeffe931618f0e949612de4f98c05f2a306a0da72ac,2019-05,Lancashire Constabulary,Lancashire Constabulary,-2.799820,54.049480,On or near Church Street,E01033071,Lancaster 014E,Theft from the person,Status update unavailable,
ac97b1368724b3d95f261c5b80d1d99c1cfacb65ed6d0d7495ddb2ab2aee502c,2019-05,Lancashire Constabulary,Lancashire Constabulary,-2.800744,54.047488,On or near Common Garden Street,E01033071,Lancaster 014E,Theft from the person,Status update unavailable,
792d709b3cb84b14cae57d9f6ad2d0e1b692986926258a7734074520ef71e5ba,2019-05,Lancashire Constabulary,Lancashire Constabulary,-2.799820,54.049480,On or near Church Street,E01033071,Lancaster 014E,Theft from the person,Status update unavailable,
491fe0738da81bd3caab013c414413bfc4cd6295e1757fca3dc3bc614f1fff12,2019-05,Lancashire Constabulary,Lancashire Constabulary,-2.800593,54.046806,On or near Spring Garden Street,E01033071,Lancaster 014E,Violence and sexual offences,Unable to prosecute suspect,
fd955b6f94f2f5866ac3b2b0e0016ce0af2e379a29ae1081d0be9ea7949cd42f,2019-05,Lancashire Constabulary,Lancashire Constabulary,-2.799820,54.049480,On or near Church Street,E01033071,Lancaster 014E,Violence and sexual offences,Status update unavailable,
221eb762913121063e8b3ce9ca1323a237ab4116b6da7b223ebbb655b82b54de,2019-05,Lancashire Constabulary,Lancashire Constabulary,-2.799019,54.046727,On or near George Street,E01033071,Lancaster 014E,Violence and sexual offences,Awaiting court outcome,
d35a42943195cc376703943264c8fcb17ee6f2c1509d3dad3e869469e7e17f27,2019-05,Lancashire Constabulary,Lancashire Constabulary,-2.799820,54.049480,On or near Church Street,E01033071,Lancaster 014E,Violence and sexual offences,Status update unavailable,
ef73e9c50445d349bcc52d1d7cbff7c7b2cb20509ffa049ec1155cd475e9c098,2019-05,Lancashire Constabulary,Lancashire Constabulary,-2.801180,54.050307,On or near Damside Street,E01033071,Lancaster 014E,Violence and sexual offences,Unable to prosecute suspect,
8795bc088a5a8570c6a7c99971b3d22a72c25d33cf8694d683bfb432101e22f7,2019-05,Lancashire Constabulary,Lancashire Constabulary,-2.800593,54.046806,On or near Spring Garden Street,E01033071,Lancaster 014E,Violence and sexual offences,Status update unavailable,
766a8121adbae55bb844b34ba5558ec3481efa6bf33b7f03cf8ec653779633f6,2019-05,Lancashire Constabulary,Lancashire Constabulary,-2.801884,54.050366,On or near New Road,E01033071,Lancaster 014E,Violence and sexual offences,Unable to prosecute suspect,
d3a589832e4b05d73701cc3539a1ee5435a5210f15ece74d72b979270a277e89,2019-05,Lancashire Constabulary,Lancashire Constabulary,-2.799399,54.047461,On or near Brock Street,E01033071,Lancaster 014E,Violence and sexual offences,Status update unavailable,
8fc08ced498b70ab3ea795a868162cf0d048a68db4bf8a8f4d84d52f0122f7b5,2019-05,Lancashire Constabulary,Lancashire Constabulary,-2.801884,54.050366,On or near New Road,E01033071,Lancaster 014E,Violence and sexual offences,Unable to prosecute suspect,
3c96c018ff60d3d7fb825f80de32bd6cd0a9fc2f3771abf1bf185427c142e22c,2019-05,Lancashire Constabulary,Lancashire Constabulary,-2.800593,54.046806,On or near Spring Garden Street,E01033071,Lancaster 014E,Violence and sexual offences,Status update unavailable,
2b7e1c1d00a5f40665bc68ea6854e313e15d954afc81b77c0886da9093cbdce6,2019-05,Lancashire Constabulary,Lancashire Constabulary,-2.801155,54.049022,On or near Shopping Area,E01033071,Lancaster 014E,Violence and sexual offences,Status update unavailable,
35ea8ab8136a68527aca0e8f733de273b9e641f6d8ba0a7eaa70884b93994821,2019-05,Lancashire Constabulary,Lancashire Constabulary,-2.799820,54.049480,On or near Church Street,E01033071,Lancaster 014E,Violence and sexual offences,Status update unavailable,
bc3f553c27fe806df5c00b3e57b91027f302a7bc40de401540fde43069c212d9,2019-05,Lancashire Constabulary,Lancashire Constabulary,-2.799019,54.046727,On or near George Street,E01033071,Lancaster 014E,Violence and sexual offences,Status update unavailable,
2f56a57b2e3ea4c62e0b60b7fb2bda580bb12842df5328ec3c631e8392401f00,2019-05,Lancashire Constabulary,Lancashire Constabulary,-2.801180,54.050307,On or near Damside Street,E01033071,Lancaster 014E,Violence and sexual offences,Action to be taken by another organisation,
e9d9bc0cd71a8b32d124d3b578e847e3b01eaf8c455a28c35ca71a1009633154,2019-05,Lancashire Constabulary,Lancashire Constabulary,-2.799019,54.046727,On or near George Street,E01033071,Lancaster 014E,Violence and sexual offences,Status update unavailable,
30d815ed72d72c0eb6917741ab38c8e646060e0f1319f3d03d13b82a3aaee0d5,2019-05,Lancashire Constabulary,Lancashire Constabulary,-2.799399,54.047461,On or near Brock Street,E01033071,Lancaster 014E,Violence and sexual offences,Status update unavailable,
9e598bc4cccac02a43985a0e60a570a385e79b6e4b9ecbd0e92a3784472b5765,2019-05,Lancashire Constabulary,Lancashire Constabulary,-2.801884,54.050366,On or near New Road,E01033071,Lancaster 014E,Violence and sexual offences,Status update unavailable,
abfa1cd862da0ec04fb705c3587b05aa0e7da946759bf35bf4c287f1cade194e,2019-05,Lancashire Constabulary,Lancashire Constabulary,-2.799820,54.049480,On or near Church Street,E01033071,Lancaster 014E,Violence and sexual offences,Status update unavailable,
e1e110fb06a5d7afb0401920351e393b5708b8006154f632e6cef60c554bbf7e,2019-05,Lancashire Constabulary,Lancashire Constabulary,-2.795854,54.047359,On or near Nelson Street,E01033071,Lancaster 014E,Violence and sexual offences,Unable to prosecute suspect,
dd8521b7141628a262fea3b2c26fc2e0d0ad82549d3cdd4d973b8e93c981e85c,2019-05,Lancashire Constabulary,Lancashire Constabulary,-2.799820,54.049480,On or near Church Street,E01033071,Lancaster 014E,Violence and sexual offences,Status update unavailable,
9b79a61bcb18827852c5d2a84304c9393c155d0c1ec40de1942a325a05984d98,2019-05,Lancashire Constabulary,Lancashire Constabulary,-2.800593,54.046806,On or near Spring Garden Street,E01033071,Lancaster 014E,Violence and sexual offences,Status update unavailable,
edcfba76023e0ad8a453844f0d358a9db2c97ec67b12fc20bb110ce77192f3bf,2019-05,Lancashire Constabulary,Lancashire Constabulary,-2.801884,54.050366,On or near New Road,E01033071,Lancaster 014E,Violence and sexual offences,Unable to prosecute suspect,
03a384afd6de33ffb2c1dedeb018b4644ce052debcbdae44d41d013206913132,2019-05,Lancashire Constabulary,Lancashire Constabulary,-2.799820,54.049480,On or near Church Street,E01033071,Lancaster 014E,Violence and sexual offences,Awaiting court outcome,
e6225b442ac443d6254c0a45a1e0c5725468b06ca584505a6f4c6173ee0f2061,2019-05,Lancashire Constabulary,Lancashire Constabulary,-2.799820,54.049480,On or near Church Street,E01033071,Lancaster 014E,Violence and sexual offences,Awaiting court outcome,
c6c1c2e33ffa99d4575717bcac7ddf0ffc115cbf89ec4cc134d731db1adb3abd,2019-05,Lancashire Constabulary,Lancashire Constabulary,-2.797405,54.047807,On or near Dalton Square,E01033071,Lancaster 014E,Other crime,Status update unavailable,
,2019-05,Lancashire Constabulary,Lancashire Constabulary,-2.797621,54.043141,On or near South Road,E01033073,Lancaster 014F,Anti-social behaviour,,
,2019-05,Lancashire Constabulary,Lancashire Constabulary,-2.803477,54.047425,On or near Cawthorne Street,E01033073,Lancaster 014F,Anti-social behaviour,,
,2019-05,Lancashire Constabulary,Lancashire Constabulary,-2.802976,54.046808,On or near High Street,E01033073,Lancaster 014F,Anti-social behaviour,,
,2019-05,Lancashire Constabulary,Lancashire Constabulary,-2.797621,54.043141,On or near South Road,E01033073,Lancaster 014F,Anti-social behaviour,,
,2019-05,Lancashire Constabulary,Lancashire Constabulary,-2.794583,54.042397,On or near The Grove,E01033073,Lancaster 014F,Anti-social behaviour,,
49bfe2206916b346a1c353c8e784a48af20efb37f589a667ed499c7be8d9f041,2019-05,Lancashire Constabulary,Lancashire Constabulary,-2.802976,54.046808,On or near High Street,E01033073,Lancaster 014F,Burglary,Status update unavailable,
be457b9e114fd4829b77f81bfb53fc6b4600d7c5dd5db6e1192101b984f08699,2019-05,Lancashire Constabulary,Lancashire Constabulary,-2.795890,54.042829,On or near Meadowside,E01033073,Lancaster 014F,Criminal damage and arson,Status update unavailable,
6311bb7823c538fe8e7d41288993c725a4d6d88a9bbf390981780273985e8b83,2019-05,Lancashire Constabulary,Lancashire Constabulary,-2.803919,54.044249,On or near Regent Street,E01033073,Lancaster 014F,Criminal damage and arson,Status update unavailable,
9aa5072623226b8f358235e146ed747427008d9393aa701f0aca1b55d3641cb4,2019-05,Lancashire Constabulary,Lancashire Constabulary,-2.803919,54.044249,On or near Regent Street,E01033073,Lancaster 014F,Criminal damage and arson,Status update unavailable,
f10880e5d2a201ce0bf027cb8f965ca873d64babe8309db58720e8ed36c0b219,2019-05,Lancashire Constabulary,Lancashire Constabulary,-2.803155,54.044209,On or near Portland Street,E01033073,Lancaster 014F,Violence and sexual offences,Formal action is not in the public interest,
28ba862b423ea4537952143197e6528a96040ab4749b82d0ad9c5a688f1ad148,2019-05,Lancashire Constabulary,Lancashire Constabulary,-2.803448,54.045151,On or near Lindow Square,E01033073,Lancaster 014F,Violence and sexual offences,Status update unavailable,
7f452de81e6285239fd0f8c56b56a0fbda550c225f3346f828000320358fb753,2019-05,Lancashire Constabulary,Lancashire Constabulary,-2.802403,54.047216,On or near Middle Street,E01033073,Lancaster 014F,Violence and sexual offences,Status update unavailable,
48ed9f468652f031a545ecf437851223f109c202144f27a742cf6a10cc83a688,2019-05,Lancashire Constabulary,Lancashire Constabulary,-2.805399,54.042577,On or near Brook Street,E01033073,Lancaster 014F,Violence and sexual offences,Status update unavailable,
,2019-05,Lancashire Constabulary,Lancashire Constabulary,-2.788466,54.038716,On or near Golgotha Road,E01025125,Lancaster 015A,Anti-social behaviour,,
7ddf9deb656fae26b6588f79c177fd8c946689479694931a8de3a36923aade52,2019-05,Lancashire Constabulary,Lancashire Constabulary,-2.790974,54.040479,On or near Bowerham Road,E01025125,Lancaster 015A,Burglary,Status update unavailable,
89fdf1cdb1049c31854aeafb59fd0427ca4f8264cd17a6912638b6f9a5115587,2019-05,Lancashire Constabulary,Lancashire Constabulary,-2.788466,54.038716,On or near Golgotha Road,E01025125,Lancaster 015A,Criminal damage and arson,Offender given a caution,
13e00bd48d04314668ab6990856376a328b9fdd31f04d667ed35ce2a52a197bd,2019-05,Lancashire Constabulary,Lancashire Constabulary,-2.789246,54.037156,On or near Bowerham Road,E01025125,Lancaster 015A,Other theft,Status update unavailable,
c8481dae8152f4162e8cbed7ae665d0a08075594ed8f4e863b0ea229db0d6124,2019-05,Lancashire Constabulary,Lancashire Constabulary,-2.789610,54.039446,On or near Havelock Street,E01025125,Lancaster 015A,Violence and sexual offences,Unable to prosecute suspect,
,2019-05,Lancashire Constabulary,Lancashire Constabulary,-2.788986,54.045166,On or near Dundee Street,E01025128,Lancaster 015B,Anti-social behaviour,,
,2019-05,Lancashire Constabulary,Lancashire Constabulary,-2.794682,54.046755,On or near St Peter'S Road,E01025128,Lancaster 015B,Anti-social behaviour,,
753b679d0c6888be559da147776ff60175c885976a976a337be5c057363a3e89,2019-05,Lancashire Constabulary,Lancashire Constabulary,-2.789478,54.045387,On or near Perth Street,E01025128,Lancaster 015B,Burglary,Status update unavailable,
,2019-05,Lancashire Constabulary,Lancashire Constabulary,-2.792936,54.043289,On or near Prospect Street,E01025129,Lancaster 015C,Anti-social behaviour,,
,2019-05,Lancashire Constabulary,Lancashire Constabulary,-2.790153,54.043091,On or near Vincent Street,E01025129,Lancaster 015C,Anti-social behaviour,,
ee67da9d043b730ac0ff6882442ea8af487b761a1da5380b926a2370019a917e,2019-05,Lancashire Constabulary,Lancashire Constabulary,-2.790153,54.043091,On or near Vincent Street,E01025129,Lancaster 015C,Vehicle crime,Status update unavailable,
,2019-05,Lancashire Constabulary,Lancashire Constabulary,-2.798936,54.040004,On or near Pointer Court,E01025147,Lancaster 015D,Anti-social behaviour,,
,2019-05,Lancashire Constabulary,Lancashire Constabulary,-2.798936,54.040004,On or near Pointer Court,E01025147,Lancaster 015D,Anti-social behaviour,,
,2019-05,Lancashire Constabulary,Lancashire Constabulary,-2.796809,54.041411,On or near Alma Road,E01025147,Lancaster 015D,Anti-social behaviour,,
4f47f80063a0727376d3f7bda0cd6bd80ee497e08fb15f378ad5a60f8424e122,2019-05,Lancashire Constabulary,Lancashire Constabulary,-2.798936,54.040004,On or near Pointer Court,E01025147,Lancaster 015D,Criminal damage and arson,Status update unavailable,
e636fd342beacc4b98a9fe7003ba31d63937058bdb7a57b6b7f1f9a5145c978b,2019-05,Lancashire Constabulary,Lancashire Constabulary,-2.798936,54.040004,On or near Pointer Court,E01025147,Lancaster 015D,Other theft,Investigation complete; no suspect identified,
5518d6dd7bb8c392bbfc5d3b73b6ed320bc33b854ac2968abd7621e86ff797c4,2019-05,Lancashire Constabulary,Lancashire Constabulary,-2.796086,54.036338,On or near Kensington Road,E01025147,Lancaster 015D,Other theft,Status update unavailable,
543e99223cf49c8c5b55aecc8b30af92bc4e2df039592213a967f688a9965caf,2019-05,Lancashire Constabulary,Lancashire Constabulary,-2.798936,54.040004,On or near Pointer Court,E01025147,Lancaster 015D,Violence and sexual offences,Unable to prosecute suspect,
b2825e25365f44edd758c1abceb2f41dd61167b1abe9f8e77669afba43b1d471,2019-05,Lancashire Constabulary,Lancashire Constabulary,-2.798936,54.040004,On or near Pointer Court,E01025147,Lancaster 015D,Violence and sexual offences,Status update unavailable,
,2019-05,Lancashire Constabulary,Lancashire Constabulary,-2.892510,54.049179,On or near Supermarket,E01025114,Lancaster 016A,Anti-social behaviour,,
,2019-05,Lancashire Constabulary,Lancashire Constabulary,-2.889986,54.048982,On or near Sugham Lane,E01025114,Lancaster 016A,Anti-social behaviour,,
a59e1ac6b3d44f9eb6511e6cac98316a756021ffe5e90f099029f3a70bd4f2a1,2019-05,Lancashire Constabulary,Lancashire Constabulary,-2.888631,54.052057,On or near Arncliffe Road,E01025114,Lancaster 016A,Criminal damage and arson,Status update unavailable,
0002a7440f0d24b3086443247fa7fb0cdad811bc3b2b4f504405565fe7fe827e,2019-05,Lancashire Constabulary,Lancashire Constabulary,-2.888631,54.052057,On or near Arncliffe Road,E01025114,Lancaster 016A,Criminal damage and arson,Status update unavailable,
93161f0fd2c941b16a4bd4c33a8efc2eaec42f33d8fa0ae232225ca81bdcf6b4,2019-05,Lancashire Constabulary,Lancashire Constabulary,-2.887419,54.054645,On or near Petrol Station,E01025114,Lancaster 016A,Other theft,Status update unavailable,
9d97f69823ef77f7b5585c93704898c457f551bcd746a9f8c7d94706c4e03c4a,2019-05,Lancashire Constabulary,Lancashire Constabulary,-2.892510,54.049179,On or near Supermarket,E01025114,Lancaster 016A,Other theft,Status update unavailable,
9b69a55b274e694476a8efc83e4314a66a136255c249916ca1dbfdb6e3d12f32,2019-05,Lancashire Constabulary,Lancashire Constabulary,-2.887419,54.054645,On or near Petrol Station,E01025114,Lancaster 016A,Other theft,Status update unavailable,
0a8b9a17bf2f0e9dc93b8722f6e5bb4cdbe4f12f7ca442f2706b37cd65e895ba,2019-05,Lancashire Constabulary,Lancashire Constabulary,-2.887419,54.054645,On or near Petrol Station,E01025114,Lancaster 016A,Other theft,Status update unavailable,
485aa2ef987ba807842d97c38c0b0af0eda280c25efeb4f6a14f95d642344137,2019-05,Lancashire Constabulary,Lancashire Constabulary,-2.887419,54.054645,On or near Petrol Station,E01025114,Lancaster 016A,Other theft,Status update unavailable,
612fa0376468f597184179a8d479b69ffacd3286dd4697e37de2804f77eae562,2019-05,Lancashire Constabulary,Lancashire Constabulary,-2.887419,54.054645,On or near Petrol Station,E01025114,Lancaster 016A,Other theft,Status update unavailable,
38372f31a36008249782bc929b9467b58a7676a020d4388e47bb33d9961e5727,2019-05,Lancashire Constabulary,Lancashire Constabulary,-2.890478,54.053409,On or near Oxcliffe Grove,E01025114,Lancaster 016A,Vehicle crime,Status update unavailable,
1bf2d64d004b77e96b85014a443a5909f938904d3f15059244270e441371ef86,2019-05,Lancashire Constabulary,Lancashire Constabulary,-2.888631,54.052057,On or near Arncliffe Road,E01025114,Lancaster 016A,Vehicle crime,Unable to prosecute suspect,
360b9322315830c1c001c97807c365352fb94d5577e2848670fa14283ff48419,2019-05,Lancashire Constabulary,Lancashire Constabulary,-2.889986,54.048982,On or near Sugham Lane,E01025114,Lancaster 016A,Violence and sexual offences,Unable to prosecute suspect,
,2019-05,Lancashire Constabulary,Lancashire Constabulary,-2.884878,54.053702,On or near Hale Carr Lane,E01025115,Lancaster 016B,Anti-social behaviour,,
,2019-05,Lancashire Constabulary,Lancashire Constabulary,-2.889165,54.053446,On or near Tibicar Drive West,E01025115,Lancaster 016B,Anti-social behaviour,,
,2019-05,Lancashire Constabulary,Lancashire Constabulary,-2.885025,54.052703,On or near Hale Carr Grove,E01025115,Lancaster 016B,Anti-social behaviour,,
,2019-05,Lancashire Constabulary,Lancashire Constabulary,-2.885762,54.050029,On or near Bowland Road,E01025115,Lancaster 016B,Anti-social behaviour,,
b46cb635f3ecaf9ac292fd4e0f54a84741f9fb99196da65bf17192c232ad70ad,2019-05,Lancashire Constabulary,Lancashire Constabulary,-2.884746,54.056112,On or near Parkland Grove,E01025115,Lancaster 016B,Drugs,Offender given a caution,
b7d7c92d53199cfdb682f35db7a0ca52c5eaf74fa65d27d79e782da7426be598,2019-05,Lancashire Constabulary,Lancashire Constabulary,-2.884878,54.053702,On or near Hale Carr Lane,E01025115,Lancaster 016B,Violence and sexual offences,Unable to prosecute suspect,
21647bfbbe8279892edeaf2b77f979e0ae883a0575b8b951f3bdde6ddcd28516,2019-05,Lancashire Constabulary,Lancashire Constabulary,-2.889165,54.053446,On or near Tibicar Drive West,E01025115,Lancaster 016B,Violence and sexual offences,Status update unavailable,
81ce70bc1df7e68a5cf6c4e3f85404d90e5d070189bd9f2ba0241c3ec0787f7b,2019-05,Lancashire Constabulary,Lancashire Constabulary,-2.889165,54.053446,On or near Tibicar Drive West,E01025115,Lancaster 016B,Violence and sexual offences,Local resolution,
bf6639999848203541e9244a4ee3de7ecbb6aac69e9db991c8877c03aa01aab3,2019-05,Lancashire Constabulary,Lancashire Constabulary,-2.884585,54.054999,On or near Meadowcroft Grove,E01025115,Lancaster 016B,Violence and sexual offences,Unable to prosecute suspect,
1c1234624359c0c4aff882b49420529e54a17bc0a1787c6359a2f54d195ac07f,2019-05,Lancashire Constabulary,Lancashire Constabulary,-2.886820,54.051648,On or near Kingsway,E01025115,Lancaster 016B,Violence and sexual offences,Awaiting court outcome,
,2019-05,Lancashire Constabulary,Lancashire Constabulary,-2.887421,54.049037,On or near Tarnbrook Road,E01025121,Lancaster 016C,Anti-social behaviour,,
,2019-05,Lancashire Constabulary,Lancashire Constabulary,-2.884284,54.047307,On or near Meldon Grange,E01025121,Lancaster 016C,Anti-social behaviour,,
,2019-05,Lancashire Constabulary,Lancashire Constabulary,-2.884284,54.047307,On or near Meldon Grange,E01025121,Lancaster 016C,Anti-social behaviour,,
,2019-05,Lancashire Constabulary,Lancashire Constabulary,-2.884284,54.047307,On or near Meldon Grange,E01025121,Lancaster 016C,Anti-social behaviour,,
,2019-05,Lancashire Constabulary,Lancashire Constabulary,-2.884284,54.047307,On or near Meldon Grange,E01025121,Lancaster 016C,Anti-social behaviour,,
54b3d087d6bede19e8c10e3662ba95a505430e07804150e45fb46f8e49a8fea3,2019-05,Lancashire Constabulary,Lancashire Constabulary,-2.885792,54.044267,On or near Abingdon Grove,E01025121,Lancaster 016C,Burglary,Status update unavailable,
894b8b7a382909f6761fe0a2afc0c1aadade38896be728cbd7109da560b8bbce,2019-05,Lancashire Constabulary,Lancashire Constabulary,-2.884284,54.047307,On or near Meldon Grange,E01025121,Lancaster 016C,Other theft,Status update unavailable,
dde20f52527bd1022c9156f9f8db244f1f9ff245fc71a1645dc31e0bfa62ce91,2019-05,Lancashire Constabulary,Lancashire Constabulary,-2.887421,54.049037,On or near Tarnbrook Road,E01025121,Lancaster 016C,Other theft,Offender given a caution,
b70ad2bad9070eb2dd0292738478dec3ae6b7d560866dd2e724bf78b308f14e8,2019-05,Lancashire Constabulary,Lancashire Constabulary,-2.888786,54.039985,On or near Greenshank Close,E01025121,Lancaster 016C,Violence and sexual offences,Status update unavailable,
0c433437a59dfe36c6eb8868de8113834fd35ed4e3989d9e6fa09d72d9359e71,2019-05,Lancashire Constabulary,Lancashire Constabulary,-2.877650,54.051418,On or near The Pastures,E01025121,Lancaster 016C,Violence and sexual offences,Status update unavailable,
99c87e939b6a427687676c0dece24dd18efc96443adb8bb77dc3461639190e95,2019-05,Lancashire Constabulary,Lancashire Constabulary,-2.886534,54.041107,On or near Evesham Close,E01025121,Lancaster 016C,Violence and sexual offences,Unable to prosecute suspect,
66e00d25a62cca558830f3d207fc13d39c7c7b97147082968262a8e1a58052ac,2019-05,Lancashire Constabulary,Lancashire Constabulary,-2.888786,54.039985,On or near Greenshank Close,E01025121,Lancaster 016C,Violence and sexual offences,Unable to prosecute suspect,
726e8647984da1c7ae26893feab16f098b81dd54c932f5a4569035ca9973ad86,2019-05,Lancashire Constabulary,Lancashire Constabulary,-2.882954,54.047263,On or near Applegarth Road,E01025121,Lancaster 016C,Violence and sexual offences,Unable to prosecute suspect,
d45b4c0d88c62ade98bea4c92a6e989468220922ec78fc1f4d6c661768d5bc90,2019-05,Lancashire Constabulary,Lancashire Constabulary,-2.900711,54.047697,On or near Lade End,E01025122,Lancaster 016D,Other theft,Status update unavailable,
6094b6427a0008f38dc13ef1ba410b791c1dca7993839d195e82b32983331f68,2019-05,Lancashire Constabulary,Lancashire Constabulary,-2.892723,54.046984,On or near Supermarket,E01025122,Lancaster 016D,Other theft,Awaiting court outcome,
1da6289bfb19f2c1498fc7a5da4efb267f081bfc35a6600098707cd7491f3da2,2019-05,Lancashire Constabulary,Lancashire Constabulary,-2.892723,54.046984,On or near Supermarket,E01025122,Lancaster 016D,Shoplifting,Unable to prosecute suspect,
c8a87d5b620e8c3d15da805a59268be5a914f49edce68d9bbfabdb940adbe6d1,2019-05,Lancashire Constabulary,Lancashire Constabulary,-2.892723,54.046984,On or near Supermarket,E01025122,Lancaster 016D,Shoplifting,Offender sent to prison,
02d25e0742664f3a96815f4937d0c38c61bc8f6316b9ef6b3dffa9dd9829cf94,2019-05,Lancashire Constabulary,Lancashire Constabulary,-2.892723,54.046984,On or near Supermarket,E01025122,Lancaster 016D,Shoplifting,Awaiting court outcome,
2703ecdd79f930adeb9321a205f57af32794f2860d2588747ea9116c560b96e8,2019-05,Lancashire Constabulary,Lancashire Constabulary,-2.897332,54.046842,On or near Eardley Road,E01025122,Lancaster 016D,Vehicle crime,Status update unavailable,
d1ea15580fb19115104e96fdff87c462f1f93d123aaa70412ded7221a5e03595,2019-05,Lancashire Constabulary,Lancashire Constabulary,-2.899242,54.044733,On or near Carr Lane,E01025122,Lancaster 016D,Violence and sexual offences,Unable to prosecute suspect,
c817b3aaad0ad941677dabfaca3569a4637a0bad7396b3712be48e1c47af9543,2019-05,Lancashire Constabulary,Lancashire Constabulary,-2.897864,54.045993,On or near St Patrick'S Walk,E01025122,Lancaster 016D,Violence and sexual offences,Status update unavailable,
f2e51edbb6fe8f9b49cbfdcdf37f6099510765bae0ed45598b8fb95e54db038e,2019-05,Lancashire Constabulary,Lancashire Constabulary,-2.899215,54.043475,On or near Berwick Way,E01025122,Lancaster 016D,Violence and sexual offences,Unable to prosecute suspect,
,2019-05,Lancashire Constabulary,Lancashire Constabulary,-2.891474,54.046418,On or near Ridge Grove,E01025123,Lancaster 016E,Anti-social behaviour,,
,2019-05,Lancashire Constabulary,Lancashire Constabulary,-2.890606,54.038695,On or near Greenfinch Way,E01025123,Lancaster 016E,Anti-social behaviour,,
,2019-05,Lancashire Constabulary,Lancashire Constabulary,-2.890606,54.038695,On or near Greenfinch Way,E01025123,Lancaster 016E,Anti-social behaviour,,
,2019-05,Lancashire Constabulary,Lancashire Constabulary,-2.891474,54.046418,On or near Ridge Grove,E01025123,Lancaster 016E,Anti-social behaviour,,
,2019-05,Lancashire Constabulary,Lancashire Constabulary,-2.889225,54.036952,On or near Tern Grove,E01025123,Lancaster 016E,Anti-social behaviour,,
850b6f9ca06ea5f73617f68d3a79920a57f67ca3338c52b344bdba59d6f36dd7,2019-05,Lancashire Constabulary,Lancashire Constabulary,-2.888508,54.038423,On or near Redwing Close,E01025123,Lancaster 016E,Violence and sexual offences,Status update unavailable,
1a74c199b2a692eb4593d259672abcaf25851423fcfeb763c52a29038868b769,2019-05,Lancashire Constabulary,Lancashire Constabulary,-2.892125,54.036904,On or near Goldfinch Close,E01025123,Lancaster 016E,Violence and sexual offences,Status update unavailable,
7d814db360f6c3a8ef927b4f33aac72ca89f5e984cf2d064c510244eea388ff3,2019-05,Lancashire Constabulary,Lancashire Constabulary,-2.889225,54.036952,On or near Tern Grove,E01025123,Lancaster 016E,Violence and sexual offences,Further investigation is not in the public interest,
15ef5f4ce1f37d128a4ac80dc6910a0d2b4d32f373b0e58a94313cc9ca058838,2019-05,Lancashire Constabulary,Lancashire Constabulary,-2.891023,54.035366,On or near Fulmar Crescent,E01025123,Lancaster 016E,Violence and sexual offences,Status update unavailable,
,2019-05,Lancashire Constabulary,Lancashire Constabulary,-2.897794,54.036368,On or near Melville Road,E01025124,Lancaster 016F,Anti-social behaviour,,
,2019-05,Lancashire Constabulary,Lancashire Constabulary,-2.897794,54.036368,On or near Melville Road,E01025124,Lancaster 016F,Anti-social behaviour,,
,2019-05,Lancashire Constabulary,Lancashire Constabulary,-2.898495,54.036326,On or near Warren Grove,E01025124,Lancaster 016F,Anti-social behaviour,,
,2019-05,Lancashire Constabulary,Lancashire Constabulary,-2.898495,54.036326,On or near Warren Grove,E01025124,Lancaster 016F,Anti-social behaviour,,
0f8a076ef8e28349e7b511099759e598ac0ca91bc5fec1bec905d289442c9ac5,2019-05,Lancashire Constabulary,Lancashire Constabulary,-2.896949,54.038243,On or near Heath Grove,E01025124,Lancaster 016F,Public order,Unable to prosecute suspect,
fb19604ca330edd4312ec36c73dbed7ef470050d58d0d8dc96ae2c9d022fd54a,2019-05,Lancashire Constabulary,Lancashire Constabulary,-2.898062,54.040293,On or near St Mildred'S Way,E01025124,Lancaster 016F,Violence and sexual offences,Awaiting court outcome,
280a7cbf5c375b8d6613ab0eea334bfb67c31f75258afcf7c505990116dda0c2,2019-05,Lancashire Constabulary,Lancashire Constabulary,-2.898062,54.040293,On or near St Mildred'S Way,E01025124,Lancaster 016F,Violence and sexual offences,Status update unavailable,
43e9fbd1d12946c633998f3f889a61193bcfcd18705b7ceb435dab0f5b2876fe,2019-05,Lancashire Constabulary,Lancashire Constabulary,-2.897794,54.036368,On or near Melville Road,E01025124,Lancaster 016F,Violence and sexual offences,Status update unavailable,
876b91d41af9068deeda8a0793322449ee98e82e8d36a48a745a08f4b34e7c80,2019-05,Lancashire Constabulary,Lancashire Constabulary,-2.896666,54.039315,On or near Penhale Gardens,E01025124,Lancaster 016F,Violence and sexual offences,Status update unavailable,
51984005d2e964702ea5a6124db5ea83dc1c9619592b4667a681ce3fceb42890,2019-05,Lancashire Constabulary,Lancashire Constabulary,-2.896949,54.038243,On or near Heath Grove,E01025124,Lancaster 016F,Violence and sexual offences,Status update unavailable,
898eaa310a861cb98285e834b1729fa88e3d5491e68e101e9a0c99f7da9ab177,2019-05,Lancashire Constabulary,Lancashire Constabulary,-2.896949,54.038243,On or near Heath Grove,E01025124,Lancaster 016F,Violence and sexual offences,Status update unavailable,
b8cf124998dd9ad0977c340755a31d7389437a600265646620dcd77842107226,2019-05,Lancashire Constabulary,Lancashire Constabulary,-2.897794,54.036368,On or near Melville Road,E01025124,Lancaster 016F,Violence and sexual offences,Further investigation is not in the public interest,
433b343b18c0905ea58ff99ed7761512f2362162fd66ee57ac943969410214fc,2019-05,Lancashire Constabulary,Lancashire Constabulary,-2.896949,54.038243,On or near Heath Grove,E01025124,Lancaster 016F,Violence and sexual offences,Awaiting court outcome,
72e9c08ce5c8bd7f6df6a70b9f42a82e888aaa9560cc738fde9eb29ccc2e3dca,2019-05,Lancashire Constabulary,Lancashire Constabulary,-2.897150,54.041199,On or near Heysham Hall Drive,E01025124,Lancaster 016F,Violence and sexual offences,Status update unavailable,
,2019-05,Lancashire Constabulary,Lancashire Constabulary,-2.844208,54.054120,On or near Shopping Area,E01033072,Lancaster 016I,Anti-social behaviour,,
,2019-05,Lancashire Constabulary,Lancashire Constabulary,-2.893713,54.028354,On or near Park/Open Space,E01033072,Lancaster 016I,Anti-social behaviour,,
,2019-05,Lancashire Constabulary,Lancashire Constabulary,-2.903796,54.035711,On or near Rothesay Crescent,E01033072,Lancaster 016I,Anti-social behaviour,,
,2019-05,Lancashire Constabulary,Lancashire Constabulary,-2.855548,54.011249,On or near Church Grove,E01033072,Lancaster 016I,Anti-social behaviour,,
,2019-05,Lancashire Constabulary,Lancashire Constabulary,-2.877345,54.034011,On or near A683,E01033072,Lancaster 016I,Anti-social behaviour,,
a94c295c0fe09742cce2f94ee608d655b74d31f00a75a9d9f874ed95e75cac6a,2019-05,Lancashire Constabulary,Lancashire Constabulary,-2.858053,54.009892,On or near Bazil Grove,E01033072,Lancaster 016I,Burglary,Further investigation is not in the public interest,
d78882bb48f0d658bd127150454bfbea4bd2a26c2fd747370d2a2f65955eaba2,2019-05,Lancashire Constabulary,Lancashire Constabulary,-2.895580,54.034982,On or near Middleton Road,E01033072,Lancaster 016I,Drugs,Status update unavailable,
a42fa2df8311834cb72b20f93758e556fe00fc8c48a3af671d28bab8b9412476,2019-05,Lancashire Constabulary,Lancashire Constabulary,-2.895580,54.034982,On or near Middleton Road,E01033072,Lancaster 016I,Drugs,Status update unavailable,
183f5236a695f84989c46b029e5fa15c95936023cef5a78f38daef025e20e74e,2019-05,Lancashire Constabulary,Lancashire Constabulary,-2.903796,54.035711,On or near Rothesay Crescent,E01033072,Lancaster 016I,Vehicle crime,Status update unavailable,
6ae36977ee567aeddc69b0d58ddec97a92d5e455e02802bc5c575b24cffb1ac4,2019-05,Lancashire Constabulary,Lancashire Constabulary,-2.862469,54.015334,On or near Pedder Grove,E01033072,Lancaster 016I,Vehicle crime,Status update unavailable,
5edada65e4a0ed50b8fb06c8906385a8f5753db353d2ce9a973842332b6010ff,2019-05,Lancashire Constabulary,Lancashire Constabulary,-2.879723,54.020835,On or near Low Road,E01033072,Lancaster 016I,Vehicle crime,Status update unavailable,
fd1a89843f7fe553509c8c3a9452aeb73b071c185b842ceae36fbc1c6da2e7f9,2019-05,Lancashire Constabulary,Lancashire Constabulary,-2.844208,54.054120,On or near Shopping Area,E01033072,Lancaster 016I,Vehicle crime,Unable to prosecute suspect,
b8720b96910c3375c5ef3486573f483b3cd883f760745c0e5d098176a89e7711,2019-05,Lancashire Constabulary,Lancashire Constabulary,-2.904331,54.036462,On or near Moneyclose Grove,E01033072,Lancaster 016I,Vehicle crime,Status update unavailable,
d81774756edb27546602fcb861bc0c84bb93806cb6d32bfe7a824e2cf39f2afb,2019-05,Lancashire Constabulary,Lancashire Constabulary,-2.882881,54.021459,On or near Westbourne Road,E01033072,Lancaster 016I,Violence and sexual offences,Unable to prosecute suspect,
26b78ac55dc9f97317847ada932535c4dd9ef564b323015166651635e1bf2015,2019-05,Lancashire Constabulary,Lancashire Constabulary,-2.858905,54.013481,On or near Church Park,E01033072,Lancaster 016I,Violence and sexual offences,Formal action is not in the public interest,
13d87b41d3a525dd11261effbf656a46a948001534249bca9fd63fa4ff8bca8c,2019-05,Lancashire Constabulary,Lancashire Constabulary,-2.901062,54.034977,On or near Londonderry Road,E01033072,Lancaster 016I,Violence and sexual offences,Unable to prosecute suspect,
36ad261fde82b8089e2b546a0b7ea0aafaf34bb11aa3f83099be2150be3ae4ed,2019-05,Lancashire Constabulary,Lancashire Constabulary,-2.914674,54.033229,On or near Pedestrian Subway,E01033072,Lancaster 016I,Violence and sexual offences,Status update unavailable,
b57c793af8dba2477e4dc1620dcea27c75f53686427e1066052e4d76bffff6eb,2019-05,Lancashire Constabulary,Lancashire Constabulary,-2.914674,54.033229,On or near Pedestrian Subway,E01033072,Lancaster 016I,Violence and sexual offences,Status update unavailable,
,2019-05,Lancashire Constabulary,Lancashire Constabulary,-2.817145,54.051242,On or near Cowdrey Mews,E01025100,Lancaster 017A,Anti-social behaviour,,
,2019-05,Lancashire Constabulary,Lancashire Constabulary,-2.817277,54.046325,On or near Kingsdale Road,E01025100,Lancaster 017A,Anti-social behaviour,,
,2019-05,Lancashire Constabulary,Lancashire Constabulary,-2.817277,54.046325,On or near Kingsdale Road,E01025100,Lancaster 017A,Anti-social behaviour,,
,2019-05,Lancashire Constabulary,Lancashire Constabulary,-2.819287,54.047570,On or near Hornbeam Road,E01025100,Lancaster 017A,Anti-social behaviour,,
,2019-05,Lancashire Constabulary,Lancashire Constabulary,-2.814481,54.052510,On or near Sports/Recreation Area,E01025100,Lancaster 017A,Anti-social behaviour,,
,2019-05,Lancashire Constabulary,Lancashire Constabulary,-2.825698,54.048919,On or near Thetis Road,E01025100,Lancaster 017A,Anti-social behaviour,,
27c1f068bf9d82492a499e53ba133f38d41cf628aac5f9765df19dbdef2de33e,2019-05,Lancashire Constabulary,Lancashire Constabulary,-2.817145,54.051242,On or near Cowdrey Mews,E01025100,Lancaster 017A,Bicycle theft,Status update unavailable,
c05bbba1ee59a6337f2ee3d9f1b9f674358bf77fa6f48bb1eb4c65571ce074f2,2019-05,Lancashire Constabulary,Lancashire Constabulary,-2.817145,54.051242,On or near Cowdrey Mews,E01025100,Lancaster 017A,Criminal damage and arson,Status update unavailable,
55bd298af7347363f2fcbcdf2da9cec5a414cc8cf3e14a3465d9b99c0e0c5ab6,2019-05,Lancashire Constabulary,Lancashire Constabulary,-2.818666,54.045525,On or near Denmark Street,E01025100,Lancaster 017A,Other theft,Status update unavailable,
8a26988979a0782eec4fe23e1b22c86d199ad9ee8700b7a5e36c7d8953c8590b,2019-05,Lancashire Constabulary,Lancashire Constabulary,-2.817777,54.048443,On or near St Thomas More Walk,E01025100,Lancaster 017A,Violence and sexual offences,Status update unavailable,
408485d6646b5693f57759e8ede59850830e055bbb44e58452c5265fbe67a08f,2019-05,Lancashire Constabulary,Lancashire Constabulary,-2.816614,54.047579,On or near Cavendish Street,E01025100,Lancaster 017A,Violence and sexual offences,Unable to prosecute suspect,
374b67e17d6428d8f1b71bfadf418cd6d6ac7a9a8f215a6d33a385adcd49da8b,2019-05,Lancashire Constabulary,Lancashire Constabulary,-2.824201,54.047392,On or near Braganza Way,E01025100,Lancaster 017A,Violence and sexual offences,Unable to prosecute suspect,
,2019-05,Lancashire Constabulary,Lancashire Constabulary,-2.817161,54.050523,On or near Birch Grove,E01025101,Lancaster 017B,Anti-social behaviour,,
,2019-05,Lancashire Constabulary,Lancashire Constabulary,-2.815529,54.050660,On or near Hazel Grove,E01025101,Lancaster 017B,Anti-social behaviour,,
,2019-05,Lancashire Constabulary,Lancashire Constabulary,-2.817705,54.049432,On or near Sycamore Grove,E01025101,Lancaster 017B,Anti-social behaviour,,
,2019-05,Lancashire Constabulary,Lancashire Constabulary,-2.815863,54.050523,On or near Laburnum Grove,E01025101,Lancaster 017B,Anti-social behaviour,,
91df2d4faf351747d87358b2aefe228594745f002d65de6a162a87ea676f803c,2019-05,Lancashire Constabulary,Lancashire Constabulary,-2.817705,54.049432,On or near Sycamore Grove,E01025101,Lancaster 017B,Criminal damage and arson,Unable to prosecute suspect,
338fd82a4631f4dcce4a04f3cf983ca4c08c7759fbba00dafbcfda1a55d0760d,2019-05,Lancashire Constabulary,Lancashire Constabulary,-2.814089,54.050445,On or near Cypress Close,E01025101,Lancaster 017B,Criminal damage and arson,Status update unavailable,
bd0915680b623a2aebca33c03a97290bfbf4f9cc8044be43a883c1ac62670268,2019-05,Lancashire Constabulary,Lancashire Constabulary,-2.811056,54.049962,On or near Sports/Recreation Area,E01025101,Lancaster 017B,Drugs,Status update unavailable,
41ca91dff44e1dc3654d08784dc2ba9ffb03fdbdd3d180ed8678d287b9ffdf59,2019-05,Lancashire Constabulary,Lancashire Constabulary,-2.812962,54.049806,On or near Meadow Street,E01025101,Lancaster 017B,Other theft,Status update unavailable,
33c953e998075e09850edde1599c1e9051919240cc90af2b24d429fe9267ba6b,2019-05,Lancashire Constabulary,Lancashire Constabulary,-2.809592,54.049298,On or near West Road,E01025101,Lancaster 017B,Other theft,Status update unavailable,
75d666275c52052e6c47c9b95c05419fa7a5c2d75c4729ebc6fae6d9bdba389d,2019-05,Lancashire Constabulary,Lancashire Constabulary,-2.811056,54.049962,On or near Sports/Recreation Area,E01025101,Lancaster 017B,Other theft,Status update unavailable,
7ccc82901e18a3c16234043d1872beede6c9f188f8718fcf5dc1eb0098070403,2019-05,Lancashire Constabulary,Lancashire Constabulary,-2.814705,54.050711,On or near Lime Grove,E01025101,Lancaster 017B,Public order,Status update unavailable,
afb1e1b08fca381dd36a556f15389456934363030cf7778f8ec2357d0b0b0f29,2019-05,Lancashire Constabulary,Lancashire Constabulary,-2.817161,54.050523,On or near Birch Grove,E01025101,Lancaster 017B,Shoplifting,Awaiting court outcome,
b2bf04a3499ea88e09ddda1e7063b9916730424c2bc051c99c4931fb1cde2dac,2019-05,Lancashire Constabulary,Lancashire Constabulary,-2.816090,54.049641,On or near Alder Court,E01025101,Lancaster 017B,Violence and sexual offences,Unable to prosecute suspect,
a96f09d55789c440aba953e15e6cec505d463f830d615f2b65e38f22fa4525ad,2019-05,Lancashire Constabulary,Lancashire Constabulary,-2.817161,54.050523,On or near Birch Grove,E01025101,Lancaster 017B,Violence and sexual offences,Unable to prosecute suspect,
4ae731419a330412af85fd5499a1520843cb7a1295ea45535c9e899671cb7b36,2019-05,Lancashire Constabulary,Lancashire Constabulary,-2.816090,54.049641,On or near Alder Court,E01025101,Lancaster 017B,Violence and sexual offences,Unable to prosecute suspect,
adea556a14fc88386e57b659c7ab5334c4364df380e0b6c93b09cedb6503f27b,2019-05,Lancashire Constabulary,Lancashire Constabulary,-2.815863,54.050523,On or near Laburnum Grove,E01025101,Lancaster 017B,Violence and sexual offences,Status update unavailable,
dd4bd53ecf314a32a00462f7183a39b3f0d6bdb1bf88357d097a25ccbd3106f9,2019-05,Lancashire Constabulary,Lancashire Constabulary,-2.816818,54.049402,On or near Chestnut Grove,E01025101,Lancaster 017B,Violence and sexual offences,Unable to prosecute suspect,
cb7702cd4ba08a3da84ccc06f2d13a48a1479aea5d1fa3ec6633ce7feb42bf81,2019-05,Lancashire Constabulary,Lancashire Constabulary,-2.815529,54.050660,On or near Hazel Grove,E01025101,Lancaster 017B,Violence and sexual offences,Formal action is not in the public interest,
de957b47fef84854325900bc9f21e35481630a501f087ca5a4a1e223b9734097,2019-05,Lancashire Constabulary,Lancashire Constabulary,-2.816818,54.049402,On or near Chestnut Grove,E01025101,Lancaster 017B,Violence and sexual offences,Status update unavailable,
dcb253e47d52f01a328b71fca89ce92da7cdaa129cc3f11c455a3b54c55ed467,2019-05,Lancashire Constabulary,Lancashire Constabulary,-2.815529,54.050660,On or near Hazel Grove,E01025101,Lancaster 017B,Violence and sexual offences,Status update unavailable,
53a01a4f77891f98570dd833cb013aa122eb5cba39d87bda4a1e1f64267fa577,2019-05,Lancashire Constabulary,Lancashire Constabulary,-2.815863,54.050523,On or near Laburnum Grove,E01025101,Lancaster 017B,Other crime,Unable to prosecute suspect,
,2019-05,Lancashire Constabulary,Lancashire Constabulary,-2.805685,54.046314,On or near Blades Street,E01025102,Lancaster 017C,Anti-social behaviour,,
833b9843ac03d82fefe21c8eff7ab26d4130487ac672da7426f896ed4500d232,2019-05,Lancashire Constabulary,Lancashire Constabulary,-2.809412,54.046351,On or near Wingate-Saul Road,E01025102,Lancaster 017C,Burglary,Status update unavailable,
e73a0e3b9ea430ffc099d1411a844276785e47ed1ab78f4bc93ea24255202ba8,2019-05,Lancashire Constabulary,Lancashire Constabulary,-2.806215,54.046103,On or near Parking Area,E01025102,Lancaster 017C,Criminal damage and arson,Unable to prosecute suspect,
8f8dc0e420364c869f31f2688a6ef92036d0646afbdc3e6b1067fefb31cfeba4,2019-05,Lancashire Constabulary,Lancashire Constabulary,-2.807276,54.045647,On or near Sylvester Street,E01025102,Lancaster 017C,Other theft,Status update unavailable,
76af60f880960693e5a58ca2792c5ec3e0cdb4e16019731e60bc7e2014736564,2019-05,Lancashire Constabulary,Lancashire Constabulary,-2.811270,54.046869,On or near Redvers Street,E01025103,Lancaster 017D,Vehicle crime,Status update unavailable,
05cf553565d7243783d025dbfb4851c822d1aaef5f674dbc1c8a701cfd655948,2019-05,Lancashire Constabulary,Lancashire Constabulary,-2.811773,54.046812,On or near Ashfield Avenue,E01025103,Lancaster 017D,Violence and sexual offences,Status update unavailable,
,2019-05,Lancashire Constabulary,Lancashire Constabulary,-2.798551,54.036690,On or near Bridge Road,E01025144,Lancaster 017E,Anti-social behaviour,,
5f3ea4235296073fc762585b6bced6ada0b970b01fa17ce73760095e1959a577,2019-05,Lancashire Constabulary,Lancashire Constabulary,-2.803665,54.032657,On or near Pathfinders Drive,E01025144,Lancaster 017E,Drugs,Status update unavailable,
886ee7e2020aed020f17ef90e39170c74833082ae54d0283494106ae98baa8b8,2019-05,Lancashire Constabulary,Lancashire Constabulary,-2.796702,54.035813,On or near Hastings Road,E01025144,Lancaster 017E,Other theft,Status update unavailable,
79f116eaa8daf8fe463c4b66eb1993b33bd9289d79b50668e88fce52584744c3,2019-05,Lancashire Constabulary,Lancashire Constabulary,-2.799202,54.039571,On or near Beeching Close,E01025144,Lancaster 017E,Violence and sexual offences,Status update unavailable,
b32c65be00db3c6e3b5f0dedbcdf410ddcd7670a7688acf5eda2ad1628f9d0e0,2019-05,Lancashire Constabulary,Lancashire Constabulary,-2.798335,54.038166,On or near Binyon Court,E01025144,Lancaster 017E,Violence and sexual offences,Unable to prosecute suspect,
,2019-05,Lancashire Constabulary,Lancashire Constabulary,-2.795331,54.031166,On or near Eden Park,E01025146,Lancaster 017F,Anti-social behaviour,,
,2019-05,Lancashire Constabulary,Lancashire Constabulary,-2.795331,54.031166,On or near Eden Park,E01025146,Lancaster 017F,Anti-social behaviour,,
,2019-05,Lancashire Constabulary,Lancashire Constabulary,-2.797434,54.034936,On or near Franklin Street,E01025146,Lancaster 017F,Anti-social behaviour,,
77bcdf6fd84f2dec1c2d3ce6a0a6ba712fe3aba14b6b37df89ea82127e49b15f,2019-05,Lancashire Constabulary,Lancashire Constabulary,-2.797434,54.034936,On or near Franklin Street,E01025146,Lancaster 017F,Bicycle theft,Status update unavailable,
bdd11193a555f094dad595ccab19bb0414f7ee5a87005f9b669e518ee1662e1e,2019-05,Lancashire Constabulary,Lancashire Constabulary,-2.795444,54.032307,On or near Chatsworth Road,E01025146,Lancaster 017F,Burglary,Status update unavailable,
0634fe1668a50c98e6865c62311d5d6f0f3ca03f9f63a700529c2dd5e524280a,2019-05,Lancashire Constabulary,Lancashire Constabulary,-2.795899,54.025752,On or near Toll Bar Crescent,E01025146,Lancaster 017F,Burglary,Status update unavailable,
5ecff5b45dafdc58fac08bada4a35ef87cbdc7ec2574c968d2ec3507024be239,2019-05,Lancashire Constabulary,Lancashire Constabulary,-2.795444,54.032307,On or near Chatsworth Road,E01025146,Lancaster 017F,Burglary,Status update unavailable,
0a9a3c90912748e8adb0c7ae3ed44a9c0d55c218e2cffc1cb1750fd24aafde93,2019-05,Lancashire Constabulary,Lancashire Constabulary,-2.795800,54.028521,On or near Piccadilly Grove,E01025146,Lancaster 017F,Criminal damage and arson,Status update unavailable,
bb4849c520e1aefd82b775b5c9463d3b37bd346830688c96ea0b83d4c8761bd8,2019-05,Lancashire Constabulary,Lancashire Constabulary,-2.795285,54.027976,On or near Scotforth Road,E01025146,Lancaster 017F,Shoplifting,Status update unavailable,
57ee55c858b73efada22415603ff9655b0d1531dd76c91b7d5f9b74ec8370901,2019-05,Lancashire Constabulary,Lancashire Constabulary,-2.816339,54.034297,On or near Aldcliffe Mews,E01025146,Lancaster 017F,Violence and sexual offences,Status update unavailable,
,2019-05,Lancashire Constabulary,Lancashire Constabulary,-2.789473,54.034620,On or near Chester Place,E01025141,Lancaster 018B,Anti-social behaviour,,
,2019-05,Lancashire Constabulary,Lancashire Constabulary,-2.789473,54.034620,On or near Chester Place,E01025141,Lancaster 018B,Anti-social behaviour,,
98b2fa8188e0ba0fac6745b2addc33871bba9026112d7ec3082734f4b706eb4b,2019-05,Lancashire Constabulary,Lancashire Constabulary,-2.789718,54.033837,On or near Warwick Avenue,E01025141,Lancaster 018B,Burglary,Status update unavailable,
9738e6791c0a30bc1cb3bdfe9b98ba31b5107b2d200eb0177647b9ef618baca2,2019-05,Lancashire Constabulary,Lancashire Constabulary,-2.791916,54.033013,On or near Durham Avenue,E01025141,Lancaster 018B,Burglary,Status update unavailable,
ba65bc74049b2152415a9cb74ba5fce5e390d697be6d5f803b106bb5b9971d2e,2019-05,Lancashire Constabulary,Lancashire Constabulary,-2.790966,54.032022,On or near Barton Road,E01025141,Lancaster 018B,Burglary,Status update unavailable,
fe6ef4d5cbcafed09a93b12d0f4a16c9bd4ca5af3b0e5ca9c19c7f2e154c865c,2019-05,Lancashire Constabulary,Lancashire Constabulary,-2.793258,54.032941,On or near Bedford Place,E01025141,Lancaster 018B,Burglary,Status update unavailable,
f7205a84fa63e903cc6026f1aba4819ae4c8d849ec1dd7242eccf6717ff9a43c,2019-05,Lancashire Constabulary,Lancashire Constabulary,-2.791916,54.033013,On or near Durham Avenue,E01025141,Lancaster 018B,Burglary,Status update unavailable,
f347d88289d62f67e71a6bc108a6350324101c9027e17fa459e301268b42d32b,2019-05,Lancashire Constabulary,Lancashire Constabulary,-2.793211,54.031279,On or near Wakefield Drive,E01025141,Lancaster 018B,Criminal damage and arson,Status update unavailable,
f6f819294cb6e803e37a4a72241805af257fa328998a87c231d0e9b68a36a5be,2019-05,Lancashire Constabulary,Lancashire Constabulary,-2.791441,54.034553,On or near Palatine Avenue,E01025141,Lancaster 018B,Other theft,Status update unavailable,
ab76adccaf90a12130cb1f18e340ce312baa287767f07c5da8102734edee2758,2019-05,Lancashire Constabulary,Lancashire Constabulary,-2.792932,54.031838,On or near Devon Place,E01025141,Lancaster 018B,Vehicle crime,Status update unavailable,
5f4ef1120e8f2b91ea63c2184dd5ee759203156bc8cd319f393439537da0971c,2019-05,Lancashire Constabulary,Lancashire Constabulary,-2.793883,54.032074,On or near Addle Street,E01025141,Lancaster 018B,Violence and sexual offences,Action to be taken by another organisation,
,2019-05,Lancashire Constabulary,Lancashire Constabulary,-2.790272,54.027676,On or near Hala Square,E01025143,Lancaster 018C,Anti-social behaviour,,
cba7b946add2ec24d17189bebb2189e060a92bddc347ff10febc6c9af19c8a4a,2019-05,Lancashire Constabulary,Lancashire Constabulary,-2.789462,54.026819,On or near Appletree Close,E01025143,Lancaster 018C,Burglary,Status update unavailable,
9fa59afbf4421da6fbcc8ee658ed40804dd463ea75ffb60441d1d6b419bc7961,2019-05,Lancashire Constabulary,Lancashire Constabulary,-2.789651,54.030323,On or near Gregory'S Court,E01025143,Lancaster 018C,Other theft,Status update unavailable,
f6e85cea026b88c61d663730958707bdaa21b82fac2c561431ba883809827ba7,2019-05,Lancashire Constabulary,Lancashire Constabulary,-2.790272,54.027676,On or near Hala Square,E01025143,Lancaster 018C,Public order,Status update unavailable,
5f3aa6def1f9a5e91a8ae406a25c68b19b7f6cab3e6438b5c1e80ccb318b9eff,2019-05,Lancashire Constabulary,Lancashire Constabulary,-2.788980,54.025519,On or near Slaidburn Drive,E01025143,Lancaster 018C,Violence and sexual offences,Unable to prosecute suspect,
ee58a421bbc366e4099fe42b9a9959379b017235422a1227e2e6cf2882076cd1,2019-05,Lancashire Constabulary,Lancashire Constabulary,-2.789706,54.023572,On or near Bentham Road,E01025143,Lancaster 018C,Violence and sexual offences,Unable to prosecute suspect,
50c58d5066d51becf137db07b4fd7e8a69b7a67a832fd706d0e4fa77e2f49491,2019-05,Lancashire Constabulary,Lancashire Constabulary,-2.789125,54.028358,On or near Ingleton Drive,E01025143,Lancaster 018C,Violence and sexual offences,Status update unavailable,
4b5b4d7d5c03e33606a16a405cfd1e5eda521b229a6845b6ef543521bf0ba3d7,2019-05,Lancashire Constabulary,Lancashire Constabulary,-2.789462,54.026819,On or near Appletree Close,E01025143,Lancaster 018C,Violence and sexual offences,Status update unavailable,
,2019-05,Lancashire Constabulary,Lancashire Constabulary,-2.790665,54.037102,On or near Rosebery Avenue,E01025145,Lancaster 018D,Anti-social behaviour,,
99bf408b9b2ef482289a106e055d644295470d5d6f9bd06a5bd3a8a502223d62,2019-05,Lancashire Constabulary,Lancashire Constabulary,-2.790305,54.035855,On or near York Road,E01025145,Lancaster 018D,Burglary,Status update unavailable,
aaac3b60a142e7825c9a22e4b5df36d2f39e8ff67c39e5634e3541243d37b006,2019-05,Lancashire Constabulary,Lancashire Constabulary,-2.791636,54.038399,On or near Avondale Road,E01025145,Lancaster 018D,Criminal damage and arson,Status update unavailable,
efa8ec32ab2e1b1b0086d51f4c83451bdf5ca69d67558e89072a1fc36de58b80,2019-05,Lancashire Constabulary,Lancashire Constabulary,-2.791674,54.035531,On or near Sports/Recreation Area,E01025145,Lancaster 018D,Public order,Status update unavailable,
c829021e1ff5e92b79ccf37276335a960fa91f8b4ba9d6ea63d350e7229e97aa,2019-05,Lancashire Constabulary,Lancashire Constabulary,-2.790665,54.037102,On or near Rosebery Avenue,E01025145,Lancaster 018D,Violence and sexual offences,Further investigation is not in the public interest,
ab6f789d48bb31f44d8123e0d016b22143507b9061e794594c043bac82b1bfff,2019-05,Lancashire Constabulary,Lancashire Constabulary,-2.791674,54.035531,On or near Sports/Recreation Area,E01025145,Lancaster 018D,Violence and sexual offences,Unable to prosecute suspect,
c1ab7c18b6d949b0f81846b6da8d694dc406a739dc8503b66cafa2534f2cc4e4,2019-05,Lancashire Constabulary,Lancashire Constabulary,-2.789252,54.035835,On or near Kenilworth Place,E01025145,Lancaster 018D,Violence and sexual offences,Status update unavailable,
cc3b5fec75ae45b7f37118f778dc259d16a018f6e0749ba65517b3b1979e079a,2019-05,Lancashire Constabulary,Lancashire Constabulary,-2.786869,54.009947,On or near Further/Higher Educational Building,E01025105,Lancaster 019A,Bicycle theft,Status update unavailable,
8f79e2eb44f3a46ba9715c2819e797032203b477085b307c858ac94407e184e9,2019-05,Lancashire Constabulary,Lancashire Constabulary,-2.733555,53.978827,On or near Brookside Drive,E01025105,Lancaster 019A,Burglary,Status update unavailable,
b226f2263bde668d882c6cb1c7d5bd42789ec104743e9bda83840825cb6b6fef,2019-05,Lancashire Constabulary,Lancashire Constabulary,-2.775190,53.970234,On or near Pedestrian Subway,E01025105,Lancaster 019A,Other theft,Status update unavailable,
5a0a300f8daf6e3333082b43aca6706df924397c7e42573ced7c9becea9c6ee0,2019-05,Lancashire Constabulary,Lancashire Constabulary,-2.729476,53.978385,On or near Abbeystead Road,E01025105,Lancaster 019A,Other theft,Status update unavailable,
7d9abc14dbb11b6821cc772193eaf244834acd5bd8895096a64d92e13f9c0435,2019-05,Lancashire Constabulary,Lancashire Constabulary,-2.786783,54.003746,On or near Graduate Lane,E01025105,Lancaster 019A,Public order,Status update unavailable,
5e94ed16edb08356993c751b141015904861c81c9f24e8d47f005a6fd05fb5d6,2019-05,Lancashire Constabulary,Lancashire Constabulary,-2.735966,53.978057,On or near Four Lane,E01025105,Lancaster 019A,Vehicle crime,Status update unavailable,
48aa43731372817f03a2cf6562fe83a5ff2b12410a39067e6c6102ce71b32da8,2019-05,Lancashire Constabulary,Lancashire Constabulary,-2.786233,54.000505,On or near Green Lane,E01025105,Lancaster 019A,Violence and sexual offences,Unable to prosecute suspect,
5b200238278f8540c63a7003bb4323ed6644b79a8bcfa530480dbee81a0b7c97,2019-05,Lancashire Constabulary,Lancashire Constabulary,-2.786233,54.000505,On or near Green Lane,E01025105,Lancaster 019A,Violence and sexual offences,Status update unavailable,
db6fe1996154b81f331c5c14371283f162e3020fd0f0b40c98f34ff168b37b94,2019-05,Lancashire Constabulary,Lancashire Constabulary,-2.794078,54.001469,On or near Leach House Lane,E01025105,Lancaster 019A,Violence and sexual offences,Unable to prosecute suspect,
3a387942a2ba5fb9747ec10ce480609b378465973df50cb5aad6504c4dcc821c,2019-05,Lancashire Constabulary,Lancashire Constabulary,-2.765302,54.004622,On or near Kit Brow Lane,E01025105,Lancaster 019A,Violence and sexual offences,Status update unavailable,
da7fd3b4f7ab16f801dc3fb66f5ecd2727d06d7bd1351b0b4f12f6ec8438ec62,2019-05,Lancashire Constabulary,Lancashire Constabulary,-2.786869,54.009947,On or near Further/Higher Educational Building,E01025105,Lancaster 019A,Violence and sexual offences,Status update unavailable,
835574cddcc20ea5ec249ae1e8f6209cca1324205aed0d4311d794375401cee2,2019-05,Lancashire Constabulary,Lancashire Constabulary,-2.786498,54.005654,On or near Green Lane,E01025105,Lancaster 019A,Violence and sexual offences,Status update unavailable,
ccddb97e0e91eb588f881d814af35fdf32e365ae95f5131e5ce7da981b2f56a9,2019-05,Lancashire Constabulary,Lancashire Constabulary,-2.786498,54.005654,On or near Green Lane,E01025105,Lancaster 019A,Violence and sexual offences,Status update unavailable,
0c437e3c2ab545f3206aa393ea50511263389489dcb3b6defd46d827260c3d9d,2019-05,Lancashire Constabulary,Lancashire Constabulary,-2.786498,54.005654,On or near Green Lane,E01025105,Lancaster 019A,Violence and sexual offences,Status update unavailable,
,2019-05,Lancashire Constabulary,Lancashire Constabulary,-2.788621,53.994459,On or near Tanhouse,E01025106,Lancaster 019B,Anti-social behaviour,,
,2019-05,Lancashire Constabulary,Lancashire Constabulary,-2.788044,53.992989,On or near Chapel Street,E01025106,Lancaster 019B,Anti-social behaviour,,
,2019-05,Lancashire Constabulary,Lancashire Constabulary,-2.794170,53.995078,On or near Lime Avenue,E01025106,Lancaster 019B,Anti-social behaviour,,
,2019-05,Lancashire Constabulary,Lancashire Constabulary,-2.788621,53.994459,On or near Tanhouse,E01025106,Lancaster 019B,Anti-social behaviour,,
7d5660703188cbdef5dd192574f977a9904dfdb356a04e103c6ac60232a9249c,2019-05,Lancashire Constabulary,Lancashire Constabulary,-2.789153,53.991148,On or near Main Road,E01025106,Lancaster 019B,Burglary,Status update unavailable,
51a991f5a41083ba95fb03b79f90814f1d5997457e5a9efde5f36a365991dcb3,2019-05,Lancashire Constabulary,Lancashire Constabulary,-2.791153,53.989598,On or near Sports/Recreation Area,E01025106,Lancaster 019B,Burglary,Status update unavailable,
d4ff7fe84c602e04551f60f4093bd9d61dfd884164a4f06e1fd7d86332af6272,2019-05,Lancashire Constabulary,Lancashire Constabulary,-2.789153,53.991148,On or near Main Road,E01025106,Lancaster 019B,Criminal damage and arson,Status update unavailable,
b89ca28f37df188ba21c37713da3520bcac89597220a4b99f65b4db9d320e3e8,2019-05,Lancashire Constabulary,Lancashire Constabulary,-2.791153,53.989598,On or near Sports/Recreation Area,E01025106,Lancaster 019B,Other theft,Status update unavailable,
243665f316e9e551d58345a4081a0d7da247677c3bf5dc0a55ceb69b0771fec2,2019-05,Lancashire Constabulary,Lancashire Constabulary,-2.788345,53.991953,On or near Ashley Gardens,E01025106,Lancaster 019B,Theft from the person,Status update unavailable,
6fae199b1c1301cfc3f7b35932a03b38797f5bdc623d5abd2ac7dc8c05c5e60b,2019-05,Lancashire Constabulary,Lancashire Constabulary,-2.790501,53.992235,On or near Salford Road,E01025106,Lancaster 019B,Vehicle crime,Status update unavailable,
3ad25b60710eb053486ebf19d31dba832e33e92a09cea5bc39db43bda9e698cd,2019-05,Lancashire Constabulary,Lancashire Constabulary,-2.798170,53.992859,On or near Bank Close,E01025106,Lancaster 019B,Violence and sexual offences,Unable to prosecute suspect,
d1397dac8c1a490426720dde0ff73c3175d445a71c3553a7b59669058bc04bb3,2019-05,Lancashire Constabulary,Lancashire Constabulary,-2.789153,53.991148,On or near Main Road,E01025106,Lancaster 019B,Violence and sexual offences,Status update unavailable,
,2019-05,Lancashire Constabulary,Lancashire Constabulary,-2.761493,54.035007,On or near Langthwaite Road,E01025107,Lancaster 019C,Anti-social behaviour,,
,2019-05,Lancashire Constabulary,Lancashire Constabulary,-2.788873,54.017475,On or near Bailrigg Lane,E01025107,Lancaster 019C,Anti-social behaviour,,
,2019-05,Lancashire Constabulary,Lancashire Constabulary,-2.849737,53.997943,On or near Ten Row,E01025107,Lancaster 019C,Anti-social behaviour,,
c5f95dbda89fad99657976d053e9e76d42282fb3926196dea8c975616b2f4b29,2019-05,Lancashire Constabulary,Lancashire Constabulary,-2.761493,54.035007,On or near Langthwaite Road,E01025107,Lancaster 019C,Drugs,Status update unavailable,
e4ddfe15a4a92553ad3a8140f1e1c47c0cec6bcde61416bb21d86946db19552d,2019-05,Lancashire Constabulary,Lancashire Constabulary,-2.817816,53.964064,On or near Rectory Gardens,E01025107,Lancaster 019C,Other theft,Status update unavailable,
6b41bcd88221e4c95d4b182089a4cea081d8132351dde66fa04e8b60edc8d295,2019-05,Lancashire Constabulary,Lancashire Constabulary,-2.810520,53.954155,On or near Garstang Road,E01025107,Lancaster 019C,Possession of weapons,Action to be taken by another organisation,
c1daf7750cb49e4719ca45a7b91f692af37e5dea9bc394bf4fa808ff11d0506e,2019-05,Lancashire Constabulary,Lancashire Constabulary,-2.823651,53.999473,On or near A588,E01025107,Lancaster 019C,Vehicle crime,Status update unavailable,
64d21575e2b2b36d8247a751a024d04afb3b92121f6b543222a9068c7bc94d79,2019-05,Lancashire Constabulary,Lancashire Constabulary,-2.833153,53.994787,On or near Brickcroft,E01025107,Lancaster 019C,Violence and sexual offences,Unable to prosecute suspect,
7bfe458aed69ee8438dcd48aad5b811cdc088be04c50e21423949dbc7e3950df,2019-05,Lancashire Constabulary,Lancashire Constabulary,-2.761493,54.035007,On or near Langthwaite Road,E01025107,Lancaster 019C,Violence and sexual offences,Unable to prosecute suspect,
5344d542fe7ba0559e2e23ad8e97920b4198eaa0ae89f64964b5f2a8d6bb7f04,2019-05,Lancashire Constabulary,Lancashire Constabulary,-2.766510,54.015553,On or near Procter Moss Road,E01025107,Lancaster 019C,Violence and sexual offences,Unable to prosecute suspect,
5e8e623a3a28c19c6b2ac400bba253dd18010d66e50d61fabc0d69dc99e06b3e,2019-05,Lancashire Constabulary,Lancashire Constabulary,-2.866708,53.981392,On or near Slack Lane,E01025107,Lancaster 019C,Violence and sexual offences,Status update unavailable,
bafcf29c7df9dd7a71c68020be7551ca50c66ee19eef009b5d841a98a1c576a4,2019-05,Lancashire Constabulary,Lancashire Constabulary,-2.870461,53.947848,On or near Park/Open Space,E01025107,Lancaster 019C,Violence and sexual offences,Offender fined,
b012612512863ef57e0fbe4301dde216fa1e847811e817768ca3b14c234b2ffb,2019-05,Lancashire Constabulary,Lancashire Constabulary,-2.817816,53.964064,On or near Rectory Gardens,E01025107,Lancaster 019C,Violence and sexual offences,Status update unavailable,
,2019-05,Lancashire Constabulary,Lancashire Constabulary,-2.793093,54.021878,On or near Elmwood Gardens,E01025142,Lancaster 019D,Anti-social behaviour,,
68bb3eb9d8a5183d609aca81f874d0f7b6d05d56c189a9e4718355bcf911424d,2019-05,Lancashire Constabulary,Lancashire Constabulary,-2.783777,54.027260,On or near Sandown Road,E01025142,Lancaster 019D,Public order,Status update unavailable,
d317a76d42ebaae15757b4a34093e9f4d2f87eec5fcf1b48c4fa124276565bbd,2019-05,Lancashire Constabulary,Lancashire Constabulary,-2.782880,54.026655,On or near Greenacre Court,E01025142,Lancaster 019D,Violence and sexual offences,Awaiting court outcome,
774c5fe403509dd7a60c368e4dedd5fa83c09decdac65e77ca3e6fa8b568b053,2019-05,Lancashire Constabulary,Lancashire Constabulary,-2.782589,54.029030,On or near Bowerham Lane,E01025142,Lancaster 019D,Other crime,Further investigation is not in the public interest,
,2019-05,Lancashire Constabulary,Lancashire Constabulary,-2.851311,54.069044,On or near Back Roseberry Avenue North,E01025137,Lancaster 020A,Anti-social behaviour,,
,2019-05,Lancashire Constabulary,Lancashire Constabulary,-2.847064,54.067618,On or near Sports/Recreation Area,E01025137,Lancaster 020A,Anti-social behaviour,,
3ba93fd8a6e34c51cbf1b9917dda86db6cd38d53ec4f0738d9142db743791108,2019-05,Lancashire Constabulary,Lancashire Constabulary,-2.847899,54.068816,On or near Lancaster Road,E01025137,Lancaster 020A,Burglary,Status update unavailable,
3a30d4e63b5cc78c99df06f5f9589400af4e0b9b61f3c8a04c8b83a2a1a6988b,2019-05,Lancashire Constabulary,Lancashire Constabulary,-2.850328,54.068799,On or near Back Roseberry Avenue South,E01025137,Lancaster 020A,Criminal damage and arson,Status update unavailable,
628c7b055f48504f6f5fa5ae2c313a72bdd68cca59920434ce0bf1768bbe8d3d,2019-05,Lancashire Constabulary,Lancashire Constabulary,-2.848533,54.071454,On or near Gables Place,E01025137,Lancaster 020A,Criminal damage and arson,Status update unavailable,
cdbe5c3b9f7691af86335c3ef5979c3b0800cc9b990b57727682b3f39ab6787a,2019-05,Lancashire Constabulary,Lancashire Constabulary,-2.847064,54.067618,On or near Sports/Recreation Area,E01025137,Lancaster 020A,Other theft,Status update unavailable,
113c215ba957ad78944bd61e994a0dd52e4c7bc2c31a15102b64c7c62b4d39d0,2019-05,Lancashire Constabulary,Lancashire Constabulary,-2.845899,54.067410,On or near Parking Area,E01025137,Lancaster 020A,Other theft,Local resolution,
25f3790d98c8e479d2bb6075310d55c778d9e1de5d55a4a7f705527756db147c,2019-05,Lancashire Constabulary,Lancashire Constabulary,-2.847064,54.067618,On or near Sports/Recreation Area,E01025137,Lancaster 020A,Other theft,Status update unavailable,
23aef302487d4c93af4d9736f5b1ab3343a0f7b1a8bab91056d227c54e8506f4,2019-05,Lancashire Constabulary,Lancashire Constabulary,-2.850328,54.068799,On or near Back Roseberry Avenue South,E01025137,Lancaster 020A,Public order,Further investigation is not in the public interest,
fc2c34f3e5d2f17bd22fc52b755a0ce5d1cb565c6c335746527e46cbcd47e38d,2019-05,Lancashire Constabulary,Lancashire Constabulary,-2.847064,54.067618,On or near Sports/Recreation Area,E01025137,Lancaster 020A,Shoplifting,Status update unavailable,
9b1afe135505880f92a80edaecef5d4c3d73b01b1c65998b4ef735a0324a9fd5,2019-05,Lancashire Constabulary,Lancashire Constabulary,-2.848533,54.071454,On or near Gables Place,E01025137,Lancaster 020A,Vehicle crime,Status update unavailable,
b827fae2cd1f77d1ecb95749acd746777e1bbfe73ed1e5bf5535f6439a1d1e9d,2019-05,Lancashire Constabulary,Lancashire Constabulary,-2.848533,54.071454,On or near Gables Place,E01025137,Lancaster 020A,Violence and sexual offences,Awaiting court outcome,
32adcecec96acb6231b2bda47c6b89308744309e65ddd5f5297cdf44b1f87fb5,2019-05,Lancashire Constabulary,Lancashire Constabulary,-2.846726,54.071278,On or near Elkin Road,E01025137,Lancaster 020A,Violence and sexual offences,Unable to prosecute suspect,
802207dde76c7b01eb2bf34ddd12ade0f9d3fc4dd58f0fdc6dc46e54147e6c1d,2019-05,Lancashire Constabulary,Lancashire Constabulary,-2.847064,54.067618,On or near Sports/Recreation Area,E01025137,Lancaster 020A,Violence and sexual offences,Unable to prosecute suspect,
45ded5473189c5e76a1dd682acebc8dd83dd1b7831e79554dccf565feaae3e05,2019-05,Lancashire Constabulary,Lancashire Constabulary,-2.851093,54.068866,On or near Rosebery Avenue,E01025137,Lancaster 020A,Violence and sexual offences,Action to be taken by another organisation,
44c05eab08268b533dbf778b5bf6a63ae39b84d467a11e93efba80ded93ed63b,2019-05,Lancashire Constabulary,Lancashire Constabulary,-2.846726,54.071278,On or near Elkin Road,E01025137,Lancaster 020A,Violence and sexual offences,Status update unavailable,
,2019-05,Lancashire Constabulary,Lancashire Constabulary,-2.838722,54.069168,On or near Lynden Avenue,E01025162,Lancaster 020B,Anti-social behaviour,,
64c926d62feb7ec17c30b602731fbdd664ae938129a00bf7f1b9d404c958baea,2019-05,Lancashire Constabulary,Lancashire Constabulary,-2.840031,54.070454,On or near The Glade,E01025162,Lancaster 020B,Criminal damage and arson,Status update unavailable,
1c6064455d708d615269bc273a443122948686f04fe9b199d92b250087753e5f,2019-05,Lancashire Constabulary,Lancashire Constabulary,-2.843735,54.072207,On or near Nicholson Crescent,E01025162,Lancaster 020B,Criminal damage and arson,Unable to prosecute suspect,
1b5f28ae805043a08d1ffe4adf7aabac8e23c6f12ed03b6d5e9bc7455cd14554,2019-05,Lancashire Constabulary,Lancashire Constabulary,-2.843735,54.072207,On or near Nicholson Crescent,E01025162,Lancaster 020B,Other theft,Status update unavailable,
25c981fb09fc10c32fb2632d229581405812a6c9e888ff5ed43e013ed8218832,2019-05,Lancashire Constabulary,Lancashire Constabulary,-2.838200,54.073612,On or near Victor Avenue,E01025162,Lancaster 020B,Other theft,Unable to prosecute suspect,
,2019-05,Lancashire Constabulary,Lancashire Constabulary,-2.832863,54.067349,On or near Harrow Grove,E01025163,Lancaster 020C,Anti-social behaviour,,
e71994b00eb2eae81f23fcab99432cfdd34747f7f3c98e025489f3599197ebcd,2019-05,Lancashire Constabulary,Lancashire Constabulary,-2.834407,54.068911,On or near Michaelson Avenue,E01025163,Lancaster 020C,Vehicle crime,Status update unavailable,
37de94ec3ec7bbae5cd63641e266374a4d084573cb71acb452eb3dcf5e8b737c,2019-05,Lancashire Constabulary,Lancashire Constabulary,-2.832806,54.068320,On or near Roedean Avenue,E01025163,Lancaster 020C,Violence and sexual offences,Status update unavailable,
,2019-05,Lancashire Constabulary,Lancashire Constabulary,-2.827592,54.066594,On or near Hardlands Avenue,E01025164,Lancaster 020D,Anti-social behaviour,,
b6412ecb11924116b1bc244f19d2edbe8786c0ba92595fda1adeaaecbc6d34e5,2019-05,Lancashire Constabulary,Lancashire Constabulary,-2.832278,54.066355,On or near Lancaster Road,E01025164,Lancaster 020D,Other theft,Status update unavailable,
63f96469491d83b83633d01b06c34a6924d72277f15d76c2e9801bdfd85ea1ab,2019-05,Lancashire Constabulary,Lancashire Constabulary,-2.831437,54.063269,On or near The Way,E01025164,Lancaster 020D,Violence and sexual offences,Status update unavailable,
c8d545d1c2eb0fa7cea3091ae55f3e3aaa122dcd3b43e9eccf6fd0d13be3c3c4,2019-05,Lancashire Constabulary,Lancashire Constabulary,-2.838407,54.061882,On or near Pilgrims Way,E01025165,Lancaster 020E,Burglary,Status update unavailable,
fe40e1ad025fc0922259717b9ff02df95ed65ec8e3b6cf07b22862e6254bb957,2019-05,Lancashire Constabulary,Lancashire Constabulary,-2.837427,54.061771,On or near Akeman Close,E01025165,Lancaster 020E,Vehicle crime,Status update unavailable,
,2019-05,Lancashire Constabulary,Lancashire Constabulary,-2.812204,54.064982,On or near Pickthorn Close,E01025153,Lancaster 020F,Anti-social behaviour,,
59a0de07d9c8a5be87617d6937ff73ab0bf1f04ba9b357380fc4bb83cc861e37,2019-05,Lancashire Constabulary,Lancashire Constabulary,-2.813974,54.063308,On or near Malham Close,E01025153,Lancaster 020F,Bicycle theft,Status update unavailable,
87b0cce68482f9dcf45b2a550753bea920a5756895cf51ddbde82201b6e5b6c3,2019-05,Lancashire Constabulary,Lancashire Constabulary,-2.819886,54.059358,On or near Rossall Road,E01025153,Lancaster 020F,Criminal damage and arson,Status update unavailable,
46853fa70d1ab1a8c68c070aa4703ad02554f64e52564327ec0dcf0b50f06731,2019-05,Lancashire Constabulary,Lancashire Constabulary,-2.812040,54.062071,On or near St Chad'S Drive,E01025153,Lancaster 020F,Public order,Awaiting court outcome,
5d503ebd58ca69bcc6cb8bb3618d59ab9be46390c4187665c51e1a9224d28941,2019-05,Lancashire Constabulary,Lancashire Constabulary,-2.817399,54.060327,On or near Torrisholme Road,E01025153,Lancaster 020F,Shoplifting,Status update unavailable,
17e2d390c55c00f33d1bed65df2c2afe9e3bbcb8b0a0519656c79ccfcd47060a,2019-05,Lancashire Constabulary,Lancashire Constabulary,-2.817399,54.060327,On or near Torrisholme Road,E01025153,Lancaster 020F,Shoplifting,Status update unavailable,
2b7f26c0ba7ec00db23f7fec0c285bc84665d4bc8afad5281e5437733ec540da,2019-05,Lancashire Constabulary,Lancashire Constabulary,-2.817399,54.060327,On or near Torrisholme Road,E01025153,Lancaster 020F,Shoplifting,Status update unavailable,
ee07141115818ffc22972025ce7b0f9b7264753e42ca288e74c1e2267d4f199c,2019-05,Lancashire Constabulary,Lancashire Constabulary,-2.819886,54.059358,On or near Rossall Road,E01025153,Lancaster 020F,Violence and sexual offences,Awaiting court outcome,
06fcdc8e76daa927ca00f68c234b050f429391671b65f1a9fdb9b85099b10c18,2019-05,Lancashire Constabulary,Lancashire Constabulary,-2.812204,54.064982,On or near Pickthorn Close,E01025153,Lancaster 020F,Violence and sexual offences,Status update unavailable,
01fc0647dc51ffa3f6d0f4d35b1b8111f0e699d1e9d580ab63f005e160da297f,2019-05,Lancashire Constabulary,Lancashire Constabulary,-2.818477,54.061542,On or near Pendle Road,E01025153,Lancaster 020F,Violence and sexual offences,Offender given a caution,
2c62c9f07f9650c474ef8f922e92877006b3674910c5569041eb338cda2a1298,2019-05,Lancashire Constabulary,Lancashire Constabulary,-2.812204,54.064982,On or near Pickthorn Close,E01025153,Lancaster 020F,Violence and sexual offences,Unable to prosecute suspect,
483d54ca494682cbdd17c10c8bdccfae0bc52c25661bc342ceba63b466c96cd4,2019-05,Lancashire Constabulary,Lancashire Constabulary,-2.812204,54.064982,On or near Pickthorn Close,E01025153,Lancaster 020F,Violence and sexual offences,Status update unavailable,
be0bf7b32d78e63313ef6da62e934c2bf64bbc680f0b3b3db8185dcffade3092,2019-05,Lancashire Constabulary,Lancashire Constabulary,-2.819886,54.059358,On or near Rossall Road,E01025153,Lancaster 020F,Violence and sexual offences,Status update unavailable,
,2019-05,Lancashire Constabulary,Lancashire Constabulary,-2.819262,54.064135,On or near Sports/Recreation Area,E01025155,Lancaster 020G,Anti-social behaviour,,
,2019-05,Lancashire Constabulary,Lancashire Constabulary,-2.819262,54.064135,On or near Sports/Recreation Area,E01025155,Lancaster 020G,Anti-social behaviour,,
973b81e66a17a40751afe7ac00938d8b0ad484f81d0120e8f00ecd80152356eb,2019-05,Lancashire Constabulary,Lancashire Constabulary,-2.822993,54.061224,On or near Leycester Drive,E01025155,Lancaster 020G,Vehicle crime,Status update unavailable,
2ecd05a6de927888262b9f72bae16d94019806d81e2c6f57eca6a6b37042b712,2019-05,Lancashire Constabulary,Lancashire Constabulary,-2.822553,54.060562,On or near Windham Place,E01025155,Lancaster 020G,Vehicle crime,Status update unavailable,
0d9fb3dd2d3024bd07c7913375c7d5ef07f652b99296dbdf5f8633f4da5d8e12,2019-05,Lancashire Constabulary,Lancashire Constabulary,-2.824640,54.061042,On or near Burton Avenue,E01025155,Lancaster 020G,Violence and sexual offences,Unable to prosecute suspect,
40af5d9ddc629b04df88b2892b1692fe9a15e39f362390b1be4533deafe80aa7,2019-05,Lancashire Constabulary,Lancashire Constabulary,-2.818981,54.056883,On or near Morecambe Road,E01025155,Lancaster 020G,Violence and sexual offences,Unable to prosecute suspect,
5fae6abbe0ab869cf72777313203e596147ff8f09426edb71387f99f8bb5c343,2019-05,Lancashire Constabulary,Lancashire Constabulary,-2.824640,54.061042,On or near Burton Avenue,E01025155,Lancaster 020G,Violence and sexual offences,Unable to prosecute suspect,
,2019-05,Lancashire Constabulary,Lancashire Constabulary,-2.811317,54.060261,On or near Lupton Place,E01025156,Lancaster 020H,Anti-social behaviour,,
dd2589969beb8586f4707157d009074f6728fdfc1cd6e91d44b511c08c358a59,2019-05,Lancashire Constabulary,Lancashire Constabulary,-2.813217,54.057372,On or near Raygill Place,E01025156,Lancaster 020H,Burglary,Status update unavailable,
9868de912e7ea8fc2abf22844eca45cd591ca2486035f563bbd978db39ea70da,2019-05,Lancashire Constabulary,Lancashire Constabulary,-2.812015,54.058432,On or near Austwick Road,E01025156,Lancaster 020H,Burglary,Status update unavailable,
e302aa3b1838a95bc917113e3e94eb7c81472e97127e80f572c75268545c5225,2019-05,Lancashire Constabulary,Lancashire Constabulary,-2.812238,54.056561,On or near Browgill Place,E01025156,Lancaster 020H,Criminal damage and arson,Status update unavailable,
0e6d7fb4a688e2838c6f629a24652377c00b751c87b184e66cf81b36abac5b03,2019-05,Lancashire Constabulary,Lancashire Constabulary,-2.812238,54.056561,On or near Browgill Place,E01025156,Lancaster 020H,Criminal damage and arson,Status update unavailable,
d4b4f5deef332802068047d392b3bba5dc94a0691c7452b4ac4ba29691368122,2019-05,Lancashire Constabulary,Lancashire Constabulary,-2.812238,54.056561,On or near Browgill Place,E01025156,Lancaster 020H,Criminal damage and arson,Status update unavailable,
a4e3ab10e1ba346d83c9cf3cc14a5149625e24ff30a75fa2acb70ab7b4372484,2019-05,Lancashire Constabulary,Lancashire Constabulary,-2.810287,54.059117,On or near Conder Place,E01025156,Lancaster 020H,Drugs,Offender given penalty notice,
a655eb7e118f7bf88c676026ae74d6c01a74ba25295a92b191e9ce4c3be4bb4a,2019-05,Lancashire Constabulary,Lancashire Constabulary,-2.812015,54.058432,On or near Austwick Road,E01025156,Lancaster 020H,Drugs,Status update unavailable,
673cb2e1627648486fc00f07caf963e876c5ccaaf1226a8f76bce852e63b0de8,2019-05,Lancashire Constabulary,Lancashire Constabulary,-2.813217,54.057372,On or near Raygill Place,E01025156,Lancaster 020H,Violence and sexual offences,Unable to prosecute suspect,
be5346e38f80e7038cf9e685b565d517019176d044744dd1f5b8b53031a41892,2019-05,Lancashire Constabulary,Lancashire Constabulary,-2.810002,54.057852,On or near Artle Place,E01025156,Lancaster 020H,Violence and sexual offences,Formal action is not in the public interest,
171b1cdf2c5036a9f48674c9c0fbcc075de28e3e0816886836b633a5f5a95dc0,2019-05,Lancashire Constabulary,Lancashire Constabulary,-2.812015,54.058432,On or near Austwick Road,E01025156,Lancaster 020H,Violence and sexual offences,Unable to prosecute suspect,
,2019-05,Lancashire Constabulary,Lancashire Constabulary,-2.821933,54.057034,On or near Whitendale,E01025157,Lancaster 020I,Anti-social behaviour,,
,2019-05,Lancashire Constabulary,Lancashire Constabulary,-2.824053,54.054530,On or near Sports/Recreation Area,E01025157,Lancaster 020I,Anti-social behaviour,,
,2019-05,Lancashire Constabulary,Lancashire Constabulary,-2.821933,54.057034,On or near Whitendale,E01025157,Lancaster 020I,Anti-social behaviour,,
,2019-05,Lancashire Constabulary,Lancashire Constabulary,-2.812824,54.056035,On or near Tarnsyke Road,E01025157,Lancaster 020I,Anti-social behaviour,,
50688f7d39cf1930213db64af941ffd767d598d7493a2a094f0197d8861675a7,2019-05,Lancashire Constabulary,Lancashire Constabulary,-2.822802,54.056201,On or near Browsholme,E01025157,Lancaster 020I,Criminal damage and arson,Status update unavailable,
476c85165e0c12044ee76794e6545c83668d78935eca2820eb937a4a5d850d3f,2019-05,Lancashire Constabulary,Lancashire Constabulary,-2.812824,54.056035,On or near Tarnsyke Road,E01025157,Lancaster 020I,Criminal damage and arson,Status update unavailable,
929e9a027c8b496690415811f299a8e1660b5915178d52a275cb84c96a004663,2019-05,Lancashire Constabulary,Lancashire Constabulary,-2.825735,54.057709,On or near Scale Farm Road,E01025157,Lancaster 020I,Drugs,Status update unavailable,
1da41119bfaf2d3bda92433c2b1f27d54d85ef443b80867dff855fc17deda3fa,2019-05,Lancashire Constabulary,Lancashire Constabulary,-2.822802,54.056201,On or near Browsholme,E01025157,Lancaster 020I,Other theft,Status update unavailable,
2e45ea3567c88441ba6de8e51fc0b3c2d75981e7f12643c3d9c65725cc62e05b,2019-05,Lancashire Constabulary,Lancashire Constabulary,-2.812824,54.056035,On or near Tarnsyke Road,E01025157,Lancaster 020I,Other theft,Unable to prosecute suspect,
685db3a19b3e9f28cd3b1655068722216ee93c7688b8fbc704208e3af2beb940,2019-05,Lancashire Constabulary,Lancashire Constabulary,-2.812824,54.056035,On or near Tarnsyke Road,E01025157,Lancaster 020I,Other theft,Status update unavailable,
6e13944fec02c53f3b093ac19a3691a4a62f517c42dd8c79f76df4bbeafc6c08,2019-05,Lancashire Constabulary,Lancashire Constabulary,-2.819068,54.056640,On or near Supermarket,E01025157,Lancaster 020I,Other theft,Status update unavailable,
b0d768871c8c4e622bf65d5c368bf0a13ad5f3d1cf64cd1d16430f84eb8e70b5,2019-05,Lancashire Constabulary,Lancashire Constabulary,-2.822802,54.056201,On or near Browsholme,E01025157,Lancaster 020I,Other theft,Status update unavailable,
833249e94679bd7664801d56fbd8a0454fed6b38970161337a5395b06250ed51,2019-05,Lancashire Constabulary,Lancashire Constabulary,-2.822516,54.057183,On or near Scale Farm Road,E01025157,Lancaster 020I,Violence and sexual offences,Unable to prosecute suspect,
3649ced2c9016a66f5dec673e756b0fa04d3ceb1d21b4c25ebd1f5bcf9012c46,2019-05,Lancashire Constabulary,Lancashire Constabulary,-2.819068,54.056640,On or near Supermarket,E01025157,Lancaster 020I,Violence and sexual offences,Status update unavailable,
fc94e3e15a9f4e031c112045a40b1402cbab87020d5bc065eef003cbdc9715d4,2019-05,Lancashire Constabulary,Lancashire Constabulary,-2.822802,54.056201,On or near Browsholme,E01025157,Lancaster 020I,Violence and sexual offences,Awaiting court outcome,
184e5e80814eebfe1b1d2de33d8ce69e61d3a68118b2be5f1d7528b062bbaa7e,2019-05,Lancashire Constabulary,Lancashire Constabulary,-2.812824,54.056035,On or near Tarnsyke Road,E01025157,Lancaster 020I,Violence and sexual offences,Unable to prosecute suspect,
0072eba83fa2fe2a596ea9c77de6db5fb551440239eda124b6ab8c7a402568f8,2019-05,Lancashire Constabulary,Lancashire Constabulary,-2.822802,54.056201,On or near Browsholme,E01025157,Lancaster 020I,Violence and sexual offences,Unable to prosecute suspect,
3261682099132c96eccdbc5d6bdc71dff14ea3e7201f6b0d70ab0205ebee0831,2019-05,Lancashire Constabulary,Lancashire Constabulary,-2.812824,54.056035,On or near Tarnsyke Road,E01025157,Lancaster 020I,Violence and sexual offences,Unable to prosecute suspect,
e982087c918449c2c174f9449468d699feb6cb7a9666cadfa9903d9079fb43c9,2019-05,Lancashire Constabulary,Lancashire Constabulary,-2.822802,54.056201,On or near Browsholme,E01025157,Lancaster 020I,Violence and sexual offences,Unable to prosecute suspect,
7107008e778f0841f0449c7bc872178a20837707ca2c41c3bcd3ac6bf8380f44,2019-05,Lancashire Constabulary,Lancashire Constabulary,-1.679990,53.865976,On or near Alma Street,E01011276,Leeds 011C,Violence and sexual offences,Unable to prosecute suspect,
f65c5fd9cd701774971383f09b01fa27b45408eae69127c432d109872d0c48e2,2019-05,Lancashire Constabulary,Lancashire Constabulary,-1.574612,53.774124,On or near Heathcroft Rise,E01011369,Leeds 090E,Other theft,Status update unavailable,
4f0641748c0e2c209326c391765623771a405d71297a2f35dfb43ebd04210655,2019-05,Lancashire Constabulary,Lancashire Constabulary,-1.805848,52.650763,On or near The Drive,E01029488,Lichfield 012A,Violence and sexual offences,Investigation complete; no suspect identified,
16b1dd4ec3e46c6d1921a8576e1f884f4d82eb5ca8dc989057a44965d21800c5,2019-05,Lancashire Constabulary,Lancashire Constabulary,-2.977556,53.399883,On or near Cummings Street,E01033761,Liverpool 060D,Violence and sexual offences,Unable to prosecute suspect,
a7498dd4f08edf2e729adf3dd3498b2c7e16aeff028fa66a9c9195d345352db8,2019-05,Lancashire Constabulary,Lancashire Constabulary,-2.977556,53.399883,On or near Cummings Street,E01033761,Liverpool 060D,Violence and sexual offences,Status update unavailable,
bd72629b6784a919f65b6ba05e809260716203bb4ac77245f591a26905414968,2019-05,Lancashire Constabulary,Lancashire Constabulary,-2.162451,53.514352,On or near Leabrook Drive,E01005247,Manchester 005A,Other theft,Status update unavailable,
367896b80793009c69ebd338310c06b874c473c131cec18b5787428ae77f9b51,2019-05,Lancashire Constabulary,Lancashire Constabulary,-2.233224,53.467926,On or near Further/Higher Educational Building,E01005062,Manchester 018B,Bicycle theft,Status update unavailable,
09861a6eccc1f77b9cba423226c40eaccc7eaf11b9f45abe140739ee68500f88,2019-05,Lancashire Constabulary,Lancashire Constabulary,-2.264234,53.452402,On or near Rowan Avenue,E01005302,Manchester 028C,Violence and sexual offences,Status update unavailable,
d6107e6c2daadeafd4ee5748e7e72c7154ec6ce6a775c5b642d87cf4859f4316,2019-05,Lancashire Constabulary,Lancashire Constabulary,-2.222010,53.420659,On or near Merlyn Avenue,E01005174,Manchester 043C,Vehicle crime,Status update unavailable,
879da9c440fd39968081997adca6638e7132e5495280d26a55b59cad0cb047b1,2019-05,Lancashire Constabulary,Lancashire Constabulary,0.520277,51.383561,On or near High Street,E01016110,Medway 015D,Violence and sexual offences,Status update unavailable,
70b52f6be3b5dea2bd668f497c681308d046dd72785b78e53260c982d5c69ec6,2019-05,Lancashire Constabulary,Lancashire Constabulary,0.504472,51.362343,On or near Ajax Road,E01016120,Medway 026B,Violence and sexual offences,Unable to prosecute suspect,
bd5693f7b367bf4f21c5a3671b074e3ed7991cc46a81fa40eced7783b65a0599,2019-05,Lancashire Constabulary,Lancashire Constabulary,-2.941277,51.350402,On or near Martindale Road,E01014810,North Somerset 027A,Other crime,Status update unavailable,
be12c1df0f2905b958834a564b4cdd36588404ff8e711cbd6c25636f7d8fe28e,2019-05,Lancashire Constabulary,Lancashire Constabulary,-2.093721,53.578288,On or near St Mary'S Gate,E01005445,Oldham 002D,Other crime,Status update unavailable,
2e8318f9ef5390d132c8d1227510909c8b73bca9f5643202ecd1169f27a81a88,2019-05,Lancashire Constabulary,Lancashire Constabulary,-2.141194,53.520698,On or near Ruthin Close,E01005376,Oldham 031D,Violence and sexual offences,Status update unavailable,
,2019-05,Lancashire Constabulary,Lancashire Constabulary,-2.186112,53.922296,On or near Parking Area,E01025191,Pendle 001A,Anti-social behaviour,,
,2019-05,Lancashire Constabulary,Lancashire Constabulary,-2.187488,53.916829,On or near Station Road,E01025192,Pendle 001B,Anti-social behaviour,,
,2019-05,Lancashire Constabulary,Lancashire Constabulary,-2.179306,53.922495,On or near Eastwood Street,E01025192,Pendle 001B,Anti-social behaviour,,
a11ca8bb649e67dbf32be5712a7ba611440c7ef1a8cf842cc7ac50084d3e100b,2019-05,Lancashire Constabulary,Lancashire Constabulary,-2.182029,53.918258,On or near Ethel Street,E01025192,Pendle 001B,Burglary,Status update unavailable,
f252b2e5f8d0f1387bb500d57c14f7c2975e210a90993d68f8743060088cebe2,2019-05,Lancashire Constabulary,Lancashire Constabulary,-2.184178,53.922209,On or near Crownest Road,E01025192,Pendle 001B,Criminal damage and arson,Status update unavailable,
9738ad5998b766c6e50a45d2b79387bc02c3cc2521bd10ed582ff27fbe6fc887,2019-05,Lancashire Constabulary,Lancashire Constabulary,-2.184998,53.918262,On or near East Avenue,E01025192,Pendle 001B,Criminal damage and arson,Local resolution,
c60375d15dc1388e31bb6356c533075c7a5ccbbb7f4272d2326a18e10d2b7c7a,2019-05,Lancashire Constabulary,Lancashire Constabulary,-2.186766,53.918817,On or near Lower West Avenue,E01025192,Pendle 001B,Other theft,Status update unavailable,
4f752e59ab525d1af576b80803b4ef208906b91f87635801ddf790152063de2d,2019-05,Lancashire Constabulary,Lancashire Constabulary,-2.184178,53.922209,On or near Crownest Road,E01025192,Pendle 001B,Shoplifting,Investigation complete; no suspect identified,
72f6e3c807934cb6bd5dc1aa87d60f946f791f8fbc5638eba6a20a0081c7f57b,2019-05,Lancashire Constabulary,Lancashire Constabulary,-2.186107,53.917694,On or near North Avenue,E01025192,Pendle 001B,Violence and sexual offences,Unable to prosecute suspect,
60a21768abf8a9cd66a6b149e958e29712b250605cea34b4b511b05a395075ef,2019-05,Lancashire Constabulary,Lancashire Constabulary,-2.187344,53.918555,On or near Lower North Avenue,E01025192,Pendle 001B,Violence and sexual offences,Unable to prosecute suspect,
567c3e025bce6a82c4685a04cb30ad91a9a48260d5262650b764a07543d591cc,2019-05,Lancashire Constabulary,Lancashire Constabulary,-2.182029,53.918258,On or near Ethel Street,E01025192,Pendle 001B,Violence and sexual offences,Status update unavailable,
0aba6c54d2218dec01a791372250ad2da55737a6e3d2dbbc03656bc114cefaea,2019-05,Lancashire Constabulary,Lancashire Constabulary,-2.187344,53.918555,On or near Lower North Avenue,E01025192,Pendle 001B,Violence and sexual offences,Status update unavailable,
6db2a19e355e58f7c19d316f5d655625d0060691bdaca1042165aa54bb97e1be,2019-05,Lancashire Constabulary,Lancashire Constabulary,-2.184178,53.922209,On or near Crownest Road,E01025192,Pendle 001B,Violence and sexual offences,Unable to prosecute suspect,
697f7f21e171a72cb46251b2b9e7db7358c6aa39874bf0606b9059c6381dc79a,2019-05,Lancashire Constabulary,Lancashire Constabulary,-2.182029,53.918258,On or near Ethel Street,E01025192,Pendle 001B,Violence and sexual offences,Formal action is not in the public interest,
,2019-05,Lancashire Constabulary,Lancashire Constabulary,-2.174901,53.921396,On or near Kirkstall Drive,E01025193,Pendle 001C,Anti-social behaviour,,
c1f9c91dd6640ec00e9977179609b3fed130b2badada83d48b747461de500500,2019-05,Lancashire Constabulary,Lancashire Constabulary,-2.175876,53.921538,On or near Simpson Close,E01025193,Pendle 001C,Burglary,Status update unavailable,
069388d3c0ad6c0add5a1e204c8891f8031c139ee97adc5a89f19b4b7277a807,2019-05,Lancashire Constabulary,Lancashire Constabulary,-2.174943,53.920533,On or near Windsor Place,E01025193,Pendle 001C,Criminal damage and arson,Status update unavailable,
8701294fc5e3c83a67abf822ba0141986b87aa69536b5580fca3abc94d6f3546,2019-05,Lancashire Constabulary,Lancashire Constabulary,-2.174901,53.921396,On or near Kirkstall Drive,E01025193,Pendle 001C,Violence and sexual offences,Status update unavailable,
8f3385f445089dc7f1f8e696dffbe3c910f50c086734978bb83bb78dcb24bd7a,2019-05,Lancashire Constabulary,Lancashire Constabulary,-2.175876,53.921538,On or near Simpson Close,E01025193,Pendle 001C,Violence and sexual offences,Unable to prosecute suspect,
,2019-05,Lancashire Constabulary,Lancashire Constabulary,-2.192356,53.919149,On or near Federation Street,E01025194,Pendle 001D,Anti-social behaviour,,
,2019-05,Lancashire Constabulary,Lancashire Constabulary,-2.192356,53.919149,On or near Federation Street,E01025194,Pendle 001D,Anti-social behaviour,,
,2019-05,Lancashire Constabulary,Lancashire Constabulary,-2.192356,53.919149,On or near Federation Street,E01025194,Pendle 001D,Anti-social behaviour,,
e54c254d577e87d7b37c5bac1536b879aaf4a9d1cba9e98a4d971bfdd1fa9ce1,2019-05,Lancashire Constabulary,Lancashire Constabulary,-2.187364,53.919741,On or near Powell Street,E01025194,Pendle 001D,Violence and sexual offences,Status update unavailable,
ac183441544269777b992e10cc35ee3359b38ec38440efa3ddd9306acc8c8185,2019-05,Lancashire Constabulary,Lancashire Constabulary,-2.189865,53.920484,On or near Brogden Street,E01025194,Pendle 001D,Violence and sexual offences,Unable to prosecute suspect,
,2019-05,Lancashire Constabulary,Lancashire Constabulary,-2.184030,53.912970,On or near Park Road,E01025195,Pendle 002A,Anti-social behaviour,,
,2019-05,Lancashire Constabulary,Lancashire Constabulary,-2.184030,53.912970,On or near Park Road,E01025195,Pendle 002A,Anti-social behaviour,,
be5b9b9ccd3195f4b402622b7678575c4d9e1a820f363e08efc62840391f65a8,2019-05,Lancashire Constabulary,Lancashire Constabulary,-2.189366,53.914642,On or near Bethesda Street,E01025195,Pendle 002A,Burglary,Status update unavailable,
4b81199f388dd41f0182e33fae2f1147dfdfa2af09a7eb9f264ede66992726c8,2019-05,Lancashire Constabulary,Lancashire Constabulary,-2.179575,53.910694,On or near Kelbrook Road,E01025195,Pendle 002A,Criminal damage and arson,Status update unavailable,
0a37d5e8e7c32cc43217c92b668b9605f620fdb2ec4a10ebe0e117f02b2256b3,2019-05,Lancashire Constabulary,Lancashire Constabulary,-2.186011,53.913254,On or near Park Avenue,E01025195,Pendle 002A,Violence and sexual offences,Unable to prosecute suspect,
,2019-05,Lancashire Constabulary,Lancashire Constabulary,-2.188151,53.915165,On or near Ridge Street,E01025196,Pendle 002B,Anti-social behaviour,,
,2019-05,Lancashire Constabulary,Lancashire Constabulary,-2.185770,53.913875,On or near York Street,E01025196,Pendle 002B,Anti-social behaviour,,
,2019-05,Lancashire Constabulary,Lancashire Constabulary,-2.187907,53.915238,On or near Philip Street,E01025196,Pendle 002B,Anti-social behaviour,,
,2019-05,Lancashire Constabulary,Lancashire Constabulary,-2.183518,53.917635,On or near Bank Street,E01025196,Pendle 002B,Anti-social behaviour,,
,2019-05,Lancashire Constabulary,Lancashire Constabulary,-2.190448,53.914802,On or near Walmsgate,E01025196,Pendle 002B,Anti-social behaviour,,
,2019-05,Lancashire Constabulary,Lancashire Constabulary,-2.187907,53.915238,On or near Philip Street,E01025196,Pendle 002B,Anti-social behaviour,,
,2019-05,Lancashire Constabulary,Lancashire Constabulary,-2.189099,53.916108,On or near Green Street,E01025196,Pendle 002B,Anti-social behaviour,,
,2019-05,Lancashire Constabulary,Lancashire Constabulary,-2.186860,53.915895,On or near Frank Street,E01025196,Pendle 002B,Anti-social behaviour,,
ea8445b574b290b11eb9343d41097bb54bf8fc86d02f88229cc594cdab6d68f6,2019-05,Lancashire Constabulary,Lancashire Constabulary,-2.186359,53.916202,On or near Ellis Street,E01025196,Pendle 002B,Criminal damage and arson,Local resolution,
1a4f46a3d1ac5469e62d1ed207e604fa1e06d463af48bddd091a5c7e382149ec,2019-05,Lancashire Constabulary,Lancashire Constabulary,-2.183518,53.917635,On or near Bank Street,E01025196,Pendle 002B,Criminal damage and arson,Status update unavailable,
877bcaf9da4d2819eb92ea61c24bcf528158b6043f83561e5a4ce090a03d7ce9,2019-05,Lancashire Constabulary,Lancashire Constabulary,-2.187475,53.913962,On or near Cobden Street,E01025196,Pendle 002B,Criminal damage and arson,Status update unavailable,
89c1e8fb5aba9ce200a6abcd99f4b3c8851f057790b91d9221c8f9b5e2348c9f,2019-05,Lancashire Constabulary,Lancashire Constabulary,-2.186359,53.916202,On or near Ellis Street,E01025196,Pendle 002B,Criminal damage and arson,Local resolution,
398c9bf34b88446873171cdc4cfd68f133b45afcea9716b22b0065b4a1c8b467,2019-05,Lancashire Constabulary,Lancashire Constabulary,-2.187433,53.914789,On or near Back Chapel Street,E01025196,Pendle 002B,Criminal damage and arson,Status update unavailable,
a6396db0d7bf886b5b6947862a0b751cacafc74bce7bdcf657e3504f139b23b8,2019-05,Lancashire Constabulary,Lancashire Constabulary,-2.187475,53.913962,On or near Cobden Street,E01025196,Pendle 002B,Public order,Unable to prosecute suspect,
ae02baec4db66c397f64193a9ddebae651b48aa6851a8f152977b6991a42ceb1,2019-05,Lancashire Constabulary,Lancashire Constabulary,-2.187907,53.915238,On or near Philip Street,E01025196,Pendle 002B,Public order,Status update unavailable,
3a1dd9b3bbc840a48175af995e1ca1ac1d5ca6465d4c19487219a69578a44c67,2019-05,Lancashire Constabulary,Lancashire Constabulary,-2.189099,53.916108,On or near Green Street,E01025196,Pendle 002B,Violence and sexual offences,Unable to prosecute suspect,
e6622b0f56e3d2cfc2f689ec03bd50c138cbc67240fed9631978c56569eb7658,2019-05,Lancashire Constabulary,Lancashire Constabulary,-2.184777,53.916627,On or near Railway Street,E01025196,Pendle 002B,Violence and sexual offences,Status update unavailable,
49008ec4855d6fb49a3223d32095842cf32a94b47eec327a616886bfcfed0544,2019-05,Lancashire Constabulary,Lancashire Constabulary,-2.189035,53.915398,On or near Jepp Hill,E01025196,Pendle 002B,Violence and sexual offences,Unable to prosecute suspect,
1f7be43fb28e8d014dd0d5adb84e9fbaf6497b68f60388992c9d3f6233f7231d,2019-05,Lancashire Constabulary,Lancashire Constabulary,-2.189035,53.915398,On or near Jepp Hill,E01025196,Pendle 002B,Violence and sexual offences,Unable to prosecute suspect,
cadab54ade718b0e53a585447ff41feb11c139cb401dc0c227e337224444693f,2019-05,Lancashire Constabulary,Lancashire Constabulary,-2.183215,53.918004,On or near Stuart Street,E01025196,Pendle 002B,Violence and sexual offences,Formal action is not in the public interest,
d39ee62272ee8fa2013aa6274057d2677e2886d68440f783748fad656d1d9b4c,2019-05,Lancashire Constabulary,Lancashire Constabulary,-2.184777,53.916627,On or near Railway Street,E01025196,Pendle 002B,Violence and sexual offences,Awaiting court outcome,
27d5688020cb169bfdb2b9997abf515d2cd190cb3e5fc3ea4898a90b3a21d835,2019-05,Lancashire Constabulary,Lancashire Constabulary,-2.187475,53.913962,On or near Cobden Street,E01025196,Pendle 002B,Violence and sexual offences,Status update unavailable,
cb8df923c97625668e688e2d29cbda17674592d28f683e26a2d1c8738e1d5079,2019-05,Lancashire Constabulary,Lancashire Constabulary,-2.189035,53.915398,On or near Jepp Hill,E01025196,Pendle 002B,Violence and sexual offences,Unable to prosecute suspect,
f6464d11b0abc5ce075d1eaf3661f897464ed573fb2607f806e4bfd64a0f7239,2019-05,Lancashire Constabulary,Lancashire Constabulary,-2.184777,53.916627,On or near Railway Street,E01025196,Pendle 002B,Violence and sexual offences,Status update unavailable,
d2177b57ff7da5f5957c28d96b75ca1e826ad1ea44fa5dff8e5595f8301215f5,2019-05,Lancashire Constabulary,Lancashire Constabulary,-2.189556,53.916296,On or near Commercial Street,E01025196,Pendle 002B,Other crime,Status update unavailable,
,2019-05,Lancashire Constabulary,Lancashire Constabulary,-2.188477,53.916657,On or near St James' Road,E01025197,Pendle 002C,Anti-social behaviour,,
bc1e451b2a22b352136a8e11a8529ca575655cba45e29439a79dc9883fd039d9,2019-05,Lancashire Constabulary,Lancashire Constabulary,-2.189589,53.916835,On or near Alice Street,E01025197,Pendle 002C,Public order,Status update unavailable,
97f216a16b7d00d905e9fb0b468a6fa0adcca4ffe721e8a0261f9d7e0a7e9849,2019-05,Lancashire Constabulary,Lancashire Constabulary,-2.189300,53.916719,On or near Robert Street,E01025197,Pendle 002C,Public order,Unable to prosecute suspect,
4089d8f9b9c018eeb78b62957ccd4659aa342ab5e2f1cf183e8432ef214cde05,2019-05,Lancashire Constabulary,Lancashire Constabulary,-2.193955,53.915938,On or near Pen-Y-Ghent Way,E01025197,Pendle 002C,Violence and sexual offences,Status update unavailable,
,2019-05,Lancashire Constabulary,Lancashire Constabulary,-2.180829,53.911815,On or near Kelbrook Road,E01025198,Pendle 002D,Anti-social behaviour,,
,2019-05,Lancashire Constabulary,Lancashire Constabulary,-2.185914,53.915492,On or near Back Rainhall Road,E01025198,Pendle 002D,Anti-social behaviour,,
5dabc9a0f34207f1414d8d3b032774e208b218b8ebb26f0049a0cf2ae6362b60,2019-05,Lancashire Constabulary,Lancashire Constabulary,-2.185914,53.915492,On or near Back Rainhall Road,E01025198,Pendle 002D,Criminal damage and arson,Status update unavailable,
7d207d70c8dcd5de362deb1fa8c76dae2057dea0d08274ff9e5797b610772d55,2019-05,Lancashire Constabulary,Lancashire Constabulary,-2.181746,53.916209,On or near Riding Close,E01025198,Pendle 002D,Other theft,Status update unavailable,
7e74e3a35c8461fcc2890ba3a731daa21b7877fec8bffae2e882a64df7c88c8e,2019-05,Lancashire Constabulary,Lancashire Constabulary,-2.184861,53.914910,On or near Mosley Street,E01025198,Pendle 002D,Violence and sexual offences,Status update unavailable,
b66b8e56c07d07d5e48f55860bbd19a81a8536c866fc7493ddec940c33dc2b69,2019-05,Lancashire Constabulary,Lancashire Constabulary,-2.185914,53.915492,On or near Back Rainhall Road,E01025198,Pendle 002D,Violence and sexual offences,Status update unavailable,
09fa5cce7e7d8981461fdc88024341fa2a4c27e806f07a047ea3499eb74ebcb9,2019-05,Lancashire Constabulary,Lancashire Constabulary,-2.184375,53.915216,On or near Essex Street,E01025198,Pendle 002D,Other crime,Offender sent to prison,
011ff7fb8fb55a791db306bd226a6d84dc469c40a07aa110fa0ad9b32cd3e6a7,2019-05,Lancashire Constabulary,Lancashire Constabulary,-2.138969,53.917417,On or near Dale Street,E01025199,Pendle 003A,Violence and sexual offences,Status update unavailable,
2c94011262fdb3f6d1c1f84ab942cd21f67ec71c131e46b9cd5edf176582eab0,2019-05,Lancashire Constabulary,Lancashire Constabulary,-2.138969,53.917417,On or near Dale Street,E01025199,Pendle 003A,Violence and sexual offences,Status update unavailable,
14ed5aa271b2d4407ac949f77790c09f9b1b295da29e15b6fa56ae6f20949761,2019-05,Lancashire Constabulary,Lancashire Constabulary,-2.141330,53.917926,On or near Shuttleworth Street,E01025199,Pendle 003A,Violence and sexual offences,Unable to prosecute suspect,
8d0fee63090ed6711776a44e87a8e13edc96d64dec3fa3d362a343bfea83bd9f,2019-05,Lancashire Constabulary,Lancashire Constabulary,-2.141330,53.917926,On or near Shuttleworth Street,E01025199,Pendle 003A,Violence and sexual offences,Status update unavailable,
,2019-05,Lancashire Constabulary,Lancashire Constabulary,-2.145189,53.915522,On or near Supermarket,E01025200,Pendle 003B,Anti-social behaviour,,
40fda365e3c006a5b53d549ed7cf327bcfb2b9bb6394012d2a96af47a1e2976a,2019-05,Lancashire Constabulary,Lancashire Constabulary,-2.144461,53.916242,On or near Victoria Road,E01025200,Pendle 003B,Criminal damage and arson,Status update unavailable,
2afe12182c1e55382a079cecaeec0a5c83c226bb21eb7d2dd677b4ab1f299df3,2019-05,Lancashire Constabulary,Lancashire Constabulary,-2.130459,53.917687,On or near Heather Brow,E01025200,Pendle 003B,Public order,Unable to prosecute suspect,
b5cd1c8cb54abd728a7fe12f98daf41f38a4da541cbef4f03964235fd5956c87,2019-05,Lancashire Constabulary,Lancashire Constabulary,-2.140794,53.916821,On or near Water Street,E01025200,Pendle 003B,Violence and sexual offences,Unable to prosecute suspect,
6098b239020ebd673eb9556ad67510466f83d0254e75c3e73e49957d6b13bf21,2019-05,Lancashire Constabulary,Lancashire Constabulary,-2.143461,53.917618,On or near Valley Road,E01025200,Pendle 003B,Violence and sexual offences,Status update unavailable,
28948b5fe7d0f236cd3c0d26a59c63b86e36b233456589b99e9017f4b635790b,2019-05,Lancashire Constabulary,Lancashire Constabulary,-2.144858,53.916619,On or near Albion Road,E01025200,Pendle 003B,Violence and sexual offences,Unable to prosecute suspect,
,2019-05,Lancashire Constabulary,Lancashire Constabulary,-2.134391,53.914168,On or near Moorland Avenue,E01025201,Pendle 003C,Anti-social behaviour,,
ad1b080b0bf8aff256cfb7611971453acbb099f8b9b1eb62f7dad1ff424f6337,2019-05,Lancashire Constabulary,Lancashire Constabulary,-2.146186,53.913229,On or near Barret Street,E01025201,Pendle 003C,Burglary,Status update unavailable,
5ccac9fab6508852f84fca194fb932318ae7948e61cc364420268fdb796c71e8,2019-05,Lancashire Constabulary,Lancashire Constabulary,-2.138027,53.913418,On or near Sports/Recreation Area,E01025201,Pendle 003C,Criminal damage and arson,Status update unavailable,
4378307049b0be45731664c992d676f4c35e6af7534ddbebeef661fdc1bd7f9e,2019-05,Lancashire Constabulary,Lancashire Constabulary,-2.138027,53.913418,On or near Sports/Recreation Area,E01025201,Pendle 003C,Criminal damage and arson,Status update unavailable,
21f0c7240c1940c0b7f8cde80a6fda858e23f91b8efb6a1d3c8673becca492df,2019-05,Lancashire Constabulary,Lancashire Constabulary,-2.145944,53.913606,On or near John Street,E01025201,Pendle 003C,Violence and sexual offences,Unable to prosecute suspect,
0fcc6d15e1b9b2e8936ba23e8edce562894196fd079177c20da38c06e56f0f36,2019-05,Lancashire Constabulary,Lancashire Constabulary,-2.141991,53.915337,On or near Green End Avenue,E01025201,Pendle 003C,Violence and sexual offences,Unable to prosecute suspect,
,2019-05,Lancashire Constabulary,Lancashire Constabulary,-2.150624,53.911336,On or near Salterforth Road,E01025202,Pendle 003D,Anti-social behaviour,,
,2019-05,Lancashire Constabulary,Lancashire Constabulary,-2.151298,53.895651,On or near Quernmore Drive,E01025202,Pendle 003D,Anti-social behaviour,,
,2019-05,Lancashire Constabulary,Lancashire Constabulary,-2.151298,53.895651,On or near Quernmore Drive,E01025202,Pendle 003D,Anti-social behaviour,,
,2019-05,Lancashire Constabulary,Lancashire Constabulary,-2.149158,53.905612,On or near Holme Close,E01025202,Pendle 003D,Anti-social behaviour,,
7aee154a5619d01cfa3ac905380f2c6eddd066ec226697340dad6640eca731b7,2019-05,Lancashire Constabulary,Lancashire Constabulary,-2.134861,53.885353,On or near Park/Open Space,E01025202,Pendle 003D,Other theft,Unable to prosecute suspect,
22f12ee56297aebba8438a6bf0a72f94e05b087a7f7f4bfa4a7acfadb54b3456,2019-05,Lancashire Constabulary,Lancashire Constabulary,-2.151298,53.895651,On or near Quernmore Drive,E01025202,Pendle 003D,Violence and sexual offences,Status update unavailable,
209b050b5b7bcb3bffdc98bc1edab9ce8d3b2710691013fc4034ec8eada366e4,2019-05,Lancashire Constabulary,Lancashire Constabulary,-2.145553,53.897591,On or near Dotcliffe Road,E01025202,Pendle 003D,Violence and sexual offences,Unable to prosecute suspect,
028728eacc17065568ec3a7bcfd986a8dbb782853948029d55f5bf489c0a694f,2019-05,Lancashire Constabulary,Lancashire Constabulary,-2.145553,53.897591,On or near Dotcliffe Road,E01025202,Pendle 003D,Violence and sexual offences,Unable to prosecute suspect,
,2019-05,Lancashire Constabulary,Lancashire Constabulary,-2.158001,53.861255,On or near Vincent Street,E01025205,Pendle 004A,Anti-social behaviour,,
,2019-05,Lancashire Constabulary,Lancashire Constabulary,-2.166087,53.864426,On or near Carr Road,E01025205,Pendle 004A,Anti-social behaviour,,
,2019-05,Lancashire Constabulary,Lancashire Constabulary,-2.166087,53.864426,On or near Carr Road,E01025205,Pendle 004A,Anti-social behaviour,,
25dd3a01f33ae3f89ada3744d8e8ce0a112d830c2e131b8895747db73064c221,2019-05,Lancashire Constabulary,Lancashire Constabulary,-2.158001,53.861255,On or near Vincent Street,E01025205,Pendle 004A,Burglary,Status update unavailable,
d334af7b621f7f321a6f33564d61c72fb8c7545074cf3b8ac52152bf83fd09ba,2019-05,Lancashire Constabulary,Lancashire Constabulary,-2.166087,53.864426,On or near Carr Road,E01025205,Pendle 004A,Burglary,Status update unavailable,
d79c5b666b567942a91f2a0741aed2b348b1e2ab1f7a8b8e1c04932379e21006,2019-05,Lancashire Constabulary,Lancashire Constabulary,-2.158001,53.861255,On or near Vincent Street,E01025205,Pendle 004A,Burglary,Status update unavailable,
4143334105d4fe246af618b0fdf50290a46e37a0faf50a125e5beac527aa663b,2019-05,Lancashire Constabulary,Lancashire Constabulary,-2.165761,53.862656,On or near Montague Street,E01025205,Pendle 004A,Burglary,Status update unavailable,
6fff289db9ae6274d941f50ebed395672282e87df751da163d1922b94d124ada,2019-05,Lancashire Constabulary,Lancashire Constabulary,-2.158001,53.861255,On or near Vincent Street,E01025205,Pendle 004A,Other theft,Unable to prosecute suspect,
e9a46a5f896a0ce05c93d7e6f06c821d42714b2ef18b4e8d1b0015168eeef9c3,2019-05,Lancashire Constabulary,Lancashire Constabulary,-2.166087,53.864426,On or near Carr Road,E01025205,Pendle 004A,Other theft,Unable to prosecute suspect,
cf0b72eff633f8d3c5aa250d4993bca579a69a483673bf0938afc99c7af7e80b,2019-05,Lancashire Constabulary,Lancashire Constabulary,-2.164239,53.862397,On or near Chatham Crescent,E01025205,Pendle 004A,Robbery,Status update unavailable,
7817b2ca0c4144ade8239b49ee39150c85fb9447ba7b1f1ebf652a7ddd6d3297,2019-05,Lancashire Constabulary,Lancashire Constabulary,-2.158001,53.861255,On or near Vincent Street,E01025205,Pendle 004A,Theft from the person,Unable to prosecute suspect,
84ed611dd5ebc7bd26e544e2365706e6d2769ba292011e7eda06f4354bef7523,2019-05,Lancashire Constabulary,Lancashire Constabulary,-2.160860,53.861458,On or near Varley Street,E01025205,Pendle 004A,Vehicle crime,Status update unavailable,
,2019-05,Lancashire Constabulary,Lancashire Constabulary,-2.163169,53.864870,On or near Cranbourne Street,E01025206,Pendle 004B,Anti-social behaviour,,
63a41f1c57b8718c5f8e2457978adc4e19dee4f3a87c4b9f103e2a4c5505dec3,2019-05,Lancashire Constabulary,Lancashire Constabulary,-2.144476,53.863537,On or near Skipton Old Road,E01025206,Pendle 004B,Burglary,Status update unavailable,
f474a08d09f2de1ce79a34e88818a62d96a2751f0833a78751456930b1e97bb3,2019-05,Lancashire Constabulary,Lancashire Constabulary,-2.163169,53.864870,On or near Cranbourne Street,E01025206,Pendle 004B,Other theft,Status update unavailable,
0bc0aae2039c8af6a3518f43a38dc586c02d3235d0aafe13d16c2982122d632e,2019-05,Lancashire Constabulary,Lancashire Constabulary,-2.163169,53.864870,On or near Cranbourne Street,E01025206,Pendle 004B,Vehicle crime,Status update unavailable,
2acf698afe893ac42b8e0cbc27f8a9447b9a79510ed5513eefbd773f9799ace0,2019-05,Lancashire Constabulary,Lancashire Constabulary,-2.153833,53.864954,On or near Castle Road,E01025206,Pendle 004B,Violence and sexual offences,Further investigation is not in the public interest,
59aff4d349daccdbf310bd9ff9f39e75982f8f18c5e36e78736c32354da8b2c1,2019-05,Lancashire Constabulary,Lancashire Constabulary,-2.153833,53.864954,On or near Castle Road,E01025206,Pendle 004B,Violence and sexual offences,Further investigation is not in the public interest,
,2019-05,Lancashire Constabulary,Lancashire Constabulary,-2.165154,53.859232,On or near Norfolk Street,E01025207,Pendle 004C,Anti-social behaviour,,
,2019-05,Lancashire Constabulary,Lancashire Constabulary,-2.167687,53.857611,On or near New House Street,E01025207,Pendle 004C,Anti-social behaviour,,
,2019-05,Lancashire Constabulary,Lancashire Constabulary,-2.163405,53.858920,On or near Bath Street,E01025207,Pendle 004C,Anti-social behaviour,,
,2019-05,Lancashire Constabulary,Lancashire Constabulary,-2.171108,53.857813,On or near Rook Street,E01025207,Pendle 004C,Anti-social behaviour,,
,2019-05,Lancashire Constabulary,Lancashire Constabulary,-2.170943,53.858262,On or near Mason'S Street,E01025207,Pendle 004C,Anti-social behaviour,,
,2019-05,Lancashire Constabulary,Lancashire Constabulary,-2.165154,53.859232,On or near Norfolk Street,E01025207,Pendle 004C,Anti-social behaviour,,
,2019-05,Lancashire Constabulary,Lancashire Constabulary,-2.167196,53.860299,On or near Langroyd Road,E01025207,Pendle 004C,Anti-social behaviour,,
,2019-05,Lancashire Constabulary,Lancashire Constabulary,-2.165154,53.859232,On or near Norfolk Street,E01025207,Pendle 004C,Anti-social behaviour,,
,2019-05,Lancashire Constabulary,Lancashire Constabulary,-2.169967,53.857527,On or near Ivegate,E01025207,Pendle 004C,Anti-social behaviour,,
5fc98c1c918318e305917321fbdf32f7eab1f6249c33b20110e146c0fedb92fa,2019-05,Lancashire Constabulary,Lancashire Constabulary,-2.165205,53.860436,On or near Bristol Street,E01025207,Pendle 004C,Burglary,Unable to prosecute suspect,
19b881367588c37044846f603328a796716b4e13991f162a5f5ffbd21d1ac28c,2019-05,Lancashire Constabulary,Lancashire Constabulary,-2.160286,53.858556,On or near Portland Street,E01025207,Pendle 004C,Burglary,Status update unavailable,
eb84e13f34d81671e9ee3c594f88d78d1446447685ff260254e20380c8a93c73,2019-05,Lancashire Constabulary,Lancashire Constabulary,-2.167196,53.860299,On or near Langroyd Road,E01025207,Pendle 004C,Burglary,Unable to prosecute suspect,
43f2a7f6e8b43a5f01ce1ee96e388e7eafbde9d9c28c491100d29fdc15f6cee3,2019-05,Lancashire Constabulary,Lancashire Constabulary,-2.167196,53.860299,On or near Langroyd Road,E01025207,Pendle 004C,Criminal damage and arson,Status update unavailable,
16289acf2cff814c63b393fcaa157accbb3cc21a0671746775a243735cfd449d,2019-05,Lancashire Constabulary,Lancashire Constabulary,-2.160943,53.859373,On or near Gordon Street,E01025207,Pendle 004C,Criminal damage and arson,Status update unavailable,
94ad6070636bff9a27ab0b05f17e26d4aacda94ba032b337d7c8c104a4424342,2019-05,Lancashire Constabulary,Lancashire Constabulary,-2.160943,53.859373,On or near Gordon Street,E01025207,Pendle 004C,Criminal damage and arson,Status update unavailable,
8c11418dac45ff36939de2e6fe82c49a0f071b3a728ca8f6200e91ca45663365,2019-05,Lancashire Constabulary,Lancashire Constabulary,-2.166454,53.861190,On or near Dickson Street,E01025207,Pendle 004C,Criminal damage and arson,Status update unavailable,
5d6c86eede190ee6ff9e8118a76b19d5c9ceba95d4996802282275c20f8f7523,2019-05,Lancashire Constabulary,Lancashire Constabulary,-2.170772,53.857418,On or near Church Meadows,E01025207,Pendle 004C,Other theft,Status update unavailable,
d7bc2ff8e2606320338ab878071dce8437a86d027ba5c5d90a80ba9d1b7d88ed,2019-05,Lancashire Constabulary,Lancashire Constabulary,-2.163405,53.858920,On or near Bath Street,E01025207,Pendle 004C,Other theft,Further investigation is not in the public interest,
85b891631659af7c184f4761e70c5585775cbc1816781a3c02e8ef9ddc7e57e9,2019-05,Lancashire Constabulary,Lancashire Constabulary,-2.170772,53.857418,On or near Church Meadows,E01025207,Pendle 004C,Other theft,Unable to prosecute suspect,
63c95e18e208a2b982cf9c40868a62f904163d8af5774a9516074f0d746ae604,2019-05,Lancashire Constabulary,Lancashire Constabulary,-2.165205,53.860436,On or near Bristol Street,E01025207,Pendle 004C,Public order,Unable to prosecute suspect,
5a29d7221842628dd65aacb8b2b84130fd67433805d0a41d89198428976c046c,2019-05,Lancashire Constabulary,Lancashire Constabulary,-2.168450,53.858356,On or near Windy Bank,E01025207,Pendle 004C,Shoplifting,Status update unavailable,
6202ebc8fd47aa266219a67a1fe8f7afa39ada71c0685b939a8c47b9601f20a5,2019-05,Lancashire Constabulary,Lancashire Constabulary,-2.167196,53.860299,On or near Langroyd Road,E01025207,Pendle 004C,Shoplifting,Formal action is not in the public interest,
f71afad17de1986ce808c909cf11374f856c08a6b7dba32b535861e088d89eab,2019-05,Lancashire Constabulary,Lancashire Constabulary,-2.168450,53.858356,On or near Windy Bank,E01025207,Pendle 004C,Shoplifting,Further investigation is not in the public interest,
97f9686b752a90c5a31cb644d7d4595eb3782caf0b61c5084c0bed5dfeb9a714,2019-05,Lancashire Constabulary,Lancashire Constabulary,-2.168450,53.858356,On or near Windy Bank,E01025207,Pendle 004C,Shoplifting,Unable to prosecute suspect,
65125b108ced083819aab33044b30a7b999f3d753b180f43d36d4b07f6f57431,2019-05,Lancashire Constabulary,Lancashire Constabulary,-2.165651,53.858009,On or near Dockray Yard,E01025207,Pendle 004C,Shoplifting,Awaiting court outcome,
9c662560a941d4144c6a7629285e419af32fd7772ec707894dd17d01efe2ed0b,2019-05,Lancashire Constabulary,Lancashire Constabulary,-2.167196,53.860299,On or near Langroyd Road,E01025207,Pendle 004C,Shoplifting,Awaiting court outcome,
bd3859e85176d5e351b545b8f8a6afd7f7111865b995fb287fb5d968474bee2f,2019-05,Lancashire Constabulary,Lancashire Constabulary,-2.168450,53.858356,On or near Windy Bank,E01025207,Pendle 004C,Shoplifting,Awaiting court outcome,
9a864a863648f3cf5510e51080ce3c87b8aeb4442b93161bd588c492178bc7bb,2019-05,Lancashire Constabulary,Lancashire Constabulary,-2.167196,53.860299,On or near Langroyd Road,E01025207,Pendle 004C,Shoplifting,Status update unavailable,
e5ce09f89c28cf02fe5342f697a5215786ef9ddb8a2d8516b7d77b440d2020d5,2019-05,Lancashire Constabulary,Lancashire Constabulary,-2.168450,53.858356,On or near Windy Bank,E01025207,Pendle 004C,Violence and sexual offences,Local resolution,
a64b1a68159f7595e0c3ea386c4b69bcabc7579f900a5f2f1dd674daa0434173,2019-05,Lancashire Constabulary,Lancashire Constabulary,-2.167196,53.860299,On or near Langroyd Road,E01025207,Pendle 004C,Violence and sexual offences,Status update unavailable,
c904541090cda31ccc75f4ec9c9a2d5b8aeae2a607229882239279327c51dc39,2019-05,Lancashire Constabulary,Lancashire Constabulary,-2.167687,53.857611,On or near New House Street,E01025207,Pendle 004C,Violence and sexual offences,Investigation complete; no suspect identified,
0a3478ec02a6dd9c2226139b1cf1bc6c5aae1f0c38d73688a126913925f7c2fc,2019-05,Lancashire Constabulary,Lancashire Constabulary,-2.163460,53.857644,On or near Robert Street,E01025207,Pendle 004C,Violence and sexual offences,Status update unavailable,
f66ab8127ec283d9c835115e6b2abe3d2c1e6e1df8a32cba041322e338a370ab,2019-05,Lancashire Constabulary,Lancashire Constabulary,-2.166454,53.861190,On or near Dickson Street,E01025207,Pendle 004C,Violence and sexual offences,Unable to prosecute suspect,
996dba727889e23a62f93f0b07eb733cb31c383b958e7e678218f2cc715e85ee,2019-05,Lancashire Constabulary,Lancashire Constabulary,-2.163405,53.858920,On or near Bath Street,E01025207,Pendle 004C,Violence and sexual offences,Awaiting court outcome,
3534e28b2d45f2a592dd396d697af2322da4159b6670eea864b1c1bb0c3fc57a,2019-05,Lancashire Constabulary,Lancashire Constabulary,-2.163405,53.858920,On or near Bath Street,E01025207,Pendle 004C,Violence and sexual offences,Unable to prosecute suspect,
75b5e0d11a9eb3a2b487122b73e36c99eece314e2f9460c772810564ebb5e9c4,2019-05,Lancashire Constabulary,Lancashire Constabulary,-2.167687,53.857611,On or near New House Street,E01025207,Pendle 004C,Violence and sexual offences,Status update unavailable,
c4417ae6929525024bc961d4941fb3e698d5a8b8f88fb02ec8bf35393e941766,2019-05,Lancashire Constabulary,Lancashire Constabulary,-2.165651,53.858009,On or near Dockray Yard,E01025207,Pendle 004C,Violence and sexual offences,Status update unavailable,
,2019-05,Lancashire Constabulary,Lancashire Constabulary,-2.161346,53.857467,On or near Keighley Road,E01025208,Pendle 004D,Anti-social behaviour,,
,2019-05,Lancashire Constabulary,Lancashire Constabulary,-2.162139,53.858104,On or near Charles Street,E01025208,Pendle 004D,Anti-social behaviour,,
,2019-05,Lancashire Constabulary,Lancashire Constabulary,-2.161346,53.857467,On or near Keighley Road,E01025208,Pendle 004D,Anti-social behaviour,,
,2019-05,Lancashire Constabulary,Lancashire Constabulary,-2.158759,53.860598,On or near Allendale Street,E01025208,Pendle 004D,Anti-social behaviour,,
b3962fcfb7881df4b94f88f86550110eb8a9fc91b3232192667cb274d1cd14dc,2019-05,Lancashire Constabulary,Lancashire Constabulary,-2.151567,53.860553,On or near Favordale Road,E01025208,Pendle 004D,Burglary,Status update unavailable,
6e1ee4991766dd00e82c0eb36d27b1b8cbdf7ee8fac25eeed0eada2d91f2fc79,2019-05,Lancashire Constabulary,Lancashire Constabulary,-2.161346,53.857467,On or near Keighley Road,E01025208,Pendle 004D,Criminal damage and arson,Offender given a caution,
851b1e34c8237fa5e56edebe4a78f3e4218d3109916a2c6760a974b89e8078ed,2019-05,Lancashire Constabulary,Lancashire Constabulary,-2.156494,53.860736,On or near St Stephen'S Way,E01025208,Pendle 004D,Criminal damage and arson,Local resolution,
1cd3dd437e0822d1d15ec69d2238bc8dae7afdcfad23547e32407b83a7a54a2e,2019-05,Lancashire Constabulary,Lancashire Constabulary,-2.156494,53.860736,On or near St Stephen'S Way,E01025208,Pendle 004D,Criminal damage and arson,Status update unavailable,
fe5a52276d523a1cac2a32d98852a9b1edbe8fc2c8cd25cfb32b06f32d5ed1e2,2019-05,Lancashire Constabulary,Lancashire Constabulary,-2.162139,53.858104,On or near Charles Street,E01025208,Pendle 004D,Criminal damage and arson,Status update unavailable,
ac743b393824f0e2752a25d1dd24d77e0fe7032a943b6d788b9aa0d10f4277df,2019-05,Lancashire Constabulary,Lancashire Constabulary,-2.158759,53.860598,On or near Allendale Street,E01025208,Pendle 004D,Vehicle crime,Status update unavailable,
861c3ae7ecb671d5b280f5398a52f9456702ae154f145978bac83b3d13e3fd3f,2019-05,Lancashire Constabulary,Lancashire Constabulary,-2.156494,53.860736,On or near St Stephen'S Way,E01025208,Pendle 004D,Violence and sexual offences,Status update unavailable,
14d8d94e22e677cc5e8582568b51849d0322e7f041ba997840e0160c7b899947,2019-05,Lancashire Constabulary,Lancashire Constabulary,-2.158036,53.858496,On or near Dudley Street,E01025208,Pendle 004D,Violence and sexual offences,Status update unavailable,
0017c0fc29024c65940bfe633716e195d815ea241409bd6b2916032ea731f3aa,2019-05,Lancashire Constabulary,Lancashire Constabulary,-2.161016,53.858438,On or near York Street,E01025208,Pendle 004D,Violence and sexual offences,Unable to prosecute suspect,
1c533f79dcd8de17b44ee145db99b1a68e7b7894c9e805e2fe4bbb611dcf9bd0,2019-05,Lancashire Constabulary,Lancashire Constabulary,-2.158036,53.858496,On or near Dudley Street,E01025208,Pendle 004D,Violence and sexual offences,Status update unavailable,
,2019-05,Lancashire Constabulary,Lancashire Constabulary,-2.170814,53.860249,On or near Hanover Street,E01025220,Pendle 005A,Anti-social behaviour,,
,2019-05,Lancashire Constabulary,Lancashire Constabulary,-2.170814,53.860249,On or near Hanover Street,E01025220,Pendle 005A,Anti-social behaviour,,
,2019-05,Lancashire Constabulary,Lancashire Constabulary,-2.167897,53.864504,On or near Devon Street,E01025220,Pendle 005A,Anti-social behaviour,,
,2019-05,Lancashire Constabulary,Lancashire Constabulary,-2.167704,53.865628,On or near The Croft,E01025220,Pendle 005A,Anti-social behaviour,,
,2019-05,Lancashire Constabulary,Lancashire Constabulary,-2.167897,53.864504,On or near Devon Street,E01025220,Pendle 005A,Anti-social behaviour,,
,2019-05,Lancashire Constabulary,Lancashire Constabulary,-2.170814,53.860249,On or near Hanover Street,E01025220,Pendle 005A,Anti-social behaviour,,
,2019-05,Lancashire Constabulary,Lancashire Constabulary,-2.170013,53.861382,On or near Keighley Avenue,E01025220,Pendle 005A,Anti-social behaviour,,
ebdb0a750e8317a29a5bcef122483fd4aeb5dc51d7dab0693bb75ef331ad7f40,2019-05,Lancashire Constabulary,Lancashire Constabulary,-2.169458,53.863172,On or near Glenroy Avenue,E01025220,Pendle 005A,Criminal damage and arson,Unable to prosecute suspect,
1272fb6ace2ba670c5f65c9aeca84a7dad2203fb1ad27a0beb785e3e707e4bcd,2019-05,Lancashire Constabulary,Lancashire Constabulary,-2.167587,53.862986,On or near Cook House Road,E01025220,Pendle 005A,Criminal damage and arson,Status update unavailable,
b22c0c8f09c66eff42d22bbe63c45cb299737b33ec60b13a5d5dad7351c26b8e,2019-05,Lancashire Constabulary,Lancashire Constabulary,-2.167897,53.864504,On or near Devon Street,E01025220,Pendle 005A,Criminal damage and arson,Status update unavailable,
d93f72d7bb0df9de40883f05d3bf0a7089bc4fa8dda680e67b5042b2a4cc995c,2019-05,Lancashire Constabulary,Lancashire Constabulary,-2.168903,53.861438,On or near Glen Street,E01025220,Pendle 005A,Criminal damage and arson,Unable to prosecute suspect,
1f1a1bddb697498f6e2d90c0db73fb9ffc9cc9edca5d13d26831a78b8c189d61,2019-05,Lancashire Constabulary,Lancashire Constabulary,-2.167897,53.864504,On or near Devon Street,E01025220,Pendle 005A,Criminal damage and arson,Status update unavailable,
f06786d347bfc7054d302a3ea6765b827c6cb15b871b2fd19a696a546f2061fa,2019-05,Lancashire Constabulary,Lancashire Constabulary,-2.167897,53.864504,On or near Devon Street,E01025220,Pendle 005A,Criminal damage and arson,Status update unavailable,
c872925c9930f65a1496cbd296796b60f077006e5dfaa5d674809d92400df834,2019-05,Lancashire Constabulary,Lancashire Constabulary,-2.170814,53.860249,On or near Hanover Street,E01025220,Pendle 005A,Other theft,Status update unavailable,
620cd0243bb59823ba22b9297f8eee0bc7ae77df9af44a4c35bebcd41f5c6954,2019-05,Lancashire Constabulary,Lancashire Constabulary,-2.170013,53.861382,On or near Keighley Avenue,E01025220,Pendle 005A,Other theft,Status update unavailable,
8e1ac282008503f5107e6549af7a55d72316185d0d05fafbf7895f0956d4fef9,2019-05,Lancashire Constabulary,Lancashire Constabulary,-2.170814,53.860249,On or near Hanover Street,E01025220,Pendle 005A,Public order,Status update unavailable,
070c9af933db155461d8ab7a45f574c4b48a3c6024b2a0457f9be8b79bd7fe95,2019-05,Lancashire Constabulary,Lancashire Constabulary,-2.171717,53.861551,On or near Talbot Street,E01025220,Pendle 005A,Public order,Status update unavailable,
cff86560f83f655c678640972be4d855ef5b99c28e0006d016982c909bb7b810,2019-05,Lancashire Constabulary,Lancashire Constabulary,-2.167488,53.864972,On or near Langroyd Road,E01025220,Pendle 005A,Vehicle crime,Status update unavailable,
b5c54f2cc2c3645da96ba007442d1360a0df19b58a07b4d5216da122485809bf,2019-05,Lancashire Constabulary,Lancashire Constabulary,-2.169458,53.863172,On or near Glenroy Avenue,E01025220,Pendle 005A,Vehicle crime,Status update unavailable,
0ba809f63787c101447269eb8f5d5565595f20b7ce6b85358858af63d5035954,2019-05,Lancashire Constabulary,Lancashire Constabulary,-2.169004,53.863900,On or near The Crescent,E01025220,Pendle 005A,Violence and sexual offences,Unable to prosecute suspect,
cde2ec499800e98775c4ccded4f0a3a49c22eed54fc43b434158f6b19b1abfc5,2019-05,Lancashire Constabulary,Lancashire Constabulary,-2.169301,53.862048,On or near Belgrave Road,E01025220,Pendle 005A,Violence and sexual offences,Status update unavailable,
cb85bff144d8a5cfd7136326f4a8349b2739a34abde3ed76c7d4012140122d57,2019-05,Lancashire Constabulary,Lancashire Constabulary,-2.168597,53.864584,On or near Burwain Fold,E01025220,Pendle 005A,Violence and sexual offences,Further investigation is not in the public interest,
91348ef4cadbea2ca958cdbf34793afe38f061e0c28ebc34d8bd9157c964f643,2019-05,Lancashire Constabulary,Lancashire Constabulary,-2.167587,53.862986,On or near Cook House Road,E01025220,Pendle 005A,Violence and sexual offences,Unable to prosecute suspect,
437db9dbb79c8334b3371e3bab149292a32b913de79f53a6368f5c3f2e5d7d5c,2019-05,Lancashire Constabulary,Lancashire Constabulary,-2.169301,53.862048,On or near Belgrave Road,E01025220,Pendle 005A,Violence and sexual offences,Status update unavailable,
,2019-05,Lancashire Constabulary,Lancashire Constabulary,-2.169300,53.865581,On or near Lynwood Close,E01025221,Pendle 005B,Anti-social behaviour,,
,2019-05,Lancashire Constabulary,Lancashire Constabulary,-2.176957,53.860330,On or near Sports/Recreation Area,E01025221,Pendle 005B,Anti-social behaviour,,
,2019-05,Lancashire Constabulary,Lancashire Constabulary,-2.172780,53.861351,On or near Ruskin Avenue,E01025221,Pendle 005B,Anti-social behaviour,,
,2019-05,Lancashire Constabulary,Lancashire Constabulary,-2.169300,53.865581,On or near Lynwood Close,E01025221,Pendle 005B,Anti-social behaviour,,
,2019-05,Lancashire Constabulary,Lancashire Constabulary,-2.174329,53.860855,On or near Browning Close,E01025221,Pendle 005B,Anti-social behaviour,,
,2019-05,Lancashire Constabulary,Lancashire Constabulary,-2.171371,53.866333,On or near Lake View Road,E01025221,Pendle 005B,Anti-social behaviour,,
67cfff9238ca6e3a5d830ec5fdd994b561fd131c90ca3c832702d45df4e09659,2019-05,Lancashire Constabulary,Lancashire Constabulary,-2.174246,53.862913,On or near Birtwistle Avenue,E01025221,Pendle 005B,Burglary,Status update unavailable,
9bcb9947be3fdd754fe479165547478ba7489d323c59c3afbe4cee33e9c34f7e,2019-05,Lancashire Constabulary,Lancashire Constabulary,-2.174246,53.862913,On or near Birtwistle Avenue,E01025221,Pendle 005B,Burglary,Status update unavailable,
3d434ff3968ce94cae611297eb1d34947b2956aef9ac329ae6e135f299e8ffaf,2019-05,Lancashire Constabulary,Lancashire Constabulary,-2.169300,53.865581,On or near Lynwood Close,E01025221,Pendle 005B,Burglary,Status update unavailable,
4a0f38f5320a768abdab8f619dd81a9fb0b51c6d892a9c615939d8a43fc5e3c6,2019-05,Lancashire Constabulary,Lancashire Constabulary,-2.174246,53.862913,On or near Birtwistle Avenue,E01025221,Pendle 005B,Criminal damage and arson,Status update unavailable,
f9aa1140d6a7193a7dc30134620f6cfc771b5e36615bd63186a8ee54f0981b32,2019-05,Lancashire Constabulary,Lancashire Constabulary,-2.174957,53.858382,On or near Brook Street,E01025221,Pendle 005B,Other theft,Status update unavailable,
3846a59c9d6186e896c6b28502cf165b0fc0dcbf0c5469479243b80689e61137,2019-05,Lancashire Constabulary,Lancashire Constabulary,-2.174957,53.858382,On or near Brook Street,E01025221,Pendle 005B,Other theft,Status update unavailable,
7a35e126b40c6f426f1b548764bae77606bd0e25783310f218d74b52127c1d9a,2019-05,Lancashire Constabulary,Lancashire Constabulary,-2.174957,53.858382,On or near Brook Street,E01025221,Pendle 005B,Other theft,Status update unavailable,
d5f9868d90b00a84f1e9e8c588341aa8081d585abb77d9388afed259508562ab,2019-05,Lancashire Constabulary,Lancashire Constabulary,-2.174246,53.862913,On or near Birtwistle Avenue,E01025221,Pendle 005B,Other theft,Status update unavailable,
7d2be227140e0bacb95f90a2591d96bae3eb5f5515614fdabf842f4ff7044d57,2019-05,Lancashire Constabulary,Lancashire Constabulary,-2.175471,53.861249,On or near Slater Avenue,E01025221,Pendle 005B,Public order,Investigation complete; no suspect identified,
b310fea8541d2d4f90d14039a49ead44f30117beecd78ced261ec1577adc5452,2019-05,Lancashire Constabulary,Lancashire Constabulary,-2.176957,53.860330,On or near Sports/Recreation Area,E01025221,Pendle 005B,Violence and sexual offences,Status update unavailable,
d91200488c773dd5f638aa59c83c8a1c2e90d09a137ff591719be13a67f7e16d,2019-05,Lancashire Constabulary,Lancashire Constabulary,-2.183441,53.868778,On or near Sports/Recreation Area,E01025221,Pendle 005B,Violence and sexual offences,Formal action is not in the public interest,
7eba5439804d611b0666544fce1df3a49304f7cb77822caa7235fb9cd2370a4f,2019-05,Lancashire Constabulary,Lancashire Constabulary,-2.174309,53.859686,On or near Wordsworth Road,E01025221,Pendle 005B,Violence and sexual offences,Awaiting court outcome,
412ac804713d15ce91bd6b6ff8d17c543b5acae02841175f6195fe35ed610129,2019-05,Lancashire Constabulary,Lancashire Constabulary,-2.174393,53.861556,On or near Coleridge Close,E01025221,Pendle 005B,Violence and sexual offences,Action to be taken by another organisation,
864b2b2461e7e1f61aeb456873b21c9f84019b9808c07676f4800e21cd76e306,2019-05,Lancashire Constabulary,Lancashire Constabulary,-2.173258,53.859302,On or near North Valley Road,E01025221,Pendle 005B,Violence and sexual offences,Status update unavailable,
d795a58fd84f58348e49638e17d731282cca857148d4beca19b2a9ec15d96e6f,2019-05,Lancashire Constabulary,Lancashire Constabulary,-2.174803,53.857762,On or near Birtwistle Hyde Park,E01025221,Pendle 005B,Violence and sexual offences,Unable to prosecute suspect,
ac4feaaaa4e8796b217d48812caf15343cfec5737afbb4c7a5e022c424e5eff9,2019-05,Lancashire Constabulary,Lancashire Constabulary,-2.176957,53.860330,On or near Sports/Recreation Area,E01025221,Pendle 005B,Violence and sexual offences,Status update unavailable,
4cebe16d88ed09c42a5205441d906864d541e4b5ed78106676e9ea2edf336459,2019-05,Lancashire Constabulary,Lancashire Constabulary,-2.176957,53.860330,On or near Sports/Recreation Area,E01025221,Pendle 005B,Violence and sexual offences,Unable to prosecute suspect,
0f3c17b5bba1b653167f9f964c8b32fcf902ffca5763c168a2b7b01c6de1e51d,2019-05,Lancashire Constabulary,Lancashire Constabulary,-2.173473,53.859876,On or near Milton Road,E01025221,Pendle 005B,Violence and sexual offences,Status update unavailable,
,2019-05,Lancashire Constabulary,Lancashire Constabulary,-2.181347,53.862930,On or near White Grove,E01025222,Pendle 005C,Anti-social behaviour,,
ab294b6916f581a525f4b2f39d9e521800094976edbd22b9682793675d3ac947,2019-05,Lancashire Constabulary,Lancashire Constabulary,-2.187643,53.859648,On or near Hiers House Lane,E01025222,Pendle 005C,Burglary,Status update unavailable,
abcd364082e7fbdaf5cb52ee983e457483d4f96894b7c2ebea30019a2d456617,2019-05,Lancashire Constabulary,Lancashire Constabulary,-2.185320,53.856893,On or near Netherheys Close,E01025222,Pendle 005C,Other theft,Status update unavailable,
fdc7ff54545887dc60f988b0becd15a02f2ffa537ac7012b80d6cd9d3bc5876e,2019-05,Lancashire Constabulary,Lancashire Constabulary,-2.181347,53.862930,On or near White Grove,E01025222,Pendle 005C,Public order,Unable to prosecute suspect,
aae91d8bf994a95bed57d469922b04c41d2d862d9544e138b34315a95ecd2b6d,2019-05,Lancashire Constabulary,Lancashire Constabulary,-2.179053,53.859679,On or near Haverholt Close,E01025222,Pendle 005C,Violence and sexual offences,Unable to prosecute suspect,
aa8ac2bdb50ac738997b8de45f3dae0bed6e331b41dd78af396a3697069a5660,2019-05,Lancashire Constabulary,Lancashire Constabulary,-2.181358,53.858319,On or near Selby Street,E01025222,Pendle 005C,Violence and sexual offences,Unable to prosecute suspect,
5d0e764b5b81e8106e0512392a3862ca63871d43596d01f885fbfed452f1f2b5,2019-05,Lancashire Constabulary,Lancashire Constabulary,-2.181347,53.862930,On or near White Grove,E01025222,Pendle 005C,Violence and sexual offences,Unable to prosecute suspect,
882d2ff70f8cf72d50b40b739a3a2f03ce94486f0fbc7cbd1957c03d7ff57d59,2019-05,Lancashire Constabulary,Lancashire Constabulary,-2.182869,53.859683,On or near Alkincoats Road,E01025222,Pendle 005C,Violence and sexual offences,Status update unavailable,
4942ec71d95665fc5157edcef1261b0bf1ce6315e43b065f5ba4c9abb7a87784,2019-05,Lancashire Constabulary,Lancashire Constabulary,-2.181347,53.862930,On or near White Grove,E01025222,Pendle 005C,Violence and sexual offences,Status update unavailable,
,2019-05,Lancashire Constabulary,Lancashire Constabulary,-2.174600,53.856522,On or near Brown Street East,E01025223,Pendle 005D,Anti-social behaviour,,
58bfd008fd94240d848f3c4e4b5782267c33ca25e55c3dca44b74c0978eae148,2019-05,Lancashire Constabulary,Lancashire Constabulary,-2.174314,53.857143,On or near Spring Lane,E01025223,Pendle 005D,Bicycle theft,Status update unavailable,
3f8fbff97457d78bba63616c2bc078b6114c441de7768bd3107f20315e0728dd,2019-05,Lancashire Constabulary,Lancashire Constabulary,-2.179047,53.858394,On or near Peel Gardens,E01025223,Pendle 005D,Burglary,Status update unavailable,
dd493884f5a06cc11e2c5dd341550860e71f07e578c946f6bcfdd137a33aa359,2019-05,Lancashire Constabulary,Lancashire Constabulary,-2.174006,53.856352,On or near Spring Place,E01025223,Pendle 005D,Burglary,Status update unavailable,
346b2f2d11d96cb293eabbc2ab104324bf71c9eeb62411926da7fd15b18c0dba,2019-05,Lancashire Constabulary,Lancashire Constabulary,-2.172539,53.858233,On or near Argyle Street,E01025223,Pendle 005D,Criminal damage and arson,Status update unavailable,
c91a8e83ea2f583a5097bb87d2830072dc5bb5228799574449c98095659b30f8,2019-05,Lancashire Constabulary,Lancashire Constabulary,-2.174600,53.856522,On or near Brown Street East,E01025223,Pendle 005D,Criminal damage and arson,Unable to prosecute suspect,
8abf629af19e6288b2a443730bc2eed7bd920c0918750db1fbd6963997146e1e,2019-05,Lancashire Constabulary,Lancashire Constabulary,-2.172539,53.858233,On or near Argyle Street,E01025223,Pendle 005D,Criminal damage and arson,Status update unavailable,
12c7f11209b2cb6cb3a1964ddea080a65d627ecfc24e7dffab74edfe9cab58b6,2019-05,Lancashire Constabulary,Lancashire Constabulary,-2.174006,53.856352,On or near Spring Place,E01025223,Pendle 005D,Criminal damage and arson,Status update unavailable,
dd74e9551acdefe69cfbdfe1a66407dab6b36fa9c39a06f13b598e88affab439,2019-05,Lancashire Constabulary,Lancashire Constabulary,-2.172494,53.858413,On or near New Market Street,E01025223,Pendle 005D,Criminal damage and arson,Status update unavailable,
ff4727a630c1b8965a07f9424ff0a606a7305fbf7e2d27ac7659a4a06beb7a94,2019-05,Lancashire Constabulary,Lancashire Constabulary,-2.172494,53.858413,On or near New Market Street,E01025223,Pendle 005D,Criminal damage and arson,Status update unavailable,
3ae726b14828a13a0bf2641f847c91550045d64e7c39221efff98cc1977dae4c,2019-05,Lancashire Constabulary,Lancashire Constabulary,-2.179047,53.858394,On or near Peel Gardens,E01025223,Pendle 005D,Other theft,Status update unavailable,
3dc6a558f614bcc6cdb61c53354fea003ee972f39b7ec5a09eadcaad551450c4,2019-05,Lancashire Constabulary,Lancashire Constabulary,-2.177013,53.855476,On or near Albert Road,E01025223,Pendle 005D,Other theft,Status update unavailable,
429fec06c4ba7aad6aea2c80ca77df0a16687211af0a9994682d4883e7ebb294,2019-05,Lancashire Constabulary,Lancashire Constabulary,-2.174600,53.856522,On or near Brown Street East,E01025223,Pendle 005D,Public order,Unable to prosecute suspect,
1e9dd2e2bea4ea41d01765c2306a9b751b3bb2741fa7ba9a6845feb4166d0377,2019-05,Lancashire Constabulary,Lancashire Constabulary,-2.179047,53.858394,On or near Peel Gardens,E01025223,Pendle 005D,Vehicle crime,Status update unavailable,
8153a9d2c72c9f44a11753db7578d997990e6e80b809026ff232e52535c4b52c,2019-05,Lancashire Constabulary,Lancashire Constabulary,-2.174006,53.856352,On or near Spring Place,E01025223,Pendle 005D,Violence and sexual offences,Status update unavailable,
a361ac01f3190af57f932250e44a2991264e84958459a099cea1d09bae61b801,2019-05,Lancashire Constabulary,Lancashire Constabulary,-2.177208,53.858631,On or near Robinson Street,E01025223,Pendle 005D,Violence and sexual offences,Status update unavailable,
,2019-05,Lancashire Constabulary,Lancashire Constabulary,-2.104602,53.891701,On or near Hawshaw Road,E01025178,Pendle 006A,Anti-social behaviour,,
a4c39791ecaf6c40a17fee44407b064362d526a39ef73076427e2fcac37eaad5,2019-05,Lancashire Constabulary,Lancashire Constabulary,-2.102261,53.886473,On or near Warley Wise Lane,E01025178,Pendle 006A,Burglary,Status update unavailable,
464fb1cf9947d991d7495cc22abadd0e16fde17240caed087df3d94e48654d98,2019-05,Lancashire Constabulary,Lancashire Constabulary,-2.119017,53.861453,On or near Carriers'S Row,E01025178,Pendle 006A,Vehicle crime,Status update unavailable,
825367a2837d35b97d8bbd1a002897e13428fb0781d11339997e529f37f6007d,2019-05,Lancashire Constabulary,Lancashire Constabulary,-2.120450,53.862997,On or near Emmott Court,E01025178,Pendle 006A,Violence and sexual offences,Unable to prosecute suspect,
,2019-05,Lancashire Constabulary,Lancashire Constabulary,-2.150586,53.858335,On or near Claremont Street,E01025179,Pendle 006B,Anti-social behaviour,,
,2019-05,Lancashire Constabulary,Lancashire Constabulary,-2.152137,53.858512,On or near Avondale Street,E01025179,Pendle 006B,Anti-social behaviour,,
7b361836c6fa26cdb135096d985e6d0fe6cdff9463fcf1a9fc2ae2324b538964,2019-05,Lancashire Constabulary,Lancashire Constabulary,-2.157775,53.857759,On or near Sagar Fold,E01025179,Pendle 006B,Other theft,Status update unavailable,
65823e7416fba74a1d89d9b4cb92a6d86c4367b868b93231151374a347fe99dd,2019-05,Lancashire Constabulary,Lancashire Constabulary,-2.149962,53.858209,On or near Boulsworth Grove,E01025179,Pendle 006B,Violence and sexual offences,Unable to prosecute suspect,
7f32a5d7d257571d79cccaf5e342eff1306961cd4dfd0dbb7981e4d1124ca5d4,2019-05,Lancashire Constabulary,Lancashire Constabulary,-2.149962,53.858209,On or near Boulsworth Grove,E01025179,Pendle 006B,Violence and sexual offences,Status update unavailable,
,2019-05,Lancashire Constabulary,Lancashire Constabulary,-2.134599,53.841753,On or near Lanehouse,E01025180,Pendle 006C,Anti-social behaviour,,
,2019-05,Lancashire Constabulary,Lancashire Constabulary,-2.149884,53.836549,On or near Shelfield Lane,E01025180,Pendle 006C,Anti-social behaviour,,
,2019-05,Lancashire Constabulary,Lancashire Constabulary,-2.139230,53.849792,On or near Bannister Close,E01025180,Pendle 006C,Anti-social behaviour,,
cc6eed5e94e1f401f40c69af58508e22c716ae05b5582ffc8b5a9b639f0df0ec,2019-05,Lancashire Constabulary,Lancashire Constabulary,-2.137426,53.846513,On or near Dean Street,E01025180,Pendle 006C,Criminal damage and arson,Status update unavailable,
7cf3bc5260fa6749e355bc2abdfca930033e680bebc0ec02c23f909b9c5792e0,2019-05,Lancashire Constabulary,Lancashire Constabulary,-2.136550,53.848141,On or near River Street,E01025180,Pendle 006C,Criminal damage and arson,Status update unavailable,
b2d4c25100f1817f25836dfdc4ea659ce6620570a98212c60e9f5a2989183804,2019-05,Lancashire Constabulary,Lancashire Constabulary,-2.134599,53.841753,On or near Lanehouse,E01025180,Pendle 006C,Other theft,Unable to prosecute suspect,
d789875c8a0378ef283ecfbd43e34da8a1e6ca024679d7e2997d7c5a98dad532,2019-05,Lancashire Constabulary,Lancashire Constabulary,-2.137426,53.846513,On or near Dean Street,E01025180,Pendle 006C,Vehicle crime,Status update unavailable,
4f87bad166403ee266a420b8d103326e69a668fc7f6d7bc42a3c1143d495f548,2019-05,Lancashire Constabulary,Lancashire Constabulary,-2.138247,53.846611,On or near Clifton Street,E01025180,Pendle 006C,Violence and sexual offences,Unable to prosecute suspect,
,2019-05,Lancashire Constabulary,Lancashire Constabulary,-2.162002,53.865923,On or near Manor Road,E01025203,Pendle 006D,Anti-social behaviour,,
9d4a4a98f97260394f90a8aaa09c513d55dd2f4abaa4a75e84de6214a22cfda3,2019-05,Lancashire Constabulary,Lancashire Constabulary,-2.169864,53.877228,On or near Cromwell Street,E01025203,Pendle 006D,Criminal damage and arson,Status update unavailable,
ae5248ff39c994af919dec524d1b3ab9fbabb7881ed82f4292c75ef8d065dd64,2019-05,Lancashire Constabulary,Lancashire Constabulary,-2.179829,53.881195,On or near Whitemoor Road,E01025203,Pendle 006D,Vehicle crime,Status update unavailable,
,2019-05,Lancashire Constabulary,Lancashire Constabulary,-2.178439,53.854746,On or near Crabtree Street,E01025226,Pendle 007A,Anti-social behaviour,,
,2019-05,Lancashire Constabulary,Lancashire Constabulary,-2.185663,53.852057,On or near Holker Street,E01025226,Pendle 007A,Anti-social behaviour,,
,2019-05,Lancashire Constabulary,Lancashire Constabulary,-2.181006,53.850743,On or near Cotton Court,E01025226,Pendle 007A,Anti-social behaviour,,
,2019-05,Lancashire Constabulary,Lancashire Constabulary,-2.177572,53.854810,On or near Sutherland Street,E01025226,Pendle 007A,Anti-social behaviour,,
921d39dd0fb22cfe67931127259f03f8b1e8e63895ffc0b9884870de50a36ce6,2019-05,Lancashire Constabulary,Lancashire Constabulary,-2.178746,53.852049,On or near Laithe Street,E01025226,Pendle 007A,Burglary,Status update unavailable,
25fce4fe2ba543f7e10f75505109f8c833cc58c51578a47c770dda235fe7acb2,2019-05,Lancashire Constabulary,Lancashire Constabulary,-2.178746,53.852049,On or near Laithe Street,E01025226,Pendle 007A,Burglary,Status update unavailable,
491c2afc39ebd145f1896191a61620d84fa5e390613e3da600230c6579ce500c,2019-05,Lancashire Constabulary,Lancashire Constabulary,-2.184797,53.855725,On or near Shopping Area,E01025226,Pendle 007A,Other theft,Status update unavailable,
e052a3cdec435e5325eba4fd25ee65ed3b7ef899acbef385619f4b250c112d0a,2019-05,Lancashire Constabulary,Lancashire Constabulary,-2.185675,53.851329,On or near Cliff Street,E01025226,Pendle 007A,Other theft,Status update unavailable,
5e4b7eedac00581c25a3799da181e8f939aa88f45ce20b528a09f381c324a529,2019-05,Lancashire Constabulary,Lancashire Constabulary,-2.180301,53.852991,On or near Parking Area,E01025226,Pendle 007A,Possession of weapons,Status update unavailable,
9fe8695dd7ea1ae7151b17a41d81da9c4399a6181d4841d8dce20babfeed45c5,2019-05,Lancashire Constabulary,Lancashire Constabulary,-2.185675,53.851329,On or near Cliff Street,E01025226,Pendle 007A,Robbery,Status update unavailable,
8cc3a20180261b87d1d280f21e6c2f327ac2e2c16667f3016cc63500d604bcf5,2019-05,Lancashire Constabulary,Lancashire Constabulary,-2.185675,53.851329,On or near Cliff Street,E01025226,Pendle 007A,Vehicle crime,Status update unavailable,
e65cd5bf6987e98dfd677b16be874039765517798029a93a38a1cb3a7e7db4c1,2019-05,Lancashire Constabulary,Lancashire Constabulary,-2.183437,53.854064,On or near Bolton Street,E01025226,Pendle 007A,Violence and sexual offences,Status update unavailable,
5e3efcc6d9c7ff1298e16792951f665fd840fe7d5fd0a2669aaec701f6ced064,2019-05,Lancashire Constabulary,Lancashire Constabulary,-2.176799,53.851720,On or near Back Atkinson Street,E01025226,Pendle 007A,Violence and sexual offences,Unable to prosecute suspect,
6d01f467852af8b1466f536733c102f9ae0d25ec2f6a563ee1ee2d2718e29b1e,2019-05,Lancashire Constabulary,Lancashire Constabulary,-2.179434,53.852920,On or near Harold Street,E01025226,Pendle 007A,Violence and sexual offences,Status update unavailable,
38e9cae54917494e1f14441f632d42692c5c491962d1dace5d7ace3693b7160d,2019-05,Lancashire Constabulary,Lancashire Constabulary,-2.179873,53.852551,On or near Hawley Street,E01025226,Pendle 007A,Violence and sexual offences,Awaiting court outcome,
ca8bddd5fdce229face2b39679249ed50e45bdb6520b04ffce05bdae1dfb3650,2019-05,Lancashire Constabulary,Lancashire Constabulary,-2.176799,53.851720,On or near Back Atkinson Street,E01025226,Pendle 007A,Violence and sexual offences,Unable to prosecute suspect,
f152ccd22d7b4923be62c50fdd9f6debfc5912ed2ce6ec9ea834d1b5d1dd850b,2019-05,Lancashire Constabulary,Lancashire Constabulary,-2.181006,53.850743,On or near Cotton Court,E01025226,Pendle 007A,Violence and sexual offences,Status update unavailable,
285dd3d28caba39ab8171fc46e800cb243fcc0fada3c38d91635552f615cbc19,2019-05,Lancashire Constabulary,Lancashire Constabulary,-2.183437,53.854064,On or near Bolton Street,E01025226,Pendle 007A,Violence and sexual offences,Status update unavailable,
28bec20c32cc2d5b50ab4ca11f519d7bf9fd7a7bb60fca001f86a32fb3af9a0f,2019-05,Lancashire Constabulary,Lancashire Constabulary,-2.181006,53.850743,On or near Cotton Court,E01025226,Pendle 007A,Violence and sexual offences,Unable to prosecute suspect,
7c06c72bd0e3f054b8d6455d3fcc324db4d307e3e15e83db7cf28549485c3a95,2019-05,Lancashire Constabulary,Lancashire Constabulary,-2.179434,53.852920,On or near Harold Street,E01025226,Pendle 007A,Violence and sexual offences,Unable to prosecute suspect,
3889797485b3a29dfa4e8b4a8c3f069f64aaea4a23adac099e78a07ff9e70375,2019-05,Lancashire Constabulary,Lancashire Constabulary,-2.179873,53.852551,On or near Hawley Street,E01025226,Pendle 007A,Violence and sexual offences,Unable to prosecute suspect,
09bba47df973db86cf99ff494904b6db0f285c0700d11b3acca06699233ac8fc,2019-05,Lancashire Constabulary,Lancashire Constabulary,-2.179274,53.854673,On or near Smith Street,E01025226,Pendle 007A,Violence and sexual offences,Status update unavailable,
02e6bd300384581f56eeddb2caf0a252d315d5424d65d26a35593a9360340056,2019-05,Lancashire Constabulary,Lancashire Constabulary,-2.185501,53.853216,On or near Hargreaves Street,E01025226,Pendle 007A,Other crime,Unable to prosecute suspect,
,2019-05,Lancashire Constabulary,Lancashire Constabulary,-2.168565,53.856720,On or near Post Office Yard,E01025227,Pendle 007B,Anti-social behaviour,,
,2019-05,Lancashire Constabulary,Lancashire Constabulary,-2.166551,53.854979,On or near Blucher Street,E01025227,Pendle 007B,Anti-social behaviour,,
,2019-05,Lancashire Constabulary,Lancashire Constabulary,-2.167813,53.854959,On or near Lune Street,E01025227,Pendle 007B,Anti-social behaviour,,
,2019-05,Lancashire Constabulary,Lancashire Constabulary,-2.167757,53.852461,On or near Wood Street,E01025227,Pendle 007B,Anti-social behaviour,,
,2019-05,Lancashire Constabulary,Lancashire Constabulary,-2.167757,53.852461,On or near Wood Street,E01025227,Pendle 007B,Anti-social behaviour,,
,2019-05,Lancashire Constabulary,Lancashire Constabulary,-2.171962,53.854567,On or near Doughty Street,E01025227,Pendle 007B,Anti-social behaviour,,
,2019-05,Lancashire Constabulary,Lancashire Constabulary,-2.167243,53.856964,On or near Shopping Area,E01025227,Pendle 007B,Anti-social behaviour,,
,2019-05,Lancashire Constabulary,Lancashire Constabulary,-2.173639,53.855742,On or near Back Albert Road,E01025227,Pendle 007B,Anti-social behaviour,,
,2019-05,Lancashire Constabulary,Lancashire Constabulary,-2.169757,53.854462,On or near Zion Street,E01025227,Pendle 007B,Anti-social behaviour,,
,2019-05,Lancashire Constabulary,Lancashire Constabulary,-2.167374,53.855355,On or near Midgley Street,E01025227,Pendle 007B,Anti-social behaviour,,
,2019-05,Lancashire Constabulary,Lancashire Constabulary,-2.170079,53.855226,On or near Seldon Street,E01025227,Pendle 007B,Anti-social behaviour,,
,2019-05,Lancashire Constabulary,Lancashire Constabulary,-2.170884,53.855054,On or near Exchange Street,E01025227,Pendle 007B,Anti-social behaviour,,
5c6d6736fb268c84be717c89cb69d42db731897951d59408f63362294c70cb8f,2019-05,Lancashire Constabulary,Lancashire Constabulary,-2.167374,53.855355,On or near Midgley Street,E01025227,Pendle 007B,Criminal damage and arson,Status update unavailable,
cd772942ecb1861a31f0e652ec7effb4d65c815e6d8ed404d44309a8e5e121e2,2019-05,Lancashire Constabulary,Lancashire Constabulary,-2.170460,53.855441,On or near Back Cambridge Street,E01025227,Pendle 007B,Criminal damage and arson,Status update unavailable,
d402480cda74c1d530acb5b5d118fcbae9eaffb0f9d17199cbece68e2cf3a1ab,2019-05,Lancashire Constabulary,Lancashire Constabulary,-2.166815,53.856426,On or near Craddock Road,E01025227,Pendle 007B,Criminal damage and arson,Unable to prosecute suspect,
0ff3f91df31fef76ce14424316c4277b997e844d1249076941822ba2bb73a041,2019-05,Lancashire Constabulary,Lancashire Constabulary,-2.170884,53.855054,On or near Exchange Street,E01025227,Pendle 007B,Other theft,Unable to prosecute suspect,
b3082dbe4491db97f7c38e8fa2fb86974606e416cfb0ba6095237d8abed9f1ae,2019-05,Lancashire Constabulary,Lancashire Constabulary,-2.167547,53.856820,On or near Market Place,E01025227,Pendle 007B,Other theft,Status update unavailable,
66290511a1ef8ab0f1d7bc8997c7d75a90ae41f519ad05b7655848362159c4d6,2019-05,Lancashire Constabulary,Lancashire Constabulary,-2.166673,53.854889,On or near Bold Street,E01025227,Pendle 007B,Other theft,Status update unavailable,
d3166826ec79fa049c43ec65ca8b558ff5cec83e6ea30ba03cb6f93e4d2f97b0,2019-05,Lancashire Constabulary,Lancashire Constabulary,-2.161985,53.857376,On or near Keighley Road,E01025227,Pendle 007B,Other theft,Unable to prosecute suspect,
4f2e2b22169338f636bdce6bf0d32b57acd619b15792dfdbc1661bbd166613d3,2019-05,Lancashire Constabulary,Lancashire Constabulary,-2.171875,53.855690,On or near Chapel Street,E01025227,Pendle 007B,Other theft,Awaiting court outcome,
7db1ac10dd7432a7e5924d6a4a2927cb0fa7a2466e3cfdb60ed1a3fd67d2fee1,2019-05,Lancashire Constabulary,Lancashire Constabulary,-2.170884,53.855054,On or near Exchange Street,E01025227,Pendle 007B,Other theft,Status update unavailable,
1e5bbd2839bb50b82b448d50826e87a625eb58980fce86cb0e0e3b87a24b433d,2019-05,Lancashire Constabulary,Lancashire Constabulary,-2.165219,53.856356,On or near St John Street,E01025227,Pendle 007B,Other theft,Status update unavailable,
da411a8e989c6c51ad8b260f5dd85ae2e93c05587a00d105c2e7eb72987cb0b8,2019-05,Lancashire Constabulary,Lancashire Constabulary,-2.168565,53.856720,On or near Post Office Yard,E01025227,Pendle 007B,Public order,Further investigation is not in the public interest,
9517cece5337c49e3c9ebd5f728de80eaf95a3889186655e373b6b54604ea40a,2019-05,Lancashire Constabulary,Lancashire Constabulary,-2.166544,53.857055,On or near Parliament Street,E01025227,Pendle 007B,Shoplifting,Status update unavailable,
c5a1a5ffe4bc606342da5dfd3ef8994f445b5e197e2fc307d578b02ea6ee706a,2019-05,Lancashire Constabulary,Lancashire Constabulary,-2.171875,53.855690,On or near Chapel Street,E01025227,Pendle 007B,Shoplifting,Awaiting court outcome,
1b85565306bdc5c965fc2398869de1cf4a6700b8f2ee8b9f7e6fb3ee05a80fe3,2019-05,Lancashire Constabulary,Lancashire Constabulary,-2.159142,53.857586,On or near Primrose Hill,E01025227,Pendle 007B,Vehicle crime,Status update unavailable,
21a7ad26edfb9efb87824f7f7cddef7a0f08cc0895dd618f7ce47debc51e3b90,2019-05,Lancashire Constabulary,Lancashire Constabulary,-2.170884,53.855054,On or near Exchange Street,E01025227,Pendle 007B,Vehicle crime,Status update unavailable,
afa78e043a9613bd12740561aa46e6dc2c066afd7b573067a9b0b4c85fc0b074,2019-05,Lancashire Constabulary,Lancashire Constabulary,-2.170884,53.855054,On or near Exchange Street,E01025227,Pendle 007B,Violence and sexual offences,Further investigation is not in the public interest,
545d32c0282f7537508f8e9af53cf867951676b460fc596a27748cf0ea41ba24,2019-05,Lancashire Constabulary,Lancashire Constabulary,-2.168565,53.856720,On or near Post Office Yard,E01025227,Pendle 007B,Violence and sexual offences,Status update unavailable,
b6d6438f0b1cb50ba16a348ffd341a05e1298053909e1995fa7a1df2d86ac96f,2019-05,Lancashire Constabulary,Lancashire Constabulary,-2.167693,53.855400,On or near Back Lune Street,E01025227,Pendle 007B,Violence and sexual offences,Unable to prosecute suspect,
c9d9732cd341698c8d3c1f4b4acb98de96b3452a401b9c68264e95e303d5031c,2019-05,Lancashire Constabulary,Lancashire Constabulary,-2.169135,53.854760,On or near Basil Street,E01025227,Pendle 007B,Violence and sexual offences,Awaiting court outcome,
b1c368f3efe336ffa58573eb2bbe9ec07193e4f6333782bdad048e5f445cc6e9,2019-05,Lancashire Constabulary,Lancashire Constabulary,-2.159269,53.854998,On or near Old Mill Drive,E01025227,Pendle 007B,Violence and sexual offences,Further investigation is not in the public interest,
acc376f768030d8f3ca2f5be965e9e4357a55249bd27cf6e3f04f7d3b6188ad6,2019-05,Lancashire Constabulary,Lancashire Constabulary,-2.167693,53.855400,On or near Back Lune Street,E01025227,Pendle 007B,Violence and sexual offences,Formal action is not in the public interest,
36e762e37d7d7a8fef3c8911e35be854896bcbe163f2c8b1b2b44e98041ddad3,2019-05,Lancashire Constabulary,Lancashire Constabulary,-2.169135,53.854760,On or near Basil Street,E01025227,Pendle 007B,Violence and sexual offences,Unable to prosecute suspect,
7e4f5135018e20f6cba3d1ca5e26d906a0a8403208fa9d9d33cf8cec6a8e6e89,2019-05,Lancashire Constabulary,Lancashire Constabulary,-2.166544,53.857055,On or near Parliament Street,E01025227,Pendle 007B,Violence and sexual offences,Status update unavailable,
4f17d5dcff64a1ada718fc450124dc940b7190b2e8c3402b1c9d6a59102f8797,2019-05,Lancashire Constabulary,Lancashire Constabulary,-2.172999,53.855356,On or near Back Earl Street,E01025227,Pendle 007B,Violence and sexual offences,Unable to prosecute suspect,
dec9c604a994c661a80a2a0b6e997b05e8a8df236030ce69076a77197bca6a40,2019-05,Lancashire Constabulary,Lancashire Constabulary,-2.170884,53.855054,On or near Exchange Street,E01025227,Pendle 007B,Violence and sexual offences,Status update unavailable,
7aaf678d9fcbab21822e0cb463a0a9d37b7ed6ef5ac824fd446fa87f60f8f789,2019-05,Lancashire Constabulary,Lancashire Constabulary,-2.168565,53.856720,On or near Post Office Yard,E01025227,Pendle 007B,Violence and sexual offences,Unable to prosecute suspect,
1f9f09703b53cd36dc2c316a3d2c3d0bd3aa82f43a9148b0ae86ff4594892780,2019-05,Lancashire Constabulary,Lancashire Constabulary,-2.169639,53.855469,On or near Walton Street,E01025227,Pendle 007B,Violence and sexual offences,Unable to prosecute suspect,
d9271145e303d32bf0b2415d5c475ccd126607494379a46295b447df9b014308,2019-05,Lancashire Constabulary,Lancashire Constabulary,-2.172635,53.855563,On or near Earl Street,E01025227,Pendle 007B,Violence and sexual offences,Local resolution,
05fdd98c0e450a620e7bf78484c960365e42f5ab6c107ab51278350288bfe828,2019-05,Lancashire Constabulary,Lancashire Constabulary,-2.170884,53.855054,On or near Exchange Street,E01025227,Pendle 007B,Violence and sexual offences,Unable to prosecute suspect,
0ea9f53d0d5e663b5713789a7e3b4278ecbb254534343ccdfe271bf38f3281a2,2019-05,Lancashire Constabulary,Lancashire Constabulary,-2.165219,53.856356,On or near St John Street,E01025227,Pendle 007B,Violence and sexual offences,Unable to prosecute suspect,
9c9b28f1429967cc07fac41961b476697a88ba4fc1190b6240553a900792d5d4,2019-05,Lancashire Constabulary,Lancashire Constabulary,-2.173639,53.855742,On or near Back Albert Road,E01025227,Pendle 007B,Violence and sexual offences,Status update unavailable,
c5898484c62276ddc0e6caf4e0a925ad8c489df1ff0b8ef1e85920fef64d862f,2019-05,Lancashire Constabulary,Lancashire Constabulary,-2.173639,53.855742,On or near Back Albert Road,E01025227,Pendle 007B,Violence and sexual offences,Status update unavailable,
,2019-05,Lancashire Constabulary,Lancashire Constabulary,-2.192411,53.848388,On or near Petrol Station,E01025228,Pendle 007C,Anti-social behaviour,,
,2019-05,Lancashire Constabulary,Lancashire Constabulary,-2.191976,53.846420,On or near Hamilton Road,E01025228,Pendle 007C,Anti-social behaviour,,
,2019-05,Lancashire Constabulary,Lancashire Constabulary,-2.192411,53.848388,On or near Petrol Station,E01025228,Pendle 007C,Anti-social behaviour,,
,2019-05,Lancashire Constabulary,Lancashire Constabulary,-2.190788,53.849146,On or near Briercliffe Street,E01025228,Pendle 007C,Anti-social behaviour,,
,2019-05,Lancashire Constabulary,Lancashire Constabulary,-2.189635,53.849633,On or near Gill Street,E01025228,Pendle 007C,Anti-social behaviour,,
,2019-05,Lancashire Constabulary,Lancashire Constabulary,-2.168161,53.847067,On or near Birchenlee Lane,E01025228,Pendle 007C,Anti-social behaviour,,
,2019-05,Lancashire Constabulary,Lancashire Constabulary,-2.197297,53.849872,On or near Regent Street,E01025228,Pendle 007C,Anti-social behaviour,,
,2019-05,Lancashire Constabulary,Lancashire Constabulary,-2.188365,53.847918,On or near Briercliffe Avenue,E01025228,Pendle 007C,Anti-social behaviour,,
d4700cbb2ad7838545f78800b290f8c6febab89e24d20f6fbbc99b0bb584350a,2019-05,Lancashire Constabulary,Lancashire Constabulary,-2.194267,53.848745,On or near Corporation Street,E01025228,Pendle 007C,Burglary,Status update unavailable,
31eee2289b36673a529569874b486e45f82bdc0ef084fd6a580df03092cd4df1,2019-05,Lancashire Constabulary,Lancashire Constabulary,-2.191976,53.846420,On or near Hamilton Road,E01025228,Pendle 007C,Burglary,Status update unavailable,
47c457f874f8ceb84765cedea1b7ec171dec37b503d8105623b5f741a7174d61,2019-05,Lancashire Constabulary,Lancashire Constabulary,-2.195562,53.846109,On or near Ivy Street,E01025228,Pendle 007C,Burglary,Status update unavailable,
6e3669a14209201b7ffd23a75ba12ac23fe66e7f15e3a5bdf5f8fc4298ef0463,2019-05,Lancashire Constabulary,Lancashire Constabulary,-2.189043,53.849813,On or near Dent Street,E01025228,Pendle 007C,Criminal damage and arson,Status update unavailable,
1667c34a6518f8a84087e10f3f889598563375c6ac29e67aa9b83308a811990b,2019-05,Lancashire Constabulary,Lancashire Constabulary,-2.189043,53.849813,On or near Dent Street,E01025228,Pendle 007C,Criminal damage and arson,Status update unavailable,
0ebf0eab1c54e381261ec84675e0b147e7a8cdbe778fd4782b67d7957b2f73c2,2019-05,Lancashire Constabulary,Lancashire Constabulary,-2.188365,53.847918,On or near Briercliffe Avenue,E01025228,Pendle 007C,Criminal damage and arson,Status update unavailable,
089f783514891b2e96721f5c61802aba918f1631d3cb3e14702fa8b5fb048760,2019-05,Lancashire Constabulary,Lancashire Constabulary,-2.194267,53.848745,On or near Corporation Street,E01025228,Pendle 007C,Criminal damage and arson,Status update unavailable,
01fb5b405e957e0091ec5a4dedf9de1c36644209034087678bae7ee96f286d75,2019-05,Lancashire Constabulary,Lancashire Constabulary,-2.190932,53.847384,On or near Penrith Crescent,E01025228,Pendle 007C,Criminal damage and arson,Status update unavailable,
7c9d2f0138f1b255f0b83e5430692b3cbafa87d5b68bb09d4e1b4f4a4d63f6d5,2019-05,Lancashire Constabulary,Lancashire Constabulary,-2.193755,53.846444,On or near Clare Avenue,E01025228,Pendle 007C,Criminal damage and arson,Status update unavailable,
a870617647425d6ed009f8785b93ae34e73239cedf46596f222c26c6e44c53e5,2019-05,Lancashire Constabulary,Lancashire Constabulary,-2.195562,53.846109,On or near Ivy Street,E01025228,Pendle 007C,Other theft,Status update unavailable,
488202f5c9f7e1b6909b0fefa91937d4b203ae2b81f07c49e346d4bb8116b090,2019-05,Lancashire Constabulary,Lancashire Constabulary,-2.197112,53.846097,On or near Chad Street,E01025228,Pendle 007C,Other theft,Status update unavailable,
ac2652849efaa2ca1f8fdf983c716c5553f7bc5aa412d73285430daae95483c0,2019-05,Lancashire Constabulary,Lancashire Constabulary,-2.190257,53.849461,On or near Francis Street,E01025228,Pendle 007C,Other theft,Status update unavailable,
5219642036602481bff95c8375ff8fc1d6e10eed9f5b3ba2711a62c3f0816ea0,2019-05,Lancashire Constabulary,Lancashire Constabulary,-2.197112,53.846097,On or near Chad Street,E01025228,Pendle 007C,Other theft,Status update unavailable,
fbd453a263c5c15e557d055fd9df48c372d5ffb51f7132f23d5cf578c8cbe816,2019-05,Lancashire Constabulary,Lancashire Constabulary,-2.197297,53.849872,On or near Regent Street,E01025228,Pendle 007C,Other theft,Status update unavailable,
0c7b6b07e8a094883c8346e5d538ed01ea475a17cdda01d5d768bacbcb27509f,2019-05,Lancashire Constabulary,Lancashire Constabulary,-2.168161,53.847067,On or near Birchenlee Lane,E01025228,Pendle 007C,Public order,Status update unavailable,
c89c4de9332abeac025a3da81717966207d71147f9f657adf8ac3218105d0f2f,2019-05,Lancashire Constabulary,Lancashire Constabulary,-2.195562,53.846109,On or near Ivy Street,E01025228,Pendle 007C,Public order,Offender given penalty notice,
97cd0344fb69111be15e7247d9d138dc0b92d59577fa916724ad221ee63639db,2019-05,Lancashire Constabulary,Lancashire Constabulary,-2.190788,53.849146,On or near Briercliffe Street,E01025228,Pendle 007C,Public order,Status update unavailable,
0ec832e53567674240909dfdfbae49cf831ef836d80970527ea2011cee81f6a4,2019-05,Lancashire Constabulary,Lancashire Constabulary,-2.193755,53.846444,On or near Clare Avenue,E01025228,Pendle 007C,Violence and sexual offences,Unable to prosecute suspect,
c37a9903126721822d011696798d2803ff57187c6de161c9931fb82a14e57a3c,2019-05,Lancashire Constabulary,Lancashire Constabulary,-2.192411,53.848388,On or near Petrol Station,E01025228,Pendle 007C,Violence and sexual offences,Unable to prosecute suspect,
4758d6b07e08da7a52a6555a7fb2a4e1acf05ed534afa8b433ea1791ebb2fd8c,2019-05,Lancashire Constabulary,Lancashire Constabulary,-2.195562,53.846109,On or near Ivy Street,E01025228,Pendle 007C,Violence and sexual offences,Offender given a caution,
,2019-05,Lancashire Constabulary,Lancashire Constabulary,-2.227318,53.838683,On or near Park Avenue,E01025174,Pendle 008A,Anti-social behaviour,,
,2019-05,Lancashire Constabulary,Lancashire Constabulary,-2.227946,53.839544,On or near Fife Street,E01025174,Pendle 008A,Anti-social behaviour,,
,2019-05,Lancashire Constabulary,Lancashire Constabulary,-2.229984,53.842713,On or near Parrock Road,E01025174,Pendle 008A,Anti-social behaviour,,
,2019-05,Lancashire Constabulary,Lancashire Constabulary,-2.227946,53.839544,On or near Fife Street,E01025174,Pendle 008A,Anti-social behaviour,,
89304ed3504b58e8088ae0d089b99cf235b718248fd7b26c8f0c50709b38eda6,2019-05,Lancashire Constabulary,Lancashire Constabulary,-2.232541,53.840551,On or near Willow Close,E01025174,Pendle 008A,Burglary,Status update unavailable,
9a719c9272ddf6b53839a98329d4863a5bb0bc97d4678aebf3dc44a026f7a5a0,2019-05,Lancashire Constabulary,Lancashire Constabulary,-2.227318,53.838683,On or near Park Avenue,E01025174,Pendle 008A,Criminal damage and arson,Status update unavailable,
f83d0d4a4299ed94386f03b74613567207418df0cc46c40f9a737390efd56c18,2019-05,Lancashire Constabulary,Lancashire Constabulary,-2.229148,53.839848,On or near Carr Hall Drive,E01025174,Pendle 008A,Other theft,Status update unavailable,
5d7d56d26f5ae7c6d532b1c64d0d0a712501b69e115ae4330e93785771df2e09,2019-05,Lancashire Constabulary,Lancashire Constabulary,-2.227946,53.839544,On or near Fife Street,E01025174,Pendle 008A,Public order,Status update unavailable,
f17ebfde5c94d38eb004827b9c8fcf8a1331b0c3fe264b31ff5415385247460f,2019-05,Lancashire Constabulary,Lancashire Constabulary,-2.240334,53.845389,On or near Sandyhall Lane,E01025174,Pendle 008A,Violence and sexual offences,Status update unavailable,
e0d27d05121ebc37bca58e5a36781ca4b427fba35fa4d15c912516b9d80dc1aa,2019-05,Lancashire Constabulary,Lancashire Constabulary,-2.224930,53.849599,On or near Buckden Gate,E01025175,Pendle 008B,Other theft,Status update unavailable,
2567465b5152276eccfaae6a08224a993f4c49dc5f43cef44cdf473ddea206f8,2019-05,Lancashire Constabulary,Lancashire Constabulary,-2.220099,53.850165,On or near Highfield Crescent,E01025175,Pendle 008B,Robbery,Status update unavailable,
139893235a8f75c1aee236a28b8daca2f818b83930fb42b1839113fef71e2884,2019-05,Lancashire Constabulary,Lancashire Constabulary,-2.216853,53.851375,On or near Sharp Street,E01025175,Pendle 008B,Vehicle crime,Status update unavailable,
14385fc84004acdcfcc82b934a7d6643bafaa14033cf7456b24674659a681e2a,2019-05,Lancashire Constabulary,Lancashire Constabulary,-2.215482,53.853912,On or near Mill Street,E01025175,Pendle 008B,Violence and sexual offences,Status update unavailable,
c1542af282236002c5544505dbaf599b1e304480364494fad11fc38d4d9e0772,2019-05,Lancashire Constabulary,Lancashire Constabulary,-2.218711,53.854958,On or near Shap Close,E01025175,Pendle 008B,Violence and sexual offences,Status update unavailable,
,2019-05,Lancashire Constabulary,Lancashire Constabulary,-2.218435,53.845854,On or near Roughlee Street,E01025176,Pendle 008C,Anti-social behaviour,,
,2019-05,Lancashire Constabulary,Lancashire Constabulary,-2.218496,53.848820,On or near Lucy Street,E01025176,Pendle 008C,Anti-social behaviour,,
,2019-05,Lancashire Constabulary,Lancashire Constabulary,-2.218351,53.847184,On or near Grey Street,E01025176,Pendle 008C,Anti-social behaviour,,
,2019-05,Lancashire Constabulary,Lancashire Constabulary,-2.218496,53.848820,On or near Lucy Street,E01025176,Pendle 008C,Anti-social behaviour,,
,2019-05,Lancashire Constabulary,Lancashire Constabulary,-2.214873,53.853680,On or near Parking Area,E01025176,Pendle 008C,Anti-social behaviour,,
,2019-05,Lancashire Constabulary,Lancashire Constabulary,-2.216118,53.850343,On or near Harry Street,E01025176,Pendle 008C,Anti-social behaviour,,
701066c531d87c164ca14d078f9f710f103bbf71c7de6d5dc754550e3f1e3a9e,2019-05,Lancashire Constabulary,Lancashire Constabulary,-2.218887,53.847992,On or near Grove Street,E01025176,Pendle 008C,Burglary,Status update unavailable,
74e716fc0570e5d22652eedbbc04f0501fb76f7d759cec253d70bbb5770499fa,2019-05,Lancashire Constabulary,Lancashire Constabulary,-2.217924,53.846951,On or near Cadogan Street,E01025176,Pendle 008C,Burglary,Status update unavailable,
7ffeabe7cd79c7acf1f79e9af710967c2b39fddbfe2362d7a93f7888bc9939a7,2019-05,Lancashire Constabulary,Lancashire Constabulary,-2.218887,53.847992,On or near Grove Street,E01025176,Pendle 008C,Criminal damage and arson,Status update unavailable,
37da426467d725c5f356d6adfe59c39b4fc6a139ad925195b8a55181929bee7d,2019-05,Lancashire Constabulary,Lancashire Constabulary,-2.214873,53.853680,On or near Parking Area,E01025176,Pendle 008C,Shoplifting,Awaiting court outcome,
0e586093acb5a995d5061543ee045ba35fe8e454d4c2a6b7b7dd613d06aaa376,2019-05,Lancashire Constabulary,Lancashire Constabulary,-2.219386,53.847560,On or near Nora Street,E01025176,Pendle 008C,Violence and sexual offences,Offender given a caution,
326c0afba8427276b05143b9582b4a8bb76755c731704060136f8dff87306b35,2019-05,Lancashire Constabulary,Lancashire Constabulary,-2.211396,53.854414,On or near Petrol Station,E01025176,Pendle 008C,Violence and sexual offences,Awaiting court outcome,
2bee8553f7c8f0c248ad8223778a339e84d19c1574993bad59273d0a522043cb,2019-05,Lancashire Constabulary,Lancashire Constabulary,-2.216384,53.851816,On or near Hill Top,E01025176,Pendle 008C,Violence and sexual offences,Status update unavailable,
0c899ee34731e99095a858ae351ff25d6a50de966ec1f1881477f55eb3aba3fb,2019-05,Lancashire Constabulary,Lancashire Constabulary,-2.216729,53.847969,On or near Romney Avenue,E01025176,Pendle 008C,Violence and sexual offences,Unable to prosecute suspect,
75776ce17cfdb4a291cb8559437ce7dda8dc0f5aa2640643685c61829df201dc,2019-05,Lancashire Constabulary,Lancashire Constabulary,-2.215247,53.855477,On or near Back Peter Street,E01025176,Pendle 008C,Violence and sexual offences,Status update unavailable,
4613774bbad49346ba908cb61fba2f623806bbda325ee81960126d9e072e7c07,2019-05,Lancashire Constabulary,Lancashire Constabulary,-2.213903,53.854239,On or near John Street,E01025176,Pendle 008C,Violence and sexual offences,Formal action is not in the public interest,
,2019-05,Lancashire Constabulary,Lancashire Constabulary,-2.214990,53.864663,On or near Park/Open Space,E01025177,Pendle 008D,Anti-social behaviour,,
33b6a1c160679bd28581267a603866e83be6ef71406db192067018c2cbb56ee3,2019-05,Lancashire Constabulary,Lancashire Constabulary,-2.210711,53.857273,On or near Foreside,E01025177,Pendle 008D,Public order,Unable to prosecute suspect,
1f13445e3ae03b3b94f1544f1c2f1c34e02f87d795ca26c147064625072481f5,2019-05,Lancashire Constabulary,Lancashire Constabulary,-2.220829,53.878943,On or near Park/Open Space,E01025177,Pendle 008D,Violence and sexual offences,Status update unavailable,
d61a7137f20c9015f455ffca8acd800a9d93bafb5cf94887a16f3bf94dfefb23,2019-05,Lancashire Constabulary,Lancashire Constabulary,-2.210088,53.857463,On or near Pinfold,E01025177,Pendle 008D,Other crime,Status update unavailable,
,2019-05,Lancashire Constabulary,Lancashire Constabulary,-2.245596,53.856218,On or near Crowtrees Grove,E01025204,Pendle 008E,Anti-social behaviour,,
feab87c6317f8717814331a582fcd7618a858ec92cff028aff802930b3e1d5a7,2019-05,Lancashire Constabulary,Lancashire Constabulary,-2.270241,53.858781,On or near Parking Area,E01025204,Pendle 008E,Criminal damage and arson,Status update unavailable,
e347a9f9a02e7e03eee96f96a8920a3612bac2faa4e112c2db915a5f0242c3aa,2019-05,Lancashire Constabulary,Lancashire Constabulary,-2.240070,53.857676,On or near Park/Open Space,E01025204,Pendle 008E,Violence and sexual offences,Status update unavailable,
24e7e403ffcaf84d98c2d094d7c30edf48295fa6265c1d3060299b18da3cb947,2019-05,Lancashire Constabulary,Lancashire Constabulary,-2.293667,53.823592,On or near Nutter Crescent,E01025204,Pendle 008E,Violence and sexual offences,Unable to prosecute suspect,
08f8c6517280d46139ac9fbb1ee0803f545e121d1826f1b6e4de1936ab0b0679,2019-05,Lancashire Constabulary,Lancashire Constabulary,-2.238372,53.858516,On or near Wood Close,E01025204,Pendle 008E,Violence and sexual offences,Unable to prosecute suspect,
,2019-05,Lancashire Constabulary,Lancashire Constabulary,-2.258896,53.836093,On or near Millbrook,E01025211,Pendle 008F,Anti-social behaviour,,
,2019-05,Lancashire Constabulary,Lancashire Constabulary,-2.261931,53.835395,On or near Harpers Lane,E01025211,Pendle 008F,Anti-social behaviour,,
,2019-05,Lancashire Constabulary,Lancashire Constabulary,-2.253207,53.837714,On or near Wheatley Lane Road,E01025211,Pendle 008F,Anti-social behaviour,,
,2019-05,Lancashire Constabulary,Lancashire Constabulary,-2.260171,53.835884,On or near Laund Gate,E01025211,Pendle 008F,Anti-social behaviour,,
5326e14f44b1b46f5f8450ca6491e7d123600026d1cf054b2f01bc1602a99f39,2019-05,Lancashire Constabulary,Lancashire Constabulary,-2.237543,53.835571,On or near Holden Road,E01025211,Pendle 008F,Burglary,Status update unavailable,
f10003f06392037e96d37bf3938583f28f287a9c24624680847447844fe28f9b,2019-05,Lancashire Constabulary,Lancashire Constabulary,-2.237543,53.835571,On or near Holden Road,E01025211,Pendle 008F,Burglary,Status update unavailable,
0ca4bbda9c5525ac7ba968a0f2df2befd5439e94e3153e22bd44122fad367d75,2019-05,Lancashire Constabulary,Lancashire Constabulary,-2.260319,53.835308,On or near Greystones Drive,E01025211,Pendle 008F,Public order,Unable to prosecute suspect,
168da2236040df600aa87ce137ef1cf566d2db0ad94dd36a197db8ddd296e3d4,2019-05,Lancashire Constabulary,Lancashire Constabulary,-2.264319,53.833439,On or near Eversholt Close,E01025211,Pendle 008F,Vehicle crime,Status update unavailable,
39d8fe34264f40afa0b31672795517032a96db73806e6596176568e79f0f7637,2019-05,Lancashire Constabulary,Lancashire Constabulary,-2.253207,53.837714,On or near Wheatley Lane Road,E01025211,Pendle 008F,Violence and sexual offences,Status update unavailable,
3f136927bba52468219b8488facb9bc7936ab875cf07ffeb2ce4912d2efb6eae,2019-05,Lancashire Constabulary,Lancashire Constabulary,-2.253207,53.837714,On or near Wheatley Lane Road,E01025211,Pendle 008F,Violence and sexual offences,Status update unavailable,
28971f6b1bf84e965989de7be1bfdefe7541501ba70d09a8538cb94eb2612151,2019-05,Lancashire Constabulary,Lancashire Constabulary,-2.261514,53.834335,On or near Forester Drive,E01025211,Pendle 008F,Violence and sexual offences,Unable to prosecute suspect,
,2019-05,Lancashire Constabulary,Lancashire Constabulary,-2.206011,53.844572,On or near Regent Street,E01025181,Pendle 009A,Anti-social behaviour,,
,2019-05,Lancashire Constabulary,Lancashire Constabulary,-2.207301,53.847231,On or near Highfield Crescent,E01025181,Pendle 009A,Anti-social behaviour,,
,2019-05,Lancashire Constabulary,Lancashire Constabulary,-2.206627,53.846126,On or near Swinden Hall Road,E01025181,Pendle 009A,Anti-social behaviour,,
,2019-05,Lancashire Constabulary,Lancashire Constabulary,-2.205325,53.847234,On or near Bevan Place,E01025181,Pendle 009A,Anti-social behaviour,,
e48ba54d0218b375e3dc4e4e5abc52aa0282421eca42721efbe8a715a3ff4656,2019-05,Lancashire Constabulary,Lancashire Constabulary,-2.208296,53.842573,On or near Regent Place,E01025181,Pendle 009A,Criminal damage and arson,Status update unavailable,
0405e6cba8a40b2bc893a9299b12d132be9e4bc8e358cb6022ca529f76684174,2019-05,Lancashire Constabulary,Lancashire Constabulary,-2.206627,53.846126,On or near Swinden Hall Road,E01025181,Pendle 009A,Other theft,Status update unavailable,
81187c62b5ef5c7b87298a44b2581309bda98a69c373e05309695d8fc8cc7bec,2019-05,Lancashire Constabulary,Lancashire Constabulary,-2.207301,53.847231,On or near Highfield Crescent,E01025181,Pendle 009A,Public order,Unable to prosecute suspect,
8eaf42f52d25191562a8389a0a9c1884c8416142997b286da9628ac069da5602,2019-05,Lancashire Constabulary,Lancashire Constabulary,-2.206011,53.844572,On or near Regent Street,E01025181,Pendle 009A,Public order,Status update unavailable,
60a54cb8a690afbdc6b53cd409183efa1ac236a7d8929b7ba3b6837d164bb99f,2019-05,Lancashire Constabulary,Lancashire Constabulary,-2.206627,53.846126,On or near Swinden Hall Road,E01025181,Pendle 009A,Vehicle crime,Status update unavailable,
af2d6788cc4bcbbbefa5610dd928e742e1153abfe776e252dcbb960952c1a5ec,2019-05,Lancashire Constabulary,Lancashire Constabulary,-2.208413,53.844559,On or near Sports/Recreation Area,E01025181,Pendle 009A,Violence and sexual offences,Offender given a caution,
1612ae81ae890c26197fa095b865995b78a7ab59caee21b17bd6d6a59c38cc2b,2019-05,Lancashire Constabulary,Lancashire Constabulary,-2.208413,53.844559,On or near Sports/Recreation Area,E01025181,Pendle 009A,Violence and sexual offences,Status update unavailable,
023e0719f5f5b34b1cc518bc239dd0cc63228c372b49a2b17835672348f4f1fd,2019-05,Lancashire Constabulary,Lancashire Constabulary,-2.208296,53.842573,On or near Regent Place,E01025181,Pendle 009A,Violence and sexual offences,Unable to prosecute suspect,
,2019-05,Lancashire Constabulary,Lancashire Constabulary,-2.213093,53.838448,On or near Parking Area,E01025182,Pendle 009B,Anti-social behaviour,,
,2019-05,Lancashire Constabulary,Lancashire Constabulary,-2.210594,53.840116,On or near Bradley Fold,E01025182,Pendle 009B,Anti-social behaviour,,
,2019-05,Lancashire Constabulary,Lancashire Constabulary,-2.221631,53.840896,On or near Sports/Recreation Area,E01025182,Pendle 009B,Anti-social behaviour,,
,2019-05,Lancashire Constabulary,Lancashire Constabulary,-2.209490,53.838212,On or near William Street,E01025182,Pendle 009B,Anti-social behaviour,,
,2019-05,Lancashire Constabulary,Lancashire Constabulary,-2.213973,53.838087,On or near Pollard Street,E01025182,Pendle 009B,Anti-social behaviour,,
,2019-05,Lancashire Constabulary,Lancashire Constabulary,-2.217929,53.841999,On or near Scott Street,E01025182,Pendle 009B,Anti-social behaviour,,
aa2022fdeb0ace3750053aabb46fb9fa5d6817151407875af4f8f75095708137,2019-05,Lancashire Constabulary,Lancashire Constabulary,-2.220500,53.842587,On or near Surrey Road,E01025182,Pendle 009B,Burglary,Status update unavailable,
44df183b4127184ea7b57d14d9a1b98ca1a15abca68754db02dfc7f44a73bec8,2019-05,Lancashire Constabulary,Lancashire Constabulary,-2.214140,53.838150,On or near Scotland Road,E01025182,Pendle 009B,Burglary,Status update unavailable,
04d4c4d6d2cadaa2befaba1c73ecc40aa0df007bf50568b1224d0e06f12eef3e,2019-05,Lancashire Constabulary,Lancashire Constabulary,-2.210264,53.837905,On or near Stansfield Street,E01025182,Pendle 009B,Criminal damage and arson,Status update unavailable,
319efc41a62b3608ac7eb497d1eb498a65eb4269cee4748160833253cbebd803,2019-05,Lancashire Constabulary,Lancashire Constabulary,-2.212811,53.836714,On or near Holme Street,E01025182,Pendle 009B,Criminal damage and arson,Status update unavailable,
49297083f50371c4295d0c11f3c9b72fd0c8bcec7c4f1e5160cd004eb5d07d1a,2019-05,Lancashire Constabulary,Lancashire Constabulary,-2.220500,53.842587,On or near Surrey Road,E01025182,Pendle 009B,Other theft,Status update unavailable,
0374cb15b16a0e502119282c53be0c9bdedb9cafd3cfb9a0979bf75f8d9db3ce,2019-05,Lancashire Constabulary,Lancashire Constabulary,-2.212811,53.836714,On or near Holme Street,E01025182,Pendle 009B,Other theft,Status update unavailable,
f74c9cbe3375505a7424696fa264193c033686239062dfa546e43ecf5c687980,2019-05,Lancashire Constabulary,Lancashire Constabulary,-2.212811,53.836714,On or near Holme Street,E01025182,Pendle 009B,Shoplifting,Status update unavailable,
c4aa183b3ab80ac3bdd61d4bf740020af4dc6605c96cc9d0c3ecb099326c3e17,2019-05,Lancashire Constabulary,Lancashire Constabulary,-2.212811,53.836714,On or near Holme Street,E01025182,Pendle 009B,Shoplifting,Status update unavailable,
1f7290184336d66e34e81ddc69043c9b6d5dbf14b8c3dcf1bcfef76782d33d16,2019-05,Lancashire Constabulary,Lancashire Constabulary,-2.212811,53.836714,On or near Holme Street,E01025182,Pendle 009B,Shoplifting,Status update unavailable,
ae3d073524261f4eb42d745ddab45710a4c525be4f821c802491f8ef40884fa9,2019-05,Lancashire Constabulary,Lancashire Constabulary,-2.212811,53.836714,On or near Holme Street,E01025182,Pendle 009B,Shoplifting,Status update unavailable,
44dc1e07c5e3efb7e1cb62f54e2d62be1b9dce42376c56686bb625bbc9ecef2d,2019-05,Lancashire Constabulary,Lancashire Constabulary,-2.212989,53.838988,On or near Oak Street,E01025182,Pendle 009B,Vehicle crime,Status update unavailable,
8b5c7d0c7aabc0966609052ca19c26305e3513d2d374734c667b0ab884b9105d,2019-05,Lancashire Constabulary,Lancashire Constabulary,-2.210264,53.837905,On or near Stansfield Street,E01025182,Pendle 009B,Vehicle crime,Status update unavailable,
c508979db851fc493c17c7e9ba5390316b41ed776b6e8d7d2f68b2b731cd8883,2019-05,Lancashire Constabulary,Lancashire Constabulary,-2.220500,53.842587,On or near Surrey Road,E01025182,Pendle 009B,Vehicle crime,Status update unavailable,
ac1f9cb2ad1fd37e83de81eca7286c55dd26605e1cab8a553987e432059303a1,2019-05,Lancashire Constabulary,Lancashire Constabulary,-2.222067,53.842917,On or near Sports/Recreation Area,E01025182,Pendle 009B,Violence and sexual offences,Status update unavailable,
f7e11019e00a048e43960b547922b69ec8792805c6d7ec6257e570a3af6f1361,2019-05,Lancashire Constabulary,Lancashire Constabulary,-2.214133,53.839723,On or near Seedhill Terrace,E01025182,Pendle 009B,Violence and sexual offences,Status update unavailable,
e042a187f5f79e8e1a5a45273c53ba38c28f1f650d8842342fde22337829e3da,2019-05,Lancashire Constabulary,Lancashire Constabulary,-2.211064,53.836870,On or near Park/Open Space,E01025182,Pendle 009B,Violence and sexual offences,Status update unavailable,
2ea7762dab3f314355fee49c478c0985a33689fa67ba22f1a5cf0086c22cbdf8,2019-05,Lancashire Constabulary,Lancashire Constabulary,-2.208715,53.838105,On or near Parrock Street,E01025182,Pendle 009B,Violence and sexual offences,Unable to prosecute suspect,
17aa946924cf22d15663fbf3ebbff898d72f6a436e02b1c99e8637d326219c72,2019-05,Lancashire Constabulary,Lancashire Constabulary,-2.208715,53.838105,On or near Parrock Street,E01025182,Pendle 009B,Violence and sexual offences,Formal action is not in the public interest,
,2019-05,Lancashire Constabulary,Lancashire Constabulary,-2.207856,53.839590,On or near Bank Street,E01025183,Pendle 009C,Anti-social behaviour,,
,2019-05,Lancashire Constabulary,Lancashire Constabulary,-2.207856,53.839590,On or near Bank Street,E01025183,Pendle 009C,Anti-social behaviour,,
,2019-05,Lancashire Constabulary,Lancashire Constabulary,-2.207856,53.839590,On or near Bank Street,E01025183,Pendle 009C,Anti-social behaviour,,
,2019-05,Lancashire Constabulary,Lancashire Constabulary,-2.207856,53.839590,On or near Bank Street,E01025183,Pendle 009C,Anti-social behaviour,,
,2019-05,Lancashire Constabulary,Lancashire Constabulary,-2.200563,53.843027,On or near Walton Lane,E01025183,Pendle 009C,Anti-social behaviour,,
,2019-05,Lancashire Constabulary,Lancashire Constabulary,-2.207856,53.839590,On or near Bank Street,E01025183,Pendle 009C,Anti-social behaviour,,
,2019-05,Lancashire Constabulary,Lancashire Constabulary,-2.207856,53.839590,On or near Bank Street,E01025183,Pendle 009C,Anti-social behaviour,,
,2019-05,Lancashire Constabulary,Lancashire Constabulary,-2.207856,53.839590,On or near Bank Street,E01025183,Pendle 009C,Anti-social behaviour,,
7021b481ab77936205bda6d0e598e253b0091c0c7526537df3349b7674c602de,2019-05,Lancashire Constabulary,Lancashire Constabulary,-2.206658,53.840113,On or near Plantation Street,E01025183,Pendle 009C,Burglary,Status update unavailable,
51726b239c48ba11a4a0a6d590885ac3055e1ae5197c320d37938e7a06fdb48b,2019-05,Lancashire Constabulary,Lancashire Constabulary,-2.203287,53.843912,On or near Juno Street,E01025183,Pendle 009C,Burglary,Status update unavailable,
df5843919cfe674b1448a64680f250b51669f826381405d2410ee1f3fc5024ba,2019-05,Lancashire Constabulary,Lancashire Constabulary,-2.201504,53.842765,On or near May Street,E01025183,Pendle 009C,Criminal damage and arson,Status update unavailable,
0f6f423b28ea91d25b7a4475350289e42d6861a924d83c6c6d2bf5fd2599eedd,2019-05,Lancashire Constabulary,Lancashire Constabulary,-2.207856,53.839590,On or near Bank Street,E01025183,Pendle 009C,Criminal damage and arson,Status update unavailable,
2d725133371bebc3ef176be61dca427b900b0bc91ced5e5401ff243772830eff,2019-05,Lancashire Constabulary,Lancashire Constabulary,-2.204995,53.845105,On or near Norwood Avenue,E01025183,Pendle 009C,Criminal damage and arson,Status update unavailable,
413e21ff599c7ffd76a588286646c9530e9911ed9fdaa96bb35703310442a969,2019-05,Lancashire Constabulary,Lancashire Constabulary,-2.204995,53.845105,On or near Norwood Avenue,E01025183,Pendle 009C,Other theft,Status update unavailable,
cad1a9a5a44f94068462225158d77b7c97bfce457478672a893b44c2f7e3cf8e,2019-05,Lancashire Constabulary,Lancashire Constabulary,-2.206658,53.840113,On or near Plantation Street,E01025183,Pendle 009C,Other theft,Status update unavailable,
b7075b71acee9f261176fffac8b02894385e4aeb00fad02b5bcbf2398d798d5c,2019-05,Lancashire Constabulary,Lancashire Constabulary,-2.206640,53.839493,On or near Wickliffe Street,E01025183,Pendle 009C,Public order,Unable to prosecute suspect,
341878d96f4d81e2233c5eb02c1db0ccf3563d4ca8fda7289d4a20aafc8ec5d2,2019-05,Lancashire Constabulary,Lancashire Constabulary,-2.207856,53.839590,On or near Bank Street,E01025183,Pendle 009C,Public order,Status update unavailable,
632835db3c6df46633e6e7886bb5942aa2d56b1c7ebc80d44035e5e9746b3db8,2019-05,Lancashire Constabulary,Lancashire Constabulary,-2.205007,53.841204,On or near Priory Street,E01025183,Pendle 009C,Public order,Status update unavailable,
b57a8fe7d7e28b077d0e75d33df07c54e923463e450b4e2b59f2f11ebce55708,2019-05,Lancashire Constabulary,Lancashire Constabulary,-2.204652,53.840162,On or near Hallam Road,E01025183,Pendle 009C,Vehicle crime,Unable to prosecute suspect,
4f1bd69dd9463823bb56f2a2258d6cd01c4156b0b250b27405a6cbbe204c9fda,2019-05,Lancashire Constabulary,Lancashire Constabulary,-2.201258,53.845309,On or near Lansbury Place,E01025183,Pendle 009C,Vehicle crime,Status update unavailable,
2bed516dc91a6ce1b0c845fabeafc2756073f2320c930afd8c07e9a278fb08fd,2019-05,Lancashire Constabulary,Lancashire Constabulary,-2.200988,53.846064,On or near Edward Street,E01025183,Pendle 009C,Vehicle crime,Status update unavailable,
533bc87bd7f6b60b429054fbd068aaee6f33e6bcb5187060c67da76a37d3feba,2019-05,Lancashire Constabulary,Lancashire Constabulary,-2.206640,53.839493,On or near Wickliffe Street,E01025183,Pendle 009C,Violence and sexual offences,Unable to prosecute suspect,
4f620797e97babfeca026cc6dbbb4c27c6b99e46d66d4b113b7cbf916956fc13,2019-05,Lancashire Constabulary,Lancashire Constabulary,-2.202885,53.842340,On or near Poplar Street,E01025183,Pendle 009C,Violence and sexual offences,Status update unavailable,
cdd10e67864d4d96da86d7c6199127defb1677130de7672919813e93f2672edf,2019-05,Lancashire Constabulary,Lancashire Constabulary,-2.206288,53.842181,On or near Rutland Street,E01025183,Pendle 009C,Violence and sexual offences,Local resolution,
0d384b4d90cec1aede04519fb084c6de193e437e68408f6bcccbec9e079f919f,2019-05,Lancashire Constabulary,Lancashire Constabulary,-2.206640,53.839493,On or near Wickliffe Street,E01025183,Pendle 009C,Violence and sexual offences,Awaiting court outcome,
64cf74590ddf21c34d3b72f7b5e896d4964f9318c6fc126bfb81afc0fe647b63,2019-05,Lancashire Constabulary,Lancashire Constabulary,-2.206288,53.842181,On or near Rutland Street,E01025183,Pendle 009C,Violence and sexual offences,Local resolution,
,2019-05,Lancashire Constabulary,Lancashire Constabulary,-2.207267,53.840301,On or near Hey Street,E01025184,Pendle 009D,Anti-social behaviour,,
,2019-05,Lancashire Constabulary,Lancashire Constabulary,-2.210248,53.840772,On or near Cliffe Street,E01025184,Pendle 009D,Anti-social behaviour,,
,2019-05,Lancashire Constabulary,Lancashire Constabulary,-2.208882,53.841224,On or near Derby Street,E01025184,Pendle 009D,Anti-social behaviour,,
,2019-05,Lancashire Constabulary,Lancashire Constabulary,-2.208408,53.840524,On or near Bankhouse Road,E01025184,Pendle 009D,Anti-social behaviour,,
,2019-05,Lancashire Constabulary,Lancashire Constabulary,-2.208882,53.841224,On or near Derby Street,E01025184,Pendle 009D,Anti-social behaviour,,
,2019-05,Lancashire Constabulary,Lancashire Constabulary,-2.207267,53.840301,On or near Hey Street,E01025184,Pendle 009D,Anti-social behaviour,,
ce664022f51b6ef5fbb62c32eee20a71e7c77d3e02e3e76f24ac9bc79b8d3eb2,2019-05,Lancashire Constabulary,Lancashire Constabulary,-2.209915,53.841114,On or near Crawford Street,E01025184,Pendle 009D,Criminal damage and arson,Unable to prosecute suspect,
5108cd6efa6e6d554abcf736d326c4cfe42af73eb600df2209b2d36b4e365491,2019-05,Lancashire Constabulary,Lancashire Constabulary,-2.205403,53.841401,On or near Leeds Road,E01025184,Pendle 009D,Criminal damage and arson,Status update unavailable,
c6536671f227c56f11e4c6105133b852fa19728f007df63e31d53b20b0b374a1,2019-05,Lancashire Constabulary,Lancashire Constabulary,-2.207564,53.838952,On or near Harvey Street,E01025184,Pendle 009D,Other theft,Status update unavailable,
d225fe3c596e1abc463073fb436ee826f52ce3f59c500f2c18913c0d6bb800d0,2019-05,Lancashire Constabulary,Lancashire Constabulary,-2.205403,53.841401,On or near Leeds Road,E01025184,Pendle 009D,Other theft,Status update unavailable,
f888930a077ffd64fb853b7472f9711a0dcce286aed372f8b95b676e4d69a005,2019-05,Lancashire Constabulary,Lancashire Constabulary,-2.205403,53.841401,On or near Leeds Road,E01025184,Pendle 009D,Vehicle crime,Status update unavailable,
c4968bafa307e10a7cab7d3a052eb8422c2dacf15a89df51f01822ef2ef7c93b,2019-05,Lancashire Constabulary,Lancashire Constabulary,-2.209146,53.839273,On or near Elm Street,E01025184,Pendle 009D,Violence and sexual offences,Unable to prosecute suspect,
ab2181a400e15752d5dd5ae0e3c802a944d4cd64ba80ca95f0f3bd98d8ed8009,2019-05,Lancashire Constabulary,Lancashire Constabulary,-2.207227,53.841461,On or near Parking Area,E01025184,Pendle 009D,Violence and sexual offences,Unable to prosecute suspect,
313b13557b4010aa97d2f1f4d152dba89b1931f84415f95e7b834ef8e1399031,2019-05,Lancashire Constabulary,Lancashire Constabulary,-2.208408,53.840524,On or near Bankhouse Road,E01025184,Pendle 009D,Violence and sexual offences,Further investigation is not in the public interest,
5b186df6212da7a6e624851aa6d52512d8d1fea4c5b4b8b08564977d89ddffa6,2019-05,Lancashire Constabulary,Lancashire Constabulary,-2.209146,53.839273,On or near Elm Street,E01025184,Pendle 009D,Violence and sexual offences,Status update unavailable,
5b297c09cc98f51e5987c6c79f129c7147a6690a655f11c60a4d4a9f4efd1a28,2019-05,Lancashire Constabulary,Lancashire Constabulary,-2.209146,53.839273,On or near Elm Street,E01025184,Pendle 009D,Violence and sexual offences,Unable to prosecute suspect,
485c6bc5c08a78b7b1665504ae92e1d784be56d612149f546c63b6b220bd2c1f,2019-05,Lancashire Constabulary,Lancashire Constabulary,-2.208595,53.841584,On or near Dover Street,E01025184,Pendle 009D,Violence and sexual offences,Unable to prosecute suspect,
,2019-05,Lancashire Constabulary,Lancashire Constabulary,-2.208255,53.831186,On or near Selby Street,E01025188,Pendle 010A,Anti-social behaviour,,
,2019-05,Lancashire Constabulary,Lancashire Constabulary,-2.209910,53.834059,On or near West Rosser Court,E01025188,Pendle 010A,Anti-social behaviour,,
,2019-05,Lancashire Constabulary,Lancashire Constabulary,-2.210332,53.830292,On or near Berkeley Street,E01025188,Pendle 010A,Anti-social behaviour,,
,2019-05,Lancashire Constabulary,Lancashire Constabulary,-2.210996,53.835459,On or near Netherfield Road,E01025188,Pendle 010A,Anti-social behaviour,,
ede6b61d49137d6988c0a2cef94471da7034abd3fdadd30433a58786918f1c75,2019-05,Lancashire Constabulary,Lancashire Constabulary,-2.210332,53.830292,On or near Berkeley Street,E01025188,Pendle 010A,Burglary,Status update unavailable,
3d8e366ebc4302e776fd479c77cce04a6293d7ecbb5d842bce46c00647a69fd7,2019-05,Lancashire Constabulary,Lancashire Constabulary,-2.211123,53.830399,On or near Percy Street,E01025188,Pendle 010A,Burglary,Status update unavailable,
cbb7d8e7ef5ebe499e5e7cbd7e3f492db00e8e4e5cda8bb216ab40169a466151,2019-05,Lancashire Constabulary,Lancashire Constabulary,-2.210285,53.833043,On or near Vernon Street,E01025188,Pendle 010A,Criminal damage and arson,Status update unavailable,
5c9b01d4c09e3f2fee27c7d4fc7bf9e9a6f934bc250aa5697fd1f8dc869d674c,2019-05,Lancashire Constabulary,Lancashire Constabulary,-2.212450,53.834486,On or near Hardy Court,E01025188,Pendle 010A,Other theft,Unable to prosecute suspect,
4e7aad460bc03176f669fe092a829bd3823c626bf4cd3ace7a12085c56b51c40,2019-05,Lancashire Constabulary,Lancashire Constabulary,-2.211441,53.830335,On or near Napier Street,E01025188,Pendle 010A,Other theft,Status update unavailable,
907441f581cc70ca3250c1111b2b03b824d0844b6035f484bd26ffd60c582808,2019-05,Lancashire Constabulary,Lancashire Constabulary,-2.209678,53.830194,On or near Berkeley Close,E01025188,Pendle 010A,Other theft,Status update unavailable,
4fbf523a325aeb36df90498df24e8ab8314796877ba0563d5f27baa3f629533e,2019-05,Lancashire Constabulary,Lancashire Constabulary,-2.209678,53.830194,On or near Berkeley Close,E01025188,Pendle 010A,Vehicle crime,Status update unavailable,
8c504f7b991cfe2691baee75ef85974694ad6ee4ce3799c6ee655fd326cbba61,2019-05,Lancashire Constabulary,Lancashire Constabulary,-2.210996,53.835459,On or near Netherfield Road,E01025188,Pendle 010A,Vehicle crime,Status update unavailable,
8ba8aca8c1ba0b2a5297d31cfad06db271bccbb1f99ea44e192c79ae7864d49b,2019-05,Lancashire Constabulary,Lancashire Constabulary,-2.208160,53.830377,On or near Railway Street,E01025188,Pendle 010A,Vehicle crime,Status update unavailable,
fcf4b0a8f1fc75731a57b914a7c9fec04db2520cb95085615e68135bee93c37b,2019-05,Lancashire Constabulary,Lancashire Constabulary,-2.209910,53.834059,On or near West Rosser Court,E01025188,Pendle 010A,Vehicle crime,Status update unavailable,
292b3cd63bb94d5968a5d0f82737febafc006c450080c55fe17c4b8c681ffc9a,2019-05,Lancashire Constabulary,Lancashire Constabulary,-2.210775,53.833869,On or near Yorkshire Street,E01025188,Pendle 010A,Vehicle crime,Status update unavailable,
17264559bf174a41910acce8e4cf2bdc9fcecd1b5e5e6b43ecea9bee1b850c60,2019-05,Lancashire Constabulary,Lancashire Constabulary,-2.208919,53.833377,On or near Ashford Street,E01025188,Pendle 010A,Violence and sexual offences,Unable to prosecute suspect,
e8f46c54ab2169a4f347331ebff2d2c9ad1771534761b86bfd3909f2f52b4382,2019-05,Lancashire Constabulary,Lancashire Constabulary,-2.211441,53.830335,On or near Napier Street,E01025188,Pendle 010A,Violence and sexual offences,Status update unavailable,
dfe8182526d47840394d289feef7713f7333c5849c451ad8025d14ff3276fd16,2019-05,Lancashire Constabulary,Lancashire Constabulary,-2.210996,53.835459,On or near Netherfield Road,E01025188,Pendle 010A,Violence and sexual offences,Status update unavailable,
,2019-05,Lancashire Constabulary,Lancashire Constabulary,-2.204680,53.830230,On or near Clover Hill Road,E01025189,Pendle 010B,Anti-social behaviour,,
,2019-05,Lancashire Constabulary,Lancashire Constabulary,-2.204531,53.830976,On or near Vaughan Street,E01025189,Pendle 010B,Anti-social behaviour,,
,2019-05,Lancashire Constabulary,Lancashire Constabulary,-2.203813,53.830178,On or near Moore Street,E01025189,Pendle 010B,Anti-social behaviour,,
,2019-05,Lancashire Constabulary,Lancashire Constabulary,-2.200159,53.831748,On or near Wenning Street,E01025189,Pendle 010B,Anti-social behaviour,,
,2019-05,Lancashire Constabulary,Lancashire Constabulary,-2.204531,53.830976,On or near Vaughan Street,E01025189,Pendle 010B,Anti-social behaviour,,
,2019-05,Lancashire Constabulary,Lancashire Constabulary,-2.203564,53.832057,On or near St Georges Road,E01025189,Pendle 010B,Anti-social behaviour,,
,2019-05,Lancashire Constabulary,Lancashire Constabulary,-2.204680,53.830230,On or near Clover Hill Road,E01025189,Pendle 010B,Anti-social behaviour,,
,2019-05,Lancashire Constabulary,Lancashire Constabulary,-2.204823,53.831524,On or near Park Drive,E01025189,Pendle 010B,Anti-social behaviour,,
6e4850abb3236cd175f702cd00541194b22f7f53de5bc0383c0962f90ea3b711,2019-05,Lancashire Constabulary,Lancashire Constabulary,-2.203813,53.830178,On or near Moore Street,E01025189,Pendle 010B,Burglary,Status update unavailable,
a0e75f368db9c829ef2dcd1890b8393238b9ec9039dd0132820c678306380937,2019-05,Lancashire Constabulary,Lancashire Constabulary,-2.200159,53.831748,On or near Wenning Street,E01025189,Pendle 010B,Criminal damage and arson,Status update unavailable,
60257c27777625a6a082064c1fb7f789295bfd9a6998e6086ca1a9f414c39f5c,2019-05,Lancashire Constabulary,Lancashire Constabulary,-2.204234,53.829242,On or near Sackville Street,E01025189,Pendle 010B,Other theft,Status update unavailable,
e6281a745ae79a6fa8a4cb2ba215963719af8616b12eaea699b67db374e8a4e4,2019-05,Lancashire Constabulary,Lancashire Constabulary,-2.205040,53.829331,On or near Hunslet Street,E01025189,Pendle 010B,Other theft,Status update unavailable,
6646d4d5a6f2f5b70ef16fd80b554d2954a00d6cfe9783d53f21a4ccfe8bc780,2019-05,Lancashire Constabulary,Lancashire Constabulary,-2.204680,53.830230,On or near Clover Hill Road,E01025189,Pendle 010B,Other theft,Status update unavailable,
b0d2fc25f20a29f5ad87e19509221d39a25e5a99eef48201e9ef39ceb1ef2d83,2019-05,Lancashire Constabulary,Lancashire Constabulary,-2.206345,53.832160,On or near Sports/Recreation Area,E01025189,Pendle 010B,Other theft,Status update unavailable,
a747ddca943bb84688644a6111ac8af8238574f9189034e35cd898bbaa18975d,2019-05,Lancashire Constabulary,Lancashire Constabulary,-2.202334,53.828976,On or near Lily Street,E01025189,Pendle 010B,Other theft,Status update unavailable,
bc2f6a29452eac9db16a9b8ce2a6e100941281cb960670398f18e9afb61e13e9,2019-05,Lancashire Constabulary,Lancashire Constabulary,-2.202334,53.828976,On or near Lily Street,E01025189,Pendle 010B,Public order,Status update unavailable,
82a53d9fc43664605fe8ad73c53d81348e3d505e80d569d2846176e25a60b677,2019-05,Lancashire Constabulary,Lancashire Constabulary,-2.204823,53.831524,On or near Park Drive,E01025189,Pendle 010B,Public order,Awaiting court outcome,
d201cf0d35f8d288c53148d51f64141f70d4d70edb72706d8cac95f0b9fcfc3e,2019-05,Lancashire Constabulary,Lancashire Constabulary,-2.204531,53.830976,On or near Vaughan Street,E01025189,Pendle 010B,Vehicle crime,Status update unavailable,
192a091f001107ab57cef6b04bab1d54290a13f61bcee2ce1b8434d6963bac42,2019-05,Lancashire Constabulary,Lancashire Constabulary,-2.207763,53.833128,On or near Day Street,E01025189,Pendle 010B,Vehicle crime,Status update unavailable,
00b7e0760942ac075a55934bd583888fa1bdc9440b2bbee5b533be0f2a541dcd,2019-05,Lancashire Constabulary,Lancashire Constabulary,-2.206345,53.832160,On or near Sports/Recreation Area,E01025189,Pendle 010B,Violence and sexual offences,Status update unavailable,
0056579f747c128c5c95697477fa1ea786a929f178ba080b8c964d074a34a206,2019-05,Lancashire Constabulary,Lancashire Constabulary,-2.203564,53.832057,On or near St Georges Road,E01025189,Pendle 010B,Violence and sexual offences,Status update unavailable,
2dbc112a5cbdc358c59ccf213501799b4cdfdb34b24ad99a8cbd1c780bf78d80,2019-05,Lancashire Constabulary,Lancashire Constabulary,-2.208080,53.832597,On or near Fern Bank,E01025189,Pendle 010B,Violence and sexual offences,Status update unavailable,
7d8312db32672362932b127bbb66e79d859032a7b5ba2e091b24f8f485eefc50,2019-05,Lancashire Constabulary,Lancashire Constabulary,-2.202334,53.828976,On or near Lily Street,E01025189,Pendle 010B,Violence and sexual offences,Unable to prosecute suspect,
30b24daaedafa278cd9bdf23fe6b301779ca4d1a9c5eaa639d6c3043bcdd0cf1,2019-05,Lancashire Constabulary,Lancashire Constabulary,-2.204234,53.829242,On or near Sackville Street,E01025189,Pendle 010B,Violence and sexual offences,Unable to prosecute suspect,
656258f44fd774827b4f8e4ef6a2a22ee2a6e4471be440042b08da3d5cfadc03,2019-05,Lancashire Constabulary,Lancashire Constabulary,-2.206345,53.832160,On or near Sports/Recreation Area,E01025189,Pendle 010B,Violence and sexual offences,Status update unavailable,
ac08100d271815728d3d14b5ba8b51c9895d842ed13c1b0012674c6e6b55c018,2019-05,Lancashire Constabulary,Lancashire Constabulary,-2.204531,53.830976,On or near Vaughan Street,E01025189,Pendle 010B,Violence and sexual offences,Unable to prosecute suspect,
8a0e60b8d0ce1b371567ec37357e95fd9f492696c9f59307570a8e4257e13aec,2019-05,Lancashire Constabulary,Lancashire Constabulary,-2.205002,53.834049,On or near Ash Street,E01025189,Pendle 010B,Violence and sexual offences,Status update unavailable,
f7771f4d76d7074d9d9aed27425ec1ad29d167e74ac9495f09843468471f74ac,2019-05,Lancashire Constabulary,Lancashire Constabulary,-2.202334,53.828976,On or near Lily Street,E01025189,Pendle 010B,Violence and sexual offences,Unable to prosecute suspect,
2299bf82b27e42ab13b9e499ee731fde816af534c036996ecfd6951bf2bdeb6d,2019-05,Lancashire Constabulary,Lancashire Constabulary,-2.204823,53.831524,On or near Park Drive,E01025189,Pendle 010B,Violence and sexual offences,Status update unavailable,
,2019-05,Lancashire Constabulary,Lancashire Constabulary,-2.198498,53.840388,On or near Glenfield Road,E01025210,Pendle 010C,Anti-social behaviour,,
,2019-05,Lancashire Constabulary,Lancashire Constabulary,-2.196690,53.840454,On or near Berriedale Road,E01025210,Pendle 010C,Anti-social behaviour,,
,2019-05,Lancashire Constabulary,Lancashire Constabulary,-2.192738,53.843498,On or near Sansbury Crescent,E01025210,Pendle 010C,Anti-social behaviour,,
,2019-05,Lancashire Constabulary,Lancashire Constabulary,-2.195169,53.840097,On or near Lynthorpe Road,E01025210,Pendle 010C,Anti-social behaviour,,
e4b7b387b48a477dd58b794f61d6ac4d000298081943d6365d270da8db718851,2019-05,Lancashire Constabulary,Lancashire Constabulary,-2.198715,53.841277,On or near Malvern Road,E01025210,Pendle 010C,Burglary,Status update unavailable,
55df80fe4944300fdb3725329c339fdbb0af59e655ad09a20c947733573d754a,2019-05,Lancashire Constabulary,Lancashire Constabulary,-2.198498,53.840388,On or near Glenfield Road,E01025210,Pendle 010C,Burglary,Status update unavailable,
d6ff6b3e0a07a1a2ffda14bb5e5aa90190063ee5e0f1b3b99edef94462703c26,2019-05,Lancashire Constabulary,Lancashire Constabulary,-2.197073,53.841046,On or near Helmsdale Road,E01025210,Pendle 010C,Burglary,Status update unavailable,
f7c6cd4b9c1522ff67114d130cf3c745924571bd61c9cbeac163c51438e2f3c9,2019-05,Lancashire Constabulary,Lancashire Constabulary,-2.197073,53.841046,On or near Helmsdale Road,E01025210,Pendle 010C,Criminal damage and arson,Unable to prosecute suspect,
e9439335c29f38abb3c22c757d8243668fb9ed1c3c8939c0ace5ef9d17720f52,2019-05,Lancashire Constabulary,Lancashire Constabulary,-2.191765,53.843374,On or near Hollins Road,E01025210,Pendle 010C,Other theft,Status update unavailable,
e8ba4d51b716b12704ee0e368bfb35a9f32b16d88383275723369861590000ea,2019-05,Lancashire Constabulary,Lancashire Constabulary,-2.198592,53.844118,On or near Terry Street,E01025210,Pendle 010C,Vehicle crime,Status update unavailable,
bc9b9f05ae24c71d83d2235ec2362d0290ac47b66294618fd3f6ec84ae8edd95,2019-05,Lancashire Constabulary,Lancashire Constabulary,-2.198498,53.840388,On or near Glenfield Road,E01025210,Pendle 010C,Vehicle crime,Status update unavailable,
c640c10536caa2e72a19eaa3ce04492aa23fb2c19b8d45f46499741fbe43cc72,2019-05,Lancashire Constabulary,Lancashire Constabulary,-2.195169,53.840097,On or near Lynthorpe Road,E01025210,Pendle 010C,Vehicle crime,Status update unavailable,
a79db863b22bb060e795e6ee676e2106d47da234041ed3699b4523dde5f6aff2,2019-05,Lancashire Constabulary,Lancashire Constabulary,-2.193628,53.845474,On or near Bott House Lane,E01025210,Pendle 010C,Vehicle crime,Status update unavailable,
9f545e2c4f4e394757ac6aee16c628eec308cc2ad960da4200d8b62a4efbb473,2019-05,Lancashire Constabulary,Lancashire Constabulary,-2.196749,53.839977,On or near Brentwood Road,E01025210,Pendle 010C,Other crime,Status update unavailable,
,2019-05,Lancashire Constabulary,Lancashire Constabulary,-2.201434,53.834622,On or near Manor Street,E01025217,Pendle 010D,Anti-social behaviour,,
,2019-05,Lancashire Constabulary,Lancashire Constabulary,-2.204535,53.834895,On or near Bracewell Street,E01025217,Pendle 010D,Anti-social behaviour,,
,2019-05,Lancashire Constabulary,Lancashire Constabulary,-2.202974,53.835752,On or near Ormerod Street,E01025217,Pendle 010D,Anti-social behaviour,,
,2019-05,Lancashire Constabulary,Lancashire Constabulary,-2.204389,53.836091,On or near Fir Street,E01025217,Pendle 010D,Anti-social behaviour,,
,2019-05,Lancashire Constabulary,Lancashire Constabulary,-2.201434,53.834622,On or near Manor Street,E01025217,Pendle 010D,Anti-social behaviour,,
,2019-05,Lancashire Constabulary,Lancashire Constabulary,-2.203534,53.835301,On or near Athol Street,E01025217,Pendle 010D,Anti-social behaviour,,
a788b117fbcebcc46fecfd490c989542054eaf17e495ee2d73f5432ba613a9da,2019-05,Lancashire Constabulary,Lancashire Constabulary,-2.200367,53.837095,On or near Williams Place,E01025217,Pendle 010D,Burglary,Status update unavailable,
798d02d720374791a9cc22d4941342927174ce58ddb79aa7e0060e3a0adf798b,2019-05,Lancashire Constabulary,Lancashire Constabulary,-2.200149,53.835873,On or near Squire Road,E01025217,Pendle 010D,Criminal damage and arson,Unable to prosecute suspect,
096c8057cf5c721af862abe80da07fad1071a2f4fc6dfd46b425147f1b6ce16a,2019-05,Lancashire Constabulary,Lancashire Constabulary,-2.204389,53.836091,On or near Fir Street,E01025217,Pendle 010D,Criminal damage and arson,Unable to prosecute suspect,
8899b724c7f751601a168257f445264cd79b391bfdb84ca758986afcef616bea,2019-05,Lancashire Constabulary,Lancashire Constabulary,-2.201434,53.834622,On or near Manor Street,E01025217,Pendle 010D,Possession of weapons,Status update unavailable,
c33c8127befe2249e211b6622a73d239f4bb3ee44716f785e74e35968730bb48,2019-05,Lancashire Constabulary,Lancashire Constabulary,-2.202974,53.835752,On or near Ormerod Street,E01025217,Pendle 010D,Public order,Status update unavailable,
cdc067e44b3f140850dbf2b0afcd54b008420cc464a5f3fe45ab0e25d07c81ca,2019-05,Lancashire Constabulary,Lancashire Constabulary,-2.204326,53.835578,On or near Larch Street,E01025217,Pendle 010D,Public order,Unable to prosecute suspect,
aa99da861f6d36ad41448a29da76f6be4452064b142926d4fcc58f326c5df506,2019-05,Lancashire Constabulary,Lancashire Constabulary,-2.200374,53.835387,On or near York Street,E01025217,Pendle 010D,Vehicle crime,Formal action is not in the public interest,
9e9d63c7ffc80cd24c498baf0cf494dc7a0e65ea484b87b8a5031a966eb64dc8,2019-05,Lancashire Constabulary,Lancashire Constabulary,-2.204232,53.835075,On or near Holly Street,E01025217,Pendle 010D,Violence and sexual offences,Unable to prosecute suspect,
e6d509dbde2b31588885116a04dbe8920d3b6f96f82e1ab974329416900662cb,2019-05,Lancashire Constabulary,Lancashire Constabulary,-2.204326,53.835578,On or near Larch Street,E01025217,Pendle 010D,Violence and sexual offences,Status update unavailable,
b4b654bcf0905196083bb37395bad7f5519dde25e2ef7baf16d96e50d99657e4,2019-05,Lancashire Constabulary,Lancashire Constabulary,-2.204326,53.835578,On or near Larch Street,E01025217,Pendle 010D,Violence and sexual offences,Status update unavailable,
168260a67fd15c7a6eaa7765f815dd75c27435f3f39a3a334c16aa42ce3b1f6a,2019-05,Lancashire Constabulary,Lancashire Constabulary,-2.204389,53.836091,On or near Fir Street,E01025217,Pendle 010D,Violence and sexual offences,Status update unavailable,
9e0f4864f695e3a0082a10bdcc738e6a0dfa8b1731ac602840d6005f86b4997a,2019-05,Lancashire Constabulary,Lancashire Constabulary,-2.204389,53.836091,On or near Fir Street,E01025217,Pendle 010D,Violence and sexual offences,Status update unavailable,
,2019-05,Lancashire Constabulary,Lancashire Constabulary,-2.208645,53.836326,On or near Netherfield Road,E01025218,Pendle 010E,Anti-social behaviour,,
,2019-05,Lancashire Constabulary,Lancashire Constabulary,-2.204588,53.836459,On or near Roberts Street,E01025218,Pendle 010E,Anti-social behaviour,,
,2019-05,Lancashire Constabulary,Lancashire Constabulary,-2.208645,53.836326,On or near Netherfield Road,E01025218,Pendle 010E,Anti-social behaviour,,
,2019-05,Lancashire Constabulary,Lancashire Constabulary,-2.208645,53.836326,On or near Netherfield Road,E01025218,Pendle 010E,Anti-social behaviour,,
,2019-05,Lancashire Constabulary,Lancashire Constabulary,-2.208645,53.836326,On or near Netherfield Road,E01025218,Pendle 010E,Anti-social behaviour,,
,2019-05,Lancashire Constabulary,Lancashire Constabulary,-2.208645,53.836326,On or near Netherfield Road,E01025218,Pendle 010E,Anti-social behaviour,,
,2019-05,Lancashire Constabulary,Lancashire Constabulary,-2.207352,53.836131,On or near Bracewell Close,E01025218,Pendle 010E,Anti-social behaviour,,
966af121c94fb15b1e2f2e796bb01c171176a0b89d40cf9bdc8dae7d36003b5a,2019-05,Lancashire Constabulary,Lancashire Constabulary,-2.208270,53.837288,On or near Newfield Drive,E01025218,Pendle 010E,Burglary,Status update unavailable,
1d27b0448b7e83cb186ec5904826e664faff112d0ebb762ff6b494d5ffb65c7c,2019-05,Lancashire Constabulary,Lancashire Constabulary,-2.207352,53.836131,On or near Bracewell Close,E01025218,Pendle 010E,Criminal damage and arson,Status update unavailable,
aa746e0a4fa1b00d980bc5efd8fbafa50ab1c6e0c60b52ae8f5521992c056a3b,2019-05,Lancashire Constabulary,Lancashire Constabulary,-2.207352,53.836131,On or near Bracewell Close,E01025218,Pendle 010E,Other theft,Status update unavailable,
b15c8caa58ab9bf2839d34c50b396f8c292421c2979f4e1357daff97071d80ef,2019-05,Lancashire Constabulary,Lancashire Constabulary,-2.208645,53.836326,On or near Netherfield Road,E01025218,Pendle 010E,Other theft,Status update unavailable,
8c79f0e6664ab3a7d35275ca022b2b8b2d28961dcb062442ba0d40fa69fb840b,2019-05,Lancashire Constabulary,Lancashire Constabulary,-2.208645,53.836326,On or near Netherfield Road,E01025218,Pendle 010E,Public order,Status update unavailable,
cef59130c18ba631ba6bfdf62c3809b912324250910eb14671132af4958310e1,2019-05,Lancashire Constabulary,Lancashire Constabulary,-2.208645,53.836326,On or near Netherfield Road,E01025218,Pendle 010E,Robbery,Status update unavailable,
bb63e111f981b0843fc37237846f43e3a11c3af6347900e3223b3ba9b2cca011,2019-05,Lancashire Constabulary,Lancashire Constabulary,-2.208645,53.836326,On or near Netherfield Road,E01025218,Pendle 010E,Shoplifting,Awaiting court outcome,
bc18c4b694d737c89bc5be11e5f4e1933c45f12167897efb6301929d8945035d,2019-05,Lancashire Constabulary,Lancashire Constabulary,-2.207352,53.836131,On or near Bracewell Close,E01025218,Pendle 010E,Violence and sexual offences,Unable to prosecute suspect,
de7537c8a43ae5f2eaccd478277ce8a5344ea000dbf9d645a772b13a3217abec,2019-05,Lancashire Constabulary,Lancashire Constabulary,-2.207352,53.836131,On or near Bracewell Close,E01025218,Pendle 010E,Violence and sexual offences,Status update unavailable,
4d50ae5a2c59f179ee6472901e88eecf1d3bb77b99ddd6d0d79b622048c4a09d,2019-05,Lancashire Constabulary,Lancashire Constabulary,-2.208645,53.836326,On or near Netherfield Road,E01025218,Pendle 010E,Violence and sexual offences,Status update unavailable,
114ebe53c74967b4718dc8ad4e8689049f0558e17137ef0609f4fccf8d37822c,2019-05,Lancashire Constabulary,Lancashire Constabulary,-2.203042,53.833963,On or near Southfield Square,E01025218,Pendle 010E,Violence and sexual offences,Unable to prosecute suspect,
,2019-05,Lancashire Constabulary,Lancashire Constabulary,-2.201057,53.838433,On or near Tavistock Street,E01025219,Pendle 010F,Anti-social behaviour,,
,2019-05,Lancashire Constabulary,Lancashire Constabulary,-2.204822,53.837609,On or near Smith Street,E01025219,Pendle 010F,Anti-social behaviour,,
,2019-05,Lancashire Constabulary,Lancashire Constabulary,-2.202760,53.838664,On or near Earl Street,E01025219,Pendle 010F,Anti-social behaviour,,
,2019-05,Lancashire Constabulary,Lancashire Constabulary,-2.204289,53.837367,On or near Pine Street,E01025219,Pendle 010F,Anti-social behaviour,,
,2019-05,Lancashire Constabulary,Lancashire Constabulary,-2.202760,53.838664,On or near Earl Street,E01025219,Pendle 010F,Anti-social behaviour,,
,2019-05,Lancashire Constabulary,Lancashire Constabulary,-2.204289,53.837367,On or near Pine Street,E01025219,Pendle 010F,Anti-social behaviour,,
,2019-05,Lancashire Constabulary,Lancashire Constabulary,-2.206174,53.837490,On or near Wren Street,E01025219,Pendle 010F,Anti-social behaviour,,
,2019-05,Lancashire Constabulary,Lancashire Constabulary,-2.202634,53.837720,On or near Woodlands Road,E01025219,Pendle 010F,Anti-social behaviour,,
,2019-05,Lancashire Constabulary,Lancashire Constabulary,-2.205208,53.838858,On or near Lonsdale Street,E01025219,Pendle 010F,Anti-social behaviour,,
,2019-05,Lancashire Constabulary,Lancashire Constabulary,-2.206174,53.837490,On or near Wren Street,E01025219,Pendle 010F,Anti-social behaviour,,
,2019-05,Lancashire Constabulary,Lancashire Constabulary,-2.204289,53.837367,On or near Pine Street,E01025219,Pendle 010F,Anti-social behaviour,,
,2019-05,Lancashire Constabulary,Lancashire Constabulary,-2.205208,53.838858,On or near Lonsdale Street,E01025219,Pendle 010F,Anti-social behaviour,,
,2019-05,Lancashire Constabulary,Lancashire Constabulary,-2.202441,53.838629,On or near Rhoda Street,E01025219,Pendle 010F,Anti-social behaviour,,
,2019-05,Lancashire Constabulary,Lancashire Constabulary,-2.202634,53.837720,On or near Woodlands Road,E01025219,Pendle 010F,Anti-social behaviour,,
,2019-05,Lancashire Constabulary,Lancashire Constabulary,-2.205208,53.838858,On or near Lonsdale Street,E01025219,Pendle 010F,Anti-social behaviour,,
534d35849e97cb0fefcd3713eecbba8634de0be7f8b55736ba37c6448ff56a73,2019-05,Lancashire Constabulary,Lancashire Constabulary,-2.204289,53.837367,On or near Pine Street,E01025219,Pendle 010F,Criminal damage and arson,Awaiting court outcome,
ef00c42f6c43c43c7cfa7c26e4cab2a63d13b9eef6446b95d1067131f0a70977,2019-05,Lancashire Constabulary,Lancashire Constabulary,-2.203125,53.838690,On or near Belgrave Street,E01025219,Pendle 010F,Criminal damage and arson,Status update unavailable,
2f696500ed02c51d6aa8382070a3096c5d6a19ec4c35ee0f47f44c7375bcccc5,2019-05,Lancashire Constabulary,Lancashire Constabulary,-2.202760,53.838664,On or near Earl Street,E01025219,Pendle 010F,Criminal damage and arson,Status update unavailable,
f1bddbccc74fdf2c1638d490943293c02494cc312381ec51b72a9bc21e296b1c,2019-05,Lancashire Constabulary,Lancashire Constabulary,-2.202634,53.837720,On or near Woodlands Road,E01025219,Pendle 010F,Other theft,Status update unavailable,
0d8007f7e8356f00f77362e36cd171a5da5407244ebc4e24f6e28328fd53fcb7,2019-05,Lancashire Constabulary,Lancashire Constabulary,-2.202634,53.837720,On or near Woodlands Road,E01025219,Pendle 010F,Other theft,Unable to prosecute suspect,
8e542f68d549a7233b19d920be80f4ea3a31ecde721f6dd803c51726201f8807,2019-05,Lancashire Constabulary,Lancashire Constabulary,-2.202441,53.838629,On or near Rhoda Street,E01025219,Pendle 010F,Other theft,Status update unavailable,
66021244cff4879b106223e60bc259a4133ce2abb944a08ab7431767e1d1edc3,2019-05,Lancashire Constabulary,Lancashire Constabulary,-2.202634,53.837720,On or near Woodlands Road,E01025219,Pendle 010F,Other theft,Status update unavailable,
bd5187c4e6e151612b8d06d1674decd8f6efb820741408792ca5726c513661ea,2019-05,Lancashire Constabulary,Lancashire Constabulary,-2.204289,53.837367,On or near Pine Street,E01025219,Pendle 010F,Other theft,Status update unavailable,
9097b7819e9dc6786956759f961c8f326aabe55e55aaa8bc5681787909565cb4,2019-05,Lancashire Constabulary,Lancashire Constabulary,-2.202441,53.838629,On or near Rhoda Street,E01025219,Pendle 010F,Possession of weapons,Awaiting court outcome,
ecbdb909d8badbb952e7020d5042be5afc14326b06d2cf1ab079d6caeba449ec,2019-05,Lancashire Constabulary,Lancashire Constabulary,-2.201057,53.838433,On or near Tavistock Street,E01025219,Pendle 010F,Public order,Unable to prosecute suspect,
77f6dc6cc31b8bf53d0d2ec55e56d00964d59f321eaa9a3f9ecf96f63122ca35,2019-05,Lancashire Constabulary,Lancashire Constabulary,-2.202634,53.837720,On or near Woodlands Road,E01025219,Pendle 010F,Public order,Unable to prosecute suspect,
892626ac1b57976a59b81dae6af54663f825d32546922c8381c11d2a2bc42c5f,2019-05,Lancashire Constabulary,Lancashire Constabulary,-2.204289,53.837367,On or near Pine Street,E01025219,Pendle 010F,Public order,Status update unavailable,
14380b5191c9cd5efdf3f6b58eacd42a33880c84872035d4ec32812a88481aa7,2019-05,Lancashire Constabulary,Lancashire Constabulary,-2.200492,53.837787,On or near Hendon Road,E01025219,Pendle 010F,Public order,Status update unavailable,
25d70fae85ac3895cc26e87fc21410c9cd0138ae52b84ea7022f49f92036cd94,2019-05,Lancashire Constabulary,Lancashire Constabulary,-2.202634,53.837720,On or near Woodlands Road,E01025219,Pendle 010F,Public order,Status update unavailable,
bff775beba966e2307f1a170110949d882d8c2fa1de7fe0659b66e04615e5b78,2019-05,Lancashire Constabulary,Lancashire Constabulary,-2.205208,53.838858,On or near Lonsdale Street,E01025219,Pendle 010F,Vehicle crime,Status update unavailable,
64e53a35eef247ca6ac64a6f66ca91a3a8e140bdf4bac8f6002d8af2e892ca5b,2019-05,Lancashire Constabulary,Lancashire Constabulary,-2.204289,53.837367,On or near Pine Street,E01025219,Pendle 010F,Violence and sexual offences,Awaiting court outcome,
04b407983be6fa9498f7c8fa730855449e3aee66f3327cc5404144d841322449,2019-05,Lancashire Constabulary,Lancashire Constabulary,-2.202634,53.837720,On or near Woodlands Road,E01025219,Pendle 010F,Violence and sexual offences,Further investigation is not in the public interest,
33480fece7b7df7e935cbefd393230908aa1157465227110440ca68f27d1259a,2019-05,Lancashire Constabulary,Lancashire Constabulary,-2.205208,53.838858,On or near Lonsdale Street,E01025219,Pendle 010F,Violence and sexual offences,Status update unavailable,
3c71c05ebaef3fa1b2e8e47b8272acfef962022d014e4720b98561c592a368cb,2019-05,Lancashire Constabulary,Lancashire Constabulary,-2.205208,53.838858,On or near Lonsdale Street,E01025219,Pendle 010F,Violence and sexual offences,Status update unavailable,
68adcf4827c277daf8393418329137d0ffe7c4a216cca3aba30ab5956c8f3183,2019-05,Lancashire Constabulary,Lancashire Constabulary,-2.202634,53.837720,On or near Woodlands Road,E01025219,Pendle 010F,Violence and sexual offences,Status update unavailable,
cc6a8b7e8805572be7983e82d938d43c0d509e6c1139aea2f817c1f5b0c41d64,2019-05,Lancashire Constabulary,Lancashire Constabulary,-2.202634,53.837720,On or near Woodlands Road,E01025219,Pendle 010F,Violence and sexual offences,Unable to prosecute suspect,
c1664a8cb5df4920442854efadce25a96438486dcac2b34b782ed23647fcbcf4,2019-05,Lancashire Constabulary,Lancashire Constabulary,-2.201057,53.838433,On or near Tavistock Street,E01025219,Pendle 010F,Violence and sexual offences,Status update unavailable,
4e5a30e483b3b920427fa635eb8789141bf58811eb8bd2d39045440fd63ecc4f,2019-05,Lancashire Constabulary,Lancashire Constabulary,-2.202634,53.837720,On or near Woodlands Road,E01025219,Pendle 010F,Violence and sexual offences,Awaiting court outcome,
0bf14d3e0e436dc872ed2bee37061a5e01ab1eb5479a8e8ad9aea772f9125508,2019-05,Lancashire Constabulary,Lancashire Constabulary,-2.204289,53.837367,On or near Pine Street,E01025219,Pendle 010F,Other crime,Status update unavailable,
,2019-05,Lancashire Constabulary,Lancashire Constabulary,-2.215032,53.831264,On or near Beaufort Street,E01025224,Pendle 011A,Anti-social behaviour,,
,2019-05,Lancashire Constabulary,Lancashire Constabulary,-2.214169,53.831984,On or near Percy Street,E01025224,Pendle 011A,Anti-social behaviour,,
,2019-05,Lancashire Constabulary,Lancashire Constabulary,-2.211738,53.832024,On or near Vernon Street,E01025224,Pendle 011A,Anti-social behaviour,,
,2019-05,Lancashire Constabulary,Lancashire Constabulary,-2.212841,53.830710,On or near Meredith Street,E01025224,Pendle 011A,Anti-social behaviour,,
,2019-05,Lancashire Constabulary,Lancashire Constabulary,-2.215032,53.831264,On or near Beaufort Street,E01025224,Pendle 011A,Anti-social behaviour,,
,2019-05,Lancashire Constabulary,Lancashire Constabulary,-2.216253,53.832475,On or near Ripon Street,E01025224,Pendle 011A,Anti-social behaviour,,
,2019-05,Lancashire Constabulary,Lancashire Constabulary,-2.212841,53.830710,On or near Meredith Street,E01025224,Pendle 011A,Anti-social behaviour,,
,2019-05,Lancashire Constabulary,Lancashire Constabulary,-2.213717,53.835571,On or near Police Station,E01025224,Pendle 011A,Anti-social behaviour,,
,2019-05,Lancashire Constabulary,Lancashire Constabulary,-2.214169,53.831984,On or near Percy Street,E01025224,Pendle 011A,Anti-social behaviour,,
,2019-05,Lancashire Constabulary,Lancashire Constabulary,-2.213131,53.833936,On or near Lloyd Close,E01025224,Pendle 011A,Anti-social behaviour,,
,2019-05,Lancashire Constabulary,Lancashire Constabulary,-2.214451,53.833673,On or near Carradice Close,E01025224,Pendle 011A,Anti-social behaviour,,
,2019-05,Lancashire Constabulary,Lancashire Constabulary,-2.214827,53.832891,On or near Princess Street,E01025224,Pendle 011A,Anti-social behaviour,,
,2019-05,Lancashire Constabulary,Lancashire Constabulary,-2.214716,53.834922,On or near Parking Area,E01025224,Pendle 011A,Anti-social behaviour,,
,2019-05,Lancashire Constabulary,Lancashire Constabulary,-2.212817,53.832013,On or near Thomas Street,E01025224,Pendle 011A,Anti-social behaviour,,
,2019-05,Lancashire Constabulary,Lancashire Constabulary,-2.214827,53.832891,On or near Princess Street,E01025224,Pendle 011A,Anti-social behaviour,,
352a77ee2f510f079c47a4bd9f6705c5ef9bbeddabc2e15c8e526b8c3f428d31,2019-05,Lancashire Constabulary,Lancashire Constabulary,-2.214451,53.833673,On or near Carradice Close,E01025224,Pendle 011A,Bicycle theft,Status update unavailable,
52843f41e0c9575a3e1b9ccb4e3f1e2eca6f4f0f84b874e97a4087a28cf8f5d3,2019-05,Lancashire Constabulary,Lancashire Constabulary,-2.214451,53.833673,On or near Carradice Close,E01025224,Pendle 011A,Bicycle theft,Status update unavailable,
ee70807e35e50a48d6dd1ec896948ff870e6f33bc4f7e1b4f4994ad3e5f63191,2019-05,Lancashire Constabulary,Lancashire Constabulary,-2.213389,53.830988,On or near Leamington Street,E01025224,Pendle 011A,Burglary,Status update unavailable,
088276da74b8b9cb60852ae9b439160e8950de2055196c31cc65a5d6fbcc98d4,2019-05,Lancashire Constabulary,Lancashire Constabulary,-2.214169,53.831984,On or near Percy Street,E01025224,Pendle 011A,Criminal damage and arson,Status update unavailable,
13cc9db770528eeecb45906d7363b0a473a698b89212498a44c22ac31e596a61,2019-05,Lancashire Constabulary,Lancashire Constabulary,-2.212212,53.832437,On or near Hartley Street,E01025224,Pendle 011A,Criminal damage and arson,Status update unavailable,
30e49e163fc7af043aedcce54b2765752dc76963a2942f8d072c792d8c023ead,2019-05,Lancashire Constabulary,Lancashire Constabulary,-2.214169,53.831984,On or near Percy Street,E01025224,Pendle 011A,Criminal damage and arson,Status update unavailable,
94ada748ff56bfffdc0ccdb4ff77d7e7839abfbf6345c77db0e7e20354b46981,2019-05,Lancashire Constabulary,Lancashire Constabulary,-2.214716,53.834922,On or near Parking Area,E01025224,Pendle 011A,Criminal damage and arson,Status update unavailable,
2de471c4990056cd02805c0635ec0aab6cd12a4a0eafd524d2eb57ca1631b6a6,2019-05,Lancashire Constabulary,Lancashire Constabulary,-2.214716,53.834922,On or near Parking Area,E01025224,Pendle 011A,Criminal damage and arson,Status update unavailable,
8c9008bedc0b1f496e921ca033e6e46f46230ea53aee422f59ee71809aaee377,2019-05,Lancashire Constabulary,Lancashire Constabulary,-2.213975,53.832703,On or near Wilkinson Street,E01025224,Pendle 011A,Other theft,Unable to prosecute suspect,
c4668da7f8ef5e5a1b371a653caf8b674f28c9a170c0dc793411e5893410be33,2019-05,Lancashire Constabulary,Lancashire Constabulary,-2.212532,53.832742,On or near Leonard Street,E01025224,Pendle 011A,Other theft,Status update unavailable,
47410922a0a1914de7b8919a5495989c3967843996b9e807383fde926f2287e0,2019-05,Lancashire Constabulary,Lancashire Constabulary,-2.213717,53.835571,On or near Police Station,E01025224,Pendle 011A,Other theft,Status update unavailable,
03106a48b3af2865bb1b0e7b82c1bd20d3470e82cf55e6c3b09d03969f869667,2019-05,Lancashire Constabulary,Lancashire Constabulary,-2.216644,53.831530,On or near Camden Street,E01025224,Pendle 011A,Other theft,Status update unavailable,
6d7610138803be4df8f5c795acce039f1fae21f93b702b740152b206f8d2463b,2019-05,Lancashire Constabulary,Lancashire Constabulary,-2.215372,53.832377,On or near Bradshaw Street,E01025224,Pendle 011A,Possession of weapons,Status update unavailable,
acdb7057f9b9d6c9750b98c395473128a69742da7182ec449e0b5669f643b220,2019-05,Lancashire Constabulary,Lancashire Constabulary,-2.212212,53.832437,On or near Hartley Street,E01025224,Pendle 011A,Public order,Awaiting court outcome,
a096ff02c6cd150c1208a2c4acb6885be60fed3988e55d719a3a7844f864d764,2019-05,Lancashire Constabulary,Lancashire Constabulary,-2.213664,53.831140,On or near Warwick Street,E01025224,Pendle 011A,Public order,Unable to prosecute suspect,
1182ede3bf32fc2f9abe8b88171d1f3c51ed78ca0abe41f05901c598005e5fc2,2019-05,Lancashire Constabulary,Lancashire Constabulary,-2.212212,53.832437,On or near Hartley Street,E01025224,Pendle 011A,Public order,Status update unavailable,
b11e96282206b0c6c367d1c4fca9b5f758d72f361a3548a82e7cc45688c8945c,2019-05,Lancashire Constabulary,Lancashire Constabulary,-2.212532,53.832742,On or near Leonard Street,E01025224,Pendle 011A,Robbery,Unable to prosecute suspect,
0b34dcfbb09a3a8f7088f76624a835e0887eb6a959121c5fce0b085b07b0c56b,2019-05,Lancashire Constabulary,Lancashire Constabulary,-2.217071,53.834747,On or near Rigby Street,E01025224,Pendle 011A,Shoplifting,Awaiting court outcome,
0c8c14d8422b0fe529d41677b2ee1bac1f5e2844e5b3b7db7f72b6e949891240,2019-05,Lancashire Constabulary,Lancashire Constabulary,-2.213131,53.833936,On or near Lloyd Close,E01025224,Pendle 011A,Shoplifting,Status update unavailable,
a5809289d5072da5aa39cf7b3d66ea93f3ade61f8f7ccf48734def7191315da5,2019-05,Lancashire Constabulary,Lancashire Constabulary,-2.216664,53.835539,On or near Stanley Street,E01025224,Pendle 011A,Vehicle crime,Status update unavailable,
73e809c5f07f6bbe34b76631331a3621a4e051c57185ea0be236efa2066baa4b,2019-05,Lancashire Constabulary,Lancashire Constabulary,-2.214716,53.834922,On or near Parking Area,E01025224,Pendle 011A,Vehicle crime,Status update unavailable,
72b7fb524bc14938630d057aa8aa323ab01a5441c7e91bc3948872385eff43ba,2019-05,Lancashire Constabulary,Lancashire Constabulary,-2.216253,53.832475,On or near Ripon Street,E01025224,Pendle 011A,Vehicle crime,Status update unavailable,
d37ca4ff244fce6149ebdef945c3a7bbd12142554c9fbc6a607ef84bcf2c3862,2019-05,Lancashire Constabulary,Lancashire Constabulary,-2.214921,53.833466,On or near Duerden Street,E01025224,Pendle 011A,Violence and sexual offences,Unable to prosecute suspect,
afe64dd339cb9084de5d99d4c8224f9a655f076033e32d2823a8dc90be0ef534,2019-05,Lancashire Constabulary,Lancashire Constabulary,-2.213717,53.835571,On or near Police Station,E01025224,Pendle 011A,Violence and sexual offences,Status update unavailable,
192a9aa604e6ace8b2aeae81938f920b66a79428dabf56ac0abfcc06ac3ae1f8,2019-05,Lancashire Constabulary,Lancashire Constabulary,-2.216644,53.831530,On or near Camden Street,E01025224,Pendle 011A,Violence and sexual offences,Unable to prosecute suspect,
02c4ea2abfb5467d9c690982c4a438bd79674e788b3150b450ba189579223ad3,2019-05,Lancashire Constabulary,Lancashire Constabulary,-2.211327,53.831693,On or near Carleton Street,E01025224,Pendle 011A,Violence and sexual offences,Unable to prosecute suspect,
96304ad1156bd0b4d6416780c014b3a5b33b06c490bc40affee578fe570ceda7,2019-05,Lancashire Constabulary,Lancashire Constabulary,-2.214921,53.833466,On or near Duerden Street,E01025224,Pendle 011A,Violence and sexual offences,Unable to prosecute suspect,
464dec39cde4985080bd2b34ee9dcbfd1bbfa8b02750c6075f6e37f7b30e6169,2019-05,Lancashire Constabulary,Lancashire Constabulary,-2.213717,53.835571,On or near Police Station,E01025224,Pendle 011A,Violence and sexual offences,Unable to prosecute suspect,
0e63bf13df60e8e593bfa8527e1f1c9b6018c0a7423716205640903803e43f9a,2019-05,Lancashire Constabulary,Lancashire Constabulary,-2.218985,53.834798,On or near Manchester Road,E01025224,Pendle 011A,Violence and sexual offences,Unable to prosecute suspect,
fec26a46a9693491746242ccd9e966a151e780b550097b8c9a9c8d8f8e4477e6,2019-05,Lancashire Constabulary,Lancashire Constabulary,-2.211327,53.831693,On or near Carleton Street,E01025224,Pendle 011A,Violence and sexual offences,Action to be taken by another organisation,
1e3c31901e586a4547ef7f3cf076a7836026b6365d95c1d8b49d2ecb70093616,2019-05,Lancashire Constabulary,Lancashire Constabulary,-2.216630,53.834766,On or near Parking Area,E01025224,Pendle 011A,Violence and sexual offences,Status update unavailable,
c5c78fa00bd44b79aa269ac07271bcec1d9e4684deb2cb49e6e4c48dd541a99c,2019-05,Lancashire Constabulary,Lancashire Constabulary,-2.214451,53.833673,On or near Carradice Close,E01025224,Pendle 011A,Other crime,Status update unavailable,
,2019-05,Lancashire Constabulary,Lancashire Constabulary,-2.216443,53.831018,On or near Pont Street,E01025225,Pendle 011B,Anti-social behaviour,,
,2019-05,Lancashire Constabulary,Lancashire Constabulary,-2.216538,53.828672,On or near Church Way,E01025225,Pendle 011B,Anti-social behaviour,,
e4a4f31dd85d32791e3f0b052ad896d248abe3c92dec11aacee22b174709647f,2019-05,Lancashire Constabulary,Lancashire Constabulary,-2.217275,53.830253,On or near Hibson Road,E01025225,Pendle 011B,Burglary,Status update unavailable,
a323ca652550854bf8fddc01f925b08e4b54e9c4573de54e10a4f506935e2298,2019-05,Lancashire Constabulary,Lancashire Constabulary,-2.219325,53.830042,On or near The Ridgeway,E01025225,Pendle 011B,Criminal damage and arson,Status update unavailable,
dc1869f12e31392f50e7a223878c1c8e615bad0cfe2f9a6bbd54a7c4e0cebca2,2019-05,Lancashire Constabulary,Lancashire Constabulary,-2.217822,53.833110,On or near High Street,E01025225,Pendle 011B,Other theft,Status update unavailable,
f4532d2e01601f50b6df6fc4f7725421bb62cc4c1e904839652632033636d052,2019-05,Lancashire Constabulary,Lancashire Constabulary,-2.217275,53.830253,On or near Hibson Road,E01025225,Pendle 011B,Vehicle crime,Unable to prosecute suspect,
231c18ea58152d25ef382477ac823f5a7b80cf83610b6627d728851e206f113a,2019-05,Lancashire Constabulary,Lancashire Constabulary,-2.222712,53.829847,On or near Dunderdale Avenue,E01025225,Pendle 011B,Vehicle crime,Status update unavailable,
3e13f2844b01c6ccae6c4814ecf7d9b31ff79d699aacac87a091620a09a8277c,2019-05,Lancashire Constabulary,Lancashire Constabulary,-2.220545,53.830957,On or near Queensgate,E01025225,Pendle 011B,Violence and sexual offences,Further investigation is not in the public interest,
b35fb08a3e6c80ce82febfdbcdb14fb3a04d5aa6d94a5b9e8f71324a3260f146,2019-05,Lancashire Constabulary,Lancashire Constabulary,-2.222712,53.829847,On or near Dunderdale Avenue,E01025225,Pendle 011B,Violence and sexual offences,Status update unavailable,
,2019-05,Lancashire Constabulary,Lancashire Constabulary,-2.218550,53.835733,On or near Mosley Street,E01025229,Pendle 011C,Anti-social behaviour,,
,2019-05,Lancashire Constabulary,Lancashire Constabulary,-2.218550,53.835733,On or near Mosley Street,E01025229,Pendle 011C,Anti-social behaviour,,
980744cf47d21cd7dbbdcfbb7a09b3de312ffc0aaa2678ca331c9990db2bad55,2019-05,Lancashire Constabulary,Lancashire Constabulary,-2.232355,53.831752,On or near Churchill Way,E01025229,Pendle 011C,Burglary,Status update unavailable,
1e662e60af1a939a9c8e9037757cf36255888566f624536b8d3c7e0e110bda4c,2019-05,Lancashire Constabulary,Lancashire Constabulary,-2.226432,53.835026,On or near Pedestrian Subway,E01025229,Pendle 011C,Burglary,Status update unavailable,
e9313aa24fbcbd5de63c439082d7f8d93b2036075d78e44626aa3e24c73dc95a,2019-05,Lancashire Constabulary,Lancashire Constabulary,-2.223341,53.833783,On or near Lime Street,E01025229,Pendle 011C,Criminal damage and arson,Status update unavailable,
41873765d08c215d2422ea297afe8c91544b0583d1982078a0bd8093a895a94e,2019-05,Lancashire Constabulary,Lancashire Constabulary,-2.222041,53.837947,On or near Howard Street,E01025229,Pendle 011C,Other theft,Status update unavailable,
06b660292b2c449c97824ff3cdac1a8a45e01b2c5bdfde008b4665ff8eb0a544,2019-05,Lancashire Constabulary,Lancashire Constabulary,-2.222041,53.837947,On or near Howard Street,E01025229,Pendle 011C,Other theft,Status update unavailable,
042c07c93237da660b5b14b8e1410b9a591eb0d68651977594459545980f2a4d,2019-05,Lancashire Constabulary,Lancashire Constabulary,-2.220784,53.833051,On or near Petrol Station,E01025229,Pendle 011C,Other theft,Status update unavailable,
c412bf82b79c8f6af208a926a7d7cf5626b6bc63e20a3271f722c109b8bd8007,2019-05,Lancashire Constabulary,Lancashire Constabulary,-2.226442,53.831198,On or near Kensington Street,E01025229,Pendle 011C,Other theft,Status update unavailable,
587af67d8a0337129bce3b94555084f04acd6c262bac994ffae6d7c52fcbe17f,2019-05,Lancashire Constabulary,Lancashire Constabulary,-2.221410,53.833526,On or near Bond Street,E01025229,Pendle 011C,Public order,Status update unavailable,
687802e6f17ff2a6a1572953d6fd66703788b333d8dd78ac70ba54ab33876ed4,2019-05,Lancashire Constabulary,Lancashire Constabulary,-2.221410,53.833526,On or near Bond Street,E01025229,Pendle 011C,Public order,Unable to prosecute suspect,
1c61b1332892790ae85a1a3b3aaee78ab58a2b628a12ca6e93bc4fc950a14ebf,2019-05,Lancashire Constabulary,Lancashire Constabulary,-2.220784,53.833051,On or near Petrol Station,E01025229,Pendle 011C,Shoplifting,Local resolution,
bba9b0357fba4c2b9d5c66b5f07a392954c7568c3d17cddf07fda8eb23f9fc49,2019-05,Lancashire Constabulary,Lancashire Constabulary,-2.228776,53.835714,On or near Sun Street,E01025229,Pendle 011C,Vehicle crime,Status update unavailable,
7b54797f5f7f4b274241ee01c0121c036c239e0700017d8cdf89e402b53dec89,2019-05,Lancashire Constabulary,Lancashire Constabulary,-2.222346,53.832392,On or near Manchester Road,E01025229,Pendle 011C,Vehicle crime,Status update unavailable,
a676b83e80639f902aa15cdace91489c495b66d7170054d860a7a878c68dbbde,2019-05,Lancashire Constabulary,Lancashire Constabulary,-2.223341,53.833783,On or near Lime Street,E01025229,Pendle 011C,Violence and sexual offences,Awaiting court outcome,
1e61bc928b596ee2f9254e7512e94d8b59010215e27da23d83adcc015f694a51,2019-05,Lancashire Constabulary,Lancashire Constabulary,-2.220784,53.833051,On or near Petrol Station,E01025229,Pendle 011C,Violence and sexual offences,Status update unavailable,
d482ad01cf25d452776b53fe7d37efa72e47caf1ad62bf837460a38e6c076cd4,2019-05,Lancashire Constabulary,Lancashire Constabulary,-2.218550,53.835733,On or near Mosley Street,E01025229,Pendle 011C,Violence and sexual offences,Status update unavailable,
2e909f4ca1b2b3caafc387bafd8549962c7b6670c50e9b428e67ff71b41a8da9,2019-05,Lancashire Constabulary,Lancashire Constabulary,-2.221410,53.833526,On or near Bond Street,E01025229,Pendle 011C,Violence and sexual offences,Status update unavailable,
a4c0e03258e11559614d14ad4d5cf36a5e38bdf76704921b6fcbf86cfc65ceef,2019-05,Lancashire Constabulary,Lancashire Constabulary,-2.220784,53.833051,On or near Petrol Station,E01025229,Pendle 011C,Violence and sexual offences,Status update unavailable,
38ebc5eef902b46555ca17863d8407aa5b305b1677b704e0e968ba6797335129,2019-05,Lancashire Constabulary,Lancashire Constabulary,-2.226064,53.831603,On or near Burlington Street,E01025229,Pendle 011C,Violence and sexual offences,Further investigation is not in the public interest,
7677192adb855cc8676897f53c6b644c46ab9de255caf84783ddaeb9080200f8,2019-05,Lancashire Constabulary,Lancashire Constabulary,-2.221496,53.835503,On or near Maurice Street,E01025229,Pendle 011C,Violence and sexual offences,Unable to prosecute suspect,
cc1a64c74089f37637521b3f235c7de29dd96f15d1ea8c67f0ceaa7c89c78658,2019-05,Lancashire Constabulary,Lancashire Constabulary,-2.221410,53.833526,On or near Bond Street,E01025229,Pendle 011C,Violence and sexual offences,Status update unavailable,
f5e2c83dc37d3e7cc9d605927138b256b8481c5806f904773702d4318854beee,2019-05,Lancashire Constabulary,Lancashire Constabulary,-2.222346,53.832392,On or near Manchester Road,E01025229,Pendle 011C,Violence and sexual offences,Status update unavailable,
d772fe43955c1941b8f4cd51da2ca3cb849e43fab2c44474f855364581376ec8,2019-05,Lancashire Constabulary,Lancashire Constabulary,-2.220784,53.833051,On or near Petrol Station,E01025229,Pendle 011C,Violence and sexual offences,Status update unavailable,
1eb67452f67b231e8f9a7110eef954a16b5ea4a8a057985a5f6076b8e73af14d,2019-05,Lancashire Constabulary,Lancashire Constabulary,-2.226442,53.831198,On or near Kensington Street,E01025229,Pendle 011C,Violence and sexual offences,Status update unavailable,
,2019-05,Lancashire Constabulary,Lancashire Constabulary,-2.220357,53.835541,On or near Every Street,E01025230,Pendle 011D,Anti-social behaviour,,
,2019-05,Lancashire Constabulary,Lancashire Constabulary,-2.214805,53.837475,On or near Back Scotland Road,E01025230,Pendle 011D,Anti-social behaviour,,
,2019-05,Lancashire Constabulary,Lancashire Constabulary,-2.215454,53.836485,On or near Ellen Street,E01025230,Pendle 011D,Anti-social behaviour,,
,2019-05,Lancashire Constabulary,Lancashire Constabulary,-2.215454,53.836485,On or near Ellen Street,E01025230,Pendle 011D,Anti-social behaviour,,
,2019-05,Lancashire Constabulary,Lancashire Constabulary,-2.215950,53.838362,On or near New Brown Street,E01025230,Pendle 011D,Anti-social behaviour,,
,2019-05,Lancashire Constabulary,Lancashire Constabulary,-2.215454,53.836485,On or near Ellen Street,E01025230,Pendle 011D,Anti-social behaviour,,
,2019-05,Lancashire Constabulary,Lancashire Constabulary,-2.216191,53.838029,On or near Raglan Street,E01025230,Pendle 011D,Anti-social behaviour,,
,2019-05,Lancashire Constabulary,Lancashire Constabulary,-2.215884,53.837455,On or near Cross Street,E01025230,Pendle 011D,Anti-social behaviour,,
,2019-05,Lancashire Constabulary,Lancashire Constabulary,-2.215573,53.836071,On or near Parking Area,E01025230,Pendle 011D,Anti-social behaviour,,
,2019-05,Lancashire Constabulary,Lancashire Constabulary,-2.215819,53.836628,On or near Booth Street,E01025230,Pendle 011D,Anti-social behaviour,,
,2019-05,Lancashire Constabulary,Lancashire Constabulary,-2.216191,53.838029,On or near Raglan Street,E01025230,Pendle 011D,Anti-social behaviour,,
,2019-05,Lancashire Constabulary,Lancashire Constabulary,-2.216987,53.836203,On or near Parking Area,E01025230,Pendle 011D,Anti-social behaviour,,
,2019-05,Lancashire Constabulary,Lancashire Constabulary,-2.215573,53.836071,On or near Parking Area,E01025230,Pendle 011D,Anti-social behaviour,,
eddbf8c9106e56091b05749504b1ef1bfcba5e8a99efbe622fbea43616728773,2019-05,Lancashire Constabulary,Lancashire Constabulary,-2.215454,53.836485,On or near Ellen Street,E01025230,Pendle 011D,Bicycle theft,Status update unavailable,
68586dc5ae161240145aa0c707faec6ee482d1281cd22377b50df9c69f5d4d35,2019-05,Lancashire Constabulary,Lancashire Constabulary,-2.216659,53.837363,On or near Market Square,E01025230,Pendle 011D,Bicycle theft,Status update unavailable,
a4deabac6b00d2dd4f48d8623afdac287d9834183b1a614a8706a2c8aa69f958,2019-05,Lancashire Constabulary,Lancashire Constabulary,-2.214805,53.837475,On or near Back Scotland Road,E01025230,Pendle 011D,Burglary,Offender sent to prison,
51c4ded0ae834c65479287d15f4a2f1ed3ab344954473cbbe37b916839782f9d,2019-05,Lancashire Constabulary,Lancashire Constabulary,-2.215819,53.836628,On or near Booth Street,E01025230,Pendle 011D,Burglary,Status update unavailable,
418ea99ff6b9232da41769ce5a34905615e261dbe25992dfe487a63f3572ee80,2019-05,Lancashire Constabulary,Lancashire Constabulary,-2.215884,53.837455,On or near Cross Street,E01025230,Pendle 011D,Criminal damage and arson,Status update unavailable,
e84c548a4340ab6c28d4030dec26876b6c214c4c38df03bbda77f51466fa8808,2019-05,Lancashire Constabulary,Lancashire Constabulary,-2.215819,53.836628,On or near Booth Street,E01025230,Pendle 011D,Criminal damage and arson,Status update unavailable,
f60b33b253330d463752255b62d4b81ee058b5d562c8819f9d9f50b09cc2e651,2019-05,Lancashire Constabulary,Lancashire Constabulary,-2.216987,53.836203,On or near Parking Area,E01025230,Pendle 011D,Criminal damage and arson,Unable to prosecute suspect,
1c35b3d4e952531c02a3139a13db7fe63bbd8d96d9ac10ff056e50eb342b11e9,2019-05,Lancashire Constabulary,Lancashire Constabulary,-2.215884,53.837455,On or near Cross Street,E01025230,Pendle 011D,Criminal damage and arson,Offender given a caution,
9155313a7f981bcd88c273daaf212b4445452a487ad3a9469b02ed114e1b5cda,2019-05,Lancashire Constabulary,Lancashire Constabulary,-2.215454,53.836485,On or near Ellen Street,E01025230,Pendle 011D,Criminal damage and arson,Status update unavailable,
3efbe0c4e2379f6910ab4cfa56a5e169ba9c71f333f51a868eb92a19a9d4808e,2019-05,Lancashire Constabulary,Lancashire Constabulary,-2.215454,53.836485,On or near Ellen Street,E01025230,Pendle 011D,Criminal damage and arson,Status update unavailable,
c8f5cb6d16c4c28d54962d09efdecf7aa79e370b2dfabbbd8657754657f921ba,2019-05,Lancashire Constabulary,Lancashire Constabulary,-2.216191,53.838029,On or near Raglan Street,E01025230,Pendle 011D,Drugs,Awaiting court outcome,
34ba13bc0380b552ca300c03969e2ec2131d217b4aa359c1dcb5eb05fd71ce03,2019-05,Lancashire Constabulary,Lancashire Constabulary,-2.218111,53.839032,On or near Supermarket,E01025230,Pendle 011D,Other theft,Unable to prosecute suspect,
2b78705605a5d23bbbd6e9af05d19a6c77450ee0a7de50e91c303f5113dd55e5,2019-05,Lancashire Constabulary,Lancashire Constabulary,-2.215454,53.836485,On or near Ellen Street,E01025230,Pendle 011D,Other theft,Status update unavailable,
7929d580f4259c98ccc0891a95b0220cecb70a86b1d54df0768951417153ae73,2019-05,Lancashire Constabulary,Lancashire Constabulary,-2.214805,53.837475,On or near Back Scotland Road,E01025230,Pendle 011D,Other theft,Further investigation is not in the public interest,
47c38823212c110eda0f039636a7ed4dfd7d251c584083876ba2e2271e5581d7,2019-05,Lancashire Constabulary,Lancashire Constabulary,-2.215819,53.836628,On or near Booth Street,E01025230,Pendle 011D,Other theft,Awaiting court outcome,
a2ae3f695cad69b7b4ec9ba770aacc43f5505ca9c7e6b33b69d4bcb0cf537d36,2019-05,Lancashire Constabulary,Lancashire Constabulary,-2.222911,53.835707,On or near Craven Street,E01025230,Pendle 011D,Other theft,Status update unavailable,
0c64c2178e2b150287e830378f47e324603536eefdb63375250b200f6d8c8994,2019-05,Lancashire Constabulary,Lancashire Constabulary,-2.214805,53.837475,On or near Back Scotland Road,E01025230,Pendle 011D,Other theft,Status update unavailable,
b3cf6eae8d272f7b8215a4be988705b8f211d149fdd8175250309adecce92d0f,2019-05,Lancashire Constabulary,Lancashire Constabulary,-2.218111,53.839032,On or near Supermarket,E01025230,Pendle 011D,Public order,Unable to prosecute suspect,
fe3d890e64d8aa45915738daeb044a48f06bf61941bf4ce8b8f26d5968ec47f2,2019-05,Lancashire Constabulary,Lancashire Constabulary,-2.220365,53.840062,On or near Merton Street,E01025230,Pendle 011D,Public order,Unable to prosecute suspect,
7560a5ad9da53edf80749d4b00b03832874b7c76dd86cefcb194f8763f081804,2019-05,Lancashire Constabulary,Lancashire Constabulary,-2.218111,53.839032,On or near Supermarket,E01025230,Pendle 011D,Shoplifting,Status update unavailable,
553971862e2484d4e96cdcfd804ddfc3b054661e6c5a565bf038840dd2e63be7,2019-05,Lancashire Constabulary,Lancashire Constabulary,-2.215454,53.836485,On or near Ellen Street,E01025230,Pendle 011D,Shoplifting,Status update unavailable,
3d72885d0207ffd1d7848d4f33d2db50eaf41af674740752272bdef3823cfe9b,2019-05,Lancashire Constabulary,Lancashire Constabulary,-2.215454,53.836485,On or near Ellen Street,E01025230,Pendle 011D,Shoplifting,Status update unavailable,
515c3e81164b59c3a90c7c642d955c8ebce3b7c357fddbb6f50377836aee2a1c,2019-05,Lancashire Constabulary,Lancashire Constabulary,-2.218111,53.839032,On or near Supermarket,E01025230,Pendle 011D,Shoplifting,Investigation complete; no suspect identified,
ea388cd52174fab33bb0b5d0d4c5c9cf2a28dd749e499211ef38faccee040fda,2019-05,Lancashire Constabulary,Lancashire Constabulary,-2.215454,53.836485,On or near Ellen Street,E01025230,Pendle 011D,Shoplifting,Status update unavailable,
63d413d90c9773ddadf6ead58a5541ede0d6372e979c4120c046b4d8bba43075,2019-05,Lancashire Constabulary,Lancashire Constabulary,-2.214805,53.837475,On or near Back Scotland Road,E01025230,Pendle 011D,Shoplifting,Status update unavailable,
c3daef2d8c05351ff58232cac6100c8cb479667ebac0215ea927212ce9bde0ef,2019-05,Lancashire Constabulary,Lancashire Constabulary,-2.218111,53.839032,On or near Supermarket,E01025230,Pendle 011D,Vehicle crime,Status update unavailable,
c46f575f0ef3315a89eecdef77d0459896a86ef57b4cab28e0d434ae539ff695,2019-05,Lancashire Constabulary,Lancashire Constabulary,-2.216659,53.837363,On or near Market Square,E01025230,Pendle 011D,Vehicle crime,Status update unavailable,
27b4274e1a174865ec22c4c2c5dbd26c4ebc147cfaa5c4b1d3292a8af1e9c4b2,2019-05,Lancashire Constabulary,Lancashire Constabulary,-2.215735,53.838093,On or near Parking Area,E01025230,Pendle 011D,Vehicle crime,Status update unavailable,
f0a38214aa9bc59ed2ae37a3505142dbe2785a72ddff5d38a544c548522f1b12,2019-05,Lancashire Constabulary,Lancashire Constabulary,-2.215884,53.837455,On or near Cross Street,E01025230,Pendle 011D,Violence and sexual offences,Unable to prosecute suspect,
d41daa5b542739532a468a8038686f6fec1f008d83f05b9f36275afef9f1ca99,2019-05,Lancashire Constabulary,Lancashire Constabulary,-2.220221,53.838606,On or near Norfolk Street,E01025230,Pendle 011D,Violence and sexual offences,Unable to prosecute suspect,
74f11088e9b11e59b422d1208def1c76258172753e9c4ae28510725ca6929dd0,2019-05,Lancashire Constabulary,Lancashire Constabulary,-2.217725,53.837811,On or near Albion Street,E01025230,Pendle 011D,Violence and sexual offences,Unable to prosecute suspect,
70083859563e72b30ad659ef57a2db6b238fc70e601696d70dd4a0ba45b23dc8,2019-05,Lancashire Constabulary,Lancashire Constabulary,-2.215454,53.836485,On or near Ellen Street,E01025230,Pendle 011D,Violence and sexual offences,Local resolution,
79aa3a4adaace0bffbb3513ce4c0367aa863c910a774dc6ab803d7af0d23011a,2019-05,Lancashire Constabulary,Lancashire Constabulary,-2.215454,53.836485,On or near Ellen Street,E01025230,Pendle 011D,Violence and sexual offences,Status update unavailable,
aab299fc9132d0d0403d0b417cf898a9eb5d020773ea0979233541bf4e162132,2019-05,Lancashire Constabulary,Lancashire Constabulary,-2.215454,53.836485,On or near Ellen Street,E01025230,Pendle 011D,Violence and sexual offences,Unable to prosecute suspect,
d51602ffd1ac706b78508ec7be76c48c2850ce09747a2fd66a3ef9ead0f83b3d,2019-05,Lancashire Constabulary,Lancashire Constabulary,-2.217725,53.837811,On or near Albion Street,E01025230,Pendle 011D,Violence and sexual offences,Unable to prosecute suspect,
86ba67c24dc9d4997e2feb6b3c0f9718a0292d87710fde1e02d1d84d093312db,2019-05,Lancashire Constabulary,Lancashire Constabulary,-2.215454,53.836485,On or near Ellen Street,E01025230,Pendle 011D,Violence and sexual offences,Status update unavailable,
41ff06e6a8c98245349ff58f67bb46eb03670b4b9329b98e8499e9e0619dd86e,2019-05,Lancashire Constabulary,Lancashire Constabulary,-2.215819,53.836628,On or near Booth Street,E01025230,Pendle 011D,Other crime,Further investigation is not in the public interest,
721e1623eb6d485da170b18a226978f3d7f9b73c5060c22a7bf0d47960d8f483,2019-05,Lancashire Constabulary,Lancashire Constabulary,-2.214805,53.837475,On or near Back Scotland Road,E01025230,Pendle 011D,Other crime,Unable to prosecute suspect,
,2019-05,Lancashire Constabulary,Lancashire Constabulary,-2.228659,53.825441,On or near Limefield Avenue,E01025187,Pendle 012A,Anti-social behaviour,,
,2019-05,Lancashire Constabulary,Lancashire Constabulary,-2.216215,53.828008,On or near Hill Place,E01025187,Pendle 012A,Anti-social behaviour,,
2d4982b0d561bcecdc0736d3590d6327a74e743dbf14a7cb9beabae03b8f446f,2019-05,Lancashire Constabulary,Lancashire Constabulary,-2.227995,53.826278,On or near Mansfield Grove,E01025187,Pendle 012A,Public order,Unable to prosecute suspect,
ab49ce96355916c01f8f4089b2cda382a1c90cd5024c2a8cfe08061b0b41c98d,2019-05,Lancashire Constabulary,Lancashire Constabulary,-2.214494,53.827193,On or near Jenny Street,E01025187,Pendle 012A,Vehicle crime,Status update unavailable,
10cc2d722fbafb60f36676842d19b971e9ba84cc4606518d7e45ec1d9b6cfca9,2019-05,Lancashire Constabulary,Lancashire Constabulary,-2.223640,53.824327,On or near Sports/Recreation Area,E01025187,Pendle 012A,Violence and sexual offences,Further investigation is not in the public interest,
8d89328e87f22269c8ffffa32406183ec0ee0e181a780b429f6f62a15bd47e9f,2019-05,Lancashire Constabulary,Lancashire Constabulary,-2.227995,53.826278,On or near Mansfield Grove,E01025187,Pendle 012A,Violence and sexual offences,Status update unavailable,
4da544ed07227839bc67d52b9f4122e20e673ae8edb2381434d126e9b14b54b7,2019-05,Lancashire Constabulary,Lancashire Constabulary,-2.227995,53.826278,On or near Mansfield Grove,E01025187,Pendle 012A,Violence and sexual offences,Unable to prosecute suspect,
da4754dbb659c26aac9bfd47ec65ff0c629da0847f6d805497682101c862c861,2019-05,Lancashire Constabulary,Lancashire Constabulary,-2.223640,53.824327,On or near Sports/Recreation Area,E01025187,Pendle 012A,Violence and sexual offences,Awaiting court outcome,
8a164fd3a21dd1669600eda7b134752e7824f9e81da3a0c06dba45ddac24bc7c,2019-05,Lancashire Constabulary,Lancashire Constabulary,-2.223640,53.824327,On or near Sports/Recreation Area,E01025187,Pendle 012A,Violence and sexual offences,Status update unavailable,
d0f86a07c2513b6271c2c20580eb6debd9207ee1235a1d4756866716c494e4fd,2019-05,Lancashire Constabulary,Lancashire Constabulary,-2.223640,53.824327,On or near Sports/Recreation Area,E01025187,Pendle 012A,Violence and sexual offences,Further investigation is not in the public interest,
,2019-05,Lancashire Constabulary,Lancashire Constabulary,-2.206408,53.826308,On or near Howgill Close,E01025190,Pendle 012B,Anti-social behaviour,,
66b4e47d9188fdcf74f3a3a91b80be2fd823b5bedc5cac989c053b51f8389edb,2019-05,Lancashire Constabulary,Lancashire Constabulary,-2.201581,53.827278,On or near Boston Street,E01025190,Pendle 012B,Criminal damage and arson,Status update unavailable,
3ef962bb96cbc6e1a5d66cad1be0f3537f44f5c99c177ce3d28922d7c4f67700,2019-05,Lancashire Constabulary,Lancashire Constabulary,-2.210706,53.829240,On or near Rickard Road,E01025190,Pendle 012B,Criminal damage and arson,Local resolution,
75ae654425361bc656cd5bcb70cb3d451535ea8f23dfd234ab559151812d6907,2019-05,Lancashire Constabulary,Lancashire Constabulary,-2.201581,53.827278,On or near Boston Street,E01025190,Pendle 012B,Criminal damage and arson,Status update unavailable,
31fec4304ea0578c665d1ee7bb8b0ea2a7117380e798c713adf90cf47692b4e1,2019-05,Lancashire Constabulary,Lancashire Constabulary,-2.213131,53.827950,On or near St Paul'S Road,E01025190,Pendle 012B,Possession of weapons,Further investigation is not in the public interest,
9afb9d906eb34027db97c63bce0aede36a37e1de574fc2f559e553c0b9004044,2019-05,Lancashire Constabulary,Lancashire Constabulary,-2.209892,53.827435,On or near Townsley Street,E01025190,Pendle 012B,Public order,Status update unavailable,
582a8c9074edafdc7efb53f87b16ae479cfbc8a222bd44b2083d76bc494983a7,2019-05,Lancashire Constabulary,Lancashire Constabulary,-2.213569,53.827536,On or near Springfield Road,E01025190,Pendle 012B,Vehicle crime,Status update unavailable,
d4d814580e0c9d9a675e4aa76815d798176190bfe123cfe9f394793755a50b5a,2019-05,Lancashire Constabulary,Lancashire Constabulary,-2.213131,53.827950,On or near St Paul'S Road,E01025190,Pendle 012B,Vehicle crime,Status update unavailable,
da4ecf1c084ef77c923c6d75e8bb5f24f131611af5b975d853e586cf4491ed2d,2019-05,Lancashire Constabulary,Lancashire Constabulary,-2.210061,53.827848,On or near Waidshouse Road,E01025190,Pendle 012B,Vehicle crime,Status update unavailable,
2a5ab06a28680c12646e79416b6be7ebfe38939f981c81d9c33bdb954e41487d,2019-05,Lancashire Constabulary,Lancashire Constabulary,-2.210706,53.829240,On or near Rickard Road,E01025190,Pendle 012B,Violence and sexual offences,Unable to prosecute suspect,
984ec88e9d552b9b26a7a75f2dc63359be210ee4a34352ebbed62df9fb46d167,2019-05,Lancashire Constabulary,Lancashire Constabulary,-2.210816,53.826849,On or near Ada Street,E01025190,Pendle 012B,Violence and sexual offences,Unable to prosecute suspect,
0e8801dfb1a142b486b1698e801187e763fd7083e1bb0d872d15af6ae90c85e8,2019-05,Lancashire Constabulary,Lancashire Constabulary,-2.207169,53.826703,On or near Caldbeck Close,E01025190,Pendle 012B,Violence and sexual offences,Unable to prosecute suspect,
bd229e3cb7a6ea9e9e85e960bfbc33f7b10f13c6a281c39a4d8c38463e77dec4,2019-05,Lancashire Constabulary,Lancashire Constabulary,-2.207169,53.826703,On or near Caldbeck Close,E01025190,Pendle 012B,Violence and sexual offences,Unable to prosecute suspect,
,2019-05,Lancashire Constabulary,Lancashire Constabulary,-2.194584,53.838489,On or near Valley Close,E01025209,Pendle 012C,Anti-social behaviour,,
,2019-05,Lancashire Constabulary,Lancashire Constabulary,-2.194584,53.838489,On or near Valley Close,E01025209,Pendle 012C,Anti-social behaviour,,
,2019-05,Lancashire Constabulary,Lancashire Constabulary,-2.186145,53.837415,On or near Castercliffe Road,E01025209,Pendle 012C,Anti-social behaviour,,
,2019-05,Lancashire Constabulary,Lancashire Constabulary,-2.194256,53.839838,On or near Broadway Place,E01025209,Pendle 012C,Anti-social behaviour,,
,2019-05,Lancashire Constabulary,Lancashire Constabulary,-2.194256,53.839838,On or near Broadway Place,E01025209,Pendle 012C,Anti-social behaviour,,
,2019-05,Lancashire Constabulary,Lancashire Constabulary,-2.194584,53.838489,On or near Valley Close,E01025209,Pendle 012C,Anti-social behaviour,,
,2019-05,Lancashire Constabulary,Lancashire Constabulary,-2.188031,53.841250,On or near Merclesden Avenue,E01025209,Pendle 012C,Anti-social behaviour,,
43564fc41fe765697d19def5ad88df29131b0f1b28445632f224fe92cd6fb606,2019-05,Lancashire Constabulary,Lancashire Constabulary,-2.190155,53.836896,On or near Parkside Road,E01025209,Pendle 012C,Bicycle theft,Awaiting court outcome,
b8accfe3f2e81050050743004a9924957bf84dc4559d72e227985e8f767ffbb2,2019-05,Lancashire Constabulary,Lancashire Constabulary,-2.185154,53.840077,On or near Boulsworth Crescent,E01025209,Pendle 012C,Burglary,Status update unavailable,
7128b8ab92255e539c9ba9accb42c462f08d0d82c0293a3778c617c7277f962d,2019-05,Lancashire Constabulary,Lancashire Constabulary,-2.185154,53.840077,On or near Boulsworth Crescent,E01025209,Pendle 012C,Burglary,Status update unavailable,
a0227ba09366a3e0067db4f065711e8ad435c205a8be52063a60304430cbae66,2019-05,Lancashire Constabulary,Lancashire Constabulary,-2.185154,53.840077,On or near Boulsworth Crescent,E01025209,Pendle 012C,Burglary,Status update unavailable,
5e4711a70413e57c4afd5f4730a174d31a11a570a1f0a8a5f2401e79d9c1b567,2019-05,Lancashire Constabulary,Lancashire Constabulary,-2.186387,53.840650,On or near Gib Hill Road,E01025209,Pendle 012C,Criminal damage and arson,Status update unavailable,
d97525619427f09349bbb8e1d9c550fe37001d9a028184f1a2226fe00ec436ac,2019-05,Lancashire Constabulary,Lancashire Constabulary,-2.185611,53.836813,On or near Town House Road,E01025209,Pendle 012C,Vehicle crime,Status update unavailable,
6fe1f0f76d7b8d91a6e67f845a90778c27854caf4782ec7b6d18c7ee29bbdc2f,2019-05,Lancashire Constabulary,Lancashire Constabulary,-2.194256,53.839838,On or near Broadway Place,E01025209,Pendle 012C,Vehicle crime,Unable to prosecute suspect,
4b3ec46f17f0adf851bdae13653df47fe22d6e745f39410100b4fc1fb4e77edc,2019-05,Lancashire Constabulary,Lancashire Constabulary,-2.189549,53.840852,On or near Pinfold Place,E01025209,Pendle 012C,Violence and sexual offences,Unable to prosecute suspect,
73cbd772282d6d3dd509486161c5fb1cadd8fb3f2e895a1928a098fac3e01572,2019-05,Lancashire Constabulary,Lancashire Constabulary,-2.195359,53.838443,On or near Sherwood Close,E01025209,Pendle 012C,Violence and sexual offences,Unable to prosecute suspect,
206d4643d0752e6f85ebf07e805e0e7d978bd2e4d92e503987a5e6de8df4c84e,2019-05,Lancashire Constabulary,Lancashire Constabulary,-2.189334,53.836816,On or near Ringstone Crescent,E01025209,Pendle 012C,Violence and sexual offences,Status update unavailable,
360ae221c7508de96437f4bc79af83bcac9fa5ecdc19665284cda9cd18d55de0,2019-05,Lancashire Constabulary,Lancashire Constabulary,-2.191132,53.841361,On or near Marsden Hall Road North,E01025209,Pendle 012C,Violence and sexual offences,Status update unavailable,
d5356d38179bc121c5483612b894a67c46b0a10346247672691afe8fbdfb2b24,2019-05,Lancashire Constabulary,Lancashire Constabulary,-2.189334,53.836816,On or near Ringstone Crescent,E01025209,Pendle 012C,Violence and sexual offences,Status update unavailable,
,2019-05,Lancashire Constabulary,Lancashire Constabulary,-2.194434,53.835694,On or near Marsden Crescent,E01025216,Pendle 012D,Anti-social behaviour,,
8e139355d22e449a660268400dfd87057c762c18f0041328e078f8070135165f,2019-05,Lancashire Constabulary,Lancashire Constabulary,-2.193088,53.836990,On or near Rowland Avenue,E01025216,Pendle 012D,Burglary,Status update unavailable,
ec1f0cd171f25a6ad3ffb25e7b55f155cfdc6a8dfa6790a7ac364b8d78e6d877,2019-05,Lancashire Constabulary,Lancashire Constabulary,-2.194128,53.835227,On or near Barkerhouse Road,E01025216,Pendle 012D,Drugs,Status update unavailable,
a41659d9c8e2644a9391d2abb3e6874ec266efa4436fe1d8336c97e1ccab4ba4,2019-05,Lancashire Constabulary,Lancashire Constabulary,-2.198575,53.834078,On or near Priory Chase,E01025216,Pendle 012D,Other theft,Status update unavailable,
8a1cce9f9071f64eedd6a3c22ddcf58493c3aa0a75b76ea214c0bc0031ea73ca,2019-05,Lancashire Constabulary,Lancashire Constabulary,-2.180053,53.827133,On or near Southfield Lane,E01025216,Pendle 012D,Violence and sexual offences,Unable to prosecute suspect,
44aaad39c05ce010e016c60cfd17b845f08ee047777ff24deffcea713dff1914,2019-05,Lancashire Constabulary,Lancashire Constabulary,-2.198201,53.835418,On or near Clough Road,E01025216,Pendle 012D,Violence and sexual offences,Status update unavailable,
6f9f345c5b2154ef173a13e1a5275baeea39ead7df6b5677604b5e6c1132a859,2019-05,Lancashire Constabulary,Lancashire Constabulary,-2.180053,53.827133,On or near Southfield Lane,E01025216,Pendle 012D,Violence and sexual offences,Status update unavailable,
72b83086035da5d38cbfe37ffef861055cc77152d300fdcedf99720bf2a9d0ab,2019-05,Lancashire Constabulary,Lancashire Constabulary,-2.198575,53.834078,On or near Priory Chase,E01025216,Pendle 012D,Violence and sexual offences,Status update unavailable,
8feb3626b975b1ce56364043f22c959a746af5918787a09775236bfba257731b,2019-05,Lancashire Constabulary,Lancashire Constabulary,-2.180053,53.827133,On or near Southfield Lane,E01025216,Pendle 012D,Violence and sexual offences,Status update unavailable,
,2019-05,Lancashire Constabulary,Lancashire Constabulary,-2.234560,53.832090,On or near Kenyon Road,E01025185,Pendle 013A,Anti-social behaviour,,
,2019-05,Lancashire Constabulary,Lancashire Constabulary,-2.232641,53.825631,On or near Commercial Street,E01025185,Pendle 013A,Anti-social behaviour,,
,2019-05,Lancashire Constabulary,Lancashire Constabulary,-2.234328,53.825889,On or near Timber Street,E01025185,Pendle 013A,Anti-social behaviour,,
,2019-05,Lancashire Constabulary,Lancashire Constabulary,-2.229645,53.825107,On or near Montrose Street,E01025185,Pendle 013A,Anti-social behaviour,,
,2019-05,Lancashire Constabulary,Lancashire Constabulary,-2.230796,53.824466,On or near Livingstone Street,E01025185,Pendle 013A,Anti-social behaviour,,
,2019-05,Lancashire Constabulary,Lancashire Constabulary,-2.235247,53.827208,On or near Junction Street,E01025185,Pendle 013A,Anti-social behaviour,,
41a95ec2c91c974b70fc1f1b6b2b747baa828c607ee8aee90b2f5d1eabf7c79e,2019-05,Lancashire Constabulary,Lancashire Constabulary,-2.235553,53.827522,On or near Parking Area,E01025185,Pendle 013A,Burglary,Status update unavailable,
9b73083c52f73a27b98723b6014c879cf1392ec25755a24a0b589515886897e9,2019-05,Lancashire Constabulary,Lancashire Constabulary,-2.235553,53.827522,On or near Parking Area,E01025185,Pendle 013A,Burglary,Status update unavailable,
f544aa8771ca9d91a57e57de505020000ad12ed990edf88140a38b38dd9c60a5,2019-05,Lancashire Constabulary,Lancashire Constabulary,-2.230804,53.825877,On or near William Street,E01025185,Pendle 013A,Burglary,Status update unavailable,
5b2a6649aa6856ebab96bbd369fda4d4e24d432886389adacc0b66c12476e881,2019-05,Lancashire Constabulary,Lancashire Constabulary,-2.235247,53.827208,On or near Junction Street,E01025185,Pendle 013A,Burglary,Status update unavailable,
1a44e11c57415078fb051e82a2128a8bff81526ddd6470fd893fa7cbac7cf1c5,2019-05,Lancashire Constabulary,Lancashire Constabulary,-2.235247,53.827208,On or near Junction Street,E01025185,Pendle 013A,Burglary,Status update unavailable,
9bdbb4a1a8c249b262e8b01e54819ac6ba54a7e060e90752e8b3c498eb9edff7,2019-05,Lancashire Constabulary,Lancashire Constabulary,-2.233226,53.835292,On or near Kirby Road,E01025185,Pendle 013A,Criminal damage and arson,Investigation complete; no suspect identified,
3058f52b50fd9597b57abc9512d4b3115979c33f59eb7e3e8692ada6bb6a0fe2,2019-05,Lancashire Constabulary,Lancashire Constabulary,-2.231352,53.828968,On or near Linedred Lane,E01025185,Pendle 013A,Criminal damage and arson,Status update unavailable,
3c4c66ded1b6119521071da4e9427e42cdba24ee66137d971c9cbc7c45895fc7,2019-05,Lancashire Constabulary,Lancashire Constabulary,-2.233226,53.835292,On or near Kirby Road,E01025185,Pendle 013A,Other theft,Investigation complete; no suspect identified,
eac69f49388a83abfc797a732dc37fc97b79977c6a2613f829611231b13ce535,2019-05,Lancashire Constabulary,Lancashire Constabulary,-2.233226,53.835292,On or near Kirby Road,E01025185,Pendle 013A,Other theft,Status update unavailable,
9fbd59d5b2b93593a6724260413812c82a415c0f6d88644dded1739c18f7e48d,2019-05,Lancashire Constabulary,Lancashire Constabulary,-2.234203,53.827893,On or near Hollin Bank,E01025185,Pendle 013A,Other theft,Status update unavailable,
778a2be777fa3cd45cbe40ed3d17191ce2642a9ff66eaecf87abd688b5cf3d29,2019-05,Lancashire Constabulary,Lancashire Constabulary,-2.234203,53.827893,On or near Hollin Bank,E01025185,Pendle 013A,Shoplifting,Offender given conditional discharge,
11da1d3c757f6814db3fd5cb473f16f353c864cce0cb0159bacdd16af429a43e,2019-05,Lancashire Constabulary,Lancashire Constabulary,-2.232641,53.825631,On or near Commercial Street,E01025185,Pendle 013A,Vehicle crime,Status update unavailable,
477d1c491bb76d5e3cb8945645063947f2906131d9137b91bcb276d444d3c216,2019-05,Lancashire Constabulary,Lancashire Constabulary,-2.234203,53.827893,On or near Hollin Bank,E01025185,Pendle 013A,Vehicle crime,Status update unavailable,
b5d628b136d7aa430a19b1128cacd9ccec8d11abb5e4edd3c662c623c4a83e86,2019-05,Lancashire Constabulary,Lancashire Constabulary,-2.230796,53.824466,On or near Livingstone Street,E01025185,Pendle 013A,Violence and sexual offences,Unable to prosecute suspect,
a24d1c11b2bbd7dfbc48376701ca223b51e8e925ef8bf639ea232e51a6fddc89,2019-05,Lancashire Constabulary,Lancashire Constabulary,-2.232641,53.825631,On or near Commercial Street,E01025185,Pendle 013A,Violence and sexual offences,Status update unavailable,
d68ab8084b1357253597bcac931c433847e7f8a6a98743647c2e94d94b9a55d4,2019-05,Lancashire Constabulary,Lancashire Constabulary,-2.230796,53.824466,On or near Livingstone Street,E01025185,Pendle 013A,Violence and sexual offences,Unable to prosecute suspect,
3e0b65d2480d2d943419d49e831f0875f4ff32718f0d3084fc156cf35ac81f40,2019-05,Lancashire Constabulary,Lancashire Constabulary,-2.234203,53.827893,On or near Hollin Bank,E01025185,Pendle 013A,Violence and sexual offences,Status update unavailable,
181a184153aef04cb4a820e83cbbc859f2547456d7c00aba9c3f3e687ef334df,2019-05,Lancashire Constabulary,Lancashire Constabulary,-2.230796,53.824466,On or near Livingstone Street,E01025185,Pendle 013A,Violence and sexual offences,Unable to prosecute suspect,
68c609c02ce0942d9de3396a4a4cd745debbb5f2f0d908d94c5bb0b4c6c824e2,2019-05,Lancashire Constabulary,Lancashire Constabulary,-2.234203,53.827893,On or near Hollin Bank,E01025185,Pendle 013A,Violence and sexual offences,Unable to prosecute suspect,
5c3cee0c38a8a93dbc3006946d62a0dbd1a2b03032e14d30e147c98209f8548f,2019-05,Lancashire Constabulary,Lancashire Constabulary,-2.229645,53.825107,On or near Montrose Street,E01025185,Pendle 013A,Violence and sexual offences,Unable to prosecute suspect,
b6e23e5bda0ff33b50d0ba979250c43d5dfdd06863c46cd876d40175daf5dfd4,2019-05,Lancashire Constabulary,Lancashire Constabulary,-2.230796,53.824466,On or near Livingstone Street,E01025185,Pendle 013A,Violence and sexual offences,Unable to prosecute suspect,
,2019-05,Lancashire Constabulary,Lancashire Constabulary,-2.233245,53.825118,On or near Beatie Street,E01025186,Pendle 013B,Anti-social behaviour,,
,2019-05,Lancashire Constabulary,Lancashire Constabulary,-2.237442,53.820409,On or near Sackville Gardens,E01025186,Pendle 013B,Anti-social behaviour,,
,2019-05,Lancashire Constabulary,Lancashire Constabulary,-2.233483,53.824173,On or near Parking Area,E01025186,Pendle 013B,Anti-social behaviour,,
,2019-05,Lancashire Constabulary,Lancashire Constabulary,-2.236439,53.820312,On or near Lord Street,E01025186,Pendle 013B,Anti-social behaviour,,
,2019-05,Lancashire Constabulary,Lancashire Constabulary,-2.233245,53.825118,On or near Beatie Street,E01025186,Pendle 013B,Anti-social behaviour,,
9842abb959da1ead02b0a91a7d2b4adf5795d22f26be27e5bed213e3c225ecba,2019-05,Lancashire Constabulary,Lancashire Constabulary,-2.236372,53.821975,On or near Sackville Street,E01025186,Pendle 013B,Burglary,Status update unavailable,
15e86a8ca0e5f5211e4b0462d10affa0441c6fdcd12193da32d1e9fd2af71285,2019-05,Lancashire Constabulary,Lancashire Constabulary,-2.231964,53.824221,On or near Hartington Street,E01025186,Pendle 013B,Criminal damage and arson,Status update unavailable,
53a871f55166889671d6a0c4c36eae65e25fa86e44f9d435dfa9be8e44850a5e,2019-05,Lancashire Constabulary,Lancashire Constabulary,-2.236199,53.823494,On or near Milton Street,E01025186,Pendle 013B,Criminal damage and arson,Status update unavailable,
8e21fe176b0f2e910d7e4c5902670f78f687fdf27dc8889c8ca4f723b6584d3d,2019-05,Lancashire Constabulary,Lancashire Constabulary,-2.235019,53.824494,On or near Bridge Street,E01025186,Pendle 013B,Other theft,Status update unavailable,
60847b956760b3d9cb16d80cc36cfde319973dcd1dc177e17ed980c94f93f34b,2019-05,Lancashire Constabulary,Lancashire Constabulary,-2.237442,53.820409,On or near Sackville Gardens,E01025186,Pendle 013B,Public order,Status update unavailable,
e491c60bcb839c2ecf03bd3ce1b79bab3fa297aec316631105abefa160465769,2019-05,Lancashire Constabulary,Lancashire Constabulary,-2.236199,53.823494,On or near Milton Street,E01025186,Pendle 013B,Violence and sexual offences,Status update unavailable,
0ce601f1f8f8f67491a1991a4f34ef781553a074681e3041dd3b9d084472baae,2019-05,Lancashire Constabulary,Lancashire Constabulary,-2.241883,53.823959,On or near Montfield Hey,E01025186,Pendle 013B,Violence and sexual offences,Investigation complete; no suspect identified,
6790eef0f39a9fddc92816e56a9a507e8524cd3196563b874e665dfb842298fb,2019-05,Lancashire Constabulary,Lancashire Constabulary,-2.234957,53.821600,On or near Burnley Road,E01025186,Pendle 013B,Violence and sexual offences,Status update unavailable,
919a1b9887142d1665bdc288badaa6b6fd7c4c75d7b7b39428fbd02dcc903332,2019-05,Lancashire Constabulary,Lancashire Constabulary,-2.243165,53.819795,On or near Robinson Lane,E01025186,Pendle 013B,Violence and sexual offences,Status update unavailable,
034c3f33810f3df19797a5fb767908e769db2afaccd1d33c88464f45f655be7e,2019-05,Lancashire Constabulary,Lancashire Constabulary,-2.235019,53.824494,On or near Bridge Street,E01025186,Pendle 013B,Violence and sexual offences,Status update unavailable,
2a3845354d1cac4ba82d53e3c62d11bb604c781afc26eec140225be10b49c997,2019-05,Lancashire Constabulary,Lancashire Constabulary,-2.237442,53.820409,On or near Sackville Gardens,E01025186,Pendle 013B,Violence and sexual offences,Awaiting court outcome,
5401b18f148d8e7956d0ad57364fff6dba8cd7861f35497468ea3318d87caa02,2019-05,Lancashire Constabulary,Lancashire Constabulary,-2.240619,53.823449,On or near Quakers View,E01025186,Pendle 013B,Violence and sexual offences,Awaiting court outcome,
cfcfecd21a30a5f12f1a25f49191fedea08cf208b7fb0dffe882d79cbfad1cff,2019-05,Lancashire Constabulary,Lancashire Constabulary,-2.235627,53.824448,On or near Vine Street,E01025186,Pendle 013B,Violence and sexual offences,Further investigation is not in the public interest,
a0896aa13800d47f10a7f4cf9e88122db6efe1d7f11553d6bed793f898004a7f,2019-05,Lancashire Constabulary,Lancashire Constabulary,-2.230675,53.819146,On or near The Crescent,E01025212,Pendle 013C,Criminal damage and arson,Status update unavailable,
292a4479be046100971decae39fc8d6ff114b4cff3e4588fcbac757cdf04b28c,2019-05,Lancashire Constabulary,Lancashire Constabulary,-2.224421,53.822672,On or near Hillside View,E01025212,Pendle 013C,Other theft,Status update unavailable,
e4bbae826c32fe9eb48bd546d2e726e592887fcbbbbdca3a90a117cd4edad92e,2019-05,Lancashire Constabulary,Lancashire Constabulary,-2.223786,53.820336,On or near Pennine Crescent,E01025212,Pendle 013C,Vehicle crime,Status update unavailable,
76db720d78ac197d87b47fb5d7daf4f2f15f5c3ce14794e531820584cc81edb3,2019-05,Lancashire Constabulary,Lancashire Constabulary,-2.230675,53.819146,On or near The Crescent,E01025212,Pendle 013C,Vehicle crime,Status update unavailable,
1000665c441bf15b4b6a5cc2f11ae2bfec4437de7c812c319c2fb03d1bf8ddb3,2019-05,Lancashire Constabulary,Lancashire Constabulary,-2.230227,53.820522,On or near Grafton Avenue,E01025212,Pendle 013C,Violence and sexual offences,Status update unavailable,
,2019-05,Lancashire Constabulary,Lancashire Constabulary,-2.245871,53.825434,On or near Hill Street,E01025213,Pendle 013D,Anti-social behaviour,,
96a3dd07cda5a33508d0597ad6c88a53c607a4481943820f15286efa163976f2,2019-05,Lancashire Constabulary,Lancashire Constabulary,-2.234867,53.816306,On or near Redman Road,E01025213,Pendle 013D,Criminal damage and arson,Status update unavailable,
7b01f05523004ab66512c7d2a6397a882da42f6e6f9ac90110c69592cb7b2f6d,2019-05,Lancashire Constabulary,Lancashire Constabulary,-2.245871,53.825434,On or near Hill Street,E01025213,Pendle 013D,Criminal damage and arson,Status update unavailable,
a4e740ffca6e9e63234b385b3de1e92ce9a80b06a6180f3aab5557d11883afcf,2019-05,Lancashire Constabulary,Lancashire Constabulary,-2.237306,53.817829,On or near Roundwood Avenue,E01025213,Pendle 013D,Criminal damage and arson,Status update unavailable,
d2706b7509f672196ecf00d7ab225755002abb03f61340be15831e73e492f142,2019-05,Lancashire Constabulary,Lancashire Constabulary,-2.235002,53.818625,On or near Wharfdale Avenue,E01025213,Pendle 013D,Vehicle crime,Status update unavailable,
e40d9f4af419ab6062fca7788899d414eeaed5a6e0f400d0c90976449674af9c,2019-05,Lancashire Constabulary,Lancashire Constabulary,-2.237306,53.817829,On or near Roundwood Avenue,E01025213,Pendle 013D,Vehicle crime,Status update unavailable,
47adff9d21cae5c858ac24f569092067b029607738f2b048385f77b83cd90e8c,2019-05,Lancashire Constabulary,Lancashire Constabulary,-2.235247,53.819047,On or near Garsdale Avenue,E01025213,Pendle 013D,Violence and sexual offences,Unable to prosecute suspect,
2462bccdcad90b3eb0754124ec971f6983ca49ad645282fdc73df914964b5e42,2019-05,Lancashire Constabulary,Lancashire Constabulary,-2.255583,53.811060,On or near Park/Open Space,E01025213,Pendle 013D,Violence and sexual offences,Unable to prosecute suspect,
1a0fc0e15ab4d378615ded0e2e8737d4569076f5b20e2c652da872910444a141,2019-05,Lancashire Constabulary,Lancashire Constabulary,-2.234859,53.820333,On or near Clegg Street,E01025213,Pendle 013D,Violence and sexual offences,Awaiting court outcome,
,2019-05,Lancashire Constabulary,Lancashire Constabulary,-2.219648,53.819148,On or near Kibble Grove,E01025214,Pendle 013E,Anti-social behaviour,,
,2019-05,Lancashire Constabulary,Lancashire Constabulary,-2.220634,53.818877,On or near Suncliffe Road,E01025214,Pendle 013E,Anti-social behaviour,,
,2019-05,Lancashire Constabulary,Lancashire Constabulary,-2.220791,53.817061,On or near Stoneyhurst Height,E01025214,Pendle 013E,Anti-social behaviour,,
2c66ca112025079768e5e72278b76cce1d044a69e0e4527d0189f27806cae865,2019-05,Lancashire Constabulary,Lancashire Constabulary,-2.220865,53.819425,On or near Moorland Drive,E01025214,Pendle 013E,Vehicle crime,Status update unavailable,
ee7b327070c87066f35b5f198ace4068e60983f126a3eb6fbd2f8686ce5161f5,2019-05,Lancashire Constabulary,Lancashire Constabulary,-2.219514,53.822528,On or near Woodlea Gardens,E01025214,Pendle 013E,Violence and sexual offences,Action to be taken by another organisation,
,2019-05,Lancashire Constabulary,Lancashire Constabulary,-2.231717,53.823467,On or near Mount Street,E01025215,Pendle 013F,Anti-social behaviour,,
2877ef6d6119ce2ac32269f83c098413041ed29a75b3790ffef2fd03cb0115ea,2019-05,Lancashire Constabulary,Lancashire Constabulary,-2.233396,53.822151,On or near Birtwistle Close,E01025215,Pendle 013F,Burglary,Status update unavailable,
93d7a904d12f167a250c340c690ee7f37402bb900cb1b36c2bbde949ec8ff38e,2019-05,Lancashire Constabulary,Lancashire Constabulary,-2.231166,53.822740,On or near Bird Street,E01025215,Pendle 013F,Criminal damage and arson,Status update unavailable,
18915ce1636d1172fd88d682452d248a24abf40a9448a2cf2911a3db59d8635a,2019-05,Lancashire Constabulary,Lancashire Constabulary,-2.226290,53.822704,On or near Heyhead Street,E01025215,Pendle 013F,Criminal damage and arson,Status update unavailable,
95791cdd45e4ce089c646e1c4ab8430a110aab3104f37b2fc810a6e7c5c5c860,2019-05,Lancashire Constabulary,Lancashire Constabulary,-2.232052,53.823556,On or near Hope Street,E01025215,Pendle 013F,Criminal damage and arson,Status update unavailable,
aaea63ef3cf4914285dd1050a18e7bf89d822730a68f13589c6908349094b362,2019-05,Lancashire Constabulary,Lancashire Constabulary,-2.232052,53.823556,On or near Hope Street,E01025215,Pendle 013F,Criminal damage and arson,Status update unavailable,
a6f72aa7f3c7f08fd17599e057062973cb62ea940eef8a2132300f88f3789626,2019-05,Lancashire Constabulary,Lancashire Constabulary,-2.227747,53.822441,On or near Park Lane,E01025215,Pendle 013F,Criminal damage and arson,Status update unavailable,
f1f69baa63bfab202da5883544457d9892eba00c90163aee828742583005113c,2019-05,Lancashire Constabulary,Lancashire Constabulary,-2.233540,53.823409,On or near Craven Street,E01025215,Pendle 013F,Public order,Status update unavailable,
d124eeaabbc1c4780bc7998afcf90f16cd6d7e1ed38b77ad9ee3a900c1ec400e,2019-05,Lancashire Constabulary,Lancashire Constabulary,-2.226630,53.823854,On or near Trinity Close,E01025215,Pendle 013F,Violence and sexual offences,Unable to prosecute suspect,
8380fd5c29d71eb3c5e78d278b8b227e9588e1cb1ebd64982618377978b6dbe2,2019-05,Lancashire Constabulary,Lancashire Constabulary,-2.226630,53.823854,On or near Trinity Close,E01025215,Pendle 013F,Violence and sexual offences,Unable to prosecute suspect,
75b26f8790d0e19befffc00b351ef3b7617c383f549090cb79a78bbee8c71761,2019-05,Lancashire Constabulary,Lancashire Constabulary,-2.232504,53.822998,On or near Wood Street,E01025215,Pendle 013F,Violence and sexual offences,Unable to prosecute suspect,
d88426feb82975ea68fccf9020f9b0df92dbd248d6c943222aec91980d801b53,2019-05,Lancashire Constabulary,Lancashire Constabulary,-2.226630,53.823854,On or near Trinity Close,E01025215,Pendle 013F,Violence and sexual offences,Action to be taken by another organisation,
2464f83143bfbd6eebac2d9843c6cd406993154ad5b714dfb270284a28e2aff3,2019-05,Lancashire Constabulary,Lancashire Constabulary,-2.229585,53.822437,On or near Burton Gardens,E01025215,Pendle 013F,Violence and sexual offences,Unable to prosecute suspect,
,2019-05,Lancashire Constabulary,Lancashire Constabulary,-2.636534,53.805661,On or near Whittingham Lane,E01025278,Preston 001A,Anti-social behaviour,,
,2019-05,Lancashire Constabulary,Lancashire Constabulary,-2.638782,53.805703,On or near Grimsargh Manor,E01025278,Preston 001A,Anti-social behaviour,,
,2019-05,Lancashire Constabulary,Lancashire Constabulary,-2.636534,53.805661,On or near Whittingham Lane,E01025278,Preston 001A,Anti-social behaviour,,
,2019-05,Lancashire Constabulary,Lancashire Constabulary,-2.628082,53.803045,On or near Swarbrick Avenue,E01025278,Preston 001A,Anti-social behaviour,,
,2019-05,Lancashire Constabulary,Lancashire Constabulary,-2.638782,53.805703,On or near Grimsargh Manor,E01025278,Preston 001A,Anti-social behaviour,,
999eb8b664239122bcca63cfb34d03b282755e35c25e20552a8b54fd11d2ed01,2019-05,Lancashire Constabulary,Lancashire Constabulary,-2.635921,53.794294,On or near Longridge Road,E01025278,Preston 001A,Burglary,Status update unavailable,
c8a6f47c468c54122c11ba9f675610606c071f1922ce1efdff4feaf2296eca29,2019-05,Lancashire Constabulary,Lancashire Constabulary,-2.635921,53.794294,On or near Longridge Road,E01025278,Preston 001A,Criminal damage and arson,Status update unavailable,
ebb6e2d7eb8fb0ae374e4538872bc256d3e281fab9dfcd4467e1588fb4b3f9d1,2019-05,Lancashire Constabulary,Lancashire Constabulary,-2.636534,53.805661,On or near Whittingham Lane,E01025278,Preston 001A,Criminal damage and arson,Status update unavailable,
902d2de4f74ed8dd559ccbd47ce421e07d35c4891687d77e5af5d73d2bff39ab,2019-05,Lancashire Constabulary,Lancashire Constabulary,-2.638782,53.805703,On or near Grimsargh Manor,E01025278,Preston 001A,Public order,Status update unavailable,
4f731f5b2fe11e276e7c33605b00e7911870fc138a38d85e6ae19ef5c3e01577,2019-05,Lancashire Constabulary,Lancashire Constabulary,-2.632091,53.801037,On or near Ribblesdale Drive,E01025278,Preston 001A,Vehicle crime,Status update unavailable,
237fe84a97299a39cfb46408b74e2fdc41b8f7f7531e69d51cdf54c2b0915779,2019-05,Lancashire Constabulary,Lancashire Constabulary,-2.622350,53.804576,On or near Woodlands Grove,E01025278,Preston 001A,Violence and sexual offences,Further investigation is not in the public interest,
afa51bb34ea5d6074b767e625ab773264e228b572f001604887137096ab22bcb,2019-05,Lancashire Constabulary,Lancashire Constabulary,-2.629820,53.801463,On or near Billington Court,E01025278,Preston 001A,Violence and sexual offences,Status update unavailable,
0c6bb2e0aaf575a6c497bf2e727120bea1d89e1ee253c18f7ca73e0a532573bc,2019-05,Lancashire Constabulary,Lancashire Constabulary,-2.635921,53.794294,On or near Longridge Road,E01025278,Preston 001A,Violence and sexual offences,Status update unavailable,
5cf68f502e3f55063da2908322bfb595a85bd3a9248f50e5a89feb7b3e24a871,2019-05,Lancashire Constabulary,Lancashire Constabulary,-2.632091,53.801037,On or near Ribblesdale Drive,E01025278,Preston 001A,Violence and sexual offences,Unable to prosecute suspect,
5ed9de2cbc1c3fd853f6a8bc349ea503c10ee67a55639293ec2fa70009fc22fc,2019-05,Lancashire Constabulary,Lancashire Constabulary,-2.631712,53.801084,On or near Roshaw,E01025278,Preston 001A,Violence and sexual offences,Unable to prosecute suspect,
,2019-05,Lancashire Constabulary,Lancashire Constabulary,-2.665197,53.879099,On or near Parking Area,E01025279,Preston 001B,Anti-social behaviour,,
bd9e5e8e049d423fec220970862e058a511a84580f3feae1613b0669a8769367,2019-05,Lancashire Constabulary,Lancashire Constabulary,-2.646621,53.847347,On or near Horns Lane,E01025279,Preston 001B,Burglary,Status update unavailable,
af226d6ba278956bd8fb49695cfdd6eecfe18e2cb63bb38e3cc89298b69ff9ad,2019-05,Lancashire Constabulary,Lancashire Constabulary,-2.614988,53.829592,On or near Whittingham Road,E01025279,Preston 001B,Burglary,Status update unavailable,
75d1b5a4d53dbdb7881255fe94f95ddf7d618b016d6bc3b029ab4bb21f817350,2019-05,Lancashire Constabulary,Lancashire Constabulary,-2.654940,53.856416,On or near Bullsnape Lane,E01025279,Preston 001B,Burglary,Status update unavailable,
1222f4845d8b312a8590f140459eef9bf93f1b6167c568e47c9be6ef46b18647,2019-05,Lancashire Constabulary,Lancashire Constabulary,-2.659708,53.872461,On or near Park/Open Space,E01025279,Preston 001B,Other theft,Status update unavailable,
,2019-05,Lancashire Constabulary,Lancashire Constabulary,-2.657252,53.822581,On or near The Square,E01025282,Preston 001C,Anti-social behaviour,,
,2019-05,Lancashire Constabulary,Lancashire Constabulary,-2.658794,53.818223,On or near Sports/Recreation Area,E01025282,Preston 001C,Anti-social behaviour,,
,2019-05,Lancashire Constabulary,Lancashire Constabulary,-2.657252,53.822581,On or near The Square,E01025282,Preston 001C,Anti-social behaviour,,
,2019-05,Lancashire Constabulary,Lancashire Constabulary,-2.658794,53.818223,On or near Sports/Recreation Area,E01025282,Preston 001C,Anti-social behaviour,,
,2019-05,Lancashire Constabulary,Lancashire Constabulary,-2.658794,53.818223,On or near Sports/Recreation Area,E01025282,Preston 001C,Anti-social behaviour,,
ceb88cb1558b29f4bf9e05ab51a510e139b66cdc5e8c5709b333dc1d0342a2bf,2019-05,Lancashire Constabulary,Lancashire Constabulary,-2.657252,53.822581,On or near The Square,E01025282,Preston 001C,Public order,Unable to prosecute suspect,
810dc37173b80dbd7e7c0f820084e070be2bc518e71ef49fecbb904fb60b05b0,2019-05,Lancashire Constabulary,Lancashire Constabulary,-2.658794,53.818223,On or near Sports/Recreation Area,E01025282,Preston 001C,Public order,Unable to prosecute suspect,
7e7bab4456b5c52f285d326173985728fa2ded7d83185b41fd6691290a8db067,2019-05,Lancashire Constabulary,Lancashire Constabulary,-2.657252,53.822581,On or near The Square,E01025282,Preston 001C,Public order,Unable to prosecute suspect,
e2d42e04cc4be741ff406fed69f8e6df16effb444373dc6f0afd9f247af03f0f,2019-05,Lancashire Constabulary,Lancashire Constabulary,-2.657252,53.822581,On or near The Square,E01025282,Preston 001C,Public order,Further investigation is not in the public interest,
add62f8213474cb94de551a5c36b3a1a61979cba8ba8f236b652d33deb69659c,2019-05,Lancashire Constabulary,Lancashire Constabulary,-2.657252,53.822581,On or near The Square,E01025282,Preston 001C,Public order,Unable to prosecute suspect,
3564950430481c0b6dcf459ce28cea52a90c4cb121a2244d8222f8ba6d6bb1dd,2019-05,Lancashire Constabulary,Lancashire Constabulary,-2.658794,53.818223,On or near Sports/Recreation Area,E01025282,Preston 001C,Public order,Unable to prosecute suspect,
80addd9440585a3305fa808324ed31f446ff634a518bb473b0e2b64ca4cc5ae4,2019-05,Lancashire Constabulary,Lancashire Constabulary,-2.657252,53.822581,On or near The Square,E01025282,Preston 001C,Public order,Unable to prosecute suspect,
d8c9e49f7da92c3d7bb586d0bf4c0624d2bcf463ee81c031d81584d27833eede,2019-05,Lancashire Constabulary,Lancashire Constabulary,-2.658794,53.818223,On or near Sports/Recreation Area,E01025282,Preston 001C,Public order,Status update unavailable,
292359f1e5b5a9e31e446f92eeb653f6d57b24f1d3c9dd50c95111e2218fc25a,2019-05,Lancashire Constabulary,Lancashire Constabulary,-2.658794,53.818223,On or near Sports/Recreation Area,E01025282,Preston 001C,Public order,Status update unavailable,
82254364dd3337d87bc18ea88a179f38a722a7ac2a0a71b64c086e9129a74b4c,2019-05,Lancashire Constabulary,Lancashire Constabulary,-2.657252,53.822581,On or near The Square,E01025282,Preston 001C,Violence and sexual offences,Unable to prosecute suspect,
68eb78a8b738f61ddf4766654493a04df5d7094bdc6ded9f1777809159f32e02,2019-05,Lancashire Constabulary,Lancashire Constabulary,-2.658794,53.818223,On or near Sports/Recreation Area,E01025282,Preston 001C,Violence and sexual offences,Status update unavailable,
2d54c5e29127a94034851718c3081926cc544b4288ca30f640341d4469399f19,2019-05,Lancashire Constabulary,Lancashire Constabulary,-2.657252,53.822581,On or near The Square,E01025282,Preston 001C,Violence and sexual offences,Status update unavailable,
6d74240318ff4bc3d9b261c934b5c0bb0b267d6c14a68fb5dc627b266c8980ea,2019-05,Lancashire Constabulary,Lancashire Constabulary,-2.658794,53.818223,On or near Sports/Recreation Area,E01025282,Preston 001C,Violence and sexual offences,Further investigation is not in the public interest,
b2a19ce6a3b025b6052778e4b031d886733780f4620f1a4e99a3c669108837f0,2019-05,Lancashire Constabulary,Lancashire Constabulary,-2.658794,53.818223,On or near Sports/Recreation Area,E01025282,Preston 001C,Violence and sexual offences,Unable to prosecute suspect,
73f405dfc8a99680f4c7bc57d70f5607db25bb7d7a46858751978389c5ceddeb,2019-05,Lancashire Constabulary,Lancashire Constabulary,-2.658794,53.818223,On or near Sports/Recreation Area,E01025282,Preston 001C,Violence and sexual offences,Unable to prosecute suspect,
65f055a0d5e35fa1c24579547c5855576ca01342bc07ecf6918aa95217195ca9,2019-05,Lancashire Constabulary,Lancashire Constabulary,-2.658794,53.818223,On or near Sports/Recreation Area,E01025282,Preston 001C,Violence and sexual offences,Investigation complete; no suspect identified,
,2019-05,Lancashire Constabulary,Lancashire Constabulary,-2.728266,53.786443,On or near Sports/Recreation Area,E01025257,Preston 002A,Anti-social behaviour,,
,2019-05,Lancashire Constabulary,Lancashire Constabulary,-2.732794,53.792815,On or near Wychnor,E01025257,Preston 002A,Anti-social behaviour,,
,2019-05,Lancashire Constabulary,Lancashire Constabulary,-2.733201,53.795248,On or near Lightfoot Lane,E01025257,Preston 002A,Anti-social behaviour,,
,2019-05,Lancashire Constabulary,Lancashire Constabulary,-2.735183,53.792270,On or near Gleneagles Drive,E01025257,Preston 002A,Anti-social behaviour,,
292d379b6381e3c9f3c8e02feaa7e7960b382b01bbaedf85b962c0ec5ff45092,2019-05,Lancashire Constabulary,Lancashire Constabulary,-2.732794,53.792815,On or near Wychnor,E01025257,Preston 002A,Burglary,Status update unavailable,
f73f5b69daf316e4e5e694e1a9dc22501e37e8efbbd54627e4495c0a95b75078,2019-05,Lancashire Constabulary,Lancashire Constabulary,-2.731559,53.791627,On or near Manor Court,E01025257,Preston 002A,Criminal damage and arson,Unable to prosecute suspect,
6881a86a6da2af7c14b584b9b473b7e3eeb2b41bfe3c3ec9b3c1986ad2efd0a4,2019-05,Lancashire Constabulary,Lancashire Constabulary,-2.731559,53.791627,On or near Manor Court,E01025257,Preston 002A,Criminal damage and arson,Status update unavailable,
c0a39fcc432f1840333a9cfdfa9f961e1acdc50e0451e9623d7530c18a4be6de,2019-05,Lancashire Constabulary,Lancashire Constabulary,-2.732794,53.792815,On or near Wychnor,E01025257,Preston 002A,Vehicle crime,Status update unavailable,
,2019-05,Lancashire Constabulary,Lancashire Constabulary,-2.727413,53.810770,On or near Parkstone Road,E01025277,Preston 002B,Anti-social behaviour,,
,2019-05,Lancashire Constabulary,Lancashire Constabulary,-2.730721,53.809753,On or near Sunningdale,E01025277,Preston 002B,Anti-social behaviour,,
,2019-05,Lancashire Constabulary,Lancashire Constabulary,-2.703723,53.802723,On or near Highrigg Drive,E01025277,Preston 002B,Anti-social behaviour,,
a57a655c84418ed02dde632712bb8f8554842a739904292b1da4f2110ed512ae,2019-05,Lancashire Constabulary,Lancashire Constabulary,-2.730505,53.806967,On or near Sandy Gate Lane,E01025277,Preston 002B,Burglary,Status update unavailable,
ed4a47afd303bb9b1048c9b5d6f86945a43d1a319a1f5ae772f097fb48a422ed,2019-05,Lancashire Constabulary,Lancashire Constabulary,-2.717429,53.803298,On or near Church Lane,E01025277,Preston 002B,Burglary,Status update unavailable,
9f8dde38ba7e3aa7e116ed5f6dde146e7d314e9666c45eeac39d563d04e51f68,2019-05,Lancashire Constabulary,Lancashire Constabulary,-2.716286,53.801319,On or near Pedestrian Subway,E01025277,Preston 002B,Criminal damage and arson,Status update unavailable,
3a936dde464fb97d1ec0b9266f1c73dde0ad9ed53b47e7b6810a6959a317880e,2019-05,Lancashire Constabulary,Lancashire Constabulary,-2.728284,53.808500,On or near Woodplumpton Lane,E01025277,Preston 002B,Other theft,Status update unavailable,
08c50c200d02ff5b2d47fbdf90a63a4bce24eb368192657ae3573cb3c221b29c,2019-05,Lancashire Constabulary,Lancashire Constabulary,-2.734082,53.810029,On or near Newsham Hall Lane,E01025277,Preston 002B,Other theft,Status update unavailable,
62fe3022d83ec98e63d78b94ade14b6a30ca1d2a0edd1060c7d75290df5bd28e,2019-05,Lancashire Constabulary,Lancashire Constabulary,-2.717429,53.803298,On or near Church Lane,E01025277,Preston 002B,Other theft,Status update unavailable,
17e83eba0d98962fba9e683ace10aba8f231c9ba47e65e673b212b51544c99af,2019-05,Lancashire Constabulary,Lancashire Constabulary,-2.728284,53.808500,On or near Woodplumpton Lane,E01025277,Preston 002B,Possession of weapons,Offender given a caution,
79e9b4164261b13a0fed974b21d2ad367ad1a68b323167c827aa7d8f6275fa61,2019-05,Lancashire Constabulary,Lancashire Constabulary,-2.713949,53.812972,On or near Whittingham Lane,E01025277,Preston 002B,Vehicle crime,Status update unavailable,
022ec4e3da613ac5ac60b0f4bd17b654e8ddbb144993f756337b996b2f89254e,2019-05,Lancashire Constabulary,Lancashire Constabulary,-2.703723,53.802723,On or near Highrigg Drive,E01025277,Preston 002B,Violence and sexual offences,Unable to prosecute suspect,
bab48d3f5b36d3eb3ca02f73a1289d55eeafb4b6b20494cfbaa71d78f97f7712,2019-05,Lancashire Constabulary,Lancashire Constabulary,-2.703723,53.802723,On or near Highrigg Drive,E01025277,Preston 002B,Violence and sexual offences,Unable to prosecute suspect,
,2019-05,Lancashire Constabulary,Lancashire Constabulary,-2.747900,53.791194,On or near Tom Benson Way,E01025280,Preston 002C,Anti-social behaviour,,
,2019-05,Lancashire Constabulary,Lancashire Constabulary,-2.751804,53.789623,On or near Bude Close,E01025280,Preston 002C,Anti-social behaviour,,
,2019-05,Lancashire Constabulary,Lancashire Constabulary,-2.759641,53.804180,On or near The Orchard,E01025280,Preston 002C,Anti-social behaviour,,
,2019-05,Lancashire Constabulary,Lancashire Constabulary,-2.747900,53.791194,On or near Tom Benson Way,E01025280,Preston 002C,Anti-social behaviour,,
35f818fd2d7a2b70c8371abd385493aa908ea305951cfebd60f5ff4c68291706,2019-05,Lancashire Constabulary,Lancashire Constabulary,-2.755582,53.788719,On or near Hoyle'S Lane,E01025280,Preston 002C,Burglary,Status update unavailable,
2a23641f1f7f70d764aeabd4cda98e2ba6b8f9d2b6fd7bdeca1240fa04ddce2b,2019-05,Lancashire Constabulary,Lancashire Constabulary,-2.783857,53.800761,On or near Hospital,E01025280,Preston 002C,Criminal damage and arson,Status update unavailable,
92731c322e80601f6158dd4ae86b24218419e152e8239f9b24f556ea579673ad,2019-05,Lancashire Constabulary,Lancashire Constabulary,-2.761499,53.786875,On or near The Granings,E01025280,Preston 002C,Other theft,Status update unavailable,
480db4f96d74a5eb7c95ab0b86ce7da99612224ea193c2dc9a572ee973cd2d72,2019-05,Lancashire Constabulary,Lancashire Constabulary,-2.749647,53.790401,On or near Tag Lane,E01025280,Preston 002C,Vehicle crime,Status update unavailable,
d30e1e6f6548e03b545a4c809d1f005eecf0f3947f9398f9866963b3c99d52ca,2019-05,Lancashire Constabulary,Lancashire Constabulary,-2.783857,53.800761,On or near Hospital,E01025280,Preston 002C,Violence and sexual offences,Unable to prosecute suspect,
d22d07a240ac97bc504d6645ee71fcd67961191744ed825ca2002dca251fc8f5,2019-05,Lancashire Constabulary,Lancashire Constabulary,-2.783857,53.800761,On or near Hospital,E01025280,Preston 002C,Violence and sexual offences,Formal action is not in the public interest,
845dce36ec2023a13c28eb593287c060f9080b4c2a0c815e1e8da9b1dcc62aeb,2019-05,Lancashire Constabulary,Lancashire Constabulary,-2.761696,53.786865,On or near Hoyles Lane,E01025280,Preston 002C,Violence and sexual offences,Unable to prosecute suspect,
155a4d825ba511b8d31a90326b21ceed5f8b338ea66fbca15b2f10447fce5550,2019-05,Lancashire Constabulary,Lancashire Constabulary,-2.761696,53.786865,On or near Hoyles Lane,E01025280,Preston 002C,Violence and sexual offences,Status update unavailable,
06d07fae50ef8185bc18271368ef2593e7b631f39fc0d272b3153343bf27a491,2019-05,Lancashire Constabulary,Lancashire Constabulary,-2.761696,53.786865,On or near Hoyles Lane,E01025280,Preston 002C,Violence and sexual offences,Unable to prosecute suspect,
3ba92f5666338462caec5cba3b078b426e4cddd0c630b088a9b03a9840bec4c4,2019-05,Lancashire Constabulary,Lancashire Constabulary,-2.761696,53.786865,On or near Hoyles Lane,E01025280,Preston 002C,Violence and sexual offences,Unable to prosecute suspect,
4a3e43b5d64256eee6dc33b899d54f13c21a87b1063284441d799c6fc66a421e,2019-05,Lancashire Constabulary,Lancashire Constabulary,-2.761696,53.786865,On or near Hoyles Lane,E01025280,Preston 002C,Violence and sexual offences,Unable to prosecute suspect,
d01f007aeb7dbe9c1d8640b0c9603e3d34bae9460745c9b5ead1a4b7759b6e04,2019-05,Lancashire Constabulary,Lancashire Constabulary,-2.776884,53.833371,On or near Brierley Lane,E01025280,Preston 002C,Violence and sexual offences,Unable to prosecute suspect,
67bb348f1e343a357ff87ab4fc0513d330046b4f34625bc3b9b5cec7759a354d,2019-05,Lancashire Constabulary,Lancashire Constabulary,-2.761696,53.786865,On or near Hoyles Lane,E01025280,Preston 002C,Violence and sexual offences,Unable to prosecute suspect,
8a28c11acce89e34ee15f9565b23e43abaf5e20dd7711698cf2f2ab593d04716,2019-05,Lancashire Constabulary,Lancashire Constabulary,-2.761499,53.786875,On or near The Granings,E01025280,Preston 002C,Violence and sexual offences,Status update unavailable,
c8164b1834c052489ea2b8312f7c60c19faf48ca19a5020774135fb58426a639,2019-05,Lancashire Constabulary,Lancashire Constabulary,-2.761696,53.786865,On or near Hoyles Lane,E01025280,Preston 002C,Violence and sexual offences,Unable to prosecute suspect,
da5c3d805c637d32543df26853e273aa8efcad450a2e09cc9b1b6eeaefb5541a,2019-05,Lancashire Constabulary,Lancashire Constabulary,-2.761499,53.786875,On or near The Granings,E01025280,Preston 002C,Violence and sexual offences,Unable to prosecute suspect,
91dcc9e401402c0ec2b15c5b7428d9c13e66e43532f314881a51a5540c21e9ac,2019-05,Lancashire Constabulary,Lancashire Constabulary,-2.761696,53.786865,On or near Hoyles Lane,E01025280,Preston 002C,Violence and sexual offences,Unable to prosecute suspect,
b6ac645234ad06de29c1f674bfa9a75529b05c21a92371ce70f7b5b958603f89,2019-05,Lancashire Constabulary,Lancashire Constabulary,-2.761696,53.786865,On or near Hoyles Lane,E01025280,Preston 002C,Violence and sexual offences,Unable to prosecute suspect,
,2019-05,Lancashire Constabulary,Lancashire Constabulary,-2.737267,53.830592,On or near Parking Area,E01025281,Preston 002D,Anti-social behaviour,,
f348913fd3a03f14431f03055b161d574cb389feeeb62e6af776e4a6f876c427,2019-05,Lancashire Constabulary,Lancashire Constabulary,-2.737531,53.832640,On or near The Conifers,E01025281,Preston 002D,Burglary,Status update unavailable,
4d54442f6681514cbf78aebd0a418f5c0860f35c5872ac85cd8399f603d4f137,2019-05,Lancashire Constabulary,Lancashire Constabulary,-2.735678,53.796276,On or near Sports/Recreation Area,E01025281,Preston 002D,Criminal damage and arson,Status update unavailable,
3f7785fc21d1d08c4079a53305b9869371eb663e65b5bb7a905eddc590e9bb0b,2019-05,Lancashire Constabulary,Lancashire Constabulary,-2.734801,53.832027,On or near Holmeswood Crescent,E01025281,Preston 002D,Violence and sexual offences,Unable to prosecute suspect,
d220dbf663c1d9fa292a4ea0b72cc1e592828bb8679e883ca0cf836cb413c719,2019-05,Lancashire Constabulary,Lancashire Constabulary,-2.758542,53.809733,On or near Woodplumpton Road,E01025281,Preston 002D,Other crime,Status update unavailable,
,2019-05,Lancashire Constabulary,Lancashire Constabulary,-2.716652,53.791582,On or near Northway,E01025256,Preston 003A,Anti-social behaviour,,
,2019-05,Lancashire Constabulary,Lancashire Constabulary,-2.715284,53.791492,On or near Broadway,E01025256,Preston 003A,Anti-social behaviour,,
,2019-05,Lancashire Constabulary,Lancashire Constabulary,-2.718519,53.783599,On or near Ridgeford Gardens,E01025256,Preston 003A,Anti-social behaviour,,
,2019-05,Lancashire Constabulary,Lancashire Constabulary,-2.716652,53.791582,On or near Northway,E01025256,Preston 003A,Anti-social behaviour,,
5adead5f6b97e113fea02ab28ae47bded4f818f2f0e869b946de861bf6242f8e,2019-05,Lancashire Constabulary,Lancashire Constabulary,-2.715485,53.792596,On or near Greenway,E01025256,Preston 003A,Burglary,Unable to prosecute suspect,
0f1e236608718ef6844e78f03ccb9d2ac0f42f507b6a5c106535faeca7845301,2019-05,Lancashire Constabulary,Lancashire Constabulary,-2.718519,53.783599,On or near Ridgeford Gardens,E01025256,Preston 003A,Criminal damage and arson,Further investigation is not in the public interest,
fed1afaad587ddc4bde363a83ac8e7dd5d52196b25b9f06f4d53596dbbae2e5d,2019-05,Lancashire Constabulary,Lancashire Constabulary,-2.712738,53.787256,On or near Petrol Station,E01025256,Preston 003A,Other theft,Status update unavailable,
3ce8f8033fba34691ff35be5acc68cf28515ef9bcd82fc70c95fc5e536011c3f,2019-05,Lancashire Constabulary,Lancashire Constabulary,-2.718519,53.783599,On or near Ridgeford Gardens,E01025256,Preston 003A,Public order,Unable to prosecute suspect,
51ccd4c1726f1b98b708b4d605902e65bb4c90bf1a9f40f9b00c1596b62c9384,2019-05,Lancashire Constabulary,Lancashire Constabulary,-2.718519,53.783599,On or near Ridgeford Gardens,E01025256,Preston 003A,Public order,Further investigation is not in the public interest,
7a337544faab7d72cd6d1561bf334da6d633ee1d4e2287a05bcb56c9b79eeebb,2019-05,Lancashire Constabulary,Lancashire Constabulary,-2.713292,53.790362,On or near Hawkhurst Avenue,E01025256,Preston 003A,Public order,Offender given penalty notice,
aee9b3a93fd3874c0ce459aad74a34dfd7a9a00dc848de517c196628e1fb4160,2019-05,Lancashire Constabulary,Lancashire Constabulary,-2.712738,53.787256,On or near Petrol Station,E01025256,Preston 003A,Shoplifting,Status update unavailable,
9400fd8d5287b45a341dbebe6eea263eb38184922a2f2d2abeb65e5c6ac1bce1,2019-05,Lancashire Constabulary,Lancashire Constabulary,-2.718519,53.783599,On or near Ridgeford Gardens,E01025256,Preston 003A,Shoplifting,Status update unavailable,
f1483eb7fa182cf11634e7527a4e4eb5275480c372f42ff24b3b205e3c76d55a,2019-05,Lancashire Constabulary,Lancashire Constabulary,-2.716652,53.791582,On or near Northway,E01025256,Preston 003A,Vehicle crime,Status update unavailable,
fae4b99a8f2bbd0cd0c26b3efca042315dcfc698314872dcaac892eeb15d4d77,2019-05,Lancashire Constabulary,Lancashire Constabulary,-2.718519,53.783599,On or near Ridgeford Gardens,E01025256,Preston 003A,Vehicle crime,Status update unavailable,
982b8efad878cfededec98f96d96c42ee3cecec850651f393bb3fbef84bc92c7,2019-05,Lancashire Constabulary,Lancashire Constabulary,-2.718519,53.783599,On or near Ridgeford Gardens,E01025256,Preston 003A,Vehicle crime,Status update unavailable,
11196fe5353121a980e1d4463604dd8df03ccfa040a130a3ae5e808158a92789,2019-05,Lancashire Constabulary,Lancashire Constabulary,-2.713292,53.790362,On or near Hawkhurst Avenue,E01025256,Preston 003A,Violence and sexual offences,Status update unavailable,
cd65bd83e44f566a88c40831fec930d7d3b7e552bfbfcd3db0e1252663b80d08,2019-05,Lancashire Constabulary,Lancashire Constabulary,-2.713292,53.790362,On or near Hawkhurst Avenue,E01025256,Preston 003A,Violence and sexual offences,Unable to prosecute suspect,
b7acb545b48daf778fd6e2e8cdc60cc43ab8b5346036f5b7b249053770b337e1,2019-05,Lancashire Constabulary,Lancashire Constabulary,-2.715861,53.788837,On or near Hawkhurst Avenue,E01025256,Preston 003A,Violence and sexual offences,Unable to prosecute suspect,
2379757e4fc9e73d17cd60862e4a38ea47de0e2b9768e4611701b107a1e8896e,2019-05,Lancashire Constabulary,Lancashire Constabulary,-2.715861,53.788837,On or near Hawkhurst Avenue,E01025256,Preston 003A,Violence and sexual offences,Unable to prosecute suspect,
,2019-05,Lancashire Constabulary,Lancashire Constabulary,-2.717695,53.786866,On or near Black Bull Lane,E01025258,Preston 003B,Anti-social behaviour,,
,2019-05,Lancashire Constabulary,Lancashire Constabulary,-2.717695,53.786866,On or near Black Bull Lane,E01025258,Preston 003B,Anti-social behaviour,,
,2019-05,Lancashire Constabulary,Lancashire Constabulary,-2.717695,53.786866,On or near Black Bull Lane,E01025258,Preston 003B,Anti-social behaviour,,
,2019-05,Lancashire Constabulary,Lancashire Constabulary,-2.717695,53.786866,On or near Black Bull Lane,E01025258,Preston 003B,Anti-social behaviour,,
,2019-05,Lancashire Constabulary,Lancashire Constabulary,-2.717695,53.786866,On or near Black Bull Lane,E01025258,Preston 003B,Anti-social behaviour,,
,2019-05,Lancashire Constabulary,Lancashire Constabulary,-2.718744,53.791399,On or near Janice Drive,E01025258,Preston 003B,Anti-social behaviour,,
,2019-05,Lancashire Constabulary,Lancashire Constabulary,-2.717695,53.786866,On or near Black Bull Lane,E01025258,Preston 003B,Anti-social behaviour,,
,2019-05,Lancashire Constabulary,Lancashire Constabulary,-2.722896,53.789226,On or near Conway Drive,E01025258,Preston 003B,Anti-social behaviour,,
cd29a214ddefee03c412af76457451e77ba0ef0e7392239a738888f58df48f3d,2019-05,Lancashire Constabulary,Lancashire Constabulary,-2.717695,53.786866,On or near Black Bull Lane,E01025258,Preston 003B,Criminal damage and arson,Status update unavailable,
ddcacfdaccad3a6623934fa1ec59548bb392b313796e17a0ed89112f52ebbd1b,2019-05,Lancashire Constabulary,Lancashire Constabulary,-2.717695,53.786866,On or near Black Bull Lane,E01025258,Preston 003B,Criminal damage and arson,Status update unavailable,
624442d16ac776910dc25d72f4e58de11d7e54a4dbf5d6d66d48abe271fd8191,2019-05,Lancashire Constabulary,Lancashire Constabulary,-2.717695,53.786866,On or near Black Bull Lane,E01025258,Preston 003B,Criminal damage and arson,Investigation complete; no suspect identified,
f708ce6c141d1bb97e6876459b54520ace9f498e4523d6a42f5a26b4f6c8c84f,2019-05,Lancashire Constabulary,Lancashire Constabulary,-2.717695,53.786866,On or near Black Bull Lane,E01025258,Preston 003B,Criminal damage and arson,Status update unavailable,
2fc2615798f36eb7429d4c2f619363b4f70be2949263a98a075fab26952f6668,2019-05,Lancashire Constabulary,Lancashire Constabulary,-2.717695,53.786866,On or near Black Bull Lane,E01025258,Preston 003B,Criminal damage and arson,Status update unavailable,
285d2bf50e7e9d59dcb91b5403813d2a39ccee7191c70c236fb0d9852f2de424,2019-05,Lancashire Constabulary,Lancashire Constabulary,-2.717695,53.786866,On or near Black Bull Lane,E01025258,Preston 003B,Criminal damage and arson,Status update unavailable,
1eb39220555c3b301474c9388b07ec0866b4efc51466d04410bd29ef72c0263e,2019-05,Lancashire Constabulary,Lancashire Constabulary,-2.721869,53.785098,On or near Colebatch,E01025258,Preston 003B,Drugs,Further investigation is not in the public interest,
f5891e64401f37521714476d975924478ff31ce0d937651f06a7e29587a39acd,2019-05,Lancashire Constabulary,Lancashire Constabulary,-2.718735,53.789997,On or near The Turnpike,E01025258,Preston 003B,Vehicle crime,Status update unavailable,
25f555c7e5170b12faddb356402a2f47ab16c5edd0591761db865dff0fd1a8e4,2019-05,Lancashire Constabulary,Lancashire Constabulary,-2.724608,53.789072,On or near Stour Lodge,E01025258,Preston 003B,Violence and sexual offences,Unable to prosecute suspect,
037a28375820b4ad225cb0a8a88acd3b9c5d7ea2df204f3337687ac2a529c128,2019-05,Lancashire Constabulary,Lancashire Constabulary,-2.717695,53.786866,On or near Black Bull Lane,E01025258,Preston 003B,Violence and sexual offences,Status update unavailable,
d0be6346f17b3683aa6958a8dec121d1382c8e44853ab0942c2094ded1f4d5ac,2019-05,Lancashire Constabulary,Lancashire Constabulary,-2.721869,53.785098,On or near Colebatch,E01025258,Preston 003B,Violence and sexual offences,Unable to prosecute suspect,
,2019-05,Lancashire Constabulary,Lancashire Constabulary,-2.720508,53.793366,On or near Menai Drive,E01025259,Preston 003C,Anti-social behaviour,,
ba8b3255ea6b160a37d6185646fb9a4da7e80acb5e3f0cd693d8b27f96746a13,2019-05,Lancashire Constabulary,Lancashire Constabulary,-2.716897,53.792633,On or near Edenway,E01025259,Preston 003C,Criminal damage and arson,Status update unavailable,
62073868b51a22d6150dfe1b6604ac0c6c64569b56666f018968cd7d2aa27b9d,2019-05,Lancashire Constabulary,Lancashire Constabulary,-2.718438,53.794852,On or near Chestnut Drive,E01025259,Preston 003C,Criminal damage and arson,Status update unavailable,
57cf5a5d4a8b49ad85a18a09175678e0fecd68ce715a62e460234df39f33780a,2019-05,Lancashire Constabulary,Lancashire Constabulary,-2.720508,53.793366,On or near Menai Drive,E01025259,Preston 003C,Criminal damage and arson,Status update unavailable,
a7de27f0afea8efd118a5be45be7f1a52921be5e8a5bffbf7405cddd3e0ec97c,2019-05,Lancashire Constabulary,Lancashire Constabulary,-2.727256,53.796453,On or near Lightfoot Lane,E01025259,Preston 003C,Vehicle crime,Status update unavailable,
acf944403d8f44a717a2826451ef74744f24a7e49b3923e0649c99984f761c9c,2019-05,Lancashire Constabulary,Lancashire Constabulary,-2.716818,53.794188,On or near Ashwood Road,E01025259,Preston 003C,Vehicle crime,Status update unavailable,
c5237344b8101af35a2bc73f39334bc64eb8e1575c1e5be14cda2650b4dbc237,2019-05,Lancashire Constabulary,Lancashire Constabulary,-2.720508,53.793366,On or near Menai Drive,E01025259,Preston 003C,Violence and sexual offences,Status update unavailable,
,2019-05,Lancashire Constabulary,Lancashire Constabulary,-2.706095,53.792966,On or near Heversham Avenue,E01025299,Preston 003D,Anti-social behaviour,,
,2019-05,Lancashire Constabulary,Lancashire Constabulary,-2.705636,53.792771,On or near Parking Area,E01025299,Preston 003D,Anti-social behaviour,,
1f73561d83b41dc017ba8289a63f4cd43e041278b70c6f82b7aa55cebe985e99,2019-05,Lancashire Constabulary,Lancashire Constabulary,-2.710641,53.795222,On or near South Drive,E01025299,Preston 003D,Burglary,Status update unavailable,
3b2002c492aa3d5cefcde2aabd2da61bd487543ff6f72128db93716b897c7005,2019-05,Lancashire Constabulary,Lancashire Constabulary,-2.707608,53.793560,On or near Sandwick Close,E01025299,Preston 003D,Criminal damage and arson,Status update unavailable,
c4cd2a602a2b5399215ea5cecced64733554666f394be6df459c9d12500b52b8,2019-05,Lancashire Constabulary,Lancashire Constabulary,-2.707586,53.794980,On or near Tinkerfield,E01025299,Preston 003D,Other theft,Status update unavailable,
7e25ae60b14716a3db9286cc48a06f2f9b6b2311e01734ff3b3688aed126140e,2019-05,Lancashire Constabulary,Lancashire Constabulary,-2.707608,53.793560,On or near Sandwick Close,E01025299,Preston 003D,Other theft,Status update unavailable,
5f94a89ee1c61c31e6d17664a4bec070bdad3ddeb8ba91f8d15108ddd53fc47f,2019-05,Lancashire Constabulary,Lancashire Constabulary,-2.712326,53.792516,On or near Marina Drive,E01025299,Preston 003D,Public order,Status update unavailable,
a63bfbadbb0dad48867e593398d4c8b9ad8627530a4c8a50cb617712ef3ff182,2019-05,Lancashire Constabulary,Lancashire Constabulary,-2.706095,53.792966,On or near Heversham Avenue,E01025299,Preston 003D,Shoplifting,Unable to prosecute suspect,
2228427bab2b56f02297a1b3bc66e239fc6cecf774e3c876aeef87292ac5a6e3,2019-05,Lancashire Constabulary,Lancashire Constabulary,-2.706095,53.792966,On or near Heversham Avenue,E01025299,Preston 003D,Shoplifting,Investigation complete; no suspect identified,
84d1f05901c79b298ea92e916b8a1c642c919f9b50c662aaae7955cfde8fa0ff,2019-05,Lancashire Constabulary,Lancashire Constabulary,-2.712278,53.790548,On or near Raleigh Road,E01025299,Preston 003D,Violence and sexual offences,Status update unavailable,
11997ff5a0156813dd15f6242054045c375bc6c3151c1200362c3c35d6aee398,2019-05,Lancashire Constabulary,Lancashire Constabulary,-2.705636,53.792771,On or near Parking Area,E01025299,Preston 003D,Violence and sexual offences,Status update unavailable,
27652df6bbb93a18e9f802515d0f619ebab5bfbb5dd56a95fad113716f160a0d,2019-05,Lancashire Constabulary,Lancashire Constabulary,-2.712326,53.792516,On or near Marina Drive,E01025299,Preston 003D,Violence and sexual offences,Unable to prosecute suspect,
84c46220ab75a5aed69239cc58e443e4793ea450160a2ad191b29ebc550cd914,2019-05,Lancashire Constabulary,Lancashire Constabulary,-2.712278,53.790548,On or near Raleigh Road,E01025299,Preston 003D,Other crime,Action to be taken by another organisation,
32a3e9c089ca296f8e79635cd6adb3ba0f7222b1516f71f24f8941eb509b1152,2019-05,Lancashire Constabulary,Lancashire Constabulary,-2.705248,53.795857,On or near Meadowfield,E01025301,Preston 003E,Violence and sexual offences,Action to be taken by another organisation,
,2019-05,Lancashire Constabulary,Lancashire Constabulary,-2.713186,53.797544,On or near Highfield Drive,E01025302,Preston 003F,Anti-social behaviour,,
791d48c9ce48f490b140dcc08e9009a7211e4ba719bdab7c0652c4d128897874,2019-05,Lancashire Constabulary,Lancashire Constabulary,-2.704834,53.794709,On or near Broadwood Drive,E01025302,Preston 003F,Vehicle crime,Status update unavailable,
f466da1ef0ba755e3f9e29a3212e0e45d67d01bdfac2d3fa6a9e2df4bb744eab,2019-05,Lancashire Constabulary,Lancashire Constabulary,-2.703319,53.793998,On or near Singleton Close,E01025302,Preston 003F,Violence and sexual offences,Status update unavailable,
9aa39b995323023943a0c15ef92b58639f198ce2e2c912dac9766b4cf2db876f,2019-05,Lancashire Constabulary,Lancashire Constabulary,-2.706319,53.793684,On or near Goodwood Avenue,E01025302,Preston 003F,Violence and sexual offences,Status update unavailable,
,2019-05,Lancashire Constabulary,Lancashire Constabulary,-2.683125,53.790987,On or near Loxley Green,E01025253,Preston 004A,Anti-social behaviour,,
,2019-05,Lancashire Constabulary,Lancashire Constabulary,-2.683125,53.790987,On or near Loxley Green,E01025253,Preston 004A,Anti-social behaviour,,
,2019-05,Lancashire Constabulary,Lancashire Constabulary,-2.683125,53.790987,On or near Loxley Green,E01025253,Preston 004A,Anti-social behaviour,,
8b862a27473f0d9732bb6e04f1a41b464d6f4b6dbffafde8a7ce39e3bbbc87c7,2019-05,Lancashire Constabulary,Lancashire Constabulary,-2.683125,53.790987,On or near Loxley Green,E01025253,Preston 004A,Shoplifting,Status update unavailable,
387e66138087697c5d2fe87ecc049b8a4b5bef4f41bf721800f0fa670929449f,2019-05,Lancashire Constabulary,Lancashire Constabulary,-2.683125,53.790987,On or near Loxley Green,E01025253,Preston 004A,Shoplifting,Status update unavailable,
bb5407142537fd09719b4ea3fc9d7dab4510a0eda9e6b4f542de601da97d097e,2019-05,Lancashire Constabulary,Lancashire Constabulary,-2.683125,53.790987,On or near Loxley Green,E01025253,Preston 004A,Shoplifting,Status update unavailable,
2c0bdbdc10ebc2196698773aabdf3a23e0e6b93490bf69e9265d12ef7ca95a59,2019-05,Lancashire Constabulary,Lancashire Constabulary,-2.669052,53.789916,On or near The Warren,E01025253,Preston 004A,Violence and sexual offences,Unable to prosecute suspect,
fe8955cea4f869d80867bb0b28129888d8d54eefc8b9a813ed65dd21ba3bd828,2019-05,Lancashire Constabulary,Lancashire Constabulary,-2.669266,53.789088,On or near Ashdown Mews,E01025253,Preston 004A,Violence and sexual offences,Unable to prosecute suspect,
a91dedd68598bf1734920dedbc2b36520899b750745f7e46b639af73432e3c81,2019-05,Lancashire Constabulary,Lancashire Constabulary,-2.679687,53.793353,On or near Williams Lane,E01025253,Preston 004A,Violence and sexual offences,Unable to prosecute suspect,
6e662af8efb1a339abbac6c8c6e65740e276d7da66fe3e7c8f18af04c91928ad,2019-05,Lancashire Constabulary,Lancashire Constabulary,-2.675612,53.791057,On or near Kingsbarn Close,E01025253,Preston 004A,Violence and sexual offences,Unable to prosecute suspect,
,2019-05,Lancashire Constabulary,Lancashire Constabulary,-2.683677,53.782913,On or near Melrose Avenue,E01025254,Preston 004B,Anti-social behaviour,,
7638d01fd9ed51ce16147141cc644396c083f152c2fb4943707052387bfe308d,2019-05,Lancashire Constabulary,Lancashire Constabulary,-2.680850,53.785463,On or near Fulwood Heights,E01025254,Preston 004B,Criminal damage and arson,Status update unavailable,
,2019-05,Lancashire Constabulary,Lancashire Constabulary,-2.671696,53.785362,On or near Neapsands Close,E01025255,Preston 004C,Anti-social behaviour,,
,2019-05,Lancashire Constabulary,Lancashire Constabulary,-2.679425,53.786532,On or near The Lodgings,E01025255,Preston 004C,Anti-social behaviour,,
,2019-05,Lancashire Constabulary,Lancashire Constabulary,-2.653009,53.791964,On or near Petrol Station,E01025255,Preston 004C,Anti-social behaviour,,
,2019-05,Lancashire Constabulary,Lancashire Constabulary,-2.671696,53.785362,On or near Neapsands Close,E01025255,Preston 004C,Anti-social behaviour,,
f42e05a14b8e7910c859b8a31032cf6a4f07d886621410863abdf100479225a4,2019-05,Lancashire Constabulary,Lancashire Constabulary,-2.653009,53.791964,On or near Petrol Station,E01025255,Preston 004C,Burglary,Status update unavailable,
aa63923eca5d4d7d7f5c4d29c6f9dbdf5923ec9f512aaac910e8b7c03a17b081,2019-05,Lancashire Constabulary,Lancashire Constabulary,-2.662154,53.786611,On or near Sandybrook Close,E01025255,Preston 004C,Burglary,Status update unavailable,
48d4cdebd25f2d8b49dbbe80ff5b7a3f809adcc3d596ebcb9e314a1ff0e7fadf,2019-05,Lancashire Constabulary,Lancashire Constabulary,-2.670778,53.786779,On or near Whinsands Close,E01025255,Preston 004C,Other theft,Status update unavailable,
139ce336e165dc2237ad7dcbc69711d12f505e12d59fa70b15fa37d49de85dc6,2019-05,Lancashire Constabulary,Lancashire Constabulary,-2.663606,53.787250,On or near The Close,E01025255,Preston 004C,Public order,Status update unavailable,
1af56bccbadcc82f77a75586d08f04ff774a8c84f3b6f60455accd87a8c38a83,2019-05,Lancashire Constabulary,Lancashire Constabulary,-2.668718,53.788021,On or near Longsands Lane,E01025255,Preston 004C,Vehicle crime,Status update unavailable,
,2019-05,Lancashire Constabulary,Lancashire Constabulary,-2.707055,53.792269,On or near Parking Area,E01025300,Preston 004D,Anti-social behaviour,,
,2019-05,Lancashire Constabulary,Lancashire Constabulary,-2.707055,53.792269,On or near Parking Area,E01025300,Preston 004D,Anti-social behaviour,,
,2019-05,Lancashire Constabulary,Lancashire Constabulary,-2.707055,53.792269,On or near Parking Area,E01025300,Preston 004D,Anti-social behaviour,,
,2019-05,Lancashire Constabulary,Lancashire Constabulary,-2.707055,53.792269,On or near Parking Area,E01025300,Preston 004D,Anti-social behaviour,,
0fc46b70c9d91cdfb7117ef59f8dc9dc676566b26bfea72adf72d7bbb1da9746,2019-05,Lancashire Constabulary,Lancashire Constabulary,-2.707055,53.792269,On or near Parking Area,E01025300,Preston 004D,Bicycle theft,Status update unavailable,
c76b52d309199249872d557aab7904d4eec532a1cd2ab6dba4db19bdb468e930,2019-05,Lancashire Constabulary,Lancashire Constabulary,-2.707055,53.792269,On or near Parking Area,E01025300,Preston 004D,Burglary,Status update unavailable,
93c50bde283e0f3bf7c06e3479e010fe46376139301f2c138686a03f04112aa8,2019-05,Lancashire Constabulary,Lancashire Constabulary,-2.707055,53.792269,On or near Parking Area,E01025300,Preston 004D,Criminal damage and arson,Awaiting court outcome,
ffee34aef89efccb3d66c7fd154b200759574880657addab75ccddd07ea3c8d3,2019-05,Lancashire Constabulary,Lancashire Constabulary,-2.696750,53.786918,On or near The Paddock,E01025300,Preston 004D,Criminal damage and arson,Status update unavailable,
902c600a484fb15235978026a09969ef382cbca6c9f33efedc0f1c1b86c2e4e1,2019-05,Lancashire Constabulary,Lancashire Constabulary,-2.701381,53.792491,On or near Castle Mount,E01025300,Preston 004D,Criminal damage and arson,Status update unavailable,
96acc8d794c2859a648be57720a03ed159562f1039e3facef306d684d14409d2,2019-05,Lancashire Constabulary,Lancashire Constabulary,-2.707055,53.792269,On or near Parking Area,E01025300,Preston 004D,Criminal damage and arson,Unable to prosecute suspect,
724b8bc2533497ed350785bdc04fcf8cdb598f36cf80a655ebcaa1bfc53b4a19,2019-05,Lancashire Constabulary,Lancashire Constabulary,-2.696750,53.786918,On or near The Paddock,E01025300,Preston 004D,Drugs,Status update unavailable,
730481869c481d6725406eba95302bf773ce807639539584865faa19febc9651,2019-05,Lancashire Constabulary,Lancashire Constabulary,-2.707055,53.792269,On or near Parking Area,E01025300,Preston 004D,Drugs,Status update unavailable,
7b5a9df9bcf85eda2bf38ca5cb21ab2c569f2d20207455f00db2c025411a6107,2019-05,Lancashire Constabulary,Lancashire Constabulary,-2.701381,53.792491,On or near Castle Mount,E01025300,Preston 004D,Other theft,Status update unavailable,
d1540c59aa380f11d93eca1878520deca1806c0b79bb6e6804e586f95518fc54,2019-05,Lancashire Constabulary,Lancashire Constabulary,-2.704511,53.790854,On or near Hospital,E01025300,Preston 004D,Other theft,Further investigation is not in the public interest,
444d563194eebcf965c7ced7bd759964d9d6d389ed2c7c0ec41c4f4b11f7618a,2019-05,Lancashire Constabulary,Lancashire Constabulary,-2.701381,53.792491,On or near Castle Mount,E01025300,Preston 004D,Other theft,Status update unavailable,
caa91a03045a5ef55817797163510abe8778ad25f32137adfe40ceb176d6ca89,2019-05,Lancashire Constabulary,Lancashire Constabulary,-2.707055,53.792269,On or near Parking Area,E01025300,Preston 004D,Public order,Status update unavailable,
ade78c67363c7d1b087ad97573f3f06ec27dd1a8929900af3914d74d32e34ed2,2019-05,Lancashire Constabulary,Lancashire Constabulary,-2.707055,53.792269,On or near Parking Area,E01025300,Preston 004D,Public order,Status update unavailable,
561b784e2f7cff8c7865967371f795e4f67f140552dcb83a9b344e680bd4f405,2019-05,Lancashire Constabulary,Lancashire Constabulary,-2.707055,53.792269,On or near Parking Area,E01025300,Preston 004D,Public order,Unable to prosecute suspect,
9f2506d3e1591dcf9408443b0be55db3baa21ab54bcabc64dda2d6ff0796c638,2019-05,Lancashire Constabulary,Lancashire Constabulary,-2.707055,53.792269,On or near Parking Area,E01025300,Preston 004D,Public order,Unable to prosecute suspect,
74f2c7bb721e9172961b562122e722dce277718a941308e3072995c15b3b213c,2019-05,Lancashire Constabulary,Lancashire Constabulary,-2.707055,53.792269,On or near Parking Area,E01025300,Preston 004D,Public order,Status update unavailable,
e4292242791265feb65d39306d1ac379cb28aa6ead7cdaf95c62a93a84112b68,2019-05,Lancashire Constabulary,Lancashire Constabulary,-2.707055,53.792269,On or near Parking Area,E01025300,Preston 004D,Violence and sexual offences,Status update unavailable,
cf6b6ef4fb4df2569ce7c4014462d707b38fe142175f9b2b1dac984f056a1061,2019-05,Lancashire Constabulary,Lancashire Constabulary,-2.707055,53.792269,On or near Parking Area,E01025300,Preston 004D,Violence and sexual offences,Unable to prosecute suspect,
44ba5b1584d3d7b8ba427b108a3137b76f0decddd799342b9bce3ab0cb4c2da9,2019-05,Lancashire Constabulary,Lancashire Constabulary,-2.707055,53.792269,On or near Parking Area,E01025300,Preston 004D,Violence and sexual offences,Awaiting court outcome,
a1c95a7cca9c3616ad09af8351fe2108eb55c3e3ef970272e7d9c1d036157ccb,2019-05,Lancashire Constabulary,Lancashire Constabulary,-2.707055,53.792269,On or near Parking Area,E01025300,Preston 004D,Violence and sexual offences,Unable to prosecute suspect,
56fa851aebfc65b07b7abbc51ab8fd6a61144d9a8ec5a01151f5c0a51175e53b,2019-05,Lancashire Constabulary,Lancashire Constabulary,-2.707055,53.792269,On or near Parking Area,E01025300,Preston 004D,Violence and sexual offences,Status update unavailable,
556f1aa30e6cecfdcf9f9077990e1b42a5c5acafe5e3e6ebecc448d917ee2940,2019-05,Lancashire Constabulary,Lancashire Constabulary,-2.707055,53.792269,On or near Parking Area,E01025300,Preston 004D,Violence and sexual offences,Status update unavailable,
b182e34b14d3fd37b12ad3d21b4398744042c6e8c69a6ddfcf40a0d12118ab68,2019-05,Lancashire Constabulary,Lancashire Constabulary,-2.707055,53.792269,On or near Parking Area,E01025300,Preston 004D,Violence and sexual offences,Status update unavailable,
dfc61e3a6305f03d957ac71180c75b3b907ab2d3d3e65ad2e38148a83709ab30,2019-05,Lancashire Constabulary,Lancashire Constabulary,-2.707055,53.792269,On or near Parking Area,E01025300,Preston 004D,Violence and sexual offences,Unable to prosecute suspect,
6e508e68550558fe2b9d9372e51e7b6731c91e31984e979a11b3817eac66925a,2019-05,Lancashire Constabulary,Lancashire Constabulary,-2.707055,53.792269,On or near Parking Area,E01025300,Preston 004D,Violence and sexual offences,Status update unavailable,
c20651772900d1e0fe32adaa647fba7870d007e27267f1e14d322836f6473541,2019-05,Lancashire Constabulary,Lancashire Constabulary,-2.694419,53.793781,On or near The Howgills,E01025300,Preston 004D,Violence and sexual offences,Unable to prosecute suspect,
e73fe643afed977ba9c29452b7be884375da2747c30270cec9d388ea33c418fb,2019-05,Lancashire Constabulary,Lancashire Constabulary,-2.707055,53.792269,On or near Parking Area,E01025300,Preston 004D,Violence and sexual offences,Status update unavailable,
9022031e205a03795cdf9679da13458edbf6b0f99422154c9e5167c97d04ddde,2019-05,Lancashire Constabulary,Lancashire Constabulary,-2.707055,53.792269,On or near Parking Area,E01025300,Preston 004D,Violence and sexual offences,Status update unavailable,
b419a5cffc5e722a97a914a95dab3190c78c1b14f2b04e14ce67717c12a012de,2019-05,Lancashire Constabulary,Lancashire Constabulary,-2.697644,53.791389,On or near St Francis Close,E01025303,Preston 004E,Burglary,Investigation complete; no suspect identified,
151e8ed4651b6d87864a427b74cf51029e2130c9738589ac87123183f0cdd248,2019-05,Lancashire Constabulary,Lancashire Constabulary,-2.699895,53.792580,On or near Sharoe Mount Avenue,E01025303,Preston 004E,Burglary,Status update unavailable,
,2019-05,Lancashire Constabulary,Lancashire Constabulary,-2.746074,53.776384,On or near Dunbar Road,E01025260,Preston 005A,Anti-social behaviour,,
,2019-05,Lancashire Constabulary,Lancashire Constabulary,-2.740931,53.777341,On or near Westbrook Crescent,E01025260,Preston 005A,Anti-social behaviour,,
,2019-05,Lancashire Constabulary,Lancashire Constabulary,-2.745925,53.775719,On or near Water'S Edge,E01025260,Preston 005A,Anti-social behaviour,,
,2019-05,Lancashire Constabulary,Lancashire Constabulary,-2.740931,53.777341,On or near Westbrook Crescent,E01025260,Preston 005A,Anti-social behaviour,,
,2019-05,Lancashire Constabulary,Lancashire Constabulary,-2.746074,53.776384,On or near Dunbar Road,E01025260,Preston 005A,Anti-social behaviour,,
91ab6f8f43e5a63d035293065dee7f34f72ca50a54297ac738a93d6bdb1c293c,2019-05,Lancashire Constabulary,Lancashire Constabulary,-2.749102,53.775142,On or near Valentines Lane,E01025260,Preston 005A,Burglary,Status update unavailable,
b04b1fe942896c3b0861e63a168414c82aedbdb43604e02567a3ba17f99214a5,2019-05,Lancashire Constabulary,Lancashire Constabulary,-2.744244,53.775901,On or near Colwyn Place,E01025260,Preston 005A,Criminal damage and arson,Unable to prosecute suspect,
5cb54f4675551d07c51deb3a7a5533939121e6fb88c09abf4b00f7017a66a074,2019-05,Lancashire Constabulary,Lancashire Constabulary,-2.744781,53.776239,On or near Dawlish Place,E01025260,Preston 005A,Criminal damage and arson,Status update unavailable,
6eee8b98c0059c6d09bffa06cd59ecb8e85b51a4b5a73f09e6cbb2270dc43aad,2019-05,Lancashire Constabulary,Lancashire Constabulary,-2.743605,53.779203,On or near Cottam Avenue,E01025260,Preston 005A,Other theft,Status update unavailable,
01842ec3a55d368ed544c2677c36d12e08f2b109eb310a6a3b47aef1229e825b,2019-05,Lancashire Constabulary,Lancashire Constabulary,-2.743605,53.779203,On or near Cottam Avenue,E01025260,Preston 005A,Other theft,Unable to prosecute suspect,
0049fdbd9e83b41b6784290b92bf2889c55dc98b9d27bfa5984ccbafee147a51,2019-05,Lancashire Constabulary,Lancashire Constabulary,-2.745925,53.775719,On or near Water'S Edge,E01025260,Preston 005A,Public order,Status update unavailable,
053e3e261f7af01c84eb8c3ba3675518c4d51e8041388d2259771743732f18a5,2019-05,Lancashire Constabulary,Lancashire Constabulary,-2.745309,53.776883,On or near Bardsea Place,E01025260,Preston 005A,Public order,Status update unavailable,
4169cd540cfc49d71d206c42a6d0221be2d15bbb1ee40d5104c03a181648c488,2019-05,Lancashire Constabulary,Lancashire Constabulary,-2.742784,53.777438,On or near Cromer Place,E01025260,Preston 005A,Public order,Status update unavailable,
0507425e05696949ca844c1397f5ad4c4a016ed5a35d04e47c067a75cd6d65d3,2019-05,Lancashire Constabulary,Lancashire Constabulary,-2.743036,53.778811,On or near Clevedon Road,E01025260,Preston 005A,Robbery,Status update unavailable,
a59ab1c49c2566591171b4037d020dcaf65f96fc1bcd455aec75e63cfd2e6fa1,2019-05,Lancashire Constabulary,Lancashire Constabulary,-2.742822,53.780404,On or near Supermarket,E01025260,Preston 005A,Shoplifting,Status update unavailable,
0bf5e1a35ad4ed0d0c6f9ebfa34b9ac547760d52a38320a7b06e7befc263675a,2019-05,Lancashire Constabulary,Lancashire Constabulary,-2.746074,53.776384,On or near Dunbar Road,E01025260,Preston 005A,Vehicle crime,Status update unavailable,
36a72dbc62e0a555dcb2b88a6e45f1a9af7ea481675d3107df7bea3b04f80040,2019-05,Lancashire Constabulary,Lancashire Constabulary,-2.749102,53.775142,On or near Valentines Lane,E01025260,Preston 005A,Vehicle crime,Status update unavailable,
e144659153378e38789d7d1bb76f033af4c991c4e06fc1aad42853732346d05e,2019-05,Lancashire Constabulary,Lancashire Constabulary,-2.744063,53.776828,On or near Dalmore Road,E01025260,Preston 005A,Violence and sexual offences,Unable to prosecute suspect,
aac2d62efd44e1f48c4f88f7f6cdef1a3bd96dd46d5447694f4a7f48d6dfc558,2019-05,Lancashire Constabulary,Lancashire Constabulary,-2.743036,53.778811,On or near Clevedon Road,E01025260,Preston 005A,Violence and sexual offences,Unable to prosecute suspect,
f3eb80bdbcd04eec31b719fedebd3873b7ec506be105bff2e2e1fd9cbf9e0955,2019-05,Lancashire Constabulary,Lancashire Constabulary,-2.744506,53.777832,On or near Beachley Road,E01025260,Preston 005A,Violence and sexual offences,Unable to prosecute suspect,
50e2f9c327520a4f05fa63a6d762c6d9f2fc7f157a9f2d14ab7b5a4ae3342744,2019-05,Lancashire Constabulary,Lancashire Constabulary,-2.743036,53.778811,On or near Clevedon Road,E01025260,Preston 005A,Violence and sexual offences,Status update unavailable,
707e84132a22fad78db4f3eef25179c4db1d000483da9b70c05a9ee69edd63ce,2019-05,Lancashire Constabulary,Lancashire Constabulary,-2.743605,53.779203,On or near Cottam Avenue,E01025260,Preston 005A,Violence and sexual offences,Unable to prosecute suspect,
c2c989eb409578256ef551912bf72a47e5c975150802843bbda6e4ff69671443,2019-05,Lancashire Constabulary,Lancashire Constabulary,-2.744506,53.777832,On or near Beachley Road,E01025260,Preston 005A,Violence and sexual offences,Unable to prosecute suspect,
3752cea43b85172020fdeab9b49b8d1dc8d72d8f6a46d796bf3af195798f4a7c,2019-05,Lancashire Constabulary,Lancashire Constabulary,-2.743605,53.779203,On or near Cottam Avenue,E01025260,Preston 005A,Violence and sexual offences,Unable to prosecute suspect,
dc44a770decd54b90544fb1385bef1e805ed4e3dc968b4a4167b6aa9ab95a2ab,2019-05,Lancashire Constabulary,Lancashire Constabulary,-2.745925,53.775719,On or near Water'S Edge,E01025260,Preston 005A,Violence and sexual offences,Status update unavailable,
,2019-05,Lancashire Constabulary,Lancashire Constabulary,-2.740585,53.782656,On or near Ashbourne Crescent,E01025262,Preston 005B,Anti-social behaviour,,
,2019-05,Lancashire Constabulary,Lancashire Constabulary,-2.740079,53.782344,On or near Dovedale Avenue,E01025262,Preston 005B,Anti-social behaviour,,
,2019-05,Lancashire Constabulary,Lancashire Constabulary,-2.748051,53.785153,On or near Tag Croft,E01025262,Preston 005B,Anti-social behaviour,,
,2019-05,Lancashire Constabulary,Lancashire Constabulary,-2.740079,53.782344,On or near Dovedale Avenue,E01025262,Preston 005B,Anti-social behaviour,,
,2019-05,Lancashire Constabulary,Lancashire Constabulary,-2.744221,53.781420,On or near St Ives Crescent,E01025262,Preston 005B,Anti-social behaviour,,
ba367dfe6462b1a22bfe3414b3a10882c1393acad00919f2001237e29d79285e,2019-05,Lancashire Constabulary,Lancashire Constabulary,-2.740585,53.782656,On or near Ashbourne Crescent,E01025262,Preston 005B,Burglary,Status update unavailable,
dcb5625d039102f1eb1c54abec3d3357e8991ce87f72eceb78a8970a0a532568,2019-05,Lancashire Constabulary,Lancashire Constabulary,-2.740585,53.782656,On or near Ashbourne Crescent,E01025262,Preston 005B,Burglary,Status update unavailable,
4f138e36a004405d5c78e1dae8131a5c8c3ee0afb3d5182f2433198f7bb9a90f,2019-05,Lancashire Constabulary,Lancashire Constabulary,-2.740079,53.782344,On or near Dovedale Avenue,E01025262,Preston 005B,Criminal damage and arson,Unable to prosecute suspect,
bdb15e9d60259f86aa5f2857c59769a9881a86d1b0bf4ba6e47dae3af4738f75,2019-05,Lancashire Constabulary,Lancashire Constabulary,-2.746413,53.781801,On or near Whitby Avenue,E01025262,Preston 005B,Drugs,Status update unavailable,
764e1515f925bde25fc85b39907edd9012613383591664287b0cb10350548b1f,2019-05,Lancashire Constabulary,Lancashire Constabulary,-2.743520,53.783015,On or near Orchard Close,E01025262,Preston 005B,Public order,Unable to prosecute suspect,
7aa0da7c9911a163feba3f73e41713f19c8d7af8bfa2b742c4f7b4ca9843eeee,2019-05,Lancashire Constabulary,Lancashire Constabulary,-2.744576,53.781750,On or near Redcar Avenue,E01025262,Preston 005B,Violence and sexual offences,Further investigation is not in the public interest,
2919793930f498627e075fcc8fec0a5fbbe20b55e9a9bd158b8da8050ac2b6d7,2019-05,Lancashire Constabulary,Lancashire Constabulary,-2.744576,53.781750,On or near Redcar Avenue,E01025262,Preston 005B,Violence and sexual offences,Unable to prosecute suspect,
e00e7294e6b82cc261574b3649499c8274ae6e5e2ebe56bf656df0c7b63146e8,2019-05,Lancashire Constabulary,Lancashire Constabulary,-2.744576,53.781750,On or near Redcar Avenue,E01025262,Preston 005B,Violence and sexual offences,Unable to prosecute suspect,
05efa3e4ac3e70fb616e96d3fed5c89ca5e7855666f850f2d66912cfd9bd6b21,2019-05,Lancashire Constabulary,Lancashire Constabulary,-2.744221,53.781420,On or near St Ives Crescent,E01025262,Preston 005B,Violence and sexual offences,Status update unavailable,
01919354e6d90759fb38936f0590dca9886f4eb15d81b5defc62e6034a9bcd9b,2019-05,Lancashire Constabulary,Lancashire Constabulary,-2.740585,53.782656,On or near Ashbourne Crescent,E01025262,Preston 005B,Violence and sexual offences,Unable to prosecute suspect,
4fdfc499f03b6df3a731ea43b939fda4b18653d4169f2f9d916577bf48052642,2019-05,Lancashire Constabulary,Lancashire Constabulary,-2.744576,53.781750,On or near Redcar Avenue,E01025262,Preston 005B,Violence and sexual offences,Status update unavailable,
72bd0491e5ca3aa269206b6d31a4fa5d342c78a7e7cd5f16dc1be4ac90797e53,2019-05,Lancashire Constabulary,Lancashire Constabulary,-2.740585,53.782656,On or near Ashbourne Crescent,E01025262,Preston 005B,Violence and sexual offences,Status update unavailable,
8647913be624294887770220be7c1e2c846d35792b8d6010331ad30966a1568a,2019-05,Lancashire Constabulary,Lancashire Constabulary,-2.743520,53.783015,On or near Orchard Close,E01025262,Preston 005B,Violence and sexual offences,Unable to prosecute suspect,
df484da000b6c520cf627452ca4a6e880dae0560d36c8285b7b7df34d871c370,2019-05,Lancashire Constabulary,Lancashire Constabulary,-2.749063,53.781497,On or near Dunoon Close,E01025262,Preston 005B,Violence and sexual offences,Unable to prosecute suspect,
c9c502a2faaf30bdf1eb47e1e923678454275934b85c91d644468267771014e4,2019-05,Lancashire Constabulary,Lancashire Constabulary,-2.745307,53.781943,On or near Newlyn Place,E01025262,Preston 005B,Violence and sexual offences,Status update unavailable,
3b2bb546b94ded2af41ce521da8aba16b9549c819a22c124b7c393db53deb995,2019-05,Lancashire Constabulary,Lancashire Constabulary,-2.744576,53.781750,On or near Redcar Avenue,E01025262,Preston 005B,Violence and sexual offences,Unable to prosecute suspect,
cd9204a3ba1fe7ff260fecbe9199c613b5d2f421da9b13ffe1fa6cd9bf3415ec,2019-05,Lancashire Constabulary,Lancashire Constabulary,-2.740079,53.782344,On or near Dovedale Avenue,E01025262,Preston 005B,Violence and sexual offences,Unable to prosecute suspect,
813a0dfae9f309642077ff7c55a8e98e7beaeb8d20cf2e7b53e002843683a7cf,2019-05,Lancashire Constabulary,Lancashire Constabulary,-2.740585,53.782656,On or near Ashbourne Crescent,E01025262,Preston 005B,Violence and sexual offences,Unable to prosecute suspect,
22d846056915393382950ace759e6f214f413ff7cd6f81abece8dbc5bba398bf,2019-05,Lancashire Constabulary,Lancashire Constabulary,-2.740079,53.782344,On or near Dovedale Avenue,E01025262,Preston 005B,Violence and sexual offences,Unable to prosecute suspect,
a3c470c7681728496737d256ad34555f67f439cb3c0387ed67e0f02c1fb63c0a,2019-05,Lancashire Constabulary,Lancashire Constabulary,-2.745307,53.781943,On or near Newlyn Place,E01025262,Preston 005B,Violence and sexual offences,Status update unavailable,
d9379782bbbbf221927b886f747ee82073b0d08fc4819375e5fb01ccfe602202,2019-05,Lancashire Constabulary,Lancashire Constabulary,-2.743520,53.783015,On or near Orchard Close,E01025262,Preston 005B,Other crime,Unable to prosecute suspect,
,2019-05,Lancashire Constabulary,Lancashire Constabulary,-2.745922,53.790056,On or near New Rough Hey,E01025263,Preston 005C,Anti-social behaviour,,
ae8245eaf60a34c8050ee802a799ec8d5a32d84e6791f3e998838902fbf2063d,2019-05,Lancashire Constabulary,Lancashire Constabulary,-2.747981,53.788892,On or near Petrol Station,E01025263,Preston 005C,Burglary,Status update unavailable,
c27e11fe53f596136d4703086e0bca0c63c412c6ea930955a05ea823e6abf50c,2019-05,Lancashire Constabulary,Lancashire Constabulary,-2.748290,53.787497,On or near Goldburn Close,E01025263,Preston 005C,Burglary,Status update unavailable,
9a9bf37b842965fa3ea501641404bea0c97a8650751dc978f75f3d233a138550,2019-05,Lancashire Constabulary,Lancashire Constabulary,-2.742940,53.788798,On or near Bowlingfield,E01025263,Preston 005C,Criminal damage and arson,Status update unavailable,
864b107516f6df954c8dd0d5b4c8045192557d37d6318eef254f17641c80fc6c,2019-05,Lancashire Constabulary,Lancashire Constabulary,-2.740936,53.790500,On or near The Avenue,E01025263,Preston 005C,Other theft,Status update unavailable,
22183023eee8bae80789c09df1ffb01bdb8b1fad8c806dd605d7db433d5937f1,2019-05,Lancashire Constabulary,Lancashire Constabulary,-2.747058,53.785653,On or near Marlfield Close,E01025263,Preston 005C,Violence and sexual offences,Unable to prosecute suspect,
70f3fd236d06e89e6ca0f86b9ad399178d3b49f1da576b1ce1889e5aad55ca7f,2019-05,Lancashire Constabulary,Lancashire Constabulary,-2.746102,53.786549,On or near Alder Grove,E01025263,Preston 005C,Violence and sexual offences,Status update unavailable,
3ee81755e5b8aa7364c2bd97557351180e7a841ed8587b90aa8ad524e8f7f807,2019-05,Lancashire Constabulary,Lancashire Constabulary,-2.747058,53.785653,On or near Marlfield Close,E01025263,Preston 005C,Violence and sexual offences,Unable to prosecute suspect,
,2019-05,Lancashire Constabulary,Lancashire Constabulary,-2.743896,53.785385,On or near Sylvancroft,E01025264,Preston 005D,Anti-social behaviour,,
,2019-05,Lancashire Constabulary,Lancashire Constabulary,-2.741276,53.785716,On or near Thistlecroft,E01025264,Preston 005D,Anti-social behaviour,,
,2019-05,Lancashire Constabulary,Lancashire Constabulary,-2.743896,53.785385,On or near Sylvancroft,E01025264,Preston 005D,Anti-social behaviour,,
,2019-05,Lancashire Constabulary,Lancashire Constabulary,-2.738424,53.785779,On or near Dukes Meadow,E01025264,Preston 005D,Anti-social behaviour,,
b47307e7184776a98194b76c2650e8d3c7ce61b3c0f7f8846a8967105981ea67,2019-05,Lancashire Constabulary,Lancashire Constabulary,-2.741276,53.785716,On or near Thistlecroft,E01025264,Preston 005D,Bicycle theft,Status update unavailable,
7a1e0eea27b5e899984e7ba1836662a0ae2e97d20027b06120bb36fb8ad70656,2019-05,Lancashire Constabulary,Lancashire Constabulary,-2.739237,53.788012,On or near Sheraton Park,E01025264,Preston 005D,Burglary,Status update unavailable,
6c2a4921c8c554016aa364fd87d9da2b66f9fedc16e1ee3cb65f6962008227a5,2019-05,Lancashire Constabulary,Lancashire Constabulary,-2.739237,53.788012,On or near Sheraton Park,E01025264,Preston 005D,Criminal damage and arson,Status update unavailable,
353c3c0c11b9701099b2b2e9b244011851fb1788db56270b7692adfb2968fdbb,2019-05,Lancashire Constabulary,Lancashire Constabulary,-2.739237,53.788012,On or near Sheraton Park,E01025264,Preston 005D,Criminal damage and arson,Status update unavailable,
e475a7bd4e5530e57fadffa2b2d1e9705d909aa2ea6e4b639f2bf2aead67548e,2019-05,Lancashire Constabulary,Lancashire Constabulary,-2.739237,53.788012,On or near Sheraton Park,E01025264,Preston 005D,Criminal damage and arson,Status update unavailable,
c76e96a87fb2b95cbfe18332e1d34d040b8d6d26df78e399ed0a7455c598d4b9,2019-05,Lancashire Constabulary,Lancashire Constabulary,-2.738424,53.785779,On or near Dukes Meadow,E01025264,Preston 005D,Other theft,Status update unavailable,
769219018a1810e3341fbaf27d6dac2dca697ed3c4e03c4292d4d269e708dbca,2019-05,Lancashire Constabulary,Lancashire Constabulary,-2.739237,53.788012,On or near Sheraton Park,E01025264,Preston 005D,Other theft,Status update unavailable,
a806dc038f1ba8bc2deac28e10628de10f06cbb83dcd7c31b3be882307bde683,2019-05,Lancashire Constabulary,Lancashire Constabulary,-2.738672,53.783485,On or near Sports/Recreation Area,E01025264,Preston 005D,Violence and sexual offences,Status update unavailable,
155383e184520843d881f21e22300978b71bf25e46e563daf6e6aa0a4a002868,2019-05,Lancashire Constabulary,Lancashire Constabulary,-2.738672,53.783485,On or near Sports/Recreation Area,E01025264,Preston 005D,Violence and sexual offences,Unable to prosecute suspect,
417531281f526fc19a837989cf59ed46c349ca745ecb589aafd8f74bac53c63b,2019-05,Lancashire Constabulary,Lancashire Constabulary,-2.740517,53.783995,On or near Threefields,E01025264,Preston 005D,Violence and sexual offences,Status update unavailable,
a951d04f7a3d6fceeeb55ea5a58be0205348b640bb8d02ef00320f7b0f52c10d,2019-05,Lancashire Constabulary,Lancashire Constabulary,-2.740517,53.783995,On or near Threefields,E01025264,Preston 005D,Violence and sexual offences,Unable to prosecute suspect,
76f3bf64178aa7bc274ff285d569394ded0f704182a7a11ed6604ab633ba4a55,2019-05,Lancashire Constabulary,Lancashire Constabulary,-2.738672,53.783485,On or near Sports/Recreation Area,E01025264,Preston 005D,Violence and sexual offences,Unable to prosecute suspect,
7987343b053dcb87c610f6dec9f80230d5a7e53dc32d1b97b1aaad1fb8d13402,2019-05,Lancashire Constabulary,Lancashire Constabulary,-2.738672,53.783485,On or near Sports/Recreation Area,E01025264,Preston 005D,Violence and sexual offences,Unable to prosecute suspect,
3556fac1ad875e5514314b957951fbe27d6e589a6077463554e3ba544fa63404,2019-05,Lancashire Constabulary,Lancashire Constabulary,-2.740517,53.783995,On or near Threefields,E01025264,Preston 005D,Violence and sexual offences,Unable to prosecute suspect,
55200609e64e5a866135db66382f78cb2993175ddc82862c41b6848fbebc7005,2019-05,Lancashire Constabulary,Lancashire Constabulary,-2.740517,53.783995,On or near Threefields,E01025264,Preston 005D,Violence and sexual offences,Unable to prosecute suspect,
,2019-05,Lancashire Constabulary,Lancashire Constabulary,-2.725199,53.781051,On or near St Anthony'S Crescent,E01025239,Preston 006A,Anti-social behaviour,,
,2019-05,Lancashire Constabulary,Lancashire Constabulary,-2.726935,53.780564,On or near St Catherine'S Drive,E01025239,Preston 006A,Anti-social behaviour,,
,2019-05,Lancashire Constabulary,Lancashire Constabulary,-2.725316,53.780816,On or near St Anthony'S Close,E01025239,Preston 006A,Anti-social behaviour,,
,2019-05,Lancashire Constabulary,Lancashire Constabulary,-2.715934,53.777053,On or near Lytham Road,E01025239,Preston 006A,Anti-social behaviour,,
,2019-05,Lancashire Constabulary,Lancashire Constabulary,-2.726913,53.781004,On or near St Theresa'S Drive,E01025239,Preston 006A,Anti-social behaviour,,
,2019-05,Lancashire Constabulary,Lancashire Constabulary,-2.719872,53.780175,On or near Hillpark Avenue,E01025239,Preston 006A,Anti-social behaviour,,
,2019-05,Lancashire Constabulary,Lancashire Constabulary,-2.725199,53.781051,On or near St Anthony'S Crescent,E01025239,Preston 006A,Anti-social behaviour,,
,2019-05,Lancashire Constabulary,Lancashire Constabulary,-2.715934,53.777053,On or near Lytham Road,E01025239,Preston 006A,Anti-social behaviour,,
e575bc6ce2ec0aab3302caab73a5ebbf840d76c84d00128f0dbf214a13d6bf61,2019-05,Lancashire Constabulary,Lancashire Constabulary,-2.726935,53.780564,On or near St Catherine'S Drive,E01025239,Preston 006A,Burglary,Status update unavailable,
b108e1ff0323f24d4e8218da662daab05e25cb4592126b14705c6ce916b2b98f,2019-05,Lancashire Constabulary,Lancashire Constabulary,-2.718440,53.779833,On or near Black Bull Lane,E01025239,Preston 006A,Criminal damage and arson,Status update unavailable,
ef7fcd0d6d5355bf61844db47396489938d92609e7640ef2d4b140fb79f422dc,2019-05,Lancashire Constabulary,Lancashire Constabulary,-2.720507,53.779174,On or near Savick Road,E01025239,Preston 006A,Criminal damage and arson,Status update unavailable,
a20482620081383a2505e18255bc81adf5b8b92eba62da417d92b6da4c0a7aa7,2019-05,Lancashire Constabulary,Lancashire Constabulary,-2.719872,53.780175,On or near Hillpark Avenue,E01025239,Preston 006A,Drugs,Offender given penalty notice,
94fc377dcc7bc9d0d705aa72638dcb06ecd3dd833ec8c19cd962e2cc9563a7f9,2019-05,Lancashire Constabulary,Lancashire Constabulary,-2.719872,53.780175,On or near Hillpark Avenue,E01025239,Preston 006A,Drugs,Status update unavailable,
86b9529031f42567a2d123f9abf1d853bfab572b2bb6d306c434894d04f0821d,2019-05,Lancashire Constabulary,Lancashire Constabulary,-2.725089,53.780000,On or near St Anthony'S Drive,E01025239,Preston 006A,Other theft,Status update unavailable,
99d3a95d71ee1be218edcb2b36022f62180c7501f2a4ce1d8fec9bf93b307963,2019-05,Lancashire Constabulary,Lancashire Constabulary,-2.719872,53.780175,On or near Hillpark Avenue,E01025239,Preston 006A,Possession of weapons,Status update unavailable,
7a101e631e9c29b14673e04181b233a3d6d923ad4cc12a175bdb8b9e50a068cc,2019-05,Lancashire Constabulary,Lancashire Constabulary,-2.717016,53.777361,On or near Harland Street,E01025239,Preston 006A,Shoplifting,Status update unavailable,
d92e854b2328d21ce5b0b04f03064c449a465ca42a33ca2551587e697bdfc13b,2019-05,Lancashire Constabulary,Lancashire Constabulary,-2.722528,53.777562,On or near Mill Lane,E01025239,Preston 006A,Vehicle crime,Status update unavailable,
e93a0939b7414c03defb7cae855421126934f4c5aab970cd8f742b4ae85f7400,2019-05,Lancashire Constabulary,Lancashire Constabulary,-2.718009,53.777715,On or near Talbot Street,E01025239,Preston 006A,Violence and sexual offences,Unable to prosecute suspect,
,2019-05,Lancashire Constabulary,Lancashire Constabulary,-2.716351,53.781077,On or near Stratford Drive,E01025241,Preston 006B,Anti-social behaviour,,
,2019-05,Lancashire Constabulary,Lancashire Constabulary,-2.716351,53.781077,On or near Stratford Drive,E01025241,Preston 006B,Anti-social behaviour,,
,2019-05,Lancashire Constabulary,Lancashire Constabulary,-2.716348,53.779118,On or near Aubigny Drive,E01025241,Preston 006B,Anti-social behaviour,,
,2019-05,Lancashire Constabulary,Lancashire Constabulary,-2.714213,53.777593,On or near Derby Road,E01025241,Preston 006B,Anti-social behaviour,,
,2019-05,Lancashire Constabulary,Lancashire Constabulary,-2.716351,53.781077,On or near Stratford Drive,E01025241,Preston 006B,Anti-social behaviour,,
aec947240e99f892fc4b99ec16a6d52922e8ec337166c8d7cd997c36e0db4ab0,2019-05,Lancashire Constabulary,Lancashire Constabulary,-2.713316,53.780196,On or near Banbury Drive,E01025241,Preston 006B,Burglary,Status update unavailable,
26d469f925abe1a20763a2cd5a0e5d8b49b6d8d3b6b56c2b11e555c2fea4a6ca,2019-05,Lancashire Constabulary,Lancashire Constabulary,-2.716348,53.779118,On or near Aubigny Drive,E01025241,Preston 006B,Public order,Unable to prosecute suspect,
617f0f2d44cc2d2884c507830a035aa96e4c3a64bf0cd75bda2346bd8024c13e,2019-05,Lancashire Constabulary,Lancashire Constabulary,-2.713663,53.782711,On or near Regent Grove,E01025241,Preston 006B,Vehicle crime,Status update unavailable,
06f39c3b2da39b6a1201edfa587a1515859c4648ae8ade95b40ea69a6fc278a3,2019-05,Lancashire Constabulary,Lancashire Constabulary,-2.720609,53.781582,On or near Beacon Grove,E01025241,Preston 006B,Vehicle crime,Status update unavailable,
908ce661fa5bff9afc4a55f17ffdbf3889515f8f49126a05aee510760bbac2e4,2019-05,Lancashire Constabulary,Lancashire Constabulary,-2.713663,53.782711,On or near Regent Grove,E01025241,Preston 006B,Vehicle crime,Status update unavailable,
1cf39374799e0a0100545129383982f6230ea509fda08ed13a849ea4747fa4ae,2019-05,Lancashire Constabulary,Lancashire Constabulary,-2.713663,53.782711,On or near Regent Grove,E01025241,Preston 006B,Vehicle crime,Awaiting court outcome,
b30864f33f49391e0d5b3c2777dcc6061646035eb02e44958b23d4e87db4081e,2019-05,Lancashire Constabulary,Lancashire Constabulary,-2.716348,53.779118,On or near Aubigny Drive,E01025241,Preston 006B,Violence and sexual offences,Unable to prosecute suspect,
,2019-05,Lancashire Constabulary,Lancashire Constabulary,-2.705260,53.786653,On or near Heathway,E01025242,Preston 006C,Anti-social behaviour,,
1b0292e6d6303d3a6ff6dc5005c47764b3aa448df9bc87a18685d4404642035f,2019-05,Lancashire Constabulary,Lancashire Constabulary,-2.711561,53.784072,On or near Kings Drive,E01025242,Preston 006C,Burglary,Status update unavailable,
5217d4d7ca9db5b6f7c0489e27da348fb313e1e9fa4caf215e023152ec31a52d,2019-05,Lancashire Constabulary,Lancashire Constabulary,-2.700234,53.787428,On or near Winton Avenue,E01025242,Preston 006C,Burglary,Status update unavailable,
f974d618c65e9aa53b1dea3c0f02deb9274d2769b2974d989837ac400c57dff6,2019-05,Lancashire Constabulary,Lancashire Constabulary,-2.706056,53.783448,On or near Moorgate,E01025242,Preston 006C,Burglary,Status update unavailable,
522adc249a4fa4344046ab94dc44ceed27fa6e6c2cb37c83749fa3cb8c26b48b,2019-05,Lancashire Constabulary,Lancashire Constabulary,-2.706899,53.787533,On or near Ferndale,E01025242,Preston 006C,Burglary,Status update unavailable,
9ab1c1713ee79fdf702360e9e058c19dc4b8f6941d44dc25cdbba713ae0cbeb9,2019-05,Lancashire Constabulary,Lancashire Constabulary,-2.706899,53.787533,On or near Ferndale,E01025242,Preston 006C,Burglary,Status update unavailable,
bb620f024823a2f679a22df7593ac3627b7dfd90e94e3f3a23376a00a7fa9c1d,2019-05,Lancashire Constabulary,Lancashire Constabulary,-2.709743,53.778905,On or near The Triangle,E01025242,Preston 006C,Criminal damage and arson,Status update unavailable,
ca1ccba05a7e7559d45bd85ed2caa91ab0454ac980d3549d0c9262eb03f375a6,2019-05,Lancashire Constabulary,Lancashire Constabulary,-2.709743,53.778905,On or near The Triangle,E01025242,Preston 006C,Criminal damage and arson,Status update unavailable,
dedf29570b328fe6ebefee22bf7f21a2fbde64f7b2a1b7563d037fca10dda87b,2019-05,Lancashire Constabulary,Lancashire Constabulary,-2.710505,53.786253,On or near Hall Road,E01025242,Preston 006C,Other theft,Status update unavailable,
697d6b06e5e29190c7a3f6c75fb043d28da4bf630bc95646826a592dac03dc30,2019-05,Lancashire Constabulary,Lancashire Constabulary,-2.710505,53.786253,On or near Hall Road,E01025242,Preston 006C,Other theft,Status update unavailable,
120a29e907f2972bc61bddd2b752127a0bce304e68a9c3774db9ef5d07de77f3,2019-05,Lancashire Constabulary,Lancashire Constabulary,-2.709743,53.778905,On or near The Triangle,E01025242,Preston 006C,Vehicle crime,Status update unavailable,
,2019-05,Lancashire Constabulary,Lancashire Constabulary,-2.707568,53.776761,On or near Eaves Lane,E01025243,Preston 006D,Anti-social behaviour,,
,2019-05,Lancashire Constabulary,Lancashire Constabulary,-2.687733,53.777578,On or near Sir Tom Finney Way,E01025243,Preston 006D,Anti-social behaviour,,
,2019-05,Lancashire Constabulary,Lancashire Constabulary,-2.701078,53.777069,On or near Higher Bank Road,E01025243,Preston 006D,Anti-social behaviour,,
,2019-05,Lancashire Constabulary,Lancashire Constabulary,-2.702722,53.777383,On or near Albert Road,E01025243,Preston 006D,Anti-social behaviour,,
,2019-05,Lancashire Constabulary,Lancashire Constabulary,-2.692278,53.778037,On or near Park Road,E01025243,Preston 006D,Anti-social behaviour,,
,2019-05,Lancashire Constabulary,Lancashire Constabulary,-2.700165,53.780562,On or near Kensington Drive,E01025243,Preston 006D,Anti-social behaviour,,
,2019-05,Lancashire Constabulary,Lancashire Constabulary,-2.703744,53.778608,On or near Vicarage Lane,E01025243,Preston 006D,Anti-social behaviour,,
,2019-05,Lancashire Constabulary,Lancashire Constabulary,-2.701078,53.777069,On or near Higher Bank Road,E01025243,Preston 006D,Anti-social behaviour,,
,2019-05,Lancashire Constabulary,Lancashire Constabulary,-2.695682,53.779293,On or near Kennington Road,E01025243,Preston 006D,Anti-social behaviour,,
,2019-05,Lancashire Constabulary,Lancashire Constabulary,-2.700165,53.780562,On or near Kensington Drive,E01025243,Preston 006D,Anti-social behaviour,,
9857aeacde38b73dee3e5d7348000ba120324ca3b9e47ffbe58a27e37fcfc12e,2019-05,Lancashire Constabulary,Lancashire Constabulary,-2.706192,53.778899,On or near Highgate Close,E01025243,Preston 006D,Burglary,Status update unavailable,
4e7aacaf97b5b6f10b880d272685f15fee4726590ce9ebad36494f83c7d6a8fe,2019-05,Lancashire Constabulary,Lancashire Constabulary,-2.695682,53.779293,On or near Kennington Road,E01025243,Preston 006D,Burglary,Status update unavailable,
99e20bba9e9aa954fdc91a4aaf9df30cea7f5f9cd4ddbd4db039b71731b4c5dc,2019-05,Lancashire Constabulary,Lancashire Constabulary,-2.695889,53.778915,On or near Chapel Road,E01025243,Preston 006D,Criminal damage and arson,Status update unavailable,
1f6a72963c072ba70972ee31e4aafa572b7022bb628fa106f6cb3d0db10d438e,2019-05,Lancashire Constabulary,Lancashire Constabulary,-2.693541,53.777355,On or near Chapman Road,E01025243,Preston 006D,Criminal damage and arson,Status update unavailable,
84ef9801204960d1dcc6960ce62a5467be57ba3224d50f21fefbdae8ea32ad7d,2019-05,Lancashire Constabulary,Lancashire Constabulary,-2.702781,53.779063,On or near Glebe Close,E01025243,Preston 006D,Criminal damage and arson,Status update unavailable,
214bd1947be74ca4bd7cf177fb91e7cc6c99546af3e7899aa74631fc5546a413,2019-05,Lancashire Constabulary,Lancashire Constabulary,-2.700165,53.780562,On or near Kensington Drive,E01025243,Preston 006D,Criminal damage and arson,Status update unavailable,
985c24e39179602fd4f57367aa44b4e422c063cc987210d34a2cbcfe92ee0741,2019-05,Lancashire Constabulary,Lancashire Constabulary,-2.693541,53.777355,On or near Chapman Road,E01025243,Preston 006D,Criminal damage and arson,Further investigation is not in the public interest,
0402f189d4d650b7d3290b03dbc83fa1f087f2032504e2789592ba1bfdf4f1d8,2019-05,Lancashire Constabulary,Lancashire Constabulary,-2.707568,53.776761,On or near Eaves Lane,E01025243,Preston 006D,Other theft,Status update unavailable,
2c1fe9020f92c337c79f957854618517d62c962a1dab6f5b63dbbe25887fc2aa,2019-05,Lancashire Constabulary,Lancashire Constabulary,-2.707568,53.776761,On or near Eaves Lane,E01025243,Preston 006D,Other theft,Status update unavailable,
949252622700e25ed65e1b933fae1e39f1ed12bba7fecc8b57acda27e92c36a9,2019-05,Lancashire Constabulary,Lancashire Constabulary,-2.707568,53.776761,On or near Eaves Lane,E01025243,Preston 006D,Public order,Offender given community sentence,
e64ae3c796ca482f8ea757e884b0e95b83676bd9b0acd61a8369837ef3517ff5,2019-05,Lancashire Constabulary,Lancashire Constabulary,-2.697069,53.780526,On or near Lulworth Road,E01025243,Preston 006D,Vehicle crime,Status update unavailable,
364766cb8ed5e8cd699ea59448c9f04a1a9498c7871a9bb8f1283487a4a0c615,2019-05,Lancashire Constabulary,Lancashire Constabulary,-2.701467,53.776734,On or near Lower Bank Road,E01025243,Preston 006D,Violence and sexual offences,Unable to prosecute suspect,
1c445f38ad9e8aed3f7bc5b33bae3cba53b1759ae92969696d612e36daf800c2,2019-05,Lancashire Constabulary,Lancashire Constabulary,-2.699190,53.777574,On or near Victoria Road,E01025243,Preston 006D,Violence and sexual offences,Unable to prosecute suspect,
aff4e945e795cf56359fca6e8d1e77a214b0c56cfcd8db10e33264aaa417bea2,2019-05,Lancashire Constabulary,Lancashire Constabulary,-2.702722,53.777383,On or near Albert Road,E01025243,Preston 006D,Violence and sexual offences,Unable to prosecute suspect,
e30dde4c29c4d6939469b5bdbc7b1973feec9eb19503a7dad7811bc19d36ef58,2019-05,Lancashire Constabulary,Lancashire Constabulary,-2.702722,53.777383,On or near Albert Road,E01025243,Preston 006D,Violence and sexual offences,Unable to prosecute suspect,
d1c0380c640a18444c41fc5753775029125b57180cfdb7c5d834302667712c46,2019-05,Lancashire Constabulary,Lancashire Constabulary,-2.702722,53.777383,On or near Albert Road,E01025243,Preston 006D,Violence and sexual offences,Unable to prosecute suspect,
99705362b9b1875983ea7641d16a6e5e7964b4ff1a3b7fe06491897804c30f71,2019-05,Lancashire Constabulary,Lancashire Constabulary,-2.702781,53.779063,On or near Glebe Close,E01025243,Preston 006D,Violence and sexual offences,Unable to prosecute suspect,
501cc02ade300e75127805704e2e0d0370c64de3a4e14a2c0254712fb0968602,2019-05,Lancashire Constabulary,Lancashire Constabulary,-2.702722,53.777383,On or near Albert Road,E01025243,Preston 006D,Violence and sexual offences,Unable to prosecute suspect,
1b4cf1a655aaabdfe9e6ea4c1d4a13c566714de13ad33ae778c60509a897f620,2019-05,Lancashire Constabulary,Lancashire Constabulary,-2.707568,53.776761,On or near Eaves Lane,E01025243,Preston 006D,Violence and sexual offences,Status update unavailable,
78ed36bf6ac28252ae99718cd5d9de69d872344bcb5c00a293c9a2af193551dd,2019-05,Lancashire Constabulary,Lancashire Constabulary,-2.702722,53.777383,On or near Albert Road,E01025243,Preston 006D,Violence and sexual offences,Unable to prosecute suspect,
29a93188adae1294637cd4b149ce09afb61c77b905e6884fd3c83e40a260ada1,2019-05,Lancashire Constabulary,Lancashire Constabulary,-2.702722,53.777383,On or near Albert Road,E01025243,Preston 006D,Violence and sexual offences,Unable to prosecute suspect,
,2019-05,Lancashire Constabulary,Lancashire Constabulary,-2.692465,53.780220,On or near Westway,E01025251,Preston 006E,Anti-social behaviour,,
,2019-05,Lancashire Constabulary,Lancashire Constabulary,-2.695340,53.781497,On or near Merryburn Close,E01025251,Preston 006E,Anti-social behaviour,,
65436e4d2f29b80af170c33960515fc17beef6f06c777e3fba117ebac88b4dc5,2019-05,Lancashire Constabulary,Lancashire Constabulary,-2.686517,53.782088,On or near Korea Road,E01025251,Preston 006E,Public order,Unable to prosecute suspect,
30c2db3653f91ca431c20469c03fe5a74574c3c63a7a29323cd5eca1e13a669d,2019-05,Lancashire Constabulary,Lancashire Constabulary,-2.686517,53.782088,On or near Korea Road,E01025251,Preston 006E,Public order,Status update unavailable,
215a31268cb11a3c2c7655a3fcb457420b8de997460f595441b83f7bb1c3b89e,2019-05,Lancashire Constabulary,Lancashire Constabulary,-2.686517,53.782088,On or near Korea Road,E01025251,Preston 006E,Violence and sexual offences,Unable to prosecute suspect,
,2019-05,Lancashire Constabulary,Lancashire Constabulary,-2.658493,53.785427,On or near Church Walk Gardens,E01025234,Preston 007A,Anti-social behaviour,,
,2019-05,Lancashire Constabulary,Lancashire Constabulary,-2.658493,53.785427,On or near Church Walk Gardens,E01025234,Preston 007A,Anti-social behaviour,,
,2019-05,Lancashire Constabulary,Lancashire Constabulary,-2.658493,53.785427,On or near Church Walk Gardens,E01025234,Preston 007A,Anti-social behaviour,,
,2019-05,Lancashire Constabulary,Lancashire Constabulary,-2.658542,53.782793,On or near Gamull Lane,E01025234,Preston 007A,Anti-social behaviour,,
,2019-05,Lancashire Constabulary,Lancashire Constabulary,-2.656956,53.782253,On or near Parking Area,E01025234,Preston 007A,Anti-social behaviour,,
785d28712b4ce8d05cf3a035041dbf377923a18bd9ca690150ca2addc8540b11,2019-05,Lancashire Constabulary,Lancashire Constabulary,-2.655769,53.784021,On or near Sulby Drive,E01025234,Preston 007A,Criminal damage and arson,Status update unavailable,
d0bdd0b782798ca36214af4d324b7382ae81261815f9d912bbfc55a2f291b825,2019-05,Lancashire Constabulary,Lancashire Constabulary,-2.658542,53.782793,On or near Gamull Lane,E01025234,Preston 007A,Criminal damage and arson,Status update unavailable,
5516eb8b46557b2448b2127f44b9f17e9494c01a94e2c39016b02f6fe389d259,2019-05,Lancashire Constabulary,Lancashire Constabulary,-2.660394,53.784706,On or near Fulwood Row,E01025234,Preston 007A,Criminal damage and arson,Status update unavailable,
6ffc9ca1009f9e560a85646c73d1d07e94810a3b7f4c321b2b5c1325f4ec98cf,2019-05,Lancashire Constabulary,Lancashire Constabulary,-2.654535,53.783714,On or near Glen Grove,E01025234,Preston 007A,Criminal damage and arson,Status update unavailable,
347daea3a09cf9fa7ae5f02a13cdbda8272b792fa997b2ad23ee96d211151beb,2019-05,Lancashire Constabulary,Lancashire Constabulary,-2.658493,53.785427,On or near Church Walk Gardens,E01025234,Preston 007A,Criminal damage and arson,Status update unavailable,
e5fbf1305824be7ba1d1feb5247bf7070cc1120758bd8470f8c73b4289f17479,2019-05,Lancashire Constabulary,Lancashire Constabulary,-2.654064,53.783707,On or near Franklands Drive,E01025234,Preston 007A,Criminal damage and arson,Status update unavailable,
770ca24b72048b42643cf7a01e6ebb8a0bca2442f0ed87a30b5d1a7a34af6d3a,2019-05,Lancashire Constabulary,Lancashire Constabulary,-2.647230,53.788328,On or near B6242,E01025234,Preston 007A,Other theft,Status update unavailable,
bf916a1bbbae13e7673c270bdd1ac560725f9032c9c7ee1d8563e38b1f2d34a1,2019-05,Lancashire Constabulary,Lancashire Constabulary,-2.647230,53.788328,On or near B6242,E01025234,Preston 007A,Other theft,Formal action is not in the public interest,
7fbfb36adc92c0cb2ff0b46a3c0b6e4dd35c07e31c1ef76813b70a3290139145,2019-05,Lancashire Constabulary,Lancashire Constabulary,-2.647230,53.788328,On or near B6242,E01025234,Preston 007A,Other theft,Status update unavailable,
06c26e33a79fd16bd6adf46c56c114afd8fd1c3422002054e9e46ca7d7570ccf,2019-05,Lancashire Constabulary,Lancashire Constabulary,-2.647230,53.788328,On or near B6242,E01025234,Preston 007A,Other theft,Status update unavailable,
216e5da23075c41e791332e5f508380a4e77629cdf9af89c26b4253146173fee,2019-05,Lancashire Constabulary,Lancashire Constabulary,-2.647230,53.788328,On or near B6242,E01025234,Preston 007A,Shoplifting,Further investigation is not in the public interest,
ee3aa3162b33d731d3996453ecd0d9a10de706cd37ee09cad4341f65299f7439,2019-05,Lancashire Constabulary,Lancashire Constabulary,-2.641352,53.793052,On or near Rough Hey Place,E01025234,Preston 007A,Vehicle crime,Status update unavailable,
640fa02a22b52890e077b5961c6cc9941a4d34f0334f8f00af20473b238d6999,2019-05,Lancashire Constabulary,Lancashire Constabulary,-2.654535,53.783714,On or near Glen Grove,E01025234,Preston 007A,Vehicle crime,Status update unavailable,
8489ae468bf95b3ed644bfbf5e600c4476addcb77398dba2b152ce4fd52dca71,2019-05,Lancashire Constabulary,Lancashire Constabulary,-2.653606,53.784465,On or near Sulby Grove,E01025234,Preston 007A,Vehicle crime,Status update unavailable,
ffe1c82895d04ba2873cbd5f80d935262d9c08e65054a7ffbdf5d7eea628eee9,2019-05,Lancashire Constabulary,Lancashire Constabulary,-2.655769,53.784021,On or near Sulby Drive,E01025234,Preston 007A,Vehicle crime,Status update unavailable,
22c94807aaa96740a21c428dc0fb4ec50a99b98713d8ce2a72875583868e91c0,2019-05,Lancashire Constabulary,Lancashire Constabulary,-2.647230,53.788328,On or near B6242,E01025234,Preston 007A,Vehicle crime,Status update unavailable,
c196ed0327b13550eaa1a64edcf257feb8390490e66d1766f38e4c311ef581ff,2019-05,Lancashire Constabulary,Lancashire Constabulary,-2.654064,53.783707,On or near Franklands Drive,E01025234,Preston 007A,Vehicle crime,Status update unavailable,
f3940fdc8253cc3a1a0476bc559ea96413885019c0e685a49eee747ec55da9ad,2019-05,Lancashire Constabulary,Lancashire Constabulary,-2.654064,53.783707,On or near Franklands Drive,E01025234,Preston 007A,Violence and sexual offences,Unable to prosecute suspect,
1961fdd17444187dab2369c34653936fc27a5ca92e8275f3278d84ab51c829df,2019-05,Lancashire Constabulary,Lancashire Constabulary,-2.653606,53.784465,On or near Sulby Grove,E01025234,Preston 007A,Violence and sexual offences,Unable to prosecute suspect,
b45d43c6e7454bc46bdcef82cd5ff4f8ff860adc0341d11086887e53cd1bd6b1,2019-05,Lancashire Constabulary,Lancashire Constabulary,-2.660620,53.782665,On or near Oakworth Avenue,E01025234,Preston 007A,Violence and sexual offences,Unable to prosecute suspect,
e8745bd63297c41ffb92d21516a5ff4b7559c87728a3dfe92bd029604766dc78,2019-05,Lancashire Constabulary,Lancashire Constabulary,-2.647230,53.788328,On or near B6242,E01025234,Preston 007A,Other crime,Unable to prosecute suspect,
,2019-05,Lancashire Constabulary,Lancashire Constabulary,-2.670789,53.775121,On or near Park Close,E01025235,Preston 007B,Anti-social behaviour,,
,2019-05,Lancashire Constabulary,Lancashire Constabulary,-2.668951,53.777882,On or near Hamilton Grove,E01025235,Preston 007B,Anti-social behaviour,,
,2019-05,Lancashire Constabulary,Lancashire Constabulary,-2.667787,53.777196,On or near Lambert Road,E01025235,Preston 007B,Anti-social behaviour,,
,2019-05,Lancashire Constabulary,Lancashire Constabulary,-2.677608,53.777357,On or near Manor House Lane,E01025235,Preston 007B,Anti-social behaviour,,
,2019-05,Lancashire Constabulary,Lancashire Constabulary,-2.668951,53.777882,On or near Hamilton Grove,E01025235,Preston 007B,Anti-social behaviour,,
,2019-05,Lancashire Constabulary,Lancashire Constabulary,-2.667451,53.777998,On or near Assheton Place,E01025235,Preston 007B,Anti-social behaviour,,
,2019-05,Lancashire Constabulary,Lancashire Constabulary,-2.667451,53.777998,On or near Assheton Place,E01025235,Preston 007B,Anti-social behaviour,,
,2019-05,Lancashire Constabulary,Lancashire Constabulary,-2.677608,53.777357,On or near Manor House Lane,E01025235,Preston 007B,Anti-social behaviour,,
f5212ed7b742d2fa4b6ee972ebc3ce4189af4d39367accb2ec7bae9b0afa0ef4,2019-05,Lancashire Constabulary,Lancashire Constabulary,-2.670789,53.775121,On or near Park Close,E01025235,Preston 007B,Bicycle theft,Unable to prosecute suspect,
36cfc4345392f5b896ef960062159a5ba79887ff903e5dbb58e30724614d6d73,2019-05,Lancashire Constabulary,Lancashire Constabulary,-2.673114,53.775306,On or near Ronaldsway,E01025235,Preston 007B,Burglary,Status update unavailable,
77492cbf83c3769b7394419a408ff900719f56f2c2d2aea046c4a291844c6758,2019-05,Lancashire Constabulary,Lancashire Constabulary,-2.674716,53.773966,On or near Dalby Close,E01025235,Preston 007B,Shoplifting,Unable to prosecute suspect,
5570d8f4a40b3483b23f9f0f27cca44a967082f0e34887756ea61d3b322a7bb5,2019-05,Lancashire Constabulary,Lancashire Constabulary,-2.674716,53.773966,On or near Dalby Close,E01025235,Preston 007B,Shoplifting,Status update unavailable,
57e1da7db57a18a272f93e317d3d79f0007c8313fb77f553ee7eff8dc4e7fe46,2019-05,Lancashire Constabulary,Lancashire Constabulary,-2.671214,53.777042,On or near Cromwell Road,E01025235,Preston 007B,Vehicle crime,Status update unavailable,
751e517f8ba43a92278c1d55604c1dac726c438b35cd7bc6df1bfd035df1380f,2019-05,Lancashire Constabulary,Lancashire Constabulary,-2.671214,53.777042,On or near Cromwell Road,E01025235,Preston 007B,Vehicle crime,Investigation complete; no suspect identified,
82695a25a3b0b7a900e1b14c7ff62c36c4272559c10996ac31a3ccbb9165c144,2019-05,Lancashire Constabulary,Lancashire Constabulary,-2.673511,53.780211,On or near Dunsop Road,E01025235,Preston 007B,Vehicle crime,Status update unavailable,
a2b214534d81e35b5014ae5e10de53de6a7a28772818ac8b033a5dcb7b1c898f,2019-05,Lancashire Constabulary,Lancashire Constabulary,-2.671214,53.777042,On or near Cromwell Road,E01025235,Preston 007B,Vehicle crime,Status update unavailable,
2f2a49ba01b5f18906caef4f503d4a05a336118a2ac1c99132592a3bde1cbafb,2019-05,Lancashire Constabulary,Lancashire Constabulary,-2.670789,53.775121,On or near Park Close,E01025235,Preston 007B,Vehicle crime,Status update unavailable,
290838bdf1fa8a3eae238db12068b6230acc02690b5fff75ebc13df65b867874,2019-05,Lancashire Constabulary,Lancashire Constabulary,-2.673907,53.776506,On or near Oban Crescent,E01025235,Preston 007B,Vehicle crime,Status update unavailable,
e0dd2433698933c3727efcbadf949e6b79d2b3982f01edf723ece58e540f3d2b,2019-05,Lancashire Constabulary,Lancashire Constabulary,-2.673511,53.780211,On or near Dunsop Road,E01025235,Preston 007B,Vehicle crime,Status update unavailable,
efbd0fd6a08c0847e82ba7956565f873d024689771c77540f88533dd797ebf1e,2019-05,Lancashire Constabulary,Lancashire Constabulary,-2.674716,53.773966,On or near Dalby Close,E01025235,Preston 007B,Vehicle crime,Status update unavailable,
3023150733f08a2218232a7dcf0d849ad4ea55c8d332cd5036bd61b10f41ceaf,2019-05,Lancashire Constabulary,Lancashire Constabulary,-2.673114,53.775306,On or near Ronaldsway,E01025235,Preston 007B,Violence and sexual offences,Unable to prosecute suspect,
,2019-05,Lancashire Constabulary,Lancashire Constabulary,-2.671602,53.782307,On or near Wensley Place,E01025237,Preston 007C,Anti-social behaviour,,
,2019-05,Lancashire Constabulary,Lancashire Constabulary,-2.668391,53.783682,On or near Halstead Road,E01025237,Preston 007C,Anti-social behaviour,,
,2019-05,Lancashire Constabulary,Lancashire Constabulary,-2.667402,53.784461,On or near Skipton Crescent,E01025237,Preston 007C,Anti-social behaviour,,
,2019-05,Lancashire Constabulary,Lancashire Constabulary,-2.668902,53.781477,On or near Hornby Avenue,E01025237,Preston 007C,Anti-social behaviour,,
fcefd82be8707c6302a0ea4b286a7df60247a6c79469abd9cdbb840686367e77,2019-05,Lancashire Constabulary,Lancashire Constabulary,-2.668057,53.781751,On or near Ingleton Road,E01025237,Preston 007C,Shoplifting,Status update unavailable,
7552a05aa8ca4c30e8ece86fd643f50eed83206eb5b598d82de6d6ab4212b7e9,2019-05,Lancashire Constabulary,Lancashire Constabulary,-2.668057,53.781751,On or near Ingleton Road,E01025237,Preston 007C,Shoplifting,Status update unavailable,
1864d03e2478059a3f659e2f0deae25623d5a2e837378057122937dc67fd7d67,2019-05,Lancashire Constabulary,Lancashire Constabulary,-2.668057,53.781751,On or near Ingleton Road,E01025237,Preston 007C,Shoplifting,Status update unavailable,
e5055d8404565efc386d347ebebbff9aeb1eb78c5217c90748fe9779a518ab1c,2019-05,Lancashire Constabulary,Lancashire Constabulary,-2.662185,53.783770,On or near Troutbeck Place,E01025237,Preston 007C,Vehicle crime,Status update unavailable,
56ad62f0c5aa7d95557370a356397d62dde9d5b1483553bc9069c4cbe8828d5d,2019-05,Lancashire Constabulary,Lancashire Constabulary,-2.668391,53.783682,On or near Halstead Road,E01025237,Preston 007C,Violence and sexual offences,Status update unavailable,
93e9ada126b418d3e07985c054e4ad07d987f4df1a72e358bf2f1d189f61749d,2019-05,Lancashire Constabulary,Lancashire Constabulary,-2.666634,53.782964,On or near Ellerbeck Avenue,E01025237,Preston 007C,Violence and sexual offences,Unable to prosecute suspect,
c5baefa45c30dba53f00dec0a0e16e1855d03132c8614a1dce268a4102f8d655,2019-05,Lancashire Constabulary,Lancashire Constabulary,-2.668391,53.783682,On or near Halstead Road,E01025237,Preston 007C,Violence and sexual offences,Unable to prosecute suspect,
74b8608ee15750706713161f873b694c44590f4c8afb5c1415f3821d33d142a0,2019-05,Lancashire Constabulary,Lancashire Constabulary,-2.662330,53.784291,On or near Ambleside Road,E01025237,Preston 007C,Violence and sexual offences,Unable to prosecute suspect,
27de51edf5172c05048eb4ff0d85ccb5dfe980a5232568d69e86719223b39199,2019-05,Lancashire Constabulary,Lancashire Constabulary,-2.668380,53.783017,On or near Silverdale Drive,E01025237,Preston 007C,Violence and sexual offences,Status update unavailable,
99f3e0d76ed73114f2dc0f8ca3b2280449eac75745af7bb5deee52733b90f80d,2019-05,Lancashire Constabulary,Lancashire Constabulary,-2.662330,53.784291,On or near Ambleside Road,E01025237,Preston 007C,Violence and sexual offences,Local resolution,
eb9dca0068ea40ab7cb1f153b13bd93209337a942b9f9d6c1d50e97d7cebf454,2019-05,Lancashire Constabulary,Lancashire Constabulary,-2.668391,53.783682,On or near Halstead Road,E01025237,Preston 007C,Violence and sexual offences,Unable to prosecute suspect,
,2019-05,Lancashire Constabulary,Lancashire Constabulary,-2.668815,53.780732,On or near Westfield Drive,E01025238,Preston 007D,Anti-social behaviour,,
,2019-05,Lancashire Constabulary,Lancashire Constabulary,-2.663412,53.783647,On or near Leyburn Close,E01025238,Preston 007D,Anti-social behaviour,,
,2019-05,Lancashire Constabulary,Lancashire Constabulary,-2.662266,53.782152,On or near Gisburn Road,E01025238,Preston 007D,Anti-social behaviour,,
,2019-05,Lancashire Constabulary,Lancashire Constabulary,-2.661726,53.780663,On or near Garsdale Road,E01025238,Preston 007D,Anti-social behaviour,,
,2019-05,Lancashire Constabulary,Lancashire Constabulary,-2.662266,53.782152,On or near Gisburn Road,E01025238,Preston 007D,Anti-social behaviour,,
,2019-05,Lancashire Constabulary,Lancashire Constabulary,-2.661726,53.780663,On or near Garsdale Road,E01025238,Preston 007D,Anti-social behaviour,,
,2019-05,Lancashire Constabulary,Lancashire Constabulary,-2.663412,53.783647,On or near Leyburn Close,E01025238,Preston 007D,Anti-social behaviour,,
,2019-05,Lancashire Constabulary,Lancashire Constabulary,-2.661726,53.780663,On or near Garsdale Road,E01025238,Preston 007D,Anti-social behaviour,,
0949d5fdc5aa11e2d93699372d9d29e861de8774a32c9311db39e917e1006385,2019-05,Lancashire Constabulary,Lancashire Constabulary,-2.668815,53.780732,On or near Westfield Drive,E01025238,Preston 007D,Criminal damage and arson,Status update unavailable,
d757192bf2b8921ae8268d061380a1e8e57358194dc7c2b74698364be005bffe,2019-05,Lancashire Constabulary,Lancashire Constabulary,-2.663717,53.782728,On or near Marsett Place,E01025238,Preston 007D,Criminal damage and arson,Unable to prosecute suspect,
5861ddb86299c657fdef9e3b28924a2127023a3e6a9e15a85c3b383f46f08925,2019-05,Lancashire Constabulary,Lancashire Constabulary,-2.664643,53.780854,On or near Trawden Crescent,E01025238,Preston 007D,Drugs,Awaiting court outcome,
671f8beaeee53d3540ff626869c51ee9e4d871bbd606f076bc742599a81f9581,2019-05,Lancashire Constabulary,Lancashire Constabulary,-2.662266,53.782152,On or near Gisburn Road,E01025238,Preston 007D,Other theft,Unable to prosecute suspect,
4e85ba788c95f53af9f00966e6b16a5c85c26f89cccb70f2a1e158fdfab81b8b,2019-05,Lancashire Constabulary,Lancashire Constabulary,-2.664743,53.782399,On or near Malham Place,E01025238,Preston 007D,Public order,Unable to prosecute suspect,
2f52430a2ad09ce6fb2f0ef736b50c08315306dc7b178093df0d5522580b480b,2019-05,Lancashire Constabulary,Lancashire Constabulary,-2.665733,53.780650,On or near Harrop Place,E01025238,Preston 007D,Vehicle crime,Status update unavailable,
dada55862306acee62867a19dcc822a1e92d18adc10f36abe9230d53747eb877,2019-05,Lancashire Constabulary,Lancashire Constabulary,-2.662266,53.782152,On or near Gisburn Road,E01025238,Preston 007D,Vehicle crime,Unable to prosecute suspect,
f480fdaf56329af5c2889381c06b612d00f271156ad9ddb4be65bce134988f27,2019-05,Lancashire Constabulary,Lancashire Constabulary,-2.661726,53.780663,On or near Garsdale Road,E01025238,Preston 007D,Violence and sexual offences,Status update unavailable,
1893b3f3adfb602908c8a99804a75f0aebbfa3bd1a50fad4ba4d5db119844666,2019-05,Lancashire Constabulary,Lancashire Constabulary,-2.661726,53.780663,On or near Garsdale Road,E01025238,Preston 007D,Violence and sexual offences,Unable to prosecute suspect,
934b8a591b1c3e15b369ce1f0c6d15da4a69c4153c3f115ddade5354a1e96527,2019-05,Lancashire Constabulary,Lancashire Constabulary,-2.664643,53.780854,On or near Trawden Crescent,E01025238,Preston 007D,Violence and sexual offences,Unable to prosecute suspect,
ed488c527f566a4af758ee46904f841f0c9e707815b821ef7d8088ce5deceb5d,2019-05,Lancashire Constabulary,Lancashire Constabulary,-2.664643,53.780854,On or near Trawden Crescent,E01025238,Preston 007D,Violence and sexual offences,Status update unavailable,
,2019-05,Lancashire Constabulary,Lancashire Constabulary,-2.683161,53.769856,On or near Tees Street,E01025245,Preston 007E,Anti-social behaviour,,
,2019-05,Lancashire Constabulary,Lancashire Constabulary,-2.680804,53.773240,On or near Supermarket,E01025245,Preston 007E,Anti-social behaviour,,
,2019-05,Lancashire Constabulary,Lancashire Constabulary,-2.683711,53.773799,On or near Primrose Road,E01025245,Preston 007E,Anti-social behaviour,,
,2019-05,Lancashire Constabulary,Lancashire Constabulary,-2.683711,53.773799,On or near Primrose Road,E01025245,Preston 007E,Anti-social behaviour,,
,2019-05,Lancashire Constabulary,Lancashire Constabulary,-2.683436,53.774636,On or near Primrose Lane,E01025245,Preston 007E,Anti-social behaviour,,
,2019-05,Lancashire Constabulary,Lancashire Constabulary,-2.677768,53.773176,On or near Shopping Area,E01025245,Preston 007E,Anti-social behaviour,,
,2019-05,Lancashire Constabulary,Lancashire Constabulary,-2.685404,53.774373,On or near Manor House Crescent,E01025245,Preston 007E,Anti-social behaviour,,
,2019-05,Lancashire Constabulary,Lancashire Constabulary,-2.681013,53.770246,On or near Basil Street,E01025245,Preston 007E,Anti-social behaviour,,
,2019-05,Lancashire Constabulary,Lancashire Constabulary,-2.689193,53.774091,On or near Parkside,E01025245,Preston 007E,Anti-social behaviour,,
,2019-05,Lancashire Constabulary,Lancashire Constabulary,-2.677768,53.773176,On or near Shopping Area,E01025245,Preston 007E,Anti-social behaviour,,
,2019-05,Lancashire Constabulary,Lancashire Constabulary,-2.685404,53.774373,On or near Manor House Crescent,E01025245,Preston 007E,Anti-social behaviour,,
,2019-05,Lancashire Constabulary,Lancashire Constabulary,-2.680207,53.771985,On or near William Young Close,E01025245,Preston 007E,Anti-social behaviour,,
,2019-05,Lancashire Constabulary,Lancashire Constabulary,-2.680207,53.771985,On or near William Young Close,E01025245,Preston 007E,Anti-social behaviour,,
,2019-05,Lancashire Constabulary,Lancashire Constabulary,-2.683274,53.775841,On or near Manor House Lane,E01025245,Preston 007E,Anti-social behaviour,,
,2019-05,Lancashire Constabulary,Lancashire Constabulary,-2.689193,53.774091,On or near Parkside,E01025245,Preston 007E,Anti-social behaviour,,
,2019-05,Lancashire Constabulary,Lancashire Constabulary,-2.677768,53.773176,On or near Shopping Area,E01025245,Preston 007E,Anti-social behaviour,,
,2019-05,Lancashire Constabulary,Lancashire Constabulary,-2.677768,53.773176,On or near Shopping Area,E01025245,Preston 007E,Anti-social behaviour,,
,2019-05,Lancashire Constabulary,Lancashire Constabulary,-2.686321,53.775671,On or near Supermarket,E01025245,Preston 007E,Anti-social behaviour,,
,2019-05,Lancashire Constabulary,Lancashire Constabulary,-2.677768,53.773176,On or near Shopping Area,E01025245,Preston 007E,Anti-social behaviour,,
,2019-05,Lancashire Constabulary,Lancashire Constabulary,-2.681913,53.775238,On or near Rose Lane,E01025245,Preston 007E,Anti-social behaviour,,
,2019-05,Lancashire Constabulary,Lancashire Constabulary,-2.683095,53.772292,On or near Cam Street,E01025245,Preston 007E,Anti-social behaviour,,
,2019-05,Lancashire Constabulary,Lancashire Constabulary,-2.683095,53.772292,On or near Cam Street,E01025245,Preston 007E,Anti-social behaviour,,
2c4bab87fab58a4107a2f3d1021d4f225b037e24229422cbcf596d042929ef9f,2019-05,Lancashire Constabulary,Lancashire Constabulary,-2.677768,53.773176,On or near Shopping Area,E01025245,Preston 007E,Burglary,Status update unavailable,
21f86a7993bf1da1b700c95288b351ecbe7f2d5be336e643c1e1fe1e8adb7f90,2019-05,Lancashire Constabulary,Lancashire Constabulary,-2.683711,53.773799,On or near Primrose Road,E01025245,Preston 007E,Burglary,Status update unavailable,
c9eb0a7814158f2393f6d523401a6b9de55e738ee627b477b2abc227bdca264f,2019-05,Lancashire Constabulary,Lancashire Constabulary,-2.681859,53.773746,On or near Clifton Grove,E01025245,Preston 007E,Burglary,Status update unavailable,
dac1ebe20e5a1e582eedda3a2b2bfb5d17a4efa8937bc9a150f60bf58f136822,2019-05,Lancashire Constabulary,Lancashire Constabulary,-2.689193,53.774091,On or near Parkside,E01025245,Preston 007E,Criminal damage and arson,Unable to prosecute suspect,
016e06949fbbca79f8f92a781bbe963f8a0dac9387e61a81ebe788a81d5f4975,2019-05,Lancashire Constabulary,Lancashire Constabulary,-2.689193,53.774091,On or near Parkside,E01025245,Preston 007E,Criminal damage and arson,Status update unavailable,
73b6b0e558e1b65041767e8729935f7f5a4a73bceab708ef5c85cc53d9e74992,2019-05,Lancashire Constabulary,Lancashire Constabulary,-2.682017,53.770393,On or near Raven Street,E01025245,Preston 007E,Criminal damage and arson,Unable to prosecute suspect,
d200b44fd96fe755266f97a25ab07820137408ebb129eaac0d0673f5da61f71f,2019-05,Lancashire Constabulary,Lancashire Constabulary,-2.680728,53.771362,On or near Church Court,E01025245,Preston 007E,Criminal damage and arson,Unable to prosecute suspect,
ffdf979302675e0d980a7a0b5c70d23840ed33f94fcaa3b63563d8ed202eb148,2019-05,Lancashire Constabulary,Lancashire Constabulary,-2.689193,53.774091,On or near Parkside,E01025245,Preston 007E,Criminal damage and arson,Unable to prosecute suspect,
66a189821223321c533ac2e566020bb38f38702242ccc51ad8dfb3bb9c8d2792,2019-05,Lancashire Constabulary,Lancashire Constabulary,-2.683711,53.773799,On or near Primrose Road,E01025245,Preston 007E,Criminal damage and arson,Status update unavailable,
79b82e4a879b669ba8231a7edd9dc4d77c2437de9c30d52b1d98cb0458558bd1,2019-05,Lancashire Constabulary,Lancashire Constabulary,-2.681893,53.772119,On or near Ringwood Road,E01025245,Preston 007E,Criminal damage and arson,Status update unavailable,
961f8b615e26c862e97bc91e8f80232f843c1ab18fe7aea1f77127da54fd45eb,2019-05,Lancashire Constabulary,Lancashire Constabulary,-2.683711,53.773799,On or near Primrose Road,E01025245,Preston 007E,Criminal damage and arson,Status update unavailable,
a456bce9b9d8003b688e679cf8a3ea444b5af8ef9fd7aa2e0383c567f90b1506,2019-05,Lancashire Constabulary,Lancashire Constabulary,-2.680804,53.773240,On or near Supermarket,E01025245,Preston 007E,Other theft,Status update unavailable,
f72cb10e6e843252051370ffb62d02e90a770807930385eea9ce715dcaf1137a,2019-05,Lancashire Constabulary,Lancashire Constabulary,-2.687512,53.776123,On or near Flintoff Way,E01025245,Preston 007E,Other theft,Status update unavailable,
31c3006455c418d867b5e9984e52996e4b3b07b6dff49c7705778877bec59202,2019-05,Lancashire Constabulary,Lancashire Constabulary,-2.683436,53.774636,On or near Primrose Lane,E01025245,Preston 007E,Other theft,Status update unavailable,
7634a1bebbf11885f5a3b0610a211237c003cbb1665d4cb465cc00ebf95c23a5,2019-05,Lancashire Constabulary,Lancashire Constabulary,-2.677768,53.773176,On or near Shopping Area,E01025245,Preston 007E,Public order,Status update unavailable,
a8d770e74a343cb078549b3514b64126a16fdbc871e4003873c8ade873932c7a,2019-05,Lancashire Constabulary,Lancashire Constabulary,-2.683095,53.772292,On or near Cam Street,E01025245,Preston 007E,Public order,Unable to prosecute suspect,
60325e7b86a28107b1202f2cce5c9bca676da74096d8dd2fc0fc5d071ffdb467,2019-05,Lancashire Constabulary,Lancashire Constabulary,-2.677768,53.773176,On or near Shopping Area,E01025245,Preston 007E,Public order,Unable to prosecute suspect,
f6f814557e9a9b110516dbaabc18fffd40aaebc5282be2b6e84b06cf3fd6deac,2019-05,Lancashire Constabulary,Lancashire Constabulary,-2.687512,53.776123,On or near Flintoff Way,E01025245,Preston 007E,Public order,Unable to prosecute suspect,
56aafb44f14c7cae3a7d509993e8ed660b7620374fcdb9408e121c990079c955,2019-05,Lancashire Constabulary,Lancashire Constabulary,-2.682584,53.770776,On or near Rufus Street,E01025245,Preston 007E,Public order,Unable to prosecute suspect,
c88072af27ed952cc1100a6cb39f86326baad90da19ec105674773bcb9bceb49,2019-05,Lancashire Constabulary,Lancashire Constabulary,-2.686321,53.775671,On or near Supermarket,E01025245,Preston 007E,Shoplifting,Status update unavailable,
8a6eac02158b7be05bb5f6a8442e47a3a3704a560ed31b4817fd4326b1ccc636,2019-05,Lancashire Constabulary,Lancashire Constabulary,-2.678972,53.774464,On or near Shopping Area,E01025245,Preston 007E,Shoplifting,Offender given penalty notice,
0125e96e620884107f16ece15fa550e94f412dda8f8343c27255757b171efebf,2019-05,Lancashire Constabulary,Lancashire Constabulary,-2.686321,53.775671,On or near Supermarket,E01025245,Preston 007E,Shoplifting,Unable to prosecute suspect,
6573e994f3996f9d85e42b3b252e79ab971cc6da30a13c967031d067cb058097,2019-05,Lancashire Constabulary,Lancashire Constabulary,-2.677768,53.773176,On or near Shopping Area,E01025245,Preston 007E,Shoplifting,Status update unavailable,
675631631fcdfed29fabdcbf257733f69a73c8409b7e0181280873d525d16ae6,2019-05,Lancashire Constabulary,Lancashire Constabulary,-2.678972,53.774464,On or near Shopping Area,E01025245,Preston 007E,Shoplifting,Status update unavailable,
0129784dd7794a5b9b957d9802b6875a0c98764bc25856ba6dc1efcaf0d0197d,2019-05,Lancashire Constabulary,Lancashire Constabulary,-2.677768,53.773176,On or near Shopping Area,E01025245,Preston 007E,Shoplifting,Status update unavailable,
3fc7b8d9a92b9e1f9792f7bba6adc38d7b4f92d7c9d6eb10d265fe1af5920240,2019-05,Lancashire Constabulary,Lancashire Constabulary,-2.678972,53.774464,On or near Shopping Area,E01025245,Preston 007E,Shoplifting,Status update unavailable,
1b294be307499cbc723e312e44eb62c453234d98958bc05ccc1bee743240c33c,2019-05,Lancashire Constabulary,Lancashire Constabulary,-2.677768,53.773176,On or near Shopping Area,E01025245,Preston 007E,Shoplifting,Status update unavailable,
6cbefb70e321806c4d1f61f9d0768a34abb464e8c068617d730aed0db2080f37,2019-05,Lancashire Constabulary,Lancashire Constabulary,-2.678972,53.774464,On or near Shopping Area,E01025245,Preston 007E,Shoplifting,Status update unavailable,
8a6936ab07d1e20d965b8fe04995fb92320c112745287f16852f3c5908fb5b12,2019-05,Lancashire Constabulary,Lancashire Constabulary,-2.678972,53.774464,On or near Shopping Area,E01025245,Preston 007E,Shoplifting,Status update unavailable,
e3a864bc4d7152fdda0d014c2abb7a6b6c37134f1d179a4c9deaa27e8419f62d,2019-05,Lancashire Constabulary,Lancashire Constabulary,-2.677768,53.773176,On or near Shopping Area,E01025245,Preston 007E,Shoplifting,Status update unavailable,
5bdacee2f6bc6631d637542046601f3f664d668ae8fa4f55b8ae0ece3f1e500f,2019-05,Lancashire Constabulary,Lancashire Constabulary,-2.686321,53.775671,On or near Supermarket,E01025245,Preston 007E,Shoplifting,Status update unavailable,
899c415c9743017ee6a6dd784e14035f9b763d3eb457e8020419aa7966ec234a,2019-05,Lancashire Constabulary,Lancashire Constabulary,-2.686321,53.775671,On or near Supermarket,E01025245,Preston 007E,Shoplifting,Offender given conditional discharge,
aee5d0ce818d3c0a5f5f740d2b897331d6574a43b0598c1aec1e0d5b5d5243a8,2019-05,Lancashire Constabulary,Lancashire Constabulary,-2.686321,53.775671,On or near Supermarket,E01025245,Preston 007E,Vehicle crime,Status update unavailable,
20c2708c4b5b1449dd81c12c3144d15fe40e4eec4bb40900a64dbfa4ac63c0a7,2019-05,Lancashire Constabulary,Lancashire Constabulary,-2.684956,53.774798,On or near Sage Lane,E01025245,Preston 007E,Vehicle crime,Status update unavailable,
1c08c4bd914a3588cc4f49636742be8cfdde883d808e776972282a97b39beb2d,2019-05,Lancashire Constabulary,Lancashire Constabulary,-2.680787,53.775038,On or near Ash Holme,E01025245,Preston 007E,Vehicle crime,Status update unavailable,
f9153f8b053ae67fb7c2aa2e6514884444fb39cc9ef3cccb0777fb965e5b3b3d,2019-05,Lancashire Constabulary,Lancashire Constabulary,-2.681859,53.773746,On or near Clifton Grove,E01025245,Preston 007E,Vehicle crime,Investigation complete; no suspect identified,
ae23334bff4a17ddc22359e6e1a8b77ce58b9b9ed413288e6a247524c94fe66f,2019-05,Lancashire Constabulary,Lancashire Constabulary,-2.689193,53.774091,On or near Parkside,E01025245,Preston 007E,Violence and sexual offences,Unable to prosecute suspect,
b975d13b1eefe91064d401b288de31bdda30d69e7981debab9bcf36ad933356e,2019-05,Lancashire Constabulary,Lancashire Constabulary,-2.689193,53.774091,On or near Parkside,E01025245,Preston 007E,Violence and sexual offences,Status update unavailable,
ec1fff4c591f5e87a1d6fefd64d081e642fd798aa853c2b9010aaad150097586,2019-05,Lancashire Constabulary,Lancashire Constabulary,-2.681913,53.775238,On or near Rose Lane,E01025245,Preston 007E,Violence and sexual offences,Offender given a caution,
36fc994c0f2b553565742d9a45062eb643040ec364bcad9d34e69cb918c15db3,2019-05,Lancashire Constabulary,Lancashire Constabulary,-2.682017,53.770393,On or near Raven Street,E01025245,Preston 007E,Violence and sexual offences,Unable to prosecute suspect,
e705daace37e5f7d1fec814c9e4d5a4fa2e67ad3c66da066d31c63a443d4c411,2019-05,Lancashire Constabulary,Lancashire Constabulary,-2.680207,53.771985,On or near William Young Close,E01025245,Preston 007E,Violence and sexual offences,Unable to prosecute suspect,
a358e5f8a6468a91bacb7f7d4f44e47eac90f1c8656e8af7ada64dabad8d06d9,2019-05,Lancashire Constabulary,Lancashire Constabulary,-2.689193,53.774091,On or near Parkside,E01025245,Preston 007E,Violence and sexual offences,Status update unavailable,
13e5c25b866a5b62fa6e8b65262ae94a4f24bc7fd6951cc7c2564b1dc3d54bf5,2019-05,Lancashire Constabulary,Lancashire Constabulary,-2.677768,53.773176,On or near Shopping Area,E01025245,Preston 007E,Violence and sexual offences,Unable to prosecute suspect,
d851e35c3e43aaad1edc03baa8ab11c99dda9ba49826f00df0ddbf6c98a202ec,2019-05,Lancashire Constabulary,Lancashire Constabulary,-2.682584,53.770776,On or near Rufus Street,E01025245,Preston 007E,Violence and sexual offences,Unable to prosecute suspect,
9cd8a45d75abf3722cec823c5526c780af119a31cd310c51234aaaeca1d21e45,2019-05,Lancashire Constabulary,Lancashire Constabulary,-2.682584,53.770776,On or near Rufus Street,E01025245,Preston 007E,Violence and sexual offences,Unable to prosecute suspect,
136855e6a9e3c2f72d9f97a6c94de1842381adf8d5462ed27d9a2c8a070cfd3c,2019-05,Lancashire Constabulary,Lancashire Constabulary,-2.682584,53.770776,On or near Rufus Street,E01025245,Preston 007E,Violence and sexual offences,Status update unavailable,
a3b14dd3471627e91ded1e19f927d21add051c3171c708beef54ad596e53a867,2019-05,Lancashire Constabulary,Lancashire Constabulary,-2.680207,53.771985,On or near William Young Close,E01025245,Preston 007E,Violence and sexual offences,Status update unavailable,
78c3e9480f26892e8ef0f9567ee903d2973cfd6c3f45c7282339a224eb54f46e,2019-05,Lancashire Constabulary,Lancashire Constabulary,-2.689193,53.774091,On or near Parkside,E01025245,Preston 007E,Violence and sexual offences,Unable to prosecute suspect,
24166a48e7e19b4acbbf1475f6c95ee5b237e7bf8be759138c52a7f2b9411d90,2019-05,Lancashire Constabulary,Lancashire Constabulary,-2.679571,53.775808,On or near Daisy Lane,E01025245,Preston 007E,Violence and sexual offences,Status update unavailable,
abfbda2194b659330696b15bcb5699c526e171fbfefe41d83b0a2db9fdd569d1,2019-05,Lancashire Constabulary,Lancashire Constabulary,-2.682584,53.770776,On or near Rufus Street,E01025245,Preston 007E,Violence and sexual offences,Status update unavailable,
4f0030c4e0a6fdb34bf562e18d3292574e33442d84fd160045556e38d51e032e,2019-05,Lancashire Constabulary,Lancashire Constabulary,-2.677768,53.773176,On or near Shopping Area,E01025245,Preston 007E,Violence and sexual offences,Status update unavailable,
9ddee3e40a64cdbeb535f185d35e04e208595d7e83bfce583786144fef0e7e84,2019-05,Lancashire Constabulary,Lancashire Constabulary,-2.682584,53.770776,On or near Rufus Street,E01025245,Preston 007E,Violence and sexual offences,Unable to prosecute suspect,
1de2d0cb0d9db8f010348ae5fedd45bb3f179420858145a96e3f2285182c4917,2019-05,Lancashire Constabulary,Lancashire Constabulary,-2.689193,53.774091,On or near Parkside,E01025245,Preston 007E,Violence and sexual offences,Unable to prosecute suspect,
2f0101e8229b7f99365dcd1c3f64104ad591bd53af64526cbccc229243f73a9f,2019-05,Lancashire Constabulary,Lancashire Constabulary,-2.679820,53.771502,On or near St Oswalds Close,E01025245,Preston 007E,Violence and sexual offences,Status update unavailable,
a0221f840463186fa8e1c0204d4e5de56b97a43dba8b6596507cc4196782d7a4,2019-05,Lancashire Constabulary,Lancashire Constabulary,-2.682017,53.770393,On or near Raven Street,E01025245,Preston 007E,Violence and sexual offences,Awaiting court outcome,
065d9dfa6e39d048dc8ab25e9d80dd3fd7b6ebb21ce946f092171b60c0dd7d17,2019-05,Lancashire Constabulary,Lancashire Constabulary,-2.679820,53.771502,On or near St Oswalds Close,E01025245,Preston 007E,Violence and sexual offences,Status update unavailable,
,2019-05,Lancashire Constabulary,Lancashire Constabulary,-2.687616,53.777848,On or near Watling Street Road,E01025252,Preston 007F,Anti-social behaviour,,
,2019-05,Lancashire Constabulary,Lancashire Constabulary,-2.678633,53.780703,On or near Lucerne Road,E01025252,Preston 007F,Anti-social behaviour,,
,2019-05,Lancashire Constabulary,Lancashire Constabulary,-2.687616,53.777848,On or near Watling Street Road,E01025252,Preston 007F,Anti-social behaviour,,
,2019-05,Lancashire Constabulary,Lancashire Constabulary,-2.678633,53.780703,On or near Lucerne Road,E01025252,Preston 007F,Anti-social behaviour,,
,2019-05,Lancashire Constabulary,Lancashire Constabulary,-2.679282,53.778623,On or near Brookfield Avenue,E01025252,Preston 007F,Anti-social behaviour,,
,2019-05,Lancashire Constabulary,Lancashire Constabulary,-2.679282,53.778623,On or near Brookfield Avenue,E01025252,Preston 007F,Anti-social behaviour,,
f96b0053b914ad706204d304e70e7e87b586d59f5bddb7b7aeb8fd084ca74395,2019-05,Lancashire Constabulary,Lancashire Constabulary,-2.680450,53.781394,On or near Rydal Close,E01025252,Preston 007F,Burglary,Status update unavailable,
d9710266fce6acbe8cfd42db28200447012edebe961dc11db4a56fd484e0da02,2019-05,Lancashire Constabulary,Lancashire Constabulary,-2.680450,53.781394,On or near Rydal Close,E01025252,Preston 007F,Burglary,Status update unavailable,
19c5507c69a1fd17152017fed2388d3c0635a9440cde818504bfddb000b7385d,2019-05,Lancashire Constabulary,Lancashire Constabulary,-2.678736,53.781476,On or near Geneva Road,E01025252,Preston 007F,Criminal damage and arson,Unable to prosecute suspect,
605ab048759514cfe5eedcf4d844e86e6005f044e8fd2b374c694da6a6562378,2019-05,Lancashire Constabulary,Lancashire Constabulary,-2.679899,53.781092,On or near Coniston Road,E01025252,Preston 007F,Vehicle crime,Local resolution,
cbb54b508031c5c0dca3f19b1335bc6c9c31a56aab94b1baa8f810994ff91957,2019-05,Lancashire Constabulary,Lancashire Constabulary,-2.677123,53.779292,On or near Briery Close,E01025252,Preston 007F,Vehicle crime,Status update unavailable,
2e5c0dbd3c98432f19e3f64f4cd6ee86a973ae232f51b591b5a94fbf3f56f825,2019-05,Lancashire Constabulary,Lancashire Constabulary,-2.679899,53.781092,On or near Coniston Road,E01025252,Preston 007F,Vehicle crime,Unable to prosecute suspect,
,2019-05,Lancashire Constabulary,Lancashire Constabulary,-2.737070,53.770903,On or near St Andrew'S Avenue,E01025233,Preston 008A,Anti-social behaviour,,
,2019-05,Lancashire Constabulary,Lancashire Constabulary,-2.734433,53.770182,On or near Fairfield Drive,E01025233,Preston 008A,Anti-social behaviour,,
,2019-05,Lancashire Constabulary,Lancashire Constabulary,-2.737070,53.770903,On or near St Andrew'S Avenue,E01025233,Preston 008A,Anti-social behaviour,,
,2019-05,Lancashire Constabulary,Lancashire Constabulary,-2.733688,53.770078,On or near Park View Avenue,E01025233,Preston 008A,Anti-social behaviour,,
d9f8c0f35344e156d752171214523ba2575dc3faa578bc5120ef652437320e31,2019-05,Lancashire Constabulary,Lancashire Constabulary,-2.733688,53.770078,On or near Park View Avenue,E01025233,Preston 008A,Bicycle theft,Status update unavailable,
95c3a2244ae7c1ea1bc61d9b63faef4fce091a3019635a96d353deb3418e112a,2019-05,Lancashire Constabulary,Lancashire Constabulary,-2.734433,53.770182,On or near Fairfield Drive,E01025233,Preston 008A,Burglary,Awaiting court outcome,
5279730df7237d3488c4a6d38adbd4c2538e543811e47405b853eae6175ad1c7,2019-05,Lancashire Constabulary,Lancashire Constabulary,-2.739384,53.769612,On or near Cottam Lane,E01025233,Preston 008A,Other theft,Status update unavailable,
846e1218e975232d14f4b7d58a7c5daee76bfb7ad4c76fddf16ec583da6e7f30,2019-05,Lancashire Constabulary,Lancashire Constabulary,-2.737171,53.767136,On or near Abingdon Drive,E01025233,Preston 008A,Public order,Status update unavailable,
4f801ef5c9de6bad53cb800dfb01eaab782420dc3da50fc86806eee968413103,2019-05,Lancashire Constabulary,Lancashire Constabulary,-2.739384,53.769612,On or near Cottam Lane,E01025233,Preston 008A,Violence and sexual offences,Unable to prosecute suspect,
,2019-05,Lancashire Constabulary,Lancashire Constabulary,-2.727338,53.779303,On or near Woodway,E01025240,Preston 008B,Anti-social behaviour,,
,2019-05,Lancashire Constabulary,Lancashire Constabulary,-2.726211,53.776380,On or near Under Wood,E01025240,Preston 008B,Anti-social behaviour,,
,2019-05,Lancashire Constabulary,Lancashire Constabulary,-2.727338,53.779303,On or near Woodway,E01025240,Preston 008B,Anti-social behaviour,,
,2019-05,Lancashire Constabulary,Lancashire Constabulary,-2.720766,53.776565,On or near Haddon Place,E01025240,Preston 008B,Anti-social behaviour,,
9f5eb3ae2a46fb5c158cf6fcac51afbefc4ec8802bd7f6368001626a4019f875,2019-05,Lancashire Constabulary,Lancashire Constabulary,-2.727626,53.775742,On or near Athelstan Fold,E01025240,Preston 008B,Burglary,Status update unavailable,
2a92d7995765752d64f7a6d891663ac8fa9ba18cc4781e7883ecda32569641ea,2019-05,Lancashire Constabulary,Lancashire Constabulary,-2.729795,53.776547,On or near Melbert Avenue,E01025240,Preston 008B,Criminal damage and arson,Action to be taken by another organisation,
e4f08554bf3e3aee19e9af5286f84c054814a60b6ca0958e9e9b3de712934736,2019-05,Lancashire Constabulary,Lancashire Constabulary,-2.729795,53.776547,On or near Melbert Avenue,E01025240,Preston 008B,Criminal damage and arson,Unable to prosecute suspect,
ca11f9a048bd860030761735794496f30f45710d8593ece7b36b24bf6a28be31,2019-05,Lancashire Constabulary,Lancashire Constabulary,-2.729795,53.776547,On or near Melbert Avenue,E01025240,Preston 008B,Other theft,Status update unavailable,
36a86cfaa62f17946f2d705b1d100b09f8076bbd32aaef475a1e031c69dd6622,2019-05,Lancashire Constabulary,Lancashire Constabulary,-2.720766,53.776565,On or near Haddon Place,E01025240,Preston 008B,Vehicle crime,Status update unavailable,
7073aa7325fabc243f25a22a759e0dff1dbe46b33a61dd557d5327cd0530fa2a,2019-05,Lancashire Constabulary,Lancashire Constabulary,-2.720766,53.776565,On or near Haddon Place,E01025240,Preston 008B,Violence and sexual offences,Status update unavailable,
e5523cab1dd1e274922e1f9420e177563d2d6441318dc0864fee76a81bd3a937,2019-05,Lancashire Constabulary,Lancashire Constabulary,-2.729795,53.776547,On or near Melbert Avenue,E01025240,Preston 008B,Violence and sexual offences,Status update unavailable,
9d7ec06d02364c9873629c4460ed5612f029de57807aa9c2ce76d97759a41c15,2019-05,Lancashire Constabulary,Lancashire Constabulary,-2.729795,53.776547,On or near Melbert Avenue,E01025240,Preston 008B,Other crime,Status update unavailable,
,2019-05,Lancashire Constabulary,Lancashire Constabulary,-2.736674,53.778572,On or near Hollinhead Crescent,E01025261,Preston 008C,Anti-social behaviour,,
,2019-05,Lancashire Constabulary,Lancashire Constabulary,-2.737654,53.781703,On or near Oaktree Close,E01025261,Preston 008C,Anti-social behaviour,,
,2019-05,Lancashire Constabulary,Lancashire Constabulary,-2.736571,53.780478,On or near Cantsfield Avenue,E01025261,Preston 008C,Anti-social behaviour,,
,2019-05,Lancashire Constabulary,Lancashire Constabulary,-2.736571,53.780478,On or near Cantsfield Avenue,E01025261,Preston 008C,Anti-social behaviour,,
ba3cb653bc332c28778da23824c642f74bd98f866a7c627cadfecbedb18f1095,2019-05,Lancashire Constabulary,Lancashire Constabulary,-2.739421,53.779445,On or near Petrol Station,E01025261,Preston 008C,Vehicle crime,Status update unavailable,
c6583ba06b60fecaed5a725ecfa7fb8692f0610859355aecbc1a4891ec23989e,2019-05,Lancashire Constabulary,Lancashire Constabulary,-2.737353,53.780078,On or near The Coppice,E01025261,Preston 008C,Other crime,Status update unavailable,
,2019-05,Lancashire Constabulary,Lancashire Constabulary,-2.740881,53.771895,On or near West Park Lane,E01025266,Preston 008D,Anti-social behaviour,,
209086ccb9aa7ddc4e4c64f35a226e837ac019c42601ff9042e405a8ef57d862,2019-05,Lancashire Constabulary,Lancashire Constabulary,-2.740881,53.771895,On or near West Park Lane,E01025266,Preston 008D,Criminal damage and arson,Status update unavailable,
2aa154469418a1c2e593f8b7929390fd97cea4a7998858c19754a415aedf26df,2019-05,Lancashire Constabulary,Lancashire Constabulary,-2.745068,53.771869,On or near Lime Grove,E01025266,Preston 008D,Violence and sexual offences,Unable to prosecute suspect,
,2019-05,Lancashire Constabulary,Lancashire Constabulary,-2.720942,53.775333,On or near Trafalgar Close,E01025309,Preston 008E,Anti-social behaviour,,
,2019-05,Lancashire Constabulary,Lancashire Constabulary,-2.720795,53.773806,On or near Clovelly Avenue,E01025309,Preston 008E,Anti-social behaviour,,
57604f0ede8dd114c6f1f202b6c95a473ace9cab066a17c8506d82d947dff503,2019-05,Lancashire Constabulary,Lancashire Constabulary,-2.720942,53.775333,On or near Trafalgar Close,E01025309,Preston 008E,Criminal damage and arson,Status update unavailable,
37c345b1c7a7722344b1d9548bfd63a28452c2eddfc144e459c5738fb5406af5,2019-05,Lancashire Constabulary,Lancashire Constabulary,-2.724998,53.774697,On or near Seymour Road,E01025309,Preston 008E,Other theft,Status update unavailable,
dc80c0e45c369f2241a626c4d58c611abbeed80daedea09944c4855a55cdf4bf,2019-05,Lancashire Constabulary,Lancashire Constabulary,-2.720795,53.773806,On or near Clovelly Avenue,E01025309,Preston 008E,Vehicle crime,Status update unavailable,
d8e4cbb57110ce8212c86b6c83235fd5dfbd4629491c31f8d4be5d4c31a7f753,2019-05,Lancashire Constabulary,Lancashire Constabulary,-2.720795,53.773806,On or near Clovelly Avenue,E01025309,Preston 008E,Violence and sexual offences,Status update unavailable,
,2019-05,Lancashire Constabulary,Lancashire Constabulary,-2.660260,53.780069,On or near Sion Close,E01025236,Preston 009A,Anti-social behaviour,,
,2019-05,Lancashire Constabulary,Lancashire Constabulary,-2.662385,53.777172,On or near Derry Road,E01025236,Preston 009A,Anti-social behaviour,,
,2019-05,Lancashire Constabulary,Lancashire Constabulary,-2.663691,53.776266,On or near Wilmot Road,E01025236,Preston 009A,Anti-social behaviour,,
,2019-05,Lancashire Constabulary,Lancashire Constabulary,-2.663640,53.775008,On or near Greenlands Crescent,E01025236,Preston 009A,Anti-social behaviour,,
19beb069b2787219736e4082221e632d8992aa414a971833019e591a2da2ca6d,2019-05,Lancashire Constabulary,Lancashire Constabulary,-2.660260,53.780069,On or near Sion Close,E01025236,Preston 009A,Burglary,Status update unavailable,
a352bc44546ff43868eca15212d3893ed88f17d7eac5ac586d37b8c9ed8a5e52,2019-05,Lancashire Constabulary,Lancashire Constabulary,-2.663691,53.776266,On or near Wilmot Road,E01025236,Preston 009A,Criminal damage and arson,Status update unavailable,
152187d92392502fde0fd4d00f2456c44c6ece9ad12ee9a210499831868ff660,2019-05,Lancashire Constabulary,Lancashire Constabulary,-2.661623,53.776969,On or near Dorman Road,E01025236,Preston 009A,Criminal damage and arson,Status update unavailable,
095baf33d3467cf2d31d7b62039e2fa66c4c3f5210d27d555c947ad3fb9ae6d4,2019-05,Lancashire Constabulary,Lancashire Constabulary,-2.661623,53.776969,On or near Dorman Road,E01025236,Preston 009A,Criminal damage and arson,Status update unavailable,
65170e09cbe6ebfe4528ecf6b5c50d3d008453d8511e693cbdf190caa3a8a163,2019-05,Lancashire Constabulary,Lancashire Constabulary,-2.666224,53.774292,On or near Moorfield Drive,E01025236,Preston 009A,Other theft,Status update unavailable,
2ad7e290991c3da1e423f89683f9c514fb57cf556d7e801f352d2c665c1d3680,2019-05,Lancashire Constabulary,Lancashire Constabulary,-2.661402,53.776440,On or near Supermarket,E01025236,Preston 009A,Public order,Status update unavailable,
8929c20c6707a32109fc964b666f3259f253ef4c8af9cf23d4bcc743760824f5,2019-05,Lancashire Constabulary,Lancashire Constabulary,-2.660260,53.780069,On or near Sion Close,E01025236,Preston 009A,Public order,Status update unavailable,
2175c00a25718db081edf0d4b5946eb013fa12d823a36a9354f7f86b780a1c62,2019-05,Lancashire Constabulary,Lancashire Constabulary,-2.663207,53.777356,On or near Dawnay Road,E01025236,Preston 009A,Vehicle crime,Status update unavailable,
64a5bab4bf0730e3781ac3de702a83f9fe46ac30b5713add3d0290ddc49f9bc2,2019-05,Lancashire Constabulary,Lancashire Constabulary,-2.660260,53.780069,On or near Sion Close,E01025236,Preston 009A,Vehicle crime,Status update unavailable,
6abeb2fcfbadf8e977e69cf2ffcf1f28c3e27abcbebe10b528780805bde3e773,2019-05,Lancashire Constabulary,Lancashire Constabulary,-2.660260,53.780069,On or near Sion Close,E01025236,Preston 009A,Vehicle crime,Status update unavailable,
00c081d03db1f70d47578462e40751c8393ba2ee016c2ad1d522202f6fe9a210,2019-05,Lancashire Constabulary,Lancashire Constabulary,-2.660260,53.780069,On or near Sion Close,E01025236,Preston 009A,Vehicle crime,Status update unavailable,
e3fcd5b543f1f4da11d7192f219ca2ccb57e9a2274f59a67e926421e04a4bbae,2019-05,Lancashire Constabulary,Lancashire Constabulary,-2.660260,53.780069,On or near Sion Close,E01025236,Preston 009A,Vehicle crime,Status update unavailable,
667a07c53c7804d65b328884c62da2fcb1a7831fbb9b4d5204c73af08ee44889,2019-05,Lancashire Constabulary,Lancashire Constabulary,-2.660260,53.780069,On or near Sion Close,E01025236,Preston 009A,Vehicle crime,Status update unavailable,
28f61b2fca8eaf94cf10e2f07246c55a91f10fc6ae4c4d0efb9e8389d21a3485,2019-05,Lancashire Constabulary,Lancashire Constabulary,-2.660260,53.780069,On or near Sion Close,E01025236,Preston 009A,Vehicle crime,Status update unavailable,
e507c7bccf7f81c0d92e834501a83cbe0d63fd27854ad50672befabec2c7ae58,2019-05,Lancashire Constabulary,Lancashire Constabulary,-2.660260,53.780069,On or near Sion Close,E01025236,Preston 009A,Violence and sexual offences,Status update unavailable,
f88376fd65e460e287cd33c111eea97706403ac29de8d094697fad1662a19379,2019-05,Lancashire Constabulary,Lancashire Constabulary,-2.660260,53.780069,On or near Sion Close,E01025236,Preston 009A,Violence and sexual offences,Unable to prosecute suspect,
75c0d12b32d9e9dc16ac1121318ce4ed4ee9f58ce05f3c323d1d3df3e0816c09,2019-05,Lancashire Constabulary,Lancashire Constabulary,-2.662385,53.777172,On or near Derry Road,E01025236,Preston 009A,Violence and sexual offences,Status update unavailable,
61257e532ac9bee8bd1ff05fb643da04a98ff7d45e1da1c12049617a95f0dd35,2019-05,Lancashire Constabulary,Lancashire Constabulary,-2.663691,53.776266,On or near Wilmot Road,E01025236,Preston 009A,Violence and sexual offences,Unable to prosecute suspect,
0b68b418e401d121269a1d30245170fcc801ca42db18c6bb08aaec6cd9054ab0,2019-05,Lancashire Constabulary,Lancashire Constabulary,-2.661402,53.776440,On or near Supermarket,E01025236,Preston 009A,Violence and sexual offences,Awaiting court outcome,
7f82ab85007dfd64f9b3f65fe512f6334902c7fc53c1a922e592e9b648106ab5,2019-05,Lancashire Constabulary,Lancashire Constabulary,-2.667840,53.775767,On or near Linden Grove,E01025236,Preston 009A,Violence and sexual offences,Status update unavailable,
9b25dae7261ffbde672b8fa9244a977f659229b112a92c894bdc7905e3ffcb2a,2019-05,Lancashire Constabulary,Lancashire Constabulary,-2.664247,53.775921,On or near Melba Road,E01025236,Preston 009A,Violence and sexual offences,Status update unavailable,
,2019-05,Lancashire Constabulary,Lancashire Constabulary,-2.648917,53.770792,On or near Marl Hill Crescent,E01025283,Preston 009B,Anti-social behaviour,,
,2019-05,Lancashire Constabulary,Lancashire Constabulary,-2.651905,53.771693,On or near Whitmore Drive,E01025283,Preston 009B,Anti-social behaviour,,
,2019-05,Lancashire Constabulary,Lancashire Constabulary,-2.649816,53.772980,On or near Burholme Road,E01025283,Preston 009B,Anti-social behaviour,,
,2019-05,Lancashire Constabulary,Lancashire Constabulary,-2.648846,53.772042,On or near Hazelhurst Road,E01025283,Preston 009B,Anti-social behaviour,,
,2019-05,Lancashire Constabulary,Lancashire Constabulary,-2.650289,53.772187,On or near Burholme Close,E01025283,Preston 009B,Anti-social behaviour,,
,2019-05,Lancashire Constabulary,Lancashire Constabulary,-2.649748,53.773493,On or near Waddington Road,E01025283,Preston 009B,Anti-social behaviour,,
,2019-05,Lancashire Constabulary,Lancashire Constabulary,-2.648917,53.770792,On or near Marl Hill Crescent,E01025283,Preston 009B,Anti-social behaviour,,
d6a5f0a4b7b10e4a7e50403e7af81305b4258ba28d23fa1324bbba4713c69a2c,2019-05,Lancashire Constabulary,Lancashire Constabulary,-2.648846,53.772042,On or near Hazelhurst Road,E01025283,Preston 009B,Other theft,Status update unavailable,
e9e3ee69b18fb0044146df311788d57b751f548c863e74a3d422f8e81cf98b98,2019-05,Lancashire Constabulary,Lancashire Constabulary,-2.648917,53.770792,On or near Marl Hill Crescent,E01025283,Preston 009B,Other theft,Status update unavailable,
5d913f8b625558d040b03f7ac3b87aa4031ccc4dc9e3380e910f0fe28b5f7a88,2019-05,Lancashire Constabulary,Lancashire Constabulary,-2.648917,53.770792,On or near Marl Hill Crescent,E01025283,Preston 009B,Other theft,Status update unavailable,
b4ede5b30d090562fb3320b1eaacbda54333bf5b67d0c074e4f93915b6d33933,2019-05,Lancashire Constabulary,Lancashire Constabulary,-2.648621,53.776178,On or near Thornley Road,E01025283,Preston 009B,Vehicle crime,Status update unavailable,
b40f1a4369578708a7a967f36795d5257c24bd957432bd7f1d192a3909cb4fd1,2019-05,Lancashire Constabulary,Lancashire Constabulary,-2.650064,53.774318,On or near Pope Close,E01025283,Preston 009B,Vehicle crime,Investigation complete; no suspect identified,
6268e1314c93389835912e7f324d4b6a8eff18131ff48ffdc08cc84bb22f1e8b,2019-05,Lancashire Constabulary,Lancashire Constabulary,-2.649748,53.773493,On or near Waddington Road,E01025283,Preston 009B,Vehicle crime,Status update unavailable,
fe9ae7eaf26ce330f219e74f1848328a001c828fdd38b74a9b733f2da45e8096,2019-05,Lancashire Constabulary,Lancashire Constabulary,-2.646904,53.774066,On or near Birkett Place,E01025283,Preston 009B,Violence and sexual offences,Unable to prosecute suspect,
76bf4e0b8b3ccae101534f3d899398af883d33c128f929de92642c35f0e7899d,2019-05,Lancashire Constabulary,Lancashire Constabulary,-2.648846,53.772042,On or near Hazelhurst Road,E01025283,Preston 009B,Violence and sexual offences,Status update unavailable,
6f76ec9e5cb9c3296938b2f2389d71325e78ebb8732c30cac6c57633526f2b36,2019-05,Lancashire Constabulary,Lancashire Constabulary,-2.652888,53.772424,On or near Slaidburn Place,E01025283,Preston 009B,Violence and sexual offences,Unable to prosecute suspect,
9811da19fa06991e59d84261abca42d84349fdbdc65391ce020911935cf7e337,2019-05,Lancashire Constabulary,Lancashire Constabulary,-2.646904,53.774066,On or near Birkett Place,E01025283,Preston 009B,Violence and sexual offences,Status update unavailable,
e0cde5334a0c6f9ce0d210b3867625727f4c83841c7b5bf5a1c5f5cb4a937518,2019-05,Lancashire Constabulary,Lancashire Constabulary,-2.652842,53.770465,On or near Whitmore Grove,E01025283,Preston 009B,Violence and sexual offences,Status update unavailable,
03dee9287c1f2ed8b36fe776dda1d8662490cb7f6b34652fc7c8a9fe91d44da7,2019-05,Lancashire Constabulary,Lancashire Constabulary,-2.652842,53.770465,On or near Whitmore Grove,E01025283,Preston 009B,Other crime,Unable to prosecute suspect,
,2019-05,Lancashire Constabulary,Lancashire Constabulary,-2.662568,53.775310,On or near Greenlands Crescent,E01025284,Preston 009C,Anti-social behaviour,,
,2019-05,Lancashire Constabulary,Lancashire Constabulary,-2.655028,53.771550,On or near Grizedale Close,E01025284,Preston 009C,Anti-social behaviour,,
,2019-05,Lancashire Constabulary,Lancashire Constabulary,-2.665096,53.773984,On or near Ribbleton Avenue,E01025284,Preston 009C,Anti-social behaviour,,
,2019-05,Lancashire Constabulary,Lancashire Constabulary,-2.655028,53.771550,On or near Grizedale Close,E01025284,Preston 009C,Anti-social behaviour,,
,2019-05,Lancashire Constabulary,Lancashire Constabulary,-2.655028,53.771550,On or near Grizedale Close,E01025284,Preston 009C,Anti-social behaviour,,
,2019-05,Lancashire Constabulary,Lancashire Constabulary,-2.662568,53.775310,On or near Greenlands Crescent,E01025284,Preston 009C,Anti-social behaviour,,
,2019-05,Lancashire Constabulary,Lancashire Constabulary,-2.651863,53.773868,On or near Pope Lane,E01025284,Preston 009C,Anti-social behaviour,,
,2019-05,Lancashire Constabulary,Lancashire Constabulary,-2.664630,53.773295,On or near Arnold Close,E01025284,Preston 009C,Anti-social behaviour,,
,2019-05,Lancashire Constabulary,Lancashire Constabulary,-2.657594,53.771644,On or near Hospital,E01025284,Preston 009C,Anti-social behaviour,,
,2019-05,Lancashire Constabulary,Lancashire Constabulary,-2.658405,53.774012,On or near Thornfield Avenue,E01025284,Preston 009C,Anti-social behaviour,,
25ceb49a1ede28c4ac82c0aa467b076735324a1bf15c27dd4ea27f47f7788836,2019-05,Lancashire Constabulary,Lancashire Constabulary,-2.655058,53.770534,On or near The Glen,E01025284,Preston 009C,Criminal damage and arson,Offender given community sentence,
c690b8bab54b579a498d87269b4eb70db0ede77c0dd9a36a64c7af6c4f9a00f4,2019-05,Lancashire Constabulary,Lancashire Constabulary,-2.655028,53.771550,On or near Grizedale Close,E01025284,Preston 009C,Criminal damage and arson,Status update unavailable,
8d3c5050845495e20f8e7f957ef1ac18a12735c14f61197c57b50754d2cfb1de,2019-05,Lancashire Constabulary,Lancashire Constabulary,-2.658362,53.769339,On or near Otters Close,E01025284,Preston 009C,Criminal damage and arson,Unable to prosecute suspect,
0ab837d20403e3e54125aec75b398bb6a9b9f0b9d903d2c599510614e86f665b,2019-05,Lancashire Constabulary,Lancashire Constabulary,-2.664630,53.773295,On or near Arnold Close,E01025284,Preston 009C,Other theft,Status update unavailable,
62ae9f91aefb381265af5527f8c872512b68e79e3f488edb0713126d25581465,2019-05,Lancashire Constabulary,Lancashire Constabulary,-2.651863,53.773868,On or near Pope Lane,E01025284,Preston 009C,Public order,Status update unavailable,
413c70f941e4ffa86015c5b2bb1fe0ec758c56cf001b2f9795e45627e684f33a,2019-05,Lancashire Constabulary,Lancashire Constabulary,-2.661544,53.774831,On or near Woodside Avenue,E01025284,Preston 009C,Public order,Status update unavailable,
c776cc57bfcd2cf078ee7a56b9a5a93ce4a0e4279cbab8312b2bbba105cb02ae,2019-05,Lancashire Constabulary,Lancashire Constabulary,-2.657594,53.771644,On or near Hospital,E01025284,Preston 009C,Violence and sexual offences,Unable to prosecute suspect,
8aacf9e9d35aaf1f6cd72181e5160b33bb3dc86d9c14df9e333eade1a069278d,2019-05,Lancashire Constabulary,Lancashire Constabulary,-2.658362,53.769339,On or near Otters Close,E01025284,Preston 009C,Violence and sexual offences,Unable to prosecute suspect,
080eccbf5dda4076160f096e65009d0d08c5c86b170efcac1be0ed824cf26927,2019-05,Lancashire Constabulary,Lancashire Constabulary,-2.652025,53.776465,On or near Glenview Court,E01025284,Preston 009C,Violence and sexual offences,Status update unavailable,
0de54f43b248f5a21b0e9ea481a32878beb22e15c8ef74014cd097b813b845ef,2019-05,Lancashire Constabulary,Lancashire Constabulary,-2.657841,53.772901,On or near Sandycroft,E01025284,Preston 009C,Violence and sexual offences,Unable to prosecute suspect,
1af7908838dfa449135c93fea8df87834cf6be69acc5a5df8259aa084d029204,2019-05,Lancashire Constabulary,Lancashire Constabulary,-2.656276,53.768847,On or near Badgers Croft,E01025284,Preston 009C,Violence and sexual offences,Unable to prosecute suspect,
16acdf862e6e38d5e2d1a7dd037f3676ac20e8b90b95124783900417dccefa20,2019-05,Lancashire Constabulary,Lancashire Constabulary,-2.658362,53.769339,On or near Otters Close,E01025284,Preston 009C,Violence and sexual offences,Awaiting court outcome,
6631da0026122dceb4f38f76e63f63d2a39dab906122b73beac628ef65cc3499,2019-05,Lancashire Constabulary,Lancashire Constabulary,-2.655028,53.771550,On or near Grizedale Close,E01025284,Preston 009C,Violence and sexual offences,Unable to prosecute suspect,
1470e6794ea172071a2ce8cff9c87febcc913b8f44936075f9f942f225b3a277,2019-05,Lancashire Constabulary,Lancashire Constabulary,-2.658362,53.769339,On or near Otters Close,E01025284,Preston 009C,Violence and sexual offences,Awaiting court outcome,
,2019-05,Lancashire Constabulary,Lancashire Constabulary,-2.668901,53.768993,On or near Blackpool Road,E01025285,Preston 009D,Anti-social behaviour,,
,2019-05,Lancashire Constabulary,Lancashire Constabulary,-2.670434,53.771914,On or near Ipswich Road,E01025285,Preston 009D,Anti-social behaviour,,
3d1659c09b1bee66ddbef28bad571d93801e87d5d35985889784664da8de8a3e,2019-05,Lancashire Constabulary,Lancashire Constabulary,-2.667652,53.771534,On or near Cedar Road,E01025285,Preston 009D,Criminal damage and arson,Status update unavailable,
ca132953b7da4491c52c6b16fca14db039e1ecdf0560aa84f0af41e8235e20af,2019-05,Lancashire Constabulary,Lancashire Constabulary,-2.670434,53.771914,On or near Ipswich Road,E01025285,Preston 009D,Public order,Status update unavailable,
2a2bdc09010793514fa5667701997a8d3db5c1eddb22550cb3e41ef48a0776cd,2019-05,Lancashire Constabulary,Lancashire Constabulary,-2.669786,53.774066,On or near Moorcroft Crescent,E01025285,Preston 009D,Public order,Unable to prosecute suspect,
434a821212d80935aa5aac72d3dbf992b9d0195ca1eea5e040a7933a86ccb3d0,2019-05,Lancashire Constabulary,Lancashire Constabulary,-2.668201,53.773616,On or near Burwood Drive,E01025285,Preston 009D,Vehicle crime,Status update unavailable,
e81067436cf5b3bc69bc5ba8dcbce65ba275393afa28d53205f6307a70768065,2019-05,Lancashire Constabulary,Lancashire Constabulary,-2.672149,53.771940,On or near Morris Road,E01025285,Preston 009D,Vehicle crime,Status update unavailable,
0e6e17d4c6cf24f7b3ba1204dd839f300e51a10f97f86b8571307c5bd79e5a19,2019-05,Lancashire Constabulary,Lancashire Constabulary,-2.665878,53.771598,On or near The Mall,E01025285,Preston 009D,Violence and sexual offences,Unable to prosecute suspect,
cbbe6b2dc6397b8ab9875b229e0a61f359869a5770f59992ad3f8fccca681d52,2019-05,Lancashire Constabulary,Lancashire Constabulary,-2.665720,53.772201,On or near Woodlands Avenue,E01025285,Preston 009D,Violence and sexual offences,Status update unavailable,
deb2542701dc119132c1c20805f8772567f344a4ea8a3220da6dbff4d580c18c,2019-05,Lancashire Constabulary,Lancashire Constabulary,-2.669786,53.774066,On or near Moorcroft Crescent,E01025285,Preston 009D,Violence and sexual offences,Status update unavailable,
36b10a33053fa8b045c6f160610095a748a806402606ecc71f47fb37c9bebc4e,2019-05,Lancashire Constabulary,Lancashire Constabulary,-2.667652,53.771534,On or near Cedar Road,E01025285,Preston 009D,Violence and sexual offences,Status update unavailable,
79844d061b1f6e5968cd20455ed11c02800d1a7fd87f700c76e3cc270acba79e,2019-05,Lancashire Constabulary,Lancashire Constabulary,-2.670927,53.772334,On or near Hampstead Road,E01025285,Preston 009D,Other crime,Court case unable to proceed,
,2019-05,Lancashire Constabulary,Lancashire Constabulary,-2.664963,53.770381,On or near Ravenswood,E01025286,Preston 009E,Anti-social behaviour,,
,2019-05,Lancashire Constabulary,Lancashire Constabulary,-2.626136,53.769269,On or near Park/Open Space,E01025286,Preston 009E,Anti-social behaviour,,
,2019-05,Lancashire Constabulary,Lancashire Constabulary,-2.626136,53.769269,On or near Park/Open Space,E01025286,Preston 009E,Anti-social behaviour,,
,2019-05,Lancashire Constabulary,Lancashire Constabulary,-2.635568,53.789011,On or near Roman Way,E01025286,Preston 009E,Anti-social behaviour,,
,2019-05,Lancashire Constabulary,Lancashire Constabulary,-2.626136,53.769269,On or near Park/Open Space,E01025286,Preston 009E,Anti-social behaviour,,
,2019-05,Lancashire Constabulary,Lancashire Constabulary,-2.665261,53.768087,On or near Hesketh Road,E01025286,Preston 009E,Anti-social behaviour,,
,2019-05,Lancashire Constabulary,Lancashire Constabulary,-2.635568,53.789011,On or near Roman Way,E01025286,Preston 009E,Anti-social behaviour,,
,2019-05,Lancashire Constabulary,Lancashire Constabulary,-2.626136,53.769269,On or near Park/Open Space,E01025286,Preston 009E,Anti-social behaviour,,
,2019-05,Lancashire Constabulary,Lancashire Constabulary,-2.626136,53.769269,On or near Park/Open Space,E01025286,Preston 009E,Anti-social behaviour,,
,2019-05,Lancashire Constabulary,Lancashire Constabulary,-2.653243,53.767012,On or near Mardale Road,E01025286,Preston 009E,Anti-social behaviour,,
,2019-05,Lancashire Constabulary,Lancashire Constabulary,-2.651366,53.767273,On or near Orrest Road,E01025286,Preston 009E,Anti-social behaviour,,
61bd2248b00d36847b292da0859b29b014d4a6714c9527cd7a765fb583803962,2019-05,Lancashire Constabulary,Lancashire Constabulary,-2.651366,53.767273,On or near Orrest Road,E01025286,Preston 009E,Bicycle theft,Status update unavailable,
1ef4a67961d4f143e2c6eebf6dddd82eec3de1c73053be5402dc24f8b6f6ecfa,2019-05,Lancashire Constabulary,Lancashire Constabulary,-2.655841,53.770152,On or near Village Drive,E01025286,Preston 009E,Burglary,Status update unavailable,
a029fa58ca33691cce9efbfa81b62fa3004ef102218303e5896ec2f7e53d82fd,2019-05,Lancashire Constabulary,Lancashire Constabulary,-2.666673,53.768187,On or near Noel Square,E01025286,Preston 009E,Burglary,Status update unavailable,
78188985314efc45d98093076e87e2a3572b836c46d2a01c4f40908d0c425bfb,2019-05,Lancashire Constabulary,Lancashire Constabulary,-2.653245,53.766140,On or near Windermere Road,E01025286,Preston 009E,Criminal damage and arson,Status update unavailable,
8ca84f832d0db5f743804e4df566d627c2caa2cc6d57fd750b96e14cc060602f,2019-05,Lancashire Constabulary,Lancashire Constabulary,-2.667480,53.769342,On or near Waverley Gardens,E01025286,Preston 009E,Criminal damage and arson,Status update unavailable,
83ebcc56da44bcaadbbe4b888aa625964871fc4c44a09328485f010f5a60449e,2019-05,Lancashire Constabulary,Lancashire Constabulary,-2.666673,53.768187,On or near Noel Square,E01025286,Preston 009E,Criminal damage and arson,Status update unavailable,
23747efa83705d7efde37f7dbc264c3949321a857207f2148b06f576ecd84577,2019-05,Lancashire Constabulary,Lancashire Constabulary,-2.663926,53.771007,On or near Elm Grove,E01025286,Preston 009E,Drugs,Status update unavailable,
b666fa70884aa8c1de3ff9657b3ff7ee5f84b037a9e29eef5a9288ac65d7eaca,2019-05,Lancashire Constabulary,Lancashire Constabulary,-2.646419,53.786930,On or near Longridge Road,E01025286,Preston 009E,Other theft,Status update unavailable,
870024f97b09720ce14664f4a4e2b00dc4ccbfe190b6ae41999a32ac25dca18b,2019-05,Lancashire Constabulary,Lancashire Constabulary,-2.665261,53.768087,On or near Hesketh Road,E01025286,Preston 009E,Public order,Status update unavailable,
0f2de68446bfe3a671ddf4c439244b80800cc67ddcf369ab8cd115c68b04a39c,2019-05,Lancashire Constabulary,Lancashire Constabulary,-2.656118,53.766484,On or near Farringdon Close,E01025286,Preston 009E,Public order,Unable to prosecute suspect,
23cc49711ec4af271ea084a26cd1fae76b96446a9b4f843e8bbcb40d41f78c2d,2019-05,Lancashire Constabulary,Lancashire Constabulary,-2.648350,53.785167,On or near Longridge Road,E01025286,Preston 009E,Vehicle crime,Unable to prosecute suspect,
a348e962c87bb20cb9dda326d758684948cc039c42b90d98bba1af9bf563bf29,2019-05,Lancashire Constabulary,Lancashire Constabulary,-2.654267,53.766503,On or near Thirlmere Road,E01025286,Preston 009E,Violence and sexual offences,Unable to prosecute suspect,
886fc6be4fe00da654eee8e4871600531ed89f3580f69a046787ae6b0692faa7,2019-05,Lancashire Constabulary,Lancashire Constabulary,-2.626136,53.769269,On or near Park/Open Space,E01025286,Preston 009E,Violence and sexual offences,Status update unavailable,
fa50edec867a96acbf6185290b206ce0b0af73259b6e7c820788e5459804819a,2019-05,Lancashire Constabulary,Lancashire Constabulary,-2.651366,53.767273,On or near Orrest Road,E01025286,Preston 009E,Violence and sexual offences,Unable to prosecute suspect,
8d38d2f939b608b507780e44545662c4bff4ec37d58d89a34cf1cad56b280bd9,2019-05,Lancashire Constabulary,Lancashire Constabulary,-2.654267,53.766503,On or near Thirlmere Road,E01025286,Preston 009E,Violence and sexual offences,Status update unavailable,
193f094a4fcac1aaec70e4a14757a6faa3453dce2b6c5bd5f611786297301139,2019-05,Lancashire Constabulary,Lancashire Constabulary,-2.651366,53.767273,On or near Orrest Road,E01025286,Preston 009E,Violence and sexual offences,Status update unavailable,
0671a8eababb7a0d1bd816803bf37b07b1bd8813161b0b273578fc83a7350c5b,2019-05,Lancashire Constabulary,Lancashire Constabulary,-2.656118,53.766484,On or near Farringdon Close,E01025286,Preston 009E,Violence and sexual offences,Further investigation is not in the public interest,
62d6d099c91912f8aedc2bab856b911f61ff68c2e1b476bc340fcb9ce2ec8f6b,2019-05,Lancashire Constabulary,Lancashire Constabulary,-2.651366,53.767273,On or near Orrest Road,E01025286,Preston 009E,Violence and sexual offences,Status update unavailable,
34573a9548cc94e4309bdd84fe92932abfcc6da02a5b493140b354685748055d,2019-05,Lancashire Constabulary,Lancashire Constabulary,-2.651366,53.767273,On or near Orrest Road,E01025286,Preston 009E,Violence and sexual offences,Status update unavailable,
5baab272ff46507479ceeb571ce69f34f186d946306c54d887506d85ebe363d6,2019-05,Lancashire Constabulary,Lancashire Constabulary,-2.667480,53.769342,On or near Waverley Gardens,E01025286,Preston 009E,Violence and sexual offences,Unable to prosecute suspect,
e5f33145cfb13876372e10468d1fdf83670fdfa0e087e2decbc58fbd8e95bfd6,2019-05,Lancashire Constabulary,Lancashire Constabulary,-2.665073,53.769625,On or near Acacia Road,E01025286,Preston 009E,Violence and sexual offences,Status update unavailable,
2fdabbaccf01c2809bebdb659a7b25c20c1efa43a6dfc5851c68aa9f5e177bb6,2019-05,Lancashire Constabulary,Lancashire Constabulary,-2.626136,53.769269,On or near Park/Open Space,E01025286,Preston 009E,Violence and sexual offences,Unable to prosecute suspect,
,2019-05,Lancashire Constabulary,Lancashire Constabulary,-2.651938,53.780645,On or near Rowan Avenue,E01025287,Preston 009F,Anti-social behaviour,,
,2019-05,Lancashire Constabulary,Lancashire Constabulary,-2.654172,53.780866,On or near Fir Trees Avenue,E01025287,Preston 009F,Anti-social behaviour,,
,2019-05,Lancashire Constabulary,Lancashire Constabulary,-2.650269,53.780681,On or near Cypress Close,E01025287,Preston 009F,Anti-social behaviour,,
,2019-05,Lancashire Constabulary,Lancashire Constabulary,-2.651938,53.780645,On or near Rowan Avenue,E01025287,Preston 009F,Anti-social behaviour,,
,2019-05,Lancashire Constabulary,Lancashire Constabulary,-2.657141,53.776635,On or near Bayliss Close,E01025287,Preston 009F,Anti-social behaviour,,
,2019-05,Lancashire Constabulary,Lancashire Constabulary,-2.650269,53.780681,On or near Cypress Close,E01025287,Preston 009F,Anti-social behaviour,,
,2019-05,Lancashire Constabulary,Lancashire Constabulary,-2.651938,53.780645,On or near Rowan Avenue,E01025287,Preston 009F,Anti-social behaviour,,
,2019-05,Lancashire Constabulary,Lancashire Constabulary,-2.651938,53.780645,On or near Rowan Avenue,E01025287,Preston 009F,Anti-social behaviour,,
,2019-05,Lancashire Constabulary,Lancashire Constabulary,-2.657959,53.777520,On or near Acer Grove,E01025287,Preston 009F,Anti-social behaviour,,
,2019-05,Lancashire Constabulary,Lancashire Constabulary,-2.657258,53.781227,On or near Supermarket,E01025287,Preston 009F,Anti-social behaviour,,
,2019-05,Lancashire Constabulary,Lancashire Constabulary,-2.651938,53.780645,On or near Rowan Avenue,E01025287,Preston 009F,Anti-social behaviour,,
,2019-05,Lancashire Constabulary,Lancashire Constabulary,-2.652401,53.780166,On or near Maple Grove,E01025287,Preston 009F,Anti-social behaviour,,
,2019-05,Lancashire Constabulary,Lancashire Constabulary,-2.651938,53.780645,On or near Rowan Avenue,E01025287,Preston 009F,Anti-social behaviour,,
,2019-05,Lancashire Constabulary,Lancashire Constabulary,-2.657141,53.776635,On or near Bayliss Close,E01025287,Preston 009F,Anti-social behaviour,,
,2019-05,Lancashire Constabulary,Lancashire Constabulary,-2.650269,53.780681,On or near Cypress Close,E01025287,Preston 009F,Anti-social behaviour,,
,2019-05,Lancashire Constabulary,Lancashire Constabulary,-2.657258,53.781227,On or near Supermarket,E01025287,Preston 009F,Anti-social behaviour,,
,2019-05,Lancashire Constabulary,Lancashire Constabulary,-2.650269,53.780681,On or near Cypress Close,E01025287,Preston 009F,Anti-social behaviour,,
,2019-05,Lancashire Constabulary,Lancashire Constabulary,-2.658078,53.776396,On or near Cavendish Drive,E01025287,Preston 009F,Anti-social behaviour,,
,2019-05,Lancashire Constabulary,Lancashire Constabulary,-2.651938,53.780645,On or near Rowan Avenue,E01025287,Preston 009F,Anti-social behaviour,,
,2019-05,Lancashire Constabulary,Lancashire Constabulary,-2.653693,53.776438,On or near Leagram Crescent,E01025287,Preston 009F,Anti-social behaviour,,
722c06b55d58949c24da7506460aab8d6a7eba34cc3f8d61cdbb3395fce7681b,2019-05,Lancashire Constabulary,Lancashire Constabulary,-2.653609,53.776861,On or near Hodder Brook,E01025287,Preston 009F,Burglary,Status update unavailable,
c92ca5fa1671af412acc61f37c57012341e9a6bb6e3e90ab16f7a458399aa9a9,2019-05,Lancashire Constabulary,Lancashire Constabulary,-2.655643,53.777910,On or near Fair Oak Close,E01025287,Preston 009F,Burglary,Status update unavailable,
71c323d50cd3f0651fe91cc6f8dfa65becbbc91890de99a36e3e2181b55123f9,2019-05,Lancashire Constabulary,Lancashire Constabulary,-2.650269,53.780681,On or near Cypress Close,E01025287,Preston 009F,Criminal damage and arson,Status update unavailable,
47dc9200319607afadfc675d4839219c29a5a7caeb588394033cc2ad65d204e0,2019-05,Lancashire Constabulary,Lancashire Constabulary,-2.650269,53.780681,On or near Cypress Close,E01025287,Preston 009F,Criminal damage and arson,Status update unavailable,
8ce39357198622e0374147fe485a2e673484921f3f8b3fd91515dbf2fcb82f1a,2019-05,Lancashire Constabulary,Lancashire Constabulary,-2.659138,53.777199,On or near Ribbleton Hall Crescent,E01025287,Preston 009F,Criminal damage and arson,Status update unavailable,
815a7620d5f78e8647ab06d1876ee4dd216d649a08f7a92d5f072a8159ba2c46,2019-05,Lancashire Constabulary,Lancashire Constabulary,-2.654387,53.780047,On or near Fir Trees Place,E01025287,Preston 009F,Criminal damage and arson,Status update unavailable,
083efcb0bde66c0d78c3932d0980a0935efd93627cfa97204cb4b9cf7ac992df,2019-05,Lancashire Constabulary,Lancashire Constabulary,-2.655752,53.780966,On or near Pine Close,E01025287,Preston 009F,Other theft,Status update unavailable,
6725175b790d4bec83ab00fc43d4323ca2c9addc1cd34b7f5f34dd73a55ab217,2019-05,Lancashire Constabulary,Lancashire Constabulary,-2.651938,53.780645,On or near Rowan Avenue,E01025287,Preston 009F,Public order,Unable to prosecute suspect,
da33f85759c367c617f64812bb760efa5125359555b557c6a96361bfadef4701,2019-05,Lancashire Constabulary,Lancashire Constabulary,-2.657141,53.776635,On or near Bayliss Close,E01025287,Preston 009F,Public order,Unable to prosecute suspect,
6503f3731d5ae656a3432485a4cc8157a5e6d4024f201b89b1e01d5d3984e443,2019-05,Lancashire Constabulary,Lancashire Constabulary,-2.657847,53.780999,On or near Lauderdale Road,E01025287,Preston 009F,Robbery,Status update unavailable,
afb514a51e95c4b554d26c47fa3536bf570f86f62a71cd2e25e751a03226cc51,2019-05,Lancashire Constabulary,Lancashire Constabulary,-2.657258,53.781227,On or near Supermarket,E01025287,Preston 009F,Shoplifting,Awaiting court outcome,
a6856fbe38a71fa007cd5631715c3b543a36f7cee6cf93dca9538f775b177e0b,2019-05,Lancashire Constabulary,Lancashire Constabulary,-2.657258,53.781227,On or near Supermarket,E01025287,Preston 009F,Shoplifting,Status update unavailable,
8ba847763827a38b63ac3e1a53c8d9cc62a6b65adfb534ded2891fd0e68314a8,2019-05,Lancashire Constabulary,Lancashire Constabulary,-2.657258,53.781227,On or near Supermarket,E01025287,Preston 009F,Shoplifting,Status update unavailable,
a7c6fabc93da67bc28dae630671343d5344e0c35baa17e8f1d67306b02fa6173,2019-05,Lancashire Constabulary,Lancashire Constabulary,-2.654172,53.780866,On or near Fir Trees Avenue,E01025287,Preston 009F,Vehicle crime,Status update unavailable,
a6c32e26fe9aee06ecd9acaac6b9210e58f93ba71115102ac0750276a2f23a22,2019-05,Lancashire Constabulary,Lancashire Constabulary,-2.652401,53.780166,On or near Maple Grove,E01025287,Preston 009F,Vehicle crime,Status update unavailable,
6bea7d7477074f846e466d346bd67c3fa9b2ea6ebe093259e2f77cd9ad14a97f,2019-05,Lancashire Constabulary,Lancashire Constabulary,-2.654234,53.777037,On or near Browsholme Avenue,E01025287,Preston 009F,Vehicle crime,Status update unavailable,
98f82c9ff29c084bb81becb3c90aca089d8d2014323efdd787d4a43eaef4c124,2019-05,Lancashire Constabulary,Lancashire Constabulary,-2.654172,53.780866,On or near Fir Trees Avenue,E01025287,Preston 009F,Vehicle crime,Status update unavailable,
f984221857e6947881cba428dcb6a5a3b336f1123569a259e7de1f0662bb266d,2019-05,Lancashire Constabulary,Lancashire Constabulary,-2.655752,53.780966,On or near Pine Close,E01025287,Preston 009F,Violence and sexual offences,Unable to prosecute suspect,
a6855a96e4dc5ff1e23506227292f4c46eed7a403ee9dfc85152dbb5dce5ed5e,2019-05,Lancashire Constabulary,Lancashire Constabulary,-2.655161,53.776187,On or near Ribbleton Hall Drive,E01025287,Preston 009F,Violence and sexual offences,Investigation complete; no suspect identified,
690627ac09b827fad55b2054a4205b0e6ef7281eeb6a76db64dc4f19691f1c62,2019-05,Lancashire Constabulary,Lancashire Constabulary,-2.655752,53.780966,On or near Pine Close,E01025287,Preston 009F,Violence and sexual offences,Unable to prosecute suspect,
311fd42461754af9e0ebd33d1c1eb65675c82fb2edfcd87d1f26805cae2e1c77,2019-05,Lancashire Constabulary,Lancashire Constabulary,-2.655801,53.777289,On or near Burnslack Road,E01025287,Preston 009F,Violence and sexual offences,Status update unavailable,
b0f4f2b5beeceeae03e3138953f10917729718bc9af8c3d1fccc84f523948549,2019-05,Lancashire Constabulary,Lancashire Constabulary,-2.651938,53.780645,On or near Rowan Avenue,E01025287,Preston 009F,Violence and sexual offences,Unable to prosecute suspect,
9090f273c3484ae1f20eb59fcd2c9bc041c474c3901fb9f652d429be24bd3f0d,2019-05,Lancashire Constabulary,Lancashire Constabulary,-2.650873,53.781451,On or near Poplar Grove,E01025287,Preston 009F,Violence and sexual offences,Status update unavailable,
6b9b972ad743a7a0790cb75e255e7424d18db9829ad2ae6c5f331bb88d79ee94,2019-05,Lancashire Constabulary,Lancashire Constabulary,-2.651938,53.780645,On or near Rowan Avenue,E01025287,Preston 009F,Violence and sexual offences,Unable to prosecute suspect,
5a62245b604fce51cc79b3f67c5807bfffda6943b87121f096ba1d5cb569ee1e,2019-05,Lancashire Constabulary,Lancashire Constabulary,-2.652401,53.780166,On or near Maple Grove,E01025287,Preston 009F,Violence and sexual offences,Status update unavailable,
26116b3e0dbe79aca25578dd6dfd91e1ab0d1a1abf26f7ddda8eda0b937796ac,2019-05,Lancashire Constabulary,Lancashire Constabulary,-2.657141,53.776635,On or near Bayliss Close,E01025287,Preston 009F,Violence and sexual offences,Status update unavailable,
98b99e4d2452ab085b2d4f14e05a9a6ef7f5fa337ea5369ac8c0d9532e6b4c85,2019-05,Lancashire Constabulary,Lancashire Constabulary,-2.651938,53.780645,On or near Rowan Avenue,E01025287,Preston 009F,Violence and sexual offences,Local resolution,
a70e02ff3bd8363d2bba15dc706a1552db1222f5c73c561318db52fa1af62f46,2019-05,Lancashire Constabulary,Lancashire Constabulary,-2.651938,53.780645,On or near Rowan Avenue,E01025287,Preston 009F,Violence and sexual offences,Unable to prosecute suspect,
8681716abd8cac55c8a8185476df896d8e140475b94862c4a143712c9c2eb280,2019-05,Lancashire Constabulary,Lancashire Constabulary,-2.657141,53.776635,On or near Bayliss Close,E01025287,Preston 009F,Violence and sexual offences,Unable to prosecute suspect,
,2019-05,Lancashire Constabulary,Lancashire Constabulary,-2.770860,53.765953,On or near Pine Walks,E01025270,Preston 010A,Anti-social behaviour,,
47fec58f479f5904456a1ed65b221676569c2d331221f95a55986c420594376f,2019-05,Lancashire Constabulary,Lancashire Constabulary,-2.770886,53.764901,On or near Blackpool Road,E01025270,Preston 010A,Burglary,Local resolution,
b3f6f893378d556ebdd9bad5e366c18d089f6355916a3c88eb2f808b9e50707f,2019-05,Lancashire Constabulary,Lancashire Constabulary,-2.771525,53.767495,On or near Dodney Drive,E01025270,Preston 010A,Criminal damage and arson,Status update unavailable,
6d101b4eb8e69e45873e493c39f406f71fad63a715a2e47925ec33003c7b3fb0,2019-05,Lancashire Constabulary,Lancashire Constabulary,-2.791417,53.761163,On or near Petrol Station,E01025270,Preston 010A,Other theft,Status update unavailable,
46a0f89e6a4612de217c4d5c2fd52e2d97d1d06344506e22009242cd3198f3cd,2019-05,Lancashire Constabulary,Lancashire Constabulary,-2.772480,53.766617,On or near Lincoln Chase,E01025270,Preston 010A,Possession of weapons,Local resolution,
1e1db793b508e15b4502f13befad2635fbf9a3108a8f8cf947ace4aa2058cb58,2019-05,Lancashire Constabulary,Lancashire Constabulary,-2.771525,53.767495,On or near Dodney Drive,E01025270,Preston 010A,Public order,Status update unavailable,
93c19655add282e1977ecee7637ad47b23e2929218ed16b3b22fe3b6ec0c9745,2019-05,Lancashire Constabulary,Lancashire Constabulary,-2.791417,53.761163,On or near Petrol Station,E01025270,Preston 010A,Vehicle crime,Status update unavailable,
70cc82fb3ea3958342771df328895fa786b49d6d48398c7b3136c04f501738b8,2019-05,Lancashire Constabulary,Lancashire Constabulary,-2.768673,53.768331,On or near Ox Hey Avenue,E01025270,Preston 010A,Violence and sexual offences,Status update unavailable,
6366fa22468c46bbd077fb3bf5a825ab78ca6f493bdcf49a16373f8ebb9f8b1c,2019-05,Lancashire Constabulary,Lancashire Constabulary,-2.770886,53.764901,On or near Blackpool Road,E01025270,Preston 010A,Violence and sexual offences,Awaiting court outcome,
6108bbe1bb74efbdae628ef41b9d36efa5cbde4767ac0d8a8943bb4f53f650e9,2019-05,Lancashire Constabulary,Lancashire Constabulary,-2.765889,53.768762,On or near Parkside,E01025270,Preston 010A,Violence and sexual offences,Status update unavailable,
,2019-05,Lancashire Constabulary,Lancashire Constabulary,-2.754446,53.780358,On or near Millersgate,E01025272,Preston 010B,Anti-social behaviour,,
,2019-05,Lancashire Constabulary,Lancashire Constabulary,-2.793458,53.772889,On or near Church Park,E01025272,Preston 010B,Anti-social behaviour,,
,2019-05,Lancashire Constabulary,Lancashire Constabulary,-2.761458,53.781257,On or near Keats Way,E01025272,Preston 010B,Anti-social behaviour,,
94e01e0cbe514b9ac24022d1361b6159334d8abc7f0d64a3720142df074273d6,2019-05,Lancashire Constabulary,Lancashire Constabulary,-2.764258,53.780844,On or near Armaside Road,E01025272,Preston 010B,Bicycle theft,Status update unavailable,
102ce854ba098f5c685fd68b536cc18e11a4f6ffb352aa8e51359b7124a6e680,2019-05,Lancashire Constabulary,Lancashire Constabulary,-2.759958,53.779703,On or near Canberra Lane,E01025272,Preston 010B,Burglary,Status update unavailable,
7aa8435827490cf4407b964632b19fc2aae16511b09100b9b694ee3fd8914da5,2019-05,Lancashire Constabulary,Lancashire Constabulary,-2.793458,53.772889,On or near Church Park,E01025272,Preston 010B,Burglary,Status update unavailable,
744cd530a78f006facdef0db9567eadbc98bfe4be99a854b05dd7cf7361615a4,2019-05,Lancashire Constabulary,Lancashire Constabulary,-2.759958,53.779703,On or near Canberra Lane,E01025272,Preston 010B,Burglary,Status update unavailable,
7c83caa8b72030c02dfb189fc1284a8751ca152e63e26b0a3fa8c283b81ced1e,2019-05,Lancashire Constabulary,Lancashire Constabulary,-2.769521,53.784828,On or near Hoyles Lane,E01025272,Preston 010B,Burglary,Status update unavailable,
24ca797f1f085bbe49730e1f48a5dcce594e14e21b1232215607ef3019e87aca,2019-05,Lancashire Constabulary,Lancashire Constabulary,-2.758203,53.779166,On or near Finch Lane,E01025272,Preston 010B,Other theft,Status update unavailable,
6a6a806c4dc76908ff306a770a3f181eb12f7ea4d678dff769149ab2d8fbe60f,2019-05,Lancashire Constabulary,Lancashire Constabulary,-2.769521,53.784828,On or near Hoyles Lane,E01025272,Preston 010B,Possession of weapons,Unable to prosecute suspect,
8e0ab83f833226d4ec2562f344dc7bf40e8d62012e106bb78c6ca52a1eadcccb,2019-05,Lancashire Constabulary,Lancashire Constabulary,-2.759958,53.779703,On or near Canberra Lane,E01025272,Preston 010B,Vehicle crime,Status update unavailable,
7ed3d33bf39772ec6f3bebc9f6ca0ba3b36976906b613234406617d085beb8e6,2019-05,Lancashire Constabulary,Lancashire Constabulary,-2.761458,53.781257,On or near Keats Way,E01025272,Preston 010B,Vehicle crime,Status update unavailable,
446e65f54a23d0d3ca29458641e83c364407166771665d82834c910bbdc1df4c,2019-05,Lancashire Constabulary,Lancashire Constabulary,-2.758795,53.783404,On or near Crosier Walk,E01025272,Preston 010B,Vehicle crime,Status update unavailable,
7dcb764c4bfcf48e48b979455572d84d430126af67125e0caceb7c6cf63b6461,2019-05,Lancashire Constabulary,Lancashire Constabulary,-2.758203,53.779166,On or near Finch Lane,E01025272,Preston 010B,Violence and sexual offences,Formal action is not in the public interest,
9cb95c746547581dbe1e537172a56d007bfc73a2fc45b16d1a0bd6cf4eef5c93,2019-05,Lancashire Constabulary,Lancashire Constabulary,-2.765995,53.775413,On or near Lea Road,E01025272,Preston 010B,Violence and sexual offences,Status update unavailable,
0a6ad210e3a83bc3b1688b33b25b852b74a9db2cdfe889425298b24d901d4bea,2019-05,Lancashire Constabulary,Lancashire Constabulary,-2.758203,53.779166,On or near Finch Lane,E01025272,Preston 010B,Violence and sexual offences,Unable to prosecute suspect,
1f49b4a29b97a5489940aa2e9c1fad4fff4140b3f73790c625f915026beb7425,2019-05,Lancashire Constabulary,Lancashire Constabulary,-2.765995,53.775413,On or near Lea Road,E01025272,Preston 010B,Violence and sexual offences,Status update unavailable,
12f77a3c6bc94c93c7c1aecda07009f7c4342729676377dd9015e809290aa754,2019-05,Lancashire Constabulary,Lancashire Constabulary,-2.759958,53.779703,On or near Canberra Lane,E01025272,Preston 010B,Violence and sexual offences,Unable to prosecute suspect,
1c947e60f6c0b0c3cd63e63dcaed85800f811e6acaa796ec8aafd137ccc3e916,2019-05,Lancashire Constabulary,Lancashire Constabulary,-2.759368,53.784848,On or near The Grange,E01025273,Preston 010C,Criminal damage and arson,Unable to prosecute suspect,
15fd6d046707b8f0c9bb0572e075ad9adf29f23169411fc0eea0292faf3f1693,2019-05,Lancashire Constabulary,Lancashire Constabulary,-2.752251,53.785801,On or near Mossbrook Drive,E01025273,Preston 010C,Public order,Status update unavailable,
54cff8fe348e4f15f4b7c5ba637cd1cfd4743de9ef94e8b9b93c8a27b6dd6270,2019-05,Lancashire Constabulary,Lancashire Constabulary,-2.755176,53.781306,On or near The Gables,E01025273,Preston 010C,Public order,Status update unavailable,
500a5b7eae64b4808c088ba1d8ff70dd0ccba2006e2309870e37962a3c957d36,2019-05,Lancashire Constabulary,Lancashire Constabulary,-2.751744,53.787125,On or near Poppyfield,E01025273,Preston 010C,Violence and sexual offences,Unable to prosecute suspect,
8635cf592b22a87599b37216ce3f2d5f4e58ba530955921df7fd91bd344b5e59,2019-05,Lancashire Constabulary,Lancashire Constabulary,-2.757640,53.781605,On or near The Evergreens,E01025273,Preston 010C,Violence and sexual offences,Status update unavailable,
567443f3e00dac834101a7920a7f2075826df74b90fd25d9ab10b42e8d0c4445,2019-05,Lancashire Constabulary,Lancashire Constabulary,-2.759368,53.784848,On or near The Grange,E01025273,Preston 010C,Violence and sexual offences,Status update unavailable,
629dfc38bfd9f637232d53a8a00de542789a58ae86b8df25c762cae5b55e9dff,2019-05,Lancashire Constabulary,Lancashire Constabulary,-2.755267,53.785521,On or near Swallowfields,E01025273,Preston 010C,Violence and sexual offences,Status update unavailable,
cb80c67fcac5e6f8459072137633ac8b5878e3b72c497c0b3dfdd83958280cb6,2019-05,Lancashire Constabulary,Lancashire Constabulary,-2.751744,53.787125,On or near Poppyfield,E01025273,Preston 010C,Violence and sexual offences,Unable to prosecute suspect,
,2019-05,Lancashire Constabulary,Lancashire Constabulary,-2.736057,53.762433,On or near Supermarket,E01025288,Preston 010D,Anti-social behaviour,,
,2019-05,Lancashire Constabulary,Lancashire Constabulary,-2.745726,53.761052,On or near Perry Road,E01025288,Preston 010D,Anti-social behaviour,,
,2019-05,Lancashire Constabulary,Lancashire Constabulary,-2.741181,53.762231,On or near Pedders Way,E01025288,Preston 010D,Anti-social behaviour,,
,2019-05,Lancashire Constabulary,Lancashire Constabulary,-2.745726,53.761052,On or near Perry Road,E01025288,Preston 010D,Anti-social behaviour,,
,2019-05,Lancashire Constabulary,Lancashire Constabulary,-2.736057,53.762433,On or near Supermarket,E01025288,Preston 010D,Anti-social behaviour,,
,2019-05,Lancashire Constabulary,Lancashire Constabulary,-2.732384,53.759660,On or near Britannia Drive,E01025288,Preston 010D,Anti-social behaviour,,
,2019-05,Lancashire Constabulary,Lancashire Constabulary,-2.726734,53.761897,On or near Customs Way,E01025288,Preston 010D,Anti-social behaviour,,
,2019-05,Lancashire Constabulary,Lancashire Constabulary,-2.748569,53.759722,On or near Lockside Road,E01025288,Preston 010D,Anti-social behaviour,,
,2019-05,Lancashire Constabulary,Lancashire Constabulary,-2.726734,53.761897,On or near Customs Way,E01025288,Preston 010D,Anti-social behaviour,,
,2019-05,Lancashire Constabulary,Lancashire Constabulary,-2.729095,53.763302,On or near Dart Street,E01025288,Preston 010D,Anti-social behaviour,,
,2019-05,Lancashire Constabulary,Lancashire Constabulary,-2.736057,53.762433,On or near Supermarket,E01025288,Preston 010D,Anti-social behaviour,,
,2019-05,Lancashire Constabulary,Lancashire Constabulary,-2.741181,53.762231,On or near Pedders Way,E01025288,Preston 010D,Anti-social behaviour,,
,2019-05,Lancashire Constabulary,Lancashire Constabulary,-2.745726,53.761052,On or near Perry Road,E01025288,Preston 010D,Anti-social behaviour,,
,2019-05,Lancashire Constabulary,Lancashire Constabulary,-2.740765,53.762737,On or near Pedders Lane,E01025288,Preston 010D,Anti-social behaviour,,
,2019-05,Lancashire Constabulary,Lancashire Constabulary,-2.746307,53.758711,On or near Maritime Way,E01025288,Preston 010D,Anti-social behaviour,,
62e359146d5bfc604dffe7025b7241b0c2239f3d51cb09ad73a51bffe5e764ed,2019-05,Lancashire Constabulary,Lancashire Constabulary,-2.738063,53.761764,On or near Petrol Station,E01025288,Preston 010D,Burglary,Status update unavailable,
72385a4d294c21133520aab02a034e4e3c1b882d4fe0e09e39cf29ee0014a08b,2019-05,Lancashire Constabulary,Lancashire Constabulary,-2.745726,53.761052,On or near Perry Road,E01025288,Preston 010D,Criminal damage and arson,Unable to prosecute suspect,
81b9852d8e0983fe4ed2e44c2e715a8aa283267d5c502c85a6da8a168312b6f1,2019-05,Lancashire Constabulary,Lancashire Constabulary,-2.736057,53.762433,On or near Supermarket,E01025288,Preston 010D,Criminal damage and arson,Status update unavailable,
f82baa5c396af207b02d38fc462eedea616932a34ceb07c12a2a77ae37c39179,2019-05,Lancashire Constabulary,Lancashire Constabulary,-2.736057,53.762433,On or near Supermarket,E01025288,Preston 010D,Criminal damage and arson,Status update unavailable,
a28081e01f02bfc8c203cba7a78ad424afe1d3916050138836ba4a067264d462,2019-05,Lancashire Constabulary,Lancashire Constabulary,-2.738063,53.761764,On or near Petrol Station,E01025288,Preston 010D,Criminal damage and arson,Status update unavailable,
ea17374740fddbb412de0252328a97423f1dcd619b24983e537c57413ed7b1fd,2019-05,Lancashire Constabulary,Lancashire Constabulary,-2.728306,53.764179,On or near Calder Street,E01025288,Preston 010D,Criminal damage and arson,Status update unavailable,
da46b11929dff3afcd36b005140fd00b609a0cb8cb7f4b99b5e403044d6eac4f,2019-05,Lancashire Constabulary,Lancashire Constabulary,-2.723212,53.763491,On or near West Strand,E01025288,Preston 010D,Criminal damage and arson,Status update unavailable,
f7ae3e72a5862604b821beb7c1900438c1878ebf2a971d19ddd640f18080b3e6,2019-05,Lancashire Constabulary,Lancashire Constabulary,-2.745726,53.761052,On or near Perry Road,E01025288,Preston 010D,Other theft,Status update unavailable,
1c8c0201db6ffb821081283182a6b1a06c9f8ded61b56fb8bb7e68279ae11942,2019-05,Lancashire Constabulary,Lancashire Constabulary,-2.729095,53.763302,On or near Dart Street,E01025288,Preston 010D,Other theft,Awaiting court outcome,
57d6157e87072b351d0a30c10276a46c1a8bcbb037cedbb6529c9c4001849583,2019-05,Lancashire Constabulary,Lancashire Constabulary,-2.736057,53.762433,On or near Supermarket,E01025288,Preston 010D,Other theft,Status update unavailable,
2cc2ac860e964c64b7d8504bcd7467528e8b4e76e9ba55736b59f2c3189b0de2,2019-05,Lancashire Constabulary,Lancashire Constabulary,-2.737212,53.759082,On or near Victoria Quay,E01025288,Preston 010D,Other theft,Status update unavailable,
7af81b6a907012d40c1dab02aafe9b120413612e3e464a8b283b2aa0ab93b37b,2019-05,Lancashire Constabulary,Lancashire Constabulary,-2.736057,53.762433,On or near Supermarket,E01025288,Preston 010D,Other theft,Status update unavailable,
0a31420c93de45e8a25da87e6101fbd2c4b0088e44080c3c4583510fb17b49e8,2019-05,Lancashire Constabulary,Lancashire Constabulary,-2.736057,53.762433,On or near Supermarket,E01025288,Preston 010D,Other theft,Formal action is not in the public interest,
26626af8baa60fdbcd66bddeb7a2df5b38735e22bbf67e87a92bf039c85da855,2019-05,Lancashire Constabulary,Lancashire Constabulary,-2.737212,53.759082,On or near Victoria Quay,E01025288,Preston 010D,Other theft,Status update unavailable,
d6a4b4266dd97af990310623a59997b8648c63bde04aa28cf1fd916497176afb,2019-05,Lancashire Constabulary,Lancashire Constabulary,-2.736057,53.762433,On or near Supermarket,E01025288,Preston 010D,Shoplifting,Status update unavailable,
fc9a8943b539248673fc9e1c9d3eb451e7ef3f536c51ce277d14a6e2b43b2d2e,2019-05,Lancashire Constabulary,Lancashire Constabulary,-2.732060,53.762862,On or near Watery Lane,E01025288,Preston 010D,Shoplifting,Status update unavailable,
03c7955f68be3950b2f609d32544bcf434d2d8370376337ff667e0d2d5f7762b,2019-05,Lancashire Constabulary,Lancashire Constabulary,-2.736057,53.762433,On or near Supermarket,E01025288,Preston 010D,Shoplifting,Unable to prosecute suspect,
15635821377d8741ffafe61cbaa3b0ffff2a3aeecd332ddc1032ab1332e42723,2019-05,Lancashire Constabulary,Lancashire Constabulary,-2.736057,53.762433,On or near Supermarket,E01025288,Preston 010D,Shoplifting,Status update unavailable,
3d67751c4e9ea19ea71d4580123344f0e047b3c73d6fbaf2995200550a3e3394,2019-05,Lancashire Constabulary,Lancashire Constabulary,-2.736057,53.762433,On or near Supermarket,E01025288,Preston 010D,Shoplifting,Status update unavailable,
5bf7795610739717d38126325e7de28d3c16bee3f9f66eec099db1d793238499,2019-05,Lancashire Constabulary,Lancashire Constabulary,-2.736057,53.762433,On or near Supermarket,E01025288,Preston 010D,Shoplifting,Status update unavailable,
2186357907a3537d0e7a6de1400002f7d0b499466212a25a2b2a9de2fe048ac7,2019-05,Lancashire Constabulary,Lancashire Constabulary,-2.732060,53.762862,On or near Watery Lane,E01025288,Preston 010D,Shoplifting,Status update unavailable,
c74463dd99435b9be77841a0c2c121bfb46429e62e1cb87170cda7aa6e54c0bd,2019-05,Lancashire Constabulary,Lancashire Constabulary,-2.736057,53.762433,On or near Supermarket,E01025288,Preston 010D,Shoplifting,Status update unavailable,
79617f5ffe793969e2bee04facea24fd27d83ec8359123173e98106b0807019e,2019-05,Lancashire Constabulary,Lancashire Constabulary,-2.736057,53.762433,On or near Supermarket,E01025288,Preston 010D,Shoplifting,Status update unavailable,
256ea61e3816e2b5b05f22a3e1a40fc70b9049448f7304de103f921100ffc413,2019-05,Lancashire Constabulary,Lancashire Constabulary,-2.736057,53.762433,On or near Supermarket,E01025288,Preston 010D,Shoplifting,Awaiting court outcome,
4354c8c57904d20fbdac298a22f191dcf7ec812d6fbe4eb6da27ccb9c326e508,2019-05,Lancashire Constabulary,Lancashire Constabulary,-2.752814,53.760450,On or near Nile Close,E01025288,Preston 010D,Vehicle crime,Status update unavailable,
a8b1e5b7ef1e5113c40665ad752a3a45bdd8ea739a2dbdcb93e049f935bd4147,2019-05,Lancashire Constabulary,Lancashire Constabulary,-2.752814,53.760450,On or near Nile Close,E01025288,Preston 010D,Vehicle crime,Status update unavailable,
2247b18ff78cd3c9f152182eae10e414b9c889e4e806516c24391317b15973a1,2019-05,Lancashire Constabulary,Lancashire Constabulary,-2.736057,53.762433,On or near Supermarket,E01025288,Preston 010D,Violence and sexual offences,Unable to prosecute suspect,
2c32053e15f6229c4212581be58b8e1fe4361ea64399f5fb5f1e0b4d59ae2ee4,2019-05,Lancashire Constabulary,Lancashire Constabulary,-2.732384,53.759660,On or near Britannia Drive,E01025288,Preston 010D,Violence and sexual offences,Status update unavailable,
ab082b1ae7ada5c6aff4f5866b66815f641d2aae134c1648209bf18b04aed538,2019-05,Lancashire Constabulary,Lancashire Constabulary,-2.726739,53.763910,On or near Douglas Street,E01025288,Preston 010D,Violence and sexual offences,Unable to prosecute suspect,
ec3fd5db78c4e286bccacb1d6422f5407666f7b30166d67301eb1c26c797bb7d,2019-05,Lancashire Constabulary,Lancashire Constabulary,-2.724299,53.764042,On or near Travers Place,E01025288,Preston 010D,Violence and sexual offences,Unable to prosecute suspect,
0bfd637e04fbbd93cf5d806af02a65010fec0ed5fa053b60a2de5dcedbfc8083,2019-05,Lancashire Constabulary,Lancashire Constabulary,-2.729095,53.763302,On or near Dart Street,E01025288,Preston 010D,Violence and sexual offences,Unable to prosecute suspect,
27b37e1f5fbf07c0204048649db9d4211fa6a78a3fc49954ded76fad08dc5a82,2019-05,Lancashire Constabulary,Lancashire Constabulary,-2.748569,53.759722,On or near Lockside Road,E01025288,Preston 010D,Violence and sexual offences,Status update unavailable,
3ad522bfc804e42406bf327a76041e2d438306cfef2d866c6438924f8eff9850,2019-05,Lancashire Constabulary,Lancashire Constabulary,-2.736033,53.759332,On or near Navigation Way,E01025288,Preston 010D,Violence and sexual offences,Status update unavailable,
,2019-05,Lancashire Constabulary,Lancashire Constabulary,-2.687613,53.769336,On or near St George'S Road,E01025246,Preston 011A,Anti-social behaviour,,
,2019-05,Lancashire Constabulary,Lancashire Constabulary,-2.683724,53.770868,On or near Harewood Road,E01025246,Preston 011A,Anti-social behaviour,,
,2019-05,Lancashire Constabulary,Lancashire Constabulary,-2.687566,53.769246,On or near Falcon Street,E01025246,Preston 011A,Anti-social behaviour,,
,2019-05,Lancashire Constabulary,Lancashire Constabulary,-2.687613,53.769336,On or near St George'S Road,E01025246,Preston 011A,Anti-social behaviour,,
,2019-05,Lancashire Constabulary,Lancashire Constabulary,-2.683724,53.770868,On or near Harewood Road,E01025246,Preston 011A,Anti-social behaviour,,
,2019-05,Lancashire Constabulary,Lancashire Constabulary,-2.687613,53.769336,On or near St George'S Road,E01025246,Preston 011A,Anti-social behaviour,,
,2019-05,Lancashire Constabulary,Lancashire Constabulary,-2.683724,53.770868,On or near Harewood Road,E01025246,Preston 011A,Anti-social behaviour,,
,2019-05,Lancashire Constabulary,Lancashire Constabulary,-2.686584,53.770421,On or near Chatham Place,E01025246,Preston 011A,Anti-social behaviour,,
,2019-05,Lancashire Constabulary,Lancashire Constabulary,-2.687613,53.769336,On or near St George'S Road,E01025246,Preston 011A,Anti-social behaviour,,
,2019-05,Lancashire Constabulary,Lancashire Constabulary,-2.686584,53.770421,On or near Chatham Place,E01025246,Preston 011A,Anti-social behaviour,,
,2019-05,Lancashire Constabulary,Lancashire Constabulary,-2.686719,53.768442,On or near Hawkhurst Road,E01025246,Preston 011A,Anti-social behaviour,,
,2019-05,Lancashire Constabulary,Lancashire Constabulary,-2.683724,53.770868,On or near Harewood Road,E01025246,Preston 011A,Anti-social behaviour,,
04c5e16bda8259b5dfbe91a715cb5e2424a074fb295bbe166b34b7cf3b836217,2019-05,Lancashire Constabulary,Lancashire Constabulary,-2.687566,53.769246,On or near Falcon Street,E01025246,Preston 011A,Burglary,Status update unavailable,
1bc85c9c75005779f6416aafb437121b14e0241e41d80bd602809cbb3a394d63,2019-05,Lancashire Constabulary,Lancashire Constabulary,-2.684937,53.768992,On or near Penguin Street,E01025246,Preston 011A,Burglary,Status update unavailable,
9a4ff77a9a9c5adcbc90d7134ce2f68718adfb3bbb7bb3e254a87af259e0decd,2019-05,Lancashire Constabulary,Lancashire Constabulary,-2.687209,53.772466,On or near Lowthorpe Road,E01025246,Preston 011A,Criminal damage and arson,Status update unavailable,
33471c231f4ebd09962a878502cd4f3170a3e31499164ca85c0530ce0042b0e0,2019-05,Lancashire Constabulary,Lancashire Constabulary,-2.684937,53.768992,On or near Penguin Street,E01025246,Preston 011A,Criminal damage and arson,Status update unavailable,
83899b82be8e786bfe6857f5996b932400d5ba2ae2b1649452fc77a2137c9b6e,2019-05,Lancashire Constabulary,Lancashire Constabulary,-2.686584,53.770421,On or near Chatham Place,E01025246,Preston 011A,Criminal damage and arson,Status update unavailable,
aeb86db470d1bd3b707c7c41e1fb8d01499ad0137e8057f6f8bdabc40ba3200e,2019-05,Lancashire Constabulary,Lancashire Constabulary,-2.686719,53.768442,On or near Hawkhurst Road,E01025246,Preston 011A,Criminal damage and arson,Unable to prosecute suspect,
1061b30e5d6968978e021d2f5b0a2c1024e07ebd23a36687295d681287165bb2,2019-05,Lancashire Constabulary,Lancashire Constabulary,-2.686584,53.770421,On or near Chatham Place,E01025246,Preston 011A,Vehicle crime,Status update unavailable,
73c6ce21c2cab711b93f57058281f5d53241d6d0ecf198343ca1a23132510ce0,2019-05,Lancashire Constabulary,Lancashire Constabulary,-2.689234,53.770127,On or near St Stephen'S Road,E01025246,Preston 011A,Violence and sexual offences,Status update unavailable,
8299e87b6e2a292b8300052865d43ded17ba06606d9deac2dfc8eebc91b74c01,2019-05,Lancashire Constabulary,Lancashire Constabulary,-2.686719,53.768442,On or near Hawkhurst Road,E01025246,Preston 011A,Violence and sexual offences,Unable to prosecute suspect,
d750015089869956811fa0696ae43d88cd3a6d73109d6a8d3702bd3084897e67,2019-05,Lancashire Constabulary,Lancashire Constabulary,-2.689234,53.770127,On or near St Stephen'S Road,E01025246,Preston 011A,Violence and sexual offences,Status update unavailable,
78dc45fbb8221ac6293c56878d1c5da6725f2385309a5ac6e0e1cbbb582e27bd,2019-05,Lancashire Constabulary,Lancashire Constabulary,-2.689234,53.770127,On or near St Stephen'S Road,E01025246,Preston 011A,Violence and sexual offences,Status update unavailable,
505d07e04c517439d99c6216af444e103f0c5d0d79adfc52c8081620bb0e52c0,2019-05,Lancashire Constabulary,Lancashire Constabulary,-2.687613,53.769336,On or near St George'S Road,E01025246,Preston 011A,Violence and sexual offences,Unable to prosecute suspect,
,2019-05,Lancashire Constabulary,Lancashire Constabulary,-2.708654,53.770975,On or near Ripon Street,E01025274,Preston 011B,Anti-social behaviour,,
,2019-05,Lancashire Constabulary,Lancashire Constabulary,-2.708654,53.770975,On or near Ripon Street,E01025274,Preston 011B,Anti-social behaviour,,
,2019-05,Lancashire Constabulary,Lancashire Constabulary,-2.711390,53.772163,On or near Henderson Street,E01025274,Preston 011B,Anti-social behaviour,,
,2019-05,Lancashire Constabulary,Lancashire Constabulary,-2.711980,53.772052,On or near Lowndes Street,E01025274,Preston 011B,Anti-social behaviour,,
,2019-05,Lancashire Constabulary,Lancashire Constabulary,-2.711127,53.770080,On or near Villiers Street,E01025274,Preston 011B,Anti-social behaviour,,
,2019-05,Lancashire Constabulary,Lancashire Constabulary,-2.708907,53.771567,On or near Cambridge Street,E01025274,Preston 011B,Anti-social behaviour,,
,2019-05,Lancashire Constabulary,Lancashire Constabulary,-2.711127,53.770080,On or near Villiers Street,E01025274,Preston 011B,Anti-social behaviour,,
,2019-05,Lancashire Constabulary,Lancashire Constabulary,-2.708907,53.771567,On or near Cambridge Street,E01025274,Preston 011B,Anti-social behaviour,,
,2019-05,Lancashire Constabulary,Lancashire Constabulary,-2.709031,53.772645,On or near Broughton Street,E01025274,Preston 011B,Anti-social behaviour,,
,2019-05,Lancashire Constabulary,Lancashire Constabulary,-2.711438,53.770536,On or near Supermarket,E01025274,Preston 011B,Anti-social behaviour,,
d5305e3a0fc1dc8cb333dd44961c7c19f16dc6d42d6bd56a7ede0f354ca23cc1,2019-05,Lancashire Constabulary,Lancashire Constabulary,-2.710025,53.773088,On or near Dallas Street,E01025274,Preston 011B,Burglary,Status update unavailable,
ff68fe47a89c39b646bfe3b198efe26d89969ec8357b5dbc8b6888a777dc33ce,2019-05,Lancashire Constabulary,Lancashire Constabulary,-2.711390,53.772163,On or near Henderson Street,E01025274,Preston 011B,Criminal damage and arson,Unable to prosecute suspect,
e540cb821487073c50e1f9f2cddf947f31b7a8b4c882771d1850737608ee9eea,2019-05,Lancashire Constabulary,Lancashire Constabulary,-2.710025,53.773088,On or near Dallas Street,E01025274,Preston 011B,Criminal damage and arson,Unable to prosecute suspect,
d65e10c965387afc657ba7a63be2f953b50bdbb36629af646515683648219576,2019-05,Lancashire Constabulary,Lancashire Constabulary,-2.710025,53.773088,On or near Dallas Street,E01025274,Preston 011B,Criminal damage and arson,Unable to prosecute suspect,
398a5a2de5b3367b5a305bc42a36228dba070752a52b24e58da088534387fcb3,2019-05,Lancashire Constabulary,Lancashire Constabulary,-2.710202,53.771928,On or near Eldon Street,E01025274,Preston 011B,Criminal damage and arson,Status update unavailable,
885966007c7e840de7748e3957bec2e45a6db7a46d76db8a3faebc28459c9bc8,2019-05,Lancashire Constabulary,Lancashire Constabulary,-2.708654,53.770975,On or near Ripon Street,E01025274,Preston 011B,Criminal damage and arson,Status update unavailable,
04d34596b14c11e1c251993b49df353a76e243f18406f1ec0bfbf245157f5a5d,2019-05,Lancashire Constabulary,Lancashire Constabulary,-2.711438,53.770536,On or near Supermarket,E01025274,Preston 011B,Criminal damage and arson,Status update unavailable,
8c4456701817fa8aa29be4dc3cad3dcb103bc67608460a7b91f53f761e0f8bb6,2019-05,Lancashire Constabulary,Lancashire Constabulary,-2.708907,53.771567,On or near Cambridge Street,E01025274,Preston 011B,Criminal damage and arson,Status update unavailable,
5943f567eb7bdb59fb7c896ad460e21cacb0b4b76277039eaa9eb9160df6f81f,2019-05,Lancashire Constabulary,Lancashire Constabulary,-2.711127,53.770080,On or near Villiers Street,E01025274,Preston 011B,Criminal damage and arson,Status update unavailable,
d2b093de01e45568f8190f135533416f63189f0578099ca21c296a7cf82a7196,2019-05,Lancashire Constabulary,Lancashire Constabulary,-2.708654,53.770975,On or near Ripon Street,E01025274,Preston 011B,Other theft,Status update unavailable,
7557a3616376d555349005a527ea33bae3925623e9e04338b4531005b4c737c9,2019-05,Lancashire Constabulary,Lancashire Constabulary,-2.711438,53.770536,On or near Supermarket,E01025274,Preston 011B,Other theft,Status update unavailable,
780c65a13f0ef096a7a43be92154303592c264a897826e4a019b6a62dc72b6c2,2019-05,Lancashire Constabulary,Lancashire Constabulary,-2.708907,53.771567,On or near Cambridge Street,E01025274,Preston 011B,Public order,Offender given a caution,
a63a70490d1974dd774a6005de1b0b6c7676198a1e1c87f3a7f2f0c84e47aa8e,2019-05,Lancashire Constabulary,Lancashire Constabulary,-2.706532,53.771114,On or near Haysworth Street,E01025274,Preston 011B,Violence and sexual offences,Further investigation is not in the public interest,
5e99732c90d6d53c42ddfcb5e259412df36fe3887e6a3d55394125646b4fb0e1,2019-05,Lancashire Constabulary,Lancashire Constabulary,-2.711980,53.772052,On or near Lowndes Street,E01025274,Preston 011B,Violence and sexual offences,Status update unavailable,
6e37e1d5973521919ddeb24bbbc3790c618d047b2df0854bf12a3acf55688066,2019-05,Lancashire Constabulary,Lancashire Constabulary,-2.711174,53.772848,On or near Jemmett Street,E01025274,Preston 011B,Violence and sexual offences,Unable to prosecute suspect,
dd122b614f7184bd2339a58596c615c09ff2213b3eda47a6d9c6893f32b66c22,2019-05,Lancashire Constabulary,Lancashire Constabulary,-2.709889,53.771345,On or near Moor Hall Street,E01025274,Preston 011B,Violence and sexual offences,Unable to prosecute suspect,
2f1f8a1aadcd5364e74d7cf646d403bb6fa4d4953915287b7d386e47d1f62a7f,2019-05,Lancashire Constabulary,Lancashire Constabulary,-2.710615,53.773022,On or near Elmsley Street,E01025274,Preston 011B,Violence and sexual offences,Unable to prosecute suspect,
9b82cbd1c46c147abd490cb0ae7bbae61b0e635e2dddff95ec60e48c76a3fac4,2019-05,Lancashire Constabulary,Lancashire Constabulary,-2.709031,53.772645,On or near Broughton Street,E01025274,Preston 011B,Violence and sexual offences,Status update unavailable,
772486579862b0a3eb580ba78b605698411a87b4155467b469b8d48bb9f43bd5,2019-05,Lancashire Constabulary,Lancashire Constabulary,-2.710025,53.773088,On or near Dallas Street,E01025274,Preston 011B,Violence and sexual offences,Further investigation is not in the public interest,
10f2a512b25f0af3ca70fd78c3efd11cb5dd75c44c9fd4a6db2ce027c332f7f4,2019-05,Lancashire Constabulary,Lancashire Constabulary,-2.710357,53.771235,On or near Elliott Street,E01025274,Preston 011B,Violence and sexual offences,Unable to prosecute suspect,
a6727c4c556798b9c61f092da4fb1fc84772ffc2035c0ff915656e102fb15327,2019-05,Lancashire Constabulary,Lancashire Constabulary,-2.711390,53.772163,On or near Henderson Street,E01025274,Preston 011B,Violence and sexual offences,Status update unavailable,
ff6d5c86b2d962e26db108ae3a4fe66bbfd28c2af47f5e99d0ff1f6765ee8f00,2019-05,Lancashire Constabulary,Lancashire Constabulary,-2.711390,53.772163,On or near Henderson Street,E01025274,Preston 011B,Violence and sexual offences,Awaiting court outcome,
,2019-05,Lancashire Constabulary,Lancashire Constabulary,-2.709017,53.769103,On or near Elliott Close,E01025275,Preston 011C,Anti-social behaviour,,
,2019-05,Lancashire Constabulary,Lancashire Constabulary,-2.705417,53.769772,On or near Ellen Street,E01025275,Preston 011C,Anti-social behaviour,,
,2019-05,Lancashire Constabulary,Lancashire Constabulary,-2.705417,53.769772,On or near Ellen Street,E01025275,Preston 011C,Anti-social behaviour,,
,2019-05,Lancashire Constabulary,Lancashire Constabulary,-2.709360,53.768796,On or near Elliott Walk,E01025275,Preston 011C,Anti-social behaviour,,
,2019-05,Lancashire Constabulary,Lancashire Constabulary,-2.700012,53.770460,On or near Kent Street,E01025275,Preston 011C,Anti-social behaviour,,
,2019-05,Lancashire Constabulary,Lancashire Constabulary,-2.700012,53.770460,On or near Kent Street,E01025275,Preston 011C,Anti-social behaviour,,
,2019-05,Lancashire Constabulary,Lancashire Constabulary,-2.700012,53.770460,On or near Kent Street,E01025275,Preston 011C,Anti-social behaviour,,
,2019-05,Lancashire Constabulary,Lancashire Constabulary,-2.703651,53.769378,On or near English Martyrs' Place,E01025275,Preston 011C,Anti-social behaviour,,
,2019-05,Lancashire Constabulary,Lancashire Constabulary,-2.709360,53.768796,On or near Elliott Walk,E01025275,Preston 011C,Anti-social behaviour,,
,2019-05,Lancashire Constabulary,Lancashire Constabulary,-2.703651,53.769378,On or near English Martyrs' Place,E01025275,Preston 011C,Anti-social behaviour,,
4aaf400f129c9132f607c4038dc2d1abd95dc4733a08e732c966d5c9ed50f163,2019-05,Lancashire Constabulary,Lancashire Constabulary,-2.704172,53.769743,On or near Kenmure Place,E01025275,Preston 011C,Burglary,Status update unavailable,
02ab2d13add1f1e7153a3e05a80681d18fc92c807872ce2a8f515a6ca0d0a54d,2019-05,Lancashire Constabulary,Lancashire Constabulary,-2.700715,53.769853,On or near Lockhart Road,E01025275,Preston 011C,Criminal damage and arson,Unable to prosecute suspect,
76395a71631792d1b0db3b0f9a823af5d52718c809b6b984e0d153cd061c397d,2019-05,Lancashire Constabulary,Lancashire Constabulary,-2.700012,53.770460,On or near Kent Street,E01025275,Preston 011C,Criminal damage and arson,Status update unavailable,
f526e14a8e227bb765be9dd870e68bed5265df7bdfac5704c3b4095ac3fd2858,2019-05,Lancashire Constabulary,Lancashire Constabulary,-2.704989,53.770493,On or near Petrol Station,E01025275,Preston 011C,Criminal damage and arson,Status update unavailable,
9e3db36490599c4070d24af9a9f67c9e785f8796abd391704e8b72382c7454ee,2019-05,Lancashire Constabulary,Lancashire Constabulary,-2.701075,53.770498,On or near Butler Place,E01025275,Preston 011C,Criminal damage and arson,Status update unavailable,
be3038dadd2d159ad9def1e1614b1f0d7c33226859e96f766fdbd87cfc89f2f4,2019-05,Lancashire Constabulary,Lancashire Constabulary,-2.704989,53.770493,On or near Petrol Station,E01025275,Preston 011C,Criminal damage and arson,Status update unavailable,
5282927d334a94273ab1ffc995dfe471a093683212298fbc6df0e34dbd5df347,2019-05,Lancashire Constabulary,Lancashire Constabulary,-2.709360,53.768796,On or near Elliott Walk,E01025275,Preston 011C,Other theft,Status update unavailable,
7a6017dac5f656976d8dffeebbb756a836df61b0c50cf375e4de6f3bfb79ed94,2019-05,Lancashire Constabulary,Lancashire Constabulary,-2.704989,53.770493,On or near Petrol Station,E01025275,Preston 011C,Other theft,Unable to prosecute suspect,
eb032d6a1c52e13974ebed34e917e1fe8894154a6ce9222b01bb14d04ec122a0,2019-05,Lancashire Constabulary,Lancashire Constabulary,-2.704989,53.770493,On or near Petrol Station,E01025275,Preston 011C,Other theft,Status update unavailable,
b73c0c94d792dac14032025fda71c848e74a2436d19a38d3083989bbd4b06c60,2019-05,Lancashire Constabulary,Lancashire Constabulary,-2.706678,53.770753,On or near Havelock Street,E01025275,Preston 011C,Other theft,Status update unavailable,
200635ccfd0e4e19756412212ce27c36022a9c536e1424f4ee706fe2f1f403ea,2019-05,Lancashire Constabulary,Lancashire Constabulary,-2.704989,53.770493,On or near Petrol Station,E01025275,Preston 011C,Other theft,Status update unavailable,
a902a9c263e13455d54648e4e33d9eb27fdfbbf3cace56d52d53ff5ee3ed8863,2019-05,Lancashire Constabulary,Lancashire Constabulary,-2.704989,53.770493,On or near Petrol Station,E01025275,Preston 011C,Other theft,Status update unavailable,
359e241e9945fc13489515124f41b256fdb7b1f735f3263349dd4a2ea325dd67,2019-05,Lancashire Constabulary,Lancashire Constabulary,-2.704989,53.770493,On or near Petrol Station,E01025275,Preston 011C,Other theft,Status update unavailable,
e53f036b2fed49f42c7250c64b8ce83c5df70686dd1b39ddd3c9e9c190597a95,2019-05,Lancashire Constabulary,Lancashire Constabulary,-2.709360,53.768796,On or near Elliott Walk,E01025275,Preston 011C,Other theft,Status update unavailable,
4a7cd1e2ea95598fe65c93224944f260ab4135f1b8e3f7eba227a51cfbc97538,2019-05,Lancashire Constabulary,Lancashire Constabulary,-2.703651,53.769378,On or near English Martyrs' Place,E01025275,Preston 011C,Other theft,Status update unavailable,
e456fb2be1591c5d30d97de8b963d4e805b165395e53258494eb1cde6e22da24,2019-05,Lancashire Constabulary,Lancashire Constabulary,-2.700715,53.769853,On or near Lockhart Road,E01025275,Preston 011C,Public order,Awaiting court outcome,
2bcb2e9aeee0f8596364ab5e1c0869b90ef4bd4d7982c72fd95a6fcb2fc26e87,2019-05,Lancashire Constabulary,Lancashire Constabulary,-2.703651,53.769378,On or near English Martyrs' Place,E01025275,Preston 011C,Public order,Status update unavailable,
140025efab0ac17f4ebadcef56288b398e1e9ef0cbe1181eeb80009454f2805b,2019-05,Lancashire Constabulary,Lancashire Constabulary,-2.700715,53.769853,On or near Lockhart Road,E01025275,Preston 011C,Public order,Status update unavailable,
2469a25c25708d98ca94772c190b01962ad22e94d9e87fcd2c1d03d98e177ee8,2019-05,Lancashire Constabulary,Lancashire Constabulary,-2.709597,53.770197,On or near Crofters Green,E01025275,Preston 011C,Public order,Unable to prosecute suspect,
0c9aff65f7c43ce015580b5556d9a9d6e50fb701f02e8494850badae0526c57f,2019-05,Lancashire Constabulary,Lancashire Constabulary,-2.706666,53.769135,On or near Alsop Street,E01025275,Preston 011C,Shoplifting,Awaiting court outcome,
5d39171dc449ea7f991663bcb1f9911aaad7b24298b3f514d41d2ee00a878325,2019-05,Lancashire Constabulary,Lancashire Constabulary,-2.704989,53.770493,On or near Petrol Station,E01025275,Preston 011C,Shoplifting,Status update unavailable,
6ca2a944a82eea2ef6f6f7486f753bf4599530055953fa8ea05688da2985e1d8,2019-05,Lancashire Constabulary,Lancashire Constabulary,-2.704989,53.770493,On or near Petrol Station,E01025275,Preston 011C,Shoplifting,Further investigation is not in the public interest,
dae6c1e341f94c2f41d26a4eb35cba963c3417e772e8617c4574b8e784ddbe49,2019-05,Lancashire Constabulary,Lancashire Constabulary,-2.709360,53.768796,On or near Elliott Walk,E01025275,Preston 011C,Shoplifting,Status update unavailable,
6be42ebeac223512e0f34735679918b648889c7beb950aaa1db30115a4561c53,2019-05,Lancashire Constabulary,Lancashire Constabulary,-2.708325,53.769458,On or near Cambridge Close,E01025275,Preston 011C,Violence and sexual offences,Status update unavailable,
640b9519b9450ae1ffda672a69a55a12f075ee0518da243e92b2202f5d49ea75,2019-05,Lancashire Constabulary,Lancashire Constabulary,-2.709597,53.770197,On or near Crofters Green,E01025275,Preston 011C,Violence and sexual offences,Unable to prosecute suspect,
c13855006ab233c85960fc280e6c7b7db17db3a2fa232388e8f7eb848160a04b,2019-05,Lancashire Constabulary,Lancashire Constabulary,-2.706678,53.770753,On or near Havelock Street,E01025275,Preston 011C,Violence and sexual offences,Further investigation is not in the public interest,
c07db16655ee1dfca4d0424e216bb4b159793383422bd9e2194900f81a56f6e2,2019-05,Lancashire Constabulary,Lancashire Constabulary,-2.703745,53.770474,On or near St James'S Road,E01025275,Preston 011C,Violence and sexual offences,Status update unavailable,
73ce9845ab3f6161591f46c8306e2d9614c3ed3d1cc6b9af72f466f2b2dbffe1,2019-05,Lancashire Constabulary,Lancashire Constabulary,-2.706666,53.769135,On or near Alsop Street,E01025275,Preston 011C,Violence and sexual offences,Status update unavailable,
94b44084bed246a744d8b743958f89fa188a67d026d255d9bca099e8ca61c925,2019-05,Lancashire Constabulary,Lancashire Constabulary,-2.709017,53.769103,On or near Elliott Close,E01025275,Preston 011C,Violence and sexual offences,Status update unavailable,
ee643d222da35d17396b3bf20c889ccc5ac98659ed6562c93c1cfc2233887553,2019-05,Lancashire Constabulary,Lancashire Constabulary,-2.709360,53.768796,On or near Elliott Walk,E01025275,Preston 011C,Violence and sexual offences,Status update unavailable,
5aa203c721cacd8c1e4a09f3f1ff2ded4b24a1bca81cabc33a563fd49907d0d9,2019-05,Lancashire Constabulary,Lancashire Constabulary,-2.703651,53.769378,On or near English Martyrs' Place,E01025275,Preston 011C,Violence and sexual offences,Further investigation is not in the public interest,
5ff3724d3d58f3f0b50fa9127d70ad0d9ed0f91c974ce666e7b1affdea3e373e,2019-05,Lancashire Constabulary,Lancashire Constabulary,-2.700012,53.770460,On or near Kent Street,E01025275,Preston 011C,Other crime,Status update unavailable,
,2019-05,Lancashire Constabulary,Lancashire Constabulary,-2.691857,53.769995,On or near St Anthony'S Road,E01025294,Preston 011D,Anti-social behaviour,,
,2019-05,Lancashire Constabulary,Lancashire Constabulary,-2.692464,53.769991,On or near St Cuthbert'S Road,E01025294,Preston 011D,Anti-social behaviour,,
,2019-05,Lancashire Constabulary,Lancashire Constabulary,-2.697617,53.769656,On or near St Anne'S Street,E01025294,Preston 011D,Anti-social behaviour,,
,2019-05,Lancashire Constabulary,Lancashire Constabulary,-2.691857,53.769995,On or near St Anthony'S Road,E01025294,Preston 011D,Anti-social behaviour,,
,2019-05,Lancashire Constabulary,Lancashire Constabulary,-2.691857,53.769995,On or near St Anthony'S Road,E01025294,Preston 011D,Anti-social behaviour,,
,2019-05,Lancashire Constabulary,Lancashire Constabulary,-2.693071,53.769988,On or near St Martin'S Road,E01025294,Preston 011D,Anti-social behaviour,,
,2019-05,Lancashire Constabulary,Lancashire Constabulary,-2.697617,53.769656,On or near St Anne'S Street,E01025294,Preston 011D,Anti-social behaviour,,
,2019-05,Lancashire Constabulary,Lancashire Constabulary,-2.697617,53.769656,On or near St Anne'S Street,E01025294,Preston 011D,Anti-social behaviour,,
,2019-05,Lancashire Constabulary,Lancashire Constabulary,-2.696090,53.769979,On or near St Philip'S Road,E01025294,Preston 011D,Anti-social behaviour,,
,2019-05,Lancashire Constabulary,Lancashire Constabulary,-2.692464,53.769991,On or near St Cuthbert'S Road,E01025294,Preston 011D,Anti-social behaviour,,
eb072441b5c3a87c9cea2d5535743219b2d966b3a8fa894caea914581f8a0447,2019-05,Lancashire Constabulary,Lancashire Constabulary,-2.691857,53.769995,On or near St Anthony'S Road,E01025294,Preston 011D,Criminal damage and arson,Status update unavailable,
de333415e4c8e7ba6d501668c1c218ce07b2ed26a86dffba2cb587ccdda65369,2019-05,Lancashire Constabulary,Lancashire Constabulary,-2.697737,53.770482,On or near Charnock Fold,E01025294,Preston 011D,Criminal damage and arson,Status update unavailable,
29acb8c07e4d516a854917e5459a132212ae4db3aa2657c8ec8f7406a10e56a7,2019-05,Lancashire Constabulary,Lancashire Constabulary,-2.693981,53.769973,On or near St Andrew'S Road,E01025294,Preston 011D,Vehicle crime,Status update unavailable,
5da8eaab22358cd29369fabb2bde795fce84cfa76b592bbe165506dda28c7777,2019-05,Lancashire Constabulary,Lancashire Constabulary,-2.691857,53.769995,On or near St Anthony'S Road,E01025294,Preston 011D,Vehicle crime,Status update unavailable,
f883d26a947912003289da91dbe445da197673ecdd378db05ca171cc8ce7708d,2019-05,Lancashire Constabulary,Lancashire Constabulary,-2.692849,53.768488,On or near Bus/Coach Station,E01025294,Preston 011D,Vehicle crime,Status update unavailable,
398f9f5259d228a3130ec91232d1857b81600504f7fc67c565f8097931b5d01b,2019-05,Lancashire Constabulary,Lancashire Constabulary,-2.692849,53.768488,On or near Bus/Coach Station,E01025294,Preston 011D,Violence and sexual offences,Status update unavailable,
9206d0f7dc977de09ff0cb7312dccc47e87b75cce48901af584a5a30e7996c3f,2019-05,Lancashire Constabulary,Lancashire Constabulary,-2.697617,53.769656,On or near St Anne'S Street,E01025294,Preston 011D,Violence and sexual offences,Unable to prosecute suspect,
503ae23727c9841d41274e530c869628ed04c824a125bf788e7a90d841c35d35,2019-05,Lancashire Constabulary,Lancashire Constabulary,-2.695498,53.769983,On or near St Christopher'S Road,E01025294,Preston 011D,Violence and sexual offences,Unable to prosecute suspect,
157432533d01dbd299bf70455556bf9b03fdf23312b1a94859ba250eba503689,2019-05,Lancashire Constabulary,Lancashire Constabulary,-2.696090,53.769979,On or near St Philip'S Road,E01025294,Preston 011D,Violence and sexual offences,Status update unavailable,
d787d7e4e72249922cc190cdbc53fc00974ed3460182d16c765f6a93a9b9a40f,2019-05,Lancashire Constabulary,Lancashire Constabulary,-2.695420,53.770792,On or near St Thomas' Road,E01025294,Preston 011D,Violence and sexual offences,Unable to prosecute suspect,
c0f44f1d7ba7fea5de8cb3fbf84bbd49c8e1111738034bdd1a133344eb295a97,2019-05,Lancashire Constabulary,Lancashire Constabulary,-2.697617,53.769656,On or near St Anne'S Street,E01025294,Preston 011D,Violence and sexual offences,Unable to prosecute suspect,
822e3e08262938544f9c22395207fe532f3e33c520d3cb020cfe6ae3b5f94db2,2019-05,Lancashire Constabulary,Lancashire Constabulary,-2.692849,53.768488,On or near Bus/Coach Station,E01025294,Preston 011D,Violence and sexual offences,Status update unavailable,
e8011dbebae6a1244e9a73c6905d4b4d40ad4d94154797665c21b6fda3a34bde,2019-05,Lancashire Constabulary,Lancashire Constabulary,-2.695420,53.770792,On or near St Thomas' Road,E01025294,Preston 011D,Violence and sexual offences,Status update unavailable,
48029218e0cdd6fa4d907e67f23d54ac7189f5f552bc6f44b1eed1be32918a13,2019-05,Lancashire Constabulary,Lancashire Constabulary,-2.698821,53.769981,On or near Elgin Street,E01025294,Preston 011D,Violence and sexual offences,Status update unavailable,
4300bba70f3832f3f8bdba1f3afe44297e46c14a08ef46ef9e8f4efc5f230739,2019-05,Lancashire Constabulary,Lancashire Constabulary,-2.692464,53.769991,On or near St Cuthbert'S Road,E01025294,Preston 011D,Violence and sexual offences,Status update unavailable,
e8855daab51aba1f6bb158f052fe5ecd3333414c3aa19409203b08fc53d7e966,2019-05,Lancashire Constabulary,Lancashire Constabulary,-2.696090,53.769979,On or near St Philip'S Road,E01025294,Preston 011D,Violence and sexual offences,Status update unavailable,
,2019-05,Lancashire Constabulary,Lancashire Constabulary,-2.712037,53.774568,On or near Cornthwaite Road,E01025276,Preston 012A,Anti-social behaviour,,
,2019-05,Lancashire Constabulary,Lancashire Constabulary,-2.712037,53.774568,On or near Cornthwaite Road,E01025276,Preston 012A,Anti-social behaviour,,
,2019-05,Lancashire Constabulary,Lancashire Constabulary,-2.710140,53.777222,On or near Petrol Station,E01025276,Preston 012A,Anti-social behaviour,,
1d889a07fe1a0c8c5bd42fc03ae0dc7822f29c881607a682b08b76c74dc9f6cc,2019-05,Lancashire Constabulary,Lancashire Constabulary,-2.710140,53.777222,On or near Petrol Station,E01025276,Preston 012A,Burglary,Unable to prosecute suspect,
38f13538a476a9b276e9cfcfc0cf7649fbbe3cc26a4fbef79bb1f65b2f719255,2019-05,Lancashire Constabulary,Lancashire Constabulary,-2.710140,53.777222,On or near Petrol Station,E01025276,Preston 012A,Criminal damage and arson,Status update unavailable,
a7e734391eca8d8e3429a58148e73612c3cc87a497568241df0758c845a98bdf,2019-05,Lancashire Constabulary,Lancashire Constabulary,-2.713103,53.776566,On or near Houldsworth Road,E01025276,Preston 012A,Other theft,Status update unavailable,
4d458e82c8d82a73a39212db26968926445837629acd123818ab465bf7424cdc,2019-05,Lancashire Constabulary,Lancashire Constabulary,-2.712976,53.772666,On or near Plungington Road,E01025276,Preston 012A,Other theft,Status update unavailable,
c6652bbef2fdcacdbbe4f37b7cc064e26425447ac9895a9d5559b86e36392bfe,2019-05,Lancashire Constabulary,Lancashire Constabulary,-2.712976,53.772666,On or near Plungington Road,E01025276,Preston 012A,Other theft,Status update unavailable,
6a144e01b646890ce90ae3408b3342aaafadf639bdd1d8de7477b9527a9e682c,2019-05,Lancashire Constabulary,Lancashire Constabulary,-2.712976,53.772666,On or near Plungington Road,E01025276,Preston 012A,Public order,Status update unavailable,
44d393f92315221fde78a4f6914deccf194b5413dd961f58a2709cc364d1ca35,2019-05,Lancashire Constabulary,Lancashire Constabulary,-2.709499,53.774323,On or near Brackenbury Road,E01025276,Preston 012A,Violence and sexual offences,Awaiting court outcome,
41c31355d14ec7065ceafb5dc4a32a5cfaa057c09b53de28dd84f2a0945f00ce,2019-05,Lancashire Constabulary,Lancashire Constabulary,-2.708889,53.774138,On or near Holmes Court,E01025276,Preston 012A,Violence and sexual offences,Unable to prosecute suspect,
53195f3a340eb6358156cf2dc4129a8d83799580fb1ce577bba2c7131f91c9d7,2019-05,Lancashire Constabulary,Lancashire Constabulary,-2.708889,53.774138,On or near Holmes Court,E01025276,Preston 012A,Violence and sexual offences,Formal action is not in the public interest,
3652286aabf44eabf621c399050742d3ee94f6284d548da1becd3f95745e48f9,2019-05,Lancashire Constabulary,Lancashire Constabulary,-2.711598,53.774625,On or near Balfour Road,E01025276,Preston 012A,Violence and sexual offences,Awaiting court outcome,
d36a1fe230009b1e35635c4c8b041dcc3c2625ba521e6911aa7cf0eaf872f00d,2019-05,Lancashire Constabulary,Lancashire Constabulary,-2.711724,53.775766,On or near Hardcastle Road,E01025276,Preston 012A,Violence and sexual offences,Unable to prosecute suspect,
b66c8443b3dbee58c2b8cfb2f0b188ea3994337cccf9a693e0a9179f5312e7ca,2019-05,Lancashire Constabulary,Lancashire Constabulary,-2.709474,53.775554,On or near Lorraine Avenue,E01025276,Preston 012A,Violence and sexual offences,Status update unavailable,
6c3054dc34cf92e4935ae798ae64eda295c86d4692272e9059299324482682a3,2019-05,Lancashire Constabulary,Lancashire Constabulary,-2.708889,53.774138,On or near Holmes Court,E01025276,Preston 012A,Violence and sexual offences,Status update unavailable,
1b662e325e023ceaf1ea4132b834ef826fc1ac78780cf1e7f04710beaddfd259,2019-05,Lancashire Constabulary,Lancashire Constabulary,-2.712037,53.774568,On or near Cornthwaite Road,E01025276,Preston 012A,Violence and sexual offences,Unable to prosecute suspect,
eb8c2093bfacb4316c049c5179cefac494880a782cc87acb350bc06d4e11da1f,2019-05,Lancashire Constabulary,Lancashire Constabulary,-2.711724,53.775766,On or near Hardcastle Road,E01025276,Preston 012A,Violence and sexual offences,Unable to prosecute suspect,
164c944d681751abefcfb5082d6fa71482e2a5e0ed1928a955e853c82fd976e4,2019-05,Lancashire Constabulary,Lancashire Constabulary,-2.708889,53.774138,On or near Holmes Court,E01025276,Preston 012A,Violence and sexual offences,Unable to prosecute suspect,
,2019-05,Lancashire Constabulary,Lancashire Constabulary,-2.716000,53.775623,On or near Lawrence Street,E01025308,Preston 012B,Anti-social behaviour,,
,2019-05,Lancashire Constabulary,Lancashire Constabulary,-2.715000,53.773895,On or near Linton Street,E01025308,Preston 012B,Anti-social behaviour,,
,2019-05,Lancashire Constabulary,Lancashire Constabulary,-2.715840,53.775993,On or near Boundary Road,E01025308,Preston 012B,Anti-social behaviour,,
,2019-05,Lancashire Constabulary,Lancashire Constabulary,-2.714442,53.771435,On or near Parking Area,E01025308,Preston 012B,Anti-social behaviour,,
0e6dd4abced7027b05c8732fc90064f6feaf6c02a5ca086f4d4ff81faf79d9a3,2019-05,Lancashire Constabulary,Lancashire Constabulary,-2.715000,53.773895,On or near Linton Street,E01025308,Preston 012B,Burglary,Awaiting court outcome,
4305b355b437e20b7202edebe5aabfe7eae44e8d572d06c4e16c11c261588365,2019-05,Lancashire Constabulary,Lancashire Constabulary,-2.715000,53.773895,On or near Linton Street,E01025308,Preston 012B,Burglary,Awaiting court outcome,
1866bde707d63e7b4a3e9e475bda85246f7de4f64702d9353f9af1c93ec14bef,2019-05,Lancashire Constabulary,Lancashire Constabulary,-2.715840,53.775993,On or near Boundary Road,E01025308,Preston 012B,Criminal damage and arson,Status update unavailable,
0919a1a75869f4024e88ef730208fc450b5e398b3993838c1a6dc7a8718f9627,2019-05,Lancashire Constabulary,Lancashire Constabulary,-2.715000,53.773895,On or near Linton Street,E01025308,Preston 012B,Public order,Status update unavailable,
70da44ad7af56529a8e2189c24c36bf759392de9f19a7fbdf0f97d08cf651283,2019-05,Lancashire Constabulary,Lancashire Constabulary,-2.714442,53.771435,On or near Parking Area,E01025308,Preston 012B,Public order,Status update unavailable,
d9dd3b9f73a230c82ffb4ea4b615939d2189b0ff9dc3d209d8cc7eafda2e2d52,2019-05,Lancashire Constabulary,Lancashire Constabulary,-2.719595,53.773759,On or near Cintra Terrace,E01025308,Preston 012B,Public order,Unable to prosecute suspect,
5ad480d734bae2702d189f25915f89d49cb12250bdc724ba78a39e0b45f82a9a,2019-05,Lancashire Constabulary,Lancashire Constabulary,-2.715548,53.774026,On or near Norris Street,E01025308,Preston 012B,Vehicle crime,Status update unavailable,
20785a167bf6115290277cb358489f8465e962c2447bd8aca31251628f008cbc,2019-05,Lancashire Constabulary,Lancashire Constabulary,-2.716000,53.775623,On or near Lawrence Street,E01025308,Preston 012B,Violence and sexual offences,Status update unavailable,
,2019-05,Lancashire Constabulary,Lancashire Constabulary,-2.718899,53.771202,On or near Haig Avenue,E01025310,Preston 012C,Anti-social behaviour,,
,2019-05,Lancashire Constabulary,Lancashire Constabulary,-2.718727,53.770043,On or near Eldon Street,E01025310,Preston 012C,Anti-social behaviour,,
,2019-05,Lancashire Constabulary,Lancashire Constabulary,-2.714002,53.772337,On or near Emmanuel Street,E01025310,Preston 012C,Anti-social behaviour,,
d05b640cd302af679103f05eeae7d5bf3ad3a0c7eef3da48c5cbcdf082eccf88,2019-05,Lancashire Constabulary,Lancashire Constabulary,-2.719914,53.769344,On or near De Lacy Street,E01025310,Preston 012C,Burglary,Status update unavailable,
be7e1bb3541489b7c36d651031011491de6186b2d723c010e73033809059c79c,2019-05,Lancashire Constabulary,Lancashire Constabulary,-2.716999,53.767465,On or near Brierley Street,E01025310,Preston 012C,Burglary,Status update unavailable,
babae5ef11fc417e858444a55785fa52b83162d5ebabf64a823f85b3b9a76082,2019-05,Lancashire Constabulary,Lancashire Constabulary,-2.718608,53.768354,On or near Brookhouse Street,E01025310,Preston 012C,Criminal damage and arson,Unable to prosecute suspect,
0ee46525f9aa63519b2df14340a9804cce1ec26bb641bdd9f4e1779ce12fb319,2019-05,Lancashire Constabulary,Lancashire Constabulary,-2.718788,53.771823,On or near Bucklands Avenue,E01025310,Preston 012C,Drugs,Status update unavailable,
bfb88185e3a499fdc9824d74b07986b048a4076f35c87a34fbfc7554a03988ae,2019-05,Lancashire Constabulary,Lancashire Constabulary,-2.717700,53.766751,On or near Evans Street,E01025310,Preston 012C,Possession of weapons,Offender given a caution,
f006afe38e4929c3ef239b31d240711ff304dbd9018ca5a519e2ddaf199f7e75,2019-05,Lancashire Constabulary,Lancashire Constabulary,-2.719914,53.769344,On or near De Lacy Street,E01025310,Preston 012C,Public order,Unable to prosecute suspect,
77c173f3aedc6c31eabcc6801784d8d997feb2882eff601ce3ee8e3dacaf9447,2019-05,Lancashire Constabulary,Lancashire Constabulary,-2.718727,53.770043,On or near Eldon Street,E01025310,Preston 012C,Public order,Status update unavailable,
06ee0f8aabcc3a5b0bf00f2e6c3b88f2b67d5b138978d5ac51fad56967321352,2019-05,Lancashire Constabulary,Lancashire Constabulary,-2.714002,53.772337,On or near Emmanuel Street,E01025310,Preston 012C,Public order,Status update unavailable,
c62c9bdc720fe33200cde23ef2761366f4234e685e1bc407dae5e904f3346e33,2019-05,Lancashire Constabulary,Lancashire Constabulary,-2.719731,53.771062,On or near Murdock Avenue,E01025310,Preston 012C,Vehicle crime,Status update unavailable,
50c1d0b3c6b786a5e13728111e5991ec1af7ec0264b56492b14c49b04f420ba4,2019-05,Lancashire Constabulary,Lancashire Constabulary,-2.720318,53.770807,On or near Inkerman Street,E01025310,Preston 012C,Violence and sexual offences,Status update unavailable,
7c0d559f7f2f7d16fe94d75d680d3084aec2a40f3d541e07c00a749d735eec38,2019-05,Lancashire Constabulary,Lancashire Constabulary,-2.718608,53.768354,On or near Brookhouse Street,E01025310,Preston 012C,Violence and sexual offences,Unable to prosecute suspect,
9b6d62502d5247fc1dac786e740f852a6055b804781a781e15f31e3d36777fc6,2019-05,Lancashire Constabulary,Lancashire Constabulary,-2.718788,53.771823,On or near Bucklands Avenue,E01025310,Preston 012C,Violence and sexual offences,Status update unavailable,
2377e3aee38d8d468f9ae959b81a5fa874a8dc4fa90c8a0665ec37dbd750364f,2019-05,Lancashire Constabulary,Lancashire Constabulary,-2.718788,53.771823,On or near Bucklands Avenue,E01025310,Preston 012C,Violence and sexual offences,Unable to prosecute suspect,
c4317334c0621d36efc40bee944f4b941d4e76182e7f225196eae25de1aac902,2019-05,Lancashire Constabulary,Lancashire Constabulary,-2.717700,53.766751,On or near Evans Street,E01025310,Preston 012C,Other crime,Offender given a caution,
,2019-05,Lancashire Constabulary,Lancashire Constabulary,-2.724859,53.771930,On or near Balcarres Road,E01025311,Preston 012D,Anti-social behaviour,,
,2019-05,Lancashire Constabulary,Lancashire Constabulary,-2.728814,53.769893,On or near Tomlinson Road,E01025311,Preston 012D,Anti-social behaviour,,
,2019-05,Lancashire Constabulary,Lancashire Constabulary,-2.728743,53.771915,On or near Woodplumpton Road,E01025311,Preston 012D,Anti-social behaviour,,
,2019-05,Lancashire Constabulary,Lancashire Constabulary,-2.727944,53.769556,On or near Bridge Road,E01025311,Preston 012D,Anti-social behaviour,,
,2019-05,Lancashire Constabulary,Lancashire Constabulary,-2.728469,53.770083,On or near Plumpton Road,E01025311,Preston 012D,Anti-social behaviour,,
,2019-05,Lancashire Constabulary,Lancashire Constabulary,-2.724859,53.771930,On or near Balcarres Road,E01025311,Preston 012D,Anti-social behaviour,,
,2019-05,Lancashire Constabulary,Lancashire Constabulary,-2.727794,53.771445,On or near Colenso Road,E01025311,Preston 012D,Anti-social behaviour,,
,2019-05,Lancashire Constabulary,Lancashire Constabulary,-2.724859,53.771930,On or near Balcarres Road,E01025311,Preston 012D,Anti-social behaviour,,
e716c70db3f65ff22c673f51ac789fa2891a0378441902fa097d3ddd8e6dd913,2019-05,Lancashire Constabulary,Lancashire Constabulary,-2.728074,53.771803,On or near Belmont Road,E01025311,Preston 012D,Burglary,Status update unavailable,
96960ad9474b123b4ee4ccd57112655503d479f7eb002562ef3b09179ccb2de2,2019-05,Lancashire Constabulary,Lancashire Constabulary,-2.726374,53.770006,On or near Ladysmith Road,E01025311,Preston 012D,Criminal damage and arson,Offender given a caution,
6598c89a193c387df3d85efa9ffc8f0da931461797a9e91b23cb3f60df550890,2019-05,Lancashire Constabulary,Lancashire Constabulary,-2.730243,53.770064,On or near Armstrong Street,E01025311,Preston 012D,Criminal damage and arson,Unable to prosecute suspect,
4118200b5febdcabf40b7f8551e80f7c195660707dbb1ab70d9cd0fa8ee75d19,2019-05,Lancashire Constabulary,Lancashire Constabulary,-2.724859,53.771930,On or near Balcarres Road,E01025311,Preston 012D,Public order,Investigation complete; no suspect identified,
3560cedc0b38a1b46d0f395bed7a8a3aaddde5885d21082e6a4f16c1c8548041,2019-05,Lancashire Constabulary,Lancashire Constabulary,-2.724859,53.771930,On or near Balcarres Road,E01025311,Preston 012D,Shoplifting,Status update unavailable,
9c18020f0e7f7b0d14d3d013c9336f24d9b9837c476c8e62edd2eb3cecb9f554,2019-05,Lancashire Constabulary,Lancashire Constabulary,-2.726578,53.773061,On or near Ord Road,E01025311,Preston 012D,Vehicle crime,Status update unavailable,
94f73c2267f6799483f8f9f2505ffa705cd63a1669e7dc0e8763a8ff353a14ba,2019-05,Lancashire Constabulary,Lancashire Constabulary,-2.727113,53.770640,On or near Kimberley Road,E01025311,Preston 012D,Violence and sexual offences,Status update unavailable,
9903fbd02507c50080ac000cb62b81377f366454de129de13e90831207397462,2019-05,Lancashire Constabulary,Lancashire Constabulary,-2.728469,53.770083,On or near Plumpton Road,E01025311,Preston 012D,Violence and sexual offences,Unable to prosecute suspect,
064ca9b3800dcb2cd0caf13dcaa45d61bd3b850999adef46d0ba0419aa81d467,2019-05,Lancashire Constabulary,Lancashire Constabulary,-2.730243,53.770064,On or near Armstrong Street,E01025311,Preston 012D,Violence and sexual offences,Unable to prosecute suspect,
9679fd21b127257821fb7730fa6b79a6246fe466f9ce7ca186d7bf6aada773d1,2019-05,Lancashire Constabulary,Lancashire Constabulary,-2.729513,53.769924,On or near Ecroyd Road,E01025311,Preston 012D,Violence and sexual offences,Unable to prosecute suspect,
7e3de33c4bb8d76a125e9290d457b7ce05dfe4fa94bedef05a452a47229201c3,2019-05,Lancashire Constabulary,Lancashire Constabulary,-2.728469,53.770083,On or near Plumpton Road,E01025311,Preston 012D,Violence and sexual offences,Status update unavailable,
,2019-05,Lancashire Constabulary,Lancashire Constabulary,-2.723463,53.770177,On or near Roebuck Street,E01025312,Preston 012E,Anti-social behaviour,,
,2019-05,Lancashire Constabulary,Lancashire Constabulary,-2.725892,53.769335,On or near Hampton Street,E01025312,Preston 012E,Anti-social behaviour,,
,2019-05,Lancashire Constabulary,Lancashire Constabulary,-2.725589,53.768519,On or near Lowther Street,E01025312,Preston 012E,Anti-social behaviour,,
,2019-05,Lancashire Constabulary,Lancashire Constabulary,-2.721759,53.766349,On or near Park/Open Space,E01025312,Preston 012E,Anti-social behaviour,,
,2019-05,Lancashire Constabulary,Lancashire Constabulary,-2.723359,53.766771,On or near Hanbury Street,E01025312,Preston 012E,Anti-social behaviour,,
,2019-05,Lancashire Constabulary,Lancashire Constabulary,-2.722705,53.768393,On or near Ashley Mews,E01025312,Preston 012E,Anti-social behaviour,,
fcfb5587f3d53e6f10ca602686f8f9f8d50084ac8fc3ca1fb45a6d4bba7cfeb7,2019-05,Lancashire Constabulary,Lancashire Constabulary,-2.721469,53.765353,On or near Tulketh Brow,E01025312,Preston 012E,Burglary,Status update unavailable,
cce06c69d23b9376b933922c1aaa735a7713f356262e0ddfeaa3313c497c803a,2019-05,Lancashire Constabulary,Lancashire Constabulary,-2.721469,53.765353,On or near Tulketh Brow,E01025312,Preston 012E,Burglary,Status update unavailable,
18a6df86e4d6c4a6700f064c31a950f492bbebffc00997f20e18e5d61d78b7f1,2019-05,Lancashire Constabulary,Lancashire Constabulary,-2.724113,53.767341,On or near Nares Street,E01025312,Preston 012E,Criminal damage and arson,Unable to prosecute suspect,
fb80e3681e97d04fd70edd47a4a34d8ef2a3f734a0ccbeeafe20a0b540231ad2,2019-05,Lancashire Constabulary,Lancashire Constabulary,-2.721138,53.769912,On or near Parker Street,E01025312,Preston 012E,Criminal damage and arson,Unable to prosecute suspect,
93ae1ef0d729b78fd0cf2fc874deaec2dee42944a641cd7979bba9b059d9c607,2019-05,Lancashire Constabulary,Lancashire Constabulary,-2.723643,53.766499,On or near Tulketh Brow,E01025312,Preston 012E,Drugs,Awaiting court outcome,
a85c4dca56ebd087e8446611afda051397b1bd447f99f23834f21f8963949e76,2019-05,Lancashire Constabulary,Lancashire Constabulary,-2.721469,53.765353,On or near Tulketh Brow,E01025312,Preston 012E,Other theft,Status update unavailable,
a564c370c44180373adbbe0018d1e251158e216682a7c3ba841fbd2ddb58f99b,2019-05,Lancashire Constabulary,Lancashire Constabulary,-2.722659,53.765741,On or near Cannon Hill,E01025312,Preston 012E,Other theft,Unable to prosecute suspect,
c9488b38380678d923176c95a37e66bea3edf651160f6c5438805172b24f25f4,2019-05,Lancashire Constabulary,Lancashire Constabulary,-2.723643,53.770931,On or near Ridley Road,E01025312,Preston 012E,Other theft,Unable to prosecute suspect,
3c9f27809baa0a1a67d786f8a52503a09d4f9f6dcc0b5933fd0d9cf7f2def8fe,2019-05,Lancashire Constabulary,Lancashire Constabulary,-2.722277,53.770894,On or near Atherton Close,E01025312,Preston 012E,Other theft,Status update unavailable,
0652c668d51d620be1ff9e63d3ef0b271f0ba849bf0798447eceac017f65ba7a,2019-05,Lancashire Constabulary,Lancashire Constabulary,-2.722705,53.768393,On or near Ashley Mews,E01025312,Preston 012E,Public order,Status update unavailable,
73adf1cf9e23d43e0fad8f567b9a9eede310ed261a29489e63919c96f9b37099,2019-05,Lancashire Constabulary,Lancashire Constabulary,-2.723463,53.770177,On or near Roebuck Street,E01025312,Preston 012E,Shoplifting,Status update unavailable,
a62cb5fe20e1ce64d52486a32d8bf014cb54807e0f8c3213c9b316a3d1d8aee1,2019-05,Lancashire Constabulary,Lancashire Constabulary,-2.724865,53.767876,On or near Fazackerley Street,E01025312,Preston 012E,Shoplifting,Status update unavailable,
d31fd0fa108013f9ad601460aa70e0bddb9b0dcbe091e93eb9f58b5046174618,2019-05,Lancashire Constabulary,Lancashire Constabulary,-2.721138,53.769912,On or near Parker Street,E01025312,Preston 012E,Violence and sexual offences,Unable to prosecute suspect,
925a8c62f40b6ed23da610d9973f17aa0f2f97761bbe4fc315a533c092102677,2019-05,Lancashire Constabulary,Lancashire Constabulary,-2.724865,53.767876,On or near Fazackerley Street,E01025312,Preston 012E,Violence and sexual offences,Awaiting court outcome,
9828d111b9bc5b2ba05774b67f8fe6ffcb8fa9dfb9aaf2defc354be529bc09ed,2019-05,Lancashire Constabulary,Lancashire Constabulary,-2.723759,53.767065,On or near Kane Street,E01025312,Preston 012E,Violence and sexual offences,Status update unavailable,
baac85b68977105f0996f0f6ec9585b5f6aefde4a11108181faa0a79958440a6,2019-05,Lancashire Constabulary,Lancashire Constabulary,-2.726623,53.769501,On or near Tulketh Brow,E01025312,Preston 012E,Violence and sexual offences,Status update unavailable,
0e0154c43e110972476a9582722c2db41f54c602eb3bc1cd8821ebe65e023156,2019-05,Lancashire Constabulary,Lancashire Constabulary,-2.722277,53.770894,On or near Atherton Close,E01025312,Preston 012E,Violence and sexual offences,Unable to prosecute suspect,
60286ca63c2918045e7675c1492f9d0bbc7f73bf0d139b043e6e223d440faca4,2019-05,Lancashire Constabulary,Lancashire Constabulary,-2.721138,53.769912,On or near Parker Street,E01025312,Preston 012E,Violence and sexual offences,Further investigation is not in the public interest,
0d774a36c9a18319a0c863b4b9a69efaf0bf29a15b08b986199ac18098d65d99,2019-05,Lancashire Constabulary,Lancashire Constabulary,-2.724865,53.767876,On or near Fazackerley Street,E01025312,Preston 012E,Other crime,Status update unavailable,
78d8ee40a9149aa985c1874c321bf72707a449f871232653cd727924fd801c9e,2019-05,Lancashire Constabulary,Lancashire Constabulary,-2.722659,53.765741,On or near Cannon Hill,E01025312,Preston 012E,Other crime,Status update unavailable,
,2019-05,Lancashire Constabulary,Lancashire Constabulary,-2.713776,53.769749,On or near Ripon Street,E01025313,Preston 012F,Anti-social behaviour,,
,2019-05,Lancashire Constabulary,Lancashire Constabulary,-2.710879,53.766198,On or near Hawkins Street,E01025313,Preston 012F,Anti-social behaviour,,
,2019-05,Lancashire Constabulary,Lancashire Constabulary,-2.710879,53.766198,On or near Hawkins Street,E01025313,Preston 012F,Anti-social behaviour,,
,2019-05,Lancashire Constabulary,Lancashire Constabulary,-2.711873,53.767577,On or near Brook Street,E01025313,Preston 012F,Anti-social behaviour,,
,2019-05,Lancashire Constabulary,Lancashire Constabulary,-2.712383,53.770773,On or near Wildman Street,E01025313,Preston 012F,Anti-social behaviour,,
,2019-05,Lancashire Constabulary,Lancashire Constabulary,-2.710879,53.766198,On or near Hawkins Street,E01025313,Preston 012F,Anti-social behaviour,,
,2019-05,Lancashire Constabulary,Lancashire Constabulary,-2.710879,53.766198,On or near Hawkins Street,E01025313,Preston 012F,Anti-social behaviour,,
,2019-05,Lancashire Constabulary,Lancashire Constabulary,-2.712383,53.770773,On or near Wildman Street,E01025313,Preston 012F,Anti-social behaviour,,
,2019-05,Lancashire Constabulary,Lancashire Constabulary,-2.711115,53.764903,On or near Greenbank Place,E01025313,Preston 012F,Anti-social behaviour,,
,2019-05,Lancashire Constabulary,Lancashire Constabulary,-2.710879,53.766198,On or near Hawkins Street,E01025313,Preston 012F,Anti-social behaviour,,
,2019-05,Lancashire Constabulary,Lancashire Constabulary,-2.711198,53.768884,On or near Parking Area,E01025313,Preston 012F,Anti-social behaviour,,
,2019-05,Lancashire Constabulary,Lancashire Constabulary,-2.716593,53.769409,On or near Maynard Street,E01025313,Preston 012F,Anti-social behaviour,,
,2019-05,Lancashire Constabulary,Lancashire Constabulary,-2.710879,53.766198,On or near Hawkins Street,E01025313,Preston 012F,Anti-social behaviour,,
,2019-05,Lancashire Constabulary,Lancashire Constabulary,-2.711873,53.767577,On or near Brook Street,E01025313,Preston 012F,Anti-social behaviour,,
,2019-05,Lancashire Constabulary,Lancashire Constabulary,-2.715627,53.769729,On or near Seymour Court,E01025313,Preston 012F,Anti-social behaviour,,
,2019-05,Lancashire Constabulary,Lancashire Constabulary,-2.712383,53.770773,On or near Wildman Street,E01025313,Preston 012F,Anti-social behaviour,,
,2019-05,Lancashire Constabulary,Lancashire Constabulary,-2.714932,53.767244,On or near Aqueduct Street,E01025313,Preston 012F,Anti-social behaviour,,
,2019-05,Lancashire Constabulary,Lancashire Constabulary,-2.713776,53.769749,On or near Ripon Street,E01025313,Preston 012F,Anti-social behaviour,,
,2019-05,Lancashire Constabulary,Lancashire Constabulary,-2.710879,53.766198,On or near Hawkins Street,E01025313,Preston 012F,Anti-social behaviour,,
,2019-05,Lancashire Constabulary,Lancashire Constabulary,-2.712912,53.770653,On or near Emmanuel Street,E01025313,Preston 012F,Anti-social behaviour,,
dacd2e52d9926218f0f8276ea9dffca4a7bd86eed240ef821c09b975ca35146b,2019-05,Lancashire Constabulary,Lancashire Constabulary,-2.713776,53.769749,On or near Ripon Street,E01025313,Preston 012F,Burglary,Status update unavailable,
397523597e326cf1f465cccf5dd7bb9aa64991d2e32f81c9cd0cf5e1cdf9b8b3,2019-05,Lancashire Constabulary,Lancashire Constabulary,-2.713776,53.769749,On or near Ripon Street,E01025313,Preston 012F,Burglary,Status update unavailable,
b9bfffd8ac4d99a09c04fe8281dcc8ea2f3105f33ab2b2cd743922083cb0ff0d,2019-05,Lancashire Constabulary,Lancashire Constabulary,-2.709655,53.767392,On or near Moorbrook Street,E01025313,Preston 012F,Burglary,Status update unavailable,
4075b94d3ef7b4a672b655f25dadc32e48250417c51f95296efdb1ab70e37cc8,2019-05,Lancashire Constabulary,Lancashire Constabulary,-2.709585,53.765945,On or near Ashmoor Street,E01025313,Preston 012F,Burglary,Status update unavailable,
b18182a2284134135015b8e0c244b062187db6631ce730197980b1b638599570,2019-05,Lancashire Constabulary,Lancashire Constabulary,-2.709655,53.767392,On or near Moorbrook Street,E01025313,Preston 012F,Criminal damage and arson,Status update unavailable,
33f63ab33298c8dc0cd8a1c10a69e4b92dc9b0219cbd9ba09bf8e6188723ac95,2019-05,Lancashire Constabulary,Lancashire Constabulary,-2.712912,53.770653,On or near Emmanuel Street,E01025313,Preston 012F,Criminal damage and arson,Status update unavailable,
f10c12f19eaa84b324c0b4e47d669558192f45ed59644210e43e1ec5d91a2ec6,2019-05,Lancashire Constabulary,Lancashire Constabulary,-2.711198,53.768884,On or near Parking Area,E01025313,Preston 012F,Criminal damage and arson,Status update unavailable,
fb069c3aaef4dfb56f17d6f525fe1bff2880f5a322f30cd3b595a17ba2786b63,2019-05,Lancashire Constabulary,Lancashire Constabulary,-2.712912,53.770653,On or near Emmanuel Street,E01025313,Preston 012F,Criminal damage and arson,Status update unavailable,
ffb49ac56eecf302dfcc4af7dc134a5773725f5ff5973c7abd164391a8c3b649,2019-05,Lancashire Constabulary,Lancashire Constabulary,-2.713776,53.769749,On or near Ripon Street,E01025313,Preston 012F,Criminal damage and arson,Status update unavailable,
52947613309de85a62e1a7f82cf3f7a76957f5aa0db1811b883a6a34bed88f3b,2019-05,Lancashire Constabulary,Lancashire Constabulary,-2.714193,53.769288,On or near Villiers Court,E01025313,Preston 012F,Criminal damage and arson,Status update unavailable,
4fdb08b643a864b0db162470ae47151dd0ba1a04898b3cb7b60c1b3e1284f380,2019-05,Lancashire Constabulary,Lancashire Constabulary,-2.711198,53.768884,On or near Parking Area,E01025313,Preston 012F,Criminal damage and arson,Status update unavailable,
843e361bd21ed499ad98c56b8c852b796af55a99cd714b475a2af4f5de527012,2019-05,Lancashire Constabulary,Lancashire Constabulary,-2.711695,53.769582,On or near Parking Area,E01025313,Preston 012F,Criminal damage and arson,Local resolution,
89b3297feb96c31807df8b626d2440fadaa5067d55f00f87594490eaf592c906,2019-05,Lancashire Constabulary,Lancashire Constabulary,-2.714932,53.767244,On or near Aqueduct Street,E01025313,Preston 012F,Criminal damage and arson,Status update unavailable,
aa6234c09f1889c48c4a7c9929453d26d5f452345448c3a511d9e3bc3208b030,2019-05,Lancashire Constabulary,Lancashire Constabulary,-2.712383,53.770773,On or near Wildman Street,E01025313,Preston 012F,Drugs,Unable to prosecute suspect,
25df39c4d053f31afe232e8ca6692b30dd03a764b279a86499ba42171303d163,2019-05,Lancashire Constabulary,Lancashire Constabulary,-2.711873,53.767577,On or near Brook Street,E01025313,Preston 012F,Drugs,Awaiting court outcome,
e8438e25da2ed315d64d4954b68e652bd7858fa931916e6f28b652dc0ade3c0d,2019-05,Lancashire Constabulary,Lancashire Constabulary,-2.714850,53.770453,On or near Oxheys Street,E01025313,Preston 012F,Other theft,Unable to prosecute suspect,
8f823b726112e4cddc5baa06ff254962c52c36ed925b7bedbdc38b8aaba127e1,2019-05,Lancashire Constabulary,Lancashire Constabulary,-2.712912,53.770653,On or near Emmanuel Street,E01025313,Preston 012F,Other theft,Status update unavailable,
a8ead5c4869ba399f728380ea94ba2c4e52d1aef2be4c09870fc25cb0d935cc0,2019-05,Lancashire Constabulary,Lancashire Constabulary,-2.712912,53.770653,On or near Emmanuel Street,E01025313,Preston 012F,Other theft,Status update unavailable,
fe55a0c24039b530ba189cd5568e1c2e39b68e1edec8fb1d38c275cbff511e0f,2019-05,Lancashire Constabulary,Lancashire Constabulary,-2.711198,53.768884,On or near Parking Area,E01025313,Preston 012F,Possession of weapons,Status update unavailable,
72d9b973789494f3e3ddbaec3363fbf99d9b86b871617b79ed5c870aedf8bbbf,2019-05,Lancashire Constabulary,Lancashire Constabulary,-2.710162,53.766859,On or near Hawkins Close,E01025313,Preston 012F,Public order,Unable to prosecute suspect,
fa0995b5b61a4deec25212b99bbc4d5eff7592d6c953afecf0fb6d4d7bf764ff,2019-05,Lancashire Constabulary,Lancashire Constabulary,-2.711198,53.768884,On or near Parking Area,E01025313,Preston 012F,Shoplifting,Status update unavailable,
f64306452451dd7839a61b90957b12380e4f31023a8513abfafb25f9d47b9eed,2019-05,Lancashire Constabulary,Lancashire Constabulary,-2.712383,53.770773,On or near Wildman Street,E01025313,Preston 012F,Vehicle crime,Status update unavailable,
b24a0de1f2aa1e6b46c44a4dfaff9aa7a24ea0f0d9b9f8bfdf87ce14906f06f3,2019-05,Lancashire Constabulary,Lancashire Constabulary,-2.707600,53.763332,On or near St Peter'S Square,E01025313,Preston 012F,Vehicle crime,Unable to prosecute suspect,
ad185df893e6eec2c2a14f848f3f1c6894964264b1b416832fe0f7d9de5d709b,2019-05,Lancashire Constabulary,Lancashire Constabulary,-2.712383,53.770773,On or near Wildman Street,E01025313,Preston 012F,Vehicle crime,Status update unavailable,
6628f3987d2cf2a6742163479bfb59a09b8ebf0dc6e679d315e9985e7a987a86,2019-05,Lancashire Constabulary,Lancashire Constabulary,-2.711695,53.769582,On or near Parking Area,E01025313,Preston 012F,Vehicle crime,Status update unavailable,
94f03070f8762bf69c07e000400ca22b0d43df94989aee8f656f46d337f4f74b,2019-05,Lancashire Constabulary,Lancashire Constabulary,-2.708684,53.762841,On or near Stocks Street,E01025313,Preston 012F,Vehicle crime,Status update unavailable,
f736fde97611fd79cfa2d2f870ca5cee321e6438141efc0f69697b37cad65997,2019-05,Lancashire Constabulary,Lancashire Constabulary,-2.710162,53.766859,On or near Hawkins Close,E01025313,Preston 012F,Violence and sexual offences,Unable to prosecute suspect,
11afef69c361f791e40cdf8892c35b46f4620681c6694ad48e4105de813f9c59,2019-05,Lancashire Constabulary,Lancashire Constabulary,-2.712383,53.770773,On or near Wildman Street,E01025313,Preston 012F,Violence and sexual offences,Unable to prosecute suspect,
6a04f97201f89bc762984e4051938c63ff0ca1890750ab1cf4ebec21c629657f,2019-05,Lancashire Constabulary,Lancashire Constabulary,-2.713212,53.769582,On or near Villiers Street,E01025313,Preston 012F,Violence and sexual offences,Status update unavailable,
3e0522211653d8d3f10a9c53e489b61388fa588b9a025ea656abe3cda9214a7a,2019-05,Lancashire Constabulary,Lancashire Constabulary,-2.711198,53.768884,On or near Parking Area,E01025313,Preston 012F,Violence and sexual offences,Status update unavailable,
499bf34406d71602cd3488c357971b614f37e381e663c0c3b67a01badc5d469e,2019-05,Lancashire Constabulary,Lancashire Constabulary,-2.709655,53.767392,On or near Moorbrook Street,E01025313,Preston 012F,Violence and sexual offences,Status update unavailable,
164787c0254323e9e34d8b4a54bfcd96200b24c9544b98360e971d9e8450e326,2019-05,Lancashire Constabulary,Lancashire Constabulary,-2.711198,53.768884,On or near Parking Area,E01025313,Preston 012F,Violence and sexual offences,Status update unavailable,
a2082d0c9ea34f793bc5653b0bc1dc92464dc4ba395f2a3432fff45729999cf0,2019-05,Lancashire Constabulary,Lancashire Constabulary,-2.711873,53.767577,On or near Brook Street,E01025313,Preston 012F,Violence and sexual offences,Status update unavailable,
9ce6ddf24cd332ba3f2eb488392ca440d824046963c51da2e891f02d8d1abc1a,2019-05,Lancashire Constabulary,Lancashire Constabulary,-2.711116,53.767653,On or near Harcourt Street,E01025313,Preston 012F,Violence and sexual offences,Status update unavailable,
25b1adb1be09d288ac2aa0d38efc84c7cd768f690517f90b4dabee7ff077e2f1,2019-05,Lancashire Constabulary,Lancashire Constabulary,-2.713956,53.768706,On or near Bloomfield Court,E01025313,Preston 012F,Violence and sexual offences,Unable to prosecute suspect,
9c9f3a5309e9c19cf6afcb5b613a78d2f0426af688aaaf658d3de6d5aed726fb,2019-05,Lancashire Constabulary,Lancashire Constabulary,-2.711115,53.764903,On or near Greenbank Place,E01025313,Preston 012F,Violence and sexual offences,Status update unavailable,
73d540ff76acf120e195f6c2c05d4c2c9cf3cd933b51213284efca7c87331d68,2019-05,Lancashire Constabulary,Lancashire Constabulary,-2.715627,53.769729,On or near Seymour Court,E01025313,Preston 012F,Violence and sexual offences,Unable to prosecute suspect,
14806a19fe79a10e993ae515ca143d6e638056bf1323a914c00a0a9267ed075e,2019-05,Lancashire Constabulary,Lancashire Constabulary,-2.711115,53.764903,On or near Greenbank Place,E01025313,Preston 012F,Violence and sexual offences,Status update unavailable,
32d64ae0df8b39ec358ffe51d15d918d986cdd67292e33745dc3f2ee01a01e9e,2019-05,Lancashire Constabulary,Lancashire Constabulary,-2.711116,53.767653,On or near Harcourt Street,E01025313,Preston 012F,Violence and sexual offences,Status update unavailable,
abaca011fcc61dfe6fe1b322c7565ad05cc1204a8e83f9969f26b3f7591148da,2019-05,Lancashire Constabulary,Lancashire Constabulary,-2.710189,53.763928,On or near Bhailok Street,E01025313,Preston 012F,Violence and sexual offences,Status update unavailable,
,2019-05,Lancashire Constabulary,Lancashire Constabulary,-2.710101,53.761457,On or near Leighton Street,E01025314,Preston 012G,Anti-social behaviour,,
,2019-05,Lancashire Constabulary,Lancashire Constabulary,-2.710101,53.761457,On or near Leighton Street,E01025314,Preston 012G,Anti-social behaviour,,
,2019-05,Lancashire Constabulary,Lancashire Constabulary,-2.720184,53.764749,On or near Newsham Street,E01025314,Preston 012G,Anti-social behaviour,,
,2019-05,Lancashire Constabulary,Lancashire Constabulary,-2.710101,53.761457,On or near Leighton Street,E01025314,Preston 012G,Anti-social behaviour,,
,2019-05,Lancashire Constabulary,Lancashire Constabulary,-2.706192,53.759898,On or near Heatley Street,E01025314,Preston 012G,Anti-social behaviour,,
,2019-05,Lancashire Constabulary,Lancashire Constabulary,-2.715698,53.763176,On or near Weston Street,E01025314,Preston 012G,Anti-social behaviour,,
,2019-05,Lancashire Constabulary,Lancashire Constabulary,-2.721139,53.763809,On or near Maddy Street,E01025314,Preston 012G,Anti-social behaviour,,
,2019-05,Lancashire Constabulary,Lancashire Constabulary,-2.707630,53.761508,On or near Further/Higher Educational Building,E01025314,Preston 012G,Anti-social behaviour,,
,2019-05,Lancashire Constabulary,Lancashire Constabulary,-2.722021,53.763058,On or near Kerr Place,E01025314,Preston 012G,Anti-social behaviour,,
,2019-05,Lancashire Constabulary,Lancashire Constabulary,-2.722075,53.763534,On or near Cheviot Street,E01025314,Preston 012G,Anti-social behaviour,,
,2019-05,Lancashire Constabulary,Lancashire Constabulary,-2.715963,53.764514,On or near Malthouse Court,E01025314,Preston 012G,Anti-social behaviour,,
,2019-05,Lancashire Constabulary,Lancashire Constabulary,-2.708417,53.760541,On or near Further/Higher Educational Building,E01025314,Preston 012G,Anti-social behaviour,,
,2019-05,Lancashire Constabulary,Lancashire Constabulary,-2.717853,53.764116,On or near Carlton Street,E01025314,Preston 012G,Anti-social behaviour,,
a2789e5ce7a6438915b7771214e9ccb981f990ede2da2ddb41a350b151c0eff0,2019-05,Lancashire Constabulary,Lancashire Constabulary,-2.707630,53.761508,On or near Further/Higher Educational Building,E01025314,Preston 012G,Bicycle theft,Status update unavailable,
f1ef251de0a5f3d6e94e3598b46cba16a4afc4402f70e33d7bb053dbd2190d55,2019-05,Lancashire Constabulary,Lancashire Constabulary,-2.719741,53.761867,On or near Supermarket,E01025314,Preston 012G,Burglary,Status update unavailable,
e3b82b51eeb78a71b0c43bb410bdea5928520dd01902af8abfab43696221c397,2019-05,Lancashire Constabulary,Lancashire Constabulary,-2.716648,53.763755,On or near Ashton Street,E01025314,Preston 012G,Burglary,Status update unavailable,
2c547de50db93a4dca2d6cdaad89389751105706cd7b295e6520890c705752bc,2019-05,Lancashire Constabulary,Lancashire Constabulary,-2.717310,53.762529,On or near Bromley Street,E01025314,Preston 012G,Burglary,Status update unavailable,
3ab3e50e08edcbbf524db6dd4422dbe0f2717bc17f7e6403cf4703b95a8e1dcb,2019-05,Lancashire Constabulary,Lancashire Constabulary,-2.720184,53.764749,On or near Newsham Street,E01025314,Preston 012G,Burglary,Status update unavailable,
779d54d02c3a1dc8d8005d4225027585c2ac90f5cbd61d1e0964669734fb04da,2019-05,Lancashire Constabulary,Lancashire Constabulary,-2.715179,53.761229,On or near Stewart Street,E01025314,Preston 012G,Burglary,Status update unavailable,
bc316890a2369b662eb15896ceb77eb2556859a52157e32637b5253761460e64,2019-05,Lancashire Constabulary,Lancashire Constabulary,-2.719741,53.761867,On or near Supermarket,E01025314,Preston 012G,Burglary,Status update unavailable,
8410cd91deeb96c02d72cc37a787a809a624e1db009b6d4f40d45d472b4f2089,2019-05,Lancashire Constabulary,Lancashire Constabulary,-2.717310,53.762529,On or near Bromley Street,E01025314,Preston 012G,Burglary,Status update unavailable,
7e807b45816dfeeaaac2382707370a5f5704ee5671499783ebff18b2dc1935b8,2019-05,Lancashire Constabulary,Lancashire Constabulary,-2.716850,53.759556,On or near Cooper Road,E01025314,Preston 012G,Burglary,Status update unavailable,
cbae1c28bde791fe61eb6275000b9234754a9e436c4b2e957097010b5f41c1f7,2019-05,Lancashire Constabulary,Lancashire Constabulary,-2.715963,53.764514,On or near Malthouse Court,E01025314,Preston 012G,Burglary,Status update unavailable,
11939d81abe2ee0cc495a1bfe2c93a6a349494867de63b8ebb471303806577a9,2019-05,Lancashire Constabulary,Lancashire Constabulary,-2.710101,53.761457,On or near Leighton Street,E01025314,Preston 012G,Burglary,Status update unavailable,
5594f4c5d9422363deef0b479c3e1f40b7730a84cdd5882988f26dbeecefd8c1,2019-05,Lancashire Constabulary,Lancashire Constabulary,-2.719741,53.761867,On or near Supermarket,E01025314,Preston 012G,Burglary,Status update unavailable,
9a6711687377cebf52fd96ac3f0e0cfcc95dbd9526109a964544af5d1cac6f9c,2019-05,Lancashire Constabulary,Lancashire Constabulary,-2.710101,53.761457,On or near Leighton Street,E01025314,Preston 012G,Other theft,Status update unavailable,
280671b203fbb94ff3619fa1f6bd2e20d1ba0e7d91f7bdf05d12e5b71b39a743,2019-05,Lancashire Constabulary,Lancashire Constabulary,-2.716115,53.760064,On or near Nelson Terrace,E01025314,Preston 012G,Other theft,Status update unavailable,
4c7599ca6b0c3ba77fb3014af1e64d38d4c8f54b4a92079b40bbf9ceaa370f76,2019-05,Lancashire Constabulary,Lancashire Constabulary,-2.721479,53.762405,On or near Kingfisher Court,E01025314,Preston 012G,Other theft,Status update unavailable,
c324fc36133737f2bac34333badc52be0280bef1d92aec9532798ebbc1419ee4,2019-05,Lancashire Constabulary,Lancashire Constabulary,-2.706192,53.759898,On or near Heatley Street,E01025314,Preston 012G,Shoplifting,Status update unavailable,
04c44233ed5f499a2e96a4b427578597364201e6447a3cbf9cad11bd416beefb,2019-05,Lancashire Constabulary,Lancashire Constabulary,-2.716781,53.763556,On or near Priory Street,E01025314,Preston 012G,Vehicle crime,Status update unavailable,
7b885b7e38e2251c2a91cfb34296f06547e60d9edc91a967c8761b35a7a95afd,2019-05,Lancashire Constabulary,Lancashire Constabulary,-2.719741,53.761867,On or near Supermarket,E01025314,Preston 012G,Violence and sexual offences,Unable to prosecute suspect,
0c09ad37da0ca9b674f4880e8f61337a0f9d890275e09bb0c2e1389894ab853c,2019-05,Lancashire Constabulary,Lancashire Constabulary,-2.715387,53.761830,On or near Vine Street,E01025314,Preston 012G,Violence and sexual offences,Unable to prosecute suspect,
4d17cc6a2f0c220c45767658fd866bf8e88b90fe833a3d590aecca2fe65b85cd,2019-05,Lancashire Constabulary,Lancashire Constabulary,-2.718696,53.762844,On or near St Mark'S Place East,E01025314,Preston 012G,Violence and sexual offences,Unable to prosecute suspect,
f72eda8a352a265b8a59ba22626c35533d6b2b7d653ac7ceba817be06330f9ed,2019-05,Lancashire Constabulary,Lancashire Constabulary,-2.716365,53.762292,On or near Ingot Street,E01025314,Preston 012G,Violence and sexual offences,Status update unavailable,
2a45500d01e6afea942c58ccfae3633c9c3e2d9577ebf294961230480850772e,2019-05,Lancashire Constabulary,Lancashire Constabulary,-2.713346,53.764080,On or near Peel Street,E01025314,Preston 012G,Violence and sexual offences,Status update unavailable,
ec2fcf29a5de360879f0cf2d169c3dc9385565ee2f40410ba8bba88dffb039d6,2019-05,Lancashire Constabulary,Lancashire Constabulary,-2.706307,53.757686,On or near Falkland Street,E01025314,Preston 012G,Violence and sexual offences,Status update unavailable,
d2869783b93520f892d69418358992d675461613b625dcaa53ad828b725eb1e2,2019-05,Lancashire Constabulary,Lancashire Constabulary,-2.716115,53.760064,On or near Nelson Terrace,E01025314,Preston 012G,Violence and sexual offences,Unable to prosecute suspect,
2c2a9f07574bc72ce4ee1ad6dadae3df39d6a29f4746a88fa9af5019b634d6a4,2019-05,Lancashire Constabulary,Lancashire Constabulary,-2.706192,53.759898,On or near Heatley Street,E01025314,Preston 012G,Violence and sexual offences,Unable to prosecute suspect,
97e766c00250f9846899d2ba4c66334ca9f6e076734fcc8c285438bc5c3b3f1e,2019-05,Lancashire Constabulary,Lancashire Constabulary,-2.706307,53.757686,On or near Falkland Street,E01025314,Preston 012G,Violence and sexual offences,Status update unavailable,
a3fce9295d5ec82361f325cf45073d1b305a9f6f3415622839b3b5d6f65361c4,2019-05,Lancashire Constabulary,Lancashire Constabulary,-2.715387,53.761830,On or near Vine Street,E01025314,Preston 012G,Violence and sexual offences,Unable to prosecute suspect,
43f1f7347dfeaaf4676a5fc67f3825f7ae69927edffcff887544d1804b36f724,2019-05,Lancashire Constabulary,Lancashire Constabulary,-2.734469,53.766146,On or near Winmarleigh Road,E01025231,Preston 013A,Burglary,Status update unavailable,
e6fc81134c4b555ba41c57fc2b1e34fbd591fdf7d5669029bd7e4926fbc9f267,2019-05,Lancashire Constabulary,Lancashire Constabulary,-2.737653,53.765218,On or near Brooklands,E01025231,Preston 013A,Burglary,Status update unavailable,
46d717992d2a1e2269ab6d3bb2050a5fba51b8b503173c2033f05f766e6c58ac,2019-05,Lancashire Constabulary,Lancashire Constabulary,-2.734469,53.766146,On or near Winmarleigh Road,E01025231,Preston 013A,Burglary,Status update unavailable,
dcbe3dfeae819eb5f5e19566b2d86b4fc87e24e4a812fc8546edbdc08962ea41,2019-05,Lancashire Constabulary,Lancashire Constabulary,-2.740508,53.766244,On or near Pedder'S Lane,E01025231,Preston 013A,Criminal damage and arson,Status update unavailable,
c9389a852e59ef6bd0852a1702b8ec682ac95e2febb6248a96e2c6efe1bc88df,2019-05,Lancashire Constabulary,Lancashire Constabulary,-2.738374,53.763902,On or near Ashton Close,E01025231,Preston 013A,Criminal damage and arson,Status update unavailable,
9d2416abf7c2e9710255afe831ca337470ccfd1a9e83ba65017d1a9efd97e318,2019-05,Lancashire Constabulary,Lancashire Constabulary,-2.740508,53.766244,On or near Pedder'S Lane,E01025231,Preston 013A,Other theft,Status update unavailable,
b77399168ce4df4ad4a5135b9876c69dce2b7cc9e144328f217d59827b63c740,2019-05,Lancashire Constabulary,Lancashire Constabulary,-2.732727,53.765455,On or near Hastings Road,E01025231,Preston 013A,Vehicle crime,Status update unavailable,
c70fb3003eff89680ed0e7a36c550e4c2799cd8195c33ad1e6373f4a9de35deb,2019-05,Lancashire Constabulary,Lancashire Constabulary,-2.736067,53.762999,On or near Watery Lane,E01025231,Preston 013A,Violence and sexual offences,Unable to prosecute suspect,
57c27ea9bea0dd55e306a9172efcf1813719c973045529e2c96a3eaa97f6f713,2019-05,Lancashire Constabulary,Lancashire Constabulary,-2.740508,53.766244,On or near Pedder'S Lane,E01025231,Preston 013A,Violence and sexual offences,Status update unavailable,
a551415eaac1d8b4508fcbe9c6917c3b5a4cca344c16f08590a3aa808f570c42,2019-05,Lancashire Constabulary,Lancashire Constabulary,-2.735461,53.764792,On or near Egerton Road,E01025231,Preston 013A,Violence and sexual offences,Unable to prosecute suspect,
63b51785a2620ba9f1070743f6a98b4cb38ad1b9ae4afe51f6418723ee981763,2019-05,Lancashire Constabulary,Lancashire Constabulary,-2.735461,53.764792,On or near Egerton Road,E01025231,Preston 013A,Violence and sexual offences,Unable to prosecute suspect,
2d1354aaabc125be177a4e100f0496cb8afbfcd69afaa1a05741a99a867f0977,2019-05,Lancashire Constabulary,Lancashire Constabulary,-2.735461,53.764792,On or near Egerton Road,E01025231,Preston 013A,Violence and sexual offences,Status update unavailable,
,2019-05,Lancashire Constabulary,Lancashire Constabulary,-2.729973,53.765823,On or near Prospect Place,E01025232,Preston 013B,Anti-social behaviour,,
,2019-05,Lancashire Constabulary,Lancashire Constabulary,-2.729973,53.765823,On or near Prospect Place,E01025232,Preston 013B,Anti-social behaviour,,
4328633099ddff8e43d9dab489a51e38613561f08176b412616233b7d0a32c95,2019-05,Lancashire Constabulary,Lancashire Constabulary,-2.729973,53.765823,On or near Prospect Place,E01025232,Preston 013B,Burglary,Status update unavailable,
a19cc6c2217297f3a95f23623a73a92d907d11721d68e3be116a85681997de33,2019-05,Lancashire Constabulary,Lancashire Constabulary,-2.723270,53.765072,On or near Wyre Street,E01025232,Preston 013B,Burglary,Status update unavailable,
329b6eb4695ebbd04e77503fb3c593153134955c2096aca760e7b0f71ed283b5,2019-05,Lancashire Constabulary,Lancashire Constabulary,-2.723653,53.765304,On or near Cannon Hill,E01025232,Preston 013B,Burglary,Status update unavailable,
39d557951e442281123c3b84c02a7371c084a659384dc7da817f33d3165bfa72,2019-05,Lancashire Constabulary,Lancashire Constabulary,-2.729973,53.765823,On or near Prospect Place,E01025232,Preston 013B,Criminal damage and arson,Status update unavailable,
0fd8e7e08aef6b0172d92883edd85e081dc07e81551aaabc049049028f5930a4,2019-05,Lancashire Constabulary,Lancashire Constabulary,-2.727317,53.766630,On or near Threlfall Street,E01025232,Preston 013B,Drugs,Unable to prosecute suspect,
176544cf78893b526cfa2b6cf7781e3e8558e0d9bbfeeb8113714493f8588a3c,2019-05,Lancashire Constabulary,Lancashire Constabulary,-2.725039,53.765646,On or near Francis Street,E01025232,Preston 013B,Other theft,Unable to prosecute suspect,
1f871e4b2b003412ffe5f55a4206a12ba82419e0949f6d8a2ce5a1d56a5d9381,2019-05,Lancashire Constabulary,Lancashire Constabulary,-2.728925,53.765748,On or near Brunswick Place,E01025232,Preston 013B,Possession of weapons,Awaiting court outcome,
0e555e9662537376696d5bf350bc9f8809329d59b056d8bc454456dfbd80a203,2019-05,Lancashire Constabulary,Lancashire Constabulary,-2.728925,53.765748,On or near Brunswick Place,E01025232,Preston 013B,Possession of weapons,Further investigation is not in the public interest,
e372cd3599cf0134411cab50346ea18e66e38203187782b262b8c588e11a80b0,2019-05,Lancashire Constabulary,Lancashire Constabulary,-2.722736,53.764024,On or near Tulketh Road,E01025232,Preston 013B,Public order,Defendant found not guilty,
be78563eddb5097d0d5585d808f5a1f28e0b6b3283251801d80518815e6f91be,2019-05,Lancashire Constabulary,Lancashire Constabulary,-2.725843,53.764742,On or near Tulketh Road,E01025232,Preston 013B,Public order,Awaiting court outcome,
03587035d3a4627c7bb51f45968efced06cf77bbdb3f5ddac974ebaba4c022c7,2019-05,Lancashire Constabulary,Lancashire Constabulary,-2.726595,53.767021,On or near Webster Street,E01025232,Preston 013B,Robbery,Status update unavailable,
bf6927c9d2e444e8fb2036f90991a0fb9a0db3748fa6505892041c0eb6f3ca43,2019-05,Lancashire Constabulary,Lancashire Constabulary,-2.728925,53.765748,On or near Brunswick Place,E01025232,Preston 013B,Shoplifting,Unable to prosecute suspect,
af59c8618e2e4bccab0ad1f7ac557f1e4a9c6440b60dc90489ae8205e248e261,2019-05,Lancashire Constabulary,Lancashire Constabulary,-2.722736,53.764024,On or near Tulketh Road,E01025232,Preston 013B,Shoplifting,Status update unavailable,
436bb8afb0430351a96f4a2253cfa88e7c548e91dcfd35bfb68f5bd393922c95,2019-05,Lancashire Constabulary,Lancashire Constabulary,-2.726742,53.765869,On or near Poulton Street,E01025232,Preston 013B,Vehicle crime,Status update unavailable,
41eed070e23e3f3391b4043f0e2e0e41a890dc442fd6cd1f58c02bdf84f8f935,2019-05,Lancashire Constabulary,Lancashire Constabulary,-2.723653,53.765304,On or near Cannon Hill,E01025232,Preston 013B,Violence and sexual offences,Status update unavailable,
e72e065d5296c015a534cf4f32080db301af54b0cb60653e9e7d84919bc72185,2019-05,Lancashire Constabulary,Lancashire Constabulary,-2.726595,53.767021,On or near Webster Street,E01025232,Preston 013B,Violence and sexual offences,Offender given a caution,
57f8b811423fb7ab37088293c9e5957d8e3fc1a3e8f7f5fc84c5f972522ee74d,2019-05,Lancashire Constabulary,Lancashire Constabulary,-2.724307,53.765390,On or near Rossall Street,E01025232,Preston 013B,Violence and sexual offences,Status update unavailable,
f1f3b0845c2d570088e6acd078347ae71c08a4636d9ddea0c1775015720943e4,2019-05,Lancashire Constabulary,Lancashire Constabulary,-2.725843,53.764742,On or near Tulketh Road,E01025232,Preston 013B,Violence and sexual offences,Status update unavailable,
f6212be05263cf14d9e23617abbb6c587842e2bdcf5522fbc65ae0a11da971a0,2019-05,Lancashire Constabulary,Lancashire Constabulary,-2.726742,53.765869,On or near Poulton Street,E01025232,Preston 013B,Violence and sexual offences,Unable to prosecute suspect,
81b17319901ef03d05ef4201738c18fbc199a9ee317c17746bc25df4ec25e52b,2019-05,Lancashire Constabulary,Lancashire Constabulary,-2.723653,53.765304,On or near Cannon Hill,E01025232,Preston 013B,Violence and sexual offences,Status update unavailable,
03a03eb0f71b33d93ab2d139bf016d44dd86f7e106d644d2dd11b610d48201b0,2019-05,Lancashire Constabulary,Lancashire Constabulary,-2.722736,53.764024,On or near Tulketh Road,E01025232,Preston 013B,Violence and sexual offences,Status update unavailable,
7e50d17a94c06cddeb669ea5706e1170bfa66bf6e85d36814ed3ca1045e0a6d9,2019-05,Lancashire Constabulary,Lancashire Constabulary,-2.723653,53.765304,On or near Cannon Hill,E01025232,Preston 013B,Other crime,Status update unavailable,
,2019-05,Lancashire Constabulary,Lancashire Constabulary,-2.759672,53.773952,On or near Ash Meadow,E01025265,Preston 013C,Anti-social behaviour,,
44b7786d7b5e3fe117617d377bd2a59acfbeb90cf74ccd218f48473a3b85a235,2019-05,Lancashire Constabulary,Lancashire Constabulary,-2.756386,53.774315,On or near Miller Field,E01025265,Preston 013C,Burglary,Awaiting court outcome,
eb5573b46a47291c2d56895d2a7d990ebdcc52e98be7062a908e046d6ff87a79,2019-05,Lancashire Constabulary,Lancashire Constabulary,-2.757158,53.775074,On or near Alder Coppice,E01025265,Preston 013C,Criminal damage and arson,Status update unavailable,
e53098231f1d2c4d8cb8d10ed8d0754c96e6863f9b0b486bcd1635a88a528bb2,2019-05,Lancashire Constabulary,Lancashire Constabulary,-2.757158,53.775074,On or near Alder Coppice,E01025265,Preston 013C,Other theft,Status update unavailable,
6071139938d5fd20ce15891983866c53b49cb574583e659fa0f2b4fba3456fe9,2019-05,Lancashire Constabulary,Lancashire Constabulary,-2.759672,53.773952,On or near Ash Meadow,E01025265,Preston 013C,Vehicle crime,Local resolution,
460511425a2036e277813e27b77e918746d4b9a6ecc62679a135cb651f45816c,2019-05,Lancashire Constabulary,Lancashire Constabulary,-2.755708,53.774607,On or near Willow Coppice,E01025265,Preston 013C,Violence and sexual offences,Unable to prosecute suspect,
4413878be486fac67789a4fd4b67c2f93c0b41f56b656c7970bce3e65275d37d,2019-05,Lancashire Constabulary,Lancashire Constabulary,-2.757429,53.774146,On or near West Meadow,E01025265,Preston 013C,Violence and sexual offences,Unable to prosecute suspect,
32656aca3468d64959d5f46bc3922e3cf90adf4228dc76b759fabd241f2964e5,2019-05,Lancashire Constabulary,Lancashire Constabulary,-2.755656,53.770050,On or near Staveley Place,E01025265,Preston 013C,Violence and sexual offences,Unable to prosecute suspect,
70effa6bf9c285104f0a50b02373a03b7db83c7b881880fc39e9fac89ab711c7,2019-05,Lancashire Constabulary,Lancashire Constabulary,-2.757158,53.775074,On or near Alder Coppice,E01025265,Preston 013C,Violence and sexual offences,Status update unavailable,
,2019-05,Lancashire Constabulary,Lancashire Constabulary,-2.751219,53.771372,On or near Lichfield Road,E01025267,Preston 013D,Anti-social behaviour,,
,2019-05,Lancashire Constabulary,Lancashire Constabulary,-2.753217,53.768528,On or near Pedestrian Subway,E01025267,Preston 013D,Anti-social behaviour,,
29285dc94825cc6220bf9539217c61693fd2f6e1a695da0a0601c240379a493f,2019-05,Lancashire Constabulary,Lancashire Constabulary,-2.751805,53.771000,On or near Lyndhurst Drive,E01025267,Preston 013D,Burglary,Status update unavailable,
b367544fa928320a66af7c9e564b3f71b4ba5574eaf33d74e639dfc73752bc3b,2019-05,Lancashire Constabulary,Lancashire Constabulary,-2.751805,53.771000,On or near Lyndhurst Drive,E01025267,Preston 013D,Burglary,Status update unavailable,
24546a8fcd7f81300bc131dfed673b734357a88d1611f4b99a5fbcf2d8b9c86a,2019-05,Lancashire Constabulary,Lancashire Constabulary,-2.755118,53.767932,On or near Weeton Place,E01025267,Preston 013D,Criminal damage and arson,Unable to prosecute suspect,
bb882f1493b747748b60698c78acf4bb17c7a5f90b3fd6acd589c02a71701da9,2019-05,Lancashire Constabulary,Lancashire Constabulary,-2.751219,53.771372,On or near Lichfield Road,E01025267,Preston 013D,Drugs,Local resolution,
84d086b2e137d1200b93246e129e68b06d740ddcc0327a59507f8ec615d02110,2019-05,Lancashire Constabulary,Lancashire Constabulary,-2.754131,53.771273,On or near Greendale Mews,E01025267,Preston 013D,Public order,Unable to prosecute suspect,
c3330e70971d7b2bfc9bc724366c8ae822258a4b080113c1293f0278fb339409,2019-05,Lancashire Constabulary,Lancashire Constabulary,-2.746891,53.771129,On or near Kingsway,E01025267,Preston 013D,Public order,Further investigation is not in the public interest,
1fb82ae60a6d29242655e46c6fdff94ed8a6288ada4e1d962644e658b7371dc7,2019-05,Lancashire Constabulary,Lancashire Constabulary,-2.754131,53.771273,On or near Greendale Mews,E01025267,Preston 013D,Theft from the person,Status update unavailable,
b70a13d6e21818972a2bb9bf55d23843d65fe2dfee71e4170be6d367c9d315ab,2019-05,Lancashire Constabulary,Lancashire Constabulary,-2.753157,53.767720,On or near Ballam Road,E01025267,Preston 013D,Vehicle crime,Status update unavailable,
eb30c545b6246cb90b73c550eccb5aa561fa0ab433fd1a4a0c9267d9b0a655b4,2019-05,Lancashire Constabulary,Lancashire Constabulary,-2.746771,53.769494,On or near Broadway,E01025267,Preston 013D,Violence and sexual offences,Offender given a caution,
c08c5c96ad361524ae972c3245e6c1ef3ffe98bc279a852d47a2b2a08acfa79a,2019-05,Lancashire Constabulary,Lancashire Constabulary,-2.753566,53.767708,On or near Bartle Place,E01025267,Preston 013D,Violence and sexual offences,Unable to prosecute suspect,
3433b97a07c70a1d58ea9b2005bfe046cae7630f2829b9a32f97ced98c734dd9,2019-05,Lancashire Constabulary,Lancashire Constabulary,-2.753566,53.767708,On or near Bartle Place,E01025267,Preston 013D,Violence and sexual offences,Unable to prosecute suspect,
8771bbe8ae7edf2613986b313a47fb3687668e38c61e3816471f71076cd11dc3,2019-05,Lancashire Constabulary,Lancashire Constabulary,-2.751805,53.771000,On or near Lyndhurst Drive,E01025267,Preston 013D,Violence and sexual offences,Status update unavailable,
1d442a13816ccdfff8a67fc1f86fd90c61d56b82f653daf67da8bff19daead34,2019-05,Lancashire Constabulary,Lancashire Constabulary,-2.753566,53.767708,On or near Bartle Place,E01025267,Preston 013D,Violence and sexual offences,Further investigation is not in the public interest,
f525e1d392314d0c15e30d1aa26736edd5f5d1424a6a1315727125dd45a06f21,2019-05,Lancashire Constabulary,Lancashire Constabulary,-2.746771,53.769494,On or near Broadway,E01025267,Preston 013D,Violence and sexual offences,Offender given a caution,
ccdea0fd9bb2322b88908befa95f254ac4f446216a9786f13800b6b1086c1cca,2019-05,Lancashire Constabulary,Lancashire Constabulary,-2.746891,53.771129,On or near Kingsway,E01025267,Preston 013D,Violence and sexual offences,Status update unavailable,
3c19efeb74d2e4c883f854af9c8e9a10f5f80e6f186c7d6c17a50b4106cce3d1,2019-05,Lancashire Constabulary,Lancashire Constabulary,-2.746771,53.769494,On or near Broadway,E01025267,Preston 013D,Violence and sexual offences,Status update unavailable,
8f72b845c3ee9f3167d311d6e600cff159972b1bcc3de1d0c637c0b1819ddd99,2019-05,Lancashire Constabulary,Lancashire Constabulary,-2.755118,53.767932,On or near Weeton Place,E01025267,Preston 013D,Violence and sexual offences,Status update unavailable,
9fd5455d2cd5e27d816db08e0ae99452bc90fe10fa63d93f52a3bc87ab16b1af,2019-05,Lancashire Constabulary,Lancashire Constabulary,-2.746891,53.771129,On or near Kingsway,E01025267,Preston 013D,Violence and sexual offences,Status update unavailable,
254684cf6afb38d837f02f4632bbe882f9f88a67080e9f15aa5a96c2fcc06cb8,2019-05,Lancashire Constabulary,Lancashire Constabulary,-2.753217,53.768528,On or near Pedestrian Subway,E01025267,Preston 013D,Violence and sexual offences,Formal action is not in the public interest,
,2019-05,Lancashire Constabulary,Lancashire Constabulary,-2.757847,53.763627,On or near Thurnham Road,E01025268,Preston 013E,Anti-social behaviour,,
,2019-05,Lancashire Constabulary,Lancashire Constabulary,-2.759014,53.771134,On or near Arnside Road,E01025268,Preston 013E,Anti-social behaviour,,
,2019-05,Lancashire Constabulary,Lancashire Constabulary,-2.757847,53.763627,On or near Thurnham Road,E01025268,Preston 013E,Anti-social behaviour,,
,2019-05,Lancashire Constabulary,Lancashire Constabulary,-2.756193,53.769516,On or near Heywood Road,E01025268,Preston 013E,Anti-social behaviour,,
,2019-05,Lancashire Constabulary,Lancashire Constabulary,-2.758308,53.765665,On or near Conder Road,E01025268,Preston 013E,Anti-social behaviour,,
,2019-05,Lancashire Constabulary,Lancashire Constabulary,-2.758293,53.770716,On or near Cartmel Place,E01025268,Preston 013E,Anti-social behaviour,,
,2019-05,Lancashire Constabulary,Lancashire Constabulary,-2.757847,53.763627,On or near Thurnham Road,E01025268,Preston 013E,Anti-social behaviour,,
,2019-05,Lancashire Constabulary,Lancashire Constabulary,-2.758945,53.768133,On or near Charles Way,E01025268,Preston 013E,Anti-social behaviour,,
,2019-05,Lancashire Constabulary,Lancashire Constabulary,-2.758945,53.768133,On or near Charles Way,E01025268,Preston 013E,Anti-social behaviour,,
,2019-05,Lancashire Constabulary,Lancashire Constabulary,-2.759014,53.771134,On or near Arnside Road,E01025268,Preston 013E,Anti-social behaviour,,
,2019-05,Lancashire Constabulary,Lancashire Constabulary,-2.754377,53.763856,On or near Thistleton Road,E01025268,Preston 013E,Anti-social behaviour,,
ce92c745c1b07f4688b0da7dceb242bfb3bab08979f70b6fd861e10c7e7cfcdf,2019-05,Lancashire Constabulary,Lancashire Constabulary,-2.756193,53.769516,On or near Heywood Road,E01025268,Preston 013E,Burglary,Awaiting court outcome,
98606843a47bcc86997360ca75401c2c8c457bfb839ea4edf2402a4d79d8cb98,2019-05,Lancashire Constabulary,Lancashire Constabulary,-2.756193,53.769516,On or near Heywood Road,E01025268,Preston 013E,Criminal damage and arson,Status update unavailable,
89836272b0a47bb6ff0d9af20d6bce1c78290f9dc831d9c267e5690a45144096,2019-05,Lancashire Constabulary,Lancashire Constabulary,-2.757919,53.766800,On or near Layton Road,E01025268,Preston 013E,Criminal damage and arson,Status update unavailable,
8460b8fab731fb8865ef8868522b3009e56c2683a20e6d2d71c25684f295c20e,2019-05,Lancashire Constabulary,Lancashire Constabulary,-2.758107,53.769630,On or near Formby Place,E01025268,Preston 013E,Criminal damage and arson,Status update unavailable,
c2284ca4acad3671f6dc867a271e142ccff1d031f6f000f37fa799d1c8ddb4cc,2019-05,Lancashire Constabulary,Lancashire Constabulary,-2.756193,53.769516,On or near Heywood Road,E01025268,Preston 013E,Criminal damage and arson,Status update unavailable,
cb649a6460314874d35c7a8f54764bf41ecad449cc8cb7346f69a5d0419a9c39,2019-05,Lancashire Constabulary,Lancashire Constabulary,-2.758820,53.770479,On or near Birkdale Drive,E01025268,Preston 013E,Criminal damage and arson,Status update unavailable,
6ba4814680e67a97da2ab653676ace005560a8697e31245e3958e071b178713b,2019-05,Lancashire Constabulary,Lancashire Constabulary,-2.758293,53.770716,On or near Cartmel Place,E01025268,Preston 013E,Criminal damage and arson,Status update unavailable,
3b61381a0dca1a4fa0b47ad586c098faaa78272429703404a2a4658619864693,2019-05,Lancashire Constabulary,Lancashire Constabulary,-2.758945,53.768133,On or near Charles Way,E01025268,Preston 013E,Other theft,Status update unavailable,
c1957663f01405e83f254551589d69daa78c0a221ce41c3fc9d3a96cbdd948ba,2019-05,Lancashire Constabulary,Lancashire Constabulary,-2.757847,53.763627,On or near Thurnham Road,E01025268,Preston 013E,Public order,Unable to prosecute suspect,
6b962c4d74c305c615bc8db8d7e37b869047f7abb13455311a72382011094ecc,2019-05,Lancashire Constabulary,Lancashire Constabulary,-2.757933,53.767555,On or near The Ploughlands,E01025268,Preston 013E,Violence and sexual offences,Unable to prosecute suspect,
967a36c56ec78a595a2d4ca0d71012202842a1804becb60f74d35dccf0e8a337,2019-05,Lancashire Constabulary,Lancashire Constabulary,-2.757905,53.770233,On or near Hendon Place,E01025268,Preston 013E,Violence and sexual offences,Status update unavailable,
49b665801892f148a367338230e3590c19c750d86331dc5aaeddfd6b30b94e57,2019-05,Lancashire Constabulary,Lancashire Constabulary,-2.759014,53.771134,On or near Arnside Road,E01025268,Preston 013E,Violence and sexual offences,Status update unavailable,
6919215af943c7d6631d87410b3aedb1f27726e996ac2f2ecdee5b2bf12c2b46,2019-05,Lancashire Constabulary,Lancashire Constabulary,-2.760139,53.764557,On or near Greaves-Town Lane,E01025268,Preston 013E,Violence and sexual offences,Unable to prosecute suspect,
fc6c7437913ac63579960d1d2015b53a5a51c1adafbf4680ac5255a29233344b,2019-05,Lancashire Constabulary,Lancashire Constabulary,-2.756193,53.769516,On or near Heywood Road,E01025268,Preston 013E,Violence and sexual offences,Unable to prosecute suspect,
5b35b98e31456df39f52bcbe8f17ad599c3f5ad19f5d28dad9c64a8c2dadf5ab,2019-05,Lancashire Constabulary,Lancashire Constabulary,-2.754377,53.763856,On or near Thistleton Road,E01025268,Preston 013E,Violence and sexual offences,Action to be taken by another organisation,
631f0ade635c2a109cb7dde61956686e492dee5b14aca26af489788e527cf4e0,2019-05,Lancashire Constabulary,Lancashire Constabulary,-2.758820,53.770479,On or near Birkdale Drive,E01025268,Preston 013E,Violence and sexual offences,Unable to prosecute suspect,
578ea6b76ee912ef65ff229ac0319547a041520c996cfef3e5c46200356f1115,2019-05,Lancashire Constabulary,Lancashire Constabulary,-2.755741,53.764602,On or near Aldcliffe Road,E01025268,Preston 013E,Violence and sexual offences,Status update unavailable,
111dd1c3f4627c8cf479fac2a3e096a98a19deb7cb8ec703a5b071238bea1030,2019-05,Lancashire Constabulary,Lancashire Constabulary,-2.756193,53.769516,On or near Heywood Road,E01025268,Preston 013E,Other crime,Unable to prosecute suspect,
,2019-05,Lancashire Constabulary,Lancashire Constabulary,-2.749509,53.763923,On or near Marton Road,E01025269,Preston 013F,Anti-social behaviour,,
,2019-05,Lancashire Constabulary,Lancashire Constabulary,-2.749509,53.763923,On or near Marton Road,E01025269,Preston 013F,Anti-social behaviour,,
,2019-05,Lancashire Constabulary,Lancashire Constabulary,-2.759128,53.761498,On or near Pedestrian Subway,E01025269,Preston 013F,Anti-social behaviour,,
,2019-05,Lancashire Constabulary,Lancashire Constabulary,-2.749509,53.763923,On or near Marton Road,E01025269,Preston 013F,Anti-social behaviour,,
,2019-05,Lancashire Constabulary,Lancashire Constabulary,-2.753116,53.764565,On or near The Woodlands,E01025269,Preston 013F,Anti-social behaviour,,
6cccbb80eeca885d4babe088b6fd916bf6d3d94ac11f7f38a06180d8ce939c76,2019-05,Lancashire Constabulary,Lancashire Constabulary,-2.749044,53.763404,On or near Staining Avenue,E01025269,Preston 013F,Bicycle theft,Status update unavailable,
71e6d3489e0389278f551707267c822bf072fe39b862ba45b80ae55a32e6b5ff,2019-05,Lancashire Constabulary,Lancashire Constabulary,-2.749044,53.763404,On or near Staining Avenue,E01025269,Preston 013F,Burglary,Status update unavailable,
b08ec9113af6080c019989f034f898099ce964d3d93ad269bd75e6860eef30ca,2019-05,Lancashire Constabulary,Lancashire Constabulary,-2.752192,53.764661,On or near Oaklands Grove,E01025269,Preston 013F,Burglary,Status update unavailable,
8d3f8c5fb1c02b8c710e387fcb7c050ae208bc951912d21a7cb3d04ee7fdf7df,2019-05,Lancashire Constabulary,Lancashire Constabulary,-2.757378,53.765365,On or near Preesall Close,E01025269,Preston 013F,Criminal damage and arson,Status update unavailable,
1d1701f4975d5b95ce691f53bdde0e95c56c0d121ba3a09f4bdb590b21122a78,2019-05,Lancashire Constabulary,Lancashire Constabulary,-2.755548,53.766572,On or near Catforth Road,E01025269,Preston 013F,Criminal damage and arson,Unable to prosecute suspect,
d9f89e583e057e52f815cfed5f0d9a547a2c022e5f230eb6a0d4b37d7c57b656,2019-05,Lancashire Constabulary,Lancashire Constabulary,-2.757611,53.761481,On or near Riversway,E01025269,Preston 013F,Other theft,Status update unavailable,
e1a5add1d9dc3719f6cd4220aa45da0553998137d6b3c80c29347e6a53a12705,2019-05,Lancashire Constabulary,Lancashire Constabulary,-2.755220,53.766871,On or near Supermarket,E01025269,Preston 013F,Other theft,Status update unavailable,
d198cad6046c589c8c8f00fb55f60ae30c702731765b755f5d4e6a6f37bc8026,2019-05,Lancashire Constabulary,Lancashire Constabulary,-2.757378,53.765365,On or near Preesall Close,E01025269,Preston 013F,Public order,Status update unavailable,
45e72abf21f46da769d46c6ccc95cc4e4b9384647579481068b0a5e043f0540a,2019-05,Lancashire Constabulary,Lancashire Constabulary,-2.750681,53.768391,On or near Ribby Place,E01025269,Preston 013F,Vehicle crime,Status update unavailable,
a7ff9de32291e5d6e50b501267421dca0b4acf61e9663c43ac2b0308b6c3b570,2019-05,Lancashire Constabulary,Lancashire Constabulary,-2.753426,53.766657,On or near Inskip Road,E01025269,Preston 013F,Violence and sexual offences,Unable to prosecute suspect,
5fe58d333a4adad0600dadccd29c7bab2334438d4ed569b3afd1d451d754bf2f,2019-05,Lancashire Constabulary,Lancashire Constabulary,-2.757378,53.765365,On or near Preesall Close,E01025269,Preston 013F,Violence and sexual offences,Unable to prosecute suspect,
83b1c5280497d99e3b271356c0071e3b5b7b32a383ba1024e7e81d0a6d8563b0,2019-05,Lancashire Constabulary,Lancashire Constabulary,-2.753426,53.766657,On or near Inskip Road,E01025269,Preston 013F,Violence and sexual offences,Unable to prosecute suspect,
d7c162f76af5f89dd46f78150a389ff363a60e85bb2c37b37a8c968a6e443279,2019-05,Lancashire Constabulary,Lancashire Constabulary,-2.744435,53.763532,On or near Whinfield Place,E01025269,Preston 013F,Violence and sexual offences,Status update unavailable,
4435c9a1d854556b341ca1792f070fa2acf5381c6257bf60c98ad320c0e2d623,2019-05,Lancashire Constabulary,Lancashire Constabulary,-2.755246,53.762376,On or near Ryelands Crescent,E01025269,Preston 013F,Violence and sexual offences,Unable to prosecute suspect,
014df38573cb97effb9efdc5274b940b9a73c489c6ff6b2a540a63cbf7500553,2019-05,Lancashire Constabulary,Lancashire Constabulary,-2.749044,53.763404,On or near Staining Avenue,E01025269,Preston 013F,Violence and sexual offences,Unable to prosecute suspect,
b1a4bf7c846a4c40b127c9741f44f2f2010e4036ccd469f7392271276ace4fe3,2019-05,Lancashire Constabulary,Lancashire Constabulary,-2.762451,53.769908,On or near Nelson Crescent,E01025271,Preston 013G,Bicycle theft,Status update unavailable,
8e65628fbb781a179acbedbe6dfefa14295c82eef083a32ebb7ac799d3dae604,2019-05,Lancashire Constabulary,Lancashire Constabulary,-2.762451,53.769908,On or near Nelson Crescent,E01025271,Preston 013G,Burglary,Status update unavailable,
6e74ae428a08e79483297d626d21706751e8e12c9a05bdddc014a105d047b4ac,2019-05,Lancashire Constabulary,Lancashire Constabulary,-2.761549,53.768700,On or near Sheffield Drive,E01025271,Preston 013G,Burglary,Unable to prosecute suspect,
f47a6620cca3d78f58b1627db7aad1dce7a2cb121dc93c00d06d59e0111dc469,2019-05,Lancashire Constabulary,Lancashire Constabulary,-2.762451,53.769908,On or near Nelson Crescent,E01025271,Preston 013G,Criminal damage and arson,Status update unavailable,
1672b864ecbd852ccac90fea71c43a75627c7b176ab7b46b2a66e00ec0f9156b,2019-05,Lancashire Constabulary,Lancashire Constabulary,-2.762451,53.769908,On or near Nelson Crescent,E01025271,Preston 013G,Other theft,Status update unavailable,
6cdc98bf22aac0fa14db933e2862df9824ae6b47f4f3b812329dc10f1f1b8c03,2019-05,Lancashire Constabulary,Lancashire Constabulary,-2.761549,53.768700,On or near Sheffield Drive,E01025271,Preston 013G,Other theft,Unable to prosecute suspect,
9c732cad47ed04cc746263a7ea939a224a3469d9dcc5bd9bed62bc43b10ea2f8,2019-05,Lancashire Constabulary,Lancashire Constabulary,-2.763858,53.767203,On or near Supermarket,E01025271,Preston 013G,Other theft,Status update unavailable,
02c6ecb3fd8205b476567faea909771753aa09b55dfa2184491612cc936f30b5,2019-05,Lancashire Constabulary,Lancashire Constabulary,-2.758965,53.765040,On or near Larches Lane,E01025271,Preston 013G,Vehicle crime,Unable to prosecute suspect,
10275f94b10c5934d63fde9be233e551e5e0f227bd89836feae71b656ef9fa78,2019-05,Lancashire Constabulary,Lancashire Constabulary,-2.758965,53.765040,On or near Larches Lane,E01025271,Preston 013G,Violence and sexual offences,Unable to prosecute suspect,
081075f9730248b9b571734bf8dc3642dc534e171f23c6a3a6a46cf0f9fd5479,2019-05,Lancashire Constabulary,Lancashire Constabulary,-2.763318,53.770010,On or near Brook Place,E01025271,Preston 013G,Violence and sexual offences,Unable to prosecute suspect,
71e19809a6cd3ac0766fe60598c132ba775503a76575909e4f4ac6c19a26aa84,2019-05,Lancashire Constabulary,Lancashire Constabulary,-2.758965,53.765040,On or near Larches Lane,E01025271,Preston 013G,Violence and sexual offences,Unable to prosecute suspect,
ec9755b4e71e2bf45352d4c312208734ad0f0fbcc578c2dee1f69d2bd00df232,2019-05,Lancashire Constabulary,Lancashire Constabulary,-2.758965,53.765040,On or near Larches Lane,E01025271,Preston 013G,Violence and sexual offences,Unable to prosecute suspect,
e7f80913e302d34b0b9072babf60b36dd6510610129088afe96e6089ede17539,2019-05,Lancashire Constabulary,Lancashire Constabulary,-2.761549,53.768700,On or near Sheffield Drive,E01025271,Preston 013G,Violence and sexual offences,Status update unavailable,
,2019-05,Lancashire Constabulary,Lancashire Constabulary,-2.681244,53.762029,On or near Goodier Street,E01025295,Preston 014A,Anti-social behaviour,,
,2019-05,Lancashire Constabulary,Lancashire Constabulary,-2.691709,53.766508,On or near Deepdale Road,E01025295,Preston 014A,Anti-social behaviour,,
,2019-05,Lancashire Constabulary,Lancashire Constabulary,-2.678443,53.763294,On or near Maitland Close,E01025295,Preston 014A,Anti-social behaviour,,
,2019-05,Lancashire Constabulary,Lancashire Constabulary,-2.683514,53.767310,On or near Isherwood Street,E01025295,Preston 014A,Anti-social behaviour,,
,2019-05,Lancashire Constabulary,Lancashire Constabulary,-2.683514,53.767310,On or near Isherwood Street,E01025295,Preston 014A,Anti-social behaviour,,
,2019-05,Lancashire Constabulary,Lancashire Constabulary,-2.682546,53.761860,On or near Plevna Road,E01025295,Preston 014A,Anti-social behaviour,,
,2019-05,Lancashire Constabulary,Lancashire Constabulary,-2.689681,53.763149,On or near Ribbleton Street,E01025295,Preston 014A,Anti-social behaviour,,
,2019-05,Lancashire Constabulary,Lancashire Constabulary,-2.689752,53.763778,On or near Deepdale Street,E01025295,Preston 014A,Anti-social behaviour,,
,2019-05,Lancashire Constabulary,Lancashire Constabulary,-2.682261,53.766733,On or near Andrew Street,E01025295,Preston 014A,Anti-social behaviour,,
,2019-05,Lancashire Constabulary,Lancashire Constabulary,-2.681244,53.762029,On or near Goodier Street,E01025295,Preston 014A,Anti-social behaviour,,
,2019-05,Lancashire Constabulary,Lancashire Constabulary,-2.689752,53.763778,On or near Deepdale Street,E01025295,Preston 014A,Anti-social behaviour,,
,2019-05,Lancashire Constabulary,Lancashire Constabulary,-2.681870,53.766924,On or near Chester Road,E01025295,Preston 014A,Anti-social behaviour,,
,2019-05,Lancashire Constabulary,Lancashire Constabulary,-2.684085,53.765995,On or near Bleasdale Street East,E01025295,Preston 014A,Anti-social behaviour,,
,2019-05,Lancashire Constabulary,Lancashire Constabulary,-2.687576,53.767026,On or near Strutt Street,E01025295,Preston 014A,Anti-social behaviour,,
,2019-05,Lancashire Constabulary,Lancashire Constabulary,-2.685715,53.761752,On or near Henrietta Street,E01025295,Preston 014A,Anti-social behaviour,,
,2019-05,Lancashire Constabulary,Lancashire Constabulary,-2.683935,53.767964,On or near St Chad'S Road,E01025295,Preston 014A,Anti-social behaviour,,
,2019-05,Lancashire Constabulary,Lancashire Constabulary,-2.690727,53.764959,On or near Carrol Street,E01025295,Preston 014A,Anti-social behaviour,,
,2019-05,Lancashire Constabulary,Lancashire Constabulary,-2.681870,53.766924,On or near Chester Road,E01025295,Preston 014A,Anti-social behaviour,,
326142c667183289992d61e9f7a3af9a9fbdc8970df82d7b88c9592d94b7f3c8,2019-05,Lancashire Constabulary,Lancashire Constabulary,-2.684875,53.766116,On or near Deepdale Mill Street,E01025295,Preston 014A,Burglary,Status update unavailable,
e7737f8d0cda67bdfa398431e61cf421b090515d803467f2451f8eb0299711ce,2019-05,Lancashire Constabulary,Lancashire Constabulary,-2.681870,53.766924,On or near Chester Road,E01025295,Preston 014A,Burglary,Status update unavailable,
c5a0320b8c7aba78ae70f4894c91fd49bbecbe9272d6059aac2961e7bf9f1a4d,2019-05,Lancashire Constabulary,Lancashire Constabulary,-2.682261,53.766733,On or near Andrew Street,E01025295,Preston 014A,Burglary,Unable to prosecute suspect,
d8206b0c1b52277855ec129c7ba4af56739ebb9743b5fa4f24c08daf2865caa9,2019-05,Lancashire Constabulary,Lancashire Constabulary,-2.682546,53.761860,On or near Plevna Road,E01025295,Preston 014A,Criminal damage and arson,Unable to prosecute suspect,
4b2dcd7f3ac33c6eee5db58686df3f1d05c851f7cf289e99c3b7bfde1a6e0ca2,2019-05,Lancashire Constabulary,Lancashire Constabulary,-2.682546,53.761860,On or near Plevna Road,E01025295,Preston 014A,Criminal damage and arson,Status update unavailable,
b34d1036ad33302e08e1e854e27e135540fedf7d8a1f423db6eedb0fda4bc472,2019-05,Lancashire Constabulary,Lancashire Constabulary,-2.681870,53.766924,On or near Chester Road,E01025295,Preston 014A,Criminal damage and arson,Further investigation is not in the public interest,
8431b1d6eea9db517781b31186b35f9b3d884ccc2f81fdc582124abfc6fae771,2019-05,Lancashire Constabulary,Lancashire Constabulary,-2.690183,53.761376,On or near Church Street,E01025295,Preston 014A,Drugs,Status update unavailable,
019b06ccba18effb5911d062647e40bc030e675f80e9a5f4ecf9cd0cea77e7fd,2019-05,Lancashire Constabulary,Lancashire Constabulary,-2.687576,53.767026,On or near Strutt Street,E01025295,Preston 014A,Other theft,Formal action is not in the public interest,
5b6fc2cbdcca9042aaab02ec2a4ec66a09e8f6e19483dabd91f7c77ff2e4cb73,2019-05,Lancashire Constabulary,Lancashire Constabulary,-2.687576,53.767026,On or near Strutt Street,E01025295,Preston 014A,Other theft,Unable to prosecute suspect,
5de0e950ceae9ed791965689ee4026e38c45829d5dba467785ec2ecd4b331b12,2019-05,Lancashire Constabulary,Lancashire Constabulary,-2.681244,53.762029,On or near Goodier Street,E01025295,Preston 014A,Other theft,Status update unavailable,
620925f0bf7a8778fa02abab994faa6f9e1e985eb4db4e4585be5c2ba48b3ed1,2019-05,Lancashire Constabulary,Lancashire Constabulary,-2.678443,53.763294,On or near Maitland Close,E01025295,Preston 014A,Other theft,Status update unavailable,
7158432d0455114d13deaeb18efce5ed35ace1f8320e378d49af11a0b819097d,2019-05,Lancashire Constabulary,Lancashire Constabulary,-2.680404,53.762591,On or near Mosley Street,E01025295,Preston 014A,Other theft,Status update unavailable,
a508009d72b8bff553588c8d59137f48331de478c2d4793f67beee94034e5173,2019-05,Lancashire Constabulary,Lancashire Constabulary,-2.690727,53.764959,On or near Carrol Street,E01025295,Preston 014A,Public order,Status update unavailable,
53fbdc67b53512bfd152ddc0edc892aed3a442f222063f8a8b0e2c15e945fedc,2019-05,Lancashire Constabulary,Lancashire Constabulary,-2.689855,53.763589,On or near Conference/Exhibition Centre,E01025295,Preston 014A,Public order,Status update unavailable,
7b8e34881f772faf630febb174d365b7b471dc37b715e7ea8636a8e6da677e0d,2019-05,Lancashire Constabulary,Lancashire Constabulary,-2.690727,53.764959,On or near Carrol Street,E01025295,Preston 014A,Shoplifting,Status update unavailable,
98c97a351bec4550685c01675e75eb14b653294830e75834e423a8c11e215158,2019-05,Lancashire Constabulary,Lancashire Constabulary,-2.682546,53.761860,On or near Plevna Road,E01025295,Preston 014A,Vehicle crime,Awaiting court outcome,
86439bdc40a42476b29049abce71ac1406a3e8c4d3d1a2501e95f222ad4a9874,2019-05,Lancashire Constabulary,Lancashire Constabulary,-2.690183,53.761376,On or near Church Street,E01025295,Preston 014A,Vehicle crime,Status update unavailable,
a73de63a1478f6cf8095f21d85c67d3c354a7dc787cafcb3d01614853462aa85,2019-05,Lancashire Constabulary,Lancashire Constabulary,-2.684875,53.766116,On or near Deepdale Mill Street,E01025295,Preston 014A,Violence and sexual offences,Status update unavailable,
5782059f5e62248fd1ec97f5dd293d603efefb9a4356ba19145f4ad1a3be5e8a,2019-05,Lancashire Constabulary,Lancashire Constabulary,-2.682216,53.762077,On or near Stefano Road,E01025295,Preston 014A,Violence and sexual offences,Unable to prosecute suspect,
0e1c9a4bb10cc678f0cee5ff22f5f84dde32e53ca60ed53cb0098ada3c0334f3,2019-05,Lancashire Constabulary,Lancashire Constabulary,-2.682261,53.766733,On or near Andrew Street,E01025295,Preston 014A,Violence and sexual offences,Unable to prosecute suspect,
02d3def2e590ace3dc317ac15c870e8acc3e68ca1cfab754ac22ab5b5006034b,2019-05,Lancashire Constabulary,Lancashire Constabulary,-2.688875,53.765796,On or near Lincoln Street,E01025295,Preston 014A,Violence and sexual offences,Unable to prosecute suspect,
bba1d0cd97090f28ad054af0780f940306c90d82f91fd0542d08ddcddbf450a6,2019-05,Lancashire Constabulary,Lancashire Constabulary,-2.682546,53.761860,On or near Plevna Road,E01025295,Preston 014A,Violence and sexual offences,Unable to prosecute suspect,
59ac1ab4a82e4070e35b52150ff08ee85bd07f11238c8f6a3932dd3a2ff4b52e,2019-05,Lancashire Constabulary,Lancashire Constabulary,-2.681870,53.766924,On or near Chester Road,E01025295,Preston 014A,Violence and sexual offences,Unable to prosecute suspect,
c4f505bc84435f88f83a16fce32cd4ae0280805730c0ed8bacb05cd036009bbd,2019-05,Lancashire Constabulary,Lancashire Constabulary,-2.681244,53.762029,On or near Goodier Street,E01025295,Preston 014A,Violence and sexual offences,Unable to prosecute suspect,
69f47687c19e5e5e4068edfde9c4bd8e2a9ebc4d5902255a8113ac0c8a0d971a,2019-05,Lancashire Constabulary,Lancashire Constabulary,-2.682261,53.766733,On or near Andrew Street,E01025295,Preston 014A,Violence and sexual offences,Unable to prosecute suspect,
8334b4c0684d50bee0f709bd22f460280bac691f0a03358a4f03002373a596d4,2019-05,Lancashire Constabulary,Lancashire Constabulary,-2.681244,53.762029,On or near Goodier Street,E01025295,Preston 014A,Violence and sexual offences,Status update unavailable,
68ce8ee9cecbd643968ec36c851332a68bf3f063d1f4955492affc2350bb6bc6,2019-05,Lancashire Constabulary,Lancashire Constabulary,-2.691709,53.766508,On or near Deepdale Road,E01025295,Preston 014A,Violence and sexual offences,Unable to prosecute suspect,
5768bf6fcbf33a96ca52ceb75c2960665d6485ad3124d0fe5510c609aa435c79,2019-05,Lancashire Constabulary,Lancashire Constabulary,-2.682546,53.761860,On or near Plevna Road,E01025295,Preston 014A,Violence and sexual offences,Unable to prosecute suspect,
3b47ae9896d0b537d1e7ab870ce79f4f5c49a273051478d8760ca6e69def76a9,2019-05,Lancashire Constabulary,Lancashire Constabulary,-2.682546,53.761860,On or near Plevna Road,E01025295,Preston 014A,Violence and sexual offences,Status update unavailable,
0d6ae25d570839577f3b0dbc6cc840608abc38fd2306c2915a104b5f6d3eba48,2019-05,Lancashire Constabulary,Lancashire Constabulary,-2.682261,53.766733,On or near Andrew Street,E01025295,Preston 014A,Violence and sexual offences,Unable to prosecute suspect,
66f7c34159be7a5635d482815d83b428cd8a3848985a9705503fa3e3a6d093d9,2019-05,Lancashire Constabulary,Lancashire Constabulary,-2.687576,53.767026,On or near Strutt Street,E01025295,Preston 014A,Violence and sexual offences,Unable to prosecute suspect,
6bde10aff12bca032e9167b5d1ffae7cb7c3e3054250d2cc2e41a025eb1afc8c,2019-05,Lancashire Constabulary,Lancashire Constabulary,-2.685715,53.761752,On or near Henrietta Street,E01025295,Preston 014A,Violence and sexual offences,Status update unavailable,
92699448e5fd8adfabf8af3d34231f0c2169b52096a2c8975a36935095fdc135,2019-05,Lancashire Constabulary,Lancashire Constabulary,-2.686490,53.767455,On or near Hawkhurst Road,E01025295,Preston 014A,Violence and sexual offences,Unable to prosecute suspect,
579998277b14b57f8ca6b77dc946c73108759a5638730509adb1df683e3a8dc3,2019-05,Lancashire Constabulary,Lancashire Constabulary,-2.690183,53.761376,On or near Church Street,E01025295,Preston 014A,Other crime,Action to be taken by another organisation,
7d61b21a17adc93a2a32c8ad4c16b5f6b26a7872abce515e52c46049d5fd40bb,2019-05,Lancashire Constabulary,Lancashire Constabulary,-2.690727,53.764959,On or near Carrol Street,E01025295,Preston 014A,Other crime,Status update unavailable,
,2019-05,Lancashire Constabulary,Lancashire Constabulary,-2.674121,53.768091,On or near Tennyson Road,E01025296,Preston 014B,Anti-social behaviour,,
,2019-05,Lancashire Constabulary,Lancashire Constabulary,-2.669624,53.766768,On or near Sports/Recreation Area,E01025296,Preston 014B,Anti-social behaviour,,
,2019-05,Lancashire Constabulary,Lancashire Constabulary,-2.672093,53.769370,On or near Chaucer Street,E01025296,Preston 014B,Anti-social behaviour,,
,2019-05,Lancashire Constabulary,Lancashire Constabulary,-2.674121,53.768091,On or near Tennyson Road,E01025296,Preston 014B,Anti-social behaviour,,
,2019-05,Lancashire Constabulary,Lancashire Constabulary,-2.674245,53.770185,On or near Browning Crescent,E01025296,Preston 014B,Anti-social behaviour,,
,2019-05,Lancashire Constabulary,Lancashire Constabulary,-2.671705,53.767844,On or near Miller Road,E01025296,Preston 014B,Anti-social behaviour,,
,2019-05,Lancashire Constabulary,Lancashire Constabulary,-2.673676,53.768759,On or near Levens Street,E01025296,Preston 014B,Anti-social behaviour,,
,2019-05,Lancashire Constabulary,Lancashire Constabulary,-2.674121,53.768091,On or near Tennyson Road,E01025296,Preston 014B,Anti-social behaviour,,
,2019-05,Lancashire Constabulary,Lancashire Constabulary,-2.672552,53.768675,On or near Thompson Street,E01025296,Preston 014B,Anti-social behaviour,,
,2019-05,Lancashire Constabulary,Lancashire Constabulary,-2.674245,53.770185,On or near Browning Crescent,E01025296,Preston 014B,Anti-social behaviour,,
,2019-05,Lancashire Constabulary,Lancashire Constabulary,-2.669624,53.766768,On or near Sports/Recreation Area,E01025296,Preston 014B,Anti-social behaviour,,
,2019-05,Lancashire Constabulary,Lancashire Constabulary,-2.672093,53.769370,On or near Chaucer Street,E01025296,Preston 014B,Anti-social behaviour,,
,2019-05,Lancashire Constabulary,Lancashire Constabulary,-2.674121,53.768091,On or near Tennyson Road,E01025296,Preston 014B,Anti-social behaviour,,
,2019-05,Lancashire Constabulary,Lancashire Constabulary,-2.674121,53.768091,On or near Tennyson Road,E01025296,Preston 014B,Anti-social behaviour,,
,2019-05,Lancashire Constabulary,Lancashire Constabulary,-2.674121,53.768091,On or near Tennyson Road,E01025296,Preston 014B,Anti-social behaviour,,
,2019-05,Lancashire Constabulary,Lancashire Constabulary,-2.674121,53.768091,On or near Tennyson Road,E01025296,Preston 014B,Anti-social behaviour,,
,2019-05,Lancashire Constabulary,Lancashire Constabulary,-2.673282,53.767844,On or near Shakespeare Road,E01025296,Preston 014B,Anti-social behaviour,,
,2019-05,Lancashire Constabulary,Lancashire Constabulary,-2.673282,53.767844,On or near Shakespeare Road,E01025296,Preston 014B,Anti-social behaviour,,
,2019-05,Lancashire Constabulary,Lancashire Constabulary,-2.672552,53.768675,On or near Thompson Street,E01025296,Preston 014B,Anti-social behaviour,,
,2019-05,Lancashire Constabulary,Lancashire Constabulary,-2.669624,53.766768,On or near Sports/Recreation Area,E01025296,Preston 014B,Anti-social behaviour,,
,2019-05,Lancashire Constabulary,Lancashire Constabulary,-2.672552,53.768675,On or near Thompson Street,E01025296,Preston 014B,Anti-social behaviour,,
,2019-05,Lancashire Constabulary,Lancashire Constabulary,-2.674121,53.768091,On or near Tennyson Road,E01025296,Preston 014B,Anti-social behaviour,,
ab0b94b9c20c4dc0e5aad380d8104f4d5fd911f69c6ea867fceae6c85f0fee0b,2019-05,Lancashire Constabulary,Lancashire Constabulary,-2.671225,53.766283,On or near Harling Road,E01025296,Preston 014B,Burglary,Unable to prosecute suspect,
f5f07b014d8984b4c95340c4e794918e8b60ea190cea61a923c3418a68ff551d,2019-05,Lancashire Constabulary,Lancashire Constabulary,-2.665848,53.765918,On or near Heaton Place,E01025296,Preston 014B,Burglary,Status update unavailable,
06241afa3bde80c7d1c2957faa713ae734f2040ba9c09f3f5515a974e292746f,2019-05,Lancashire Constabulary,Lancashire Constabulary,-2.670748,53.768775,On or near Tennyson Mill Court,E01025296,Preston 014B,Burglary,Status update unavailable,
ce0ef21a500623c62329cde095894f464efc52717e378ffef40c04d085e19682,2019-05,Lancashire Constabulary,Lancashire Constabulary,-2.671705,53.767844,On or near Miller Road,E01025296,Preston 014B,Criminal damage and arson,Status update unavailable,
9392fd91614d2464a3df8734934674615ba565fe8669ea288a3584b49bd2949d,2019-05,Lancashire Constabulary,Lancashire Constabulary,-2.670748,53.768775,On or near Tennyson Mill Court,E01025296,Preston 014B,Criminal damage and arson,Status update unavailable,
cefc4a9b3da565a6583e054ef5fa3d4b4a83b561cc4818c0a8bdee74349a3171,2019-05,Lancashire Constabulary,Lancashire Constabulary,-2.674121,53.768091,On or near Tennyson Road,E01025296,Preston 014B,Criminal damage and arson,Status update unavailable,
9b03616f632796af88bb052e9fb3490da3b6fe55424c670e2124392c6b097d3b,2019-05,Lancashire Constabulary,Lancashire Constabulary,-2.672933,53.768754,On or near Robin Street,E01025296,Preston 014B,Criminal damage and arson,Status update unavailable,
d10b48d76fe4e6512ac814ba9d55a440c1ef61d0b8b41e2be1a57cf9121f5c62,2019-05,Lancashire Constabulary,Lancashire Constabulary,-2.672552,53.768675,On or near Thompson Street,E01025296,Preston 014B,Criminal damage and arson,Unable to prosecute suspect,
8c14ec73bdddd8769efbc472fb0d4e337ab0bc61817faa3363799a0c7706bf18,2019-05,Lancashire Constabulary,Lancashire Constabulary,-2.672933,53.768754,On or near Robin Street,E01025296,Preston 014B,Criminal damage and arson,Status update unavailable,
62f008ad121e6a849346d53641932462c65eba348424d3d4c197028984c9a65a,2019-05,Lancashire Constabulary,Lancashire Constabulary,-2.665156,53.766272,On or near Illingworth Road,E01025296,Preston 014B,Criminal damage and arson,Status update unavailable,
a4e261b7022a990df99ebae0d9582b2b2f9960c1fadc4afbdfc1c330828ca8b9,2019-05,Lancashire Constabulary,Lancashire Constabulary,-2.674121,53.768091,On or near Tennyson Road,E01025296,Preston 014B,Criminal damage and arson,Status update unavailable,
bd6c6e1724fc91455f2f2c202644b9c76520caabbafbf4bcf26ae83050cac6e0,2019-05,Lancashire Constabulary,Lancashire Constabulary,-2.672552,53.768675,On or near Thompson Street,E01025296,Preston 014B,Other theft,Status update unavailable,
c64de08fe851e8b09cf041a7441dd037c26eeeb6111526a5f4149c58f99b045b,2019-05,Lancashire Constabulary,Lancashire Constabulary,-2.674245,53.770185,On or near Browning Crescent,E01025296,Preston 014B,Other theft,Status update unavailable,
e5de166e4c4a0d3a412a83a41f8e9212b25408b4016d9f280a5ab25a901dc72c,2019-05,Lancashire Constabulary,Lancashire Constabulary,-2.671705,53.767844,On or near Miller Road,E01025296,Preston 014B,Other theft,Status update unavailable,
2efc33ca237609778e44fc041ddae60d276e24d0cf829f1abd11149870ab437d,2019-05,Lancashire Constabulary,Lancashire Constabulary,-2.671705,53.767844,On or near Miller Road,E01025296,Preston 014B,Possession of weapons,Awaiting court outcome,
509771245a57aeaba3b3f36bc2e135d1d2599eeb46b92f5b5c2e95f76de84d0d,2019-05,Lancashire Constabulary,Lancashire Constabulary,-2.665848,53.765918,On or near Heaton Place,E01025296,Preston 014B,Public order,Status update unavailable,
b0f6af2d784c11e7428b100ef51e55048f0520656738beb7ebbf2416e5a4af18,2019-05,Lancashire Constabulary,Lancashire Constabulary,-2.674121,53.768091,On or near Tennyson Road,E01025296,Preston 014B,Public order,Status update unavailable,
19221a8b1098ecb0b450da52b428e6a6052a707c79820fd560413cace9619ea8,2019-05,Lancashire Constabulary,Lancashire Constabulary,-2.671291,53.769509,On or near Burns Street,E01025296,Preston 014B,Shoplifting,Status update unavailable,
601e00c1bc0773eb7ca22732486912e2e45d236409613648b78c9729bd36c9ef,2019-05,Lancashire Constabulary,Lancashire Constabulary,-2.664486,53.766132,On or near Fermor Road,E01025296,Preston 014B,Vehicle crime,Status update unavailable,
212ce103032b698accd68a3a3639951cd3063a5dd5f6b1091cfc779f51c368a5,2019-05,Lancashire Constabulary,Lancashire Constabulary,-2.664486,53.766132,On or near Fermor Road,E01025296,Preston 014B,Vehicle crime,Status update unavailable,
6613e62cb186c72770e9375627199fb863402571d326673beecc399782a4d319,2019-05,Lancashire Constabulary,Lancashire Constabulary,-2.672933,53.768754,On or near Robin Street,E01025296,Preston 014B,Violence and sexual offences,Unable to prosecute suspect,
f539fe3705bd98bd6939758aae9fe1986c42a5dbca90f2b37c5d588fe655c0b0,2019-05,Lancashire Constabulary,Lancashire Constabulary,-2.672710,53.766230,On or near Dymock Road North,E01025296,Preston 014B,Violence and sexual offences,Awaiting court outcome,
29e69d014ea82a2a0f55dd240592d17d7a35a130db717b66d0d1d03dba9051d3,2019-05,Lancashire Constabulary,Lancashire Constabulary,-2.674121,53.768091,On or near Tennyson Road,E01025296,Preston 014B,Violence and sexual offences,Status update unavailable,
0faf0d1c0e6240d9001f2502ebbc4fc63087877a05aa817983f356f48153ed26,2019-05,Lancashire Constabulary,Lancashire Constabulary,-2.670748,53.768775,On or near Tennyson Mill Court,E01025296,Preston 014B,Violence and sexual offences,Unable to prosecute suspect,
ee022efbc63d10456be705aecd639b7dfb0c0e6d9e6d82498fa9b8de6a4366d7,2019-05,Lancashire Constabulary,Lancashire Constabulary,-2.674121,53.768091,On or near Tennyson Road,E01025296,Preston 014B,Violence and sexual offences,Formal action is not in the public interest,
4dd2fa21abc1574b716e3909510366d5185b2aa28fcdb7c3c3dfd2b76e6b0f03,2019-05,Lancashire Constabulary,Lancashire Constabulary,-2.664486,53.766132,On or near Fermor Road,E01025296,Preston 014B,Violence and sexual offences,Unable to prosecute suspect,
17bdb61a8af12c010d367962383482e09e48389dfe73249b4ab8034c88b2b3b7,2019-05,Lancashire Constabulary,Lancashire Constabulary,-2.672710,53.766230,On or near Dymock Road North,E01025296,Preston 014B,Violence and sexual offences,Unable to prosecute suspect,
0e40eb3a70e1e9d276540037a50ea6212737c5066e4a54bea1dc18c2b3d8edce,2019-05,Lancashire Constabulary,Lancashire Constabulary,-2.672710,53.766230,On or near Dymock Road North,E01025296,Preston 014B,Violence and sexual offences,Unable to prosecute suspect,
2d29531fe09bbfbe7929bb71c423dc15722f882daf27f46a1b257163834c0c35,2019-05,Lancashire Constabulary,Lancashire Constabulary,-2.675480,53.769612,On or near Emerson Road,E01025296,Preston 014B,Violence and sexual offences,Further investigation is not in the public interest,
d2716d6c0c6f6fb00e0f13424505ec1167eaea1a6a4160e325f0b20fe4198207,2019-05,Lancashire Constabulary,Lancashire Constabulary,-2.671291,53.769509,On or near Burns Street,E01025296,Preston 014B,Violence and sexual offences,Unable to prosecute suspect,
3c0ad7044e6366e0a467230a0cdf31344bbfb72b3ef285b665c056593b4b3bb4,2019-05,Lancashire Constabulary,Lancashire Constabulary,-2.671291,53.769509,On or near Burns Street,E01025296,Preston 014B,Violence and sexual offences,Status update unavailable,
7a40415169c458fa991e33687cb589f7848637596e2dd578c31f8a4c3ee56099,2019-05,Lancashire Constabulary,Lancashire Constabulary,-2.671705,53.767844,On or near Miller Road,E01025296,Preston 014B,Violence and sexual offences,Unable to prosecute suspect,
9d4d162e49dca805b1ec41c30232ee1aba45a9cfb44e2702de6f46124481b538,2019-05,Lancashire Constabulary,Lancashire Constabulary,-2.671291,53.769509,On or near Burns Street,E01025296,Preston 014B,Violence and sexual offences,Status update unavailable,
007412df98b9bd44a975f59bd2fab3fc320faf05c8ecc8f5cc79e11ca4e7fed5,2019-05,Lancashire Constabulary,Lancashire Constabulary,-2.673005,53.770390,On or near Dickson Avenue,E01025296,Preston 014B,Violence and sexual offences,Status update unavailable,
f91eec2bb2a7da32470d8ab0a1b9ea5a8e0ea1c4f63e5656e3713405a3d528c0,2019-05,Lancashire Constabulary,Lancashire Constabulary,-2.671705,53.767844,On or near Miller Road,E01025296,Preston 014B,Violence and sexual offences,Formal action is not in the public interest,
,2019-05,Lancashire Constabulary,Lancashire Constabulary,-2.680559,53.765646,On or near Bootle Street,E01025297,Preston 014C,Anti-social behaviour,,
,2019-05,Lancashire Constabulary,Lancashire Constabulary,-2.676288,53.764196,On or near Maitland Street,E01025297,Preston 014C,Anti-social behaviour,,
,2019-05,Lancashire Constabulary,Lancashire Constabulary,-2.680225,53.764695,On or near Wilbraham Street,E01025297,Preston 014C,Anti-social behaviour,,
,2019-05,Lancashire Constabulary,Lancashire Constabulary,-2.680559,53.765646,On or near Bootle Street,E01025297,Preston 014C,Anti-social behaviour,,
,2019-05,Lancashire Constabulary,Lancashire Constabulary,-2.680123,53.765855,On or near Skeffington Road,E01025297,Preston 014C,Anti-social behaviour,,
,2019-05,Lancashire Constabulary,Lancashire Constabulary,-2.682071,53.765305,On or near Crescent Street,E01025297,Preston 014C,Anti-social behaviour,,
,2019-05,Lancashire Constabulary,Lancashire Constabulary,-2.680123,53.765855,On or near Skeffington Road,E01025297,Preston 014C,Anti-social behaviour,,
,2019-05,Lancashire Constabulary,Lancashire Constabulary,-2.676288,53.764196,On or near Maitland Street,E01025297,Preston 014C,Anti-social behaviour,,
,2019-05,Lancashire Constabulary,Lancashire Constabulary,-2.680559,53.765646,On or near Bootle Street,E01025297,Preston 014C,Anti-social behaviour,,
,2019-05,Lancashire Constabulary,Lancashire Constabulary,-2.673360,53.766073,On or near Oxley Road North,E01025297,Preston 014C,Anti-social behaviour,,
,2019-05,Lancashire Constabulary,Lancashire Constabulary,-2.676288,53.764196,On or near Maitland Street,E01025297,Preston 014C,Anti-social behaviour,,
,2019-05,Lancashire Constabulary,Lancashire Constabulary,-2.680123,53.765855,On or near Skeffington Road,E01025297,Preston 014C,Anti-social behaviour,,
90ccdf3e75eba0d4e53c936c39d34ed835abc83a4b6805ee616c969b4c7c2f1c,2019-05,Lancashire Constabulary,Lancashire Constabulary,-2.676288,53.764196,On or near Maitland Street,E01025297,Preston 014C,Burglary,Unable to prosecute suspect,
58dba52cd2aca24fa88a535f28ca1fa98a717d4c003ff81dc4a9a83985a88366,2019-05,Lancashire Constabulary,Lancashire Constabulary,-2.680354,53.764173,On or near Geoffrey Street,E01025297,Preston 014C,Burglary,Defendant sent to Crown Court,
8d3b2ce034f4a72b0d1181e93f6b3cef16c2f777bf9cf7fb21b154f73f9e1e2e,2019-05,Lancashire Constabulary,Lancashire Constabulary,-2.680559,53.765646,On or near Bootle Street,E01025297,Preston 014C,Burglary,Awaiting court outcome,
cab9ecf867792801660159668dda08f107f3319b14fbe8b1f5e25b8e182620fc,2019-05,Lancashire Constabulary,Lancashire Constabulary,-2.680046,53.763007,On or near Owtram Street,E01025297,Preston 014C,Burglary,Unable to prosecute suspect,
30fb9c4bdf99f3ac94922e2eabb188e965b051ab4d889abb8855f6a0895324bf,2019-05,Lancashire Constabulary,Lancashire Constabulary,-2.676852,53.765317,On or near Denville Road,E01025297,Preston 014C,Burglary,Status update unavailable,
8ec0c1bdcdfb13ea6b1d91acdca513e808cbb2d87d5370b26231bf9edf0c7191,2019-05,Lancashire Constabulary,Lancashire Constabulary,-2.676288,53.764196,On or near Maitland Street,E01025297,Preston 014C,Burglary,Unable to prosecute suspect,
64a51b1d70b84e789198eac7d7ca25a9f08183b648425800989498527febd9b5,2019-05,Lancashire Constabulary,Lancashire Constabulary,-2.680123,53.765855,On or near Skeffington Road,E01025297,Preston 014C,Criminal damage and arson,Awaiting court outcome,
d1dd023b0654033d48182c5d41105feb14254fc58aeeea3d6fad1ef670917df0,2019-05,Lancashire Constabulary,Lancashire Constabulary,-2.680559,53.765646,On or near Bootle Street,E01025297,Preston 014C,Criminal damage and arson,Status update unavailable,
c469acb1c20cd37658c7a87b115a9bf95212d92d74c80da10455936a7927cefc,2019-05,Lancashire Constabulary,Lancashire Constabulary,-2.676288,53.764196,On or near Maitland Street,E01025297,Preston 014C,Criminal damage and arson,Status update unavailable,
d4259768da184ec2e9307a6148b68c5b0faae42cc7e765570a2ad045eac67e84,2019-05,Lancashire Constabulary,Lancashire Constabulary,-2.676288,53.764196,On or near Maitland Street,E01025297,Preston 014C,Criminal damage and arson,Awaiting court outcome,
7a803fd30abb3049fcce735af8aa5f1a6bb8be819d69c6a1a422f986326ee907,2019-05,Lancashire Constabulary,Lancashire Constabulary,-2.676288,53.764196,On or near Maitland Street,E01025297,Preston 014C,Other theft,Status update unavailable,
1049b1ee4a84e9f4372a09126528b9625769a6717468313b4528d54615c93ecc,2019-05,Lancashire Constabulary,Lancashire Constabulary,-2.676288,53.764196,On or near Maitland Street,E01025297,Preston 014C,Other theft,Unable to prosecute suspect,
9ba2963db63d25ae65b7b267e361dac7ef417148b3296d2a676d4f0e3faae8ea,2019-05,Lancashire Constabulary,Lancashire Constabulary,-2.677970,53.764052,On or near Caroline Street,E01025297,Preston 014C,Other theft,Unable to prosecute suspect,
40e466ad33c0e24209271c4049211cccb111fcb284c2f519657b25c6f52447bc,2019-05,Lancashire Constabulary,Lancashire Constabulary,-2.680225,53.764695,On or near Wilbraham Street,E01025297,Preston 014C,Public order,Status update unavailable,
84657ab7199707c1dd554dc41432c1b44c566a24e2dbb683ca747356cb0d8910,2019-05,Lancashire Constabulary,Lancashire Constabulary,-2.680225,53.764695,On or near Wilbraham Street,E01025297,Preston 014C,Public order,Status update unavailable,
7dde11ea80fff248a8e0201ace672f69bbaaa7aa005f4c10476d6159747cd6da,2019-05,Lancashire Constabulary,Lancashire Constabulary,-2.674105,53.765215,On or near Tunbridge Place,E01025297,Preston 014C,Public order,Further investigation is not in the public interest,
a85ababb3e98a7ba50238bf26c1d690340d3dc5045b358361de8bea774f29eac,2019-05,Lancashire Constabulary,Lancashire Constabulary,-2.682071,53.765305,On or near Crescent Street,E01025297,Preston 014C,Public order,Status update unavailable,
1ef43baa6e839d45c9d3c4e60c6d9cdd95159db2350039b8d7fa84bf10054f25,2019-05,Lancashire Constabulary,Lancashire Constabulary,-2.680123,53.765855,On or near Skeffington Road,E01025297,Preston 014C,Public order,Status update unavailable,
778624c6d2adc7cb2a4c5871e24229ae396efeb055caf07626b5e99ca16a8868,2019-05,Lancashire Constabulary,Lancashire Constabulary,-2.686441,53.764417,On or near Irvin Street,E01025297,Preston 014C,Shoplifting,Status update unavailable,
55d53b51cbc6fd038077773cd0d21695ea2ba4670388981140e76b513e1e200b,2019-05,Lancashire Constabulary,Lancashire Constabulary,-2.685190,53.764937,On or near Portman Street,E01025297,Preston 014C,Shoplifting,Status update unavailable,
e77f220f4d2795c47c822e2a8fc17c8ae1e6c5517fe8208ab30efbe9349640c7,2019-05,Lancashire Constabulary,Lancashire Constabulary,-2.686441,53.764417,On or near Irvin Street,E01025297,Preston 014C,Theft from the person,Status update unavailable,
4b1530104797651cebbbbde5ac8cbd7aea6ca94dd0733e20aff0f0eac2ef6d11,2019-05,Lancashire Constabulary,Lancashire Constabulary,-2.677970,53.764052,On or near Caroline Street,E01025297,Preston 014C,Vehicle crime,Status update unavailable,
e2809d302e80bf4383f7bbb76577578387846e132593b9721161330843af3977,2019-05,Lancashire Constabulary,Lancashire Constabulary,-2.680559,53.765646,On or near Bootle Street,E01025297,Preston 014C,Vehicle crime,Status update unavailable,
3f34f4a7bab2d8ec802daa80cfe65f6cc669846c158e54c838f4c2eb9d84c12b,2019-05,Lancashire Constabulary,Lancashire Constabulary,-2.680225,53.764695,On or near Wilbraham Street,E01025297,Preston 014C,Vehicle crime,Status update unavailable,
0981383efb9d9d282ef412124aa7b2f1e4138258f1b330e018ab2024ed545568,2019-05,Lancashire Constabulary,Lancashire Constabulary,-2.675739,53.764945,On or near Delaware Street,E01025297,Preston 014C,Vehicle crime,Status update unavailable,
c7c52cd2cda05be81fcea76b1020985054a2beb644b30b297df74458024e7817,2019-05,Lancashire Constabulary,Lancashire Constabulary,-2.680123,53.765855,On or near Skeffington Road,E01025297,Preston 014C,Violence and sexual offences,Status update unavailable,
35d4c4b8d0adc488934d76cf241285592868d6eed922796bd8f15c4234f348d2,2019-05,Lancashire Constabulary,Lancashire Constabulary,-2.680046,53.763007,On or near Owtram Street,E01025297,Preston 014C,Violence and sexual offences,Unable to prosecute suspect,
7d5de5d14b2e2225cb41f5efb40a51de256bfefd300ac08a6b9921051035f5ba,2019-05,Lancashire Constabulary,Lancashire Constabulary,-2.680225,53.764695,On or near Wilbraham Street,E01025297,Preston 014C,Violence and sexual offences,Status update unavailable,
ecda9a100245e46628a6ed7320e8ac2535daceade1d9c8212ea5bcd0a360e566,2019-05,Lancashire Constabulary,Lancashire Constabulary,-2.686441,53.764417,On or near Irvin Street,E01025297,Preston 014C,Violence and sexual offences,Status update unavailable,
25f2dbfe00e8b3065a4c3471def9df6b2d5aa6a216107234c7f6d7a63aaef00a,2019-05,Lancashire Constabulary,Lancashire Constabulary,-2.680225,53.764695,On or near Wilbraham Street,E01025297,Preston 014C,Violence and sexual offences,Unable to prosecute suspect,
d0bc442d4f3ddfba821e1ec50c523f721e84b09eacb92b6e453d285d5ea51d8f,2019-05,Lancashire Constabulary,Lancashire Constabulary,-2.686441,53.764417,On or near Irvin Street,E01025297,Preston 014C,Violence and sexual offences,Status update unavailable,
6882d2a8ad3859e5c378b871af66aa9e5373a339f2d86099c5e8d818bb412511,2019-05,Lancashire Constabulary,Lancashire Constabulary,-2.677970,53.764052,On or near Caroline Street,E01025297,Preston 014C,Violence and sexual offences,Unable to prosecute suspect,
5b491cf585139f696cc9875cba15222092ae1d72d8bc6fbe4d87b1cec129e692,2019-05,Lancashire Constabulary,Lancashire Constabulary,-2.680225,53.764695,On or near Wilbraham Street,E01025297,Preston 014C,Violence and sexual offences,Unable to prosecute suspect,
2f56e3cea600e246b13c234060fee5802d9d0680ce7e522db8b7924e251a42b7,2019-05,Lancashire Constabulary,Lancashire Constabulary,-2.674731,53.764547,On or near Salisbury Street,E01025297,Preston 014C,Violence and sexual offences,Awaiting court outcome,
9cfc6330d2d270c13208833383918481f65dcd34cd601765fa08cc27a4fa85df,2019-05,Lancashire Constabulary,Lancashire Constabulary,-2.677970,53.764052,On or near Caroline Street,E01025297,Preston 014C,Violence and sexual offences,Unable to prosecute suspect,
6a34b8a5606fd3d17bf9e87bbea74350ed34bbb5af332f16688058c0113e8e31,2019-05,Lancashire Constabulary,Lancashire Constabulary,-2.681968,53.763616,On or near Park/Open Space,E01025297,Preston 014C,Violence and sexual offences,Unable to prosecute suspect,
7178a4d515ab57c08d859e0cef268e1faa83ce6a2bef0ba86a4d160d87d76c63,2019-05,Lancashire Constabulary,Lancashire Constabulary,-2.669755,53.765482,On or near Bagnold Road,E01025297,Preston 014C,Violence and sexual offences,Status update unavailable,
47cf4165814e1697efb40983c8b4dbbcc3dd4ae21408313fcc93795ae0869b60,2019-05,Lancashire Constabulary,Lancashire Constabulary,-2.680225,53.764695,On or near Wilbraham Street,E01025297,Preston 014C,Violence and sexual offences,Unable to prosecute suspect,
da910e5c5098698a36f86384a3c2c64b58a1322348c734ba3fa91d6fed99251a,2019-05,Lancashire Constabulary,Lancashire Constabulary,-2.675739,53.764945,On or near Delaware Street,E01025297,Preston 014C,Violence and sexual offences,Status update unavailable,
f9af532d7cec160c845f364359d15ae8123aec7390cd4dacf0f3bfc018c436ba,2019-05,Lancashire Constabulary,Lancashire Constabulary,-2.686441,53.764417,On or near Irvin Street,E01025297,Preston 014C,Violence and sexual offences,Unable to prosecute suspect,
946d455c75c787ed514135d16b241a14baaf1a4fce556be6df03937bba25f9fa,2019-05,Lancashire Constabulary,Lancashire Constabulary,-2.679032,53.765008,On or near St Joseph'S Terrace,E01025297,Preston 014C,Violence and sexual offences,Unable to prosecute suspect,
0ac01ef210ecf83abf6a7716eb0e325bfa811101f25593de2d82462c369a9b8e,2019-05,Lancashire Constabulary,Lancashire Constabulary,-2.680225,53.764695,On or near Wilbraham Street,E01025297,Preston 014C,Violence and sexual offences,Unable to prosecute suspect,
59b7b3c94dbcc5f0ee67361026d13f71018477964577e185fb40ec4220d695ff,2019-05,Lancashire Constabulary,Lancashire Constabulary,-2.679032,53.765008,On or near St Joseph'S Terrace,E01025297,Preston 014C,Violence and sexual offences,Unable to prosecute suspect,
3db525c7998dd414d41baec6031758931f3e0b39277385ef12bbee306664d9c3,2019-05,Lancashire Constabulary,Lancashire Constabulary,-2.674105,53.765215,On or near Tunbridge Place,E01025297,Preston 014C,Violence and sexual offences,Unable to prosecute suspect,
6d4ecf3b160d7f0f9173db09cf61c654607c9150d9c7605b48bc8812e5022246,2019-05,Lancashire Constabulary,Lancashire Constabulary,-2.680123,53.765855,On or near Skeffington Road,E01025297,Preston 014C,Other crime,Awaiting court outcome,
,2019-05,Lancashire Constabulary,Lancashire Constabulary,-2.677151,53.768793,On or near Thorn Street,E01025298,Preston 014D,Anti-social behaviour,,
,2019-05,Lancashire Constabulary,Lancashire Constabulary,-2.679584,53.767243,On or near Collinson Street,E01025298,Preston 014D,Anti-social behaviour,,
,2019-05,Lancashire Constabulary,Lancashire Constabulary,-2.681518,53.768652,On or near Dodgson Place,E01025298,Preston 014D,Anti-social behaviour,,
,2019-05,Lancashire Constabulary,Lancashire Constabulary,-2.681518,53.768652,On or near Dodgson Place,E01025298,Preston 014D,Anti-social behaviour,,
,2019-05,Lancashire Constabulary,Lancashire Constabulary,-2.680223,53.768327,On or near Dodgson Road,E01025298,Preston 014D,Anti-social behaviour,,
,2019-05,Lancashire Constabulary,Lancashire Constabulary,-2.678440,53.767788,On or near Poynter Street,E01025298,Preston 014D,Anti-social behaviour,,
bc56cc9e1364dccd44dd0e2530ed824ef7bad87aa4a3afa637d1c9c88ced109b,2019-05,Lancashire Constabulary,Lancashire Constabulary,-2.679208,53.767425,On or near Eccles Street,E01025298,Preston 014D,Bicycle theft,Status update unavailable,
fd36e8f99ff6f4185fa82b2f5c47190f8a38b5aaddff1bbc53c3de8889e3fe2c,2019-05,Lancashire Constabulary,Lancashire Constabulary,-2.681518,53.768652,On or near Dodgson Place,E01025298,Preston 014D,Burglary,Unable to prosecute suspect,
e2355d34e7ba0b953c75403c8088a532297fbaf7efd2cb2151321543506089f1,2019-05,Lancashire Constabulary,Lancashire Constabulary,-2.679246,53.767919,On or near Sellers Street,E01025298,Preston 014D,Burglary,Unable to prosecute suspect,
de7a6149bd02830bb7a04d1713b7cf884160986f588ab7afeedcb5c0aa621fc2,2019-05,Lancashire Constabulary,Lancashire Constabulary,-2.676817,53.767816,On or near Crompton Street,E01025298,Preston 014D,Criminal damage and arson,Status update unavailable,
520f0d3ca480e46b047271be3693d1268c0daf454d58a960032142f2e513130d,2019-05,Lancashire Constabulary,Lancashire Constabulary,-2.678440,53.767788,On or near Poynter Street,E01025298,Preston 014D,Criminal damage and arson,Unable to prosecute suspect,
cf951e47e4e1df1aa9272b75fb3c190690febaaff0f3eb3fe6de46b10490337d,2019-05,Lancashire Constabulary,Lancashire Constabulary,-2.680457,53.766824,On or near Holman Street,E01025298,Preston 014D,Criminal damage and arson,Unable to prosecute suspect,
d422f3e209133a3a38418488b2f90c8beb988d4a4f2ef42c3cb557a23c65e95b,2019-05,Lancashire Constabulary,Lancashire Constabulary,-2.675955,53.767029,On or near Alston Street,E01025298,Preston 014D,Criminal damage and arson,Status update unavailable,
660ed760eed5debaaab05c07d4daf56bc695b86f9dedb8a101da881da0ecf6ab,2019-05,Lancashire Constabulary,Lancashire Constabulary,-2.681518,53.768652,On or near Dodgson Place,E01025298,Preston 014D,Other theft,Status update unavailable,
23874a2c7753feb80a209fe4cc0e4a8bdd1811dd919c8ee41409ad5e99f7ffc3,2019-05,Lancashire Constabulary,Lancashire Constabulary,-2.681518,53.768652,On or near Dodgson Place,E01025298,Preston 014D,Other theft,Status update unavailable,
ce5de2df0f63ae18487280d64ddaa7a8ee411f675cf71cdaaefd4ca9933278d6,2019-05,Lancashire Constabulary,Lancashire Constabulary,-2.677861,53.765778,On or near Cemetery Road,E01025298,Preston 014D,Public order,Unable to prosecute suspect,
a3f4855fe21c249fb89dd913d8b9ad87b654a1ac98aa9dea4759a031ea73333f,2019-05,Lancashire Constabulary,Lancashire Constabulary,-2.677151,53.768793,On or near Thorn Street,E01025298,Preston 014D,Public order,Unable to prosecute suspect,
6cfb9cfe9a087caf5c0a9c6c03ac7913adbcbd18ce4d4275cc5981833f1bb300,2019-05,Lancashire Constabulary,Lancashire Constabulary,-2.677151,53.768793,On or near Thorn Street,E01025298,Preston 014D,Public order,Unable to prosecute suspect,
d85203894b4631d5acf15ddbfb48d5686928c283837ae0e0387fa7695af30951,2019-05,Lancashire Constabulary,Lancashire Constabulary,-2.680223,53.768327,On or near Dodgson Road,E01025298,Preston 014D,Public order,Unable to prosecute suspect,
4945e2f68fcf717e62e428d01fe47ca15c172675a411d34ca4ed519e82f94ffb,2019-05,Lancashire Constabulary,Lancashire Constabulary,-2.679945,53.767070,On or near Landseer Street,E01025298,Preston 014D,Public order,Unable to prosecute suspect,
5cada5b80cd238e00c201953eb103700a87ef7ff657f3701d993e57896a6b78d,2019-05,Lancashire Constabulary,Lancashire Constabulary,-2.679584,53.767243,On or near Collinson Street,E01025298,Preston 014D,Violence and sexual offences,Status update unavailable,
5911159103b2797fd66647b5b2d1ea027685f7a28ed1ebe1f773d4ebb78953e0,2019-05,Lancashire Constabulary,Lancashire Constabulary,-2.680457,53.766824,On or near Holman Street,E01025298,Preston 014D,Violence and sexual offences,Status update unavailable,
74e58cb2dcb78290c10a101eb693fdb7aba0298e3879b2c3d68a3f629ed1703b,2019-05,Lancashire Constabulary,Lancashire Constabulary,-2.679584,53.767243,On or near Collinson Street,E01025298,Preston 014D,Violence and sexual offences,Offender given a caution,
c50f1872db860300d49aaa5842cb17d90766b8ff4b1b6024d7070fbf627293a7,2019-05,Lancashire Constabulary,Lancashire Constabulary,-2.680223,53.768327,On or near Dodgson Road,E01025298,Preston 014D,Violence and sexual offences,Status update unavailable,
50b1f6830ad8e1d28b017232fc8a32d5dbf4e6a2a35c0a37ca8f69c866e3983f,2019-05,Lancashire Constabulary,Lancashire Constabulary,-2.681518,53.768652,On or near Dodgson Place,E01025298,Preston 014D,Violence and sexual offences,Unable to prosecute suspect,
4608fed7b4b0ef8fe187df2e3eb0a2b05ff40de3959638bba2c185833cc28518,2019-05,Lancashire Constabulary,Lancashire Constabulary,-2.681518,53.768652,On or near Dodgson Place,E01025298,Preston 014D,Violence and sexual offences,Unable to prosecute suspect,
,2019-05,Lancashire Constabulary,Lancashire Constabulary,-2.687542,53.767737,On or near Castleton Road,E01025244,Preston 015A,Anti-social behaviour,,
,2019-05,Lancashire Constabulary,Lancashire Constabulary,-2.690608,53.767845,On or near Dove Street,E01025244,Preston 015A,Anti-social behaviour,,
,2019-05,Lancashire Constabulary,Lancashire Constabulary,-2.688131,53.768506,On or near Holmrook Road,E01025244,Preston 015A,Anti-social behaviour,,
,2019-05,Lancashire Constabulary,Lancashire Constabulary,-2.688131,53.768506,On or near Holmrook Road,E01025244,Preston 015A,Anti-social behaviour,,
,2019-05,Lancashire Constabulary,Lancashire Constabulary,-2.693791,53.766775,On or near Burrow Road,E01025244,Preston 015A,Anti-social behaviour,,
a1502e1c86d5d9d5ab81b0cd1418665fd4a66353529dc9b757b0d82517a73ba1,2019-05,Lancashire Constabulary,Lancashire Constabulary,-2.693789,53.767557,On or near Argyll Road,E01025244,Preston 015A,Criminal damage and arson,Status update unavailable,
a3900738abb27f5ef4e294923413929ba4915048f16ede52f8948cb5ff757898,2019-05,Lancashire Constabulary,Lancashire Constabulary,-2.688131,53.768506,On or near Holmrook Road,E01025244,Preston 015A,Criminal damage and arson,Status update unavailable,
a97e670981ea98dd68c6d45750aba4d10ddb0267d32e5733d268d2b7655e1b9a,2019-05,Lancashire Constabulary,Lancashire Constabulary,-2.694812,53.767020,On or near Suffolk Road,E01025244,Preston 015A,Drugs,Status update unavailable,
9bcc40af9513299024e40b97470292ea28f9308f97a5a14b25812af5bbec4517,2019-05,Lancashire Constabulary,Lancashire Constabulary,-2.690077,53.768747,On or near Goldfinch Street,E01025244,Preston 015A,Drugs,Status update unavailable,
44386ae4423e815a33a4aad7123fbfb4cb2b0a343034074b9ce67662440faa00,2019-05,Lancashire Constabulary,Lancashire Constabulary,-2.693132,53.767255,On or near Nottingham Road,E01025244,Preston 015A,Other theft,Unable to prosecute suspect,
433a0844d029236695f8baf5e0935893c7ed137c0da7933872f345b9fa688772,2019-05,Lancashire Constabulary,Lancashire Constabulary,-2.694267,53.767105,On or near Stafford Road,E01025244,Preston 015A,Other theft,Status update unavailable,
3872c907c733aa22792b980f67dc7b607cc9a4cd5cfaf474f5c20d45ebb56326,2019-05,Lancashire Constabulary,Lancashire Constabulary,-2.690608,53.767845,On or near Dove Street,E01025244,Preston 015A,Public order,Status update unavailable,
3dfb6b28d65b9f40c881eb21523bc92b1bcf99f1f8d722ff54d54258ab801d97,2019-05,Lancashire Constabulary,Lancashire Constabulary,-2.695372,53.766945,On or near Norfolk Road,E01025244,Preston 015A,Theft from the person,Status update unavailable,
53c772c8ef6ea172f0d76591a70b8571bd485605768ee3b62079a1241b34fa8f,2019-05,Lancashire Constabulary,Lancashire Constabulary,-2.695372,53.766945,On or near Norfolk Road,E01025244,Preston 015A,Violence and sexual offences,Status update unavailable,
296c8cc19c14d71e2ec2821df423cffac22dea8905dcd877276f6fa7c3470136,2019-05,Lancashire Constabulary,Lancashire Constabulary,-2.688131,53.768506,On or near Holmrook Road,E01025244,Preston 015A,Violence and sexual offences,Offender given a caution,
701b7e8b7c5a8554baec38eb4bd64b2bd4167cd9b84a8c8bdf4b16afa30be007,2019-05,Lancashire Constabulary,Lancashire Constabulary,-2.690608,53.767845,On or near Dove Street,E01025244,Preston 015A,Violence and sexual offences,Status update unavailable,
46275b3d41effc4cca88315dc7a60802afb66d7c0c6ae05e81a8089e19bbdc37,2019-05,Lancashire Constabulary,Lancashire Constabulary,-2.690608,53.767845,On or near Dove Street,E01025244,Preston 015A,Violence and sexual offences,Unable to prosecute suspect,
,2019-05,Lancashire Constabulary,Lancashire Constabulary,-2.698795,53.768453,On or near Rye Street,E01025292,Preston 015B,Anti-social behaviour,,
,2019-05,Lancashire Constabulary,Lancashire Constabulary,-2.704098,53.763479,On or near Warwick Street,E01025292,Preston 015B,Anti-social behaviour,,
,2019-05,Lancashire Constabulary,Lancashire Constabulary,-2.706087,53.762667,On or near Fylde Street,E01025292,Preston 015B,Anti-social behaviour,,
,2019-05,Lancashire Constabulary,Lancashire Constabulary,-2.706776,53.766654,On or near Ashmoor Street,E01025292,Preston 015B,Anti-social behaviour,,
,2019-05,Lancashire Constabulary,Lancashire Constabulary,-2.698573,53.768769,On or near Leicester Road,E01025292,Preston 015B,Anti-social behaviour,,
,2019-05,Lancashire Constabulary,Lancashire Constabulary,-2.704098,53.763479,On or near Warwick Street,E01025292,Preston 015B,Anti-social behaviour,,
,2019-05,Lancashire Constabulary,Lancashire Constabulary,-2.701923,53.764031,On or near Atkinson Close,E01025292,Preston 015B,Anti-social behaviour,,
,2019-05,Lancashire Constabulary,Lancashire Constabulary,-2.698573,53.768769,On or near Leicester Road,E01025292,Preston 015B,Anti-social behaviour,,
,2019-05,Lancashire Constabulary,Lancashire Constabulary,-2.701923,53.764031,On or near Atkinson Close,E01025292,Preston 015B,Anti-social behaviour,,
,2019-05,Lancashire Constabulary,Lancashire Constabulary,-2.703836,53.766860,On or near Thorpe Close,E01025292,Preston 015B,Anti-social behaviour,,
,2019-05,Lancashire Constabulary,Lancashire Constabulary,-2.701240,53.764916,On or near Fish Street,E01025292,Preston 015B,Anti-social behaviour,,
,2019-05,Lancashire Constabulary,Lancashire Constabulary,-2.698795,53.768453,On or near Rye Street,E01025292,Preston 015B,Anti-social behaviour,,
,2019-05,Lancashire Constabulary,Lancashire Constabulary,-2.701240,53.764916,On or near Fish Street,E01025292,Preston 015B,Anti-social behaviour,,
,2019-05,Lancashire Constabulary,Lancashire Constabulary,-2.701923,53.764031,On or near Atkinson Close,E01025292,Preston 015B,Anti-social behaviour,,
,2019-05,Lancashire Constabulary,Lancashire Constabulary,-2.703836,53.766860,On or near Thorpe Close,E01025292,Preston 015B,Anti-social behaviour,,
,2019-05,Lancashire Constabulary,Lancashire Constabulary,-2.707349,53.765545,On or near Further/Higher Educational Building,E01025292,Preston 015B,Anti-social behaviour,,
141b1b5ec3684bf32ff1cdff730c8ca34e1f10f6d470db70f5f8c6331fb0b173,2019-05,Lancashire Constabulary,Lancashire Constabulary,-2.701037,53.767344,On or near Frank Street,E01025292,Preston 015B,Burglary,Status update unavailable,
6f6b6ca22ea629d28265ca9a6cdcdf914d7d32ea875bbdc82a7d1e9810d59116,2019-05,Lancashire Constabulary,Lancashire Constabulary,-2.702325,53.769017,On or near St George'S Road,E01025292,Preston 015B,Burglary,Status update unavailable,
4c46d41cc9f19fd4eb33e49fb19b7bcbddf0bf8e2d2978cfaefa3c34b833c3bf,2019-05,Lancashire Constabulary,Lancashire Constabulary,-2.705946,53.763306,On or near Adelphi Place,E01025292,Preston 015B,Burglary,Status update unavailable,
80dac9a7354cc9534b56260c077a4f5761321db9d609e1205755410c5dc87c16,2019-05,Lancashire Constabulary,Lancashire Constabulary,-2.704664,53.765570,On or near Moor Lane,E01025292,Preston 015B,Burglary,Status update unavailable,
3d33974761626e125b41b8a2188d50ad2bd2ea505f770f84103d3bfe4b572f31,2019-05,Lancashire Constabulary,Lancashire Constabulary,-2.702325,53.769017,On or near St George'S Road,E01025292,Preston 015B,Burglary,Status update unavailable,
fbedba4fbe3c4d0585e9541ce0ac504de724a337c94847d9d740bd2cf58343dd,2019-05,Lancashire Constabulary,Lancashire Constabulary,-2.706087,53.762667,On or near Fylde Street,E01025292,Preston 015B,Burglary,Status update unavailable,
a0b1379f113f0f48cec92595be620b06a3bed48daf7b55e676775f39405ad597,2019-05,Lancashire Constabulary,Lancashire Constabulary,-2.701923,53.764031,On or near Atkinson Close,E01025292,Preston 015B,Criminal damage and arson,Awaiting court outcome,
b69e65e8d7b8cdbeeb6c275ddf48a396805cbb2e6aa269f83030e7ab84c3b1ae,2019-05,Lancashire Constabulary,Lancashire Constabulary,-2.698573,53.768769,On or near Leicester Road,E01025292,Preston 015B,Criminal damage and arson,Status update unavailable,
3f0ddc3751d4882f2261d0bb3dea3604317bf1811233251b50c57481d4ec4d2d,2019-05,Lancashire Constabulary,Lancashire Constabulary,-2.697605,53.768955,On or near Varley Street,E01025292,Preston 015B,Criminal damage and arson,Status update unavailable,
c79f28e3b371e8a7f6c7fb290c958e8532c3c9d5de6a180b49881d9c65ef14a3,2019-05,Lancashire Constabulary,Lancashire Constabulary,-2.701385,53.766344,On or near Riding Street,E01025292,Preston 015B,Criminal damage and arson,Status update unavailable,
aa15d39126f4b01725cd9a36bc2c710e2abb72e21ebfab627b91fc0d5f2ad322,2019-05,Lancashire Constabulary,Lancashire Constabulary,-2.704664,53.765570,On or near Moor Lane,E01025292,Preston 015B,Criminal damage and arson,Unable to prosecute suspect,
b8d01579150b5868aeea1597ed2828165a297da85dde1b35e1e7cfa740426cf7,2019-05,Lancashire Constabulary,Lancashire Constabulary,-2.701923,53.764031,On or near Atkinson Close,E01025292,Preston 015B,Criminal damage and arson,Awaiting court outcome,
6c5ff18fa84f4ae51b9f9ed20f0f2a60643640f80f14a6a19ed9acdf283f894e,2019-05,Lancashire Constabulary,Lancashire Constabulary,-2.698795,53.768453,On or near Rye Street,E01025292,Preston 015B,Criminal damage and arson,Status update unavailable,
8b5b20a9aca2692fb7f452442e13f3153e55285445af56942d34212ba9e329ac,2019-05,Lancashire Constabulary,Lancashire Constabulary,-2.704664,53.765570,On or near Moor Lane,E01025292,Preston 015B,Criminal damage and arson,Status update unavailable,
de11449bda361c2b710cfffa99b26e5575f8f27a62627915055ab56c2b557c02,2019-05,Lancashire Constabulary,Lancashire Constabulary,-2.701923,53.764031,On or near Atkinson Close,E01025292,Preston 015B,Drugs,Awaiting court outcome,
bcce1bda3d85de5d8da3bc626cd47ab57044df6f663690807154041cf0671a40,2019-05,Lancashire Constabulary,Lancashire Constabulary,-2.701923,53.764031,On or near Atkinson Close,E01025292,Preston 015B,Drugs,Status update unavailable,
315ed42143daf4dc00eb9892da71442a0e3618551f5158c1ceaa75a8770d0493,2019-05,Lancashire Constabulary,Lancashire Constabulary,-2.701923,53.764031,On or near Atkinson Close,E01025292,Preston 015B,Drugs,Status update unavailable,
6ab895f03c580f6fe963fe06a53f549f7c9bd79e5d4f9fb773365c719c477051,2019-05,Lancashire Constabulary,Lancashire Constabulary,-2.706087,53.762667,On or near Fylde Street,E01025292,Preston 015B,Other theft,Status update unavailable,
d43d1c2f69064a9a7d613ada36e97cda4644ab50946c9b4c8c7d3ff97498d58a,2019-05,Lancashire Constabulary,Lancashire Constabulary,-2.701923,53.764031,On or near Atkinson Close,E01025292,Preston 015B,Other theft,Unable to prosecute suspect,
3fb6e4395a256da46639b6f281a9f75f210c74bf3385c5fda5a8414b5f3376de,2019-05,Lancashire Constabulary,Lancashire Constabulary,-2.705832,53.763747,On or near St Peter'S Street,E01025292,Preston 015B,Other theft,Status update unavailable,
63b2eaaec871289ce953f94257ab91b2db950d09b13f6fab1fe836acffa39dfb,2019-05,Lancashire Constabulary,Lancashire Constabulary,-2.709011,53.767872,On or near Springfield Street,E01025292,Preston 015B,Other theft,Status update unavailable,
2e090edb8eab0d84997456504ce6fe12862940bae06d35c28df2e7585c5c019b,2019-05,Lancashire Constabulary,Lancashire Constabulary,-2.703836,53.766860,On or near Thorpe Close,E01025292,Preston 015B,Other theft,Status update unavailable,
149b686b094ebe4fec8819379a7d6ee4f1d220e5c16b72859d0b95a607e58c89,2019-05,Lancashire Constabulary,Lancashire Constabulary,-2.700632,53.763958,On or near Lancaster Road,E01025292,Preston 015B,Possession of weapons,Formal action is not in the public interest,
86017420cdc9ceecce416b501ae7b5ef4e53708880b858dad2a66177c8c2b9b5,2019-05,Lancashire Constabulary,Lancashire Constabulary,-2.701923,53.764031,On or near Atkinson Close,E01025292,Preston 015B,Possession of weapons,Awaiting court outcome,
78573298aca894359fa07783e24ea45c7a8b7a3a41f96276ea53051d08bca9f4,2019-05,Lancashire Constabulary,Lancashire Constabulary,-2.697605,53.768955,On or near Varley Street,E01025292,Preston 015B,Public order,Unable to prosecute suspect,
8a6bc0efd48f04c910d0653f3dd4d4f4829d27d4d83f3d5b9a33e7c642ba18da,2019-05,Lancashire Constabulary,Lancashire Constabulary,-2.708264,53.768569,On or near Aqueduct Street,E01025292,Preston 015B,Public order,Status update unavailable,
6cb2ac934cc3e7f14875e33f9edb5c6f97e293479b39352bdc8c452e2e52efcf,2019-05,Lancashire Constabulary,Lancashire Constabulary,-2.706087,53.762667,On or near Fylde Street,E01025292,Preston 015B,Public order,Unable to prosecute suspect,
89efae8478d3c2b13742b9b36872a0c6b560ce83c15e42cc43614be7f0b46c7e,2019-05,Lancashire Constabulary,Lancashire Constabulary,-2.704098,53.763479,On or near Warwick Street,E01025292,Preston 015B,Public order,Status update unavailable,
0cd59080caef33c22d92e8a47337953463e51f2253f6f7969f0936ddbf2b75a8,2019-05,Lancashire Constabulary,Lancashire Constabulary,-2.697957,53.769105,On or near St George'S Road,E01025292,Preston 015B,Shoplifting,Awaiting court outcome,
c9102ee8f2f5dc31604323130f6005e50ef8e708df257184d5e8b26588a0b4de,2019-05,Lancashire Constabulary,Lancashire Constabulary,-2.704664,53.765570,On or near Moor Lane,E01025292,Preston 015B,Shoplifting,Awaiting court outcome,
f987884ce7362af6df1a7cecad9584de7a435f885e386556f0e3a424005227d7,2019-05,Lancashire Constabulary,Lancashire Constabulary,-2.698795,53.768453,On or near Rye Street,E01025292,Preston 015B,Vehicle crime,Status update unavailable,
eb8cf99c31466e15e7ba72254f5c9adda0f0804e372d7e8bfe014c31bd20c15b,2019-05,Lancashire Constabulary,Lancashire Constabulary,-2.701240,53.764916,On or near Fish Street,E01025292,Preston 015B,Violence and sexual offences,Unable to prosecute suspect,
bd0cb701898c11ecce5b55084ef6cf81ad79b5e93403d9a6b2f371893df30635,2019-05,Lancashire Constabulary,Lancashire Constabulary,-2.706087,53.762667,On or near Fylde Street,E01025292,Preston 015B,Violence and sexual offences,Status update unavailable,
7b03207de93060065d375f336de231c5373153574f4cd4de8c4436eeb847354b,2019-05,Lancashire Constabulary,Lancashire Constabulary,-2.700632,53.763958,On or near Lancaster Road,E01025292,Preston 015B,Violence and sexual offences,Unable to prosecute suspect,
5ac9f894212028a6724c7c077559a9f225aefb408681d0b7c88159a02fa0c4da,2019-05,Lancashire Constabulary,Lancashire Constabulary,-2.699337,53.769987,On or near Milner Street,E01025292,Preston 015B,Violence and sexual offences,Status update unavailable,
79676db6c37feb84984cd25812790e474c6c4156547b409321bc7ff4389e6719,2019-05,Lancashire Constabulary,Lancashire Constabulary,-2.700632,53.763958,On or near Lancaster Road,E01025292,Preston 015B,Violence and sexual offences,Status update unavailable,
6ed116e24280fe1be97980675373361e7adb8786299bc3af4100778f403e761b,2019-05,Lancashire Constabulary,Lancashire Constabulary,-2.699337,53.769987,On or near Milner Street,E01025292,Preston 015B,Violence and sexual offences,Status update unavailable,
3918ad5b1b44e4b90624caedfb9cb3188621e5f9fb4f915e8617cc28ecd1e16c,2019-05,Lancashire Constabulary,Lancashire Constabulary,-2.706087,53.762667,On or near Fylde Street,E01025292,Preston 015B,Violence and sexual offences,Unable to prosecute suspect,
29aa648066ebbb5931b1c5c642a27ab90a1db1884cce39640d69b2f47e9050f7,2019-05,Lancashire Constabulary,Lancashire Constabulary,-2.701923,53.764031,On or near Atkinson Close,E01025292,Preston 015B,Violence and sexual offences,Status update unavailable,
7b0f5f17a083c608f9e44e465bf6fe1ca4c8ca9eeaf18ff94fcbfd5a7638c5d7,2019-05,Lancashire Constabulary,Lancashire Constabulary,-2.702325,53.769017,On or near St George'S Road,E01025292,Preston 015B,Violence and sexual offences,Status update unavailable,
1abc76c4c7922f6730b9a990aa19382bf3d2d1d18a390b5d1df9b852c0cccdb3,2019-05,Lancashire Constabulary,Lancashire Constabulary,-2.703930,53.764343,On or near Cragg'S Row,E01025292,Preston 015B,Violence and sexual offences,Status update unavailable,
38c30005023094732a9353765b5ff3b25e56c560ebd2d01517a2a800936cc518,2019-05,Lancashire Constabulary,Lancashire Constabulary,-2.703836,53.766860,On or near Thorpe Close,E01025292,Preston 015B,Violence and sexual offences,Status update unavailable,
ecf70f923168fde0b844c9137e53631053fd5744bcafb9824c130acb4f2c1f28,2019-05,Lancashire Constabulary,Lancashire Constabulary,-2.701240,53.764916,On or near Fish Street,E01025292,Preston 015B,Violence and sexual offences,Unable to prosecute suspect,
7f96e95265bdcea09f6ed58360e6906e20625859a049afeafabb7cfbba6ec4cb,2019-05,Lancashire Constabulary,Lancashire Constabulary,-2.701923,53.764031,On or near Atkinson Close,E01025292,Preston 015B,Other crime,Further investigation is not in the public interest,
5336d6dd1b730c4d414a8c7b2cc131d7ba1859fe32fd399d98b716d9dd193646,2019-05,Lancashire Constabulary,Lancashire Constabulary,-2.698573,53.768769,On or near Leicester Road,E01025292,Preston 015B,Other crime,Status update unavailable,
,2019-05,Lancashire Constabulary,Lancashire Constabulary,-2.693184,53.767650,On or near Argyll Road,E01025293,Preston 015C,Anti-social behaviour,,
,2019-05,Lancashire Constabulary,Lancashire Constabulary,-2.697200,53.763735,On or near St Ignatius' Square,E01025293,Preston 015C,Anti-social behaviour,,
,2019-05,Lancashire Constabulary,Lancashire Constabulary,-2.693184,53.767650,On or near Argyll Road,E01025293,Preston 015C,Anti-social behaviour,,
,2019-05,Lancashire Constabulary,Lancashire Constabulary,-2.694429,53.764057,On or near Constable Street,E01025293,Preston 015C,Anti-social behaviour,,
,2019-05,Lancashire Constabulary,Lancashire Constabulary,-2.697617,53.767813,On or near Egbert Street,E01025293,Preston 015C,Anti-social behaviour,,
,2019-05,Lancashire Constabulary,Lancashire Constabulary,-2.697617,53.767813,On or near Egbert Street,E01025293,Preston 015C,Anti-social behaviour,,
,2019-05,Lancashire Constabulary,Lancashire Constabulary,-2.690741,53.762092,On or near Edmund Street,E01025293,Preston 015C,Anti-social behaviour,,
,2019-05,Lancashire Constabulary,Lancashire Constabulary,-2.694154,53.763923,On or near Meadow Street,E01025293,Preston 015C,Anti-social behaviour,,
,2019-05,Lancashire Constabulary,Lancashire Constabulary,-2.693044,53.763750,On or near Schleswig Street,E01025293,Preston 015C,Anti-social behaviour,,
,2019-05,Lancashire Constabulary,Lancashire Constabulary,-2.694154,53.763923,On or near Meadow Street,E01025293,Preston 015C,Anti-social behaviour,,
,2019-05,Lancashire Constabulary,Lancashire Constabulary,-2.693839,53.765984,On or near Stanleyfield Close,E01025293,Preston 015C,Anti-social behaviour,,
,2019-05,Lancashire Constabulary,Lancashire Constabulary,-2.693044,53.763750,On or near Schleswig Street,E01025293,Preston 015C,Anti-social behaviour,,
,2019-05,Lancashire Constabulary,Lancashire Constabulary,-2.690741,53.762092,On or near Edmund Street,E01025293,Preston 015C,Anti-social behaviour,,
,2019-05,Lancashire Constabulary,Lancashire Constabulary,-2.693466,53.763568,On or near Jutland Street,E01025293,Preston 015C,Anti-social behaviour,,
57c267235986923c8996164f4cfad757c7bd1720bf4ae37db6f99c6946c68ccb,2019-05,Lancashire Constabulary,Lancashire Constabulary,-2.692269,53.763674,On or near Holstein Street,E01025293,Preston 015C,Burglary,Unable to prosecute suspect,
ebeaed2da4ace2b476dc537a2d7fcaf00212618233149b6eb050a6db3bbda6fb,2019-05,Lancashire Constabulary,Lancashire Constabulary,-2.694821,53.762949,On or near Egan Street,E01025293,Preston 015C,Criminal damage and arson,Status update unavailable,
1462087f20191e2c1a8f686beaaecb0e93cdad26889a5fda267cd12209def95b,2019-05,Lancashire Constabulary,Lancashire Constabulary,-2.695144,53.763217,On or near Pump Street,E01025293,Preston 015C,Criminal damage and arson,Unable to prosecute suspect,
b34b84d7f000a42fe792764d5e7f3bf41f9fd8d02eefd2999db90cbc3c480d91,2019-05,Lancashire Constabulary,Lancashire Constabulary,-2.692269,53.763674,On or near Holstein Street,E01025293,Preston 015C,Drugs,Status update unavailable,
7bd09cd5afb50ecbf0ecfe39d02bbdb8981023e2d5e8fbcff5f338e9814010ec,2019-05,Lancashire Constabulary,Lancashire Constabulary,-2.690741,53.762092,On or near Edmund Street,E01025293,Preston 015C,Other theft,Unable to prosecute suspect,
1c38e4cbe4862939c90d22888b0741599372bc4b8cdf2d3095f218ec195de46d,2019-05,Lancashire Constabulary,Lancashire Constabulary,-2.691234,53.762520,On or near Newton Street,E01025293,Preston 015C,Other theft,Unable to prosecute suspect,
78f59dc0ebb8b14931df5779f046a408fd43af351e7b71246219a215c2dee73e,2019-05,Lancashire Constabulary,Lancashire Constabulary,-2.693044,53.763750,On or near Schleswig Street,E01025293,Preston 015C,Other theft,Unable to prosecute suspect,
0eef5ba6452dafec9eb764699eedaf2a3c80a63daa3c0d092bf4a75d47a6ad11,2019-05,Lancashire Constabulary,Lancashire Constabulary,-2.697617,53.767813,On or near Egbert Street,E01025293,Preston 015C,Other theft,Unable to prosecute suspect,
b22b5742bf86ed6f430bc686e2e5f7ddec00132eea8e2123a600c8d756e5748a,2019-05,Lancashire Constabulary,Lancashire Constabulary,-2.694821,53.762949,On or near Egan Street,E01025293,Preston 015C,Possession of weapons,Unable to prosecute suspect,
b81e1d3f3a2baefb91a844eefea9cc0734b02183617b63bd30ecbe0223e5a37f,2019-05,Lancashire Constabulary,Lancashire Constabulary,-2.697834,53.763525,On or near Hardwicke Street,E01025293,Preston 015C,Possession of weapons,Awaiting court outcome,
74bc307f57293246d16a301e6fdc3888363d784c8ecdbe1f12657c4a500e4fce,2019-05,Lancashire Constabulary,Lancashire Constabulary,-2.694821,53.762949,On or near Egan Street,E01025293,Preston 015C,Possession of weapons,Awaiting court outcome,
3b33c506978569c36331c7a2cbd880a2c2d70cf6f1d8edb353a764b795c82322,2019-05,Lancashire Constabulary,Lancashire Constabulary,-2.694154,53.763923,On or near Meadow Street,E01025293,Preston 015C,Public order,Status update unavailable,
289f317bde592a5a01fe9adb9aedf19aacdea39100cee66003c0be3b32c4b241,2019-05,Lancashire Constabulary,Lancashire Constabulary,-2.690741,53.762092,On or near Edmund Street,E01025293,Preston 015C,Public order,Unable to prosecute suspect,
712e921a35b6d46551250ca4be204aecc9c88379f4921f09b466497e3be1ee8c,2019-05,Lancashire Constabulary,Lancashire Constabulary,-2.692021,53.762444,On or near South Meadow Street,E01025293,Preston 015C,Public order,Unable to prosecute suspect,
d70165cfa34b46861c3cd90726ea436c3369cbbee5968de436488c1af606a25a,2019-05,Lancashire Constabulary,Lancashire Constabulary,-2.697834,53.763525,On or near Hardwicke Street,E01025293,Preston 015C,Public order,Awaiting court outcome,
6b5beabd73561227fa20a13c0776587e3cb4fdda8c93868557d7c52c45891f6d,2019-05,Lancashire Constabulary,Lancashire Constabulary,-2.693466,53.763568,On or near Jutland Street,E01025293,Preston 015C,Public order,Further investigation is not in the public interest,
9d87674678461d0b767b303756db6072cf8c7c109f996ff04d7a142736189fe0,2019-05,Lancashire Constabulary,Lancashire Constabulary,-2.690796,53.762666,On or near Driscoll Street,E01025293,Preston 015C,Public order,Status update unavailable,
283bf2bf0dc7a1a19885f1fd85fe38f37f88cbc9193aa0f17568c60a65bd3eca,2019-05,Lancashire Constabulary,Lancashire Constabulary,-2.692368,53.765111,On or near Supermarket,E01025293,Preston 015C,Shoplifting,Status update unavailable,
5d8fc8552f08d7af96dab8fd078cbe8508492108bb08386cebb008fcc06a0f57,2019-05,Lancashire Constabulary,Lancashire Constabulary,-2.694586,53.765251,On or near Noor Street,E01025293,Preston 015C,Vehicle crime,Status update unavailable,
e3a5c1906be55e9768bcde6b3bc52b4a2aac5b288fd2b1d25f6390d3bfa82d34,2019-05,Lancashire Constabulary,Lancashire Constabulary,-2.690741,53.762092,On or near Edmund Street,E01025293,Preston 015C,Vehicle crime,Status update unavailable,
87ef4c1c72feb3336c5303c599cec3eb0fcb7fc04e28ae8a1f28db1ce1c5c973,2019-05,Lancashire Constabulary,Lancashire Constabulary,-2.698053,53.765761,On or near Great George Street,E01025293,Preston 015C,Vehicle crime,Status update unavailable,
d07de2f774241c3e52aa423ecec3813e30de7f460d1d97277f08ffa23afb009d,2019-05,Lancashire Constabulary,Lancashire Constabulary,-2.697617,53.767813,On or near Egbert Street,E01025293,Preston 015C,Vehicle crime,Unable to prosecute suspect,
4e4fce04baeb7974df01602a7ad76096594f822810b92beaf4225ca1622ebd14,2019-05,Lancashire Constabulary,Lancashire Constabulary,-2.697200,53.763735,On or near St Ignatius' Square,E01025293,Preston 015C,Vehicle crime,Status update unavailable,
64cad97551e0881b64c42826baa486ab5316689013ec35450abf1642af52f03e,2019-05,Lancashire Constabulary,Lancashire Constabulary,-2.694821,53.762949,On or near Egan Street,E01025293,Preston 015C,Violence and sexual offences,Status update unavailable,
8ab9909e251866eb4a9cc6c622fed97d5200d4f9e8e733c7f8d6500429e6bfc8,2019-05,Lancashire Constabulary,Lancashire Constabulary,-2.696063,53.763804,On or near St Ignatius' Place,E01025293,Preston 015C,Violence and sexual offences,Unable to prosecute suspect,
261c1f6fe5daad6d9d117b8c3cf32be2cf9dd4c2ac765c82fc65112d3b73b40f,2019-05,Lancashire Constabulary,Lancashire Constabulary,-2.694154,53.763923,On or near Meadow Street,E01025293,Preston 015C,Violence and sexual offences,Status update unavailable,
2245e1679b69ed817c1e72d877468e895d9f09d8c4cedd0d13663ff3f71c5307,2019-05,Lancashire Constabulary,Lancashire Constabulary,-2.690741,53.762092,On or near Edmund Street,E01025293,Preston 015C,Violence and sexual offences,Unable to prosecute suspect,
6122024a889f93bf26b248bcea3a4f78ed095c53d7a4b01022d4c7ad6a303680,2019-05,Lancashire Constabulary,Lancashire Constabulary,-2.693044,53.763750,On or near Schleswig Street,E01025293,Preston 015C,Violence and sexual offences,Unable to prosecute suspect,
250a41ef1f22b73fa128c33e76e10a29c1893948020ae120b41f1d67f389b3e9,2019-05,Lancashire Constabulary,Lancashire Constabulary,-2.696063,53.763804,On or near St Ignatius' Place,E01025293,Preston 015C,Violence and sexual offences,Unable to prosecute suspect,
f6caf5dd41360fe13872d594dee2bf1ee03cb0443f1ee392a03d37badf89bf47,2019-05,Lancashire Constabulary,Lancashire Constabulary,-2.690741,53.762092,On or near Edmund Street,E01025293,Preston 015C,Violence and sexual offences,Offender fined,
5442a401357a4ee7d2f2bfe218d1f860e17d5afec48cf1db6ae73e022744bd9f,2019-05,Lancashire Constabulary,Lancashire Constabulary,-2.696189,53.763121,On or near Agnes Street,E01025293,Preston 015C,Violence and sexual offences,Status update unavailable,
3a86ffdf70a5925189de47522dbdb0c1019f1b434250cecf9960ed01ab1f1c71,2019-05,Lancashire Constabulary,Lancashire Constabulary,-2.697617,53.767813,On or near Egbert Street,E01025293,Preston 015C,Violence and sexual offences,Unable to prosecute suspect,
9b6c0297f290dac68ab0f1fc98a7e879eefce560f65792f0c48d9ff712d643cf,2019-05,Lancashire Constabulary,Lancashire Constabulary,-2.694429,53.764057,On or near Constable Street,E01025293,Preston 015C,Violence and sexual offences,Status update unavailable,
1fbdf10225ef6e88867982f0da6eda7e4f771ff2c15716b5eeb356b1a1a68b36,2019-05,Lancashire Constabulary,Lancashire Constabulary,-2.693466,53.763568,On or near Jutland Street,E01025293,Preston 015C,Violence and sexual offences,Unable to prosecute suspect,
b00c4e24219daf324ec293174a389121f9898fe99f5161b99c25bba8fd0094bf,2019-05,Lancashire Constabulary,Lancashire Constabulary,-2.695144,53.763217,On or near Pump Street,E01025293,Preston 015C,Violence and sexual offences,Status update unavailable,
1f72dec1c1055e0fc1235912a98e519c5c1382f493de9ebea32d20529213e396,2019-05,Lancashire Constabulary,Lancashire Constabulary,-2.694821,53.762949,On or near Egan Street,E01025293,Preston 015C,Violence and sexual offences,Unable to prosecute suspect,
cb71cdcc47a45063ea1e04c2628163d945f9cde1a44fd788ca06a1f74e1223e5,2019-05,Lancashire Constabulary,Lancashire Constabulary,-2.690741,53.762092,On or near Edmund Street,E01025293,Preston 015C,Violence and sexual offences,Status update unavailable,
99f8df38e6152d7a284f693f5d47890da676123a9861cee459cff9b1b83f50ae,2019-05,Lancashire Constabulary,Lancashire Constabulary,-2.693970,53.761992,On or near Ring Way,E01025293,Preston 015C,Violence and sexual offences,Unable to prosecute suspect,
af31b61676cc0cbb08f33aab8ff20173ceaead199c1c2e09fe4de51bfc77fbf2,2019-05,Lancashire Constabulary,Lancashire Constabulary,-2.692444,53.763232,On or near East Street,E01025293,Preston 015C,Other crime,Status update unavailable,
eee27a5d152ac7b3114ff02709c162a0baf44a0e81ceee6bbed0fc316d6e8ccd,2019-05,Lancashire Constabulary,Lancashire Constabulary,-2.692270,53.765615,On or near Osbourne Way,E01025293,Preston 015C,Other crime,Status update unavailable,
c7a0f31ad86f198ca06d7b2a424e1c98d59185c4467d0de9a04be225edd8e342,2019-05,Lancashire Constabulary,Lancashire Constabulary,-2.692270,53.765615,On or near Osbourne Way,E01025293,Preston 015C,Other crime,Status update unavailable,
,2019-05,Lancashire Constabulary,Lancashire Constabulary,-2.678600,53.761756,On or near Surrey Street,E01025247,Preston 016A,Anti-social behaviour,,
,2019-05,Lancashire Constabulary,Lancashire Constabulary,-2.679098,53.761556,On or near Lex Street,E01025247,Preston 016A,Anti-social behaviour,,
,2019-05,Lancashire Constabulary,Lancashire Constabulary,-2.682502,53.761051,On or near Mercer Street,E01025247,Preston 016A,Anti-social behaviour,,
,2019-05,Lancashire Constabulary,Lancashire Constabulary,-2.679226,53.761079,On or near William Henry Street,E01025247,Preston 016A,Anti-social behaviour,,
,2019-05,Lancashire Constabulary,Lancashire Constabulary,-2.678600,53.761756,On or near Surrey Street,E01025247,Preston 016A,Anti-social behaviour,,
,2019-05,Lancashire Constabulary,Lancashire Constabulary,-2.679098,53.761556,On or near Lex Street,E01025247,Preston 016A,Anti-social behaviour,,
,2019-05,Lancashire Constabulary,Lancashire Constabulary,-2.676437,53.763063,On or near Shopping Area,E01025247,Preston 016A,Anti-social behaviour,,
,2019-05,Lancashire Constabulary,Lancashire Constabulary,-2.682502,53.761051,On or near Mercer Street,E01025247,Preston 016A,Anti-social behaviour,,
,2019-05,Lancashire Constabulary,Lancashire Constabulary,-2.678009,53.761778,On or near Rutland Street,E01025247,Preston 016A,Anti-social behaviour,,
,2019-05,Lancashire Constabulary,Lancashire Constabulary,-2.679226,53.761079,On or near William Henry Street,E01025247,Preston 016A,Anti-social behaviour,,
,2019-05,Lancashire Constabulary,Lancashire Constabulary,-2.677480,53.761871,On or near Annis Street,E01025247,Preston 016A,Anti-social behaviour,,
,2019-05,Lancashire Constabulary,Lancashire Constabulary,-2.679098,53.761556,On or near Lex Street,E01025247,Preston 016A,Anti-social behaviour,,
,2019-05,Lancashire Constabulary,Lancashire Constabulary,-2.675315,53.762179,On or near Great Townley Street,E01025247,Preston 016A,Anti-social behaviour,,
,2019-05,Lancashire Constabulary,Lancashire Constabulary,-2.679098,53.761556,On or near Lex Street,E01025247,Preston 016A,Anti-social behaviour,,
b921d302fc49ae1d6af79a92572dae0b7c7ff7ff036f1881fb3500333a1ad0e7,2019-05,Lancashire Constabulary,Lancashire Constabulary,-2.682502,53.761051,On or near Mercer Street,E01025247,Preston 016A,Bicycle theft,Status update unavailable,
177fbaf05662c78d99cfd8f469545392bfb49b358117a2e960df5a5f0bf343fb,2019-05,Lancashire Constabulary,Lancashire Constabulary,-2.682502,53.761051,On or near Mercer Street,E01025247,Preston 016A,Burglary,Status update unavailable,
f299045c4e9e875e47ac23ab8eaf8312165596a3ebfa85fe72e94bed41eb90cb,2019-05,Lancashire Constabulary,Lancashire Constabulary,-2.682502,53.761051,On or near Mercer Street,E01025247,Preston 016A,Criminal damage and arson,Status update unavailable,
dc8b8bc9ac22b8eda34acb232af0842227359d51d9588afbc8393169f650b373,2019-05,Lancashire Constabulary,Lancashire Constabulary,-2.679098,53.761556,On or near Lex Street,E01025247,Preston 016A,Other theft,Unable to prosecute suspect,
79bb89ad3c6e029c247892c35b00bb3bb2b4c38c659f6d0ad3bbd2857c0c3dd7,2019-05,Lancashire Constabulary,Lancashire Constabulary,-2.682502,53.761051,On or near Mercer Street,E01025247,Preston 016A,Public order,Status update unavailable,
51dd22d8ecf665b99c64a0fb5752c23e4b195b85826e0f171473ab818862fe7b,2019-05,Lancashire Constabulary,Lancashire Constabulary,-2.675315,53.762179,On or near Great Townley Street,E01025247,Preston 016A,Vehicle crime,Status update unavailable,
0ed104a8f522213a53d426f8ca1fc5468cff90f6b19f0e394a7d01b308715a36,2019-05,Lancashire Constabulary,Lancashire Constabulary,-2.676437,53.763063,On or near Shopping Area,E01025247,Preston 016A,Vehicle crime,Status update unavailable,
3532899ac50ac1ed1fe6e1da3fc80c3cd1949defdae76c715ea62e1e1b1246f0,2019-05,Lancashire Constabulary,Lancashire Constabulary,-2.679098,53.761556,On or near Lex Street,E01025247,Preston 016A,Violence and sexual offences,Unable to prosecute suspect,
3e9a2add9eec974483f0a414bb03d29f57ff0be7172f606c09b5142869699193,2019-05,Lancashire Constabulary,Lancashire Constabulary,-2.678600,53.761756,On or near Surrey Street,E01025247,Preston 016A,Violence and sexual offences,Status update unavailable,
9789a5d90a47e77420172a5853b5690d6bbb2bfcb310e1f39a907db7105a8846,2019-05,Lancashire Constabulary,Lancashire Constabulary,-2.675315,53.762179,On or near Great Townley Street,E01025247,Preston 016A,Violence and sexual offences,Status update unavailable,
8a25a02cb58874e641e8748a8f3211d48991cfdb87322cad80785b25fb4e0394,2019-05,Lancashire Constabulary,Lancashire Constabulary,-2.680220,53.761567,On or near St Marys Close,E01025247,Preston 016A,Violence and sexual offences,Status update unavailable,
f8b9db8d29d45fc77bdcb52063d286cb0c8cc482cd9540b67f1f884c1bf3e053,2019-05,Lancashire Constabulary,Lancashire Constabulary,-2.677480,53.761871,On or near Annis Street,E01025247,Preston 016A,Violence and sexual offences,Status update unavailable,
6d82a184e4e0db12220f45b6eef79626b74cbfe357818ea1888cf32978dc9b84,2019-05,Lancashire Constabulary,Lancashire Constabulary,-2.675315,53.762179,On or near Great Townley Street,E01025247,Preston 016A,Violence and sexual offences,Status update unavailable,
fedbbe453dffdd5eae581cd51612337be78b5a42e71e4972b24787a5c2195132,2019-05,Lancashire Constabulary,Lancashire Constabulary,-2.679098,53.761556,On or near Lex Street,E01025247,Preston 016A,Violence and sexual offences,Unable to prosecute suspect,
,2019-05,Lancashire Constabulary,Lancashire Constabulary,-2.665863,53.762987,On or near Leek Street,E01025248,Preston 016B,Anti-social behaviour,,
,2019-05,Lancashire Constabulary,Lancashire Constabulary,-2.670110,53.762955,On or near Nevett Street,E01025248,Preston 016B,Anti-social behaviour,,
bf2a9b789883638a871b544ad26a1b8eed26074e023db88c133a188e302d6558,2019-05,Lancashire Constabulary,Lancashire Constabulary,-2.667811,53.765331,On or near Warbury Street,E01025248,Preston 016B,Bicycle theft,Status update unavailable,
153fb4d25434a02b02864315bcd06b59a724fa8e081a3ab4d6394d574895f8a3,2019-05,Lancashire Constabulary,Lancashire Constabulary,-2.668189,53.762381,On or near Wanstead Street,E01025248,Preston 016B,Other theft,Status update unavailable,
ef546b3a10ade7c0af4f0eebd688d96edff0a6d213a9e37ca426b8c042e9c970,2019-05,Lancashire Constabulary,Lancashire Constabulary,-2.663551,53.765499,On or near Manning Road,E01025248,Preston 016B,Robbery,Status update unavailable,
5e7135655225a0af3fc24aa208af1c70a7a40208e4313a4ea93d0e6ab7aa1731,2019-05,Lancashire Constabulary,Lancashire Constabulary,-2.662410,53.765272,On or near Devonshire Place,E01025248,Preston 016B,Violence and sexual offences,Awaiting court outcome,
0a0c5e3788d85393a20f86e8246578c501817668908efa62dfcf209a6529c4d1,2019-05,Lancashire Constabulary,Lancashire Constabulary,-2.665863,53.762987,On or near Leek Street,E01025248,Preston 016B,Violence and sexual offences,Status update unavailable,
9e41d68dec80f10b5c024a399ffa7c5dfb6e61b9f7b18e9df2bcf33a238e94f6,2019-05,Lancashire Constabulary,Lancashire Constabulary,-2.668684,53.762981,On or near Callon Street,E01025248,Preston 016B,Violence and sexual offences,Status update unavailable,
873c6578495a251e74403c7151e1e3f5df5606209de767f2989cfe91b4f8162e,2019-05,Lancashire Constabulary,Lancashire Constabulary,-2.665863,53.762987,On or near Leek Street,E01025248,Preston 016B,Violence and sexual offences,Status update unavailable,
664d6d4338319cd901464957da766991653e2c98b9917276cdebb2e7c1653a1c,2019-05,Lancashire Constabulary,Lancashire Constabulary,-2.665863,53.762987,On or near Leek Street,E01025248,Preston 016B,Violence and sexual offences,Status update unavailable,
fd06226f7398b4349bce4766d4909d1cf5a25b66fbef1a2ca3d2948b6782b78c,2019-05,Lancashire Constabulary,Lancashire Constabulary,-2.665945,53.765342,On or near Hawarden Road,E01025248,Preston 016B,Violence and sexual offences,Unable to prosecute suspect,
24d98d0effa08895633a9250d555843e716179c0821a5b4663239486113bf9bf,2019-05,Lancashire Constabulary,Lancashire Constabulary,-2.665863,53.762987,On or near Leek Street,E01025248,Preston 016B,Violence and sexual offences,Status update unavailable,
,2019-05,Lancashire Constabulary,Lancashire Constabulary,-2.656618,53.765501,On or near Petrol Station,E01025249,Preston 016C,Anti-social behaviour,,
,2019-05,Lancashire Constabulary,Lancashire Constabulary,-2.654995,53.765510,On or near Crawford Avenue,E01025249,Preston 016C,Anti-social behaviour,,
,2019-05,Lancashire Constabulary,Lancashire Constabulary,-2.658973,53.763789,On or near Butterlands,E01025249,Preston 016C,Anti-social behaviour,,
,2019-05,Lancashire Constabulary,Lancashire Constabulary,-2.658973,53.763789,On or near Butterlands,E01025249,Preston 016C,Anti-social behaviour,,
aaa1c4c292d106cc609543952c1bce570a681e1a64db5ebf51203ffe165a307c,2019-05,Lancashire Constabulary,Lancashire Constabulary,-2.661380,53.765376,On or near Ducie Place,E01025249,Preston 016C,Criminal damage and arson,Status update unavailable,
232c48948880c7d58b3d2974938df3a68249bc1ced71e7760a7d26b0084f94a7,2019-05,Lancashire Constabulary,Lancashire Constabulary,-2.656618,53.765501,On or near Petrol Station,E01025249,Preston 016C,Other theft,Status update unavailable,
534295510e05208d6356839a4205992bce36a5e526d006c504955836d88bde76,2019-05,Lancashire Constabulary,Lancashire Constabulary,-2.654995,53.765510,On or near Crawford Avenue,E01025249,Preston 016C,Violence and sexual offences,Formal action is not in the public interest,
249e5dfe626dd3c622bc41e5487ec471872c057c91e41419bba953b1b121f206,2019-05,Lancashire Constabulary,Lancashire Constabulary,-2.657384,53.764976,On or near Cairnsmore Avenue,E01025249,Preston 016C,Violence and sexual offences,Unable to prosecute suspect,
82d0049885d35909dec6fa7555d0d2131e1826940f9c9d15e039f9a16271dce0,2019-05,Lancashire Constabulary,Lancashire Constabulary,-2.657384,53.764976,On or near Cairnsmore Avenue,E01025249,Preston 016C,Violence and sexual offences,Unable to prosecute suspect,
10de2e2fde09d178b4d5c0912584ce11a0dc1a8bd61c0a9b9bd26320d48395a0,2019-05,Lancashire Constabulary,Lancashire Constabulary,-2.654995,53.765510,On or near Crawford Avenue,E01025249,Preston 016C,Violence and sexual offences,Formal action is not in the public interest,
,2019-05,Lancashire Constabulary,Lancashire Constabulary,-2.674286,53.763246,On or near Redmayne Street,E01025250,Preston 016D,Anti-social behaviour,,
,2019-05,Lancashire Constabulary,Lancashire Constabulary,-2.672515,53.762555,On or near Samuel Street,E01025250,Preston 016D,Anti-social behaviour,,
,2019-05,Lancashire Constabulary,Lancashire Constabulary,-2.672515,53.762555,On or near Samuel Street,E01025250,Preston 016D,Anti-social behaviour,,
,2019-05,Lancashire Constabulary,Lancashire Constabulary,-2.673757,53.763384,On or near Elijah Street,E01025250,Preston 016D,Anti-social behaviour,,
,2019-05,Lancashire Constabulary,Lancashire Constabulary,-2.673344,53.764087,On or near New Hall Lane,E01025250,Preston 016D,Anti-social behaviour,,
,2019-05,Lancashire Constabulary,Lancashire Constabulary,-2.672515,53.762555,On or near Samuel Street,E01025250,Preston 016D,Anti-social behaviour,,
,2019-05,Lancashire Constabulary,Lancashire Constabulary,-2.672515,53.762555,On or near Samuel Street,E01025250,Preston 016D,Anti-social behaviour,,
,2019-05,Lancashire Constabulary,Lancashire Constabulary,-2.673757,53.763384,On or near Elijah Street,E01025250,Preston 016D,Anti-social behaviour,,
,2019-05,Lancashire Constabulary,Lancashire Constabulary,-2.674784,53.763117,On or near Cave Street,E01025250,Preston 016D,Anti-social behaviour,,
,2019-05,Lancashire Constabulary,Lancashire Constabulary,-2.672515,53.762555,On or near Samuel Street,E01025250,Preston 016D,Anti-social behaviour,,
,2019-05,Lancashire Constabulary,Lancashire Constabulary,-2.672629,53.761161,On or near Fishwick View,E01025250,Preston 016D,Anti-social behaviour,,
,2019-05,Lancashire Constabulary,Lancashire Constabulary,-2.673347,53.761453,On or near Cliffe Court,E01025250,Preston 016D,Anti-social behaviour,,
,2019-05,Lancashire Constabulary,Lancashire Constabulary,-2.674784,53.763117,On or near Cave Street,E01025250,Preston 016D,Anti-social behaviour,,
,2019-05,Lancashire Constabulary,Lancashire Constabulary,-2.674286,53.763246,On or near Redmayne Street,E01025250,Preston 016D,Anti-social behaviour,,
,2019-05,Lancashire Constabulary,Lancashire Constabulary,-2.673347,53.761453,On or near Cliffe Court,E01025250,Preston 016D,Anti-social behaviour,,
,2019-05,Lancashire Constabulary,Lancashire Constabulary,-2.673347,53.761453,On or near Cliffe Court,E01025250,Preston 016D,Anti-social behaviour,,
,2019-05,Lancashire Constabulary,Lancashire Constabulary,-2.673347,53.761453,On or near Cliffe Court,E01025250,Preston 016D,Anti-social behaviour,,
,2019-05,Lancashire Constabulary,Lancashire Constabulary,-2.674286,53.763246,On or near Redmayne Street,E01025250,Preston 016D,Anti-social behaviour,,
,2019-05,Lancashire Constabulary,Lancashire Constabulary,-2.672515,53.762555,On or near Samuel Street,E01025250,Preston 016D,Anti-social behaviour,,
,2019-05,Lancashire Constabulary,Lancashire Constabulary,-2.672515,53.762555,On or near Samuel Street,E01025250,Preston 016D,Anti-social behaviour,,
,2019-05,Lancashire Constabulary,Lancashire Constabulary,-2.672515,53.762555,On or near Samuel Street,E01025250,Preston 016D,Anti-social behaviour,,
,2019-05,Lancashire Constabulary,Lancashire Constabulary,-2.672629,53.761161,On or near Fishwick View,E01025250,Preston 016D,Anti-social behaviour,,
,2019-05,Lancashire Constabulary,Lancashire Constabulary,-2.673344,53.764087,On or near New Hall Lane,E01025250,Preston 016D,Anti-social behaviour,,
,2019-05,Lancashire Constabulary,Lancashire Constabulary,-2.672515,53.762555,On or near Samuel Street,E01025250,Preston 016D,Anti-social behaviour,,
,2019-05,Lancashire Constabulary,Lancashire Constabulary,-2.672515,53.762555,On or near Samuel Street,E01025250,Preston 016D,Anti-social behaviour,,
,2019-05,Lancashire Constabulary,Lancashire Constabulary,-2.673347,53.761453,On or near Cliffe Court,E01025250,Preston 016D,Anti-social behaviour,,
,2019-05,Lancashire Constabulary,Lancashire Constabulary,-2.672515,53.762555,On or near Samuel Street,E01025250,Preston 016D,Anti-social behaviour,,
,2019-05,Lancashire Constabulary,Lancashire Constabulary,-2.672515,53.762555,On or near Samuel Street,E01025250,Preston 016D,Anti-social behaviour,,
,2019-05,Lancashire Constabulary,Lancashire Constabulary,-2.673757,53.763384,On or near Elijah Street,E01025250,Preston 016D,Anti-social behaviour,,
,2019-05,Lancashire Constabulary,Lancashire Constabulary,-2.673347,53.761453,On or near Cliffe Court,E01025250,Preston 016D,Anti-social behaviour,,
,2019-05,Lancashire Constabulary,Lancashire Constabulary,-2.674286,53.763246,On or near Redmayne Street,E01025250,Preston 016D,Anti-social behaviour,,
,2019-05,Lancashire Constabulary,Lancashire Constabulary,-2.673757,53.763384,On or near Elijah Street,E01025250,Preston 016D,Anti-social behaviour,,
,2019-05,Lancashire Constabulary,Lancashire Constabulary,-2.673757,53.763384,On or near Elijah Street,E01025250,Preston 016D,Anti-social behaviour,,
,2019-05,Lancashire Constabulary,Lancashire Constabulary,-2.672515,53.762555,On or near Samuel Street,E01025250,Preston 016D,Anti-social behaviour,,
,2019-05,Lancashire Constabulary,Lancashire Constabulary,-2.674286,53.763246,On or near Redmayne Street,E01025250,Preston 016D,Anti-social behaviour,,
,2019-05,Lancashire Constabulary,Lancashire Constabulary,-2.673757,53.763384,On or near Elijah Street,E01025250,Preston 016D,Anti-social behaviour,,
,2019-05,Lancashire Constabulary,Lancashire Constabulary,-2.672515,53.762555,On or near Samuel Street,E01025250,Preston 016D,Anti-social behaviour,,
,2019-05,Lancashire Constabulary,Lancashire Constabulary,-2.672515,53.762555,On or near Samuel Street,E01025250,Preston 016D,Anti-social behaviour,,
,2019-05,Lancashire Constabulary,Lancashire Constabulary,-2.673757,53.763384,On or near Elijah Street,E01025250,Preston 016D,Anti-social behaviour,,
75638af66d7c4138522ee2c08122cb528d35c4927199e4910615945ba0bf66a4,2019-05,Lancashire Constabulary,Lancashire Constabulary,-2.673757,53.763384,On or near Elijah Street,E01025250,Preston 016D,Burglary,Status update unavailable,
0631082495605b7b610c9401950a9059741ff578f0a26cdc67fd9e6b06afafdc,2019-05,Lancashire Constabulary,Lancashire Constabulary,-2.668471,53.761031,On or near Tamar Street,E01025250,Preston 016D,Criminal damage and arson,Offender given conditional discharge,
7a9a6d80ccf01b8bba2a29d8474dbbf0a3a3f75d608067c9bbb2de895eeebe68,2019-05,Lancashire Constabulary,Lancashire Constabulary,-2.668471,53.761031,On or near Tamar Street,E01025250,Preston 016D,Criminal damage and arson,Status update unavailable,
d66589779d6db4614bc3e691509caf61c96696899d631e22f26e972c87d2a835,2019-05,Lancashire Constabulary,Lancashire Constabulary,-2.672515,53.762555,On or near Samuel Street,E01025250,Preston 016D,Criminal damage and arson,Status update unavailable,
de810a8a3fb4b45e181579f1d22710febfe02c47a4923eaf8d3fdd8debe9b37b,2019-05,Lancashire Constabulary,Lancashire Constabulary,-2.671699,53.760852,On or near Walton View,E01025250,Preston 016D,Criminal damage and arson,Status update unavailable,
c2fe22a9d6fe16b0b128493be5c3306f6a10055e1c3c25bcecca96a2b435e8af,2019-05,Lancashire Constabulary,Lancashire Constabulary,-2.668471,53.761031,On or near Tamar Street,E01025250,Preston 016D,Criminal damage and arson,Awaiting court outcome,
7f2afb6522dc95b05fe1f98970e0395b98993168f15628e49b9c43e0104ad90b,2019-05,Lancashire Constabulary,Lancashire Constabulary,-2.673344,53.764087,On or near New Hall Lane,E01025250,Preston 016D,Drugs,Awaiting court outcome,
1eb5f33df57a5b4c76ff3cc537b29b68ce8acbcdf55eb1c4d8707a6902512243,2019-05,Lancashire Constabulary,Lancashire Constabulary,-2.671291,53.762831,On or near Arnhem Road,E01025250,Preston 016D,Other theft,Status update unavailable,
49fd4ea36f60efb31eb0fb7ea84410fcec6123378a997e45edc4a46deea5c510,2019-05,Lancashire Constabulary,Lancashire Constabulary,-2.671811,53.764078,On or near Mete Street,E01025250,Preston 016D,Public order,Unable to prosecute suspect,
3b15a55d42d780fe4985de89edb3b02633fdf2d726586fd45d7f07cded91cca9,2019-05,Lancashire Constabulary,Lancashire Constabulary,-2.673757,53.763384,On or near Elijah Street,E01025250,Preston 016D,Public order,Status update unavailable,
382fd3c8dce050c8dbc069e1b28969b3b87306161da941eba7824f5c83462331,2019-05,Lancashire Constabulary,Lancashire Constabulary,-2.672515,53.762555,On or near Samuel Street,E01025250,Preston 016D,Public order,Status update unavailable,
c13d4ff07235976f35fca0323fdb1b7df21a7329069ba296c4bc423fc80a76cc,2019-05,Lancashire Constabulary,Lancashire Constabulary,-2.670580,53.764849,On or near Beenland Street,E01025250,Preston 016D,Public order,Further investigation is not in the public interest,
fdea32cb557eabf29b9b099b6416e72b9a9f028ba58ef9405a6d136046c5d9a8,2019-05,Lancashire Constabulary,Lancashire Constabulary,-2.674286,53.763246,On or near Redmayne Street,E01025250,Preston 016D,Public order,Status update unavailable,
5b2cc94bc044e7f272870c2f821ef17cc149b80f95771ee2ade4dc4b63e81582,2019-05,Lancashire Constabulary,Lancashire Constabulary,-2.672515,53.762555,On or near Samuel Street,E01025250,Preston 016D,Public order,Status update unavailable,
d2659ae67f94c6c8c250052dbe2605f5c248883e90353af9c271973ebc33d151,2019-05,Lancashire Constabulary,Lancashire Constabulary,-2.672515,53.762555,On or near Samuel Street,E01025250,Preston 016D,Public order,Status update unavailable,
2670ed36f35fd1929d010d72cac95fbfb9974146bfe091d5020e0254f19d0849,2019-05,Lancashire Constabulary,Lancashire Constabulary,-2.672515,53.762555,On or near Samuel Street,E01025250,Preston 016D,Vehicle crime,Status update unavailable,
de33d50919a6116ac3d62f18c203a6d4bda76a7d654837d9800afa8bfbc7cf51,2019-05,Lancashire Constabulary,Lancashire Constabulary,-2.671811,53.764078,On or near Mete Street,E01025250,Preston 016D,Violence and sexual offences,Status update unavailable,
b3bdb25ebc277adfde19e3e0a15ec602fdd89159e5671a379881506ce00cca21,2019-05,Lancashire Constabulary,Lancashire Constabulary,-2.674286,53.763246,On or near Redmayne Street,E01025250,Preston 016D,Violence and sexual offences,Status update unavailable,
a190f5a566780035337f94db56689bf0cba7e8d5d97419a69481666f2c3ac4e2,2019-05,Lancashire Constabulary,Lancashire Constabulary,-2.674286,53.763246,On or near Redmayne Street,E01025250,Preston 016D,Violence and sexual offences,Status update unavailable,
b6cb0eaf5f051ad7ba93047aee34b96f89c115a37830b48b4e39b352df5e9f1a,2019-05,Lancashire Constabulary,Lancashire Constabulary,-2.670846,53.761566,On or near Felstead Street,E01025250,Preston 016D,Violence and sexual offences,Status update unavailable,
9881e789acf99161b1d376c2bdc8f5df446adca61e0d4ebd4b4e023f27aa82d4,2019-05,Lancashire Constabulary,Lancashire Constabulary,-2.669819,53.764691,On or near Braddon Street,E01025250,Preston 016D,Violence and sexual offences,Status update unavailable,
99b0290c7a616869fd30c6082e1324a5905f676e3906db0d4718d9cb63227936,2019-05,Lancashire Constabulary,Lancashire Constabulary,-2.674784,53.763117,On or near Cave Street,E01025250,Preston 016D,Violence and sexual offences,Further investigation is not in the public interest,
d8f55bb40100fe5e539f5b5097b5b0659bac3cce5eda93fb6cc343cd5a66c550,2019-05,Lancashire Constabulary,Lancashire Constabulary,-2.674286,53.763246,On or near Redmayne Street,E01025250,Preston 016D,Violence and sexual offences,Unable to prosecute suspect,
79d73ad37fa21e081915b36e6124c95af046b0261adb81173cf6ead9266d0b64,2019-05,Lancashire Constabulary,Lancashire Constabulary,-2.670846,53.761566,On or near Felstead Street,E01025250,Preston 016D,Violence and sexual offences,Status update unavailable,
e6d2032b8ad0c41ff31c456a2c6c323cc737808d01f33bad572dfb255d57fa7b,2019-05,Lancashire Constabulary,Lancashire Constabulary,-2.674286,53.763246,On or near Redmayne Street,E01025250,Preston 016D,Violence and sexual offences,Status update unavailable,
498b81fedface9a765a50a80abd545d253d6ee4527caada1302e3ccd81f046c9,2019-05,Lancashire Constabulary,Lancashire Constabulary,-2.673757,53.763384,On or near Elijah Street,E01025250,Preston 016D,Violence and sexual offences,Status update unavailable,
,2019-05,Lancashire Constabulary,Lancashire Constabulary,-2.688196,53.753963,On or near Woods End,E01025304,Preston 016E,Anti-social behaviour,,
fc4b468dadaf4b52383e15e1baa0681c2cd8ed755361ff3e8e05b424cad4221b,2019-05,Lancashire Constabulary,Lancashire Constabulary,-2.693042,53.751670,On or near Sports/Recreation Area,E01025304,Preston 016E,Bicycle theft,Status update unavailable,
aeabb1f8dd7e43deb82719c818f377d4936fb0558f00a77812e61c48c0423438,2019-05,Lancashire Constabulary,Lancashire Constabulary,-2.681974,53.752767,On or near Mellings Fold,E01025304,Preston 016E,Burglary,Status update unavailable,
e53d27af03aa9fa9305e94a9fc251a38b928e063aba60d205a6a38bbb6da05b1,2019-05,Lancashire Constabulary,Lancashire Constabulary,-2.693042,53.751670,On or near Sports/Recreation Area,E01025304,Preston 016E,Burglary,Status update unavailable,
b7f970ebb943ad4893f6d99897b7a96f99f02bd6bf4bfe48188b58bf0beebd0d,2019-05,Lancashire Constabulary,Lancashire Constabulary,-2.681297,53.754038,On or near Hillside Road,E01025304,Preston 016E,Other theft,Status update unavailable,
9c98661d9cf037fddc8ac437c3be55a93ae0b7ff0d25aa8d5819723bf5246ea8,2019-05,Lancashire Constabulary,Lancashire Constabulary,-2.688196,53.753963,On or near Woods End,E01025304,Preston 016E,Public order,Status update unavailable,
46028d1b79eb222e972f76da8c0d123b440c970635f47c433d6462b4a5932ed6,2019-05,Lancashire Constabulary,Lancashire Constabulary,-2.684023,53.751946,On or near Ashworth Lane,E01025304,Preston 016E,Vehicle crime,Status update unavailable,
27dce128217498042afa6392620baa06e94708267fa97a1cf254f3c1f00c2442,2019-05,Lancashire Constabulary,Lancashire Constabulary,-2.687312,53.750885,On or near Lawrence Avenue,E01025304,Preston 016E,Violence and sexual offences,Action to be taken by another organisation,
8d1abef0d442c63abfa406627d1a3f7806ecef406cd58d93d23b691c1fc9e1d9,2019-05,Lancashire Constabulary,Lancashire Constabulary,-2.686424,53.755007,On or near Ruskin Street,E01025304,Preston 016E,Violence and sexual offences,Unable to prosecute suspect,
90ac2a9770c1155260c839b5b910999cc50cac35c056c982b8104f5d16f4f50f,2019-05,Lancashire Constabulary,Lancashire Constabulary,-2.686424,53.755007,On or near Ruskin Street,E01025304,Preston 016E,Violence and sexual offences,Unable to prosecute suspect,
2df0fd523f73b3d0a368c99a16d81ecf644f0f81ec63fac0c168792e445bb2f8,2019-05,Lancashire Constabulary,Lancashire Constabulary,-2.686424,53.755007,On or near Ruskin Street,E01025304,Preston 016E,Violence and sexual offences,Unable to prosecute suspect,
2c5d0951458477a61694dc74a09b4b3fd08f2171d3dc1e6e98b8d24f26f89699,2019-05,Lancashire Constabulary,Lancashire Constabulary,-2.682563,53.755424,On or near Hoghton View,E01025304,Preston 016E,Violence and sexual offences,Unable to prosecute suspect,
2eda946da1cdaa1e5acc9c2833a3f3ff9b445aca169633c0dbc551772158f1dc,2019-05,Lancashire Constabulary,Lancashire Constabulary,-2.686424,53.755007,On or near Ruskin Street,E01025304,Preston 016E,Violence and sexual offences,Unable to prosecute suspect,
,2019-05,Lancashire Constabulary,Lancashire Constabulary,-2.685933,53.756528,On or near Mellor Place,E01025305,Preston 016F,Anti-social behaviour,,
,2019-05,Lancashire Constabulary,Lancashire Constabulary,-2.684438,53.758838,On or near Primrose Hill,E01025305,Preston 016F,Anti-social behaviour,,
,2019-05,Lancashire Constabulary,Lancashire Constabulary,-2.684408,53.755081,On or near Frenchwood Avenue,E01025305,Preston 016F,Anti-social behaviour,,
,2019-05,Lancashire Constabulary,Lancashire Constabulary,-2.684917,53.757514,On or near Livesey Street,E01025305,Preston 016F,Anti-social behaviour,,
,2019-05,Lancashire Constabulary,Lancashire Constabulary,-2.685574,53.760548,On or near Witton Street,E01025305,Preston 016F,Anti-social behaviour,,
,2019-05,Lancashire Constabulary,Lancashire Constabulary,-2.681413,53.756554,On or near Ashleigh Street,E01025305,Preston 016F,Anti-social behaviour,,
,2019-05,Lancashire Constabulary,Lancashire Constabulary,-2.685574,53.760548,On or near Witton Street,E01025305,Preston 016F,Anti-social behaviour,,
d8f57d6962f3878d41ece7576bd7f51a321c22404f143e96be98546d34192121,2019-05,Lancashire Constabulary,Lancashire Constabulary,-2.684438,53.758838,On or near Primrose Hill,E01025305,Preston 016F,Criminal damage and arson,Local resolution,
764cf306881cfc5ec4cfc41881d5effcaabf6dfd2fa9b0cee3175b4a8b2d573a,2019-05,Lancashire Constabulary,Lancashire Constabulary,-2.684408,53.755081,On or near Frenchwood Avenue,E01025305,Preston 016F,Criminal damage and arson,Status update unavailable,
9165850bbbdcfc691d2bd220640f9af2d540f996224cf81becb71ee5e5ab2670,2019-05,Lancashire Constabulary,Lancashire Constabulary,-2.685574,53.760548,On or near Witton Street,E01025305,Preston 016F,Drugs,Further investigation is not in the public interest,
e37222215d85e9275d50d05d4a7f2c7d34938cabe31fa8471756947af24e1a33,2019-05,Lancashire Constabulary,Lancashire Constabulary,-2.682640,53.757374,On or near Clitheroe Street,E01025305,Preston 016F,Public order,Awaiting court outcome,
7a45902049a508c38f50be6442b86500445a9eb1b2daafe92759d444fbbe32d6,2019-05,Lancashire Constabulary,Lancashire Constabulary,-2.685869,53.756340,On or near James Street,E01025305,Preston 016F,Violence and sexual offences,Status update unavailable,
a8a75841acc98502d80a71383531e9076824799cde36d482c4b82ab3a64629ca,2019-05,Lancashire Constabulary,Lancashire Constabulary,-2.682015,53.757153,On or near Alexandra Street,E01025305,Preston 016F,Violence and sexual offences,Unable to prosecute suspect,
fd64f6a40d8499e9cb7a43cb711e0ab24092ef135dd0fcf4e7508237f7dabcbf,2019-05,Lancashire Constabulary,Lancashire Constabulary,-2.686493,53.758350,On or near Richmond Street,E01025305,Preston 016F,Violence and sexual offences,Status update unavailable,
500d08363d843e1409669c66868fea08051f138e7af3473d36e96d58afb6ce18,2019-05,Lancashire Constabulary,Lancashire Constabulary,-2.682640,53.757374,On or near Clitheroe Street,E01025305,Preston 016F,Violence and sexual offences,Status update unavailable,
,2019-05,Lancashire Constabulary,Lancashire Constabulary,-2.713942,53.758962,On or near Kingswood Street,E01025289,Preston 017A,Anti-social behaviour,,
,2019-05,Lancashire Constabulary,Lancashire Constabulary,-2.714183,53.754350,On or near Beech Street,E01025289,Preston 017A,Anti-social behaviour,,
,2019-05,Lancashire Constabulary,Lancashire Constabulary,-2.712683,53.758952,On or near Slade Street,E01025289,Preston 017A,Anti-social behaviour,,
,2019-05,Lancashire Constabulary,Lancashire Constabulary,-2.714243,53.757046,On or near Burleigh Road,E01025289,Preston 017A,Anti-social behaviour,,
,2019-05,Lancashire Constabulary,Lancashire Constabulary,-2.712676,53.757613,On or near Maple Crescent,E01025289,Preston 017A,Anti-social behaviour,,
3e82b1997c1beb329dea8eeacb1dfcd860dd882b60cb87db0ac99f6d7f208ad5,2019-05,Lancashire Constabulary,Lancashire Constabulary,-2.713771,53.758676,On or near Gerrard Street,E01025289,Preston 017A,Criminal damage and arson,Status update unavailable,
8222215ec2b73aae6e98c9a168e9498695de2db5db3cf9efba612e48ca580cab,2019-05,Lancashire Constabulary,Lancashire Constabulary,-2.714715,53.757124,On or near Carnarvon Road,E01025289,Preston 017A,Criminal damage and arson,Unable to prosecute suspect,
37743ef6814ea7b05411b5e9c0a119933628d397814b07dbef52e252ff71ecfe,2019-05,Lancashire Constabulary,Lancashire Constabulary,-2.713771,53.758676,On or near Gerrard Street,E01025289,Preston 017A,Criminal damage and arson,Status update unavailable,
b0471d04a75501fab6faf8c83cc7121a39f20e38603bbf49ef068f36047f79ef,2019-05,Lancashire Constabulary,Lancashire Constabulary,-2.715633,53.757568,On or near Salisbury Road,E01025289,Preston 017A,Criminal damage and arson,Status update unavailable,
1b8efaefaa9f715198673837f42d2e8466705363b142f23bc3f9c9c6f16f6111,2019-05,Lancashire Constabulary,Lancashire Constabulary,-2.715543,53.753173,On or near Brixey Street,E01025289,Preston 017A,Criminal damage and arson,Status update unavailable,
6d3a61bf6ef3981e414468958b0cb4322e861fe9eeb4e316ff695a9d3b8fa055,2019-05,Lancashire Constabulary,Lancashire Constabulary,-2.715543,53.753173,On or near Brixey Street,E01025289,Preston 017A,Criminal damage and arson,Status update unavailable,
87ef204235e7e2ec9c7b375c3012706ea7fad33866795e728cfa87ef4a0b0d60,2019-05,Lancashire Constabulary,Lancashire Constabulary,-2.716258,53.754212,On or near Broadgate,E01025289,Preston 017A,Criminal damage and arson,Unable to prosecute suspect,
691906ab021d84394c59a62bc32edb5d8edaf83acbf7eb67bffee4af37daff26,2019-05,Lancashire Constabulary,Lancashire Constabulary,-2.712676,53.757613,On or near Maple Crescent,E01025289,Preston 017A,Criminal damage and arson,Status update unavailable,
2e1b3814a46aa39893946e32c14632aaeb192bc60c0a1c1b4b8075720735434b,2019-05,Lancashire Constabulary,Lancashire Constabulary,-2.712388,53.759457,On or near Marsh Lane,E01025289,Preston 017A,Other theft,Further investigation is not in the public interest,
46b21a5da49547cd123c6389c77b772eef9585ff6c33957483aad7f93d1eaf84,2019-05,Lancashire Constabulary,Lancashire Constabulary,-2.715339,53.757246,On or near Northcote Road,E01025289,Preston 017A,Other theft,Status update unavailable,
9f6f3f11fbd2c0ccaf509748b5012396fec832ae13b46e340bb1b516909ce9e5,2019-05,Lancashire Constabulary,Lancashire Constabulary,-2.714183,53.754350,On or near Beech Street,E01025289,Preston 017A,Other theft,Unable to prosecute suspect,
950234f21bfd9cf7abdcc934c349b8b2982320d7e0966beb7ff132888223177c,2019-05,Lancashire Constabulary,Lancashire Constabulary,-2.712388,53.759457,On or near Marsh Lane,E01025289,Preston 017A,Other theft,Unable to prosecute suspect,
b062bdba5d0991939ad6649a3d1b0b3f4cfce8a31eb3a2a363d89cda74cf7f5a,2019-05,Lancashire Constabulary,Lancashire Constabulary,-2.714347,53.753306,On or near Colman Court,E01025289,Preston 017A,Other theft,Unable to prosecute suspect,
fce889ef43a848f6bcd1dc923422bae84e21e4364ef390376ec8dd654e288bf9,2019-05,Lancashire Constabulary,Lancashire Constabulary,-2.716258,53.754212,On or near Broadgate,E01025289,Preston 017A,Other theft,Status update unavailable,
9235465dd4feeaa48f25bf71fc908b1f07293baeb408b65bcc0c5108d502890a,2019-05,Lancashire Constabulary,Lancashire Constabulary,-2.716258,53.754212,On or near Broadgate,E01025289,Preston 017A,Possession of weapons,Further investigation is not in the public interest,
50bd34e0220eb47029453cbf9ef38f9d6acd415ffc90625250c94db245fb85c7,2019-05,Lancashire Constabulary,Lancashire Constabulary,-2.714933,53.756557,On or near Langton Street,E01025289,Preston 017A,Public order,Status update unavailable,
7abb5eeb804c65e6e4433c319e4a2c6c564e5a636ed74fbf4f166886b9633dc5,2019-05,Lancashire Constabulary,Lancashire Constabulary,-2.714038,53.752104,On or near Warton Street,E01025289,Preston 017A,Public order,Awaiting court outcome,
43a8a43b331bb93a6f2b914deda7c72d2eee82ae70f083cbc6136ed01921a75f,2019-05,Lancashire Constabulary,Lancashire Constabulary,-2.714688,53.752855,On or near Taylor Street,E01025289,Preston 017A,Violence and sexual offences,Unable to prosecute suspect,
654dd49df19768b02dbe59f5dcbbfb97990e214154fd43d982b2c31dd39e0173,2019-05,Lancashire Constabulary,Lancashire Constabulary,-2.713942,53.758962,On or near Kingswood Street,E01025289,Preston 017A,Violence and sexual offences,Action to be taken by another organisation,
4ee7060ab02fc7eea3c425f94db7c356f0bf1d21579146e7c675377bcdbcf9f5,2019-05,Lancashire Constabulary,Lancashire Constabulary,-2.714183,53.754350,On or near Beech Street,E01025289,Preston 017A,Violence and sexual offences,Unable to prosecute suspect,
5d26d839b7b61254625a390beb9c73ba40450c688e3c12de8b3f952562a678e8,2019-05,Lancashire Constabulary,Lancashire Constabulary,-2.714715,53.757124,On or near Carnarvon Road,E01025289,Preston 017A,Violence and sexual offences,Unable to prosecute suspect,
e894bc7a4de32bfeb2b8c767a39dcf0668fd3316c8e5d6151fd96034d91faa76,2019-05,Lancashire Constabulary,Lancashire Constabulary,-2.719302,53.757510,On or near Parking Area,E01025289,Preston 017A,Violence and sexual offences,Status update unavailable,
a77eb92757b4f08c39383b4423d62c42fc9f703cfbf9bd236b78d8f1a15eba9f,2019-05,Lancashire Constabulary,Lancashire Constabulary,-2.715306,53.756222,On or near Hartington Road,E01025289,Preston 017A,Violence and sexual offences,Unable to prosecute suspect,
9f0768addee110eebb1fd1259177a3fbe63a2685062951733619062df41d046d,2019-05,Lancashire Constabulary,Lancashire Constabulary,-2.714221,53.757505,On or near Fitzroy Street,E01025289,Preston 017A,Violence and sexual offences,Unable to prosecute suspect,
b385ee0427c72bcab756374aff76f404325808700abf89b6a84acd78a1c59b2d,2019-05,Lancashire Constabulary,Lancashire Constabulary,-2.713942,53.758962,On or near Kingswood Street,E01025289,Preston 017A,Violence and sexual offences,Unable to prosecute suspect,
6165e0f69db278dd0119697ff73a2c8258fb4e24bf9f78a9169966b712f7f470,2019-05,Lancashire Constabulary,Lancashire Constabulary,-2.712676,53.757613,On or near Maple Crescent,E01025289,Preston 017A,Violence and sexual offences,Status update unavailable,
12b0e69c77bfbd15b0b79fd4d8b3c97575a5d7c5ee66011951b30d34f88f97f8,2019-05,Lancashire Constabulary,Lancashire Constabulary,-2.717823,53.758804,On or near Guild Way,E01025289,Preston 017A,Violence and sexual offences,Unable to prosecute suspect,
6be71c1e353b29863d699b4cf7fc14f8b7c3da06c48b9d1a79b48e655634cc3e,2019-05,Lancashire Constabulary,Lancashire Constabulary,-2.714933,53.756557,On or near Langton Street,E01025289,Preston 017A,Violence and sexual offences,Unable to prosecute suspect,
6ddefe78039d4cded262a2e81e9840c476e5dbe4455dc997198856d99be81592,2019-05,Lancashire Constabulary,Lancashire Constabulary,-2.715306,53.756222,On or near Hartington Road,E01025289,Preston 017A,Violence and sexual offences,Status update unavailable,
549c8a6e72fdb7f13bf2e201ee256d233e478f83183bbed1b4780ad294961f23,2019-05,Lancashire Constabulary,Lancashire Constabulary,-2.714933,53.756557,On or near Langton Street,E01025289,Preston 017A,Violence and sexual offences,Status update unavailable,
6269b79b403c9714f301a6b097654573723310f69db58b96ebc10fe23eb2c441,2019-05,Lancashire Constabulary,Lancashire Constabulary,-2.714688,53.752855,On or near Taylor Street,E01025289,Preston 017A,Violence and sexual offences,Further investigation is not in the public interest,
326a34496663134986b41115552059e29d24d48677fce5b1a2ac2d2c3935c537,2019-05,Lancashire Constabulary,Lancashire Constabulary,-2.716377,53.757627,On or near Portland Street,E01025289,Preston 017A,Violence and sexual offences,Status update unavailable,
829ae166aca46da4f9032bce6b1bfe9a6413d2dd196e0eac4d4b2e21da73c984,2019-05,Lancashire Constabulary,Lancashire Constabulary,-2.716868,53.756213,On or near Old Millstones,E01025289,Preston 017A,Violence and sexual offences,Status update unavailable,
556bc3da754dcb05bcc6dead358bda5cd8199059e377deeb6385d02202f5382f,2019-05,Lancashire Constabulary,Lancashire Constabulary,-2.712388,53.759457,On or near Marsh Lane,E01025289,Preston 017A,Other crime,Unable to prosecute suspect,
,2019-05,Lancashire Constabulary,Lancashire Constabulary,-2.710053,53.755876,On or near Walton'S Parade,E01025290,Preston 017B,Anti-social behaviour,,
,2019-05,Lancashire Constabulary,Lancashire Constabulary,-2.711530,53.757107,On or near Ladyman Street,E01025290,Preston 017B,Anti-social behaviour,,
,2019-05,Lancashire Constabulary,Lancashire Constabulary,-2.712619,53.752490,On or near Beech Street South,E01025290,Preston 017B,Anti-social behaviour,,
,2019-05,Lancashire Constabulary,Lancashire Constabulary,-2.711530,53.757107,On or near Ladyman Street,E01025290,Preston 017B,Anti-social behaviour,,
,2019-05,Lancashire Constabulary,Lancashire Constabulary,-2.712619,53.752490,On or near Beech Street South,E01025290,Preston 017B,Anti-social behaviour,,
,2019-05,Lancashire Constabulary,Lancashire Constabulary,-2.708886,53.755945,On or near Christian Road,E01025290,Preston 017B,Anti-social behaviour,,
,2019-05,Lancashire Constabulary,Lancashire Constabulary,-2.708886,53.755945,On or near Christian Road,E01025290,Preston 017B,Anti-social behaviour,,
09fa92b7b66479b11cdec66c44428929697aa1fec2186b13a083f4ce10fb3c96,2019-05,Lancashire Constabulary,Lancashire Constabulary,-2.708886,53.755945,On or near Christian Road,E01025290,Preston 017B,Bicycle theft,Status update unavailable,
66549bcdd355baff2e178f2f8baaf9e6a16875c8ca91b490a40b69f51e946ce0,2019-05,Lancashire Constabulary,Lancashire Constabulary,-2.713692,53.755818,On or near Osborne Street,E01025290,Preston 017B,Criminal damage and arson,Status update unavailable,
4093a24b042337f368a9d92e077b45e116a2b5a20e4602273616acda540fbfb9,2019-05,Lancashire Constabulary,Lancashire Constabulary,-2.712619,53.752490,On or near Beech Street South,E01025290,Preston 017B,Criminal damage and arson,Status update unavailable,
741f0665b547719fedfb4f373391ef0c5a372c4be923616183b376fa38f5f29c,2019-05,Lancashire Constabulary,Lancashire Constabulary,-2.708827,53.756917,On or near Fishergate,E01025290,Preston 017B,Criminal damage and arson,Awaiting court outcome,
2080a8dc0d71f9a6f85ca3760f01436913434fb2503e089b6c3918edec90e8ec,2019-05,Lancashire Constabulary,Lancashire Constabulary,-2.711814,53.753304,On or near Hind Street,E01025290,Preston 017B,Criminal damage and arson,Status update unavailable,
3892590dc0d6d734e559968b9b7d524b8edeffbbba673b396eff8c386c4db6f7,2019-05,Lancashire Constabulary,Lancashire Constabulary,-2.710053,53.755876,On or near Walton'S Parade,E01025290,Preston 017B,Criminal damage and arson,Status update unavailable,
86d55ebb6bd7572e44099f7400dd4cb0d21726a60eb29eca6cc0b43c1096f955,2019-05,Lancashire Constabulary,Lancashire Constabulary,-2.709496,53.756167,On or near Stanley Place,E01025290,Preston 017B,Other theft,Status update unavailable,
757d1fdbc7ff09fec9f8abe29a7d0c70cdaa90a72f3bc30c2f88584264347256,2019-05,Lancashire Constabulary,Lancashire Constabulary,-2.713692,53.755818,On or near Osborne Street,E01025290,Preston 017B,Vehicle crime,Status update unavailable,
e37158ce27b982dcabd441abc6635caee473c6d9b11503f0e9c5f6d167b1609d,2019-05,Lancashire Constabulary,Lancashire Constabulary,-2.712690,53.756678,On or near Good Street,E01025290,Preston 017B,Violence and sexual offences,Status update unavailable,
9cee8f1c92ae38672e530eaac8c7c2db025dd1378e4167d7ee812901c90372b8,2019-05,Lancashire Constabulary,Lancashire Constabulary,-2.710554,53.755010,On or near North Cliff Street,E01025290,Preston 017B,Violence and sexual offences,Unable to prosecute suspect,
8cb5a8d5820ddbefcbbe3ae4c64be451d583c03fbd37c3934850782cc6bf50c2,2019-05,Lancashire Constabulary,Lancashire Constabulary,-2.712761,53.756399,On or near Christ Church Street,E01025290,Preston 017B,Violence and sexual offences,Status update unavailable,
b1bccfeb4a1a1bb615d78823b476b9a26620068edcda1d277ee9fde938af6fc8,2019-05,Lancashire Constabulary,Lancashire Constabulary,-2.709516,53.753713,On or near West Cliff,E01025290,Preston 017B,Violence and sexual offences,Unable to prosecute suspect,
e02925256e09d12b892bb61e9ceeaaa2af852d80f9ae27953f2b1bd0b8d9c34b,2019-05,Lancashire Constabulary,Lancashire Constabulary,-2.712619,53.752490,On or near Beech Street South,E01025290,Preston 017B,Violence and sexual offences,Status update unavailable,
ebc3839286954dd7904a2dfbd543232dde87e8b641e0b92323231fd20a323a4e,2019-05,Lancashire Constabulary,Lancashire Constabulary,-2.712690,53.756678,On or near Good Street,E01025290,Preston 017B,Violence and sexual offences,Status update unavailable,
27db2ed8cc0b3fe425c57f873b7102ee2330e7cc2d53287b0023eca8b15f69c4,2019-05,Lancashire Constabulary,Lancashire Constabulary,-2.712645,53.754018,On or near Lauderdale Street,E01025290,Preston 017B,Violence and sexual offences,Status update unavailable,
202115c99f038d5c9fe7ea33b0e07d1b27f2ad7ea8bfcd1adc3ded09754e3b93,2019-05,Lancashire Constabulary,Lancashire Constabulary,-2.708827,53.756917,On or near Fishergate,E01025290,Preston 017B,Violence and sexual offences,Unable to prosecute suspect,
08b5819c1d4157c96ea09a9957ca8cecb456a447ab0f06fb5cc8e7af04b047a4,2019-05,Lancashire Constabulary,Lancashire Constabulary,-2.708886,53.755945,On or near Christian Road,E01025290,Preston 017B,Violence and sexual offences,Offender given a caution,
16b47d706ffd5dcaa0afe061db791ff5062757a515d1ec7f89ff07f57888a99f,2019-05,Lancashire Constabulary,Lancashire Constabulary,-2.709516,53.753713,On or near West Cliff,E01025290,Preston 017B,Other crime,Status update unavailable,
,2019-05,Lancashire Constabulary,Lancashire Constabulary,-2.709967,53.750789,On or near Woods Green,E01025291,Preston 017C,Anti-social behaviour,,
,2019-05,Lancashire Constabulary,Lancashire Constabulary,-2.710294,53.752207,On or near Meadow Court,E01025291,Preston 017C,Anti-social behaviour,,
,2019-05,Lancashire Constabulary,Lancashire Constabulary,-2.710294,53.752207,On or near Meadow Court,E01025291,Preston 017C,Anti-social behaviour,,
,2019-05,Lancashire Constabulary,Lancashire Constabulary,-2.710862,53.749004,On or near South End,E01025291,Preston 017C,Anti-social behaviour,,
,2019-05,Lancashire Constabulary,Lancashire Constabulary,-2.712160,53.751324,On or near Hassett Close,E01025291,Preston 017C,Anti-social behaviour,,
,2019-05,Lancashire Constabulary,Lancashire Constabulary,-2.712160,53.751324,On or near Hassett Close,E01025291,Preston 017C,Anti-social behaviour,,
,2019-05,Lancashire Constabulary,Lancashire Constabulary,-2.711450,53.749737,On or near Connaught Road,E01025291,Preston 017C,Anti-social behaviour,,
,2019-05,Lancashire Constabulary,Lancashire Constabulary,-2.710862,53.749004,On or near South End,E01025291,Preston 017C,Anti-social behaviour,,
,2019-05,Lancashire Constabulary,Lancashire Constabulary,-2.712160,53.751324,On or near Hassett Close,E01025291,Preston 017C,Anti-social behaviour,,
,2019-05,Lancashire Constabulary,Lancashire Constabulary,-2.715060,53.752439,On or near Tyne Street,E01025291,Preston 017C,Anti-social behaviour,,
a8d94b01ebda5240865adf270cfbb65e2a1d237216eb558b48115c52d19b86cb,2019-05,Lancashire Constabulary,Lancashire Constabulary,-2.712160,53.751324,On or near Hassett Close,E01025291,Preston 017C,Criminal damage and arson,Status update unavailable,
9711f0fecfddde1a749860dbe3b9aca22d78b716e8a25ad5c512bf3160665002,2019-05,Lancashire Constabulary,Lancashire Constabulary,-2.707828,53.750748,On or near Sports/Recreation Area,E01025291,Preston 017C,Other theft,Status update unavailable,
f5b04df6a7e458ac85193cd6fea9d7ee795f31b655d0e5cbf7bee8bb18bc38ce,2019-05,Lancashire Constabulary,Lancashire Constabulary,-2.712160,53.751324,On or near Hassett Close,E01025291,Preston 017C,Violence and sexual offences,Status update unavailable,
eb91af314e7a6336be4f62cf0d16faf7b532044c1a161c78b4606d217e45eb0c,2019-05,Lancashire Constabulary,Lancashire Constabulary,-2.711597,53.748568,On or near Riverside,E01025291,Preston 017C,Violence and sexual offences,Awaiting court outcome,
,2019-05,Lancashire Constabulary,Lancashire Constabulary,-2.702518,53.757862,On or near Fishergate,E01025306,Preston 017D,Anti-social behaviour,,
,2019-05,Lancashire Constabulary,Lancashire Constabulary,-2.695547,53.753642,On or near Bank Parade,E01025306,Preston 017D,Anti-social behaviour,,
,2019-05,Lancashire Constabulary,Lancashire Constabulary,-2.702518,53.757862,On or near Fishergate,E01025306,Preston 017D,Anti-social behaviour,,
,2019-05,Lancashire Constabulary,Lancashire Constabulary,-2.702518,53.757862,On or near Fishergate,E01025306,Preston 017D,Anti-social behaviour,,
,2019-05,Lancashire Constabulary,Lancashire Constabulary,-2.702993,53.757266,On or near Chapel Street,E01025306,Preston 017D,Anti-social behaviour,,
,2019-05,Lancashire Constabulary,Lancashire Constabulary,-2.703833,53.754007,On or near East Cliff,E01025306,Preston 017D,Anti-social behaviour,,
,2019-05,Lancashire Constabulary,Lancashire Constabulary,-2.702499,53.758563,On or near Shopping Area,E01025306,Preston 017D,Anti-social behaviour,,
,2019-05,Lancashire Constabulary,Lancashire Constabulary,-2.695585,53.754154,On or near Cadogan Place,E01025306,Preston 017D,Anti-social behaviour,,
,2019-05,Lancashire Constabulary,Lancashire Constabulary,-2.696999,53.754334,On or near Latham Street,E01025306,Preston 017D,Anti-social behaviour,,
,2019-05,Lancashire Constabulary,Lancashire Constabulary,-2.694098,53.755025,On or near Oxford Street,E01025306,Preston 017D,Anti-social behaviour,,
,2019-05,Lancashire Constabulary,Lancashire Constabulary,-2.703833,53.754007,On or near East Cliff,E01025306,Preston 017D,Anti-social behaviour,,
,2019-05,Lancashire Constabulary,Lancashire Constabulary,-2.702774,53.759568,On or near Parking Area,E01025306,Preston 017D,Anti-social behaviour,,
,2019-05,Lancashire Constabulary,Lancashire Constabulary,-2.701517,53.757876,On or near Shopping Area,E01025306,Preston 017D,Anti-social behaviour,,
,2019-05,Lancashire Constabulary,Lancashire Constabulary,-2.705763,53.756944,On or near Shopping Area,E01025306,Preston 017D,Anti-social behaviour,,
,2019-05,Lancashire Constabulary,Lancashire Constabulary,-2.703833,53.754007,On or near East Cliff,E01025306,Preston 017D,Anti-social behaviour,,
,2019-05,Lancashire Constabulary,Lancashire Constabulary,-2.695547,53.753642,On or near Bank Parade,E01025306,Preston 017D,Anti-social behaviour,,
,2019-05,Lancashire Constabulary,Lancashire Constabulary,-2.703056,53.755566,On or near Garden Street,E01025306,Preston 017D,Anti-social behaviour,,
,2019-05,Lancashire Constabulary,Lancashire Constabulary,-2.703833,53.754007,On or near East Cliff,E01025306,Preston 017D,Anti-social behaviour,,
,2019-05,Lancashire Constabulary,Lancashire Constabulary,-2.703381,53.758728,On or near Nightclub,E01025306,Preston 017D,Anti-social behaviour,,
,2019-05,Lancashire Constabulary,Lancashire Constabulary,-2.701517,53.757876,On or near Shopping Area,E01025306,Preston 017D,Anti-social behaviour,,
,2019-05,Lancashire Constabulary,Lancashire Constabulary,-2.702993,53.757266,On or near Chapel Street,E01025306,Preston 017D,Anti-social behaviour,,
,2019-05,Lancashire Constabulary,Lancashire Constabulary,-2.695547,53.753642,On or near Bank Parade,E01025306,Preston 017D,Anti-social behaviour,,
,2019-05,Lancashire Constabulary,Lancashire Constabulary,-2.700626,53.754493,On or near Ribblesdale Place,E01025306,Preston 017D,Anti-social behaviour,,
,2019-05,Lancashire Constabulary,Lancashire Constabulary,-2.703833,53.754007,On or near East Cliff,E01025306,Preston 017D,Anti-social behaviour,,
,2019-05,Lancashire Constabulary,Lancashire Constabulary,-2.696999,53.754334,On or near Latham Street,E01025306,Preston 017D,Anti-social behaviour,,
,2019-05,Lancashire Constabulary,Lancashire Constabulary,-2.703709,53.758340,On or near Fox Street,E01025306,Preston 017D,Anti-social behaviour,,
,2019-05,Lancashire Constabulary,Lancashire Constabulary,-2.703709,53.758340,On or near Fox Street,E01025306,Preston 017D,Anti-social behaviour,,
,2019-05,Lancashire Constabulary,Lancashire Constabulary,-2.699122,53.755230,On or near Bairstow Street,E01025306,Preston 017D,Anti-social behaviour,,
,2019-05,Lancashire Constabulary,Lancashire Constabulary,-2.695547,53.753642,On or near Bank Parade,E01025306,Preston 017D,Anti-social behaviour,,
,2019-05,Lancashire Constabulary,Lancashire Constabulary,-2.695547,53.753642,On or near Bank Parade,E01025306,Preston 017D,Anti-social behaviour,,
,2019-05,Lancashire Constabulary,Lancashire Constabulary,-2.695547,53.753642,On or near Bank Parade,E01025306,Preston 017D,Anti-social behaviour,,
,2019-05,Lancashire Constabulary,Lancashire Constabulary,-2.702518,53.757862,On or near Fishergate,E01025306,Preston 017D,Anti-social behaviour,,
,2019-05,Lancashire Constabulary,Lancashire Constabulary,-2.703833,53.754007,On or near East Cliff,E01025306,Preston 017D,Anti-social behaviour,,
,2019-05,Lancashire Constabulary,Lancashire Constabulary,-2.701517,53.757876,On or near Shopping Area,E01025306,Preston 017D,Anti-social behaviour,,
,2019-05,Lancashire Constabulary,Lancashire Constabulary,-2.695547,53.753642,On or near Bank Parade,E01025306,Preston 017D,Anti-social behaviour,,
,2019-05,Lancashire Constabulary,Lancashire Constabulary,-2.695547,53.753642,On or near Bank Parade,E01025306,Preston 017D,Anti-social behaviour,,
a49444929258f15388824889c1260f669bf44d2fa82ba55eb63ceab11bc1346c,2019-05,Lancashire Constabulary,Lancashire Constabulary,-2.702536,53.758985,On or near George'S Road,E01025306,Preston 017D,Bicycle theft,Status update unavailable,
2afc3c4b5bc29829ddb7ccd55244ca85916ef8e0a29687b2ef1b8f6da3f3d41d,2019-05,Lancashire Constabulary,Lancashire Constabulary,-2.703899,53.757961,On or near Surgeon'S Court,E01025306,Preston 017D,Bicycle theft,Status update unavailable,
22985583ad6fb96b2bf992838432841bdbbcd982f626e69dc72f2d9dc4453692,2019-05,Lancashire Constabulary,Lancashire Constabulary,-2.697067,53.753894,On or near Porter Place,E01025306,Preston 017D,Burglary,Status update unavailable,
1f763c1694e0e371597dd7500d92eec200e524ffae3b6f7ad47e76c86da8b159,2019-05,Lancashire Constabulary,Lancashire Constabulary,-2.698192,53.755891,On or near Avenham Road,E01025306,Preston 017D,Criminal damage and arson,Status update unavailable,
65ac60179d902cac49d6a60976ccd9f1352820e453aa421afb3f44590896d1b4,2019-05,Lancashire Constabulary,Lancashire Constabulary,-2.703857,53.759049,On or near Fleet Street,E01025306,Preston 017D,Criminal damage and arson,Status update unavailable,
25bd6bb8226e9f154a4a13dca580fd6eb3fa4698330c3f51aaa0cd956f597c6d,2019-05,Lancashire Constabulary,Lancashire Constabulary,-2.702518,53.757862,On or near Fishergate,E01025306,Preston 017D,Criminal damage and arson,Status update unavailable,
8b75caa600bc776984d74f034301be4bbc62ff106812ef58ce1c677623db1db6,2019-05,Lancashire Constabulary,Lancashire Constabulary,-2.699122,53.755230,On or near Bairstow Street,E01025306,Preston 017D,Criminal damage and arson,Status update unavailable,
89a6d517176d249d3c149dbb47d03393c2f6eb3aed8d1248897fabeb8bc49bcc,2019-05,Lancashire Constabulary,Lancashire Constabulary,-2.703857,53.759049,On or near Fleet Street,E01025306,Preston 017D,Criminal damage and arson,Unable to prosecute suspect,
9beff1d1b1a97e4098714fd96198a77a7d40de98577e83b9fa393785e4959979,2019-05,Lancashire Constabulary,Lancashire Constabulary,-2.696999,53.754334,On or near Latham Street,E01025306,Preston 017D,Criminal damage and arson,Status update unavailable,
dbe567b81f448981d3ec0e79e72885556d7902b829593671dce79ed41bb6e955,2019-05,Lancashire Constabulary,Lancashire Constabulary,-2.698192,53.755891,On or near Avenham Road,E01025306,Preston 017D,Criminal damage and arson,Status update unavailable,
55b8ab3f2521ff6e6ab9b528e89a6a65cbbb08919c99830ed7b73645d13bbf07,2019-05,Lancashire Constabulary,Lancashire Constabulary,-2.694098,53.755025,On or near Oxford Street,E01025306,Preston 017D,Drugs,Awaiting court outcome,
b8d20fe5f9d08114ddebfb1ad63a7369aa2a9f4575537d2797d2a6fbc2e9a37a,2019-05,Lancashire Constabulary,Lancashire Constabulary,-2.698192,53.755891,On or near Avenham Road,E01025306,Preston 017D,Other theft,Status update unavailable,
2469360b4a4519faa099bf5b468899800a63640ba335be3940c6bad265e762bb,2019-05,Lancashire Constabulary,Lancashire Constabulary,-2.699108,53.757144,On or near New Cock Yard,E01025306,Preston 017D,Other theft,Status update unavailable,
b57437e467111772e1c69d4fffa685e37e9e4ea2f27254fc7fc629934442c6b2,2019-05,Lancashire Constabulary,Lancashire Constabulary,-2.698749,53.755601,On or near Chaddock Street,E01025306,Preston 017D,Other theft,Status update unavailable,
b2e663811c5fc68b42f7a8e8f8fa95cdf65af47f687d56a54688e05503ffb62b,2019-05,Lancashire Constabulary,Lancashire Constabulary,-2.702499,53.758563,On or near Shopping Area,E01025306,Preston 017D,Other theft,Status update unavailable,
29dede3255dd7a033c78661dcde3386457ea2b30c1c438489e037efc4b8ca1b0,2019-05,Lancashire Constabulary,Lancashire Constabulary,-2.702518,53.757862,On or near Fishergate,E01025306,Preston 017D,Other theft,Status update unavailable,
537f8d7f9673d182aa96fa910a73785e0b6c837b6a887ffbe6bf965a4ca69f92,2019-05,Lancashire Constabulary,Lancashire Constabulary,-2.696550,53.754688,On or near Great Avenham Street,E01025306,Preston 017D,Other theft,Unable to prosecute suspect,
c184b44679fca5584b27b35623d88841a82492cfc7cc45f37ef9bd93b0400f8f,2019-05,Lancashire Constabulary,Lancashire Constabulary,-2.704312,53.757222,On or near Theatre Street,E01025306,Preston 017D,Other theft,Status update unavailable,
9d911a504b9741ba762e09b5de41bcba20634b2fa162fff692a84fb058d65f57,2019-05,Lancashire Constabulary,Lancashire Constabulary,-2.702518,53.757862,On or near Fishergate,E01025306,Preston 017D,Other theft,Status update unavailable,
bb3c6636cc0baa3c5d5b0f4f4354c1f3ad31c61ed833f34b30363735448f90d5,2019-05,Lancashire Constabulary,Lancashire Constabulary,-2.705763,53.756944,On or near Shopping Area,E01025306,Preston 017D,Other theft,Unable to prosecute suspect,
dbf4c9d857def9076428e1de9aa9d4f93e5a07a4574e96b09aff41c246825156,2019-05,Lancashire Constabulary,Lancashire Constabulary,-2.701517,53.757876,On or near Shopping Area,E01025306,Preston 017D,Other theft,Status update unavailable,
1eadda5e8a3235e2753e4a1043fff08ba6ffa6695681f8b815c07eb033246734,2019-05,Lancashire Constabulary,Lancashire Constabulary,-2.704312,53.757222,On or near Theatre Street,E01025306,Preston 017D,Other theft,Status update unavailable,
113b845ef0af9e5261bd7af709575b2bf03fb5902122f42cbf23ef170771fafc,2019-05,Lancashire Constabulary,Lancashire Constabulary,-2.703381,53.758728,On or near Nightclub,E01025306,Preston 017D,Possession of weapons,Awaiting court outcome,
d06d2ad7b9b6c7a69726ce32803587869be7940bf1014807818fe04765bd55ad,2019-05,Lancashire Constabulary,Lancashire Constabulary,-2.694098,53.755025,On or near Oxford Street,E01025306,Preston 017D,Public order,Unable to prosecute suspect,
4e5e0ace34da5ad793847b1251faf54075a14cf68597cda8c7f237cb4784ceaa,2019-05,Lancashire Constabulary,Lancashire Constabulary,-2.701226,53.754966,On or near Camden Place,E01025306,Preston 017D,Public order,Status update unavailable,
8341a52295e9d2f15fc9defbad590276dfaacc2d76f7ed650c7b43d0fdf4a848,2019-05,Lancashire Constabulary,Lancashire Constabulary,-2.702518,53.757862,On or near Fishergate,E01025306,Preston 017D,Public order,Further investigation is not in the public interest,
249dd9c8801d1a8e392423192e6c471c8658466760a9a8ae651f6ea3fa68edf1,2019-05,Lancashire Constabulary,Lancashire Constabulary,-2.703709,53.758340,On or near Fox Street,E01025306,Preston 017D,Public order,Status update unavailable,
7c8a1e6c6841a896a3fd50ade27c232c190ba3fadd61b59d0a8c1930be3602ac,2019-05,Lancashire Constabulary,Lancashire Constabulary,-2.703381,53.758728,On or near Nightclub,E01025306,Preston 017D,Robbery,Unable to prosecute suspect,
03dc6109a43236a422d8bb1dbd5bd58bb7907d695b147e305311f2efc82e6861,2019-05,Lancashire Constabulary,Lancashire Constabulary,-2.703588,53.756597,On or near Mount Street,E01025306,Preston 017D,Robbery,Status update unavailable,
39867e2f84ff26bf823c78b0191df65f3bc16dbde8d0682151778562980ba7f0,2019-05,Lancashire Constabulary,Lancashire Constabulary,-2.700626,53.754493,On or near Ribblesdale Place,E01025306,Preston 017D,Robbery,Status update unavailable,
3c4d7e5d701049e634526322458933c772252eaab138f9967107c50c05e24f08,2019-05,Lancashire Constabulary,Lancashire Constabulary,-2.702993,53.757266,On or near Chapel Street,E01025306,Preston 017D,Robbery,Status update unavailable,
5cfa27858f0d75ce762d988a3e7e0d530e89fabb26bf45a8e9f0da1b6967042a,2019-05,Lancashire Constabulary,Lancashire Constabulary,-2.703833,53.754007,On or near East Cliff,E01025306,Preston 017D,Robbery,Status update unavailable,
bdf161de58ab268583a832644cc70a31666531c9d4f8afbd81a32bffa0006877,2019-05,Lancashire Constabulary,Lancashire Constabulary,-2.704312,53.757222,On or near Theatre Street,E01025306,Preston 017D,Shoplifting,Unable to prosecute suspect,
f884d74d3fd242091cd19d480c32d887297220d09b3778ba6b53327f43920455,2019-05,Lancashire Constabulary,Lancashire Constabulary,-2.701517,53.757876,On or near Shopping Area,E01025306,Preston 017D,Shoplifting,Status update unavailable,
7284acb265d769398aeb1e244013315235f3fee11f99cc176c54370ada698e92,2019-05,Lancashire Constabulary,Lancashire Constabulary,-2.705763,53.756944,On or near Shopping Area,E01025306,Preston 017D,Shoplifting,Offender given conditional discharge,
9b77637813cf81636ab174e4cca1206394b347b8e20943dfd46bc27da6d1a889,2019-05,Lancashire Constabulary,Lancashire Constabulary,-2.702499,53.758563,On or near Shopping Area,E01025306,Preston 017D,Shoplifting,Status update unavailable,
2154eddbc0e3c9c950ebecd9b2a5f060c411822bb76836bf1a4a931058502f56,2019-05,Lancashire Constabulary,Lancashire Constabulary,-2.705763,53.756944,On or near Shopping Area,E01025306,Preston 017D,Shoplifting,Offender fined,
f9b44904866af95b4b89cb7296917ce1e6dd009a12c8beafdc26a526dd1da246,2019-05,Lancashire Constabulary,Lancashire Constabulary,-2.704312,53.757222,On or near Theatre Street,E01025306,Preston 017D,Shoplifting,Formal action is not in the public interest,
addb1381f2384ce30e23165ff4ee9739b82253a48dd50e12dd1ec22fe853c666,2019-05,Lancashire Constabulary,Lancashire Constabulary,-2.705763,53.756944,On or near Shopping Area,E01025306,Preston 017D,Shoplifting,Awaiting court outcome,
13842207ecadc9657d23bdd6e337cd97c88244619ba25801c225454faa448a68,2019-05,Lancashire Constabulary,Lancashire Constabulary,-2.701517,53.757876,On or near Shopping Area,E01025306,Preston 017D,Shoplifting,Status update unavailable,
4255f4853b69165ca8009f53e57097d45feed065eae0e575539b4f5aeb518dd4,2019-05,Lancashire Constabulary,Lancashire Constabulary,-2.704312,53.757222,On or near Theatre Street,E01025306,Preston 017D,Shoplifting,Awaiting court outcome,
810193753647d0bc3bd39b847a8d9988df46a7f1db5a4c1d871c8c645374f4df,2019-05,Lancashire Constabulary,Lancashire Constabulary,-2.701517,53.757876,On or near Shopping Area,E01025306,Preston 017D,Shoplifting,Status update unavailable,
5da03f4fd6487e5d5fa20b0d88eded770494b50df8029942c7891a986fff28f0,2019-05,Lancashire Constabulary,Lancashire Constabulary,-2.704312,53.757222,On or near Theatre Street,E01025306,Preston 017D,Shoplifting,Status update unavailable,
8c354d8107552042e22b02ca5dd0f3c5f207a63e1e70ab28bcff533a9613705c,2019-05,Lancashire Constabulary,Lancashire Constabulary,-2.704312,53.757222,On or near Theatre Street,E01025306,Preston 017D,Shoplifting,Status update unavailable,
e205f07a340f34331ae11148a97aac3733a023dfc9999cc89b65daeada2f2a31,2019-05,Lancashire Constabulary,Lancashire Constabulary,-2.705882,53.757698,On or near Corporation Street,E01025306,Preston 017D,Shoplifting,Status update unavailable,
dc8baadb85ee9451772c615ddc897de02f49c407a8cc720f1189f771380cffc2,2019-05,Lancashire Constabulary,Lancashire Constabulary,-2.704312,53.757222,On or near Theatre Street,E01025306,Preston 017D,Shoplifting,Status update unavailable,
e0b9b1b1e556fa6c33f76149e43811de7c56f88d163989c84f32db699ea75e23,2019-05,Lancashire Constabulary,Lancashire Constabulary,-2.704312,53.757222,On or near Theatre Street,E01025306,Preston 017D,Shoplifting,Unable to prosecute suspect,
0911385bfea9461864739ecf3b5db113bc15a38256b680fa14ce21f1536df4d0,2019-05,Lancashire Constabulary,Lancashire Constabulary,-2.702536,53.758985,On or near George'S Road,E01025306,Preston 017D,Shoplifting,Status update unavailable,
ad5b8708bc69b117bc18ae3d54e51f59f2d06310682cb2e3ea435b47fa018861,2019-05,Lancashire Constabulary,Lancashire Constabulary,-2.702536,53.758985,On or near George'S Road,E01025306,Preston 017D,Shoplifting,Status update unavailable,
ae547e9af734d3cd18cf139de3ea74138fdd874fa46c2d5ad00fcf8a6a1edd84,2019-05,Lancashire Constabulary,Lancashire Constabulary,-2.705763,53.756944,On or near Shopping Area,E01025306,Preston 017D,Shoplifting,Status update unavailable,
55e2476c94287fafe6336b8868a28900aa467a3b6d3857e5926d83e77deee82a,2019-05,Lancashire Constabulary,Lancashire Constabulary,-2.704312,53.757222,On or near Theatre Street,E01025306,Preston 017D,Shoplifting,Status update unavailable,
45dc3738de963c264cea0813a82fbae471b36d944a1eb8ebd50ae8df06bcc3ba,2019-05,Lancashire Constabulary,Lancashire Constabulary,-2.701517,53.757876,On or near Shopping Area,E01025306,Preston 017D,Shoplifting,Status update unavailable,
981257a75875e77b2e0a310be8069bcb9127243a2d64bacf7de0db1385ba602d,2019-05,Lancashire Constabulary,Lancashire Constabulary,-2.704312,53.757222,On or near Theatre Street,E01025306,Preston 017D,Shoplifting,Status update unavailable,
f88a99e76e4a1aefa168e1cc6118d5020a678d36caceccfcd96822a377752314,2019-05,Lancashire Constabulary,Lancashire Constabulary,-2.705763,53.756944,On or near Shopping Area,E01025306,Preston 017D,Shoplifting,Status update unavailable,
a3389867d3ab9659bdf4f042cdc4c91ebbb7d9dc60f7c987303bebdc64c4a51b,2019-05,Lancashire Constabulary,Lancashire Constabulary,-2.705763,53.756944,On or near Shopping Area,E01025306,Preston 017D,Violence and sexual offences,Unable to prosecute suspect,
eee2667303fbc8cb437b408a04e57d633f37c3420b41fe7c5d09dfafa40bebda,2019-05,Lancashire Constabulary,Lancashire Constabulary,-2.703381,53.758728,On or near Nightclub,E01025306,Preston 017D,Violence and sexual offences,Status update unavailable,
d9ed46c5119aad02a0448e0d9a07d365fbe31941918cde9f13b3aefc8cd717ca,2019-05,Lancashire Constabulary,Lancashire Constabulary,-2.703709,53.758340,On or near Fox Street,E01025306,Preston 017D,Violence and sexual offences,Status update unavailable,
d341adbadc2d51142d2b4b94ab6b5e3efbbb2197dc6e3ae99978fb1b67e1d74a,2019-05,Lancashire Constabulary,Lancashire Constabulary,-2.694098,53.755025,On or near Oxford Street,E01025306,Preston 017D,Violence and sexual offences,Defendant found not guilty,
0dea4ce790420f8e3dc2f00c8512fbdae9ed2a25b9bc822f9df14ec9f6ca5fae,2019-05,Lancashire Constabulary,Lancashire Constabulary,-2.703709,53.758340,On or near Fox Street,E01025306,Preston 017D,Violence and sexual offences,Status update unavailable,
1446081f0418adc2a45af12747a7fe45fdebd04e0f0b5b4867d1270e03030191,2019-05,Lancashire Constabulary,Lancashire Constabulary,-2.694098,53.755025,On or near Oxford Street,E01025306,Preston 017D,Violence and sexual offences,Investigation complete; no suspect identified,
ba256301d98428d5f3e8b2791884698d8db55aae4fccbd41f4ba3d97972be031,2019-05,Lancashire Constabulary,Lancashire Constabulary,-2.705763,53.756944,On or near Shopping Area,E01025306,Preston 017D,Violence and sexual offences,Status update unavailable,
0d7c0fd7f0cff096ed2efe9ff41aa0124df88c559edac98cedf9de3659c3963e,2019-05,Lancashire Constabulary,Lancashire Constabulary,-2.704312,53.757222,On or near Theatre Street,E01025306,Preston 017D,Violence and sexual offences,Status update unavailable,
df1acb927ff368b460f9af394c846b1e6289e888ecee49d8e8bff40d15ac3953,2019-05,Lancashire Constabulary,Lancashire Constabulary,-2.705882,53.757698,On or near Corporation Street,E01025306,Preston 017D,Violence and sexual offences,Status update unavailable,
b60af69a18994545040c25faeb182958f0cae3fd03f43699d68cdb12e49cc22e,2019-05,Lancashire Constabulary,Lancashire Constabulary,-2.705763,53.756944,On or near Shopping Area,E01025306,Preston 017D,Violence and sexual offences,Unable to prosecute suspect,
965af9df774d41a27fa9ae3a27f3ce5b375c305367d40f4044ba55aef527ad5f,2019-05,Lancashire Constabulary,Lancashire Constabulary,-2.703709,53.758340,On or near Fox Street,E01025306,Preston 017D,Violence and sexual offences,Status update unavailable,
2060e58d5d71f9f3ca1edb124386d7463f1e7f91cdd7145bf1251a29fa4d03df,2019-05,Lancashire Constabulary,Lancashire Constabulary,-2.701517,53.757876,On or near Shopping Area,E01025306,Preston 017D,Violence and sexual offences,Status update unavailable,
4d13197ee80b257cdf87229fd4b17f26ce697a99ad87b4dec6d92731cf416f87,2019-05,Lancashire Constabulary,Lancashire Constabulary,-2.704312,53.757222,On or near Theatre Street,E01025306,Preston 017D,Violence and sexual offences,Status update unavailable,
70a4a40bd56b3e433a59e176ac0079c2923f7b2bff841b7afd9172bdccef7f95,2019-05,Lancashire Constabulary,Lancashire Constabulary,-2.702499,53.758563,On or near Shopping Area,E01025306,Preston 017D,Violence and sexual offences,Status update unavailable,
5c09122b3aab68840a012f983fa9e5a2a3849d8b1f8a9e226153ee55acf7731b,2019-05,Lancashire Constabulary,Lancashire Constabulary,-2.705763,53.756944,On or near Shopping Area,E01025306,Preston 017D,Violence and sexual offences,Status update unavailable,
1cf69c16c2e0525dfa758a702d39eadc4e01455b1daa7e3ff83ecf1b842ba28f,2019-05,Lancashire Constabulary,Lancashire Constabulary,-2.699122,53.755230,On or near Bairstow Street,E01025306,Preston 017D,Violence and sexual offences,Awaiting court outcome,
8ab88b996e679cbebff21af8df9607820d039492f23ee392f5bbf0e00c4af882,2019-05,Lancashire Constabulary,Lancashire Constabulary,-2.703709,53.758340,On or near Fox Street,E01025306,Preston 017D,Violence and sexual offences,Status update unavailable,
84115c31522cfa81ebc8f84bdfe4e2c3cbd04b8a2f0f56ad13c7320e96d14ef9,2019-05,Lancashire Constabulary,Lancashire Constabulary,-2.698749,53.755601,On or near Chaddock Street,E01025306,Preston 017D,Violence and sexual offences,Unable to prosecute suspect,
9fb7bfaf42b9ba40f6dc2788dbe5f6e44fb4aad66871861a296e8c4ed7de3b5f,2019-05,Lancashire Constabulary,Lancashire Constabulary,-2.702518,53.757862,On or near Fishergate,E01025306,Preston 017D,Violence and sexual offences,Status update unavailable,
14054d24047931ccfc3123f004623b1b9985d3d076a995ee09da1411c017a55a,2019-05,Lancashire Constabulary,Lancashire Constabulary,-2.705763,53.756944,On or near Shopping Area,E01025306,Preston 017D,Violence and sexual offences,Status update unavailable,
42592f509e1c30e3e509ebf521fd0b4afd90a5239fca56686456fe6bcd54378b,2019-05,Lancashire Constabulary,Lancashire Constabulary,-2.704312,53.757222,On or near Theatre Street,E01025306,Preston 017D,Violence and sexual offences,Status update unavailable,
747a4473f86891f7863cd7bfec730ff78af8c79876dfe4858d0b2955501a40f5,2019-05,Lancashire Constabulary,Lancashire Constabulary,-2.695132,53.755199,On or near Silver Street,E01025306,Preston 017D,Violence and sexual offences,Unable to prosecute suspect,
b04a89a601fc8fbcb3f4639c25f0ecd692eda2f99e42538449abaac373505f27,2019-05,Lancashire Constabulary,Lancashire Constabulary,-2.699122,53.755230,On or near Bairstow Street,E01025306,Preston 017D,Violence and sexual offences,Awaiting court outcome,
60c9c7aef955e2e47ecefc73f91c416c8229fbbae3a5421ca9a6fe7936775d9b,2019-05,Lancashire Constabulary,Lancashire Constabulary,-2.702614,53.759991,On or near Friargate,E01025306,Preston 017D,Violence and sexual offences,Status update unavailable,
26f705f0ac6f752d2fabf3a0f8f16239ad37b1f9103af91042a0deb4b00f6a16,2019-05,Lancashire Constabulary,Lancashire Constabulary,-2.702009,53.757406,On or near Winckley Street,E01025306,Preston 017D,Violence and sexual offences,Status update unavailable,
43c6cdfb5e8ba14b760c78854da3bd8a89148245e808d1c811280a010e2bdd14,2019-05,Lancashire Constabulary,Lancashire Constabulary,-2.698749,53.755601,On or near Chaddock Street,E01025306,Preston 017D,Violence and sexual offences,Status update unavailable,
e4ecbef36305f22c4b9fb1af14cddb998f723dc949435ef9b1ae1eb1dbf7c4ca,2019-05,Lancashire Constabulary,Lancashire Constabulary,-2.702518,53.757862,On or near Fishergate,E01025306,Preston 017D,Violence and sexual offences,Unable to prosecute suspect,
,2019-05,Lancashire Constabulary,Lancashire Constabulary,-2.697839,53.758374,On or near Fishergate,E01033223,Preston 017F,Anti-social behaviour,,
,2019-05,Lancashire Constabulary,Lancashire Constabulary,-2.698175,53.757599,On or near Main Sprit Weind,E01033223,Preston 017F,Anti-social behaviour,,
,2019-05,Lancashire Constabulary,Lancashire Constabulary,-2.703111,53.760671,On or near Union Street,E01033223,Preston 017F,Anti-social behaviour,,
,2019-05,Lancashire Constabulary,Lancashire Constabulary,-2.704710,53.761066,On or near Friargate,E01033223,Preston 017F,Anti-social behaviour,,
,2019-05,Lancashire Constabulary,Lancashire Constabulary,-2.703111,53.760671,On or near Union Street,E01033223,Preston 017F,Anti-social behaviour,,
,2019-05,Lancashire Constabulary,Lancashire Constabulary,-2.690757,53.761220,On or near Church Street,E01033223,Preston 017F,Anti-social behaviour,,
,2019-05,Lancashire Constabulary,Lancashire Constabulary,-2.690757,53.761220,On or near Church Street,E01033223,Preston 017F,Anti-social behaviour,,
,2019-05,Lancashire Constabulary,Lancashire Constabulary,-2.706143,53.761489,On or near Edward Street,E01033223,Preston 017F,Anti-social behaviour,,
,2019-05,Lancashire Constabulary,Lancashire Constabulary,-2.701872,53.761892,On or near Parking Area,E01033223,Preston 017F,Anti-social behaviour,,
,2019-05,Lancashire Constabulary,Lancashire Constabulary,-2.698175,53.757599,On or near Main Sprit Weind,E01033223,Preston 017F,Anti-social behaviour,,
,2019-05,Lancashire Constabulary,Lancashire Constabulary,-2.701872,53.761892,On or near Parking Area,E01033223,Preston 017F,Anti-social behaviour,,
,2019-05,Lancashire Constabulary,Lancashire Constabulary,-2.701648,53.760275,On or near Shopping Area,E01033223,Preston 017F,Anti-social behaviour,,
,2019-05,Lancashire Constabulary,Lancashire Constabulary,-2.690757,53.761220,On or near Church Street,E01033223,Preston 017F,Anti-social behaviour,,
,2019-05,Lancashire Constabulary,Lancashire Constabulary,-2.699941,53.759773,On or near Market Street,E01033223,Preston 017F,Anti-social behaviour,,
,2019-05,Lancashire Constabulary,Lancashire Constabulary,-2.693614,53.760592,On or near Pole Street,E01033223,Preston 017F,Anti-social behaviour,,
,2019-05,Lancashire Constabulary,Lancashire Constabulary,-2.703739,53.761980,On or near Patten Street,E01033223,Preston 017F,Anti-social behaviour,,
,2019-05,Lancashire Constabulary,Lancashire Constabulary,-2.699333,53.758806,On or near Cheapside,E01033223,Preston 017F,Anti-social behaviour,,
,2019-05,Lancashire Constabulary,Lancashire Constabulary,-2.699333,53.758806,On or near Cheapside,E01033223,Preston 017F,Anti-social behaviour,,
,2019-05,Lancashire Constabulary,Lancashire Constabulary,-2.699333,53.758806,On or near Cheapside,E01033223,Preston 017F,Anti-social behaviour,,
,2019-05,Lancashire Constabulary,Lancashire Constabulary,-2.699333,53.758806,On or near Cheapside,E01033223,Preston 017F,Anti-social behaviour,,
,2019-05,Lancashire Constabulary,Lancashire Constabulary,-2.701872,53.761892,On or near Parking Area,E01033223,Preston 017F,Anti-social behaviour,,
,2019-05,Lancashire Constabulary,Lancashire Constabulary,-2.695340,53.759530,On or near Church Row,E01033223,Preston 017F,Anti-social behaviour,,
,2019-05,Lancashire Constabulary,Lancashire Constabulary,-2.697839,53.758374,On or near Fishergate,E01033223,Preston 017F,Anti-social behaviour,,
,2019-05,Lancashire Constabulary,Lancashire Constabulary,-2.701090,53.762292,On or near Police Station,E01033223,Preston 017F,Anti-social behaviour,,
,2019-05,Lancashire Constabulary,Lancashire Constabulary,-2.700255,53.757704,On or near Shopping Area,E01033223,Preston 017F,Anti-social behaviour,,
,2019-05,Lancashire Constabulary,Lancashire Constabulary,-2.690757,53.761220,On or near Church Street,E01033223,Preston 017F,Anti-social behaviour,,
,2019-05,Lancashire Constabulary,Lancashire Constabulary,-2.696184,53.761008,On or near Parking Area,E01033223,Preston 017F,Anti-social behaviour,,
,2019-05,Lancashire Constabulary,Lancashire Constabulary,-2.700255,53.757704,On or near Shopping Area,E01033223,Preston 017F,Anti-social behaviour,,
,2019-05,Lancashire Constabulary,Lancashire Constabulary,-2.704303,53.761231,On or near Clayton'S Gate,E01033223,Preston 017F,Anti-social behaviour,,
,2019-05,Lancashire Constabulary,Lancashire Constabulary,-2.697839,53.758374,On or near Fishergate,E01033223,Preston 017F,Anti-social behaviour,,
,2019-05,Lancashire Constabulary,Lancashire Constabulary,-2.693945,53.759538,On or near Church Street,E01033223,Preston 017F,Anti-social behaviour,,
,2019-05,Lancashire Constabulary,Lancashire Constabulary,-2.700974,53.760792,On or near Nightclub,E01033223,Preston 017F,Anti-social behaviour,,
,2019-05,Lancashire Constabulary,Lancashire Constabulary,-2.692725,53.760984,On or near Percy Street,E01033223,Preston 017F,Anti-social behaviour,,
,2019-05,Lancashire Constabulary,Lancashire Constabulary,-2.697839,53.758374,On or near Fishergate,E01033223,Preston 017F,Anti-social behaviour,,
,2019-05,Lancashire Constabulary,Lancashire Constabulary,-2.697839,53.758374,On or near Fishergate,E01033223,Preston 017F,Anti-social behaviour,,
,2019-05,Lancashire Constabulary,Lancashire Constabulary,-2.702084,53.761855,On or near Snow Hill,E01033223,Preston 017F,Anti-social behaviour,,
,2019-05,Lancashire Constabulary,Lancashire Constabulary,-2.701648,53.760275,On or near Shopping Area,E01033223,Preston 017F,Anti-social behaviour,,
,2019-05,Lancashire Constabulary,Lancashire Constabulary,-2.698291,53.761841,On or near Ormskirk Road,E01033223,Preston 017F,Anti-social behaviour,,
,2019-05,Lancashire Constabulary,Lancashire Constabulary,-2.701648,53.760275,On or near Shopping Area,E01033223,Preston 017F,Anti-social behaviour,,
,2019-05,Lancashire Constabulary,Lancashire Constabulary,-2.697839,53.758374,On or near Fishergate,E01033223,Preston 017F,Anti-social behaviour,,
,2019-05,Lancashire Constabulary,Lancashire Constabulary,-2.698175,53.757599,On or near Main Sprit Weind,E01033223,Preston 017F,Anti-social behaviour,,
,2019-05,Lancashire Constabulary,Lancashire Constabulary,-2.699941,53.759773,On or near Market Street,E01033223,Preston 017F,Anti-social behaviour,,
,2019-05,Lancashire Constabulary,Lancashire Constabulary,-2.701648,53.760275,On or near Shopping Area,E01033223,Preston 017F,Anti-social behaviour,,
,2019-05,Lancashire Constabulary,Lancashire Constabulary,-2.706143,53.761489,On or near Edward Street,E01033223,Preston 017F,Anti-social behaviour,,
,2019-05,Lancashire Constabulary,Lancashire Constabulary,-2.698291,53.761841,On or near Ormskirk Road,E01033223,Preston 017F,Anti-social behaviour,,
,2019-05,Lancashire Constabulary,Lancashire Constabulary,-2.699333,53.758806,On or near Cheapside,E01033223,Preston 017F,Anti-social behaviour,,
,2019-05,Lancashire Constabulary,Lancashire Constabulary,-2.699333,53.758806,On or near Cheapside,E01033223,Preston 017F,Anti-social behaviour,,
,2019-05,Lancashire Constabulary,Lancashire Constabulary,-2.699333,53.758806,On or near Cheapside,E01033223,Preston 017F,Anti-social behaviour,,
223e5727cde2a85006976a09048accaa8d9e4fc1c6f6a8b524294199252b773d,2019-05,Lancashire Constabulary,Lancashire Constabulary,-2.706451,53.761802,On or near Hope Street,E01033223,Preston 017F,Bicycle theft,Further investigation is not in the public interest,
b1bc1e540aa4774dcc26545bb3fa00b0fc9e0335f5e06dc575202072407fe7eb,2019-05,Lancashire Constabulary,Lancashire Constabulary,-2.699333,53.758806,On or near Cheapside,E01033223,Preston 017F,Bicycle theft,Status update unavailable,
7db17ab9887f632023210f321006fc52475aa499bfd9ad05435f2d643c1eac73,2019-05,Lancashire Constabulary,Lancashire Constabulary,-2.706143,53.761489,On or near Edward Street,E01033223,Preston 017F,Burglary,Unable to prosecute suspect,
868566fa9e5974c770535c2ca0cf7a066b82d3523054489feba734a6a149ab8a,2019-05,Lancashire Constabulary,Lancashire Constabulary,-2.699830,53.757662,On or near Temple Court,E01033223,Preston 017F,Burglary,Status update unavailable,
31b248b284a9d1743bdde5057af748908d1da1e842a27ff6338ba8a3ab63e74e,2019-05,Lancashire Constabulary,Lancashire Constabulary,-2.692725,53.760984,On or near Percy Street,E01033223,Preston 017F,Burglary,Status update unavailable,
a0dbf8c10bda40d6be584385e42386b7bfa7f90d7a2ee5259e70a23f7db02289,2019-05,Lancashire Constabulary,Lancashire Constabulary,-2.704303,53.761231,On or near Clayton'S Gate,E01033223,Preston 017F,Burglary,Status update unavailable,
4af8ca8218ac9ce376a7cdb03de7020e18fd6230d190ac076ee920bb548b9b7d,2019-05,Lancashire Constabulary,Lancashire Constabulary,-2.690618,53.761041,On or near Stanley Street,E01033223,Preston 017F,Criminal damage and arson,Awaiting court outcome,
3cceceec69287b6d9cf2ccae0c28bfc78903b78de76b41ccaca5be25618daa68,2019-05,Lancashire Constabulary,Lancashire Constabulary,-2.698175,53.757599,On or near Main Sprit Weind,E01033223,Preston 017F,Criminal damage and arson,Status update unavailable,
3b23c079c07d3566955384da62f0bed753fae64766436422b465f9694f9aab6d,2019-05,Lancashire Constabulary,Lancashire Constabulary,-2.697839,53.758374,On or near Fishergate,E01033223,Preston 017F,Criminal damage and arson,Defendant sent to Crown Court,
98be01a7143b7587068d9da391d2b95c6d0db366d467cf8ac70152ea3f8046ea,2019-05,Lancashire Constabulary,Lancashire Constabulary,-2.690757,53.761220,On or near Church Street,E01033223,Preston 017F,Criminal damage and arson,Further investigation is not in the public interest,
a5a02b165f43ab580616efdcf1482b50baf8eb3db1349f9bb5ad8d36b18d9f77,2019-05,Lancashire Constabulary,Lancashire Constabulary,-2.699333,53.758806,On or near Cheapside,E01033223,Preston 017F,Criminal damage and arson,Local resolution,
8dfed351e377656f06012543ed52ce723b6d1f7c1cef0a92968a9959c02fad46,2019-05,Lancashire Constabulary,Lancashire Constabulary,-2.703111,53.760671,On or near Union Street,E01033223,Preston 017F,Criminal damage and arson,Status update unavailable,
9dbe762a66ebc98761aad7f94220998006e29d1571c1ff81566f9cc88f2e6938,2019-05,Lancashire Constabulary,Lancashire Constabulary,-2.704710,53.761066,On or near Friargate,E01033223,Preston 017F,Criminal damage and arson,Status update unavailable,
2a33f9672e83d9f9fadae8feb86286b9a2bc77add03a663885a212323d75e06b,2019-05,Lancashire Constabulary,Lancashire Constabulary,-2.697839,53.758374,On or near Fishergate,E01033223,Preston 017F,Criminal damage and arson,Status update unavailable,
9d094d3aa078924d0f10ec2e0a922c0fbec9a82ae9915c6585f0032e6820ca79,2019-05,Lancashire Constabulary,Lancashire Constabulary,-2.704696,53.760240,On or near Back Seed Street,E01033223,Preston 017F,Criminal damage and arson,Status update unavailable,
7977b5bc90c26fc24e7f582b3be025a9d52aa9caa3966c13c0e79f350e86bc48,2019-05,Lancashire Constabulary,Lancashire Constabulary,-2.699333,53.758806,On or near Cheapside,E01033223,Preston 017F,Criminal damage and arson,Status update unavailable,
b3878705ea1258e558613eaf17a16dc0730fcd105bb083772155270e3c885b2d,2019-05,Lancashire Constabulary,Lancashire Constabulary,-2.697839,53.758374,On or near Fishergate,E01033223,Preston 017F,Drugs,Unable to prosecute suspect,
a7f10f6b16634ec51a8c4510992a2ebe269eacc153c692d9dd0247d9351a237f,2019-05,Lancashire Constabulary,Lancashire Constabulary,-2.696002,53.761953,On or near Pedestrian Subway,E01033223,Preston 017F,Drugs,Awaiting court outcome,
76d35ce88cc53a49119ffe4cfdff45cc95d615bd7bc01be3ba8470524ace3b87,2019-05,Lancashire Constabulary,Lancashire Constabulary,-2.697839,53.758374,On or near Fishergate,E01033223,Preston 017F,Drugs,Offender given a caution,
2e8cf74b99fb3b66e7cb3c9eac0a14c55afcf63a2a7f9767e17616358bbc8097,2019-05,Lancashire Constabulary,Lancashire Constabulary,-2.697555,53.762295,On or near North Road,E01033223,Preston 017F,Drugs,Unable to prosecute suspect,
28da4503ee642d0b9410c52f65eaccfc8d11c844ec57dc819208dffc47a9208a,2019-05,Lancashire Constabulary,Lancashire Constabulary,-2.701090,53.762292,On or near Police Station,E01033223,Preston 017F,Drugs,Offender given a caution,
00ba61d4bc6eb7844d54e86137a6978ead0ee7f094ab662877f6f83082e011f1,2019-05,Lancashire Constabulary,Lancashire Constabulary,-2.690618,53.761041,On or near Stanley Street,E01033223,Preston 017F,Other theft,Status update unavailable,
67b5ab419069294258f3fc234e9234d2467a44920aa2d748aa2357de8ad95917,2019-05,Lancashire Constabulary,Lancashire Constabulary,-2.697839,53.758374,On or near Fishergate,E01033223,Preston 017F,Other theft,Status update unavailable,
7bba1f8b448cae0c72feead3c3f336d1486494a19a3f1a3445c8c28a0e095077,2019-05,Lancashire Constabulary,Lancashire Constabulary,-2.700255,53.757704,On or near Shopping Area,E01033223,Preston 017F,Other theft,Status update unavailable,
eda5b767135ca0aee8a1d93c8df977f5a3c56c87e3fff5bf0fe034ee3fb3f37a,2019-05,Lancashire Constabulary,Lancashire Constabulary,-2.697839,53.758374,On or near Fishergate,E01033223,Preston 017F,Other theft,Status update unavailable,
3a72dde58c227275bb8df2d21d972066551100ec8cef155ab5936956cd445715,2019-05,Lancashire Constabulary,Lancashire Constabulary,-2.696184,53.761008,On or near Parking Area,E01033223,Preston 017F,Other theft,Status update unavailable,
66cada8d75237a1ba8ccdebd1170f48af3ef5e8fbb82d4f9166101717c104b6b,2019-05,Lancashire Constabulary,Lancashire Constabulary,-2.699830,53.757662,On or near Temple Court,E01033223,Preston 017F,Other theft,Status update unavailable,
55d3894488bea29aa7e36a46e02691d4e90414b8db1ca36e48c7a8eec1e4aee1,2019-05,Lancashire Constabulary,Lancashire Constabulary,-2.697839,53.758374,On or near Fishergate,E01033223,Preston 017F,Other theft,Status update unavailable,
b79853795c88ed57450dbabd2653d926479c2ab5b323fb0bc17daa45712d2acf,2019-05,Lancashire Constabulary,Lancashire Constabulary,-2.697839,53.758374,On or near Fishergate,E01033223,Preston 017F,Other theft,Status update unavailable,
f981e9af8b39f05773e2c60edbbaec471fcd7f5216acad7b136c7d12999e4c34,2019-05,Lancashire Constabulary,Lancashire Constabulary,-2.699333,53.758806,On or near Cheapside,E01033223,Preston 017F,Other theft,Status update unavailable,
e917330504a55fb90ccc661ef060e862ae72a7cd192e3a30850ce816bb8a9b4a,2019-05,Lancashire Constabulary,Lancashire Constabulary,-2.697839,53.758374,On or near Fishergate,E01033223,Preston 017F,Other theft,Status update unavailable,
b7b28855c620223eeb08b4bbbbea61df86c4626a3282ad2d005fa28c596175c6,2019-05,Lancashire Constabulary,Lancashire Constabulary,-2.697839,53.758374,On or near Fishergate,E01033223,Preston 017F,Other theft,Status update unavailable,
8ad54d1b2e2c7a09c43b5c5b031b4c34343ecdfa144cf56e9d2cb6583fb1be93,2019-05,Lancashire Constabulary,Lancashire Constabulary,-2.697839,53.758374,On or near Fishergate,E01033223,Preston 017F,Other theft,Status update unavailable,
80e8a7c0fe3b8b09fbc98bd5a8f1b355c6a9f30cdef2cb81628440c216735c7b,2019-05,Lancashire Constabulary,Lancashire Constabulary,-2.697914,53.761079,On or near Old Vicarage,E01033223,Preston 017F,Other theft,Status update unavailable,
881dbc648febcaf1424ea68057e95c4d057c8fb2fbc17a76987f60832c42c1c7,2019-05,Lancashire Constabulary,Lancashire Constabulary,-2.692725,53.760984,On or near Percy Street,E01033223,Preston 017F,Other theft,Status update unavailable,
d03eea2cc6a46c81d3d9de98fe8f0220d6b96fc64fdc867f0d1a8b907402b641,2019-05,Lancashire Constabulary,Lancashire Constabulary,-2.697839,53.758374,On or near Fishergate,E01033223,Preston 017F,Other theft,Status update unavailable,
49f4696e6519215a377399f5de51b92e56d7b69f4e27166441dae4521550340f,2019-05,Lancashire Constabulary,Lancashire Constabulary,-2.693945,53.759538,On or near Church Street,E01033223,Preston 017F,Other theft,Status update unavailable,
170ef6156ce96c9334c7b4309a393a7861fd933ed558b9608c3469814a58ad92,2019-05,Lancashire Constabulary,Lancashire Constabulary,-2.706143,53.761489,On or near Edward Street,E01033223,Preston 017F,Other theft,Status update unavailable,
e25f703596029c6b32ad925a1adebc72804a835233dbc9f24d14790d8030f87d,2019-05,Lancashire Constabulary,Lancashire Constabulary,-2.699333,53.758806,On or near Cheapside,E01033223,Preston 017F,Other theft,Status update unavailable,
4421cb05c10a009e7b49258d59a7f5d2e6c09959460931e7fdfd4e2844478be4,2019-05,Lancashire Constabulary,Lancashire Constabulary,-2.700974,53.760792,On or near Nightclub,E01033223,Preston 017F,Other theft,Status update unavailable,
aef7d0d6628eadb2df59b7ecf847924d70ca61ef483bfb0a3e60be79367c86c7,2019-05,Lancashire Constabulary,Lancashire Constabulary,-2.696002,53.761953,On or near Pedestrian Subway,E01033223,Preston 017F,Possession of weapons,Status update unavailable,
588a39d1233da4941f5acac1f78fc1f180d22043e1b40ee7a4eb7e39da582a98,2019-05,Lancashire Constabulary,Lancashire Constabulary,-2.697839,53.758374,On or near Fishergate,E01033223,Preston 017F,Possession of weapons,Offender given community sentence,
5a5fc665bcee86d1ffd2d46986bd4e89700a9bdd665216088ddfc6521795c968,2019-05,Lancashire Constabulary,Lancashire Constabulary,-2.700255,53.757704,On or near Shopping Area,E01033223,Preston 017F,Public order,Status update unavailable,
a01070ddff0ffdf095ef0e3cfb5e8eebad9b146b73ddb41cb0b01f99f2b12def,2019-05,Lancashire Constabulary,Lancashire Constabulary,-2.696184,53.761008,On or near Parking Area,E01033223,Preston 017F,Public order,Unable to prosecute suspect,
4f73230f66030263034a7524d475d0f50b58a0af3d25f43e3f5c11fac6a41183,2019-05,Lancashire Constabulary,Lancashire Constabulary,-2.696184,53.761008,On or near Parking Area,E01033223,Preston 017F,Public order,Unable to prosecute suspect,
746f625e7a1b8970a215fd675e73387f556c4ea1d2a1144da4c84c9f4e133011,2019-05,Lancashire Constabulary,Lancashire Constabulary,-2.697839,53.758374,On or near Fishergate,E01033223,Preston 017F,Public order,Status update unavailable,
69bbea782c558a8ccd9e95fcd89bebc1664c84e11d9b6db2b53270d80342a28e,2019-05,Lancashire Constabulary,Lancashire Constabulary,-2.696184,53.761008,On or near Parking Area,E01033223,Preston 017F,Public order,Unable to prosecute suspect,
4066afa1dc43317016f8d73698f0d277e14d99fe69dd4fcf468dedae6ab732d1,2019-05,Lancashire Constabulary,Lancashire Constabulary,-2.690757,53.761220,On or near Church Street,E01033223,Preston 017F,Public order,Further investigation is not in the public interest,
4bb35e6502d4189eb9e27835abcd101c2737769e1af729fe724afe3e408618c5,2019-05,Lancashire Constabulary,Lancashire Constabulary,-2.693945,53.759538,On or near Church Street,E01033223,Preston 017F,Public order,Awaiting court outcome,
152f911870f7ed5b944e39df6862dc0a456bcc24d80f182b8a8a71889a88dd9c,2019-05,Lancashire Constabulary,Lancashire Constabulary,-2.697839,53.758374,On or near Fishergate,E01033223,Preston 017F,Public order,Status update unavailable,
ea2344a3649146277c6efaee72e8058794fb379258993ec97cc2215024b57020,2019-05,Lancashire Constabulary,Lancashire Constabulary,-2.690618,53.761041,On or near Stanley Street,E01033223,Preston 017F,Public order,Status update unavailable,
68652d6277d5e5c7166d195b3ecc97fee92ed8ecee6f14a7c38eb2c046ee02ae,2019-05,Lancashire Constabulary,Lancashire Constabulary,-2.704710,53.761066,On or near Friargate,E01033223,Preston 017F,Public order,Status update unavailable,
4f44d0ddfb96a522b1f23c12d278afa25f190256fa417645c148f2c3d53c5e22,2019-05,Lancashire Constabulary,Lancashire Constabulary,-2.697839,53.758374,On or near Fishergate,E01033223,Preston 017F,Robbery,Status update unavailable,
3a04b6fbc735178c5203f9189914dff8b24cf195d285d92ad9b501d0fb55234e,2019-05,Lancashire Constabulary,Lancashire Constabulary,-2.699830,53.757662,On or near Temple Court,E01033223,Preston 017F,Shoplifting,Investigation complete; no suspect identified,
6528c70a7b9feb2593de3520f108ecb8eb5485307b42d9873a2fe004a7fbda37,2019-05,Lancashire Constabulary,Lancashire Constabulary,-2.700564,53.758961,On or near Anchor Court,E01033223,Preston 017F,Shoplifting,Status update unavailable,
765233be78cf3d40ac781004e06449408da3fcb78e3e51bd68c7bd85f47b03af,2019-05,Lancashire Constabulary,Lancashire Constabulary,-2.700564,53.758961,On or near Anchor Court,E01033223,Preston 017F,Shoplifting,Offender given conditional discharge,
101ef58dd56b3727e3f2a60d564f359e5b08fcc708db4926b867db3263d3cccd,2019-05,Lancashire Constabulary,Lancashire Constabulary,-2.696002,53.761953,On or near Pedestrian Subway,E01033223,Preston 017F,Shoplifting,Status update unavailable,
cf06dc37838156e489d9eaab32aec7582a849b02ec48e3cfcf6f0ebabf5cca94,2019-05,Lancashire Constabulary,Lancashire Constabulary,-2.700564,53.758961,On or near Anchor Court,E01033223,Preston 017F,Shoplifting,Investigation complete; no suspect identified,
3607241cf9bd9bd805ec37dfa4c88369b313abcb908fb7c85d8531b4e30bbb08,2019-05,Lancashire Constabulary,Lancashire Constabulary,-2.690618,53.761041,On or near Stanley Street,E01033223,Preston 017F,Shoplifting,Status update unavailable,
dbdeb8886967d46146a1cc5070411ba92787fda1738b86c0b5e2a6b8c464ac1d,2019-05,Lancashire Constabulary,Lancashire Constabulary,-2.700564,53.758961,On or near Anchor Court,E01033223,Preston 017F,Shoplifting,Status update unavailable,
183879349ac27dc66e371318d9ed359cbcf417bbf7d33e7478d8c1191cbfcda8,2019-05,Lancashire Constabulary,Lancashire Constabulary,-2.700255,53.757704,On or near Shopping Area,E01033223,Preston 017F,Shoplifting,Status update unavailable,
bb400c036288ee0000c02f6bc36e0d2dc19fa5a4cc00c0b11d43f10d91893788,2019-05,Lancashire Constabulary,Lancashire Constabulary,-2.700974,53.760792,On or near Nightclub,E01033223,Preston 017F,Shoplifting,Status update unavailable,
a79be5a3b0da3f50d5184ab820f551c9111db57daaecbd1a13daaae2e234a242,2019-05,Lancashire Constabulary,Lancashire Constabulary,-2.700974,53.760792,On or near Nightclub,E01033223,Preston 017F,Shoplifting,Status update unavailable,
159ab7aa07bbc4f5ec1ae36e95183a823a1f2860ef08fac5eef685cd5c9df853,2019-05,Lancashire Constabulary,Lancashire Constabulary,-2.700564,53.758961,On or near Anchor Court,E01033223,Preston 017F,Shoplifting,Status update unavailable,
b5cba6cae93f1b2a99081964e02cf6e113711c697ad97d452d343d3a95b0abc7,2019-05,Lancashire Constabulary,Lancashire Constabulary,-2.697914,53.761079,On or near Old Vicarage,E01033223,Preston 017F,Shoplifting,Offender fined,
f0ecf5530bcf801425e761815d91266b7da070a3765a6f5a15f1c96e4141f287,2019-05,Lancashire Constabulary,Lancashire Constabulary,-2.704696,53.760240,On or near Back Seed Street,E01033223,Preston 017F,Shoplifting,Status update unavailable,
4c7ef17275d4a11f12896fdd13deb2213d965ae8056bce5f5667ce6808b55fcf,2019-05,Lancashire Constabulary,Lancashire Constabulary,-2.700974,53.760792,On or near Nightclub,E01033223,Preston 017F,Shoplifting,Investigation complete; no suspect identified,
8ee66d25f9007fbaf068c5e6d866f5be1187d7ab9bef99d867367a3757a09cbd,2019-05,Lancashire Constabulary,Lancashire Constabulary,-2.700255,53.757704,On or near Shopping Area,E01033223,Preston 017F,Shoplifting,Status update unavailable,
4d3a074b0c61f8a7bb2c760c7824408dd5587be635f72121cac694144d8db5e6,2019-05,Lancashire Constabulary,Lancashire Constabulary,-2.706143,53.761489,On or near Edward Street,E01033223,Preston 017F,Shoplifting,Status update unavailable,
74b93a0e2783debe71f2aca9f50e65c5212f05ca9897a8cec06ebe5623a4c091,2019-05,Lancashire Constabulary,Lancashire Constabulary,-2.699333,53.758806,On or near Cheapside,E01033223,Preston 017F,Shoplifting,Status update unavailable,
544a3b843b56b9621252741a4f0a4a1df120223c340734ec03d2eb4c20895e60,2019-05,Lancashire Constabulary,Lancashire Constabulary,-2.703250,53.760832,On or near Theatre/Concert Hall,E01033223,Preston 017F,Shoplifting,Status update unavailable,
fc4d506255b795f92de10b7e8222fa0d22ab5971d487f7465d49f440086ea65d,2019-05,Lancashire Constabulary,Lancashire Constabulary,-2.700564,53.758961,On or near Anchor Court,E01033223,Preston 017F,Shoplifting,Status update unavailable,
0b95c4eb6b2533d340129d51b18190b25bd63b1d55eacf8ac7ede7c9f95e6f8f,2019-05,Lancashire Constabulary,Lancashire Constabulary,-2.690618,53.761041,On or near Stanley Street,E01033223,Preston 017F,Shoplifting,Status update unavailable,
51afd9b9d617ef05118088abd5d6306bf4eac59a97797a0722080495dbfd51bd,2019-05,Lancashire Constabulary,Lancashire Constabulary,-2.699830,53.757662,On or near Temple Court,E01033223,Preston 017F,Shoplifting,Status update unavailable,
27a98317b8821d26b0d8a953f880f5168d65c8662fb336d3bc8a9cc5c3c2e4f8,2019-05,Lancashire Constabulary,Lancashire Constabulary,-2.699830,53.757662,On or near Temple Court,E01033223,Preston 017F,Shoplifting,Status update unavailable,
58948a7c32645960bbb192f6af5600bea672843f9527dea86f1a750c98d7f603,2019-05,Lancashire Constabulary,Lancashire Constabulary,-2.700974,53.760792,On or near Nightclub,E01033223,Preston 017F,Shoplifting,Unable to prosecute suspect,
77f6613fdf6f32c350819454ce5555a6a9df2604ab69c1be3ced9de037754564,2019-05,Lancashire Constabulary,Lancashire Constabulary,-2.700974,53.760792,On or near Nightclub,E01033223,Preston 017F,Shoplifting,Status update unavailable,
0776f4846ddf50beb328ae26b0dad5dd60ef96754b2517436065c2df469e09fb,2019-05,Lancashire Constabulary,Lancashire Constabulary,-2.700255,53.757704,On or near Shopping Area,E01033223,Preston 017F,Shoplifting,Status update unavailable,
6dbf1634e847fa5c0fdb15750c7429360aec6c38716311db14c82ff76dbab2e7,2019-05,Lancashire Constabulary,Lancashire Constabulary,-2.700255,53.757704,On or near Shopping Area,E01033223,Preston 017F,Shoplifting,Status update unavailable,
71c76e3bcda0d7c2334ca0f7c1f56dec0b46c5fbcce4afd99a0b76fa8c5bec02,2019-05,Lancashire Constabulary,Lancashire Constabulary,-2.690618,53.761041,On or near Stanley Street,E01033223,Preston 017F,Shoplifting,Awaiting court outcome,
615c56b368cd4baea8f86ec334f0ab3c1943afd4c2a7b3ea7cf4d542a1aca512,2019-05,Lancashire Constabulary,Lancashire Constabulary,-2.696002,53.761953,On or near Pedestrian Subway,E01033223,Preston 017F,Shoplifting,Unable to prosecute suspect,
f89d1991088db857affcf42160651ff21659a456f5e071d51857e698150b0c3b,2019-05,Lancashire Constabulary,Lancashire Constabulary,-2.700255,53.757704,On or near Shopping Area,E01033223,Preston 017F,Shoplifting,Status update unavailable,
4f445bc68d645ee652f7b881b179ed98be4ac25ca455a555099b05fc15a4e20c,2019-05,Lancashire Constabulary,Lancashire Constabulary,-2.699333,53.758806,On or near Cheapside,E01033223,Preston 017F,Shoplifting,Status update unavailable,
023f249d5d75d0313606a77b327a4c7b08940ad6b323cd2bb7a53b1e00894030,2019-05,Lancashire Constabulary,Lancashire Constabulary,-2.700564,53.758961,On or near Anchor Court,E01033223,Preston 017F,Shoplifting,Status update unavailable,
89f1b60dddae262f5179134554c2d0bf5f3974d9d652e9c46554e017e6ee430b,2019-05,Lancashire Constabulary,Lancashire Constabulary,-2.700255,53.757704,On or near Shopping Area,E01033223,Preston 017F,Shoplifting,Status update unavailable,
9190f37d111f2d5b41d749c401e57d25fcf72910d9d7cf3ee0e9d28382dc85f4,2019-05,Lancashire Constabulary,Lancashire Constabulary,-2.699830,53.757662,On or near Temple Court,E01033223,Preston 017F,Shoplifting,Status update unavailable,
eb921e96686cca8b988ade1337e70e4803e5d3a25b817e92ed46f161934e7308,2019-05,Lancashire Constabulary,Lancashire Constabulary,-2.696002,53.761953,On or near Pedestrian Subway,E01033223,Preston 017F,Shoplifting,Status update unavailable,
e6c742421db323dda46fdf7e8354d00b1a857fe7d14ba23bf1664cd1652bdc02,2019-05,Lancashire Constabulary,Lancashire Constabulary,-2.698175,53.757599,On or near Main Sprit Weind,E01033223,Preston 017F,Shoplifting,Unable to prosecute suspect,
70525561de3161a78b354efcc4b424c472909251d68603ea3097747edd51e4a0,2019-05,Lancashire Constabulary,Lancashire Constabulary,-2.700564,53.758961,On or near Anchor Court,E01033223,Preston 017F,Shoplifting,Status update unavailable,
ecc898a4b2d9f2426de171bf7384b1226a71099e1d2c126acfb6d614cd9c046c,2019-05,Lancashire Constabulary,Lancashire Constabulary,-2.699333,53.758806,On or near Cheapside,E01033223,Preston 017F,Shoplifting,Status update unavailable,
5d1295395d766faaf513c5e02171dc299eec780a29f17da13d81ddcc23d43f80,2019-05,Lancashire Constabulary,Lancashire Constabulary,-2.699333,53.758806,On or near Cheapside,E01033223,Preston 017F,Shoplifting,Status update unavailable,
f55a4c28b7c91479f0cbc80e962067545262f61311560eb25add384ef67ae82e,2019-05,Lancashire Constabulary,Lancashire Constabulary,-2.692725,53.760984,On or near Percy Street,E01033223,Preston 017F,Theft from the person,Unable to prosecute suspect,
f4c61c1470b7cb9f9ea4efc7edcbc1313315710cbe3f8af699b4fad9b5e48c50,2019-05,Lancashire Constabulary,Lancashire Constabulary,-2.697839,53.758374,On or near Fishergate,E01033223,Preston 017F,Theft from the person,Status update unavailable,
56f6d2f2d97871e971491d5b0ac29f7a6e7e3a6c0ef5761a0a09038f3fcf6372,2019-05,Lancashire Constabulary,Lancashire Constabulary,-2.697839,53.758374,On or near Fishergate,E01033223,Preston 017F,Theft from the person,Status update unavailable,
667f849d1b02e5f56a18821a963e53f30049db4f3afba4f3e2ebd3aa7895f187,2019-05,Lancashire Constabulary,Lancashire Constabulary,-2.693614,53.760592,On or near Pole Street,E01033223,Preston 017F,Theft from the person,Status update unavailable,
de09086791f859dda0e30330a2d1fa4e899bce62a60ef76c999e996cdbe65b12,2019-05,Lancashire Constabulary,Lancashire Constabulary,-2.697839,53.758374,On or near Fishergate,E01033223,Preston 017F,Theft from the person,Status update unavailable,
885ffb816803ab470fc6405fb4edbd1921d80d803ecf5fe6034dd5352a559a7c,2019-05,Lancashire Constabulary,Lancashire Constabulary,-2.697839,53.758374,On or near Fishergate,E01033223,Preston 017F,Theft from the person,Status update unavailable,
cf063c5bb73bbe780c94a1ee894b66fe85c1c81fae80264fb9ca6c1b74903013,2019-05,Lancashire Constabulary,Lancashire Constabulary,-2.697839,53.758374,On or near Fishergate,E01033223,Preston 017F,Theft from the person,Status update unavailable,
d54e3b95c4a91a8371058ef12f9519b8b232ea91125c17cb004550a48b67c639,2019-05,Lancashire Constabulary,Lancashire Constabulary,-2.700564,53.758961,On or near Anchor Court,E01033223,Preston 017F,Theft from the person,Status update unavailable,
6ee4c1959d38dcc09906aab8b8831c4389e1254d0de14b5ea17bbad115b83a19,2019-05,Lancashire Constabulary,Lancashire Constabulary,-2.696184,53.761008,On or near Parking Area,E01033223,Preston 017F,Theft from the person,Status update unavailable,
767817a6533dda70c72adea4504cc39c30e56071dbb3977e1f26192c103d4d4d,2019-05,Lancashire Constabulary,Lancashire Constabulary,-2.697839,53.758374,On or near Fishergate,E01033223,Preston 017F,Theft from the person,Status update unavailable,
51b61ac153371fd166b460d45d450f66831360d47f439a847deb8f302094ea52,2019-05,Lancashire Constabulary,Lancashire Constabulary,-2.697839,53.758374,On or near Fishergate,E01033223,Preston 017F,Theft from the person,Status update unavailable,
f50c330f757e490124f1d8f8090158ac1f421f4dda2943ba3f108e720f1e4275,2019-05,Lancashire Constabulary,Lancashire Constabulary,-2.704696,53.760240,On or near Back Seed Street,E01033223,Preston 017F,Vehicle crime,Offender given a caution,
65d67147a32e1bbc35dd207b8ca945e14f55278de88268cfe8c654ab4ecb7512,2019-05,Lancashire Constabulary,Lancashire Constabulary,-2.698175,53.757599,On or near Main Sprit Weind,E01033223,Preston 017F,Vehicle crime,Status update unavailable,
e505590a7b170ed618873510132f4a6b80262f73878cb9d9ef122a646ae7fe72,2019-05,Lancashire Constabulary,Lancashire Constabulary,-2.698175,53.757599,On or near Main Sprit Weind,E01033223,Preston 017F,Vehicle crime,Status update unavailable,
10fe2d7f276037323aa509e591bd50df0578b71184adb9664437d67ba963ee71,2019-05,Lancashire Constabulary,Lancashire Constabulary,-2.700255,53.757704,On or near Shopping Area,E01033223,Preston 017F,Vehicle crime,Status update unavailable,
5ab64ed7d890bffb585705ee4a5aec4704684017c61d2039fd379f5c5e809828,2019-05,Lancashire Constabulary,Lancashire Constabulary,-2.697839,53.758374,On or near Fishergate,E01033223,Preston 017F,Violence and sexual offences,Status update unavailable,
eef33ed10f0a36f4f5f3395d7f7a5ce4ccbfd4c4cc79c2e9a0d60adfe99c2db3,2019-05,Lancashire Constabulary,Lancashire Constabulary,-2.700974,53.760792,On or near Nightclub,E01033223,Preston 017F,Violence and sexual offences,Unable to prosecute suspect,
8c7c4902a7352fa4edc662f18a0f8422219a502b0939365f49b7610cfa77f6eb,2019-05,Lancashire Constabulary,Lancashire Constabulary,-2.703111,53.760671,On or near Union Street,E01033223,Preston 017F,Violence and sexual offences,Awaiting court outcome,
c52620a23e40a2aa6e70194551b7fad3d9abc4b17bc0ad1ec9e7267626eda027,2019-05,Lancashire Constabulary,Lancashire Constabulary,-2.697839,53.758374,On or near Fishergate,E01033223,Preston 017F,Violence and sexual offences,Further investigation is not in the public interest,
88fa628be99f55526a4fa8e1f9c9eb3bf36da8ec1022e41a6c33e92fb2fb7418,2019-05,Lancashire Constabulary,Lancashire Constabulary,-2.706451,53.761802,On or near Hope Street,E01033223,Preston 017F,Violence and sexual offences,Unable to prosecute suspect,
4eee87222f6bab513ff097eec3bb67335798576e45e6f08548bddf1512ddd02f,2019-05,Lancashire Constabulary,Lancashire Constabulary,-2.704696,53.760240,On or near Back Seed Street,E01033223,Preston 017F,Violence and sexual offences,Status update unavailable,
4f22da228922484d5242bba5a59fd82af32497868145212480e29da650290925,2019-05,Lancashire Constabulary,Lancashire Constabulary,-2.697839,53.758374,On or near Fishergate,E01033223,Preston 017F,Violence and sexual offences,Status update unavailable,
b9de5895aa8df82acb38aa3bb4f36f834b91ed70ac05e9cb699b4d83119d40be,2019-05,Lancashire Constabulary,Lancashire Constabulary,-2.696002,53.761953,On or near Pedestrian Subway,E01033223,Preston 017F,Violence and sexual offences,Status update unavailable,
bbf9986270cd4e67729b81e5251880fba05a9b7de8e67bb826177d5770fdb6d3,2019-05,Lancashire Constabulary,Lancashire Constabulary,-2.697839,53.758374,On or near Fishergate,E01033223,Preston 017F,Violence and sexual offences,Status update unavailable,
ea8a68ab9bf14171fd9a30c6e90f4e5b8f4d0f87a1733c3adad245af78013c7b,2019-05,Lancashire Constabulary,Lancashire Constabulary,-2.698175,53.757599,On or near Main Sprit Weind,E01033223,Preston 017F,Violence and sexual offences,Unable to prosecute suspect,
6718b2ed7cc837c167668133441b112494dc27f449c4c094d533191d376fac2c,2019-05,Lancashire Constabulary,Lancashire Constabulary,-2.695340,53.759530,On or near Church Row,E01033223,Preston 017F,Violence and sexual offences,Status update unavailable,
9298a0c0b1ca2b6371dba4e4166f4b146642803e6e289b131a252027c8a3c970,2019-05,Lancashire Constabulary,Lancashire Constabulary,-2.700255,53.757704,On or near Shopping Area,E01033223,Preston 017F,Violence and sexual offences,Unable to prosecute suspect,
a01c17e0027a38259d26aca28d4f0deba7794b87001ad096e7d5a4dec042dc4e,2019-05,Lancashire Constabulary,Lancashire Constabulary,-2.706451,53.761802,On or near Hope Street,E01033223,Preston 017F,Violence and sexual offences,Status update unavailable,
0a9e78bd55400ab8682302efc3699643d2ce0651c03be2b84a52fe3238c3e40c,2019-05,Lancashire Constabulary,Lancashire Constabulary,-2.697839,53.758374,On or near Fishergate,E01033223,Preston 017F,Violence and sexual offences,Court case unable to proceed,
a8f56755019707d2acb5e71b1fa37bab746be1f9a2c65929614b403f7fd999f1,2019-05,Lancashire Constabulary,Lancashire Constabulary,-2.697914,53.761079,On or near Old Vicarage,E01033223,Preston 017F,Violence and sexual offences,Status update unavailable,
ce643392111230d39c819bca7861df1650198a3fb35099d762d8ef135f403acf,2019-05,Lancashire Constabulary,Lancashire Constabulary,-2.699333,53.758806,On or near Cheapside,E01033223,Preston 017F,Violence and sexual offences,Unable to prosecute suspect,
3b98e4453acd6e50ff02873b8d0178e5ad430061ef30d9eb26f475eb0db3503b,2019-05,Lancashire Constabulary,Lancashire Constabulary,-2.699333,53.758806,On or near Cheapside,E01033223,Preston 017F,Violence and sexual offences,Status update unavailable,
abe8d6b8323e64b7e8a368f964d90f09c620afbd899902602b5450f3dc314a30,2019-05,Lancashire Constabulary,Lancashire Constabulary,-2.706451,53.761802,On or near Hope Street,E01033223,Preston 017F,Violence and sexual offences,Status update unavailable,
786c6251e15afd8323ebd590742f937cc5c4693c3e57e6d197cdf2af3aa6cddc,2019-05,Lancashire Constabulary,Lancashire Constabulary,-2.690618,53.761041,On or near Stanley Street,E01033223,Preston 017F,Violence and sexual offences,Status update unavailable,
31042f602420010d20aa6fa4d56c1836fe86e6228d14e7faf21616a365ad1d2f,2019-05,Lancashire Constabulary,Lancashire Constabulary,-2.696184,53.761008,On or near Parking Area,E01033223,Preston 017F,Violence and sexual offences,Unable to prosecute suspect,
07b7e53b7cc74a9a9e5d5673c78cf9fab17c0829b671b31a2c08a622a2c8b132,2019-05,Lancashire Constabulary,Lancashire Constabulary,-2.696184,53.761008,On or near Parking Area,E01033223,Preston 017F,Violence and sexual offences,Status update unavailable,
6cddc073d649521594098e17e4163baca1d813374b65a5fcc9924e7cca1307fe,2019-05,Lancashire Constabulary,Lancashire Constabulary,-2.697839,53.758374,On or near Fishergate,E01033223,Preston 017F,Violence and sexual offences,Status update unavailable,
1af78789c63fcc930690ce4289f4023ef77206a895ca28e8af4256d5ffc1713b,2019-05,Lancashire Constabulary,Lancashire Constabulary,-2.697839,53.758374,On or near Fishergate,E01033223,Preston 017F,Violence and sexual offences,Status update unavailable,
99c292b1807223a48e97f5f6a4ca3e686529a732455c013a71dba6bf9cc9e867,2019-05,Lancashire Constabulary,Lancashire Constabulary,-2.697839,53.758374,On or near Fishergate,E01033223,Preston 017F,Violence and sexual offences,Status update unavailable,
c5d3b32f564ff58953e27bda9876769cbf9c6494fe9cd020ce2017a67715ad51,2019-05,Lancashire Constabulary,Lancashire Constabulary,-2.699333,53.758806,On or near Cheapside,E01033223,Preston 017F,Violence and sexual offences,Status update unavailable,
ee6b77f5e8414fc9b0ec6a8340f2599fb85d826725b72055355498e58dec37c9,2019-05,Lancashire Constabulary,Lancashire Constabulary,-2.701648,53.760275,On or near Shopping Area,E01033223,Preston 017F,Violence and sexual offences,Unable to prosecute suspect,
35cec4ae6da41099b17e824cee1cad35af97e10b827a81e83e70bb679099ff94,2019-05,Lancashire Constabulary,Lancashire Constabulary,-2.699506,53.757331,On or near Cannon Street,E01033223,Preston 017F,Violence and sexual offences,Unable to prosecute suspect,
aeba7a52078bdc73ed0628006b765adc8c2cd14ef89fefd690262521464d66ea,2019-05,Lancashire Constabulary,Lancashire Constabulary,-2.690757,53.761220,On or near Church Street,E01033223,Preston 017F,Violence and sexual offences,Unable to prosecute suspect,
d8aa7562e7ac2bb3614c3d339befe9a8937bcc79e60fdf6d4710f44e7befeb5e,2019-05,Lancashire Constabulary,Lancashire Constabulary,-2.699333,53.758806,On or near Cheapside,E01033223,Preston 017F,Violence and sexual offences,Status update unavailable,
869c485829848bf86c442d743d8fd1c401bf2b37e5cfee43aaef0e6e25c861a7,2019-05,Lancashire Constabulary,Lancashire Constabulary,-2.697839,53.758374,On or near Fishergate,E01033223,Preston 017F,Violence and sexual offences,Status update unavailable,
66dfaad8acafe114b190a99766a79df2245bd27b61aa69e167e6b709618959e2,2019-05,Lancashire Constabulary,Lancashire Constabulary,-2.699333,53.758806,On or near Cheapside,E01033223,Preston 017F,Violence and sexual offences,Unable to prosecute suspect,
e2d377d883f024006e210e26023f9cc31856bde63175ffac4ac58c9956ee7b3a,2019-05,Lancashire Constabulary,Lancashire Constabulary,-2.697839,53.758374,On or near Fishergate,E01033223,Preston 017F,Violence and sexual offences,Status update unavailable,
6e21428fd4c32f3d7d58c627dcba325c02313ae6c924f6b9cd9051897b32f1d0,2019-05,Lancashire Constabulary,Lancashire Constabulary,-2.690757,53.761220,On or near Church Street,E01033223,Preston 017F,Violence and sexual offences,Status update unavailable,
b865367690a7467fa7679d235b3843e3fb52c5ebad5513380b9accce74209ea2,2019-05,Lancashire Constabulary,Lancashire Constabulary,-2.697839,53.758374,On or near Fishergate,E01033223,Preston 017F,Violence and sexual offences,Status update unavailable,
4c3410b51bc48818f1e21185ab6f7afeb797affa9687ba4b9f07a5e9ae94c848,2019-05,Lancashire Constabulary,Lancashire Constabulary,-2.693945,53.759538,On or near Church Street,E01033223,Preston 017F,Violence and sexual offences,Further investigation is not in the public interest,
9414b09b0ef194f5cf83ff302073f201305c6c157f2831f9ecbc298650ada0f5,2019-05,Lancashire Constabulary,Lancashire Constabulary,-2.696184,53.761008,On or near Parking Area,E01033223,Preston 017F,Violence and sexual offences,Status update unavailable,
7793282ff8b7120b7dd657f677ab9878521beabe6a733eb22b12e88f88e00b04,2019-05,Lancashire Constabulary,Lancashire Constabulary,-2.699333,53.758806,On or near Cheapside,E01033223,Preston 017F,Violence and sexual offences,Status update unavailable,
9f52441852725dbce7d84c0b3c033c4f88fea707fc3c037e8acc7a42476e8241,2019-05,Lancashire Constabulary,Lancashire Constabulary,-2.697839,53.758374,On or near Fishergate,E01033223,Preston 017F,Violence and sexual offences,Status update unavailable,
77c9d633d3e02e89ed8dde07d47beaa64fab23eb77bcd8f5939e8311b872bdd1,2019-05,Lancashire Constabulary,Lancashire Constabulary,-2.697839,53.758374,On or near Fishergate,E01033223,Preston 017F,Violence and sexual offences,Offender given a caution,
,2019-05,Lancashire Constabulary,Lancashire Constabulary,-2.693335,53.759308,On or near Back Grimshaw Street,E01033224,Preston 017G,Anti-social behaviour,,
,2019-05,Lancashire Constabulary,Lancashire Constabulary,-2.686975,53.759066,On or near Grosvenor Street,E01033224,Preston 017G,Anti-social behaviour,,
,2019-05,Lancashire Constabulary,Lancashire Constabulary,-2.686975,53.759066,On or near Grosvenor Street,E01033224,Preston 017G,Anti-social behaviour,,
,2019-05,Lancashire Constabulary,Lancashire Constabulary,-2.695553,53.756806,On or near Avenham Lane,E01033224,Preston 017G,Anti-social behaviour,,
,2019-05,Lancashire Constabulary,Lancashire Constabulary,-2.695183,53.758255,On or near Nightclub,E01033224,Preston 017G,Anti-social behaviour,,
,2019-05,Lancashire Constabulary,Lancashire Constabulary,-2.686975,53.759066,On or near Grosvenor Street,E01033224,Preston 017G,Anti-social behaviour,,
,2019-05,Lancashire Constabulary,Lancashire Constabulary,-2.692113,53.758812,On or near Grimshaw Street,E01033224,Preston 017G,Anti-social behaviour,,
,2019-05,Lancashire Constabulary,Lancashire Constabulary,-2.693667,53.758327,On or near Blelock Street,E01033224,Preston 017G,Anti-social behaviour,,
,2019-05,Lancashire Constabulary,Lancashire Constabulary,-2.697197,53.758953,On or near Nightclub,E01033224,Preston 017G,Anti-social behaviour,,
,2019-05,Lancashire Constabulary,Lancashire Constabulary,-2.695436,53.758901,On or near Nightclub,E01033224,Preston 017G,Anti-social behaviour,,
,2019-05,Lancashire Constabulary,Lancashire Constabulary,-2.691412,53.758591,On or near Walker Place,E01033224,Preston 017G,Anti-social behaviour,,
,2019-05,Lancashire Constabulary,Lancashire Constabulary,-2.695436,53.758901,On or near Nightclub,E01033224,Preston 017G,Anti-social behaviour,,
,2019-05,Lancashire Constabulary,Lancashire Constabulary,-2.697197,53.758953,On or near Nightclub,E01033224,Preston 017G,Anti-social behaviour,,
,2019-05,Lancashire Constabulary,Lancashire Constabulary,-2.686975,53.759066,On or near Grosvenor Street,E01033224,Preston 017G,Anti-social behaviour,,
,2019-05,Lancashire Constabulary,Lancashire Constabulary,-2.697197,53.758953,On or near Nightclub,E01033224,Preston 017G,Anti-social behaviour,,
,2019-05,Lancashire Constabulary,Lancashire Constabulary,-2.697335,53.759977,On or near Lord Street,E01033224,Preston 017G,Anti-social behaviour,,
,2019-05,Lancashire Constabulary,Lancashire Constabulary,-2.695436,53.758901,On or near Nightclub,E01033224,Preston 017G,Anti-social behaviour,,
,2019-05,Lancashire Constabulary,Lancashire Constabulary,-2.697335,53.759977,On or near Lord Street,E01033224,Preston 017G,Anti-social behaviour,,
,2019-05,Lancashire Constabulary,Lancashire Constabulary,-2.697335,53.759977,On or near Lord Street,E01033224,Preston 017G,Anti-social behaviour,,
,2019-05,Lancashire Constabulary,Lancashire Constabulary,-2.693667,53.758327,On or near Blelock Street,E01033224,Preston 017G,Anti-social behaviour,,
,2019-05,Lancashire Constabulary,Lancashire Constabulary,-2.697335,53.759977,On or near Lord Street,E01033224,Preston 017G,Anti-social behaviour,,
,2019-05,Lancashire Constabulary,Lancashire Constabulary,-2.688441,53.757799,On or near Albyn Bank Road,E01033224,Preston 017G,Anti-social behaviour,,
,2019-05,Lancashire Constabulary,Lancashire Constabulary,-2.699306,53.759903,On or near Birley Street,E01033224,Preston 017G,Anti-social behaviour,,
,2019-05,Lancashire Constabulary,Lancashire Constabulary,-2.695436,53.758901,On or near Nightclub,E01033224,Preston 017G,Anti-social behaviour,,
,2019-05,Lancashire Constabulary,Lancashire Constabulary,-2.692113,53.758812,On or near Grimshaw Street,E01033224,Preston 017G,Anti-social behaviour,,
,2019-05,Lancashire Constabulary,Lancashire Constabulary,-2.695553,53.756806,On or near Avenham Lane,E01033224,Preston 017G,Anti-social behaviour,,
28b63ea57bd8592dbf06d98e96bea04e2046b632320afb4a853233d05affc57e,2019-05,Lancashire Constabulary,Lancashire Constabulary,-2.697197,53.758953,On or near Nightclub,E01033224,Preston 017G,Bicycle theft,Status update unavailable,
73bcd05e67beee6d077bdf27f6fb018761320248c5143c21ef034e1684652b32,2019-05,Lancashire Constabulary,Lancashire Constabulary,-2.695436,53.758901,On or near Nightclub,E01033224,Preston 017G,Burglary,Status update unavailable,
86865ace3a8f235aff099bea236ab820db907eea344dd05b9242644b5edc2b5d,2019-05,Lancashire Constabulary,Lancashire Constabulary,-2.697197,53.758953,On or near Nightclub,E01033224,Preston 017G,Burglary,Status update unavailable,
a8f84b12b3f3b4974b93276d0ce8cb5ca9125f901bf6f535a6e6291b4cdd0b57,2019-05,Lancashire Constabulary,Lancashire Constabulary,-2.695436,53.758901,On or near Nightclub,E01033224,Preston 017G,Criminal damage and arson,Status update unavailable,
d2506b13f1c9c360b73eee0466754c8f74e10a05f4cd56b138e007ec5fe62be9,2019-05,Lancashire Constabulary,Lancashire Constabulary,-2.689033,53.758776,On or near Queen Street,E01033224,Preston 017G,Criminal damage and arson,Unable to prosecute suspect,
4474a4faeec1509ce24a54cf68a15d2fcf72bc8aa3a97747417f12ee08a0d70f,2019-05,Lancashire Constabulary,Lancashire Constabulary,-2.697335,53.759977,On or near Lord Street,E01033224,Preston 017G,Criminal damage and arson,Unable to prosecute suspect,
dae367ba78ff1c65847777d1327589edf20e148142f5a69e5aeae92cd03ff313,2019-05,Lancashire Constabulary,Lancashire Constabulary,-2.688441,53.757799,On or near Albyn Bank Road,E01033224,Preston 017G,Criminal damage and arson,Status update unavailable,
77d8c3801040e769ae99ef5ce5e15914b15ea272e887361ab2a1f739aaf4a16d,2019-05,Lancashire Constabulary,Lancashire Constabulary,-2.688441,53.757799,On or near Albyn Bank Road,E01033224,Preston 017G,Criminal damage and arson,Offender given a caution,
94e7a3bd2585e7a47498902600bd67e0251bb3dc1d101f4aa0215798b4ec78d7,2019-05,Lancashire Constabulary,Lancashire Constabulary,-2.697335,53.759977,On or near Lord Street,E01033224,Preston 017G,Criminal damage and arson,Status update unavailable,
1968b79f175dc8be9655cdadc92030e5d6b6fb190a21ffe5a456343dd389617b,2019-05,Lancashire Constabulary,Lancashire Constabulary,-2.689033,53.758776,On or near Queen Street,E01033224,Preston 017G,Drugs,Status update unavailable,
5d98ea3bb2a34aa3cee3e56d839975d781e7e5214018a167606d2284d5a4e980,2019-05,Lancashire Constabulary,Lancashire Constabulary,-2.697197,53.758953,On or near Nightclub,E01033224,Preston 017G,Other theft,Status update unavailable,
901048dcf271035b5d7f682450980c6853818c1e5bd497a835801ecfa184350f,2019-05,Lancashire Constabulary,Lancashire Constabulary,-2.697335,53.759977,On or near Lord Street,E01033224,Preston 017G,Other theft,Unable to prosecute suspect,
241a80d79680aa23461cb858ab815a0a1712a9fa1da4097f2bd03a42bdade596,2019-05,Lancashire Constabulary,Lancashire Constabulary,-2.697197,53.758953,On or near Nightclub,E01033224,Preston 017G,Other theft,Status update unavailable,
4d9ec5a4ef46cd871391b9d6bbc602f6a3764e60766c347d1bd3ea802730f559,2019-05,Lancashire Constabulary,Lancashire Constabulary,-2.697726,53.756146,On or near Glover Street,E01033224,Preston 017G,Other theft,Status update unavailable,
8891bcb83e6553c61491719b4bcc2335ab7e185bf709088425755f4c74d0eb13,2019-05,Lancashire Constabulary,Lancashire Constabulary,-2.693335,53.759308,On or near Back Grimshaw Street,E01033224,Preston 017G,Other theft,Status update unavailable,
2d61f6f42df89dc43bed89770b2a83fa045ab9c05014240f08663c49e95cdd18,2019-05,Lancashire Constabulary,Lancashire Constabulary,-2.693335,53.759308,On or near Back Grimshaw Street,E01033224,Preston 017G,Public order,Awaiting court outcome,
51da244a9f264dd4f5ca39edf0a2a52045df661e73ed3b6677b2698e7cb339d8,2019-05,Lancashire Constabulary,Lancashire Constabulary,-2.697335,53.759977,On or near Lord Street,E01033224,Preston 017G,Public order,Status update unavailable,
c4792235b9e5a753af31b971cc03f95ccda653f83397f3564bb83842a308d81f,2019-05,Lancashire Constabulary,Lancashire Constabulary,-2.697335,53.759977,On or near Lord Street,E01033224,Preston 017G,Public order,Status update unavailable,
6caa8d8cf8f58f1d68d5bbf5d9f25d3436f8df82190fc6ef403805d3e0e42920,2019-05,Lancashire Constabulary,Lancashire Constabulary,-2.689033,53.758776,On or near Queen Street,E01033224,Preston 017G,Public order,Further investigation is not in the public interest,
98cb5233e67fe65f232e2fe950fdc44be931aa58ae53ab91a34b7c6e9d916458,2019-05,Lancashire Constabulary,Lancashire Constabulary,-2.695436,53.758901,On or near Nightclub,E01033224,Preston 017G,Public order,Status update unavailable,
44c561fe2daa710a1177e8ca3a2f3d63c4645608e2b61e69d5105ed3d71dd7e0,2019-05,Lancashire Constabulary,Lancashire Constabulary,-2.696060,53.755329,On or near Berwick Road,E01033224,Preston 017G,Robbery,Status update unavailable,
99d3ad18c6705bc37d131353d4a73bc1a69bcdabe706d998e55c57c362dc9d52,2019-05,Lancashire Constabulary,Lancashire Constabulary,-2.689033,53.758776,On or near Queen Street,E01033224,Preston 017G,Shoplifting,Status update unavailable,
80380fc206901d17b25e8f8766166d633e5f4d8a4ca8c1b700b5c88346202249,2019-05,Lancashire Constabulary,Lancashire Constabulary,-2.689033,53.758776,On or near Queen Street,E01033224,Preston 017G,Shoplifting,Status update unavailable,
8afff5cf31547f93ea97a88a6ecb74becf3aad01682e37b0fd3be216e50b89e0,2019-05,Lancashire Constabulary,Lancashire Constabulary,-2.686975,53.759066,On or near Grosvenor Street,E01033224,Preston 017G,Shoplifting,Status update unavailable,
fdd4f2a365718974cea1262eb716586cc10aaefaa737d81801af7199b0d67a04,2019-05,Lancashire Constabulary,Lancashire Constabulary,-2.689033,53.758776,On or near Queen Street,E01033224,Preston 017G,Shoplifting,Status update unavailable,
eca55ff62f1769f307cd5d2e6bccbc45d4fadfd72eb9c05d97a2e350f6e62d8f,2019-05,Lancashire Constabulary,Lancashire Constabulary,-2.689033,53.758776,On or near Queen Street,E01033224,Preston 017G,Shoplifting,Status update unavailable,
0d9a9b45bfdaeec1c218f833b18c96eb166af53aa786385058ed6ed502c5e67a,2019-05,Lancashire Constabulary,Lancashire Constabulary,-2.686975,53.759066,On or near Grosvenor Street,E01033224,Preston 017G,Shoplifting,Awaiting court outcome,
f38143385b47f7c6f78a00011c8b1a32470ff04c496eecce3629167db2300c12,2019-05,Lancashire Constabulary,Lancashire Constabulary,-2.699306,53.759903,On or near Birley Street,E01033224,Preston 017G,Theft from the person,Status update unavailable,
4fb369fb4a08365d0f1b737ed445d21c2d401e477825e3b440288ecc20242424,2019-05,Lancashire Constabulary,Lancashire Constabulary,-2.697197,53.758953,On or near Nightclub,E01033224,Preston 017G,Violence and sexual offences,Offender given a caution,
a71e72a4f5e415e7e06c8fea8aaeb3efbdece43c3ed624700681e3d3a86b5ed0,2019-05,Lancashire Constabulary,Lancashire Constabulary,-2.697197,53.758953,On or near Nightclub,E01033224,Preston 017G,Violence and sexual offences,Status update unavailable,
e7389a3766d371641859407d7b5b254cd1aa19b16d3df88d5a322f363a01695f,2019-05,Lancashire Constabulary,Lancashire Constabulary,-2.688441,53.757799,On or near Albyn Bank Road,E01033224,Preston 017G,Violence and sexual offences,Unable to prosecute suspect,
b3dd7d116be58a876e1f699b1f7751418ab7dc95f0eab52fc3d6d21ddb55a279,2019-05,Lancashire Constabulary,Lancashire Constabulary,-2.697197,53.758953,On or near Nightclub,E01033224,Preston 017G,Violence and sexual offences,Status update unavailable,
707afd7766b3aaeee13393b5e2a5dbed33a77aae246957f3de743576f46ba4cc,2019-05,Lancashire Constabulary,Lancashire Constabulary,-2.699374,53.760379,On or near Earl Street,E01033224,Preston 017G,Violence and sexual offences,Status update unavailable,
551a12588bb2e230b91c5f541fbef1d92ac12493738953d6508b3bed7fcdd068,2019-05,Lancashire Constabulary,Lancashire Constabulary,-2.697335,53.759977,On or near Lord Street,E01033224,Preston 017G,Violence and sexual offences,Unable to prosecute suspect,
26231d1a884fdc0ecc219909d0e9fccb6653576eeb32dabf763a10edbf649466,2019-05,Lancashire Constabulary,Lancashire Constabulary,-2.697197,53.758953,On or near Nightclub,E01033224,Preston 017G,Violence and sexual offences,Further investigation is not in the public interest,
5a5a70c9189f3965e6278ddae783c8301e26d8ff423a8b353779a10a93a3eddf,2019-05,Lancashire Constabulary,Lancashire Constabulary,-2.697197,53.758953,On or near Nightclub,E01033224,Preston 017G,Violence and sexual offences,Unable to prosecute suspect,
94d31732b8b16fcaa40520e1ae0118b031bee5d6417b5ae347ee26e36126b0a7,2019-05,Lancashire Constabulary,Lancashire Constabulary,-2.697197,53.758953,On or near Nightclub,E01033224,Preston 017G,Violence and sexual offences,Status update unavailable,
5b485d66980d3b0f2e4cb1b8bfe9b0aa66f1dc8f6463f732d4e77d9765e8ab98,2019-05,Lancashire Constabulary,Lancashire Constabulary,-2.697197,53.758953,On or near Nightclub,E01033224,Preston 017G,Violence and sexual offences,Status update unavailable,
1bbd58cfc199a7d5e78bc2dc3437dfaf088ed7df4d01419c39365b76d4f53857,2019-05,Lancashire Constabulary,Lancashire Constabulary,-2.697335,53.759977,On or near Lord Street,E01033224,Preston 017G,Violence and sexual offences,Status update unavailable,
e3687b5b744082736bc2a6d02f46dcebd77815e886e282fde4c5251d9cbe75ef,2019-05,Lancashire Constabulary,Lancashire Constabulary,-2.688441,53.757799,On or near Albyn Bank Road,E01033224,Preston 017G,Violence and sexual offences,Unable to prosecute suspect,
51bdefa08fbc7d58301bebce9d1757f177f10b08a949bfb8eb3f2604cc1cc98b,2019-05,Lancashire Constabulary,Lancashire Constabulary,-2.697197,53.758953,On or near Nightclub,E01033224,Preston 017G,Violence and sexual offences,Status update unavailable,
bfc4410d2bbf55fd8b0d57395a95ec5d85c201abb0fadfd94d9283dab8fa31af,2019-05,Lancashire Constabulary,Lancashire Constabulary,-2.695436,53.758901,On or near Nightclub,E01033224,Preston 017G,Violence and sexual offences,Status update unavailable,
3236cf4d5d79e210aba087607d36a139035c56f94f6d8bea61eeb098a335ca33,2019-05,Lancashire Constabulary,Lancashire Constabulary,-2.697197,53.758953,On or near Nightclub,E01033224,Preston 017G,Violence and sexual offences,Status update unavailable,
e7d5ee8104344b9611e726129f29ee296f8130c5dcca49f3fef047371f6ed336,2019-05,Lancashire Constabulary,Lancashire Constabulary,-2.689224,53.757480,On or near Carr Street,E01033224,Preston 017G,Violence and sexual offences,Unable to prosecute suspect,
e14660c881d82ab10fab999e0534b3b5e57231aba1fa03bbb65d5aa170aaf5a9,2019-05,Lancashire Constabulary,Lancashire Constabulary,-2.697335,53.759977,On or near Lord Street,E01033224,Preston 017G,Violence and sexual offences,Local resolution,
57b01c228a258ddc49064ea4a79aed4d432b64e2fc434342b15faf1533e62d6c,2019-05,Lancashire Constabulary,Lancashire Constabulary,-2.695436,53.758901,On or near Nightclub,E01033224,Preston 017G,Violence and sexual offences,Status update unavailable,
c233bc9c2eb42853f3c1981c10b76468a42a76c778fd10c0ce8f8cd8da9fab35,2019-05,Lancashire Constabulary,Lancashire Constabulary,-2.697197,53.758953,On or near Nightclub,E01033224,Preston 017G,Violence and sexual offences,Unable to prosecute suspect,
0a1407067de176e018a45f4bcfa27ab6f8e1dba68ecce455b960f5d1403a6a27,2019-05,Lancashire Constabulary,Lancashire Constabulary,-2.699306,53.759903,On or near Birley Street,E01033224,Preston 017G,Other crime,Unable to prosecute suspect,
,2019-05,Lancashire Constabulary,Lancashire Constabulary,-2.693020,53.757701,On or near Oak Street,E01033226,Preston 017H,Anti-social behaviour,,
,2019-05,Lancashire Constabulary,Lancashire Constabulary,-2.692566,53.755007,On or near Clarendon Street,E01033226,Preston 017H,Anti-social behaviour,,
,2019-05,Lancashire Constabulary,Lancashire Constabulary,-2.693620,53.756367,On or near Berry Street,E01033226,Preston 017H,Anti-social behaviour,,
,2019-05,Lancashire Constabulary,Lancashire Constabulary,-2.693020,53.757701,On or near Oak Street,E01033226,Preston 017H,Anti-social behaviour,,
,2019-05,Lancashire Constabulary,Lancashire Constabulary,-2.692566,53.755007,On or near Clarendon Street,E01033226,Preston 017H,Anti-social behaviour,,
,2019-05,Lancashire Constabulary,Lancashire Constabulary,-2.693020,53.757701,On or near Oak Street,E01033226,Preston 017H,Anti-social behaviour,,
,2019-05,Lancashire Constabulary,Lancashire Constabulary,-2.692501,53.756590,On or near St Austin'S Road,E01033226,Preston 017H,Anti-social behaviour,,
,2019-05,Lancashire Constabulary,Lancashire Constabulary,-2.690754,53.754541,On or near Wadham Road,E01033226,Preston 017H,Anti-social behaviour,,
fdda3f0e8453af202ff6d97eff8a47d376873d7bb3c7c781b149e0055719eed7,2019-05,Lancashire Constabulary,Lancashire Constabulary,-2.695459,53.757534,On or near Lennox Street,E01033226,Preston 017H,Burglary,Status update unavailable,
25a2dc375342c91e20b1ec72a4ced25c765100b6fbfafc49c95e8d236b3d4637,2019-05,Lancashire Constabulary,Lancashire Constabulary,-2.693263,53.756828,On or near Norwich Place,E01033226,Preston 017H,Criminal damage and arson,Status update unavailable,
f10e4c84d00df3d553f50ea91ccb3463b7726da2521f1514ca918b1e29c12ab5,2019-05,Lancashire Constabulary,Lancashire Constabulary,-2.693263,53.756828,On or near Norwich Place,E01033226,Preston 017H,Criminal damage and arson,Status update unavailable,
250ecd402130ede24c68a52c5e64b30a8454605704e59d9c8d65037d6ea3e63a,2019-05,Lancashire Constabulary,Lancashire Constabulary,-2.693263,53.756828,On or near Norwich Place,E01033226,Preston 017H,Drugs,Status update unavailable,
46404714c24e15ef91ea7c623c86b2d4f7e8b7aa18f11f7a1a876b33b43f16e6,2019-05,Lancashire Constabulary,Lancashire Constabulary,-2.695459,53.757534,On or near Lennox Street,E01033226,Preston 017H,Other theft,Status update unavailable,
587409cb99cb0c3aa17649288e3e21108cef1a9c151acb6915a14471023484ef,2019-05,Lancashire Constabulary,Lancashire Constabulary,-2.692140,53.756789,On or near Arundel Place,E01033226,Preston 017H,Other theft,Unable to prosecute suspect,
4eee44dc06f0a00677cc75821e00ded5a06d0d64420065d71ca1dc514f2372b7,2019-05,Lancashire Constabulary,Lancashire Constabulary,-2.693620,53.756367,On or near Berry Street,E01033226,Preston 017H,Public order,Unable to prosecute suspect,
4c758d754eee29897c1048f79079214f3a7bc2d48a8b6c4c16ad943a1cbac6ff,2019-05,Lancashire Constabulary,Lancashire Constabulary,-2.692140,53.756789,On or near Arundel Place,E01033226,Preston 017H,Theft from the person,Status update unavailable,
6eb76b828cc6841966394a401cc0057a19bcba2ebc989ad09500dc34b9452012,2019-05,Lancashire Constabulary,Lancashire Constabulary,-2.692140,53.756789,On or near Arundel Place,E01033226,Preston 017H,Violence and sexual offences,Unable to prosecute suspect,
b640af3c6e802792220daf6dc267b574d90a374eecf9beb1383d106e6195056d,2019-05,Lancashire Constabulary,Lancashire Constabulary,-2.694364,53.756453,On or near Knowsley Street,E01033226,Preston 017H,Violence and sexual offences,Status update unavailable,
fc58b90e519bdcaa18124440c8ec5cded23e27c6b6226b8840e16f4f2b02e99f,2019-05,Lancashire Constabulary,Lancashire Constabulary,-2.693020,53.757701,On or near Oak Street,E01033226,Preston 017H,Violence and sexual offences,Status update unavailable,
4e439d413f0a6d7ab496e10014ca17a3c3679524d446bb2e880577de23616b62,2019-05,Lancashire Constabulary,Lancashire Constabulary,-2.692140,53.756789,On or near Arundel Place,E01033226,Preston 017H,Violence and sexual offences,Unable to prosecute suspect,
0b3608d3e75886ab533e744896626dc160533e0f1b528ec2e1fc0c6d0ad40848,2019-05,Lancashire Constabulary,Lancashire Constabulary,-2.694364,53.756453,On or near Knowsley Street,E01033226,Preston 017H,Violence and sexual offences,Status update unavailable,
093f7348fc0c1961aea38076132b64b08a5e7e3a3ecf4c3a6431f8cb16b04430,2019-05,Lancashire Constabulary,Lancashire Constabulary,-2.692501,53.756590,On or near St Austin'S Road,E01033226,Preston 017H,Violence and sexual offences,Unable to prosecute suspect,
bc220e7a4c97a08b45e040be675aad8d8e1f7ef08894e6d0a576909672c21635,2019-05,Lancashire Constabulary,Lancashire Constabulary,-2.692140,53.756789,On or near Arundel Place,E01033226,Preston 017H,Violence and sexual offences,Action to be taken by another organisation,
e9212d4e1f4665feb3dabe75281a2ecb2ebcde2844236b79db18f8cd691464b2,2019-05,Lancashire Constabulary,Lancashire Constabulary,-2.693263,53.756828,On or near Norwich Place,E01033226,Preston 017H,Violence and sexual offences,Status update unavailable,
89990a36bb8964a8872cf89f8bd6f07da2426bd93e066f3a378a7a26ebb0086b,2019-05,Lancashire Constabulary,Lancashire Constabulary,-2.694364,53.756453,On or near Knowsley Street,E01033226,Preston 017H,Violence and sexual offences,Status update unavailable,
b61c3d3878b84fd416dac775875848ce37bc1b17cf76e484ffebbe638bbb06af,2019-05,Lancashire Constabulary,Lancashire Constabulary,-2.692140,53.756789,On or near Arundel Place,E01033226,Preston 017H,Violence and sexual offences,Unable to prosecute suspect,
cd3a6a72d5b5ffebd231b718ff47a3b46f6d026d41c8f1811c438a912c9367d2,2019-05,Lancashire Constabulary,Lancashire Constabulary,-2.692140,53.756789,On or near Arundel Place,E01033226,Preston 017H,Violence and sexual offences,Status update unavailable,
89cc2eca7de91625e2e4974198f24adfcdd4319384583df04838512b6982774b,2019-05,Lancashire Constabulary,Lancashire Constabulary,-2.692140,53.756789,On or near Arundel Place,E01033226,Preston 017H,Violence and sexual offences,Unable to prosecute suspect,
,2019-05,Lancashire Constabulary,Lancashire Constabulary,-2.455856,53.853788,On or near Sports/Recreation Area,E01025315,Ribble Valley 001A,Anti-social behaviour,,
91e66dc70077ff70ad5f3e02ac404fa17d5ce7f4abc54414bb62566ad4d55484,2019-05,Lancashire Constabulary,Lancashire Constabulary,-2.523214,53.835222,On or near Dean Brow,E01025315,Ribble Valley 001A,Burglary,Status update unavailable,
27768ede5626a931d9903a96dd9a7250cea4c4fb3904a40a19a4c3b63205c5e8,2019-05,Lancashire Constabulary,Lancashire Constabulary,-2.475456,53.898364,On or near Rabbit Lane,E01025315,Ribble Valley 001A,Burglary,Status update unavailable,
bf3325c3cd2d1b59e8d46d1b10a8e72978c5eef6d29ac4d86a3b444a9a35f2d8,2019-05,Lancashire Constabulary,Lancashire Constabulary,-2.511275,53.833108,On or near Longridge Road,E01025315,Ribble Valley 001A,Burglary,Status update unavailable,
cc30bdad845e8948c10edfc0b1bf49bd217544a61538a73fffe5be9f5254cf6c,2019-05,Lancashire Constabulary,Lancashire Constabulary,-2.475456,53.898364,On or near Rabbit Lane,E01025315,Ribble Valley 001A,Violence and sexual offences,Unable to prosecute suspect,
740996929bf2540c4400885828076a5241fbc64584c3cd08429051965678237a,2019-05,Lancashire Constabulary,Lancashire Constabulary,-2.355847,53.979650,On or near Knotts Lane,E01025320,Ribble Valley 001B,Drugs,Status update unavailable,
989c1304822deb6d8506b16d07db0bcf72026c4aa0e415f0e62677e52942ffbf,2019-05,Lancashire Constabulary,Lancashire Constabulary,-2.512987,53.917218,On or near Hall Hill,E01025320,Ribble Valley 001B,Public order,Status update unavailable,
,2019-05,Lancashire Constabulary,Lancashire Constabulary,-2.263760,53.935353,On or near Park Road,E01025331,Ribble Valley 001C,Anti-social behaviour,,
,2019-05,Lancashire Constabulary,Lancashire Constabulary,-2.266234,53.914820,On or near Cross Hill Lane,E01025331,Ribble Valley 001C,Anti-social behaviour,,
,2019-05,Lancashire Constabulary,Lancashire Constabulary,-2.266234,53.914820,On or near Cross Hill Lane,E01025331,Ribble Valley 001C,Anti-social behaviour,,
,2019-05,Lancashire Constabulary,Lancashire Constabulary,-2.257927,53.935465,On or near Travellers Court,E01025331,Ribble Valley 001C,Anti-social behaviour,,
479c9c299d4b4b821ee8aab722f8978e0624a6e5a2c9a998431f8ebe8ec38640,2019-05,Lancashire Constabulary,Lancashire Constabulary,-2.245471,53.959336,On or near A682,E01025331,Ribble Valley 001C,Burglary,Status update unavailable,
5dad5af8ee8cbffb5fd1791e3e855f64a654f7aec260e0523d0064a00c9df7d8,2019-05,Lancashire Constabulary,Lancashire Constabulary,-2.266234,53.914820,On or near Cross Hill Lane,E01025331,Ribble Valley 001C,Criminal damage and arson,Status update unavailable,
3fb69b7f3050bc499ed0feee07fa1e8b2021ff5e744fb6fb242a791aa7afee5d,2019-05,Lancashire Constabulary,Lancashire Constabulary,-2.299284,53.908163,On or near Back Lane,E01025331,Ribble Valley 001C,Criminal damage and arson,Status update unavailable,
efc44b11184ad9e8e9fedbb6deeddfa49ea68dcad94ec3dfb75487921b50f9af,2019-05,Lancashire Constabulary,Lancashire Constabulary,-2.225219,53.948617,On or near Green Lane,E01025331,Ribble Valley 001C,Other theft,Status update unavailable,
3beb5c8b0b124a67cec84c2ecba562fd7adb8d2cad1da32a9c7d696b7a78261a,2019-05,Lancashire Constabulary,Lancashire Constabulary,-2.271405,53.932838,On or near A59,E01025331,Ribble Valley 001C,Other theft,Investigation complete; no suspect identified,
5ac20b8813e8983b16c2ef39bad44ba34ccf2e89ec5fdf9c11bb73b72120f399,2019-05,Lancashire Constabulary,Lancashire Constabulary,-2.264779,53.935091,On or near Stable Close,E01025331,Ribble Valley 001C,Vehicle crime,Status update unavailable,
1adac76b3aebd13b99ed24d98d4554022cb252c5f5b2dc9dd6002fb6099d3536,2019-05,Lancashire Constabulary,Lancashire Constabulary,-2.271405,53.932838,On or near A59,E01025331,Ribble Valley 001C,Violence and sexual offences,Status update unavailable,
fee48b6bd54259395f5886496cc7fbff9bffd91a6fbc5e000a7c92bfa75fbf25,2019-05,Lancashire Constabulary,Lancashire Constabulary,-2.309899,53.919254,On or near Park/Open Space,E01025331,Ribble Valley 001C,Violence and sexual offences,Unable to prosecute suspect,
fca879d05f481825fb8873373380666a2eed84e4b712c87d0ce4e725f198a650,2019-05,Lancashire Constabulary,Lancashire Constabulary,-2.271405,53.932838,On or near A59,E01025331,Ribble Valley 001C,Violence and sexual offences,Unable to prosecute suspect,
,2019-05,Lancashire Constabulary,Lancashire Constabulary,-2.402986,53.903024,On or near Beech Grove,E01025348,Ribble Valley 001D,Anti-social behaviour,,
25abc7cddd93c62bc3379538c38c2b71314b953f99ee047b8cbac6566a4e4f13,2019-05,Lancashire Constabulary,Lancashire Constabulary,-2.415208,53.890813,On or near Regent Street,E01025348,Ribble Valley 001D,Violence and sexual offences,Unable to prosecute suspect,
6b54ee0671e4106a131d0b3a4013e3daedeeb3c5df82a17c3d291429866b771a,2019-05,Lancashire Constabulary,Lancashire Constabulary,-2.369817,53.907724,On or near Main Street,E01025349,Ribble Valley 001E,Other theft,Status update unavailable,
495719abb38d9b5e00636af93600b51679fc8170a6c2c690d1b80cedd46aa00b,2019-05,Lancashire Constabulary,Lancashire Constabulary,-2.366501,53.906161,On or near Meadowside,E01025349,Ribble Valley 001E,Violence and sexual offences,Unable to prosecute suspect,
,2019-05,Lancashire Constabulary,Lancashire Constabulary,-2.391366,53.866500,On or near Turner Street,E01025334,Ribble Valley 002A,Anti-social behaviour,,
,2019-05,Lancashire Constabulary,Lancashire Constabulary,-2.391366,53.866500,On or near Turner Street,E01025334,Ribble Valley 002A,Anti-social behaviour,,
40699cdeb12264298845510a8e4ee4db4ac2e5d818f7b7f72ee9abbe23c1e285,2019-05,Lancashire Constabulary,Lancashire Constabulary,-2.388030,53.865899,On or near Peel Park Close,E01025334,Ribble Valley 002A,Burglary,Status update unavailable,
86778aec4805a5bf25103145fec6676b2c215894a808b20d5448c33129129f92,2019-05,Lancashire Constabulary,Lancashire Constabulary,-2.385553,53.865979,On or near Croasdale Drive,E01025334,Ribble Valley 002A,Burglary,Status update unavailable,
67c2b4959d29cb2167eb5c9d73f63e062e36bd925200c159ab8b52983b1cddc0,2019-05,Lancashire Constabulary,Lancashire Constabulary,-2.389357,53.862965,On or near Lingfield Avenue,E01025334,Ribble Valley 002A,Other theft,Status update unavailable,
019483dd19de84f3d9bfeb7be02b7d781c1733ff6602b96cf80f005685d80422,2019-05,Lancashire Constabulary,Lancashire Constabulary,-2.395005,53.863683,On or near Petrol Station,E01025334,Ribble Valley 002A,Other theft,Status update unavailable,
98a402d12ed9d3f5c300a114ff7892b51adf5e6076131ea76e3768c18bc450b2,2019-05,Lancashire Constabulary,Lancashire Constabulary,-2.395005,53.863683,On or near Petrol Station,E01025334,Ribble Valley 002A,Other theft,Status update unavailable,
a699b4d4d8c0a0e54be57b6d626d17e446d97b075a1e8c08053a87ad3eb780ff,2019-05,Lancashire Constabulary,Lancashire Constabulary,-2.389357,53.862965,On or near Lingfield Avenue,E01025334,Ribble Valley 002A,Other theft,Status update unavailable,
f7759b475cb17771e51d7e1dd0365e64f2b739998b7e466b951a49be89aa16a3,2019-05,Lancashire Constabulary,Lancashire Constabulary,-2.393003,53.867474,On or near Giles Street,E01025334,Ribble Valley 002A,Violence and sexual offences,Action to be taken by another organisation,
,2019-05,Lancashire Constabulary,Lancashire Constabulary,-2.392600,53.873192,On or near King Street,E01025344,Ribble Valley 002B,Anti-social behaviour,,
,2019-05,Lancashire Constabulary,Lancashire Constabulary,-2.394084,53.875730,On or near Cowper Avenue,E01025344,Ribble Valley 002B,Anti-social behaviour,,
,2019-05,Lancashire Constabulary,Lancashire Constabulary,-2.396190,53.873252,On or near Kirkmoor Road,E01025344,Ribble Valley 002B,Anti-social behaviour,,
b69b2267909f8991fd80fbf703731519bfaff1733e6316cb7f4fd3d217192a35,2019-05,Lancashire Constabulary,Lancashire Constabulary,-2.393175,53.874484,On or near Railway View Road,E01025344,Ribble Valley 002B,Criminal damage and arson,Status update unavailable,
ce165661cf9886818285ac8361bf37e6aaa09f2f05e28f4d312cdc6a17310575,2019-05,Lancashire Constabulary,Lancashire Constabulary,-2.391702,53.874794,On or near St Mary'S Street,E01025344,Ribble Valley 002B,Criminal damage and arson,Status update unavailable,
68ced7c73f58abf6256adfe93c6da7d528513dac1905029fa5ea04dbd3a0624c,2019-05,Lancashire Constabulary,Lancashire Constabulary,-2.396190,53.873252,On or near Kirkmoor Road,E01025344,Ribble Valley 002B,Other theft,Investigation complete; no suspect identified,
eb30a82a37821c204c6e2b26a0210ea8626d2453ab326ee3c4a03b1a37cadc05,2019-05,Lancashire Constabulary,Lancashire Constabulary,-2.397147,53.871514,On or near Montague Street,E01025344,Ribble Valley 002B,Public order,Unable to prosecute suspect,
b56800e55606599121c15550fa0026a10d9bf3e2a77dd271eb2cda6120e7ef2f,2019-05,Lancashire Constabulary,Lancashire Constabulary,-2.395192,53.873929,On or near Blacklane Croft,E01025344,Ribble Valley 002B,Violence and sexual offences,Status update unavailable,
760de930671a3e0d0d19074d7f6949e68c63415408010e625c4f546703deea54,2019-05,Lancashire Constabulary,Lancashire Constabulary,-2.395192,53.873929,On or near Blacklane Croft,E01025344,Ribble Valley 002B,Violence and sexual offences,Status update unavailable,
2a8bc5529c84a1c76c54f28c1efeb4fdbfcc685aeb508cd5173bcb663020db8e,2019-05,Lancashire Constabulary,Lancashire Constabulary,-2.395988,53.877683,On or near Tucker Hill,E01025345,Ribble Valley 002C,Other theft,Status update unavailable,
8ddc70de573be276aa1ca042cf2eea9787e917963f8f777604642c020dbb02b3,2019-05,Lancashire Constabulary,Lancashire Constabulary,-2.390012,53.876166,On or near Spring Meadow,E01025345,Ribble Valley 002C,Vehicle crime,Status update unavailable,
,2019-05,Lancashire Constabulary,Lancashire Constabulary,-2.389109,53.872331,On or near Wellgate,E01025346,Ribble Valley 002D,Anti-social behaviour,,
,2019-05,Lancashire Constabulary,Lancashire Constabulary,-2.388353,53.872819,On or near Supermarket,E01025346,Ribble Valley 002D,Anti-social behaviour,,
,2019-05,Lancashire Constabulary,Lancashire Constabulary,-2.385596,53.875641,On or near Kendal Street,E01025346,Ribble Valley 002D,Anti-social behaviour,,
,2019-05,Lancashire Constabulary,Lancashire Constabulary,-2.388353,53.872819,On or near Supermarket,E01025346,Ribble Valley 002D,Anti-social behaviour,,
,2019-05,Lancashire Constabulary,Lancashire Constabulary,-2.382533,53.871696,On or near Howe Croft,E01025346,Ribble Valley 002D,Anti-social behaviour,,
9c49a49780184a18196ee5f024346eb0098cecb9b005737c46f5153d0df2cae7,2019-05,Lancashire Constabulary,Lancashire Constabulary,-2.391028,53.872639,On or near Market Place,E01025346,Ribble Valley 002D,Bicycle theft,Status update unavailable,
94ba43df28e086c43945eac701605991d2f94f217c50376af9142232679d29d5,2019-05,Lancashire Constabulary,Lancashire Constabulary,-2.386928,53.874999,On or near Petrol Station,E01025346,Ribble Valley 002D,Other theft,Status update unavailable,
71c147bf312f20543e4eab16d6e8f07f29c8b3ad9fe82d87a1a8a6ea4f582317,2019-05,Lancashire Constabulary,Lancashire Constabulary,-2.388040,53.873458,On or near Albion Street,E01025346,Ribble Valley 002D,Other theft,Unable to prosecute suspect,
155c580b5abdd871f51b116ef57be082f0a78fccc05099d302f9d02ee70ba4d7,2019-05,Lancashire Constabulary,Lancashire Constabulary,-2.388353,53.872819,On or near Supermarket,E01025346,Ribble Valley 002D,Public order,Offender given a caution,
188ab6958d13e5a3ee9bcf475f222227d72fe89c9dcfefcb64edb7ae90bea56b,2019-05,Lancashire Constabulary,Lancashire Constabulary,-2.382533,53.871696,On or near Howe Croft,E01025346,Ribble Valley 002D,Public order,Status update unavailable,
b2b29c767dfb829e861864e34196112e0cafd9e7aab9600d09072a539e2aaa81,2019-05,Lancashire Constabulary,Lancashire Constabulary,-2.391028,53.872639,On or near Market Place,E01025346,Ribble Valley 002D,Public order,Local resolution,
d5d9f0147ab30ccc4fc7dc92193eaf23dd9a0616dc911757d3c987e577a0b5ff,2019-05,Lancashire Constabulary,Lancashire Constabulary,-2.387676,53.870349,On or near Peel Street,E01025346,Ribble Valley 002D,Shoplifting,Status update unavailable,
403adaad181c73c02b03fcf2ca54645ef46e2f4f87721ff0db960d556aadb374,2019-05,Lancashire Constabulary,Lancashire Constabulary,-2.377428,53.875640,On or near Up-Brooks,E01025346,Ribble Valley 002D,Vehicle crime,Status update unavailable,
d22ce6a7612cbe25bee4d607320f6aa6aaa9e6696be73df94eabda4b9c3a1d4c,2019-05,Lancashire Constabulary,Lancashire Constabulary,-2.388040,53.873458,On or near Albion Street,E01025346,Ribble Valley 002D,Violence and sexual offences,Unable to prosecute suspect,
73efd104b8dd70e73aaefc85b069d3f22b3ebefe4c63874ff133d4a13918b86d,2019-05,Lancashire Constabulary,Lancashire Constabulary,-2.391028,53.872639,On or near Market Place,E01025346,Ribble Valley 002D,Violence and sexual offences,Unable to prosecute suspect,
,2019-05,Lancashire Constabulary,Lancashire Constabulary,-2.386007,53.874040,On or near Brook Street,E01025347,Ribble Valley 002E,Anti-social behaviour,,
,2019-05,Lancashire Constabulary,Lancashire Constabulary,-2.384699,53.874035,On or near Whittle Close,E01025347,Ribble Valley 002E,Anti-social behaviour,,
,2019-05,Lancashire Constabulary,Lancashire Constabulary,-2.384069,53.876698,On or near Tower Hill,E01025347,Ribble Valley 002E,Anti-social behaviour,,
0c00268d51c3bf7df130efb6ba58a2ae9ab46df8dea3588684cd490e92ed326e,2019-05,Lancashire Constabulary,Lancashire Constabulary,-2.386594,53.876689,On or near Longsight Avenue,E01025347,Ribble Valley 002E,Criminal damage and arson,Status update unavailable,
134ab941d71e57cba703238ab95b4e693513b966ba567bb801d1f5b9652d7ce0,2019-05,Lancashire Constabulary,Lancashire Constabulary,-2.381361,53.879897,On or near Chatburn Road,E01025347,Ribble Valley 002E,Violence and sexual offences,Status update unavailable,
fceb0cde520ffb801fa0269ad752248a74c906cccc3c014e7aa979f8a92e1d80,2019-05,Lancashire Constabulary,Lancashire Constabulary,-2.386007,53.874040,On or near Brook Street,E01025347,Ribble Valley 002E,Violence and sexual offences,Unable to prosecute suspect,
,2019-05,Lancashire Constabulary,Lancashire Constabulary,-2.402684,53.868520,On or near The Crescent,E01025329,Ribble Valley 003A,Anti-social behaviour,,
,2019-05,Lancashire Constabulary,Lancashire Constabulary,-2.406467,53.866548,On or near Garnett Road,E01025329,Ribble Valley 003A,Anti-social behaviour,,
1fca0e5c447f36c5450f5fc2bc560d72d68af1dda989f90dee2d448f4a66f347,2019-05,Lancashire Constabulary,Lancashire Constabulary,-2.410351,53.867173,On or near Derwent Crescent,E01025329,Ribble Valley 003A,Violence and sexual offences,Unable to prosecute suspect,
5fd7ed42284ac53bfcffa0f656750e9aa90104212ab861a5de2d922bcb176229,2019-05,Lancashire Constabulary,Lancashire Constabulary,-2.404658,53.868181,On or near Hargreaves Court,E01025329,Ribble Valley 003A,Violence and sexual offences,Awaiting court outcome,
,2019-05,Lancashire Constabulary,Lancashire Constabulary,-2.397320,53.870516,On or near Pump Street,E01025330,Ribble Valley 003B,Anti-social behaviour,,
,2019-05,Lancashire Constabulary,Lancashire Constabulary,-2.410000,53.870212,On or near St Paul'S Street,E01025330,Ribble Valley 003B,Anti-social behaviour,,
,2019-05,Lancashire Constabulary,Lancashire Constabulary,-2.411757,53.872543,On or near Meadowlands,E01025330,Ribble Valley 003B,Anti-social behaviour,,
d3383fa525142f7ea3b8c9d00183aa5312bfdb87ca5a5383f361aa110ad90ae6,2019-05,Lancashire Constabulary,Lancashire Constabulary,-2.405794,53.867665,On or near Ennerdale Close,E01025330,Ribble Valley 003B,Burglary,Status update unavailable,
332e40bc8687e0e29a6ac8d9526ad2ae1d83535c27098e1bcc6d17eabe9e8371,2019-05,Lancashire Constabulary,Lancashire Constabulary,-2.405794,53.867665,On or near Ennerdale Close,E01025330,Ribble Valley 003B,Other theft,Status update unavailable,
d865ffb56fa246e73c1f440e6a48d83eea129574103d5bb91cf4bb9379a998a1,2019-05,Lancashire Constabulary,Lancashire Constabulary,-2.408083,53.870129,On or near St Paul'S Close,E01025330,Ribble Valley 003B,Shoplifting,Local resolution,
a129aa632d3c26e0247524987465791aab50b3c25ab25ec96d90210c4bcf8b21,2019-05,Lancashire Constabulary,Lancashire Constabulary,-2.412305,53.872622,On or near Chapel Close,E01025330,Ribble Valley 003B,Violence and sexual offences,Status update unavailable,
a414bd0b289b7d3bea5b9984ed15381a6fd83444377cbfed7ed1aa57ad4a2d36,2019-05,Lancashire Constabulary,Lancashire Constabulary,-2.398835,53.869917,On or near Bawdlands,E01025330,Ribble Valley 003B,Violence and sexual offences,Unable to prosecute suspect,
8a5e8df734c8dbfbb0e01a45b208ba0ab69e8100be3df2aceff7b59b55558d48,2019-05,Lancashire Constabulary,Lancashire Constabulary,-2.412565,53.871147,On or near High Street,E01025330,Ribble Valley 003B,Violence and sexual offences,Status update unavailable,
5fbd323f0f2d86169cf04b999ee9f78a5e4371969051a30e5e6e16b014562ec0,2019-05,Lancashire Constabulary,Lancashire Constabulary,-2.398835,53.869917,On or near Bawdlands,E01025330,Ribble Valley 003B,Violence and sexual offences,Status update unavailable,
873e88171d8ceee391bb546ca66feb807e23d38ae5e92be1d10d336e0d472e8a,2019-05,Lancashire Constabulary,Lancashire Constabulary,-2.412565,53.871147,On or near High Street,E01025330,Ribble Valley 003B,Violence and sexual offences,Status update unavailable,
90af27bb3de255459c36f288cf267add47133ffb1c3bb0f0a33fe79af90a9158,2019-05,Lancashire Constabulary,Lancashire Constabulary,-2.411757,53.872543,On or near Meadowlands,E01025330,Ribble Valley 003B,Violence and sexual offences,Unable to prosecute suspect,
8dfcd558d3b35cc07f87dda4107325ad7786dd58110fadf57971e1af82bc5570,2019-05,Lancashire Constabulary,Lancashire Constabulary,-2.410322,53.871973,On or near Waddow Green,E01025330,Ribble Valley 003B,Violence and sexual offences,Unable to prosecute suspect,
2df7220a38ea5f644cda384fc6c727cd24c893ed44579bf1e0111d5d08877556,2019-05,Lancashire Constabulary,Lancashire Constabulary,-2.410849,53.871477,On or near Union Street,E01025330,Ribble Valley 003B,Violence and sexual offences,Unable to prosecute suspect,
1ef37ab255884e762463e82002af07e60e8003cc03a67f02a9c44d68a9a8fb20,2019-05,Lancashire Constabulary,Lancashire Constabulary,-2.412565,53.871147,On or near High Street,E01025330,Ribble Valley 003B,Violence and sexual offences,Status update unavailable,
,2019-05,Lancashire Constabulary,Lancashire Constabulary,-2.391752,53.870399,On or near Supermarket,E01025335,Ribble Valley 003C,Anti-social behaviour,,
,2019-05,Lancashire Constabulary,Lancashire Constabulary,-2.388459,53.867785,On or near Highfield Road,E01025335,Ribble Valley 003C,Anti-social behaviour,,
,2019-05,Lancashire Constabulary,Lancashire Constabulary,-2.390522,53.872201,On or near King Lane,E01025335,Ribble Valley 003C,Anti-social behaviour,,
,2019-05,Lancashire Constabulary,Lancashire Constabulary,-2.391093,53.871444,On or near Parking Area,E01025335,Ribble Valley 003C,Anti-social behaviour,,
b6bd508d1645c8aae7b59921dc36a8344b7ffef580803281ffdc3e9dd95dd4f7,2019-05,Lancashire Constabulary,Lancashire Constabulary,-2.384409,53.868958,On or near Bolland Prospect,E01025335,Ribble Valley 003C,Criminal damage and arson,Status update unavailable,
360380d832a6dc964a03d960fa3097320223b378fae0d3b6b65305499a33fd83,2019-05,Lancashire Constabulary,Lancashire Constabulary,-2.391752,53.870399,On or near Supermarket,E01025335,Ribble Valley 003C,Other theft,Status update unavailable,
1f9b8d5fca732af58717b11e757e20a73fb2d43104c7a9ca73e3bbcc16e19d2c,2019-05,Lancashire Constabulary,Lancashire Constabulary,-2.391752,53.870399,On or near Supermarket,E01025335,Ribble Valley 003C,Shoplifting,Status update unavailable,
a8d0d0a3eaebab907ba91097f649c52001cac29564b7abb7b18cb890e8cb7884,2019-05,Lancashire Constabulary,Lancashire Constabulary,-2.391515,53.871047,On or near Strang Stee,E01025335,Ribble Valley 003C,Shoplifting,Local resolution,
fba72e7f342e2397a1f4275dda9fd7e7f68051c29c120378a83e8e589fc63b7d,2019-05,Lancashire Constabulary,Lancashire Constabulary,-2.391240,53.870922,On or near Lowergate,E01025335,Ribble Valley 003C,Violence and sexual offences,Unable to prosecute suspect,
aaa7e125d5a1a598988658add35e3c9348d70d1c6b6ee54ca284c6821dac66d7,2019-05,Lancashire Constabulary,Lancashire Constabulary,-2.389330,53.871593,On or near Candlemakers Croft,E01025335,Ribble Valley 003C,Violence and sexual offences,Local resolution,
,2019-05,Lancashire Constabulary,Lancashire Constabulary,-2.392019,53.871216,On or near Castle Gate,E01025338,Ribble Valley 003D,Anti-social behaviour,,
,2019-05,Lancashire Constabulary,Lancashire Constabulary,-2.393447,53.867841,On or near Mearley Street,E01025338,Ribble Valley 003D,Anti-social behaviour,,
,2019-05,Lancashire Constabulary,Lancashire Constabulary,-2.393239,53.873181,On or near Police Station,E01025338,Ribble Valley 003D,Anti-social behaviour,,
c17ee7a71d4e6086dbf61bb6955091c54f217f460775c0e89b542e047468eb40,2019-05,Lancashire Constabulary,Lancashire Constabulary,-2.392019,53.871216,On or near Castle Gate,E01025338,Ribble Valley 003D,Criminal damage and arson,Status update unavailable,
c93d8299ce43d717689accebec5fbd3507b285af9eb018b176edb56551840878,2019-05,Lancashire Constabulary,Lancashire Constabulary,-2.392019,53.871216,On or near Castle Gate,E01025338,Ribble Valley 003D,Criminal damage and arson,Further investigation is not in the public interest,
85628e648055324c9cc4efa732993136d0aaa31ca629365eee15d3a799ff546c,2019-05,Lancashire Constabulary,Lancashire Constabulary,-2.391919,53.871936,On or near Castle Street,E01025338,Ribble Valley 003D,Other theft,Status update unavailable,
d254f39cbffb1e794ad280e991e25add182143869944666322055fdfe02b4b3e,2019-05,Lancashire Constabulary,Lancashire Constabulary,-2.393447,53.867841,On or near Mearley Street,E01025338,Ribble Valley 003D,Public order,Status update unavailable,
4a2871b2e9223960b7f71140fab5369fcd1306a2572aedd23044260605c2b1b8,2019-05,Lancashire Constabulary,Lancashire Constabulary,-2.392504,53.869444,On or near Moor Lane,E01025338,Ribble Valley 003D,Public order,Status update unavailable,
d999962c1a9f752368ead6a9580c553e3371b69d29a7889a13499f83b93202c2,2019-05,Lancashire Constabulary,Lancashire Constabulary,-2.394478,53.867496,On or near Greenacre Street,E01025338,Ribble Valley 003D,Public order,Unable to prosecute suspect,
9ad5f930799909f93ed4ab13b16d863f921ff9e6a7a2d645a373c98c7d9c927e,2019-05,Lancashire Constabulary,Lancashire Constabulary,-2.394575,53.871379,On or near Parson Lane,E01025338,Ribble Valley 003D,Shoplifting,Status update unavailable,
7592602b9f33e8308bf5ffaed2538bfab103ac7b2366a99e94283a01d0cc281c,2019-05,Lancashire Constabulary,Lancashire Constabulary,-2.394575,53.871379,On or near Parson Lane,E01025338,Ribble Valley 003D,Shoplifting,Status update unavailable,
b133101d8090077173710f39bbb347f07452f220934be738a7a9d26297e36082,2019-05,Lancashire Constabulary,Lancashire Constabulary,-2.392504,53.869444,On or near Moor Lane,E01025338,Ribble Valley 003D,Shoplifting,Status update unavailable,
15161dd5bba3f197bd2eff602468a26c206ebbd5992457eea2835eb0d11cbc52,2019-05,Lancashire Constabulary,Lancashire Constabulary,-2.392504,53.869444,On or near Moor Lane,E01025338,Ribble Valley 003D,Shoplifting,Status update unavailable,
6541696ea1e0514b6a172ec35496facde0470fd6f9f19558741a37c15022e8f1,2019-05,Lancashire Constabulary,Lancashire Constabulary,-2.392504,53.869444,On or near Moor Lane,E01025338,Ribble Valley 003D,Shoplifting,Awaiting court outcome,
6f5c919cd815d5e3e4ed97b6ed8e63bfc8b63a9fc5acb827c791c2727f4acaa2,2019-05,Lancashire Constabulary,Lancashire Constabulary,-2.392504,53.869444,On or near Moor Lane,E01025338,Ribble Valley 003D,Shoplifting,Status update unavailable,
58c440d18401814fd39fb68d38812f9e44edf5d89dbfbbf7b215c4720d6ea211,2019-05,Lancashire Constabulary,Lancashire Constabulary,-2.391919,53.871936,On or near Castle Street,E01025338,Ribble Valley 003D,Theft from the person,Status update unavailable,
e2237d116797a6cbf3d2e6e1b36a05f18e5c9062d2a22a4c38426e35588c5e8e,2019-05,Lancashire Constabulary,Lancashire Constabulary,-2.398442,53.867034,On or near West View,E01025338,Ribble Valley 003D,Vehicle crime,Status update unavailable,
80406f8854a55861c43de6075b85e20fea37b1664897a55f5353531dd988ec1b,2019-05,Lancashire Constabulary,Lancashire Constabulary,-2.396820,53.867524,On or near Wilson Street,E01025338,Ribble Valley 003D,Violence and sexual offences,Status update unavailable,
15b57a7065415701525e7771145050003abcff1cd4e061b7a187a472cdd89cc5,2019-05,Lancashire Constabulary,Lancashire Constabulary,-2.396342,53.863589,On or near Parker Avenue,E01025338,Ribble Valley 003D,Violence and sexual offences,Status update unavailable,
70e751a2b3f84656472df9f52f27abc59c72f74c75febbe49d74b29cd16520a6,2019-05,Lancashire Constabulary,Lancashire Constabulary,-2.398366,53.868634,On or near Franklin Street,E01025338,Ribble Valley 003D,Violence and sexual offences,Offender given a caution,
db9f7d987813931c79f6c636b93fd9f82c13a022f15ece7b1b2e1911ce70c276,2019-05,Lancashire Constabulary,Lancashire Constabulary,-2.398977,53.868856,On or near Monk Street,E01025338,Ribble Valley 003D,Violence and sexual offences,Further investigation is not in the public interest,
,2019-05,Lancashire Constabulary,Lancashire Constabulary,-2.407700,53.863587,On or near Stirling Close,E01025339,Ribble Valley 003E,Anti-social behaviour,,
,2019-05,Lancashire Constabulary,Lancashire Constabulary,-2.407700,53.863587,On or near Stirling Close,E01025339,Ribble Valley 003E,Anti-social behaviour,,
,2019-05,Lancashire Constabulary,Lancashire Constabulary,-2.407700,53.863587,On or near Stirling Close,E01025339,Ribble Valley 003E,Anti-social behaviour,,
,2019-05,Lancashire Constabulary,Lancashire Constabulary,-2.398724,53.861505,On or near Whalley Road,E01025339,Ribble Valley 003E,Anti-social behaviour,,
,2019-05,Lancashire Constabulary,Lancashire Constabulary,-2.405641,53.864529,On or near Conway Avenue,E01025339,Ribble Valley 003E,Anti-social behaviour,,
b4b164c3db7ca371495ed9d3fc30ced829007080df7acb1b0d729e00800f1898,2019-05,Lancashire Constabulary,Lancashire Constabulary,-2.407700,53.863587,On or near Stirling Close,E01025339,Ribble Valley 003E,Violence and sexual offences,Unable to prosecute suspect,
b429c4fbfd83d15b224798ce0cd8e15dc780b39e3311ddc64357c481f7832912,2019-05,Lancashire Constabulary,Lancashire Constabulary,-2.571985,53.882699,On or near Brooklands,E01025322,Ribble Valley 004A,Public order,Status update unavailable,
9720fa81481e7d0edafe7ef7f50bc3b1a8f53cad670f69c44cfc6f68ba76447c,2019-05,Lancashire Constabulary,Lancashire Constabulary,-2.578084,53.884809,On or near Kirklands,E01025322,Ribble Valley 004A,Violence and sexual offences,Status update unavailable,
017f8eee2bddc163dcaa6f03686ae4783334fd2222d082fe85994b7e51e32414,2019-05,Lancashire Constabulary,Lancashire Constabulary,-2.577573,53.885305,On or near Church Raike,E01025322,Ribble Valley 004A,Violence and sexual offences,Status update unavailable,
171a2243d14004e4c2cbee3482d1f421158bdd5b3804c8aa7dec0edbf93fa94c,2019-05,Lancashire Constabulary,Lancashire Constabulary,-2.577573,53.885305,On or near Church Raike,E01025322,Ribble Valley 004A,Other crime,Status update unavailable,
,2019-05,Lancashire Constabulary,Lancashire Constabulary,-2.606011,53.833969,On or near Crumpax Avenue,E01025326,Ribble Valley 004B,Anti-social behaviour,,
,2019-05,Lancashire Constabulary,Lancashire Constabulary,-2.604957,53.832564,On or near Petrol Station,E01025326,Ribble Valley 004B,Anti-social behaviour,,
,2019-05,Lancashire Constabulary,Lancashire Constabulary,-2.596699,53.833117,On or near Green Lane,E01025326,Ribble Valley 004B,Anti-social behaviour,,
50ee1b9fb09dc1a04f2e882ac3f01bb5daa7d5eaddb5ac6ae78dc7b8d600cc89,2019-05,Lancashire Constabulary,Lancashire Constabulary,-2.604957,53.832564,On or near Petrol Station,E01025326,Ribble Valley 004B,Public order,Unable to prosecute suspect,
c03147c55c6d3066991e1c86e1b8099a6a39b58d0ac7fd40a884c0517e379505,2019-05,Lancashire Constabulary,Lancashire Constabulary,-2.584763,53.840133,On or near Forty Acre Lane,E01025326,Ribble Valley 004B,Public order,Unable to prosecute suspect,
2fcb2a62f00cee45c5339e98eec110fb38d45809738d798fff0bcc36f663b6e4,2019-05,Lancashire Constabulary,Lancashire Constabulary,-2.604957,53.832564,On or near Petrol Station,E01025326,Ribble Valley 004B,Shoplifting,Awaiting court outcome,
f85c604dee39584ec7e189265105c1a98c9929b4d3307ff84f538ca47109c1cc,2019-05,Lancashire Constabulary,Lancashire Constabulary,-2.606657,53.835611,On or near Supermarket,E01025326,Ribble Valley 004B,Shoplifting,Status update unavailable,
7e4143ea48e04e0309aefadac78c192bacb09f4dcd3c6956a4ae52329072b0d2,2019-05,Lancashire Constabulary,Lancashire Constabulary,-2.604957,53.832564,On or near Petrol Station,E01025326,Ribble Valley 004B,Shoplifting,Awaiting court outcome,
38410fef9726ca65cb36bc4c63eeff91eee1dd6b3c8eda11e203afdc3d67bef4,2019-05,Lancashire Constabulary,Lancashire Constabulary,-2.604957,53.832564,On or near Petrol Station,E01025326,Ribble Valley 004B,Shoplifting,Status update unavailable,
a4826893d16d7e0b034f8937b31ec4aa9dabc1db6b7a3e6355b7a8234988dec5,2019-05,Lancashire Constabulary,Lancashire Constabulary,-2.604957,53.832564,On or near Petrol Station,E01025326,Ribble Valley 004B,Shoplifting,Awaiting court outcome,
0eff52c60eb8c1d191cbc2ce7e5bd48af3311d2b22f5a991fdc06520ea2c63f7,2019-05,Lancashire Constabulary,Lancashire Constabulary,-2.551678,53.864333,On or near Rock Brow,E01025326,Ribble Valley 004B,Vehicle crime,Status update unavailable,
1179df4ac7afcc6d4b5c9037909a525b41411deff738b85729161508a6531557,2019-05,Lancashire Constabulary,Lancashire Constabulary,-2.549067,53.871661,On or near Park/Open Space,E01025326,Ribble Valley 004B,Violence and sexual offences,Status update unavailable,
d4593191508d2b93c3ab68faf19521d729c76ce366dcd8a1e727f82aee536d6c,2019-05,Lancashire Constabulary,Lancashire Constabulary,-2.609901,53.833977,On or near Nateby Close,E01025326,Ribble Valley 004B,Violence and sexual offences,Local resolution,
10d6a858bccde074235bd591cb07c9df18e262f1b2d69cf93b6e249ca28e01d8,2019-05,Lancashire Constabulary,Lancashire Constabulary,-2.594567,53.833847,On or near Wellbrow Drive,E01025327,Ribble Valley 004C,Shoplifting,Status update unavailable,
,2019-05,Lancashire Constabulary,Lancashire Constabulary,-2.537074,53.814057,On or near Manor Avenue,E01025342,Ribble Valley 004D,Anti-social behaviour,,
,2019-05,Lancashire Constabulary,Lancashire Constabulary,-2.532924,53.811343,On or near Sports/Recreation Area,E01025342,Ribble Valley 004D,Anti-social behaviour,,
93e6609d8c8a6e9eaaa22cc2894359e51b68d2b0e5887535a4e224aa233c3eb5,2019-05,Lancashire Constabulary,Lancashire Constabulary,-2.554306,53.836539,On or near Glen View,E01025342,Ribble Valley 004D,Other theft,Unable to prosecute suspect,
934a16e82b360346363678f32db762ff2f3259c6f344feb320eb123d5478ebf4,2019-05,Lancashire Constabulary,Lancashire Constabulary,-2.534940,53.812215,On or near Parsonage Avenue,E01025342,Ribble Valley 004D,Vehicle crime,Status update unavailable,
e8dfc203e92578212c44ca5f532fe8f3b776d9ecdecd5b12255d9f641f721093,2019-05,Lancashire Constabulary,Lancashire Constabulary,-2.555623,53.827023,On or near Wood'S Brow,E01025342,Ribble Valley 004D,Violence and sexual offences,Unable to prosecute suspect,
,2019-05,Lancashire Constabulary,Lancashire Constabulary,-2.355040,53.893684,On or near Victoria Court,E01025321,Ribble Valley 005A,Anti-social behaviour,,
,2019-05,Lancashire Constabulary,Lancashire Constabulary,-2.355040,53.893684,On or near Victoria Court,E01025321,Ribble Valley 005A,Anti-social behaviour,,
e12f1230f35c70e9f69f844294d72c764c0c8e2fcf7a6d954d027b4fc7dcaa96,2019-05,Lancashire Constabulary,Lancashire Constabulary,-2.348133,53.893812,On or near Police Station,E01025321,Ribble Valley 005A,Criminal damage and arson,Status update unavailable,
90f14164b8fb653e30f0df6d32ba3304211525d1029b041148096e551f7e9ca2,2019-05,Lancashire Constabulary,Lancashire Constabulary,-2.353994,53.892312,On or near Crow Trees Gardens,E01025321,Ribble Valley 005A,Violence and sexual offences,Unable to prosecute suspect,
164930b7c917a8e0ca3e070bad63019c5361dcf17263677c489ec201c9826e2b,2019-05,Lancashire Constabulary,Lancashire Constabulary,-2.360447,53.887260,On or near Petrol Station,E01025321,Ribble Valley 005A,Violence and sexual offences,Further investigation is not in the public interest,
,2019-05,Lancashire Constabulary,Lancashire Constabulary,-2.356299,53.807441,On or near Greenacres,E01025340,Ribble Valley 005B,Anti-social behaviour,,
,2019-05,Lancashire Constabulary,Lancashire Constabulary,-2.351125,53.804284,On or near Furness Avenue,E01025340,Ribble Valley 005B,Anti-social behaviour,,
,2019-05,Lancashire Constabulary,Lancashire Constabulary,-2.352304,53.805413,On or near Byland Close,E01025340,Ribble Valley 005B,Anti-social behaviour,,
,2019-05,Lancashire Constabulary,Lancashire Constabulary,-2.340161,53.805987,On or near Clough Lane,E01025340,Ribble Valley 005B,Anti-social behaviour,,
,2019-05,Lancashire Constabulary,Lancashire Constabulary,-2.340161,53.805987,On or near Clough Lane,E01025340,Ribble Valley 005B,Anti-social behaviour,,
,2019-05,Lancashire Constabulary,Lancashire Constabulary,-2.356299,53.807441,On or near Greenacres,E01025340,Ribble Valley 005B,Anti-social behaviour,,
,2019-05,Lancashire Constabulary,Lancashire Constabulary,-2.351125,53.804284,On or near Furness Avenue,E01025340,Ribble Valley 005B,Anti-social behaviour,,
b345c1bc7dd7e2d02076c9fc941eceab94cf3fe79e0cc08a930a52f68eb6a43a,2019-05,Lancashire Constabulary,Lancashire Constabulary,-2.344169,53.800331,On or near Simonstone Lane,E01025340,Ribble Valley 005B,Burglary,Status update unavailable,
ae9a3b9bb1fc646631837b5f99fc04c31ff15b95d6942f38d7e5832da71caf1a,2019-05,Lancashire Constabulary,Lancashire Constabulary,-2.336916,53.814184,On or near Trapp Lane,E01025340,Ribble Valley 005B,Public order,Status update unavailable,
49f713da6b07fe089625ada568a69674ac108515f7db05781e9421151ad979b0,2019-05,Lancashire Constabulary,Lancashire Constabulary,-2.356878,53.805849,On or near Westfield Avenue,E01025340,Ribble Valley 005B,Vehicle crime,Status update unavailable,
c3ce156ac8050901c9a98b2fb34cc9ad37c07c638aa36552803386d31d9c568b,2019-05,Lancashire Constabulary,Lancashire Constabulary,-2.340161,53.805987,On or near Clough Lane,E01025340,Ribble Valley 005B,Other crime,Status update unavailable,
9893290d45b4e927047634c7748a4e15e98f4df6b985774b58c4a2ea86b40e3f,2019-05,Lancashire Constabulary,Lancashire Constabulary,-2.356878,53.805849,On or near Westfield Avenue,E01025340,Ribble Valley 005B,Other crime,Formal action is not in the public interest,
,2019-05,Lancashire Constabulary,Lancashire Constabulary,-2.349897,53.808071,On or near Beaufort Close,E01025341,Ribble Valley 005C,Anti-social behaviour,,
,2019-05,Lancashire Constabulary,Lancashire Constabulary,-2.340223,53.830461,On or near Watt Street,E01025343,Ribble Valley 005D,Anti-social behaviour,,
415d927a8643ef17d5744b4a150d590c9fbd454d182ee9e7ff788082d4eb8625,2019-05,Lancashire Constabulary,Lancashire Constabulary,-2.337537,53.832770,On or near Gardeners Row,E01025343,Ribble Valley 005D,Burglary,Status update unavailable,
347d8dd5342a061406d82ae338977257e3b076d201cb9f6efa0d8e27f730e590,2019-05,Lancashire Constabulary,Lancashire Constabulary,-2.336519,53.830975,On or near Pendleside Close,E01025343,Ribble Valley 005D,Burglary,Offender given a caution,
9d2abc0cef5ad361ee084263dff5b7ed85595874c87cc0e39a56ea68c85bb572,2019-05,Lancashire Constabulary,Lancashire Constabulary,-2.337671,53.832428,On or near Sports/Recreation Area,E01025343,Ribble Valley 005D,Vehicle crime,Status update unavailable,
,2019-05,Lancashire Constabulary,Lancashire Constabulary,-2.401357,53.837939,On or near Oak Close,E01025354,Ribble Valley 005E,Anti-social behaviour,,
,2019-05,Lancashire Constabulary,Lancashire Constabulary,-2.400022,53.838195,On or near Ash Close,E01025354,Ribble Valley 005E,Anti-social behaviour,,
,2019-05,Lancashire Constabulary,Lancashire Constabulary,-2.393558,53.847240,On or near A671,E01025354,Ribble Valley 005E,Anti-social behaviour,,
,2019-05,Lancashire Constabulary,Lancashire Constabulary,-2.393558,53.847240,On or near A671,E01025354,Ribble Valley 005E,Anti-social behaviour,,
,2019-05,Lancashire Constabulary,Lancashire Constabulary,-2.395357,53.839819,On or near Holm Road,E01025354,Ribble Valley 005E,Anti-social behaviour,,
62bd9a9d5d5733c499cb589f57a62817e6ddcd36729aa1853e34d88c7fe96301,2019-05,Lancashire Constabulary,Lancashire Constabulary,-2.400044,53.840424,On or near Paynter Close,E01025354,Ribble Valley 005E,Burglary,Status update unavailable,
2a81dc32ba05840c6137ebffac593c04442d2b16463ba539d850973b97bf7ffc,2019-05,Lancashire Constabulary,Lancashire Constabulary,-2.393558,53.847240,On or near A671,E01025354,Ribble Valley 005E,Other theft,Status update unavailable,
b3ee5d00f909951fdfc62da17d4e8d153364c96288e08a7f5cc3fdc40268f573,2019-05,Lancashire Constabulary,Lancashire Constabulary,-2.398475,53.836861,On or near Willow Drive,E01025354,Ribble Valley 005E,Vehicle crime,Status update unavailable,
9bbc8e550d702df3ab4ad149a641dd7d4be12dc18467ed6db834e5d86ea6836a,2019-05,Lancashire Constabulary,Lancashire Constabulary,-2.372994,53.852483,On or near Parking Area,E01025354,Ribble Valley 005E,Vehicle crime,Status update unavailable,
c1e441c1435cf9ce9351e0fc984a4b12d8b97435b61a13cadb7e785cabe63cf6,2019-05,Lancashire Constabulary,Lancashire Constabulary,-2.401357,53.837939,On or near Oak Close,E01025354,Ribble Valley 005E,Violence and sexual offences,Awaiting court outcome,
989d6d5774e0020d1bf432ca36c02dfd2d46de170badd470a2f9a680b7d8ae88,2019-05,Lancashire Constabulary,Lancashire Constabulary,-2.401315,53.841462,On or near The Brambles,E01025354,Ribble Valley 005E,Violence and sexual offences,Status update unavailable,
eb08e358782d77808ae8839e868b303b5682d1fe030372335635998c86bd8d49,2019-05,Lancashire Constabulary,Lancashire Constabulary,-2.400044,53.840424,On or near Paynter Close,E01025354,Ribble Valley 005E,Violence and sexual offences,Unable to prosecute suspect,
ecc9ec7099901ccefd8da00a16a16684541b54e0dab0f7251390e0cf6614d1e6,2019-05,Lancashire Constabulary,Lancashire Constabulary,-2.398475,53.836861,On or near Willow Drive,E01025354,Ribble Valley 005E,Violence and sexual offences,Unable to prosecute suspect,
,2019-05,Lancashire Constabulary,Lancashire Constabulary,-2.610081,53.822363,On or near Wasdale Grove,E01025316,Ribble Valley 006A,Anti-social behaviour,,
dba18ac54e3d62f51423d0175521388855949cf9b22b0e44ee7ca0b9237d924a,2019-05,Lancashire Constabulary,Lancashire Constabulary,-2.609615,53.823732,On or near Eskdale Road,E01025316,Ribble Valley 006A,Violence and sexual offences,Unable to prosecute suspect,
0f793128c2ee35141fb62eb30c0c0e9f95c758bc161b2d7fc7a704be95516a99,2019-05,Lancashire Constabulary,Lancashire Constabulary,-2.610081,53.822363,On or near Wasdale Grove,E01025316,Ribble Valley 006A,Violence and sexual offences,Status update unavailable,
,2019-05,Lancashire Constabulary,Lancashire Constabulary,-2.608896,53.827582,On or near Cross Street,E01025317,Ribble Valley 006B,Anti-social behaviour,,
,2019-05,Lancashire Constabulary,Lancashire Constabulary,-2.605150,53.828006,On or near Oak Avenue,E01025317,Ribble Valley 006B,Anti-social behaviour,,
cbc3ed694295e6662daffd4c2e008bd27ff49dd6a2d5c1c88e797c9f3e521591,2019-05,Lancashire Constabulary,Lancashire Constabulary,-2.608291,53.825644,On or near Preston Road,E01025317,Ribble Valley 006B,Violence and sexual offences,Status update unavailable,
c54b81dcc151d96d8cbe7e8ab598571f6847256836eab7cabfed83f12eb82b09,2019-05,Lancashire Constabulary,Lancashire Constabulary,-2.604026,53.828056,On or near Pendle Court,E01025317,Ribble Valley 006B,Violence and sexual offences,Status update unavailable,
80833de97dcd94302fb8af06ebac1498d3849c00e1e474fede86cb86f273070b,2019-05,Lancashire Constabulary,Lancashire Constabulary,-2.577234,53.819775,On or near Hothersall Lane,E01025317,Ribble Valley 006B,Violence and sexual offences,Status update unavailable,
e38e78363b279c257f5b86fd82ed1b4d55a258ac60e93dc7da53b2179f31ad9a,2019-05,Lancashire Constabulary,Lancashire Constabulary,-2.608491,53.827944,On or near Chatburn Road,E01025317,Ribble Valley 006B,Violence and sexual offences,Unable to prosecute suspect,
,2019-05,Lancashire Constabulary,Lancashire Constabulary,-2.602610,53.831003,On or near Shopping Area,E01025325,Ribble Valley 006C,Anti-social behaviour,,
,2019-05,Lancashire Constabulary,Lancashire Constabulary,-2.600785,53.830850,On or near Church Street,E01025325,Ribble Valley 006C,Anti-social behaviour,,
,2019-05,Lancashire Constabulary,Lancashire Constabulary,-2.607592,53.828811,On or near B5269,E01025325,Ribble Valley 006C,Anti-social behaviour,,
746fcbad776157ad670a902a2826f3876a09adade8e39933cea37525388c64f0,2019-05,Lancashire Constabulary,Lancashire Constabulary,-2.603069,53.831207,On or near Supermarket,E01025325,Ribble Valley 006C,Shoplifting,Awaiting court outcome,
a01ad347b23c8557ae9bddc3c9058e2099bb646a5cd306a2f45086cf61740e8b,2019-05,Lancashire Constabulary,Lancashire Constabulary,-2.597827,53.831197,On or near Belmont Court,E01025325,Ribble Valley 006C,Vehicle crime,Status update unavailable,
8c9b9fb5058c80d864180cbe1d4ca250651431cc4150a6e549839f5c1fbb4981,2019-05,Lancashire Constabulary,Lancashire Constabulary,-2.607275,53.831051,On or near Derby Road,E01025325,Ribble Valley 006C,Violence and sexual offences,Further investigation is not in the public interest,
6b029c309e9505753e39f00722d9b266438da470470bf837ecc70bbb91cb4f32,2019-05,Lancashire Constabulary,Lancashire Constabulary,-2.601367,53.830164,On or near Chapel Street,E01025325,Ribble Valley 006C,Violence and sexual offences,Unable to prosecute suspect,
20b43ec4cc98511dbd3fd35cec4e115dde37c0f5c4ffab08e8f61002ad2e4201,2019-05,Lancashire Constabulary,Lancashire Constabulary,-2.607951,53.830472,On or near Regent Street,E01025325,Ribble Valley 006C,Violence and sexual offences,Status update unavailable,
229562c63289766bfca3389ca9cc688bcaef1ad3d0a7b308a0d63df78e3e7d9f,2019-05,Lancashire Constabulary,Lancashire Constabulary,-2.603169,53.830775,On or near Barclay Court,E01025325,Ribble Valley 006C,Violence and sexual offences,Status update unavailable,
e0bc9c3eb28a749ff936a964b2d01ac4211f2f6f049cfae6c3c7600d5d828552,2019-05,Lancashire Constabulary,Lancashire Constabulary,-2.608599,53.830154,On or near Victoria Street,E01025325,Ribble Valley 006C,Violence and sexual offences,Unable to prosecute suspect,
0a4afb78a8f220993349e6a7d85a66f133a2152c95372b812254633193e7324e,2019-05,Lancashire Constabulary,Lancashire Constabulary,-2.597827,53.831197,On or near Belmont Court,E01025325,Ribble Valley 006C,Other crime,Status update unavailable,
,2019-05,Lancashire Constabulary,Lancashire Constabulary,-2.603235,53.827943,On or near Little Lane,E01025328,Ribble Valley 006D,Anti-social behaviour,,
,2019-05,Lancashire Constabulary,Lancashire Constabulary,-2.414384,53.818319,On or near Chapel Rise,E01025318,Ribble Valley 007A,Anti-social behaviour,,
,2019-05,Lancashire Constabulary,Lancashire Constabulary,-2.422222,53.815307,On or near Billington Gardens,E01025318,Ribble Valley 007A,Anti-social behaviour,,
342837ba029e65faf74366707e244e4f01d3eef521fe31c05e0be559757b4ca3,2019-05,Lancashire Constabulary,Lancashire Constabulary,-2.414384,53.818319,On or near Chapel Rise,E01025318,Ribble Valley 007A,Burglary,Status update unavailable,
360ba1cc7c75ea13037c067674f326caee0323764f0865bf0aa35d19f9c5e8ce,2019-05,Lancashire Constabulary,Lancashire Constabulary,-2.424720,53.814553,On or near Meadow Close,E01025318,Ribble Valley 007A,Other theft,Status update unavailable,
b7e80886f6666b08dd8014e12b66db0ff7dcafc5303dc16d9f8fa933c71898e4,2019-05,Lancashire Constabulary,Lancashire Constabulary,-2.422222,53.815307,On or near Billington Gardens,E01025318,Ribble Valley 007A,Public order,Status update unavailable,
7f5b06475f28be97004bfa6f2d1e012d650c8d6a10456a54c2d7d56d1068c50b,2019-05,Lancashire Constabulary,Lancashire Constabulary,-2.425625,53.813929,On or near Lakeland Close,E01025318,Ribble Valley 007A,Violence and sexual offences,Status update unavailable,
a45f4aef15c4b8d4efd4d6171a97e44c549502435e2bb5654e61d7120a33b06a,2019-05,Lancashire Constabulary,Lancashire Constabulary,-2.422222,53.815307,On or near Billington Gardens,E01025318,Ribble Valley 007A,Violence and sexual offences,Status update unavailable,
36dacdb75277e59673773dac1104cb7eea4ac42aaecf2cf77b26ee1f16d31cac,2019-05,Lancashire Constabulary,Lancashire Constabulary,-2.424720,53.814553,On or near Meadow Close,E01025318,Ribble Valley 007A,Violence and sexual offences,Status update unavailable,
,2019-05,Lancashire Constabulary,Lancashire Constabulary,-2.453277,53.826096,On or near St Andrews Road,E01025319,Ribble Valley 007B,Anti-social behaviour,,
1288a237448f1ec19b365e8f701869ce2c985df80c72f7b5861a0846ff34a140,2019-05,Lancashire Constabulary,Lancashire Constabulary,-2.428991,53.805864,On or near Whalley Old Road,E01025319,Ribble Valley 007B,Criminal damage and arson,Status update unavailable,
95dc691103612aaa2ca13a6306f7deb5cfea71c310d107b3543360f92b99e4a5,2019-05,Lancashire Constabulary,Lancashire Constabulary,-2.419468,53.816342,On or near Calder Avenue,E01025319,Ribble Valley 007B,Other theft,Status update unavailable,
b52e7711f98d61a21a3cabfa14a8fbd8f52c2b01f07e3c7ba7d383aae5b78878,2019-05,Lancashire Constabulary,Lancashire Constabulary,-2.419468,53.816342,On or near Calder Avenue,E01025319,Ribble Valley 007B,Other theft,Status update unavailable,
ee8506f24e6218bb124e63e97f797546f8002a7c5851e4207cf58084a329a8de,2019-05,Lancashire Constabulary,Lancashire Constabulary,-2.417755,53.818163,On or near Dale View,E01025319,Ribble Valley 007B,Vehicle crime,Status update unavailable,
24a2d2b2296c381946d588e63034bad58d05f34f06f56f0b279bdcf12d95d5d1,2019-05,Lancashire Constabulary,Lancashire Constabulary,-2.456814,53.821634,On or near Elm Tree Grove,E01025319,Ribble Valley 007B,Violence and sexual offences,Status update unavailable,
43ff1a86912212e56f047212c404153759764e805b76bdab85f98ae8209c24ec,2019-05,Lancashire Constabulary,Lancashire Constabulary,-2.417755,53.818163,On or near Dale View,E01025319,Ribble Valley 007B,Violence and sexual offences,Unable to prosecute suspect,
5524d59b3fed29c47b1701ed7e91b06933ca4ab525113d72a4e770b0a812ea4c,2019-05,Lancashire Constabulary,Lancashire Constabulary,-2.417112,53.819199,On or near Sunnyside Avenue,E01025319,Ribble Valley 007B,Violence and sexual offences,Status update unavailable,
54a332f2617ccb8c5b7ef5b15e66104f52b0d06a26114d6c7c8d0e240446dd22,2019-05,Lancashire Constabulary,Lancashire Constabulary,-2.453750,53.819237,On or near Brookside,E01025319,Ribble Valley 007B,Violence and sexual offences,Status update unavailable,
,2019-05,Lancashire Constabulary,Lancashire Constabulary,-2.448129,53.803538,On or near Clayton Row,E01025333,Ribble Valley 007C,Anti-social behaviour,,
,2019-05,Lancashire Constabulary,Lancashire Constabulary,-2.448129,53.803538,On or near Clayton Row,E01025333,Ribble Valley 007C,Anti-social behaviour,,
e1e99c6fa68ad93aa46aef0dd4f1fe57bc8069b5b9f4cc597337c7b4a94eab76,2019-05,Lancashire Constabulary,Lancashire Constabulary,-2.456692,53.803452,On or near Whitehalgh Lane,E01025333,Ribble Valley 007C,Criminal damage and arson,Status update unavailable,
ea929d9bc5e2e144471bfeac4462da2babcc24afb18aeed55650335cdcb8aa07,2019-05,Lancashire Constabulary,Lancashire Constabulary,-2.442850,53.798237,On or near Hawthorn Close,E01025333,Ribble Valley 007C,Criminal damage and arson,Status update unavailable,
,2019-05,Lancashire Constabulary,Lancashire Constabulary,-2.402760,53.827382,On or near Maple Close,E01025350,Ribble Valley 007D,Anti-social behaviour,,
,2019-05,Lancashire Constabulary,Lancashire Constabulary,-2.400931,53.820324,On or near Accrington Road,E01025350,Ribble Valley 007D,Anti-social behaviour,,
124a9a40e973b10e08f06f999b36885774ae576fdc0517a985bda158184701da,2019-05,Lancashire Constabulary,Lancashire Constabulary,-2.400931,53.820324,On or near Accrington Road,E01025350,Ribble Valley 007D,Burglary,Status update unavailable,
238e11f097b2d5a28afe0006688d445eb8660cd8a7766ea40610abb30a3d136d,2019-05,Lancashire Constabulary,Lancashire Constabulary,-2.406054,53.820738,On or near Parking Area,E01025350,Ribble Valley 007D,Criminal damage and arson,Offender given a caution,
3f295506caebc6182a8f9274b47c1832832c10ba94b840f20d8dad4904e85564,2019-05,Lancashire Constabulary,Lancashire Constabulary,-2.387613,53.807623,On or near Accrington Road,E01025350,Ribble Valley 007D,Other theft,Status update unavailable,
90e39e7d08f1894c1631fb89e2c44458340a97e5a224ec3cf7da7c1f62d6b129,2019-05,Lancashire Constabulary,Lancashire Constabulary,-2.402638,53.821001,On or near Sydney Avenue,E01025350,Ribble Valley 007D,Vehicle crime,Status update unavailable,
,2019-05,Lancashire Constabulary,Lancashire Constabulary,-2.418170,53.856774,On or near Henthorn Road,E01025351,Ribble Valley 007E,Anti-social behaviour,,
,2019-05,Lancashire Constabulary,Lancashire Constabulary,-2.411781,53.823918,On or near The Arches,E01025351,Ribble Valley 007E,Anti-social behaviour,,
9e9c44a8e04fdeffcbab8b4f9a29669d6d664087dce0098c0888588985c06bb1,2019-05,Lancashire Constabulary,Lancashire Constabulary,-2.418170,53.856774,On or near Henthorn Road,E01025351,Ribble Valley 007E,Burglary,Status update unavailable,
e0d9fd2ce08f709f71ae1088796b950614fb7e0e7ee082473ba9b1e1a7e932dd,2019-05,Lancashire Constabulary,Lancashire Constabulary,-2.410901,53.820892,On or near The Sands,E01025351,Ribble Valley 007E,Burglary,Status update unavailable,
0ebfd3efd752e8bd6653a4838a4dc095ba893b0ad62304c02062276f5e58e2fe,2019-05,Lancashire Constabulary,Lancashire Constabulary,-2.418170,53.856774,On or near Henthorn Road,E01025351,Ribble Valley 007E,Burglary,Status update unavailable,
0eedb052a5fbc8f36676642e0e56605bd09c0c340666eb549f9cba9e57dd4382,2019-05,Lancashire Constabulary,Lancashire Constabulary,-2.423985,53.832001,On or near Hawthorn Close,E01025351,Ribble Valley 007E,Burglary,Status update unavailable,
be207fc2de2171339586a71dd9d603ffddc44e4e6159def84e4e0da00f0a5c04,2019-05,Lancashire Constabulary,Lancashire Constabulary,-2.404411,53.820555,On or near Nightclub,E01025351,Ribble Valley 007E,Criminal damage and arson,Status update unavailable,
8e50887c217aa09cf6184609d2a48469152d2ef67b14cde5479c8a0c1d722cff,2019-05,Lancashire Constabulary,Lancashire Constabulary,-2.424443,53.830678,On or near Lynwood Close,E01025351,Ribble Valley 007E,Criminal damage and arson,Status update unavailable,
8914fdfb7731a25ec68e7c46faaa5eff2c305715e2a373ba35dfc161b78b9a14,2019-05,Lancashire Constabulary,Lancashire Constabulary,-2.408039,53.823419,On or near The Grove,E01025351,Ribble Valley 007E,Criminal damage and arson,Status update unavailable,
12e995a9a4559a3395b16b0fd857dcf8112306bf4f7375f888c5987598fb8959,2019-05,Lancashire Constabulary,Lancashire Constabulary,-2.410901,53.820892,On or near The Sands,E01025351,Ribble Valley 007E,Other theft,Status update unavailable,
2cd6c37a159d80b67733396d2a31761ade272d0666923743fe083aef33fb506a,2019-05,Lancashire Constabulary,Lancashire Constabulary,-2.407706,53.821937,On or near George Street,E01025351,Ribble Valley 007E,Other theft,Status update unavailable,
ff7af40fb735a7241ed6376970354d30ad65fd535b75faf21c0f3931ab6b9264,2019-05,Lancashire Constabulary,Lancashire Constabulary,-2.404411,53.820555,On or near Nightclub,E01025351,Ribble Valley 007E,Other theft,Status update unavailable,
592e18f59975e2b3299ff0ebb21c8747c3415c11127fb7ca8cff6e831d54daaa,2019-05,Lancashire Constabulary,Lancashire Constabulary,-2.433209,53.843868,On or near B6246,E01025351,Ribble Valley 007E,Other theft,Status update unavailable,
bcfe9416948b38827ca2b96ae04b8f139ba904291632c1c806333805a1558ab3,2019-05,Lancashire Constabulary,Lancashire Constabulary,-2.405260,53.820381,On or near Queen Street,E01025351,Ribble Valley 007E,Public order,Unable to prosecute suspect,
58aa6f7953dc22c04b8f12a6604ec15e0d6c5150701e70e7fa4b7155419c0f58,2019-05,Lancashire Constabulary,Lancashire Constabulary,-2.424443,53.830678,On or near Lynwood Close,E01025351,Ribble Valley 007E,Violence and sexual offences,Unable to prosecute suspect,
b359c61f9eeb315c8ff0647f0865a738d2a7c35dbe2e736d1ea174f3910c1196,2019-05,Lancashire Constabulary,Lancashire Constabulary,-2.406059,53.821304,On or near Parking Area,E01025351,Ribble Valley 007E,Violence and sexual offences,Investigation complete; no suspect identified,
7a37522fa476124223990f5303ad2a2ccb2856e63e23c6df06725b6bbf3e0614,2019-05,Lancashire Constabulary,Lancashire Constabulary,-2.418212,53.868665,On or near Edisford Road,E01025351,Ribble Valley 007E,Violence and sexual offences,Status update unavailable,
dd6d4c68090dddd03adf79336790f2f180a7c817900111e434646c6ea7c7b992,2019-05,Lancashire Constabulary,Lancashire Constabulary,-2.424443,53.830678,On or near Lynwood Close,E01025351,Ribble Valley 007E,Violence and sexual offences,Awaiting court outcome,
b7509b6e49a56d423fc987a8a72bbdd4bdd0722dce3682028d433bd8729600ea,2019-05,Lancashire Constabulary,Lancashire Constabulary,-2.424443,53.830678,On or near Lynwood Close,E01025351,Ribble Valley 007E,Violence and sexual offences,Local resolution,
47a8662c8f28599904c44f818580d74c903d7b3b8856aebcd1e58b09ff61c77b,2019-05,Lancashire Constabulary,Lancashire Constabulary,-2.424443,53.830678,On or near Lynwood Close,E01025351,Ribble Valley 007E,Violence and sexual offences,Offender given a caution,
7f8c110f5ce09ae7ad0d09c82b642bdf544b4466d7d3c522feb3d99882587723,2019-05,Lancashire Constabulary,Lancashire Constabulary,-2.424443,53.830678,On or near Lynwood Close,E01025351,Ribble Valley 007E,Violence and sexual offences,Offender given a caution,
4157c45583942a76cf9ccaf8fb5c46760564fb1def95cb3373e2cc5a1ae4de42,2019-05,Lancashire Constabulary,Lancashire Constabulary,-2.404411,53.820555,On or near Nightclub,E01025351,Ribble Valley 007E,Violence and sexual offences,Status update unavailable,
930181d8b611a5668c8f2b908a3f558b69caa4b9cd0e275aa2085474abc7a37b,2019-05,Lancashire Constabulary,Lancashire Constabulary,-2.418212,53.868665,On or near Edisford Road,E01025351,Ribble Valley 007E,Violence and sexual offences,Unable to prosecute suspect,
5e38a5bd9e0360456e89ebe3b874e930518a179a6e98721af4b4b856101cc0fa,2019-05,Lancashire Constabulary,Lancashire Constabulary,-2.424443,53.830678,On or near Lynwood Close,E01025351,Ribble Valley 007E,Violence and sexual offences,Awaiting court outcome,
76dd68e3b0182ae57abe051326b7c214ac33145b819fc7ef1eec06c051edfa10,2019-05,Lancashire Constabulary,Lancashire Constabulary,-2.424443,53.830678,On or near Lynwood Close,E01025351,Ribble Valley 007E,Violence and sexual offences,Offender given a caution,
ba818f1deec84ded9329888b2983f8195f4374ad939009670a9aa280368cc4d7,2019-05,Lancashire Constabulary,Lancashire Constabulary,-2.424443,53.830678,On or near Lynwood Close,E01025351,Ribble Valley 007E,Violence and sexual offences,Awaiting court outcome,
,2019-05,Lancashire Constabulary,Lancashire Constabulary,-2.487193,53.791422,On or near Clayton Grove,E01025323,Ribble Valley 008A,Anti-social behaviour,,
,2019-05,Lancashire Constabulary,Lancashire Constabulary,-2.491089,53.802633,On or near Longsight Road,E01025323,Ribble Valley 008A,Anti-social behaviour,,
,2019-05,Lancashire Constabulary,Lancashire Constabulary,-2.536064,53.780105,On or near Abbott Brow,E01025323,Ribble Valley 008A,Anti-social behaviour,,
,2019-05,Lancashire Constabulary,Lancashire Constabulary,-2.536064,53.780105,On or near Abbott Brow,E01025323,Ribble Valley 008A,Anti-social behaviour,,
,2019-05,Lancashire Constabulary,Lancashire Constabulary,-2.489477,53.790676,On or near Ryden Road,E01025323,Ribble Valley 008A,Anti-social behaviour,,
37e2e74f23dabee4def7329b57a1f37026eac6c4716b8fdf028cdba01ce05a93,2019-05,Lancashire Constabulary,Lancashire Constabulary,-2.485521,53.789892,On or near Showley Court,E01025323,Ribble Valley 008A,Burglary,Status update unavailable,
8c3a261a89c28385c90552be5f2a8e3e9d0d42e77e77e613c92d2deb436aa8be,2019-05,Lancashire Constabulary,Lancashire Constabulary,-2.487193,53.791422,On or near Clayton Grove,E01025323,Ribble Valley 008A,Criminal damage and arson,Status update unavailable,
4f11ed31461623c8c726083eeb25c83f0c408a785e9b51117b80bf952132499e,2019-05,Lancashire Constabulary,Lancashire Constabulary,-2.501811,53.797771,On or near Ribchester Road,E01025323,Ribble Valley 008A,Violence and sexual offences,Status update unavailable,
,2019-05,Lancashire Constabulary,Lancashire Constabulary,-2.483436,53.778845,On or near Ramsgreave Road,E01025324,Ribble Valley 008B,Anti-social behaviour,,
54cdee7a5353643176e15aed66c275fcb453f9a691985046f1e5bed7154f3a6e,2019-05,Lancashire Constabulary,Lancashire Constabulary,-2.481102,53.777776,On or near Glengreave Avenue,E01025324,Ribble Valley 008B,Criminal damage and arson,Status update unavailable,
55cd51938effa7869eebc09920a4c31bf00b2ca698810830938b805af2723325,2019-05,Lancashire Constabulary,Lancashire Constabulary,-2.481264,53.778674,On or near Mayfield Road,E01025324,Ribble Valley 008B,Violence and sexual offences,Further investigation is not in the public interest,
86cd86dcbb0f2e66671a045363988b96606789a2405404521d4c0e007dc12a1f,2019-05,Lancashire Constabulary,Lancashire Constabulary,-2.452128,53.799829,On or near Portland Road,E01025332,Ribble Valley 008C,Burglary,Status update unavailable,
35897ed4e1b3fe793abfe8f15263b6368f61b4eed8eca5c2d5527249167d4d6e,2019-05,Lancashire Constabulary,Lancashire Constabulary,-2.454941,53.800259,On or near Fields End,E01025332,Ribble Valley 008C,Burglary,Status update unavailable,
c0793a1a9bc2bce6dd22fe6fd8326e024f7b71563a9f24d05000a6f88a6c1f78,2019-05,Lancashire Constabulary,Lancashire Constabulary,-2.454941,53.800259,On or near Fields End,E01025332,Ribble Valley 008C,Vehicle crime,Status update unavailable,
1ed7c045fc1f1c29c246a78bbc7be07982b0baadabf4bb5febf0fa3351836ccf,2019-05,Lancashire Constabulary,Lancashire Constabulary,-2.454941,53.800259,On or near Fields End,E01025332,Ribble Valley 008C,Violence and sexual offences,Awaiting court outcome,
4b6b3976027f1a07309547557bca4deec660e643c3ce2f259099e4d83a275365,2019-05,Lancashire Constabulary,Lancashire Constabulary,-2.454941,53.800259,On or near Fields End,E01025332,Ribble Valley 008C,Violence and sexual offences,Status update unavailable,
4733761253de6dae87b63dd8d0f2158898bdc8373969798b3abf4e42d914bae5,2019-05,Lancashire Constabulary,Lancashire Constabulary,-2.523902,53.774747,On or near Weavers Fold,E01025336,Ribble Valley 008D,Criminal damage and arson,Offender given a caution,
c89cb9b803c64dcffae8ae8b736bb5173e671f44125db50080152a82f6b7a4e4,2019-05,Lancashire Constabulary,Lancashire Constabulary,-2.580222,53.775495,On or near Whalley Road,E01025336,Ribble Valley 008D,Criminal damage and arson,Status update unavailable,
ed59aa593c365b30db1695f969b2019741b56ef5d0de8e6b3d4e8fca3730840f,2019-05,Lancashire Constabulary,Lancashire Constabulary,-2.580222,53.775495,On or near Whalley Road,E01025336,Ribble Valley 008D,Vehicle crime,Status update unavailable,
,2019-05,Lancashire Constabulary,Lancashire Constabulary,-2.525493,53.772143,On or near Fouracre,E01025337,Ribble Valley 008E,Anti-social behaviour,,
,2019-05,Lancashire Constabulary,Lancashire Constabulary,-2.514535,53.776810,On or near Primrose Hill,E01025337,Ribble Valley 008E,Anti-social behaviour,,
50692fb51a96c0ade35541b6157d88a1748e884533549b1187bca026bf6cca58,2019-05,Lancashire Constabulary,Lancashire Constabulary,-2.529142,53.771516,On or near Brookfield,E01025337,Ribble Valley 008E,Burglary,Status update unavailable,
3532210b67662ec28fa1740618558e5d4a954f1461d0439792d4808eaa790023,2019-05,Lancashire Constabulary,Lancashire Constabulary,-2.525493,53.772143,On or near Fouracre,E01025337,Ribble Valley 008E,Criminal damage and arson,Status update unavailable,
e6a155b332bd302116060bde8e647fda46f1b917bc76f10bbcbc78af150441f2,2019-05,Lancashire Constabulary,Lancashire Constabulary,-2.529142,53.771516,On or near Brookfield,E01025337,Ribble Valley 008E,Criminal damage and arson,Status update unavailable,
fca62db8b957003c9d2c1dd87dce8950b667638f316d56ef774db377e5925998,2019-05,Lancashire Constabulary,Lancashire Constabulary,-2.529074,53.772154,On or near St Mary'S Gardens,E01025337,Ribble Valley 008E,Criminal damage and arson,Status update unavailable,
626c9438ff564ae2c71647288043065e5db9579b49a298559403e18eac992663,2019-05,Lancashire Constabulary,Lancashire Constabulary,-2.504403,53.774606,On or near Higher Ramsgreave Road,E01025337,Ribble Valley 008E,Other theft,Status update unavailable,
dc96f06e0ab981b3d22985d805f70c08c15b221d4bc90451a78eeb3c6acfd4e0,2019-05,Lancashire Constabulary,Lancashire Constabulary,-2.504403,53.774606,On or near Higher Ramsgreave Road,E01025337,Ribble Valley 008E,Vehicle crime,Unable to prosecute suspect,
7980955c4fc3f8ff812b58bf3dcdccafc95bd32c624814465004e3e0bd3ddca5,2019-05,Lancashire Constabulary,Lancashire Constabulary,-2.532995,53.782239,On or near Longsight Road,E01025337,Ribble Valley 008E,Violence and sexual offences,Status update unavailable,
42518588e7fa13c71f3a59fdd8aa18f5b5a381a4ed1220b6a99a2efd2a1a28fb,2019-05,Lancashire Constabulary,Lancashire Constabulary,-2.529074,53.772154,On or near St Mary'S Gardens,E01025337,Ribble Valley 008E,Violence and sexual offences,Unable to prosecute suspect,
63388fc86e6a9ff89795b9707a5b69df1e064609fe7a873f0774d0547dce69cc,2019-05,Lancashire Constabulary,Lancashire Constabulary,-2.523436,53.772619,On or near Nickey Lane,E01025337,Ribble Valley 008E,Other crime,Unable to prosecute suspect,
1baf898e9e28a4527a283054ec2a2fa05933f4c537e9449b8875e0f8df5b197b,2019-05,Lancashire Constabulary,Lancashire Constabulary,-2.470667,53.801258,On or near The Dales,E01025352,Ribble Valley 008F,Violence and sexual offences,Unable to prosecute suspect,
5428899ae69764aaad25d1dd605022b2050f2caa6055796f778d1bd462256af3,2019-05,Lancashire Constabulary,Lancashire Constabulary,-2.470667,53.801258,On or near The Dales,E01025352,Ribble Valley 008F,Violence and sexual offences,Unable to prosecute suspect,
644900c79e8705bb5130bddfaeee0c1ced3ddb336697abf93bc125477001f991,2019-05,Lancashire Constabulary,Lancashire Constabulary,-2.470667,53.801258,On or near The Dales,E01025352,Ribble Valley 008F,Violence and sexual offences,Status update unavailable,
70a4ee54a8ed391140e0289c9e25c2132c879e855bbff15f97db3294021c7c89,2019-05,Lancashire Constabulary,Lancashire Constabulary,-2.470667,53.801258,On or near The Dales,E01025352,Ribble Valley 008F,Violence and sexual offences,Unable to prosecute suspect,
,2019-05,Lancashire Constabulary,Lancashire Constabulary,-2.475119,53.782788,On or near Wilpshire Banks,E01025353,Ribble Valley 008G,Anti-social behaviour,,
6b9449b6d557838b29232ab4d3a3d527c68958d2062c1a7fcc1cb4c0140201e3,2019-05,Lancashire Constabulary,Lancashire Constabulary,-2.475119,53.782788,On or near Wilpshire Banks,E01025353,Ribble Valley 008G,Criminal damage and arson,Unable to prosecute suspect,
dffde442d614fe04c878f69136adee5b7a49135204fc54834b9138ffbbfd9fca,2019-05,Lancashire Constabulary,Lancashire Constabulary,-2.164104,53.633706,On or near Whitworth Road,E01005489,Rochdale 005A,Public order,Status update unavailable,
d30dc68e35d889a88d3c9363b17599699532028b6fdad9bdf41eaaf81932c1da,2019-05,Lancashire Constabulary,Lancashire Constabulary,-2.158993,53.617615,On or near Shopping Area,E01005482,Rochdale 010C,Robbery,Status update unavailable,
8368bb9bb63307f22349122d0b5cf2e027cf978ed9da7b6143bc861403d9d656,2019-05,Lancashire Constabulary,Lancashire Constabulary,-2.146659,53.609496,On or near Dodgson Street,E01005564,Rochdale 015E,Violence and sexual offences,Status update unavailable,
,2019-05,Lancashire Constabulary,Lancashire Constabulary,-2.287541,53.718779,On or near Stables Close,E01025355,Rossendale 001A,Anti-social behaviour,,
,2019-05,Lancashire Constabulary,Lancashire Constabulary,-2.279730,53.706268,On or near Hurst Lane,E01025355,Rossendale 001A,Anti-social behaviour,,
4db88a046ff94051544067b824670efa956f02228388d5098009881df889befe,2019-05,Lancashire Constabulary,Lancashire Constabulary,-2.289643,53.715916,On or near Woodcroft Avenue,E01025355,Rossendale 001A,Criminal damage and arson,Status update unavailable,
dd88cf3df9ddfde2a65564fcd22abd0565d292fc6db48408fdb143bf8a8ad82c,2019-05,Lancashire Constabulary,Lancashire Constabulary,-2.284131,53.709664,On or near Pendleton Avenue,E01025355,Rossendale 001A,Other theft,Status update unavailable,
4efd93a6c08e4d1488b076f9d47ee9cb0b069883a7b0dc5092f5928bd9772ca2,2019-05,Lancashire Constabulary,Lancashire Constabulary,-2.288891,53.718992,On or near Reedsholme Close,E01025355,Rossendale 001A,Vehicle crime,Status update unavailable,
0ae8f13f4fe3bc2ed7f2cde860f4ab6b979e50c1b63fb0b15a4816269c2c3471,2019-05,Lancashire Constabulary,Lancashire Constabulary,-2.284131,53.709664,On or near Pendleton Avenue,E01025355,Rossendale 001A,Violence and sexual offences,Status update unavailable,
2d88fa63633d8b21bffc13cf6aba3a96ef6c7d825c2ad15db7f0c77207225190,2019-05,Lancashire Constabulary,Lancashire Constabulary,-2.284131,53.709664,On or near Pendleton Avenue,E01025355,Rossendale 001A,Violence and sexual offences,Local resolution,
f82941d2bbefa900d3f1bc693279c965de2f1fc4865013da435af52b541442e8,2019-05,Lancashire Constabulary,Lancashire Constabulary,-2.288223,53.723254,On or near Kershaw Close,E01025361,Rossendale 001B,Criminal damage and arson,Status update unavailable,
425b61628dd4dc30a14206574e7a6637faa59e29d39302c2777415d3bf72cb20,2019-05,Lancashire Constabulary,Lancashire Constabulary,-2.286644,53.729459,On or near Spring Street,E01025361,Rossendale 001B,Vehicle crime,Status update unavailable,
d0c4bb686c5480d012f6d513e16135c5bfe8f5ab83a01a9e67d64f70718594fb,2019-05,Lancashire Constabulary,Lancashire Constabulary,-2.285799,53.725524,On or near Water Street,E01025361,Rossendale 001B,Vehicle crime,Status update unavailable,
d88ebb10580c1910375753e4d8ce50c562dadcb87e65b6c16bfbfe3769e43a59,2019-05,Lancashire Constabulary,Lancashire Constabulary,-2.286644,53.729459,On or near Spring Street,E01025361,Rossendale 001B,Violence and sexual offences,Unable to prosecute suspect,
9f69986b116083ada22bdd4c54710c56ecd35590e1aa1c40444f891b514bc216,2019-05,Lancashire Constabulary,Lancashire Constabulary,-2.285451,53.730100,On or near Hawthorne Meadows,E01025361,Rossendale 001B,Violence and sexual offences,Unable to prosecute suspect,
6863608fface37a9eba96edb79faefa0c5ae44b49c2915937af406c0ffc20b97,2019-05,Lancashire Constabulary,Lancashire Constabulary,-2.287081,53.724632,On or near Binns Street,E01025361,Rossendale 001B,Other crime,Status update unavailable,
,2019-05,Lancashire Constabulary,Lancashire Constabulary,-2.285024,53.732016,On or near Gambleside Close,E01025362,Rossendale 001C,Anti-social behaviour,,
,2019-05,Lancashire Constabulary,Lancashire Constabulary,-2.284632,53.736708,On or near Hempshaw Avenue,E01025362,Rossendale 001C,Anti-social behaviour,,
,2019-05,Lancashire Constabulary,Lancashire Constabulary,-2.282861,53.732659,On or near Ullswater Way,E01025362,Rossendale 001C,Anti-social behaviour,,
,2019-05,Lancashire Constabulary,Lancashire Constabulary,-2.288283,53.740852,On or near Commercial Street,E01025362,Rossendale 001C,Anti-social behaviour,,
180a8875f7c17f3122037834e8ba1626f99cf17dcca905306a0866abce63e8e6,2019-05,Lancashire Constabulary,Lancashire Constabulary,-2.282861,53.732659,On or near Ullswater Way,E01025362,Rossendale 001C,Other theft,Status update unavailable,
ef954e22923d68ddc8c69b347ea59f20ea6058a71138ab51efa69bffb7a41da2,2019-05,Lancashire Constabulary,Lancashire Constabulary,-2.282861,53.732659,On or near Ullswater Way,E01025362,Rossendale 001C,Violence and sexual offences,Status update unavailable,
6d47fedd50b84751a643fb36e46a2554eead3e3eb78389c59fd00f5e64c08d7d,2019-05,Lancashire Constabulary,Lancashire Constabulary,-2.284632,53.736708,On or near Hempshaw Avenue,E01025362,Rossendale 001C,Violence and sexual offences,Status update unavailable,
deb22080bbee0398c50712e0ac1eef847312f32633bc456b814dc45f7d1bcb2f,2019-05,Lancashire Constabulary,Lancashire Constabulary,-2.282861,53.732659,On or near Ullswater Way,E01025362,Rossendale 001C,Violence and sexual offences,Unable to prosecute suspect,
51d3a7ea1c62b512ea1a8b15dfa269436f0b1caa76f49e45beb105d63666a204,2019-05,Lancashire Constabulary,Lancashire Constabulary,-2.286594,53.730996,On or near Compston Avenue,E01025362,Rossendale 001C,Violence and sexual offences,Unable to prosecute suspect,
,2019-05,Lancashire Constabulary,Lancashire Constabulary,-2.228246,53.724354,On or near Carr Road,E01025393,Rossendale 001D,Anti-social behaviour,,
,2019-05,Lancashire Constabulary,Lancashire Constabulary,-2.243752,53.722121,On or near Hargreaves Fold Lane,E01025393,Rossendale 001D,Anti-social behaviour,,
,2019-05,Lancashire Constabulary,Lancashire Constabulary,-2.246045,53.704760,On or near Shaw Clough Road,E01025393,Rossendale 001D,Anti-social behaviour,,
,2019-05,Lancashire Constabulary,Lancashire Constabulary,-2.243752,53.722121,On or near Hargreaves Fold Lane,E01025393,Rossendale 001D,Anti-social behaviour,,
,2019-05,Lancashire Constabulary,Lancashire Constabulary,-2.239428,53.729239,On or near Shepherds Green,E01025393,Rossendale 001D,Anti-social behaviour,,
,2019-05,Lancashire Constabulary,Lancashire Constabulary,-2.246045,53.704760,On or near Shaw Clough Road,E01025393,Rossendale 001D,Anti-social behaviour,,
,2019-05,Lancashire Constabulary,Lancashire Constabulary,-2.246045,53.704760,On or near Shaw Clough Road,E01025393,Rossendale 001D,Anti-social behaviour,,
6591fa37fa591905fba71f03864d7beaada6cd33d2f35abbf8a2666858d8e95f,2019-05,Lancashire Constabulary,Lancashire Constabulary,-2.243752,53.722121,On or near Hargreaves Fold Lane,E01025393,Rossendale 001D,Other theft,Unable to prosecute suspect,
d93fbb612e72a4f0b6e3ca18b43990ef485799c0d0a3205c6580df375280adbc,2019-05,Lancashire Constabulary,Lancashire Constabulary,-2.239428,53.729239,On or near Shepherds Green,E01025393,Rossendale 001D,Violence and sexual offences,Unable to prosecute suspect,
e682b48c768c196a9e4f923d57d0048f5f6211aae720c2db03658a590abeef14,2019-05,Lancashire Constabulary,Lancashire Constabulary,-2.252492,53.713726,On or near Rock Bridge Fold,E01025393,Rossendale 001D,Violence and sexual offences,Status update unavailable,
2f921b4445482dd672e85b4cb6da0e83b067f012e546d6d91dc67784896ec62a,2019-05,Lancashire Constabulary,Lancashire Constabulary,-2.239428,53.729239,On or near Shepherds Green,E01025393,Rossendale 001D,Violence and sexual offences,Unable to prosecute suspect,
97e0b6bba92ab62e434057203b1174585d557c7712119c3792657b5e28128bdf,2019-05,Lancashire Constabulary,Lancashire Constabulary,-2.243752,53.722121,On or near Hargreaves Fold Lane,E01025393,Rossendale 001D,Violence and sexual offences,Unable to prosecute suspect,
abe49888343dfa5b3f6e24e94093ba8ce69c6b6ab899b2acf4d8200a53856123,2019-05,Lancashire Constabulary,Lancashire Constabulary,-2.239972,53.728825,On or near Dean Fold,E01025393,Rossendale 001D,Violence and sexual offences,Unable to prosecute suspect,
0f81e178f731afe419670f8bf459b8a18115d962c3752c4c4db0f834575037fe,2019-05,Lancashire Constabulary,Lancashire Constabulary,-2.239428,53.729239,On or near Shepherds Green,E01025393,Rossendale 001D,Violence and sexual offences,Unable to prosecute suspect,
6463c1ed63da45f3f3b0a8647f6412c8ffe627d9aa1f9a91fca1d73b78dd0d12,2019-05,Lancashire Constabulary,Lancashire Constabulary,-2.239428,53.729239,On or near Shepherds Green,E01025393,Rossendale 001D,Violence and sexual offences,Status update unavailable,
c8ee16b0eee39b3ada173c517a7933a72e339e0e19615c802cd3b0efcb8081ce,2019-05,Lancashire Constabulary,Lancashire Constabulary,-2.239428,53.729239,On or near Shepherds Green,E01025393,Rossendale 001D,Violence and sexual offences,Unable to prosecute suspect,
,2019-05,Lancashire Constabulary,Lancashire Constabulary,-2.325065,53.703646,On or near Warner Street,E01025363,Rossendale 002A,Anti-social behaviour,,
,2019-05,Lancashire Constabulary,Lancashire Constabulary,-2.328369,53.698055,On or near Highfield Park,E01025363,Rossendale 002A,Anti-social behaviour,,
,2019-05,Lancashire Constabulary,Lancashire Constabulary,-2.325065,53.703646,On or near Warner Street,E01025363,Rossendale 002A,Anti-social behaviour,,
,2019-05,Lancashire Constabulary,Lancashire Constabulary,-2.325065,53.703646,On or near Warner Street,E01025363,Rossendale 002A,Anti-social behaviour,,
,2019-05,Lancashire Constabulary,Lancashire Constabulary,-2.325065,53.703646,On or near Warner Street,E01025363,Rossendale 002A,Anti-social behaviour,,
,2019-05,Lancashire Constabulary,Lancashire Constabulary,-2.325065,53.703646,On or near Warner Street,E01025363,Rossendale 002A,Anti-social behaviour,,
,2019-05,Lancashire Constabulary,Lancashire Constabulary,-2.325065,53.703646,On or near Warner Street,E01025363,Rossendale 002A,Anti-social behaviour,,
,2019-05,Lancashire Constabulary,Lancashire Constabulary,-2.324468,53.700897,On or near Lyndale Avenue,E01025363,Rossendale 002A,Anti-social behaviour,,
,2019-05,Lancashire Constabulary,Lancashire Constabulary,-2.325065,53.703646,On or near Warner Street,E01025363,Rossendale 002A,Anti-social behaviour,,
,2019-05,Lancashire Constabulary,Lancashire Constabulary,-2.325065,53.703646,On or near Warner Street,E01025363,Rossendale 002A,Anti-social behaviour,,
,2019-05,Lancashire Constabulary,Lancashire Constabulary,-2.325065,53.703646,On or near Warner Street,E01025363,Rossendale 002A,Anti-social behaviour,,
,2019-05,Lancashire Constabulary,Lancashire Constabulary,-2.326063,53.703356,On or near Helmshore Road,E01025363,Rossendale 002A,Anti-social behaviour,,
,2019-05,Lancashire Constabulary,Lancashire Constabulary,-2.326063,53.703356,On or near Helmshore Road,E01025363,Rossendale 002A,Anti-social behaviour,,
,2019-05,Lancashire Constabulary,Lancashire Constabulary,-2.324468,53.700897,On or near Lyndale Avenue,E01025363,Rossendale 002A,Anti-social behaviour,,
ff97e000c4d0bdbff243732a88fde865fdbe2cbd2a75fe77915cd10fa1be516a,2019-05,Lancashire Constabulary,Lancashire Constabulary,-2.326662,53.694707,On or near Dean Road,E01025363,Rossendale 002A,Burglary,Status update unavailable,
4485ae0763c2fc0e74c965821b6bc651d7a3052d5527bb0e7207afd4333cb32b,2019-05,Lancashire Constabulary,Lancashire Constabulary,-2.324468,53.700897,On or near Lyndale Avenue,E01025363,Rossendale 002A,Burglary,Status update unavailable,
59c74c26329050d3673ef66632cbcf5d7a413b31524d343a48c9b3baf3b34b79,2019-05,Lancashire Constabulary,Lancashire Constabulary,-2.326575,53.699067,On or near Victoria Drive,E01025363,Rossendale 002A,Other theft,Status update unavailable,
fb15632f4cf6fa47042ae0d56bae78541d5823f6c8128ad3180cfc26922bd55b,2019-05,Lancashire Constabulary,Lancashire Constabulary,-2.324468,53.700897,On or near Lyndale Avenue,E01025363,Rossendale 002A,Public order,Status update unavailable,
26c2195c754928edd74e234937c52e30ff00c4e92737003abf1bb1458c7aa1dd,2019-05,Lancashire Constabulary,Lancashire Constabulary,-2.326662,53.694707,On or near Dean Road,E01025363,Rossendale 002A,Vehicle crime,Status update unavailable,
de61a84fdfa88ab0832d8b80fd1152dde71f4dfb1faaaa6f326ad1b7cf06567e,2019-05,Lancashire Constabulary,Lancashire Constabulary,-2.326662,53.694707,On or near Dean Road,E01025363,Rossendale 002A,Vehicle crime,Status update unavailable,
f11ac51b9ab4088f2885527e47b4916139a9c36d57a429ae0c62ff2bd698bb29,2019-05,Lancashire Constabulary,Lancashire Constabulary,-2.326662,53.694707,On or near Dean Road,E01025363,Rossendale 002A,Vehicle crime,Status update unavailable,
f4a05efba6a6394bffe7679ca7b89ead31e7510dfeb2c10687fd44ea34442755,2019-05,Lancashire Constabulary,Lancashire Constabulary,-2.325393,53.693129,On or near York Avenue,E01025363,Rossendale 002A,Violence and sexual offences,Unable to prosecute suspect,
815cc356f67e47c00810a341738c6277ec6c6cde85deeda1e8bb02eea84ac24b,2019-05,Lancashire Constabulary,Lancashire Constabulary,-2.325692,53.698467,On or near Cambridge Street,E01025363,Rossendale 002A,Violence and sexual offences,Status update unavailable,
,2019-05,Lancashire Constabulary,Lancashire Constabulary,-2.313518,53.698976,On or near Cowes Avenue,E01025364,Rossendale 002B,Anti-social behaviour,,
,2019-05,Lancashire Constabulary,Lancashire Constabulary,-2.321290,53.701283,On or near Back Lee Street,E01025364,Rossendale 002B,Anti-social behaviour,,
,2019-05,Lancashire Constabulary,Lancashire Constabulary,-2.323039,53.702115,On or near Hazeldene Avenue,E01025364,Rossendale 002B,Anti-social behaviour,,
,2019-05,Lancashire Constabulary,Lancashire Constabulary,-2.314208,53.698111,On or near Ryde Close,E01025364,Rossendale 002B,Anti-social behaviour,,
97ec4f6cc0137aed08394d8930fec4e60985f8d785bbd4f16fc204df48b3d08e,2019-05,Lancashire Constabulary,Lancashire Constabulary,-2.321290,53.701283,On or near Back Lee Street,E01025364,Rossendale 002B,Other theft,Status update unavailable,
166269a798d6debc7717a914605cc6f053915ac9414eb8d717a00faef4d8365c,2019-05,Lancashire Constabulary,Lancashire Constabulary,-2.321290,53.701283,On or near Back Lee Street,E01025364,Rossendale 002B,Violence and sexual offences,Local resolution,
,2019-05,Lancashire Constabulary,Lancashire Constabulary,-2.322899,53.703670,On or near Store Street,E01025366,Rossendale 002C,Anti-social behaviour,,
,2019-05,Lancashire Constabulary,Lancashire Constabulary,-2.315352,53.703250,On or near Lime Road,E01025366,Rossendale 002C,Anti-social behaviour,,
,2019-05,Lancashire Constabulary,Lancashire Constabulary,-2.321221,53.702146,On or near Hope Street,E01025366,Rossendale 002C,Anti-social behaviour,,
,2019-05,Lancashire Constabulary,Lancashire Constabulary,-2.322677,53.702376,On or near Police Station,E01025366,Rossendale 002C,Anti-social behaviour,,
,2019-05,Lancashire Constabulary,Lancashire Constabulary,-2.321221,53.702146,On or near Hope Street,E01025366,Rossendale 002C,Anti-social behaviour,,
3b190dbafbf2eb699df4007383428fb6a232ad5e7b0a448dd0cc0649c0e41691,2019-05,Lancashire Constabulary,Lancashire Constabulary,-2.314556,53.702083,On or near Moorland Rise,E01025366,Rossendale 002C,Burglary,Status update unavailable,
4fa0c36865e60ef84d95da5d931385139c2eea3251bd196c850a2e45361e5812,2019-05,Lancashire Constabulary,Lancashire Constabulary,-2.322899,53.703670,On or near Store Street,E01025366,Rossendale 002C,Criminal damage and arson,Unable to prosecute suspect,
36689b47c35fb11ec736cfa175fa660c11e517c9605a864ca7a5194cd9fc1953,2019-05,Lancashire Constabulary,Lancashire Constabulary,-2.316748,53.703516,On or near Hillside Road,E01025366,Rossendale 002C,Criminal damage and arson,Status update unavailable,
9e83d5c0cb6480fa83af45c726f5c23b69ff8d8ff7834e0e70eae9361c4e3630,2019-05,Lancashire Constabulary,Lancashire Constabulary,-2.323160,53.704047,On or near Park Street,E01025366,Rossendale 002C,Robbery,Status update unavailable,
809945ebce0cc1d8a2867c6ef17f0ccb0c655a8a449b1f512c2a95f5612d5cc0,2019-05,Lancashire Constabulary,Lancashire Constabulary,-2.321221,53.702146,On or near Hope Street,E01025366,Rossendale 002C,Violence and sexual offences,Unable to prosecute suspect,
3b363a0764857f5420746b372c1b0239da9d7d7430e309ed99536132ed95ea19,2019-05,Lancashire Constabulary,Lancashire Constabulary,-2.321542,53.702505,On or near Rifle Street,E01025366,Rossendale 002C,Violence and sexual offences,Unable to prosecute suspect,
c3f33d70b8dfdce2ce50abe0269b738f67400260f7ea170e5160ef34899c4b6b,2019-05,Lancashire Constabulary,Lancashire Constabulary,-2.322899,53.703670,On or near Store Street,E01025366,Rossendale 002C,Violence and sexual offences,Unable to prosecute suspect,
8540d99500d903094199f219e66316d8bcc522a21844168fb421a7d02a26ce8b,2019-05,Lancashire Constabulary,Lancashire Constabulary,-2.321893,53.702837,On or near Princess Street,E01025366,Rossendale 002C,Other crime,Status update unavailable,
,2019-05,Lancashire Constabulary,Lancashire Constabulary,-2.329131,53.725827,On or near The Close,E01025395,Rossendale 002D,Anti-social behaviour,,
,2019-05,Lancashire Constabulary,Lancashire Constabulary,-2.324497,53.720294,On or near Edward Street,E01025395,Rossendale 002D,Anti-social behaviour,,
f2c3d9589edc0f5c1da5848cb0d486a1d15acf770aebb01a8660341678684349,2019-05,Lancashire Constabulary,Lancashire Constabulary,-2.328998,53.726213,On or near Roundhill View,E01025395,Rossendale 002D,Criminal damage and arson,Status update unavailable,
9f64f48c70883541b7ffc2893ad77c1af0e460d8b1583b8d3728181871350bf5,2019-05,Lancashire Constabulary,Lancashire Constabulary,-2.329131,53.725827,On or near The Close,E01025395,Rossendale 002D,Other theft,Further investigation is not in the public interest,
ac0d450187b35634c3bd01440742271daaf6227e2b2b91aa60367a79dea46e5a,2019-05,Lancashire Constabulary,Lancashire Constabulary,-2.324722,53.721965,On or near Ormerod Street,E01025395,Rossendale 002D,Other theft,Status update unavailable,
644f8caa3665a23adc2f8089da8d6627d939f9cc5f7f2d873c76d65df9bb0905,2019-05,Lancashire Constabulary,Lancashire Constabulary,-2.329131,53.725827,On or near The Close,E01025395,Rossendale 002D,Other theft,Status update unavailable,
3e0af8ef80230501424994af1f69109de0dfe5ce9e8ea40531894b0b024c2c8f,2019-05,Lancashire Constabulary,Lancashire Constabulary,-2.329131,53.725827,On or near The Close,E01025395,Rossendale 002D,Other theft,Status update unavailable,
554013a2473a00ed1e4183cf1b8bc8eff922cb6d3429fbca1d3e835d87b18704,2019-05,Lancashire Constabulary,Lancashire Constabulary,-2.329131,53.725827,On or near The Close,E01025395,Rossendale 002D,Other theft,Status update unavailable,
223a736ae56b11c761eb07c0f476344035c0ec9b90803304d1342d78aa17bcf7,2019-05,Lancashire Constabulary,Lancashire Constabulary,-2.328998,53.726213,On or near Roundhill View,E01025395,Rossendale 002D,Public order,Unable to prosecute suspect,
3c9ad4e39660f9a7cfe461c8d1ab7fc68c594a125add941a74f63ed4540570c3,2019-05,Lancashire Constabulary,Lancashire Constabulary,-2.328998,53.726213,On or near Roundhill View,E01025395,Rossendale 002D,Violence and sexual offences,Status update unavailable,
96ceb5d0b814987df2bef90b7b64e7be609b3f433adef4f3b39e38eb9ddbc66e,2019-05,Lancashire Constabulary,Lancashire Constabulary,-2.326884,53.715514,On or near Carr Hall Street,E01025395,Rossendale 002D,Violence and sexual offences,Status update unavailable,
752ad683687a3a948e79b4f86ec755bf486a7cf9aa444efe765343d1cdb3f274,2019-05,Lancashire Constabulary,Lancashire Constabulary,-2.328998,53.726213,On or near Roundhill View,E01025395,Rossendale 002D,Violence and sexual offences,Unable to prosecute suspect,
,2019-05,Lancashire Constabulary,Lancashire Constabulary,-2.325436,53.712453,On or near Cross Street North,E01025396,Rossendale 002E,Anti-social behaviour,,
,2019-05,Lancashire Constabulary,Lancashire Constabulary,-2.325291,53.709389,On or near Spring Lane,E01025396,Rossendale 002E,Anti-social behaviour,,
,2019-05,Lancashire Constabulary,Lancashire Constabulary,-2.324735,53.706065,On or near Bank Street,E01025396,Rossendale 002E,Anti-social behaviour,,
,2019-05,Lancashire Constabulary,Lancashire Constabulary,-2.324735,53.706065,On or near Bank Street,E01025396,Rossendale 002E,Anti-social behaviour,,
496c98baced79baf18b0f93c68fc8d71bbbc3d0b4871415951f2cd186a830d8e,2019-05,Lancashire Constabulary,Lancashire Constabulary,-2.322221,53.706089,On or near Clegg Street,E01025396,Rossendale 002E,Criminal damage and arson,Investigation complete; no suspect identified,
7e9074167d6883ab99fe2e5f2d4f315ffaf5d006ec0fd287324975230e5a5ae5,2019-05,Lancashire Constabulary,Lancashire Constabulary,-2.323722,53.706211,On or near Parking Area,E01025396,Rossendale 002E,Criminal damage and arson,Unable to prosecute suspect,
12f2fbbd1887dd2100eccb7a9ed26cb64f241a740d1ef4390459ae9a130c1479,2019-05,Lancashire Constabulary,Lancashire Constabulary,-2.322927,53.707256,On or near Hargreaves Street,E01025396,Rossendale 002E,Criminal damage and arson,Unable to prosecute suspect,
d2bc4312ec7de59b52db971797612585ed5c50f9c7e973e9b6a1f1431ba212f8,2019-05,Lancashire Constabulary,Lancashire Constabulary,-2.325436,53.712453,On or near Cross Street North,E01025396,Rossendale 002E,Other theft,Status update unavailable,
516cc0187309905f763a37ccf0f998cbb0b2fe76247671d6ccc92b755416cbfc,2019-05,Lancashire Constabulary,Lancashire Constabulary,-2.326000,53.710969,On or near Cross Street South,E01025396,Rossendale 002E,Other theft,Status update unavailable,
4ea1b1b753985338a9db00f58811624d9e62dfc622d9411996cb5661e9a7c9b7,2019-05,Lancashire Constabulary,Lancashire Constabulary,-2.323902,53.711963,On or near Hud Rake,E01025396,Rossendale 002E,Public order,Status update unavailable,
2e90c4c20d139645ef8d8e2dcf4468e76c22ad76f34171a8c903ad6ce7ba4965,2019-05,Lancashire Constabulary,Lancashire Constabulary,-2.322221,53.706089,On or near Clegg Street,E01025396,Rossendale 002E,Vehicle crime,Status update unavailable,
88d7cded59b9c1e3e97244cb7c40dba7a62ae2ce3f5ad4156660d2c3e9807c4e,2019-05,Lancashire Constabulary,Lancashire Constabulary,-2.326000,53.710969,On or near Cross Street South,E01025396,Rossendale 002E,Violence and sexual offences,Status update unavailable,
857b0e4f682f1e2006fe994190428017df607045b13a82b00f219425136c52cc,2019-05,Lancashire Constabulary,Lancashire Constabulary,-2.325291,53.709389,On or near Spring Lane,E01025396,Rossendale 002E,Violence and sexual offences,Unable to prosecute suspect,
caa4ec4e7c8c71a106e7c254ae6dd895af02b2248bd512283aef6ae0bc6d560d,2019-05,Lancashire Constabulary,Lancashire Constabulary,-2.324420,53.710389,On or near West View,E01025396,Rossendale 002E,Violence and sexual offences,Unable to prosecute suspect,
fbb481ef16e2c639e153a16b448ea0fbc4e55e44e9d72ec04ee17653cc89d216,2019-05,Lancashire Constabulary,Lancashire Constabulary,-2.326000,53.710969,On or near Cross Street South,E01025396,Rossendale 002E,Violence and sexual offences,Unable to prosecute suspect,
065896dcbfb06d2afb2488d08606d87830bae6362f269d81f3cc9a7e10ca5b26,2019-05,Lancashire Constabulary,Lancashire Constabulary,-2.325744,53.707177,On or near Hartley Street,E01025396,Rossendale 002E,Violence and sexual offences,Unable to prosecute suspect,
3c47cf45f8061a23d8cf2d2a35284f1526045f6a9dd3865e700db7a125c1f144,2019-05,Lancashire Constabulary,Lancashire Constabulary,-2.322221,53.706089,On or near Clegg Street,E01025396,Rossendale 002E,Violence and sexual offences,Status update unavailable,
42eeb0fd289fd570dcd9ca4dfdb50187cc2756acf8a4c91f9793eb4896490ac8,2019-05,Lancashire Constabulary,Lancashire Constabulary,-2.326000,53.710969,On or near Cross Street South,E01025396,Rossendale 002E,Violence and sexual offences,Status update unavailable,
,2019-05,Lancashire Constabulary,Lancashire Constabulary,-2.325371,53.704050,On or near New Street,E01025397,Rossendale 002F,Anti-social behaviour,,
,2019-05,Lancashire Constabulary,Lancashire Constabulary,-2.336520,53.698374,On or near Warburton Street,E01025397,Rossendale 002F,Anti-social behaviour,,
,2019-05,Lancashire Constabulary,Lancashire Constabulary,-2.325476,53.705811,On or near Deardengate,E01025397,Rossendale 002F,Anti-social behaviour,,
,2019-05,Lancashire Constabulary,Lancashire Constabulary,-2.325147,53.704437,On or near Manchester Road,E01025397,Rossendale 002F,Anti-social behaviour,,
,2019-05,Lancashire Constabulary,Lancashire Constabulary,-2.326423,53.704865,On or near Smithy Street,E01025397,Rossendale 002F,Anti-social behaviour,,
,2019-05,Lancashire Constabulary,Lancashire Constabulary,-2.326070,53.706304,On or near Bell Street,E01025397,Rossendale 002F,Anti-social behaviour,,
,2019-05,Lancashire Constabulary,Lancashire Constabulary,-2.327507,53.704071,On or near Sunnybank Street,E01025397,Rossendale 002F,Anti-social behaviour,,
,2019-05,Lancashire Constabulary,Lancashire Constabulary,-2.325979,53.704327,On or near Deardengate,E01025397,Rossendale 002F,Anti-social behaviour,,
,2019-05,Lancashire Constabulary,Lancashire Constabulary,-2.327185,53.703505,On or near Peel Street,E01025397,Rossendale 002F,Anti-social behaviour,,
,2019-05,Lancashire Constabulary,Lancashire Constabulary,-2.325979,53.704327,On or near Deardengate,E01025397,Rossendale 002F,Anti-social behaviour,,
cb4f37c1112dc786a7347d7473c2c1d0468c0cbc560f6208316317ea5744b74b,2019-05,Lancashire Constabulary,Lancashire Constabulary,-2.360811,53.705054,On or near Park/Open Space,E01025397,Rossendale 002F,Burglary,Status update unavailable,
8b993fdcbafbfd83ea7a57a1bc278b5942fb804b11bd7f84ddff3ed25522e2a7,2019-05,Lancashire Constabulary,Lancashire Constabulary,-2.327177,53.704485,On or near Rudd Street,E01025397,Rossendale 002F,Burglary,Status update unavailable,
fbd7c9081488ff5293238964ace0d8df96cd47c963e3541bf4b7416462325720,2019-05,Lancashire Constabulary,Lancashire Constabulary,-2.360811,53.705054,On or near Park/Open Space,E01025397,Rossendale 002F,Burglary,Status update unavailable,
eb5ec3dd42d118ca6fdb61d9c39a4553a2af15b61d3efcdb98b9c0afec7b6bfc,2019-05,Lancashire Constabulary,Lancashire Constabulary,-2.328298,53.702568,On or near Prospect Hill,E01025397,Rossendale 002F,Criminal damage and arson,Status update unavailable,
754e1f76d8fcbc65fe1993e6c78cd9fd27486c20593db36e266cdbcfde7ebf85,2019-05,Lancashire Constabulary,Lancashire Constabulary,-2.328298,53.702568,On or near Prospect Hill,E01025397,Rossendale 002F,Criminal damage and arson,Status update unavailable,
513d07f967aaf61b1b1da06f79752728ffe48a176db7fa34158affc8c2d50376,2019-05,Lancashire Constabulary,Lancashire Constabulary,-2.326231,53.705539,On or near Shopping Area,E01025397,Rossendale 002F,Other theft,Status update unavailable,
28a5695b5e641b22e99db77977f8af617e5a154b7edafb5134087b17135efde9,2019-05,Lancashire Constabulary,Lancashire Constabulary,-2.360811,53.705054,On or near Park/Open Space,E01025397,Rossendale 002F,Other theft,Status update unavailable,
46e8cdf7741fb2f6e54e406cc991d1a650edade5454e79e462e37f561598add1,2019-05,Lancashire Constabulary,Lancashire Constabulary,-2.333247,53.705781,On or near Bentwood Road,E01025397,Rossendale 002F,Other theft,Status update unavailable,
24e08ffab4b6728eba3c640bb2b5f2bf94277f3af2ab7e0ac248d0dfc443e17a,2019-05,Lancashire Constabulary,Lancashire Constabulary,-2.326070,53.706304,On or near Bell Street,E01025397,Rossendale 002F,Other theft,Status update unavailable,
2f6bd4478a24c02a92e7cc76120ab4799f9e130a873d815370f1e0dd53a4718e,2019-05,Lancashire Constabulary,Lancashire Constabulary,-2.325371,53.704050,On or near New Street,E01025397,Rossendale 002F,Public order,Status update unavailable,
26c69291229c6a2751e7f76275036aee6b324b01df7b7aba58b455ced5f791aa,2019-05,Lancashire Constabulary,Lancashire Constabulary,-2.326889,53.706445,On or near John Street,E01025397,Rossendale 002F,Shoplifting,Awaiting court outcome,
44a563ef0cd1f35b3c9f70436885caca0aed4351a1d393c6658478ff7aa315b8,2019-05,Lancashire Constabulary,Lancashire Constabulary,-2.326231,53.705539,On or near Shopping Area,E01025397,Rossendale 002F,Shoplifting,Status update unavailable,
6076fcda88b3542a72e62286207fb3204c9c8603f8079193262d0f1533cf3979,2019-05,Lancashire Constabulary,Lancashire Constabulary,-2.326889,53.706445,On or near John Street,E01025397,Rossendale 002F,Shoplifting,Status update unavailable,
fb56b4c6c151981d6d080d3ec9d48b08a5f02be9a951d4af138ef8d6cbe43529,2019-05,Lancashire Constabulary,Lancashire Constabulary,-2.328012,53.704690,On or near Marsden Street,E01025397,Rossendale 002F,Violence and sexual offences,Unable to prosecute suspect,
4849adc584feb24536eee019c26de3f21fc01fdf2a49fb6664d74a94b728d740,2019-05,Lancashire Constabulary,Lancashire Constabulary,-2.328298,53.702568,On or near Prospect Hill,E01025397,Rossendale 002F,Violence and sexual offences,Status update unavailable,
ffecb0a1964f55bf81e7f4f7fe161bbc3ad258a0754c19b3551a72cdc88b4fe5,2019-05,Lancashire Constabulary,Lancashire Constabulary,-2.328298,53.702568,On or near Prospect Hill,E01025397,Rossendale 002F,Violence and sexual offences,Formal action is not in the public interest,
a5358c613bd4b76dc55c0afd0967a3e6c88fea7c1d2457c68bd651f5adb498c8,2019-05,Lancashire Constabulary,Lancashire Constabulary,-2.328963,53.706188,On or near Parkinson Street,E01025397,Rossendale 002F,Violence and sexual offences,Unable to prosecute suspect,
a50386fa84f66edec20d4f676cdfb2b2865092160937545fab965c79ae87c354,2019-05,Lancashire Constabulary,Lancashire Constabulary,-2.327920,53.704609,On or near Townsend Street,E01025397,Rossendale 002F,Violence and sexual offences,Status update unavailable,
57f6ecfa9b2a61d00e784888cf769208b24b46d470ef47b72d220f08f1ac63b5,2019-05,Lancashire Constabulary,Lancashire Constabulary,-2.329449,53.706411,On or near Lincoln Place,E01025397,Rossendale 002F,Violence and sexual offences,Status update unavailable,
cd31abab2b2eb50a8dd9efaadeaa678621f91bef74cb35bc1faa7b1865abf143,2019-05,Lancashire Constabulary,Lancashire Constabulary,-2.328298,53.702568,On or near Prospect Hill,E01025397,Rossendale 002F,Violence and sexual offences,Status update unavailable,
c7ceb95a888b82c7eb4173497444a941342edbb9bfa771eda3e8434e6c5d65bd,2019-05,Lancashire Constabulary,Lancashire Constabulary,-2.325979,53.704327,On or near Deardengate,E01025397,Rossendale 002F,Violence and sexual offences,Status update unavailable,
d8f95baae9c1af027026f0e8e9b29ff3f395adc6fbd136509748f073592520f4,2019-05,Lancashire Constabulary,Lancashire Constabulary,-2.328012,53.704690,On or near Marsden Street,E01025397,Rossendale 002F,Violence and sexual offences,Status update unavailable,
8141220f0a13517bc9e466511ce09d07afbdffc5172644f69194b9f97ff931c6,2019-05,Lancashire Constabulary,Lancashire Constabulary,-2.328963,53.706188,On or near Parkinson Street,E01025397,Rossendale 002F,Violence and sexual offences,Unable to prosecute suspect,
8557952fd2450db9e2ba8a4ff01b0225a044b13ecf056f214a7279470e624597,2019-05,Lancashire Constabulary,Lancashire Constabulary,-2.327920,53.704609,On or near Townsend Street,E01025397,Rossendale 002F,Violence and sexual offences,Unable to prosecute suspect,
6417b5c6bcf01364c0537cf65e633e4a212ab52d7cb30d8c5990afd78d0fcde7,2019-05,Lancashire Constabulary,Lancashire Constabulary,-2.327920,53.704609,On or near Townsend Street,E01025397,Rossendale 002F,Violence and sexual offences,Further investigation is not in the public interest,
d17a323a1a77e98bf665cc0a5cd7acc4fa6bdb2450bb5e0ee6ac355b0706ac9d,2019-05,Lancashire Constabulary,Lancashire Constabulary,-2.326070,53.706304,On or near Bell Street,E01025397,Rossendale 002F,Violence and sexual offences,Status update unavailable,
21b28345d7c64861866f347d369ca435bfea9bece56a510c81df86ce02179292,2019-05,Lancashire Constabulary,Lancashire Constabulary,-2.328050,53.705732,On or near Queen Anne Street,E01025397,Rossendale 002F,Violence and sexual offences,Unable to prosecute suspect,
,2019-05,Lancashire Constabulary,Lancashire Constabulary,-2.319649,53.704541,On or near Poplar Street,E01025398,Rossendale 002G,Anti-social behaviour,,
,2019-05,Lancashire Constabulary,Lancashire Constabulary,-2.316557,53.704343,On or near Walnut Avenue,E01025398,Rossendale 002G,Anti-social behaviour,,
,2019-05,Lancashire Constabulary,Lancashire Constabulary,-2.321060,53.704852,On or near Piccadilly Street,E01025398,Rossendale 002G,Anti-social behaviour,,
,2019-05,Lancashire Constabulary,Lancashire Constabulary,-2.316557,53.704343,On or near Walnut Avenue,E01025398,Rossendale 002G,Anti-social behaviour,,
,2019-05,Lancashire Constabulary,Lancashire Constabulary,-2.320520,53.703577,On or near Willow Street,E01025398,Rossendale 002G,Anti-social behaviour,,
d3655da7bd98607e47dccf3380b00a1d38d25e289ea5cf0076e6fff8eda7e01d,2019-05,Lancashire Constabulary,Lancashire Constabulary,-2.317426,53.705024,On or near Cedar Avenue,E01025398,Rossendale 002G,Criminal damage and arson,Status update unavailable,
010f4e73a733558644d1aed89ccd17c3e09a8b030ecf90c76026bd3e64ae76c9,2019-05,Lancashire Constabulary,Lancashire Constabulary,-2.316557,53.704343,On or near Walnut Avenue,E01025398,Rossendale 002G,Public order,Unable to prosecute suspect,
9d9d51c5a654d4c9f2b9c77905c53fe656ca5af12b47ca7afa559628d9907d1c,2019-05,Lancashire Constabulary,Lancashire Constabulary,-2.319626,53.703454,On or near Fir Street,E01025398,Rossendale 002G,Vehicle crime,Status update unavailable,
3291918aea998985c52cd2cae983ff5e98bb11013671d73db47baaaa82a52a10,2019-05,Lancashire Constabulary,Lancashire Constabulary,-2.320029,53.704711,On or near South View,E01025398,Rossendale 002G,Vehicle crime,Status update unavailable,
f47b415627bcd604b28987c15cb8057d27db770853efdad35bf01fb27d9820f8,2019-05,Lancashire Constabulary,Lancashire Constabulary,-2.320029,53.704711,On or near South View,E01025398,Rossendale 002G,Violence and sexual offences,Status update unavailable,
d740205be44b6259e0ea69c94eb31adca199f490556c64f46294e95f217d03f0,2019-05,Lancashire Constabulary,Lancashire Constabulary,-2.316557,53.704343,On or near Walnut Avenue,E01025398,Rossendale 002G,Violence and sexual offences,Unable to prosecute suspect,
cc2fd7cffe5046dee44d64630a4a521449ebd0c0d014e28a6e48a28f37eeed07,2019-05,Lancashire Constabulary,Lancashire Constabulary,-2.316557,53.704343,On or near Walnut Avenue,E01025398,Rossendale 002G,Violence and sexual offences,Unable to prosecute suspect,
71fc0af98c86e2595a3235ceab2f15f389bcef9d35d29177ee225ee20a499a27,2019-05,Lancashire Constabulary,Lancashire Constabulary,-2.318680,53.704598,On or near Maple Avenue,E01025398,Rossendale 002G,Violence and sexual offences,Unable to prosecute suspect,
,2019-05,Lancashire Constabulary,Lancashire Constabulary,-2.196855,53.726701,On or near Scar End Close,E01025367,Rossendale 003A,Anti-social behaviour,,
,2019-05,Lancashire Constabulary,Lancashire Constabulary,-2.193780,53.727012,On or near Heald Close,E01025367,Rossendale 003A,Anti-social behaviour,,
a002b7c2c5e8a055cc177c2298cd5e8bd3e503893d980d62ebf0ae87f8bd5909,2019-05,Lancashire Constabulary,Lancashire Constabulary,-2.196783,53.724104,On or near Nicola Close,E01025367,Rossendale 003A,Public order,Status update unavailable,
a6bde1c3df009c68107108dc5f15e7a6fa71a9c1c38073efab565c3c2b6d6c62,2019-05,Lancashire Constabulary,Lancashire Constabulary,-2.197737,53.724057,On or near Captain Street,E01025367,Rossendale 003A,Violence and sexual offences,Unable to prosecute suspect,
b00ac97aa9ac3e4a2d97aeaa88488179b9a8fcccae665f90c4ef53433d5aebe5,2019-05,Lancashire Constabulary,Lancashire Constabulary,-2.197737,53.724057,On or near Captain Street,E01025367,Rossendale 003A,Violence and sexual offences,Status update unavailable,
,2019-05,Lancashire Constabulary,Lancashire Constabulary,-2.201615,53.707774,On or near Cooper Street,E01025368,Rossendale 003B,Anti-social behaviour,,
,2019-05,Lancashire Constabulary,Lancashire Constabulary,-2.201615,53.707774,On or near Cooper Street,E01025368,Rossendale 003B,Anti-social behaviour,,
,2019-05,Lancashire Constabulary,Lancashire Constabulary,-2.198630,53.704489,On or near Earnshaw Row,E01025368,Rossendale 003B,Anti-social behaviour,,
,2019-05,Lancashire Constabulary,Lancashire Constabulary,-2.198630,53.704489,On or near Earnshaw Row,E01025368,Rossendale 003B,Anti-social behaviour,,
,2019-05,Lancashire Constabulary,Lancashire Constabulary,-2.201615,53.707774,On or near Cooper Street,E01025368,Rossendale 003B,Anti-social behaviour,,
76011cf1df4edb7494416a7fa7294addbe38f1f9e422ce01d2bbee320ae42bde,2019-05,Lancashire Constabulary,Lancashire Constabulary,-2.184010,53.710966,On or near Todmorden Road,E01025368,Rossendale 003B,Burglary,Status update unavailable,
6b7aff30bfeaa9b346fef7441f5177e918db2773efda3721c96169063ff3d260,2019-05,Lancashire Constabulary,Lancashire Constabulary,-2.203360,53.705335,On or near Alder Street,E01025368,Rossendale 003B,Criminal damage and arson,Status update unavailable,
a79f905fe80d39533f462e360efa7d88cd2bec34dd70513b0079ef51d51ca328,2019-05,Lancashire Constabulary,Lancashire Constabulary,-2.198630,53.704489,On or near Earnshaw Row,E01025368,Rossendale 003B,Other theft,Status update unavailable,
5b170f5ba7253882d86faf50ef604702d63c1b04abfcc488f05a4e773fe87a02,2019-05,Lancashire Constabulary,Lancashire Constabulary,-2.203633,53.708489,On or near Holmes Drive,E01025368,Rossendale 003B,Possession of weapons,Further investigation is not in the public interest,
aba30ab33c4cead1ee2de8376498cb41c51aee47c41d77d8496c7a017b97f12e,2019-05,Lancashire Constabulary,Lancashire Constabulary,-2.192624,53.706296,On or near Elm Street,E01025368,Rossendale 003B,Public order,Awaiting court outcome,
db40feac9d6c9e52efe7cf12f3a39d210ce8b5d998d00c1404a3c76ec133b08e,2019-05,Lancashire Constabulary,Lancashire Constabulary,-2.198630,53.704489,On or near Earnshaw Row,E01025368,Rossendale 003B,Robbery,Further investigation is not in the public interest,
6f8cdb432541df216e582251a1a99ea487bc94ff4864b867b0752a9c7dc56bdc,2019-05,Lancashire Constabulary,Lancashire Constabulary,-2.201615,53.707774,On or near Cooper Street,E01025368,Rossendale 003B,Violence and sexual offences,Unable to prosecute suspect,
567e4de6f911688a51a7ae935f2da80595b9c37929074f10fcf45e548184840a,2019-05,Lancashire Constabulary,Lancashire Constabulary,-2.199892,53.705395,On or near Stanley Mount,E01025368,Rossendale 003B,Violence and sexual offences,Unable to prosecute suspect,
da5cd4495d0e400a8b9985db35107ed589a85fbc3c453178dd14e69eb112671a,2019-05,Lancashire Constabulary,Lancashire Constabulary,-2.201615,53.707774,On or near Cooper Street,E01025368,Rossendale 003B,Violence and sexual offences,Status update unavailable,
22b9a2396993ea804c96aeb87adbeedca46c2399cf797bd8d5bf69fdfb0094ee,2019-05,Lancashire Constabulary,Lancashire Constabulary,-2.193488,53.706205,On or near Christ Church Street,E01025368,Rossendale 003B,Violence and sexual offences,Unable to prosecute suspect,
de0bde923c0734fa981aaf46cbbc9be381362ee49dc20840b158d9dd40e72c85,2019-05,Lancashire Constabulary,Lancashire Constabulary,-2.203393,53.705784,On or near Albert Terrace,E01025368,Rossendale 003B,Violence and sexual offences,Unable to prosecute suspect,
,2019-05,Lancashire Constabulary,Lancashire Constabulary,-2.201566,53.703936,On or near Harcourt Street,E01025369,Rossendale 003C,Anti-social behaviour,,
,2019-05,Lancashire Constabulary,Lancashire Constabulary,-2.199298,53.701648,On or near Industrial Place,E01025369,Rossendale 003C,Anti-social behaviour,,
,2019-05,Lancashire Constabulary,Lancashire Constabulary,-2.201007,53.707361,On or near Blackthorn Lane,E01025369,Rossendale 003C,Anti-social behaviour,,
,2019-05,Lancashire Constabulary,Lancashire Constabulary,-2.200572,53.701852,On or near King Street,E01025369,Rossendale 003C,Anti-social behaviour,,
,2019-05,Lancashire Constabulary,Lancashire Constabulary,-2.201483,53.702363,On or near Bank Street,E01025369,Rossendale 003C,Anti-social behaviour,,
,2019-05,Lancashire Constabulary,Lancashire Constabulary,-2.201007,53.707361,On or near Blackthorn Lane,E01025369,Rossendale 003C,Anti-social behaviour,,
,2019-05,Lancashire Constabulary,Lancashire Constabulary,-2.199786,53.702222,On or near Kershaw Street,E01025369,Rossendale 003C,Anti-social behaviour,,
,2019-05,Lancashire Constabulary,Lancashire Constabulary,-2.202749,53.704140,On or near Rose Bank Street,E01025369,Rossendale 003C,Anti-social behaviour,,
,2019-05,Lancashire Constabulary,Lancashire Constabulary,-2.198444,53.697236,On or near Rockcliffe Road,E01025369,Rossendale 003C,Anti-social behaviour,,
,2019-05,Lancashire Constabulary,Lancashire Constabulary,-2.198540,53.698152,On or near Hemp Street,E01025369,Rossendale 003C,Anti-social behaviour,,
,2019-05,Lancashire Constabulary,Lancashire Constabulary,-2.202380,53.706181,On or near Laurel Street,E01025369,Rossendale 003C,Anti-social behaviour,,
2e5186c526e17034e958bafcc5e546b71deda32517c4ad396769dffdf9bcf042,2019-05,Lancashire Constabulary,Lancashire Constabulary,-2.198225,53.698908,On or near Rochdale Road,E01025369,Rossendale 003C,Criminal damage and arson,Further investigation is not in the public interest,
c4f960552c21541d6d1df756dadc4379aa3ddef80c6768b5ee70a5a51adce663,2019-05,Lancashire Constabulary,Lancashire Constabulary,-2.200211,53.702482,On or near Union Street,E01025369,Rossendale 003C,Criminal damage and arson,Status update unavailable,
2ba57d5970d91c19304fb544120ce70ac5408603a5c5b6d1d9751e9a43bb004e,2019-05,Lancashire Constabulary,Lancashire Constabulary,-2.200750,53.701088,On or near Parking Area,E01025369,Rossendale 003C,Criminal damage and arson,Unable to prosecute suspect,
73f934b19fdbf040de326136b5e40f47130783bb7256cc453ed9043a2ff78289,2019-05,Lancashire Constabulary,Lancashire Constabulary,-2.200572,53.701852,On or near King Street,E01025369,Rossendale 003C,Other theft,Status update unavailable,
254cebb37f236820776133940c98db47bf0129aa7b7991010428a5f7059f0951,2019-05,Lancashire Constabulary,Lancashire Constabulary,-2.199786,53.702222,On or near Kershaw Street,E01025369,Rossendale 003C,Other theft,Status update unavailable,
d12805249a89735f4432830ef14174f0dc827877b3265bc98e9e32f8af9cf39d,2019-05,Lancashire Constabulary,Lancashire Constabulary,-2.200699,53.703110,On or near Tower Street,E01025369,Rossendale 003C,Other theft,Status update unavailable,
8af9595675fcb46b19fb2f2200d455b1d462bbf764e2c0745f0a90c917196cf4,2019-05,Lancashire Constabulary,Lancashire Constabulary,-2.200066,53.697395,On or near River Street,E01025369,Rossendale 003C,Other theft,Status update unavailable,
2c4d9eba2e5c0d7ea58f4ea3cd0c8076b3a9137c49dc0aa9495b27c37fc92626,2019-05,Lancashire Constabulary,Lancashire Constabulary,-2.200066,53.697395,On or near River Street,E01025369,Rossendale 003C,Other theft,Status update unavailable,
31ca61cb37b46131e120e4b47a89353f6017b5e20d1e452877a592c7551a0f9a,2019-05,Lancashire Constabulary,Lancashire Constabulary,-2.202380,53.706181,On or near Laurel Street,E01025369,Rossendale 003C,Public order,Further investigation is not in the public interest,
60e26ae2bf9b9519190d22a2009aab665638af62f10b80b8e23bbcb613cfdf9b,2019-05,Lancashire Constabulary,Lancashire Constabulary,-2.200572,53.701852,On or near King Street,E01025369,Rossendale 003C,Robbery,Awaiting court outcome,
965667b9e0881a8a5d5ab5b2b6ee0678989418d25565ed4e8612f6339f85a755,2019-05,Lancashire Constabulary,Lancashire Constabulary,-2.200572,53.701852,On or near King Street,E01025369,Rossendale 003C,Shoplifting,Awaiting court outcome,
fcae6d3c5eeec73a34b62d969f64e5edf20dd621141aa0a5f54107b49d3a4404,2019-05,Lancashire Constabulary,Lancashire Constabulary,-2.200066,53.697395,On or near River Street,E01025369,Rossendale 003C,Shoplifting,Status update unavailable,
9112adf1799526a8175cf99dc3fe3580c937a615bbcd23768836301042423677,2019-05,Lancashire Constabulary,Lancashire Constabulary,-2.200750,53.701088,On or near Parking Area,E01025369,Rossendale 003C,Shoplifting,Status update unavailable,
ff6e2c27df19ffa943b29358c94aa93f76171c9a9be919e0ff830872cb3580b7,2019-05,Lancashire Constabulary,Lancashire Constabulary,-2.200572,53.701852,On or near King Street,E01025369,Rossendale 003C,Shoplifting,Status update unavailable,
4443a5a74b04f3cd470ec59af51e06cdbca231e84957f72ddb74e8aa879fa1c0,2019-05,Lancashire Constabulary,Lancashire Constabulary,-2.200463,53.698131,On or near Rockliffe Road,E01025369,Rossendale 003C,Vehicle crime,Unable to prosecute suspect,
2c4d055e98739027ed29c01cb1819f93f91bdc757011f4133b65551bf07b500c,2019-05,Lancashire Constabulary,Lancashire Constabulary,-2.197153,53.696357,On or near Green Hill Road,E01025369,Rossendale 003C,Violence and sexual offences,Unable to prosecute suspect,
92b5e2efb97c0cb35abcf581e91cf3d0936a8f0833de913bb938ba5c3aae8c90,2019-05,Lancashire Constabulary,Lancashire Constabulary,-2.201007,53.707361,On or near Blackthorn Lane,E01025369,Rossendale 003C,Violence and sexual offences,Offender given a caution,
120bcdfad2ba3227c6f89f6d1297e278ad80d76d097bb7cfb58f4bd7e8f68433,2019-05,Lancashire Constabulary,Lancashire Constabulary,-2.202978,53.704518,On or near Daisy Bank,E01025369,Rossendale 003C,Violence and sexual offences,Status update unavailable,
e9c6e378c052874a984b810dc4ebe040ea64a772c7aec122609493c5b4b333d9,2019-05,Lancashire Constabulary,Lancashire Constabulary,-2.203358,53.704903,On or near Ash Street,E01025369,Rossendale 003C,Violence and sexual offences,Unable to prosecute suspect,
c3214b62fdb77db3ba1ef0ab42de7b7c718e63fa380f48c419c7fcb829349d98,2019-05,Lancashire Constabulary,Lancashire Constabulary,-2.199786,53.702222,On or near Kershaw Street,E01025369,Rossendale 003C,Violence and sexual offences,Unable to prosecute suspect,
cf6c9eaeb95b240a0629179a3448637dcefa4de01897177f32adc6d1bdc2c5dd,2019-05,Lancashire Constabulary,Lancashire Constabulary,-2.201064,53.700305,On or near Market Street,E01025369,Rossendale 003C,Violence and sexual offences,Status update unavailable,
a02ecbc44d51dd087cb07be1641e852fdf71b7f7e79bc537fd8dcf02a5cbf7c6,2019-05,Lancashire Constabulary,Lancashire Constabulary,-2.198851,53.696723,On or near Grafton Villas,E01025369,Rossendale 003C,Other crime,Status update unavailable,
,2019-05,Lancashire Constabulary,Lancashire Constabulary,-2.188763,53.706689,On or near Nuttall Street,E01025381,Rossendale 003D,Anti-social behaviour,,
,2019-05,Lancashire Constabulary,Lancashire Constabulary,-2.194685,53.703030,On or near Thorn Gardens,E01025381,Rossendale 003D,Anti-social behaviour,,
4d193ad618efd6f6b2e05419ee1dc4f08f62217a166fcb5566a8c0a75fdb2f23,2019-05,Lancashire Constabulary,Lancashire Constabulary,-2.195586,53.701402,On or near Gladstone Crescent,E01025381,Rossendale 003D,Burglary,Status update unavailable,
23869e4b6541dc1cb9d042ed9ecb1e03dcb2d86ea7e4f71a5be3532ea3cec3bb,2019-05,Lancashire Constabulary,Lancashire Constabulary,-2.191165,53.705175,On or near Edward Street,E01025381,Rossendale 003D,Burglary,Status update unavailable,
c04a820c54bd97890b7b43f1890e1c3798e7d75efce1e8ee64ab612d15566355,2019-05,Lancashire Constabulary,Lancashire Constabulary,-2.188019,53.706268,On or near Arthur Street,E01025381,Rossendale 003D,Burglary,Status update unavailable,
a8f2b5d531e7b0f33cd9d2194ab9a742a6d035cae1db95084ad96ef93a669abd,2019-05,Lancashire Constabulary,Lancashire Constabulary,-2.193683,53.702636,On or near Thorn Drive,E01025381,Rossendale 003D,Other theft,Status update unavailable,
b7270af9d8934588b3882690d195c132b80400b48a165f482d7c521f3423aeb4,2019-05,Lancashire Constabulary,Lancashire Constabulary,-2.192893,53.702116,On or near Hawthorn Road,E01025381,Rossendale 003D,Vehicle crime,Status update unavailable,
8abd98a3bd38bc7bfcf0281a08005fd39cfe47ec1da7b74e4d94ecd6416c888e,2019-05,Lancashire Constabulary,Lancashire Constabulary,-2.195603,53.701851,On or near Gladstone Street,E01025381,Rossendale 003D,Violence and sexual offences,Status update unavailable,
84a01c63d802db73f9a653ab2687600a42e3fb7bf5973d3527e66bc12455bffe,2019-05,Lancashire Constabulary,Lancashire Constabulary,-2.194496,53.701530,On or near Pendle Close,E01025381,Rossendale 003D,Violence and sexual offences,Unable to prosecute suspect,
2c040a224cac8772d2804db972f0f5a9c59264c717a6a509e28bb7db4fd23c3e,2019-05,Lancashire Constabulary,Lancashire Constabulary,-2.194215,53.702950,On or near Thorn Bank,E01025381,Rossendale 003D,Violence and sexual offences,Unable to prosecute suspect,
9172159afe32a4868e3d160808bf30e8bea5e3d663118a05f68f808bd0db5026,2019-05,Lancashire Constabulary,Lancashire Constabulary,-2.189945,53.703353,On or near Fair View Crescent,E01025381,Rossendale 003D,Violence and sexual offences,Status update unavailable,
4ab0d8972c262b885d53b5fcf7adf96bff2ba4ce5c84c4321a4ab51b42bad758,2019-05,Lancashire Constabulary,Lancashire Constabulary,-2.192893,53.702116,On or near Hawthorn Road,E01025381,Rossendale 003D,Violence and sexual offences,Unable to prosecute suspect,
1d2e3d3d7f8b3c3cc24b62fca5895c0f1ca5e9ee3cec7e5e0fa8af5e00bfbec3,2019-05,Lancashire Constabulary,Lancashire Constabulary,-2.192893,53.702116,On or near Hawthorn Road,E01025381,Rossendale 003D,Other crime,Unable to prosecute suspect,
,2019-05,Lancashire Constabulary,Lancashire Constabulary,-2.195714,53.702840,On or near Thorn Crescent,E01025382,Rossendale 003E,Anti-social behaviour,,
,2019-05,Lancashire Constabulary,Lancashire Constabulary,-2.197594,53.703241,On or near South Street,E01025382,Rossendale 003E,Anti-social behaviour,,
,2019-05,Lancashire Constabulary,Lancashire Constabulary,-2.196160,53.697878,On or near Sandfield Road,E01025382,Rossendale 003E,Anti-social behaviour,,
,2019-05,Lancashire Constabulary,Lancashire Constabulary,-2.197679,53.702001,On or near Thorn Street,E01025382,Rossendale 003E,Anti-social behaviour,,
,2019-05,Lancashire Constabulary,Lancashire Constabulary,-2.197425,53.702621,On or near Inkerman Street,E01025382,Rossendale 003E,Anti-social behaviour,,
,2019-05,Lancashire Constabulary,Lancashire Constabulary,-2.196160,53.697878,On or near Sandfield Road,E01025382,Rossendale 003E,Anti-social behaviour,,
,2019-05,Lancashire Constabulary,Lancashire Constabulary,-2.197106,53.702514,On or near Crimea Street,E01025382,Rossendale 003E,Anti-social behaviour,,
abe54917cc63c5566f895b29212858f6150485b017352fa27ec419753b1d3c67,2019-05,Lancashire Constabulary,Lancashire Constabulary,-2.190576,53.695595,On or near Churchtown Crescent,E01025382,Rossendale 003E,Burglary,Awaiting court outcome,
8fb0d6b8dacb7890a0c86bce360e6e1c94902ae66318743994c83ac5c3644d5e,2019-05,Lancashire Constabulary,Lancashire Constabulary,-2.197355,53.703988,On or near Springfield Avenue,E01025382,Rossendale 003E,Burglary,Local resolution,
342e611e2fd685eb340fcf237748c6608308da4df4b105ef8148bba7243402bb,2019-05,Lancashire Constabulary,Lancashire Constabulary,-2.194230,53.699660,On or near Pennine Road,E01025382,Rossendale 003E,Burglary,Status update unavailable,
1fd30abbc5e002c9ddbd948a5b0d2b49fb0825a1bbe083f1a381072f86da8359,2019-05,Lancashire Constabulary,Lancashire Constabulary,-2.195714,53.702840,On or near Thorn Crescent,E01025382,Rossendale 003E,Burglary,Status update unavailable,
2d94b7b93e176eb07941b15ad52a4cdf240b4bb63a66f29ae6e78f165bc060f2,2019-05,Lancashire Constabulary,Lancashire Constabulary,-2.198046,53.702629,On or near Alma Street,E01025382,Rossendale 003E,Criminal damage and arson,Unable to prosecute suspect,
15a9ec0bbddecef067102d4a95e91c6558089228ec660b057e00e87db8f6aa34,2019-05,Lancashire Constabulary,Lancashire Constabulary,-2.197425,53.702621,On or near Inkerman Street,E01025382,Rossendale 003E,Criminal damage and arson,Status update unavailable,
d6fb90a4d065f174927eac9ae5ba477061a681b8127f8405240a95d7e2d80dcf,2019-05,Lancashire Constabulary,Lancashire Constabulary,-2.197594,53.703241,On or near South Street,E01025382,Rossendale 003E,Other theft,Status update unavailable,
c04f33e60d43db6c81fd1e6945a757907303065aba0796496d789268d641f398,2019-05,Lancashire Constabulary,Lancashire Constabulary,-2.197594,53.703241,On or near South Street,E01025382,Rossendale 003E,Public order,Awaiting court outcome,
0f57933338d180dc99ee0536639f70138bad7fb6d915c5b56fb266306ddf0c0b,2019-05,Lancashire Constabulary,Lancashire Constabulary,-2.197594,53.703241,On or near South Street,E01025382,Rossendale 003E,Public order,Unable to prosecute suspect,
83b77b82999996359e1815941add5067b8db911ff36d24eab82978deef2bc79d,2019-05,Lancashire Constabulary,Lancashire Constabulary,-2.198046,53.702629,On or near Alma Street,E01025382,Rossendale 003E,Public order,Unable to prosecute suspect,
9dbbf8150131d76aa3b4995de196b45791511b62abce0c084488598a526129aa,2019-05,Lancashire Constabulary,Lancashire Constabulary,-2.200746,53.703407,On or near A671,E01025382,Rossendale 003E,Robbery,Unable to prosecute suspect,
e5a41fd3da0e6ab93974b70c63398f09add164ef77255d53fbf49d6680564f47,2019-05,Lancashire Constabulary,Lancashire Constabulary,-2.197594,53.703241,On or near South Street,E01025382,Rossendale 003E,Shoplifting,Status update unavailable,
4edb4398250ba160b42371749e906f2c3147ab39d711cf2bf0f9d3cc1acce1c7,2019-05,Lancashire Constabulary,Lancashire Constabulary,-2.196160,53.697878,On or near Sandfield Road,E01025382,Rossendale 003E,Violence and sexual offences,Unable to prosecute suspect,
64adb9be6e6d70e3236a354ba67d34e63dc0048fddbb577bf5521e022de73f1c,2019-05,Lancashire Constabulary,Lancashire Constabulary,-2.198046,53.702629,On or near Alma Street,E01025382,Rossendale 003E,Violence and sexual offences,Unable to prosecute suspect,
caea7a23a41aa4b076a4c357160456da3a2de8023408d4b8dc6f9342260d1cf2,2019-05,Lancashire Constabulary,Lancashire Constabulary,-2.197355,53.703988,On or near Springfield Avenue,E01025382,Rossendale 003E,Violence and sexual offences,Unable to prosecute suspect,
d9c4770aed74fbf727238828f0b1970cc592eff1a4d5e72dedcec56e8d4368d1,2019-05,Lancashire Constabulary,Lancashire Constabulary,-2.183532,53.691534,On or near Harrison Street,E01025383,Rossendale 003F,Bicycle theft,Status update unavailable,
c973bb3fa528c879907c48d9f7e011de799bbe2abb572f317608afd663b1c54b,2019-05,Lancashire Constabulary,Lancashire Constabulary,-2.183532,53.691534,On or near Harrison Street,E01025383,Rossendale 003F,Burglary,Status update unavailable,
5781246a7e21a5524caaa81149fe3214b9a2f5035e2272665b33c09220cb0d25,2019-05,Lancashire Constabulary,Lancashire Constabulary,-2.178895,53.690975,On or near Warren Drive,E01025383,Rossendale 003F,Burglary,Status update unavailable,
cf5d740dbf210c49922a76549c5353a2d16f9c3243cf2867955c15f7de5fb446,2019-05,Lancashire Constabulary,Lancashire Constabulary,-2.189981,53.694436,On or near Castletown Drive,E01025383,Rossendale 003F,Burglary,Status update unavailable,
502b0d6b95b61169f5a32b888231252d703400f6e9bdd49a38f277ebd8aebe9e,2019-05,Lancashire Constabulary,Lancashire Constabulary,-2.178895,53.690975,On or near Warren Drive,E01025383,Rossendale 003F,Drugs,Status update unavailable,
6a3192a2391af6f66afa3a35d540b475460cc05b3ec224f9cfbbcfa3475b15be,2019-05,Lancashire Constabulary,Lancashire Constabulary,-2.190882,53.699594,On or near Woodlark Close,E01025383,Rossendale 003F,Other theft,Status update unavailable,
8cc322f093fdb4111be38ccabb3902fcf33b2f3c78b4ec593a5a4a4376f979ba,2019-05,Lancashire Constabulary,Lancashire Constabulary,-2.197777,53.693732,On or near Lane End Road,E01025383,Rossendale 003F,Vehicle crime,Unable to prosecute suspect,
10d5d5a255da89d0d003d0db39ba558e0b18c3e9579a1b9a00ba445c05cb7e32,2019-05,Lancashire Constabulary,Lancashire Constabulary,-2.193819,53.692731,On or near The Sidings,E01025383,Rossendale 003F,Vehicle crime,Status update unavailable,
db72975f1efc2e849dc9cc686b5965de7220acbb8a00a32c7d255ec30fb2ad50,2019-05,Lancashire Constabulary,Lancashire Constabulary,-2.182681,53.691041,On or near Sarah Street,E01025383,Rossendale 003F,Violence and sexual offences,Status update unavailable,
d2d16f8e950d30df0e124e94d4ee2ad760ef472ea2e0c1f4f7bba10ec4af8dea,2019-05,Lancashire Constabulary,Lancashire Constabulary,-2.183061,53.691220,On or near Nelson Street,E01025383,Rossendale 003F,Violence and sexual offences,Unable to prosecute suspect,
,2019-05,Lancashire Constabulary,Lancashire Constabulary,-2.283989,53.704389,On or near Parking Area,E01025356,Rossendale 004A,Anti-social behaviour,,
,2019-05,Lancashire Constabulary,Lancashire Constabulary,-2.283989,53.704389,On or near Parking Area,E01025356,Rossendale 004A,Anti-social behaviour,,
,2019-05,Lancashire Constabulary,Lancashire Constabulary,-2.282005,53.704429,On or near Green Street,E01025356,Rossendale 004A,Anti-social behaviour,,
,2019-05,Lancashire Constabulary,Lancashire Constabulary,-2.288190,53.705161,On or near Greenfield Street,E01025356,Rossendale 004A,Anti-social behaviour,,
,2019-05,Lancashire Constabulary,Lancashire Constabulary,-2.288806,53.706606,On or near Prospect Road,E01025356,Rossendale 004A,Anti-social behaviour,,
,2019-05,Lancashire Constabulary,Lancashire Constabulary,-2.289101,53.707567,On or near Elm Street,E01025356,Rossendale 004A,Anti-social behaviour,,
,2019-05,Lancashire Constabulary,Lancashire Constabulary,-2.286285,53.705651,On or near Kenyon Street,E01025356,Rossendale 004A,Anti-social behaviour,,
c580492a80f3c9bc5070c335004fa42d01133cb8435f82dd4ac8f164f4500c4d,2019-05,Lancashire Constabulary,Lancashire Constabulary,-2.290537,53.707141,On or near Holland Avenue,E01025356,Rossendale 004A,Other theft,Unable to prosecute suspect,
6ea1a06132c703f03c29d6d6f3ce5b2a388e160d80f8f943db6f7d01250b1410,2019-05,Lancashire Constabulary,Lancashire Constabulary,-2.289101,53.707567,On or near Elm Street,E01025356,Rossendale 004A,Violence and sexual offences,Unable to prosecute suspect,
adc04721bf747ac1eac87880f1869e57d7bc5d7801ba15b057f9719e1c82f55a,2019-05,Lancashire Constabulary,Lancashire Constabulary,-2.288754,53.705582,On or near Beech Street,E01025356,Rossendale 004A,Violence and sexual offences,Unable to prosecute suspect,
3c3dd3508c49d9cf3c458ed04d3586a02b4e4b68c976f340daaa805f1e19407a,2019-05,Lancashire Constabulary,Lancashire Constabulary,-2.289697,53.708312,On or near Alexandria Street,E01025356,Rossendale 004A,Violence and sexual offences,Status update unavailable,
733ba4132ea9a06e9fee8f0039678c1ca3f7840feb17809ba6458ae02736ee59,2019-05,Lancashire Constabulary,Lancashire Constabulary,-2.290537,53.707141,On or near Holland Avenue,E01025356,Rossendale 004A,Violence and sexual offences,Unable to prosecute suspect,
a93f59d3a7de523a5a63eb3ae0a6808ae8ab6a827021939431f6dabd3b388fda,2019-05,Lancashire Constabulary,Lancashire Constabulary,-2.290537,53.707141,On or near Holland Avenue,E01025356,Rossendale 004A,Violence and sexual offences,Status update unavailable,
,2019-05,Lancashire Constabulary,Lancashire Constabulary,-2.280831,53.703273,On or near Alder Street,E01025373,Rossendale 004C,Anti-social behaviour,,
,2019-05,Lancashire Constabulary,Lancashire Constabulary,-2.283861,53.701045,On or near Buller Street,E01025373,Rossendale 004C,Anti-social behaviour,,
,2019-05,Lancashire Constabulary,Lancashire Constabulary,-2.282349,53.701453,On or near Sports/Recreation Area,E01025373,Rossendale 004C,Anti-social behaviour,,
,2019-05,Lancashire Constabulary,Lancashire Constabulary,-2.286188,53.702487,On or near St Mary'S Way,E01025373,Rossendale 004C,Anti-social behaviour,,
,2019-05,Lancashire Constabulary,Lancashire Constabulary,-2.283861,53.701045,On or near Buller Street,E01025373,Rossendale 004C,Anti-social behaviour,,
,2019-05,Lancashire Constabulary,Lancashire Constabulary,-2.279092,53.701515,On or near Sports/Recreation Area,E01025373,Rossendale 004C,Anti-social behaviour,,
,2019-05,Lancashire Constabulary,Lancashire Constabulary,-2.286756,53.701317,On or near Shopping Area,E01025373,Rossendale 004C,Anti-social behaviour,,
84a0566875cfd43114b9eb54daee1101d17b1d51b94fdc87e8e2aa7022ec0992,2019-05,Lancashire Constabulary,Lancashire Constabulary,-2.283861,53.701045,On or near Buller Street,E01025373,Rossendale 004C,Criminal damage and arson,Unable to prosecute suspect,
f938baca2eb02f384feaf3ac838e23cd5d46ad5f1e0ef2dfe1886cdee7a9f52a,2019-05,Lancashire Constabulary,Lancashire Constabulary,-2.286188,53.702487,On or near St Mary'S Way,E01025373,Rossendale 004C,Public order,Unable to prosecute suspect,
3d4a6879097e9febfa8c25058ad3209ad7ea7487c19e0449124c78b204d25d06,2019-05,Lancashire Constabulary,Lancashire Constabulary,-2.285457,53.704125,On or near Barlow Street,E01025373,Rossendale 004C,Public order,Unable to prosecute suspect,
ab3dd7fb83d2a711410e581d39585635409bb17bddbc48df6e73a545cd4aef3c,2019-05,Lancashire Constabulary,Lancashire Constabulary,-2.283861,53.701045,On or near Buller Street,E01025373,Rossendale 004C,Public order,Status update unavailable,
ae97110147527e69665cdf469a23d8b5012d6bbd9a65057bfacfebfe66d8e421,2019-05,Lancashire Constabulary,Lancashire Constabulary,-2.284452,53.701152,On or near Lord Street,E01025373,Rossendale 004C,Robbery,Status update unavailable,
2e2b0de563e2d4e6cae3cb6d158ae2578c2064fae0d72f5fcd754556ce9f9d44,2019-05,Lancashire Constabulary,Lancashire Constabulary,-2.286756,53.701317,On or near Shopping Area,E01025373,Rossendale 004C,Violence and sexual offences,Status update unavailable,
3373dd0cc63a02f162bac04e269cef5d6c2135b9ab60a25510e2aac81afcf788,2019-05,Lancashire Constabulary,Lancashire Constabulary,-2.283332,53.703536,On or near East Parade,E01025373,Rossendale 004C,Violence and sexual offences,Unable to prosecute suspect,
,2019-05,Lancashire Constabulary,Lancashire Constabulary,-2.287648,53.696659,On or near Maitland Place,E01025385,Rossendale 004D,Anti-social behaviour,,
40b54ae66508b1409be8e42f5ef5a29dc6c1062caf86a249cb1b9eaa8d591b68,2019-05,Lancashire Constabulary,Lancashire Constabulary,-2.287712,53.695032,On or near Dearden Nook,E01025385,Rossendale 004D,Vehicle crime,Status update unavailable,
d2c5e592e26594642f31b4edd5ee1ddee5bd67ee11e7a7b5088f0ca5531e2eb6,2019-05,Lancashire Constabulary,Lancashire Constabulary,-2.285540,53.696278,On or near Hardman Avenue,E01025385,Rossendale 004D,Violence and sexual offences,Unable to prosecute suspect,
836f75098a13af62c796b0c73bc8fbb2ed23c67f282a9f9ddc9c5e42f1664336,2019-05,Lancashire Constabulary,Lancashire Constabulary,-2.287712,53.695032,On or near Dearden Nook,E01025385,Rossendale 004D,Violence and sexual offences,Status update unavailable,
901b5bf0d13be1eec6c92133c530914b862091630bd0a57b6209b57207ad8ccc,2019-05,Lancashire Constabulary,Lancashire Constabulary,-2.289449,53.694291,On or near Hill View,E01025385,Rossendale 004D,Violence and sexual offences,Unable to prosecute suspect,
3e5a83e3cc707a1e10eb55be2be8e60c8fad495d47f839e0fb3c7e47fae7468d,2019-05,Lancashire Constabulary,Lancashire Constabulary,-2.290470,53.695268,On or near Shawfield,E01025385,Rossendale 004D,Violence and sexual offences,Unable to prosecute suspect,
66510adae6457e9565e449af61d5181afd0e9a1e34d22bffe752291bbb5331ef,2019-05,Lancashire Constabulary,Lancashire Constabulary,-2.285540,53.696278,On or near Hardman Avenue,E01025385,Rossendale 004D,Violence and sexual offences,Unable to prosecute suspect,
b9ba308ae2c2d6a6f680ea15e7dc5cc331366dffedd6e29c38eb7f0e4d88a325,2019-05,Lancashire Constabulary,Lancashire Constabulary,-2.293015,53.693114,On or near Chestnut Drive,E01025385,Rossendale 004D,Violence and sexual offences,Unable to prosecute suspect,
,2019-05,Lancashire Constabulary,Lancashire Constabulary,-2.290606,53.701784,On or near Schofield Road,E01025387,Rossendale 004F,Anti-social behaviour,,
,2019-05,Lancashire Constabulary,Lancashire Constabulary,-2.307167,53.696296,On or near Park/Open Space,E01025387,Rossendale 004F,Anti-social behaviour,,
da999e1899c64b18e52e37adfe25a36f7d524d32a235888295bdd029dff7e833,2019-05,Lancashire Constabulary,Lancashire Constabulary,-2.307167,53.696296,On or near Park/Open Space,E01025387,Rossendale 004F,Vehicle crime,Status update unavailable,
8699fc5abb8fab8fdca3a5bf268a8ac9a456237c085826609d2f6c4241d94bbb,2019-05,Lancashire Constabulary,Lancashire Constabulary,-2.304189,53.699171,On or near Osborne Terrace,E01025387,Rossendale 004F,Violence and sexual offences,Unable to prosecute suspect,
2518cebb22680d369297fb88eda1c4ba1a0f1670e10e33bb98d3a4defc29c2bc,2019-05,Lancashire Constabulary,Lancashire Constabulary,-2.307167,53.696296,On or near Park/Open Space,E01025387,Rossendale 004F,Violence and sexual offences,Status update unavailable,
,2019-05,Lancashire Constabulary,Lancashire Constabulary,-2.267410,53.698513,On or near Heys Close,E01033281,Rossendale 004G,Anti-social behaviour,,
,2019-05,Lancashire Constabulary,Lancashire Constabulary,-2.298385,53.702943,On or near Parking Area,E01033281,Rossendale 004G,Anti-social behaviour,,
,2019-05,Lancashire Constabulary,Lancashire Constabulary,-2.268836,53.698779,On or near North Road,E01033281,Rossendale 004G,Anti-social behaviour,,
,2019-05,Lancashire Constabulary,Lancashire Constabulary,-2.291413,53.700164,On or near Conference/Exhibition Centre,E01033281,Rossendale 004G,Anti-social behaviour,,
,2019-05,Lancashire Constabulary,Lancashire Constabulary,-2.268289,53.698574,On or near Heys Street,E01033281,Rossendale 004G,Anti-social behaviour,,
,2019-05,Lancashire Constabulary,Lancashire Constabulary,-2.273020,53.699345,On or near Victoria Way,E01033281,Rossendale 004G,Anti-social behaviour,,
,2019-05,Lancashire Constabulary,Lancashire Constabulary,-2.286399,53.702424,On or near St Mary'S Way,E01033281,Rossendale 004G,Anti-social behaviour,,
,2019-05,Lancashire Constabulary,Lancashire Constabulary,-2.271690,53.699905,On or near Eastwood Crescent,E01033281,Rossendale 004G,Anti-social behaviour,,
,2019-05,Lancashire Constabulary,Lancashire Constabulary,-2.291413,53.700164,On or near Conference/Exhibition Centre,E01033281,Rossendale 004G,Anti-social behaviour,,
,2019-05,Lancashire Constabulary,Lancashire Constabulary,-2.287596,53.700246,On or near Queen Street,E01033281,Rossendale 004G,Anti-social behaviour,,
,2019-05,Lancashire Constabulary,Lancashire Constabulary,-2.269431,53.699524,On or near Peel Street,E01033281,Rossendale 004G,Anti-social behaviour,,
,2019-05,Lancashire Constabulary,Lancashire Constabulary,-2.271690,53.699905,On or near Eastwood Crescent,E01033281,Rossendale 004G,Anti-social behaviour,,
,2019-05,Lancashire Constabulary,Lancashire Constabulary,-2.299641,53.700674,On or near Parkwood Court,E01033281,Rossendale 004G,Anti-social behaviour,,
,2019-05,Lancashire Constabulary,Lancashire Constabulary,-2.290537,53.700562,On or near Gordon Street,E01033281,Rossendale 004G,Anti-social behaviour,,
8972deca92156e4584e39fb8e0202e98e410a59ee745aa57df2645572e5b6cf4,2019-05,Lancashire Constabulary,Lancashire Constabulary,-2.268836,53.698779,On or near North Road,E01033281,Rossendale 004G,Burglary,Status update unavailable,
fe713e99c56057e1f97796324677e3b329f0da2b32ee9b5f47dba5b550a319d4,2019-05,Lancashire Constabulary,Lancashire Constabulary,-2.269431,53.699524,On or near Peel Street,E01033281,Rossendale 004G,Criminal damage and arson,Action to be taken by another organisation,
0dd46cb8922f2b51fcf0a1a287c06d885311ee875d4c0066af06075e8bf997d1,2019-05,Lancashire Constabulary,Lancashire Constabulary,-2.293635,53.697373,On or near New Hall Hey Road,E01033281,Rossendale 004G,Criminal damage and arson,Status update unavailable,
8c4865562abb9ce3cfeb9f0a15e34d44b196721a3c226bd27d07d7e1f90552f1,2019-05,Lancashire Constabulary,Lancashire Constabulary,-2.287596,53.700246,On or near Queen Street,E01033281,Rossendale 004G,Other theft,Status update unavailable,
428a5c826bdf85b1fc6678e8b66ca7f4b57ba59a31ad9d29cb269c0916773a2b,2019-05,Lancashire Constabulary,Lancashire Constabulary,-2.287429,53.697909,On or near Hall Carr Road,E01033281,Rossendale 004G,Other theft,Status update unavailable,
d4625a2f88fc2451f910b6f5e70d8f9f3583bf78b9487d8378f8066c8e49bac0,2019-05,Lancashire Constabulary,Lancashire Constabulary,-2.286399,53.702424,On or near St Mary'S Way,E01033281,Rossendale 004G,Other theft,Status update unavailable,
8a8bab64e939e77285ff0e67be5079e633c7f37debbf5e2048de4d42abdcb207,2019-05,Lancashire Constabulary,Lancashire Constabulary,-2.287429,53.697909,On or near Hall Carr Road,E01033281,Rossendale 004G,Other theft,Status update unavailable,
0ed0ecee4416a20bf15c3278ac1aa8c2d4950752cf9d9384e25d114f30f48746,2019-05,Lancashire Constabulary,Lancashire Constabulary,-2.293635,53.697373,On or near New Hall Hey Road,E01033281,Rossendale 004G,Other theft,Status update unavailable,
d04eab5fee13ac8467a276b1bc6fd613c8e3b85e22f03202de7bd5118db74f0b,2019-05,Lancashire Constabulary,Lancashire Constabulary,-2.271690,53.699905,On or near Eastwood Crescent,E01033281,Rossendale 004G,Public order,Unable to prosecute suspect,
b27eb66120f680f4adbe91f5392e86e4bbfbf7b4139248f77a3c446ae931ba73,2019-05,Lancashire Constabulary,Lancashire Constabulary,-2.288962,53.700584,On or near Petrol Station,E01033281,Rossendale 004G,Public order,Status update unavailable,
845346486098631016821933ebd4fc539057713698afd61166b82ae86a32db3f,2019-05,Lancashire Constabulary,Lancashire Constabulary,-2.286399,53.702424,On or near St Mary'S Way,E01033281,Rossendale 004G,Shoplifting,Status update unavailable,
9fcf101c94ed069da1a8dd6e9dbb868effd263d455c2c977df2f281d4c7d7104,2019-05,Lancashire Constabulary,Lancashire Constabulary,-2.286399,53.702424,On or near St Mary'S Way,E01033281,Rossendale 004G,Shoplifting,Status update unavailable,
8c3666b037bef9546d59677c1cebc6f7f81d8165550e13cd8885fee8e3c05e02,2019-05,Lancashire Constabulary,Lancashire Constabulary,-2.286399,53.702424,On or near St Mary'S Way,E01033281,Rossendale 004G,Shoplifting,Status update unavailable,
323c3d42c489fe8aabb8b228bf29d8700e2c5135d6ab6c1d2bd741e5e4609cfc,2019-05,Lancashire Constabulary,Lancashire Constabulary,-2.286399,53.702424,On or near St Mary'S Way,E01033281,Rossendale 004G,Shoplifting,Status update unavailable,
01aa2421b12cf1b28bf9b118fb97cefdd5c35ba30d16adfbbaebfe0b702becca,2019-05,Lancashire Constabulary,Lancashire Constabulary,-2.286399,53.702424,On or near St Mary'S Way,E01033281,Rossendale 004G,Shoplifting,Status update unavailable,
cd58d2ce3da542ab99b50e4d65e8a3c36655c62e74a4ecf452ac783ea865d615,2019-05,Lancashire Constabulary,Lancashire Constabulary,-2.286399,53.702424,On or near St Mary'S Way,E01033281,Rossendale 004G,Shoplifting,Status update unavailable,
abfb5447e31efbb194bea2bdd69ec7f9aaa9e80116527c7681f08ca6af682b15,2019-05,Lancashire Constabulary,Lancashire Constabulary,-2.286399,53.702424,On or near St Mary'S Way,E01033281,Rossendale 004G,Shoplifting,Status update unavailable,
dfda8abaf3cb514a0fcd7da4bcaed9b99d1f0833bf95f2d7153b60291fff6a32,2019-05,Lancashire Constabulary,Lancashire Constabulary,-2.286399,53.702424,On or near St Mary'S Way,E01033281,Rossendale 004G,Shoplifting,Status update unavailable,
0e6dec7fa2f5ac0a3225f9e0c834633301795b37030dca44f1df66c1a64af671,2019-05,Lancashire Constabulary,Lancashire Constabulary,-2.286399,53.702424,On or near St Mary'S Way,E01033281,Rossendale 004G,Shoplifting,Status update unavailable,
b31552d46b55d0340dae18cf9077ea165846725d41fecb7ab155db23f8d51d53,2019-05,Lancashire Constabulary,Lancashire Constabulary,-2.298528,53.699644,On or near Whitaker Green,E01033281,Rossendale 004G,Theft from the person,Status update unavailable,
c6133c6edb9bcf900d0dbd6dd963e2aabfeed28b130eb18d498435b77fcb34a6,2019-05,Lancashire Constabulary,Lancashire Constabulary,-2.275719,53.699905,On or near Fallbarn Road,E01033281,Rossendale 004G,Violence and sexual offences,Unable to prosecute suspect,
1e57ebe9abce6f5f3a4899db41b60803c17f359f9469c9a2233ac6107dbd1355,2019-05,Lancashire Constabulary,Lancashire Constabulary,-2.269431,53.699524,On or near Peel Street,E01033281,Rossendale 004G,Violence and sexual offences,Unable to prosecute suspect,
21228875940431ecca7a2fb79301513e07cb94e3528e93f6f341c629958a24ac,2019-05,Lancashire Constabulary,Lancashire Constabulary,-2.286399,53.702424,On or near St Mary'S Way,E01033281,Rossendale 004G,Violence and sexual offences,Status update unavailable,
74d7f4cc40d01258d58e14f72d7d2501bbe6fc6a31b360a1f301eef1c9b3c955,2019-05,Lancashire Constabulary,Lancashire Constabulary,-2.290105,53.697148,On or near Parking Area,E01033281,Rossendale 004G,Violence and sexual offences,Status update unavailable,
c7f5c476f16c01dbf99ff78b68286bc0b3a4d151858f2b07567ef5f113726367,2019-05,Lancashire Constabulary,Lancashire Constabulary,-2.268289,53.698574,On or near Heys Street,E01033281,Rossendale 004G,Violence and sexual offences,Unable to prosecute suspect,
1f348341317803de32f7b4aa56d711e39afb5658d99f6263a01dfb8cd66a6c9f,2019-05,Lancashire Constabulary,Lancashire Constabulary,-2.269431,53.699524,On or near Peel Street,E01033281,Rossendale 004G,Violence and sexual offences,Unable to prosecute suspect,
b43fa4556de29c28ea7badf2386af1a504a77f242760ca7a69cf633298404a01,2019-05,Lancashire Constabulary,Lancashire Constabulary,-2.293635,53.697373,On or near New Hall Hey Road,E01033281,Rossendale 004G,Violence and sexual offences,Awaiting court outcome,
8e1bdf3849156577be22efb905596c7f06468885a6e26978932e1b7479970057,2019-05,Lancashire Constabulary,Lancashire Constabulary,-2.275878,53.700983,On or near Wheatholme Street,E01033281,Rossendale 004G,Violence and sexual offences,Unable to prosecute suspect,
f69b86786aaa1463c46c4a81b003f7a956969d6f47eb85732d3ab457cc00fb99,2019-05,Lancashire Constabulary,Lancashire Constabulary,-2.298385,53.702943,On or near Parking Area,E01033281,Rossendale 004G,Violence and sexual offences,Status update unavailable,
e0ce8786d22fb0cdc9f32d27127cb96977dfac264858cae2011654b984e273ab,2019-05,Lancashire Constabulary,Lancashire Constabulary,-2.299641,53.700674,On or near Parkwood Court,E01033281,Rossendale 004G,Violence and sexual offences,Unable to prosecute suspect,
d29997797e9704eb0f6e5e3c2124a39db74a33e5c168fdd0d94203f99a2be5b7,2019-05,Lancashire Constabulary,Lancashire Constabulary,-2.291413,53.700164,On or near Conference/Exhibition Centre,E01033281,Rossendale 004G,Violence and sexual offences,Status update unavailable,
7db4a4a179bcd0915ed9406d5ab62f52b594e642c817e41b982508dee425a324,2019-05,Lancashire Constabulary,Lancashire Constabulary,-2.269431,53.699524,On or near Peel Street,E01033281,Rossendale 004G,Violence and sexual offences,Unable to prosecute suspect,
c9b623aa9cacc8a4ff6d6adb1d54356138273d273faf8f06c7ab2d21d2514c18,2019-05,Lancashire Constabulary,Lancashire Constabulary,-2.291413,53.700164,On or near Conference/Exhibition Centre,E01033281,Rossendale 004G,Violence and sexual offences,Status update unavailable,
c6c738e81d75d719c42c8c98110347e80572e1da9ee7f1b351a9491fb159604d,2019-05,Lancashire Constabulary,Lancashire Constabulary,-2.291413,53.700164,On or near Conference/Exhibition Centre,E01033281,Rossendale 004G,Violence and sexual offences,Status update unavailable,
7a853b817ef306a92a4bf18e27e873ec611b0964c4e2e23a67f2dc81d31ec944,2019-05,Lancashire Constabulary,Lancashire Constabulary,-2.293635,53.697373,On or near New Hall Hey Road,E01033281,Rossendale 004G,Violence and sexual offences,Awaiting court outcome,
4aeb4871bc926ca6b1bcc39902692e316976b6fee3130e62e3575b81ea84027e,2019-05,Lancashire Constabulary,Lancashire Constabulary,-2.269564,53.701330,On or near Patrick Crescent,E01033281,Rossendale 004G,Violence and sexual offences,Status update unavailable,
20be996def5b3153e04a4becc3b04de6e49810b0c2a684b477f91f42c28a1a39,2019-05,Lancashire Constabulary,Lancashire Constabulary,-2.268289,53.698574,On or near Heys Street,E01033281,Rossendale 004G,Violence and sexual offences,Unable to prosecute suspect,
fc2701f8c3e09c8bd2b9b0f7c97333c8bac9051fd24ad4339e5ad5ba7cfba9ca,2019-05,Lancashire Constabulary,Lancashire Constabulary,-2.299641,53.700674,On or near Parkwood Court,E01033281,Rossendale 004G,Violence and sexual offences,Status update unavailable,
54443c30783c3b9981de98479fb609e7aa9371501a5c51baf917bf0fa486c518,2019-05,Lancashire Constabulary,Lancashire Constabulary,-2.299641,53.700674,On or near Parkwood Court,E01033281,Rossendale 004G,Other crime,Unable to prosecute suspect,
4010cfedff0a928d3f35384178c401fa519bfa0ed5cc225b29089c168293da43,2019-05,Lancashire Constabulary,Lancashire Constabulary,-2.333404,53.683562,On or near Schofield Street,E01025377,Rossendale 007A,Other theft,Status update unavailable,
,2019-05,Lancashire Constabulary,Lancashire Constabulary,-2.332487,53.695905,On or near Osborne Way,E01025378,Rossendale 007B,Anti-social behaviour,,
,2019-05,Lancashire Constabulary,Lancashire Constabulary,-2.338096,53.688950,On or near Co-Operative Street,E01025378,Rossendale 007B,Anti-social behaviour,,
8f598f580d926449b2fa47ece88da8b747e43a0d9690b8ddf262829147aa0187,2019-05,Lancashire Constabulary,Lancashire Constabulary,-2.332234,53.698359,On or near Jubilee Road,E01025378,Rossendale 007B,Criminal damage and arson,Status update unavailable,
5f9e6979b6b4e5cbe225f28695320d15e2268c4bd7eeff0078ac699794462dc7,2019-05,Lancashire Constabulary,Lancashire Constabulary,-2.332234,53.698359,On or near Jubilee Road,E01025378,Rossendale 007B,Criminal damage and arson,Status update unavailable,
9f88c30fbed7bab1717d8a4bf403e3ce85c80a1dd75b6180d7d51ccb818ee45f,2019-05,Lancashire Constabulary,Lancashire Constabulary,-2.332234,53.698359,On or near Jubilee Road,E01025378,Rossendale 007B,Vehicle crime,Status update unavailable,
30b76172190c52a06f2649999b7d2c2e48d5b4e43e18c0e012f58243b10399e1,2019-05,Lancashire Constabulary,Lancashire Constabulary,-2.341056,53.695530,On or near Mesbury Mews,E01025378,Rossendale 007B,Violence and sexual offences,Unable to prosecute suspect,
,2019-05,Lancashire Constabulary,Lancashire Constabulary,-2.326060,53.691222,On or near Lancaster Avenue,E01025379,Rossendale 007C,Anti-social behaviour,,
,2019-05,Lancashire Constabulary,Lancashire Constabulary,-2.324421,53.690822,On or near Raven Croft,E01025379,Rossendale 007C,Anti-social behaviour,,
,2019-05,Lancashire Constabulary,Lancashire Constabulary,-2.322758,53.689181,On or near Greens Lane,E01025379,Rossendale 007C,Anti-social behaviour,,
,2019-05,Lancashire Constabulary,Lancashire Constabulary,-2.326688,53.692236,On or near Sussex Drive,E01025379,Rossendale 007C,Anti-social behaviour,,
01797ceb5c9b2c491ad245c02d531aac50d53bf6b665b9855babb4598fb9e019,2019-05,Lancashire Constabulary,Lancashire Constabulary,-2.322981,53.690655,On or near Somerset Walk,E01025379,Rossendale 007C,Criminal damage and arson,Status update unavailable,
41485694d54f75b5e99d18d1d701086a23731f723ab73f91fbe3165db5b49f86,2019-05,Lancashire Constabulary,Lancashire Constabulary,-2.323651,53.691102,On or near Dean Road,E01025379,Rossendale 007C,Violence and sexual offences,Awaiting court outcome,
8cc0a221c5e8c776b2807549c741ebce89b092749c84d16bb9e04bc6d6aff060,2019-05,Lancashire Constabulary,Lancashire Constabulary,-2.326688,53.692236,On or near Sussex Drive,E01025379,Rossendale 007C,Violence and sexual offences,Unable to prosecute suspect,
72fa4992855ccf48ef80a78a7fc13a84f7805d81211992442e9b3e6bdc8862af,2019-05,Lancashire Constabulary,Lancashire Constabulary,-2.326060,53.691222,On or near Lancaster Avenue,E01025379,Rossendale 007C,Violence and sexual offences,Status update unavailable,
,2019-05,Lancashire Constabulary,Lancashire Constabulary,-2.327648,53.689033,On or near Musden Avenue,E01025380,Rossendale 007D,Anti-social behaviour,,
,2019-05,Lancashire Constabulary,Lancashire Constabulary,-2.331919,53.689201,On or near Gregory Fold,E01025380,Rossendale 007D,Anti-social behaviour,,
c196de6faea23e0b97160cbc65f1bad4afdb0f979db9720fa9e6434a0445f618,2019-05,Lancashire Constabulary,Lancashire Constabulary,-2.333603,53.685772,On or near Station Road,E01025380,Rossendale 007D,Violence and sexual offences,Status update unavailable,
2690d787af4a9d2d6c9f178cc4085f7aaa197c01ee20b18c5f6466dd8bcd6fe7,2019-05,Lancashire Constabulary,Lancashire Constabulary,-2.329777,53.686277,On or near Granville Street,E01025380,Rossendale 007D,Violence and sexual offences,Unable to prosecute suspect,
,2019-05,Lancashire Constabulary,Lancashire Constabulary,-2.315868,53.658910,On or near Meadway,E01025357,Rossendale 008A,Anti-social behaviour,,
804d56b32774170f41cb9273aa32eb9b1c645ba72380375bbe7908d2a43be05a,2019-05,Lancashire Constabulary,Lancashire Constabulary,-2.308533,53.665643,On or near Central Avenue,E01025358,Rossendale 008B,Burglary,Status update unavailable,
06f59af1c161185f0628f4ba32def953b5e585e57c3f461f54aefdb5fff3468c,2019-05,Lancashire Constabulary,Lancashire Constabulary,-2.304471,53.668907,On or near Bury Road,E01025358,Rossendale 008B,Other theft,Status update unavailable,
c801b34940577540f7c2f4f161b2eb42c94013832877f917611106fb5ef35c0a,2019-05,Lancashire Constabulary,Lancashire Constabulary,-2.290763,53.660825,On or near Sports/Recreation Area,E01025358,Rossendale 008B,Violence and sexual offences,Status update unavailable,
,2019-05,Lancashire Constabulary,Lancashire Constabulary,-2.316645,53.693863,On or near Supermarket,E01025365,Rossendale 008C,Anti-social behaviour,,
,2019-05,Lancashire Constabulary,Lancashire Constabulary,-2.310853,53.692934,On or near Bent Street,E01025365,Rossendale 008C,Anti-social behaviour,,
,2019-05,Lancashire Constabulary,Lancashire Constabulary,-2.311850,53.686361,On or near Lindon Park Road,E01025365,Rossendale 008C,Anti-social behaviour,,
,2019-05,Lancashire Constabulary,Lancashire Constabulary,-2.318402,53.691836,On or near Broadway,E01025365,Rossendale 008C,Anti-social behaviour,,
49278f1e4d3de0a2624b362b3991db6de4be62701185af3837058d4c616ac282,2019-05,Lancashire Constabulary,Lancashire Constabulary,-2.318055,53.696070,On or near Holly Avenue,E01025365,Rossendale 008C,Burglary,Awaiting court outcome,
246e4464997494c92caa601d05151bac0c91566358bb64190a6fd80933785b53,2019-05,Lancashire Constabulary,Lancashire Constabulary,-2.313245,53.686636,On or near Hilltop Drive,E01025365,Rossendale 008C,Criminal damage and arson,Unable to prosecute suspect,
538bb5b9a4ce3893bbe15afa39999708438392aaa313fbe0d5876dce29c8ffd5,2019-05,Lancashire Constabulary,Lancashire Constabulary,-2.316645,53.693863,On or near Supermarket,E01025365,Rossendale 008C,Other theft,Status update unavailable,
066d5a3512ef5bc81467f956f21d1369449afc66805d2ea7ba11d29e031609c6,2019-05,Lancashire Constabulary,Lancashire Constabulary,-2.316645,53.693863,On or near Supermarket,E01025365,Rossendale 008C,Shoplifting,Status update unavailable,
bb48c5c4e057c7c79d5ea11f88c29a32d45d0dccd2f824fdeb2be60b75c5f793,2019-05,Lancashire Constabulary,Lancashire Constabulary,-2.316645,53.693863,On or near Supermarket,E01025365,Rossendale 008C,Shoplifting,Status update unavailable,
34f67d990b79a641f58c8a2235783d63e0359b32cf2b62bc9cc85fa7a4d757f4,2019-05,Lancashire Constabulary,Lancashire Constabulary,-2.316645,53.693863,On or near Supermarket,E01025365,Rossendale 008C,Shoplifting,Status update unavailable,
42d032ccd0483ec975d75cb18b79360defe4f60483542cc5a4703ce8b64b0013,2019-05,Lancashire Constabulary,Lancashire Constabulary,-2.316645,53.693863,On or near Supermarket,E01025365,Rossendale 008C,Shoplifting,Status update unavailable,
9f8087f9d9d3debbf214b9da40cda24b15de0eebf95b5eb3d5794ad92a317eef,2019-05,Lancashire Constabulary,Lancashire Constabulary,-2.316645,53.693863,On or near Supermarket,E01025365,Rossendale 008C,Shoplifting,Offender given penalty notice,
626b48a226919a3701508024fa84f561c7ceeb6a72f3b3d86a0fcc8739c98ef3,2019-05,Lancashire Constabulary,Lancashire Constabulary,-2.316645,53.693863,On or near Supermarket,E01025365,Rossendale 008C,Violence and sexual offences,Unable to prosecute suspect,
415c7398c5e88cd9ea9b3c435ca52cf0c49f58806458d7541718430b61e69d64,2019-05,Lancashire Constabulary,Lancashire Constabulary,-2.318055,53.696070,On or near Holly Avenue,E01025365,Rossendale 008C,Violence and sexual offences,Status update unavailable,
8f79d602fef2e3fe76cfb541b794776d586220a14585e472b5fc9893a6108971,2019-05,Lancashire Constabulary,Lancashire Constabulary,-2.318055,53.696070,On or near Holly Avenue,E01025365,Rossendale 008C,Violence and sexual offences,Awaiting court outcome,
cc12e829d79bc3992bf5fd53d01b6ad44545c0c487cd703141db47c8c9b8fa17,2019-05,Lancashire Constabulary,Lancashire Constabulary,-2.316645,53.693863,On or near Supermarket,E01025365,Rossendale 008C,Violence and sexual offences,Unable to prosecute suspect,
40ae95d815a9153c9e055f07fb4d9be762d02f900ae9f5c04715aaf2411ea1b2,2019-05,Lancashire Constabulary,Lancashire Constabulary,-2.318055,53.696070,On or near Holly Avenue,E01025365,Rossendale 008C,Violence and sexual offences,Status update unavailable,
,2019-05,Lancashire Constabulary,Lancashire Constabulary,-2.294547,53.695690,On or near Andrew Avenue,E01025384,Rossendale 008D,Anti-social behaviour,,
,2019-05,Lancashire Constabulary,Lancashire Constabulary,-2.292060,53.697412,On or near Holme Bank,E01025384,Rossendale 008D,Anti-social behaviour,,
,2019-05,Lancashire Constabulary,Lancashire Constabulary,-2.294547,53.695690,On or near Andrew Avenue,E01025384,Rossendale 008D,Anti-social behaviour,,
,2019-05,Lancashire Constabulary,Lancashire Constabulary,-2.294547,53.695690,On or near Andrew Avenue,E01025384,Rossendale 008D,Anti-social behaviour,,
,2019-05,Lancashire Constabulary,Lancashire Constabulary,-2.294547,53.695690,On or near Andrew Avenue,E01025384,Rossendale 008D,Anti-social behaviour,,
,2019-05,Lancashire Constabulary,Lancashire Constabulary,-2.294547,53.695690,On or near Andrew Avenue,E01025384,Rossendale 008D,Anti-social behaviour,,
,2019-05,Lancashire Constabulary,Lancashire Constabulary,-2.292060,53.697412,On or near Holme Bank,E01025384,Rossendale 008D,Anti-social behaviour,,
,2019-05,Lancashire Constabulary,Lancashire Constabulary,-2.292060,53.697412,On or near Holme Bank,E01025384,Rossendale 008D,Anti-social behaviour,,
,2019-05,Lancashire Constabulary,Lancashire Constabulary,-2.292060,53.697412,On or near Holme Bank,E01025384,Rossendale 008D,Anti-social behaviour,,
,2019-05,Lancashire Constabulary,Lancashire Constabulary,-2.292060,53.697412,On or near Holme Bank,E01025384,Rossendale 008D,Anti-social behaviour,,
,2019-05,Lancashire Constabulary,Lancashire Constabulary,-2.292060,53.697412,On or near Holme Bank,E01025384,Rossendale 008D,Anti-social behaviour,,
,2019-05,Lancashire Constabulary,Lancashire Constabulary,-2.294547,53.695690,On or near Andrew Avenue,E01025384,Rossendale 008D,Anti-social behaviour,,
,2019-05,Lancashire Constabulary,Lancashire Constabulary,-2.294547,53.695690,On or near Andrew Avenue,E01025384,Rossendale 008D,Anti-social behaviour,,
,2019-05,Lancashire Constabulary,Lancashire Constabulary,-2.290973,53.691249,On or near Lomas Lane,E01025384,Rossendale 008D,Anti-social behaviour,,
14fa619a746ae0e9f3daec909e2c4c1a65861a63a53609736807b029528752dd,2019-05,Lancashire Constabulary,Lancashire Constabulary,-2.290973,53.691249,On or near Lomas Lane,E01025384,Rossendale 008D,Public order,Status update unavailable,
c1e08be8627de7e0213789df6ff57e24d0bbe46a9ea858d9dfdda169d9a2f51b,2019-05,Lancashire Constabulary,Lancashire Constabulary,-2.294547,53.695690,On or near Andrew Avenue,E01025384,Rossendale 008D,Shoplifting,Status update unavailable,
ac0aa063ad7e9830454b7c8a6748a14cf28b44cbf41826ca2c6cd37cf1274da1,2019-05,Lancashire Constabulary,Lancashire Constabulary,-2.294547,53.695690,On or near Andrew Avenue,E01025384,Rossendale 008D,Vehicle crime,Status update unavailable,
d7502512a319165dfa3960ec370cb06899a131282d8b50970adb90629dd87815,2019-05,Lancashire Constabulary,Lancashire Constabulary,-2.289992,53.696222,On or near Carr Road,E01025384,Rossendale 008D,Violence and sexual offences,Status update unavailable,
9e847b2bac9c9622458c25442354d044f11770a3e6a235c8b3b89ea37860ada2,2019-05,Lancashire Constabulary,Lancashire Constabulary,-2.292060,53.697412,On or near Holme Bank,E01025384,Rossendale 008D,Violence and sexual offences,Status update unavailable,
9ad6dcbd7b987d7cec4770a7dc517e5e978bc0ad27766d1c959016ae7c10d9ba,2019-05,Lancashire Constabulary,Lancashire Constabulary,-2.294547,53.695690,On or near Andrew Avenue,E01025384,Rossendale 008D,Violence and sexual offences,Offender given a caution,
548a2de1e58818096afa6344566590298bcc83c890a34abc7956362dd28d45e9,2019-05,Lancashire Constabulary,Lancashire Constabulary,-2.299157,53.690115,On or near Horncliffe Close,E01025384,Rossendale 008D,Violence and sexual offences,Unable to prosecute suspect,
b86f8d0f574547e314f89bf23415816d7341c30b544c15828208144ef5ad872b,2019-05,Lancashire Constabulary,Lancashire Constabulary,-2.299157,53.690115,On or near Horncliffe Close,E01025384,Rossendale 008D,Violence and sexual offences,Unable to prosecute suspect,
b0bc3b8484897b1b43598697f59558913c00993b9f5f091c8b5bf376fbaaedaf,2019-05,Lancashire Constabulary,Lancashire Constabulary,-2.298401,53.692336,On or near Park/Open Space,E01025384,Rossendale 008D,Violence and sexual offences,Unable to prosecute suspect,
,2019-05,Lancashire Constabulary,Lancashire Constabulary,-2.172499,53.674824,On or near Valley View,E01025359,Rossendale 009A,Anti-social behaviour,,
,2019-05,Lancashire Constabulary,Lancashire Constabulary,-2.172060,53.674671,On or near Parking Area,E01025359,Rossendale 009A,Anti-social behaviour,,
,2019-05,Lancashire Constabulary,Lancashire Constabulary,-2.172060,53.674671,On or near Parking Area,E01025359,Rossendale 009A,Anti-social behaviour,,
,2019-05,Lancashire Constabulary,Lancashire Constabulary,-2.172060,53.674671,On or near Parking Area,E01025359,Rossendale 009A,Anti-social behaviour,,
4846c427d870dae1236351b3d97ee2e2edd4984c30bd1e973f6b6ecf5afa7dc6,2019-05,Lancashire Constabulary,Lancashire Constabulary,-2.169016,53.666928,On or near Edward Street,E01025359,Rossendale 009A,Criminal damage and arson,Status update unavailable,
4da558834984bbb9e4b4c91c59e986770929da253999485eed6b7b929cb46568,2019-05,Lancashire Constabulary,Lancashire Constabulary,-2.169016,53.666928,On or near Edward Street,E01025359,Rossendale 009A,Other theft,Unable to prosecute suspect,
b63ee8e424b882c200c5688ab37bd7d973b246d2ef8e5f098db81364af48637c,2019-05,Lancashire Constabulary,Lancashire Constabulary,-2.178064,53.694832,On or near Railgate,E01025359,Rossendale 009A,Violence and sexual offences,Status update unavailable,
868bc40d26ee8a7021d66183e16e489d5cae0051c9a35730a8f6c83050bba051,2019-05,Lancashire Constabulary,Lancashire Constabulary,-2.172499,53.674824,On or near Valley View,E01025359,Rossendale 009A,Violence and sexual offences,Unable to prosecute suspect,
0542492ec4d2acf88e04620182addfab291aa25671ee5f6e494b1baaebea52cc,2019-05,Lancashire Constabulary,Lancashire Constabulary,-2.171697,53.674960,On or near Spring Side,E01025359,Rossendale 009A,Violence and sexual offences,Unable to prosecute suspect,
f0773a03f56adfa5a8f8a6c8ed2ce45b121715f65302a935feac69fde8b851a7,2019-05,Lancashire Constabulary,Lancashire Constabulary,-2.166030,53.681017,On or near Quarry Street,E01025359,Rossendale 009A,Violence and sexual offences,Status update unavailable,
,2019-05,Lancashire Constabulary,Lancashire Constabulary,-2.174175,53.662822,On or near Sports/Recreation Area,E01025360,Rossendale 009B,Anti-social behaviour,,
,2019-05,Lancashire Constabulary,Lancashire Constabulary,-2.177416,53.663437,On or near Tong End,E01025360,Rossendale 009B,Anti-social behaviour,,
,2019-05,Lancashire Constabulary,Lancashire Constabulary,-2.172948,53.666086,On or near Elm Street,E01025360,Rossendale 009B,Anti-social behaviour,,
,2019-05,Lancashire Constabulary,Lancashire Constabulary,-2.172948,53.666086,On or near Elm Street,E01025360,Rossendale 009B,Anti-social behaviour,,
,2019-05,Lancashire Constabulary,Lancashire Constabulary,-2.177416,53.663437,On or near Tong End,E01025360,Rossendale 009B,Anti-social behaviour,,
,2019-05,Lancashire Constabulary,Lancashire Constabulary,-2.174483,53.660287,On or near Size Street,E01025360,Rossendale 009B,Anti-social behaviour,,
,2019-05,Lancashire Constabulary,Lancashire Constabulary,-2.177416,53.663437,On or near Tong End,E01025360,Rossendale 009B,Anti-social behaviour,,
1a35168671482783a85aedf68bfc05d511f294e0a591479938d9e1194ef3d68a,2019-05,Lancashire Constabulary,Lancashire Constabulary,-2.171325,53.668983,On or near Hoyle Street,E01025360,Rossendale 009B,Burglary,Status update unavailable,
7a7bcccf3e39b1baf34755d3b9acdcb91066beaabbdd4cf2fc00964677154e50,2019-05,Lancashire Constabulary,Lancashire Constabulary,-2.174483,53.660287,On or near Size Street,E01025360,Rossendale 009B,Burglary,Status update unavailable,
f77094613d88534e3399b99f1cf2d8b73c905e14bfc697657ef0e1e10cc2e347,2019-05,Lancashire Constabulary,Lancashire Constabulary,-2.174930,53.662300,On or near Tong Lane,E01025360,Rossendale 009B,Criminal damage and arson,Status update unavailable,
a2ae5747f8ff99cd6f7ff84036b026aea63e119b02a62759a5e089e6a307ebdb,2019-05,Lancashire Constabulary,Lancashire Constabulary,-2.175766,53.663179,On or near Clegg Street,E01025360,Rossendale 009B,Criminal damage and arson,Status update unavailable,
5804f0a4557787048d6b0cb3faf16b43402b4349a54dcdf19970006b30541495,2019-05,Lancashire Constabulary,Lancashire Constabulary,-2.167518,53.678300,On or near Cowm Street,E01025360,Rossendale 009B,Criminal damage and arson,Status update unavailable,
25b4234ae8cb17005304bff8a6e5971cd9f0e96fac5049863c7c310a3eebf646,2019-05,Lancashire Constabulary,Lancashire Constabulary,-2.168594,53.674865,On or near Parking Area,E01025360,Rossendale 009B,Public order,Status update unavailable,
1eef430f0ac8340f48b03aabbd868e5c51d77322d96f5566b912d9f0f0c44a8a,2019-05,Lancashire Constabulary,Lancashire Constabulary,-2.164131,53.679554,On or near Moss Side Street,E01025360,Rossendale 009B,Public order,Status update unavailable,
d657a3322c8319d16595955c62352a472e600cdaa418343141cce74bf2e6db38,2019-05,Lancashire Constabulary,Lancashire Constabulary,-2.171043,53.666548,On or near Industry Street,E01025360,Rossendale 009B,Robbery,Status update unavailable,
c9d11e973b02fdc721879ea9daca834a62d595c79fcd70ab787ffa974837daa0,2019-05,Lancashire Constabulary,Lancashire Constabulary,-2.171043,53.666548,On or near Industry Street,E01025360,Rossendale 009B,Theft from the person,Status update unavailable,
0252fd12607c686797d46f7a917ec14ceb914af0457b36ad0a9daaa72ffa8f8a,2019-05,Lancashire Constabulary,Lancashire Constabulary,-2.168156,53.667478,On or near Grange Road,E01025360,Rossendale 009B,Vehicle crime,Status update unavailable,
8cce16695afebe3141391ae3f1886c32350b3d336457b777a46661b2b8a0fec9,2019-05,Lancashire Constabulary,Lancashire Constabulary,-2.170577,53.667402,On or near Spring Place,E01025360,Rossendale 009B,Violence and sexual offences,Unable to prosecute suspect,
f639864b807dd6005102fec35546d012015c55ef37aeffc05cdccf745a4252b0,2019-05,Lancashire Constabulary,Lancashire Constabulary,-2.167518,53.678300,On or near Cowm Street,E01025360,Rossendale 009B,Violence and sexual offences,Status update unavailable,
d78f2123ecccbb0e639bbee9dd22054951247d82936aad2c3ccfa6316ec640b0,2019-05,Lancashire Constabulary,Lancashire Constabulary,-2.164131,53.679554,On or near Moss Side Street,E01025360,Rossendale 009B,Violence and sexual offences,Status update unavailable,
9da161db9709482ba7641bdbd9f3e7c9f795d2c9150e5eed5efb7cd68d8392be,2019-05,Lancashire Constabulary,Lancashire Constabulary,-2.170577,53.667402,On or near Spring Place,E01025360,Rossendale 009B,Violence and sexual offences,Unable to prosecute suspect,
594ab8c678f3dc7af6490c3699cec132079d73c8aeb26f704726e6271a04edc2,2019-05,Lancashire Constabulary,Lancashire Constabulary,-2.171593,53.664129,On or near Market Street,E01025360,Rossendale 009B,Violence and sexual offences,Unable to prosecute suspect,
fdedba61e8a5cee9c263b4ca55c3dbec3445af823a9a7f73722e827001933621,2019-05,Lancashire Constabulary,Lancashire Constabulary,-2.177416,53.663437,On or near Tong End,E01025360,Rossendale 009B,Violence and sexual offences,Status update unavailable,
e601506cab2a8f27841935cb0e8ade25ad5f68a2cac645a98eb41a1b069b7295,2019-05,Lancashire Constabulary,Lancashire Constabulary,-2.164131,53.679554,On or near Moss Side Street,E01025360,Rossendale 009B,Violence and sexual offences,Unable to prosecute suspect,
f2faf724d691b7d693a7b3b9b8581702976db12a177040ae68912f2d9286be47,2019-05,Lancashire Constabulary,Lancashire Constabulary,-2.177389,53.649820,On or near Moorland Avenue,E01025375,Rossendale 009C,Criminal damage and arson,Status update unavailable,
aa4fe301af1f9baef68cd2b34a469684d88a2f8a62e988b5aea9e176fe20b92d,2019-05,Lancashire Constabulary,Lancashire Constabulary,-2.179588,53.647327,On or near Oakenshaw View,E01025375,Rossendale 009C,Other theft,Status update unavailable,
b65a14e78b2db0e83cf0525909af80b16a9b06eb90a275ed82ffeeca5871d628,2019-05,Lancashire Constabulary,Lancashire Constabulary,-2.174635,53.653177,On or near Coppice Drive,E01025375,Rossendale 009C,Violence and sexual offences,Status update unavailable,
dd345d0c9a35c0fd8d38d29a25b68c60913c4daa91446cdb8dda18ccdf82cb5c,2019-05,Lancashire Constabulary,Lancashire Constabulary,-2.174053,53.655146,On or near Waingap Crescent,E01025375,Rossendale 009C,Violence and sexual offences,Status update unavailable,
d3659611ac3a534bf682bdc65f9f96fca7a472304abbbcc95a4c06fb3516f343,2019-05,Lancashire Constabulary,Lancashire Constabulary,-2.173176,53.655336,On or near Whitworth Square,E01025375,Rossendale 009C,Violence and sexual offences,Further investigation is not in the public interest,
4c1be18f5b80b2d7eca0d2f04bfec4ac888ef1d4625ff0ecbf21c5847922386f,2019-05,Lancashire Constabulary,Lancashire Constabulary,-2.176166,53.650227,On or near Moorland Crescent,E01025375,Rossendale 009C,Violence and sexual offences,Unable to prosecute suspect,
dd1332e43cbc7258d1fe3fcd6cb4642b5ae57bab7a4fe8143263a02ad6445a5c,2019-05,Lancashire Constabulary,Lancashire Constabulary,-2.174053,53.655146,On or near Waingap Crescent,E01025375,Rossendale 009C,Other crime,Unable to prosecute suspect,
,2019-05,Lancashire Constabulary,Lancashire Constabulary,-2.183877,53.649298,On or near Fern Isle Close,E01025376,Rossendale 009D,Anti-social behaviour,,
,2019-05,Lancashire Constabulary,Lancashire Constabulary,-2.183768,53.652004,On or near Thorburn Drive,E01025376,Rossendale 009D,Anti-social behaviour,,
,2019-05,Lancashire Constabulary,Lancashire Constabulary,-2.183877,53.649298,On or near Fern Isle Close,E01025376,Rossendale 009D,Anti-social behaviour,,
,2019-05,Lancashire Constabulary,Lancashire Constabulary,-2.172641,53.661395,On or near Supermarket,E01025376,Rossendale 009D,Anti-social behaviour,,
,2019-05,Lancashire Constabulary,Lancashire Constabulary,-2.182106,53.652591,On or near Wallbank Drive,E01025376,Rossendale 009D,Anti-social behaviour,,
,2019-05,Lancashire Constabulary,Lancashire Constabulary,-2.184662,53.652200,On or near Westgate,E01025376,Rossendale 009D,Anti-social behaviour,,
,2019-05,Lancashire Constabulary,Lancashire Constabulary,-2.183768,53.652004,On or near Thorburn Drive,E01025376,Rossendale 009D,Anti-social behaviour,,
,2019-05,Lancashire Constabulary,Lancashire Constabulary,-2.177469,53.654332,On or near Albert Street,E01025376,Rossendale 009D,Anti-social behaviour,,
,2019-05,Lancashire Constabulary,Lancashire Constabulary,-2.179241,53.654851,On or near Spodden Fold,E01025376,Rossendale 009D,Anti-social behaviour,,
2d3f340c607d617b803bdb6b3dfd3883b202c2d0333c822987f211610884e97b,2019-05,Lancashire Constabulary,Lancashire Constabulary,-2.182507,53.650676,On or near Southgate,E01025376,Rossendale 009D,Burglary,Status update unavailable,
b9f24937e7289a24bc61d8cf92835e09d9759222f0477d50dfee596c71d708fc,2019-05,Lancashire Constabulary,Lancashire Constabulary,-2.172822,53.661242,On or near Thorneylea,E01025376,Rossendale 009D,Burglary,Status update unavailable,
11863a56bae9469398fc97c8a1ce187ac1a4171d13b5b07b9c377aa10aca36ea,2019-05,Lancashire Constabulary,Lancashire Constabulary,-2.175837,53.654883,On or near Union Street,E01025376,Rossendale 009D,Burglary,Status update unavailable,
9c9c29fae0f440b6001ce0c0d68f63312a88386a511b3c9c2125f0443a2a8d9e,2019-05,Lancashire Constabulary,Lancashire Constabulary,-2.181188,53.653662,On or near Cottage View,E01025376,Rossendale 009D,Drugs,Offender given a caution,
400e18874bed880690ad905bba1b03a2b8d7b1ab4bb6ed4f466188993a4a1443,2019-05,Lancashire Constabulary,Lancashire Constabulary,-2.181980,53.651431,On or near Fairway,E01025376,Rossendale 009D,Other theft,Unable to prosecute suspect,
f7133c8b4e69f2299a7b0ed88d29a69ed2227146c3be6ddd64d5e73028f8280c,2019-05,Lancashire Constabulary,Lancashire Constabulary,-2.183877,53.649298,On or near Fern Isle Close,E01025376,Rossendale 009D,Other theft,Unable to prosecute suspect,
ead8796f8be4bfda3e2a646108da7d1f933a5d75004dea0289d4a84c80190a72,2019-05,Lancashire Constabulary,Lancashire Constabulary,-2.183877,53.649298,On or near Fern Isle Close,E01025376,Rossendale 009D,Other theft,Status update unavailable,
593f9bb187bdc21a65e8af89cdc5d2e9d0b448673582aa7d2849d8a3517e993f,2019-05,Lancashire Constabulary,Lancashire Constabulary,-2.176550,53.658936,On or near Baytree Walk,E01025376,Rossendale 009D,Public order,Status update unavailable,
db27578606d6532a2729ca97deca5cf0a81281541aae20d95a65a9e3b6e5ba57,2019-05,Lancashire Constabulary,Lancashire Constabulary,-2.172641,53.661395,On or near Supermarket,E01025376,Rossendale 009D,Shoplifting,Awaiting court outcome,
750a5f4f2fbf9821259f0395854258422f6bd9f721f84fa4350209085bb6712f,2019-05,Lancashire Constabulary,Lancashire Constabulary,-2.172641,53.661395,On or near Supermarket,E01025376,Rossendale 009D,Shoplifting,Awaiting court outcome,
5463fbcebe3f7282c550b2c69881a1bac5a65f4dc6c71faf4ef008cbb0fb73d6,2019-05,Lancashire Constabulary,Lancashire Constabulary,-2.178058,53.654053,On or near George Street,E01025376,Rossendale 009D,Vehicle crime,Status update unavailable,
dd3e97621848cd79cf4e518ebb2db945ea2b4eb19ec132104ff256053d7338a9,2019-05,Lancashire Constabulary,Lancashire Constabulary,-2.181188,53.653662,On or near Cottage View,E01025376,Rossendale 009D,Vehicle crime,Status update unavailable,
197e1ba2ec81ed3979b33358b590ab429baeb8eb791c823bdece4a03b2fcc83e,2019-05,Lancashire Constabulary,Lancashire Constabulary,-2.177584,53.656579,On or near Parking Area,E01025376,Rossendale 009D,Violence and sexual offences,Unable to prosecute suspect,
5cab45c1c083f212854e2089b3c317c61a7491935223f2b621f3935448db9a63,2019-05,Lancashire Constabulary,Lancashire Constabulary,-2.178280,53.656614,On or near Parking Area,E01025376,Rossendale 009D,Violence and sexual offences,Unable to prosecute suspect,
e9738ce7563b03df7e27bd99a9e40ff744cf3dab48e5111c323acfcabe70d952,2019-05,Lancashire Constabulary,Lancashire Constabulary,-2.181188,53.653662,On or near Cottage View,E01025376,Rossendale 009D,Other crime,Status update unavailable,
,2019-05,Lancashire Constabulary,Lancashire Constabulary,-2.260584,53.696847,On or near Woodside Crescent,E01025371,Rossendale 010A,Anti-social behaviour,,
,2019-05,Lancashire Constabulary,Lancashire Constabulary,-2.253052,53.693582,On or near Baltic Road,E01025371,Rossendale 010A,Anti-social behaviour,,
,2019-05,Lancashire Constabulary,Lancashire Constabulary,-2.256030,53.697585,On or near Windsor Avenue,E01025371,Rossendale 010A,Anti-social behaviour,,
,2019-05,Lancashire Constabulary,Lancashire Constabulary,-2.254520,53.695916,On or near Queensway,E01025371,Rossendale 010A,Anti-social behaviour,,
4f0ec74c61d825195614ccbd4e591132ac496f00410c09b3867a4e6e77e21923,2019-05,Lancashire Constabulary,Lancashire Constabulary,-2.265120,53.695606,On or near Highfield Road,E01025371,Rossendale 010A,Burglary,Status update unavailable,
d335f27043b127722de1b57110bc7ad5158e40c727fc6782ce749aa5bb8a8fa3,2019-05,Lancashire Constabulary,Lancashire Constabulary,-2.265722,53.697375,On or near Baron Street,E01025371,Rossendale 010A,Burglary,Status update unavailable,
129c57e5f1ed10a4540a7fbfe4865d53726545f45fc7160b3aed1c2aa3f79976,2019-05,Lancashire Constabulary,Lancashire Constabulary,-2.265722,53.697375,On or near Baron Street,E01025371,Rossendale 010A,Burglary,Status update unavailable,
9f4f5345ca52e848905683aa6032ccd9e28f1e44c43997e8ac75b46359aa4c58,2019-05,Lancashire Constabulary,Lancashire Constabulary,-2.256729,53.693080,On or near West Street,E01025371,Rossendale 010A,Public order,Status update unavailable,
69995df284a977cec5972f0654f0b67e4db6d1cb2cd2815ac1bf3b37056fc01a,2019-05,Lancashire Constabulary,Lancashire Constabulary,-2.263333,53.695654,On or near Gilbert Street,E01025371,Rossendale 010A,Theft from the person,Status update unavailable,
5dcc61dcc0e4069fde26e8775144b87040d41d5490d1b54360109267856829b9,2019-05,Lancashire Constabulary,Lancashire Constabulary,-2.256574,53.692362,On or near Stansfield Road,E01025371,Rossendale 010A,Vehicle crime,Status update unavailable,
8b9c7ba483b9ed575de0ddb2a84f03d75de5259d305e3fa8aef21e797f522a1e,2019-05,Lancashire Constabulary,Lancashire Constabulary,-2.254304,53.692672,On or near Willow Street,E01025371,Rossendale 010A,Violence and sexual offences,Unable to prosecute suspect,
21c6dca1bb81879f4319d205a9d9da706b5bf8950ff2d2c95b09c86d4544c751,2019-05,Lancashire Constabulary,Lancashire Constabulary,-2.254304,53.692672,On or near Willow Street,E01025371,Rossendale 010A,Violence and sexual offences,Status update unavailable,
,2019-05,Lancashire Constabulary,Lancashire Constabulary,-2.257238,53.696962,On or near Coronation Grove,E01025374,Rossendale 010B,Anti-social behaviour,,
,2019-05,Lancashire Constabulary,Lancashire Constabulary,-2.257238,53.696962,On or near Coronation Grove,E01025374,Rossendale 010B,Anti-social behaviour,,
,2019-05,Lancashire Constabulary,Lancashire Constabulary,-2.257238,53.696962,On or near Coronation Grove,E01025374,Rossendale 010B,Anti-social behaviour,,
,2019-05,Lancashire Constabulary,Lancashire Constabulary,-2.248874,53.699020,On or near New Road,E01025374,Rossendale 010B,Anti-social behaviour,,
,2019-05,Lancashire Constabulary,Lancashire Constabulary,-2.257238,53.696962,On or near Coronation Grove,E01025374,Rossendale 010B,Anti-social behaviour,,
,2019-05,Lancashire Constabulary,Lancashire Constabulary,-2.255356,53.698890,On or near Hillside Drive,E01025374,Rossendale 010B,Anti-social behaviour,,
30b4ca40154f838574ee625b372757852b563298dedaf27424b78aace9719171,2019-05,Lancashire Constabulary,Lancashire Constabulary,-2.257238,53.696962,On or near Coronation Grove,E01025374,Rossendale 010B,Criminal damage and arson,Status update unavailable,
8c824780a67c07747cd11f99712789d39079c338d74f90da6a90664bd5dbcb31,2019-05,Lancashire Constabulary,Lancashire Constabulary,-2.261941,53.698255,On or near Woodlands Close,E01025374,Rossendale 010B,Criminal damage and arson,Status update unavailable,
464661da618bfc311e47f84ded5068f00298f339e2641dbbdd2a3f150046d054,2019-05,Lancashire Constabulary,Lancashire Constabulary,-2.248874,53.699020,On or near New Road,E01025374,Rossendale 010B,Public order,Status update unavailable,
ce56381888fe8a2240f5da7b15cc9381e43e0769d9808bfd9f3c05b1f8219979,2019-05,Lancashire Constabulary,Lancashire Constabulary,-2.257238,53.696962,On or near Coronation Grove,E01025374,Rossendale 010B,Violence and sexual offences,Unable to prosecute suspect,
7cebc7ec09b652225572bafed9ab3accc14c599148d9615bafa6659886a69af4,2019-05,Lancashire Constabulary,Lancashire Constabulary,-2.259951,53.697397,On or near Staghills Road,E01025374,Rossendale 010B,Violence and sexual offences,Further investigation is not in the public interest,
885417618e4c9da748191ab48080123a27ffcdc82f9ef9572d5a28d0ea2172db,2019-05,Lancashire Constabulary,Lancashire Constabulary,-2.257238,53.696962,On or near Coronation Grove,E01025374,Rossendale 010B,Violence and sexual offences,Unable to prosecute suspect,
df2e0cee5e208fccc4d94f76989e6bec419dabaf700a5e234016a0d71ba9abf5,2019-05,Lancashire Constabulary,Lancashire Constabulary,-2.251333,53.697343,On or near Old Street,E01025374,Rossendale 010B,Violence and sexual offences,Unable to prosecute suspect,
,2019-05,Lancashire Constabulary,Lancashire Constabulary,-2.247205,53.701073,On or near Tom Lane,E01025391,Rossendale 010C,Anti-social behaviour,,
,2019-05,Lancashire Constabulary,Lancashire Constabulary,-2.242464,53.695744,On or near Booth Crescent,E01025391,Rossendale 010C,Anti-social behaviour,,
,2019-05,Lancashire Constabulary,Lancashire Constabulary,-2.242464,53.695744,On or near Booth Crescent,E01025391,Rossendale 010C,Anti-social behaviour,,
,2019-05,Lancashire Constabulary,Lancashire Constabulary,-2.242464,53.695744,On or near Booth Crescent,E01025391,Rossendale 010C,Anti-social behaviour,,
,2019-05,Lancashire Constabulary,Lancashire Constabulary,-2.247205,53.701073,On or near Tom Lane,E01025391,Rossendale 010C,Anti-social behaviour,,
3d4a3ae65fc721015ffc1468f2b261a071d31ed275e3c291ad2a59b0923b4deb,2019-05,Lancashire Constabulary,Lancashire Constabulary,-2.246911,53.694800,On or near Fern Street,E01025391,Rossendale 010C,Burglary,Status update unavailable,
f80ce5271172eebd6d4e2668762947f3972001d6b5fa2c64a8a82f957c0d15ea,2019-05,Lancashire Constabulary,Lancashire Constabulary,-2.242872,53.695680,On or near Lowe View,E01025391,Rossendale 010C,Public order,Unable to prosecute suspect,
29a38f673ed05b9f192d9dc7aea264bf3a965bc202f41a0b883bfbeea53a756e,2019-05,Lancashire Constabulary,Lancashire Constabulary,-2.247205,53.701073,On or near Tom Lane,E01025391,Rossendale 010C,Vehicle crime,Status update unavailable,
40e83ed52e12022f62b1bbdf1e204290fc06628e741ad24517ebe220a1b6848a,2019-05,Lancashire Constabulary,Lancashire Constabulary,-2.246097,53.700617,On or near Crabtree Avenue,E01025391,Rossendale 010C,Violence and sexual offences,Status update unavailable,
29247c3b8f0c2cd6b8d48b9fc75522c1adc2a9b304099fa76495a7139799abdf,2019-05,Lancashire Constabulary,Lancashire Constabulary,-2.245341,53.698272,On or near Wales Road,E01025391,Rossendale 010C,Violence and sexual offences,Status update unavailable,
a6399dd322a65311d3247c9640c0e1bb90a8a1266bc03d437ce6f9f8b11e608f,2019-05,Lancashire Constabulary,Lancashire Constabulary,-2.242966,53.698781,On or near Woodhead Close,E01025391,Rossendale 010C,Violence and sexual offences,Unable to prosecute suspect,
503e5251fbafe066399c26597a1aa17ca007ac789a6f709368da2221fd993f1e,2019-05,Lancashire Constabulary,Lancashire Constabulary,-2.240637,53.696754,On or near Belvedere Fold,E01025391,Rossendale 010C,Violence and sexual offences,Unable to prosecute suspect,
063c35dd5c9b8b9cbc6945100869ad72c1a4aa5280d28b2a2d5f88214f19f1a7,2019-05,Lancashire Constabulary,Lancashire Constabulary,-2.241606,53.694127,On or near Hey Head Avenue,E01025391,Rossendale 010C,Violence and sexual offences,Unable to prosecute suspect,
ff1d62dd4df7eaaa47cb32dfac5e5c139ea40a0cdb9739a4fe6f54e192c15d44,2019-05,Lancashire Constabulary,Lancashire Constabulary,-2.241606,53.694127,On or near Hey Head Avenue,E01025391,Rossendale 010C,Violence and sexual offences,Further investigation is not in the public interest,
e224c25aae9e1e8d9e0d57738d0c6eb697919bfecc483fb4bf88b77c15eb783f,2019-05,Lancashire Constabulary,Lancashire Constabulary,-2.241606,53.694127,On or near Hey Head Avenue,E01025391,Rossendale 010C,Violence and sexual offences,Unable to prosecute suspect,
,2019-05,Lancashire Constabulary,Lancashire Constabulary,-2.252305,53.692613,On or near Parking Area,E01025392,Rossendale 010D,Anti-social behaviour,,
,2019-05,Lancashire Constabulary,Lancashire Constabulary,-2.243570,53.682816,On or near Boarsgreave Lane,E01025392,Rossendale 010D,Anti-social behaviour,,
,2019-05,Lancashire Constabulary,Lancashire Constabulary,-2.252305,53.692613,On or near Parking Area,E01025392,Rossendale 010D,Anti-social behaviour,,
,2019-05,Lancashire Constabulary,Lancashire Constabulary,-2.252305,53.692613,On or near Parking Area,E01025392,Rossendale 010D,Anti-social behaviour,,
16ce25dd036bb838e1d42374744b066260ae337f0064ea52c828519536bc4174,2019-05,Lancashire Constabulary,Lancashire Constabulary,-2.252305,53.692613,On or near Parking Area,E01025392,Rossendale 010D,Burglary,Status update unavailable,
aaf387e7837b08292f74c7446d77c6f447a693dcca62a3fe6e6ffba0b7a9a12b,2019-05,Lancashire Constabulary,Lancashire Constabulary,-2.250082,53.693229,On or near Tenterfield Street,E01025392,Rossendale 010D,Criminal damage and arson,Further investigation is not in the public interest,
6c3ce697e134a0ed4f76e68c84c1c43f2414806cc3c2a5b47137ecee1e25601b,2019-05,Lancashire Constabulary,Lancashire Constabulary,-2.250082,53.693229,On or near Tenterfield Street,E01025392,Rossendale 010D,Criminal damage and arson,Status update unavailable,
e93ef7d5425d003c0afb38e2bc9daebdf82d39e8bf84939886c8711dd683b950,2019-05,Lancashire Constabulary,Lancashire Constabulary,-2.250082,53.693229,On or near Tenterfield Street,E01025392,Rossendale 010D,Criminal damage and arson,Status update unavailable,
0c839002d06740bbc863cd3db057e3ed2bffa83623e9cabfa3bbc1b995b46749,2019-05,Lancashire Constabulary,Lancashire Constabulary,-2.248068,53.693251,On or near Glen Road,E01025392,Rossendale 010D,Drugs,Status update unavailable,
d7074be4d25adef25611d26924d3abe8116fcc9b4e9e7938925eef8ccfa25b3c,2019-05,Lancashire Constabulary,Lancashire Constabulary,-2.251152,53.692265,On or near Spring Gardens Street,E01025392,Rossendale 010D,Other theft,Status update unavailable,
1ef5a19a58d9069a20510c0e990036c58073944e551089a2c1a1771d141f7f20,2019-05,Lancashire Constabulary,Lancashire Constabulary,-2.250082,53.693229,On or near Tenterfield Street,E01025392,Rossendale 010D,Vehicle crime,Status update unavailable,
057ec371a82925a8259d9d95e5f2659c7027096f573af8fd90b7686a6cda3133,2019-05,Lancashire Constabulary,Lancashire Constabulary,-2.252305,53.692613,On or near Parking Area,E01025392,Rossendale 010D,Violence and sexual offences,Status update unavailable,
1ac432b3aa383e2f190d92d4783093d5e74f4dbfe4b25ae6239469e56d597aa6,2019-05,Lancashire Constabulary,Lancashire Constabulary,-2.251934,53.694007,On or near Holt Street,E01025392,Rossendale 010D,Violence and sexual offences,Awaiting court outcome,
90136114a437e583ab2f9f50610e839c0ade223cacb118581bf1478ffdcb4666,2019-05,Lancashire Constabulary,Lancashire Constabulary,-2.251934,53.694007,On or near Holt Street,E01025392,Rossendale 010D,Violence and sexual offences,Status update unavailable,
,2019-05,Lancashire Constabulary,Lancashire Constabulary,-2.246916,53.703473,On or near Ashworth Lane,E01025394,Rossendale 010E,Anti-social behaviour,,
f8fff94dd1c8adfc43e3d8bb98f018dd8b57b1d83a8160d415d56eaa7b5979ed,2019-05,Lancashire Constabulary,Lancashire Constabulary,-2.243938,53.694033,On or near Booth Road,E01025394,Rossendale 010E,Burglary,Status update unavailable,
2b352314cabf21a905f5026441f43ba48ea1fb43470682396066e8d5abcf8088,2019-05,Lancashire Constabulary,Lancashire Constabulary,-2.249597,53.700762,On or near Co-Operation Street,E01025394,Rossendale 010E,Criminal damage and arson,Unable to prosecute suspect,
6ade46e3d9fe46e6ce6c7e10d1724c7e57e319a503c83b9996954a97d7a4cd0a,2019-05,Lancashire Constabulary,Lancashire Constabulary,-2.250323,53.710908,On or near Back Elizabeth Street,E01025394,Rossendale 010E,Violence and sexual offences,Unable to prosecute suspect,
f7beea634cb0d31a9bd1f44a8c1031f4719dd0f7e380fbebb34450fb11479472,2019-05,Lancashire Constabulary,Lancashire Constabulary,-2.250371,53.711268,On or near Lawrence Street,E01025394,Rossendale 010E,Violence and sexual offences,Local resolution,
3123b9b9e63bc8f3718f98c6577d91c3378bad89d9cbce4d4e1ba2333797fc4e,2019-05,Lancashire Constabulary,Lancashire Constabulary,-2.248292,53.708117,On or near Foxhill Drive,E01025394,Rossendale 010E,Violence and sexual offences,Unable to prosecute suspect,
5874d6e59c0ba0e1a90d5b6c17dfa06c3760b208682eccadd39b845c9946f74c,2019-05,Lancashire Constabulary,Lancashire Constabulary,-2.250245,53.705453,On or near South Holme Terrace,E01025394,Rossendale 010E,Violence and sexual offences,Unable to prosecute suspect,
515db2e94625e510204ddb63977ec105c1ba86697017e880bbca7010c8a3b9a1,2019-05,Lancashire Constabulary,Lancashire Constabulary,-2.250371,53.711268,On or near Lawrence Street,E01025394,Rossendale 010E,Violence and sexual offences,Local resolution,
15b4581ff9cc723f272616aebfb80494b3fbda060806f18200c1426d4ce72d17,2019-05,Lancashire Constabulary,Lancashire Constabulary,-2.250323,53.710908,On or near Back Elizabeth Street,E01025394,Rossendale 010E,Violence and sexual offences,Status update unavailable,
79d63b55af71ab1836c16a10f78ff5dbd1ef799a43c554a19052f329d632c627,2019-05,Lancashire Constabulary,Lancashire Constabulary,-2.250371,53.711268,On or near Lawrence Street,E01025394,Rossendale 010E,Violence and sexual offences,Local resolution,
8e01b06b17b236033cc819c1e66877e36d143f5a4ce3fcb2ddf211ec58587999,2019-05,Lancashire Constabulary,Lancashire Constabulary,-2.249139,53.705374,On or near Burnley Road East,E01025394,Rossendale 010E,Violence and sexual offences,Status update unavailable,
,2019-05,Lancashire Constabulary,Lancashire Constabulary,-2.216458,53.692432,On or near Farholme Lane,E01025370,Rossendale 010F,Anti-social behaviour,,
,2019-05,Lancashire Constabulary,Lancashire Constabulary,-2.204136,53.696525,On or near Lodge Lane,E01025370,Rossendale 010F,Anti-social behaviour,,
,2019-05,Lancashire Constabulary,Lancashire Constabulary,-2.216458,53.692432,On or near Farholme Lane,E01025370,Rossendale 010F,Anti-social behaviour,,
,2019-05,Lancashire Constabulary,Lancashire Constabulary,-2.202472,53.693957,On or near New Line,E01025370,Rossendale 010F,Anti-social behaviour,,
b79e88afc5dd8d75f93f0d0f10eb41555a21744e8a360022c54cbbd84e63a84c,2019-05,Lancashire Constabulary,Lancashire Constabulary,-2.209118,53.696355,On or near Bankside Close,E01025370,Rossendale 010F,Burglary,Status update unavailable,
6cba630e5e68bd7e2e2ebbc7c09518fca46564c630528c6fb06134e3690bda9c,2019-05,Lancashire Constabulary,Lancashire Constabulary,-2.216458,53.692432,On or near Farholme Lane,E01025370,Rossendale 010F,Other theft,Unable to prosecute suspect,
1e4d38f89581eb2dfb09334a15e6ca0d432a77f0e1262733bf8a287fe0a13c18,2019-05,Lancashire Constabulary,Lancashire Constabulary,-2.207914,53.694847,On or near Rockcliffe Avenue,E01025370,Rossendale 010F,Other theft,Status update unavailable,
40b8fca80eeb5106e19aa2d9f407257b45b43833efdacf814b5076865dc91e9e,2019-05,Lancashire Constabulary,Lancashire Constabulary,-2.215639,53.692263,On or near Holme Street,E01025370,Rossendale 010F,Public order,Unable to prosecute suspect,
001c8ea1a277f6bdd34a1ce37c0d89fd2de6c210fd4dcc2f94350fd69acf4530,2019-05,Lancashire Constabulary,Lancashire Constabulary,-2.216458,53.692432,On or near Farholme Lane,E01025370,Rossendale 010F,Public order,Status update unavailable,
e6e486cd158033cd5f769ccfaebbf3a7c92ae7ce316fbeb7d27aac5845d7a918,2019-05,Lancashire Constabulary,Lancashire Constabulary,-2.207914,53.694847,On or near Rockcliffe Avenue,E01025370,Rossendale 010F,Vehicle crime,Status update unavailable,
598dec04a3d258b27c49131860c50572ef98c3e31c0ad184cf73897d022ca7f0,2019-05,Lancashire Constabulary,Lancashire Constabulary,-2.209118,53.696355,On or near Bankside Close,E01025370,Rossendale 010F,Vehicle crime,Status update unavailable,
6c259a2e6d0c55b8b07af5282b6ae9dbe83729d36027c922c96f5b10a7ef49f2,2019-05,Lancashire Constabulary,Lancashire Constabulary,-2.210998,53.693799,On or near Fernhill Close,E01025370,Rossendale 010F,Vehicle crime,Status update unavailable,
517f316b7b473244ea74a5644d22b01d7554efcfe01739071e4c2fbdb9f4dac1,2019-05,Lancashire Constabulary,Lancashire Constabulary,-2.211205,53.692801,On or near Hoyle Street,E01025370,Rossendale 010F,Violence and sexual offences,Unable to prosecute suspect,
d35ec68c1936961599a1e6d20d0a4f690031f46632197f103be2f188df21b373,2019-05,Lancashire Constabulary,Lancashire Constabulary,-2.208913,53.691645,On or near Flag Street,E01025370,Rossendale 010F,Violence and sexual offences,Status update unavailable,
0d68a7fc484f3ad0e61095070872bd4332833d6327ab4134c0a74ea3fe9cdaa0,2019-05,Lancashire Constabulary,Lancashire Constabulary,-2.214641,53.692453,On or near Brookes Street,E01025370,Rossendale 010F,Violence and sexual offences,Status update unavailable,
4c40f90e1c70f928af7387e5e9e2c69b087e144a045460eed6083e1b304e2ab2,2019-05,Lancashire Constabulary,Lancashire Constabulary,-2.208913,53.691645,On or near Flag Street,E01025370,Rossendale 010F,Violence and sexual offences,Status update unavailable,
e154687c693f7cdc75b31e6183dbb379460647aa03e293876777951244724526,2019-05,Lancashire Constabulary,Lancashire Constabulary,-2.212204,53.692781,On or near Queen'S Terrace,E01025370,Rossendale 010F,Violence and sexual offences,Status update unavailable,
204e2da17af7a2c778efa33f74deb966068d30a3546ba4100621aadfbc70abfc,2019-05,Lancashire Constabulary,Lancashire Constabulary,-2.209118,53.696355,On or near Bankside Close,E01025370,Rossendale 010F,Violence and sexual offences,Unable to prosecute suspect,
,2019-05,Lancashire Constabulary,Lancashire Constabulary,-2.218811,53.690531,On or near Acre Mill Road,E01025388,Rossendale 010G,Anti-social behaviour,,
,2019-05,Lancashire Constabulary,Lancashire Constabulary,-2.224375,53.691842,On or near Trinity Street,E01025388,Rossendale 010G,Anti-social behaviour,,
,2019-05,Lancashire Constabulary,Lancashire Constabulary,-2.217589,53.691423,On or near Wardle Street,E01025388,Rossendale 010G,Anti-social behaviour,,
,2019-05,Lancashire Constabulary,Lancashire Constabulary,-2.218811,53.690531,On or near Acre Mill Road,E01025388,Rossendale 010G,Anti-social behaviour,,
,2019-05,Lancashire Constabulary,Lancashire Constabulary,-2.218811,53.690531,On or near Acre Mill Road,E01025388,Rossendale 010G,Anti-social behaviour,,
,2019-05,Lancashire Constabulary,Lancashire Constabulary,-2.218811,53.690531,On or near Acre Mill Road,E01025388,Rossendale 010G,Anti-social behaviour,,
,2019-05,Lancashire Constabulary,Lancashire Constabulary,-2.218811,53.690531,On or near Acre Mill Road,E01025388,Rossendale 010G,Anti-social behaviour,,
,2019-05,Lancashire Constabulary,Lancashire Constabulary,-2.218811,53.690531,On or near Acre Mill Road,E01025388,Rossendale 010G,Anti-social behaviour,,
,2019-05,Lancashire Constabulary,Lancashire Constabulary,-2.218811,53.690531,On or near Acre Mill Road,E01025388,Rossendale 010G,Anti-social behaviour,,
d55a1c077ce1426ff57f014a5b8494f795cf1181f0ccf75f229b4d029732a443,2019-05,Lancashire Constabulary,Lancashire Constabulary,-2.227871,53.691458,On or near Luke Street,E01025388,Rossendale 010G,Burglary,Status update unavailable,
504395059ea7aad2dc320e310ff0e8bfe4ad3682d266f68e53ae012455e11aa5,2019-05,Lancashire Constabulary,Lancashire Constabulary,-2.224375,53.691842,On or near Trinity Street,E01025388,Rossendale 010G,Burglary,Status update unavailable,
0eaf41ca4cb4c9247733574613e59bcce9e0d4e01a182643602c87047f2e5703,2019-05,Lancashire Constabulary,Lancashire Constabulary,-2.227871,53.691458,On or near Luke Street,E01025388,Rossendale 010G,Burglary,Status update unavailable,
8bfcc1ec6b5223f4d17f6d78d3f08226b2ac9538241a5355300027a75d4512e7,2019-05,Lancashire Constabulary,Lancashire Constabulary,-2.239423,53.690932,On or near Glen Crescent,E01025388,Rossendale 010G,Burglary,Status update unavailable,
4e88a2f55a26248b900dc1ee4fe40f19d71c279d76e2b821f6a7720a5cab62bd,2019-05,Lancashire Constabulary,Lancashire Constabulary,-2.222679,53.691764,On or near Bowlers Wood,E01025388,Rossendale 010G,Burglary,Status update unavailable,
114a67710f8a8a49a7cdc4c3059856a8a09269651587f4c5a839ccb9f0224573,2019-05,Lancashire Constabulary,Lancashire Constabulary,-2.224375,53.691842,On or near Trinity Street,E01025388,Rossendale 010G,Burglary,Status update unavailable,
c2a62e1a3dae14d7fc421ca7d0bb6178a8e183a7ef31d01567a7b8e210318129,2019-05,Lancashire Constabulary,Lancashire Constabulary,-2.227871,53.691458,On or near Luke Street,E01025388,Rossendale 010G,Burglary,Status update unavailable,
e8c4bdf86ddf3367cfd989bd3480ca60b6b1b112cfb606e79a166e0ddaac5e82,2019-05,Lancashire Constabulary,Lancashire Constabulary,-2.218811,53.690531,On or near Acre Mill Road,E01025388,Rossendale 010G,Criminal damage and arson,Status update unavailable,
13f86f84247717fa1a067a1b99981ebdb635d6ab665630fea6f2af6ba62327e2,2019-05,Lancashire Constabulary,Lancashire Constabulary,-2.218811,53.690531,On or near Acre Mill Road,E01025388,Rossendale 010G,Criminal damage and arson,Status update unavailable,
7eaa3444268e5b44abc7869a1fb3b9ac91dfde1f68d5dcb3abf32a65f6d45531,2019-05,Lancashire Constabulary,Lancashire Constabulary,-2.224375,53.691842,On or near Trinity Street,E01025388,Rossendale 010G,Criminal damage and arson,Status update unavailable,
1f92b10dc52d2c4646ceca59875be482738624c8d3c70f8c780aaaae239a79e3,2019-05,Lancashire Constabulary,Lancashire Constabulary,-2.222679,53.691764,On or near Bowlers Wood,E01025388,Rossendale 010G,Drugs,Status update unavailable,
c5bd19e82287e1d3effd9456a6bbf4418104f21f850a3db58d13c5b0c5b27ef6,2019-05,Lancashire Constabulary,Lancashire Constabulary,-2.230583,53.691713,On or near Newchurch Road,E01025388,Rossendale 010G,Other theft,Status update unavailable,
8ec72a9415e892926855012ed3eae5f5a1345d61faf6fb30a37642b40d943876,2019-05,Lancashire Constabulary,Lancashire Constabulary,-2.230583,53.691713,On or near Newchurch Road,E01025388,Rossendale 010G,Other theft,Status update unavailable,
28ac97b7b6938ebdb5b3f8a26d442af1388c46865896e96f6c0f45a61b131725,2019-05,Lancashire Constabulary,Lancashire Constabulary,-2.235564,53.691416,On or near Waterbarn Lane,E01025388,Rossendale 010G,Other theft,Status update unavailable,
55a9423e5cf3bec1ba45edf27787583e3efa4819de9cff805151158b0fd8e8b3,2019-05,Lancashire Constabulary,Lancashire Constabulary,-2.223349,53.692608,On or near Union Street,E01025388,Rossendale 010G,Vehicle crime,Awaiting court outcome,
53ec92bd0a97bd032d7f10dfa7b82e9c2b315fb684ae892832f958d93c249620,2019-05,Lancashire Constabulary,Lancashire Constabulary,-2.222679,53.691764,On or near Bowlers Wood,E01025388,Rossendale 010G,Violence and sexual offences,Status update unavailable,
e92c69d40cda1f728ad84c38ce1c056c08988f2f2b32b9a66f4dd3180a704cde,2019-05,Lancashire Constabulary,Lancashire Constabulary,-2.224375,53.691842,On or near Trinity Street,E01025388,Rossendale 010G,Violence and sexual offences,Unable to prosecute suspect,
4b11437425db7b3736cebb4c268494f56167292d3e224a8f6e0d7c183f1cfa9e,2019-05,Lancashire Constabulary,Lancashire Constabulary,-2.228273,53.692904,On or near Heathbourne Road,E01025388,Rossendale 010G,Violence and sexual offences,Unable to prosecute suspect,
569fb8c766abac31f60b647c6376afb93a391bccc6182ed2a38f678edf83ff5a,2019-05,Lancashire Constabulary,Lancashire Constabulary,-2.239423,53.690932,On or near Glen Crescent,E01025388,Rossendale 010G,Violence and sexual offences,Unable to prosecute suspect,
feae3addc46401db8805001a7e11c49e7dabe7c2cbf1a8dab001375184654991,2019-05,Lancashire Constabulary,Lancashire Constabulary,-2.218811,53.690531,On or near Acre Mill Road,E01025388,Rossendale 010G,Violence and sexual offences,Status update unavailable,
d5b5bda0ad1f07c3ce1656005aee1cb9cb79404fd89873d6866c3fc4e7f04cb1,2019-05,Lancashire Constabulary,Lancashire Constabulary,-2.239423,53.690932,On or near Glen Crescent,E01025388,Rossendale 010G,Violence and sexual offences,Unable to prosecute suspect,
6493c21daf180b6bf34492c6ebccc34adbe1526972fa95756cccd43e38c31502,2019-05,Lancashire Constabulary,Lancashire Constabulary,-2.217589,53.691423,On or near Wardle Street,E01025388,Rossendale 010G,Violence and sexual offences,Status update unavailable,
ed98cd28b49575603e9fb3efb60b654e9e353dbced63c18174a4db60d4eae4d8,2019-05,Lancashire Constabulary,Lancashire Constabulary,-2.218811,53.690531,On or near Acre Mill Road,E01025388,Rossendale 010G,Violence and sexual offences,Status update unavailable,
8a4bea0ddd9cd57b6e598e0b9e141ec669ca61330e64d737a8c6fcacbf6500dc,2019-05,Lancashire Constabulary,Lancashire Constabulary,-2.218811,53.690531,On or near Acre Mill Road,E01025388,Rossendale 010G,Violence and sexual offences,Status update unavailable,
5ecc7e6b641fff4b3eb3c52af99024d0b98b5f4129cfdd8726c73bf6f537e831,2019-05,Lancashire Constabulary,Lancashire Constabulary,-2.228273,53.692904,On or near Heathbourne Road,E01025388,Rossendale 010G,Violence and sexual offences,Unable to prosecute suspect,
73f7a33bd6b044f9c2ef4f704e9c5fac83a5a65f4fae0b8de7f5be83336e65fe,2019-05,Lancashire Constabulary,Lancashire Constabulary,-2.235651,53.690706,On or near Brandwood Park,E01025388,Rossendale 010G,Violence and sexual offences,Status update unavailable,
34fd7febbe332e911835efef22edf7428c28e893ef8aabfee76e2a443363a3fc,2019-05,Lancashire Constabulary,Lancashire Constabulary,-2.217589,53.691423,On or near Wardle Street,E01025388,Rossendale 010G,Other crime,Status update unavailable,
,2019-05,Lancashire Constabulary,Lancashire Constabulary,-2.216637,53.694831,On or near Hill Crest,E01025389,Rossendale 010H,Anti-social behaviour,,
,2019-05,Lancashire Constabulary,Lancashire Constabulary,-2.218990,53.693092,On or near Ashworth Street,E01025389,Rossendale 010H,Anti-social behaviour,,
,2019-05,Lancashire Constabulary,Lancashire Constabulary,-2.216519,53.689627,On or near Acre View,E01025389,Rossendale 010H,Anti-social behaviour,,
f1bdabfe5db007f710ec236f2d12a778230ea3a7cfb03561aa0c289f5f1a501e,2019-05,Lancashire Constabulary,Lancashire Constabulary,-2.218990,53.693092,On or near Ashworth Street,E01025389,Rossendale 010H,Burglary,Status update unavailable,
868fd25806961572e6ede743582ac5dae3bcefba14d6939ebe3c883ed4975d72,2019-05,Lancashire Constabulary,Lancashire Constabulary,-2.220016,53.692353,On or near Commercial Street,E01025389,Rossendale 010H,Other theft,Status update unavailable,
c7da998f700caf24266810ca0120142d3284ae9546506002721fc6d1b81bb664,2019-05,Lancashire Constabulary,Lancashire Constabulary,-2.215901,53.693152,On or near Hammond Avenue,E01025389,Rossendale 010H,Other theft,Status update unavailable,
b1d7d8d9a220c46e0ab0372ff8bfe50dd2a75d30d7f94267ae0cbc799d45d445,2019-05,Lancashire Constabulary,Lancashire Constabulary,-2.215901,53.693152,On or near Hammond Avenue,E01025389,Rossendale 010H,Violence and sexual offences,Status update unavailable,
a801584ccf509a5364152938b8796e1c626385e55ac0539e8b2c9465dfa9da1e,2019-05,Lancashire Constabulary,Lancashire Constabulary,-2.218990,53.693092,On or near Ashworth Street,E01025389,Rossendale 010H,Violence and sexual offences,Unable to prosecute suspect,
9736e85c7fe8fe0faeef440576e308dba857489d2b1974d1a9e7a1ccb217db56,2019-05,Lancashire Constabulary,Lancashire Constabulary,-2.217249,53.693123,On or near Hindle Street,E01025389,Rossendale 010H,Violence and sexual offences,Status update unavailable,
4a480366e0f1969e1069e0c4c80aa49ec3e7614daa9d51ce0b75b4a7dfbbcbe2,2019-05,Lancashire Constabulary,Lancashire Constabulary,-2.216637,53.694831,On or near Hill Crest,E01025389,Rossendale 010H,Violence and sexual offences,Unable to prosecute suspect,
,2019-05,Lancashire Constabulary,Lancashire Constabulary,-2.224843,53.694457,On or near Lord Avenue,E01025390,Rossendale 010I,Anti-social behaviour,,
,2019-05,Lancashire Constabulary,Lancashire Constabulary,-2.237675,53.695133,On or near Sports/Recreation Area,E01025390,Rossendale 010I,Anti-social behaviour,,
046c02081d9394cc9422f1d59260d144bf92d601cd9a9c61596a241d63cb42fc,2019-05,Lancashire Constabulary,Lancashire Constabulary,-2.232185,53.693805,On or near Tunstead Road,E01025390,Rossendale 010I,Criminal damage and arson,Unable to prosecute suspect,
e12b26eb2bbf69bbd595961679849ffaae91d9a581627de1708bb8c84d7651e1,2019-05,Lancashire Constabulary,Lancashire Constabulary,-2.214731,53.701288,On or near Maden Road,E01025390,Rossendale 010I,Other theft,Status update unavailable,
ec46c78fdf2f4caf82d97214b945ed08fd2b703c0ae92a45d1fea55366242ed9,2019-05,Lancashire Constabulary,Lancashire Constabulary,-2.224843,53.694457,On or near Lord Avenue,E01025390,Rossendale 010I,Vehicle crime,Status update unavailable,
09187413a91254c93cdf8f5721e19af0ce5a175c05d74df8a372a75ad10b0dc2,2019-05,Lancashire Constabulary,Lancashire Constabulary,-2.224377,53.694997,On or near Tunstead Crescent,E01025390,Rossendale 010I,Violence and sexual offences,Status update unavailable,
7f649d43258739a672277daf9c33cd728298fc1e223bfa14782a7d620a4c1e56,2019-05,Lancashire Constabulary,Lancashire Constabulary,-2.218305,53.695188,On or near Sow Clough Road,E01025390,Rossendale 010I,Violence and sexual offences,Unable to prosecute suspect,
4a25c792cca62e09eafdbcf0077e34d0fcc55d324511a20ce55b938f745044a7,2019-05,Lancashire Constabulary,Lancashire Constabulary,-0.749240,51.306201,On or near Ringwood Road,E01023103,Rushmoor 004C,Violence and sexual offences,Status update unavailable,
ed7ddee153da6538b20869274bf137c7e9ce6c44b478b4ec843733ae5bf8998f,2019-05,Lancashire Constabulary,Lancashire Constabulary,-2.983166,53.634345,On or near Jane'S Brook Road,E01007000,Sefton 008D,Vehicle crime,Unable to prosecute suspect,
804618d4b033a961aac3116d7d2727a8a2ff1d38204c8af9bff63d856b1b175f,2019-05,Lancashire Constabulary,Lancashire Constabulary,-3.029066,53.602004,On or near Carr Moss Lane,E01006927,Sefton 011D,Robbery,Status update unavailable,
0095ec55c63001335633d99bf94b32736a238f9999a38fe637d174cea2ecba2e,2019-05,Lancashire Constabulary,Lancashire Constabulary,-3.029066,53.602004,On or near Carr Moss Lane,E01006927,Sefton 011D,Vehicle crime,Status update unavailable,
7ca9b5d9947a1299e9fd43985f70491516033b44154a2db9765e9a73344d2332,2019-05,Lancashire Constabulary,Lancashire Constabulary,-2.972851,53.491599,On or near Westminster Avenue,E01007085,Sefton 023B,Violence and sexual offences,Unable to prosecute suspect,
c9d083d2c7e155245bef41d4597c8cb4295098b239981b23f131ffe847d9a681,2019-05,Lancashire Constabulary,Lancashire Constabulary,-2.962896,53.471985,On or near Vesty Road,E01007048,Sefton 029A,Public order,Status update unavailable,
f292729905e7b2cbfbdc78a5e1bb1003f9590d12df82c9c6b1a3a8c2f7e3e723,2019-05,Lancashire Constabulary,Lancashire Constabulary,-2.683356,52.967992,On or near Watergate,E01028895,Shropshire 001D,Violence and sexual offences,Status update unavailable,
4595fc32cf46b9df46bd58868a96bb4a3c1471a6d49a6f336effd4d468bf295b,2019-05,Lancashire Constabulary,Lancashire Constabulary,-2.514003,51.480370,On or near Lower Station Road,E01014975,South Gloucestershire 026E,Violence and sexual offences,Unable to prosecute suspect,
e0e4ceca59c7f764295d296cdd7431c2e3cabf44b94707d933a7b0a8c4b867ec,2019-05,Lancashire Constabulary,Lancashire Constabulary,-2.767861,54.227789,On or near Harmony Hill Close,E01019382,South Lakeland 011E,Violence and sexual offences,Action to be taken by another organisation,
,2019-05,Lancashire Constabulary,Lancashire Constabulary,-2.738323,53.747184,On or near Liverpool Road,E01025424,South Ribble 001A,Anti-social behaviour,,
,2019-05,Lancashire Constabulary,Lancashire Constabulary,-2.738323,53.747184,On or near Liverpool Road,E01025424,South Ribble 001A,Anti-social behaviour,,
36c7bc645fd69e78a6ce850f0f7c6b1dc09aa794225cf401584b90b9a2208b41,2019-05,Lancashire Constabulary,Lancashire Constabulary,-2.744883,53.744258,On or near Howick Park Avenue,E01025424,South Ribble 001A,Vehicle crime,Status update unavailable,
72c9f62e3668276ba705b4df9878640c28ed9f8f807ea4574145fc26c42f0bfb,2019-05,Lancashire Constabulary,Lancashire Constabulary,-2.740885,53.750611,On or near Crow Hills Road,E01025424,South Ribble 001A,Violence and sexual offences,Status update unavailable,
,2019-05,Lancashire Constabulary,Lancashire Constabulary,-2.738114,53.750852,On or near Crookings Lane,E01025425,South Ribble 001B,Anti-social behaviour,,
0a20b67060388e7bb5e3e2afb9d7c64bb73d31b5b503dd2ccac1204234abf75d,2019-05,Lancashire Constabulary,Lancashire Constabulary,-2.726120,53.754422,On or near Foster Croft,E01025425,South Ribble 001B,Violence and sexual offences,Unable to prosecute suspect,
c22b44b2cf7baa908399c9b253835a821233db803f3b3ca0ee25634ab574acb1,2019-05,Lancashire Constabulary,Lancashire Constabulary,-2.738114,53.750852,On or near Crookings Lane,E01025425,South Ribble 001B,Violence and sexual offences,Status update unavailable,
cfc185644c8afa6e3c2b9aad133dcf375dd13b4e830c6da7de500d50c8782a47,2019-05,Lancashire Constabulary,Lancashire Constabulary,-2.729691,53.754859,On or near Ribble Bank,E01025425,South Ribble 001B,Violence and sexual offences,Status update unavailable,
,2019-05,Lancashire Constabulary,Lancashire Constabulary,-2.730829,53.750511,On or near Kew Gardens,E01025426,South Ribble 001C,Anti-social behaviour,,
,2019-05,Lancashire Constabulary,Lancashire Constabulary,-2.730829,53.750511,On or near Kew Gardens,E01025426,South Ribble 001C,Anti-social behaviour,,
,2019-05,Lancashire Constabulary,Lancashire Constabulary,-2.730829,53.750511,On or near Kew Gardens,E01025426,South Ribble 001C,Anti-social behaviour,,
f56639b726ed4e6406641ee1b04e7044fb810910f407225c8999f1e5c367f7f7,2019-05,Lancashire Constabulary,Lancashire Constabulary,-2.731726,53.753265,On or near Blundell Lane,E01025426,South Ribble 001C,Criminal damage and arson,Unable to prosecute suspect,
37a27c8b07418ab5ec3b3972029bfd79897bd967fd2668cafa8204fc35699d55,2019-05,Lancashire Constabulary,Lancashire Constabulary,-2.727582,53.751303,On or near Abbotsway,E01025426,South Ribble 001C,Violence and sexual offences,Unable to prosecute suspect,
5191279a6dc5c047dca3dd0c16d3cc64d4d882cd4c09e10880346df42177ed1c,2019-05,Lancashire Constabulary,Lancashire Constabulary,-2.730829,53.750511,On or near Kew Gardens,E01025426,South Ribble 001C,Violence and sexual offences,Formal action is not in the public interest,
f9fceb93145c409b53a76f85f45ee9c173a2d271b6ec5c47d3f388b6ea2031a6,2019-05,Lancashire Constabulary,Lancashire Constabulary,-2.730829,53.750511,On or near Kew Gardens,E01025426,South Ribble 001C,Violence and sexual offences,Awaiting court outcome,
5005842fa6a37289804e5043d4550719a7766f7531e11d46826219395f329c5f,2019-05,Lancashire Constabulary,Lancashire Constabulary,-2.730829,53.750511,On or near Kew Gardens,E01025426,South Ribble 001C,Violence and sexual offences,Status update unavailable,
,2019-05,Lancashire Constabulary,Lancashire Constabulary,-2.731908,53.748032,On or near Wembley Avenue,E01025466,South Ribble 001D,Anti-social behaviour,,
,2019-05,Lancashire Constabulary,Lancashire Constabulary,-2.732163,53.748750,On or near Rawstorne Road,E01025466,South Ribble 001D,Anti-social behaviour,,
1ac877a36c4af0d3475b1a2e0610c8bd0bd08814b1504a237f451c72dbaa9727,2019-05,Lancashire Constabulary,Lancashire Constabulary,-2.731906,53.747008,On or near Moorhey Drive,E01025466,South Ribble 001D,Burglary,Status update unavailable,
e0493c29d6890c4da3c2de0bea348300c81ead63015c408fc7f12729713dee39,2019-05,Lancashire Constabulary,Lancashire Constabulary,-2.731908,53.748032,On or near Wembley Avenue,E01025466,South Ribble 001D,Violence and sexual offences,Unable to prosecute suspect,
058021321220fa190d01b1bbbdbfbc3631027fd6041ef3c5bd79bda3a10fe653,2019-05,Lancashire Constabulary,Lancashire Constabulary,-2.731908,53.748032,On or near Wembley Avenue,E01025466,South Ribble 001D,Violence and sexual offences,Status update unavailable,
3f1845f14116cb8942be289e8a739a2ffbf423523ee10ddc80ab24baeb7251c5,2019-05,Lancashire Constabulary,Lancashire Constabulary,-2.732163,53.748750,On or near Rawstorne Road,E01025466,South Ribble 001D,Violence and sexual offences,Status update unavailable,
,2019-05,Lancashire Constabulary,Lancashire Constabulary,-2.621084,53.733261,On or near Alma Row,E01025413,South Ribble 002A,Anti-social behaviour,,
,2019-05,Lancashire Constabulary,Lancashire Constabulary,-2.619003,53.735088,On or near Sports/Recreation Area,E01025413,South Ribble 002A,Anti-social behaviour,,
b169351635ddd8b66a79ceb6593e703a8236331cb21b59eda7e5c22f905cf926,2019-05,Lancashire Constabulary,Lancashire Constabulary,-2.622249,53.732141,On or near Alder Drive,E01025413,South Ribble 002A,Other theft,Further investigation is not in the public interest,
cd754078ee672d38302af1b952efc220bfff5c521213529b4aafeae6957699d2,2019-05,Lancashire Constabulary,Lancashire Constabulary,-2.621432,53.731165,On or near Hayfield Avenue,E01025413,South Ribble 002A,Vehicle crime,Status update unavailable,
,2019-05,Lancashire Constabulary,Lancashire Constabulary,-2.621016,53.744083,On or near Coupe Green,E01025414,South Ribble 002B,Anti-social behaviour,,
45d2e32b52e411ab23fcd847aa57c3269e3685dfd4517b823898489276d815a5,2019-05,Lancashire Constabulary,Lancashire Constabulary,-2.629043,53.740446,On or near Hoghton Lane,E01025414,South Ribble 002B,Burglary,Status update unavailable,
572b09c15fcba44e42dbb8e142656c134fa7591b43d2691c668261227fc6a188,2019-05,Lancashire Constabulary,Lancashire Constabulary,-2.615746,53.741441,On or near Mansfield Drive,E01025414,South Ribble 002B,Criminal damage and arson,Status update unavailable,
780d84e656041954671219842054dc8701fe82751b9a0d5255f0cf6490d07a74,2019-05,Lancashire Constabulary,Lancashire Constabulary,-2.615746,53.741441,On or near Mansfield Drive,E01025414,South Ribble 002B,Criminal damage and arson,Status update unavailable,
10d01109525d84f661be1ffac9d307aee862e134b1187108f67e32e9c4ff9428,2019-05,Lancashire Constabulary,Lancashire Constabulary,-2.615746,53.741441,On or near Mansfield Drive,E01025414,South Ribble 002B,Criminal damage and arson,Unable to prosecute suspect,
c6550e293217afd99767422c1f754248d090a5621f984b309923c891996034f7,2019-05,Lancashire Constabulary,Lancashire Constabulary,-2.615746,53.741441,On or near Mansfield Drive,E01025414,South Ribble 002B,Criminal damage and arson,Unable to prosecute suspect,
30792fd6307878d3dea6d9b4e209ada3f80f0300206a78fb312f311b16b7d130,2019-05,Lancashire Constabulary,Lancashire Constabulary,-2.615746,53.741441,On or near Mansfield Drive,E01025414,South Ribble 002B,Criminal damage and arson,Unable to prosecute suspect,
b3773f0d206da34f78aa8521e545d70f795a313ef2906aa5637b806b2564d68e,2019-05,Lancashire Constabulary,Lancashire Constabulary,-2.615746,53.741441,On or near Mansfield Drive,E01025414,South Ribble 002B,Criminal damage and arson,Status update unavailable,
0de911e619b0312d7edeef926736b67a8f6b63404522d98b75be33f9f6ae3541,2019-05,Lancashire Constabulary,Lancashire Constabulary,-2.615746,53.741441,On or near Mansfield Drive,E01025414,South Ribble 002B,Criminal damage and arson,Unable to prosecute suspect,
e1a1b53466b6a6cb9a5359b783f6ddf6046eb8ee115063ac4af00256a9354f0a,2019-05,Lancashire Constabulary,Lancashire Constabulary,-2.615746,53.741441,On or near Mansfield Drive,E01025414,South Ribble 002B,Criminal damage and arson,Unable to prosecute suspect,
fe5113d30a0f6d4a66b8b11480aac6f7021136d01d4ec73ec17b980627443d58,2019-05,Lancashire Constabulary,Lancashire Constabulary,-2.615746,53.741441,On or near Mansfield Drive,E01025414,South Ribble 002B,Criminal damage and arson,Unable to prosecute suspect,
55a3a661502ab453d4d8e7ab0b05a627c8b67579ac2fb1d44d2c2ad91c3b71f1,2019-05,Lancashire Constabulary,Lancashire Constabulary,-2.615746,53.741441,On or near Mansfield Drive,E01025414,South Ribble 002B,Public order,Unable to prosecute suspect,
cc039a76978189cbeb4446ff58f00fc2a68ae25c1dc885987f9c20e1afcc32b5,2019-05,Lancashire Constabulary,Lancashire Constabulary,-2.615746,53.741441,On or near Mansfield Drive,E01025414,South Ribble 002B,Public order,Unable to prosecute suspect,
2cd10ee6da2012fbbb2341eedd85465b7e3d78bbaea9204aa27399bc0a32bb5b,2019-05,Lancashire Constabulary,Lancashire Constabulary,-2.615551,53.741568,On or near Manby Close,E01025414,South Ribble 002B,Vehicle crime,Status update unavailable,
b10281685b512d12a1ab479c9dd7fb2f08e143769993d3d0d287b6cefada8033,2019-05,Lancashire Constabulary,Lancashire Constabulary,-2.615551,53.741568,On or near Manby Close,E01025414,South Ribble 002B,Vehicle crime,Status update unavailable,
0597e801d6b725dc87decf96cb8760d7d44d76510cfa22e7baf2fe47477ba4a2,2019-05,Lancashire Constabulary,Lancashire Constabulary,-2.621490,53.743326,On or near Lowick Close,E01025414,South Ribble 002B,Vehicle crime,Status update unavailable,
e1ddfa31c3d94b2a1494b1f7edb119ab3b2dbfc4aca9851c5d45f7fbf77e81a1,2019-05,Lancashire Constabulary,Lancashire Constabulary,-2.615746,53.741441,On or near Mansfield Drive,E01025414,South Ribble 002B,Violence and sexual offences,Status update unavailable,
,2019-05,Lancashire Constabulary,Lancashire Constabulary,-2.573208,53.758523,On or near Round Acre,E01025456,South Ribble 002C,Anti-social behaviour,,
,2019-05,Lancashire Constabulary,Lancashire Constabulary,-2.635278,53.762767,On or near M6,E01025456,South Ribble 002C,Anti-social behaviour,,
76c19031b7fc12f93b36ca4064096824936cbcd4abac1c6a85704dd98cf4eb18,2019-05,Lancashire Constabulary,Lancashire Constabulary,-2.547609,53.771702,On or near Branch Road,E01025456,South Ribble 002C,Burglary,Status update unavailable,
f7c93395fdefa529be6b3d79495f9e8c08f57b657014f8f7c1e7b49bf715c875,2019-05,Lancashire Constabulary,Lancashire Constabulary,-2.602513,53.766010,On or near Petrol Station,E01025456,South Ribble 002C,Other theft,Status update unavailable,
711d218a815d90344e1891662273abd7eced84d9870920b760cdcdb2d9e2ba64,2019-05,Lancashire Constabulary,Lancashire Constabulary,-2.635278,53.762767,On or near M6,E01025456,South Ribble 002C,Violence and sexual offences,Status update unavailable,
,2019-05,Lancashire Constabulary,Lancashire Constabulary,-2.635819,53.738361,On or near Charles Crescent,E01025458,South Ribble 002D,Anti-social behaviour,,
8d9c201880beb05d6bdc9b6a0461c2dbf4c940b5d651fd42ac11c4e595e3db8b,2019-05,Lancashire Constabulary,Lancashire Constabulary,-2.644304,53.742972,On or near Cann Bridge Street,E01025458,South Ribble 002D,Burglary,Status update unavailable,
e5ea52e152ceb10c6ae98b5866f85d89fec7da6dc04bbbf6caa5295ead2800c8,2019-05,Lancashire Constabulary,Lancashire Constabulary,-2.644304,53.742972,On or near Cann Bridge Street,E01025458,South Ribble 002D,Criminal damage and arson,Unable to prosecute suspect,
039cd98619f6bd5810bfd0f362fa1b5c673c0c178e6ce9a3203660296d9b5dd3,2019-05,Lancashire Constabulary,Lancashire Constabulary,-2.641727,53.741062,On or near Church Street,E01025458,South Ribble 002D,Violence and sexual offences,Status update unavailable,
,2019-05,Lancashire Constabulary,Lancashire Constabulary,-2.726392,53.749099,On or near Clifton Drive,E01025408,South Ribble 003A,Anti-social behaviour,,
,2019-05,Lancashire Constabulary,Lancashire Constabulary,-2.726392,53.749099,On or near Clifton Drive,E01025408,South Ribble 003A,Anti-social behaviour,,
,2019-05,Lancashire Constabulary,Lancashire Constabulary,-2.726392,53.749099,On or near Clifton Drive,E01025408,South Ribble 003A,Anti-social behaviour,,
f7aed6c6e8605cf95f46ca7cedb4490910e506110e17f0f198eb802f6105a68d,2019-05,Lancashire Constabulary,Lancashire Constabulary,-2.726073,53.738549,On or near Wood Bank,E01025408,South Ribble 003A,Violence and sexual offences,Status update unavailable,
3391aba21ef790d2da03e4ba5f6b140d19feb4d96e149e7b2ae1b2d2c2877cd3,2019-05,Lancashire Constabulary,Lancashire Constabulary,-2.718624,53.743538,On or near Penwortham Court,E01025408,South Ribble 003A,Violence and sexual offences,Unable to prosecute suspect,
,2019-05,Lancashire Constabulary,Lancashire Constabulary,-2.729369,53.740623,On or near Walton Avenue,E01025409,South Ribble 003B,Anti-social behaviour,,
,2019-05,Lancashire Constabulary,Lancashire Constabulary,-2.727725,53.740265,On or near Hollywood Avenue,E01025409,South Ribble 003B,Anti-social behaviour,,
,2019-05,Lancashire Constabulary,Lancashire Constabulary,-2.729369,53.740623,On or near Walton Avenue,E01025409,South Ribble 003B,Anti-social behaviour,,
71eca344e0464a7e3352f17d9be2e048cfdbf951da9a9b2b471f295a8cfa2780,2019-05,Lancashire Constabulary,Lancashire Constabulary,-2.729652,53.741206,On or near Belgrave Avenue,E01025409,South Ribble 003B,Criminal damage and arson,Status update unavailable,
6cda6d6a9643a7c87682a3d47117f411fb0a0e38f80171b22fa338b34e50c0c6,2019-05,Lancashire Constabulary,Lancashire Constabulary,-2.726965,53.736638,On or near Marsh Way,E01025409,South Ribble 003B,Criminal damage and arson,Status update unavailable,
cfecd27ffb583e2c2899d1f62bc22af912fd5c1213c42f70748fc569990b1912,2019-05,Lancashire Constabulary,Lancashire Constabulary,-2.729519,53.735301,On or near Blackberry Way,E01025409,South Ribble 003B,Shoplifting,Awaiting court outcome,
5098cf13b4d16194fdd35fffe556160044c024827ca6790879a90a6f9d7d47d6,2019-05,Lancashire Constabulary,Lancashire Constabulary,-2.729519,53.735301,On or near Blackberry Way,E01025409,South Ribble 003B,Shoplifting,Status update unavailable,
71c0a9a223035b2e2f76c2ac11754da675124f8e3d7bf3214ae6b1d6299d8bc7,2019-05,Lancashire Constabulary,Lancashire Constabulary,-2.729519,53.735301,On or near Blackberry Way,E01025409,South Ribble 003B,Shoplifting,Status update unavailable,
61a7b77107511814ea47ad0d23594987b7813274018936c35af92789e447d3a8,2019-05,Lancashire Constabulary,Lancashire Constabulary,-2.729519,53.735301,On or near Blackberry Way,E01025409,South Ribble 003B,Shoplifting,Unable to prosecute suspect,
f60d83fdf98b92d2eaa6d5afc7baadabccc14086e3047661b5401a333bb29a1f,2019-05,Lancashire Constabulary,Lancashire Constabulary,-2.729519,53.735301,On or near Blackberry Way,E01025409,South Ribble 003B,Shoplifting,Status update unavailable,
450f25576785caa606d20cd9eeb05402c683bf063c5c22243ab11ee5b8a02035,2019-05,Lancashire Constabulary,Lancashire Constabulary,-2.729519,53.735301,On or near Blackberry Way,E01025409,South Ribble 003B,Shoplifting,Investigation complete; no suspect identified,
e919a8cb56df88f93a0a8820b724c3c28d5d3464aee9a9cf160fff3ec05138b5,2019-05,Lancashire Constabulary,Lancashire Constabulary,-2.729519,53.735301,On or near Blackberry Way,E01025409,South Ribble 003B,Shoplifting,Status update unavailable,
3a6dbe07370abf85727b688df949c83dda08dc6ec6551e6741dc18bd2ec1f867,2019-05,Lancashire Constabulary,Lancashire Constabulary,-2.729369,53.740623,On or near Walton Avenue,E01025409,South Ribble 003B,Violence and sexual offences,Unable to prosecute suspect,
,2019-05,Lancashire Constabulary,Lancashire Constabulary,-2.737074,53.739911,On or near Cherry Wood,E01025410,South Ribble 003C,Anti-social behaviour,,
b885ca57739ab1989958a3d99c97ec8b4c51741c9e80a515111298ecb6f24a22,2019-05,Lancashire Constabulary,Lancashire Constabulary,-2.732885,53.739649,On or near Walnut Close,E01025410,South Ribble 003C,Vehicle crime,Status update unavailable,
4067bd45f9d7dc706b8301a8ada7635e2d262b807a1f2d313e22647fcf98bbb0,2019-05,Lancashire Constabulary,Lancashire Constabulary,-2.740312,53.739550,On or near Crabtree Avenue,E01025410,South Ribble 003C,Violence and sexual offences,Status update unavailable,
a254efcaebfb408a75a8b6ad008ce724f21d3a030a3daaa15811820e96a8ed5f,2019-05,Lancashire Constabulary,Lancashire Constabulary,-2.733672,53.736130,On or near Acorn Close,E01025410,South Ribble 003C,Violence and sexual offences,Status update unavailable,
275f470817b50a8622d5b5b010ce936427cbe6c44c4efa05c57b93492b67eb96,2019-05,Lancashire Constabulary,Lancashire Constabulary,-2.740869,53.743654,On or near Parklands Avenue,E01025467,South Ribble 003D,Other theft,Status update unavailable,
ef643289fbc45c5f4eaa348b913fa7479d119e9de101ab6f7976e94b6303d32e,2019-05,Lancashire Constabulary,Lancashire Constabulary,-2.737882,53.741893,On or near Chestnut Avenue,E01025467,South Ribble 003D,Public order,Unable to prosecute suspect,
34847bf21d2a5d1652a20f624adab8ae169c2cd197113c39057874cd3b0a1cfe,2019-05,Lancashire Constabulary,Lancashire Constabulary,-2.740636,53.741606,On or near Mayflower Avenue,E01025467,South Ribble 003D,Shoplifting,Status update unavailable,
5edf337b1dad8259da2c5febee7acac664265f03cd5642e4a2ecafe1d09e900e,2019-05,Lancashire Constabulary,Lancashire Constabulary,-2.740636,53.741606,On or near Mayflower Avenue,E01025467,South Ribble 003D,Violence and sexual offences,Status update unavailable,
5fa02891c7bf951cf540373c77ee32faef28dcf8756499cb2ca174d8d245a59d,2019-05,Lancashire Constabulary,Lancashire Constabulary,-2.740636,53.741606,On or near Mayflower Avenue,E01025467,South Ribble 003D,Violence and sexual offences,Unable to prosecute suspect,
,2019-05,Lancashire Constabulary,Lancashire Constabulary,-2.666458,53.739282,On or near Millcombe Way,E01025403,South Ribble 004A,Anti-social behaviour,,
,2019-05,Lancashire Constabulary,Lancashire Constabulary,-2.664554,53.739697,On or near Somersby Close,E01025403,South Ribble 004A,Anti-social behaviour,,
,2019-05,Lancashire Constabulary,Lancashire Constabulary,-2.664503,53.736471,On or near Orchard Close,E01025403,South Ribble 004A,Anti-social behaviour,,
b36870fafcf745f3f42e1b792769d6d55e206910408d9bdb3916620cdd9fdf19,2019-05,Lancashire Constabulary,Lancashire Constabulary,-2.668630,53.739504,On or near Ilway,E01025403,South Ribble 004A,Criminal damage and arson,Status update unavailable,
9e261b11a8825fafdfec500497098b1a789d62338d504acbd6fdb890d9dc597f,2019-05,Lancashire Constabulary,Lancashire Constabulary,-2.661343,53.739850,On or near Allington Close,E01025403,South Ribble 004A,Other theft,Investigation complete; no suspect identified,
18d2622c449a1e426217d18067895edb5c6c87dfd9154fbb66d5cbb95d8fd752,2019-05,Lancashire Constabulary,Lancashire Constabulary,-2.664503,53.736471,On or near Orchard Close,E01025403,South Ribble 004A,Violence and sexual offences,Status update unavailable,
,2019-05,Lancashire Constabulary,Lancashire Constabulary,-2.660605,53.746928,On or near Kingsdale Close,E01025457,South Ribble 004B,Anti-social behaviour,,
,2019-05,Lancashire Constabulary,Lancashire Constabulary,-2.664775,53.745961,On or near Lady Place,E01025457,South Ribble 004B,Anti-social behaviour,,
,2019-05,Lancashire Constabulary,Lancashire Constabulary,-2.677079,53.751123,On or near Victoria Road,E01025457,South Ribble 004B,Anti-social behaviour,,
,2019-05,Lancashire Constabulary,Lancashire Constabulary,-2.677079,53.751123,On or near Victoria Road,E01025457,South Ribble 004B,Anti-social behaviour,,
,2019-05,Lancashire Constabulary,Lancashire Constabulary,-2.677079,53.751123,On or near Victoria Road,E01025457,South Ribble 004B,Anti-social behaviour,,
654a256c26017104c4140c0b8df80e19e74dc188c4f4e1b5bd0997e087ccd951,2019-05,Lancashire Constabulary,Lancashire Constabulary,-2.677941,53.750938,On or near Edward Street,E01025457,South Ribble 004B,Burglary,Status update unavailable,
f311d7e79427bf2bb276576c34589b3a63c2663ce1ad0ad57e8b4477956dc296,2019-05,Lancashire Constabulary,Lancashire Constabulary,-2.677941,53.750938,On or near Edward Street,E01025457,South Ribble 004B,Criminal damage and arson,Status update unavailable,
bbafd9d996d1d6aec920b7122aca735a2e2d73e2bf9a5e6f52f4664e25e3f6bf,2019-05,Lancashire Constabulary,Lancashire Constabulary,-2.683017,53.747872,On or near Winery Lane,E01025457,South Ribble 004B,Other theft,Status update unavailable,
50aaf3a15a7e68313cb15990ef1f38098553371677d336feb983ce4bc4c9131c,2019-05,Lancashire Constabulary,Lancashire Constabulary,-2.663178,53.746644,On or near Sports/Recreation Area,E01025457,South Ribble 004B,Other theft,Status update unavailable,
4c4448a889a34dc78a86a7901dd05d381a081ba83141bade10b1393f91300fce,2019-05,Lancashire Constabulary,Lancashire Constabulary,-2.677079,53.751123,On or near Victoria Road,E01025457,South Ribble 004B,Possession of weapons,Awaiting court outcome,
4af5ecddaafd8115a28b4975b553960c53cf91a80bf86d88b5bb4d7e8482d667,2019-05,Lancashire Constabulary,Lancashire Constabulary,-2.671367,53.747632,On or near Petrol Station,E01025457,South Ribble 004B,Public order,Status update unavailable,
b220605e13e6e017db4af3fd3aad6ea07b36d807f3ad09f966b5a51ac2aa1a0b,2019-05,Lancashire Constabulary,Lancashire Constabulary,-2.677941,53.750938,On or near Edward Street,E01025457,South Ribble 004B,Public order,Unable to prosecute suspect,
88447736d5256d703222301661726cb43d537926769bf5db658ae74b9ed76004,2019-05,Lancashire Constabulary,Lancashire Constabulary,-2.677941,53.750938,On or near Edward Street,E01025457,South Ribble 004B,Shoplifting,Awaiting court outcome,
57b2711b8df56583c98d609b01b0b5dce714bfc582edee8625e195bd415fd527,2019-05,Lancashire Constabulary,Lancashire Constabulary,-2.677941,53.750938,On or near Edward Street,E01025457,South Ribble 004B,Shoplifting,Status update unavailable,
b0b82d6306393f4d8e22ecc3a8b596a0c9bfb20063d90cf6cf57fff4f476a1f0,2019-05,Lancashire Constabulary,Lancashire Constabulary,-2.677941,53.750938,On or near Edward Street,E01025457,South Ribble 004B,Vehicle crime,Status update unavailable,
901bc47ee4c7b9aa9997243bd42df042cd7d773ac6f486d1c5a8e19253f838a6,2019-05,Lancashire Constabulary,Lancashire Constabulary,-2.677079,53.751123,On or near Victoria Road,E01025457,South Ribble 004B,Violence and sexual offences,Unable to prosecute suspect,
17e2982b1aaddae660dc8a88fedfcdf5f4bd0e2d18149a9aa3731ea0dd672aa3,2019-05,Lancashire Constabulary,Lancashire Constabulary,-2.677941,53.750938,On or near Edward Street,E01025457,South Ribble 004B,Violence and sexual offences,Status update unavailable,
ca4820b20750e910f46281cc517b955bbb23bfa0162a527dbfcf808f0174a86f,2019-05,Lancashire Constabulary,Lancashire Constabulary,-2.677375,53.751580,On or near South Ribble Street,E01025457,South Ribble 004B,Violence and sexual offences,Status update unavailable,
,2019-05,Lancashire Constabulary,Lancashire Constabulary,-2.672382,53.739024,On or near Cinnamon Hill Drive South,E01025463,South Ribble 004C,Anti-social behaviour,,
bd00d2295809c3e315f826316045ee91c9931045291f23d54c1791e4224198b1,2019-05,Lancashire Constabulary,Lancashire Constabulary,-2.675282,53.739296,On or near Kent Avenue,E01025463,South Ribble 004C,Burglary,Status update unavailable,
3034d1a8ed8d4e6bbac3aff463e71d30095b4b4418eef0a95726809eed03eaf1,2019-05,Lancashire Constabulary,Lancashire Constabulary,-2.671887,53.740321,On or near Windsor Road,E01025463,South Ribble 004C,Burglary,Status update unavailable,
c9e1a2ffb428daaef98882524266abb38771fa76e17337b3a1dfef22537fe5c2,2019-05,Lancashire Constabulary,Lancashire Constabulary,-2.675896,53.739751,On or near Alexandra Road,E01025463,South Ribble 004C,Burglary,Unable to prosecute suspect,
f73d218b71cb53c5a296b92e96510931d6e2a284392a5ed61fdd0cf5c1d3c740,2019-05,Lancashire Constabulary,Lancashire Constabulary,-2.672668,53.739868,On or near Sandringham Road,E01025463,South Ribble 004C,Burglary,Status update unavailable,
f8a2218897186401a15873e0f9d848d982299cc430405fb7f577982adb04103d,2019-05,Lancashire Constabulary,Lancashire Constabulary,-2.671887,53.740321,On or near Windsor Road,E01025463,South Ribble 004C,Burglary,Status update unavailable,
3727002482389379c830a7c4e156284c72dfb9804aa5e27ab9e2264dd574e696,2019-05,Lancashire Constabulary,Lancashire Constabulary,-2.678877,53.738475,On or near Parking Area,E01025463,South Ribble 004C,Vehicle crime,Status update unavailable,
1927604ee7119f70ace449145064836fadc537419cb8a4468318b5a84a737d8e,2019-05,Lancashire Constabulary,Lancashire Constabulary,-2.673174,53.741132,On or near Cavendish Place,E01025463,South Ribble 004C,Other crime,Status update unavailable,
,2019-05,Lancashire Constabulary,Lancashire Constabulary,-2.697236,53.741165,On or near Factory Lane,E01025464,South Ribble 004D,Anti-social behaviour,,
72ee9ff94cea231f954318fa080a127d0c4ef727fffaaec111dd692cb7fdb09c,2019-05,Lancashire Constabulary,Lancashire Constabulary,-2.684311,53.738885,On or near Millwood Road,E01025464,South Ribble 004D,Bicycle theft,Status update unavailable,
49b204ee916c1f13d6ef9ff9c649d9f955916db1c77cd7af3f3deaf862c1ff54,2019-05,Lancashire Constabulary,Lancashire Constabulary,-2.690330,53.737035,On or near Old Oak Gardens,E01025464,South Ribble 004D,Burglary,Status update unavailable,
79bf168d17b6d85117cba9fac5befb2438546b253ba4f7012a0d280a447b741b,2019-05,Lancashire Constabulary,Lancashire Constabulary,-2.689373,53.740627,On or near Clough Avenue,E01025464,South Ribble 004D,Burglary,Status update unavailable,
199ce0d8680ad7b36de39e81050ce9d124c12e4114e52b8a3ae9fc3c19dbf4a5,2019-05,Lancashire Constabulary,Lancashire Constabulary,-2.684311,53.738885,On or near Millwood Road,E01025464,South Ribble 004D,Other theft,Status update unavailable,
ed8be12fd711dab7f06f44d6a4bc575f4365734b72c3aeecdc7408ec60f1c492,2019-05,Lancashire Constabulary,Lancashire Constabulary,-2.693728,53.740817,On or near Oakland Glen,E01025464,South Ribble 004D,Other theft,Status update unavailable,
490ae1c2c4c5bf2a778417793fd3fda9f0d1c18407dc7dbfadea6a3c00b5ecba,2019-05,Lancashire Constabulary,Lancashire Constabulary,-2.690059,53.736236,On or near Summerfield Close,E01025464,South Ribble 004D,Public order,Status update unavailable,
79302a134a5edacb790e8788ca9990a61116840f6caf4342f77f564e6fc0a0f1,2019-05,Lancashire Constabulary,Lancashire Constabulary,-2.683068,53.737921,On or near The Ferns,E01025464,South Ribble 004D,Vehicle crime,Status update unavailable,
4e1572fbee22d92d67f585d141f419cd4e09f99d2175ef9340360ef7d627a5f9,2019-05,Lancashire Constabulary,Lancashire Constabulary,-2.693728,53.740817,On or near Oakland Glen,E01025464,South Ribble 004D,Violence and sexual offences,Unable to prosecute suspect,
45fc2b47c8762337dfd212b722f6b7ea6dd768c45bfdff745fcd4c9062b0d2cd,2019-05,Lancashire Constabulary,Lancashire Constabulary,-2.691315,53.737910,On or near Springwood Close,E01025464,South Ribble 004D,Violence and sexual offences,Status update unavailable,
,2019-05,Lancashire Constabulary,Lancashire Constabulary,-2.676105,53.744279,On or near Beechwood Avenue,E01025465,South Ribble 004E,Anti-social behaviour,,
,2019-05,Lancashire Constabulary,Lancashire Constabulary,-2.675058,53.742353,On or near Norfolk Road,E01025465,South Ribble 004E,Anti-social behaviour,,
ff9a4384b957f488f70f7d7b58032f33ccf9dc51601eedf404055f8de268f7f3,2019-05,Lancashire Constabulary,Lancashire Constabulary,-2.675058,53.742353,On or near Norfolk Road,E01025465,South Ribble 004E,Criminal damage and arson,Unable to prosecute suspect,
52cf33165373649c5ea85d1862a4dca3316a12dc7fa20f01f06098bc3329b045,2019-05,Lancashire Constabulary,Lancashire Constabulary,-2.675058,53.742353,On or near Norfolk Road,E01025465,South Ribble 004E,Other theft,Status update unavailable,
aa5fb6e98023526f51d0e29b07ce4a56953bda6b62d581f141f52fbedec6352b,2019-05,Lancashire Constabulary,Lancashire Constabulary,-2.674014,53.744390,On or near Heaton Close,E01025465,South Ribble 004E,Vehicle crime,Status update unavailable,
599ff58b1705c75bec9ec10b92d6e0dda0d481de652ae27fea5b6f7faa244a63,2019-05,Lancashire Constabulary,Lancashire Constabulary,-2.675058,53.742353,On or near Norfolk Road,E01025465,South Ribble 004E,Vehicle crime,Status update unavailable,
920b1e6b8654aeff172727673035c4360493422817af77ac786ccdaa12ab66ae,2019-05,Lancashire Constabulary,Lancashire Constabulary,-2.674014,53.744390,On or near Heaton Close,E01025465,South Ribble 004E,Violence and sexual offences,Unable to prosecute suspect,
8c3a80bacc3388d28a0f9ddcffb4ddbb3c73e154267ede159ce1b83e6c1318aa,2019-05,Lancashire Constabulary,Lancashire Constabulary,-2.673865,53.742674,On or near Warwick Road,E01025465,South Ribble 004E,Violence and sexual offences,Unable to prosecute suspect,
80873b2ab5b4e4afbca81ab41765148a8c109e8285559c32b178bfc11d3b8cb2,2019-05,Lancashire Constabulary,Lancashire Constabulary,-2.677270,53.743212,On or near Hennel Lane,E01025465,South Ribble 004E,Violence and sexual offences,Status update unavailable,
,2019-05,Lancashire Constabulary,Lancashire Constabulary,-2.693827,53.727505,On or near Emily Street,E01025411,South Ribble 005A,Anti-social behaviour,,
,2019-05,Lancashire Constabulary,Lancashire Constabulary,-2.694467,53.726845,On or near Coote Lane,E01025411,South Ribble 005A,Anti-social behaviour,,
,2019-05,Lancashire Constabulary,Lancashire Constabulary,-2.696711,53.730544,On or near Far Croft,E01025411,South Ribble 005A,Anti-social behaviour,,
56bc07bd92fb6d05199bb4793b286facc96956851d74d1e7152be7f1cc2303c6,2019-05,Lancashire Constabulary,Lancashire Constabulary,-2.701636,53.733158,On or near Parking Area,E01025411,South Ribble 005A,Burglary,Status update unavailable,
26da6a507f47ba3126294820618f1a8e66f67b76800acaa86209110fa0ec727a,2019-05,Lancashire Constabulary,Lancashire Constabulary,-2.694467,53.726845,On or near Coote Lane,E01025411,South Ribble 005A,Criminal damage and arson,Status update unavailable,
1ec8f845871b79db382ba9be7c4089dfb0059933bc9abe126481aff8f054bcb7,2019-05,Lancashire Constabulary,Lancashire Constabulary,-2.701636,53.733158,On or near Parking Area,E01025411,South Ribble 005A,Other theft,Status update unavailable,
c47412a0b1ae267df99cd929dd314e0601d3f05ac65399aca6bed9ded97585fc,2019-05,Lancashire Constabulary,Lancashire Constabulary,-2.705630,53.736352,On or near Lilac Avenue,E01025411,South Ribble 005A,Public order,Unable to prosecute suspect,
0a00e2bdaa6e9815ecd5fd59dc04d96cec5f0c532cecc257e2e459a739ea9045,2019-05,Lancashire Constabulary,Lancashire Constabulary,-2.705630,53.736352,On or near Lilac Avenue,E01025411,South Ribble 005A,Public order,Status update unavailable,
2e4141e1070b8c3a988b008e1b14287032de9b7a46e6150c490a5ed96b6a75bc,2019-05,Lancashire Constabulary,Lancashire Constabulary,-2.705630,53.736352,On or near Lilac Avenue,E01025411,South Ribble 005A,Violence and sexual offences,Status update unavailable,
37396258161b7d8e9a0994bbb1a66139a76c1e9406efe7d3c30c6388715b0e5a,2019-05,Lancashire Constabulary,Lancashire Constabulary,-2.699119,53.733146,On or near The Cawsey,E01025411,South Ribble 005A,Violence and sexual offences,Awaiting court outcome,
25010cfaf04dc4bf74fee502828a03aaaefca4f9b3862bb4264ba01d61587a49,2019-05,Lancashire Constabulary,Lancashire Constabulary,-2.708391,53.736435,On or near Studholme Crescent,E01025411,South Ribble 005A,Violence and sexual offences,Status update unavailable,
17c621b384b0de93b7fcf1ad9286813a6f6fa6f3291e525d8a247b5efcd04ef4,2019-05,Lancashire Constabulary,Lancashire Constabulary,-2.699119,53.733146,On or near The Cawsey,E01025411,South Ribble 005A,Violence and sexual offences,Awaiting court outcome,
27de228c2dd8921772b5cdad503648be5ef15df1b020194b5ca631b521241549,2019-05,Lancashire Constabulary,Lancashire Constabulary,-2.694467,53.726845,On or near Coote Lane,E01025411,South Ribble 005A,Violence and sexual offences,Status update unavailable,
,2019-05,Lancashire Constabulary,Lancashire Constabulary,-2.709161,53.744340,On or near Buller Avenue,E01025448,South Ribble 005B,Anti-social behaviour,,
,2019-05,Lancashire Constabulary,Lancashire Constabulary,-2.709161,53.744340,On or near Buller Avenue,E01025448,South Ribble 005B,Anti-social behaviour,,
,2019-05,Lancashire Constabulary,Lancashire Constabulary,-2.713093,53.746429,On or near Wren Avenue,E01025448,South Ribble 005B,Anti-social behaviour,,
,2019-05,Lancashire Constabulary,Lancashire Constabulary,-2.712234,53.744978,On or near Mayfield Close,E01025448,South Ribble 005B,Anti-social behaviour,,
514783e97d5b88b243ca692118e7e450c94f5d207fbf013cdb36a9d06ef63769,2019-05,Lancashire Constabulary,Lancashire Constabulary,-2.710853,53.743997,On or near Brydeck Avenue,E01025448,South Ribble 005B,Vehicle crime,Status update unavailable,
e4bbb98879ca433b5bd19987ce011ce41dd249148feae7b0ddcb72e19598e3ea,2019-05,Lancashire Constabulary,Lancashire Constabulary,-2.710999,53.746378,On or near Talbot Road,E01025448,South Ribble 005B,Violence and sexual offences,Action to be taken by another organisation,
b532ca7dd0d8cde0b7e29a55e8fa551e3381b7c0800670ffc8558fb232960ede,2019-05,Lancashire Constabulary,Lancashire Constabulary,-2.711396,53.745639,On or near Lark Avenue,E01025448,South Ribble 005B,Violence and sexual offences,Unable to prosecute suspect,
c126b138a222cd9548054ba6384f56a199a78c09a7a00272d74d8bad8bb61258,2019-05,Lancashire Constabulary,Lancashire Constabulary,-2.712097,53.745851,On or near Dove Avenue,E01025448,South Ribble 005B,Violence and sexual offences,Unable to prosecute suspect,
9e39e611f8f7c277313b35f284859cfda3e11d37a2d00c5ef22fac6f65761687,2019-05,Lancashire Constabulary,Lancashire Constabulary,-2.710999,53.746378,On or near Talbot Road,E01025448,South Ribble 005B,Violence and sexual offences,Unable to prosecute suspect,
3003ecda9f616a063e12724aa6c9f72174ea147a57646197d6a3610e2d06d527,2019-05,Lancashire Constabulary,Lancashire Constabulary,-2.709161,53.744340,On or near Buller Avenue,E01025448,South Ribble 005B,Violence and sexual offences,Status update unavailable,
4a958fe29b7c1721fe3dd666b8df4fa796d9b0957f0a9542ee154ee8cc04e1fd,2019-05,Lancashire Constabulary,Lancashire Constabulary,-2.714831,53.739839,On or near Greencroft,E01025449,South Ribble 005C,Violence and sexual offences,Status update unavailable,
,2019-05,Lancashire Constabulary,Lancashire Constabulary,-2.708372,53.738008,On or near Parrock Close,E01025450,South Ribble 005D,Anti-social behaviour,,
,2019-05,Lancashire Constabulary,Lancashire Constabulary,-2.706908,53.741145,On or near Solway Close,E01025450,South Ribble 005D,Anti-social behaviour,,
,2019-05,Lancashire Constabulary,Lancashire Constabulary,-2.706664,53.737407,On or near Hawkshead,E01025450,South Ribble 005D,Anti-social behaviour,,
,2019-05,Lancashire Constabulary,Lancashire Constabulary,-2.706908,53.741145,On or near Solway Close,E01025450,South Ribble 005D,Anti-social behaviour,,
f0486d75351bfadfdae45342fe8f673ee9a9f8e5a8b7ffd20a95ba022255ea8a,2019-05,Lancashire Constabulary,Lancashire Constabulary,-2.702232,53.741666,On or near Sports/Recreation Area,E01025450,South Ribble 005D,Criminal damage and arson,Status update unavailable,
a72e19c7ae3e59c7c0780f20ee9d91fccab7b0ce5356516fd8910375521c2f9f,2019-05,Lancashire Constabulary,Lancashire Constabulary,-2.702232,53.741666,On or near Sports/Recreation Area,E01025450,South Ribble 005D,Other theft,Status update unavailable,
0cd00c9889b9db38147324614bc492d59addb2fd2475215d5d5d59e413ac9c79,2019-05,Lancashire Constabulary,Lancashire Constabulary,-2.706908,53.741145,On or near Solway Close,E01025450,South Ribble 005D,Other theft,Status update unavailable,
c3d70b0ca168a31ff02eb5e9871177c0169a746e264f2cb7627871395fe75f73,2019-05,Lancashire Constabulary,Lancashire Constabulary,-2.708372,53.738008,On or near Parrock Close,E01025450,South Ribble 005D,Violence and sexual offences,Awaiting court outcome,
0648f1490b58cc571a8dcbf7829e0d7d91000d91a9a8716516016ce4f2e28868,2019-05,Lancashire Constabulary,Lancashire Constabulary,-2.708372,53.738008,On or near Parrock Close,E01025450,South Ribble 005D,Other crime,Awaiting court outcome,
,2019-05,Lancashire Constabulary,Lancashire Constabulary,-2.698153,53.727920,On or near Fir Trees Crescent,E01025412,South Ribble 006A,Anti-social behaviour,,
,2019-05,Lancashire Constabulary,Lancashire Constabulary,-2.698633,53.729427,On or near Conway Avenue,E01025412,South Ribble 006A,Anti-social behaviour,,
,2019-05,Lancashire Constabulary,Lancashire Constabulary,-2.712476,53.734164,On or near Meadow Field,E01025412,South Ribble 006A,Anti-social behaviour,,
,2019-05,Lancashire Constabulary,Lancashire Constabulary,-2.697325,53.727323,On or near Broad Meadow,E01025412,South Ribble 006A,Anti-social behaviour,,
3ccb13827d36b75ffd9efa0000ee3c7b83b04a87284f1b771c9d9de27950bc6b,2019-05,Lancashire Constabulary,Lancashire Constabulary,-2.698633,53.729427,On or near Conway Avenue,E01025412,South Ribble 006A,Criminal damage and arson,Unable to prosecute suspect,
69ad280899c34d25f55608300a09a04def3c6c3fa2c6de4c726228fe156bb639,2019-05,Lancashire Constabulary,Lancashire Constabulary,-2.707598,53.729824,On or near Lord'S Lane,E01025412,South Ribble 006A,Other theft,Status update unavailable,
2126d6dea85acd997895d84022c463a348455f85a96a313c0c0b141f5e01edf3,2019-05,Lancashire Constabulary,Lancashire Constabulary,-2.715452,53.732654,On or near Sports/Recreation Area,E01025412,South Ribble 006A,Public order,Awaiting court outcome,
5ee2d66bca251f35e2ff3df4952c698f3646af9f50d7e31ecb36cdabe2ab43c3,2019-05,Lancashire Constabulary,Lancashire Constabulary,-2.707598,53.729824,On or near Lord'S Lane,E01025412,South Ribble 006A,Vehicle crime,Status update unavailable,
45ad183ae7056fc8f583498eab735ef24569cc57f42eb4208c7dc6cb52fa3371,2019-05,Lancashire Constabulary,Lancashire Constabulary,-2.700042,53.730291,On or near Mark Close,E01025412,South Ribble 006A,Violence and sexual offences,Unable to prosecute suspect,
42aefec10acf5d4a68ca61ce7d01491def86508b134d08ed13d5dc6e5e19a3de,2019-05,Lancashire Constabulary,Lancashire Constabulary,-2.712476,53.734164,On or near Meadow Field,E01025412,South Ribble 006A,Violence and sexual offences,Unable to prosecute suspect,
f295304fc8e0b9b9308b4205d949172557e264bac359bc88a0def4f4f55d3a3e,2019-05,Lancashire Constabulary,Lancashire Constabulary,-2.712476,53.734164,On or near Meadow Field,E01025412,South Ribble 006A,Violence and sexual offences,Unable to prosecute suspect,
a34630eee44fb1080b3cc836500cc5da41af1ca5ce40a4191b32927613a462cf,2019-05,Lancashire Constabulary,Lancashire Constabulary,-2.700042,53.730291,On or near Mark Close,E01025412,South Ribble 006A,Violence and sexual offences,Unable to prosecute suspect,
,2019-05,Lancashire Constabulary,Lancashire Constabulary,-2.718807,53.740975,On or near Malthouse Way,E01025427,South Ribble 006B,Anti-social behaviour,,
,2019-05,Lancashire Constabulary,Lancashire Constabulary,-2.726039,53.733911,On or near Rosemary Court,E01025427,South Ribble 006B,Anti-social behaviour,,
,2019-05,Lancashire Constabulary,Lancashire Constabulary,-2.719720,53.738462,On or near Sunbury Avenue,E01025427,South Ribble 006B,Anti-social behaviour,,
,2019-05,Lancashire Constabulary,Lancashire Constabulary,-2.720501,53.739841,On or near Alderfield,E01025427,South Ribble 006B,Anti-social behaviour,,
,2019-05,Lancashire Constabulary,Lancashire Constabulary,-2.719720,53.738462,On or near Sunbury Avenue,E01025427,South Ribble 006B,Anti-social behaviour,,
,2019-05,Lancashire Constabulary,Lancashire Constabulary,-2.719720,53.738462,On or near Sunbury Avenue,E01025427,South Ribble 006B,Anti-social behaviour,,
aa74d5d7cde7fb29c1afe851f132b718a0b89cb80e04cbd134f553ed445e11fe,2019-05,Lancashire Constabulary,Lancashire Constabulary,-2.720501,53.739841,On or near Alderfield,E01025427,South Ribble 006B,Violence and sexual offences,Unable to prosecute suspect,
03de3182a311d9a37423b2ca80f02fa240b55f514d1a27ccfae0a2327db3ac1e,2019-05,Lancashire Constabulary,Lancashire Constabulary,-2.723374,53.735842,On or near Woodcroft Close,E01025427,South Ribble 006B,Violence and sexual offences,Unable to prosecute suspect,
448c79837040b2dcab9fee34bb6520935f27d95c591920695a838c74de368420,2019-05,Lancashire Constabulary,Lancashire Constabulary,-2.723606,53.738780,On or near Little Close,E01025427,South Ribble 006B,Violence and sexual offences,Unable to prosecute suspect,
495c4c41c7c0883e65be28c742ad64aa1e1a618c25d009c14a7b61cb7a078e6f,2019-05,Lancashire Constabulary,Lancashire Constabulary,-2.720501,53.739841,On or near Alderfield,E01025427,South Ribble 006B,Violence and sexual offences,Status update unavailable,
80a01b705d35b9f1979e968eb649083c436ad2994b2135abf78ae93c89fd8300,2019-05,Lancashire Constabulary,Lancashire Constabulary,-2.723374,53.735842,On or near Woodcroft Close,E01025427,South Ribble 006B,Violence and sexual offences,Further investigation is not in the public interest,
,2019-05,Lancashire Constabulary,Lancashire Constabulary,-2.718351,53.732861,On or near Copper Beeches,E01025428,South Ribble 006C,Anti-social behaviour,,
,2019-05,Lancashire Constabulary,Lancashire Constabulary,-2.718351,53.732861,On or near Copper Beeches,E01025428,South Ribble 006C,Anti-social behaviour,,
,2019-05,Lancashire Constabulary,Lancashire Constabulary,-2.718351,53.732861,On or near Copper Beeches,E01025428,South Ribble 006C,Anti-social behaviour,,
,2019-05,Lancashire Constabulary,Lancashire Constabulary,-2.713844,53.736205,On or near Leyfield,E01025428,South Ribble 006C,Anti-social behaviour,,
,2019-05,Lancashire Constabulary,Lancashire Constabulary,-2.719585,53.736809,On or near Parking Area,E01025428,South Ribble 006C,Anti-social behaviour,,
,2019-05,Lancashire Constabulary,Lancashire Constabulary,-2.713844,53.736205,On or near Leyfield,E01025428,South Ribble 006C,Anti-social behaviour,,
,2019-05,Lancashire Constabulary,Lancashire Constabulary,-2.715595,53.733920,On or near Kingsfold Drive,E01025428,South Ribble 006C,Anti-social behaviour,,
,2019-05,Lancashire Constabulary,Lancashire Constabulary,-2.715595,53.733920,On or near Kingsfold Drive,E01025428,South Ribble 006C,Anti-social behaviour,,
50d10af8ffb46169e099626ad877203bd4ec0439798cad0ebf870e540786e286,2019-05,Lancashire Constabulary,Lancashire Constabulary,-2.718351,53.732861,On or near Copper Beeches,E01025428,South Ribble 006C,Burglary,Status update unavailable,
ffff8056f79e8a481f6d43ee32f35deefe36d67ebabe78dca3da7d8bed086170,2019-05,Lancashire Constabulary,Lancashire Constabulary,-2.713844,53.736205,On or near Leyfield,E01025428,South Ribble 006C,Burglary,Status update unavailable,
d136cc80257ad6124d81fdddf9b834b869805897212428fca60d85cd2fd95146,2019-05,Lancashire Constabulary,Lancashire Constabulary,-2.713844,53.736205,On or near Leyfield,E01025428,South Ribble 006C,Criminal damage and arson,Status update unavailable,
5045128bfa9213d632b4e49d385977760ccbd588edcbb74123673323f7d62142,2019-05,Lancashire Constabulary,Lancashire Constabulary,-2.712726,53.737326,On or near Fieldfare Close,E01025428,South Ribble 006C,Criminal damage and arson,Unable to prosecute suspect,
084dc50b49815187746a8ea9281b414ee0dcd11fc04fb04ec4fb4b5633146778,2019-05,Lancashire Constabulary,Lancashire Constabulary,-2.718351,53.732861,On or near Copper Beeches,E01025428,South Ribble 006C,Criminal damage and arson,Status update unavailable,
a18e890c5341b630552639dc9e922fbf9daf498ea9c542f056dd6c19dd27e99c,2019-05,Lancashire Constabulary,Lancashire Constabulary,-2.711777,53.735876,On or near Bussel Road,E01025428,South Ribble 006C,Public order,Status update unavailable,
f2a12909aa2a169344ce59b594595df132aad6b7d1e0d99c9befdb9e542e951b,2019-05,Lancashire Constabulary,Lancashire Constabulary,-2.719585,53.736809,On or near Parking Area,E01025428,South Ribble 006C,Robbery,Status update unavailable,
2a2eb33f6f4240ca379e9d4bda6277f5d32dc577f2189600b16bcdc58e057c79,2019-05,Lancashire Constabulary,Lancashire Constabulary,-2.713846,53.735423,On or near Peterfield Road,E01025428,South Ribble 006C,Vehicle crime,Status update unavailable,
0f6dfa28853d277d65108c2ccd5d1e775d66db219236dd29bb366cd275eed281,2019-05,Lancashire Constabulary,Lancashire Constabulary,-2.718351,53.732861,On or near Copper Beeches,E01025428,South Ribble 006C,Violence and sexual offences,Unable to prosecute suspect,
0c9fc1aac3e1613d2e5798494c22cf162ca7318b85c97684c7d2f88b86bdc3cd,2019-05,Lancashire Constabulary,Lancashire Constabulary,-2.718351,53.732861,On or near Copper Beeches,E01025428,South Ribble 006C,Violence and sexual offences,Awaiting court outcome,
12b7667d93da3179c55fec3bc92129f765512b41f354d5fa31c408d370b9d730,2019-05,Lancashire Constabulary,Lancashire Constabulary,-2.711777,53.735876,On or near Bussel Road,E01025428,South Ribble 006C,Violence and sexual offences,Status update unavailable,
354856c8a6e59619a6075fc11e526b66caf2e149b8826fb27480e56bc41a6a63,2019-05,Lancashire Constabulary,Lancashire Constabulary,-2.719585,53.736809,On or near Parking Area,E01025428,South Ribble 006C,Violence and sexual offences,Further investigation is not in the public interest,
48baded21014fba28108cd5bf4fb3388935ecb7a92fddcaea260e570273ae474,2019-05,Lancashire Constabulary,Lancashire Constabulary,-2.713846,53.735423,On or near Peterfield Road,E01025428,South Ribble 006C,Violence and sexual offences,Status update unavailable,
0a995d4e7d7a3aaf8bb389b70818f156a6415b855c3a15ea99adeac816ec407a,2019-05,Lancashire Constabulary,Lancashire Constabulary,-2.717968,53.737969,On or near Bank Parade,E01025428,South Ribble 006C,Violence and sexual offences,Further investigation is not in the public interest,
80d40fc5257978d3fcc00eb1439a27c3ed84401c8919cdf69cd5ab472a823619,2019-05,Lancashire Constabulary,Lancashire Constabulary,-2.719585,53.736809,On or near Parking Area,E01025428,South Ribble 006C,Violence and sexual offences,Awaiting court outcome,
7eea041d95f0f903b4f2b7377a33a441ea180d3e8a68d637bd60cd680ea936b0,2019-05,Lancashire Constabulary,Lancashire Constabulary,-2.711777,53.735876,On or near Bussel Road,E01025428,South Ribble 006C,Violence and sexual offences,Unable to prosecute suspect,
,2019-05,Lancashire Constabulary,Lancashire Constabulary,-2.722186,53.731984,On or near Weirden Close,E01025429,South Ribble 006D,Anti-social behaviour,,
,2019-05,Lancashire Constabulary,Lancashire Constabulary,-2.722570,53.733195,On or near Higher Croft,E01025429,South Ribble 006D,Anti-social behaviour,,
,2019-05,Lancashire Constabulary,Lancashire Constabulary,-2.721988,53.734619,On or near Charnley Close,E01025429,South Ribble 006D,Anti-social behaviour,,
,2019-05,Lancashire Constabulary,Lancashire Constabulary,-2.720826,53.732235,On or near Braid Close,E01025429,South Ribble 006D,Anti-social behaviour,,
,2019-05,Lancashire Constabulary,Lancashire Constabulary,-2.721988,53.734619,On or near Charnley Close,E01025429,South Ribble 006D,Anti-social behaviour,,
,2019-05,Lancashire Constabulary,Lancashire Constabulary,-2.717443,53.734745,On or near Marl Croft,E01025429,South Ribble 006D,Anti-social behaviour,,
,2019-05,Lancashire Constabulary,Lancashire Constabulary,-2.722570,53.733195,On or near Higher Croft,E01025429,South Ribble 006D,Anti-social behaviour,,
bb180678304e7d4d4a01e6cf820d47c84b3a2509d87e1852f2bb5621bf7b3cca,2019-05,Lancashire Constabulary,Lancashire Constabulary,-2.719886,53.731333,On or near Cloughfield,E01025429,South Ribble 006D,Burglary,Status update unavailable,
de26dc96daf07cdb180ae9979f0e86fc1d99ab07199ae4fc6f9a7972b408285c,2019-05,Lancashire Constabulary,Lancashire Constabulary,-2.722570,53.733195,On or near Higher Croft,E01025429,South Ribble 006D,Burglary,Status update unavailable,
b1dc5c408136d21e745e61ec31d26f4c18e4e9122d9a8e0121761de8c2af7ebe,2019-05,Lancashire Constabulary,Lancashire Constabulary,-2.721988,53.734619,On or near Charnley Close,E01025429,South Ribble 006D,Criminal damage and arson,Awaiting court outcome,
4b48070bb72bfb95e0de522bfa1f97fb87c7541325343c755e267255b98acb4b,2019-05,Lancashire Constabulary,Lancashire Constabulary,-2.722298,53.732352,On or near Two Acre Lane,E01025429,South Ribble 006D,Criminal damage and arson,Status update unavailable,
8ec0e62d403411d08c72ef6a7e6100e3612a63a50b43b82acaa4660648dd070e,2019-05,Lancashire Constabulary,Lancashire Constabulary,-2.719886,53.731333,On or near Cloughfield,E01025429,South Ribble 006D,Criminal damage and arson,Status update unavailable,
311df93207f7f77f34608800cb4e1b911e633f4b5937fd5fbac8548b9be2c25a,2019-05,Lancashire Constabulary,Lancashire Constabulary,-2.717687,53.733980,On or near Stone Croft,E01025429,South Ribble 006D,Criminal damage and arson,Status update unavailable,
5cdad7969b3de3613b44a17e286cf3dcc9eea33e931aaa2d8392836448623822,2019-05,Lancashire Constabulary,Lancashire Constabulary,-2.724126,53.732889,On or near Fryers Close,E01025429,South Ribble 006D,Other theft,Unable to prosecute suspect,
84b5ad2ac00405caf8a9c2b2f6a61f541e2bd852be9413699bcf0e1974fef9ef,2019-05,Lancashire Constabulary,Lancashire Constabulary,-2.716768,53.734309,On or near Old Hey Croft,E01025429,South Ribble 006D,Public order,Status update unavailable,
21a713b2a1513e65c42fdd960a04ba6864d074c477686ac4d4fb24414c5077aa,2019-05,Lancashire Constabulary,Lancashire Constabulary,-2.719886,53.731333,On or near Cloughfield,E01025429,South Ribble 006D,Public order,Status update unavailable,
b6f1bba2ce5842820e71643b8621de757419742ebe88c1f82fc8c34184048b14,2019-05,Lancashire Constabulary,Lancashire Constabulary,-2.724003,53.732746,On or near Far Lane,E01025429,South Ribble 006D,Vehicle crime,Status update unavailable,
9deb7ec9e693946f342dca9e4232b72fdc04f9e64c8fb4cf719317245ed07462,2019-05,Lancashire Constabulary,Lancashire Constabulary,-2.721988,53.734619,On or near Charnley Close,E01025429,South Ribble 006D,Violence and sexual offences,Unable to prosecute suspect,
6488950e1a4f119382c7b4fa0d74d2acdc7d577ce71c55e3e472f66d7902327a,2019-05,Lancashire Constabulary,Lancashire Constabulary,-2.721988,53.734619,On or near Charnley Close,E01025429,South Ribble 006D,Violence and sexual offences,Action to be taken by another organisation,
3fcd8600582530df2f189209b50198b5b33e3d2f6f539688ce2f2a09fa6ba8ef,2019-05,Lancashire Constabulary,Lancashire Constabulary,-2.719886,53.731333,On or near Cloughfield,E01025429,South Ribble 006D,Violence and sexual offences,Status update unavailable,
6f9ca88225037c709440738378bdd31d977bfd7927540e76911d93b62b8e46dd,2019-05,Lancashire Constabulary,Lancashire Constabulary,-2.717687,53.733980,On or near Stone Croft,E01025429,South Ribble 006D,Violence and sexual offences,Local resolution,
,2019-05,Lancashire Constabulary,Lancashire Constabulary,-2.672686,53.735301,On or near Tennyson Place,E01025404,South Ribble 007A,Anti-social behaviour,,
717248e3ac2ff5663956cdbf766617d930b0be81df993c5f0522b71f4de0bfd1,2019-05,Lancashire Constabulary,Lancashire Constabulary,-2.668047,53.737170,On or near Duddle Lane,E01025404,South Ribble 007A,Violence and sexual offences,Status update unavailable,
0fd76552cdd0c680d5283b4faa55abb113f9cde5fcfa16dc35647f98c7cbba3c,2019-05,Lancashire Constabulary,Lancashire Constabulary,-2.668179,53.734041,On or near Buttermere Close,E01025404,South Ribble 007A,Violence and sexual offences,Status update unavailable,
,2019-05,Lancashire Constabulary,Lancashire Constabulary,-2.663384,53.725098,On or near Bymbrig Close,E01025405,South Ribble 007B,Anti-social behaviour,,
,2019-05,Lancashire Constabulary,Lancashire Constabulary,-2.665249,53.722229,On or near Riverside,E01025405,South Ribble 007B,Anti-social behaviour,,
,2019-05,Lancashire Constabulary,Lancashire Constabulary,-2.664820,53.725791,On or near Outram Way,E01025405,South Ribble 007B,Anti-social behaviour,,
,2019-05,Lancashire Constabulary,Lancashire Constabulary,-2.660595,53.726965,On or near Pedestrian Subway,E01025405,South Ribble 007B,Anti-social behaviour,,
,2019-05,Lancashire Constabulary,Lancashire Constabulary,-2.661670,53.724963,On or near Nelson Street,E01025405,South Ribble 007B,Anti-social behaviour,,
,2019-05,Lancashire Constabulary,Lancashire Constabulary,-2.662279,53.724196,On or near Co-Operative Street,E01025405,South Ribble 007B,Anti-social behaviour,,
8a44b1aa07c21f4ae48602f42fc635ee3457abb4bf1fdd85df952a9f0c163fe6,2019-05,Lancashire Constabulary,Lancashire Constabulary,-2.663384,53.725098,On or near Bymbrig Close,E01025405,South Ribble 007B,Criminal damage and arson,Local resolution,
59bd9f0c8c500a885b65d3f022c0e61658269f10e8349c1422a746e4481ea19a,2019-05,Lancashire Constabulary,Lancashire Constabulary,-2.662279,53.724196,On or near Co-Operative Street,E01025405,South Ribble 007B,Criminal damage and arson,Status update unavailable,
34bd0c2d1ddba876b71b395253c4bc81d23ac861078493c9ee77eee8645e9193,2019-05,Lancashire Constabulary,Lancashire Constabulary,-2.663384,53.725098,On or near Bymbrig Close,E01025405,South Ribble 007B,Criminal damage and arson,Local resolution,
c1c9dda6a6d0a8e95d9225b8580ad0931b09d514dfa610dc1925582b38e2fa5a,2019-05,Lancashire Constabulary,Lancashire Constabulary,-2.667570,53.722414,On or near Petrol Station,E01025405,South Ribble 007B,Other theft,Status update unavailable,
9be82b353e92cc8ad644b2286dfaea873bca98b150882eb69b243539053adda0,2019-05,Lancashire Constabulary,Lancashire Constabulary,-2.662196,53.723738,On or near Duke Street,E01025405,South Ribble 007B,Other theft,Unable to prosecute suspect,
5859ed5d0e9d6f7b713322d269be362f326f9046069cd393ea37e3444eb58ccc,2019-05,Lancashire Constabulary,Lancashire Constabulary,-2.661407,53.726592,On or near Police Station,E01025405,South Ribble 007B,Other theft,Status update unavailable,
b4430e0ca9d23c93ef406295f07ad4da1f2ebb831b4bab4e4e1cd9443bb8c630,2019-05,Lancashire Constabulary,Lancashire Constabulary,-2.667570,53.722414,On or near Petrol Station,E01025405,South Ribble 007B,Other theft,Status update unavailable,
2ad07d7a6188288f5815031ace0a916d622ea5f717ea682ecccd4aeec8dd5e66,2019-05,Lancashire Constabulary,Lancashire Constabulary,-2.662279,53.724196,On or near Co-Operative Street,E01025405,South Ribble 007B,Public order,Awaiting court outcome,
fde418eb6deec020fc0e08d6d8e3cd5dc701ecbd890638553680c8100664e833,2019-05,Lancashire Constabulary,Lancashire Constabulary,-2.665249,53.722229,On or near Riverside,E01025405,South Ribble 007B,Public order,Status update unavailable,
4a966f35b6d9e2c19e7fb8fd29b1315d06c864f5c83e6a045dc5460be775d39e,2019-05,Lancashire Constabulary,Lancashire Constabulary,-2.667570,53.722414,On or near Petrol Station,E01025405,South Ribble 007B,Shoplifting,Status update unavailable,
9e0654fa104851576a7cd8f45b3284b92d352041918a5a3a59522b4ff8dbad22,2019-05,Lancashire Constabulary,Lancashire Constabulary,-2.667570,53.722414,On or near Petrol Station,E01025405,South Ribble 007B,Shoplifting,Status update unavailable,
50d8427b4e2d3de346915d3b2d444e7cbcfacccf4b2187ad2fe1a9a88597504b,2019-05,Lancashire Constabulary,Lancashire Constabulary,-2.668670,53.724844,On or near Sports/Recreation Area,E01025405,South Ribble 007B,Shoplifting,Status update unavailable,
730b6bab3307be43f516a92f7ab240a3661e804fbab827e5665dfd019718fc86,2019-05,Lancashire Constabulary,Lancashire Constabulary,-2.667570,53.722414,On or near Petrol Station,E01025405,South Ribble 007B,Vehicle crime,Status update unavailable,
63f403920b4a0f811e0c9313dcef14809ad571b5fb048411c39886a030a60545,2019-05,Lancashire Constabulary,Lancashire Constabulary,-2.662279,53.724196,On or near Co-Operative Street,E01025405,South Ribble 007B,Violence and sexual offences,Status update unavailable,
3c03b93dde3b650d360007fd82ade9697948c8b99d140668cbd8b40c46f50709,2019-05,Lancashire Constabulary,Lancashire Constabulary,-2.663384,53.725098,On or near Bymbrig Close,E01025405,South Ribble 007B,Violence and sexual offences,Unable to prosecute suspect,
877760a840aed506549a0de5279f627bdff81791dd67602116806e1afcb1e2d0,2019-05,Lancashire Constabulary,Lancashire Constabulary,-2.661363,53.724749,On or near Smithy Street,E01025405,South Ribble 007B,Violence and sexual offences,Unable to prosecute suspect,
cf0f1a14e1e75bd57cbf2092b5a77145da75b0c57c2884b47344a2dcfc9663e7,2019-05,Lancashire Constabulary,Lancashire Constabulary,-2.662279,53.724196,On or near Co-Operative Street,E01025405,South Ribble 007B,Violence and sexual offences,Local resolution,
46b031c4eb84fdf0788cbb1d50a7d6a2db533abb3cdc803db69d2cb583fb0984,2019-05,Lancashire Constabulary,Lancashire Constabulary,-2.663384,53.725098,On or near Bymbrig Close,E01025405,South Ribble 007B,Violence and sexual offences,Status update unavailable,
0d21d31f10b55f000389996ddab8cb10364f78fd6ed78ddd3568c69cf7758973,2019-05,Lancashire Constabulary,Lancashire Constabulary,-2.661407,53.726592,On or near Police Station,E01025405,South Ribble 007B,Violence and sexual offences,Unable to prosecute suspect,
,2019-05,Lancashire Constabulary,Lancashire Constabulary,-2.668403,53.732890,On or near Kentmere Avenue,E01025406,South Ribble 007C,Anti-social behaviour,,
,2019-05,Lancashire Constabulary,Lancashire Constabulary,-2.673483,53.728241,On or near Brownedge Road,E01025406,South Ribble 007C,Anti-social behaviour,,
8092748cec9cd9b3470183eacf8b2c42c4a906496ce9db90ba3f3c6bde40375f,2019-05,Lancashire Constabulary,Lancashire Constabulary,-2.672272,53.732131,On or near Danesway,E01025406,South Ribble 007C,Burglary,Status update unavailable,
dfea13ec5f6f48587b7ff7993c46091ff84144db97f73d2e305d64776140c9af,2019-05,Lancashire Constabulary,Lancashire Constabulary,-2.672272,53.732131,On or near Danesway,E01025406,South Ribble 007C,Burglary,Status update unavailable,
8f4b4b011ded4ea362111a116cdb6f23c5466e6759246357d679d3e445e3c683,2019-05,Lancashire Constabulary,Lancashire Constabulary,-2.672272,53.732131,On or near Danesway,E01025406,South Ribble 007C,Burglary,Status update unavailable,
813cb5edb3976c279cf1d3b0e308299cfaebff3a53825642ecaec46f746ceb9c,2019-05,Lancashire Constabulary,Lancashire Constabulary,-2.670201,53.733473,On or near Duddle Lane,E01025406,South Ribble 007C,Public order,Unable to prosecute suspect,
69cd3bbd02ebaf3a8acdf1f43f213050c453cee43c5442ad1a16db613625712c,2019-05,Lancashire Constabulary,Lancashire Constabulary,-2.670201,53.733473,On or near Duddle Lane,E01025406,South Ribble 007C,Public order,Unable to prosecute suspect,
6c846623b56453da41d6f3e0396eb06171d039a14bd2fb6d5f8c830a72ff2df5,2019-05,Lancashire Constabulary,Lancashire Constabulary,-2.670201,53.733473,On or near Duddle Lane,E01025406,South Ribble 007C,Vehicle crime,Status update unavailable,
0b7ebbe4b88a7fbaa00aa905f1a19d5f720b90412713b67808f798d0987c52da,2019-05,Lancashire Constabulary,Lancashire Constabulary,-2.670201,53.733473,On or near Duddle Lane,E01025406,South Ribble 007C,Violence and sexual offences,Unable to prosecute suspect,
,2019-05,Lancashire Constabulary,Lancashire Constabulary,-2.662997,53.732246,On or near Greenwood Street,E01025407,South Ribble 007D,Anti-social behaviour,,
,2019-05,Lancashire Constabulary,Lancashire Constabulary,-2.661512,53.729378,On or near Teven Street,E01025407,South Ribble 007D,Anti-social behaviour,,
,2019-05,Lancashire Constabulary,Lancashire Constabulary,-2.663308,53.729880,On or near Ellen Street,E01025407,South Ribble 007D,Anti-social behaviour,,
,2019-05,Lancashire Constabulary,Lancashire Constabulary,-2.661188,53.729029,On or near Clayton Street,E01025407,South Ribble 007D,Anti-social behaviour,,
,2019-05,Lancashire Constabulary,Lancashire Constabulary,-2.663103,53.731274,On or near Aspden Street,E01025407,South Ribble 007D,Anti-social behaviour,,
,2019-05,Lancashire Constabulary,Lancashire Constabulary,-2.665629,53.729984,On or near Brownedge Lane,E01025407,South Ribble 007D,Anti-social behaviour,,
,2019-05,Lancashire Constabulary,Lancashire Constabulary,-2.661772,53.729547,On or near Oakland Street,E01025407,South Ribble 007D,Anti-social behaviour,,
,2019-05,Lancashire Constabulary,Lancashire Constabulary,-2.663308,53.729880,On or near Ellen Street,E01025407,South Ribble 007D,Anti-social behaviour,,
6ce66a30bf2a7a828119802fd3577b78dcd694e14b6c023c28466d9b670fc4b3,2019-05,Lancashire Constabulary,Lancashire Constabulary,-2.662353,53.730829,On or near John Street,E01025407,South Ribble 007D,Criminal damage and arson,Status update unavailable,
183fb3f02200dc171929a4e8bda125860dc5fce09ceb2a9346a24016b57d285e,2019-05,Lancashire Constabulary,Lancashire Constabulary,-2.668063,53.729575,On or near Baxendale Grove,E01025407,South Ribble 007D,Criminal damage and arson,Status update unavailable,
1ef61d6497a296145f53c294457c9a0439b00b715f427ad5bb458e9010a0bc48,2019-05,Lancashire Constabulary,Lancashire Constabulary,-2.663103,53.731274,On or near Aspden Street,E01025407,South Ribble 007D,Other theft,Offender given a caution,
ad210506ef21acba869b20170fff285535458a2cbee13c181d709810b7a71761,2019-05,Lancashire Constabulary,Lancashire Constabulary,-2.662136,53.730498,On or near James Street,E01025407,South Ribble 007D,Other theft,Status update unavailable,
7a48afa4e13f9859846768bd952da49e582a6c99ca1f9aceeb065f83c13559ec,2019-05,Lancashire Constabulary,Lancashire Constabulary,-2.662434,53.728276,On or near Kingsway,E01025407,South Ribble 007D,Public order,Unable to prosecute suspect,
2c3f1c5a702140bdf48b7e76282bcf7bbe15287ac0cd11f69db594cac4033b36,2019-05,Lancashire Constabulary,Lancashire Constabulary,-2.663103,53.731274,On or near Aspden Street,E01025407,South Ribble 007D,Public order,Status update unavailable,
0d1567b5f3b463b4a40256d2831a0bcc25f30da90750c615decc062a5e8e4fe0,2019-05,Lancashire Constabulary,Lancashire Constabulary,-2.662357,53.732033,On or near Hodson Street,E01025407,South Ribble 007D,Vehicle crime,Status update unavailable,
fa3a12ec84b5ab5a22a3a94bd8cfb34805c20b2f0325835a9a08e6bdef50057b,2019-05,Lancashire Constabulary,Lancashire Constabulary,-2.664254,53.728338,On or near Queensway,E01025407,South Ribble 007D,Violence and sexual offences,Unable to prosecute suspect,
686d94f5be4301258ac6611acad47c54b5a633a87b42c7085b4fa7ab687b5370,2019-05,Lancashire Constabulary,Lancashire Constabulary,-2.665332,53.728485,On or near Regentsway,E01025407,South Ribble 007D,Violence and sexual offences,Status update unavailable,
1a02564f5e29fa1594332360dd99d745d6240588639e434d306b4f5195032d56,2019-05,Lancashire Constabulary,Lancashire Constabulary,-2.664254,53.728338,On or near Queensway,E01025407,South Ribble 007D,Violence and sexual offences,Unable to prosecute suspect,
80baf0786b8221a9e65805f358a9254ba27e5e9ee3d31ef81931ad59ebf6d504,2019-05,Lancashire Constabulary,Lancashire Constabulary,-2.661270,53.727509,On or near Moon Street,E01025407,South Ribble 007D,Violence and sexual offences,Unable to prosecute suspect,
eb29c88897fd63b6861e4c321ebc8738bdc1ca71bcd2cd79a6720f8f424ae868,2019-05,Lancashire Constabulary,Lancashire Constabulary,-2.665332,53.728485,On or near Regentsway,E01025407,South Ribble 007D,Violence and sexual offences,Further investigation is not in the public interest,
,2019-05,Lancashire Constabulary,Lancashire Constabulary,-2.659479,53.729299,On or near Withy Grove Road,E01025399,South Ribble 008A,Anti-social behaviour,,
,2019-05,Lancashire Constabulary,Lancashire Constabulary,-2.660272,53.728602,On or near Tyne Street,E01025399,South Ribble 008A,Anti-social behaviour,,
,2019-05,Lancashire Constabulary,Lancashire Constabulary,-2.660680,53.730443,On or near Eaveswood Close,E01025399,South Ribble 008A,Anti-social behaviour,,
,2019-05,Lancashire Constabulary,Lancashire Constabulary,-2.660366,53.734588,On or near Skipton Close,E01025399,South Ribble 008A,Anti-social behaviour,,
,2019-05,Lancashire Constabulary,Lancashire Constabulary,-2.659479,53.729299,On or near Withy Grove Road,E01025399,South Ribble 008A,Anti-social behaviour,,
,2019-05,Lancashire Constabulary,Lancashire Constabulary,-2.659479,53.729299,On or near Withy Grove Road,E01025399,South Ribble 008A,Anti-social behaviour,,
5a4834d506ed71cdcbeb6f70907e6b868f7cfa64b145120ca83ffe2904f474b2,2019-05,Lancashire Constabulary,Lancashire Constabulary,-2.656899,53.731965,On or near Poplar Avenue,E01025399,South Ribble 008A,Criminal damage and arson,Status update unavailable,
5e8b7c35b9e47784fcc16ef9919e315558c15fdc481543f53155ef8c0e610ed7,2019-05,Lancashire Constabulary,Lancashire Constabulary,-2.659479,53.729299,On or near Withy Grove Road,E01025399,South Ribble 008A,Criminal damage and arson,Status update unavailable,
a8c927274e389f2d6b6d625a0f4c5b8320964d143aaf7321465fd147101d95d3,2019-05,Lancashire Constabulary,Lancashire Constabulary,-2.658008,53.731168,On or near Maple Drive,E01025399,South Ribble 008A,Criminal damage and arson,Status update unavailable,
0ac2752a5892665fc3583accb78ec2f9eec83d91271f5fa6abf1f986cd7eed23,2019-05,Lancashire Constabulary,Lancashire Constabulary,-2.658276,53.730887,On or near Elm Drive,E01025399,South Ribble 008A,Criminal damage and arson,Status update unavailable,
02376fd4131cc3163afc1fcd66d507c856b53fce01535c52844e93d25cd91dd7,2019-05,Lancashire Constabulary,Lancashire Constabulary,-2.658008,53.731168,On or near Maple Drive,E01025399,South Ribble 008A,Criminal damage and arson,Status update unavailable,
113b8e46a0a32617ef294e28656ecb7b249046547084ee439c67a8f588160d37,2019-05,Lancashire Constabulary,Lancashire Constabulary,-2.657127,53.733941,On or near The Crescent,E01025399,South Ribble 008A,Criminal damage and arson,Status update unavailable,
24447324d33aeaaf1858e83e448620c579974417d3741beb7c34081207f4a3a3,2019-05,Lancashire Constabulary,Lancashire Constabulary,-2.655689,53.734074,On or near Collins Road North,E01025399,South Ribble 008A,Criminal damage and arson,Status update unavailable,
100a4f134eecc83876f6ee018edd986c39a0a162d488e39a713bb3c922df776d,2019-05,Lancashire Constabulary,Lancashire Constabulary,-2.657127,53.733941,On or near The Crescent,E01025399,South Ribble 008A,Other theft,Further investigation is not in the public interest,
858ca06802c7887880b5944067db71d490e5c02a70e2cf125864c87f06fc7b8c,2019-05,Lancashire Constabulary,Lancashire Constabulary,-2.660272,53.728602,On or near Tyne Street,E01025399,South Ribble 008A,Other theft,Local resolution,
68ebce2d49a2272fa4ff376a6bcf69acf1824bcecdc719b11952d7dd90499296,2019-05,Lancashire Constabulary,Lancashire Constabulary,-2.660272,53.728602,On or near Tyne Street,E01025399,South Ribble 008A,Public order,Further investigation is not in the public interest,
519d88f47e8ba442f7a7cd0251deb6026f9927613d42a2d75c56b791ecdab7a4,2019-05,Lancashire Constabulary,Lancashire Constabulary,-2.657965,53.733271,On or near Whitefield Meadow,E01025399,South Ribble 008A,Public order,Unable to prosecute suspect,
47ff2ae4b5c327cf7b6eaab386721bfa87ad9f9556a850ba222ffbdac999ba50,2019-05,Lancashire Constabulary,Lancashire Constabulary,-2.659479,53.729299,On or near Withy Grove Road,E01025399,South Ribble 008A,Shoplifting,Unable to prosecute suspect,
c76c7c2156dfaeceb5821964d2d2f7725210b58be1a0d3e26a40ed25eb235338,2019-05,Lancashire Constabulary,Lancashire Constabulary,-2.658017,53.729783,On or near Withy Grove Crescent,E01025399,South Ribble 008A,Violence and sexual offences,Unable to prosecute suspect,
f6dcf732f7aad29e675bedf98ae297c9747a1c374b6f5c7a4780b17e4cf5473f,2019-05,Lancashire Constabulary,Lancashire Constabulary,-2.657815,53.732418,On or near Collins Road,E01025399,South Ribble 008A,Violence and sexual offences,Awaiting court outcome,
b714c5d9c35585e450fdd1d7e8c65784ac50f14f2c8e03b421e9bd1839267906,2019-05,Lancashire Constabulary,Lancashire Constabulary,-2.659479,53.729299,On or near Withy Grove Road,E01025399,South Ribble 008A,Violence and sexual offences,Status update unavailable,
2fb1834d8f76ff54a8adbe51704fabd62662b47e06d8165ea77fa7e1235437cf,2019-05,Lancashire Constabulary,Lancashire Constabulary,-2.657127,53.733941,On or near The Crescent,E01025399,South Ribble 008A,Violence and sexual offences,Unable to prosecute suspect,
0ec5fce18fe600369a7f44ce9f5a01420c17ad6f1f9b783c86f72c990cd43bbf,2019-05,Lancashire Constabulary,Lancashire Constabulary,-2.660680,53.730443,On or near Eaveswood Close,E01025399,South Ribble 008A,Violence and sexual offences,Unable to prosecute suspect,
83c11013bf179fcc0b0dd6f35b24928040e0aa2e1149dab9d04a26586ce92ee9,2019-05,Lancashire Constabulary,Lancashire Constabulary,-2.658017,53.729783,On or near Withy Grove Crescent,E01025399,South Ribble 008A,Violence and sexual offences,Unable to prosecute suspect,
10f8a4123ded01bacf75f957638e17c7311b45c8a30165b87be0cb9b7f82656e,2019-05,Lancashire Constabulary,Lancashire Constabulary,-2.651432,53.729352,On or near Sports/Recreation Area,E01025400,South Ribble 008B,Bicycle theft,Status update unavailable,
781399c313cd5e4d7e7204438b630b7f83efdc4633a7c820becef9be0d5fb32b,2019-05,Lancashire Constabulary,Lancashire Constabulary,-2.634200,53.722478,On or near Brindle Fold,E01025400,South Ribble 008B,Bicycle theft,Status update unavailable,
576c80781ac5b1d470b8b7a10c23e56a89ba4e238c4d0d2689a4f99afa083e84,2019-05,Lancashire Constabulary,Lancashire Constabulary,-2.635020,53.723589,On or near Craigflower Court,E01025400,South Ribble 008B,Burglary,Status update unavailable,
6939752f5f6ebe90a447f9eca28316e07ed2823bebded6f0a5bf4c9c4a637e58,2019-05,Lancashire Constabulary,Lancashire Constabulary,-2.640167,53.720227,On or near Ranglet Road,E01025400,South Ribble 008B,Burglary,Status update unavailable,
f14a1f4d9afbc75e70144edf2a5e4d64ec751552d005e02e01f9d42fa74f8a85,2019-05,Lancashire Constabulary,Lancashire Constabulary,-2.635020,53.723589,On or near Craigflower Court,E01025400,South Ribble 008B,Burglary,Status update unavailable,
bb28e7cedbecc0b0b61d32cd14e158a2bab3db3467ff24ca041c8bd452ce7fc9,2019-05,Lancashire Constabulary,Lancashire Constabulary,-2.640167,53.720227,On or near Ranglet Road,E01025400,South Ribble 008B,Criminal damage and arson,Status update unavailable,
810dbdd1602c3a8fb100afca03e4ccedc326b0338c643462ae5da1215fcc8dd0,2019-05,Lancashire Constabulary,Lancashire Constabulary,-2.651734,53.728299,On or near Sports/Recreation Area,E01025400,South Ribble 008B,Criminal damage and arson,Status update unavailable,
f8f0afb4f43cf3ce825d3b1c96cbb1969a4e9b9d441cdec29c2e4f110007ca1c,2019-05,Lancashire Constabulary,Lancashire Constabulary,-2.651934,53.731443,On or near Hazel Avenue,E01025400,South Ribble 008B,Drugs,Unable to prosecute suspect,
f87e4fe608b759846530406910691bbb84247f0ee8c3c89bb6386c0c0a6910cd,2019-05,Lancashire Constabulary,Lancashire Constabulary,-2.635020,53.723589,On or near Craigflower Court,E01025400,South Ribble 008B,Vehicle crime,Status update unavailable,
5fe724202e85d9df31381e01cb9a927f01a85a57dda9dc2644a0d29cb0d375ed,2019-05,Lancashire Constabulary,Lancashire Constabulary,-2.654901,53.731176,On or near Poplar Close,E01025400,South Ribble 008B,Vehicle crime,Status update unavailable,
b9bfb3d25d8e5e7561fb6e073dd286b30c3573f7ecd1efbb5c3677c84e6654dc,2019-05,Lancashire Constabulary,Lancashire Constabulary,-2.649069,53.726533,On or near Further Field,E01025400,South Ribble 008B,Violence and sexual offences,Further investigation is not in the public interest,
bbf2eba2de19bbb7a2f4ebc400f90705338cda6a3f3d7360909646d0660337b4,2019-05,Lancashire Constabulary,Lancashire Constabulary,-2.649069,53.726533,On or near Further Field,E01025400,South Ribble 008B,Violence and sexual offences,Unable to prosecute suspect,
ea29f2806da4262a8aa49af0473b17be28e46ab19e7279ab640accfa55c16937,2019-05,Lancashire Constabulary,Lancashire Constabulary,-2.649069,53.726533,On or near Further Field,E01025400,South Ribble 008B,Violence and sexual offences,Investigation complete; no suspect identified,
,2019-05,Lancashire Constabulary,Lancashire Constabulary,-2.648810,53.719569,On or near Seedlee Road,E01025401,South Ribble 008C,Anti-social behaviour,,
,2019-05,Lancashire Constabulary,Lancashire Constabulary,-2.656595,53.726124,On or near Savick Close,E01025401,South Ribble 008C,Anti-social behaviour,,
63b0ae9b6c995361829ed043618b025507d0b7943f832af46dacb022a2686c37,2019-05,Lancashire Constabulary,Lancashire Constabulary,-2.659832,53.725702,On or near Jackson Street,E01025401,South Ribble 008C,Criminal damage and arson,Status update unavailable,
10796c164ee25fe39ce85d6626fcc0adc5adadd688874a5f928aa0db6ea6431f,2019-05,Lancashire Constabulary,Lancashire Constabulary,-2.659832,53.725702,On or near Jackson Street,E01025401,South Ribble 008C,Criminal damage and arson,Status update unavailable,
58a57e02396a6a05b6ebd9efa9276586017729bcf898298e6b53add8cb10bce8,2019-05,Lancashire Constabulary,Lancashire Constabulary,-2.659832,53.725702,On or near Jackson Street,E01025401,South Ribble 008C,Criminal damage and arson,Status update unavailable,
04334b6bf65891a61e303df746a43677301b37138003c4155c6a06a113fbeeaf,2019-05,Lancashire Constabulary,Lancashire Constabulary,-2.658634,53.725645,On or near Montgomery Street,E01025401,South Ribble 008C,Criminal damage and arson,Status update unavailable,
81f27e34c0cd818ac84e9090119daecd986f37cece35be4f324eb26b8cc4abe7,2019-05,Lancashire Constabulary,Lancashire Constabulary,-2.661379,53.722871,On or near Back Club Street,E01025401,South Ribble 008C,Other theft,Status update unavailable,
b66460055a89272fd7a2f1c013b566585855583711a119dd7dcd46be05930a7d,2019-05,Lancashire Constabulary,Lancashire Constabulary,-2.661379,53.722871,On or near Back Club Street,E01025401,South Ribble 008C,Other theft,Status update unavailable,
8727045e3be9c1b9526ed03e6122f8d77518bea510fb2708a31be145686e0177,2019-05,Lancashire Constabulary,Lancashire Constabulary,-2.649463,53.723565,On or near Bradkirk Place,E01025401,South Ribble 008C,Vehicle crime,Status update unavailable,
e5662b68f1da119b0b2848a129bbf4e930e7cd7aaf7de320279e7a3d5df28f15,2019-05,Lancashire Constabulary,Lancashire Constabulary,-2.658467,53.726581,On or near Cambridge Road,E01025401,South Ribble 008C,Violence and sexual offences,Unable to prosecute suspect,
3e4bb65ba74bacf3f28cfd75b0fac59a254f6d6166adbf630c7d78a1d3391a00,2019-05,Lancashire Constabulary,Lancashire Constabulary,-2.662054,53.722391,On or near Spinners Square,E01025401,South Ribble 008C,Violence and sexual offences,Action to be taken by another organisation,
b5efa5aa750f820097bb9895494fb206cac2d4159b46b77ed883644429baa27f,2019-05,Lancashire Constabulary,Lancashire Constabulary,-2.655367,53.726050,On or near Asland Close,E01025401,South Ribble 008C,Violence and sexual offences,Status update unavailable,
,2019-05,Lancashire Constabulary,Lancashire Constabulary,-2.654893,53.737503,On or near Charnley Court,E01025402,South Ribble 008D,Anti-social behaviour,,
,2019-05,Lancashire Constabulary,Lancashire Constabulary,-2.663071,53.734052,On or near Balshaw Street,E01025402,South Ribble 008D,Anti-social behaviour,,
,2019-05,Lancashire Constabulary,Lancashire Constabulary,-2.662033,53.735532,On or near St Aidan'S Road,E01025402,South Ribble 008D,Anti-social behaviour,,
,2019-05,Lancashire Constabulary,Lancashire Constabulary,-2.660977,53.737802,On or near Park/Open Space,E01025402,South Ribble 008D,Anti-social behaviour,,
,2019-05,Lancashire Constabulary,Lancashire Constabulary,-2.663071,53.734052,On or near Balshaw Street,E01025402,South Ribble 008D,Anti-social behaviour,,
,2019-05,Lancashire Constabulary,Lancashire Constabulary,-2.662033,53.735532,On or near St Aidan'S Road,E01025402,South Ribble 008D,Anti-social behaviour,,
,2019-05,Lancashire Constabulary,Lancashire Constabulary,-2.659830,53.737198,On or near School Street,E01025402,South Ribble 008D,Anti-social behaviour,,
,2019-05,Lancashire Constabulary,Lancashire Constabulary,-2.653239,53.733468,On or near Brindle Court,E01025402,South Ribble 008D,Anti-social behaviour,,
39548d472272de82779163dea61c7d910da6093ea584cbe1bdc69a05d8ffea6b,2019-05,Lancashire Constabulary,Lancashire Constabulary,-2.660977,53.737802,On or near Park/Open Space,E01025402,South Ribble 008D,Bicycle theft,Status update unavailable,
a97f0b382275ef3fc123c41fe7ffa0582eed1f8fd3c9e09bc18cc89efb41e618,2019-05,Lancashire Constabulary,Lancashire Constabulary,-2.653239,53.733468,On or near Brindle Court,E01025402,South Ribble 008D,Burglary,Status update unavailable,
284933bd1eb82a901c10374c0ad1abcdd810a942735afbce67595906bdef9b44,2019-05,Lancashire Constabulary,Lancashire Constabulary,-2.659830,53.737198,On or near School Street,E01025402,South Ribble 008D,Criminal damage and arson,Unable to prosecute suspect,
920257d2dfc384ad615208c8ce8bb241282060331291b61212986dfd9b93f80a,2019-05,Lancashire Constabulary,Lancashire Constabulary,-2.659939,53.736397,On or near School Lane,E01025402,South Ribble 008D,Public order,Offender given a caution,
b1c93bcb6febfa5b7292cb0e9cf4cf7fc033709d91aec1d69871cbd350b7c9ff,2019-05,Lancashire Constabulary,Lancashire Constabulary,-2.662033,53.735532,On or near St Aidan'S Road,E01025402,South Ribble 008D,Public order,Unable to prosecute suspect,
122a7ed2dd8a21a26f0ef9d33fee48f5f3d26aff6120370ccf028fc603484ef9,2019-05,Lancashire Constabulary,Lancashire Constabulary,-2.663076,53.734402,On or near Longworth Street,E01025402,South Ribble 008D,Vehicle crime,Investigation complete; no suspect identified,
afc37e3c8bb8192259708ec16449d6c21cca8f187b760a378ee3eb46d8883d12,2019-05,Lancashire Constabulary,Lancashire Constabulary,-2.654893,53.737503,On or near Charnley Court,E01025402,South Ribble 008D,Violence and sexual offences,Status update unavailable,
d6be8a5b39cbcf766eb3354f3fc0591c63bb81564289bbf9d5c43886c7729961,2019-05,Lancashire Constabulary,Lancashire Constabulary,-2.657800,53.740193,On or near Halliwell Heights,E01025402,South Ribble 008D,Violence and sexual offences,Unable to prosecute suspect,
9cf386b5f5129d1f9c9e89b46392ad61431cb7fcfaf89eee5ac71cd7c73836bf,2019-05,Lancashire Constabulary,Lancashire Constabulary,-2.654893,53.737503,On or near Charnley Court,E01025402,South Ribble 008D,Violence and sexual offences,Unable to prosecute suspect,
31ee384742d2c0f47983306d2c9b19e74abb5c0ab06a18c7b844a7b097231e85,2019-05,Lancashire Constabulary,Lancashire Constabulary,-2.662033,53.735532,On or near St Aidan'S Road,E01025402,South Ribble 008D,Violence and sexual offences,Status update unavailable,
820ee7ce90e3623660f86ddb11f95c5cc8126f6de6ee509023670c8c7d975f6e,2019-05,Lancashire Constabulary,Lancashire Constabulary,-2.658606,53.741276,On or near Emlsett Road,E01025402,South Ribble 008D,Violence and sexual offences,Status update unavailable,
8d9520e12c9e8cac280ec220064cec911401b8f41a3e6e76dc16ecb6ecb81cff,2019-05,Lancashire Constabulary,Lancashire Constabulary,-2.663269,53.735075,On or near Pear Tree Street,E01025402,South Ribble 008D,Violence and sexual offences,Status update unavailable,
f414263fee1614f4a20f4c8f163eaef969f5f8b311d09ab921f538f90903f4c1,2019-05,Lancashire Constabulary,Lancashire Constabulary,-2.653239,53.733468,On or near Brindle Court,E01025402,South Ribble 008D,Violence and sexual offences,Unable to prosecute suspect,
,2019-05,Lancashire Constabulary,Lancashire Constabulary,-2.690906,53.725041,On or near Lindley Street,E01025442,South Ribble 009A,Anti-social behaviour,,
,2019-05,Lancashire Constabulary,Lancashire Constabulary,-2.685897,53.722688,On or near Pages Court,E01025442,South Ribble 009A,Anti-social behaviour,,
,2019-05,Lancashire Constabulary,Lancashire Constabulary,-2.685897,53.722688,On or near Pages Court,E01025442,South Ribble 009A,Anti-social behaviour,,
,2019-05,Lancashire Constabulary,Lancashire Constabulary,-2.685897,53.722688,On or near Pages Court,E01025442,South Ribble 009A,Anti-social behaviour,,
,2019-05,Lancashire Constabulary,Lancashire Constabulary,-2.685897,53.722688,On or near Pages Court,E01025442,South Ribble 009A,Anti-social behaviour,,
,2019-05,Lancashire Constabulary,Lancashire Constabulary,-2.687305,53.721691,On or near Lostock Square,E01025442,South Ribble 009A,Anti-social behaviour,,
2d59260d556ab6de895a61e63d0ca0512028786bd362762cf1c1c265d250104b,2019-05,Lancashire Constabulary,Lancashire Constabulary,-2.687940,53.722514,On or near King Street,E01025442,South Ribble 009A,Criminal damage and arson,Status update unavailable,
5d057be69a72ffaebd91911fb1a749941bbec900cd6c34551df7e4f123b7cead,2019-05,Lancashire Constabulary,Lancashire Constabulary,-2.687305,53.721691,On or near Lostock Square,E01025442,South Ribble 009A,Criminal damage and arson,Status update unavailable,
4e7e64147a0ff7a3296af92f5f0399839a4a2bb35c488b4bbc25a92790d1f5b1,2019-05,Lancashire Constabulary,Lancashire Constabulary,-2.685341,53.721127,On or near Lord'S Avenue,E01025442,South Ribble 009A,Criminal damage and arson,Local resolution,
c8a9af37501607e868414cc0d19932707e0b90fe42535b17b04561e6168fe86a,2019-05,Lancashire Constabulary,Lancashire Constabulary,-2.687940,53.722514,On or near King Street,E01025442,South Ribble 009A,Criminal damage and arson,Status update unavailable,
5594f322e388d5ed9817698647f0427c9b802787700edd26df2a73807de439ba,2019-05,Lancashire Constabulary,Lancashire Constabulary,-2.690649,53.720450,On or near Lostock View,E01025442,South Ribble 009A,Violence and sexual offences,Status update unavailable,
f7be93215b61bb6ca5e3014fddbe7661ab0cefb13f07905e1563f81d3099f6af,2019-05,Lancashire Constabulary,Lancashire Constabulary,-2.690649,53.720450,On or near Lostock View,E01025442,South Ribble 009A,Violence and sexual offences,Unable to prosecute suspect,
74e2af400745a5641ea7c091a000cad15873ba6b2bd25b27391799a8ab67cc5e,2019-05,Lancashire Constabulary,Lancashire Constabulary,-2.691231,53.725435,On or near Sephton Street,E01025442,South Ribble 009A,Violence and sexual offences,Unable to prosecute suspect,
,2019-05,Lancashire Constabulary,Lancashire Constabulary,-2.682241,53.727167,On or near Petrol Station,E01025443,South Ribble 009B,Anti-social behaviour,,
8254cd44c68519e434336eaaa21f56b9c9e9b5b29ac064840539b50834c482fd,2019-05,Lancashire Constabulary,Lancashire Constabulary,-2.678704,53.723996,On or near Breeze Mount,E01025443,South Ribble 009B,Criminal damage and arson,Status update unavailable,
8d90f0f13538087480c08d9dcc90713b1848278e34602feb2db3c303cfd0c121,2019-05,Lancashire Constabulary,Lancashire Constabulary,-2.682241,53.727167,On or near Petrol Station,E01025443,South Ribble 009B,Criminal damage and arson,Status update unavailable,
972aabeeb9bbaa3f1ec6e29474c57d5afde07bccf9c14207393a937732250a0d,2019-05,Lancashire Constabulary,Lancashire Constabulary,-2.673651,53.726452,On or near London Way,E01025443,South Ribble 009B,Criminal damage and arson,Status update unavailable,
0b1500e5684982dad3b97e7ff96b3959b7a512b242818507647b072a09addf37,2019-05,Lancashire Constabulary,Lancashire Constabulary,-2.675704,53.725901,On or near Riverway Close,E01025443,South Ribble 009B,Violence and sexual offences,Unable to prosecute suspect,
b8bf9ea552586502ff0104ba0e8d4906f32ce465ed07e0514051c528652a8c05,2019-05,Lancashire Constabulary,Lancashire Constabulary,-2.676438,53.727245,On or near Irongate,E01025443,South Ribble 009B,Violence and sexual offences,Unable to prosecute suspect,
,2019-05,Lancashire Constabulary,Lancashire Constabulary,-2.686420,53.726909,On or near Moss Street,E01025444,South Ribble 009C,Anti-social behaviour,,
,2019-05,Lancashire Constabulary,Lancashire Constabulary,-2.685883,53.725582,On or near Maureen Avenue,E01025444,South Ribble 009C,Anti-social behaviour,,
73bc4a40c90df5582cd92dc45e9ac6e5616aadbc7b627c4903080df54ca24285,2019-05,Lancashire Constabulary,Lancashire Constabulary,-2.685998,53.726094,On or near Marilyn Avenue,E01025444,South Ribble 009C,Criminal damage and arson,Action to be taken by another organisation,
a021513ccc502946db88ff930258a80d83a5a8b2604b8abd9c174659c9c9caab,2019-05,Lancashire Constabulary,Lancashire Constabulary,-2.689924,53.726107,On or near St James Close,E01025444,South Ribble 009C,Shoplifting,Status update unavailable,
09887b085bc90fd8c66c79585e7cd54bdff72cce675e240d5522483e7766640d,2019-05,Lancashire Constabulary,Lancashire Constabulary,-2.685998,53.726094,On or near Marilyn Avenue,E01025444,South Ribble 009C,Vehicle crime,Status update unavailable,
20c3434efd7c788f77edc6149f5368e226763a0dd6cf907f466e1b196e5b4665,2019-05,Lancashire Constabulary,Lancashire Constabulary,-2.689924,53.726107,On or near St James Close,E01025444,South Ribble 009C,Violence and sexual offences,Status update unavailable,
423e9873b22aa26c5ecc5ec6995d85e65fe777e5f49f881da4acb1c8d02d5f3d,2019-05,Lancashire Constabulary,Lancashire Constabulary,-2.687023,53.724830,On or near Fern Close,E01025444,South Ribble 009C,Violence and sexual offences,Status update unavailable,
,2019-05,Lancashire Constabulary,Lancashire Constabulary,-2.683288,53.736581,On or near High Meadow,E01025461,South Ribble 009D,Anti-social behaviour,,
,2019-05,Lancashire Constabulary,Lancashire Constabulary,-2.687962,53.735907,On or near The Vale,E01025461,South Ribble 009D,Anti-social behaviour,,
b7529a3fa24aa173ff28ff8774a59af3fc1b3c9776c0c4b7b497c1ca2edac1e8,2019-05,Lancashire Constabulary,Lancashire Constabulary,-2.684565,53.728385,On or near Sports/Recreation Area,E01025461,South Ribble 009D,Burglary,Status update unavailable,
c7a3ef36b0e59e837870d16c28528239645ee3eaa4389892cf8165ed6de36baf,2019-05,Lancashire Constabulary,Lancashire Constabulary,-2.686581,53.735861,On or near Dorchester Avenue,E01025461,South Ribble 009D,Violence and sexual offences,Action to be taken by another organisation,
4d8801e587771f295a1e181b7b2c2743f99eaf20fa62262fa64b2f7591bdb008,2019-05,Lancashire Constabulary,Lancashire Constabulary,-2.687206,53.732334,On or near Doodstone Drive,E01025461,South Ribble 009D,Violence and sexual offences,Offender given a caution,
3a423ca7766b3daa46102ca1ba40cf823c52aa365221764f8fb2146c9e591256,2019-05,Lancashire Constabulary,Lancashire Constabulary,-2.687206,53.732334,On or near Doodstone Drive,E01025461,South Ribble 009D,Violence and sexual offences,Offender given a caution,
4649fcb3baa38869fcf4275bc898c592e0f1a03f80b7a065417a63d43e073e65,2019-05,Lancashire Constabulary,Lancashire Constabulary,-2.687206,53.732334,On or near Doodstone Drive,E01025461,South Ribble 009D,Violence and sexual offences,Status update unavailable,
,2019-05,Lancashire Constabulary,Lancashire Constabulary,-2.692215,53.730894,On or near Ampleforth Drive,E01025462,South Ribble 009E,Anti-social behaviour,,
,2019-05,Lancashire Constabulary,Lancashire Constabulary,-2.690680,53.730660,On or near New Road,E01025462,South Ribble 009E,Anti-social behaviour,,
,2019-05,Lancashire Constabulary,Lancashire Constabulary,-2.691585,53.730349,On or near St Cuthbert'S Road,E01025462,South Ribble 009E,Anti-social behaviour,,
ee41befd6b8379ee89812f00c400bf8201caf0e56e7896af7cac94bc3dac1996,2019-05,Lancashire Constabulary,Lancashire Constabulary,-2.685641,53.727453,On or near Brownedge Road,E01025462,South Ribble 009E,Burglary,Status update unavailable,
eccc7b6c799086ea5afe02b9e430eaf5de145c79a41e6420cbad1829d1186086,2019-05,Lancashire Constabulary,Lancashire Constabulary,-2.691239,53.729632,On or near Mercer Road,E01025462,South Ribble 009E,Criminal damage and arson,Status update unavailable,
08f85aedc2cf43258233e001a956c32b1e2828ff7bd2030b2388ad7686ee6d1b,2019-05,Lancashire Constabulary,Lancashire Constabulary,-2.693320,53.733548,On or near Handshaw Drive,E01025462,South Ribble 009E,Other theft,Status update unavailable,
ecf129ca75ce2338cf851c5b69b2363c2e41ccbd91193ff7e03c23972081136f,2019-05,Lancashire Constabulary,Lancashire Constabulary,-2.691585,53.730349,On or near St Cuthbert'S Road,E01025462,South Ribble 009E,Violence and sexual offences,Unable to prosecute suspect,
7ddce8cff0f2b6142d7b1cc792bce6ec12449ef49c4bec5ffb6fb63b3d51c0cf,2019-05,Lancashire Constabulary,Lancashire Constabulary,-2.687697,53.728053,On or near Cypress Grove,E01025462,South Ribble 009E,Violence and sexual offences,Further investigation is not in the public interest,
014321162f5ade4dbf11e3a7347699aabe47efff9cab3b7e5eb0d703695cfeb1,2019-05,Lancashire Constabulary,Lancashire Constabulary,-2.687478,53.728557,On or near Linden Close,E01025462,South Ribble 009E,Violence and sexual offences,Further investigation is not in the public interest,
d2cd1ed1b9d7437ebc6dc477a917752ccd520ccfafb110fcea5e5ece5bf3f536,2019-05,Lancashire Constabulary,Lancashire Constabulary,-2.687697,53.728053,On or near Cypress Grove,E01025462,South Ribble 009E,Other crime,Status update unavailable,
584ae62b800b0d76c7f1e4edc7048b99a4d83ae4214ef503683b6198ceac8b6c,2019-05,Lancashire Constabulary,Lancashire Constabulary,-2.687697,53.728053,On or near Cypress Grove,E01025462,South Ribble 009E,Other crime,Further investigation is not in the public interest,
f15d17889983b0b4676d9aacde97a91de739b3fd3ad88195bec6f229e75f4df6,2019-05,Lancashire Constabulary,Lancashire Constabulary,-2.687697,53.728053,On or near Cypress Grove,E01025462,South Ribble 009E,Other crime,Further investigation is not in the public interest,
,2019-05,Lancashire Constabulary,Lancashire Constabulary,-2.774644,53.730884,On or near Birchwood Avenue,E01025439,South Ribble 010A,Anti-social behaviour,,
,2019-05,Lancashire Constabulary,Lancashire Constabulary,-2.780324,53.727413,On or near Blackhurst Court,E01025439,South Ribble 010A,Anti-social behaviour,,
,2019-05,Lancashire Constabulary,Lancashire Constabulary,-2.780324,53.727413,On or near Blackhurst Court,E01025439,South Ribble 010A,Anti-social behaviour,,
774f447468b1e49934eaaa66cc0d5d6c9a30f87da1c0dcd34b4df307e8b1503b,2019-05,Lancashire Constabulary,Lancashire Constabulary,-2.780324,53.727413,On or near Blackhurst Court,E01025439,South Ribble 010A,Criminal damage and arson,Status update unavailable,
fffd9fc490351630315d2ad94637ba00f6e73a74e747e6666c0e8801c3b30b17,2019-05,Lancashire Constabulary,Lancashire Constabulary,-2.767228,53.724001,On or near Chapel Meadow,E01025439,South Ribble 010A,Other theft,Status update unavailable,
91cf9eabd42c378415b9e5d17cca4adc88c113cd4a3b3e0925a45f30a35769bb,2019-05,Lancashire Constabulary,Lancashire Constabulary,-2.774644,53.730884,On or near Birchwood Avenue,E01025439,South Ribble 010A,Vehicle crime,Status update unavailable,
7cfdb16dccd25393b779d97eef099bf4f2007d2e0d8595f6d07b4347c4a17b2b,2019-05,Lancashire Constabulary,Lancashire Constabulary,-2.767228,53.724001,On or near Chapel Meadow,E01025439,South Ribble 010A,Violence and sexual offences,Unable to prosecute suspect,
d822a7fa67ea67fc45bd1efe3a0127e33ecb8f96fd59284be699c3a1dd511372,2019-05,Lancashire Constabulary,Lancashire Constabulary,-2.767228,53.724001,On or near Chapel Meadow,E01025439,South Ribble 010A,Violence and sexual offences,Unable to prosecute suspect,
b982984667f828f9a8a8d0a44f563415e989d6c790fe4f5e2d68e73249693843,2019-05,Lancashire Constabulary,Lancashire Constabulary,-2.780324,53.727413,On or near Blackhurst Court,E01025439,South Ribble 010A,Violence and sexual offences,Action to be taken by another organisation,
,2019-05,Lancashire Constabulary,Lancashire Constabulary,-2.764256,53.731463,On or near Moor Lane,E01025453,South Ribble 010B,Anti-social behaviour,,
,2019-05,Lancashire Constabulary,Lancashire Constabulary,-2.764256,53.731463,On or near Moor Lane,E01025453,South Ribble 010B,Anti-social behaviour,,
,2019-05,Lancashire Constabulary,Lancashire Constabulary,-2.759616,53.732202,On or near Longton By-Pass,E01025453,South Ribble 010B,Anti-social behaviour,,
,2019-05,Lancashire Constabulary,Lancashire Constabulary,-2.759616,53.732202,On or near Longton By-Pass,E01025453,South Ribble 010B,Anti-social behaviour,,
,2019-05,Lancashire Constabulary,Lancashire Constabulary,-2.757018,53.727662,On or near Saunders' Lane,E01025453,South Ribble 010B,Anti-social behaviour,,
,2019-05,Lancashire Constabulary,Lancashire Constabulary,-2.759616,53.732202,On or near Longton By-Pass,E01025453,South Ribble 010B,Anti-social behaviour,,
,2019-05,Lancashire Constabulary,Lancashire Constabulary,-2.759616,53.732202,On or near Longton By-Pass,E01025453,South Ribble 010B,Anti-social behaviour,,
,2019-05,Lancashire Constabulary,Lancashire Constabulary,-2.757018,53.727662,On or near Saunders' Lane,E01025453,South Ribble 010B,Anti-social behaviour,,
,2019-05,Lancashire Constabulary,Lancashire Constabulary,-2.759616,53.732202,On or near Longton By-Pass,E01025453,South Ribble 010B,Anti-social behaviour,,
,2019-05,Lancashire Constabulary,Lancashire Constabulary,-2.762501,53.735015,On or near Hall Croft,E01025453,South Ribble 010B,Anti-social behaviour,,
,2019-05,Lancashire Constabulary,Lancashire Constabulary,-2.764256,53.731463,On or near Moor Lane,E01025453,South Ribble 010B,Anti-social behaviour,,
69aab3adf506527ce4f20e4a5bdd4a5bc557603478d8c79558eb2a854ff49ee1,2019-05,Lancashire Constabulary,Lancashire Constabulary,-2.764256,53.731463,On or near Moor Lane,E01025453,South Ribble 010B,Public order,Status update unavailable,
d46ff356d41d2af04e51f7ba93163285694e59412da3bd48956ab018963ffa6d,2019-05,Lancashire Constabulary,Lancashire Constabulary,-2.751259,53.732821,On or near Scarlett Drive,E01025453,South Ribble 010B,Public order,Status update unavailable,
dba408111e523590486e5fc388e354b82d61424d532d95af984b7b1aa46c1030,2019-05,Lancashire Constabulary,Lancashire Constabulary,-2.764256,53.731463,On or near Moor Lane,E01025453,South Ribble 010B,Violence and sexual offences,Unable to prosecute suspect,
13cd618f979472037a15c714ed83d1ed4d11e35a6f93966d18b12c417287b66d,2019-05,Lancashire Constabulary,Lancashire Constabulary,-2.761067,53.735330,On or near Anchor Drive,E01025453,South Ribble 010B,Violence and sexual offences,Unable to prosecute suspect,
,2019-05,Lancashire Constabulary,Lancashire Constabulary,-2.746829,53.725739,On or near Hey End,E01025454,South Ribble 010C,Anti-social behaviour,,
dfa99ab106ea31745c17d53a0d1bbcfff03bac2bd4656f107c4b75f3f823db45,2019-05,Lancashire Constabulary,Lancashire Constabulary,-2.744660,53.725654,On or near Spinney Close,E01025454,South Ribble 010C,Burglary,Status update unavailable,
99299eeac63c451dd8165be8c30a2dc92ff701e0bc2be11c96127d0f23a95641,2019-05,Lancashire Constabulary,Lancashire Constabulary,-2.746519,53.725346,On or near Dickson Hey,E01025454,South Ribble 010C,Violence and sexual offences,Unable to prosecute suspect,
18f098f3c2c7eac43a0ac1f096c67151737558ab966d1a05262ba0978519e609,2019-05,Lancashire Constabulary,Lancashire Constabulary,-2.746519,53.725346,On or near Dickson Hey,E01025454,South Ribble 010C,Violence and sexual offences,Unable to prosecute suspect,
,2019-05,Lancashire Constabulary,Lancashire Constabulary,-2.744220,53.717927,On or near Long Moss Meadows,E01025455,South Ribble 010D,Anti-social behaviour,,
,2019-05,Lancashire Constabulary,Lancashire Constabulary,-2.743310,53.723882,On or near Knot Acre,E01025455,South Ribble 010D,Anti-social behaviour,,
cd7cd86fab143281e03c173c55416e9ca32fbecc0805fe11c260fb2db671f8a5,2019-05,Lancashire Constabulary,Lancashire Constabulary,-2.767212,53.714824,On or near Six Acre Lane,E01025455,South Ribble 010D,Public order,Status update unavailable,
,2019-05,Lancashire Constabulary,Lancashire Constabulary,-2.799166,53.699515,On or near Windgate,E01025436,South Ribble 011A,Anti-social behaviour,,
,2019-05,Lancashire Constabulary,Lancashire Constabulary,-2.799166,53.699515,On or near Windgate,E01025436,South Ribble 011A,Anti-social behaviour,,
6dd06a955fb859176170521bfaa00c2e32f28ac256b4bff834e8f5f7c7806323,2019-05,Lancashire Constabulary,Lancashire Constabulary,-2.799969,53.701128,On or near Barnfield,E01025436,South Ribble 011A,Violence and sexual offences,Status update unavailable,
0eca3a43fcac06494aa2ecb7b1933ebc2595a735c4220d8651615e3e8b215ed2,2019-05,Lancashire Constabulary,Lancashire Constabulary,-2.805048,53.698217,On or near Turnpike Close,E01025436,South Ribble 011A,Violence and sexual offences,Unable to prosecute suspect,
bebcde8203fac34a6a3fcbc8f7058cd3bcd88aa8b906b684bcc95ea034cf84e1,2019-05,Lancashire Constabulary,Lancashire Constabulary,-2.805048,53.698217,On or near Turnpike Close,E01025436,South Ribble 011A,Violence and sexual offences,Status update unavailable,
37f06403355d1eb952f69d074dd9d4b0d4987b9c7a0097edb8242623b00ff79a,2019-05,Lancashire Constabulary,Lancashire Constabulary,-2.805048,53.698217,On or near Turnpike Close,E01025436,South Ribble 011A,Violence and sexual offences,Status update unavailable,
0811fdd568c8158865490cda54511d1a20ad181e44209aae7fd4fc8a2f50db45,2019-05,Lancashire Constabulary,Lancashire Constabulary,-2.790561,53.709163,On or near Jubilee Road,E01025437,South Ribble 011B,Burglary,Status update unavailable,
2f3a5ba3d60e6b6abe54d880d5c7351937721c573e8d72edc3a113764f4d5708,2019-05,Lancashire Constabulary,Lancashire Constabulary,-2.790561,53.709163,On or near Jubilee Road,E01025437,South Ribble 011B,Vehicle crime,Status update unavailable,
64816839ca0a2b48254d5fa3acab3f259ddd6e8e359dd1462c911c3189484059,2019-05,Lancashire Constabulary,Lancashire Constabulary,-2.788250,53.713555,On or near Great Gill,E01025437,South Ribble 011B,Vehicle crime,Status update unavailable,
eeede42db94e6283d8be86b488e5f97a8c35d367215d89d0b2312cd6a3adea93,2019-05,Lancashire Constabulary,Lancashire Constabulary,-2.790364,53.710746,On or near Liverpool Old Road,E01025437,South Ribble 011B,Violence and sexual offences,Status update unavailable,
8da69ec5da304dc64284eb0d256ed660a8c8fdaaa6e091450c7d494452bb8c97,2019-05,Lancashire Constabulary,Lancashire Constabulary,-2.783863,53.709045,On or near Dob Lane,E01025437,South Ribble 011B,Violence and sexual offences,Unable to prosecute suspect,
,2019-05,Lancashire Constabulary,Lancashire Constabulary,-2.811385,53.728411,On or near Grange Lane,E01025438,South Ribble 011C,Anti-social behaviour,,
,2019-05,Lancashire Constabulary,Lancashire Constabulary,-2.792991,53.727168,On or near Aspendale Close,E01025438,South Ribble 011C,Anti-social behaviour,,
,2019-05,Lancashire Constabulary,Lancashire Constabulary,-2.792991,53.727168,On or near Aspendale Close,E01025438,South Ribble 011C,Anti-social behaviour,,
36ad1f21d44545a2d9b02de0b3cc6dac76163d6cc9b154c0e588469086aec31f,2019-05,Lancashire Constabulary,Lancashire Constabulary,-2.790055,53.729848,On or near Hambleton Close,E01025440,South Ribble 011D,Violence and sexual offences,Status update unavailable,
ed69ce2bba504dca67c5902ea6bc6f7313c8111973ded5a71ad85be8896f11cd,2019-05,Lancashire Constabulary,Lancashire Constabulary,-2.788800,53.730827,On or near The Crofts,E01025440,South Ribble 011D,Violence and sexual offences,Status update unavailable,
,2019-05,Lancashire Constabulary,Lancashire Constabulary,-2.785275,53.726311,On or near West View,E01025441,South Ribble 011E,Anti-social behaviour,,
,2019-05,Lancashire Constabulary,Lancashire Constabulary,-2.790093,53.725399,On or near Grove Avenue,E01025441,South Ribble 011E,Anti-social behaviour,,
,2019-05,Lancashire Constabulary,Lancashire Constabulary,-2.785621,53.728583,On or near Long Croft,E01025441,South Ribble 011E,Anti-social behaviour,,
,2019-05,Lancashire Constabulary,Lancashire Constabulary,-2.785503,53.723892,On or near School Lane,E01025441,South Ribble 011E,Anti-social behaviour,,
,2019-05,Lancashire Constabulary,Lancashire Constabulary,-2.785503,53.723892,On or near School Lane,E01025441,South Ribble 011E,Anti-social behaviour,,
,2019-05,Lancashire Constabulary,Lancashire Constabulary,-2.784467,53.726047,On or near Pinfold,E01025441,South Ribble 011E,Anti-social behaviour,,
ed0e7c3d5180fa3a1ead5ca775039e56215b5f4bf4d3ff99a1c1229b0c390746,2019-05,Lancashire Constabulary,Lancashire Constabulary,-2.783323,53.727286,On or near Franklands Fold,E01025441,South Ribble 011E,Criminal damage and arson,Status update unavailable,
294a35d7e5bba4d4d3f7617803e291538e971c64d5be7b6593bd46256e271972,2019-05,Lancashire Constabulary,Lancashire Constabulary,-2.783323,53.727286,On or near Franklands Fold,E01025441,South Ribble 011E,Other theft,Status update unavailable,
2792dbdf92908378795aacfbfff3e65e63eb9c49a9ccd5dbc19f88482100534c,2019-05,Lancashire Constabulary,Lancashire Constabulary,-2.786011,53.727583,On or near East Square,E01025441,South Ribble 011E,Shoplifting,Status update unavailable,
11c9e103d8e91ab0ca118e162602b4c7f190efa4b4ff9deaa68b93f0cdc728d0,2019-05,Lancashire Constabulary,Lancashire Constabulary,-2.785621,53.728583,On or near Long Croft,E01025441,South Ribble 011E,Violence and sexual offences,Status update unavailable,
b572d5c3a455e597cfe6921e1e6b4053c827f1aeed30bdfae73c78c545db0ab7,2019-05,Lancashire Constabulary,Lancashire Constabulary,-2.781301,53.725322,On or near Old School Drive,E01025441,South Ribble 011E,Violence and sexual offences,Status update unavailable,
,2019-05,Lancashire Constabulary,Lancashire Constabulary,-2.669307,53.721047,On or near Lostock Lane,E01025417,South Ribble 012A,Anti-social behaviour,,
,2019-05,Lancashire Constabulary,Lancashire Constabulary,-2.678621,53.706569,On or near Bristol Avenue,E01025417,South Ribble 012A,Anti-social behaviour,,
,2019-05,Lancashire Constabulary,Lancashire Constabulary,-2.669307,53.721047,On or near Lostock Lane,E01025417,South Ribble 012A,Anti-social behaviour,,
,2019-05,Lancashire Constabulary,Lancashire Constabulary,-2.682163,53.704553,On or near Stevenson Avenue,E01025417,South Ribble 012A,Anti-social behaviour,,
,2019-05,Lancashire Constabulary,Lancashire Constabulary,-2.669307,53.721047,On or near Lostock Lane,E01025417,South Ribble 012A,Anti-social behaviour,,
,2019-05,Lancashire Constabulary,Lancashire Constabulary,-2.682163,53.704553,On or near Stevenson Avenue,E01025417,South Ribble 012A,Anti-social behaviour,,
e075e35b3d423b371494350935f01b7d02717f47293a23e9905ebb30b9b5475c,2019-05,Lancashire Constabulary,Lancashire Constabulary,-2.687547,53.704936,On or near Park/Open Space,E01025417,South Ribble 012A,Burglary,Status update unavailable,
a9feb3c74a7cceb2b6983a0a3f620db322bfe45f32edc6d73c9b536e748df252,2019-05,Lancashire Constabulary,Lancashire Constabulary,-2.686344,53.702651,On or near Mill Street,E01025417,South Ribble 012A,Criminal damage and arson,Unable to prosecute suspect,
e06734a4ae47b409571f61951d28048f6dba7952ec5c2d517441c7094c671806,2019-05,Lancashire Constabulary,Lancashire Constabulary,-2.681765,53.708016,On or near Stanley Avenue,E01025417,South Ribble 012A,Other theft,Status update unavailable,
3d2b3607ff2a4240f54d66d9ad0626eac3e5af05a86677a53c58dd7b6612b3d2,2019-05,Lancashire Constabulary,Lancashire Constabulary,-2.681313,53.707272,On or near Stanley Road,E01025417,South Ribble 012A,Vehicle crime,Status update unavailable,
7c2cdecaa223fb52ff063ad28390a3f4a8676398959faf63718362aee05ae814,2019-05,Lancashire Constabulary,Lancashire Constabulary,-2.686344,53.702651,On or near Mill Street,E01025417,South Ribble 012A,Violence and sexual offences,Unable to prosecute suspect,
d3817162f48abcf49dd8638f9db33ed953369496817661f429fa0fa7b7408eba,2019-05,Lancashire Constabulary,Lancashire Constabulary,-2.678621,53.706569,On or near Bristol Avenue,E01025417,South Ribble 012A,Violence and sexual offences,Status update unavailable,
4f17dd5b78c2744a392b8318d68153bffadc6a63146763f9463a8a6afa3020f9,2019-05,Lancashire Constabulary,Lancashire Constabulary,-2.669307,53.721047,On or near Lostock Lane,E01025417,South Ribble 012A,Violence and sexual offences,Awaiting court outcome,
2d44420bf6d9b4e188ef62e0d20c1f45f2527b7c857ef6b4729aadf2b3f97652,2019-05,Lancashire Constabulary,Lancashire Constabulary,-2.680267,53.703422,On or near Lever House Lane,E01025417,South Ribble 012A,Violence and sexual offences,Unable to prosecute suspect,
30579532d120b87c1ae1d027f23b864a0c90451d2cb225c43d831801f01f635b,2019-05,Lancashire Constabulary,Lancashire Constabulary,-2.686344,53.702651,On or near Mill Street,E01025417,South Ribble 012A,Violence and sexual offences,Offender given a caution,
,2019-05,Lancashire Constabulary,Lancashire Constabulary,-2.685120,53.701930,On or near Rose Street,E01025418,South Ribble 012B,Anti-social behaviour,,
3d654fab53f45a12b72927ef08d5bb7a7ecdeb109b27a197965033239f4984c3,2019-05,Lancashire Constabulary,Lancashire Constabulary,-2.685120,53.701930,On or near Rose Street,E01025418,South Ribble 012B,Criminal damage and arson,Status update unavailable,
3d8a42e4ed4c7ae438c481c34d1439c7b0e187127b3ea656a76845e8b6181922,2019-05,Lancashire Constabulary,Lancashire Constabulary,-2.685120,53.701930,On or near Rose Street,E01025418,South Ribble 012B,Other theft,Status update unavailable,
285d0c63fe2b09f2e87f75283c116b00508ae3b24595cb0091e8cc90b6a2c769,2019-05,Lancashire Constabulary,Lancashire Constabulary,-2.685120,53.701930,On or near Rose Street,E01025418,South Ribble 012B,Public order,Status update unavailable,
ce53c69ba4ff1421ec72392b9f439b404f83907abe6c31dd90648255e6728f44,2019-05,Lancashire Constabulary,Lancashire Constabulary,-2.683687,53.701335,On or near East Street,E01025418,South Ribble 012B,Vehicle crime,Status update unavailable,
f15820dd9acb68364b7bde670daf7f5fc0ee874c42183eeeda8414702da4424c,2019-05,Lancashire Constabulary,Lancashire Constabulary,-2.684551,53.703263,On or near Stanifield Close,E01025418,South Ribble 012B,Violence and sexual offences,Unable to prosecute suspect,
3706cec382339f73159c0c892e8f73ed25984529db96b42e5708ca218e095e8a,2019-05,Lancashire Constabulary,Lancashire Constabulary,-2.684551,53.703263,On or near Stanifield Close,E01025418,South Ribble 012B,Violence and sexual offences,Unable to prosecute suspect,
3f996b72191ba9eaf4f32c52f532c896a0a522bd678124e348fcb031a311049a,2019-05,Lancashire Constabulary,Lancashire Constabulary,-2.684551,53.703263,On or near Stanifield Close,E01025418,South Ribble 012B,Violence and sexual offences,Unable to prosecute suspect,
,2019-05,Lancashire Constabulary,Lancashire Constabulary,-2.697253,53.723890,On or near Rushy Hey,E01025419,South Ribble 012C,Anti-social behaviour,,
,2019-05,Lancashire Constabulary,Lancashire Constabulary,-2.692492,53.725616,On or near Jubilee Road,E01025419,South Ribble 012C,Anti-social behaviour,,
,2019-05,Lancashire Constabulary,Lancashire Constabulary,-2.697253,53.723890,On or near Rushy Hey,E01025419,South Ribble 012C,Anti-social behaviour,,
,2019-05,Lancashire Constabulary,Lancashire Constabulary,-2.719045,53.722952,On or near Chain House Lane,E01025419,South Ribble 012C,Anti-social behaviour,,
,2019-05,Lancashire Constabulary,Lancashire Constabulary,-2.698915,53.722685,On or near School Lane,E01025419,South Ribble 012C,Anti-social behaviour,,
8b8e2dd3bde4979c095341ea558e12736aea683fa31618e031b96a7cedbfc685,2019-05,Lancashire Constabulary,Lancashire Constabulary,-2.698334,53.722400,On or near Chadwick Gardens,E01025419,South Ribble 012C,Criminal damage and arson,Awaiting court outcome,
3330601eb5c99064aadda51f3457c7c67946bbfe19fd56215536162b8759cfaf,2019-05,Lancashire Constabulary,Lancashire Constabulary,-2.719045,53.722952,On or near Chain House Lane,E01025419,South Ribble 012C,Criminal damage and arson,Status update unavailable,
e30c34d67538f4d9d3e65d39576bef0d205f33be73c74d2ae939f26b5407bd4a,2019-05,Lancashire Constabulary,Lancashire Constabulary,-2.727214,53.724718,On or near Newgate Lane,E01025419,South Ribble 012C,Other theft,Status update unavailable,
56c5585ab90ded7081c38a44148198c5f76133e9d4536ae4f5f5c76a5efd8e37,2019-05,Lancashire Constabulary,Lancashire Constabulary,-2.726986,53.718500,On or near Parker Lane,E01025419,South Ribble 012C,Other theft,Status update unavailable,
9809976e75b40ebf49cc41e3e9f21e894f1a08429f9a272909328d15adc2c579,2019-05,Lancashire Constabulary,Lancashire Constabulary,-2.692649,53.724123,On or near Westfield,E01025419,South Ribble 012C,Other theft,Status update unavailable,
39ef58ceaf826c2f2d6f4059afdc6e608cc6a250cf06458ad01c2a4ce8cb67f6,2019-05,Lancashire Constabulary,Lancashire Constabulary,-2.697253,53.723890,On or near Rushy Hey,E01025419,South Ribble 012C,Public order,Status update unavailable,
6b40ffad22064a5df3ca5d1d4c18c52da25dfa2669c2edb0be3815c8bb185b82,2019-05,Lancashire Constabulary,Lancashire Constabulary,-2.698034,53.721629,On or near Kellet Acre,E01025419,South Ribble 012C,Violence and sexual offences,Status update unavailable,
be9e1b1a5c83bd9b8c5b76fbed7cf51b6e5d0673f6aefec0fd160ab81de3583e,2019-05,Lancashire Constabulary,Lancashire Constabulary,-2.703170,53.720664,On or near Hillside Avenue,E01025419,South Ribble 012C,Violence and sexual offences,Status update unavailable,
cf48d874d0922cede14a6104acfd5004bea70347a50f567f71e51a00e668370d,2019-05,Lancashire Constabulary,Lancashire Constabulary,-2.698034,53.721629,On or near Kellet Acre,E01025419,South Ribble 012C,Violence and sexual offences,Unable to prosecute suspect,
b3be772b4f33ffbec24cb19c73b51df39c573af9361444cc491c6aa4317d06e2,2019-05,Lancashire Constabulary,Lancashire Constabulary,-2.703722,53.720158,On or near Cheshire House Close,E01025419,South Ribble 012C,Other crime,Status update unavailable,
,2019-05,Lancashire Constabulary,Lancashire Constabulary,-2.690642,53.707057,On or near Centurion Way,E01025420,South Ribble 012D,Anti-social behaviour,,
,2019-05,Lancashire Constabulary,Lancashire Constabulary,-2.695275,53.703237,On or near Grasmere Avenue,E01025420,South Ribble 012D,Anti-social behaviour,,
,2019-05,Lancashire Constabulary,Lancashire Constabulary,-2.708619,53.704031,On or near Morley Croft,E01025420,South Ribble 012D,Anti-social behaviour,,
,2019-05,Lancashire Constabulary,Lancashire Constabulary,-2.690642,53.707057,On or near Centurion Way,E01025420,South Ribble 012D,Anti-social behaviour,,
,2019-05,Lancashire Constabulary,Lancashire Constabulary,-2.696098,53.722782,On or near Squirrel'S Chase,E01025420,South Ribble 012D,Anti-social behaviour,,
,2019-05,Lancashire Constabulary,Lancashire Constabulary,-2.695275,53.703237,On or near Grasmere Avenue,E01025420,South Ribble 012D,Anti-social behaviour,,
,2019-05,Lancashire Constabulary,Lancashire Constabulary,-2.690642,53.707057,On or near Centurion Way,E01025420,South Ribble 012D,Anti-social behaviour,,
4d4bca74786ec6206d492fb3db9adbba61ba03b97ab8b51fdd296f3b301f2ce8,2019-05,Lancashire Constabulary,Lancashire Constabulary,-2.695275,53.703237,On or near Grasmere Avenue,E01025420,South Ribble 012D,Burglary,Status update unavailable,
89bc3076e5705fae70f6dd36b423d8b11538c43d7f4c554e502f7f755376854e,2019-05,Lancashire Constabulary,Lancashire Constabulary,-2.711141,53.703558,On or near Crofters Meadow,E01025420,South Ribble 012D,Burglary,Status update unavailable,
f4b03228c28e62ba7749fc85df05faeb792a6ad396cc233480e6ca2c5b4e694b,2019-05,Lancashire Constabulary,Lancashire Constabulary,-2.708347,53.703197,On or near Meadowland Close,E01025420,South Ribble 012D,Burglary,Status update unavailable,
789928b21c62c8cc350e206302f4cdf8c9547383870e63eae73d726ce4bd9c72,2019-05,Lancashire Constabulary,Lancashire Constabulary,-2.703339,53.717185,On or near Lower Field,E01025420,South Ribble 012D,Burglary,Status update unavailable,
08faef88773e84e96e46ff2c60f23a3ac6672a34083ed6e88593100a824f1b68,2019-05,Lancashire Constabulary,Lancashire Constabulary,-2.705032,53.715099,On or near Croston Road,E01025420,South Ribble 012D,Criminal damage and arson,Status update unavailable,
0d110b55655d1a0766df885504e23051827acc652fe3a0d49e9d0941842bd00a,2019-05,Lancashire Constabulary,Lancashire Constabulary,-2.708023,53.710066,On or near Petrol Station,E01025420,South Ribble 012D,Criminal damage and arson,Status update unavailable,
e7acadec1847a49d78c9be8ee662f6bae985907e6bf51da426bda86685efba86,2019-05,Lancashire Constabulary,Lancashire Constabulary,-2.710171,53.704426,On or near Duttonfield Close,E01025420,South Ribble 012D,Other theft,Status update unavailable,
7cce4511956ffcebabe21299c8c15f95b5302ce5a53f9be4b7da809854224649,2019-05,Lancashire Constabulary,Lancashire Constabulary,-2.708774,53.706061,On or near Riverside Avenue,E01025420,South Ribble 012D,Vehicle crime,Status update unavailable,
871903ca7d501643c06c6afe217bae8674624682d80a9bc979be54607252e13d,2019-05,Lancashire Constabulary,Lancashire Constabulary,-2.707911,53.705177,On or near Brookside Close,E01025420,South Ribble 012D,Vehicle crime,Status update unavailable,
ebbd7a08c11e445da283c892e51c83e5d7eac15fbfa67b4b99911f1939a6b373,2019-05,Lancashire Constabulary,Lancashire Constabulary,-2.708619,53.704031,On or near Morley Croft,E01025420,South Ribble 012D,Violence and sexual offences,Unable to prosecute suspect,
b1a89e3cc18b51a17e4198e0c38b81dcb9ea656fa61b1715d2fdd8b7d0653468,2019-05,Lancashire Constabulary,Lancashire Constabulary,-2.707054,53.720902,On or near Lodge View,E01025420,South Ribble 012D,Violence and sexual offences,Status update unavailable,
e4702ec40c3bd1e41d649900add4cc8256842b21e17e04c1490f73ed0dcd4282,2019-05,Lancashire Constabulary,Lancashire Constabulary,-2.696105,53.707619,On or near Lancashire Road,E01025420,South Ribble 012D,Violence and sexual offences,Unable to prosecute suspect,
,2019-05,Lancashire Constabulary,Lancashire Constabulary,-2.702342,53.700994,On or near Hall Lane,E01025421,South Ribble 013A,Anti-social behaviour,,
9621230ef6e00e8706ed85376e277f8b119dd86535e09681e3d60bb3d9bfcf96,2019-05,Lancashire Constabulary,Lancashire Constabulary,-2.701317,53.698564,On or near Egerton Road,E01025421,South Ribble 013A,Burglary,Status update unavailable,
659ffdc92fb57361f0f12ed89a206b2104ac804259b062a29ecca9c964a02e0c,2019-05,Lancashire Constabulary,Lancashire Constabulary,-2.695949,53.699998,On or near Wheelton Lane,E01025421,South Ribble 013A,Criminal damage and arson,Status update unavailable,
d85ab6eef123a63973e8e4af7393e1b9e6fc4e8f0db2a96050b349a6c48be8b0,2019-05,Lancashire Constabulary,Lancashire Constabulary,-2.695949,53.699998,On or near Wheelton Lane,E01025421,South Ribble 013A,Other theft,Awaiting court outcome,
cfccb256eb7288fc7cbf812e7bc13f0d4a0f88eca252d3f9f5f1abd900ca8859,2019-05,Lancashire Constabulary,Lancashire Constabulary,-2.695949,53.699998,On or near Wheelton Lane,E01025421,South Ribble 013A,Other theft,Unable to prosecute suspect,
2db0d085200e31636fc957211a409a0c88bfde5c8bced98e464806b7be050a2d,2019-05,Lancashire Constabulary,Lancashire Constabulary,-2.695949,53.699998,On or near Wheelton Lane,E01025421,South Ribble 013A,Other theft,Local resolution,
fd918157538b9b054db954dff29a451ae097d80a4031eb10f5d6317f891e7a51,2019-05,Lancashire Constabulary,Lancashire Constabulary,-2.695949,53.699998,On or near Wheelton Lane,E01025421,South Ribble 013A,Other theft,Status update unavailable,
fee1d7da3aa62b8143ca143c63e90aa0504acbd7ba71233272fac36de1ca7f7e,2019-05,Lancashire Constabulary,Lancashire Constabulary,-2.701318,53.702222,On or near The Heritage,E01025421,South Ribble 013A,Other theft,Status update unavailable,
1ce96dd4825973d8819fd6ae37bc0c6d5b02906bd8d2e9284b2973cc1d55b682,2019-05,Lancashire Constabulary,Lancashire Constabulary,-2.695949,53.699998,On or near Wheelton Lane,E01025421,South Ribble 013A,Other theft,Further investigation is not in the public interest,
8f7ba3063e62aac9dffcf9b823a517afae641325f30ce7b2b5740a948f4e0500,2019-05,Lancashire Constabulary,Lancashire Constabulary,-2.695949,53.699998,On or near Wheelton Lane,E01025421,South Ribble 013A,Other theft,Status update unavailable,
9782967f2de97fc67dd7078cd5e7a6ab8c25eb253707ed7cd479ea9f216f4f85,2019-05,Lancashire Constabulary,Lancashire Constabulary,-2.695949,53.699998,On or near Wheelton Lane,E01025421,South Ribble 013A,Shoplifting,Status update unavailable,
47d6ff507c2f95c7f174362e735646e3f45683047bc3ebfec174aa21cda5174d,2019-05,Lancashire Constabulary,Lancashire Constabulary,-2.695949,53.699998,On or near Wheelton Lane,E01025421,South Ribble 013A,Shoplifting,Status update unavailable,
04e844907699dc457788668e72cedd76a7a0e553bf4f116b6b2ca621abe52002,2019-05,Lancashire Constabulary,Lancashire Constabulary,-2.698880,53.700448,On or near Quinns Croft,E01025421,South Ribble 013A,Vehicle crime,Status update unavailable,
77a5993e820b4a1f2aa9797a0fa76ce302ab1a05e81236c9345dc22a4eadcbe0,2019-05,Lancashire Constabulary,Lancashire Constabulary,-2.709956,53.698864,On or near Heaton Street,E01025421,South Ribble 013A,Vehicle crime,Status update unavailable,
107581b7e767dea41829a151b53053c923a84c626ab6296b1cf8c410eba6ad0b,2019-05,Lancashire Constabulary,Lancashire Constabulary,-2.697269,53.699235,On or near Heys Hunt Avenue,E01025421,South Ribble 013A,Vehicle crime,Status update unavailable,
389a9ca9f905f2fd3121df8e20e2003abd7054355170e23ad7d2402618d6ba49,2019-05,Lancashire Constabulary,Lancashire Constabulary,-2.709956,53.698864,On or near Heaton Street,E01025421,South Ribble 013A,Violence and sexual offences,Status update unavailable,
,2019-05,Lancashire Constabulary,Lancashire Constabulary,-2.693266,53.696220,On or near John Street,E01025422,South Ribble 013B,Anti-social behaviour,,
,2019-05,Lancashire Constabulary,Lancashire Constabulary,-2.698935,53.697382,On or near School Lane,E01025422,South Ribble 013B,Anti-social behaviour,,
,2019-05,Lancashire Constabulary,Lancashire Constabulary,-2.704467,53.693054,On or near Low Green,E01025422,South Ribble 013B,Anti-social behaviour,,
,2019-05,Lancashire Constabulary,Lancashire Constabulary,-2.692617,53.696341,On or near Herbert Street,E01025422,South Ribble 013B,Anti-social behaviour,,
,2019-05,Lancashire Constabulary,Lancashire Constabulary,-2.693214,53.695816,On or near Newsome Street,E01025422,South Ribble 013B,Anti-social behaviour,,
,2019-05,Lancashire Constabulary,Lancashire Constabulary,-2.693266,53.696220,On or near John Street,E01025422,South Ribble 013B,Anti-social behaviour,,
,2019-05,Lancashire Constabulary,Lancashire Constabulary,-2.693547,53.697621,On or near Pearfield,E01025422,South Ribble 013B,Anti-social behaviour,,
,2019-05,Lancashire Constabulary,Lancashire Constabulary,-2.692617,53.696341,On or near Herbert Street,E01025422,South Ribble 013B,Anti-social behaviour,,
,2019-05,Lancashire Constabulary,Lancashire Constabulary,-2.698935,53.697382,On or near School Lane,E01025422,South Ribble 013B,Anti-social behaviour,,
a6256aed626ac38b547e132cb08d69351cfba6249af46ecdc824675cb262a3ee,2019-05,Lancashire Constabulary,Lancashire Constabulary,-2.696973,53.694122,On or near Malden Street,E01025422,South Ribble 013B,Bicycle theft,Status update unavailable,
281d2761c2d9c3a1a3f1b8350cd0594361af07c27dea2bf82ba81d92867a8bd0,2019-05,Lancashire Constabulary,Lancashire Constabulary,-2.696973,53.694122,On or near Malden Street,E01025422,South Ribble 013B,Burglary,Status update unavailable,
f7d7e34eb6c58351699a6722466106995bfcc1bee58390d8a051b0837bd9f6d8,2019-05,Lancashire Constabulary,Lancashire Constabulary,-2.692617,53.696341,On or near Herbert Street,E01025422,South Ribble 013B,Criminal damage and arson,Status update unavailable,
0d6fc669d8bb7b6e2133c9d72d068466329edbf3c9e2cdc7ed4a476f20e295c4,2019-05,Lancashire Constabulary,Lancashire Constabulary,-2.697750,53.695349,On or near Yewlands Drive,E01025422,South Ribble 013B,Criminal damage and arson,Status update unavailable,
4a8c39fde858df896d7737e6f616efdf5109a4fe8741788f05fcf1fa5c8f9886,2019-05,Lancashire Constabulary,Lancashire Constabulary,-2.698935,53.697382,On or near School Lane,E01025422,South Ribble 013B,Criminal damage and arson,Status update unavailable,
4aeea3e0f86aa164347a79c531b37a1c17d931ec461b7c4ee636afeed8b55747,2019-05,Lancashire Constabulary,Lancashire Constabulary,-2.693266,53.696220,On or near John Street,E01025422,South Ribble 013B,Other theft,Unable to prosecute suspect,
c3dc426016b6a9a1bc3a24c570506179eca18977ffa078f37b9b6143a95bbfbd,2019-05,Lancashire Constabulary,Lancashire Constabulary,-2.692617,53.696341,On or near Herbert Street,E01025422,South Ribble 013B,Public order,Status update unavailable,
89891d1736e62c612504137435f3645bf4421e65cdfd2509c9f416b559570a28,2019-05,Lancashire Constabulary,Lancashire Constabulary,-2.696973,53.694122,On or near Malden Street,E01025422,South Ribble 013B,Public order,Further investigation is not in the public interest,
b1345b5a84b77a83dc6096701c943a38842275e7714c5d14297f914a30ec1c47,2019-05,Lancashire Constabulary,Lancashire Constabulary,-2.701107,53.696875,On or near Balshaw Road,E01025422,South Ribble 013B,Public order,Awaiting court outcome,
94bf0657fff2def87dfbde4c8eed2c8f08241cfdd3ce46b64029bf669a8f936c,2019-05,Lancashire Constabulary,Lancashire Constabulary,-2.696973,53.694122,On or near Malden Street,E01025422,South Ribble 013B,Shoplifting,Awaiting court outcome,
34b9571a14a465486f2e07e76a872a9314dd6305ed7129d88ca5d0b8e0880de1,2019-05,Lancashire Constabulary,Lancashire Constabulary,-2.692617,53.696341,On or near Herbert Street,E01025422,South Ribble 013B,Violence and sexual offences,Further investigation is not in the public interest,
7a808f21a73a912575b7e13a15c3d8aff32e2ec09ca7d6d430d26103147da5cd,2019-05,Lancashire Constabulary,Lancashire Constabulary,-2.693214,53.695816,On or near Newsome Street,E01025422,South Ribble 013B,Violence and sexual offences,Unable to prosecute suspect,
2314e9b5b457b7c2b96de4deacbafb8989e43e0f5b733a42a16781f8fc995be1,2019-05,Lancashire Constabulary,Lancashire Constabulary,-2.701107,53.696875,On or near Balshaw Road,E01025422,South Ribble 013B,Violence and sexual offences,Unable to prosecute suspect,
bf0d8ce1de65ae97fbb82d575aaa56215e9261d5a72eb4f6259e83e4ab073b4d,2019-05,Lancashire Constabulary,Lancashire Constabulary,-2.700237,53.697375,On or near Balshaw Crescent,E01025422,South Ribble 013B,Violence and sexual offences,Action to be taken by another organisation,
482bc3bdb3e81cf589c7f7eb702ca0a2cf69b909761e2704b5357260b629efc1,2019-05,Lancashire Constabulary,Lancashire Constabulary,-2.701107,53.696875,On or near Balshaw Road,E01025422,South Ribble 013B,Violence and sexual offences,Status update unavailable,
caaf7ae3d5c4fd9de43e41486510d285a1cd14f1b0d0439ed49a92c41561729c,2019-05,Lancashire Constabulary,Lancashire Constabulary,-2.698935,53.697382,On or near School Lane,E01025422,South Ribble 013B,Violence and sexual offences,Awaiting court outcome,
,2019-05,Lancashire Constabulary,Lancashire Constabulary,-2.690769,53.698140,On or near Golden Hill Lane,E01025431,South Ribble 013C,Anti-social behaviour,,
,2019-05,Lancashire Constabulary,Lancashire Constabulary,-2.688856,53.697890,On or near Hewitt Street,E01025431,South Ribble 013C,Anti-social behaviour,,
,2019-05,Lancashire Constabulary,Lancashire Constabulary,-2.693111,53.695052,On or near Supermarket,E01025431,South Ribble 013C,Anti-social behaviour,,
,2019-05,Lancashire Constabulary,Lancashire Constabulary,-2.691127,53.699666,On or near Hampden Road,E01025431,South Ribble 013C,Anti-social behaviour,,
,2019-05,Lancashire Constabulary,Lancashire Constabulary,-2.693562,53.694843,On or near Meadow Street,E01025431,South Ribble 013C,Anti-social behaviour,,
,2019-05,Lancashire Constabulary,Lancashire Constabulary,-2.689331,53.697276,On or near Fleetwood Street,E01025431,South Ribble 013C,Anti-social behaviour,,
,2019-05,Lancashire Constabulary,Lancashire Constabulary,-2.690621,53.696541,On or near B5254,E01025431,South Ribble 013C,Anti-social behaviour,,
,2019-05,Lancashire Constabulary,Lancashire Constabulary,-2.688856,53.697890,On or near Hewitt Street,E01025431,South Ribble 013C,Anti-social behaviour,,
,2019-05,Lancashire Constabulary,Lancashire Constabulary,-2.690621,53.696541,On or near B5254,E01025431,South Ribble 013C,Anti-social behaviour,,
,2019-05,Lancashire Constabulary,Lancashire Constabulary,-2.693562,53.694843,On or near Meadow Street,E01025431,South Ribble 013C,Anti-social behaviour,,
,2019-05,Lancashire Constabulary,Lancashire Constabulary,-2.693562,53.694843,On or near Meadow Street,E01025431,South Ribble 013C,Anti-social behaviour,,
,2019-05,Lancashire Constabulary,Lancashire Constabulary,-2.693562,53.694843,On or near Meadow Street,E01025431,South Ribble 013C,Anti-social behaviour,,
,2019-05,Lancashire Constabulary,Lancashire Constabulary,-2.693562,53.694843,On or near Meadow Street,E01025431,South Ribble 013C,Anti-social behaviour,,
,2019-05,Lancashire Constabulary,Lancashire Constabulary,-2.686618,53.696249,On or near Wilton Place,E01025431,South Ribble 013C,Anti-social behaviour,,
,2019-05,Lancashire Constabulary,Lancashire Constabulary,-2.690769,53.698140,On or near Golden Hill Lane,E01025431,South Ribble 013C,Anti-social behaviour,,
,2019-05,Lancashire Constabulary,Lancashire Constabulary,-2.693562,53.694843,On or near Meadow Street,E01025431,South Ribble 013C,Anti-social behaviour,,
,2019-05,Lancashire Constabulary,Lancashire Constabulary,-2.691632,53.697236,On or near Churchill Way,E01025431,South Ribble 013C,Anti-social behaviour,,
,2019-05,Lancashire Constabulary,Lancashire Constabulary,-2.693562,53.694843,On or near Meadow Street,E01025431,South Ribble 013C,Anti-social behaviour,,
,2019-05,Lancashire Constabulary,Lancashire Constabulary,-2.693562,53.694843,On or near Meadow Street,E01025431,South Ribble 013C,Anti-social behaviour,,
,2019-05,Lancashire Constabulary,Lancashire Constabulary,-2.693562,53.694843,On or near Meadow Street,E01025431,South Ribble 013C,Anti-social behaviour,,
,2019-05,Lancashire Constabulary,Lancashire Constabulary,-2.694962,53.694350,On or near Sumner Street,E01025431,South Ribble 013C,Anti-social behaviour,,
,2019-05,Lancashire Constabulary,Lancashire Constabulary,-2.693562,53.694843,On or near Meadow Street,E01025431,South Ribble 013C,Anti-social behaviour,,
,2019-05,Lancashire Constabulary,Lancashire Constabulary,-2.693562,53.694843,On or near Meadow Street,E01025431,South Ribble 013C,Anti-social behaviour,,
,2019-05,Lancashire Constabulary,Lancashire Constabulary,-2.690621,53.696541,On or near B5254,E01025431,South Ribble 013C,Anti-social behaviour,,
b4725a59710bb573dd18f6c9d43c20b9a0c430dc8848ebe335c3ae1bddd963df,2019-05,Lancashire Constabulary,Lancashire Constabulary,-2.692357,53.694320,On or near King Street,E01025431,South Ribble 013C,Burglary,Status update unavailable,
bf7ff1b10599f3ca05ac18c5ff4b7c5999a112a54663eb6ea8f14878879fb99d,2019-05,Lancashire Constabulary,Lancashire Constabulary,-2.693562,53.694843,On or near Meadow Street,E01025431,South Ribble 013C,Criminal damage and arson,Unable to prosecute suspect,
5325ab5a5cfd3c01a58f33579a1a2df0915c0ceda9cb81c67acb38202328c886,2019-05,Lancashire Constabulary,Lancashire Constabulary,-2.691050,53.698705,On or near Beech Road,E01025431,South Ribble 013C,Criminal damage and arson,Unable to prosecute suspect,
0446b7c6365f27a4f4008e73878d99735b75a2704d0602b0c9b0c9e939744b9c,2019-05,Lancashire Constabulary,Lancashire Constabulary,-2.693562,53.694843,On or near Meadow Street,E01025431,South Ribble 013C,Other theft,Status update unavailable,
f484a9a57a11bb6deaf74f588a01f47077acd7c7782159b58db47374ac1f675c,2019-05,Lancashire Constabulary,Lancashire Constabulary,-2.689250,53.700692,On or near Kennett Drive,E01025431,South Ribble 013C,Other theft,Status update unavailable,
8f926449d7232b7d1686a880bb98f9feb394449722abd9fead4ab944c89af94b,2019-05,Lancashire Constabulary,Lancashire Constabulary,-2.693562,53.694843,On or near Meadow Street,E01025431,South Ribble 013C,Other theft,Status update unavailable,
72b32a25556a1cbc5700e7b2f1f220067ad73d6584c1c7954fbf033752b0bb5a,2019-05,Lancashire Constabulary,Lancashire Constabulary,-2.690621,53.696541,On or near B5254,E01025431,South Ribble 013C,Public order,Awaiting court outcome,
3c519ba01f1e2054b90c0e2ffa5c192d61fcbcda727442a2646b65ba36c2633a,2019-05,Lancashire Constabulary,Lancashire Constabulary,-2.689431,53.696925,On or near Orchard Street,E01025431,South Ribble 013C,Public order,Status update unavailable,
2731ca8187d317c2bdb2bdcea2ce9cede6abe16d33ebcce40ac0256153b0ab51,2019-05,Lancashire Constabulary,Lancashire Constabulary,-2.694499,53.692914,On or near Sports/Recreation Area,E01025431,South Ribble 013C,Public order,Status update unavailable,
2260e17eebeba28cd9097c024f49f20fc7a1c29366ec2ad14e1ed97799664aed,2019-05,Lancashire Constabulary,Lancashire Constabulary,-2.689671,53.697688,On or near Grundy Street,E01025431,South Ribble 013C,Public order,Status update unavailable,
c9a1428a26b9f2073f0d6af3e899b9e425c1b1ad26e737979b99f6d679aefef2,2019-05,Lancashire Constabulary,Lancashire Constabulary,-2.691632,53.697236,On or near Churchill Way,E01025431,South Ribble 013C,Shoplifting,Status update unavailable,
5f1173e41b4171f343192e64ea57e853e37c627898ad2ac1c15c47cb6c4cee12,2019-05,Lancashire Constabulary,Lancashire Constabulary,-2.687309,53.694960,On or near Starkie Street,E01025431,South Ribble 013C,Shoplifting,Status update unavailable,
413d4baac19d0d25ed59fd70ee8cdff1928257ddc53be0318fc474edd9cfd66f,2019-05,Lancashire Constabulary,Lancashire Constabulary,-2.691127,53.699666,On or near Hampden Road,E01025431,South Ribble 013C,Vehicle crime,Awaiting court outcome,
dd2078f1ed05669b621156f4647e6ac813a670762822dd39d38238c85055604d,2019-05,Lancashire Constabulary,Lancashire Constabulary,-2.689250,53.700692,On or near Kennett Drive,E01025431,South Ribble 013C,Vehicle crime,Awaiting court outcome,
99a97273820d442d14f5d4e568ef5a2b0181901f3cea466e8c056c95592a97c5,2019-05,Lancashire Constabulary,Lancashire Constabulary,-2.690621,53.696541,On or near B5254,E01025431,South Ribble 013C,Violence and sexual offences,Status update unavailable,
e6f44cfc5ee3a6bc20d976a6a07c22ae551282b3ad03e74d73bb509b615a2fbf,2019-05,Lancashire Constabulary,Lancashire Constabulary,-2.691632,53.697236,On or near Churchill Way,E01025431,South Ribble 013C,Violence and sexual offences,Unable to prosecute suspect,
b1d785afe7d85314df49727cdc200c2b49c53f40a15bd815a969e452d64361bf,2019-05,Lancashire Constabulary,Lancashire Constabulary,-2.688856,53.697890,On or near Hewitt Street,E01025431,South Ribble 013C,Violence and sexual offences,Status update unavailable,
cd1cf68d498bb86a9077e773de7a8c935bfd6a194545557c7edae41ec213a4a1,2019-05,Lancashire Constabulary,Lancashire Constabulary,-2.689671,53.697688,On or near Grundy Street,E01025431,South Ribble 013C,Violence and sexual offences,Unable to prosecute suspect,
baab91bed864b5960e231a5a3b27ad455f7117b82287d25f31d07da0e59ff27c,2019-05,Lancashire Constabulary,Lancashire Constabulary,-2.693562,53.694843,On or near Meadow Street,E01025431,South Ribble 013C,Violence and sexual offences,Status update unavailable,
9309fd84cacfa584411def3556fe3694a31b808203e477b5fa99e714d8aa5846,2019-05,Lancashire Constabulary,Lancashire Constabulary,-2.691632,53.697236,On or near Churchill Way,E01025431,South Ribble 013C,Violence and sexual offences,Unable to prosecute suspect,
d4c1e8a4c2abaec0b3eb121ed87c7037cdbdbc8afe66c3a41c23db61fd8f421d,2019-05,Lancashire Constabulary,Lancashire Constabulary,-2.690621,53.696541,On or near B5254,E01025431,South Ribble 013C,Violence and sexual offences,Status update unavailable,
51cc0f39d0601f7c38c4e12914f58cb6ca33679b6a3363b1b68a64eec31f2939,2019-05,Lancashire Constabulary,Lancashire Constabulary,-2.693562,53.694843,On or near Meadow Street,E01025431,South Ribble 013C,Violence and sexual offences,Status update unavailable,
8de5599cfead346cf8062d9fda05ae031251b6cf9015ac9750b455e2f5e4e5a6,2019-05,Lancashire Constabulary,Lancashire Constabulary,-2.690621,53.696541,On or near B5254,E01025431,South Ribble 013C,Violence and sexual offences,Status update unavailable,
0d3342abcd81d4fd19bab3571b9f603ad4f649a35ec62dde66abfd570526bfc7,2019-05,Lancashire Constabulary,Lancashire Constabulary,-2.689671,53.697688,On or near Grundy Street,E01025431,South Ribble 013C,Violence and sexual offences,Status update unavailable,
76e67ab8d6af361983eefd648ba68ac759ecc09dbde168b6cad26765abb64d2f,2019-05,Lancashire Constabulary,Lancashire Constabulary,-2.694962,53.694350,On or near Sumner Street,E01025431,South Ribble 013C,Violence and sexual offences,Unable to prosecute suspect,
5d2583efdcf5a224b05312d9c28dcf1a41ba5f5652d109772ef406394e38344b,2019-05,Lancashire Constabulary,Lancashire Constabulary,-2.689250,53.700692,On or near Kennett Drive,E01025431,South Ribble 013C,Violence and sexual offences,Unable to prosecute suspect,
5ea3f2a47b318269af794fd14ff734fc4ae472ecfff414dfce164f8e61bb22a3,2019-05,Lancashire Constabulary,Lancashire Constabulary,-2.688856,53.697890,On or near Hewitt Street,E01025431,South Ribble 013C,Violence and sexual offences,Unable to prosecute suspect,
,2019-05,Lancashire Constabulary,Lancashire Constabulary,-2.686192,53.699829,On or near Preston Road,E01025433,South Ribble 013D,Anti-social behaviour,,
,2019-05,Lancashire Constabulary,Lancashire Constabulary,-2.679103,53.697955,On or near St Catherines Close,E01025433,South Ribble 013D,Anti-social behaviour,,
,2019-05,Lancashire Constabulary,Lancashire Constabulary,-2.680205,53.699585,On or near Priory Close,E01025433,South Ribble 013D,Anti-social behaviour,,
,2019-05,Lancashire Constabulary,Lancashire Constabulary,-2.684262,53.699436,On or near George Street,E01025433,South Ribble 013D,Anti-social behaviour,,
,2019-05,Lancashire Constabulary,Lancashire Constabulary,-2.680205,53.699585,On or near Priory Close,E01025433,South Ribble 013D,Anti-social behaviour,,
,2019-05,Lancashire Constabulary,Lancashire Constabulary,-2.682458,53.698430,On or near Moss Lane,E01025433,South Ribble 013D,Anti-social behaviour,,
ac5b720af79acb7d1ed72c2429e08be178e2b9134f0314dfd03c1c38048a581e,2019-05,Lancashire Constabulary,Lancashire Constabulary,-2.683497,53.699943,On or near Belvedere Road,E01025433,South Ribble 013D,Burglary,Status update unavailable,
3f7ce73bd8aa43edb868ad82957a3182af941b95f244e98ad7400429efb338c7,2019-05,Lancashire Constabulary,Lancashire Constabulary,-2.682458,53.698430,On or near Moss Lane,E01025433,South Ribble 013D,Criminal damage and arson,Status update unavailable,
6eac62aa269bfe3af2040bde79cf7fc73810b764859f5581ba6b326bf01a565a,2019-05,Lancashire Constabulary,Lancashire Constabulary,-2.679103,53.697955,On or near St Catherines Close,E01025433,South Ribble 013D,Other theft,Status update unavailable,
a20708bcd00e24f03cf4606a1d22d1de6a379d3fb94ee30730589b4cc9da4883,2019-05,Lancashire Constabulary,Lancashire Constabulary,-2.685271,53.698181,On or near Railway Street,E01025433,South Ribble 013D,Violence and sexual offences,Unable to prosecute suspect,
24dbc83fdfeb1cb2e5ced1f4afddf3d51d3e20bae3b6e1ccc1e19158930130ca,2019-05,Lancashire Constabulary,Lancashire Constabulary,-2.684577,53.698328,On or near Ambrose Street,E01025433,South Ribble 013D,Violence and sexual offences,Status update unavailable,
58ebac4e3497316710fda9c2bce32f6a249f3031d676dd4b38503df493e4e834,2019-05,Lancashire Constabulary,Lancashire Constabulary,-2.685271,53.698181,On or near Railway Street,E01025433,South Ribble 013D,Violence and sexual offences,Status update unavailable,
,2019-05,Lancashire Constabulary,Lancashire Constabulary,-2.729214,53.693148,On or near Holmes Meadow,E01025416,South Ribble 014A,Anti-social behaviour,,
,2019-05,Lancashire Constabulary,Lancashire Constabulary,-2.726235,53.692528,On or near Pasture Field Close,E01025416,South Ribble 014A,Anti-social behaviour,,
,2019-05,Lancashire Constabulary,Lancashire Constabulary,-2.729214,53.693148,On or near Holmes Meadow,E01025416,South Ribble 014A,Anti-social behaviour,,
,2019-05,Lancashire Constabulary,Lancashire Constabulary,-2.729214,53.693148,On or near Holmes Meadow,E01025416,South Ribble 014A,Anti-social behaviour,,
,2019-05,Lancashire Constabulary,Lancashire Constabulary,-2.725211,53.693766,On or near Gillyflower Court,E01025416,South Ribble 014A,Anti-social behaviour,,
,2019-05,Lancashire Constabulary,Lancashire Constabulary,-2.729214,53.693148,On or near Holmes Meadow,E01025416,South Ribble 014A,Anti-social behaviour,,
e1b3b0b73113434dc5611b241f9a646b55d704f5e7c7aa90cb448507ef0fe0a0,2019-05,Lancashire Constabulary,Lancashire Constabulary,-2.726616,53.697928,On or near Bison Place,E01025416,South Ribble 014A,Burglary,Status update unavailable,
2eb66bd67005336748bd8e7e3d03b77153477e444a3b587c073f48f8733c7ffc,2019-05,Lancashire Constabulary,Lancashire Constabulary,-2.722213,53.699069,On or near Clydesdale Place,E01025416,South Ribble 014A,Public order,Status update unavailable,
49244998e486fcbee9722df77118fb141f63b4d169435f0036c89cd6bc2bfe44,2019-05,Lancashire Constabulary,Lancashire Constabulary,-2.720573,53.701497,On or near Gower Court,E01025416,South Ribble 014A,Public order,Status update unavailable,
2a4f660e61217f7bc6b3788f97b5ba630d7c67cbba32fb3823e98859751c6098,2019-05,Lancashire Constabulary,Lancashire Constabulary,-2.727329,53.693636,On or near Birchwood,E01025416,South Ribble 014A,Vehicle crime,Status update unavailable,
a6ba7bb211e2f92ee7c324e991f4c1473bbd59757d8acfc4668c67cef4186bee,2019-05,Lancashire Constabulary,Lancashire Constabulary,-2.727329,53.693636,On or near Birchwood,E01025416,South Ribble 014A,Violence and sexual offences,Unable to prosecute suspect,
,2019-05,Lancashire Constabulary,Lancashire Constabulary,-2.735139,53.690739,On or near Lansborough Close,E01025451,South Ribble 014B,Anti-social behaviour,,
,2019-05,Lancashire Constabulary,Lancashire Constabulary,-2.737689,53.688485,On or near Ulnes Walton Lane,E01025451,South Ribble 014B,Anti-social behaviour,,
5a28940040806e78293baf6f1e5119d828dbcabefc6fdc1c43521725ee6da968,2019-05,Lancashire Constabulary,Lancashire Constabulary,-2.735584,53.688444,On or near Smith Croft,E01025451,South Ribble 014B,Public order,Status update unavailable,
5372348232edbc1cac057ba5e9cbc650f223d9fc38d40cfcb9a386cb6940bb27,2019-05,Lancashire Constabulary,Lancashire Constabulary,-2.735139,53.690739,On or near Lansborough Close,E01025451,South Ribble 014B,Public order,Status update unavailable,
b4c62faf88bdeb5302533623fe099f18e9df96e5bd40301ca86367044f5e51a9,2019-05,Lancashire Constabulary,Lancashire Constabulary,-2.743146,53.693107,On or near Pintail Close,E01025451,South Ribble 014B,Violence and sexual offences,Status update unavailable,
f317f5a59a21483ae63397f66553231f132c7112c5b78a00b55360eee27be14b,2019-05,Lancashire Constabulary,Lancashire Constabulary,-2.743146,53.693107,On or near Pintail Close,E01025451,South Ribble 014B,Violence and sexual offences,Unable to prosecute suspect,
7cc68c32b0a864f2bacacd07a8a230ac805cfb5fbdf22e2cb6d953bd436099f9,2019-05,Lancashire Constabulary,Lancashire Constabulary,-2.735139,53.690739,On or near Lansborough Close,E01025451,South Ribble 014B,Violence and sexual offences,Unable to prosecute suspect,
d455fe8b0e72e0c4717f17d6494611fd62b82cfa004dd31f179cec7c3d1dc89c,2019-05,Lancashire Constabulary,Lancashire Constabulary,-2.752319,53.692870,On or near Cocker Bar Road,E01025451,South Ribble 014B,Violence and sexual offences,Unable to prosecute suspect,
,2019-05,Lancashire Constabulary,Lancashire Constabulary,-2.744282,53.701711,On or near Parking Area,E01025452,South Ribble 014C,Anti-social behaviour,,
,2019-05,Lancashire Constabulary,Lancashire Constabulary,-2.730973,53.692409,On or near Dunkirk Lane,E01025452,South Ribble 014C,Anti-social behaviour,,
c0e5e574d80b322b05247bd77c4cbe62c6ce44e377d3448c675910a351f9f0f5,2019-05,Lancashire Constabulary,Lancashire Constabulary,-2.733818,53.692302,On or near Barn Croft,E01025452,South Ribble 014C,Other theft,Unable to prosecute suspect,
0f0a96f8316d3d863012a62a47dc7c51217161c3ef0ab0a95cdaac1d7def4611,2019-05,Lancashire Constabulary,Lancashire Constabulary,-2.730973,53.692409,On or near Dunkirk Lane,E01025452,South Ribble 014C,Shoplifting,Status update unavailable,
6fbe27029530c68e1f25026456f9c05af63ef96544b4b5c922288af490d7d6cf,2019-05,Lancashire Constabulary,Lancashire Constabulary,-2.733818,53.692302,On or near Barn Croft,E01025452,South Ribble 014C,Vehicle crime,Status update unavailable,
04438923cc4c08c74394c3567f31653019d273bc0da9cf902023620bb28c3919,2019-05,Lancashire Constabulary,Lancashire Constabulary,-2.731695,53.693016,On or near The Orchard,E01025452,South Ribble 014C,Vehicle crime,Status update unavailable,
b8a9a414c2039e176e5cb5e1101deadc92426e739d6ec0c9a5b1c212ec7fa6ae,2019-05,Lancashire Constabulary,Lancashire Constabulary,-2.733847,53.693965,On or near Robin Hey,E01025452,South Ribble 014C,Vehicle crime,Status update unavailable,
fc4ebc822b6b9fbd2817df7d588f34b84ab9b42decd17315a6647b6636522002,2019-05,Lancashire Constabulary,Lancashire Constabulary,-2.733847,53.693965,On or near Robin Hey,E01025452,South Ribble 014C,Violence and sexual offences,Status update unavailable,
3c74d7f44cd738d73fcf0526756e9f61a674d71ad7893d770424a08fe4a11f6f,2019-05,Lancashire Constabulary,Lancashire Constabulary,-2.735951,53.693907,On or near Ashfields,E01025452,South Ribble 014C,Violence and sexual offences,Unable to prosecute suspect,
1097d94a57a27f2436d6af4fb5685fd80e4e9a0a27e2339315ae4339bd74aa1c,2019-05,Lancashire Constabulary,Lancashire Constabulary,-2.730902,53.694414,On or near Greystones,E01025452,South Ribble 014C,Violence and sexual offences,Status update unavailable,
,2019-05,Lancashire Constabulary,Lancashire Constabulary,-2.714443,53.699996,On or near Hawthorn Close,E01025415,South Ribble 015A,Anti-social behaviour,,
,2019-05,Lancashire Constabulary,Lancashire Constabulary,-2.715895,53.694505,On or near Mosslands,E01025415,South Ribble 015A,Anti-social behaviour,,
,2019-05,Lancashire Constabulary,Lancashire Constabulary,-2.715533,53.698147,On or near Mellor Road,E01025415,South Ribble 015A,Anti-social behaviour,,
,2019-05,Lancashire Constabulary,Lancashire Constabulary,-2.712302,53.695182,On or near Leadale Green,E01025415,South Ribble 015A,Anti-social behaviour,,
7085e3d3a201e55b705d38747d969fb3c0018634637605ce9d7f64b19c908a77,2019-05,Lancashire Constabulary,Lancashire Constabulary,-2.715339,53.700126,On or near Longmeanygate,E01025415,South Ribble 015A,Other theft,Status update unavailable,
2a0d86754b2e7538cfa5850bd8ede584399a1e4b7937a239c456919f2fc48bc9,2019-05,Lancashire Constabulary,Lancashire Constabulary,-2.715895,53.694505,On or near Mosslands,E01025415,South Ribble 015A,Public order,Status update unavailable,
d6dbe7d77ea1cea6229288218aca5f4f2b9ae9e4198de4d0fb5ed51d44914b8b,2019-05,Lancashire Constabulary,Lancashire Constabulary,-2.713667,53.697997,On or near Leyland Lane,E01025415,South Ribble 015A,Shoplifting,Status update unavailable,
b58ead83d7006f631ecba9905350d89c123764fb6f5f19e636d4240375b03eaa,2019-05,Lancashire Constabulary,Lancashire Constabulary,-2.713667,53.697997,On or near Leyland Lane,E01025415,South Ribble 015A,Shoplifting,Status update unavailable,
91782b1248da02633accba6e9310dfe6430ab7b096644f6c560f0754a4491fab,2019-05,Lancashire Constabulary,Lancashire Constabulary,-2.713667,53.697997,On or near Leyland Lane,E01025415,South Ribble 015A,Shoplifting,Status update unavailable,
ce04c78237b12f90fd66fe39ea40f7430fd48b8f2208647413de882e2b0f427a,2019-05,Lancashire Constabulary,Lancashire Constabulary,-2.711737,53.694008,On or near Westfield Drive,E01025415,South Ribble 015A,Violence and sexual offences,Unable to prosecute suspect,
a0eeb968d43f0823da7053d3c78c6312eb765d7714dc04dcb61b864a11e502ad,2019-05,Lancashire Constabulary,Lancashire Constabulary,-2.717217,53.694749,On or near Homestead Close,E01025415,South Ribble 015A,Violence and sexual offences,Status update unavailable,
30ba700dbdb882d4e24c91d7c9142780524d62286c5966c53b05741d7f2387ed,2019-05,Lancashire Constabulary,Lancashire Constabulary,-2.717217,53.694749,On or near Homestead Close,E01025415,South Ribble 015A,Violence and sexual offences,Status update unavailable,
fd4beb60ad6c742b975aa87b0b41e2e47b89bdc5fa3273cc3cb27004fd04405a,2019-05,Lancashire Constabulary,Lancashire Constabulary,-2.717217,53.694749,On or near Homestead Close,E01025415,South Ribble 015A,Violence and sexual offences,Status update unavailable,
,2019-05,Lancashire Constabulary,Lancashire Constabulary,-2.704888,53.698336,On or near Golden Hill Lane,E01025423,South Ribble 015B,Anti-social behaviour,,
,2019-05,Lancashire Constabulary,Lancashire Constabulary,-2.705377,53.695853,On or near Broadgreen Close,E01025423,South Ribble 015B,Anti-social behaviour,,
,2019-05,Lancashire Constabulary,Lancashire Constabulary,-2.706882,53.695304,On or near Forrester Close,E01025423,South Ribble 015B,Anti-social behaviour,,
,2019-05,Lancashire Constabulary,Lancashire Constabulary,-2.708568,53.696490,On or near Bannister Drive,E01025423,South Ribble 015B,Anti-social behaviour,,
,2019-05,Lancashire Constabulary,Lancashire Constabulary,-2.707537,53.697359,On or near Wood Green,E01025423,South Ribble 015B,Anti-social behaviour,,
,2019-05,Lancashire Constabulary,Lancashire Constabulary,-2.704888,53.698336,On or near Golden Hill Lane,E01025423,South Ribble 015B,Anti-social behaviour,,
,2019-05,Lancashire Constabulary,Lancashire Constabulary,-2.703454,53.697707,On or near Hillbrook Road,E01025423,South Ribble 015B,Anti-social behaviour,,
,2019-05,Lancashire Constabulary,Lancashire Constabulary,-2.706882,53.695304,On or near Forrester Close,E01025423,South Ribble 015B,Anti-social behaviour,,
,2019-05,Lancashire Constabulary,Lancashire Constabulary,-2.704888,53.698336,On or near Golden Hill Lane,E01025423,South Ribble 015B,Anti-social behaviour,,
,2019-05,Lancashire Constabulary,Lancashire Constabulary,-2.706882,53.695304,On or near Forrester Close,E01025423,South Ribble 015B,Anti-social behaviour,,
,2019-05,Lancashire Constabulary,Lancashire Constabulary,-2.709535,53.697275,On or near Edgehill Crescent,E01025423,South Ribble 015B,Anti-social behaviour,,
,2019-05,Lancashire Constabulary,Lancashire Constabulary,-2.706882,53.695304,On or near Forrester Close,E01025423,South Ribble 015B,Anti-social behaviour,,
,2019-05,Lancashire Constabulary,Lancashire Constabulary,-2.703454,53.697707,On or near Hillbrook Road,E01025423,South Ribble 015B,Anti-social behaviour,,
,2019-05,Lancashire Constabulary,Lancashire Constabulary,-2.706882,53.695304,On or near Forrester Close,E01025423,South Ribble 015B,Anti-social behaviour,,
fa3996c9c2d95676b404004bd6d362aee367ad3d9b4adc72757dae2a08a8aa08,2019-05,Lancashire Constabulary,Lancashire Constabulary,-2.706163,53.694868,On or near Headley Road,E01025423,South Ribble 015B,Burglary,Status update unavailable,
b0444fb26b522a76e8a760985fefadfb6a3b56bf29cb75ab1bb0d2a872d90849,2019-05,Lancashire Constabulary,Lancashire Constabulary,-2.703454,53.697707,On or near Hillbrook Road,E01025423,South Ribble 015B,Criminal damage and arson,Further investigation is not in the public interest,
e017ea6974b92b3444d0528b44d4d6e2b5d947b562c2599c5ef00d6c9136b25a,2019-05,Lancashire Constabulary,Lancashire Constabulary,-2.706882,53.695304,On or near Forrester Close,E01025423,South Ribble 015B,Criminal damage and arson,Unable to prosecute suspect,
68ac9b620d87daec2f92f8e29de26e816ac33c4d52bc1756e64c7662b304b2ee,2019-05,Lancashire Constabulary,Lancashire Constabulary,-2.708340,53.695566,On or near Ryan Close,E01025423,South Ribble 015B,Criminal damage and arson,Unable to prosecute suspect,
594f29d4f233be29b0c6c2719b70ec61227607958a185ecc4dc1ec62e838f113,2019-05,Lancashire Constabulary,Lancashire Constabulary,-2.705693,53.696660,On or near Northbrook Road,E01025423,South Ribble 015B,Criminal damage and arson,Status update unavailable,
12662ef6f83a385b3b5fb0d3ae5c695f7507b000f3b17af989e16919d16851d0,2019-05,Lancashire Constabulary,Lancashire Constabulary,-2.703454,53.697707,On or near Hillbrook Road,E01025423,South Ribble 015B,Criminal damage and arson,Status update unavailable,
c94ec6ea73c03be55f6e25b40ba6cb2d28feee6038b97da3ca1e5efa40a61412,2019-05,Lancashire Constabulary,Lancashire Constabulary,-2.709535,53.697275,On or near Edgehill Crescent,E01025423,South Ribble 015B,Shoplifting,Status update unavailable,
4d67704363b5b4782b15933265308f4585bb7a0698782e2e3a109c6bcc3cf1fa,2019-05,Lancashire Constabulary,Lancashire Constabulary,-2.707537,53.697359,On or near Wood Green,E01025423,South Ribble 015B,Violence and sexual offences,Status update unavailable,
87b0bbc92887870e38a5a6f1717ee4d482c811ac9cbc951c979afb0a1363daa4,2019-05,Lancashire Constabulary,Lancashire Constabulary,-2.705377,53.695853,On or near Broadgreen Close,E01025423,South Ribble 015B,Violence and sexual offences,Status update unavailable,
e07a603ffb4773d3fd48f5c923b411059e7292d57b51b3a4230f51fe5dad6c53,2019-05,Lancashire Constabulary,Lancashire Constabulary,-2.705377,53.695853,On or near Broadgreen Close,E01025423,South Ribble 015B,Violence and sexual offences,Unable to prosecute suspect,
0a523630b2bf6b2da5e170b6f2453c824b09ed5b9c441b4c3b81bcf01bc18c2e,2019-05,Lancashire Constabulary,Lancashire Constabulary,-2.705637,53.694224,On or near Southbrook Road,E01025423,South Ribble 015B,Violence and sexual offences,Unable to prosecute suspect,
bd3adef6b163af12ba62559c04575f95844573003f812f1e6a763d47a84ca7d4,2019-05,Lancashire Constabulary,Lancashire Constabulary,-2.705637,53.694224,On or near Southbrook Road,E01025423,South Ribble 015B,Violence and sexual offences,Unable to prosecute suspect,
8b1bf0673277c242ae1f3cbf17c45a2f49b59686c0cdb69383794f47ebd0d054,2019-05,Lancashire Constabulary,Lancashire Constabulary,-2.703454,53.697707,On or near Hillbrook Road,E01025423,South Ribble 015B,Violence and sexual offences,Unable to prosecute suspect,
547a07f2cf22f241f52a78517ffe212058d3249919cad28db188622f9ff63824,2019-05,Lancashire Constabulary,Lancashire Constabulary,-2.705377,53.695853,On or near Broadgreen Close,E01025423,South Ribble 015B,Violence and sexual offences,Unable to prosecute suspect,
,2019-05,Lancashire Constabulary,Lancashire Constabulary,-2.698033,53.688633,On or near Towngate,E01025435,South Ribble 015C,Anti-social behaviour,,
,2019-05,Lancashire Constabulary,Lancashire Constabulary,-2.695305,53.691256,On or near Liege Road,E01025435,South Ribble 015C,Anti-social behaviour,,
,2019-05,Lancashire Constabulary,Lancashire Constabulary,-2.698033,53.688633,On or near Towngate,E01025435,South Ribble 015C,Anti-social behaviour,,
,2019-05,Lancashire Constabulary,Lancashire Constabulary,-2.695905,53.693697,On or near King Street,E01025435,South Ribble 015C,Anti-social behaviour,,
,2019-05,Lancashire Constabulary,Lancashire Constabulary,-2.699936,53.690150,On or near Lancastergate,E01025435,South Ribble 015C,Anti-social behaviour,,
,2019-05,Lancashire Constabulary,Lancashire Constabulary,-2.702049,53.683360,On or near Sports/Recreation Area,E01025435,South Ribble 015C,Anti-social behaviour,,
,2019-05,Lancashire Constabulary,Lancashire Constabulary,-2.695631,53.692647,On or near Vevey Street,E01025435,South Ribble 015C,Anti-social behaviour,,
,2019-05,Lancashire Constabulary,Lancashire Constabulary,-2.700253,53.691038,On or near Spring Gardens,E01025435,South Ribble 015C,Anti-social behaviour,,
,2019-05,Lancashire Constabulary,Lancashire Constabulary,-2.695305,53.691256,On or near Liege Road,E01025435,South Ribble 015C,Anti-social behaviour,,
,2019-05,Lancashire Constabulary,Lancashire Constabulary,-2.695305,53.691256,On or near Liege Road,E01025435,South Ribble 015C,Anti-social behaviour,,
b5d007ca221959c00a0e30acbcc193b6f0915b4371679cb266fbf93c1f1bc652,2019-05,Lancashire Constabulary,Lancashire Constabulary,-2.695419,53.689925,On or near St Andrews Way,E01025435,South Ribble 015C,Bicycle theft,Status update unavailable,
7b5c4ca27c9070bea721c91834fd8f1b61c9e13acff358e0218ca36be21f71d1,2019-05,Lancashire Constabulary,Lancashire Constabulary,-2.695869,53.691513,On or near Eden Street,E01025435,South Ribble 015C,Criminal damage and arson,Status update unavailable,
98deeba8945ae67bf429324b85bbcf50a741c52c41c2b0851e818d388f12fcbf,2019-05,Lancashire Constabulary,Lancashire Constabulary,-2.698033,53.688633,On or near Towngate,E01025435,South Ribble 015C,Criminal damage and arson,Status update unavailable,
69a9fcef158284de5e7122c835d487a674b23e099bfc3ff8fda43fc13615b9b9,2019-05,Lancashire Constabulary,Lancashire Constabulary,-2.695809,53.693347,On or near Forge Street,E01025435,South Ribble 015C,Criminal damage and arson,Status update unavailable,
ad99ce619d7079c0ac825182e3f3e6990b65c73979cf59c39b1d250f1cad8007,2019-05,Lancashire Constabulary,Lancashire Constabulary,-2.696336,53.692265,On or near Broad Street,E01025435,South Ribble 015C,Criminal damage and arson,Status update unavailable,
7fcdb662f66a844d0ed8321def06cf724ab2781e3840f588984f08283f499ccd,2019-05,Lancashire Constabulary,Lancashire Constabulary,-2.695809,53.693347,On or near Forge Street,E01025435,South Ribble 015C,Criminal damage and arson,Status update unavailable,
efca1dfbc393feefa26f9c743507ac85fc54193f35c9e07f3563e4c797b03e57,2019-05,Lancashire Constabulary,Lancashire Constabulary,-2.698330,53.691031,On or near Parking Area,E01025435,South Ribble 015C,Other theft,Status update unavailable,
9f5d5b1c3a4b9db830ee831359d66835bf7264689626e99c9119f268e63012aa,2019-05,Lancashire Constabulary,Lancashire Constabulary,-2.699811,53.689953,On or near Petrol Station,E01025435,South Ribble 015C,Other theft,Status update unavailable,
83d6944c2d7790f68d9c1891bbc1fd99c58e8764748288c6167f749d0f90ccc0,2019-05,Lancashire Constabulary,Lancashire Constabulary,-2.702049,53.683360,On or near Sports/Recreation Area,E01025435,South Ribble 015C,Other theft,Status update unavailable,
1950e903fae22c09401acab17b7129c72f29ccf829e970478017f36c636330b0,2019-05,Lancashire Constabulary,Lancashire Constabulary,-2.699811,53.689953,On or near Petrol Station,E01025435,South Ribble 015C,Other theft,Status update unavailable,
a5d7185fa3c49342f4ebf8033822926fbc9c77998afd3048189eab9d455a8929,2019-05,Lancashire Constabulary,Lancashire Constabulary,-2.699811,53.689953,On or near Petrol Station,E01025435,South Ribble 015C,Other theft,Status update unavailable,
c164cba3a22c92652eb2c6d7b3dda9bcaf739226950bfe4473eaa45016fdfa8b,2019-05,Lancashire Constabulary,Lancashire Constabulary,-2.699811,53.689953,On or near Petrol Station,E01025435,South Ribble 015C,Other theft,Status update unavailable,
f8d0bf5bb5cf7a48a9600132b46d800750822331bd93828a432b01b5c5037fd8,2019-05,Lancashire Constabulary,Lancashire Constabulary,-2.695419,53.689925,On or near St Andrews Way,E01025435,South Ribble 015C,Shoplifting,Status update unavailable,
727a16276ef5f17f9306443cd984aae057cb2021d843ef1a09dc6196aec24dad,2019-05,Lancashire Constabulary,Lancashire Constabulary,-2.695419,53.689925,On or near St Andrews Way,E01025435,South Ribble 015C,Shoplifting,Status update unavailable,
e40445b412649e4eb8991f0732811d2c3ccea22094fd4dfa24003bd44d78a760,2019-05,Lancashire Constabulary,Lancashire Constabulary,-2.697804,53.691304,On or near Supermarket,E01025435,South Ribble 015C,Shoplifting,Status update unavailable,
637cd87b45b0a6c43fb0fb09d440c8235068fe8e373598815d9a49e226d6202a,2019-05,Lancashire Constabulary,Lancashire Constabulary,-2.695419,53.689925,On or near St Andrews Way,E01025435,South Ribble 015C,Shoplifting,Investigation complete; no suspect identified,
08a071d500769b2cb483e0ff931d0a3114146bbc2c5f8519004e1ef3e561a7fd,2019-05,Lancashire Constabulary,Lancashire Constabulary,-2.691681,53.690072,On or near Austins Close,E01025435,South Ribble 015C,Vehicle crime,Status update unavailable,
6846c674e0bce0d9119cdb7414a9d2a0a9e17b1b6f92e7f8a97349763fa7ebc6,2019-05,Lancashire Constabulary,Lancashire Constabulary,-2.695631,53.692647,On or near Vevey Street,E01025435,South Ribble 015C,Violence and sexual offences,Unable to prosecute suspect,
9213bc06375031b43eaf57dd6dc31fdf091b9236e6b148b3c54b0d21f7f403b8,2019-05,Lancashire Constabulary,Lancashire Constabulary,-2.689594,53.680988,On or near Further/Higher Educational Building,E01025435,South Ribble 015C,Violence and sexual offences,Further investigation is not in the public interest,
f596807b3f87b0cc8363e5e68fb1a749b3df5303b68ec8c7aab1e742c2672f8c,2019-05,Lancashire Constabulary,Lancashire Constabulary,-2.695419,53.689925,On or near St Andrews Way,E01025435,South Ribble 015C,Violence and sexual offences,Status update unavailable,
8ce7912de5734b51e340bf8d6e2d5138b3ba5c307d6382f69940f81fc915731f,2019-05,Lancashire Constabulary,Lancashire Constabulary,-2.695305,53.691256,On or near Liege Road,E01025435,South Ribble 015C,Violence and sexual offences,Unable to prosecute suspect,
5d5b89201bc606194376ed64583d5ed79fa8a1eaea92c2bb6dd83dd7572c51a0,2019-05,Lancashire Constabulary,Lancashire Constabulary,-2.702049,53.683360,On or near Sports/Recreation Area,E01025435,South Ribble 015C,Violence and sexual offences,Unable to prosecute suspect,
0855404c45232c72ad07e834f086cd1afe422cad6bd75d5a748488bd8b3a23b8,2019-05,Lancashire Constabulary,Lancashire Constabulary,-2.696678,53.691886,On or near Edward Street,E01025435,South Ribble 015C,Violence and sexual offences,Unable to prosecute suspect,
8fefc907501df5232b95dedc310f40d548daa2f2a43688842b9c89926b6a4b15,2019-05,Lancashire Constabulary,Lancashire Constabulary,-2.699811,53.689953,On or near Petrol Station,E01025435,South Ribble 015C,Violence and sexual offences,Status update unavailable,
35defa73d7da30c8e73827706aab956301d2fe2058a60bb53c42ec227f993395,2019-05,Lancashire Constabulary,Lancashire Constabulary,-2.700253,53.691038,On or near Spring Gardens,E01025435,South Ribble 015C,Violence and sexual offences,Status update unavailable,
4ecc2f5e893b88d4abf49732b0be29be659988932915722ecc29e6e873aadae9,2019-05,Lancashire Constabulary,Lancashire Constabulary,-2.698330,53.691031,On or near Parking Area,E01025435,South Ribble 015C,Violence and sexual offences,Status update unavailable,
31770971479298e497333e79a07c9d13d9a7ba602b046953ecd0a468586d467d,2019-05,Lancashire Constabulary,Lancashire Constabulary,-2.697804,53.691304,On or near Supermarket,E01025435,South Ribble 015C,Violence and sexual offences,Unable to prosecute suspect,
,2019-05,Lancashire Constabulary,Lancashire Constabulary,-2.709942,53.693570,On or near Larchwood Crescent,E01025446,South Ribble 015D,Anti-social behaviour,,
,2019-05,Lancashire Constabulary,Lancashire Constabulary,-2.709942,53.693570,On or near Larchwood Crescent,E01025446,South Ribble 015D,Anti-social behaviour,,
,2019-05,Lancashire Constabulary,Lancashire Constabulary,-2.705307,53.689885,On or near Roberts Close,E01025446,South Ribble 015D,Anti-social behaviour,,
b10a71f93c41a65b5154aed307c14fa12eb2d868f9cd2273c881545463071053,2019-05,Lancashire Constabulary,Lancashire Constabulary,-2.710010,53.692185,On or near Spey Close,E01025446,South Ribble 015D,Burglary,Status update unavailable,
6fad2337e3a007ac6f88db90abf4dfcdc5e823d95ac370216efe55a26db9a628,2019-05,Lancashire Constabulary,Lancashire Constabulary,-2.704847,53.687748,On or near Fox Lane,E01025446,South Ribble 015D,Burglary,Defendant sent to Crown Court,
ad9d00caad12847b0857f4903c46cff169a1d4c821bac7fa744ca3b40775c333,2019-05,Lancashire Constabulary,Lancashire Constabulary,-2.709133,53.692271,On or near Marron Close,E01025446,South Ribble 015D,Criminal damage and arson,Unable to prosecute suspect,
b53116a0725772008001c4bfb21fc624d357afa107a59cf83f50aa1a339d6998,2019-05,Lancashire Constabulary,Lancashire Constabulary,-2.701037,53.687186,On or near Sports/Recreation Area,E01025446,South Ribble 015D,Other theft,Status update unavailable,
2c3d7a92f8652a739c6cd273119bfebd4e94d5553f0a1225e294baf1454c64b4,2019-05,Lancashire Constabulary,Lancashire Constabulary,-2.701037,53.687186,On or near Sports/Recreation Area,E01025446,South Ribble 015D,Vehicle crime,Status update unavailable,
3ff31554f7ebb325561568a34eb08c6cf154a8c6b40f7e461c0eb6c5600348df,2019-05,Lancashire Constabulary,Lancashire Constabulary,-2.709858,53.693040,On or near Hazelwood Close,E01025446,South Ribble 015D,Vehicle crime,Status update unavailable,
79a889363f7352fe1dd4d37774525491ba2ecd869b1de7c44ab893820fb173be,2019-05,Lancashire Constabulary,Lancashire Constabulary,-2.701037,53.687186,On or near Sports/Recreation Area,E01025446,South Ribble 015D,Violence and sexual offences,Unable to prosecute suspect,
8f0a504965771c76d0e0a31f3b8dcecfad7f6b22ad5f927bd58edbb6484f0e79,2019-05,Lancashire Constabulary,Lancashire Constabulary,-2.706585,53.692933,On or near Bleachers Drive,E01025446,South Ribble 015D,Violence and sexual offences,Status update unavailable,
c8d25a01b83f6e341bfbc629825f9c4bf2841f53b0b895daf7355ec4f0468d4c,2019-05,Lancashire Constabulary,Lancashire Constabulary,-2.707405,53.686745,On or near Royal Avenue,E01025446,South Ribble 015D,Violence and sexual offences,Status update unavailable,
9b7074e3fd082b1595a3b74e2751c6e62279473e180e734f5245cd556160fc5d,2019-05,Lancashire Constabulary,Lancashire Constabulary,-2.710648,53.688730,On or near West Paddock,E01025446,South Ribble 015D,Other crime,Status update unavailable,
,2019-05,Lancashire Constabulary,Lancashire Constabulary,-2.685670,53.691967,On or near Hargreaves Avenue,E01025430,South Ribble 016A,Anti-social behaviour,,
11d136a20080cdd7be794dfa3d9f7d18f364da73a0cf90ae132f1df7c8dc7454,2019-05,Lancashire Constabulary,Lancashire Constabulary,-2.690722,53.693421,On or near Balcarres Close,E01025430,South Ribble 016A,Criminal damage and arson,Status update unavailable,
110e697bcda5e8ee2b519e2aa08647dd0dab04a1c1700adb0b695c6d39750636,2019-05,Lancashire Constabulary,Lancashire Constabulary,-2.694703,53.692401,On or near Sports/Recreation Area,E01025430,South Ribble 016A,Other theft,Status update unavailable,
77c9c629ae0e469e9474acaf151a5984229145393da24d980ff5ff6b3aa207cf,2019-05,Lancashire Constabulary,Lancashire Constabulary,-2.684753,53.689573,On or near Denford Avenue,E01025430,South Ribble 016A,Other theft,Status update unavailable,
ea4ec4f7b93506ec2fddcc0ae4a4fa71b58312a7e84d0139245158edcae1e8a8,2019-05,Lancashire Constabulary,Lancashire Constabulary,-2.684526,53.688657,On or near Claremount Avenue,E01025430,South Ribble 016A,Other theft,Status update unavailable,
18a80c62dff6764421665dc9ea53909502fdacf9f71da5631b81d008d05f2b7b,2019-05,Lancashire Constabulary,Lancashire Constabulary,-2.686875,53.691565,On or near Canberra Road,E01025430,South Ribble 016A,Vehicle crime,Status update unavailable,
ade6bd8027e8c97aefa42fb546ec74b06db47fe91dd76cb9f7119a619113cf85,2019-05,Lancashire Constabulary,Lancashire Constabulary,-2.686057,53.694365,On or near Turpin Green Lane,E01025430,South Ribble 016A,Violence and sexual offences,Unable to prosecute suspect,
49ac8b5a714158d293e7c5a1028d1f0f53d2473449416c84e92a8771e3688780,2019-05,Lancashire Constabulary,Lancashire Constabulary,-2.693802,53.690141,On or near Balcarres Place,E01025430,South Ribble 016A,Violence and sexual offences,Unable to prosecute suspect,
15f55db47695cc452d83fe3ae51de248d6636d3c3cfd18b4219e91fe9503ac46,2019-05,Lancashire Constabulary,Lancashire Constabulary,-2.684753,53.689573,On or near Denford Avenue,E01025430,South Ribble 016A,Violence and sexual offences,Unable to prosecute suspect,
71f001514d5f034a417bd248ee3160b4af19e23a317cb43cb5ea586c08422f25,2019-05,Lancashire Constabulary,Lancashire Constabulary,-2.693876,53.690940,On or near Pembroke Place,E01025430,South Ribble 016A,Violence and sexual offences,Status update unavailable,
,2019-05,Lancashire Constabulary,Lancashire Constabulary,-2.692545,53.684548,On or near Vicarsfields Road,E01025434,South Ribble 016C,Anti-social behaviour,,
,2019-05,Lancashire Constabulary,Lancashire Constabulary,-2.689153,53.686384,On or near Leafy Close,E01025434,South Ribble 016C,Anti-social behaviour,,
,2019-05,Lancashire Constabulary,Lancashire Constabulary,-2.691271,53.682578,On or near Lonsdale Close,E01025434,South Ribble 016C,Anti-social behaviour,,
,2019-05,Lancashire Constabulary,Lancashire Constabulary,-2.685236,53.688563,On or near Church Road,E01025434,South Ribble 016C,Anti-social behaviour,,
9b36b995fb2cad76ccd86471576484e57a6172183a7ef49c4274b14587d0a0e4,2019-05,Lancashire Constabulary,Lancashire Constabulary,-2.690800,53.687120,On or near Evergreen Avenue,E01025434,South Ribble 016C,Burglary,Status update unavailable,
9100bf354ccefc6c78e8e79777e5c974b07ac10a737f2acf891950cbdd8b9c6d,2019-05,Lancashire Constabulary,Lancashire Constabulary,-2.690800,53.687120,On or near Evergreen Avenue,E01025434,South Ribble 016C,Burglary,Status update unavailable,
629d2ad166436f6d180663184399c78fd69c9eee08f6bc27f0c88cef14660a8d,2019-05,Lancashire Constabulary,Lancashire Constabulary,-2.683431,53.684610,On or near Bleasdale Close,E01025434,South Ribble 016C,Other theft,Status update unavailable,
8c04d1213ad529ab366fba87c91e6c054f0ef53f7bae8157af6dcefa0d6ff4d2,2019-05,Lancashire Constabulary,Lancashire Constabulary,-2.690800,53.687120,On or near Evergreen Avenue,E01025434,South Ribble 016C,Other theft,Status update unavailable,
4c4b892a96b0d9279c835312da20d259069596c0ac4dcbc1552fbaf6c56afb2c,2019-05,Lancashire Constabulary,Lancashire Constabulary,-2.694309,53.684107,On or near Worden Lane,E01025434,South Ribble 016C,Other theft,Status update unavailable,
076dad10fe5c6a921b862484c0a1d9df937ba78955f58887b7af878e38590c1a,2019-05,Lancashire Constabulary,Lancashire Constabulary,-2.689153,53.686384,On or near Leafy Close,E01025434,South Ribble 016C,Vehicle crime,Status update unavailable,
4dbb239ad10df4e2a41c8e520519a928d73f905f5ed8b57b79cee77f93e2cebe,2019-05,Lancashire Constabulary,Lancashire Constabulary,-2.682461,53.687411,On or near Eskdale Road,E01025434,South Ribble 016C,Vehicle crime,Status update unavailable,
bf82bdfc80db786ee6f0f7d855023c5c606a4ca8fa6db3ae58663f8c519f4ebe,2019-05,Lancashire Constabulary,Lancashire Constabulary,-2.693566,53.684947,On or near Ennerdale Close,E01025434,South Ribble 016C,Vehicle crime,Status update unavailable,
faa28a9bbfbdb0943caeea8f3f6a12fb60a87f5f007dc31dd585c152d2044107,2019-05,Lancashire Constabulary,Lancashire Constabulary,-2.694309,53.684107,On or near Worden Lane,E01025434,South Ribble 016C,Vehicle crime,Status update unavailable,
0d3aaa2181ff4a8cd2d5fb0382a4bc40d89c79c736efbc4d0efbd2230fb55d4a,2019-05,Lancashire Constabulary,Lancashire Constabulary,-2.683431,53.684610,On or near Bleasdale Close,E01025434,South Ribble 016C,Vehicle crime,Status update unavailable,
bfc74f20f6df1c05b6f2967a533c085b3a21d32064b1ec91fb33f9cd758c67a2,2019-05,Lancashire Constabulary,Lancashire Constabulary,-2.686824,53.684743,On or near Mardale Crescent,E01025434,South Ribble 016C,Vehicle crime,Status update unavailable,
4e534a0f9f67d9b8fab42f3b276570f98d117121ea470e56cec731f858c88d54,2019-05,Lancashire Constabulary,Lancashire Constabulary,-2.686824,53.684743,On or near Mardale Crescent,E01025434,South Ribble 016C,Violence and sexual offences,Unable to prosecute suspect,
f15c1de2789c544b0f4231c8373e5a10c5853ced9f7ec22a80b777c2017e7c6a,2019-05,Lancashire Constabulary,Lancashire Constabulary,-2.693566,53.684947,On or near Ennerdale Close,E01025434,South Ribble 016C,Violence and sexual offences,Status update unavailable,
,2019-05,Lancashire Constabulary,Lancashire Constabulary,-2.668503,53.681863,On or near Silverstone Street,E01032928,South Ribble 016D,Anti-social behaviour,,
,2019-05,Lancashire Constabulary,Lancashire Constabulary,-2.674988,53.692540,On or near Petrol Station,E01032928,South Ribble 016D,Anti-social behaviour,,
,2019-05,Lancashire Constabulary,Lancashire Constabulary,-2.675604,53.692240,On or near Croft Park,E01032928,South Ribble 016D,Anti-social behaviour,,
,2019-05,Lancashire Constabulary,Lancashire Constabulary,-2.659395,53.683252,On or near Guernsey Avenue,E01032928,South Ribble 016D,Anti-social behaviour,,
eeda0c1967ee856c0345c213d17881fb20443bacfd40c02d21a41a597a887970,2019-05,Lancashire Constabulary,Lancashire Constabulary,-2.662751,53.682892,On or near Durham Drive,E01032928,South Ribble 016D,Burglary,Status update unavailable,
3d1d856185ad4eebf61437f3fdaf7084be3552d39c9aad6e05578dab47c39c05,2019-05,Lancashire Constabulary,Lancashire Constabulary,-2.659581,53.681571,On or near Marine Crescent,E01032928,South Ribble 016D,Other theft,Unable to prosecute suspect,
2d32b4223f9190dc1185bc928b017dbfb34e1da5534a80f36b3e03c5a563c74d,2019-05,Lancashire Constabulary,Lancashire Constabulary,-2.666695,53.687185,On or near Dawson Lane,E01032928,South Ribble 016D,Other theft,Investigation complete; no suspect identified,
ca2ffdc2a973d1e2f3fa16b7601ca86021bee4dd71ccc23c006148708683c299,2019-05,Lancashire Constabulary,Lancashire Constabulary,-2.666695,53.687185,On or near Dawson Lane,E01032928,South Ribble 016D,Other theft,Status update unavailable,
8ecb2ea4052458d948fa1c6593b5422072f3e452f12e7bfe62ca685852e13983,2019-05,Lancashire Constabulary,Lancashire Constabulary,-2.666695,53.687185,On or near Dawson Lane,E01032928,South Ribble 016D,Other theft,Status update unavailable,
8b88152abc0c516c123c5d1231486d83270bc4423bcd7702652a1ecd4aed7150,2019-05,Lancashire Constabulary,Lancashire Constabulary,-2.674988,53.692540,On or near Petrol Station,E01032928,South Ribble 016D,Other theft,Status update unavailable,
6cfde62f52dd358942e253813062b2295ca2ca71dee60195d45535c3de482eea,2019-05,Lancashire Constabulary,Lancashire Constabulary,-2.678122,53.684954,On or near Back Lane,E01032928,South Ribble 016D,Public order,Status update unavailable,
0f21fc84a6a1b07f8ca12baa92e4d5d668dbd896a1beb7eccd8f83098e9df1e4,2019-05,Lancashire Constabulary,Lancashire Constabulary,-2.678122,53.684954,On or near Back Lane,E01032928,South Ribble 016D,Vehicle crime,Status update unavailable,
cecb99ac4853f844017b4f68140d85f5456e5a82b12fbe20e5eb4b585578bd1a,2019-05,Lancashire Constabulary,Lancashire Constabulary,-2.659542,53.684879,On or near Mayflower Crescent,E01032928,South Ribble 016D,Violence and sexual offences,Status update unavailable,
f5434571f3206bce780e6340bafd87a5c7f2b359e9f80d31bba05df200106bcd,2019-05,Lancashire Constabulary,Lancashire Constabulary,-2.662902,53.681912,On or near Spinners Court,E01032928,South Ribble 016D,Violence and sexual offences,Offender given a caution,
5ec77c0165b73bfad3453b6a09472322e18fd7f924d3df9d94d9c168295b6f63,2019-05,Lancashire Constabulary,Lancashire Constabulary,-2.662390,53.684962,On or near Bamber Avenue,E01032928,South Ribble 016D,Violence and sexual offences,Unable to prosecute suspect,
ba270f30057200df2f18d7d3f5d865ca9947164c8abe752eb3b8ad8d1c991904,2019-05,Lancashire Constabulary,Lancashire Constabulary,-2.661638,53.685271,On or near Anderton Crescent,E01032928,South Ribble 016D,Violence and sexual offences,Further investigation is not in the public interest,
e5fbb10d1e579f70a2d96115608dfed2d690f2e5931c6baa0373292eb330ebf2,2019-05,Lancashire Constabulary,Lancashire Constabulary,-2.659581,53.681571,On or near Marine Crescent,E01032928,South Ribble 016D,Violence and sexual offences,Unable to prosecute suspect,
f3a4801529d8364f64c9df29f228cf92dea8ad350fbdc358c2e00670c61b30f8,2019-05,Lancashire Constabulary,Lancashire Constabulary,-2.674988,53.692540,On or near Petrol Station,E01032928,South Ribble 016D,Violence and sexual offences,Unable to prosecute suspect,
672017cadeacd2e11217153d8f6276d76c2d8cbdc9389b913c19ef3e7438372d,2019-05,Lancashire Constabulary,Lancashire Constabulary,-2.678122,53.684954,On or near Back Lane,E01032928,South Ribble 016D,Violence and sexual offences,Status update unavailable,
fd961708b4a57aaae1567e6d44b4c56fa05f2ca2645115417eb61a8dd4ae4524,2019-05,Lancashire Constabulary,Lancashire Constabulary,-2.662751,53.682892,On or near Durham Drive,E01032928,South Ribble 016D,Other crime,Status update unavailable,
,2019-05,Lancashire Constabulary,Lancashire Constabulary,-2.681148,53.688605,On or near Beaumaris Road,E01032929,South Ribble 016E,Anti-social behaviour,,
98c38260a66a7669090a60c3dbab4570108007a3651482229f2cd98e3bdd5fba,2019-05,Lancashire Constabulary,Lancashire Constabulary,-2.679610,53.691849,On or near Russell Avenue,E01032929,South Ribble 016E,Criminal damage and arson,Unable to prosecute suspect,
c066ad95d93152c6035526549b86cca0f7cf77be824b3ca26d7a326d92b166b4,2019-05,Lancashire Constabulary,Lancashire Constabulary,-2.675507,53.689032,On or near Parking Area,E01032929,South Ribble 016E,Public order,Status update unavailable,
089469365af03294ef98a6113b20aae532541cdbc93e3cb2323c0ac4928a28e6,2019-05,Lancashire Constabulary,Lancashire Constabulary,-2.679021,53.690028,On or near Glamis Road,E01032929,South Ribble 016E,Violence and sexual offences,Status update unavailable,
3e6c6abfd85a6232ee598b472069ce4c11fb63f9e5f3204035497545c6c7b8bb,2019-05,Lancashire Constabulary,Lancashire Constabulary,-2.679021,53.690028,On or near Glamis Road,E01032929,South Ribble 016E,Violence and sexual offences,Status update unavailable,
,2019-05,Lancashire Constabulary,Lancashire Constabulary,-2.710630,53.684056,On or near Cumberland Avenue,E01025445,South Ribble 017A,Anti-social behaviour,,
,2019-05,Lancashire Constabulary,Lancashire Constabulary,-2.714426,53.685597,On or near Springfield Road,E01025445,South Ribble 017A,Anti-social behaviour,,
,2019-05,Lancashire Constabulary,Lancashire Constabulary,-2.710630,53.684056,On or near Cumberland Avenue,E01025445,South Ribble 017A,Anti-social behaviour,,
,2019-05,Lancashire Constabulary,Lancashire Constabulary,-2.716250,53.684220,On or near Butlers Farm Court,E01025445,South Ribble 017A,Anti-social behaviour,,
,2019-05,Lancashire Constabulary,Lancashire Constabulary,-2.713241,53.684445,On or near Cuerden Avenue,E01025445,South Ribble 017A,Anti-social behaviour,,
,2019-05,Lancashire Constabulary,Lancashire Constabulary,-2.712249,53.685772,On or near Queensway,E01025445,South Ribble 017A,Anti-social behaviour,,
,2019-05,Lancashire Constabulary,Lancashire Constabulary,-2.710630,53.684056,On or near Cumberland Avenue,E01025445,South Ribble 017A,Anti-social behaviour,,
,2019-05,Lancashire Constabulary,Lancashire Constabulary,-2.713205,53.685020,On or near Farington Avenue,E01025445,South Ribble 017A,Anti-social behaviour,,
b07e6c06f8ad560cf4bf483f7f672d1008951b3c0e82a94359534ab0902d4d13,2019-05,Lancashire Constabulary,Lancashire Constabulary,-2.714565,53.684841,On or near Clayton Avenue,E01025445,South Ribble 017A,Burglary,Unable to prosecute suspect,
1a1323a7c2013cfa54429dd5bef31016fb6e69de469515be088a5f420fff22ff,2019-05,Lancashire Constabulary,Lancashire Constabulary,-2.714426,53.685597,On or near Springfield Road,E01025445,South Ribble 017A,Public order,Unable to prosecute suspect,
96329bf0db6dbdb19c81e628b353911227005932fd6fae26922ed6e2fe7cb9a9,2019-05,Lancashire Constabulary,Lancashire Constabulary,-2.710630,53.684056,On or near Cumberland Avenue,E01025445,South Ribble 017A,Public order,Status update unavailable,
a26c12f774827397b985c362901b8cf7394f8874c57a1e4875cd2b40d7b5ac47,2019-05,Lancashire Constabulary,Lancashire Constabulary,-2.709190,53.683930,On or near Norfolk Close,E01025445,South Ribble 017A,Violence and sexual offences,Unable to prosecute suspect,
3bc1b874336dd9e3f26441a2a37616639b8cb7684570cde780bb1cf93bead74a,2019-05,Lancashire Constabulary,Lancashire Constabulary,-2.714426,53.685597,On or near Springfield Road,E01025445,South Ribble 017A,Violence and sexual offences,Further investigation is not in the public interest,
bff954ad19ecb5b191ac33050e8f4c59bf790e126a3ce2497747f195b5932850,2019-05,Lancashire Constabulary,Lancashire Constabulary,-2.709885,53.684752,On or near Warwick Road,E01025445,South Ribble 017A,Violence and sexual offences,Unable to prosecute suspect,
7f83a7a8ce0e4d5f6691467359708307da84f240c3d831972859fd5deb0225ae,2019-05,Lancashire Constabulary,Lancashire Constabulary,-2.714426,53.685597,On or near Springfield Road,E01025445,South Ribble 017A,Violence and sexual offences,Status update unavailable,
3417c29816875f0401cc800776681cbe66cadc8c516224b1cd6ea002c9210298,2019-05,Lancashire Constabulary,Lancashire Constabulary,-2.714426,53.685597,On or near Springfield Road,E01025445,South Ribble 017A,Violence and sexual offences,Status update unavailable,
aa468f4ee5eaad1c89d2864517eb896b5dbe59971221604db6e75291b67898b2,2019-05,Lancashire Constabulary,Lancashire Constabulary,-2.714426,53.685597,On or near Springfield Road,E01025445,South Ribble 017A,Violence and sexual offences,Status update unavailable,
5c7a6d88ee7547876fb9f1505fbdd3760a30c70413b7099e8758e1af34840f79,2019-05,Lancashire Constabulary,Lancashire Constabulary,-2.716250,53.684220,On or near Butlers Farm Court,E01025445,South Ribble 017A,Violence and sexual offences,Status update unavailable,
,2019-05,Lancashire Constabulary,Lancashire Constabulary,-2.713625,53.687454,On or near Wigton Avenue,E01025447,South Ribble 017B,Anti-social behaviour,,
,2019-05,Lancashire Constabulary,Lancashire Constabulary,-2.713625,53.687454,On or near Wigton Avenue,E01025447,South Ribble 017B,Anti-social behaviour,,
,2019-05,Lancashire Constabulary,Lancashire Constabulary,-2.715800,53.689796,On or near Parking Area,E01025447,South Ribble 017B,Anti-social behaviour,,
369ea739a5c60d9900b2e210463b0f43f974dae03ca461a594d4e56348899076,2019-05,Lancashire Constabulary,Lancashire Constabulary,-2.713726,53.689871,On or near Ribble Road,E01025447,South Ribble 017B,Burglary,Status update unavailable,
59a1c1a466ca221eeade5264da8994e09cd4ab83a0fd72e44554cda82c7747aa,2019-05,Lancashire Constabulary,Lancashire Constabulary,-2.713625,53.687454,On or near Wigton Avenue,E01025447,South Ribble 017B,Violence and sexual offences,Unable to prosecute suspect,
a0106963dc616adbd72dfd42f755bebb1e962b2911a7b455b5bb20a67bb43f6f,2019-05,Lancashire Constabulary,Lancashire Constabulary,-2.715286,53.690778,On or near Mill Lane,E01025447,South Ribble 017B,Violence and sexual offences,Status update unavailable,
08ad81da74936705997c5ab5ed3b4282025365e647319e00d2f4f84690e96734,2019-05,Lancashire Constabulary,Lancashire Constabulary,-2.714658,53.686773,On or near Seven Stars Road,E01025447,South Ribble 017B,Violence and sexual offences,Status update unavailable,
f85e209084d7b59b122baa6c83a9d63d405a3f685b6493f9897eeec68e0ac93d,2019-05,Lancashire Constabulary,Lancashire Constabulary,-2.713625,53.687454,On or near Wigton Avenue,E01025447,South Ribble 017B,Violence and sexual offences,Status update unavailable,
,2019-05,Lancashire Constabulary,Lancashire Constabulary,-2.716497,53.688964,On or near Leyland Lane,E01025459,South Ribble 017C,Anti-social behaviour,,
,2019-05,Lancashire Constabulary,Lancashire Constabulary,-2.718559,53.693545,On or near Cowling Lane,E01025459,South Ribble 017C,Anti-social behaviour,,
,2019-05,Lancashire Constabulary,Lancashire Constabulary,-2.716435,53.688875,On or near Leyland Lane,E01025459,South Ribble 017C,Anti-social behaviour,,
,2019-05,Lancashire Constabulary,Lancashire Constabulary,-2.720557,53.690792,On or near Dunkirk Lane,E01025459,South Ribble 017C,Anti-social behaviour,,
,2019-05,Lancashire Constabulary,Lancashire Constabulary,-2.717417,53.689624,On or near Grove Street,E01025459,South Ribble 017C,Anti-social behaviour,,
,2019-05,Lancashire Constabulary,Lancashire Constabulary,-2.720446,53.692275,On or near Downham Road,E01025459,South Ribble 017C,Anti-social behaviour,,
,2019-05,Lancashire Constabulary,Lancashire Constabulary,-2.716497,53.688964,On or near Leyland Lane,E01025459,South Ribble 017C,Anti-social behaviour,,
,2019-05,Lancashire Constabulary,Lancashire Constabulary,-2.719114,53.693218,On or near Fielden Street,E01025459,South Ribble 017C,Anti-social behaviour,,
,2019-05,Lancashire Constabulary,Lancashire Constabulary,-2.716741,53.693520,On or near Daisy Bank Close,E01025459,South Ribble 017C,Anti-social behaviour,,
,2019-05,Lancashire Constabulary,Lancashire Constabulary,-2.716497,53.688964,On or near Leyland Lane,E01025459,South Ribble 017C,Anti-social behaviour,,
,2019-05,Lancashire Constabulary,Lancashire Constabulary,-2.720557,53.690792,On or near Dunkirk Lane,E01025459,South Ribble 017C,Anti-social behaviour,,
077cff32e7a283b47a013392aff94918f6bfef7863ad27ce597decae4fc2a2f6,2019-05,Lancashire Constabulary,Lancashire Constabulary,-2.716741,53.693520,On or near Daisy Bank Close,E01025459,South Ribble 017C,Criminal damage and arson,Unable to prosecute suspect,
243eb629193213100ee59350ee953343c8d7a03457b0278acede2985ccf13c13,2019-05,Lancashire Constabulary,Lancashire Constabulary,-2.716497,53.688964,On or near Leyland Lane,E01025459,South Ribble 017C,Public order,Status update unavailable,
ec6d511e0c4de04fa6356a6be4c38f613b20441ebe2cda6afc39a55dcc3958f2,2019-05,Lancashire Constabulary,Lancashire Constabulary,-2.718501,53.690157,On or near Dunkirk Mews,E01025459,South Ribble 017C,Public order,Status update unavailable,
86e1e6f6ec096c0e58bd7a5a497a7b7d4c3f0bfc05c9e6142d1808a00bc93f09,2019-05,Lancashire Constabulary,Lancashire Constabulary,-2.719114,53.693218,On or near Fielden Street,E01025459,South Ribble 017C,Violence and sexual offences,Status update unavailable,
c947cf0db811037b8490d07a90d5ec1497b7b473ecbddca6ca130e85d015caf6,2019-05,Lancashire Constabulary,Lancashire Constabulary,-2.716435,53.688875,On or near Leyland Lane,E01025459,South Ribble 017C,Violence and sexual offences,Status update unavailable,
6dd8e2e44eef3d291698e00e9f875c9972d4e571c8b844f9afacbaee446250a0,2019-05,Lancashire Constabulary,Lancashire Constabulary,-2.719114,53.693218,On or near Fielden Street,E01025459,South Ribble 017C,Violence and sexual offences,Status update unavailable,
51b180cc355c6227fdd4fe933f5319144d8fabfc9357fd638d80a045ac47dd31,2019-05,Lancashire Constabulary,Lancashire Constabulary,-2.725827,53.689924,On or near Langton Close,E01025459,South Ribble 017C,Violence and sexual offences,Status update unavailable,
fcfe9958de8932fbdb33f739ae61f8ef3cbc8bdd669916ab6a39917b2a1170d6,2019-05,Lancashire Constabulary,Lancashire Constabulary,-2.716741,53.693520,On or near Daisy Bank Close,E01025459,South Ribble 017C,Violence and sexual offences,Further investigation is not in the public interest,
,2019-05,Lancashire Constabulary,Lancashire Constabulary,-2.731121,53.687842,On or near Alder Close,E01025460,South Ribble 017D,Anti-social behaviour,,
,2019-05,Lancashire Constabulary,Lancashire Constabulary,-2.731121,53.687842,On or near Alder Close,E01025460,South Ribble 017D,Anti-social behaviour,,
,2019-05,Lancashire Constabulary,Lancashire Constabulary,-2.720157,53.686875,On or near Teal Close,E01025460,South Ribble 017D,Anti-social behaviour,,
,2019-05,Lancashire Constabulary,Lancashire Constabulary,-2.729869,53.689854,On or near Slater Lane,E01025460,South Ribble 017D,Anti-social behaviour,,
,2019-05,Lancashire Constabulary,Lancashire Constabulary,-2.726725,53.689325,On or near Slater Court,E01025460,South Ribble 017D,Anti-social behaviour,,
,2019-05,Lancashire Constabulary,Lancashire Constabulary,-2.726725,53.689325,On or near Slater Court,E01025460,South Ribble 017D,Anti-social behaviour,,
,2019-05,Lancashire Constabulary,Lancashire Constabulary,-2.729720,53.689145,On or near Manor House Close,E01025460,South Ribble 017D,Anti-social behaviour,,
,2019-05,Lancashire Constabulary,Lancashire Constabulary,-2.731121,53.687842,On or near Alder Close,E01025460,South Ribble 017D,Anti-social behaviour,,
,2019-05,Lancashire Constabulary,Lancashire Constabulary,-2.727048,53.686986,On or near Westlands,E01025460,South Ribble 017D,Anti-social behaviour,,
,2019-05,Lancashire Constabulary,Lancashire Constabulary,-2.729720,53.689145,On or near Manor House Close,E01025460,South Ribble 017D,Anti-social behaviour,,
,2019-05,Lancashire Constabulary,Lancashire Constabulary,-2.718096,53.685935,On or near Stonecroft Road,E01025460,South Ribble 017D,Anti-social behaviour,,
,2019-05,Lancashire Constabulary,Lancashire Constabulary,-2.729720,53.689145,On or near Manor House Close,E01025460,South Ribble 017D,Anti-social behaviour,,
,2019-05,Lancashire Constabulary,Lancashire Constabulary,-2.727153,53.687786,On or near Northlands,E01025460,South Ribble 017D,Anti-social behaviour,,
,2019-05,Lancashire Constabulary,Lancashire Constabulary,-2.726725,53.689325,On or near Slater Court,E01025460,South Ribble 017D,Anti-social behaviour,,
bd29bb9d01243eb0837c3a9607fce76b22d46907b4facc5db13e472d50368cc6,2019-05,Lancashire Constabulary,Lancashire Constabulary,-2.729157,53.691576,On or near Newton Close,E01025460,South Ribble 017D,Burglary,Status update unavailable,
8a148f7d7bf80bb94d623543492c821d3857b3d607690158557467912400ed76,2019-05,Lancashire Constabulary,Lancashire Constabulary,-2.721898,53.686901,On or near Curlew Close,E01025460,South Ribble 017D,Criminal damage and arson,Awaiting court outcome,
0e9d3a64b316284c860a138421b285e58b0af8067d83d6721cb747f9d9d28ecd,2019-05,Lancashire Constabulary,Lancashire Constabulary,-2.718096,53.685935,On or near Stonecroft Road,E01025460,South Ribble 017D,Possession of weapons,Awaiting court outcome,
8913ecb2bada854795d93af0ee34deab3febbbce90faa398a7946f17fb27f9f4,2019-05,Lancashire Constabulary,Lancashire Constabulary,-2.718585,53.684413,On or near Victoria Park Avenue,E01025460,South Ribble 017D,Public order,Unable to prosecute suspect,
89df727b3732a22a1633f7d834979736bef1d9aca18c5ff43c3132dcee85e563,2019-05,Lancashire Constabulary,Lancashire Constabulary,-2.729030,53.686857,On or near Greenside Gardens,E01025460,South Ribble 017D,Violence and sexual offences,Unable to prosecute suspect,
f27f6d3ffde1e677d7a97a6eeeeac809fed25b805fc4cecda31d19288037588a,2019-05,Lancashire Constabulary,Lancashire Constabulary,-2.726373,53.687350,On or near Eastlands,E01025460,South Ribble 017D,Violence and sexual offences,Local resolution,
fc9460f80db568a92c47f5e1afe78ab1ab9d706784db5ab3584c1f5ae85a0537,2019-05,Lancashire Constabulary,Lancashire Constabulary,-2.717312,53.686119,On or near Meadowcroft Road,E01025460,South Ribble 017D,Violence and sexual offences,Awaiting court outcome,
13edcf27768ee7d1e9802ffa5d67e3efd8c593285b3fa5360ef99627bd995d3c,2019-05,Lancashire Constabulary,Lancashire Constabulary,-2.721898,53.686901,On or near Curlew Close,E01025460,South Ribble 017D,Violence and sexual offences,Unable to prosecute suspect,
2060b05a9a4c42c0c6b80ca0b279ec758c5565e10ee393501bf58b6a5f2c0707,2019-05,Lancashire Constabulary,Lancashire Constabulary,-2.729157,53.691576,On or near Newton Close,E01025460,South Ribble 017D,Violence and sexual offences,Awaiting court outcome,
e4a9d69833fb6867012ff9ef130fa1eb600eb9b159904d061cbaa5eec78bb0d5,2019-05,Lancashire Constabulary,Lancashire Constabulary,-2.717312,53.686119,On or near Meadowcroft Road,E01025460,South Ribble 017D,Violence and sexual offences,Status update unavailable,
fb0ac6d566bcc4a0cb527e96333239cd61459d3647dff3d5fcf408186fd93153,2019-05,Lancashire Constabulary,Lancashire Constabulary,-1.652292,52.608682,On or near Swindale,E01029857,Tamworth 008C,Violence and sexual offences,Status update unavailable,
2ee2047bdd03586b5d461cb80c7aac8c1ee0636f5bbb2f0d255ac0a6f8e0ba96,2019-05,Lancashire Constabulary,Lancashire Constabulary,-2.851899,53.706639,On or near Langdale Avenue,E01025496,West Lancashire 001A,Violence and sexual offences,Further investigation is not in the public interest,
beb5abfde22f2df23e5e883385792f8491e2e1170e9c0c787c86250bc2fdf9e0,2019-05,Lancashire Constabulary,Lancashire Constabulary,-2.858670,53.697665,On or near Park/Open Space,E01025496,West Lancashire 001A,Violence and sexual offences,Further investigation is not in the public interest,
527111cb9b50fd88985c2e8ee3dc75457d35d08f13e7333193bb67bee8ef1600,2019-05,Lancashire Constabulary,Lancashire Constabulary,-2.849790,53.707211,On or near School Fold,E01025496,West Lancashire 001A,Violence and sexual offences,Unable to prosecute suspect,
9300b743c1e42924a07a45b72a829d652a13d992ee57e8e4cfe1eaf9090979c1,2019-05,Lancashire Constabulary,Lancashire Constabulary,-2.851297,53.694086,On or near Park/Open Space,E01025496,West Lancashire 001A,Violence and sexual offences,Unable to prosecute suspect,
d891bceb9ce4d5067a83ce9917125978a31e0f3136ea26cf172e8803707fcf09,2019-05,Lancashire Constabulary,Lancashire Constabulary,-2.851899,53.706639,On or near Langdale Avenue,E01025496,West Lancashire 001A,Violence and sexual offences,Unable to prosecute suspect,
c961714810c6c7efee7c40ac34c9fea8714bf56228ab59fc5b749a58b80b615e,2019-05,Lancashire Constabulary,Lancashire Constabulary,-2.845070,53.704512,On or near The Green,E01025497,West Lancashire 001B,Violence and sexual offences,Status update unavailable,
,2019-05,Lancashire Constabulary,Lancashire Constabulary,-2.835740,53.702321,On or near Becconsall Lane,E01025498,West Lancashire 001C,Anti-social behaviour,,
f383e6b40897a06584e0f7c7b68546e830dafd3e1923b906cf15efbfb856fa29,2019-05,Lancashire Constabulary,Lancashire Constabulary,-2.840164,53.700825,On or near Orchard Close,E01025498,West Lancashire 001C,Criminal damage and arson,Unable to prosecute suspect,
5cf1d98a9f409cbb03d44cb4594b52e8239c3227037fc8eda220e448a80536fd,2019-05,Lancashire Constabulary,Lancashire Constabulary,-2.841244,53.700305,On or near Sidney Avenue,E01025498,West Lancashire 001C,Violence and sexual offences,Status update unavailable,
3b4b1d08d9efd2365e4a2762d3e0f776c56fd66ec83eb6824b5c089226ea22b7,2019-05,Lancashire Constabulary,Lancashire Constabulary,-2.830824,53.687309,On or near Hillcrest Close,E01025530,West Lancashire 001D,Burglary,Status update unavailable,
c005c1b9ce2b273f441df6b7ab2a66eb0aa1e54645b2c93871d25e3845ba6539,2019-05,Lancashire Constabulary,Lancashire Constabulary,-2.830824,53.687309,On or near Hillcrest Close,E01025530,West Lancashire 001D,Burglary,Status update unavailable,
69efada65f8bbf68ffbe6bdcc9b780ef1c0ac9fdbddb47a92086ded979a1a8cb,2019-05,Lancashire Constabulary,Lancashire Constabulary,-2.830749,53.688083,On or near Sutton Avenue,E01025530,West Lancashire 001D,Burglary,Status update unavailable,
394f3e9f7034d7bdc9cdeb8a9ee913cd2867ca276f148858c1815ed08bbdec87,2019-05,Lancashire Constabulary,Lancashire Constabulary,-2.830824,53.687309,On or near Hillcrest Close,E01025530,West Lancashire 001D,Burglary,Status update unavailable,
611baccd748c2760af5c13878ee2012192d393a893241b51a1af47e4d47acc49,2019-05,Lancashire Constabulary,Lancashire Constabulary,-2.830749,53.688083,On or near Sutton Avenue,E01025530,West Lancashire 001D,Burglary,Status update unavailable,
8051c7923b7086febb4621023bb8cf2712cec611e5e48b0db1dd445215f4a8b5,2019-05,Lancashire Constabulary,Lancashire Constabulary,-2.830824,53.687309,On or near Hillcrest Close,E01025530,West Lancashire 001D,Burglary,Status update unavailable,
b2a559aba84b3b567d1f2b1aefb93b706af09562b300ffd60f471189011bead5,2019-05,Lancashire Constabulary,Lancashire Constabulary,-2.830749,53.688083,On or near Sutton Avenue,E01025530,West Lancashire 001D,Burglary,Status update unavailable,
b0140aa9ce9b2d15ec91485164b55f970cfef3fb3be6f4039cbb1681c36bee78,2019-05,Lancashire Constabulary,Lancashire Constabulary,-2.834594,53.691876,On or near Nursery Drive,E01025530,West Lancashire 001D,Burglary,Status update unavailable,
4a47e97e751e1567b72e2279c5b415984e3275be262b467a42db6fcb6b8a6003,2019-05,Lancashire Constabulary,Lancashire Constabulary,-2.830824,53.687309,On or near Hillcrest Close,E01025530,West Lancashire 001D,Violence and sexual offences,Unable to prosecute suspect,
6241d956f3de7495acad28be99f897b2960d7fa7148297b201144765b747ca42,2019-05,Lancashire Constabulary,Lancashire Constabulary,-2.845192,53.694732,On or near Carr Heyes Drive,E01025530,West Lancashire 001D,Violence and sexual offences,Unable to prosecute suspect,
54ea9a09bf899153f99cc4cc76873421930498b073ec33cb82d0c751d5c72cee,2019-05,Lancashire Constabulary,Lancashire Constabulary,-2.845192,53.694732,On or near Carr Heyes Drive,E01025530,West Lancashire 001D,Violence and sexual offences,Unable to prosecute suspect,
207f82b48f996bb6b660e3b4884059936ea6f66fe6dc5af53882c73f4b811996,2019-05,Lancashire Constabulary,Lancashire Constabulary,-2.828187,53.687965,On or near Merlecrest Drive,E01025532,West Lancashire 001E,Burglary,Status update unavailable,
d15287b7e10b26edc635bf6262ee5a45558c6c516d6a92f87f3121bcaa9dc845,2019-05,Lancashire Constabulary,Lancashire Constabulary,-2.828187,53.687965,On or near Merlecrest Drive,E01025532,West Lancashire 001E,Burglary,Status update unavailable,
92779bc0792cba8f6a346f97940ce61d340e836e0b7a47f18cb65415532e1667,2019-05,Lancashire Constabulary,Lancashire Constabulary,-2.827790,53.686988,On or near Moss Lea,E01025532,West Lancashire 001E,Burglary,Status update unavailable,
f8b34958cc5d9211583f664273f6d98c6a4b625e8070561ce76d7de444d17117,2019-05,Lancashire Constabulary,Lancashire Constabulary,-2.830161,53.686684,On or near Holly Grove,E01025532,West Lancashire 001E,Burglary,Status update unavailable,
b7f22764228acbe483f945da7fd7fd681dcb047e4e8742be7a7da587b48e9db3,2019-05,Lancashire Constabulary,Lancashire Constabulary,-2.828187,53.687965,On or near Merlecrest Drive,E01025532,West Lancashire 001E,Burglary,Status update unavailable,
78866bf1d93c4936f97391c6b02bcf9fcbffd45a2d48adf050b5d7c62ed31895,2019-05,Lancashire Constabulary,Lancashire Constabulary,-2.828187,53.687965,On or near Merlecrest Drive,E01025532,West Lancashire 001E,Burglary,Status update unavailable,
a57d701b99668e9f686c726939d914c0254a9b8cb1f311679248023c7639fe3c,2019-05,Lancashire Constabulary,Lancashire Constabulary,-2.828187,53.687965,On or near Merlecrest Drive,E01025532,West Lancashire 001E,Burglary,Status update unavailable,
57db868e36f6d064489621d3d108379575ed2a40c2b0c7863d2411b2132b0448,2019-05,Lancashire Constabulary,Lancashire Constabulary,-2.828413,53.687110,On or near Crestway,E01025532,West Lancashire 001E,Burglary,Status update unavailable,
99596784811f3b691d9d337b3bf26e7b95ce8dcd1f36a6bd3935108e01d717d4,2019-05,Lancashire Constabulary,Lancashire Constabulary,-2.830161,53.686684,On or near Holly Grove,E01025532,West Lancashire 001E,Burglary,Status update unavailable,
3e193bba1f4d7e49247a555b172ef54df27d7f255eb99d1198d20ada08d3d6e0,2019-05,Lancashire Constabulary,Lancashire Constabulary,-2.828187,53.687965,On or near Merlecrest Drive,E01025532,West Lancashire 001E,Burglary,Status update unavailable,
f02c19e20500f5d1d201e2482f12306d54136f21deca9aaa8fc5929ad6366d19,2019-05,Lancashire Constabulary,Lancashire Constabulary,-2.828187,53.687965,On or near Merlecrest Drive,E01025532,West Lancashire 001E,Criminal damage and arson,Status update unavailable,
0ac3c5ec9d39534765d61268ba2ee5b2da6026180868b813a2c6e47e307ecee1,2019-05,Lancashire Constabulary,Lancashire Constabulary,-2.828187,53.687965,On or near Merlecrest Drive,E01025532,West Lancashire 001E,Criminal damage and arson,Status update unavailable,
7e46a695c2e1d45f3da194dee41c5bbea58d1e925b3f1c184791e79c5151c43c,2019-05,Lancashire Constabulary,Lancashire Constabulary,-2.827837,53.681694,On or near Hillside,E01025532,West Lancashire 001E,Other theft,Status update unavailable,
6a07e0b95999804d50f28ae96580a7d5ddc0079dfe20045cdcb8cd812a8df825,2019-05,Lancashire Constabulary,Lancashire Constabulary,-2.830181,53.684644,On or near The Beeches,E01025532,West Lancashire 001E,Other theft,Status update unavailable,
9010c474ad1f15319b7a53bc55b8731d927965ecee5ff5e296f868fa2bcd8b85,2019-05,Lancashire Constabulary,Lancashire Constabulary,-2.829544,53.681466,On or near Hunter Avenue,E01025532,West Lancashire 001E,Other theft,Status update unavailable,
1790124326c54402986752bebcaab47fb8f29fcbf4128c376c6ae65f69e92018,2019-05,Lancashire Constabulary,Lancashire Constabulary,-2.827790,53.686988,On or near Moss Lea,E01025532,West Lancashire 001E,Vehicle crime,Status update unavailable,
9c7d45509d53e6fe3e604c2dbc3ba621d7ee2e3d3e43f911093c4667ad47aba7,2019-05,Lancashire Constabulary,Lancashire Constabulary,-2.826784,53.677387,On or near Coe Lane,E01025532,West Lancashire 001E,Vehicle crime,Status update unavailable,
049d651d0928f53260e6cd1c5803a4435c2dd72757daaebdb985544194a560fd,2019-05,Lancashire Constabulary,Lancashire Constabulary,-2.825845,53.675074,On or near St. Helen'S Well,E01025532,West Lancashire 001E,Vehicle crime,Status update unavailable,
777239cc81f5572c06cbd94e7032ead9553bce09e0dd1a372567fc162a2e3b06,2019-05,Lancashire Constabulary,Lancashire Constabulary,-2.825845,53.675074,On or near St. Helen'S Well,E01025532,West Lancashire 001E,Violence and sexual offences,Status update unavailable,
502918f4fdd247c55935b891c24bf327b256dd33a695b3eda9af4a79aea1d723,2019-05,Lancashire Constabulary,Lancashire Constabulary,-2.830522,53.685792,On or near Haig Avenue,E01025532,West Lancashire 001E,Violence and sexual offences,Status update unavailable,
,2019-05,Lancashire Constabulary,Lancashire Constabulary,-2.831613,53.679699,On or near Mark Square,E01025533,West Lancashire 001F,Anti-social behaviour,,
,2019-05,Lancashire Constabulary,Lancashire Constabulary,-2.831613,53.679699,On or near Mark Square,E01025533,West Lancashire 001F,Anti-social behaviour,,
,2019-05,Lancashire Constabulary,Lancashire Constabulary,-2.831613,53.679699,On or near Mark Square,E01025533,West Lancashire 001F,Anti-social behaviour,,
,2019-05,Lancashire Constabulary,Lancashire Constabulary,-2.831613,53.679699,On or near Mark Square,E01025533,West Lancashire 001F,Anti-social behaviour,,
ed0e7d1bee823961579c0b12d11d8e8bc3885670d1f92835661989ea8f78b56b,2019-05,Lancashire Constabulary,Lancashire Constabulary,-2.834550,53.678160,On or near Ruskin Close,E01025533,West Lancashire 001F,Criminal damage and arson,Status update unavailable,
451ff8361834be870edf9b2e71b5e22d968d1148364281d243f3a49718a1b820,2019-05,Lancashire Constabulary,Lancashire Constabulary,-2.831613,53.679699,On or near Mark Square,E01025533,West Lancashire 001F,Criminal damage and arson,Status update unavailable,
cf9e397e3724975fd5895d3cbd87417cfe3ea090094826eda21ffb24846ffb4e,2019-05,Lancashire Constabulary,Lancashire Constabulary,-2.832317,53.675443,On or near Chapel Meadows,E01025533,West Lancashire 001F,Other theft,Status update unavailable,
18cd6846d9a6dab57aaf216d5ac0df41ec3fe357bebeb7c747e349ff309c6ef9,2019-05,Lancashire Constabulary,Lancashire Constabulary,-2.832520,53.678848,On or near Bakers Mews,E01025533,West Lancashire 001F,Other theft,Status update unavailable,
052e065a73204074bfe8e9a20d4d12a877b1506375ac953d0dc5c79869a4e199,2019-05,Lancashire Constabulary,Lancashire Constabulary,-2.831593,53.681003,On or near Latham Crescent,E01025533,West Lancashire 001F,Other theft,Status update unavailable,
7b0730af6010e8fbc7dcf9eae5d5e9c65a4757841ca6ae1e33b1cb5235be9458,2019-05,Lancashire Constabulary,Lancashire Constabulary,-2.827599,53.663359,On or near Liverpool Road,E01025533,West Lancashire 001F,Other theft,Status update unavailable,
75ab541bdf995242fb253f1310fc3f26e8a2800083f03abe6087cbbbacc96d5d,2019-05,Lancashire Constabulary,Lancashire Constabulary,-2.825945,53.662391,On or near Liverpool Old Road,E01025533,West Lancashire 001F,Public order,Status update unavailable,
554062fa30c3c4b9714ff83eb07c4fd01211122480ebcd77f07ee7fb3b35ceca,2019-05,Lancashire Constabulary,Lancashire Constabulary,-2.918499,53.674094,On or near Greaves Hall Avenue,E01025507,West Lancashire 002A,Burglary,Status update unavailable,
f7fa98176eb25b79361ddaa39dbd3e595b03b11f7c64919d2c6d1e5fc2286949,2019-05,Lancashire Constabulary,Lancashire Constabulary,-2.943901,53.668018,On or near Sports/Recreation Area,E01025507,West Lancashire 002A,Criminal damage and arson,Further investigation is not in the public interest,
d6fc839c2452eaf66b8e8a9ee09927cbcb1ea9e53b71612707af7bc93e252281,2019-05,Lancashire Constabulary,Lancashire Constabulary,-2.922909,53.673601,On or near Petrol Station,E01025507,West Lancashire 002A,Vehicle crime,Status update unavailable,
72d23da4a258fe629fd86a2b7371dbf16edbd926fad84146c5d2a3d4521ff11a,2019-05,Lancashire Constabulary,Lancashire Constabulary,-2.920678,53.673340,On or near The Close,E01025507,West Lancashire 002A,Violence and sexual offences,Unable to prosecute suspect,
,2019-05,Lancashire Constabulary,Lancashire Constabulary,-2.917138,53.683182,On or near Park/Open Space,E01025508,West Lancashire 002B,Anti-social behaviour,,
,2019-05,Lancashire Constabulary,Lancashire Constabulary,-2.917138,53.683182,On or near Park/Open Space,E01025508,West Lancashire 002B,Anti-social behaviour,,
,2019-05,Lancashire Constabulary,Lancashire Constabulary,-2.913848,53.686479,On or near New Lane Pace,E01025508,West Lancashire 002B,Anti-social behaviour,,
6a7caba8a32ca684c20031a83a611eab9b8240bbd4beab286fc601f06d25c35a,2019-05,Lancashire Constabulary,Lancashire Constabulary,-2.917111,53.678500,On or near Sycamore Close,E01025508,West Lancashire 002B,Violence and sexual offences,Status update unavailable,
6f142d0ffc0d06c674f236cfed7b81755d6c883ed02329d9fadfe338df618421,2019-05,Lancashire Constabulary,Lancashire Constabulary,-2.917111,53.678500,On or near Sycamore Close,E01025508,West Lancashire 002B,Other crime,Status update unavailable,
,2019-05,Lancashire Constabulary,Lancashire Constabulary,-2.933438,53.676028,On or near Leyland Close,E01025509,West Lancashire 002C,Anti-social behaviour,,
,2019-05,Lancashire Constabulary,Lancashire Constabulary,-2.933438,53.676028,On or near Leyland Close,E01025509,West Lancashire 002C,Anti-social behaviour,,
18ec3218a250fe1307b401dc34c5344263d7f624ff3d459b34b3b047838f469a,2019-05,Lancashire Constabulary,Lancashire Constabulary,-2.922133,53.678299,On or near Caunce Avenue,E01025509,West Lancashire 002C,Robbery,Further investigation is not in the public interest,
c6005169ea284f61de13c2fb916ea4e1abbfa6941b1b2dcd29828985be9c943f,2019-05,Lancashire Constabulary,Lancashire Constabulary,-2.922133,53.678299,On or near Caunce Avenue,E01025509,West Lancashire 002C,Violence and sexual offences,Status update unavailable,
f979b4c0fb22e2579c715f749a1d714787e400ce66aff77b1d48ccb980e00720,2019-05,Lancashire Constabulary,Lancashire Constabulary,-2.922133,53.678299,On or near Caunce Avenue,E01025509,West Lancashire 002C,Violence and sexual offences,Further investigation is not in the public interest,
5aa110b261a3e6b8e6f79607013f4a403ca229db18feae3c4352e547772b4775,2019-05,Lancashire Constabulary,Lancashire Constabulary,-2.922133,53.678299,On or near Caunce Avenue,E01025509,West Lancashire 002C,Violence and sexual offences,Status update unavailable,
,2019-05,Lancashire Constabulary,Lancashire Constabulary,-2.806939,53.634710,On or near Meadow Lane,E01025513,West Lancashire 002D,Anti-social behaviour,,
a7e34d80fc0d02cd5cfe3adf5994554315644ec448dd3e7b80771cf15a95db3f,2019-05,Lancashire Constabulary,Lancashire Constabulary,-2.806939,53.634710,On or near Meadow Lane,E01025513,West Lancashire 002D,Burglary,Status update unavailable,
b82f02b8e1928f0e59035ba5ec8890965a8078546d3491c9c7f16bfa0c359e49,2019-05,Lancashire Constabulary,Lancashire Constabulary,-2.806939,53.634710,On or near Meadow Lane,E01025513,West Lancashire 002D,Burglary,Status update unavailable,
84446e3ecfbee6350542c93d904a0cfea1fafceaebb7cbf53507a942ffa5e183,2019-05,Lancashire Constabulary,Lancashire Constabulary,-2.806939,53.634710,On or near Meadow Lane,E01025513,West Lancashire 002D,Burglary,Status update unavailable,
5104ac2e67c8167799b9f17bfa9eb5093b677b5d7261425f98c5b99804782782,2019-05,Lancashire Constabulary,Lancashire Constabulary,-2.819250,53.630851,On or near Oasis Close,E01025513,West Lancashire 002D,Criminal damage and arson,Status update unavailable,
9d4344620dff8bf02ac0e6ea5b5b6aed03e293ce43723fd6caffacb63b4da6c4,2019-05,Lancashire Constabulary,Lancashire Constabulary,-2.816545,53.633279,On or near Petrol Station,E01025513,West Lancashire 002D,Other theft,Status update unavailable,
,2019-05,Lancashire Constabulary,Lancashire Constabulary,-2.851368,53.672046,On or near Blackgate Lane,E01025531,West Lancashire 002E,Anti-social behaviour,,
,2019-05,Lancashire Constabulary,Lancashire Constabulary,-2.878290,53.654989,On or near The Marshes Lane,E01025531,West Lancashire 002E,Anti-social behaviour,,
,2019-05,Lancashire Constabulary,Lancashire Constabulary,-2.901747,53.667237,On or near Gravel Lane,E01025531,West Lancashire 002E,Anti-social behaviour,,
,2019-05,Lancashire Constabulary,Lancashire Constabulary,-2.851368,53.672046,On or near Blackgate Lane,E01025531,West Lancashire 002E,Anti-social behaviour,,
b4edd2eec473b4328fb77d8a1b139ee1c2c71d908896ea3ef107099e7ef754bc,2019-05,Lancashire Constabulary,Lancashire Constabulary,-2.878290,53.654989,On or near The Marshes Lane,E01025531,West Lancashire 002E,Burglary,Status update unavailable,
f1e857a47c155003f335d270c9f9a36c2f3b5555a38f7321ba6ef9d0e72389e6,2019-05,Lancashire Constabulary,Lancashire Constabulary,-2.901747,53.667237,On or near Gravel Lane,E01025531,West Lancashire 002E,Burglary,Unable to prosecute suspect,
68d80811e2da9fd8a44c51d1d891f5388435a3ed1ee51e6d3fa8159887181e29,2019-05,Lancashire Constabulary,Lancashire Constabulary,-2.851368,53.672046,On or near Blackgate Lane,E01025531,West Lancashire 002E,Criminal damage and arson,Status update unavailable,
c578e0faf374afeaf9bef15994e1d1bbc2d420a375fc5f4b339e8e80a724e7c0,2019-05,Lancashire Constabulary,Lancashire Constabulary,-2.851368,53.672046,On or near Blackgate Lane,E01025531,West Lancashire 002E,Criminal damage and arson,Status update unavailable,
84d33aa533f7741701247e4083a7103c06cfd0c45a75432db04eaa53a2943a21,2019-05,Lancashire Constabulary,Lancashire Constabulary,-2.849235,53.674416,On or near Park/Open Space,E01025531,West Lancashire 002E,Criminal damage and arson,Status update unavailable,
92f5a431a2607307ae5d912b8d3b39b0deb3a4dc0f238d3ea38ab2fb50faba62,2019-05,Lancashire Constabulary,Lancashire Constabulary,-2.862659,53.663139,On or near Park/Open Space,E01025531,West Lancashire 002E,Vehicle crime,Status update unavailable,
6a59ecfbf15dd24d43b24f25d83db5fe2ce390820fc635365a2763a38d3be014,2019-05,Lancashire Constabulary,Lancashire Constabulary,-2.883124,53.660446,On or near Tabby Nook,E01025531,West Lancashire 002E,Violence and sexual offences,Awaiting court outcome,
fb842b182fa8ff8caa46cb70dd974be9d18f99606895f902a9046286c846ca87,2019-05,Lancashire Constabulary,Lancashire Constabulary,-2.901747,53.667237,On or near Gravel Lane,E01025531,West Lancashire 002E,Violence and sexual offences,Status update unavailable,
,2019-05,Lancashire Constabulary,Lancashire Constabulary,-3.040997,53.548230,On or near New Causeway,E01025474,West Lancashire 003A,Anti-social behaviour,,
5ca9c314ced8ea30a6d014f05199dfe726de38e778feb731fede381b0e9f9ce0,2019-05,Lancashire Constabulary,Lancashire Constabulary,-3.040997,53.548230,On or near New Causeway,E01025474,West Lancashire 003A,Burglary,Unable to prosecute suspect,
63b905696b39ab970f3dc047aabc3791131fdd0c29ae8fa77c9350ce842dc28a,2019-05,Lancashire Constabulary,Lancashire Constabulary,-2.946639,53.550407,On or near Green'S Lane,E01025474,West Lancashire 003A,Other theft,Unable to prosecute suspect,
c2af753f82e9863c0808769d83915d45f5cf47aa3033cec47f16304cc66f5747,2019-05,Lancashire Constabulary,Lancashire Constabulary,-2.946639,53.550407,On or near Green'S Lane,E01025474,West Lancashire 003A,Public order,Status update unavailable,
3ca797703af2db166d1a1efde00fa108c29ae7254fc0ae737334a0888860b348,2019-05,Lancashire Constabulary,Lancashire Constabulary,-2.971669,53.563797,On or near Sumner Avenue,E01025474,West Lancashire 003A,Vehicle crime,Status update unavailable,
2f8222a2e7b088ff97fb7ddc33b8c62d8d3e5ffc0db7895921ad6e6ef3c22f10,2019-05,Lancashire Constabulary,Lancashire Constabulary,-2.958722,53.548082,On or near Mairscough Lane,E01025474,West Lancashire 003A,Violence and sexual offences,Unable to prosecute suspect,
bd6613363e5608283bb24c574d989e1871732826d3972e6073aada58fdb0d521,2019-05,Lancashire Constabulary,Lancashire Constabulary,-2.968632,53.565008,On or near Queens Green,E01025474,West Lancashire 003A,Violence and sexual offences,Status update unavailable,
bfc3f44c53a6243e4e7e956e9dfcaf21037a6a661ea1f638cc98a5c83e60c5c6,2019-05,Lancashire Constabulary,Lancashire Constabulary,-2.955919,53.583744,On or near Halsall Hall Drive,E01025495,West Lancashire 003B,Violence and sexual offences,Status update unavailable,
a5f8e9b164b28c3dacf86f4dfb7365c69337c11cffd027f3fe6964619e463c2b,2019-05,Lancashire Constabulary,Lancashire Constabulary,-2.945947,53.582313,On or near Summerwood Lane,E01025495,West Lancashire 003B,Violence and sexual offences,Local resolution,
,2019-05,Lancashire Constabulary,Lancashire Constabulary,-2.918655,53.620000,On or near Bescar Lane,E01025514,West Lancashire 003C,Anti-social behaviour,,
f2dc1f84c15d7d1ad634b4c71a471047d80a4b781d18436c0e11ed67cf4d4794,2019-05,Lancashire Constabulary,Lancashire Constabulary,-2.940101,53.625163,On or near Wyke Cop Road,E01025514,West Lancashire 003C,Criminal damage and arson,Unable to prosecute suspect,
fb8dca9ed4dd347aaa8f53f04458d633e18650d7566a77557dfa9aa611f9a5b9,2019-05,Lancashire Constabulary,Lancashire Constabulary,-2.918655,53.620000,On or near Bescar Lane,E01025514,West Lancashire 003C,Other theft,Status update unavailable,
573c1703ab3400724bbbe5f9aca5cedc6a0a5b21aa58503569d41147bc0ac4f0,2019-05,Lancashire Constabulary,Lancashire Constabulary,-2.954606,53.619997,On or near Otterstye View,E01025514,West Lancashire 003C,Violence and sexual offences,Status update unavailable,
,2019-05,Lancashire Constabulary,Lancashire Constabulary,-2.865671,53.607038,On or near New Lane,E01025515,West Lancashire 003D,Anti-social behaviour,,
,2019-05,Lancashire Constabulary,Lancashire Constabulary,-2.911044,53.599348,On or near Millionaire Row,E01025515,West Lancashire 003D,Anti-social behaviour,,
44eca32b30f4ec976f3aa236bdf238b1a7baf7aff764815cf284376081336e94,2019-05,Lancashire Constabulary,Lancashire Constabulary,-2.925323,53.598627,On or near Wheelwrights Wharf,E01025515,West Lancashire 003D,Vehicle crime,Status update unavailable,
bd1cf944148b3dba2b08765e1b2c2f35b43f764ff27cda81fafe856a2bbf8190,2019-05,Lancashire Constabulary,Lancashire Constabulary,-2.911298,53.599912,On or near Hedgeview,E01025515,West Lancashire 003D,Violence and sexual offences,Offender given a caution,
dc1b8bf71b1ab8ba0ca65f1f948883a5c755b2e46b8b1131e73eacd9d770cfca,2019-05,Lancashire Constabulary,Lancashire Constabulary,-2.864415,53.622471,On or near Park/Open Space,E01025515,West Lancashire 003D,Violence and sexual offences,Status update unavailable,
,2019-05,Lancashire Constabulary,Lancashire Constabulary,-2.840234,53.600145,On or near Hazelwood Avenue,E01025483,West Lancashire 004A,Anti-social behaviour,,
57b546469129b21fee7b314326ce608c692961b0f46daa04bfabdf7969bceb80,2019-05,Lancashire Constabulary,Lancashire Constabulary,-2.838293,53.598280,On or near Green Lane,E01025483,West Lancashire 004A,Criminal damage and arson,Status update unavailable,
4ec62391b6da1955af9ead362d9b9fb7b18551ca74fd1b8cad14d1c8b66597f8,2019-05,Lancashire Constabulary,Lancashire Constabulary,-2.841984,53.594659,On or near Richmond Avenue,E01025483,West Lancashire 004A,Other theft,Unable to prosecute suspect,
1d6a7297128f3cdaceed580cc45aa322473ec1902da5587c6e10833982e10693,2019-05,Lancashire Constabulary,Lancashire Constabulary,-2.842816,53.602302,On or near Parking Area,E01025483,West Lancashire 004A,Public order,Status update unavailable,
a520b1a7c2ad6a8a50a1d1340bd1e0dfbf7232c18145a0ba297797c1adb32092,2019-05,Lancashire Constabulary,Lancashire Constabulary,-2.840146,53.595678,On or near Richmond Mews,E01025483,West Lancashire 004A,Violence and sexual offences,Status update unavailable,
1850a129de299c0edb8ea4f739587471e0f22587aae8a52b5139f7de945db3e2,2019-05,Lancashire Constabulary,Lancashire Constabulary,-2.836480,53.599785,On or near Clough Avenue,E01025483,West Lancashire 004A,Violence and sexual offences,Unable to prosecute suspect,
f6559f02abbb743fa42987537e66cc35bfbec12697c321fcedb6812c8105a334,2019-05,Lancashire Constabulary,Lancashire Constabulary,-2.841753,53.603568,On or near Supermarket,E01025483,West Lancashire 004A,Violence and sexual offences,Unable to prosecute suspect,
,2019-05,Lancashire Constabulary,Lancashire Constabulary,-2.844547,53.592861,On or near Square Lane,E01025484,West Lancashire 004B,Anti-social behaviour,,
,2019-05,Lancashire Constabulary,Lancashire Constabulary,-2.838590,53.601819,On or near Colburne Close,E01025484,West Lancashire 004B,Anti-social behaviour,,
a5e04fa546fd762032f267c7a23b36c8ce3bd4566d40dfe50beb96e3b4a284a2,2019-05,Lancashire Constabulary,Lancashire Constabulary,-2.840879,53.603700,On or near Parking Area,E01025484,West Lancashire 004B,Other theft,Status update unavailable,
46f82412c46e998dd4537d20759dd79f82a599be176f4016a7d6117f3d0cf393,2019-05,Lancashire Constabulary,Lancashire Constabulary,-2.840879,53.603700,On or near Parking Area,E01025484,West Lancashire 004B,Violence and sexual offences,Unable to prosecute suspect,
3cd2a90d71d9fb5bf61f2b700d5a13733c3309ea4909ff094c17f4d85aea5dec,2019-05,Lancashire Constabulary,Lancashire Constabulary,-2.839481,53.605579,On or near Warpers Moss Close,E01025484,West Lancashire 004B,Violence and sexual offences,Status update unavailable,
c37014a9fa335ec591b2224e46c171f2b67c5ee43e50bcd09856092f77302de2,2019-05,Lancashire Constabulary,Lancashire Constabulary,-2.839481,53.605579,On or near Warpers Moss Close,E01025484,West Lancashire 004B,Violence and sexual offences,Offender given a caution,
5bbc8fb301172373b45853a11c0dffe6369b66d0a94bf2e07036391259e17192,2019-05,Lancashire Constabulary,Lancashire Constabulary,-2.837182,53.597074,On or near Clarkfield Close,E01025484,West Lancashire 004B,Violence and sexual offences,Unable to prosecute suspect,
,2019-05,Lancashire Constabulary,Lancashire Constabulary,-2.844892,53.604103,On or near Sports/Recreation Area,E01025485,West Lancashire 004C,Anti-social behaviour,,
,2019-05,Lancashire Constabulary,Lancashire Constabulary,-2.841197,53.605226,On or near Station Approach,E01025485,West Lancashire 004C,Anti-social behaviour,,
,2019-05,Lancashire Constabulary,Lancashire Constabulary,-2.843289,53.604069,On or near Mart Lane,E01025485,West Lancashire 004C,Anti-social behaviour,,
,2019-05,Lancashire Constabulary,Lancashire Constabulary,-2.844892,53.604103,On or near Sports/Recreation Area,E01025485,West Lancashire 004C,Anti-social behaviour,,
,2019-05,Lancashire Constabulary,Lancashire Constabulary,-2.851725,53.601978,On or near School House Grove,E01025485,West Lancashire 004C,Anti-social behaviour,,
9072b215b7527796c97d44a8dc3d475909821217f4cda78b9ec1e2a568c8ddc0,2019-05,Lancashire Constabulary,Lancashire Constabulary,-2.844892,53.604103,On or near Sports/Recreation Area,E01025485,West Lancashire 004C,Criminal damage and arson,Status update unavailable,
10db2ccbf83bd461294ec3528be0c1c27b99a36e58666f91b89de4ad7bcf2a3a,2019-05,Lancashire Constabulary,Lancashire Constabulary,-2.850070,53.600040,On or near Crabtree Close,E01025485,West Lancashire 004C,Public order,Status update unavailable,
adc150c3df5ec04cdbffb45787deab0d196e138eff2428d4cd043d927cfaeb70,2019-05,Lancashire Constabulary,Lancashire Constabulary,-2.843289,53.604069,On or near Mart Lane,E01025485,West Lancashire 004C,Robbery,Status update unavailable,
2febec802b9a0b7c86d4ef96e504b65f8fcefe1b515f04dce4fa94edd24d0b03,2019-05,Lancashire Constabulary,Lancashire Constabulary,-2.843289,53.604069,On or near Mart Lane,E01025485,West Lancashire 004C,Shoplifting,Status update unavailable,
0d7e39dfe865e6483fee59c2fda9b0d1ed92c3c2c50ebee9ba9794d0d67e2ed6,2019-05,Lancashire Constabulary,Lancashire Constabulary,-2.844778,53.602926,On or near Victoria Street,E01025485,West Lancashire 004C,Violence and sexual offences,Status update unavailable,
e512cc5768eec42f5cebec1a4a64fb471b08be44ebfea02745cc4048ad4e9f61,2019-05,Lancashire Constabulary,Lancashire Constabulary,-2.843289,53.604069,On or near Mart Lane,E01025485,West Lancashire 004C,Violence and sexual offences,Status update unavailable,
46ccd5ab75fc2b600525e3a39ec55e94ff408a315874341f53a642cf64703e69,2019-05,Lancashire Constabulary,Lancashire Constabulary,-2.843289,53.604069,On or near Mart Lane,E01025485,West Lancashire 004C,Violence and sexual offences,Unable to prosecute suspect,
a4003560dddc58cfcd2e72476c4cf69a209a12b1f8d44974007948e190d051a4,2019-05,Lancashire Constabulary,Lancashire Constabulary,-2.844892,53.604103,On or near Sports/Recreation Area,E01025485,West Lancashire 004C,Violence and sexual offences,Unable to prosecute suspect,
c0e10b321864922dc076d497669e42502c02b31a6089c0090c06fb077f62079a,2019-05,Lancashire Constabulary,Lancashire Constabulary,-2.842501,53.603185,On or near Liverpool Road North,E01025485,West Lancashire 004C,Violence and sexual offences,Status update unavailable,
e90770a4b18b7a121777e5bf6578acd85087134bc13253d9cd1ef961a48865e7,2019-05,Lancashire Constabulary,Lancashire Constabulary,-2.839905,53.606412,On or near Thistle Court,E01025485,West Lancashire 004C,Violence and sexual offences,Status update unavailable,
6ff4c54e5d49c3f69b44144c8d61f2e441aeb332cf8ba6c76d13944859379c9f,2019-05,Lancashire Constabulary,Lancashire Constabulary,-2.841197,53.605226,On or near Station Approach,E01025485,West Lancashire 004C,Violence and sexual offences,Unable to prosecute suspect,
,2019-05,Lancashire Constabulary,Lancashire Constabulary,-2.850616,53.590373,On or near Thoroughgood Close,E01025486,West Lancashire 004D,Anti-social behaviour,,
,2019-05,Lancashire Constabulary,Lancashire Constabulary,-2.854397,53.588333,On or near Mill Dam Lane,E01025486,West Lancashire 004D,Anti-social behaviour,,
,2019-05,Lancashire Constabulary,Lancashire Constabulary,-2.855226,53.589729,On or near Mill Dam Close,E01025486,West Lancashire 004D,Anti-social behaviour,,
,2019-05,Lancashire Constabulary,Lancashire Constabulary,-2.853275,53.590381,On or near Manor Crescent,E01025486,West Lancashire 004D,Anti-social behaviour,,
e79d2a4200aced1e1625d6a0580996155c9e776a3d4020fe36c5ba6332467692,2019-05,Lancashire Constabulary,Lancashire Constabulary,-2.861987,53.589411,On or near Lordsgate Lane,E01025486,West Lancashire 004D,Burglary,Status update unavailable,
6da12fa1c31af1e9f912cf424282e90a7d5f54d9dd9f9e2cb3c18dadbcbf46a7,2019-05,Lancashire Constabulary,Lancashire Constabulary,-2.862276,53.589508,On or near Admiralty Close,E01025486,West Lancashire 004D,Other theft,Status update unavailable,
eef9010ad34ee6698af2290fb758bd72847d9809c0ff170ffd4caf479d7bb08d,2019-05,Lancashire Constabulary,Lancashire Constabulary,-2.860328,53.585809,On or near Abbey Lane,E01025486,West Lancashire 004D,Other theft,Status update unavailable,
bf643666a5e1ccbaa4312131de20fd298512bb1fcdaba4f5832255134a0f2a8c,2019-05,Lancashire Constabulary,Lancashire Constabulary,-2.862276,53.589508,On or near Admiralty Close,E01025486,West Lancashire 004D,Shoplifting,Status update unavailable,
455dce20ed47011575c0fa976e897129fa67ed06985fffa46553bfbb44d89e40,2019-05,Lancashire Constabulary,Lancashire Constabulary,-2.862276,53.589508,On or near Admiralty Close,E01025486,West Lancashire 004D,Shoplifting,Awaiting court outcome,
,2019-05,Lancashire Constabulary,Lancashire Constabulary,-2.847876,53.599138,On or near Alexandra Road,E01025487,West Lancashire 004E,Anti-social behaviour,,
,2019-05,Lancashire Constabulary,Lancashire Constabulary,-2.852489,53.600885,On or near Chislett Close,E01025487,West Lancashire 004E,Anti-social behaviour,,
d82d96c4c472b4368fba1e7abe760f11ca92367575bcefca2d57df5a5fbe1d59,2019-05,Lancashire Constabulary,Lancashire Constabulary,-2.841872,53.597410,On or near Heather Close,E01025487,West Lancashire 004E,Bicycle theft,Status update unavailable,
0ef1f8750ba05a0dc293f101885fa9bd6bf15b7fbb7bb801ac184aff49735a2d,2019-05,Lancashire Constabulary,Lancashire Constabulary,-2.865583,53.597537,On or near Ringtail Court,E01025487,West Lancashire 004E,Criminal damage and arson,Status update unavailable,
d3e7866aa22d04c86875f7f56fc72ec6a117b60e412880aed0570f39f4c758eb,2019-05,Lancashire Constabulary,Lancashire Constabulary,-2.848737,53.599141,On or near Truscott Road,E01025487,West Lancashire 004E,Other theft,Unable to prosecute suspect,
c3792359ea3790d2a0ca8c106e06ea57ee512f41dd0d5d4c5dcce4ec26be62ed,2019-05,Lancashire Constabulary,Lancashire Constabulary,-2.865583,53.597537,On or near Ringtail Court,E01025487,West Lancashire 004E,Violence and sexual offences,Awaiting court outcome,
,2019-05,Lancashire Constabulary,Lancashire Constabulary,-2.769756,53.591855,On or near Parking Area,E01025510,West Lancashire 005A,Anti-social behaviour,,
,2019-05,Lancashire Constabulary,Lancashire Constabulary,-2.769756,53.591855,On or near Parking Area,E01025510,West Lancashire 005A,Anti-social behaviour,,
,2019-05,Lancashire Constabulary,Lancashire Constabulary,-2.750754,53.561424,On or near Sports/Recreation Area,E01025510,West Lancashire 005A,Anti-social behaviour,,
,2019-05,Lancashire Constabulary,Lancashire Constabulary,-2.750754,53.561424,On or near Sports/Recreation Area,E01025510,West Lancashire 005A,Anti-social behaviour,,
,2019-05,Lancashire Constabulary,Lancashire Constabulary,-2.750754,53.561424,On or near Sports/Recreation Area,E01025510,West Lancashire 005A,Anti-social behaviour,,
,2019-05,Lancashire Constabulary,Lancashire Constabulary,-2.750754,53.561424,On or near Sports/Recreation Area,E01025510,West Lancashire 005A,Anti-social behaviour,,
,2019-05,Lancashire Constabulary,Lancashire Constabulary,-2.745301,53.568964,On or near Long Heys Lane,E01025510,West Lancashire 005A,Anti-social behaviour,,
,2019-05,Lancashire Constabulary,Lancashire Constabulary,-2.761056,53.575157,On or near Hillock Lane,E01025510,West Lancashire 005A,Anti-social behaviour,,
ecffa8bcb46b8e18f02c7724df29fb265431b11f9f0b3fd5412a9bf514ecf6e1,2019-05,Lancashire Constabulary,Lancashire Constabulary,-2.764733,53.598126,On or near Brandreth Park,E01025510,West Lancashire 005A,Criminal damage and arson,Status update unavailable,
e50c9057e667ed88327d28cf4a3fac89bff55a91c45018997cd3f9d33aa16928,2019-05,Lancashire Constabulary,Lancashire Constabulary,-2.740014,53.591342,On or near Sparrow Hill,E01025510,West Lancashire 005A,Possession of weapons,Status update unavailable,
6615b982f44229476a6c60620a9ae095eb03a6a086151eb1f96f5b2ad5e8e3f4,2019-05,Lancashire Constabulary,Lancashire Constabulary,-2.740014,53.591342,On or near Sparrow Hill,E01025510,West Lancashire 005A,Public order,Status update unavailable,
fc055c04933ce73ddd8030fdb6e4e675dd92383a687bfca4ecee16d9a1420fba,2019-05,Lancashire Constabulary,Lancashire Constabulary,-2.750754,53.561424,On or near Sports/Recreation Area,E01025510,West Lancashire 005A,Violence and sexual offences,Status update unavailable,
6e23ca3b966b6f5633ba2044f868363ab685386646a7ffd663adde52566a5c53,2019-05,Lancashire Constabulary,Lancashire Constabulary,-2.750754,53.561424,On or near Sports/Recreation Area,E01025510,West Lancashire 005A,Violence and sexual offences,Status update unavailable,
9b3c76c9dd6789b2faf1e63b1b915d5b1b74377ff1a72c795e1b9ccf8cd13515,2019-05,Lancashire Constabulary,Lancashire Constabulary,-2.765850,53.588896,On or near Brookfield,E01025510,West Lancashire 005A,Violence and sexual offences,Unable to prosecute suspect,
ce2fa3c5c16e4b1f1ee00bbbe342881e6dbc8b5eb9785a56e0abaf976ab70860,2019-05,Lancashire Constabulary,Lancashire Constabulary,-2.760091,53.592070,On or near Miry Lane,E01025510,West Lancashire 005A,Violence and sexual offences,Status update unavailable,
,2019-05,Lancashire Constabulary,Lancashire Constabulary,-2.772041,53.613566,On or near Maltkiln Lane,E01025511,West Lancashire 005B,Anti-social behaviour,,
,2019-05,Lancashire Constabulary,Lancashire Constabulary,-2.772041,53.613566,On or near Maltkiln Lane,E01025511,West Lancashire 005B,Anti-social behaviour,,
,2019-05,Lancashire Constabulary,Lancashire Constabulary,-2.767008,53.602803,On or near Robin Lane,E01025511,West Lancashire 005B,Anti-social behaviour,,
1f986eabcf832a63b6f7fbd9f5bd4bd5935fae648ab448f118e0350e377cc4d2,2019-05,Lancashire Constabulary,Lancashire Constabulary,-2.772041,53.613566,On or near Maltkiln Lane,E01025511,West Lancashire 005B,Other theft,Status update unavailable,
aeb3e3be49b0f8e20d31b9864e45fbe96c5a7d95c963f860a49161781f047b49,2019-05,Lancashire Constabulary,Lancashire Constabulary,-2.767008,53.602803,On or near Robin Lane,E01025511,West Lancashire 005B,Violence and sexual offences,Unable to prosecute suspect,
471dd42b31d9db28d90b02a508fce24e12196a1f3775da322f8c0b1cf958673e,2019-05,Lancashire Constabulary,Lancashire Constabulary,-2.766646,53.587804,On or near Alder Lane,E01025512,West Lancashire 005C,Vehicle crime,Status update unavailable,
39fef9c06796602dcb9c4c5a65a6712b0605e8b123b4d3a2135302a6d862ee2d,2019-05,Lancashire Constabulary,Lancashire Constabulary,-2.768959,53.587915,On or near Mill Field,E01025512,West Lancashire 005C,Violence and sexual offences,Unable to prosecute suspect,
f93eb7b5db54d6d4d0342469a4f74ef7b195f9c56aaf38cbd1837a068bc9c48f,2019-05,Lancashire Constabulary,Lancashire Constabulary,-2.772549,53.590076,On or near East Dene,E01025512,West Lancashire 005C,Violence and sexual offences,Unable to prosecute suspect,
,2019-05,Lancashire Constabulary,Lancashire Constabulary,-2.701557,53.611888,On or near Broadhurst Lane,E01025538,West Lancashire 005D,Anti-social behaviour,,
f78c56605183bf56069762cf132990b1c16851060e88c0d894ac1f7f5e5c05f5,2019-05,Lancashire Constabulary,Lancashire Constabulary,-2.696211,53.595623,On or near Mossy Lea Fold,E01025538,West Lancashire 005D,Burglary,Status update unavailable,
10a3c61cbece6522601af11f1615b19e0a1aad6db109bdb85ba60a78cb6f787e,2019-05,Lancashire Constabulary,Lancashire Constabulary,-2.703463,53.606474,On or near Manse Avenue,E01025538,West Lancashire 005D,Drugs,Further investigation is not in the public interest,
90fe238bab5e18a5035d8acab9abdfae9ada5e98c20cd4532b3c88ff23e67cec,2019-05,Lancashire Constabulary,Lancashire Constabulary,-2.696211,53.595623,On or near Mossy Lea Fold,E01025538,West Lancashire 005D,Other theft,Status update unavailable,
47bf3bcb13ba9b65885966316abfefaf7ed0d5674c31bdd13f89de462c20bd61,2019-05,Lancashire Constabulary,Lancashire Constabulary,-2.709510,53.591257,On or near Dobson Close,E01025538,West Lancashire 005D,Other theft,Status update unavailable,
caf001e4a69529dc9b717f3c27fdd4b69a8090987aad0530510f24335ab216f0,2019-05,Lancashire Constabulary,Lancashire Constabulary,-2.703463,53.606474,On or near Manse Avenue,E01025538,West Lancashire 005D,Other theft,Status update unavailable,
ef98f04c5680b46d7e33af0b31db80c63658755efbb58a5704e963f56bc208f0,2019-05,Lancashire Constabulary,Lancashire Constabulary,-2.696211,53.595623,On or near Mossy Lea Fold,E01025538,West Lancashire 005D,Other theft,Status update unavailable,
088fe1bbb5ae2fecbd73dfefeaf999328b641e038d6a74460ea6bc4fc378dc75,2019-05,Lancashire Constabulary,Lancashire Constabulary,-2.696211,53.595623,On or near Mossy Lea Fold,E01025538,West Lancashire 005D,Violence and sexual offences,Unable to prosecute suspect,
,2019-05,Lancashire Constabulary,Lancashire Constabulary,-2.722649,53.575925,On or near Heyes Street,E01025539,West Lancashire 005E,Anti-social behaviour,,
,2019-05,Lancashire Constabulary,Lancashire Constabulary,-2.726836,53.586695,On or near Finch Lane,E01025539,West Lancashire 005E,Anti-social behaviour,,
5374c1de27e3a781e25df44cb79eed6d63f94ffa1256f4856d8100367422d4af,2019-05,Lancashire Constabulary,Lancashire Constabulary,-2.725718,53.590234,On or near South Drive,E01025539,West Lancashire 005E,Burglary,Investigation complete; no suspect identified,
3ea5fcbbbb05e96f4f749cd58a55337fa0f536b3fb38c8de97d38d4e5c93b7dd,2019-05,Lancashire Constabulary,Lancashire Constabulary,-2.720379,53.578339,On or near Coronet Close,E01025539,West Lancashire 005E,Public order,Status update unavailable,
3cca09d46dfe8044edd783c198b1cb6aee22e858687c06aaf983505d9b5a5acf,2019-05,Lancashire Constabulary,Lancashire Constabulary,-2.722685,53.573606,On or near Appley Lane South,E01025539,West Lancashire 005E,Violence and sexual offences,Status update unavailable,
,2019-05,Lancashire Constabulary,Lancashire Constabulary,-2.898277,53.573099,On or near Wordsworth Close,E01025499,West Lancashire 006A,Anti-social behaviour,,
,2019-05,Lancashire Constabulary,Lancashire Constabulary,-2.892618,53.572593,On or near Sanfield Close,E01025499,West Lancashire 006A,Anti-social behaviour,,
,2019-05,Lancashire Constabulary,Lancashire Constabulary,-2.892618,53.572593,On or near Sanfield Close,E01025499,West Lancashire 006A,Anti-social behaviour,,
efbfe730213e25f26a3a24bbeee637e834fb017c0764514a5391db31808ecc03,2019-05,Lancashire Constabulary,Lancashire Constabulary,-2.897417,53.571730,On or near Asmall Close,E01025499,West Lancashire 006A,Bicycle theft,Status update unavailable,
ae77a55ce99bfb8a413b05dcc6795f1c7fcfdddd9c22e6c75f22016f96e70d73,2019-05,Lancashire Constabulary,Lancashire Constabulary,-2.895575,53.570315,On or near The Reeds,E01025499,West Lancashire 006A,Bicycle theft,Status update unavailable,
02c629d8e9b7a4235824532dbbc490a62f35acf42f9f2418c4770ccb786bead6,2019-05,Lancashire Constabulary,Lancashire Constabulary,-2.897417,53.571730,On or near Asmall Close,E01025499,West Lancashire 006A,Burglary,Status update unavailable,
c95fadac81737baa8deb3b7e393d09a3ff57bcdc31b07c7e6aacefabdbb4647a,2019-05,Lancashire Constabulary,Lancashire Constabulary,-2.894372,53.572697,On or near Cotton Drive,E01025499,West Lancashire 006A,Violence and sexual offences,Unable to prosecute suspect,
,2019-05,Lancashire Constabulary,Lancashire Constabulary,-2.894196,53.567224,On or near Cottage Lane,E01025501,West Lancashire 006B,Anti-social behaviour,,
,2019-05,Lancashire Constabulary,Lancashire Constabulary,-2.894196,53.567224,On or near Cottage Lane,E01025501,West Lancashire 006B,Anti-social behaviour,,
67be94a3d450524298cfc7ffc0c3a668b10d7c8258aca8e3df1859ad6be309b7,2019-05,Lancashire Constabulary,Lancashire Constabulary,-2.894196,53.567224,On or near Cottage Lane,E01025501,West Lancashire 006B,Other theft,Status update unavailable,
fdbd7e10ffa1051cd0041be1f190a28dc60780de7832f55ca4edc9637dce45ac,2019-05,Lancashire Constabulary,Lancashire Constabulary,-2.894196,53.567224,On or near Cottage Lane,E01025501,West Lancashire 006B,Violence and sexual offences,Unable to prosecute suspect,
16756936c4c54cd4f18ed5313fa3f52a31abfa6f8cbbdc8d431993db593fac83,2019-05,Lancashire Constabulary,Lancashire Constabulary,-2.894196,53.567224,On or near Cottage Lane,E01025501,West Lancashire 006B,Violence and sexual offences,Status update unavailable,
,2019-05,Lancashire Constabulary,Lancashire Constabulary,-2.894989,53.559695,On or near Chestnut Grange,E01025502,West Lancashire 006C,Anti-social behaviour,,
4e66326fa5429c18f4ac643e321041ce1c359e249ebfc7b7b95429ee1fb1d1f1,2019-05,Lancashire Constabulary,Lancashire Constabulary,-2.897892,53.559943,On or near Wimbrick Crescent,E01025502,West Lancashire 006C,Violence and sexual offences,Status update unavailable,
,2019-05,Lancashire Constabulary,Lancashire Constabulary,-2.882389,53.572345,On or near Ashcroft Avenue,E01025516,West Lancashire 006D,Anti-social behaviour,,
,2019-05,Lancashire Constabulary,Lancashire Constabulary,-2.882389,53.572345,On or near Ashcroft Avenue,E01025516,West Lancashire 006D,Anti-social behaviour,,
,2019-05,Lancashire Constabulary,Lancashire Constabulary,-2.884267,53.576925,On or near Lea Crescent,E01025516,West Lancashire 006D,Anti-social behaviour,,
4f784699eb8d53de3335853e385783a2a0b3a3ec1bd183e48c61c917abf220de,2019-05,Lancashire Constabulary,Lancashire Constabulary,-2.883424,53.576356,On or near Sturgess Close,E01025516,West Lancashire 006D,Other theft,Status update unavailable,
a83d9110868239c26ed91d1c415eef74620b84565e7ae45e49eb1af99da4d618,2019-05,Lancashire Constabulary,Lancashire Constabulary,-2.888433,53.576085,On or near Grimshaw Lane,E01025516,West Lancashire 006D,Violence and sexual offences,Unable to prosecute suspect,
,2019-05,Lancashire Constabulary,Lancashire Constabulary,-2.881824,53.577851,On or near Carroll Crescent,E01025517,West Lancashire 006E,Anti-social behaviour,,
,2019-05,Lancashire Constabulary,Lancashire Constabulary,-2.881258,53.576776,On or near Scott Drive,E01025517,West Lancashire 006E,Anti-social behaviour,,
,2019-05,Lancashire Constabulary,Lancashire Constabulary,-2.881258,53.576776,On or near Scott Drive,E01025517,West Lancashire 006E,Anti-social behaviour,,
6e0fa63d56f5884f61f3f373c0ed772ffef1c1fe1d628d3cdd565b205f630bf3,2019-05,Lancashire Constabulary,Lancashire Constabulary,-2.883568,53.577424,On or near Parker Crescent,E01025517,West Lancashire 006E,Bicycle theft,Status update unavailable,
19179d685c69398442b0f526a29c1ba8d7226dd260044a4c02c98958b509fbe1,2019-05,Lancashire Constabulary,Lancashire Constabulary,-2.880080,53.578205,On or near Tyrer Road,E01025517,West Lancashire 006E,Criminal damage and arson,Unable to prosecute suspect,
59f48815ced32ca6abd08db40c99ff2653abbb8c014d0e69a76fcdf9acbd3824,2019-05,Lancashire Constabulary,Lancashire Constabulary,-2.878750,53.573819,On or near Old Boundary Way,E01025517,West Lancashire 006E,Criminal damage and arson,Status update unavailable,
df7792f292ac44ed9ef23f499236fa7f7eb6fcdb4d6f3e88e1e3dd52423a81f5,2019-05,Lancashire Constabulary,Lancashire Constabulary,-2.880080,53.578205,On or near Tyrer Road,E01025517,West Lancashire 006E,Public order,Further investigation is not in the public interest,
e4861d15a671063864b1f12f0a4a6466ed70192e2fd5fc37191efa2ceeb6f280,2019-05,Lancashire Constabulary,Lancashire Constabulary,-2.877675,53.575104,On or near Pine Grove,E01025517,West Lancashire 006E,Vehicle crime,Status update unavailable,
d60a11f4967be1e6eb9c42549d995464d9771a5c041e83d884b44f23357ce769,2019-05,Lancashire Constabulary,Lancashire Constabulary,-2.885976,53.578467,On or near Whittle Drive,E01025517,West Lancashire 006E,Violence and sexual offences,Unable to prosecute suspect,
e56f6d7d2cb8c2c8bd16cb54523a00cbb7f06c4d3fb760aa1a3113aec7374219,2019-05,Lancashire Constabulary,Lancashire Constabulary,-2.895637,53.578943,On or near Petrol Station,E01025519,West Lancashire 006F,Other theft,Status update unavailable,
06b0e288fe1a97e8ea75e0f33c0f5d94acb10b152b4bce9fff4ea2f00bb18750,2019-05,Lancashire Constabulary,Lancashire Constabulary,-2.895637,53.578943,On or near Petrol Station,E01025519,West Lancashire 006F,Other theft,Status update unavailable,
f262669fcfe92ea453194d76b140757f66ebead9ea6732f06fd700b1f3e24dd6,2019-05,Lancashire Constabulary,Lancashire Constabulary,-2.895637,53.578943,On or near Petrol Station,E01025519,West Lancashire 006F,Other theft,Status update unavailable,
d5bee504d71bf79f54f240b6c4fd9ea16ddebeb9ecc719a93bc9bc0f4170d676,2019-05,Lancashire Constabulary,Lancashire Constabulary,-2.895637,53.578943,On or near Petrol Station,E01025519,West Lancashire 006F,Other theft,Status update unavailable,
4c51d1116d9e270bd86cc329ef19e3c09a4eff42fc7c3c50113b09f89180d56c,2019-05,Lancashire Constabulary,Lancashire Constabulary,-2.895637,53.578943,On or near Petrol Station,E01025519,West Lancashire 006F,Other theft,Status update unavailable,
a91dda13b4700b2c556bfc4569bdb8f8fbfbecfec1f2a855557005b09edc8f25,2019-05,Lancashire Constabulary,Lancashire Constabulary,-2.895637,53.578943,On or near Petrol Station,E01025519,West Lancashire 006F,Vehicle crime,Status update unavailable,
1ea61667862bbeabebef0bbbc44a717c137781a63d0dc5b73542e9c12ff6142e,2019-05,Lancashire Constabulary,Lancashire Constabulary,-2.891142,53.574932,On or near Fairfield Close,E01025519,West Lancashire 006F,Violence and sexual offences,Status update unavailable,
04b09139b71f20e2e58e0bfc876c660944d4c2b3891ae3ab87904937a14e442a,2019-05,Lancashire Constabulary,Lancashire Constabulary,-2.892523,53.576657,On or near Douglas Drive,E01025519,West Lancashire 006F,Violence and sexual offences,Status update unavailable,
,2019-05,Lancashire Constabulary,Lancashire Constabulary,-2.869899,53.564931,On or near Dicconson Way,E01025488,West Lancashire 007A,Anti-social behaviour,,
,2019-05,Lancashire Constabulary,Lancashire Constabulary,-2.869899,53.564931,On or near Dicconson Way,E01025488,West Lancashire 007A,Anti-social behaviour,,
,2019-05,Lancashire Constabulary,Lancashire Constabulary,-2.880105,53.566322,On or near Windmill Avenue,E01025488,West Lancashire 007A,Anti-social behaviour,,
,2019-05,Lancashire Constabulary,Lancashire Constabulary,-2.881305,53.568866,On or near Station Approach,E01025488,West Lancashire 007A,Anti-social behaviour,,
,2019-05,Lancashire Constabulary,Lancashire Constabulary,-2.878552,53.564967,On or near Grammar School Gardens,E01025488,West Lancashire 007A,Anti-social behaviour,,
,2019-05,Lancashire Constabulary,Lancashire Constabulary,-2.881655,53.565367,On or near Knowsley Road,E01025488,West Lancashire 007A,Anti-social behaviour,,
90e59ae18a407973505bcee32565ba183afe6e56b22220dda501c597cf5786a6,2019-05,Lancashire Constabulary,Lancashire Constabulary,-2.869899,53.564931,On or near Dicconson Way,E01025488,West Lancashire 007A,Other theft,Status update unavailable,
f3675124482111fee0a02c61cfb8f72b9be27f84a8faae6b7b6a426a9a7bbc56,2019-05,Lancashire Constabulary,Lancashire Constabulary,-2.877737,53.566447,On or near Oak Green,E01025488,West Lancashire 007A,Public order,Further investigation is not in the public interest,
33a20c5a0fd6759119a2c0208df4c93bdbfc69b3b7cb37ea0d5a61ea39ad94e4,2019-05,Lancashire Constabulary,Lancashire Constabulary,-2.869899,53.564931,On or near Dicconson Way,E01025488,West Lancashire 007A,Violence and sexual offences,Unable to prosecute suspect,
ce5eadaf0516695816443870c4b448198c9e77403f4b3ba7b01ef04520bdb09a,2019-05,Lancashire Constabulary,Lancashire Constabulary,-2.869899,53.564931,On or near Dicconson Way,E01025488,West Lancashire 007A,Violence and sexual offences,Unable to prosecute suspect,
d229b9a0791d73fd73ef6f571f5bb681f71dd2de813dbf479426fcfcdcb609c6,2019-05,Lancashire Constabulary,Lancashire Constabulary,-2.869072,53.565063,On or near Hall Brow Close,E01025488,West Lancashire 007A,Violence and sexual offences,Unable to prosecute suspect,
f81186d9c180a8a48f5e24384beec79c7087c436a076244ba2d520413eecf898,2019-05,Lancashire Constabulary,Lancashire Constabulary,-2.877737,53.566447,On or near Oak Green,E01025488,West Lancashire 007A,Violence and sexual offences,Status update unavailable,
fb436c745011de06c1a8ef3348763fe091521c96f47a36b747949a030d516baa,2019-05,Lancashire Constabulary,Lancashire Constabulary,-2.869899,53.564931,On or near Dicconson Way,E01025488,West Lancashire 007A,Violence and sexual offences,Unable to prosecute suspect,
b1e420134ccc5395a910e988fea111315570f52e632d63cb9de9466ad4b736f7,2019-05,Lancashire Constabulary,Lancashire Constabulary,-2.880105,53.566322,On or near Windmill Avenue,E01025488,West Lancashire 007A,Violence and sexual offences,Status update unavailable,
ad813d4b76ed0fd93aa84e8762916432f45fb8b2a6e75667ca4aacb09b10ba0a,2019-05,Lancashire Constabulary,Lancashire Constabulary,-2.869899,53.564931,On or near Dicconson Way,E01025488,West Lancashire 007A,Violence and sexual offences,Unable to prosecute suspect,
d0d52d9913d3a30a11eece27e308b2db1589ccf0272d164b28db2338f9dceef2,2019-05,Lancashire Constabulary,Lancashire Constabulary,-2.880105,53.566322,On or near Windmill Avenue,E01025488,West Lancashire 007A,Violence and sexual offences,Status update unavailable,
6f056f9aff63d87611535f8508352780fa7256532909a4844cb42de4fa8524b3,2019-05,Lancashire Constabulary,Lancashire Constabulary,-2.881655,53.565367,On or near Knowsley Road,E01025488,West Lancashire 007A,Violence and sexual offences,Unable to prosecute suspect,
11e1a150ce0c3caceadda6a88d44f21757c4bf00c144aaee82609938467a7eec,2019-05,Lancashire Constabulary,Lancashire Constabulary,-2.872767,53.563400,On or near Milton Drive,E01025488,West Lancashire 007A,Violence and sexual offences,Unable to prosecute suspect,
66ba37e64c1bda4ecc04f442e4c25519d65504e495d70d2eca93abf2df54c893,2019-05,Lancashire Constabulary,Lancashire Constabulary,-2.869072,53.565063,On or near Hall Brow Close,E01025488,West Lancashire 007A,Violence and sexual offences,Status update unavailable,
0b57b2d01ee4f9e805a58bdcd18fbd7a892e3a8347d5d263b9e761657816cf5a,2019-05,Lancashire Constabulary,Lancashire Constabulary,-2.880596,53.569599,On or near Parking Area,E01025488,West Lancashire 007A,Violence and sexual offences,Unable to prosecute suspect,
9386909c927021d84780aaab588f16f9aa778beef887789f10020765a963667c,2019-05,Lancashire Constabulary,Lancashire Constabulary,-2.877737,53.566447,On or near Oak Green,E01025488,West Lancashire 007A,Violence and sexual offences,Unable to prosecute suspect,
,2019-05,Lancashire Constabulary,Lancashire Constabulary,-2.869752,53.567288,On or near Thompson Avenue,E01025489,West Lancashire 007B,Anti-social behaviour,,
a23c04acc9e464429d4f4d8a226f797e75b9ea5398f908d5b8064911ccca6d51,2019-05,Lancashire Constabulary,Lancashire Constabulary,-2.872973,53.571192,On or near Pendle Drive,E01025489,West Lancashire 007B,Violence and sexual offences,Unable to prosecute suspect,
,2019-05,Lancashire Constabulary,Lancashire Constabulary,-2.883419,53.564500,On or near Chapel Street,E01025490,West Lancashire 007C,Anti-social behaviour,,
,2019-05,Lancashire Constabulary,Lancashire Constabulary,-2.882345,53.563681,On or near Small Lane,E01025490,West Lancashire 007C,Anti-social behaviour,,
7fc395f8884de5422965fa2d41adc8c18d7e50a8ea0fe967908982282677202f,2019-05,Lancashire Constabulary,Lancashire Constabulary,-2.873374,53.559890,On or near Further/Higher Educational Building,E01025490,West Lancashire 007C,Bicycle theft,Status update unavailable,
6d2ff62eea94fed03ed8ba78314487cf94947c4a1a85054c5c23da430fcb46b2,2019-05,Lancashire Constabulary,Lancashire Constabulary,-2.883383,53.557714,On or near Altys Lane,E01025490,West Lancashire 007C,Burglary,Status update unavailable,
d90f564f2fbfb6ae51ce4a0eb698b0fcd63bc46f7868b8c2e6182df293772747,2019-05,Lancashire Constabulary,Lancashire Constabulary,-2.875733,53.560089,On or near Theatre/Concert Hall,E01025490,West Lancashire 007C,Criminal damage and arson,Status update unavailable,
a4796637e5599e02536bbe0c3ec6787a52c4cbc5529603b4992896c5748e715e,2019-05,Lancashire Constabulary,Lancashire Constabulary,-2.883419,53.564500,On or near Chapel Street,E01025490,West Lancashire 007C,Other theft,Unable to prosecute suspect,
b94bc5619134c4bd89c94bc149c4b87a7057c531f7713855b9097ab0def4e829,2019-05,Lancashire Constabulary,Lancashire Constabulary,-2.883468,53.566863,On or near Moor Street,E01025490,West Lancashire 007C,Violence and sexual offences,Unable to prosecute suspect,
b8a806ccdf98bbb3f228fb8b5e4d721f60e79785f482c1ae5cf2656a1ec7562c,2019-05,Lancashire Constabulary,Lancashire Constabulary,-2.884736,53.563924,On or near Bridge Street,E01025490,West Lancashire 007C,Violence and sexual offences,Unable to prosecute suspect,
72cc4eccfe6ddd91b86d95f1d662d12cde65d1c0f992cc6e6d26987643e06f02,2019-05,Lancashire Constabulary,Lancashire Constabulary,-2.873374,53.559890,On or near Further/Higher Educational Building,E01025490,West Lancashire 007C,Violence and sexual offences,Unable to prosecute suspect,
b32513c1ddda10d0ace7fa57ecfc517f1551760dc85f21201bde1cd769adb125,2019-05,Lancashire Constabulary,Lancashire Constabulary,-2.875733,53.560089,On or near Theatre/Concert Hall,E01025490,West Lancashire 007C,Violence and sexual offences,Status update unavailable,
64b98ff1269bace8f242d89d28ee8050d40a327fd3cee3c0e5506db4982de605,2019-05,Lancashire Constabulary,Lancashire Constabulary,-2.873374,53.559890,On or near Further/Higher Educational Building,E01025490,West Lancashire 007C,Violence and sexual offences,Status update unavailable,
aea2ced3aa8ee171ce3f2043f71482090f502f17d47402d82605e0f92b0b0544,2019-05,Lancashire Constabulary,Lancashire Constabulary,-2.883468,53.566863,On or near Moor Street,E01025490,West Lancashire 007C,Violence and sexual offences,Unable to prosecute suspect,
dbb32d0920f28f6619b7b2ccbc52a0a616de8b9285361d86ba9ab77cb0135686,2019-05,Lancashire Constabulary,Lancashire Constabulary,-2.873374,53.559890,On or near Further/Higher Educational Building,E01025490,West Lancashire 007C,Violence and sexual offences,Status update unavailable,
,2019-05,Lancashire Constabulary,Lancashire Constabulary,-2.887672,53.565718,On or near Supermarket,E01025500,West Lancashire 007D,Anti-social behaviour,,
,2019-05,Lancashire Constabulary,Lancashire Constabulary,-2.887230,53.568427,On or near Church Street,E01025500,West Lancashire 007D,Anti-social behaviour,,
,2019-05,Lancashire Constabulary,Lancashire Constabulary,-2.889542,53.567061,On or near Park/Open Space,E01025500,West Lancashire 007D,Anti-social behaviour,,
,2019-05,Lancashire Constabulary,Lancashire Constabulary,-2.887331,53.568920,On or near Church Street,E01025500,West Lancashire 007D,Anti-social behaviour,,
,2019-05,Lancashire Constabulary,Lancashire Constabulary,-2.885335,53.566616,On or near Market Way,E01025500,West Lancashire 007D,Anti-social behaviour,,
,2019-05,Lancashire Constabulary,Lancashire Constabulary,-2.887908,53.568323,On or near Parking Area,E01025500,West Lancashire 007D,Anti-social behaviour,,
,2019-05,Lancashire Constabulary,Lancashire Constabulary,-2.887368,53.567059,On or near Hutton Way,E01025500,West Lancashire 007D,Anti-social behaviour,,
,2019-05,Lancashire Constabulary,Lancashire Constabulary,-2.885669,53.566667,On or near Parking Area,E01025500,West Lancashire 007D,Anti-social behaviour,,
,2019-05,Lancashire Constabulary,Lancashire Constabulary,-2.887230,53.568427,On or near Church Street,E01025500,West Lancashire 007D,Anti-social behaviour,,
,2019-05,Lancashire Constabulary,Lancashire Constabulary,-2.887672,53.565718,On or near Supermarket,E01025500,West Lancashire 007D,Anti-social behaviour,,
,2019-05,Lancashire Constabulary,Lancashire Constabulary,-2.887672,53.565718,On or near Supermarket,E01025500,West Lancashire 007D,Anti-social behaviour,,
,2019-05,Lancashire Constabulary,Lancashire Constabulary,-2.887672,53.565718,On or near Supermarket,E01025500,West Lancashire 007D,Anti-social behaviour,,
,2019-05,Lancashire Constabulary,Lancashire Constabulary,-2.887908,53.568323,On or near Parking Area,E01025500,West Lancashire 007D,Anti-social behaviour,,
,2019-05,Lancashire Constabulary,Lancashire Constabulary,-2.887230,53.568427,On or near Church Street,E01025500,West Lancashire 007D,Anti-social behaviour,,
,2019-05,Lancashire Constabulary,Lancashire Constabulary,-2.887230,53.568427,On or near Church Street,E01025500,West Lancashire 007D,Anti-social behaviour,,
,2019-05,Lancashire Constabulary,Lancashire Constabulary,-2.887672,53.565718,On or near Supermarket,E01025500,West Lancashire 007D,Anti-social behaviour,,
,2019-05,Lancashire Constabulary,Lancashire Constabulary,-2.892310,53.563679,On or near Town End Close,E01025500,West Lancashire 007D,Anti-social behaviour,,
,2019-05,Lancashire Constabulary,Lancashire Constabulary,-2.887230,53.568427,On or near Church Street,E01025500,West Lancashire 007D,Anti-social behaviour,,
,2019-05,Lancashire Constabulary,Lancashire Constabulary,-2.887672,53.565718,On or near Supermarket,E01025500,West Lancashire 007D,Anti-social behaviour,,
,2019-05,Lancashire Constabulary,Lancashire Constabulary,-2.887230,53.568427,On or near Church Street,E01025500,West Lancashire 007D,Anti-social behaviour,,
,2019-05,Lancashire Constabulary,Lancashire Constabulary,-2.887230,53.568427,On or near Church Street,E01025500,West Lancashire 007D,Anti-social behaviour,,
,2019-05,Lancashire Constabulary,Lancashire Constabulary,-2.893870,53.563227,On or near St Anne'S Road,E01025500,West Lancashire 007D,Anti-social behaviour,,
,2019-05,Lancashire Constabulary,Lancashire Constabulary,-2.889542,53.567061,On or near Park/Open Space,E01025500,West Lancashire 007D,Anti-social behaviour,,
,2019-05,Lancashire Constabulary,Lancashire Constabulary,-2.889542,53.567061,On or near Park/Open Space,E01025500,West Lancashire 007D,Anti-social behaviour,,
9f0027d0795bda59dd7242a8342cea1f39ab6a032b1cdedba6ff6bf4d101428a,2019-05,Lancashire Constabulary,Lancashire Constabulary,-2.889542,53.567061,On or near Park/Open Space,E01025500,West Lancashire 007D,Bicycle theft,Status update unavailable,
a2fefd37057ac193cbb73bde945a294f2684c74e3a1ce8207b6888a45bc9cd99,2019-05,Lancashire Constabulary,Lancashire Constabulary,-2.887672,53.565718,On or near Supermarket,E01025500,West Lancashire 007D,Criminal damage and arson,Status update unavailable,
c36f657a57120e4d6ab31a5526235fa0ae294979358dbd1dd721b34e41bf2dee,2019-05,Lancashire Constabulary,Lancashire Constabulary,-2.893121,53.565641,On or near Petrol Station,E01025500,West Lancashire 007D,Other theft,Status update unavailable,
a50fa792b3cd17b0b37d9dafa1173efdd36a1ebd89e306c8919b62ce324536b1,2019-05,Lancashire Constabulary,Lancashire Constabulary,-2.893121,53.565641,On or near Petrol Station,E01025500,West Lancashire 007D,Other theft,Status update unavailable,
b442fa3266872fd8ed878c6230037c893387573f9c4558347002da3380b69ccb,2019-05,Lancashire Constabulary,Lancashire Constabulary,-2.893121,53.565641,On or near Petrol Station,E01025500,West Lancashire 007D,Other theft,Status update unavailable,
2f21a4b13af7d472d254c93718f2bf2a6f05036b438c507d1cc38f105270c893,2019-05,Lancashire Constabulary,Lancashire Constabulary,-2.893121,53.565641,On or near Petrol Station,E01025500,West Lancashire 007D,Other theft,Investigation complete; no suspect identified,
0cf65ce2e03bada281134d5bcc1f593ea662f6176337d76c6978232e2ba259e6,2019-05,Lancashire Constabulary,Lancashire Constabulary,-2.893121,53.565641,On or near Petrol Station,E01025500,West Lancashire 007D,Other theft,Status update unavailable,
2e4967768aca107ddd737ec65fa0d629b65bac5c1eddcc2e2d12065d590d7710,2019-05,Lancashire Constabulary,Lancashire Constabulary,-2.887672,53.565718,On or near Supermarket,E01025500,West Lancashire 007D,Other theft,Status update unavailable,
3b948782fe333e0a1fc9162486ec8f2d49768a63e194e827b67a372bf7927ed0,2019-05,Lancashire Constabulary,Lancashire Constabulary,-2.887672,53.565718,On or near Supermarket,E01025500,West Lancashire 007D,Other theft,Status update unavailable,
906450a4fe15ae568e0e363dc2dc3d79bc64e4843c1113617242a1915129eca3,2019-05,Lancashire Constabulary,Lancashire Constabulary,-2.887672,53.565718,On or near Supermarket,E01025500,West Lancashire 007D,Public order,Status update unavailable,
cc1193d5ccbb5e82c82680ac82a7aee09c46a8f6c66f846da799045b277eb94b,2019-05,Lancashire Constabulary,Lancashire Constabulary,-2.887672,53.565718,On or near Supermarket,E01025500,West Lancashire 007D,Shoplifting,Awaiting court outcome,
a3a110c746eb0d912b0fb3e5d9ca14d575f372305da8413bd044988d0582d6ea,2019-05,Lancashire Constabulary,Lancashire Constabulary,-2.887672,53.565718,On or near Supermarket,E01025500,West Lancashire 007D,Shoplifting,Status update unavailable,
82fec9a262fb5dedc804e31409d91769044f4cf7c9dbe0e868c0c59c4391e0e5,2019-05,Lancashire Constabulary,Lancashire Constabulary,-2.893121,53.565641,On or near Petrol Station,E01025500,West Lancashire 007D,Shoplifting,Investigation complete; no suspect identified,
7fe896b06ba043e4a2e5a15c52b223c89c7916f39e0a68e923ab0e225fc4ce11,2019-05,Lancashire Constabulary,Lancashire Constabulary,-2.887672,53.565718,On or near Supermarket,E01025500,West Lancashire 007D,Shoplifting,Unable to prosecute suspect,
eb8e748ba0927079d684f331d36dde82ee1f52913304257bd0bfd66a56cd3cc3,2019-05,Lancashire Constabulary,Lancashire Constabulary,-2.887672,53.565718,On or near Supermarket,E01025500,West Lancashire 007D,Shoplifting,Awaiting court outcome,
e3649ebb05a4b64375932e973d3c0bdc9fd63f8168262aa0cf5db744bc41bdd8,2019-05,Lancashire Constabulary,Lancashire Constabulary,-2.887672,53.565718,On or near Supermarket,E01025500,West Lancashire 007D,Shoplifting,Status update unavailable,
c0ec119725a782efb63f472cbfe490c0757228cba4f828e4081a3e1036b4c571,2019-05,Lancashire Constabulary,Lancashire Constabulary,-2.887095,53.567007,On or near Parking Area,E01025500,West Lancashire 007D,Shoplifting,Status update unavailable,
0b7b3b4caed2c9d5b2563c2a7e533aa4de2cef950084294079e35e53e70c2c20,2019-05,Lancashire Constabulary,Lancashire Constabulary,-2.887672,53.565718,On or near Supermarket,E01025500,West Lancashire 007D,Vehicle crime,Status update unavailable,
e738502eab4ec43af1c3843754cb28a1c6522d7ae580819fd0ba9f5906eb6954,2019-05,Lancashire Constabulary,Lancashire Constabulary,-2.889542,53.567061,On or near Park/Open Space,E01025500,West Lancashire 007D,Violence and sexual offences,Status update unavailable,
,2019-05,Lancashire Constabulary,Lancashire Constabulary,-2.884134,53.566948,On or near Moor Street,E01025518,West Lancashire 007E,Anti-social behaviour,,
,2019-05,Lancashire Constabulary,Lancashire Constabulary,-2.886568,53.567820,On or near Church Street,E01025518,West Lancashire 007E,Anti-social behaviour,,
,2019-05,Lancashire Constabulary,Lancashire Constabulary,-2.886568,53.567820,On or near Church Street,E01025518,West Lancashire 007E,Anti-social behaviour,,
,2019-05,Lancashire Constabulary,Lancashire Constabulary,-2.884456,53.570065,On or near Parking Area,E01025518,West Lancashire 007E,Anti-social behaviour,,
,2019-05,Lancashire Constabulary,Lancashire Constabulary,-2.884134,53.566948,On or near Moor Street,E01025518,West Lancashire 007E,Anti-social behaviour,,
,2019-05,Lancashire Constabulary,Lancashire Constabulary,-2.886050,53.571923,On or near Clucas Gardens,E01025518,West Lancashire 007E,Anti-social behaviour,,
,2019-05,Lancashire Constabulary,Lancashire Constabulary,-2.882198,53.568940,On or near Railway Approach,E01025518,West Lancashire 007E,Anti-social behaviour,,
,2019-05,Lancashire Constabulary,Lancashire Constabulary,-2.884703,53.568167,On or near Leyland Way,E01025518,West Lancashire 007E,Anti-social behaviour,,
,2019-05,Lancashire Constabulary,Lancashire Constabulary,-2.884232,53.568008,On or near Parking Area,E01025518,West Lancashire 007E,Anti-social behaviour,,
,2019-05,Lancashire Constabulary,Lancashire Constabulary,-2.886568,53.567820,On or near Church Street,E01025518,West Lancashire 007E,Anti-social behaviour,,
,2019-05,Lancashire Constabulary,Lancashire Constabulary,-2.884232,53.568008,On or near Parking Area,E01025518,West Lancashire 007E,Anti-social behaviour,,
,2019-05,Lancashire Constabulary,Lancashire Constabulary,-2.884456,53.570065,On or near Parking Area,E01025518,West Lancashire 007E,Anti-social behaviour,,
,2019-05,Lancashire Constabulary,Lancashire Constabulary,-2.887624,53.569916,On or near Parking Area,E01025518,West Lancashire 007E,Anti-social behaviour,,
,2019-05,Lancashire Constabulary,Lancashire Constabulary,-2.885915,53.569056,On or near Derby Street West,E01025518,West Lancashire 007E,Anti-social behaviour,,
,2019-05,Lancashire Constabulary,Lancashire Constabulary,-2.886568,53.567820,On or near Church Street,E01025518,West Lancashire 007E,Anti-social behaviour,,
29e0817d1a21b78ae4173fe462b5e22460e8e26ad0a7e05e67aa5bd7bfe98d77,2019-05,Lancashire Constabulary,Lancashire Constabulary,-2.884703,53.568167,On or near Leyland Way,E01025518,West Lancashire 007E,Bicycle theft,Status update unavailable,
2b5f91bd128f6c784c883d349d82257a02ceff8f446eae606c9ffac5da4dfc4e,2019-05,Lancashire Constabulary,Lancashire Constabulary,-2.886568,53.567820,On or near Church Street,E01025518,West Lancashire 007E,Burglary,Status update unavailable,
9c9843ab59211c6322c5785144cfd3f0a21b5e9b4ce97246f99287a4f13e809c,2019-05,Lancashire Constabulary,Lancashire Constabulary,-2.886568,53.567820,On or near Church Street,E01025518,West Lancashire 007E,Burglary,Status update unavailable,
462f40c19b3c1cba5d61ff01ab0a6eb30028ecc506cb8eeafd50566b60419613,2019-05,Lancashire Constabulary,Lancashire Constabulary,-2.886568,53.567820,On or near Church Street,E01025518,West Lancashire 007E,Criminal damage and arson,Unable to prosecute suspect,
29e27a8b9a0ab6b754a7cce99360bfbb8671637374099c1fec373b205f925947,2019-05,Lancashire Constabulary,Lancashire Constabulary,-2.887047,53.570477,On or near Green Lane Avenue,E01025518,West Lancashire 007E,Criminal damage and arson,Status update unavailable,
a07810470cba2a37120f8cfd80debaac098354828c6c4c06bf344de39a58c06c,2019-05,Lancashire Constabulary,Lancashire Constabulary,-2.887047,53.570477,On or near Green Lane Avenue,E01025518,West Lancashire 007E,Criminal damage and arson,Status update unavailable,
d2d66c88817df9966461535c435e626c2bd2828d228305e20709a7f3af88ccba,2019-05,Lancashire Constabulary,Lancashire Constabulary,-2.885815,53.568626,On or near The Stiles,E01025518,West Lancashire 007E,Possession of weapons,Awaiting court outcome,
a38228f6cc1e1ae02812d79547f0ff1f6123fdb2caf916fa0f7df409699e78df,2019-05,Lancashire Constabulary,Lancashire Constabulary,-2.884456,53.570065,On or near Parking Area,E01025518,West Lancashire 007E,Public order,Status update unavailable,
5b8a84fac86bd6f351413dcbeaaf6b386aadfd9fcdde8171a3f0b846916a9c95,2019-05,Lancashire Constabulary,Lancashire Constabulary,-2.884232,53.568008,On or near Parking Area,E01025518,West Lancashire 007E,Public order,Status update unavailable,
fb055089475296419d59eba133a0efea6d6f49d1e0c73ff502c12d5b5b3f1d4e,2019-05,Lancashire Constabulary,Lancashire Constabulary,-2.886568,53.567820,On or near Church Street,E01025518,West Lancashire 007E,Shoplifting,Status update unavailable,
62de6987dfd25aa8183289658851e0d0414fad5e1d218ec7119aac1d0f5a8f87,2019-05,Lancashire Constabulary,Lancashire Constabulary,-2.884134,53.566948,On or near Moor Street,E01025518,West Lancashire 007E,Shoplifting,Offender given a caution,
fa020fbcd0a967da0bbe5cd2394d3075f75b1121d35ac2b14f86fcaedbb919d5,2019-05,Lancashire Constabulary,Lancashire Constabulary,-2.881872,53.570686,On or near New Court Way,E01025518,West Lancashire 007E,Vehicle crime,Status update unavailable,
da1f57449c148f96ce5a7a01383a88944de859fe021d2b1897f13626c32b14fc,2019-05,Lancashire Constabulary,Lancashire Constabulary,-2.884703,53.568167,On or near Leyland Way,E01025518,West Lancashire 007E,Vehicle crime,Status update unavailable,
2dcc498825a4875f14dfb64dbd8043ed3a57610a94c2a9de55f80dcea03a0223,2019-05,Lancashire Constabulary,Lancashire Constabulary,-2.886568,53.567820,On or near Church Street,E01025518,West Lancashire 007E,Violence and sexual offences,Unable to prosecute suspect,
229883a66a8b29d16dccd02f2af5faeba8adc5ac22d5b995b334ddcb60349b8e,2019-05,Lancashire Constabulary,Lancashire Constabulary,-2.885815,53.568626,On or near The Stiles,E01025518,West Lancashire 007E,Violence and sexual offences,Unable to prosecute suspect,
20f9f6b35575823ebc017df8db1b354cd1ba70ac7f7c22a0100ada3b26bbadc1,2019-05,Lancashire Constabulary,Lancashire Constabulary,-2.886050,53.571923,On or near Clucas Gardens,E01025518,West Lancashire 007E,Violence and sexual offences,Awaiting court outcome,
b3a5fece52969d48bd7ba1f19ba74dfd6b9fbdbb1e7db15a2717189fa8f6b1ce,2019-05,Lancashire Constabulary,Lancashire Constabulary,-2.886997,53.573866,On or near Ellerbrook Way,E01025518,West Lancashire 007E,Violence and sexual offences,Awaiting court outcome,
75525841cf3e7a53e2779997a8b9fe043d96c83071bf5c6b438838cc272d3f99,2019-05,Lancashire Constabulary,Lancashire Constabulary,-2.884703,53.568167,On or near Leyland Way,E01025518,West Lancashire 007E,Violence and sexual offences,Awaiting court outcome,
0b56a19b70ebf592fe9b1f30125ae22819378abacaaa8e7067b3f35db0103c57,2019-05,Lancashire Constabulary,Lancashire Constabulary,-2.886997,53.573866,On or near Ellerbrook Way,E01025518,West Lancashire 007E,Violence and sexual offences,Awaiting court outcome,
1bb96527627464ae5c58094a895c15c4e182de5929137311712b58e09ce65503,2019-05,Lancashire Constabulary,Lancashire Constabulary,-2.881872,53.570686,On or near New Court Way,E01025518,West Lancashire 007E,Violence and sexual offences,Unable to prosecute suspect,
9873a4b83b276d8b0554b2428d3ebe0d9d4af14f39d84ee3321030c6f3b68872,2019-05,Lancashire Constabulary,Lancashire Constabulary,-2.884134,53.566948,On or near Moor Street,E01025518,West Lancashire 007E,Violence and sexual offences,Status update unavailable,
d57d062686f0e29a84f1ad3a8c1248a1ab369a4678cd7cf645b954aed1e17785,2019-05,Lancashire Constabulary,Lancashire Constabulary,-2.883565,53.568588,On or near Derby Street,E01025518,West Lancashire 007E,Violence and sexual offences,Unable to prosecute suspect,
b0f15c917d053f51810d55adcc7be82cbc2af688467cd34150b95493823d4c46,2019-05,Lancashire Constabulary,Lancashire Constabulary,-2.886568,53.567820,On or near Church Street,E01025518,West Lancashire 007E,Violence and sexual offences,Status update unavailable,
a15f7a46568ba315ad913fc06f4696a9b10e0b58472b3c5d6b5da1df1dac1ac0,2019-05,Lancashire Constabulary,Lancashire Constabulary,-2.885944,53.570449,On or near Pennington Avenue,E01025518,West Lancashire 007E,Violence and sexual offences,Unable to prosecute suspect,
bedb23a9f6cf39d7d92300362d23b35c0debcc502434f0a821dec57329ab07f6,2019-05,Lancashire Constabulary,Lancashire Constabulary,-2.888193,53.570424,On or near The Avenue,E01025518,West Lancashire 007E,Violence and sexual offences,Status update unavailable,
d639669850de420078b15d84e84a3f1f5198895dc964f8bf6bb596a58cb013b7,2019-05,Lancashire Constabulary,Lancashire Constabulary,-2.888193,53.570424,On or near The Avenue,E01025518,West Lancashire 007E,Violence and sexual offences,Status update unavailable,
62587bd8c23171a87edc62586f5f7d2642e7c7157d0770f05a678d2e9871283c,2019-05,Lancashire Constabulary,Lancashire Constabulary,-2.887112,53.574297,On or near County Road,E01025518,West Lancashire 007E,Violence and sexual offences,Awaiting court outcome,
750904231fc1988241ab7da7b335d6ec4c2f582cc000127a8bb919fa8ebd2883,2019-05,Lancashire Constabulary,Lancashire Constabulary,-2.885815,53.568626,On or near The Stiles,E01025518,West Lancashire 007E,Violence and sexual offences,Unable to prosecute suspect,
,2019-05,Lancashire Constabulary,Lancashire Constabulary,-2.854219,53.503068,On or near Siding Lane,E01025479,West Lancashire 008A,Anti-social behaviour,,
57d9e964f4b759f2f0a3d6e1db3a05bc7ed71bc170bdb3069b6e50b00bafd30a,2019-05,Lancashire Constabulary,Lancashire Constabulary,-2.824132,53.551584,On or near Holland'S Lane,E01025479,West Lancashire 008A,Burglary,Status update unavailable,
6de6dd7d46b5bb72da2c924ec6060b4e25ef5934aebda4c9b363a2981a33879b,2019-05,Lancashire Constabulary,Lancashire Constabulary,-2.854219,53.503068,On or near Siding Lane,E01025479,West Lancashire 008A,Other theft,Status update unavailable,
846a623455ac7b144609528c0c63af6c9db8671523420164fbfd63198e9d5748,2019-05,Lancashire Constabulary,Lancashire Constabulary,-2.846226,53.538549,On or near Mill View Court,E01025479,West Lancashire 008A,Public order,Further investigation is not in the public interest,
81c40b7e948701576d61b5461d6ef05c8963c7e6d2c3173096ca3c78b6e4f7ec,2019-05,Lancashire Constabulary,Lancashire Constabulary,-2.854219,53.503068,On or near Siding Lane,E01025479,West Lancashire 008A,Vehicle crime,Status update unavailable,
,2019-05,Lancashire Constabulary,Lancashire Constabulary,-2.872880,53.570375,On or near Greetby Hill,E01025491,West Lancashire 008B,Anti-social behaviour,,
,2019-05,Lancashire Constabulary,Lancashire Constabulary,-2.870988,53.569427,On or near Sports/Recreation Area,E01025491,West Lancashire 008B,Anti-social behaviour,,
2ac4337bd6b697af7ca227511ec1736dff6a794422bf53aa658b66a61d593cf4,2019-05,Lancashire Constabulary,Lancashire Constabulary,-2.841694,53.562598,On or near Meadow Close,E01025491,West Lancashire 008B,Other theft,Status update unavailable,
ddbd2f45294ab576a056800f5f08e13269057ac91ba3747087144211837641e3,2019-05,Lancashire Constabulary,Lancashire Constabulary,-2.872880,53.570375,On or near Greetby Hill,E01025491,West Lancashire 008B,Violence and sexual offences,Unable to prosecute suspect,
23a3223a09e3d9dd13a01a6be9ef31ae6596e62e422ae039e83bdbb2e9b7391a,2019-05,Lancashire Constabulary,Lancashire Constabulary,-2.840561,53.561780,On or near Lunds Close,E01025491,West Lancashire 008B,Violence and sexual offences,Unable to prosecute suspect,
e51b5dfa9585a3d84091911e8dac6013b2910f2d4e024ac6a77e543e25e8e844,2019-05,Lancashire Constabulary,Lancashire Constabulary,-2.840561,53.561780,On or near Lunds Close,E01025491,West Lancashire 008B,Violence and sexual offences,Unable to prosecute suspect,
047b7a37fbaa7187a3a93b06c51db0824e3f298e6355534154ac37c35946dc4b,2019-05,Lancashire Constabulary,Lancashire Constabulary,-2.869297,53.570149,On or near Charlesbye Avenue,E01025491,West Lancashire 008B,Violence and sexual offences,Status update unavailable,
,2019-05,Lancashire Constabulary,Lancashire Constabulary,-2.797430,53.565976,On or near Vale Lane,E01025506,West Lancashire 008C,Anti-social behaviour,,
,2019-05,Lancashire Constabulary,Lancashire Constabulary,-2.825294,53.592654,On or near Briars Brook,E01025506,West Lancashire 008C,Anti-social behaviour,,
,2019-05,Lancashire Constabulary,Lancashire Constabulary,-2.818248,53.592370,On or near Ring O'Bells Lane,E01025506,West Lancashire 008C,Anti-social behaviour,,
,2019-05,Lancashire Constabulary,Lancashire Constabulary,-2.826375,53.565204,On or near Spa Fold,E01025506,West Lancashire 008C,Anti-social behaviour,,
,2019-05,Lancashire Constabulary,Lancashire Constabulary,-2.821009,53.590580,On or near Petrol Station,E01025506,West Lancashire 008C,Anti-social behaviour,,
4ee895dae241b1ea6e35b7297546fe0a7d559ec4318a7811061c531d99f34ebc,2019-05,Lancashire Constabulary,Lancashire Constabulary,-2.818248,53.592370,On or near Ring O'Bells Lane,E01025506,West Lancashire 008C,Burglary,Status update unavailable,
a0fb586145838dec000ed01936240f0170045d79486da427612d4aea7f8ce40a,2019-05,Lancashire Constabulary,Lancashire Constabulary,-2.797430,53.565976,On or near Vale Lane,E01025506,West Lancashire 008C,Criminal damage and arson,Status update unavailable,
dfdd9336516dd29df7c004ba877f081838265d5a5e5baba6eb30548d67f1ceb2,2019-05,Lancashire Constabulary,Lancashire Constabulary,-2.818248,53.592370,On or near Ring O'Bells Lane,E01025506,West Lancashire 008C,Other theft,Status update unavailable,
76b674e01426e12e84ec24e959c5c458a4fb0d42d815a6c87b72bca07078ceed,2019-05,Lancashire Constabulary,Lancashire Constabulary,-2.821009,53.590580,On or near Petrol Station,E01025506,West Lancashire 008C,Other theft,Status update unavailable,
399227d903c465aa18e8b427ba02422167c8fb415c6bede694a4bf850f8e9865,2019-05,Lancashire Constabulary,Lancashire Constabulary,-2.826033,53.577853,On or near Hall Lane,E01025506,West Lancashire 008C,Other theft,Status update unavailable,
,2019-05,Lancashire Constabulary,Lancashire Constabulary,-2.774650,53.567025,On or near Newburn Close,E01025468,West Lancashire 009A,Anti-social behaviour,,
,2019-05,Lancashire Constabulary,Lancashire Constabulary,-2.782594,53.563827,On or near Pedestrian Subway,E01025468,West Lancashire 009A,Anti-social behaviour,,
6cb4e93e1b3c81b9f4276fe1355499826c05c920eab654eaeb69d9760a65fad6,2019-05,Lancashire Constabulary,Lancashire Constabulary,-2.781883,53.562924,On or near Mountwood,E01025468,West Lancashire 009A,Burglary,Status update unavailable,
c33bd86cf3e4c25ccc547b90914ccd7dc69cc2cd2cb781c1203d28ee10ba8e1f,2019-05,Lancashire Constabulary,Lancashire Constabulary,-2.779179,53.565341,On or near Briars Green,E01025468,West Lancashire 009A,Violence and sexual offences,Offender given a caution,
cf5d464079819be09210a8494dbbebbf09e1146f8da4696d387beff44d36d5ee,2019-05,Lancashire Constabulary,Lancashire Constabulary,-2.774650,53.567025,On or near Newburn Close,E01025468,West Lancashire 009A,Violence and sexual offences,Status update unavailable,
8f8183cebed4a5915722f07957e65cec2078f9d2238545c4d3ce3e729ca5cfea,2019-05,Lancashire Constabulary,Lancashire Constabulary,-2.774650,53.567025,On or near Newburn Close,E01025468,West Lancashire 009A,Violence and sexual offences,Unable to prosecute suspect,
449dd030271c905e73132178791990d0a1619e2d12a81056024a2ac594576027,2019-05,Lancashire Constabulary,Lancashire Constabulary,-2.782960,53.568130,On or near Pedestrian Subway,E01025468,West Lancashire 009A,Violence and sexual offences,Status update unavailable,
7bc99f6c8a06eed8d3851398990ec8e0097aac2234928805962fa41e47a8178f,2019-05,Lancashire Constabulary,Lancashire Constabulary,-2.779179,53.565341,On or near Briars Green,E01025468,West Lancashire 009A,Violence and sexual offences,Status update unavailable,
,2019-05,Lancashire Constabulary,Lancashire Constabulary,-2.776023,53.565308,On or near Maytree Walk,E01025469,West Lancashire 009B,Anti-social behaviour,,
,2019-05,Lancashire Constabulary,Lancashire Constabulary,-2.775131,53.560298,On or near Leeswood,E01025469,West Lancashire 009B,Anti-social behaviour,,
,2019-05,Lancashire Constabulary,Lancashire Constabulary,-2.779188,53.561737,On or near Pedestrian Subway,E01025469,West Lancashire 009B,Anti-social behaviour,,
d21df35fea4f4c4000b205c6b25a14ae1ded28cff7e3817acb8f6036cf22be45,2019-05,Lancashire Constabulary,Lancashire Constabulary,-2.776177,53.562197,On or near Larkhill,E01025469,West Lancashire 009B,Criminal damage and arson,Status update unavailable,
bb3987e0b44ec511e6bd8fd8a26303aa597bf54f816edfbb945b042937406efc,2019-05,Lancashire Constabulary,Lancashire Constabulary,-2.779756,53.558929,On or near Houghtons Road,E01025469,West Lancashire 009B,Vehicle crime,Unable to prosecute suspect,
f25f9d54646b378848811b1006d73581f3af6edac43fbbd2e48b7fbbfa9d53bf,2019-05,Lancashire Constabulary,Lancashire Constabulary,-2.775131,53.560298,On or near Leeswood,E01025469,West Lancashire 009B,Violence and sexual offences,Status update unavailable,
,2019-05,Lancashire Constabulary,Lancashire Constabulary,-2.760505,53.560482,On or near Sherwood Drive,E01025470,West Lancashire 009C,Anti-social behaviour,,
,2019-05,Lancashire Constabulary,Lancashire Constabulary,-2.763167,53.562397,On or near Elmer'S Green Lane,E01025470,West Lancashire 009C,Anti-social behaviour,,
,2019-05,Lancashire Constabulary,Lancashire Constabulary,-2.762165,53.557038,On or near Parklands,E01025470,West Lancashire 009C,Anti-social behaviour,,
5f442662ced7c5e2844d632e3b1d5e7005910627d4745618a389178e6c06b440,2019-05,Lancashire Constabulary,Lancashire Constabulary,-2.765186,53.560524,On or near Ashwood,E01025470,West Lancashire 009C,Criminal damage and arson,Status update unavailable,
bf65eb1ddd5cb27482755ba4df3f802f96029a540788c102ccedef6214736651,2019-05,Lancashire Constabulary,Lancashire Constabulary,-2.762165,53.557038,On or near Parklands,E01025470,West Lancashire 009C,Violence and sexual offences,Local resolution,
d1775190ce5dc0d061ad508e89584b9a3b1f90405cdf1f686cf50c59df6d1564,2019-05,Lancashire Constabulary,Lancashire Constabulary,-2.762165,53.557038,On or near Parklands,E01025470,West Lancashire 009C,Violence and sexual offences,Status update unavailable,
,2019-05,Lancashire Constabulary,Lancashire Constabulary,-2.793706,53.560626,On or near Pedestrian Subway,E01025522,West Lancashire 009D,Anti-social behaviour,,
,2019-05,Lancashire Constabulary,Lancashire Constabulary,-2.793706,53.560626,On or near Pedestrian Subway,E01025522,West Lancashire 009D,Anti-social behaviour,,
,2019-05,Lancashire Constabulary,Lancashire Constabulary,-2.793706,53.560626,On or near Pedestrian Subway,E01025522,West Lancashire 009D,Anti-social behaviour,,
8b3302abcf37c2c8e95aed806a64793becf82b39afa524f568c1f1d1f9175234,2019-05,Lancashire Constabulary,Lancashire Constabulary,-2.793706,53.560626,On or near Pedestrian Subway,E01025522,West Lancashire 009D,Other theft,Further investigation is not in the public interest,
40d94b70d278acf7378e3702fe1bc4d6272c0b2f4f625c768809ed81833137d6,2019-05,Lancashire Constabulary,Lancashire Constabulary,-2.788946,53.554680,On or near Hospital,E01025522,West Lancashire 009D,Other theft,Status update unavailable,
858c43119e561b766e053fe6fa67734ae6cfd2a688cc279f402f0bead93b6544,2019-05,Lancashire Constabulary,Lancashire Constabulary,-2.789388,53.554128,On or near Mill Lane,E01025522,West Lancashire 009D,Vehicle crime,Status update unavailable,
4c70b42aa0dc70a8f69d1e01a9e02620dac51463d813770fe9f3b8d8b45d08d5,2019-05,Lancashire Constabulary,Lancashire Constabulary,-2.789443,53.553005,On or near Appleton Road,E01025522,West Lancashire 009D,Violence and sexual offences,Local resolution,
263f0eb272a1652f112041d59bdc9cb1ca506b05683e7d8f5e9ae01b1bf2d059,2019-05,Lancashire Constabulary,Lancashire Constabulary,-2.793706,53.560626,On or near Pedestrian Subway,E01025522,West Lancashire 009D,Violence and sexual offences,Action to be taken by another organisation,
79ef407137e67d68d3cd72bb4031cabf03e1d64d495ae3167edb0805770c361e,2019-05,Lancashire Constabulary,Lancashire Constabulary,-2.793207,53.554921,On or near Millrose Close,E01025522,West Lancashire 009D,Violence and sexual offences,Status update unavailable,
8978a9026db29b0d38dcd62ce2a134080048d0da79e09fc733615c75d845b928,2019-05,Lancashire Constabulary,Lancashire Constabulary,-2.793706,53.560626,On or near Pedestrian Subway,E01025522,West Lancashire 009D,Violence and sexual offences,Unable to prosecute suspect,
460539e2437f8894073374b5278d37c3ef6aafdcf24e7433034005fee1fec233,2019-05,Lancashire Constabulary,Lancashire Constabulary,-2.795902,53.554535,On or near Thurston,E01025522,West Lancashire 009D,Violence and sexual offences,Status update unavailable,
,2019-05,Lancashire Constabulary,Lancashire Constabulary,-2.767793,53.558593,On or near Fairstead,E01025471,West Lancashire 010A,Anti-social behaviour,,
,2019-05,Lancashire Constabulary,Lancashire Constabulary,-2.767793,53.558593,On or near Fairstead,E01025471,West Lancashire 010A,Anti-social behaviour,,
,2019-05,Lancashire Constabulary,Lancashire Constabulary,-2.767793,53.558593,On or near Fairstead,E01025471,West Lancashire 010A,Anti-social behaviour,,
,2019-05,Lancashire Constabulary,Lancashire Constabulary,-2.771544,53.560645,On or near Ledburn,E01025471,West Lancashire 010A,Anti-social behaviour,,
74472806364502228d0a3bba58c79467fddfc0fc61ea861bd6a0327db53562f2,2019-05,Lancashire Constabulary,Lancashire Constabulary,-2.768745,53.561121,On or near Lowcroft,E01025471,West Lancashire 010A,Criminal damage and arson,Status update unavailable,
784167fd1acdf9403242ce73ec17c38f6400e87c986727d1c5efaf0c1e508a74,2019-05,Lancashire Constabulary,Lancashire Constabulary,-2.771109,53.557466,On or near Fairhaven,E01025471,West Lancashire 010A,Criminal damage and arson,Status update unavailable,
26f102448fb3fb50ca2633a98ea962cc987ac0b68223964022ee6013b538861d,2019-05,Lancashire Constabulary,Lancashire Constabulary,-2.767793,53.558593,On or near Fairstead,E01025471,West Lancashire 010A,Vehicle crime,Status update unavailable,
65467d041c55963f3651e53c533529877ca5a912f196bf4e8fe3f3b5e809879d,2019-05,Lancashire Constabulary,Lancashire Constabulary,-2.768745,53.561121,On or near Lowcroft,E01025471,West Lancashire 010A,Violence and sexual offences,Unable to prosecute suspect,
,2019-05,Lancashire Constabulary,Lancashire Constabulary,-2.774953,53.554690,On or near Inchfield,E01025480,West Lancashire 010B,Anti-social behaviour,,
,2019-05,Lancashire Constabulary,Lancashire Constabulary,-2.777570,53.556633,On or near Inskip Court,E01025480,West Lancashire 010B,Anti-social behaviour,,
736e4eeee82a54ddf900af347a63f6f8c36e36fa0f73282367b1c430783d6fa4,2019-05,Lancashire Constabulary,Lancashire Constabulary,-2.777570,53.556633,On or near Inskip Court,E01025480,West Lancashire 010B,Burglary,Status update unavailable,
84a6b18a7555471d96da040589fa1cab5b7ed486a20d68f396e6952182303e26,2019-05,Lancashire Constabulary,Lancashire Constabulary,-2.776870,53.557168,On or near Pedestrian Subway,E01025480,West Lancashire 010B,Drugs,Awaiting court outcome,
3c56f5db0075d9480c101be323ff737538e01e13cf95f57d0dc292dbd559b6c0,2019-05,Lancashire Constabulary,Lancashire Constabulary,-2.768265,53.553808,On or near Hallcroft,E01025480,West Lancashire 010B,Other theft,Status update unavailable,
69cec19427cfbc0443a1440d1be8a9d05d93718dc278bbdb959193e00d514dc0,2019-05,Lancashire Constabulary,Lancashire Constabulary,-2.775630,53.557850,On or near Fawcett,E01025480,West Lancashire 010B,Vehicle crime,Status update unavailable,
c4bf6006132b8ebb69cd7e74c4813bccd0f38319bcaeb69addabc55eca3070d0,2019-05,Lancashire Constabulary,Lancashire Constabulary,-2.774192,53.557634,On or near Fairburn,E01025480,West Lancashire 010B,Violence and sexual offences,Local resolution,
a12f8dfb0637ae00a9fb25822a90f8e885c7a04c9cb6b3ebd342148a70450fd1,2019-05,Lancashire Constabulary,Lancashire Constabulary,-2.766592,53.556425,On or near Heversham,E01025480,West Lancashire 010B,Violence and sexual offences,Status update unavailable,
47e68b7969f4f50b753d7e9d810ccded7d711ede186ab15b82631bd5e1021481,2019-05,Lancashire Constabulary,Lancashire Constabulary,-2.766592,53.556425,On or near Heversham,E01025480,West Lancashire 010B,Violence and sexual offences,Status update unavailable,
056b2d93654f6d770d5fa1a8bdb9a13250b5e5f25626b21eafbd5952ddb078ac,2019-05,Lancashire Constabulary,Lancashire Constabulary,-2.776870,53.557168,On or near Pedestrian Subway,E01025480,West Lancashire 010B,Violence and sexual offences,Status update unavailable,
ee908de5bcc2d8053c938b19eb4235a9a71ad73b7348c4fa3164010461a596e1,2019-05,Lancashire Constabulary,Lancashire Constabulary,-2.774162,53.556862,On or near Feltons,E01025480,West Lancashire 010B,Violence and sexual offences,Further investigation is not in the public interest,
9100279376fb845699c6db7b5788ed569c709246f9e5178be4cbcb3159342611,2019-05,Lancashire Constabulary,Lancashire Constabulary,-2.767776,53.556822,On or near Heathgate,E01025480,West Lancashire 010B,Violence and sexual offences,Action to be taken by another organisation,
f27a41256296029a4d90959ed0ee3d27fe4c9bd9c169f63df731af3e9988fa06,2019-05,Lancashire Constabulary,Lancashire Constabulary,-2.768265,53.553808,On or near Hallcroft,E01025480,West Lancashire 010B,Violence and sexual offences,Unable to prosecute suspect,
,2019-05,Lancashire Constabulary,Lancashire Constabulary,-2.780170,53.556823,On or near Inskip,E01025481,West Lancashire 010C,Anti-social behaviour,,
,2019-05,Lancashire Constabulary,Lancashire Constabulary,-2.780170,53.556823,On or near Inskip,E01025481,West Lancashire 010C,Anti-social behaviour,,
,2019-05,Lancashire Constabulary,Lancashire Constabulary,-2.777511,53.550925,On or near Supermarket,E01025481,West Lancashire 010C,Anti-social behaviour,,
,2019-05,Lancashire Constabulary,Lancashire Constabulary,-2.780223,53.558045,On or near Irwell,E01025481,West Lancashire 010C,Anti-social behaviour,,
549671c6b63303172908cfe3232027e8fc3ec1f0912ba81954105f22d6732a02,2019-05,Lancashire Constabulary,Lancashire Constabulary,-2.777124,53.552905,On or near Petrol Station,E01025481,West Lancashire 010C,Other theft,Status update unavailable,
c1a9fccbbac4810bff846098359540b1bce95e9fcb334ff6fccfb51443f005f5,2019-05,Lancashire Constabulary,Lancashire Constabulary,-2.777124,53.552905,On or near Petrol Station,E01025481,West Lancashire 010C,Other theft,Status update unavailable,
974fc6c113a330ad029366eb9f279fa99ddc6d0e150648bbb0b5d784e50f4dd5,2019-05,Lancashire Constabulary,Lancashire Constabulary,-2.777124,53.552905,On or near Petrol Station,E01025481,West Lancashire 010C,Other theft,Status update unavailable,
d4ef393d487632965b3c1db13fdd788583b485a1eef4f4e02243c8f100965eb9,2019-05,Lancashire Constabulary,Lancashire Constabulary,-2.780381,53.553522,On or near Sports/Recreation Area,E01025481,West Lancashire 010C,Public order,Local resolution,
6aaec36fbd9c328192ab52f1e1c062c6d8fe804c795e2d5d895a342d4b53a50a,2019-05,Lancashire Constabulary,Lancashire Constabulary,-2.777124,53.552905,On or near Petrol Station,E01025481,West Lancashire 010C,Shoplifting,Awaiting court outcome,
278c60ce1ef082750830c9ba7ff052551c47c37e746a6883c884f995110606a7,2019-05,Lancashire Constabulary,Lancashire Constabulary,-2.777124,53.552905,On or near Petrol Station,E01025481,West Lancashire 010C,Shoplifting,Offender given penalty notice,
8dec58aa3e8eff761d4d211ad29161f77efa8effae8031cf9c558d177aeec9fc,2019-05,Lancashire Constabulary,Lancashire Constabulary,-2.777124,53.552905,On or near Petrol Station,E01025481,West Lancashire 010C,Theft from the person,Status update unavailable,
54f29b746a260202f047d7a7a3772654921552d018a958c69cc5b0b0dc2ad260,2019-05,Lancashire Constabulary,Lancashire Constabulary,-2.777124,53.552905,On or near Petrol Station,E01025481,West Lancashire 010C,Vehicle crime,Status update unavailable,
04b61286630bfaa3f5de05ec89acb6b7c6977a3948cb007674ea0b7d8e9fe4b6,2019-05,Lancashire Constabulary,Lancashire Constabulary,-2.780223,53.558045,On or near Irwell,E01025481,West Lancashire 010C,Violence and sexual offences,Unable to prosecute suspect,
9013a9da4dd881bc644ee2421275af5cbb8a7919093c9deaadfd34b6e77527a9,2019-05,Lancashire Constabulary,Lancashire Constabulary,-2.780223,53.558045,On or near Irwell,E01025481,West Lancashire 010C,Violence and sexual offences,Status update unavailable,
d337f03dc363f1a3598931a3c694be75a671d0ab959e2b147ff0e86fdbc2c425,2019-05,Lancashire Constabulary,Lancashire Constabulary,-2.780223,53.558045,On or near Irwell,E01025481,West Lancashire 010C,Violence and sexual offences,Unable to prosecute suspect,
ebe8807201812cfea4a2d06c207f8830d92d849a5a338970adf0f1e18e65496d,2019-05,Lancashire Constabulary,Lancashire Constabulary,-2.776530,53.555894,On or near Pedestrian Subway,E01025481,West Lancashire 010C,Violence and sexual offences,Unable to prosecute suspect,
,2019-05,Lancashire Constabulary,Lancashire Constabulary,-2.761029,53.556029,On or near Elmers Green,E01025482,West Lancashire 010D,Anti-social behaviour,,
,2019-05,Lancashire Constabulary,Lancashire Constabulary,-2.764780,53.553920,On or near Hartshead,E01025482,West Lancashire 010D,Anti-social behaviour,,
,2019-05,Lancashire Constabulary,Lancashire Constabulary,-2.761029,53.556029,On or near Elmers Green,E01025482,West Lancashire 010D,Anti-social behaviour,,
,2019-05,Lancashire Constabulary,Lancashire Constabulary,-2.761029,53.556029,On or near Elmers Green,E01025482,West Lancashire 010D,Anti-social behaviour,,
,2019-05,Lancashire Constabulary,Lancashire Constabulary,-2.765566,53.552279,On or near Flamstead,E01025482,West Lancashire 010D,Anti-social behaviour,,
,2019-05,Lancashire Constabulary,Lancashire Constabulary,-2.764780,53.553920,On or near Hartshead,E01025482,West Lancashire 010D,Anti-social behaviour,,
,2019-05,Lancashire Constabulary,Lancashire Constabulary,-2.761937,53.552770,On or near Flordon,E01025482,West Lancashire 010D,Anti-social behaviour,,
,2019-05,Lancashire Constabulary,Lancashire Constabulary,-2.768865,53.551934,On or near Houghton'S Lane,E01025482,West Lancashire 010D,Anti-social behaviour,,
224e8f547af57ab74fa12cc461c0eb430fb8d3515cfbf8bd4b131269ff1c3ea3,2019-05,Lancashire Constabulary,Lancashire Constabulary,-2.763642,53.554413,On or near Hawksclough,E01025482,West Lancashire 010D,Burglary,Status update unavailable,
3eba26627fc996799af9b94a762cbef7a47d7b049581083dbd76d809ba5b8ead,2019-05,Lancashire Constabulary,Lancashire Constabulary,-2.763260,53.552464,On or near Flimby,E01025482,West Lancashire 010D,Criminal damage and arson,Status update unavailable,
66cf9fcc6603e6ceb785fe3309d315f646ae796d2145387ecd22f890b1bf2ba2,2019-05,Lancashire Constabulary,Lancashire Constabulary,-2.761937,53.552770,On or near Flordon,E01025482,West Lancashire 010D,Criminal damage and arson,Status update unavailable,
839491471d3c5bd03ed68aec78b42de99626cb5079dded4bd293ff7968cd7e37,2019-05,Lancashire Constabulary,Lancashire Constabulary,-2.774307,53.549877,On or near Supermarket,E01025482,West Lancashire 010D,Criminal damage and arson,Status update unavailable,
448ba688bf946a76471dacae2d82b223f309dd912277ae5f1aa758fa23a909e9,2019-05,Lancashire Constabulary,Lancashire Constabulary,-2.761029,53.556029,On or near Elmers Green,E01025482,West Lancashire 010D,Other theft,Status update unavailable,
8285010a51cb9c7eab1ba7435a1bd005d842df11c912ad954a20ba9797703bb1,2019-05,Lancashire Constabulary,Lancashire Constabulary,-2.774307,53.549877,On or near Supermarket,E01025482,West Lancashire 010D,Other theft,Status update unavailable,
2223b159b17ce1cbc5c92c93e2825e934ac743010695f49ac3f4b7d92d37cadb,2019-05,Lancashire Constabulary,Lancashire Constabulary,-2.774307,53.549877,On or near Supermarket,E01025482,West Lancashire 010D,Public order,Unable to prosecute suspect,
75dc1d65359a2ec7d953a7e2132428be2bf7cf9255bd55bdb43c073ea2025449,2019-05,Lancashire Constabulary,Lancashire Constabulary,-2.763642,53.554413,On or near Hawksclough,E01025482,West Lancashire 010D,Public order,Unable to prosecute suspect,
785b3e582c830152db44d51ee2219ec1a3e9d487ffa634eb53acce95f0d2fb14,2019-05,Lancashire Constabulary,Lancashire Constabulary,-2.773337,53.549685,On or near Shopping Area,E01025482,West Lancashire 010D,Robbery,Status update unavailable,
e8d290571f6567e0b109cbf73a3011e95b1edce0b7988d4a5ec70c70c7ae6ad8,2019-05,Lancashire Constabulary,Lancashire Constabulary,-2.774307,53.549877,On or near Supermarket,E01025482,West Lancashire 010D,Shoplifting,Awaiting court outcome,
5b3a4f12349c4a71d29fa1a671e32fa977cc8b032f99b94387f760cb4589645e,2019-05,Lancashire Constabulary,Lancashire Constabulary,-2.774307,53.549877,On or near Supermarket,E01025482,West Lancashire 010D,Shoplifting,Status update unavailable,
37d8addaa2630b1bf559981555aeba27c72997a46b44a0f89b4682008981c062,2019-05,Lancashire Constabulary,Lancashire Constabulary,-2.773337,53.549685,On or near Shopping Area,E01025482,West Lancashire 010D,Shoplifting,Status update unavailable,
62330fe3737aa1c8164e3efb2b379c269722299c57286d34f386536ff6142b81,2019-05,Lancashire Constabulary,Lancashire Constabulary,-2.774307,53.549877,On or near Supermarket,E01025482,West Lancashire 010D,Shoplifting,Status update unavailable,
bad5b9fdee5ae372b5269c436c7c08b98d341676f719247a4b927ab9fc7ebc8a,2019-05,Lancashire Constabulary,Lancashire Constabulary,-2.774307,53.549877,On or near Supermarket,E01025482,West Lancashire 010D,Shoplifting,Status update unavailable,
7648fff49646fa5940f7cb0ebeff25af33c1998a5c36e67d8d0783ad6f5639ce,2019-05,Lancashire Constabulary,Lancashire Constabulary,-2.774633,53.550387,On or near Bus/Coach Station,E01025482,West Lancashire 010D,Vehicle crime,Unable to prosecute suspect,
298f2fe8e83ff125f6b5c74df12f603ca96dc2d3bc400cb8058ade52c0396775,2019-05,Lancashire Constabulary,Lancashire Constabulary,-2.774307,53.549877,On or near Supermarket,E01025482,West Lancashire 010D,Vehicle crime,Status update unavailable,
b9fea07fe72d894dac325a306b0db9a0261c59f1cc3fe5894426e745d315e13b,2019-05,Lancashire Constabulary,Lancashire Constabulary,-2.763642,53.554413,On or near Hawksclough,E01025482,West Lancashire 010D,Violence and sexual offences,Status update unavailable,
ffa9ab38b9120c8ecc96870d0b9252a5870758099d4b7e93ec200835c2b6e187,2019-05,Lancashire Constabulary,Lancashire Constabulary,-2.763642,53.554413,On or near Hawksclough,E01025482,West Lancashire 010D,Violence and sexual offences,Status update unavailable,
01ec854a41c2287c0decb06e334fd419c55fe8004fefe5b9d10463a4ba9b2890,2019-05,Lancashire Constabulary,Lancashire Constabulary,-2.761937,53.552770,On or near Flordon,E01025482,West Lancashire 010D,Violence and sexual offences,Status update unavailable,
b6b264a8142d0234bc0d2988ad4fb74e623368acdea28c9813728265df86f399,2019-05,Lancashire Constabulary,Lancashire Constabulary,-2.765925,53.553805,On or near Harsnips,E01025482,West Lancashire 010D,Violence and sexual offences,Status update unavailable,
,2019-05,Lancashire Constabulary,Lancashire Constabulary,-2.790353,53.551596,On or near Tarlswood,E01025520,West Lancashire 010E,Anti-social behaviour,,
,2019-05,Lancashire Constabulary,Lancashire Constabulary,-2.794781,53.552700,On or near Laurel Drive,E01025520,West Lancashire 010E,Anti-social behaviour,,
68c44b9ce898deed31c719e3b81b2646f64f3a71c6cc8ae6a69ba250e51ef0f7,2019-05,Lancashire Constabulary,Lancashire Constabulary,-2.795797,53.552180,On or near Holly Close,E01025520,West Lancashire 010E,Criminal damage and arson,Status update unavailable,
baca4e765fef55fc9d28b6e21f689dc49627bb352d9817a45db77145ae1800ec,2019-05,Lancashire Constabulary,Lancashire Constabulary,-2.790353,53.551596,On or near Tarlswood,E01025520,West Lancashire 010E,Criminal damage and arson,Status update unavailable,
656ed612f829e28227e81886d27e0736588f090289876c5195d34be8af3a9bdb,2019-05,Lancashire Constabulary,Lancashire Constabulary,-2.788259,53.551826,On or near Tanfields,E01025520,West Lancashire 010E,Other theft,Unable to prosecute suspect,
c6b3ee04ec898b11b646d5c77161218603fef0ce340b97f93c175cea0ee97b19,2019-05,Lancashire Constabulary,Lancashire Constabulary,-2.790353,53.551596,On or near Tarlswood,E01025520,West Lancashire 010E,Public order,Status update unavailable,
7030c45af3b7c9917dcd76c4981fa27a7a9cbd3f02607e06c1853a634db138e3,2019-05,Lancashire Constabulary,Lancashire Constabulary,-2.794781,53.552700,On or near Laurel Drive,E01025520,West Lancashire 010E,Violence and sexual offences,Status update unavailable,
a6b6c6a27ff40fc8a8278142c866cadbd441a15a60311f124ddc915e84199a92,2019-05,Lancashire Constabulary,Lancashire Constabulary,-2.788259,53.551826,On or near Tanfields,E01025520,West Lancashire 010E,Violence and sexual offences,Status update unavailable,
,2019-05,Lancashire Constabulary,Lancashire Constabulary,-2.787029,53.549003,On or near Windrows,E01025521,West Lancashire 010F,Anti-social behaviour,,
,2019-05,Lancashire Constabulary,Lancashire Constabulary,-2.782988,53.545964,On or near Petrol Station,E01025521,West Lancashire 010F,Anti-social behaviour,,
,2019-05,Lancashire Constabulary,Lancashire Constabulary,-2.783158,53.550259,On or near Yewdale,E01025521,West Lancashire 010F,Anti-social behaviour,,
,2019-05,Lancashire Constabulary,Lancashire Constabulary,-2.783158,53.550259,On or near Yewdale,E01025521,West Lancashire 010F,Anti-social behaviour,,
,2019-05,Lancashire Constabulary,Lancashire Constabulary,-2.784659,53.542429,On or near Gillibrands Road,E01025521,West Lancashire 010F,Anti-social behaviour,,
,2019-05,Lancashire Constabulary,Lancashire Constabulary,-2.791343,53.548048,On or near High Street,E01025521,West Lancashire 010F,Anti-social behaviour,,
,2019-05,Lancashire Constabulary,Lancashire Constabulary,-2.789071,53.549214,On or near Willow Hey,E01025521,West Lancashire 010F,Anti-social behaviour,,
,2019-05,Lancashire Constabulary,Lancashire Constabulary,-2.791343,53.548048,On or near High Street,E01025521,West Lancashire 010F,Anti-social behaviour,,
,2019-05,Lancashire Constabulary,Lancashire Constabulary,-2.783158,53.550259,On or near Yewdale,E01025521,West Lancashire 010F,Anti-social behaviour,,
,2019-05,Lancashire Constabulary,Lancashire Constabulary,-2.789071,53.549214,On or near Willow Hey,E01025521,West Lancashire 010F,Anti-social behaviour,,
70c857598108a723239d861284730854cbe12ce3b1b724fd51936095927527de,2019-05,Lancashire Constabulary,Lancashire Constabulary,-2.779766,53.543046,On or near Grimrod Place,E01025521,West Lancashire 010F,Burglary,Status update unavailable,
d5d1e6cc8b8c093b10559c7f973d93a0784b3410179811626d2e1cedcd445df8,2019-05,Lancashire Constabulary,Lancashire Constabulary,-2.789647,53.544491,On or near Greenhey Place,E01025521,West Lancashire 010F,Criminal damage and arson,Status update unavailable,
29fda31c0d39fae316582d91d6680afe62a58d1af2f209c4663bb0ec9a573832,2019-05,Lancashire Constabulary,Lancashire Constabulary,-2.782988,53.545964,On or near Petrol Station,E01025521,West Lancashire 010F,Other theft,Status update unavailable,
25664a615550c93ef79a186f4e637c185406d9b4f924c09cf31eae672b5bdbf5,2019-05,Lancashire Constabulary,Lancashire Constabulary,-2.782988,53.545964,On or near Petrol Station,E01025521,West Lancashire 010F,Other theft,Status update unavailable,
783cc4c56dc46c17c2fae729b745af640c3be5d2d84084a2da74395227eb9901,2019-05,Lancashire Constabulary,Lancashire Constabulary,-2.789647,53.544491,On or near Greenhey Place,E01025521,West Lancashire 010F,Other theft,Status update unavailable,
b3dc91b72aeda57f8574016007706af6bd11cb5b7836f467f1ba886792bd5330,2019-05,Lancashire Constabulary,Lancashire Constabulary,-2.782988,53.545964,On or near Petrol Station,E01025521,West Lancashire 010F,Other theft,Status update unavailable,
b64073ad01d44568c92de28481586dd677c18d44881ea43b5d257841a5616d33,2019-05,Lancashire Constabulary,Lancashire Constabulary,-2.782988,53.545964,On or near Petrol Station,E01025521,West Lancashire 010F,Other theft,Status update unavailable,
25c9666f167b208bd9b973fd1ee2b9b808ca1d09bc450d72df5acfddc0b72e05,2019-05,Lancashire Constabulary,Lancashire Constabulary,-2.780750,53.544864,On or near Glebe Road,E01025521,West Lancashire 010F,Public order,Local resolution,
677751cd426e9fccf33ff159e3c253e5b2ab86cbb71e10f68d8db34b958fba12,2019-05,Lancashire Constabulary,Lancashire Constabulary,-2.789071,53.549214,On or near Willow Hey,E01025521,West Lancashire 010F,Public order,Unable to prosecute suspect,
32ff9f78c68201f73a690b8d8be98d43e58467cf3e1c3278a25f8e8a3755c5b3,2019-05,Lancashire Constabulary,Lancashire Constabulary,-2.782988,53.545964,On or near Petrol Station,E01025521,West Lancashire 010F,Shoplifting,Status update unavailable,
ae9b21755c3d00c03cc25383a6b6ff20476ac16bdf08ee80c9559e1f66bb7a0f,2019-05,Lancashire Constabulary,Lancashire Constabulary,-2.780750,53.544864,On or near Glebe Road,E01025521,West Lancashire 010F,Vehicle crime,Status update unavailable,
50e16c971274989300d98b1385a45875fa7a4d74349518f72f87e0587316406e,2019-05,Lancashire Constabulary,Lancashire Constabulary,-2.780750,53.544864,On or near Glebe Road,E01025521,West Lancashire 010F,Vehicle crime,Status update unavailable,
6857801d790ced944eb5f19c12cec74c5c74b46051b60b1e56acf45d31822218,2019-05,Lancashire Constabulary,Lancashire Constabulary,-2.789071,53.549214,On or near Willow Hey,E01025521,West Lancashire 010F,Vehicle crime,Status update unavailable,
3d948c62d3daba1555474adac5b7dbe92836c6f729985b42e99a247b4c03d6f3,2019-05,Lancashire Constabulary,Lancashire Constabulary,-2.785446,53.549067,On or near Glenburn Road,E01025521,West Lancashire 010F,Vehicle crime,Status update unavailable,
34178817ef691419dba686dbecffb6ce0060b1e72a07a31f9050742c2cfd8a3f,2019-05,Lancashire Constabulary,Lancashire Constabulary,-2.783158,53.550259,On or near Yewdale,E01025521,West Lancashire 010F,Violence and sexual offences,Unable to prosecute suspect,
c6beb8ad8e89deb57a417d6ac0de1fe0af793d4471fb1f0a309ef33526d9dc34,2019-05,Lancashire Constabulary,Lancashire Constabulary,-2.783158,53.550259,On or near Yewdale,E01025521,West Lancashire 010F,Violence and sexual offences,Unable to prosecute suspect,
862ec9c501e2e11fa7a3b940b178ca5427501940b0bf4677fd494e573f781794,2019-05,Lancashire Constabulary,Lancashire Constabulary,-2.789071,53.549214,On or near Willow Hey,E01025521,West Lancashire 010F,Violence and sexual offences,Unable to prosecute suspect,
a5f6b06f5ac363636dd45b740a1a8dcd4512d65d70c3cb1fbdd1f1fde33f7a7a,2019-05,Lancashire Constabulary,Lancashire Constabulary,-2.783158,53.550259,On or near Yewdale,E01025521,West Lancashire 010F,Violence and sexual offences,Unable to prosecute suspect,
b4070bb4342f4f7575d786485e1be4e086514c121ad8dcba19f20480d861a615,2019-05,Lancashire Constabulary,Lancashire Constabulary,-2.783158,53.550259,On or near Yewdale,E01025521,West Lancashire 010F,Violence and sexual offences,Awaiting court outcome,
80e0192b4c51a7b46c51a4856089514f5423035ec4d21bbda1909fc0db35756d,2019-05,Lancashire Constabulary,Lancashire Constabulary,-2.789071,53.549214,On or near Willow Hey,E01025521,West Lancashire 010F,Violence and sexual offences,Status update unavailable,
0ccf8440895f08a7874d90a3ddceefa0c3a22b8cee759d64c982e165e10251d1,2019-05,Lancashire Constabulary,Lancashire Constabulary,-2.787029,53.549003,On or near Windrows,E01025521,West Lancashire 010F,Violence and sexual offences,Unable to prosecute suspect,
3918f2ec1ba29eb5e3561ede9bf0bda4b1756855c716c3695fb42a78a424290b,2019-05,Lancashire Constabulary,Lancashire Constabulary,-2.784659,53.542429,On or near Gillibrands Road,E01025521,West Lancashire 010F,Other crime,Awaiting court outcome,
,2019-05,Lancashire Constabulary,Lancashire Constabulary,-2.803608,53.546951,On or near Westgate,E01025523,West Lancashire 011A,Anti-social behaviour,,
,2019-05,Lancashire Constabulary,Lancashire Constabulary,-2.811102,53.545039,On or near Liverpool Road,E01025523,West Lancashire 011A,Anti-social behaviour,,
,2019-05,Lancashire Constabulary,Lancashire Constabulary,-2.799832,53.546796,On or near Wallcroft Street,E01025523,West Lancashire 011A,Anti-social behaviour,,
,2019-05,Lancashire Constabulary,Lancashire Constabulary,-2.800440,53.547026,On or near Jubilee Drive,E01025523,West Lancashire 011A,Anti-social behaviour,,
fa1580d1b6e1b51c5789bafdf289920b59d7e0455ff6fb6c800a0f6bedca9cf9,2019-05,Lancashire Constabulary,Lancashire Constabulary,-2.807624,53.545468,On or near Swift'S Fold,E01025523,West Lancashire 011A,Criminal damage and arson,Unable to prosecute suspect,
bfe77ed8063127dfc4b4c53b86829fa5562b63bac744a34d729ee106a2cac5be,2019-05,Lancashire Constabulary,Lancashire Constabulary,-2.798604,53.544926,On or near Gladden Place,E01025523,West Lancashire 011A,Other theft,Status update unavailable,
7027f66af344ab82cf2def31dd58da331d28fbae6fb8ec9393702ac1abeb85f6,2019-05,Lancashire Constabulary,Lancashire Constabulary,-2.805968,53.544876,On or near Old Town Close,E01025523,West Lancashire 011A,Violence and sexual offences,Unable to prosecute suspect,
9f0729cab3517bda74c2fd4c28e831bb3785d735a499fa3668e100d5491c8c82,2019-05,Lancashire Constabulary,Lancashire Constabulary,-2.811102,53.545039,On or near Liverpool Road,E01025523,West Lancashire 011A,Violence and sexual offences,Status update unavailable,
282e3c39f1201d46ca139a168b148e854952677b055515627e7dbe25749cfd7f,2019-05,Lancashire Constabulary,Lancashire Constabulary,-2.806259,53.546699,On or near Liverpool Road,E01025523,West Lancashire 011A,Violence and sexual offences,Unable to prosecute suspect,
,2019-05,Lancashire Constabulary,Lancashire Constabulary,-2.800363,53.550954,On or near Cambridge Road,E01025524,West Lancashire 011B,Anti-social behaviour,,
,2019-05,Lancashire Constabulary,Lancashire Constabulary,-2.799493,53.550466,On or near Lilac Grove,E01025524,West Lancashire 011B,Anti-social behaviour,,
,2019-05,Lancashire Constabulary,Lancashire Constabulary,-2.801730,53.548213,On or near Waverley,E01025524,West Lancashire 011B,Anti-social behaviour,,
,2019-05,Lancashire Constabulary,Lancashire Constabulary,-2.795958,53.548683,On or near Hawthorn Crescent,E01025524,West Lancashire 011B,Anti-social behaviour,,
4b488ea5c34a94a11cd3a874bf3e3c1f18ac110fe7b93d35458591b51fd2f218,2019-05,Lancashire Constabulary,Lancashire Constabulary,-2.804422,53.548491,On or near Parking Area,E01025524,West Lancashire 011B,Burglary,Status update unavailable,
ba0465d7db3e836e388849d9eddf42c0200886dd74cd3c58a3dc6d3e32ce7fb3,2019-05,Lancashire Constabulary,Lancashire Constabulary,-2.799493,53.550466,On or near Lilac Grove,E01025524,West Lancashire 011B,Public order,Unable to prosecute suspect,
d0c17b4d0949648cfc40639aa7ce8a0507f4d923bebcf3c150cb58902afa7234,2019-05,Lancashire Constabulary,Lancashire Constabulary,-2.799493,53.550466,On or near Lilac Grove,E01025524,West Lancashire 011B,Public order,Further investigation is not in the public interest,
41f3150e4e146fe37d4642e60432f13f45e63df1d81fb381262c61337a76a6df,2019-05,Lancashire Constabulary,Lancashire Constabulary,-2.804422,53.548491,On or near Parking Area,E01025524,West Lancashire 011B,Vehicle crime,Status update unavailable,
6f347f98c5fc4f3f215a192f5de1e06a426574c6fac7d88e94376282048e88bd,2019-05,Lancashire Constabulary,Lancashire Constabulary,-2.801730,53.548213,On or near Waverley,E01025524,West Lancashire 011B,Violence and sexual offences,Unable to prosecute suspect,
e47adc8e99e0aab78a2d37a358886682cdf5346dc7c8ca643b169eb15d3d11b2,2019-05,Lancashire Constabulary,Lancashire Constabulary,-2.795958,53.548683,On or near Hawthorn Crescent,E01025524,West Lancashire 011B,Violence and sexual offences,Unable to prosecute suspect,
9c9dca6b74139cbd5a0f0ace28b6286ff95ce6cdb081c1996e4738510067cb20,2019-05,Lancashire Constabulary,Lancashire Constabulary,-2.801730,53.548213,On or near Waverley,E01025524,West Lancashire 011B,Violence and sexual offences,Status update unavailable,
4a8e775b6a30f0dc1a32dc4b08ee4bcc3243bcbaf45fe717d346c2a8dd0278e1,2019-05,Lancashire Constabulary,Lancashire Constabulary,-2.803604,53.550744,On or near Sherrat Street,E01025524,West Lancashire 011B,Violence and sexual offences,Unable to prosecute suspect,
ca574a858818e735b6952138304ff3ed6572810f73235f37aa3e2bc44c30a546,2019-05,Lancashire Constabulary,Lancashire Constabulary,-2.797389,53.553338,On or near Palm Court,E01025525,West Lancashire 011C,Burglary,Status update unavailable,
be8711edd8477514d5ef86bf35a0374c8d676957792cfb74cc6ac54e5a218f00,2019-05,Lancashire Constabulary,Lancashire Constabulary,-2.800938,53.552658,On or near Tongbarn,E01025525,West Lancashire 011C,Other theft,Status update unavailable,
5a7b076725d466869c71c62a1acf01a9c7fae8c1f2e609001c3ee5561f37902b,2019-05,Lancashire Constabulary,Lancashire Constabulary,-2.805295,53.554732,On or near Neverstitch Road,E01025525,West Lancashire 011C,Possession of weapons,Status update unavailable,
a3151a9bf55812b313b39879fb10ac222e22198bef1e4fb4b27b24ea7dbf15e2,2019-05,Lancashire Constabulary,Lancashire Constabulary,-2.805295,53.554732,On or near Neverstitch Road,E01025525,West Lancashire 011C,Possession of weapons,Status update unavailable,
12da51d9e4f4f7a678f8e51c1f704eaac8ad566620218f4e98cef894c50b2176,2019-05,Lancashire Constabulary,Lancashire Constabulary,-2.797825,53.550828,On or near Elm Grove,E01025525,West Lancashire 011C,Violence and sexual offences,Unable to prosecute suspect,
,2019-05,Lancashire Constabulary,Lancashire Constabulary,-2.806410,53.552253,On or near Stafford Street,E01025526,West Lancashire 011D,Anti-social behaviour,,
,2019-05,Lancashire Constabulary,Lancashire Constabulary,-2.805176,53.547677,On or near West Park Close,E01025526,West Lancashire 011D,Anti-social behaviour,,
,2019-05,Lancashire Constabulary,Lancashire Constabulary,-2.806410,53.552253,On or near Stafford Street,E01025526,West Lancashire 011D,Anti-social behaviour,,
,2019-05,Lancashire Constabulary,Lancashire Constabulary,-2.806822,53.550902,On or near Witham Road,E01025526,West Lancashire 011D,Anti-social behaviour,,
8ad1360f69ef3c7a93c69c4e22a33243a45a0615b1b274d8c367806eb54f817c,2019-05,Lancashire Constabulary,Lancashire Constabulary,-2.811146,53.550486,On or near Taylor Street,E01025526,West Lancashire 011D,Burglary,Status update unavailable,
4c64c4d965886ad08b7f53ab22f74c24321652b3dd22b865a5639f45ea8b897b,2019-05,Lancashire Constabulary,Lancashire Constabulary,-2.808822,53.550529,On or near Petrol Station,E01025526,West Lancashire 011D,Other theft,Status update unavailable,
eecd87af5ef52a5e0c54228b5a036667cdeda9750ed9c30027b8f64623e473fb,2019-05,Lancashire Constabulary,Lancashire Constabulary,-2.808822,53.550529,On or near Petrol Station,E01025526,West Lancashire 011D,Other theft,Status update unavailable,
5119a2ccf2214bf361903f65fa9d8821d7960ce17b6aaa540898d3eba6d56b56,2019-05,Lancashire Constabulary,Lancashire Constabulary,-2.808822,53.550529,On or near Petrol Station,E01025526,West Lancashire 011D,Other theft,Status update unavailable,
b7d4d98a6e9e86066f5b25c5fc9d300305b387b48cf28eeb6bd847ac80765abb,2019-05,Lancashire Constabulary,Lancashire Constabulary,-2.808822,53.550529,On or near Petrol Station,E01025526,West Lancashire 011D,Possession of weapons,Local resolution,
83c817cd195bef9bc928a338393c948ac0f3066adbcf8d082be3064e1f149b7a,2019-05,Lancashire Constabulary,Lancashire Constabulary,-2.805637,53.551315,On or near Marchbank Road,E01025526,West Lancashire 011D,Public order,Status update unavailable,
0050c52630db71f4c1f4cc62c167ea0860dfdab59f7111b624a2353fc841f113,2019-05,Lancashire Constabulary,Lancashire Constabulary,-2.804834,53.548731,On or near Supermarket,E01025526,West Lancashire 011D,Shoplifting,Status update unavailable,
cac4e0a2c943d35b28e773f4a4de961cabc5b5ae6439da1318959dfba864b489,2019-05,Lancashire Constabulary,Lancashire Constabulary,-2.804834,53.548731,On or near Supermarket,E01025526,West Lancashire 011D,Shoplifting,Awaiting court outcome,
5c7696dd80f48b2df2e8ab63f1312cda46f5d41ff8f808e81725aae510fe64bc,2019-05,Lancashire Constabulary,Lancashire Constabulary,-2.805176,53.547677,On or near West Park Close,E01025526,West Lancashire 011D,Violence and sexual offences,Unable to prosecute suspect,
ae1139e9fbb8f7a2563826705ab17335a552527b7cacaa138f0ab976a8f59567,2019-05,Lancashire Constabulary,Lancashire Constabulary,-2.804834,53.548731,On or near Supermarket,E01025526,West Lancashire 011D,Violence and sexual offences,Unable to prosecute suspect,
49ad0d88f71fea566d1a7e2f64911dddb6082c9bef14b93bfc6695a6f12776a4,2019-05,Lancashire Constabulary,Lancashire Constabulary,-2.905284,53.545505,On or near Granville Park,E01025472,West Lancashire 012A,Criminal damage and arson,Status update unavailable,
8c91b0d5fa79599bec2d7b841129317243274a1cfa68c977ae3cfa34b683b607,2019-05,Lancashire Constabulary,Lancashire Constabulary,-2.905284,53.545505,On or near Granville Park,E01025472,West Lancashire 012A,Vehicle crime,Status update unavailable,
99ddf1faa43fa924201371e0b49fc847af02771c44074cfb6a39a01ae19df34c,2019-05,Lancashire Constabulary,Lancashire Constabulary,-2.896699,53.543466,On or near The Serpentine,E01025472,West Lancashire 012A,Violence and sexual offences,Status update unavailable,
,2019-05,Lancashire Constabulary,Lancashire Constabulary,-2.904260,53.542106,On or near Middlewood Road,E01025473,West Lancashire 012B,Anti-social behaviour,,
,2019-05,Lancashire Constabulary,Lancashire Constabulary,-2.904260,53.542106,On or near Middlewood Road,E01025473,West Lancashire 012B,Anti-social behaviour,,
893e406f874be6a6d893b31a1fffd8b4cd34c1f605422a2054c2aee24c6b8b6e,2019-05,Lancashire Constabulary,Lancashire Constabulary,-2.903085,53.541477,On or near Middlewood Drive,E01025473,West Lancashire 012B,Public order,Status update unavailable,
f5ca8a8ce9f13916c95564ad5193e1a83cdd6d56c1a51cb885a5f9862a7bf1cf,2019-05,Lancashire Constabulary,Lancashire Constabulary,-2.906468,53.538790,On or near Sports/Recreation Area,E01025473,West Lancashire 012B,Vehicle crime,Status update unavailable,
34fd026eb94568582e5c98ba0d32f109d11c8117441bd561297bda67027d1110,2019-05,Lancashire Constabulary,Lancashire Constabulary,-2.925555,53.534599,On or near Springfield Road,E01025473,West Lancashire 012B,Violence and sexual offences,Status update unavailable,
,2019-05,Lancashire Constabulary,Lancashire Constabulary,-2.906689,53.543454,On or near Parking Area,E01025475,West Lancashire 012C,Anti-social behaviour,,
,2019-05,Lancashire Constabulary,Lancashire Constabulary,-2.905759,53.550823,On or near Moss Delph Lane,E01025475,West Lancashire 012C,Anti-social behaviour,,
caff30a9f7fb6fcb66d1244752d60f16c496ef8c39167ac45787440a26dc4952,2019-05,Lancashire Constabulary,Lancashire Constabulary,-2.906689,53.543454,On or near Parking Area,E01025475,West Lancashire 012C,Criminal damage and arson,Status update unavailable,
2b1cfe5fdf217233be5c732f0e01733036a3f6f991215c3eaa4558585b35eb8a,2019-05,Lancashire Constabulary,Lancashire Constabulary,-2.906689,53.543454,On or near Parking Area,E01025475,West Lancashire 012C,Other theft,Status update unavailable,
b426c836b168a1f86e6cce8a73d424c807f4aaacfb3a0a8ed198e6af430952c3,2019-05,Lancashire Constabulary,Lancashire Constabulary,-2.906689,53.543454,On or near Parking Area,E01025475,West Lancashire 012C,Shoplifting,Status update unavailable,
c1c30275b7b9bcdf3d00a2281ba5636c4a4ae9d57408e5e0e61d03d9b7b4b00f,2019-05,Lancashire Constabulary,Lancashire Constabulary,-2.906689,53.543454,On or near Parking Area,E01025475,West Lancashire 012C,Shoplifting,Status update unavailable,
3915a1696f92e340b0183b54a3ca4dc0d4b05cbe350121fd77e6f7c848d30ca1,2019-05,Lancashire Constabulary,Lancashire Constabulary,-2.908766,53.551663,On or near Fernhurst Gate,E01025475,West Lancashire 012C,Violence and sexual offences,Unable to prosecute suspect,
ff186dec9c65c1229d250cd2a29c2bb05931e48b46a8215d299513f1270ccfd6,2019-05,Lancashire Constabulary,Lancashire Constabulary,-2.906689,53.543454,On or near Parking Area,E01025475,West Lancashire 012C,Violence and sexual offences,Status update unavailable,
,2019-05,Lancashire Constabulary,Lancashire Constabulary,-2.895108,53.553213,On or near Sandfield Park,E01025476,West Lancashire 012D,Anti-social behaviour,,
,2019-05,Lancashire Constabulary,Lancashire Constabulary,-2.894891,53.557215,On or near Red Sands,E01025476,West Lancashire 012D,Anti-social behaviour,,
9708f49a2dd2bac9860045dbcd2dd8df550c9c193cf22302c1641e83816bc801,2019-05,Lancashire Constabulary,Lancashire Constabulary,-2.898609,53.556719,On or near Butterfield Gardens,E01025476,West Lancashire 012D,Violence and sexual offences,Unable to prosecute suspect,
,2019-05,Lancashire Constabulary,Lancashire Constabulary,-2.902567,53.546928,On or near Haven Brow,E01025478,West Lancashire 012F,Anti-social behaviour,,
8c6dbbe3e15ba8c87313e33ecf061c029a840dc58d4b60350fbcd921c3bedf52,2019-05,Lancashire Constabulary,Lancashire Constabulary,-2.892720,53.548017,On or near Parr'S Lane,E01025478,West Lancashire 012F,Criminal damage and arson,Status update unavailable,
,2019-05,Lancashire Constabulary,Lancashire Constabulary,-2.768651,53.546803,On or near Eskbank,E01025492,West Lancashire 013A,Anti-social behaviour,,
,2019-05,Lancashire Constabulary,Lancashire Constabulary,-2.769472,53.543769,On or near Hurlston Avenue,E01025492,West Lancashire 013A,Anti-social behaviour,,
09def052c7b5a26a3776d31c7451faf8c630d430e524c26c3003eddc9ad1b084,2019-05,Lancashire Constabulary,Lancashire Constabulary,-2.768651,53.546803,On or near Eskbank,E01025492,West Lancashire 013A,Burglary,Status update unavailable,
0496aba98b11ecba0a996d09cfc02725bb123f9dcaa051de801bd9afc4f5f221,2019-05,Lancashire Constabulary,Lancashire Constabulary,-2.768651,53.546803,On or near Eskbank,E01025492,West Lancashire 013A,Burglary,Status update unavailable,
5b7025176ed5e2c53e001b56480789bbc0205eb6ccb6f1f0b9a87208386c26cc,2019-05,Lancashire Constabulary,Lancashire Constabulary,-2.772318,53.542618,On or near Ambergate,E01025492,West Lancashire 013A,Criminal damage and arson,Status update unavailable,
c5feb2004cad4045217fae04bc7f122b0e538c876b221b086ad88a0ad9e13608,2019-05,Lancashire Constabulary,Lancashire Constabulary,-2.766622,53.545585,On or near Tanhouse Road,E01025492,West Lancashire 013A,Criminal damage and arson,Status update unavailable,
64fdedaf0152ff0dd1a5160970aef06894c92261ea49dd68dd495a443c60e4d4,2019-05,Lancashire Constabulary,Lancashire Constabulary,-2.768715,53.543657,On or near Scarth Park,E01025492,West Lancashire 013A,Violence and sexual offences,Unable to prosecute suspect,
431ae4f36803e504c5cc646818313b6d4844eb997001577dca25b183e6e27396,2019-05,Lancashire Constabulary,Lancashire Constabulary,-2.772318,53.542618,On or near Ambergate,E01025492,West Lancashire 013A,Violence and sexual offences,Unable to prosecute suspect,
ea0924cac08af876bf5f73f5cc043aa208dd8e814cec1ba2264f86bf2650247a,2019-05,Lancashire Constabulary,Lancashire Constabulary,-2.768651,53.546803,On or near Eskbank,E01025492,West Lancashire 013A,Violence and sexual offences,Unable to prosecute suspect,
ba593e58a13255e5859b9f2297d298d4fa467c3425fe161862c5dc8e81c2c496,2019-05,Lancashire Constabulary,Lancashire Constabulary,-2.772318,53.542618,On or near Ambergate,E01025492,West Lancashire 013A,Violence and sexual offences,Unable to prosecute suspect,
d1f7ec3c5a01f9ee6ef035ca563c92c1933bdd13769ee310e17dfba966137854,2019-05,Lancashire Constabulary,Lancashire Constabulary,-2.772218,53.543742,On or near Hillcrest,E01025492,West Lancashire 013A,Violence and sexual offences,Status update unavailable,
8785a3efc311d7124ad87db192a01d895765831546eba5ea5af2ea9a154c36d7,2019-05,Lancashire Constabulary,Lancashire Constabulary,-2.769922,53.543613,On or near Crossfield Road,E01025492,West Lancashire 013A,Violence and sexual offences,Status update unavailable,
,2019-05,Lancashire Constabulary,Lancashire Constabulary,-2.764588,53.547458,On or near Elswick,E01025527,West Lancashire 013B,Anti-social behaviour,,
,2019-05,Lancashire Constabulary,Lancashire Constabulary,-2.764588,53.547458,On or near Elswick,E01025527,West Lancashire 013B,Anti-social behaviour,,
,2019-05,Lancashire Constabulary,Lancashire Constabulary,-2.764588,53.547458,On or near Elswick,E01025527,West Lancashire 013B,Anti-social behaviour,,
,2019-05,Lancashire Constabulary,Lancashire Constabulary,-2.764588,53.547458,On or near Elswick,E01025527,West Lancashire 013B,Anti-social behaviour,,
,2019-05,Lancashire Constabulary,Lancashire Constabulary,-2.764588,53.547458,On or near Elswick,E01025527,West Lancashire 013B,Anti-social behaviour,,
,2019-05,Lancashire Constabulary,Lancashire Constabulary,-2.764588,53.547458,On or near Elswick,E01025527,West Lancashire 013B,Anti-social behaviour,,
,2019-05,Lancashire Constabulary,Lancashire Constabulary,-2.764588,53.547458,On or near Elswick,E01025527,West Lancashire 013B,Anti-social behaviour,,
757ec0778f618ed5c904930a6036a8ec1d3f44426c85b5e9373b81ef6b253927,2019-05,Lancashire Constabulary,Lancashire Constabulary,-2.764588,53.547458,On or near Elswick,E01025527,West Lancashire 013B,Burglary,Status update unavailable,
b3fd9735a9d12c00b0da26dba7bfb7806273eb1f985bea47601450d4d0e34189,2019-05,Lancashire Constabulary,Lancashire Constabulary,-2.771812,53.547178,On or near Eskdale,E01025527,West Lancashire 013B,Burglary,Status update unavailable,
c26b66f90c91ab6b15845c0021832c27309ca7767708247a5660d2839063320d,2019-05,Lancashire Constabulary,Lancashire Constabulary,-2.771812,53.547178,On or near Eskdale,E01025527,West Lancashire 013B,Criminal damage and arson,Further investigation is not in the public interest,
a6b9d83cdc0292b5d52b8eb972f8ba887c4109083e245c8783b5111647a9e410,2019-05,Lancashire Constabulary,Lancashire Constabulary,-2.771812,53.547178,On or near Eskdale,E01025527,West Lancashire 013B,Criminal damage and arson,Status update unavailable,
c97fd793774c7106d889ce4d53b43a3ac565989e50cbf76455a25bdd1729c49a,2019-05,Lancashire Constabulary,Lancashire Constabulary,-2.764218,53.545321,On or near Tawd Road,E01025527,West Lancashire 013B,Public order,Unable to prosecute suspect,
332a24f4ad0c2ea3220419edae89b85b6401c311243ec938586a989e3abaf633,2019-05,Lancashire Constabulary,Lancashire Constabulary,-2.764588,53.547458,On or near Elswick,E01025527,West Lancashire 013B,Public order,Status update unavailable,
70da709d39d27a70422efbe0cc403352cd56d091f985a59e711d2aa04e6a7a74,2019-05,Lancashire Constabulary,Lancashire Constabulary,-2.764218,53.545321,On or near Tawd Road,E01025527,West Lancashire 013B,Violence and sexual offences,Awaiting court outcome,
53b9b1b84f78bcb51d1765c6efbf004ebd7e1e8427db9a7c59ea2eb9532f959e,2019-05,Lancashire Constabulary,Lancashire Constabulary,-2.762974,53.547478,On or near Elmstead,E01025527,West Lancashire 013B,Violence and sexual offences,Unable to prosecute suspect,
23174a5a02362be0267df892772cb0b3d3e9fc1841a1330e8c95991d329aaed1,2019-05,Lancashire Constabulary,Lancashire Constabulary,-2.764218,53.545321,On or near Tawd Road,E01025527,West Lancashire 013B,Violence and sexual offences,Unable to prosecute suspect,
16558033f38200afb67eb0718d7b34c1abbabae6f9acc84acd88733524e6c848,2019-05,Lancashire Constabulary,Lancashire Constabulary,-2.763302,53.544734,On or near Grimshaw Road,E01025527,West Lancashire 013B,Violence and sexual offences,Status update unavailable,
0583be3d02e22111c4ae594194e1adcfbc073b626a83f23d286b0a0c5b15f2cf,2019-05,Lancashire Constabulary,Lancashire Constabulary,-2.771812,53.547178,On or near Eskdale,E01025527,West Lancashire 013B,Violence and sexual offences,Awaiting court outcome,
a010eeb64c24842c208849c40b54154893a35acc5125ba6fd217abc02dc91071,2019-05,Lancashire Constabulary,Lancashire Constabulary,-2.764218,53.545321,On or near Tawd Road,E01025527,West Lancashire 013B,Violence and sexual offences,Status update unavailable,
90c0331a4517f8482e7e64fbe0e99fdd789c9491caa99688c410e8c7fee7146f,2019-05,Lancashire Constabulary,Lancashire Constabulary,-2.762974,53.547478,On or near Elmstead,E01025527,West Lancashire 013B,Other crime,Action to be taken by another organisation,
,2019-05,Lancashire Constabulary,Lancashire Constabulary,-2.757937,53.548552,On or near Enstone,E01025528,West Lancashire 013C,Anti-social behaviour,,
,2019-05,Lancashire Constabulary,Lancashire Constabulary,-2.753019,53.544413,On or near Wellington Close,E01025528,West Lancashire 013C,Anti-social behaviour,,
,2019-05,Lancashire Constabulary,Lancashire Constabulary,-2.753019,53.544413,On or near Wellington Close,E01025528,West Lancashire 013C,Anti-social behaviour,,
,2019-05,Lancashire Constabulary,Lancashire Constabulary,-2.757937,53.548552,On or near Enstone,E01025528,West Lancashire 013C,Anti-social behaviour,,
,2019-05,Lancashire Constabulary,Lancashire Constabulary,-2.757937,53.548552,On or near Enstone,E01025528,West Lancashire 013C,Anti-social behaviour,,
,2019-05,Lancashire Constabulary,Lancashire Constabulary,-2.753946,53.543966,On or near Hansby Close,E01025528,West Lancashire 013C,Anti-social behaviour,,
,2019-05,Lancashire Constabulary,Lancashire Constabulary,-2.753019,53.544413,On or near Wellington Close,E01025528,West Lancashire 013C,Anti-social behaviour,,
df86d481b5b75d779746bfbe92d2a835a12e5aff4cf57af2bdc47909cc07d2f9,2019-05,Lancashire Constabulary,Lancashire Constabulary,-2.757730,53.547089,On or near Ennerdale,E01025528,West Lancashire 013C,Burglary,Unable to prosecute suspect,
5973d121d1b7be5a8402032570de2cf507a207f47a3bc37d6796b232763c656b,2019-05,Lancashire Constabulary,Lancashire Constabulary,-2.757937,53.548552,On or near Enstone,E01025528,West Lancashire 013C,Criminal damage and arson,Status update unavailable,
7f7214029b015924632190e52951ff62fa4a523a079275906db239deaad355f0,2019-05,Lancashire Constabulary,Lancashire Constabulary,-2.757937,53.548552,On or near Enstone,E01025528,West Lancashire 013C,Criminal damage and arson,Unable to prosecute suspect,
92a5c5e5a7f1a5d185799124176909a5c30b20d6f3b43ef6add6279e7b1b7b51,2019-05,Lancashire Constabulary,Lancashire Constabulary,-2.757499,53.545157,On or near Egerton,E01025528,West Lancashire 013C,Other theft,Status update unavailable,
57e474b91675c3753facb78f49ca99259adc73a6cfba5f4e22eb4b56ee067d0c,2019-05,Lancashire Constabulary,Lancashire Constabulary,-2.761346,53.547578,On or near Elmridge,E01025528,West Lancashire 013C,Other theft,Status update unavailable,
52c57f811c80b1ac467f817a60c6f35fc432d2e20b4a82fde1ae8c0041e8fdb6,2019-05,Lancashire Constabulary,Lancashire Constabulary,-2.757937,53.548552,On or near Enstone,E01025528,West Lancashire 013C,Public order,Unable to prosecute suspect,
5b02c7f339ed85d7b13b60c0f64a18b3cd3a5e396d320c25223a2019a9773a94,2019-05,Lancashire Constabulary,Lancashire Constabulary,-2.757937,53.548552,On or near Enstone,E01025528,West Lancashire 013C,Violence and sexual offences,Awaiting court outcome,
b01ef4ccc192657d328bcbddda1ab16d7c7e14a10503c9fcd98de78ff02b417f,2019-05,Lancashire Constabulary,Lancashire Constabulary,-2.761346,53.547578,On or near Elmridge,E01025528,West Lancashire 013C,Violence and sexual offences,Status update unavailable,
4d7f5cfce5feb91c3319ffa42fc9f73ca4dffa4d8cb82e6bc55ecb0c4e393338,2019-05,Lancashire Constabulary,Lancashire Constabulary,-2.757937,53.548552,On or near Enstone,E01025528,West Lancashire 013C,Violence and sexual offences,Unable to prosecute suspect,
ce8445c1b6cbe4702efe1b6aec9f34b18fa7b730ee89f0b2f76a4879907b969c,2019-05,Lancashire Constabulary,Lancashire Constabulary,-2.761346,53.547578,On or near Elmridge,E01025528,West Lancashire 013C,Violence and sexual offences,Status update unavailable,
60e48d05d73e36b1532c16fc3b472874d0c5b6dacf945ce5fbfd437d87ab75f1,2019-05,Lancashire Constabulary,Lancashire Constabulary,-2.757730,53.547089,On or near Ennerdale,E01025528,West Lancashire 013C,Violence and sexual offences,Unable to prosecute suspect,
c6755a55e0ecec2513f2a8cb9a91442d04bad3d11890bfe0db3c11cc2eb9fcd5,2019-05,Lancashire Constabulary,Lancashire Constabulary,-2.757499,53.545157,On or near Egerton,E01025528,West Lancashire 013C,Violence and sexual offences,Unable to prosecute suspect,
5872c915dc51b8372b63933a03a4cb8a7e52c4b60cd73d6ac0a80c671f750282,2019-05,Lancashire Constabulary,Lancashire Constabulary,-2.757730,53.547089,On or near Ennerdale,E01025528,West Lancashire 013C,Violence and sexual offences,Unable to prosecute suspect,
2a44a9c39d57450be083f9a36b9b088c64e55f40106ac5085183b65267ca10e2,2019-05,Lancashire Constabulary,Lancashire Constabulary,-2.749905,53.544136,On or near Harrier Drive,E01025528,West Lancashire 013C,Violence and sexual offences,Status update unavailable,
443858083ca3d3a03725285a9efde897236a7bb423b423a5ff33dec9c97c3da1,2019-05,Lancashire Constabulary,Lancashire Constabulary,-2.757730,53.547089,On or near Ennerdale,E01025528,West Lancashire 013C,Violence and sexual offences,Status update unavailable,
ea435f0271e05c40b6b62ef0a15c918951bd70ea4e643758415dae3fe6ce740c,2019-05,Lancashire Constabulary,Lancashire Constabulary,-2.757937,53.548552,On or near Enstone,E01025528,West Lancashire 013C,Violence and sexual offences,Investigation complete; no suspect identified,
,2019-05,Lancashire Constabulary,Lancashire Constabulary,-2.763111,53.550074,On or near Evenwood,E01025529,West Lancashire 013D,Anti-social behaviour,,
,2019-05,Lancashire Constabulary,Lancashire Constabulary,-2.752379,53.548336,On or near Edenhurst,E01025529,West Lancashire 013D,Anti-social behaviour,,
,2019-05,Lancashire Constabulary,Lancashire Constabulary,-2.755729,53.547443,On or near Tanhouse Road,E01025529,West Lancashire 013D,Anti-social behaviour,,
,2019-05,Lancashire Constabulary,Lancashire Constabulary,-2.746099,53.555997,On or near Beacon Lane,E01025529,West Lancashire 013D,Anti-social behaviour,,
,2019-05,Lancashire Constabulary,Lancashire Constabulary,-2.752379,53.548336,On or near Edenhurst,E01025529,West Lancashire 013D,Anti-social behaviour,,
,2019-05,Lancashire Constabulary,Lancashire Constabulary,-2.754407,53.547811,On or near Eavesdale,E01025529,West Lancashire 013D,Anti-social behaviour,,
,2019-05,Lancashire Constabulary,Lancashire Constabulary,-2.754959,53.549155,On or near Earlswood,E01025529,West Lancashire 013D,Anti-social behaviour,,
,2019-05,Lancashire Constabulary,Lancashire Constabulary,-2.761620,53.550273,On or near Eversley,E01025529,West Lancashire 013D,Anti-social behaviour,,
,2019-05,Lancashire Constabulary,Lancashire Constabulary,-2.755028,53.553029,On or near Sports/Recreation Area,E01025529,West Lancashire 013D,Anti-social behaviour,,
,2019-05,Lancashire Constabulary,Lancashire Constabulary,-2.755028,53.553029,On or near Sports/Recreation Area,E01025529,West Lancashire 013D,Anti-social behaviour,,
,2019-05,Lancashire Constabulary,Lancashire Constabulary,-2.754959,53.549155,On or near Earlswood,E01025529,West Lancashire 013D,Anti-social behaviour,,
,2019-05,Lancashire Constabulary,Lancashire Constabulary,-2.756567,53.550422,On or near Eastleigh,E01025529,West Lancashire 013D,Anti-social behaviour,,
,2019-05,Lancashire Constabulary,Lancashire Constabulary,-2.754959,53.549155,On or near Earlswood,E01025529,West Lancashire 013D,Anti-social behaviour,,
,2019-05,Lancashire Constabulary,Lancashire Constabulary,-2.755729,53.547443,On or near Tanhouse Road,E01025529,West Lancashire 013D,Anti-social behaviour,,
,2019-05,Lancashire Constabulary,Lancashire Constabulary,-2.755729,53.547443,On or near Tanhouse Road,E01025529,West Lancashire 013D,Anti-social behaviour,,
,2019-05,Lancashire Constabulary,Lancashire Constabulary,-2.755729,53.547443,On or near Tanhouse Road,E01025529,West Lancashire 013D,Anti-social behaviour,,
,2019-05,Lancashire Constabulary,Lancashire Constabulary,-2.752379,53.548336,On or near Edenhurst,E01025529,West Lancashire 013D,Anti-social behaviour,,
,2019-05,Lancashire Constabulary,Lancashire Constabulary,-2.750980,53.546017,On or near Mercury Way,E01025529,West Lancashire 013D,Anti-social behaviour,,
,2019-05,Lancashire Constabulary,Lancashire Constabulary,-2.746099,53.555997,On or near Beacon Lane,E01025529,West Lancashire 013D,Anti-social behaviour,,
,2019-05,Lancashire Constabulary,Lancashire Constabulary,-2.761620,53.550273,On or near Eversley,E01025529,West Lancashire 013D,Anti-social behaviour,,
,2019-05,Lancashire Constabulary,Lancashire Constabulary,-2.755729,53.547443,On or near Tanhouse Road,E01025529,West Lancashire 013D,Anti-social behaviour,,
,2019-05,Lancashire Constabulary,Lancashire Constabulary,-2.754959,53.549155,On or near Earlswood,E01025529,West Lancashire 013D,Anti-social behaviour,,
,2019-05,Lancashire Constabulary,Lancashire Constabulary,-2.755729,53.547443,On or near Tanhouse Road,E01025529,West Lancashire 013D,Anti-social behaviour,,
68e7753700d3c5870b932424b965c652f65e55ee49ad0701833557972d3d606e,2019-05,Lancashire Constabulary,Lancashire Constabulary,-2.759029,53.551377,On or near Evington,E01025529,West Lancashire 013D,Drugs,Status update unavailable,
0545152d4397c9cb81ad1d5c207b2131c1be233429cd224ec7d8b62fe4796b21,2019-05,Lancashire Constabulary,Lancashire Constabulary,-2.752316,53.547347,On or near Hobberley Drive,E01025529,West Lancashire 013D,Other theft,Status update unavailable,
82461191d355c880307fea4692fe533be42635913fb58dedb3e77f43972de107,2019-05,Lancashire Constabulary,Lancashire Constabulary,-2.750980,53.546017,On or near Mercury Way,E01025529,West Lancashire 013D,Violence and sexual offences,Status update unavailable,
eb15b43b1c80e7234a08e67321f764a3a73a57560707546f763616954a566650,2019-05,Lancashire Constabulary,Lancashire Constabulary,-2.758103,53.551949,On or near Elmers Wood Road,E01025529,West Lancashire 013D,Violence and sexual offences,Status update unavailable,
9558932d3303606a09906912f33ac5c628bbad41d67128a653b53c3e3537b871,2019-05,Lancashire Constabulary,Lancashire Constabulary,-2.758103,53.551949,On or near Elmers Wood Road,E01025529,West Lancashire 013D,Violence and sexual offences,Action to be taken by another organisation,
,2019-05,Lancashire Constabulary,Lancashire Constabulary,-2.764979,53.539016,On or near Digmoor Road,E01025493,West Lancashire 014A,Anti-social behaviour,,
,2019-05,Lancashire Constabulary,Lancashire Constabulary,-2.760762,53.539465,On or near Sports/Recreation Area,E01025493,West Lancashire 014A,Anti-social behaviour,,
,2019-05,Lancashire Constabulary,Lancashire Constabulary,-2.760762,53.539465,On or near Sports/Recreation Area,E01025493,West Lancashire 014A,Anti-social behaviour,,
,2019-05,Lancashire Constabulary,Lancashire Constabulary,-2.765034,53.539537,On or near Pedestrian Subway,E01025493,West Lancashire 014A,Anti-social behaviour,,
3e51f676cf353dae1def875402a34a459e88ade2a4393700cb65d39d2a2887ed,2019-05,Lancashire Constabulary,Lancashire Constabulary,-2.760762,53.539465,On or near Sports/Recreation Area,E01025493,West Lancashire 014A,Burglary,Status update unavailable,
714355bcccae1d8d4a29922011e74cfc74e2ea7d7bde04e0e4abba76a1f34494,2019-05,Lancashire Constabulary,Lancashire Constabulary,-2.763660,53.542853,On or near Blythewood,E01025493,West Lancashire 014A,Burglary,Status update unavailable,
85f69cc8774b1b0c94c76bb48416d343835f461805d07971517050c1225297fe,2019-05,Lancashire Constabulary,Lancashire Constabulary,-2.765050,53.541280,On or near Banksbarn,E01025493,West Lancashire 014A,Other theft,Status update unavailable,
b1e6e056779a1b6e0afb4c95a952f63c66848b5822c537a77ee2cfca0b1121e5,2019-05,Lancashire Constabulary,Lancashire Constabulary,-2.765034,53.539537,On or near Pedestrian Subway,E01025493,West Lancashire 014A,Public order,Status update unavailable,
9a1b6ee02d2808b80f7a3f46099668d76dc4adad18b8759f3eab5e090ecf162a,2019-05,Lancashire Constabulary,Lancashire Constabulary,-2.766893,53.542203,On or near Pedestrian Subway,E01025493,West Lancashire 014A,Public order,Status update unavailable,
fe61ebfede5c8d9edd737b4f061f39709356b77ffa1a21f66b2d64145eb44ef8,2019-05,Lancashire Constabulary,Lancashire Constabulary,-2.765034,53.539537,On or near Pedestrian Subway,E01025493,West Lancashire 014A,Public order,Unable to prosecute suspect,
a232d5d5f7dd035c8c7c7c61885dc5bbc11893da79fc3301a626adf304cc3e86,2019-05,Lancashire Constabulary,Lancashire Constabulary,-2.760762,53.539465,On or near Sports/Recreation Area,E01025493,West Lancashire 014A,Public order,Unable to prosecute suspect,
3c893e4dce484709f3c188b186695f5a36a275fe0ad861b950eba0861628caac,2019-05,Lancashire Constabulary,Lancashire Constabulary,-2.763660,53.542853,On or near Blythewood,E01025493,West Lancashire 014A,Vehicle crime,Status update unavailable,
b17f56d9dea0f10cba004d30f0a826b29e5a02f94fbad889464d8b07bd444b4c,2019-05,Lancashire Constabulary,Lancashire Constabulary,-2.765050,53.541280,On or near Banksbarn,E01025493,West Lancashire 014A,Vehicle crime,Status update unavailable,
2df3af2cc3b7635510808c481e8f6cf9563a01064125f017c01cd043438db513,2019-05,Lancashire Constabulary,Lancashire Constabulary,-2.758398,53.542275,On or near Lynwood Close,E01025493,West Lancashire 014A,Violence and sexual offences,Awaiting court outcome,
73ac9b6ccb367ad2485a3f1e3d8bca8239a5a5a1b2af9f845932a6d55b80a8c3,2019-05,Lancashire Constabulary,Lancashire Constabulary,-2.766893,53.542203,On or near Pedestrian Subway,E01025493,West Lancashire 014A,Violence and sexual offences,Unable to prosecute suspect,
95693bbdfa736b4df4aef3a92340aac1b62cb701823d13f7b85ac06a810e737b,2019-05,Lancashire Constabulary,Lancashire Constabulary,-2.765050,53.541280,On or near Banksbarn,E01025493,West Lancashire 014A,Violence and sexual offences,Unable to prosecute suspect,
3ce266941bd56d381ddbdf256f803e49e74c1a3c5f839d8105d1a3b903cd3274,2019-05,Lancashire Constabulary,Lancashire Constabulary,-2.763660,53.542853,On or near Blythewood,E01025493,West Lancashire 014A,Violence and sexual offences,Investigation complete; no suspect identified,
3831375d487f2b35ab20ef91149d224026ba5bdc6ddefa6d97e511b85c4a0d8e,2019-05,Lancashire Constabulary,Lancashire Constabulary,-2.765050,53.541280,On or near Banksbarn,E01025493,West Lancashire 014A,Violence and sexual offences,Unable to prosecute suspect,
826128e2a1846c886c01fc120c5bac6e61d479aa146c113fb9115fbdfc24c71c,2019-05,Lancashire Constabulary,Lancashire Constabulary,-2.763660,53.542853,On or near Blythewood,E01025493,West Lancashire 014A,Violence and sexual offences,Status update unavailable,
969d1ff46fd2f8af25e8591a685b9fc48e01cee227587a632b434d04e6652cf6,2019-05,Lancashire Constabulary,Lancashire Constabulary,-2.760762,53.539465,On or near Sports/Recreation Area,E01025493,West Lancashire 014A,Violence and sexual offences,Unable to prosecute suspect,
9d4b4b93407ce1b376e9c4a0bc569e9717810616c9ecddc1e99cc02d698db1d2,2019-05,Lancashire Constabulary,Lancashire Constabulary,-2.759830,53.541305,On or near Blakehall,E01025493,West Lancashire 014A,Violence and sexual offences,Status update unavailable,
16e8d1efb91a4b829a25b2634512cd9de02b89fa865693f22ddd0c1537f6629c,2019-05,Lancashire Constabulary,Lancashire Constabulary,-2.760762,53.539465,On or near Sports/Recreation Area,E01025493,West Lancashire 014A,Violence and sexual offences,Status update unavailable,
a823f9abbec8047b3051c1563cd2af9f54365d1b94f67ec69a5b5c58ade00436,2019-05,Lancashire Constabulary,Lancashire Constabulary,-2.760762,53.539465,On or near Sports/Recreation Area,E01025493,West Lancashire 014A,Violence and sexual offences,Unable to prosecute suspect,
,2019-05,Lancashire Constabulary,Lancashire Constabulary,-2.764737,53.537309,On or near Pedestrian Subway,E01025494,West Lancashire 014B,Anti-social behaviour,,
,2019-05,Lancashire Constabulary,Lancashire Constabulary,-2.764737,53.537309,On or near Pedestrian Subway,E01025494,West Lancashire 014B,Anti-social behaviour,,
,2019-05,Lancashire Constabulary,Lancashire Constabulary,-2.764737,53.537309,On or near Pedestrian Subway,E01025494,West Lancashire 014B,Anti-social behaviour,,
,2019-05,Lancashire Constabulary,Lancashire Constabulary,-2.764737,53.537309,On or near Pedestrian Subway,E01025494,West Lancashire 014B,Anti-social behaviour,,
,2019-05,Lancashire Constabulary,Lancashire Constabulary,-2.764737,53.537309,On or near Pedestrian Subway,E01025494,West Lancashire 014B,Anti-social behaviour,,
,2019-05,Lancashire Constabulary,Lancashire Constabulary,-2.764737,53.537309,On or near Pedestrian Subway,E01025494,West Lancashire 014B,Anti-social behaviour,,
,2019-05,Lancashire Constabulary,Lancashire Constabulary,-2.768653,53.539378,On or near Abbeywood,E01025494,West Lancashire 014B,Anti-social behaviour,,
,2019-05,Lancashire Constabulary,Lancashire Constabulary,-2.769877,53.540323,On or near Pedestrian Subway,E01025494,West Lancashire 014B,Anti-social behaviour,,
,2019-05,Lancashire Constabulary,Lancashire Constabulary,-2.764737,53.537309,On or near Pedestrian Subway,E01025494,West Lancashire 014B,Anti-social behaviour,,
,2019-05,Lancashire Constabulary,Lancashire Constabulary,-2.768653,53.539378,On or near Abbeywood,E01025494,West Lancashire 014B,Anti-social behaviour,,
6661b2d44ceae198680be1a251d7ab5710ddfbd167bccc05b2eacb361cb2312f,2019-05,Lancashire Constabulary,Lancashire Constabulary,-2.764737,53.537309,On or near Pedestrian Subway,E01025494,West Lancashire 014B,Burglary,Status update unavailable,
1f620d33f82f6528efca716b37765c7e7aa866e2bcb35e42cf8d3eca5ddd4036,2019-05,Lancashire Constabulary,Lancashire Constabulary,-2.764737,53.537309,On or near Pedestrian Subway,E01025494,West Lancashire 014B,Criminal damage and arson,Status update unavailable,
c01a0459a1842f6d0f12865484a8f96dea10438d34053c7536a2aada5f6ada2a,2019-05,Lancashire Constabulary,Lancashire Constabulary,-2.764737,53.537309,On or near Pedestrian Subway,E01025494,West Lancashire 014B,Criminal damage and arson,Status update unavailable,
f971149f0037436f50cef560f04cf79d1177737e4200fe1d05e4264d83755ff7,2019-05,Lancashire Constabulary,Lancashire Constabulary,-2.764737,53.537309,On or near Pedestrian Subway,E01025494,West Lancashire 014B,Criminal damage and arson,Status update unavailable,
59764805ac35022ceaec1b3465da7ddc406ef0c06691ea19d3919819fda4dff3,2019-05,Lancashire Constabulary,Lancashire Constabulary,-2.764737,53.537309,On or near Pedestrian Subway,E01025494,West Lancashire 014B,Criminal damage and arson,Status update unavailable,
0235de4d2b9c54d96c0fab6bc9f23cd61647e2a69f12cbc8ed1aae3dd4a9047f,2019-05,Lancashire Constabulary,Lancashire Constabulary,-2.769154,53.536256,On or near Pedestrian Subway,E01025494,West Lancashire 014B,Criminal damage and arson,Status update unavailable,
c120535a3d1e3c4eb04c32854484c37b0ebc8f723634f6359144b70e1cccf2c5,2019-05,Lancashire Constabulary,Lancashire Constabulary,-2.764737,53.537309,On or near Pedestrian Subway,E01025494,West Lancashire 014B,Other theft,Status update unavailable,
0396166f77b2cf46b0843ac56319f30e7fe4b9c9dc113ea22fd608c2f2aa17b0,2019-05,Lancashire Constabulary,Lancashire Constabulary,-2.764737,53.537309,On or near Pedestrian Subway,E01025494,West Lancashire 014B,Vehicle crime,Status update unavailable,
157f56c761731c2e4153cfa671d6a701dbf6f44df11039f7b07cf55e621d73b5,2019-05,Lancashire Constabulary,Lancashire Constabulary,-2.764737,53.537309,On or near Pedestrian Subway,E01025494,West Lancashire 014B,Violence and sexual offences,Status update unavailable,
8023a2dbdd00c7e1a23f2bb9e00943218f030ffee02355d8d573d4190cdfec83,2019-05,Lancashire Constabulary,Lancashire Constabulary,-2.764737,53.537309,On or near Pedestrian Subway,E01025494,West Lancashire 014B,Violence and sexual offences,Status update unavailable,
70e0ef3827e9d38ed4866225017a86f9ae3d53ec4a401930292265b56d1f6824,2019-05,Lancashire Constabulary,Lancashire Constabulary,-2.764737,53.537309,On or near Pedestrian Subway,E01025494,West Lancashire 014B,Violence and sexual offences,Status update unavailable,
0c411ce0f6099fc7af1f6f4d94a7442beb522f2d03c623afc810c940271eb233,2019-05,Lancashire Constabulary,Lancashire Constabulary,-2.751485,53.537942,On or near Clay Brow Road,E01025503,West Lancashire 014C,Criminal damage and arson,Status update unavailable,
20c6cd6b29b0ce2273a3b33ddecff631af2aaf18b37525dd0318784567d2d71f,2019-05,Lancashire Constabulary,Lancashire Constabulary,-2.751485,53.537942,On or near Clay Brow Road,E01025503,West Lancashire 014C,Criminal damage and arson,Status update unavailable,
ac057d40197e188cb169ea2eb0016e4c7276b7905d0a637657a4cd51c3f3061b,2019-05,Lancashire Constabulary,Lancashire Constabulary,-2.754655,53.533769,On or near M58,E01025503,West Lancashire 014C,Violence and sexual offences,Status update unavailable,
5f09352b128d540bedb7757cd529bb71dcc513b1af6cd2baed1476c542a07122,2019-05,Lancashire Constabulary,Lancashire Constabulary,-2.754655,53.533769,On or near M58,E01025503,West Lancashire 014C,Violence and sexual offences,Unable to prosecute suspect,
,2019-05,Lancashire Constabulary,Lancashire Constabulary,-2.754835,53.537903,On or near Digmoor Road,E01025504,West Lancashire 014D,Anti-social behaviour,,
,2019-05,Lancashire Constabulary,Lancashire Constabulary,-2.754835,53.537903,On or near Digmoor Road,E01025504,West Lancashire 014D,Anti-social behaviour,,
,2019-05,Lancashire Constabulary,Lancashire Constabulary,-2.754835,53.537903,On or near Digmoor Road,E01025504,West Lancashire 014D,Anti-social behaviour,,
,2019-05,Lancashire Constabulary,Lancashire Constabulary,-2.754835,53.537903,On or near Digmoor Road,E01025504,West Lancashire 014D,Anti-social behaviour,,
,2019-05,Lancashire Constabulary,Lancashire Constabulary,-2.754835,53.537903,On or near Digmoor Road,E01025504,West Lancashire 014D,Anti-social behaviour,,
,2019-05,Lancashire Constabulary,Lancashire Constabulary,-2.754835,53.537903,On or near Digmoor Road,E01025504,West Lancashire 014D,Anti-social behaviour,,
,2019-05,Lancashire Constabulary,Lancashire Constabulary,-2.754835,53.537903,On or near Digmoor Road,E01025504,West Lancashire 014D,Anti-social behaviour,,
,2019-05,Lancashire Constabulary,Lancashire Constabulary,-2.754835,53.537903,On or near Digmoor Road,E01025504,West Lancashire 014D,Anti-social behaviour,,
,2019-05,Lancashire Constabulary,Lancashire Constabulary,-2.754835,53.537903,On or near Digmoor Road,E01025504,West Lancashire 014D,Anti-social behaviour,,
,2019-05,Lancashire Constabulary,Lancashire Constabulary,-2.754835,53.537903,On or near Digmoor Road,E01025504,West Lancashire 014D,Anti-social behaviour,,
,2019-05,Lancashire Constabulary,Lancashire Constabulary,-2.754835,53.537903,On or near Digmoor Road,E01025504,West Lancashire 014D,Anti-social behaviour,,
e44dd36e63821c93a7ac3003994b89afc59a5b2263884d2548da4d735f2637cf,2019-05,Lancashire Constabulary,Lancashire Constabulary,-2.759171,53.540742,On or near Blakehall,E01025504,West Lancashire 014D,Burglary,Status update unavailable,
ca7d0ba99bea3961e5a1f4fb24dfee925b8a3697fc7a2f9a2f5f9dfb69bcf7a9,2019-05,Lancashire Constabulary,Lancashire Constabulary,-2.754835,53.537903,On or near Digmoor Road,E01025504,West Lancashire 014D,Criminal damage and arson,Status update unavailable,
2cfdce5aa0a9fca7c5e0c5b49706401b48ec972bc242671009e6c093d11d0bb8,2019-05,Lancashire Constabulary,Lancashire Constabulary,-2.759171,53.540742,On or near Blakehall,E01025504,West Lancashire 014D,Criminal damage and arson,Offender ordered to pay compensation,
22361ce6aaef1a0222e65f13bb3f17ff5a0a73de4e33e6ef67e5e7fc56126c1b,2019-05,Lancashire Constabulary,Lancashire Constabulary,-2.754835,53.537903,On or near Digmoor Road,E01025504,West Lancashire 014D,Other theft,Unable to prosecute suspect,
8ca932afc5281ebf855d77852d60b1404332da7aef0fc9b818e4025d9898fdc2,2019-05,Lancashire Constabulary,Lancashire Constabulary,-2.754835,53.537903,On or near Digmoor Road,E01025504,West Lancashire 014D,Other theft,Status update unavailable,
95684d805d7b3d8b5a43b36d2e788a6aea561096929c307573bd6d75f5ca8f09,2019-05,Lancashire Constabulary,Lancashire Constabulary,-2.754835,53.537903,On or near Digmoor Road,E01025504,West Lancashire 014D,Violence and sexual offences,Unable to prosecute suspect,
,2019-05,Lancashire Constabulary,Lancashire Constabulary,-2.757313,53.542336,On or near Blaydon Park,E01025505,West Lancashire 014E,Anti-social behaviour,,
,2019-05,Lancashire Constabulary,Lancashire Constabulary,-2.757685,53.538675,On or near Beavers Lane,E01025505,West Lancashire 014E,Anti-social behaviour,,
,2019-05,Lancashire Constabulary,Lancashire Constabulary,-2.757685,53.538675,On or near Beavers Lane,E01025505,West Lancashire 014E,Anti-social behaviour,,
,2019-05,Lancashire Constabulary,Lancashire Constabulary,-2.753824,53.539608,On or near Cherrycroft,E01025505,West Lancashire 014E,Anti-social behaviour,,
,2019-05,Lancashire Constabulary,Lancashire Constabulary,-2.753241,53.541643,On or near Colinton,E01025505,West Lancashire 014E,Anti-social behaviour,,
,2019-05,Lancashire Constabulary,Lancashire Constabulary,-2.749596,53.541180,On or near Cornbrook,E01025505,West Lancashire 014E,Anti-social behaviour,,
,2019-05,Lancashire Constabulary,Lancashire Constabulary,-2.749596,53.541180,On or near Cornbrook,E01025505,West Lancashire 014E,Anti-social behaviour,,
2452827d193038bb0d0b7a09b8b2e8cb521d033c55ee547979aeca400f13f565,2019-05,Lancashire Constabulary,Lancashire Constabulary,-2.757685,53.538675,On or near Beavers Lane,E01025505,West Lancashire 014E,Criminal damage and arson,Status update unavailable,
be79903a662b2e76c0580077e99554bbddbd958093dc2da6b370b37063c1b9a2,2019-05,Lancashire Constabulary,Lancashire Constabulary,-2.757313,53.542336,On or near Blaydon Park,E01025505,West Lancashire 014E,Criminal damage and arson,Unable to prosecute suspect,
1a5e200aafb5e98039c585f25ce9094ff44ad5256f06b47dde9e775ae03dc329,2019-05,Lancashire Constabulary,Lancashire Constabulary,-2.757313,53.542336,On or near Blaydon Park,E01025505,West Lancashire 014E,Criminal damage and arson,Status update unavailable,
108f21831f854d3a066072581cff5da0b962cc245c0ed03faf639823d03cd7fd,2019-05,Lancashire Constabulary,Lancashire Constabulary,-2.757685,53.538675,On or near Beavers Lane,E01025505,West Lancashire 014E,Public order,Status update unavailable,
89715fe9e6d00e69f4f0c1ffdae2d696cf4533cc9487cae40f9cbb4c55029cce,2019-05,Lancashire Constabulary,Lancashire Constabulary,-2.757685,53.538675,On or near Beavers Lane,E01025505,West Lancashire 014E,Public order,Unable to prosecute suspect,
9e6d9abdcb8d19eb462a91994268f8bdba1861167bf51af51236023835f5c361,2019-05,Lancashire Constabulary,Lancashire Constabulary,-2.749596,53.541180,On or near Cornbrook,E01025505,West Lancashire 014E,Violence and sexual offences,Status update unavailable,
afe01a7ea701b13be19b24781194b3a6db89de0fad6f4307ea806fcc2e9f4d85,2019-05,Lancashire Constabulary,Lancashire Constabulary,-2.749596,53.541180,On or near Cornbrook,E01025505,West Lancashire 014E,Violence and sexual offences,Status update unavailable,
b2b40ecce2938c6f61880df6dbe34a03d6fb73b9cda999c438475295ad39e520,2019-05,Lancashire Constabulary,Lancashire Constabulary,-2.757685,53.538675,On or near Beavers Lane,E01025505,West Lancashire 014E,Violence and sexual offences,Unable to prosecute suspect,
ca818f7586d8cefcead430e157505f1bb5b1d8156069236c6bb2e5a59e136036,2019-05,Lancashire Constabulary,Lancashire Constabulary,-2.758462,53.540801,On or near Martins Lane,E01025505,West Lancashire 014E,Violence and sexual offences,Investigation complete; no suspect identified,
ccaea32daff512b2e636138cf305996053a7edba28ff205b205057a6e3f4f03d,2019-05,Lancashire Constabulary,Lancashire Constabulary,-2.757685,53.538675,On or near Beavers Lane,E01025505,West Lancashire 014E,Violence and sexual offences,Status update unavailable,
ec6a231a1724324cad2b206db4289d0e034ced86bf92efcb3558e85aff8bf0ec,2019-05,Lancashire Constabulary,Lancashire Constabulary,-2.757685,53.538675,On or near Beavers Lane,E01025505,West Lancashire 014E,Violence and sexual offences,Unable to prosecute suspect,
89deb74a21aac9649f6e7153c3eba6b7b12b903ea09484b8746f84cc5ea86dbc,2019-05,Lancashire Constabulary,Lancashire Constabulary,-2.749596,53.541180,On or near Cornbrook,E01025505,West Lancashire 014E,Violence and sexual offences,Status update unavailable,
f99099a4a567e1ce3fba97eb93a88886839a3a4c75162fcb5daca872b6153e96,2019-05,Lancashire Constabulary,Lancashire Constabulary,-2.757685,53.538675,On or near Beavers Lane,E01025505,West Lancashire 014E,Violence and sexual offences,Unable to prosecute suspect,
b43fae8aa0972e6ac9dffcb7968a3bdb6782f0ac8a1904d66eefea7b7487c383,2019-05,Lancashire Constabulary,Lancashire Constabulary,-2.757685,53.538675,On or near Beavers Lane,E01025505,West Lancashire 014E,Violence and sexual offences,Status update unavailable,
9340d2cab3c273c161c444e23a2a56da8599b8c42c48dac874d542b004e170a0,2019-05,Lancashire Constabulary,Lancashire Constabulary,-2.749596,53.541180,On or near Cornbrook,E01025505,West Lancashire 014E,Violence and sexual offences,Status update unavailable,
8bf4a8c2773eb0083a267de907fb6a75aa3143d5f5eb7a4eea986c1969a0a507,2019-05,Lancashire Constabulary,Lancashire Constabulary,-2.757685,53.538675,On or near Beavers Lane,E01025505,West Lancashire 014E,Violence and sexual offences,Unable to prosecute suspect,
0a25428232a0f3982f32abe5b9d985592bdbb7ecd858b5b4f6441809a69a6de3,2019-05,Lancashire Constabulary,Lancashire Constabulary,-2.757685,53.538675,On or near Beavers Lane,E01025505,West Lancashire 014E,Violence and sexual offences,Status update unavailable,
,2019-05,Lancashire Constabulary,Lancashire Constabulary,-2.738333,53.539992,On or near Bardsley Close,E01025534,West Lancashire 015A,Anti-social behaviour,,
,2019-05,Lancashire Constabulary,Lancashire Constabulary,-2.734867,53.539339,On or near Vale Croft,E01025534,West Lancashire 015A,Anti-social behaviour,,
,2019-05,Lancashire Constabulary,Lancashire Constabulary,-2.728847,53.539403,On or near Dexter Way,E01025534,West Lancashire 015A,Anti-social behaviour,,
,2019-05,Lancashire Constabulary,Lancashire Constabulary,-2.734967,53.539923,On or near Fieldview,E01025534,West Lancashire 015A,Anti-social behaviour,,
8f43cddc11ac8788887e3bb79738ac5e274592ce383c8a458d80adc28eb4e4ce,2019-05,Lancashire Constabulary,Lancashire Constabulary,-2.732719,53.539937,On or near Heathland,E01025534,West Lancashire 015A,Burglary,Status update unavailable,
8cf308577335bae801ac1341f0276ceca0bac26bbe5ee4d41912107f8604b2dd,2019-05,Lancashire Constabulary,Lancashire Constabulary,-2.725275,53.545816,On or near Grove Road,E01025534,West Lancashire 015A,Burglary,Status update unavailable,
9735aa23683da8054c5428da91583ec6cd43f0ef0cbb3d843184af3d60f2992e,2019-05,Lancashire Constabulary,Lancashire Constabulary,-2.725275,53.545816,On or near Grove Road,E01025534,West Lancashire 015A,Burglary,Status update unavailable,
4538946d38f312c3f7afcb8f1608826e194dc3635e57babf1129ce710a3dc8cf,2019-05,Lancashire Constabulary,Lancashire Constabulary,-2.732719,53.539937,On or near Heathland,E01025534,West Lancashire 015A,Burglary,Status update unavailable,
c58609d28e06e7fe4304969e103c09ccdb8058ffa03195fe4bd19d7e56744f00,2019-05,Lancashire Constabulary,Lancashire Constabulary,-2.727410,53.540940,On or near Hall Green Close,E01025534,West Lancashire 015A,Criminal damage and arson,Status update unavailable,
624a5ea5a4b36d4b6d2244d5b00c41bd4e4cde029126572aac6b098b1710de75,2019-05,Lancashire Constabulary,Lancashire Constabulary,-2.727344,53.542414,On or near Parking Area,E01025534,West Lancashire 015A,Violence and sexual offences,Unable to prosecute suspect,
,2019-05,Lancashire Constabulary,Lancashire Constabulary,-2.746323,53.539547,On or near Sports/Recreation Area,E01025535,West Lancashire 015B,Anti-social behaviour,,
,2019-05,Lancashire Constabulary,Lancashire Constabulary,-2.742897,53.535173,On or near Chequer Lane,E01025535,West Lancashire 015B,Anti-social behaviour,,
,2019-05,Lancashire Constabulary,Lancashire Constabulary,-2.753985,53.521495,On or near Manor House Drive,E01025535,West Lancashire 015B,Anti-social behaviour,,
,2019-05,Lancashire Constabulary,Lancashire Constabulary,-2.742842,53.539793,On or near Darfield,E01025535,West Lancashire 015B,Anti-social behaviour,,
,2019-05,Lancashire Constabulary,Lancashire Constabulary,-2.742897,53.535173,On or near Chequer Lane,E01025535,West Lancashire 015B,Anti-social behaviour,,
,2019-05,Lancashire Constabulary,Lancashire Constabulary,-2.742974,53.540431,On or near Ormskirk Road,E01025535,West Lancashire 015B,Anti-social behaviour,,
,2019-05,Lancashire Constabulary,Lancashire Constabulary,-2.754991,53.530603,On or near Peel Road,E01025535,West Lancashire 015B,Anti-social behaviour,,
,2019-05,Lancashire Constabulary,Lancashire Constabulary,-2.742974,53.540431,On or near Ormskirk Road,E01025535,West Lancashire 015B,Anti-social behaviour,,
,2019-05,Lancashire Constabulary,Lancashire Constabulary,-2.746323,53.539547,On or near Sports/Recreation Area,E01025535,West Lancashire 015B,Anti-social behaviour,,
,2019-05,Lancashire Constabulary,Lancashire Constabulary,-2.742897,53.535173,On or near Chequer Lane,E01025535,West Lancashire 015B,Anti-social behaviour,,
,2019-05,Lancashire Constabulary,Lancashire Constabulary,-2.744160,53.539228,On or near Danbers,E01025535,West Lancashire 015B,Anti-social behaviour,,
,2019-05,Lancashire Constabulary,Lancashire Constabulary,-2.742974,53.540431,On or near Ormskirk Road,E01025535,West Lancashire 015B,Anti-social behaviour,,
,2019-05,Lancashire Constabulary,Lancashire Constabulary,-2.742974,53.540431,On or near Ormskirk Road,E01025535,West Lancashire 015B,Anti-social behaviour,,
,2019-05,Lancashire Constabulary,Lancashire Constabulary,-2.742974,53.540431,On or near Ormskirk Road,E01025535,West Lancashire 015B,Anti-social behaviour,,
,2019-05,Lancashire Constabulary,Lancashire Constabulary,-2.746323,53.539547,On or near Sports/Recreation Area,E01025535,West Lancashire 015B,Anti-social behaviour,,
,2019-05,Lancashire Constabulary,Lancashire Constabulary,-2.742974,53.540431,On or near Ormskirk Road,E01025535,West Lancashire 015B,Anti-social behaviour,,
,2019-05,Lancashire Constabulary,Lancashire Constabulary,-2.742974,53.540431,On or near Ormskirk Road,E01025535,West Lancashire 015B,Anti-social behaviour,,
,2019-05,Lancashire Constabulary,Lancashire Constabulary,-2.746323,53.539547,On or near Sports/Recreation Area,E01025535,West Lancashire 015B,Anti-social behaviour,,
cd353b8d17354f1639f42107151f59486960964f20b4f50d74752747326b4859,2019-05,Lancashire Constabulary,Lancashire Constabulary,-2.759007,53.525706,On or near Pendle Court,E01025535,West Lancashire 015B,Other theft,Status update unavailable,
5d9a1b98007520d134e87eb94a8730cd1fdf8c5bc167d17d9105aaa572bbb56e,2019-05,Lancashire Constabulary,Lancashire Constabulary,-2.768303,53.530922,On or near Paddock Road,E01025535,West Lancashire 015B,Other theft,Status update unavailable,
eb2ee6a59271cdd63ca8fcfeeffa7cd109020f873fe130c6935f1b220fd5cdc0,2019-05,Lancashire Constabulary,Lancashire Constabulary,-2.747651,53.536959,On or near Stannanought Road,E01025535,West Lancashire 015B,Other theft,Status update unavailable,
4000967c9f1189f52e90b853531e0ae122c206a47d2a3d586f8e4cfad1fa2311,2019-05,Lancashire Constabulary,Lancashire Constabulary,-2.760809,53.531986,On or near Potter Place,E01025535,West Lancashire 015B,Other theft,Status update unavailable,
1640dd089447f1ffe821b5a22a3160aad5e2b5b6815b5719bf5d8564ba922d5d,2019-05,Lancashire Constabulary,Lancashire Constabulary,-2.743228,53.542056,On or near Newgate Road,E01025535,West Lancashire 015B,Vehicle crime,Status update unavailable,
b9e1003d3e390b1531d53095b6b92064e30068269491a4c5a954b04ee29875aa,2019-05,Lancashire Constabulary,Lancashire Constabulary,-2.746323,53.539547,On or near Sports/Recreation Area,E01025535,West Lancashire 015B,Violence and sexual offences,Unable to prosecute suspect,
b751467b0bf898ad1b84c3b6e62d588be1aa513fd2f42c8f0ebf04acb2371fc9,2019-05,Lancashire Constabulary,Lancashire Constabulary,-2.760174,53.518417,On or near Crawford Road,E01025535,West Lancashire 015B,Violence and sexual offences,Investigation complete; no suspect identified,
16396ca21faac1962296f8f41c015ce1e57f349f9b4fcdc939f6003b1a0f3a71,2019-05,Lancashire Constabulary,Lancashire Constabulary,-2.746323,53.539547,On or near Sports/Recreation Area,E01025535,West Lancashire 015B,Violence and sexual offences,Status update unavailable,
e7825a563ef16bb1ad91c391d9afdcb5360bf98d8cd9a1a27e6246bcfeeb5525,2019-05,Lancashire Constabulary,Lancashire Constabulary,-2.760174,53.518417,On or near Crawford Road,E01025535,West Lancashire 015B,Violence and sexual offences,Status update unavailable,
,2019-05,Lancashire Constabulary,Lancashire Constabulary,-2.730834,53.543526,On or near Millers Nook,E01025536,West Lancashire 015C,Anti-social behaviour,,
,2019-05,Lancashire Constabulary,Lancashire Constabulary,-2.738794,53.543890,On or near Windmill Heights,E01025536,West Lancashire 015C,Anti-social behaviour,,
d6f8e6413fbe791bef3406c39cf8a03ffb80a4c6aae8093a886b7fdc29e9624f,2019-05,Lancashire Constabulary,Lancashire Constabulary,-2.734481,53.541472,On or near Brandon Close,E01025536,West Lancashire 015C,Burglary,Status update unavailable,
17669b5ca2ed456bcd85fde0737093db0112a3499a6cf2b27087b8df54e276a3,2019-05,Lancashire Constabulary,Lancashire Constabulary,-2.729675,53.541043,On or near The Dell,E01025536,West Lancashire 015C,Other theft,Status update unavailable,
9ea8a135cbff8dbded36c7106e16b4756f90441c05f27b596d44614925ade264,2019-05,Lancashire Constabulary,Lancashire Constabulary,-2.731343,53.542417,On or near Highgate Road,E01025536,West Lancashire 015C,Vehicle crime,Status update unavailable,
e236d1f7fa74454dc398fb79a74cf0cf55462b4670b9ac64bea98ed6b8f9b345,2019-05,Lancashire Constabulary,Lancashire Constabulary,-2.734481,53.541472,On or near Brandon Close,E01025536,West Lancashire 015C,Violence and sexual offences,Unable to prosecute suspect,
1ef5a6185f67a3074d456ebd1ed0e217a13527aec1cbb1a0e0046a41f19cfd6e,2019-05,Lancashire Constabulary,Lancashire Constabulary,-2.732558,53.541951,On or near Stanley Road,E01025536,West Lancashire 015C,Violence and sexual offences,Unable to prosecute suspect,
,2019-05,Lancashire Constabulary,Lancashire Constabulary,-2.721900,53.539958,On or near St Thomas'S Court,E01025537,West Lancashire 015D,Anti-social behaviour,,
,2019-05,Lancashire Constabulary,Lancashire Constabulary,-2.724959,53.539705,On or near Heatherlea Close,E01025537,West Lancashire 015D,Anti-social behaviour,,
27567ced0fcfdda2ea02c0d3cb8091eec5d5d36101adf655a1578edfb36571ce,2019-05,Lancashire Constabulary,Lancashire Constabulary,-2.724959,53.539705,On or near Heatherlea Close,E01025537,West Lancashire 015D,Burglary,Status update unavailable,
6a65596be9dde888ebaf1eb1ccadcb97f99f04e8b3f8ecc9e1be2ae3182e0e67,2019-05,Lancashire Constabulary,Lancashire Constabulary,-2.724959,53.539705,On or near Heatherlea Close,E01025537,West Lancashire 015D,Burglary,Investigation complete; no suspect identified,
b4808b4cd8ef2f860e20e98db3656ea4522f8f2ba95707470769436d8b982ae8,2019-05,Lancashire Constabulary,Lancashire Constabulary,-2.719045,53.540631,On or near School Lane,E01025537,West Lancashire 015D,Drugs,Further investigation is not in the public interest,
d32fa165a6d49c296e0af4b6897d1c1d9416ff7b76cc019c5a373fd299e241d5,2019-05,Lancashire Constabulary,Lancashire Constabulary,-2.720729,53.535839,On or near Tontine Road,E01025537,West Lancashire 015D,Violence and sexual offences,Awaiting court outcome,
,2019-05,Lancashire Constabulary,Lancashire Constabulary,-2.728355,53.543271,On or near Beacon View Drive,E01025540,West Lancashire 015E,Anti-social behaviour,,
,2019-05,Lancashire Constabulary,Lancashire Constabulary,-2.728185,53.543012,On or near Thirlmere Avenue,E01025540,West Lancashire 015E,Anti-social behaviour,,
,2019-05,Lancashire Constabulary,Lancashire Constabulary,-2.728616,53.556707,On or near Knowles Farm Close,E01025540,West Lancashire 015E,Anti-social behaviour,,
,2019-05,Lancashire Constabulary,Lancashire Constabulary,-2.732836,53.551055,On or near Stoney Brow,E01025540,West Lancashire 015E,Anti-social behaviour,,
,2019-05,Lancashire Constabulary,Lancashire Constabulary,-2.732836,53.551055,On or near Stoney Brow,E01025540,West Lancashire 015E,Anti-social behaviour,,
,2019-05,Lancashire Constabulary,Lancashire Constabulary,-2.728424,53.545554,On or near Hallbridge Gardens,E01025540,West Lancashire 015E,Anti-social behaviour,,
,2019-05,Lancashire Constabulary,Lancashire Constabulary,-2.732836,53.551055,On or near Stoney Brow,E01025540,West Lancashire 015E,Anti-social behaviour,,
,2019-05,Lancashire Constabulary,Lancashire Constabulary,-2.726489,53.548864,On or near College Road,E01025540,West Lancashire 015E,Anti-social behaviour,,
05186040f5712b8055748fe0ac5917dcdad3312189c8ea673775fa2556465320,2019-05,Lancashire Constabulary,Lancashire Constabulary,-2.726005,53.547061,On or near Petrol Station,E01025540,West Lancashire 015E,Burglary,Status update unavailable,
a293d5a335798e385c2b440df066ec7ec18660e7f86f5899b7ee14178a5fd1aa,2019-05,Lancashire Constabulary,Lancashire Constabulary,-2.726341,53.544650,On or near Dingle Road,E01025540,West Lancashire 015E,Burglary,Status update unavailable,
ec416478db91d6aec1b5070a6e7481b563f9ca9d22770395cf9248729e0e94b4,2019-05,Lancashire Constabulary,Lancashire Constabulary,-2.724555,53.546099,On or near Hilldean,E01025540,West Lancashire 015E,Burglary,Status update unavailable,
6c97fde2308d0acd32ff691aee97d55160870bf6dc7301c6a83c3fbbb1fca084,2019-05,Lancashire Constabulary,Lancashire Constabulary,-2.726005,53.547061,On or near Petrol Station,E01025540,West Lancashire 015E,Burglary,Status update unavailable,
5dc8e6b9ba8a0927d53e5c556bdb3675d9059479d9329d10ca23f8f13eaccbb7,2019-05,Lancashire Constabulary,Lancashire Constabulary,-2.727683,53.562169,On or near Roby Mill,E01025540,West Lancashire 015E,Criminal damage and arson,Investigation complete; no suspect identified,
d3dba3166a57c418b4db312e5cb4a05be84b32436e14717d72a3a346fce60260,2019-05,Lancashire Constabulary,Lancashire Constabulary,-2.727255,53.543377,On or near Grasmere Avenue,E01025540,West Lancashire 015E,Violence and sexual offences,Status update unavailable,
fd334c400613e84825edaf7b4455158adb974a5fd4f8f5347ab1d585e3c4d5f3,2019-05,Lancashire Constabulary,Lancashire Constabulary,-2.728424,53.545554,On or near Hallbridge Gardens,E01025540,West Lancashire 015E,Other crime,Awaiting court outcome,
76f4d0c2870ce45a3ec8a9116a6b3dc686226c145d97d1418e10a856735711a3,2019-05,Lancashire Constabulary,Lancashire Constabulary,-2.696366,53.589420,On or near Cripple Gate,E01006320,Wigan 003F,Other theft,Awaiting court outcome,
87ebc0d11319a1bf7bc8e7c3cbdf8d03ba18a7438a92a6475a2fccac851c4a33,2019-05,Lancashire Constabulary,Lancashire Constabulary,-2.623234,53.548477,On or near Greenough Street,E01006386,Wigan 009C,Violence and sexual offences,Status update unavailable,
c4d5a60bff4318ef2db13970e482a095aba5085bcba0302c6582d33f0b21a0e0,2019-05,Lancashire Constabulary,Lancashire Constabulary,-2.717996,53.528620,On or near Sandbrook Road,E01006365,Wigan 018D,Public order,Status update unavailable,
df11d7bcfa2796c2252e9ee7297b770b602646d06a8fd606a539a63285987d59,2019-05,Lancashire Constabulary,Lancashire Constabulary,-2.717996,53.528620,On or near Sandbrook Road,E01006365,Wigan 018D,Violence and sexual offences,Status update unavailable,
,2019-05,Lancashire Constabulary,Lancashire Constabulary,-3.030144,53.914533,On or near Hatfield Avenue,E01025573,Wyre 001A,Anti-social behaviour,,
,2019-05,Lancashire Constabulary,Lancashire Constabulary,-3.032741,53.914268,On or near Hatfield Gardens,E01025573,Wyre 001A,Anti-social behaviour,,
,2019-05,Lancashire Constabulary,Lancashire Constabulary,-3.024742,53.916520,On or near Sports/Recreation Area,E01025573,Wyre 001A,Anti-social behaviour,,
,2019-05,Lancashire Constabulary,Lancashire Constabulary,-3.026314,53.917262,On or near Rowntree Avenue,E01025573,Wyre 001A,Anti-social behaviour,,
,2019-05,Lancashire Constabulary,Lancashire Constabulary,-3.028644,53.918518,On or near Supermarket,E01025573,Wyre 001A,Anti-social behaviour,,
cfb9db891dae30c88d7078137a727831f6a0a0dd6451f67015901f24b3c90529,2019-05,Lancashire Constabulary,Lancashire Constabulary,-3.024742,53.916520,On or near Sports/Recreation Area,E01025573,Wyre 001A,Bicycle theft,Status update unavailable,
575d8e2bc6f48d5c8b9a1fe1c13b27050f64e1f6e5dc2a7c93b775dc83682229,2019-05,Lancashire Constabulary,Lancashire Constabulary,-3.030196,53.917247,On or near Little Wood,E01025573,Wyre 001A,Other theft,Investigation complete; no suspect identified,
4d7fd52e6c16414c119196393ede97ad642b525367b30ba233f93e86c3ddb46f,2019-05,Lancashire Constabulary,Lancashire Constabulary,-3.032741,53.914268,On or near Hatfield Gardens,E01025573,Wyre 001A,Shoplifting,Status update unavailable,
b53060b7de40c9c4599c8f68785553a0d10e978cf161a691f8d7cf592107ab00,2019-05,Lancashire Constabulary,Lancashire Constabulary,-3.031375,53.915673,On or near Devon Avenue,E01025573,Wyre 001A,Vehicle crime,Status update unavailable,
8e8375d4755966d7fca1c3148a4b7e0c465f7cc49d7e4cec10a1a543f826eccf,2019-05,Lancashire Constabulary,Lancashire Constabulary,-3.028634,53.917494,On or near Eastwood Avenue,E01025573,Wyre 001A,Vehicle crime,Status update unavailable,
197ae7b96a52e551b0c02a98db5d7228714d4e3ee3fee0e610000895fadee08c,2019-05,Lancashire Constabulary,Lancashire Constabulary,-3.028780,53.914778,On or near Hatfield Avenue,E01025573,Wyre 001A,Violence and sexual offences,Unable to prosecute suspect,
,2019-05,Lancashire Constabulary,Lancashire Constabulary,-3.021889,53.918145,On or near Park Avenue,E01025574,Wyre 001B,Anti-social behaviour,,
,2019-05,Lancashire Constabulary,Lancashire Constabulary,-3.020879,53.919789,On or near Darbishire Road,E01025574,Wyre 001B,Anti-social behaviour,,
,2019-05,Lancashire Constabulary,Lancashire Constabulary,-3.020879,53.919789,On or near Darbishire Road,E01025574,Wyre 001B,Anti-social behaviour,,
,2019-05,Lancashire Constabulary,Lancashire Constabulary,-3.020948,53.916382,On or near Radcliffe Road,E01025574,Wyre 001B,Anti-social behaviour,,
,2019-05,Lancashire Constabulary,Lancashire Constabulary,-3.020948,53.916382,On or near Radcliffe Road,E01025574,Wyre 001B,Anti-social behaviour,,
,2019-05,Lancashire Constabulary,Lancashire Constabulary,-3.020879,53.919789,On or near Darbishire Road,E01025574,Wyre 001B,Anti-social behaviour,,
1b1aad6cc7c5bad022c79c8505cf5943d41cd553eda0894d9323cdf76dc07c30,2019-05,Lancashire Constabulary,Lancashire Constabulary,-3.022059,53.916984,On or near Gordon Road,E01025574,Wyre 001B,Burglary,Status update unavailable,
73f15131e02447ca45cb0a50667e69e5d0d554623bcd12ab60748bb1229d03fc,2019-05,Lancashire Constabulary,Lancashire Constabulary,-3.022059,53.916984,On or near Gordon Road,E01025574,Wyre 001B,Burglary,Status update unavailable,
0b28083e89ef63ac3fdbe5703e1f3c1365b3d0712d9a3ffb8552e0c698e75471,2019-05,Lancashire Constabulary,Lancashire Constabulary,-3.021949,53.919330,On or near Warrenhurst Road,E01025574,Wyre 001B,Criminal damage and arson,Status update unavailable,
cf145941512ffd040bbd07a4fde243a6c730da49dfb32543865a01f1d6e0a607,2019-05,Lancashire Constabulary,Lancashire Constabulary,-3.022259,53.920209,On or near Albany Road,E01025574,Wyre 001B,Criminal damage and arson,Status update unavailable,
c3920d34ff51c19bb36c5bdd9ed27e6d7598cdf7a23b7b71d95ee37a9bcf8632,2019-05,Lancashire Constabulary,Lancashire Constabulary,-3.022332,53.915687,On or near Peel Road,E01025574,Wyre 001B,Criminal damage and arson,Status update unavailable,
6261d58b7a354c055681fd64ec1c5744a71d84431755e65e292f12a5011f0024,2019-05,Lancashire Constabulary,Lancashire Constabulary,-3.021889,53.918145,On or near Park Avenue,E01025574,Wyre 001B,Criminal damage and arson,Unable to prosecute suspect,
978958a90173df2fb632291bc0cb08c1520bef9b850f0deb46439ab6f3d2132b,2019-05,Lancashire Constabulary,Lancashire Constabulary,-3.020948,53.916382,On or near Radcliffe Road,E01025574,Wyre 001B,Criminal damage and arson,Status update unavailable,
fa93105ece826dc691b670290fabbcc745863b7a4c37860303a8758c527bd156,2019-05,Lancashire Constabulary,Lancashire Constabulary,-3.017321,53.918111,On or near Siding Road,E01025574,Wyre 001B,Other theft,Status update unavailable,
3861387c2923eb57833497ce053953a42ddf07685279b95952861717d80d8e3e,2019-05,Lancashire Constabulary,Lancashire Constabulary,-3.021011,53.918988,On or near Park Avenue,E01025574,Wyre 001B,Other theft,Status update unavailable,
6a802d2cb593a6a9ade864d2a4daf8470e364db9875c216fb6911acf888e4e96,2019-05,Lancashire Constabulary,Lancashire Constabulary,-3.021889,53.918145,On or near Park Avenue,E01025574,Wyre 001B,Other theft,Status update unavailable,
78f6720c223fbad76b53ac7b5e4473335f7230abe0e2d6023f172a2507c0be6f,2019-05,Lancashire Constabulary,Lancashire Constabulary,-3.020861,53.917812,On or near Nansen Road,E01025574,Wyre 001B,Vehicle crime,Status update unavailable,
444afa137c295f8347e98b8223cfd7a91862515949cff6c27655847b906f9a6c,2019-05,Lancashire Constabulary,Lancashire Constabulary,-3.019584,53.919144,On or near Belmont Road,E01025574,Wyre 001B,Vehicle crime,Status update unavailable,
f4b59b9ef36042ec5b0542743d45b130d00fe5993f05b38ffe60c2c9ac20f5a5,2019-05,Lancashire Constabulary,Lancashire Constabulary,-3.022955,53.920014,On or near Seymour Street,E01025574,Wyre 001B,Violence and sexual offences,Status update unavailable,
f3e56ab87c8fc09f8595f23a59d1675c12ad192373fece64c06797e5bf9040a1,2019-05,Lancashire Constabulary,Lancashire Constabulary,-3.021889,53.918145,On or near Park Avenue,E01025574,Wyre 001B,Violence and sexual offences,Status update unavailable,
c9a93ca173d3c6f65a3a66f82efcfdd4b7da08377441cbc2413065e65154f854,2019-05,Lancashire Constabulary,Lancashire Constabulary,-3.020879,53.919789,On or near Darbishire Road,E01025574,Wyre 001B,Violence and sexual offences,Unable to prosecute suspect,
99ce06e5ecc2cc790719b4c3bad0a7763d5f0e99d11f9306894b8d5d614c9bb5,2019-05,Lancashire Constabulary,Lancashire Constabulary,-3.014488,53.919331,On or near A585,E01025574,Wyre 001B,Violence and sexual offences,Status update unavailable,
b95d00da5c411c6858016cce2ef7ff7df7564dc5eb7516301f2cc6cc64039f2c,2019-05,Lancashire Constabulary,Lancashire Constabulary,-3.021011,53.918988,On or near Park Avenue,E01025574,Wyre 001B,Violence and sexual offences,Status update unavailable,
b0cafc3995af53d4d3eb5fbc535eddc248d681120707d6f0a43453fda4f981fe,2019-05,Lancashire Constabulary,Lancashire Constabulary,-3.023715,53.919945,On or near Wolsley Road,E01025574,Wyre 001B,Violence and sexual offences,Status update unavailable,
bc3067fdfb5847673ddef81f11a14f4825cb34e5e52dc03e6f0b688d53f8e416,2019-05,Lancashire Constabulary,Lancashire Constabulary,-3.023715,53.919945,On or near Wolsley Road,E01025574,Wyre 001B,Violence and sexual offences,Unable to prosecute suspect,
,2019-05,Lancashire Constabulary,Lancashire Constabulary,-3.015316,53.923971,On or near Warwick Place,E01025581,Wyre 001C,Anti-social behaviour,,
,2019-05,Lancashire Constabulary,Lancashire Constabulary,-3.015316,53.923971,On or near Warwick Place,E01025581,Wyre 001C,Anti-social behaviour,,
,2019-05,Lancashire Constabulary,Lancashire Constabulary,-3.015537,53.924310,On or near Harris Street,E01025581,Wyre 001C,Anti-social behaviour,,
,2019-05,Lancashire Constabulary,Lancashire Constabulary,-3.015316,53.923971,On or near Warwick Place,E01025581,Wyre 001C,Anti-social behaviour,,
,2019-05,Lancashire Constabulary,Lancashire Constabulary,-3.021032,53.922952,On or near Carr Road,E01025581,Wyre 001C,Anti-social behaviour,,
,2019-05,Lancashire Constabulary,Lancashire Constabulary,-3.019932,53.924669,On or near Abbotts Walk,E01025581,Wyre 001C,Anti-social behaviour,,
e4c0b4469904b62e753398a636404d43d85575558489ff82997b69c4ee92a3ca,2019-05,Lancashire Constabulary,Lancashire Constabulary,-3.018422,53.923953,On or near Byron Street,E01025581,Wyre 001C,Burglary,Status update unavailable,
12364e115e876d3845c8fe4cdb84b8a54b209a4fa1f26415fd9e78f536675eb8,2019-05,Lancashire Constabulary,Lancashire Constabulary,-3.018092,53.924792,On or near Mount Road,E01025581,Wyre 001C,Criminal damage and arson,Status update unavailable,
69cc6bc1339770dbcf7ee176c41e783747cebbc912f870da729ae0c91bffca47,2019-05,Lancashire Constabulary,Lancashire Constabulary,-3.018422,53.923953,On or near Byron Street,E01025581,Wyre 001C,Criminal damage and arson,Status update unavailable,
5cdb5186e46a85b82834eaf0a8076a7e69fd93ee61e1489900dc6dee91610fb3,2019-05,Lancashire Constabulary,Lancashire Constabulary,-3.019755,53.922396,On or near Chaucer Road,E01025581,Wyre 001C,Criminal damage and arson,Status update unavailable,
bffb6ca69a587135a57d69982cf07217b6d204c3b2b2151d54a04c5492fad581,2019-05,Lancashire Constabulary,Lancashire Constabulary,-3.019755,53.922396,On or near Chaucer Road,E01025581,Wyre 001C,Other theft,Unable to prosecute suspect,
63b52549a372b92ae21af98c116034a0ac4cdc673c0344af9625910304f5f2cd,2019-05,Lancashire Constabulary,Lancashire Constabulary,-3.020794,53.925066,On or near The Esplanade,E01025581,Wyre 001C,Other theft,Status update unavailable,
30e588c634745f67a8ee66e7127c9350d84c196e9780460ab2c9c428020d14e2,2019-05,Lancashire Constabulary,Lancashire Constabulary,-3.020794,53.925066,On or near The Esplanade,E01025581,Wyre 001C,Robbery,Status update unavailable,
149f49f25e2a6bf29941c26fceb0ad9db87e047123ca71db0571fc9deccc4c07,2019-05,Lancashire Constabulary,Lancashire Constabulary,-3.019932,53.924669,On or near Abbotts Walk,E01025581,Wyre 001C,Vehicle crime,Status update unavailable,
d1c100f7f36513b1037d7b3a42be251d9bc9b679d22ed97bdb6ca49bd5ccdb35,2019-05,Lancashire Constabulary,Lancashire Constabulary,-3.015537,53.924310,On or near Harris Street,E01025581,Wyre 001C,Vehicle crime,Status update unavailable,
8728bf512cd5698ac85d9debcd5e8d68624c7e9af95ddb9a457fee9d2669e27d,2019-05,Lancashire Constabulary,Lancashire Constabulary,-3.019932,53.924669,On or near Abbotts Walk,E01025581,Wyre 001C,Vehicle crime,Awaiting court outcome,
1210cbdfe1dea7b7ff9b25f01cd88dbc6c84493c741f7e19dc5402779fff5727,2019-05,Lancashire Constabulary,Lancashire Constabulary,-3.021661,53.923135,On or near Warren Avenue North,E01025581,Wyre 001C,Vehicle crime,Status update unavailable,
0a1e116af6b2e33aa4c7a73c51c6d947ecfb27667fd9d65fb5371a87bcfb65d2,2019-05,Lancashire Constabulary,Lancashire Constabulary,-3.018092,53.924792,On or near Mount Road,E01025581,Wyre 001C,Violence and sexual offences,Status update unavailable,
ea4e072347893c3654f0042b95910308ec6cebf6b0041a029d02d403522bba56,2019-05,Lancashire Constabulary,Lancashire Constabulary,-3.017542,53.923449,On or near Harris Street,E01025581,Wyre 001C,Violence and sexual offences,Unable to prosecute suspect,
,2019-05,Lancashire Constabulary,Lancashire Constabulary,-3.012944,53.922220,On or near Preston Street,E01025582,Wyre 001D,Anti-social behaviour,,
,2019-05,Lancashire Constabulary,Lancashire Constabulary,-3.012207,53.921993,On or near Supermarket,E01025582,Wyre 001D,Anti-social behaviour,,
,2019-05,Lancashire Constabulary,Lancashire Constabulary,-3.014249,53.921400,On or near Lord Street,E01025582,Wyre 001D,Anti-social behaviour,,
,2019-05,Lancashire Constabulary,Lancashire Constabulary,-3.020712,53.921076,On or near Supermarket,E01025582,Wyre 001D,Anti-social behaviour,,
,2019-05,Lancashire Constabulary,Lancashire Constabulary,-3.018347,53.920260,On or near Elm Street,E01025582,Wyre 001D,Anti-social behaviour,,
,2019-05,Lancashire Constabulary,Lancashire Constabulary,-3.016426,53.921400,On or near Styan Street,E01025582,Wyre 001D,Anti-social behaviour,,
,2019-05,Lancashire Constabulary,Lancashire Constabulary,-3.018616,53.921300,On or near Poulton Road,E01025582,Wyre 001D,Anti-social behaviour,,
,2019-05,Lancashire Constabulary,Lancashire Constabulary,-3.012207,53.921993,On or near Supermarket,E01025582,Wyre 001D,Anti-social behaviour,,
,2019-05,Lancashire Constabulary,Lancashire Constabulary,-3.015921,53.920649,On or near Lord Street,E01025582,Wyre 001D,Anti-social behaviour,,
,2019-05,Lancashire Constabulary,Lancashire Constabulary,-3.019128,53.919822,On or near Warrenhurst Road,E01025582,Wyre 001D,Anti-social behaviour,,
,2019-05,Lancashire Constabulary,Lancashire Constabulary,-3.012944,53.922220,On or near Preston Street,E01025582,Wyre 001D,Anti-social behaviour,,
6761c233e93a2a1b65857dbd56ca0803c60114f2639f39039c4f52b3ceb02d29,2019-05,Lancashire Constabulary,Lancashire Constabulary,-3.015921,53.920649,On or near Lord Street,E01025582,Wyre 001D,Criminal damage and arson,Investigation complete; no suspect identified,
e402360978540587726a8bcad4c41f760671da945c81fa48e546a6fa444a4744,2019-05,Lancashire Constabulary,Lancashire Constabulary,-3.014265,53.922703,On or near King Street,E01025582,Wyre 001D,Criminal damage and arson,Status update unavailable,
81a399d4043024181a43a7d202d9c747df8cd5200765cc6625ecff5d59ec318f,2019-05,Lancashire Constabulary,Lancashire Constabulary,-3.015800,53.922564,On or near Walmsley Street,E01025582,Wyre 001D,Other theft,Status update unavailable,
6dd52e818f86c57d1c348eab4e77164374da3d6426b5cc4a511c92160686d078,2019-05,Lancashire Constabulary,Lancashire Constabulary,-3.018918,53.923041,On or near Milton Street,E01025582,Wyre 001D,Other theft,Status update unavailable,
5165282265f2d8ae94066bdc80ec7068d895dfcac4d37831f71a46abdadc6b72,2019-05,Lancashire Constabulary,Lancashire Constabulary,-3.018918,53.923041,On or near Milton Street,E01025582,Wyre 001D,Other theft,Status update unavailable,
a28229bd33311e35d8681af82be10d25214987f00a44bc0db7c9cacabf4fcf6e,2019-05,Lancashire Constabulary,Lancashire Constabulary,-3.012944,53.922220,On or near Preston Street,E01025582,Wyre 001D,Other theft,Awaiting court outcome,
bd20e403e8b644f9c73019c046c93c81492ce6d1fc51389f60e379c012440fb6,2019-05,Lancashire Constabulary,Lancashire Constabulary,-3.019128,53.919822,On or near Warrenhurst Road,E01025582,Wyre 001D,Other theft,Unable to prosecute suspect,
cbbdb38a253dab95f47613a69aed7a70ed9823b309da0a7cfc43c52f3cd1b082,2019-05,Lancashire Constabulary,Lancashire Constabulary,-3.013318,53.920087,On or near Dock Street,E01025582,Wyre 001D,Other theft,Status update unavailable,
1b3fa7348006aa44f9ead8d1b411d5caa1ecf70c64ee93701529c42f7ac21041,2019-05,Lancashire Constabulary,Lancashire Constabulary,-3.015800,53.922564,On or near Walmsley Street,E01025582,Wyre 001D,Other theft,Status update unavailable,
5266400422e8ce5e1bd6e1635d2212dd965329b34f07aa9e77c4bd02592b66a6,2019-05,Lancashire Constabulary,Lancashire Constabulary,-3.013318,53.920087,On or near Dock Street,E01025582,Wyre 001D,Other theft,Status update unavailable,
e030d2b9a74b24a05d42f40f311cd46971a3e947e47e49154f2644a6ea959259,2019-05,Lancashire Constabulary,Lancashire Constabulary,-3.013318,53.920087,On or near Dock Street,E01025582,Wyre 001D,Other theft,Status update unavailable,
d1b003bfca64485c3bdce264b839042660816086ca03dfcddb2e92f6e7919e58,2019-05,Lancashire Constabulary,Lancashire Constabulary,-3.012207,53.921993,On or near Supermarket,E01025582,Wyre 001D,Shoplifting,Unable to prosecute suspect,
beb8dcd38842566c218a43508ec04359f2f68a646cdd9ab3559862b2f1fc2f7e,2019-05,Lancashire Constabulary,Lancashire Constabulary,-3.012207,53.921993,On or near Supermarket,E01025582,Wyre 001D,Shoplifting,Status update unavailable,
75473d4b4fbde1fc7cb359cc8654eef5ddb9da7a4e2a0abde8cb46f7e658d82d,2019-05,Lancashire Constabulary,Lancashire Constabulary,-3.012207,53.921993,On or near Supermarket,E01025582,Wyre 001D,Shoplifting,Status update unavailable,
7b303b673ae2ee3f2cd478bc42549e3debe54880beba69ab6c7b7f9e073ace49,2019-05,Lancashire Constabulary,Lancashire Constabulary,-3.012207,53.921993,On or near Supermarket,E01025582,Wyre 001D,Shoplifting,Status update unavailable,
9b0dc6f610d8b427158ac3250613ff8c16653c275041ebb96bfa0c36708cc16f,2019-05,Lancashire Constabulary,Lancashire Constabulary,-3.012207,53.921993,On or near Supermarket,E01025582,Wyre 001D,Shoplifting,Status update unavailable,
0b055db0b8f6af1f04da8480b4f5735bbfdef8f73ffb90594f485058eab99446,2019-05,Lancashire Constabulary,Lancashire Constabulary,-3.013318,53.920087,On or near Dock Street,E01025582,Wyre 001D,Shoplifting,Status update unavailable,
12c83cc33a97de070711194a3b52b7bddb8f144d321b0fb711466c7b4d6cf29e,2019-05,Lancashire Constabulary,Lancashire Constabulary,-3.012207,53.921993,On or near Supermarket,E01025582,Wyre 001D,Shoplifting,Awaiting court outcome,
aeda52c8c10afb07a33be9cd376dda246fd872d821bc785540c48bdafee875a8,2019-05,Lancashire Constabulary,Lancashire Constabulary,-3.012944,53.922220,On or near Preston Street,E01025582,Wyre 001D,Shoplifting,Investigation complete; no suspect identified,
0877c0febc733349405cc3b68a613dc3ca2bad13df1686fc5374a3e5b8dfdb79,2019-05,Lancashire Constabulary,Lancashire Constabulary,-3.020712,53.921076,On or near Supermarket,E01025582,Wyre 001D,Shoplifting,Status update unavailable,
19cd6b03aa44997460197365b083e63fcc34cc0013e98a988c04512f154bf2f8,2019-05,Lancashire Constabulary,Lancashire Constabulary,-3.012207,53.921993,On or near Supermarket,E01025582,Wyre 001D,Shoplifting,Status update unavailable,
5936451d97f435c8db37f55680de90791f90a5cd22bccfeb9e1b86f36843ac63,2019-05,Lancashire Constabulary,Lancashire Constabulary,-3.012207,53.921993,On or near Supermarket,E01025582,Wyre 001D,Shoplifting,Status update unavailable,
dd6be827681e870ae8bc50101bfc25307936422e98740067787f0f5fc5d7c2f2,2019-05,Lancashire Constabulary,Lancashire Constabulary,-3.014249,53.921400,On or near Lord Street,E01025582,Wyre 001D,Shoplifting,Unable to prosecute suspect,
d94dab511713d985d57ac90558dbda25ff8672c12f7449379ae644da628143b8,2019-05,Lancashire Constabulary,Lancashire Constabulary,-3.013318,53.920087,On or near Dock Street,E01025582,Wyre 001D,Shoplifting,Awaiting court outcome,
3918f4c7071dfb4f2649214c2eac32b0330caa41504d4dab93f6ad8c86c57887,2019-05,Lancashire Constabulary,Lancashire Constabulary,-3.013318,53.920087,On or near Dock Street,E01025582,Wyre 001D,Shoplifting,Further investigation is not in the public interest,
e879efd5f1efaf991b3f53f6d225d3f4e43b3eb995698efdd7dfec1eb09d0157,2019-05,Lancashire Constabulary,Lancashire Constabulary,-3.015800,53.922564,On or near Walmsley Street,E01025582,Wyre 001D,Shoplifting,Awaiting court outcome,
c11d279295e76583ef5f6ec7cc0b61f7b3bb65cb742aa5f1f53637feef5ff280,2019-05,Lancashire Constabulary,Lancashire Constabulary,-3.017369,53.921374,On or near North Albion Street,E01025582,Wyre 001D,Vehicle crime,Status update unavailable,
efd3104dea234f830c8603fee8e266e58ace6d69665ba5312dad5529068238c7,2019-05,Lancashire Constabulary,Lancashire Constabulary,-3.013318,53.920087,On or near Dock Street,E01025582,Wyre 001D,Vehicle crime,Status update unavailable,
c8ad936f00573128a8a8628c8a2c74b9ec883b8fbbe79b13ba3c1eb26423b710,2019-05,Lancashire Constabulary,Lancashire Constabulary,-3.019128,53.919822,On or near Warrenhurst Road,E01025582,Wyre 001D,Violence and sexual offences,Status update unavailable,
996a602ac75e78033cfc38a092d1c27495e6fe4c369b36e1c6dfafb14b53a58a,2019-05,Lancashire Constabulary,Lancashire Constabulary,-3.019128,53.919822,On or near Warrenhurst Road,E01025582,Wyre 001D,Violence and sexual offences,Unable to prosecute suspect,
0823a218fe0f12b16fb584786499475f64367cf86f726480264730d4d9d01619,2019-05,Lancashire Constabulary,Lancashire Constabulary,-3.016827,53.922214,On or near Delta Lane,E01025582,Wyre 001D,Violence and sexual offences,Local resolution,
d8f0e463c2667511bb58206f4cdea74a5cce174658ef17cbe974c14fb8ad1a03,2019-05,Lancashire Constabulary,Lancashire Constabulary,-3.020712,53.921076,On or near Supermarket,E01025582,Wyre 001D,Violence and sexual offences,Unable to prosecute suspect,
d7748be8d4123b658d206491ba618ca13a9e13f03fcf24d16cc1d4a84ea7c4a1,2019-05,Lancashire Constabulary,Lancashire Constabulary,-3.014300,53.922281,On or near Mount Street,E01025582,Wyre 001D,Violence and sexual offences,Awaiting court outcome,
54aa4775e565121f124a317b58e838686e77f3d02c45635469dee588f724f975,2019-05,Lancashire Constabulary,Lancashire Constabulary,-3.012207,53.921993,On or near Supermarket,E01025582,Wyre 001D,Violence and sexual offences,Status update unavailable,
f8d627d7bc1edfba8a01927189405a1422c3d7c6e118c8b095c1d57df23f6462,2019-05,Lancashire Constabulary,Lancashire Constabulary,-3.019128,53.919822,On or near Warrenhurst Road,E01025582,Wyre 001D,Violence and sexual offences,Awaiting court outcome,
0bed2e04b5072c68ae1c5e43d80056c434ba6e9f49445fba4d66b7e9a08b22f2,2019-05,Lancashire Constabulary,Lancashire Constabulary,-3.016827,53.922214,On or near Delta Lane,E01025582,Wyre 001D,Violence and sexual offences,Unable to prosecute suspect,
4799b9da1d378dc84ffc4b62759977570e5db7058ca521a2d38a1a4a3015f49f,2019-05,Lancashire Constabulary,Lancashire Constabulary,-3.020712,53.921076,On or near Supermarket,E01025582,Wyre 001D,Violence and sexual offences,Further investigation is not in the public interest,
0ebd14666b29c4707d3ed73f674e7e3bc3ef01e9bad73df781930ce663aebac9,2019-05,Lancashire Constabulary,Lancashire Constabulary,-3.012207,53.921993,On or near Supermarket,E01025582,Wyre 001D,Violence and sexual offences,Unable to prosecute suspect,
a4bce860eb0bd7101a4118c17f6efd25e01db3a55f4d8b0c85f9de16bcee0d51,2019-05,Lancashire Constabulary,Lancashire Constabulary,-3.012207,53.921993,On or near Supermarket,E01025582,Wyre 001D,Violence and sexual offences,Unable to prosecute suspect,
c79df5f84fb3ecd6cf27d30f217002b46590262f5ab3298097171ab994792cd4,2019-05,Lancashire Constabulary,Lancashire Constabulary,-3.015921,53.920649,On or near Lord Street,E01025582,Wyre 001D,Violence and sexual offences,Status update unavailable,
3ad23b210f4028ceec20a2b8ec419fed351d3b909a6b7beae8e9f5207180d123,2019-05,Lancashire Constabulary,Lancashire Constabulary,-3.014265,53.922703,On or near King Street,E01025582,Wyre 001D,Violence and sexual offences,Further investigation is not in the public interest,
9c83d7ef5e88517c2e4e641e2643c623729c8294ff923796d66553562bc5853c,2019-05,Lancashire Constabulary,Lancashire Constabulary,-3.014252,53.920924,On or near Back Cop Lane,E01025582,Wyre 001D,Other crime,Unable to prosecute suspect,
,2019-05,Lancashire Constabulary,Lancashire Constabulary,-3.011749,53.923201,On or near Kemp Street,E01025583,Wyre 001E,Anti-social behaviour,,
,2019-05,Lancashire Constabulary,Lancashire Constabulary,-3.011436,53.924732,On or near Garfield Street,E01025583,Wyre 001E,Anti-social behaviour,,
,2019-05,Lancashire Constabulary,Lancashire Constabulary,-3.009854,53.924790,On or near Victoria Street,E01025583,Wyre 001E,Anti-social behaviour,,
db4ed04046cb1f099f41f284cb317db954017c56721e154c4461e5b37968815d,2019-05,Lancashire Constabulary,Lancashire Constabulary,-3.013984,53.924953,On or near Westby Grove,E01025583,Wyre 001E,Burglary,Status update unavailable,
282dcf4f80662b1211eb0d3f9fd8a9867eccee3fcfc85ec5002680afe1f37cae,2019-05,Lancashire Constabulary,Lancashire Constabulary,-3.013984,53.924953,On or near Westby Grove,E01025583,Wyre 001E,Burglary,Status update unavailable,
fa4bc24773f1c898a1644de22a97cdfff9c6fc9025280e4cd97d16dea8c007bd,2019-05,Lancashire Constabulary,Lancashire Constabulary,-3.013984,53.924953,On or near Westby Grove,E01025583,Wyre 001E,Burglary,Status update unavailable,
d55ad14d39919a8c76739f4129ac64b3daa9e073306de90ff9b1df04085a7402,2019-05,Lancashire Constabulary,Lancashire Constabulary,-3.011436,53.924732,On or near Garfield Street,E01025583,Wyre 001E,Burglary,Status update unavailable,
898e72691fe8387b93b09c21a8f9a5cfa60714841e16d9c9190b6b80b93c6822,2019-05,Lancashire Constabulary,Lancashire Constabulary,-3.010561,53.923193,On or near Warren Street,E01025583,Wyre 001E,Criminal damage and arson,Status update unavailable,
1b33052ddefb86dcd935af62ba24b7e630df9490c8e1cfae5a77e08380a80955,2019-05,Lancashire Constabulary,Lancashire Constabulary,-3.010561,53.923193,On or near Warren Street,E01025583,Wyre 001E,Other theft,Unable to prosecute suspect,
143e22ea4e1295a2b4e541ec27187a9cf225b2d50fe71ef87250fd7b2651eac5,2019-05,Lancashire Constabulary,Lancashire Constabulary,-3.013984,53.924953,On or near Westby Grove,E01025583,Wyre 001E,Other theft,Unable to prosecute suspect,
8b9cd30a8cc7a9cd6f73e0c53c43bf7cf21f2c07aa0eb7c299b524ea490ab863,2019-05,Lancashire Constabulary,Lancashire Constabulary,-3.009947,53.926128,On or near North Church Street,E01025583,Wyre 001E,Vehicle crime,Status update unavailable,
ae9ad6c6f683b4c884a358e5d14472ce4dc2303f59683b6223d72f3f0f11c204,2019-05,Lancashire Constabulary,Lancashire Constabulary,-3.012479,53.925684,On or near Rhyl Street,E01025583,Wyre 001E,Vehicle crime,Status update unavailable,
159658d6a8370801a2e7fafa0bf0588cebc6e7cb06104b1a8c579df858fe2b73,2019-05,Lancashire Constabulary,Lancashire Constabulary,-3.013461,53.925335,On or near Hesketh Place,E01025583,Wyre 001E,Violence and sexual offences,Status update unavailable,
099b691f89d368f7270937500454b3bd9cfeab5065711a21aacdc0bc4aeec170,2019-05,Lancashire Constabulary,Lancashire Constabulary,-3.013461,53.925335,On or near Hesketh Place,E01025583,Wyre 001E,Violence and sexual offences,Status update unavailable,
84af689db038f7d50a9599f8918ccd9a89dadcff90682acf7c361042d756030a,2019-05,Lancashire Constabulary,Lancashire Constabulary,-3.013984,53.924953,On or near Westby Grove,E01025583,Wyre 001E,Violence and sexual offences,Unable to prosecute suspect,
1a14c1be024911e18362b1e585486dfac3ea0b21c828c4985c6b009667abcdc8,2019-05,Lancashire Constabulary,Lancashire Constabulary,-3.013461,53.925335,On or near Hesketh Place,E01025583,Wyre 001E,Violence and sexual offences,Status update unavailable,
40ec5f51d4156aac14a6fdefcfcfeac65c4101a8c6a8b51beb0ad135f5c612b4,2019-05,Lancashire Constabulary,Lancashire Constabulary,-3.013461,53.925335,On or near Hesketh Place,E01025583,Wyre 001E,Violence and sexual offences,Unable to prosecute suspect,
97c10788ea2a199bd4a12cffd2194766e6fc44dc99b112ba63d5e5c4ad1a9296,2019-05,Lancashire Constabulary,Lancashire Constabulary,-3.011436,53.924732,On or near Garfield Street,E01025583,Wyre 001E,Violence and sexual offences,Unable to prosecute suspect,
14aae2c45b8bd313c433da652095f9d36341207e9273da67c6f07819adb88af5,2019-05,Lancashire Constabulary,Lancashire Constabulary,-3.009854,53.924790,On or near Victoria Street,E01025583,Wyre 001E,Violence and sexual offences,Status update unavailable,
1db4bbabf51c37380f965ac29879bdf7c5a6fb9c89da3b2c67aee33e8b476b26,2019-05,Lancashire Constabulary,Lancashire Constabulary,-3.012479,53.925684,On or near Rhyl Street,E01025583,Wyre 001E,Violence and sexual offences,Status update unavailable,
20013c3fccd1bf0546b43fa0099646aabb5d72b39baa8d1f009b1b75dcbc82b2,2019-05,Lancashire Constabulary,Lancashire Constabulary,-3.012479,53.925684,On or near Rhyl Street,E01025583,Wyre 001E,Violence and sexual offences,Status update unavailable,
6b42afeaee4d1c471662721f56bd5b433aa61036822e4cf751b431f0fc9e80ec,2019-05,Lancashire Constabulary,Lancashire Constabulary,-3.012479,53.925684,On or near Rhyl Street,E01025583,Wyre 001E,Violence and sexual offences,Status update unavailable,
f6cfc0d0619c5974e2b8602e57e680a3ac836ed27a1f323a5104b00c5510d84e,2019-05,Lancashire Constabulary,Lancashire Constabulary,-3.012479,53.925684,On or near Rhyl Street,E01025583,Wyre 001E,Violence and sexual offences,Status update unavailable,
0c0e49d26491cc27d96fc924ec37cdb769c1a2a25bdc4d41233e5c810b454d94,2019-05,Lancashire Constabulary,Lancashire Constabulary,-3.010909,53.925617,On or near North Street,E01025583,Wyre 001E,Violence and sexual offences,Unable to prosecute suspect,
,2019-05,Lancashire Constabulary,Lancashire Constabulary,-3.011038,53.922775,On or near Lord Street,E01025584,Wyre 001F,Anti-social behaviour,,
,2019-05,Lancashire Constabulary,Lancashire Constabulary,-3.009113,53.925668,On or near Lighthouse Close,E01025584,Wyre 001F,Anti-social behaviour,,
,2019-05,Lancashire Constabulary,Lancashire Constabulary,-3.017125,53.926993,On or near Theatre/Concert Hall,E01025584,Wyre 001F,Anti-social behaviour,,
,2019-05,Lancashire Constabulary,Lancashire Constabulary,-3.009113,53.925668,On or near Lighthouse Close,E01025584,Wyre 001F,Anti-social behaviour,,
,2019-05,Lancashire Constabulary,Lancashire Constabulary,-3.011038,53.922775,On or near Lord Street,E01025584,Wyre 001F,Anti-social behaviour,,
,2019-05,Lancashire Constabulary,Lancashire Constabulary,-3.010120,53.927610,On or near Police Station,E01025584,Wyre 001F,Anti-social behaviour,,
,2019-05,Lancashire Constabulary,Lancashire Constabulary,-3.010259,53.921389,On or near Dock Street,E01025584,Wyre 001F,Anti-social behaviour,,
,2019-05,Lancashire Constabulary,Lancashire Constabulary,-3.010120,53.927610,On or near Police Station,E01025584,Wyre 001F,Anti-social behaviour,,
,2019-05,Lancashire Constabulary,Lancashire Constabulary,-3.011605,53.927301,On or near Windsor Terrace,E01025584,Wyre 001F,Anti-social behaviour,,
,2019-05,Lancashire Constabulary,Lancashire Constabulary,-3.012376,53.927079,On or near Balmoral Terrace,E01025584,Wyre 001F,Anti-social behaviour,,
,2019-05,Lancashire Constabulary,Lancashire Constabulary,-3.010120,53.927610,On or near Police Station,E01025584,Wyre 001F,Anti-social behaviour,,
,2019-05,Lancashire Constabulary,Lancashire Constabulary,-3.010592,53.926977,On or near Bold Street,E01025584,Wyre 001F,Anti-social behaviour,,
,2019-05,Lancashire Constabulary,Lancashire Constabulary,-3.012869,53.921637,On or near Corn Mill Lane,E01025584,Wyre 001F,Anti-social behaviour,,
95919b87648155efaf959d6a194ea1f18971eba44f26db6f8a7fed8123428d30,2019-05,Lancashire Constabulary,Lancashire Constabulary,-3.010592,53.926977,On or near Bold Street,E01025584,Wyre 001F,Burglary,Status update unavailable,
a70b1553096817c28976eb56858f254b4897e09a8d25b28a8654a17c28420917,2019-05,Lancashire Constabulary,Lancashire Constabulary,-3.012376,53.927079,On or near Balmoral Terrace,E01025584,Wyre 001F,Criminal damage and arson,Status update unavailable,
ac4e07144d9db1b28acddbb91871ac91297b2ea5c47f69a56a5d95c7d9c1b975,2019-05,Lancashire Constabulary,Lancashire Constabulary,-3.017125,53.926993,On or near Theatre/Concert Hall,E01025584,Wyre 001F,Criminal damage and arson,Status update unavailable,
48000577abbad4695eb45cfdb01a1bda8d7bfd5a381943dd765d63a1a447bdd3,2019-05,Lancashire Constabulary,Lancashire Constabulary,-3.010120,53.927610,On or near Police Station,E01025584,Wyre 001F,Other theft,Unable to prosecute suspect,
5fbb2d3b7b3f7dea6749a06664b84469014df0c7cfcbfedd0f38562fb41c711e,2019-05,Lancashire Constabulary,Lancashire Constabulary,-3.017125,53.926993,On or near Theatre/Concert Hall,E01025584,Wyre 001F,Other theft,Status update unavailable,
895a0d97c50b2ee232fac0c76bde8e1984b5b39beeee998d1fb51e6181e7a60b,2019-05,Lancashire Constabulary,Lancashire Constabulary,-3.012376,53.927079,On or near Balmoral Terrace,E01025584,Wyre 001F,Other theft,Unable to prosecute suspect,
a888370e21cd5680de44937ec5f45812d7ac3638a56013826259932ee44a6e16,2019-05,Lancashire Constabulary,Lancashire Constabulary,-3.012869,53.921637,On or near Corn Mill Lane,E01025584,Wyre 001F,Public order,Status update unavailable,
b443831c10f33dae8fe7acebc8dc365845927dd19cc0f97944a4c37329d4f212,2019-05,Lancashire Constabulary,Lancashire Constabulary,-3.010180,53.923816,On or near St Peter'S Place,E01025584,Wyre 001F,Public order,Status update unavailable,
0aa962047e919bb063df71ed752669e81e1b08afb2b863be31dd926de5867574,2019-05,Lancashire Constabulary,Lancashire Constabulary,-3.009374,53.925126,On or near Cross Street,E01025584,Wyre 001F,Public order,Unable to prosecute suspect,
80131925eca856d64c1cca30f9104cb1fefa686a970230165ff1119c7cebca3a,2019-05,Lancashire Constabulary,Lancashire Constabulary,-3.011038,53.922775,On or near Lord Street,E01025584,Wyre 001F,Shoplifting,Status update unavailable,
d5b70353ce063dae0a248d03d1988de12bcd2f1cfd487b7d07faefb614f51f8e,2019-05,Lancashire Constabulary,Lancashire Constabulary,-3.010259,53.921389,On or near Dock Street,E01025584,Wyre 001F,Violence and sexual offences,Unable to prosecute suspect,
6fce7c676f2fe1a4a6367de21db0b34bb53a256a416fe03b65decbb2f4490bdf,2019-05,Lancashire Constabulary,Lancashire Constabulary,-3.012376,53.927079,On or near Balmoral Terrace,E01025584,Wyre 001F,Violence and sexual offences,Formal action is not in the public interest,
5141e9fb68ad16823f3535be8b9c3b54a16a29a6fa6b292ff790ff2ab935341b,2019-05,Lancashire Constabulary,Lancashire Constabulary,-3.010259,53.921389,On or near Dock Street,E01025584,Wyre 001F,Violence and sexual offences,Unable to prosecute suspect,
35254f4a0de8f3f5cf52399395f2f5d7bf08202db00012fe5bd4afe5dc1e9580,2019-05,Lancashire Constabulary,Lancashire Constabulary,-3.012869,53.921637,On or near Corn Mill Lane,E01025584,Wyre 001F,Violence and sexual offences,Unable to prosecute suspect,
3de70664199ec0bb4b9c064aa3c28dcd7705dcaf40b1b7582d5b823c68826abd,2019-05,Lancashire Constabulary,Lancashire Constabulary,-3.012869,53.921637,On or near Corn Mill Lane,E01025584,Wyre 001F,Violence and sexual offences,Status update unavailable,
76cb67793f2b786c84e4927a613d33734082a9e20bbe8949038a84a8e6e9a84f,2019-05,Lancashire Constabulary,Lancashire Constabulary,-3.012869,53.921637,On or near Corn Mill Lane,E01025584,Wyre 001F,Violence and sexual offences,Status update unavailable,
f02f3f467bc90d495d6ec83a962638700c2bc329ba23bca83d86938399a87e5b,2019-05,Lancashire Constabulary,Lancashire Constabulary,-3.012376,53.927079,On or near Balmoral Terrace,E01025584,Wyre 001F,Violence and sexual offences,Unable to prosecute suspect,
d1aa3333038be6a776559a0d8ddbd07274f16e4f6764963aee4dd7a8d01327f4,2019-05,Lancashire Constabulary,Lancashire Constabulary,-3.017125,53.926993,On or near Theatre/Concert Hall,E01025584,Wyre 001F,Violence and sexual offences,Unable to prosecute suspect,
0ad539809b1640d9fb946f0663f1c6545d1f687ae47f6e4476c397f4e36c958c,2019-05,Lancashire Constabulary,Lancashire Constabulary,-3.010592,53.926977,On or near Bold Street,E01025584,Wyre 001F,Violence and sexual offences,Status update unavailable,
535544b472a5f2e2290d216829a99464fc0f15e29a2f9d339ee564cd739f62fb,2019-05,Lancashire Constabulary,Lancashire Constabulary,-3.012376,53.927079,On or near Balmoral Terrace,E01025584,Wyre 001F,Violence and sexual offences,Further investigation is not in the public interest,
244b00eb035e9918d30ac2e52ded5417411807af685b8fe4c202577404f7cb7a,2019-05,Lancashire Constabulary,Lancashire Constabulary,-3.011605,53.927301,On or near Windsor Terrace,E01025584,Wyre 001F,Violence and sexual offences,Unable to prosecute suspect,
6fa2d9b2c08a467bb66211d6e3697395338ff245a7bdada4162f28f61608a78f,2019-05,Lancashire Constabulary,Lancashire Constabulary,-3.010120,53.927610,On or near Police Station,E01025584,Wyre 001F,Violence and sexual offences,Status update unavailable,
a4ad72751ca2bc205c19398e35b8e6e9c099565bc783bd8010816cc33d8663d7,2019-05,Lancashire Constabulary,Lancashire Constabulary,-3.012376,53.927079,On or near Balmoral Terrace,E01025584,Wyre 001F,Violence and sexual offences,Unable to prosecute suspect,
4fda62eac727fd6a9af282e2ee58f061afd9ea425ba635609354469a73cb399c,2019-05,Lancashire Constabulary,Lancashire Constabulary,-3.009377,53.922700,On or near Crown Lane,E01025584,Wyre 001F,Violence and sexual offences,Status update unavailable,
,2019-05,Lancashire Constabulary,Lancashire Constabulary,-3.036898,53.916137,On or near Waverley Avenue,E01025605,Wyre 002A,Anti-social behaviour,,
,2019-05,Lancashire Constabulary,Lancashire Constabulary,-3.036421,53.920842,On or near Beach Road,E01025605,Wyre 002A,Anti-social behaviour,,
,2019-05,Lancashire Constabulary,Lancashire Constabulary,-3.038103,53.923587,On or near Parking Area,E01025605,Wyre 002A,Anti-social behaviour,,
,2019-05,Lancashire Constabulary,Lancashire Constabulary,-3.036898,53.916137,On or near Waverley Avenue,E01025605,Wyre 002A,Anti-social behaviour,,
eb514bde4d5f18bdd7a45bbcdc8b7af4c9597e655d6cfbf3723809fc5ef51c9d,2019-05,Lancashire Constabulary,Lancashire Constabulary,-3.040263,53.918598,On or near The Ridgeway,E01025605,Wyre 002A,Violence and sexual offences,Unable to prosecute suspect,
f8fea669a9b1933d4722d2667c904da3d1321f66772d7317eaf9352bbb04f899,2019-05,Lancashire Constabulary,Lancashire Constabulary,-3.038103,53.923587,On or near Parking Area,E01025605,Wyre 002A,Violence and sexual offences,Unable to prosecute suspect,
8540567d4a94e96a46366f64e655520ba5a648b8b71b5e2bb36a4a9e7d643ed1,2019-05,Lancashire Constabulary,Lancashire Constabulary,-3.040263,53.918598,On or near The Ridgeway,E01025605,Wyre 002A,Violence and sexual offences,Unable to prosecute suspect,
8c708b7238831be393c4e1d5bb87fe70acdc367b36bffda51aa78df0aaca6208,2019-05,Lancashire Constabulary,Lancashire Constabulary,-3.036898,53.916137,On or near Waverley Avenue,E01025605,Wyre 002A,Violence and sexual offences,Status update unavailable,
,2019-05,Lancashire Constabulary,Lancashire Constabulary,-3.032484,53.922359,On or near Birnam Green,E01025606,Wyre 002B,Anti-social behaviour,,
,2019-05,Lancashire Constabulary,Lancashire Constabulary,-3.032484,53.922359,On or near Birnam Green,E01025606,Wyre 002B,Anti-social behaviour,,
,2019-05,Lancashire Constabulary,Lancashire Constabulary,-3.032925,53.922329,On or near Mowbray Road,E01025606,Wyre 002B,Anti-social behaviour,,
,2019-05,Lancashire Constabulary,Lancashire Constabulary,-3.032301,53.924212,On or near Laidley'S Walk,E01025606,Wyre 002B,Anti-social behaviour,,
,2019-05,Lancashire Constabulary,Lancashire Constabulary,-3.032301,53.924212,On or near Laidley'S Walk,E01025606,Wyre 002B,Anti-social behaviour,,
bb01cf756e358f280dd412a873faa035ee6584e8bdac00839875ac47ca815b55,2019-05,Lancashire Constabulary,Lancashire Constabulary,-3.034828,53.921719,On or near Stratford Place,E01025606,Wyre 002B,Criminal damage and arson,Status update unavailable,
daf45bb039d142d142abbb1745063fa29e5fa903583fcdf64a05d1c5a315de21,2019-05,Lancashire Constabulary,Lancashire Constabulary,-3.033709,53.922627,On or near Silvia Way,E01025606,Wyre 002B,Criminal damage and arson,Status update unavailable,
ceb3ae22407e677fc61dad76de8342caa361c33a3ad5b00025b7b25df450b44e,2019-05,Lancashire Constabulary,Lancashire Constabulary,-3.032812,53.923327,On or near Malcolm Place,E01025606,Wyre 002B,Criminal damage and arson,Status update unavailable,
82d5acd8c5936c940483b4ec01079cd68735c1ece3407c9612cc92aad4d811d6,2019-05,Lancashire Constabulary,Lancashire Constabulary,-3.032301,53.924212,On or near Laidley'S Walk,E01025606,Wyre 002B,Criminal damage and arson,Status update unavailable,
8f88103630885a4db619c587c9947b77ded3e3f14ad66e3cd482e901e6d5a6fd,2019-05,Lancashire Constabulary,Lancashire Constabulary,-3.035826,53.922052,On or near Hathaway Road,E01025606,Wyre 002B,Criminal damage and arson,Status update unavailable,
96927dfc740e4936314c0f2c86ab341226c03c31ecb0e3b609191f5b420153d3,2019-05,Lancashire Constabulary,Lancashire Constabulary,-3.030441,53.923473,On or near Duncan Place,E01025606,Wyre 002B,Public order,Unable to prosecute suspect,
6f4967d4d7fe7ef076b8acee0909fde6b7a601144491f4bc74208f0858fb756e,2019-05,Lancashire Constabulary,Lancashire Constabulary,-3.032484,53.922359,On or near Birnam Green,E01025606,Wyre 002B,Public order,Unable to prosecute suspect,
ed4cc2e30f8e5d34b5750af0b92bc81c1c9fc9bbd4e187ef2c489958403ad0cc,2019-05,Lancashire Constabulary,Lancashire Constabulary,-3.030441,53.923473,On or near Duncan Place,E01025606,Wyre 002B,Public order,Status update unavailable,
70b8ad94e3d499788a3342970f8a3c9d9c7e505850a1ae956a86306c87e02c46,2019-05,Lancashire Constabulary,Lancashire Constabulary,-3.031036,53.921698,On or near Manor Road,E01025606,Wyre 002B,Other crime,Status update unavailable,
,2019-05,Lancashire Constabulary,Lancashire Constabulary,-3.026421,53.922240,On or near Dronsfield Road,E01025607,Wyre 002C,Anti-social behaviour,,
,2019-05,Lancashire Constabulary,Lancashire Constabulary,-3.025342,53.922358,On or near Agnew Road,E01025607,Wyre 002C,Anti-social behaviour,,
,2019-05,Lancashire Constabulary,Lancashire Constabulary,-3.025342,53.922358,On or near Agnew Road,E01025607,Wyre 002C,Anti-social behaviour,,
1c2a53c8eb4e4a35c4be09067e3bd47cd344e7ab6bacd002552aa198e73dea34,2019-05,Lancashire Constabulary,Lancashire Constabulary,-3.024008,53.922576,On or near Abercrombie Road,E01025607,Wyre 002C,Violence and sexual offences,Unable to prosecute suspect,
b2633c84287dc4d5facb2da53d0b87db324fd635470ca25adb1d4aa38bbe3e9f,2019-05,Lancashire Constabulary,Lancashire Constabulary,-3.022714,53.921382,On or near Lowther Road,E01025607,Wyre 002C,Violence and sexual offences,Unable to prosecute suspect,
23a8a37c0ec405e8988af694becccd90f4fc0bddc038cf04c7c97f239194daa2,2019-05,Lancashire Constabulary,Lancashire Constabulary,-3.022714,53.921382,On or near Lowther Road,E01025607,Wyre 002C,Violence and sexual offences,Awaiting court outcome,
3dc9bb7ad7f99960598747ac5ad0ef301c3ff1ea35e181187ef3d3623193ef27,2019-05,Lancashire Constabulary,Lancashire Constabulary,-3.027039,53.920770,On or near Ribble Road,E01025607,Wyre 002C,Violence and sexual offences,Unable to prosecute suspect,
62927fee483370f258c7c919e7b1eca2cc2ceec15bdf6ef6f3b42a6049f1b1b8,2019-05,Lancashire Constabulary,Lancashire Constabulary,-3.022714,53.921382,On or near Lowther Road,E01025607,Wyre 002C,Violence and sexual offences,Status update unavailable,
,2019-05,Lancashire Constabulary,Lancashire Constabulary,-3.033169,53.919873,On or near Borrowdale Avenue,E01025608,Wyre 002D,Anti-social behaviour,,
e03dbf5c96db7a6efd4a60d9fe42d5f0e2e81aae83c3bb98756f65c2849fb6df,2019-05,Lancashire Constabulary,Lancashire Constabulary,-3.034160,53.918102,On or near York Avenue,E01025608,Wyre 002D,Bicycle theft,Status update unavailable,
264cc028059523de7d080e18618330172be124a31dbfae54afea3d4a3d1e751b,2019-05,Lancashire Constabulary,Lancashire Constabulary,-3.034972,53.918284,On or near Poulton Road,E01025608,Wyre 002D,Other theft,Status update unavailable,
ce246b7eaa4204023eb3beb5604c8f543ba223fb1f2d9cb7d4e38018f9458c5a,2019-05,Lancashire Constabulary,Lancashire Constabulary,-3.032426,53.918755,On or near Poulton Road,E01025608,Wyre 002D,Vehicle crime,Status update unavailable,
89018ca618247e5ae114bc41985883e88bc8d7e7a6968e1d06326253f912c8c5,2019-05,Lancashire Constabulary,Lancashire Constabulary,-3.034972,53.918284,On or near Poulton Road,E01025608,Wyre 002D,Vehicle crime,Status update unavailable,
355dbaa51adcc7c3379e99422d3d48ca714b5cbcd0171a698dab606d953524b4,2019-05,Lancashire Constabulary,Lancashire Constabulary,-3.030076,53.919782,On or near Manor Wood,E01025608,Wyre 002D,Vehicle crime,Status update unavailable,
,2019-05,Lancashire Constabulary,Lancashire Constabulary,-3.036321,53.912520,On or near The Croft,E01025590,Wyre 003A,Anti-social behaviour,,
,2019-05,Lancashire Constabulary,Lancashire Constabulary,-3.040336,53.914804,On or near Leven Avenue,E01025590,Wyre 003A,Anti-social behaviour,,
,2019-05,Lancashire Constabulary,Lancashire Constabulary,-3.036321,53.912520,On or near The Croft,E01025590,Wyre 003A,Anti-social behaviour,,
,2019-05,Lancashire Constabulary,Lancashire Constabulary,-3.036015,53.911840,On or near Toronto Avenue,E01025590,Wyre 003A,Anti-social behaviour,,
,2019-05,Lancashire Constabulary,Lancashire Constabulary,-3.040336,53.914804,On or near Leven Avenue,E01025590,Wyre 003A,Anti-social behaviour,,
,2019-05,Lancashire Constabulary,Lancashire Constabulary,-3.042223,53.913521,On or near Eden Avenue,E01025590,Wyre 003A,Anti-social behaviour,,
a40227a7375858294820c5c07c7efd219120002cef103acb4e87ceb13f60643e,2019-05,Lancashire Constabulary,Lancashire Constabulary,-3.041174,53.912361,On or near Eamont Place,E01025590,Wyre 003A,Criminal damage and arson,Status update unavailable,
a05e04828d7acca02a1b5e8d20fcd177f6fdccb432a9b6219a24abb3d1d47a74,2019-05,Lancashire Constabulary,Lancashire Constabulary,-3.039901,53.915060,On or near Kentmere Close,E01025590,Wyre 003A,Criminal damage and arson,Status update unavailable,
ec05995ea71de22031952a7cc429825a2f130867241a23034de489c289a61977,2019-05,Lancashire Constabulary,Lancashire Constabulary,-3.037844,53.911914,On or near Birkbeck Place,E01025590,Wyre 003A,Drugs,Status update unavailable,
2ce6e918c5645ec45a9f2c9e9ffcc1aac38d6844b82e6a931c588cd65c3fadfb,2019-05,Lancashire Constabulary,Lancashire Constabulary,-3.038315,53.912476,On or near Troutbeck Avenue,E01025590,Wyre 003A,Other theft,Unable to prosecute suspect,
617a1c037e69bee53c4861c2fa7d785f0343b47d64df3183567dcbbb196a320e,2019-05,Lancashire Constabulary,Lancashire Constabulary,-3.039447,53.912089,On or near Staveley Grove,E01025590,Wyre 003A,Public order,Status update unavailable,
508b416c848a94eb070a1aad6ceca3b7fa350a730173b16419b408f8643a9bce,2019-05,Lancashire Constabulary,Lancashire Constabulary,-3.037270,53.912089,On or near Wansbeck Avenue,E01025590,Wyre 003A,Violence and sexual offences,Unable to prosecute suspect,
1e067627267d8326bb0f820011f3af3d62bfc8fc240556998daedfdc1caf288c,2019-05,Lancashire Constabulary,Lancashire Constabulary,-3.036015,53.911840,On or near Toronto Avenue,E01025590,Wyre 003A,Violence and sexual offences,Status update unavailable,
c24d105d8f230de3118c0f7058cd2a0947ed95d812c91417decebf6d3f613747,2019-05,Lancashire Constabulary,Lancashire Constabulary,-3.036321,53.912520,On or near The Croft,E01025590,Wyre 003A,Violence and sexual offences,Status update unavailable,
18ad1f5ad3cd93275b5997646c52b5eb098f00cdad2265f2a98fc4e1ca11201f,2019-05,Lancashire Constabulary,Lancashire Constabulary,-3.037466,53.914461,On or near Esk Avenue,E01025590,Wyre 003A,Violence and sexual offences,Status update unavailable,
1146f27495e4b429fa096532d52528eb0b9f425559c90e76b421b4683cafc4a3,2019-05,Lancashire Constabulary,Lancashire Constabulary,-3.039447,53.912089,On or near Staveley Grove,E01025590,Wyre 003A,Violence and sexual offences,Status update unavailable,
a412bcd569159f256aded662bf7837f11bd3b5eeb69cfa2be28cb7032bed25c7,2019-05,Lancashire Constabulary,Lancashire Constabulary,-3.037844,53.911914,On or near Birkbeck Place,E01025590,Wyre 003A,Violence and sexual offences,Status update unavailable,
5c5a03a6c9df5b03f3ac1837480481ab55425ed4ce552350b26c10384735d3c2,2019-05,Lancashire Constabulary,Lancashire Constabulary,-3.036321,53.912520,On or near The Croft,E01025590,Wyre 003A,Violence and sexual offences,Status update unavailable,
7b369300e23d68e41bc1efcd9601ee7633eaa430758a4904cb663b3c117284c3,2019-05,Lancashire Constabulary,Lancashire Constabulary,-3.039447,53.912089,On or near Staveley Grove,E01025590,Wyre 003A,Violence and sexual offences,Awaiting court outcome,
,2019-05,Lancashire Constabulary,Lancashire Constabulary,-3.048252,53.906242,On or near Bentham Avenue,E01025591,Wyre 003B,Anti-social behaviour,,
,2019-05,Lancashire Constabulary,Lancashire Constabulary,-3.047795,53.911701,On or near Greendale Close,E01025591,Wyre 003B,Anti-social behaviour,,
,2019-05,Lancashire Constabulary,Lancashire Constabulary,-3.048888,53.911593,On or near Arndale Close,E01025591,Wyre 003B,Anti-social behaviour,,
,2019-05,Lancashire Constabulary,Lancashire Constabulary,-3.039190,53.909098,On or near Furness Avenue,E01025591,Wyre 003B,Anti-social behaviour,,
,2019-05,Lancashire Constabulary,Lancashire Constabulary,-3.042723,53.907341,On or near Larkholme Parade,E01025591,Wyre 003B,Anti-social behaviour,,
,2019-05,Lancashire Constabulary,Lancashire Constabulary,-3.048274,53.908965,On or near Brant Court,E01025591,Wyre 003B,Anti-social behaviour,,
6dd9f61435e13d5ccf0c65900916864b8b4353030f2f0033bf5de8e5a8d53041,2019-05,Lancashire Constabulary,Lancashire Constabulary,-3.041499,53.907091,On or near Lark Court,E01025591,Wyre 003B,Criminal damage and arson,Status update unavailable,
4debfb98241e58c3a007cdf85867e7911b4f535c1318c74e9596a4ce9ba165f8,2019-05,Lancashire Constabulary,Lancashire Constabulary,-3.039190,53.909098,On or near Furness Avenue,E01025591,Wyre 003B,Possession of weapons,Status update unavailable,
cb5591d979ed95287ad9da6c5d29094cc7212eb591ed2e3cb8a52881c27cf711,2019-05,Lancashire Constabulary,Lancashire Constabulary,-3.042723,53.907341,On or near Larkholme Parade,E01025591,Wyre 003B,Shoplifting,Awaiting court outcome,
6562ffc74a7aeefc99996bc023bbaf8855b78276d5de76ecbe84021159ab49c2,2019-05,Lancashire Constabulary,Lancashire Constabulary,-3.042723,53.907341,On or near Larkholme Parade,E01025591,Wyre 003B,Shoplifting,Status update unavailable,
12437e869ee50680d33e10a423111930cb518bcea0f6023f750352df2de958ed,2019-05,Lancashire Constabulary,Lancashire Constabulary,-3.047519,53.910392,On or near Lazenby Avenue,E01025591,Wyre 003B,Violence and sexual offences,Status update unavailable,
712cdb9526963e6d97a35de362fa0b54cf06b62c71b1d6816824aa4f0c799490,2019-05,Lancashire Constabulary,Lancashire Constabulary,-3.039190,53.909098,On or near Furness Avenue,E01025591,Wyre 003B,Violence and sexual offences,Unable to prosecute suspect,
52f8ef71fd1d65575b58c64241fb31f6ff3eec622d9155e26c8ab58fe1cc71e1,2019-05,Lancashire Constabulary,Lancashire Constabulary,-3.043534,53.908089,On or near Parking Area,E01025591,Wyre 003B,Violence and sexual offences,Unable to prosecute suspect,
45211bba73f686cc27bdd04cc04636acf3559df09a4badc1d0b2a33a956f4958,2019-05,Lancashire Constabulary,Lancashire Constabulary,-3.039190,53.909098,On or near Furness Avenue,E01025591,Wyre 003B,Violence and sexual offences,Unable to prosecute suspect,
,2019-05,Lancashire Constabulary,Lancashire Constabulary,-3.043519,53.913599,On or near Medlock Place,E01025592,Wyre 003C,Anti-social behaviour,,
,2019-05,Lancashire Constabulary,Lancashire Constabulary,-3.043732,53.910568,On or near Allen Way,E01025592,Wyre 003C,Anti-social behaviour,,
,2019-05,Lancashire Constabulary,Lancashire Constabulary,-3.044331,53.911372,On or near Hodder Close,E01025592,Wyre 003C,Anti-social behaviour,,
,2019-05,Lancashire Constabulary,Lancashire Constabulary,-3.044598,53.913545,On or near Rede Avenue,E01025592,Wyre 003C,Anti-social behaviour,,
,2019-05,Lancashire Constabulary,Lancashire Constabulary,-3.044598,53.913545,On or near Rede Avenue,E01025592,Wyre 003C,Anti-social behaviour,,
,2019-05,Lancashire Constabulary,Lancashire Constabulary,-3.042916,53.915079,On or near Curtis Drive,E01025592,Wyre 003C,Anti-social behaviour,,
,2019-05,Lancashire Constabulary,Lancashire Constabulary,-3.043519,53.913599,On or near Medlock Place,E01025592,Wyre 003C,Anti-social behaviour,,
,2019-05,Lancashire Constabulary,Lancashire Constabulary,-3.042916,53.915079,On or near Curtis Drive,E01025592,Wyre 003C,Anti-social behaviour,,
e8c26dbc8d45a0112dd152fde30d1edc1a6735ceb7a41e60dfa1f1fafd6f4ebf,2019-05,Lancashire Constabulary,Lancashire Constabulary,-3.043732,53.910568,On or near Allen Way,E01025592,Wyre 003C,Criminal damage and arson,Unable to prosecute suspect,
ab5d83715fc09a4b9707b066529c2ac62d8fbc88e87c2a5e8aeafd6c524a0bc6,2019-05,Lancashire Constabulary,Lancashire Constabulary,-3.044331,53.911372,On or near Hodder Close,E01025592,Wyre 003C,Criminal damage and arson,Status update unavailable,
01a95efb726953abf72e2efd89a10d4258b2ed03d2074f072f5a32aedd06fe41,2019-05,Lancashire Constabulary,Lancashire Constabulary,-3.045405,53.914149,On or near Crake Avenue,E01025592,Wyre 003C,Robbery,Status update unavailable,
9972ae39d7698d82a4ea09211d0f1311a43ea5abe2f0fdb559e77e10e6f67f89,2019-05,Lancashire Constabulary,Lancashire Constabulary,-3.042219,53.911534,On or near Hodder Avenue,E01025592,Wyre 003C,Vehicle crime,Unable to prosecute suspect,
3a3c3cdabb1cb32df17818318097d8f9da77efece9f3239aa8ae7e9b51d32515,2019-05,Lancashire Constabulary,Lancashire Constabulary,-3.043658,53.914317,On or near Medlock Avenue,E01025592,Wyre 003C,Vehicle crime,Status update unavailable,
b8f04bbddb337d6c4ad773aca0c1b982344c6a77932de0709a791bd5d751a763,2019-05,Lancashire Constabulary,Lancashire Constabulary,-3.042906,53.912247,On or near Grasscroft Close,E01025592,Wyre 003C,Violence and sexual offences,Status update unavailable,
dbd01c531182a2f9c9ff5339bd9483a82ced5834bc48f86674c64f2455fe8b9f,2019-05,Lancashire Constabulary,Lancashire Constabulary,-3.043732,53.910568,On or near Allen Way,E01025592,Wyre 003C,Violence and sexual offences,Status update unavailable,
7157dd8fcc5d1853492d383a85eecae84491551030edd4bbf5d50107020cd608,2019-05,Lancashire Constabulary,Lancashire Constabulary,-3.042906,53.912247,On or near Grasscroft Close,E01025592,Wyre 003C,Violence and sexual offences,Further investigation is not in the public interest,
ea1da82d61bae270dff889204aeacc5b79929f31574768dc242b2643167e2c2e,2019-05,Lancashire Constabulary,Lancashire Constabulary,-3.044331,53.911372,On or near Hodder Close,E01025592,Wyre 003C,Violence and sexual offences,Unable to prosecute suspect,
1429729671831a481afc88b9e715c3acf492364b10d465dae2ddbc07655d7291,2019-05,Lancashire Constabulary,Lancashire Constabulary,-3.043732,53.910568,On or near Allen Way,E01025592,Wyre 003C,Violence and sexual offences,Further investigation is not in the public interest,
78588bed91e9cde32df3a8f58e780a61d96c73e878ab16967f06de072e50b083,2019-05,Lancashire Constabulary,Lancashire Constabulary,-3.042219,53.911534,On or near Hodder Avenue,E01025592,Wyre 003C,Violence and sexual offences,Unable to prosecute suspect,
591c0be739bb71eaeccb7e0274e0133bad07430b9172256646e4cd97dc124a37,2019-05,Lancashire Constabulary,Lancashire Constabulary,-3.044331,53.911372,On or near Hodder Close,E01025592,Wyre 003C,Violence and sexual offences,Unable to prosecute suspect,
5e4cd86acccb9d87dd2647b01ad30814036f3f2d9fc91a58600a49e578086815,2019-05,Lancashire Constabulary,Lancashire Constabulary,-3.042219,53.911534,On or near Hodder Avenue,E01025592,Wyre 003C,Violence and sexual offences,Unable to prosecute suspect,
,2019-05,Lancashire Constabulary,Lancashire Constabulary,-3.044145,53.902089,On or near Rossall Gate,E01025593,Wyre 003D,Anti-social behaviour,,
,2019-05,Lancashire Constabulary,Lancashire Constabulary,-3.041839,53.898109,On or near Sports/Recreation Area,E01025593,Wyre 003D,Anti-social behaviour,,
3985fa198f703ea8c2638f7a686087bf6fd0763e384e718ad1249df6c4d7178e,2019-05,Lancashire Constabulary,Lancashire Constabulary,-3.046578,53.904441,On or near Falmouth Avenue,E01025593,Wyre 003D,Vehicle crime,Status update unavailable,
,2019-05,Lancashire Constabulary,Lancashire Constabulary,-2.962376,53.876023,On or near The Conifers,E01025563,Wyre 004A,Anti-social behaviour,,
47c5979b1d3753a26533f5009fdbc9b750c57e3cf4f5cea3d8678076e515c330,2019-05,Lancashire Constabulary,Lancashire Constabulary,-2.962376,53.876023,On or near The Conifers,E01025563,Wyre 004A,Violence and sexual offences,Unable to prosecute suspect,
1def2a94a6f40ef80188febbef8605d78aa318a2fca2ad86acc970b65f16dfc4,2019-05,Lancashire Constabulary,Lancashire Constabulary,-2.962384,53.874378,On or near Riverside Drive,E01025563,Wyre 004A,Violence and sexual offences,Status update unavailable,
,2019-05,Lancashire Constabulary,Lancashire Constabulary,-2.959338,53.872884,On or near Green Meadow Lane,E01025564,Wyre 004B,Anti-social behaviour,,
6c01209ba9f3077a687aa768dc93729136785a6a9f716340640b56e79320e397,2019-05,Lancashire Constabulary,Lancashire Constabulary,-2.953941,53.877655,On or near Ingol Grove,E01025564,Wyre 004B,Public order,Status update unavailable,
343f58d81c4b6bcf5c6f94b4e4468b58c5c423cc8a0286347344c490ffd4ad53,2019-05,Lancashire Constabulary,Lancashire Constabulary,-2.959338,53.872884,On or near Green Meadow Lane,E01025564,Wyre 004B,Vehicle crime,Status update unavailable,
8763b2caf2ae322d9342564ed32815b2316f6b935f778f6db84b4c8a37e672ad,2019-05,Lancashire Constabulary,Lancashire Constabulary,-2.953312,53.875404,On or near Paul'S Lane,E01025564,Wyre 004B,Vehicle crime,Status update unavailable,
aa86a7f01792c24f1123916635db0309c1ed61e6ebc96344940f17e45c13ea2d,2019-05,Lancashire Constabulary,Lancashire Constabulary,-2.951823,53.875478,On or near Market Street,E01025564,Wyre 004B,Vehicle crime,Status update unavailable,
655944faf0dabcb36f5ba0da15785c50c5edf42c79629ccd828405a4dbfd3d10,2019-05,Lancashire Constabulary,Lancashire Constabulary,-2.953941,53.877655,On or near Ingol Grove,E01025564,Wyre 004B,Vehicle crime,Status update unavailable,
04844eb162033b28f9c1ecae46b2ee61b4d7ed7ccf8cdd11a7773fc995894bcc,2019-05,Lancashire Constabulary,Lancashire Constabulary,-2.952894,53.877106,On or near Ingol Gardens,E01025564,Wyre 004B,Vehicle crime,Status update unavailable,
f05f96e8b034ccd61825a5073565917823b8169f220f5822918ea1d4bda4c522,2019-05,Lancashire Constabulary,Lancashire Constabulary,-2.952125,53.876725,On or near Ryecroft Place,E01025564,Wyre 004B,Vehicle crime,Status update unavailable,
9f86fa0b32ad9a72b5ee132ed504d58c30025c459c320e784add725fe8d49eb5,2019-05,Lancashire Constabulary,Lancashire Constabulary,-2.953941,53.877655,On or near Ingol Grove,E01025564,Wyre 004B,Vehicle crime,Status update unavailable,
7b9ee3e4cd9911a325933a69c382d6e6eca374f683e29a8991fe290e26ae329a,2019-05,Lancashire Constabulary,Lancashire Constabulary,-2.950826,53.876448,On or near Crookland Gardens,E01025564,Wyre 004B,Violence and sexual offences,Status update unavailable,
25c2afb93994d4433038043de4dcd5c33e6ad2fe1299316aaf82dcd63bf083a8,2019-05,Lancashire Constabulary,Lancashire Constabulary,-2.957489,53.877159,On or near Rydal Road,E01025564,Wyre 004B,Violence and sexual offences,Status update unavailable,
9eb7aa3964b94cad7756b78aa5270f4527ef52bfad428464474dd06f82b48372,2019-05,Lancashire Constabulary,Lancashire Constabulary,-2.956312,53.880890,On or near Carr Lane,E01025564,Wyre 004B,Other crime,Status update unavailable,
,2019-05,Lancashire Constabulary,Lancashire Constabulary,-2.952546,53.899903,On or near Pennine Way,E01025565,Wyre 004C,Anti-social behaviour,,
,2019-05,Lancashire Constabulary,Lancashire Constabulary,-2.954428,53.902341,On or near Park Crescent,E01025565,Wyre 004C,Anti-social behaviour,,
,2019-05,Lancashire Constabulary,Lancashire Constabulary,-2.952546,53.899903,On or near Pennine Way,E01025565,Wyre 004C,Anti-social behaviour,,
,2019-05,Lancashire Constabulary,Lancashire Constabulary,-2.952160,53.899672,On or near Fell Way,E01025565,Wyre 004C,Anti-social behaviour,,
44561388607c0a49fd3cc7a7aea8540d1d2f646fc97279d1f1eeb8cdd19bf842,2019-05,Lancashire Constabulary,Lancashire Constabulary,-2.966899,53.885452,On or near New Road,E01025565,Wyre 004C,Criminal damage and arson,Status update unavailable,
63f588fa4b25e49dc84da42b337bd4a879f65c4b40bb89984ff944b715fc01f2,2019-05,Lancashire Constabulary,Lancashire Constabulary,-2.954004,53.902444,On or near Yew Tree Gardens,E01025565,Wyre 004C,Criminal damage and arson,Action to be taken by another organisation,
9c5b1988a4b149a7f7ae9fcfed67bbb52c1e24daa701af56d99ce4ef31aeef74,2019-05,Lancashire Constabulary,Lancashire Constabulary,-2.958854,53.899574,On or near Smithy Close,E01025565,Wyre 004C,Vehicle crime,Status update unavailable,
081bca4839a8ae15e7b8dfe511c5811c37632f587248c9c0215d97e968caddea,2019-05,Lancashire Constabulary,Lancashire Constabulary,-2.954004,53.902444,On or near Yew Tree Gardens,E01025565,Wyre 004C,Vehicle crime,Status update unavailable,
ef25aa1043bf094a6f6ead56160451adffe53d1d4b001d852458225b14c2a9b9,2019-05,Lancashire Constabulary,Lancashire Constabulary,-2.948778,53.892805,On or near Ned'S Lane,E01025565,Wyre 004C,Violence and sexual offences,Unable to prosecute suspect,
4417dd3c248ec9ce9eacfb7e9d82d3c02567776c9cafe7d3aca69ec74ec60459,2019-05,Lancashire Constabulary,Lancashire Constabulary,-2.957697,53.898882,On or near Ash Lea Grove,E01025565,Wyre 004C,Violence and sexual offences,Unable to prosecute suspect,
,2019-05,Lancashire Constabulary,Lancashire Constabulary,-2.987160,53.928511,On or near Clarence Avenue,E01025586,Wyre 004D,Anti-social behaviour,,
,2019-05,Lancashire Constabulary,Lancashire Constabulary,-2.987160,53.928511,On or near Clarence Avenue,E01025586,Wyre 004D,Anti-social behaviour,,
,2019-05,Lancashire Constabulary,Lancashire Constabulary,-2.979796,53.930126,On or near Eskdale Grove,E01025586,Wyre 004D,Anti-social behaviour,,
,2019-05,Lancashire Constabulary,Lancashire Constabulary,-2.985579,53.928668,On or near St Bernard'S Road,E01025586,Wyre 004D,Anti-social behaviour,,
0c6c756152285c2986a8a1fdb32efe0a63182503ef1e0a2891fb7aab1f0265b9,2019-05,Lancashire Constabulary,Lancashire Constabulary,-2.975797,53.931084,On or near Sorrel Close,E01025586,Wyre 004D,Criminal damage and arson,Unable to prosecute suspect,
ce2604e2d310016009c5e5141603c97fb36edcf9e4f5cd7354afe466f8dd43de,2019-05,Lancashire Constabulary,Lancashire Constabulary,-2.986328,53.928778,On or near Beech Grove,E01025586,Wyre 004D,Other theft,Status update unavailable,
5170a0bdaa9bdd7939d3287362ffd815b7748f4a286c622b08dbf578d7d2b857,2019-05,Lancashire Constabulary,Lancashire Constabulary,-2.986328,53.928778,On or near Beech Grove,E01025586,Wyre 004D,Public order,Further investigation is not in the public interest,
03cd29208b6e2be39c4e093d2cb1015c4e9781447fd255657a74680adb18f6d8,2019-05,Lancashire Constabulary,Lancashire Constabulary,-2.987160,53.928511,On or near Clarence Avenue,E01025586,Wyre 004D,Violence and sexual offences,Unable to prosecute suspect,
9c5d5b8dbacf21da622e1c8f45b27c8d442f8df20ec280443808661fe4eb0429,2019-05,Lancashire Constabulary,Lancashire Constabulary,-2.988711,53.928426,On or near Wyre View,E01025588,Wyre 004F,Shoplifting,Investigation complete; no suspect identified,
88739388df93379c0957c0bf2287c7f39914be851079a32534ddeeea9fb678ad,2019-05,Lancashire Constabulary,Lancashire Constabulary,-2.986327,53.928077,On or near Supermarket,E01025588,Wyre 004F,Violence and sexual offences,Status update unavailable,
,2019-05,Lancashire Constabulary,Lancashire Constabulary,-2.968565,53.911432,On or near Park/Open Space,E01025589,Wyre 004G,Anti-social behaviour,,
,2019-05,Lancashire Constabulary,Lancashire Constabulary,-2.968938,53.922961,On or near Jubilee Avenue,E01025589,Wyre 004G,Anti-social behaviour,,
,2019-05,Lancashire Constabulary,Lancashire Constabulary,-2.944634,53.916863,On or near Head Dyke Lane,E01025589,Wyre 004G,Anti-social behaviour,,
49944d5084ae90bdc599f7c3ac47baa9db3a571c1531c9b112e3b36c20cbc335,2019-05,Lancashire Constabulary,Lancashire Constabulary,-2.949299,53.933903,On or near Park/Open Space,E01025589,Wyre 004G,Criminal damage and arson,Status update unavailable,
a8d94b67210194f7ec8b871abbb9e921644b3ea9fbf127af6c8a2b973c759077,2019-05,Lancashire Constabulary,Lancashire Constabulary,-2.965130,53.917635,On or near Mill Street,E01025589,Wyre 004G,Criminal damage and arson,Status update unavailable,
8cba9b6cfb049b4fa8bb8f3189e77ace9d077b840253175e8ed59c0fbdd5aec2,2019-05,Lancashire Constabulary,Lancashire Constabulary,-2.969621,53.921526,On or near Park Lane,E01025589,Wyre 004G,Drugs,Awaiting court outcome,
39631d006611715720a3ceac1771e7ccad5dd2fafedbdbc175d188471a9c412d,2019-05,Lancashire Constabulary,Lancashire Constabulary,-2.947384,53.919987,On or near Bourble'S Lane,E01025589,Wyre 004G,Other theft,Status update unavailable,
b5b4f2c1ba3472f971baf721115da973b3aa07da922e95480e5dac72375965af,2019-05,Lancashire Constabulary,Lancashire Constabulary,-2.969843,53.923232,On or near Hampson Grove,E01025589,Wyre 004G,Violence and sexual offences,Status update unavailable,
,2019-05,Lancashire Constabulary,Lancashire Constabulary,-3.028705,53.888812,On or near Ripon Close,E01025557,Wyre 005A,Anti-social behaviour,,
,2019-05,Lancashire Constabulary,Lancashire Constabulary,-3.030988,53.889475,On or near Newman Grove,E01025557,Wyre 005A,Anti-social behaviour,,
,2019-05,Lancashire Constabulary,Lancashire Constabulary,-3.028705,53.888812,On or near Ripon Close,E01025557,Wyre 005A,Anti-social behaviour,,
,2019-05,Lancashire Constabulary,Lancashire Constabulary,-3.030988,53.889475,On or near Newman Grove,E01025557,Wyre 005A,Anti-social behaviour,,
,2019-05,Lancashire Constabulary,Lancashire Constabulary,-3.020935,53.889040,On or near Speedwell Close,E01025557,Wyre 005A,Anti-social behaviour,,
,2019-05,Lancashire Constabulary,Lancashire Constabulary,-3.030988,53.889475,On or near Newman Grove,E01025557,Wyre 005A,Anti-social behaviour,,
,2019-05,Lancashire Constabulary,Lancashire Constabulary,-3.030988,53.889475,On or near Newman Grove,E01025557,Wyre 005A,Anti-social behaviour,,
,2019-05,Lancashire Constabulary,Lancashire Constabulary,-3.032493,53.888770,On or near Barnes Drive,E01025557,Wyre 005A,Anti-social behaviour,,
,2019-05,Lancashire Constabulary,Lancashire Constabulary,-3.030988,53.889475,On or near Newman Grove,E01025557,Wyre 005A,Anti-social behaviour,,
,2019-05,Lancashire Constabulary,Lancashire Constabulary,-3.028705,53.888812,On or near Ripon Close,E01025557,Wyre 005A,Anti-social behaviour,,
,2019-05,Lancashire Constabulary,Lancashire Constabulary,-3.030988,53.889475,On or near Newman Grove,E01025557,Wyre 005A,Anti-social behaviour,,
,2019-05,Lancashire Constabulary,Lancashire Constabulary,-3.030988,53.889475,On or near Newman Grove,E01025557,Wyre 005A,Anti-social behaviour,,
,2019-05,Lancashire Constabulary,Lancashire Constabulary,-3.028705,53.888812,On or near Ripon Close,E01025557,Wyre 005A,Anti-social behaviour,,
89094629878cabe4b061711e26e17e5dbf90b6f55653a4f0e3d571c90d85af6a,2019-05,Lancashire Constabulary,Lancashire Constabulary,-3.028705,53.888812,On or near Ripon Close,E01025557,Wyre 005A,Burglary,Unable to prosecute suspect,
54556078c5ea517bc1f2cec0faa18d417d752e9d5193e9d3614d75c6ddfb44d5,2019-05,Lancashire Constabulary,Lancashire Constabulary,-3.028705,53.888812,On or near Ripon Close,E01025557,Wyre 005A,Burglary,Unable to prosecute suspect,
c2e98a07b52b899139acaa806622596adf8322dfba4ccee12df80c56e3cc2ef5,2019-05,Lancashire Constabulary,Lancashire Constabulary,-3.025699,53.889071,On or near Milburn Avenue,E01025557,Wyre 005A,Criminal damage and arson,Status update unavailable,
67a2edb83d3ed95c983d0244ca50c9bf5118b1a347cf8c964582678e48c2b5ff,2019-05,Lancashire Constabulary,Lancashire Constabulary,-3.025743,53.890248,On or near Amounderness Way,E01025557,Wyre 005A,Other theft,Status update unavailable,
9dbae825a9c520ef092b1f767793888c9b1f698c7e0383c79b1c34deff1bf281,2019-05,Lancashire Constabulary,Lancashire Constabulary,-3.028705,53.888812,On or near Ripon Close,E01025557,Wyre 005A,Violence and sexual offences,Status update unavailable,
5b184bc872812e3f3db13764138fa3f47114e7eac9921d2f44a6e7b37dd4d228,2019-05,Lancashire Constabulary,Lancashire Constabulary,-3.021834,53.888430,On or near Heron Close,E01025557,Wyre 005A,Violence and sexual offences,Unable to prosecute suspect,
ae45816a5085742dc8dccb94597b9f923c3fa7c26cc575e0498dbd48e7932b7f,2019-05,Lancashire Constabulary,Lancashire Constabulary,-3.032493,53.888770,On or near Barnes Drive,E01025557,Wyre 005A,Violence and sexual offences,Unable to prosecute suspect,
cf01d1b473ec242274d019e20c8078469c5188d908ab7e1a0eab1c0e4fed4cdf,2019-05,Lancashire Constabulary,Lancashire Constabulary,-3.020480,53.888459,On or near Plover Close,E01025557,Wyre 005A,Violence and sexual offences,Unable to prosecute suspect,
,2019-05,Lancashire Constabulary,Lancashire Constabulary,-3.028960,53.913419,On or near Forshaw Close,E01025575,Wyre 005B,Anti-social behaviour,,
,2019-05,Lancashire Constabulary,Lancashire Constabulary,-3.025648,53.912468,On or near Mayfield Place,E01025575,Wyre 005B,Anti-social behaviour,,
,2019-05,Lancashire Constabulary,Lancashire Constabulary,-3.013587,53.915465,On or near Park/Open Space,E01025575,Wyre 005B,Anti-social behaviour,,
,2019-05,Lancashire Constabulary,Lancashire Constabulary,-3.024485,53.914078,On or near Broomfield Road,E01025575,Wyre 005B,Anti-social behaviour,,
,2019-05,Lancashire Constabulary,Lancashire Constabulary,-3.013587,53.915465,On or near Park/Open Space,E01025575,Wyre 005B,Anti-social behaviour,,
,2019-05,Lancashire Constabulary,Lancashire Constabulary,-3.014870,53.916254,On or near Shopping Area,E01025575,Wyre 005B,Anti-social behaviour,,
,2019-05,Lancashire Constabulary,Lancashire Constabulary,-3.014870,53.916254,On or near Shopping Area,E01025575,Wyre 005B,Anti-social behaviour,,
,2019-05,Lancashire Constabulary,Lancashire Constabulary,-3.010222,53.918621,On or near Harbour Way,E01025575,Wyre 005B,Anti-social behaviour,,
,2019-05,Lancashire Constabulary,Lancashire Constabulary,-3.014870,53.916254,On or near Shopping Area,E01025575,Wyre 005B,Anti-social behaviour,,
ac6718f26bd73ea7fe205efcecef095fbce85228631ac36020796de77658734b,2019-05,Lancashire Constabulary,Lancashire Constabulary,-3.014870,53.916254,On or near Shopping Area,E01025575,Wyre 005B,Criminal damage and arson,Status update unavailable,
58faf6daf2b00fe18cf2d1f798e27975541ca34be4767a34684efa33444dda06,2019-05,Lancashire Constabulary,Lancashire Constabulary,-3.014870,53.916254,On or near Shopping Area,E01025575,Wyre 005B,Criminal damage and arson,Status update unavailable,
7e37625bfcd40ee765a68ba5146deb8f201a7a17b21985e7f4120a8b172ca091,2019-05,Lancashire Constabulary,Lancashire Constabulary,-3.018727,53.900195,On or near Park/Open Space,E01025575,Wyre 005B,Criminal damage and arson,Unable to prosecute suspect,
16fb0874ff019a1710e97c6a035a1b22c4765424f382c16884bcce5dc0ebec6e,2019-05,Lancashire Constabulary,Lancashire Constabulary,-3.024485,53.914078,On or near Broomfield Road,E01025575,Wyre 005B,Public order,Status update unavailable,
4368259bcfa8d8c20e05cdfcd25fa29ef5bb8814acd2fccff5b4a393d10db36b,2019-05,Lancashire Constabulary,Lancashire Constabulary,-3.012664,53.917603,On or near Shopping Area,E01025575,Wyre 005B,Shoplifting,Status update unavailable,
b992c41f699d4973302b4a4f80142c98f7404e029a79d669c486e6493a50d5ca,2019-05,Lancashire Constabulary,Lancashire Constabulary,-3.012664,53.917603,On or near Shopping Area,E01025575,Wyre 005B,Shoplifting,Status update unavailable,
6dbe67eac2779cf71e91d046b5fedddeaa170b841c456daca6cf9709b15cf98a,2019-05,Lancashire Constabulary,Lancashire Constabulary,-3.025648,53.912468,On or near Mayfield Place,E01025575,Wyre 005B,Vehicle crime,Status update unavailable,
30b17980f3fcdf0c7469d43763aaaf70dd9a2c8e2b1f0a2a9f01073141fe94c1,2019-05,Lancashire Constabulary,Lancashire Constabulary,-3.024485,53.914078,On or near Broomfield Road,E01025575,Wyre 005B,Violence and sexual offences,Awaiting court outcome,
671a024085de76f42ef4b226af1db60d5d9120f7daf270a734f75fc53bf3157d,2019-05,Lancashire Constabulary,Lancashire Constabulary,-3.028960,53.913419,On or near Forshaw Close,E01025575,Wyre 005B,Violence and sexual offences,Unable to prosecute suspect,
bd10b296d2c14599b41f37f8ef42d17250b29c162f66bbf57c089c9d0e7ca0da,2019-05,Lancashire Constabulary,Lancashire Constabulary,-3.018727,53.900195,On or near Park/Open Space,E01025575,Wyre 005B,Violence and sexual offences,Further investigation is not in the public interest,
00443cab0127e863a182467a858a773b5a65c070763af6f858788d4b81a67166,2019-05,Lancashire Constabulary,Lancashire Constabulary,-3.024485,53.914078,On or near Broomfield Road,E01025575,Wyre 005B,Violence and sexual offences,Status update unavailable,
2e38106d8afd2bdf46a2489ca7b7fe95e8458c1026d5cb0e33eaa23e1d2a76f9,2019-05,Lancashire Constabulary,Lancashire Constabulary,-3.024485,53.914078,On or near Broomfield Road,E01025575,Wyre 005B,Violence and sexual offences,Status update unavailable,
de9bbdeb3ad3e54d7506ec14f0b53daa7e147180651427b30ad6d32b5789de3c,2019-05,Lancashire Constabulary,Lancashire Constabulary,-3.013587,53.915465,On or near Park/Open Space,E01025575,Wyre 005B,Violence and sexual offences,Unable to prosecute suspect,
a6757323233bc8177add90275480cf28d825e92b9e4ce84417bc72bcc1fc1e7b,2019-05,Lancashire Constabulary,Lancashire Constabulary,-3.027229,53.913605,On or near Greenfield Road,E01025575,Wyre 005B,Violence and sexual offences,Status update unavailable,
4614ba242fd6bb8329b46ff8f46cfe82b3f122e201301bf024d8a775f5a65c20,2019-05,Lancashire Constabulary,Lancashire Constabulary,-3.018727,53.900195,On or near Park/Open Space,E01025575,Wyre 005B,Violence and sexual offences,Further investigation is not in the public interest,
b83b5b58422952367756fa3642060aa9ff5e733e96e74d65f5f60fd668db4af4,2019-05,Lancashire Constabulary,Lancashire Constabulary,-3.018727,53.900195,On or near Park/Open Space,E01025575,Wyre 005B,Violence and sexual offences,Status update unavailable,
f1e4930913066d282714c560d82f504884634a3bd56eb433f922b8f4cc54b269,2019-05,Lancashire Constabulary,Lancashire Constabulary,-3.012965,53.919326,On or near Bayside,E01025575,Wyre 005B,Violence and sexual offences,Unable to prosecute suspect,
e9e26ec4e1e24ec3cc43aeb8883028ab09fd6126909bf3d73065f1e2ef39ab78,2019-05,Lancashire Constabulary,Lancashire Constabulary,-3.012965,53.919326,On or near Bayside,E01025575,Wyre 005B,Violence and sexual offences,Unable to prosecute suspect,
1aa13dc9ba5b6c0a4f44a0879370f3dd228789aa6d5728179784e4e6aba0c2db,2019-05,Lancashire Constabulary,Lancashire Constabulary,-3.024983,53.915161,On or near Broomfield Road,E01025575,Wyre 005B,Violence and sexual offences,Unable to prosecute suspect,
9afb964f157ee6c051ab6b39c3340a89424c92821caea80b6288120d63524976,2019-05,Lancashire Constabulary,Lancashire Constabulary,-3.025648,53.912468,On or near Mayfield Place,E01025575,Wyre 005B,Violence and sexual offences,Unable to prosecute suspect,
a87ec5fb96e06a95854064ce6c8f31f1ec3d6ec6b70367b9861e6fc9550585dd,2019-05,Lancashire Constabulary,Lancashire Constabulary,-3.024983,53.915161,On or near Broomfield Road,E01025575,Wyre 005B,Violence and sexual offences,Unable to prosecute suspect,
,2019-05,Lancashire Constabulary,Lancashire Constabulary,-3.028370,53.904930,On or near Hazel Avenue,E01025578,Wyre 005C,Anti-social behaviour,,
,2019-05,Lancashire Constabulary,Lancashire Constabulary,-3.032660,53.911608,On or near Langwood,E01025578,Wyre 005C,Anti-social behaviour,,
,2019-05,Lancashire Constabulary,Lancashire Constabulary,-3.028306,53.905407,On or near Maple Avenue,E01025578,Wyre 005C,Anti-social behaviour,,
,2019-05,Lancashire Constabulary,Lancashire Constabulary,-3.028370,53.904930,On or near Hazel Avenue,E01025578,Wyre 005C,Anti-social behaviour,,
,2019-05,Lancashire Constabulary,Lancashire Constabulary,-3.029447,53.909110,On or near Orchard Drive,E01025578,Wyre 005C,Anti-social behaviour,,
,2019-05,Lancashire Constabulary,Lancashire Constabulary,-3.028370,53.904930,On or near Hazel Avenue,E01025578,Wyre 005C,Anti-social behaviour,,
,2019-05,Lancashire Constabulary,Lancashire Constabulary,-3.031370,53.911161,On or near Northfleet Avenue,E01025578,Wyre 005C,Anti-social behaviour,,
,2019-05,Lancashire Constabulary,Lancashire Constabulary,-3.031370,53.911161,On or near Northfleet Avenue,E01025578,Wyre 005C,Anti-social behaviour,,
,2019-05,Lancashire Constabulary,Lancashire Constabulary,-3.030736,53.908874,On or near Homestead Way,E01025578,Wyre 005C,Anti-social behaviour,,
,2019-05,Lancashire Constabulary,Lancashire Constabulary,-3.027399,53.909361,On or near Copse Road,E01025578,Wyre 005C,Anti-social behaviour,,
,2019-05,Lancashire Constabulary,Lancashire Constabulary,-3.028370,53.904930,On or near Hazel Avenue,E01025578,Wyre 005C,Anti-social behaviour,,
1a3657df7413d96af7e06eb82ec383bc517704ec82ce6e2a95f9c0a80def5d1d,2019-05,Lancashire Constabulary,Lancashire Constabulary,-3.029601,53.909765,On or near Homestead Drive,E01025578,Wyre 005C,Burglary,Status update unavailable,
d4ba0833c1ce92df3c69e2024792a2e2302134c14e263723de2908389e49e277,2019-05,Lancashire Constabulary,Lancashire Constabulary,-3.028370,53.904930,On or near Hazel Avenue,E01025578,Wyre 005C,Burglary,Unable to prosecute suspect,
fe3fbf4e10dde73285e001bd84aae3c3e5e827e494db773ed4017f01b00d3d63,2019-05,Lancashire Constabulary,Lancashire Constabulary,-3.029601,53.909765,On or near Homestead Drive,E01025578,Wyre 005C,Burglary,Status update unavailable,
ec3412b14d736b841d502b9eb2e5404cad0598eebd7c2b562afe4565c61a5798,2019-05,Lancashire Constabulary,Lancashire Constabulary,-3.029601,53.909765,On or near Homestead Drive,E01025578,Wyre 005C,Burglary,Status update unavailable,
4682e7ec9cd8f0cc5645a48110330ad350d132d7a3801ce1a20832b327a3a82c,2019-05,Lancashire Constabulary,Lancashire Constabulary,-3.029601,53.909765,On or near Homestead Drive,E01025578,Wyre 005C,Burglary,Status update unavailable,
d8dba05e7d22e704f5d9d0947e511c214a596f520a7b5209f0cad57210ce2970,2019-05,Lancashire Constabulary,Lancashire Constabulary,-3.029845,53.907318,On or near Southfleet Avenue,E01025578,Wyre 005C,Criminal damage and arson,Unable to prosecute suspect,
69765f2a10caa825603f5e15f97438277d85e88a35e52eeddadbf052a8aa4829,2019-05,Lancashire Constabulary,Lancashire Constabulary,-3.028678,53.905063,On or near Broadwater Avenue,E01025578,Wyre 005C,Other theft,Status update unavailable,
3034a3ea1eb1e7362bfb9e35c38eec4d4291b972d9c984af01c3e6eb41c5f464,2019-05,Lancashire Constabulary,Lancashire Constabulary,-3.029338,53.904059,On or near Cedar Avenue,E01025578,Wyre 005C,Other theft,Status update unavailable,
db4536974957839094c81e9ea7b8e1151d0127817590f06623cc069699451422,2019-05,Lancashire Constabulary,Lancashire Constabulary,-3.027399,53.909361,On or near Copse Road,E01025578,Wyre 005C,Public order,Status update unavailable,
8d19078fac340c4821fc12c476c0fbea43b312cea9089bb0d086076cb3ab0c9c,2019-05,Lancashire Constabulary,Lancashire Constabulary,-3.030165,53.904232,On or near Wood Street,E01025578,Wyre 005C,Violence and sexual offences,Unable to prosecute suspect,
c9a6390577b01c063f2aff681bd56abca384e4b0071286dde94db9e02702214c,2019-05,Lancashire Constabulary,Lancashire Constabulary,-3.028370,53.904930,On or near Hazel Avenue,E01025578,Wyre 005C,Violence and sexual offences,Unable to prosecute suspect,
69f33d5c648dcd4d77f8032df892386ffacd6514ba3371d03feb017e70ed2810,2019-05,Lancashire Constabulary,Lancashire Constabulary,-3.031585,53.907500,On or near Fleetwood Road,E01025578,Wyre 005C,Violence and sexual offences,Status update unavailable,
154a382266dc2cdd7d7d21dd2d61149c5734468bf31a2d3385969cd677d6b097,2019-05,Lancashire Constabulary,Lancashire Constabulary,-3.028678,53.905063,On or near Broadwater Avenue,E01025578,Wyre 005C,Violence and sexual offences,Status update unavailable,
06de111330e38bb60cfcd1aeac676b8a5d43dc77a85c53cb499e7c0e9b626b58,2019-05,Lancashire Constabulary,Lancashire Constabulary,-3.028306,53.905407,On or near Maple Avenue,E01025578,Wyre 005C,Violence and sexual offences,Action to be taken by another organisation,
91aaaf7d8775485d31d81e34cce94c3491c27d245c1f5fe1663ef479b82e88f8,2019-05,Lancashire Constabulary,Lancashire Constabulary,-3.028678,53.905063,On or near Broadwater Avenue,E01025578,Wyre 005C,Violence and sexual offences,Unable to prosecute suspect,
2c2e7a58b9d57567955a5fa5ab9e52c0443be4b6ddbdcc56f32629bcd6c4e096,2019-05,Lancashire Constabulary,Lancashire Constabulary,-3.029601,53.909765,On or near Homestead Drive,E01025578,Wyre 005C,Violence and sexual offences,Unable to prosecute suspect,
6a70b193f938ccdc5e1e6fb4bdb1697126352d3e684ab85eac91131fcd2998c3,2019-05,Lancashire Constabulary,Lancashire Constabulary,-3.029449,53.906090,On or near Larkholme Avenue,E01025578,Wyre 005C,Violence and sexual offences,Action to be taken by another organisation,
,2019-05,Lancashire Constabulary,Lancashire Constabulary,-3.026466,53.911059,On or near Radcliffe Road,E01025579,Wyre 005D,Anti-social behaviour,,
7e230f4414ae0d2de4a15cf024b0e87c8190ce41590f70c8b1d24eda70053337,2019-05,Lancashire Constabulary,Lancashire Constabulary,-3.033590,53.913487,On or near Petrol Station,E01025579,Wyre 005D,Bicycle theft,Investigation complete; no suspect identified,
4a4e58e1d8f821baf552b5b087c9074370eb90c9b7fad52b638b054a4a3bfb8d,2019-05,Lancashire Constabulary,Lancashire Constabulary,-3.030463,53.912040,On or near Whinfield Avenue,E01025579,Wyre 005D,Burglary,Status update unavailable,
560902245446c42c2c192895151e3a522f2b5d9e38d03a0dc6b11fa041ea74a8,2019-05,Lancashire Constabulary,Lancashire Constabulary,-3.030463,53.912040,On or near Whinfield Avenue,E01025579,Wyre 005D,Criminal damage and arson,Status update unavailable,
2ea9ec2faa8cb039c7275293f3cb74ea71475c94b5036ad463c53f34da5392ce,2019-05,Lancashire Constabulary,Lancashire Constabulary,-3.030463,53.912040,On or near Whinfield Avenue,E01025579,Wyre 005D,Other theft,Status update unavailable,
dce5a0859176130a1594eea42841b6e00a7570a72c07a988a0cb5aab0c3e0b97,2019-05,Lancashire Constabulary,Lancashire Constabulary,-3.027889,53.911990,On or near Hazeldene Road,E01025579,Wyre 005D,Public order,Status update unavailable,
5547f563ea81db61706e1726dd706e2e6c4d20213fb30ad5989d84573e1dbbd4,2019-05,Lancashire Constabulary,Lancashire Constabulary,-3.033590,53.913487,On or near Petrol Station,E01025579,Wyre 005D,Shoplifting,Investigation complete; no suspect identified,
6050eac4110da673249f47a2dede696ddacad95dec26757860c533a90208ecf7,2019-05,Lancashire Constabulary,Lancashire Constabulary,-3.030463,53.912040,On or near Whinfield Avenue,E01025579,Wyre 005D,Violence and sexual offences,Unable to prosecute suspect,
a7bf381b19b8286c813c13dc0b2e626f9d43d71c8c28cd28bbf35375149bfdbb,2019-05,Lancashire Constabulary,Lancashire Constabulary,-3.030463,53.912040,On or near Whinfield Avenue,E01025579,Wyre 005D,Violence and sexual offences,Unable to prosecute suspect,
b14e7eb13e52872449b05e14e010feb0419fe4179738ecb1f419cf6596acdfa5,2019-05,Lancashire Constabulary,Lancashire Constabulary,-3.027937,53.910848,On or near Fairfield Court,E01025579,Wyre 005D,Violence and sexual offences,Unable to prosecute suspect,
,2019-05,Lancashire Constabulary,Lancashire Constabulary,-3.023396,53.898807,On or near Rossall Lane,E01025580,Wyre 005E,Anti-social behaviour,,
,2019-05,Lancashire Constabulary,Lancashire Constabulary,-3.030647,53.904659,On or near Brook Street,E01025580,Wyre 005E,Anti-social behaviour,,
,2019-05,Lancashire Constabulary,Lancashire Constabulary,-3.023396,53.898807,On or near Rossall Lane,E01025580,Wyre 005E,Anti-social behaviour,,
,2019-05,Lancashire Constabulary,Lancashire Constabulary,-3.023396,53.898807,On or near Rossall Lane,E01025580,Wyre 005E,Anti-social behaviour,,
,2019-05,Lancashire Constabulary,Lancashire Constabulary,-3.029639,53.905153,On or near Hawthorn Avenue,E01025580,Wyre 005E,Anti-social behaviour,,
,2019-05,Lancashire Constabulary,Lancashire Constabulary,-3.023396,53.898807,On or near Rossall Lane,E01025580,Wyre 005E,Anti-social behaviour,,
,2019-05,Lancashire Constabulary,Lancashire Constabulary,-3.023396,53.898807,On or near Rossall Lane,E01025580,Wyre 005E,Anti-social behaviour,,
,2019-05,Lancashire Constabulary,Lancashire Constabulary,-3.032007,53.904270,On or near The Crescent,E01025580,Wyre 005E,Anti-social behaviour,,
,2019-05,Lancashire Constabulary,Lancashire Constabulary,-3.023396,53.898807,On or near Rossall Lane,E01025580,Wyre 005E,Anti-social behaviour,,
,2019-05,Lancashire Constabulary,Lancashire Constabulary,-3.023396,53.898807,On or near Rossall Lane,E01025580,Wyre 005E,Anti-social behaviour,,
,2019-05,Lancashire Constabulary,Lancashire Constabulary,-3.030647,53.904659,On or near Brook Street,E01025580,Wyre 005E,Anti-social behaviour,,
dd7146c8833085bfe22b4d60dc6106aa36e85849b5020353f9df11a44aa9655b,2019-05,Lancashire Constabulary,Lancashire Constabulary,-3.023396,53.898807,On or near Rossall Lane,E01025580,Wyre 005E,Criminal damage and arson,Status update unavailable,
88ce6eb501017cb752bc41a358f63e3be8442859a1d2fcd053f82a0a21bf3070,2019-05,Lancashire Constabulary,Lancashire Constabulary,-3.023396,53.898807,On or near Rossall Lane,E01025580,Wyre 005E,Criminal damage and arson,Status update unavailable,
880a115156e927183af8829e575520856efbbf6fe3d74c9bd4e0d4d883017319,2019-05,Lancashire Constabulary,Lancashire Constabulary,-3.034562,53.907870,On or near Mariners Close,E01025580,Wyre 005E,Other theft,Further investigation is not in the public interest,
575b8bef3f39a12bda331010bf0847fde7aaeee7e9b391b3fe9c85a604ef8785,2019-05,Lancashire Constabulary,Lancashire Constabulary,-3.034562,53.907870,On or near Mariners Close,E01025580,Wyre 005E,Other theft,Status update unavailable,
7a2b5d4c5b173a67b9712357aacff200b8f4b7ada3a4e478a17b11671a3763bb,2019-05,Lancashire Constabulary,Lancashire Constabulary,-3.031207,53.905149,On or near Supermarket,E01025580,Wyre 005E,Public order,Further investigation is not in the public interest,
83e2a0e1d65e91b2f2f668aefad3ef9de76d26a51b967d307e1f3064741319c7,2019-05,Lancashire Constabulary,Lancashire Constabulary,-3.031207,53.905149,On or near Supermarket,E01025580,Wyre 005E,Public order,Further investigation is not in the public interest,
2385c7d3b44075ced32186a51c6576b44f4d31a71f4674b3eb6c21fbbe5f4ab1,2019-05,Lancashire Constabulary,Lancashire Constabulary,-3.030647,53.904659,On or near Brook Street,E01025580,Wyre 005E,Public order,Awaiting court outcome,
64837f8947508292189c1937c92499adae03a46526496bdc10da55a8d2a7edbd,2019-05,Lancashire Constabulary,Lancashire Constabulary,-3.031207,53.905149,On or near Supermarket,E01025580,Wyre 005E,Public order,Further investigation is not in the public interest,
2fe0ae8a3f8fc688b3a8835efed419561cada20e79cc43fb1f36b71e32b2dc7f,2019-05,Lancashire Constabulary,Lancashire Constabulary,-3.031207,53.905149,On or near Supermarket,E01025580,Wyre 005E,Shoplifting,Investigation complete; no suspect identified,
be355b2f49fbb50591dade236261babc38e55252eec226d46af5692c2884cf88,2019-05,Lancashire Constabulary,Lancashire Constabulary,-3.034880,53.904110,On or near Melbourne Avenue,E01025580,Wyre 005E,Violence and sexual offences,Unable to prosecute suspect,
1d2122e9793e43fef284756124125fc97f0af0678c4a98ec8bcad488950501b9,2019-05,Lancashire Constabulary,Lancashire Constabulary,-3.023396,53.898807,On or near Rossall Lane,E01025580,Wyre 005E,Violence and sexual offences,Status update unavailable,
,2019-05,Lancashire Constabulary,Lancashire Constabulary,-2.761500,53.875705,On or near Mayflower Grove,E01025547,Wyre 006A,Anti-social behaviour,,
,2019-05,Lancashire Constabulary,Lancashire Constabulary,-2.763096,53.853071,On or near Further/Higher Educational Building,E01025547,Wyre 006A,Anti-social behaviour,,
,2019-05,Lancashire Constabulary,Lancashire Constabulary,-2.756540,53.873911,On or near Robinson Court,E01025547,Wyre 006A,Anti-social behaviour,,
,2019-05,Lancashire Constabulary,Lancashire Constabulary,-2.730526,53.863997,On or near Lydiate Lane,E01025547,Wyre 006A,Anti-social behaviour,,
f9205bb2569a7f49a98df885b2750255ec09741fe24282fcc7d46a3b202afa7b,2019-05,Lancashire Constabulary,Lancashire Constabulary,-2.761500,53.875705,On or near Mayflower Grove,E01025547,Wyre 006A,Other theft,Status update unavailable,
5b907907aeed3edf4dab89ed1240c4d2650971a4824979c93eef16487ffcc7a9,2019-05,Lancashire Constabulary,Lancashire Constabulary,-2.745033,53.856340,On or near The Hawthorns,E01025547,Wyre 006A,Public order,Formal action is not in the public interest,
b4f8d010f27236580c3374f8c67de6d8b5f34502b572dff912e460950f607e08,2019-05,Lancashire Constabulary,Lancashire Constabulary,-2.742737,53.852022,On or near Parking Area,E01025547,Wyre 006A,Vehicle crime,Status update unavailable,
05de55dd3cb008cf63b55fc2f5f15de349c1c151aad6a89698b56b32c4f7183f,2019-05,Lancashire Constabulary,Lancashire Constabulary,-2.691574,53.903083,On or near Delph Lane,E01025547,Wyre 006A,Violence and sexual offences,Unable to prosecute suspect,
513adf83817eb6f928add717227be6f0f416931aecefca0847a9d4772faede0a,2019-05,Lancashire Constabulary,Lancashire Constabulary,-2.722982,53.849833,On or near Green Lane,E01025547,Wyre 006A,Violence and sexual offences,Further investigation is not in the public interest,
999a53e8e13fb3361804eab724698de5b754e56f82b01200a9574fbd2fc60d2d,2019-05,Lancashire Constabulary,Lancashire Constabulary,-2.763111,53.875640,On or near Burghley Brow,E01025547,Wyre 006A,Violence and sexual offences,Unable to prosecute suspect,
,2019-05,Lancashire Constabulary,Lancashire Constabulary,-2.761444,53.891874,On or near Dimples Lane,E01025549,Wyre 006B,Anti-social behaviour,,
,2019-05,Lancashire Constabulary,Lancashire Constabulary,-2.767703,53.893812,On or near Sports/Recreation Area,E01025549,Wyre 006B,Anti-social behaviour,,
,2019-05,Lancashire Constabulary,Lancashire Constabulary,-2.771194,53.896603,On or near Bonds Lane,E01025549,Wyre 006B,Anti-social behaviour,,
40d4670fd5103a8230a89101bc4cca954334aab79f611882d74133150aef0c55,2019-05,Lancashire Constabulary,Lancashire Constabulary,-2.758629,53.912861,On or near Hazelhead Lane,E01025549,Wyre 006B,Burglary,Status update unavailable,
8d28db3604ee42a8c5a9ffc408a0bfa6062ba334f2961f2f1c945708dc000366,2019-05,Lancashire Constabulary,Lancashire Constabulary,-2.745727,53.904781,On or near Parkhead Lane,E01025549,Wyre 006B,Burglary,Status update unavailable,
17582838759112fa9cca85ec54972cd800cc9fb563670ba1186f383c1ee447ef,2019-05,Lancashire Constabulary,Lancashire Constabulary,-2.766009,53.896025,On or near Dimples Court,E01025549,Wyre 006B,Criminal damage and arson,Status update unavailable,
74ccb39a8acc1245a35b12d389bb62cdd14f33f12cb873ddd373198dbc6e46c3,2019-05,Lancashire Constabulary,Lancashire Constabulary,-2.765328,53.886241,On or near Broom Field,E01025549,Wyre 006B,Other theft,Status update unavailable,
a444dd04d2b01bb53c9aefa3171680183d14b3466f1e7444a0436290b8ed1869,2019-05,Lancashire Constabulary,Lancashire Constabulary,-2.758629,53.912861,On or near Hazelhead Lane,E01025549,Wyre 006B,Other theft,Status update unavailable,
502f4fc0f6022fa4ae68b4b401c82eb416f7194c93ea9d03aa7496638f0cc759,2019-05,Lancashire Constabulary,Lancashire Constabulary,-2.767421,53.889230,On or near Garstang Road,E01025549,Wyre 006B,Public order,Status update unavailable,
7c34b290c8dd889b2764d324c90e98a7d4694e44e917d8ae5acc4bbc5a6cfd2f,2019-05,Lancashire Constabulary,Lancashire Constabulary,-2.714926,53.905085,On or near Burnside Avenue,E01025549,Wyre 006B,Violence and sexual offences,Unable to prosecute suspect,
35565619c4c9d6e7887f162a1c6ef0698ac2d2d7ac6c3cb17acd21d45e20fb9a,2019-05,Lancashire Constabulary,Lancashire Constabulary,-2.774063,53.897070,On or near Waters Edge Green,E01025549,Wyre 006B,Violence and sexual offences,Formal action is not in the public interest,
241b2d21c451136400edaa16f439f5beb9e03f74b2e7d7c5faa4ff3dd2d7051f,2019-05,Lancashire Constabulary,Lancashire Constabulary,-2.767115,53.887443,On or near Topiary Gardens,E01025549,Wyre 006B,Violence and sexual offences,Status update unavailable,
984c051b81298400871e7f161eddc49ec695401028a91bc870d76c7329c8b72e,2019-05,Lancashire Constabulary,Lancashire Constabulary,-2.745110,53.911975,On or near Eidsforth Lane,E01025549,Wyre 006B,Violence and sexual offences,Unable to prosecute suspect,
,2019-05,Lancashire Constabulary,Lancashire Constabulary,-2.780716,53.954316,On or near Spring Vale,E01025609,Wyre 006C,Anti-social behaviour,,
4fd9c5141fdd7fd5dde2aeecb3b56301d4737c2202371870c63af268ca1ce0fe,2019-05,Lancashire Constabulary,Lancashire Constabulary,-2.733493,53.974432,On or near Rivers View Fold,E01025609,Wyre 006C,Burglary,Status update unavailable,
a588aafbf6826505950589fb8c35ec576e66174c654949e9af898b13af98a174,2019-05,Lancashire Constabulary,Lancashire Constabulary,-2.760582,53.961645,On or near Motorway Service Area,E01025609,Wyre 006C,Criminal damage and arson,Status update unavailable,
cc9e2b291340713493d8dcd25c61c15272c9a7e96d025f16ced8f7a42ed34f08,2019-05,Lancashire Constabulary,Lancashire Constabulary,-2.662593,53.900065,On or near Bleasedale Lane,E01025609,Wyre 006C,Criminal damage and arson,Status update unavailable,
e883232b7428e87e030958f6aa96a58f06f71598ac7c607dd095ca542822dd24,2019-05,Lancashire Constabulary,Lancashire Constabulary,-2.777024,53.962304,On or near Petrol Station,E01025609,Wyre 006C,Criminal damage and arson,Status update unavailable,
40a326278ba1c247777d705c0d8939e0bfa10cc2d78066dee331163ca1e7bcf8,2019-05,Lancashire Constabulary,Lancashire Constabulary,-2.761358,53.961568,On or near Petrol Station,E01025609,Wyre 006C,Drugs,Status update unavailable,
37e36a0624581b3e25df1e99ea677ecb1a61711c6a2f6345eb20e6adc332c093,2019-05,Lancashire Constabulary,Lancashire Constabulary,-2.760582,53.961645,On or near Motorway Service Area,E01025609,Wyre 006C,Other theft,Status update unavailable,
dbdfcb127dd99b9e5533353b3cf4d095c09bbf1cfd84cff0f0edd34ab3d73015,2019-05,Lancashire Constabulary,Lancashire Constabulary,-2.759976,53.962700,On or near Parking Area,E01025609,Wyre 006C,Other theft,Status update unavailable,
6671cdd8ed32a63cea8a2fb7ee7d96a539215c2809bfabcd7feee40bb9427a87,2019-05,Lancashire Constabulary,Lancashire Constabulary,-2.745702,53.937516,On or near Park/Open Space,E01025609,Wyre 006C,Other theft,Status update unavailable,
b65ec96122e77e9257b95c05f2cec346b0c5c3f93e5f014a9cdb5c211b3a0f1e,2019-05,Lancashire Constabulary,Lancashire Constabulary,-2.760582,53.961645,On or near Motorway Service Area,E01025609,Wyre 006C,Other theft,Status update unavailable,
0af00f7103e2a70f1c81c83c87e814749c3e2d8bd59b1c0b61a629fd0e785654,2019-05,Lancashire Constabulary,Lancashire Constabulary,-2.761358,53.961568,On or near Petrol Station,E01025609,Wyre 006C,Other theft,Status update unavailable,
17ee920785a79ec023ff16447a53d0edb7723810808171856698d565ffb1137a,2019-05,Lancashire Constabulary,Lancashire Constabulary,-2.761358,53.961568,On or near Petrol Station,E01025609,Wyre 006C,Vehicle crime,Status update unavailable,
67ef35c519b0663cc6e34d43f2a6c88ba735a9cab4be5c6512a601f27fdc22d7,2019-05,Lancashire Constabulary,Lancashire Constabulary,-2.765634,53.952041,On or near Richmond Hill Lane,E01025609,Wyre 006C,Violence and sexual offences,Status update unavailable,
,2019-05,Lancashire Constabulary,Lancashire Constabulary,-2.779772,53.908645,On or near Birch Road,E01025548,Wyre 007A,Anti-social behaviour,,
,2019-05,Lancashire Constabulary,Lancashire Constabulary,-2.778919,53.911033,On or near Preston Lancaster New Road,E01025548,Wyre 007A,Anti-social behaviour,,
4863dc41f5779f877545584720c2c6732f72f30edff6ba749a4ae4c9aabc1d17,2019-05,Lancashire Constabulary,Lancashire Constabulary,-2.776347,53.914357,On or near Petrol Station,E01025548,Wyre 007A,Burglary,Status update unavailable,
f5fd459ec4b1ff97cd8a7a987dce08de724691bd555e25169d8f1f5fd29b2226,2019-05,Lancashire Constabulary,Lancashire Constabulary,-2.778919,53.911033,On or near Preston Lancaster New Road,E01025548,Wyre 007A,Criminal damage and arson,Status update unavailable,
89d2460ae50b2a3c52d9abd0177b62f3d8dc166c9535a3951b932d95f593fa54,2019-05,Lancashire Constabulary,Lancashire Constabulary,-2.779521,53.911505,On or near The Croft,E01025548,Wyre 007A,Criminal damage and arson,Status update unavailable,
be90189a8247ef406e295ab97d0fa9100d11f264fc7616d3ebaa52b1de3da817,2019-05,Lancashire Constabulary,Lancashire Constabulary,-2.778919,53.911033,On or near Preston Lancaster New Road,E01025548,Wyre 007A,Other theft,Unable to prosecute suspect,
684741e0ef6ae1b475a95e89acbc1029ebd0785e4e35d575cc544e15d348e390,2019-05,Lancashire Constabulary,Lancashire Constabulary,-2.776395,53.912047,On or near Lancaster Road,E01025548,Wyre 007A,Other theft,Status update unavailable,
f5e98d7ecd43369cbe5824807df40144db21baf36c1e8e755efcd21c50b354d5,2019-05,Lancashire Constabulary,Lancashire Constabulary,-2.771814,53.938519,On or near Station Lane,E01025548,Wyre 007A,Public order,Unable to prosecute suspect,
044de65d83fc9ebfa5c6a7825add5921f9aa20c6231a9199589c7389784a6255,2019-05,Lancashire Constabulary,Lancashire Constabulary,-2.771814,53.938519,On or near Station Lane,E01025548,Wyre 007A,Violence and sexual offences,Formal action is not in the public interest,
f90535d49212a923b24480d7a738c915b7ec3ab53b0ada5ee84ebcbc4e22e603,2019-05,Lancashire Constabulary,Lancashire Constabulary,-2.778919,53.911033,On or near Preston Lancaster New Road,E01025548,Wyre 007A,Violence and sexual offences,Status update unavailable,
,2019-05,Lancashire Constabulary,Lancashire Constabulary,-2.764769,53.879800,On or near Calder Drive,E01025553,Wyre 007B,Anti-social behaviour,,
,2019-05,Lancashire Constabulary,Lancashire Constabulary,-2.765488,53.880865,On or near Duckworth Close,E01025553,Wyre 007B,Anti-social behaviour,,
,2019-05,Lancashire Constabulary,Lancashire Constabulary,-2.765727,53.879776,On or near Thornbank Drive,E01025553,Wyre 007B,Anti-social behaviour,,
,2019-05,Lancashire Constabulary,Lancashire Constabulary,-2.777770,53.879510,On or near Old Lancaster Road,E01025553,Wyre 007B,Anti-social behaviour,,
a6af076668ed50ba93926e4119dc4064cb4b4c9ee1d932aa0645da2d8fc5e418,2019-05,Lancashire Constabulary,Lancashire Constabulary,-2.766434,53.882657,On or near Meadowcroft Avenue,E01025553,Wyre 007B,Burglary,Status update unavailable,
41436329ece0e11b57a0962be36ea23ee0d9b93e841b5ec377e8cf6de5d134b9,2019-05,Lancashire Constabulary,Lancashire Constabulary,-2.766434,53.882657,On or near Meadowcroft Avenue,E01025553,Wyre 007B,Burglary,Status update unavailable,
302c2162b0906804e3ec4d87e5599c9d451c2e6af94367f412bb574b5602beda,2019-05,Lancashire Constabulary,Lancashire Constabulary,-2.766837,53.882250,On or near Greenway,E01025553,Wyre 007B,Burglary,Status update unavailable,
3f2983359a740590c7d2ded8173a13755ec786fa9ca1e489a32b4d4da821d4a0,2019-05,Lancashire Constabulary,Lancashire Constabulary,-2.766837,53.882250,On or near Greenway,E01025553,Wyre 007B,Burglary,Status update unavailable,
16ca25de22783fe90d35df2494cd75a6632ad48d6a6ffad30616eddc85bc8a17,2019-05,Lancashire Constabulary,Lancashire Constabulary,-2.766434,53.882657,On or near Meadowcroft Avenue,E01025553,Wyre 007B,Burglary,Status update unavailable,
9b48e041e98ac01e7fb6452adcd0ced7ee595f820228e727d35ed9dbe6fe3763,2019-05,Lancashire Constabulary,Lancashire Constabulary,-2.765034,53.880985,On or near Duckworth Drive,E01025553,Wyre 007B,Burglary,Status update unavailable,
7c24054ae945a36862c99c8eba619d72919e875748e21a4ea62e2e38cd6c1070,2019-05,Lancashire Constabulary,Lancashire Constabulary,-2.767362,53.882696,On or near Whitewell Close,E01025553,Wyre 007B,Burglary,Status update unavailable,
15b5f6521fd5658f707954c263bf0d593ccae8af16f2ab9d7b73975072e383d9,2019-05,Lancashire Constabulary,Lancashire Constabulary,-2.766434,53.882657,On or near Meadowcroft Avenue,E01025553,Wyre 007B,Burglary,Status update unavailable,
6edac51d02d696b1c3c132c6651f41fd10a38fcc7bfa88cb6e9656a0bceee6b8,2019-05,Lancashire Constabulary,Lancashire Constabulary,-2.766837,53.882250,On or near Greenway,E01025553,Wyre 007B,Burglary,Status update unavailable,
f44bfe267a1795dd37ace2ddb2c886601cda08056d2d73e0825c5b6960e8306b,2019-05,Lancashire Constabulary,Lancashire Constabulary,-2.777770,53.879510,On or near Old Lancaster Road,E01025553,Wyre 007B,Criminal damage and arson,Status update unavailable,
76a297631d708eeabd8e381b2f896486fdcd8804f58231b3aee8beff295871d4,2019-05,Lancashire Constabulary,Lancashire Constabulary,-2.766647,53.881847,On or near Calico Drive,E01025553,Wyre 007B,Criminal damage and arson,Status update unavailable,
0ab67ff3eb7c9cb955bf21e44681b211f31d7b5662b40d85ed2e7d8b968b599d,2019-05,Lancashire Constabulary,Lancashire Constabulary,-2.805837,53.897777,On or near Longmoor Lane,E01025553,Wyre 007B,Criminal damage and arson,Status update unavailable,
fa86e7940bbfcc2562faa08926b496ca9859573f876992a7dd8a47b1f1c8f8d0,2019-05,Lancashire Constabulary,Lancashire Constabulary,-2.768810,53.881986,On or near Keppers Wood Way,E01025553,Wyre 007B,Other theft,Status update unavailable,
51c9f29449931a637383c2157e653f1fa04fdd65d304ae2eb65411d36cd57f4e,2019-05,Lancashire Constabulary,Lancashire Constabulary,-2.781056,53.881996,On or near Petrol Station,E01025553,Wyre 007B,Other theft,Status update unavailable,
2520c09c3bfc2506b35f580eb590b2c7405b081d65c27b5b3477d1c8a04bb2a9,2019-05,Lancashire Constabulary,Lancashire Constabulary,-2.766434,53.882657,On or near Meadowcroft Avenue,E01025553,Wyre 007B,Violence and sexual offences,Unable to prosecute suspect,
,2019-05,Lancashire Constabulary,Lancashire Constabulary,-2.775573,53.901365,On or near Rope Walk,E01025558,Wyre 007C,Anti-social behaviour,,
,2019-05,Lancashire Constabulary,Lancashire Constabulary,-2.771223,53.906481,On or near Home Field,E01025558,Wyre 007C,Anti-social behaviour,,
,2019-05,Lancashire Constabulary,Lancashire Constabulary,-2.775444,53.904260,On or near Station Way,E01025558,Wyre 007C,Anti-social behaviour,,
,2019-05,Lancashire Constabulary,Lancashire Constabulary,-2.773488,53.909612,On or near Manor Road,E01025558,Wyre 007C,Anti-social behaviour,,
,2019-05,Lancashire Constabulary,Lancashire Constabulary,-2.775529,53.905572,On or near Larch Grove,E01025558,Wyre 007C,Anti-social behaviour,,
9393ea694ba288a77ad7854168d310ae0c706effdaf609c27489bb652ed5e818,2019-05,Lancashire Constabulary,Lancashire Constabulary,-2.775573,53.901365,On or near Rope Walk,E01025558,Wyre 007C,Drugs,Status update unavailable,
edc1134dc86b85807528d801f15287b9b1fd402fa57bdb83803b08faf6215110,2019-05,Lancashire Constabulary,Lancashire Constabulary,-2.777777,53.902043,On or near Windsor Road,E01025558,Wyre 007C,Other theft,Status update unavailable,
80cb0971f6c542edfb2caa721c13b888d60983f4f95756e7560fd3098a89c706,2019-05,Lancashire Constabulary,Lancashire Constabulary,-2.775573,53.901365,On or near Rope Walk,E01025558,Wyre 007C,Shoplifting,Status update unavailable,
0a9dd56f8a1478f3d932cbd234c61eefff118f32a214c8b01a250b920c114e5f,2019-05,Lancashire Constabulary,Lancashire Constabulary,-2.775573,53.901365,On or near Rope Walk,E01025558,Wyre 007C,Shoplifting,Local resolution,
ee93b7462003f60738a137ab6a8bf90d01a04068dd2c81a226ada95ed0548855,2019-05,Lancashire Constabulary,Lancashire Constabulary,-2.775573,53.901365,On or near Rope Walk,E01025558,Wyre 007C,Shoplifting,Status update unavailable,
609c08f97ae7552cf62bf55537122819382a6877dcacc307514a5c968b81ba68,2019-05,Lancashire Constabulary,Lancashire Constabulary,-2.775573,53.901365,On or near Rope Walk,E01025558,Wyre 007C,Shoplifting,Status update unavailable,
a068ff67a3aeba466112c84309fd81f1840c6b02ac274dd1a68a152ee99c8574,2019-05,Lancashire Constabulary,Lancashire Constabulary,-2.771578,53.907566,On or near Rivermead Drive,E01025558,Wyre 007C,Vehicle crime,Status update unavailable,
c46012257b265cb435bd5afd8e171edce677a33136279981d46ede6bf2497293,2019-05,Lancashire Constabulary,Lancashire Constabulary,-2.771578,53.907566,On or near Rivermead Drive,E01025558,Wyre 007C,Vehicle crime,Status update unavailable,
50fb17a8729c47ea2107d89f51efc3e8bb539ac2f1d4e8058b1d6b4aa2bd1c0d,2019-05,Lancashire Constabulary,Lancashire Constabulary,-2.782546,53.897437,On or near Kepple Lane,E01025559,Wyre 007D,Vehicle crime,Status update unavailable,
688ca88ae83fed5389b9133e558f2b82603b65c1da39de9249394e72c340e4c6,2019-05,Lancashire Constabulary,Lancashire Constabulary,-2.775540,53.897905,On or near Supermarket,E01025559,Wyre 007D,Violence and sexual offences,Status update unavailable,
d3506936be5fda9375351023b489b4bc12060eed1646829dc0e126ef78ee2cde,2019-05,Lancashire Constabulary,Lancashire Constabulary,-2.775470,53.900719,On or near Park Hill Road,E01025559,Wyre 007D,Violence and sexual offences,Awaiting court outcome,
7f93ebc238b5c7050823620ee20253684d1edf6cbec5102030ec6a07fc932bb8,2019-05,Lancashire Constabulary,Lancashire Constabulary,-2.787593,53.900334,On or near Moss Lane,E01025559,Wyre 007D,Violence and sexual offences,Action to be taken by another organisation,
afd4bdbb62cd5b9742bcd6b4343006365652e7e3a5d77cba36514c2ca1052c2a,2019-05,Lancashire Constabulary,Lancashire Constabulary,-2.775540,53.897905,On or near Supermarket,E01025559,Wyre 007D,Violence and sexual offences,Status update unavailable,
8d36d667c357d4c904b7966b6c014efb9aba1ffb562e144df6f84914ef63aa6f,2019-05,Lancashire Constabulary,Lancashire Constabulary,-2.776930,53.899038,On or near Church Street,E01025559,Wyre 007D,Violence and sexual offences,Status update unavailable,
51a8a7dc88aa27d62844c50021d9bee925d5fa5d0c5db26ea3ff8793e6ea3b8f,2019-05,Lancashire Constabulary,Lancashire Constabulary,-2.788642,53.898683,On or near Parkside Close,E01025559,Wyre 007D,Violence and sexual offences,Unable to prosecute suspect,
,2019-05,Lancashire Constabulary,Lancashire Constabulary,-2.776980,53.900098,On or near Police Station,E01025560,Wyre 007E,Anti-social behaviour,,
,2019-05,Lancashire Constabulary,Lancashire Constabulary,-2.776980,53.900098,On or near Police Station,E01025560,Wyre 007E,Anti-social behaviour,,
70458ca0f0674d3cff23b121baed85d114071057c6207850c6b6a206761f5b46,2019-05,Lancashire Constabulary,Lancashire Constabulary,-2.776980,53.900098,On or near Police Station,E01025560,Wyre 007E,Violence and sexual offences,Status update unavailable,
,2019-05,Lancashire Constabulary,Lancashire Constabulary,-3.033327,53.886830,On or near Seaton Avenue,E01025554,Wyre 008A,Anti-social behaviour,,
,2019-05,Lancashire Constabulary,Lancashire Constabulary,-3.035783,53.882783,On or near Norfolk Avenue,E01025554,Wyre 008A,Anti-social behaviour,,
,2019-05,Lancashire Constabulary,Lancashire Constabulary,-3.035125,53.881404,On or near Leicester Gate,E01025556,Wyre 008B,Anti-social behaviour,,
,2019-05,Lancashire Constabulary,Lancashire Constabulary,-3.036464,53.886336,On or near Oxenholme Avenue,E01025556,Wyre 008B,Anti-social behaviour,,
,2019-05,Lancashire Constabulary,Lancashire Constabulary,-3.038090,53.883167,On or near Bedford Avenue,E01025556,Wyre 008B,Anti-social behaviour,,
,2019-05,Lancashire Constabulary,Lancashire Constabulary,-3.036464,53.886336,On or near Oxenholme Avenue,E01025556,Wyre 008B,Anti-social behaviour,,
c852b2db48a6c0a39aef1834e4563bc0fa34c72e16d43fc45dc5503918c66d33,2019-05,Lancashire Constabulary,Lancashire Constabulary,-3.039610,53.883100,On or near Rossall Road,E01025556,Wyre 008B,Criminal damage and arson,Unable to prosecute suspect,
3068c88b1cf021458571e06b84c2a293380be586a870d85a3f3e95dcf4315756,2019-05,Lancashire Constabulary,Lancashire Constabulary,-3.039148,53.882879,On or near Gloucester Avenue,E01025556,Wyre 008B,Criminal damage and arson,Status update unavailable,
eb2b075d8b9bf5f13551f63b6738dbc379e61891d5131214520240b5760e1844,2019-05,Lancashire Constabulary,Lancashire Constabulary,-3.036483,53.884628,On or near Cleveleys Avenue,E01025556,Wyre 008B,Other theft,Status update unavailable,
95085692695b4d3a3a017547aca783ce7ee054bcfa51f991b48665168e9f4653,2019-05,Lancashire Constabulary,Lancashire Constabulary,-3.038090,53.883167,On or near Bedford Avenue,E01025556,Wyre 008B,Public order,Local resolution,
0036f8adce411a5d89b6511844c1223c172eb475b844f71315853a8fcbc4118c,2019-05,Lancashire Constabulary,Lancashire Constabulary,-3.037985,53.887527,On or near Tebay Avenue,E01025556,Wyre 008B,Violence and sexual offences,Status update unavailable,
e7158b92b0174e9ab4c6a565744d91f0e893cb8aef8028f8fcfd860247418a79,2019-05,Lancashire Constabulary,Lancashire Constabulary,-3.036765,53.888625,On or near Egremont Avenue,E01025556,Wyre 008B,Violence and sexual offences,Status update unavailable,
a08f05ce2572d8edec17485a8c5c2ce4815bf1c8dd91eab757feb2da251fe608,2019-05,Lancashire Constabulary,Lancashire Constabulary,-3.038309,53.885853,On or near Westmorland Avenue,E01025556,Wyre 008B,Violence and sexual offences,Status update unavailable,
2810974f881a26e524cd4a5fec57f9a9eecc880319d1e5d7867db2a64ed8c1e9,2019-05,Lancashire Constabulary,Lancashire Constabulary,-3.037985,53.887527,On or near Tebay Avenue,E01025556,Wyre 008B,Violence and sexual offences,Status update unavailable,
6140190b4c57123e6d815f125053c746ced6a8bcd2fe6ea907d808cc81c48538,2019-05,Lancashire Constabulary,Lancashire Constabulary,-3.038090,53.883167,On or near Bedford Avenue,E01025556,Wyre 008B,Violence and sexual offences,Unable to prosecute suspect,
9605cae60756ff896e2f2a21729b4f0ff5c8c8330cc50e13e6daa7d33615c4d3,2019-05,Lancashire Constabulary,Lancashire Constabulary,-3.039610,53.883100,On or near Rossall Road,E01025556,Wyre 008B,Violence and sexual offences,Unable to prosecute suspect,
ca770d2670f0d36fd9172ad83329c3f76e959d2cecd14fd2e07d3e5a6101ab9d,2019-05,Lancashire Constabulary,Lancashire Constabulary,-3.039148,53.882879,On or near Gloucester Avenue,E01025556,Wyre 008B,Violence and sexual offences,Status update unavailable,
8c02901947515d4829ab6d1b50383d3b7ddfc5a0f38389790938da52ad2a984d,2019-05,Lancashire Constabulary,Lancashire Constabulary,-3.036765,53.888625,On or near Egremont Avenue,E01025556,Wyre 008B,Violence and sexual offences,Unable to prosecute suspect,
ffdde5eaa6b45cfa54bef1e3ab392fb2d325fe83460f4343fa53033d5671fe1f,2019-05,Lancashire Constabulary,Lancashire Constabulary,-3.037985,53.887527,On or near Tebay Avenue,E01025556,Wyre 008B,Violence and sexual offences,Further investigation is not in the public interest,
326e0784b9840ca6e04467c19366a7808441bddcf7d689ab7a65787df545bdd4,2019-05,Lancashire Constabulary,Lancashire Constabulary,-3.039148,53.882879,On or near Gloucester Avenue,E01025556,Wyre 008B,Other crime,Status update unavailable,
,2019-05,Lancashire Constabulary,Lancashire Constabulary,-3.044682,53.877250,On or near Slater Road,E01025570,Wyre 008C,Anti-social behaviour,,
,2019-05,Lancashire Constabulary,Lancashire Constabulary,-3.047017,53.878766,On or near Parking Area,E01025570,Wyre 008C,Anti-social behaviour,,
,2019-05,Lancashire Constabulary,Lancashire Constabulary,-3.045617,53.879372,On or near Derby Road,E01025570,Wyre 008C,Anti-social behaviour,,
,2019-05,Lancashire Constabulary,Lancashire Constabulary,-3.041541,53.876944,On or near Shopping Area,E01025570,Wyre 008C,Anti-social behaviour,,
,2019-05,Lancashire Constabulary,Lancashire Constabulary,-3.047017,53.878766,On or near Parking Area,E01025570,Wyre 008C,Anti-social behaviour,,
,2019-05,Lancashire Constabulary,Lancashire Constabulary,-3.041541,53.876944,On or near Shopping Area,E01025570,Wyre 008C,Anti-social behaviour,,
,2019-05,Lancashire Constabulary,Lancashire Constabulary,-3.043424,53.877440,On or near Victoria Road West,E01025570,Wyre 008C,Anti-social behaviour,,
,2019-05,Lancashire Constabulary,Lancashire Constabulary,-3.040991,53.878684,On or near St Andrew'S Court,E01025570,Wyre 008C,Anti-social behaviour,,
,2019-05,Lancashire Constabulary,Lancashire Constabulary,-3.041541,53.876944,On or near Shopping Area,E01025570,Wyre 008C,Anti-social behaviour,,
,2019-05,Lancashire Constabulary,Lancashire Constabulary,-3.047017,53.878766,On or near Parking Area,E01025570,Wyre 008C,Anti-social behaviour,,
,2019-05,Lancashire Constabulary,Lancashire Constabulary,-3.045736,53.877411,On or near Kings Road,E01025570,Wyre 008C,Anti-social behaviour,,
,2019-05,Lancashire Constabulary,Lancashire Constabulary,-3.045736,53.877411,On or near Kings Road,E01025570,Wyre 008C,Anti-social behaviour,,
,2019-05,Lancashire Constabulary,Lancashire Constabulary,-3.045617,53.879372,On or near Derby Road,E01025570,Wyre 008C,Anti-social behaviour,,
,2019-05,Lancashire Constabulary,Lancashire Constabulary,-3.047213,53.876868,On or near Promenade South,E01025570,Wyre 008C,Anti-social behaviour,,
,2019-05,Lancashire Constabulary,Lancashire Constabulary,-3.045617,53.879372,On or near Derby Road,E01025570,Wyre 008C,Anti-social behaviour,,
,2019-05,Lancashire Constabulary,Lancashire Constabulary,-3.039935,53.877821,On or near Rossall Road,E01025570,Wyre 008C,Anti-social behaviour,,
,2019-05,Lancashire Constabulary,Lancashire Constabulary,-3.045461,53.880443,On or near Cambridge Road,E01025570,Wyre 008C,Anti-social behaviour,,
,2019-05,Lancashire Constabulary,Lancashire Constabulary,-3.041541,53.876944,On or near Shopping Area,E01025570,Wyre 008C,Anti-social behaviour,,
,2019-05,Lancashire Constabulary,Lancashire Constabulary,-3.041561,53.877744,On or near Shopping Area,E01025570,Wyre 008C,Anti-social behaviour,,
6d0f34b4d70fe5b1460fb0ad4c35711841abf1818b8b6f297c14b5fbbf0282d6,2019-05,Lancashire Constabulary,Lancashire Constabulary,-3.043424,53.877440,On or near Victoria Road West,E01025570,Wyre 008C,Burglary,Status update unavailable,
5f2dd63c68230a61b1878baf5114c28819b3dc2800245773083bad5218a89828,2019-05,Lancashire Constabulary,Lancashire Constabulary,-3.045736,53.877411,On or near Kings Road,E01025570,Wyre 008C,Criminal damage and arson,Status update unavailable,
19d25f8018215baf3fbed2f1f58dc365286020db1ff45403ed26d7bfb26a74f9,2019-05,Lancashire Constabulary,Lancashire Constabulary,-3.044749,53.878130,On or near Princess Road,E01025570,Wyre 008C,Criminal damage and arson,Unable to prosecute suspect,
21777374e9a2636bd79bd3fa5c3d1f7dcdfea534c603468adb6c834a8172d806,2019-05,Lancashire Constabulary,Lancashire Constabulary,-3.040324,53.876964,On or near Victoria Road West,E01025570,Wyre 008C,Other theft,Status update unavailable,
c43dde78c33a9a630efbf6b6188a93212a2082c1829e255e4838f65e5676992c,2019-05,Lancashire Constabulary,Lancashire Constabulary,-3.040324,53.876964,On or near Victoria Road West,E01025570,Wyre 008C,Other theft,Status update unavailable,
939fc4266fba92aba2cd47996650baf90d143445cd5d1978625a8516f0916847,2019-05,Lancashire Constabulary,Lancashire Constabulary,-3.044749,53.878130,On or near Princess Road,E01025570,Wyre 008C,Possession of weapons,Action to be taken by another organisation,
b0a9a9f3eb8290ace7788dfb3cb0c19394fb38377bcbad88fa963e50543aa80a,2019-05,Lancashire Constabulary,Lancashire Constabulary,-3.044749,53.878130,On or near Princess Road,E01025570,Wyre 008C,Public order,Status update unavailable,
73d7ab7acf8c84e36e415e8bcd79079d35687ca5057d56d5d2b99ad6677177c7,2019-05,Lancashire Constabulary,Lancashire Constabulary,-3.043185,53.877613,On or near Supermarket,E01025570,Wyre 008C,Shoplifting,Suspect charged as part of another case,
7a9090d947870e9cff7c7383d756d74ac716dfc9a1ec7e7f09be9c326ebb25a1,2019-05,Lancashire Constabulary,Lancashire Constabulary,-3.041643,53.876152,On or near Crescent West,E01025570,Wyre 008C,Shoplifting,Status update unavailable,
9bd027edaece51e8c66614afb2edf0cbf2e073b9434f0314dcaffe9c6f49f272,2019-05,Lancashire Constabulary,Lancashire Constabulary,-3.043185,53.877613,On or near Supermarket,E01025570,Wyre 008C,Shoplifting,Unable to prosecute suspect,
1c85f16aedffed3bdf2c8f25b552e23a26193ad7b9272e6fd48b7b6381a8fbaf,2019-05,Lancashire Constabulary,Lancashire Constabulary,-3.041541,53.876944,On or near Shopping Area,E01025570,Wyre 008C,Shoplifting,Status update unavailable,
8f3685b067b7316eb141bfe3d9a1aecb1a224ae001223e8159cdefba07207c82,2019-05,Lancashire Constabulary,Lancashire Constabulary,-3.044749,53.878130,On or near Princess Road,E01025570,Wyre 008C,Shoplifting,Status update unavailable,
4c63db210ee6b26c01e7d494994f959b666de0241204204bd1d43ab775f688cc,2019-05,Lancashire Constabulary,Lancashire Constabulary,-3.041561,53.877744,On or near Shopping Area,E01025570,Wyre 008C,Shoplifting,Unable to prosecute suspect,
08f99f1ff7628e6536bce4c091a7c0d71eb5ce0ceb6d03677495fe8900d6f807,2019-05,Lancashire Constabulary,Lancashire Constabulary,-3.043424,53.877440,On or near Victoria Road West,E01025570,Wyre 008C,Shoplifting,Status update unavailable,
0ec92e9cab71027f770d5e112f88ea0bcf77ecb73edfb78e24a6431bc174118e,2019-05,Lancashire Constabulary,Lancashire Constabulary,-3.044749,53.878130,On or near Princess Road,E01025570,Wyre 008C,Shoplifting,Status update unavailable,
fb517a6bb8309e9730b85070dcc18fe7efbf777e6a604885ae783657916e313b,2019-05,Lancashire Constabulary,Lancashire Constabulary,-3.041561,53.877744,On or near Shopping Area,E01025570,Wyre 008C,Violence and sexual offences,Status update unavailable,
8fa2ca50e2b6e51122ede4346fe6839af8da9ffef48dfbdaccfaab559c0973a7,2019-05,Lancashire Constabulary,Lancashire Constabulary,-3.040900,53.878073,On or near Smith Road,E01025570,Wyre 008C,Violence and sexual offences,Unable to prosecute suspect,
791bb73b728312b40a4548017d1397023cccb93a8361334780aa60b8ec0f33f1,2019-05,Lancashire Constabulary,Lancashire Constabulary,-3.044749,53.878130,On or near Princess Road,E01025570,Wyre 008C,Violence and sexual offences,Status update unavailable,
97aa0619a68c1b1224bfb852ef416a6ed10e3cfa31c0a771c4b902b8c294d42a,2019-05,Lancashire Constabulary,Lancashire Constabulary,-3.044749,53.878130,On or near Princess Road,E01025570,Wyre 008C,Violence and sexual offences,Status update unavailable,
cec2edbeba64f1c36c066f6d398107cc2a57152ae7422b9204d64ff9f73cb0aa,2019-05,Lancashire Constabulary,Lancashire Constabulary,-3.044749,53.878130,On or near Princess Road,E01025570,Wyre 008C,Violence and sexual offences,Status update unavailable,
2ba274e3f3e22fbaef20fd90fc9b35716fe562a3025bd6ee3c635dca12b7e82f,2019-05,Lancashire Constabulary,Lancashire Constabulary,-3.041561,53.877744,On or near Shopping Area,E01025570,Wyre 008C,Violence and sexual offences,Status update unavailable,
560c544415e1be0dee82b822c303c94a7b2e648faae7814f006a57b245eebbc4,2019-05,Lancashire Constabulary,Lancashire Constabulary,-3.045617,53.879372,On or near Derby Road,E01025570,Wyre 008C,Violence and sexual offences,Unable to prosecute suspect,
3288b6ce71b7676117791352270109a73c148d42ac39abe7e1a9a4a1f288279d,2019-05,Lancashire Constabulary,Lancashire Constabulary,-3.044866,53.879126,On or near Parking Area,E01025570,Wyre 008C,Violence and sexual offences,Unable to prosecute suspect,
,2019-05,Lancashire Constabulary,Lancashire Constabulary,-3.044997,53.881948,On or near Ocean Way,E01025571,Wyre 008D,Anti-social behaviour,,
,2019-05,Lancashire Constabulary,Lancashire Constabulary,-3.046325,53.885163,On or near Parking Area,E01025571,Wyre 008D,Anti-social behaviour,,
,2019-05,Lancashire Constabulary,Lancashire Constabulary,-3.043391,53.880389,On or near Oxford Road,E01025571,Wyre 008D,Anti-social behaviour,,
2d245140eb7f133c382230862f1d2da7dd31733c423c435a651dea9b21aeb909,2019-05,Lancashire Constabulary,Lancashire Constabulary,-3.044997,53.881948,On or near Ocean Way,E01025571,Wyre 008D,Burglary,Status update unavailable,
b751623db8e48e730ae97aeb3c9902b48823c52ae000e0aca1e75e7b651789f9,2019-05,Lancashire Constabulary,Lancashire Constabulary,-3.046325,53.885163,On or near Parking Area,E01025571,Wyre 008D,Violence and sexual offences,Unable to prosecute suspect,
4e94d8ac9a464c3211bcb1090c064e2c0226daa5db5a44b8cab2b2278d7379bd,2019-05,Lancashire Constabulary,Lancashire Constabulary,-3.040348,53.881593,On or near Beach Avenue,E01025571,Wyre 008D,Violence and sexual offences,Unable to prosecute suspect,
79e1fb9d4d388bba64e58469428abe8875a0dca13924952e3e2d10e0b0b7684c,2019-05,Lancashire Constabulary,Lancashire Constabulary,-3.042974,53.881354,On or near Weeton Avenue,E01025571,Wyre 008D,Violence and sexual offences,Unable to prosecute suspect,
812b355b6ea3e5c86d1366a0ffbc51de0563c6c1edd62b9f1f17ec1117efbe29,2019-05,Lancashire Constabulary,Lancashire Constabulary,-3.040416,53.884945,On or near Rossall Gardens,E01025572,Wyre 008E,Public order,Unable to prosecute suspect,
7f0048121f55efba00f9f4ff46b3b5dafbb8ef46a5b30d8d51f73e73eab454b8,2019-05,Lancashire Constabulary,Lancashire Constabulary,-3.042189,53.886511,On or near Queens Walk,E01025572,Wyre 008E,Violence and sexual offences,Status update unavailable,
,2019-05,Lancashire Constabulary,Lancashire Constabulary,-3.038458,53.875928,On or near St George'S Avenue,E01025604,Wyre 008F,Anti-social behaviour,,
554c614304d26531163f8ca21d692a4b3dda1d92949960dfe0141401d11b6b03,2019-05,Lancashire Constabulary,Lancashire Constabulary,-3.038930,53.877776,On or near York Avenue,E01025604,Wyre 008F,Public order,Further investigation is not in the public interest,
f1aec1664a0a6ea1881ee7187c52d378fa57676b52e9fb9516d98d8cc39e6980,2019-05,Lancashire Constabulary,Lancashire Constabulary,-3.035844,53.876634,On or near Ramper Gate,E01025604,Wyre 008F,Public order,Status update unavailable,
26e642c4e0b4eff420f3ac2efa15c57c5f20f2cbcd10e79e96c0691ea02e81f9,2019-05,Lancashire Constabulary,Lancashire Constabulary,-3.038458,53.875928,On or near St George'S Avenue,E01025604,Wyre 008F,Violence and sexual offences,Unable to prosecute suspect,
aa28f09666829141d2689ca5063c962512642f32fbcaca3c66e249fb273d832f,2019-05,Lancashire Constabulary,Lancashire Constabulary,-3.036979,53.878233,On or near Henley Avenue,E01025604,Wyre 008F,Violence and sexual offences,Local resolution,
f140abe5e1687b96d799f07c340961685b5019d752448b20d1da6a6207d51309,2019-05,Lancashire Constabulary,Lancashire Constabulary,-3.036979,53.878233,On or near Henley Avenue,E01025604,Wyre 008F,Violence and sexual offences,Local resolution,
b96f87d3cdb16efa7651a3569466b9d954ac470b0de6aa457c653f1b9624bd2e,2019-05,Lancashire Constabulary,Lancashire Constabulary,-3.036089,53.879158,On or near Clarence Avenue,E01025604,Wyre 008F,Violence and sexual offences,Status update unavailable,
fc65981fb40aeea2e6f5033e5a5b008182276a716e4ade92095ccae6a4b14953,2019-05,Lancashire Constabulary,Lancashire Constabulary,-3.030969,53.876325,On or near Birch Avenue,E01025604,Wyre 008F,Violence and sexual offences,Unable to prosecute suspect,
,2019-05,Lancashire Constabulary,Lancashire Constabulary,-2.815167,53.832137,On or near Sunningdale Place,E01025561,Wyre 009A,Anti-social behaviour,,
7de15490813e574270e194b62c58a0a4359ee935291217a1fce5a479515da01e,2019-05,Lancashire Constabulary,Lancashire Constabulary,-2.815500,53.835227,On or near School Lane,E01025561,Wyre 009A,Burglary,Status update unavailable,
9a72541d84544584f5a6c7304eae26abe4f0fe8b4730d60245bff213724a5896,2019-05,Lancashire Constabulary,Lancashire Constabulary,-2.863095,53.855279,On or near Chester Place,E01025561,Wyre 009A,Vehicle crime,Status update unavailable,
acd83f18cbb78d02183f800958a1cbed63b1f4f96bbe44388049caf0bc8e4e75,2019-05,Lancashire Constabulary,Lancashire Constabulary,-2.851867,53.851845,On or near White House Lane,E01025561,Wyre 009A,Violence and sexual offences,Action to be taken by another organisation,
8361219270cc9d7bd6e976a7d8fe2bb872c5a24c59295cf24e2ce234d62fca75,2019-05,Lancashire Constabulary,Lancashire Constabulary,-2.851867,53.851845,On or near White House Lane,E01025561,Wyre 009A,Violence and sexual offences,Unable to prosecute suspect,
a87d3c1bbdf1d113dedcb63ba363ebcd35070e2b29b4c66b457d926fe33ad5b7,2019-05,Lancashire Constabulary,Lancashire Constabulary,-2.862959,53.853806,On or near Lancaster Close,E01025561,Wyre 009A,Violence and sexual offences,Status update unavailable,
,2019-05,Lancashire Constabulary,Lancashire Constabulary,-2.818125,53.866964,On or near Shorrocks Avenue,E01025562,Wyre 009B,Anti-social behaviour,,
374553d1b90c25dce73aa594f4aa5d4c2d78fb17d14b98d899580e60aaf6432e,2019-05,Lancashire Constabulary,Lancashire Constabulary,-2.928644,53.891353,On or near Back Lane,E01025562,Wyre 009B,Burglary,Status update unavailable,
7964bae840d58e325652241c3d08d001e7e18a1fd8077df999d146ef06f22ff8,2019-05,Lancashire Constabulary,Lancashire Constabulary,-2.868857,53.853772,On or near St Mary'S Road,E01025562,Wyre 009B,Vehicle crime,Status update unavailable,
b81ec1f7fc902b0d6353de727fa130d8a1abf21115d52b960cc8c4dc1cf7098c,2019-05,Lancashire Constabulary,Lancashire Constabulary,-2.803038,53.851822,On or near Sowerby Road,E01025562,Wyre 009B,Violence and sexual offences,Unable to prosecute suspect,
6ab011f958d97e5599cb36463226c9beb7bbbafeb64bb4af2a3e80086f1a6003,2019-05,Lancashire Constabulary,Lancashire Constabulary,-2.913615,53.872710,On or near Chapel Lane,E01025562,Wyre 009B,Violence and sexual offences,Unable to prosecute suspect,
c3c2106597e7a64f6168deef9200cc53fe002dadce70b4e7103ba1b852df5f5e,2019-05,Lancashire Constabulary,Lancashire Constabulary,-2.924751,53.871466,On or near Turkey Street,E01025562,Wyre 009B,Violence and sexual offences,Status update unavailable,
3b0035d1b8f9976daf492deb1a2ea559621c5b081e38bf5bf7523cdb57a054d1,2019-05,Lancashire Constabulary,Lancashire Constabulary,-2.875685,53.883743,On or near Skitham Lane,E01025562,Wyre 009B,Other crime,Local resolution,
,2019-05,Lancashire Constabulary,Lancashire Constabulary,-2.911152,53.932878,On or near Libby Lane,E01025585,Wyre 009C,Anti-social behaviour,,
,2019-05,Lancashire Constabulary,Lancashire Constabulary,-2.897290,53.928569,On or near Cherry Tree Close,E01025585,Wyre 009C,Anti-social behaviour,,
8daa378e5346d2c71a9f069b2f4ccd3b40951181d94e6cdf24f645ddad5967e1,2019-05,Lancashire Constabulary,Lancashire Constabulary,-2.836847,53.895255,On or near Park/Open Space,E01025585,Wyre 009C,Other theft,Status update unavailable,
95b59c61861e7d356eea8941292a839f7a1ca56061521cc3433b3788ce44db88,2019-05,Lancashire Constabulary,Lancashire Constabulary,-2.911394,53.927240,On or near St Johns Avenue,E01025585,Wyre 009C,Violence and sexual offences,Unable to prosecute suspect,
d85190b89c70bac30ad6b2bdbae490f98079605864642d0f7cb14ebc424c46f8,2019-05,Lancashire Constabulary,Lancashire Constabulary,-2.836847,53.895255,On or near Park/Open Space,E01025585,Wyre 009C,Violence and sexual offences,Unable to prosecute suspect,
0ed9d70ef98a4a79f4c4ba24c0ff74216d726b30546732f55642af2a54c759ef,2019-05,Lancashire Constabulary,Lancashire Constabulary,-2.911394,53.927240,On or near St Johns Avenue,E01025585,Wyre 009C,Violence and sexual offences,Unable to prosecute suspect,
aa72f86668f79ca815d31c82cec819d98f2448581d1582ee672a4aab0fb482bd,2019-05,Lancashire Constabulary,Lancashire Constabulary,-2.911483,53.926431,On or near Carr Close,E01025585,Wyre 009C,Violence and sexual offences,Unable to prosecute suspect,
6ca6c84fdbf4709ee851bd6aef3883c17305c2912c73b6be4662040bb190f1d3,2019-05,Lancashire Constabulary,Lancashire Constabulary,-2.911394,53.927240,On or near St Johns Avenue,E01025585,Wyre 009C,Violence and sexual offences,Unable to prosecute suspect,
8650e4f99455df2bd88bc9ff0e814efdbf070fc1656302ed6b20bef9b9bbbca7,2019-05,Lancashire Constabulary,Lancashire Constabulary,-2.933424,53.913274,On or near White Lane,E01025585,Wyre 009C,Violence and sexual offences,Unable to prosecute suspect,
,2019-05,Lancashire Constabulary,Lancashire Constabulary,-3.013930,53.886268,On or near Mallowdale,E01025542,Wyre 010A,Anti-social behaviour,,
,2019-05,Lancashire Constabulary,Lancashire Constabulary,-3.013308,53.887603,On or near Ivy Gardens,E01025542,Wyre 010A,Anti-social behaviour,,
,2019-05,Lancashire Constabulary,Lancashire Constabulary,-3.017870,53.880617,On or near Tennyson Avenue,E01025542,Wyre 010A,Anti-social behaviour,,
,2019-05,Lancashire Constabulary,Lancashire Constabulary,-3.017870,53.880617,On or near Tennyson Avenue,E01025542,Wyre 010A,Anti-social behaviour,,
,2019-05,Lancashire Constabulary,Lancashire Constabulary,-3.015967,53.884920,On or near The Chase,E01025542,Wyre 010A,Anti-social behaviour,,
fb35fd6aea7d1ac06d51f8115f037b5c4f1a827a57c238fcb62025eb80995574,2019-05,Lancashire Constabulary,Lancashire Constabulary,-3.014472,53.884753,On or near Kildare Avenue,E01025542,Wyre 010A,Criminal damage and arson,Offender fined,
5363c9f3bce0ee30620138c8011aed1bf8e59e4949889c0423d0ca66e0789be1,2019-05,Lancashire Constabulary,Lancashire Constabulary,-3.013930,53.886268,On or near Mallowdale,E01025542,Wyre 010A,Criminal damage and arson,Status update unavailable,
c56ac274f0b0bebf8cf141e6ec1505e0544b9c3772bacc95c59cccde19115515,2019-05,Lancashire Constabulary,Lancashire Constabulary,-3.013308,53.887603,On or near Ivy Gardens,E01025542,Wyre 010A,Other theft,Status update unavailable,
f984d47cefd9d8f4ae82739affcc7023c2626d17fd0fe8bf27790ccd0eadfab9,2019-05,Lancashire Constabulary,Lancashire Constabulary,-3.013930,53.886268,On or near Mallowdale,E01025542,Wyre 010A,Public order,Formal action is not in the public interest,
59a83e432ec7ce70af93da814e1732bc7c41d52df9ce0e647b57ffdce01834b8,2019-05,Lancashire Constabulary,Lancashire Constabulary,-3.013930,53.886268,On or near Mallowdale,E01025542,Wyre 010A,Shoplifting,Status update unavailable,
d94893aa4da7ba3143c028588d312c0413954e45e452504d5ba638f7ed42f3d5,2019-05,Lancashire Constabulary,Lancashire Constabulary,-3.021080,53.884347,On or near Widgeon Close,E01025542,Wyre 010A,Violence and sexual offences,Local resolution,
0282f06149b2395de21f0f015123b9c17fdc6e866020f7846d391a2a4d2b42e4,2019-05,Lancashire Constabulary,Lancashire Constabulary,-3.014472,53.884753,On or near Kildare Avenue,E01025542,Wyre 010A,Violence and sexual offences,Unable to prosecute suspect,
5666792669c958479ce9f9e1e361b3bb02f9909037b97b49d66d7e3d84778d16,2019-05,Lancashire Constabulary,Lancashire Constabulary,-3.021080,53.884347,On or near Widgeon Close,E01025542,Wyre 010A,Violence and sexual offences,Unable to prosecute suspect,
ccf4f5a216f73fa37a61d6c4714f78007b9eea7e4b3826ee0a6472125f2a1074,2019-05,Lancashire Constabulary,Lancashire Constabulary,-3.016920,53.884706,On or near Tower Close,E01025542,Wyre 010A,Other crime,Status update unavailable,
dbf281e3b1be69146d70f9d985ae15e50c1550aac8f837a8ad3f6574ba9f0fe1,2019-05,Lancashire Constabulary,Lancashire Constabulary,-3.016920,53.884706,On or near Tower Close,E01025542,Wyre 010A,Other crime,Status update unavailable,
,2019-05,Lancashire Constabulary,Lancashire Constabulary,-3.024983,53.885931,On or near Belford Avenue,E01025555,Wyre 010B,Anti-social behaviour,,
1eafe538d3694e70f90991e13b4413fa5f2063d264fee865076c260e86b189ee,2019-05,Lancashire Constabulary,Lancashire Constabulary,-3.025088,53.882758,On or near Central Avenue North,E01025555,Wyre 010B,Burglary,Status update unavailable,
fc24ebcac1d77db0552ac81a4339de61e388f7ac8e5bc0bab237a8323a560066,2019-05,Lancashire Constabulary,Lancashire Constabulary,-3.028013,53.887290,On or near Selby Avenue,E01025555,Wyre 010B,Shoplifting,Awaiting court outcome,
35437ca52866b9c792302c42d841b4b39cad82a18a1eee3ea7dbe85be9a4dac1,2019-05,Lancashire Constabulary,Lancashire Constabulary,-3.030448,53.881112,On or near Cardinal Place,E01025555,Wyre 010B,Violence and sexual offences,Local resolution,
51ff3683123d7e234a418ceb615db142d073b74c53d9d564371e72bbcf30148f,2019-05,Lancashire Constabulary,Lancashire Constabulary,-3.027147,53.886066,On or near Rochester Avenue,E01025555,Wyre 010B,Violence and sexual offences,Unable to prosecute suspect,
,2019-05,Lancashire Constabulary,Lancashire Constabulary,-3.028916,53.874492,On or near Knowle Avenue,E01025601,Wyre 010C,Anti-social behaviour,,
,2019-05,Lancashire Constabulary,Lancashire Constabulary,-3.028916,53.874492,On or near Knowle Avenue,E01025601,Wyre 010C,Anti-social behaviour,,
143acb1562f745177d09bd6c5ed56f6f3f406cccc053d5a0858e4316d58bcfdc,2019-05,Lancashire Constabulary,Lancashire Constabulary,-3.026699,53.877108,On or near The Hermitage,E01025601,Wyre 010C,Burglary,Formal action is not in the public interest,
515139b5d9f223750f971293998a08d03ecdffb77e7fa45a3f4ed37b52c0b7e6,2019-05,Lancashire Constabulary,Lancashire Constabulary,-3.025438,53.872832,On or near Supermarket,E01025601,Wyre 010C,Criminal damage and arson,Status update unavailable,
3672930c90e567b986b129f95e2b980f60f51de0d3cb9ab56f5cf4ab945960d5,2019-05,Lancashire Constabulary,Lancashire Constabulary,-3.022532,53.876533,On or near St Martin'S Court,E01025601,Wyre 010C,Criminal damage and arson,Awaiting court outcome,
7e98b3eee3dd0bb8ce13b8d671ff8c8c649f1f2f01a08359ae028f637529c6e6,2019-05,Lancashire Constabulary,Lancashire Constabulary,-3.022532,53.876533,On or near St Martin'S Court,E01025601,Wyre 010C,Criminal damage and arson,Awaiting court outcome,
3e16fc798a9241cdfa4ef8c2c0c2999aadd12ad17229e3636b1644f92d847c00,2019-05,Lancashire Constabulary,Lancashire Constabulary,-3.025438,53.872832,On or near Supermarket,E01025601,Wyre 010C,Shoplifting,Investigation complete; no suspect identified,
96f400d0694146cbfdd6cd9a90094f130b128125bc1570a3fc925c66031244ab,2019-05,Lancashire Constabulary,Lancashire Constabulary,-3.025438,53.872832,On or near Supermarket,E01025601,Wyre 010C,Shoplifting,Unable to prosecute suspect,
d7d2cbc968afeb5d2b7937ee570333534cf2fbf11ed01cfee098a05d300fc4f5,2019-05,Lancashire Constabulary,Lancashire Constabulary,-3.025438,53.872832,On or near Supermarket,E01025601,Wyre 010C,Shoplifting,Suspect charged as part of another case,
4e3056cbd7a832a354f04e7163d3d7c6511f860cac6296238a2260499e1d7a95,2019-05,Lancashire Constabulary,Lancashire Constabulary,-3.025438,53.872832,On or near Supermarket,E01025601,Wyre 010C,Shoplifting,Status update unavailable,
9a4c8d288e03ecc07024a7d9b4f153d492bf1c5ccb1dcfb3e6f7f69d886b7475,2019-05,Lancashire Constabulary,Lancashire Constabulary,-3.025438,53.872832,On or near Supermarket,E01025601,Wyre 010C,Vehicle crime,Unable to prosecute suspect,
70a7f3c3a378387dbb2a0c42baba7f3eb7ec820256d1475cc74165d970e866ac,2019-05,Lancashire Constabulary,Lancashire Constabulary,-3.025438,53.872832,On or near Supermarket,E01025601,Wyre 010C,Violence and sexual offences,Status update unavailable,
fbb7745a4857ff1045f0f5bf8c5faf7594c11bc120281dbd40f19393088e0010,2019-05,Lancashire Constabulary,Lancashire Constabulary,-3.028916,53.874492,On or near Knowle Avenue,E01025601,Wyre 010C,Violence and sexual offences,Status update unavailable,
b6f93dfb1898e40e49d585dcbdc376187bfa72d88d3ac36d91df58d8e1ab98e6,2019-05,Lancashire Constabulary,Lancashire Constabulary,-3.021010,53.876483,On or near Meadows Avenue,E01025601,Wyre 010C,Violence and sexual offences,Unable to prosecute suspect,
,2019-05,Lancashire Constabulary,Lancashire Constabulary,-3.021294,53.863798,On or near Goldstone Drive,E01025602,Wyre 010D,Anti-social behaviour,,
2a4e5cacd24d041a0265c63ad59e5c74013dc1fe4054d9b7a00aab23f295a49e,2019-05,Lancashire Constabulary,Lancashire Constabulary,-3.020884,53.869464,On or near Rosebank,E01025602,Wyre 010D,Violence and sexual offences,Unable to prosecute suspect,
0d2ac731219bd1bc385dc50548a450632e7c3fdcf4df89c7284d4525687cdeab,2019-05,Lancashire Constabulary,Lancashire Constabulary,-3.024897,53.870616,On or near Bunting Place,E01025602,Wyre 010D,Violence and sexual offences,Unable to prosecute suspect,
,2019-05,Lancashire Constabulary,Lancashire Constabulary,-3.031919,53.879068,On or near The Grove,E01025603,Wyre 010E,Anti-social behaviour,,
,2019-05,Lancashire Constabulary,Lancashire Constabulary,-3.005918,53.886506,On or near Hapton Street,E01025541,Wyre 011A,Anti-social behaviour,,
,2019-05,Lancashire Constabulary,Lancashire Constabulary,-3.010699,53.887284,On or near Gamble Road,E01025541,Wyre 011A,Anti-social behaviour,,
,2019-05,Lancashire Constabulary,Lancashire Constabulary,-3.011285,53.884466,On or near Orchard Close,E01025541,Wyre 011A,Anti-social behaviour,,
,2019-05,Lancashire Constabulary,Lancashire Constabulary,-3.011285,53.884466,On or near Orchard Close,E01025541,Wyre 011A,Anti-social behaviour,,
,2019-05,Lancashire Constabulary,Lancashire Constabulary,-3.005298,53.888579,On or near Park/Open Space,E01025541,Wyre 011A,Anti-social behaviour,,
a54b4db58a01119787827772299384fc9ef6a7b3000b3ed6d7a3d24242790a3c,2019-05,Lancashire Constabulary,Lancashire Constabulary,-3.010627,53.888732,On or near Bourne Road,E01025541,Wyre 011A,Criminal damage and arson,Status update unavailable,
c65a5c029f7a9ba1e3e5eeedfab3d3f8755fe204837a2d22c2b2dbcb978200cc,2019-05,Lancashire Constabulary,Lancashire Constabulary,-3.010627,53.888732,On or near Bourne Road,E01025541,Wyre 011A,Other theft,Unable to prosecute suspect,
1d5b6c5eed61a7c5d880722f4ced2b3db4e5fc0e50e597d8e8ca40a69769fec6,2019-05,Lancashire Constabulary,Lancashire Constabulary,-3.012193,53.884889,On or near Walker Way,E01025541,Wyre 011A,Public order,Status update unavailable,
45ca8a59a6e119ede8feee14fd3cd55c75c62bb9044e24f9ea8eebee3721287e,2019-05,Lancashire Constabulary,Lancashire Constabulary,-3.010627,53.888732,On or near Bourne Road,E01025541,Wyre 011A,Vehicle crime,Status update unavailable,
09f516e1441637e83636a95161c79274008d54d2f96c7b102a1958ad5dc255a9,2019-05,Lancashire Constabulary,Lancashire Constabulary,-3.013273,53.883002,On or near Reta Drive,E01025541,Wyre 011A,Vehicle crime,Status update unavailable,
006edd56c683a3e2bc67142e801f033a66a94b4951f8912233814071156b67de,2019-05,Lancashire Constabulary,Lancashire Constabulary,-3.014735,53.882441,On or near Fairclough Road,E01025541,Wyre 011A,Vehicle crime,Status update unavailable,
8dda095311a36355f3635d00568251e678cbcf21e4cb1054319db0cbe32552b3,2019-05,Lancashire Constabulary,Lancashire Constabulary,-3.008398,53.887789,On or near Eagle Brow Close,E01025541,Wyre 011A,Violence and sexual offences,Status update unavailable,
e82171c503bee1d366a5d886b3979f99c31e2ed54e77c0e153efec063fe960bb,2019-05,Lancashire Constabulary,Lancashire Constabulary,-3.008398,53.887789,On or near Eagle Brow Close,E01025541,Wyre 011A,Violence and sexual offences,Status update unavailable,
87c36259c8232ae499fac45886100d269c02a67fe9521859ab20b1b01a3cefe4,2019-05,Lancashire Constabulary,Lancashire Constabulary,-3.011432,53.882990,On or near Fleetwood Road North,E01025541,Wyre 011A,Violence and sexual offences,Unable to prosecute suspect,
e5ae38794ab27fc9f5332f5266a4451b98e7c6150f28dfc8de899f4b97d0f01f,2019-05,Lancashire Constabulary,Lancashire Constabulary,-3.011125,53.884755,On or near Springfield Drive,E01025541,Wyre 011A,Other crime,Status update unavailable,
,2019-05,Lancashire Constabulary,Lancashire Constabulary,-3.008966,53.879766,On or near Trunnah Gardens,E01025543,Wyre 011B,Anti-social behaviour,,
,2019-05,Lancashire Constabulary,Lancashire Constabulary,-3.005938,53.876565,On or near Rossendale Avenue North,E01025543,Wyre 011B,Anti-social behaviour,,
,2019-05,Lancashire Constabulary,Lancashire Constabulary,-3.006231,53.879259,On or near Brown Street,E01025543,Wyre 011B,Anti-social behaviour,,
,2019-05,Lancashire Constabulary,Lancashire Constabulary,-3.003700,53.878408,On or near Hargate Road,E01025543,Wyre 011B,Anti-social behaviour,,
,2019-05,Lancashire Constabulary,Lancashire Constabulary,-3.009503,53.881856,On or near Crabtree Orchard,E01025543,Wyre 011B,Anti-social behaviour,,
,2019-05,Lancashire Constabulary,Lancashire Constabulary,-2.996152,53.877635,On or near Connaught Drive,E01025543,Wyre 011B,Anti-social behaviour,,
,2019-05,Lancashire Constabulary,Lancashire Constabulary,-3.006231,53.879259,On or near Brown Street,E01025543,Wyre 011B,Anti-social behaviour,,
,2019-05,Lancashire Constabulary,Lancashire Constabulary,-3.002307,53.878051,On or near Blenheim Drive,E01025543,Wyre 011B,Anti-social behaviour,,
,2019-05,Lancashire Constabulary,Lancashire Constabulary,-3.005974,53.883764,On or near Ormerod Street,E01025543,Wyre 011B,Anti-social behaviour,,
,2019-05,Lancashire Constabulary,Lancashire Constabulary,-3.006231,53.879259,On or near Brown Street,E01025543,Wyre 011B,Anti-social behaviour,,
,2019-05,Lancashire Constabulary,Lancashire Constabulary,-3.006231,53.879259,On or near Brown Street,E01025543,Wyre 011B,Anti-social behaviour,,
,2019-05,Lancashire Constabulary,Lancashire Constabulary,-3.009249,53.882056,On or near Crabtree Road,E01025543,Wyre 011B,Anti-social behaviour,,
,2019-05,Lancashire Constabulary,Lancashire Constabulary,-3.009249,53.882056,On or near Crabtree Road,E01025543,Wyre 011B,Anti-social behaviour,,
9ed009e8620d1c624fc55cef2eb0490e7f4da067a4be658801464e1f73cecee8,2019-05,Lancashire Constabulary,Lancashire Constabulary,-3.004098,53.876598,On or near Bancroft Avenue,E01025543,Wyre 011B,Criminal damage and arson,Status update unavailable,
ee342ae357bc268ac087d6d32c581d540d2a9cafa3a1e6265d8ce6bd2c512056,2019-05,Lancashire Constabulary,Lancashire Constabulary,-3.004011,53.876788,On or near Prescot Place,E01025543,Wyre 011B,Criminal damage and arson,Status update unavailable,
1f3b4a954a233367868d015f4b582ded453aaa824ebab8dc1089bba761969a18,2019-05,Lancashire Constabulary,Lancashire Constabulary,-3.007469,53.882691,On or near The Stables,E01025543,Wyre 011B,Criminal damage and arson,Awaiting court outcome,
6d1bdd66e4e23ba82649a764a4c34dab7ddb8bdba45c5b845fd74b74f8d5824c,2019-05,Lancashire Constabulary,Lancashire Constabulary,-3.008588,53.877990,On or near Longton Avenue,E01025543,Wyre 011B,Other theft,Unable to prosecute suspect,
14e13e5a59ce47058404fb572fff2d5f9efee83a65fc74e8f7baa3196f55a79b,2019-05,Lancashire Constabulary,Lancashire Constabulary,-3.004011,53.876788,On or near Prescot Place,E01025543,Wyre 011B,Public order,Unable to prosecute suspect,
bbe0e532423317d885d899a7f41f9195624d9e609cf19256ea45ad4f0e8a2ebb,2019-05,Lancashire Constabulary,Lancashire Constabulary,-3.006528,53.875158,On or near Crowder Avenue,E01025543,Wyre 011B,Violence and sexual offences,Further investigation is not in the public interest,
9ce1d212a12aee976cf9093ec8cdc0d58a5ef6bb784c2bb23e77d56a3caff21a,2019-05,Lancashire Constabulary,Lancashire Constabulary,-3.003150,53.878952,On or near Hatfield Close,E01025543,Wyre 011B,Violence and sexual offences,Action to be taken by another organisation,
6f6c3734aaf9dd80f4b3ba15f02513a8199b5d03942a02ef35d55bec318d34bc,2019-05,Lancashire Constabulary,Lancashire Constabulary,-3.006231,53.879259,On or near Brown Street,E01025543,Wyre 011B,Violence and sexual offences,Status update unavailable,
a4db1e0c3e14cb75d900ab7825395a89fb7864643df009baa260eef21e43f1eb,2019-05,Lancashire Constabulary,Lancashire Constabulary,-3.003700,53.878408,On or near Hargate Road,E01025543,Wyre 011B,Violence and sexual offences,Further investigation is not in the public interest,
7746fbb2e7b9b4d0bdf0d07f80532b0d6f40de631857a6534f0a2eaa7ef7dd6c,2019-05,Lancashire Constabulary,Lancashire Constabulary,-3.008966,53.879766,On or near Trunnah Gardens,E01025543,Wyre 011B,Violence and sexual offences,Local resolution,
e8436891d06f890f898e278df91ec1dabc9cf06261e460d173558e08608a56be,2019-05,Lancashire Constabulary,Lancashire Constabulary,-3.004098,53.876598,On or near Bancroft Avenue,E01025543,Wyre 011B,Violence and sexual offences,Unable to prosecute suspect,
c48584a5e8fd5a89628d4b5914fc78021e507d2da57a319ddeb3c3674ea4b709,2019-05,Lancashire Constabulary,Lancashire Constabulary,-3.004011,53.876788,On or near Prescot Place,E01025543,Wyre 011B,Violence and sexual offences,Status update unavailable,
8c6fed66c25752b1591ccfbb3590e6bda7f7d045dc9ed78ae94ecda92302887e,2019-05,Lancashire Constabulary,Lancashire Constabulary,-3.006528,53.875158,On or near Crowder Avenue,E01025543,Wyre 011B,Violence and sexual offences,Further investigation is not in the public interest,
7ca659db3c1651d0b4b315e67e4f2e7dd34987ce719305c771fce90d4513e915,2019-05,Lancashire Constabulary,Lancashire Constabulary,-3.008966,53.879766,On or near Trunnah Gardens,E01025543,Wyre 011B,Violence and sexual offences,Status update unavailable,
80f6e4b1d7d0bd58ad00b4f85bb279b29dbd2a3f0666546fddd316d5cd0f2994,2019-05,Lancashire Constabulary,Lancashire Constabulary,-3.003150,53.878952,On or near Hatfield Close,E01025543,Wyre 011B,Violence and sexual offences,Status update unavailable,
881f5088af7391a5cfb4b9d59e3055cc4e021a1b08a5b1bb8ec6b622863ab243,2019-05,Lancashire Constabulary,Lancashire Constabulary,-3.008966,53.879766,On or near Trunnah Gardens,E01025543,Wyre 011B,Violence and sexual offences,Status update unavailable,
6afc9ca870869f3817d6704edac81e49d2957b207ed95406964ed883aacb6561,2019-05,Lancashire Constabulary,Lancashire Constabulary,-3.006231,53.879259,On or near Brown Street,E01025543,Wyre 011B,Violence and sexual offences,Unable to prosecute suspect,
6544116c02a3f93477e2a90313a881462ac12374f3fd89008810e769a1e745dd,2019-05,Lancashire Constabulary,Lancashire Constabulary,-3.003150,53.878952,On or near Hatfield Close,E01025543,Wyre 011B,Violence and sexual offences,Status update unavailable,
acb56dc02c54739da120500b59ad92341990f6912e742914807f9c113dbea94a,2019-05,Lancashire Constabulary,Lancashire Constabulary,-3.008966,53.879766,On or near Trunnah Gardens,E01025543,Wyre 011B,Violence and sexual offences,Offender given a caution,
4161d23de538ba86b8bd0df17137aa98da1d767e5c7033813eab72dbe8070975,2019-05,Lancashire Constabulary,Lancashire Constabulary,-3.007492,53.879833,On or near Royles Brook Close,E01025543,Wyre 011B,Violence and sexual offences,Unable to prosecute suspect,
1e63d622a2e292e348cf1bf7ce7928378996a141b42b406916e660687802fb89,2019-05,Lancashire Constabulary,Lancashire Constabulary,-3.008966,53.879766,On or near Trunnah Gardens,E01025543,Wyre 011B,Violence and sexual offences,Status update unavailable,
28d78de627588cbc5d1641050f714312d7c43820d392fa7d336ed84244c6f9c0,2019-05,Lancashire Constabulary,Lancashire Constabulary,-3.007099,53.882487,On or near Heys Street,E01025543,Wyre 011B,Violence and sexual offences,Unable to prosecute suspect,
,2019-05,Lancashire Constabulary,Lancashire Constabulary,-3.014576,53.877777,On or near Gaskell Crescent,E01025544,Wyre 011C,Anti-social behaviour,,
,2019-05,Lancashire Constabulary,Lancashire Constabulary,-3.014576,53.877777,On or near Gaskell Crescent,E01025544,Wyre 011C,Anti-social behaviour,,
,2019-05,Lancashire Constabulary,Lancashire Constabulary,-3.014576,53.877777,On or near Gaskell Crescent,E01025544,Wyre 011C,Anti-social behaviour,,
,2019-05,Lancashire Constabulary,Lancashire Constabulary,-3.010942,53.877188,On or near Petrol Station,E01025544,Wyre 011C,Anti-social behaviour,,
a4005c2628c78cf495a6f494482ff6d51ff9da18c796246c0ef27efea5a25ca8,2019-05,Lancashire Constabulary,Lancashire Constabulary,-3.013594,53.878676,On or near Waring Drive,E01025544,Wyre 011C,Criminal damage and arson,Unable to prosecute suspect,
cccac4265298cfa3cccf0723732ebfd64a033becfa3155443da6060ca29a5bcc,2019-05,Lancashire Constabulary,Lancashire Constabulary,-3.014576,53.877777,On or near Gaskell Crescent,E01025544,Wyre 011C,Public order,Offender given a caution,
21b1221aa71318281993d8649963ebe2bb4a63970210cfe7d8d4e90823a64a86,2019-05,Lancashire Constabulary,Lancashire Constabulary,-3.014576,53.877777,On or near Gaskell Crescent,E01025544,Wyre 011C,Public order,Offender given a caution,
ab4df476dd8ba701d5223cdf60b07cd27e1cc79b1cfa5b876796d6276d2e949c,2019-05,Lancashire Constabulary,Lancashire Constabulary,-3.013594,53.878676,On or near Waring Drive,E01025544,Wyre 011C,Violence and sexual offences,Status update unavailable,
9426d3b68cec418998cad7f4f5e63209977ceea1df2a5b66cf0cc8c637e6c2e0,2019-05,Lancashire Constabulary,Lancashire Constabulary,-3.012106,53.877511,On or near Langdale Close,E01025544,Wyre 011C,Other crime,Offender given a caution,
,2019-05,Lancashire Constabulary,Lancashire Constabulary,-3.010433,53.869328,On or near Westlands Court,E01025576,Wyre 011D,Anti-social behaviour,,
,2019-05,Lancashire Constabulary,Lancashire Constabulary,-3.010358,53.871899,On or near Victoria Road East,E01025576,Wyre 011D,Anti-social behaviour,,
,2019-05,Lancashire Constabulary,Lancashire Constabulary,-3.013125,53.874356,On or near Parking Area,E01025576,Wyre 011D,Anti-social behaviour,,
,2019-05,Lancashire Constabulary,Lancashire Constabulary,-3.012613,53.875214,On or near Parking Area,E01025576,Wyre 011D,Anti-social behaviour,,
,2019-05,Lancashire Constabulary,Lancashire Constabulary,-3.010358,53.871899,On or near Victoria Road East,E01025576,Wyre 011D,Anti-social behaviour,,
acdb118ec3f3fb83f7b6e5cf9a15e8e488bab4f8869ff86f878311a2a95f64b3,2019-05,Lancashire Constabulary,Lancashire Constabulary,-3.000861,53.870981,On or near Parking Area,E01025576,Wyre 011D,Other theft,Status update unavailable,
ec2b8a1d238d6e8639ec94f41b48d28f0938134604b45485b86cfc7b2d438176,2019-05,Lancashire Constabulary,Lancashire Constabulary,-3.000861,53.870981,On or near Parking Area,E01025576,Wyre 011D,Robbery,Status update unavailable,
670b295cb6e7b3d283c23b5fb87805f088c6ee98e76c73488c35942afc19e842,2019-05,Lancashire Constabulary,Lancashire Constabulary,-3.000861,53.870981,On or near Parking Area,E01025576,Wyre 011D,Shoplifting,Status update unavailable,
dc722155239068590addd2633bd4a84d16fdd29225b3b89c946d58e21eb22343,2019-05,Lancashire Constabulary,Lancashire Constabulary,-3.008044,53.871190,On or near Sandown Road,E01025576,Wyre 011D,Vehicle crime,Status update unavailable,
68682b5b616261b2fb8216394a8d5028dbe976647053299e45715e5ed0b0c174,2019-05,Lancashire Constabulary,Lancashire Constabulary,-3.006859,53.868081,On or near Beverly Close,E01025576,Wyre 011D,Vehicle crime,Status update unavailable,
12997d63165df072852e94ed7a1f0c4e116eafe17a97ce59b9b2d2e853bc3c97,2019-05,Lancashire Constabulary,Lancashire Constabulary,-3.012613,53.875214,On or near Parking Area,E01025576,Wyre 011D,Violence and sexual offences,Unable to prosecute suspect,
,2019-05,Lancashire Constabulary,Lancashire Constabulary,-3.006890,53.874427,On or near Devonshire Mews,E01025577,Wyre 011E,Anti-social behaviour,,
,2019-05,Lancashire Constabulary,Lancashire Constabulary,-3.007647,53.872991,On or near Sandringham Avenue,E01025577,Wyre 011E,Anti-social behaviour,,
,2019-05,Lancashire Constabulary,Lancashire Constabulary,-3.008863,53.873601,On or near Ullswater Avenue,E01025577,Wyre 011E,Anti-social behaviour,,
,2019-05,Lancashire Constabulary,Lancashire Constabulary,-3.008863,53.873601,On or near Ullswater Avenue,E01025577,Wyre 011E,Anti-social behaviour,,
,2019-05,Lancashire Constabulary,Lancashire Constabulary,-3.001871,53.873165,On or near Lawsons Road,E01025577,Wyre 011E,Anti-social behaviour,,
51bb39f91b2ca6c9fd5efe571afd3e5b5403f9ed405160acf4f3c3ffaa92ee4b,2019-05,Lancashire Constabulary,Lancashire Constabulary,-3.001871,53.873165,On or near Lawsons Road,E01025577,Wyre 011E,Burglary,Status update unavailable,
ec6b26685e500734d2bf618ab3d361b89f01fadab061a20ac8f50b73439297ee,2019-05,Lancashire Constabulary,Lancashire Constabulary,-3.008578,53.872516,On or near Ullswater Crescent,E01025577,Wyre 011E,Violence and sexual offences,Status update unavailable,
972db65636a67ff8dca070e22e64203db799511d941b196f1bb87be839f54db3,2019-05,Lancashire Constabulary,Lancashire Constabulary,-3.009725,53.873387,On or near Rydal Avenue,E01025577,Wyre 011E,Violence and sexual offences,Local resolution,
54defe47b2c8e7fbf0f4cd8080e4a791a2597ddc9772ede861652fcc5eda1556,2019-05,Lancashire Constabulary,Lancashire Constabulary,-3.001335,53.872990,On or near Beeches Court,E01025577,Wyre 011E,Violence and sexual offences,Unable to prosecute suspect,
cdaa8a82e892393332cdd3055117cb4bf5f87ee4e8d1a04839d1363593c37f41,2019-05,Lancashire Constabulary,Lancashire Constabulary,-3.003053,53.875537,On or near Lancaster Avenue,E01025577,Wyre 011E,Violence and sexual offences,Unable to prosecute suspect,
4644672b2c6b2248127ad20fac1a189b4c747daf9ba38349973b2f774c3202d9,2019-05,Lancashire Constabulary,Lancashire Constabulary,-3.004568,53.875920,On or near Knowsley Crescent,E01025577,Wyre 011E,Other crime,Status update unavailable,
,2019-05,Lancashire Constabulary,Lancashire Constabulary,-3.007329,53.854083,On or near The Orchards,E01025550,Wyre 012A,Anti-social behaviour,,
,2019-05,Lancashire Constabulary,Lancashire Constabulary,-3.008819,53.856623,On or near Castle Avenue,E01025550,Wyre 012A,Anti-social behaviour,,
,2019-05,Lancashire Constabulary,Lancashire Constabulary,-3.007329,53.854083,On or near The Orchards,E01025550,Wyre 012A,Anti-social behaviour,,
,2019-05,Lancashire Constabulary,Lancashire Constabulary,-3.003625,53.857502,On or near Caldicott Way,E01025552,Wyre 012B,Anti-social behaviour,,
eb2ef5f890959d85ceef7a528cec5730d8f0229df3ce1680765c43471d20c752,2019-05,Lancashire Constabulary,Lancashire Constabulary,-3.007794,53.857000,On or near Saville Avenue,E01025552,Wyre 012B,Criminal damage and arson,Status update unavailable,
c7099b8c8a1748136423e16ab97e63d0e28d9a146ebc69859549388024078e36,2019-05,Lancashire Constabulary,Lancashire Constabulary,-3.003658,53.862032,On or near New Lane,E01025552,Wyre 012B,Violence and sexual offences,Unable to prosecute suspect,
3928f299cc12cb76b5a008072ed44f6e1a1e4aded18f636e6b118b0abac9dcb5,2019-05,Lancashire Constabulary,Lancashire Constabulary,-3.007794,53.857000,On or near Saville Avenue,E01025552,Wyre 012B,Violence and sexual offences,Unable to prosecute suspect,
e980ec64abbdf0eae50171be5480735f22bd3a37a82e69ca01c70b23d4ee946d,2019-05,Lancashire Constabulary,Lancashire Constabulary,-3.003658,53.862032,On or near New Lane,E01025552,Wyre 012B,Violence and sexual offences,Unable to prosecute suspect,
71b31d9335b92128441d836d28a810816840f29e77638599ce0deabc199703e2,2019-05,Lancashire Constabulary,Lancashire Constabulary,-3.007794,53.857000,On or near Saville Avenue,E01025552,Wyre 012B,Violence and sexual offences,Unable to prosecute suspect,
,2019-05,Lancashire Constabulary,Lancashire Constabulary,-2.995639,53.866287,On or near Ridgeway Drive,E01025594,Wyre 012C,Anti-social behaviour,,
,2019-05,Lancashire Constabulary,Lancashire Constabulary,-2.995639,53.866287,On or near Ridgeway Drive,E01025594,Wyre 012C,Anti-social behaviour,,
c3e02b31674e22ab5f75159f17f1aef16f61036759e289d51a2a80f873dc9e48,2019-05,Lancashire Constabulary,Lancashire Constabulary,-3.004561,53.867975,On or near Sandiways Close,E01025594,Wyre 012C,Vehicle crime,Status update unavailable,
c17a8f073179d9b4618590bbc0847b6c6e702e094de35796f71806988df749f3,2019-05,Lancashire Constabulary,Lancashire Constabulary,-3.005969,53.864556,On or near Briarwood Close,E01025594,Wyre 012C,Violence and sexual offences,Unable to prosecute suspect,
1e263d24861ccb5ef9f5ee8d97e820faca2c3e1a8f72ce7e86fa7bf9a29f4318,2019-05,Lancashire Constabulary,Lancashire Constabulary,-3.002766,53.866695,On or near Belvedere Road,E01025594,Wyre 012C,Violence and sexual offences,Unable to prosecute suspect,
3617642278b1a4f68f5e4cc746cad45ac949a8e6cae475f9ba94097bfabf165c,2019-05,Lancashire Constabulary,Lancashire Constabulary,-3.002766,53.866695,On or near Belvedere Road,E01025594,Wyre 012C,Violence and sexual offences,Status update unavailable,
7ece6f1d7301fa2fd6b580bf6343cdf3652ca743f400645176c56cc4f583ac8e,2019-05,Lancashire Constabulary,Lancashire Constabulary,-2.980447,53.861064,On or near Sports/Recreation Area,E01025595,Wyre 012D,Burglary,Status update unavailable,
2bf0a6f885700b40a882029f8e43ec06b4b34d5502a13c7866e58311843853cd,2019-05,Lancashire Constabulary,Lancashire Constabulary,-2.991825,53.866400,On or near Tuxbury Drive,E01025595,Wyre 012D,Criminal damage and arson,Status update unavailable,
5e85a4c62bc173023e70d09b38826550e9daa232eef3e7a54954c3369c0050cb,2019-05,Lancashire Constabulary,Lancashire Constabulary,-2.991825,53.866400,On or near Tuxbury Drive,E01025595,Wyre 012D,Other theft,Status update unavailable,
93749a457f8a0513152a14502a03202f50748005a9e5127fb7aec46d8e39d208,2019-05,Lancashire Constabulary,Lancashire Constabulary,-2.982035,53.857474,On or near Breck Road,E01025595,Wyre 012D,Violence and sexual offences,Status update unavailable,
0eddd04ef10589e735ef36e81bcea5891edbcb3f07666d0e981ea592e2b88990,2019-05,Lancashire Constabulary,Lancashire Constabulary,-2.991823,53.866984,On or near Cheltenham Crescent,E01025595,Wyre 012D,Violence and sexual offences,Status update unavailable,
,2019-05,Lancashire Constabulary,Lancashire Constabulary,-2.983207,53.879558,On or near Park/Open Space,E01025596,Wyre 012E,Anti-social behaviour,,
,2019-05,Lancashire Constabulary,Lancashire Constabulary,-2.983207,53.879558,On or near Park/Open Space,E01025596,Wyre 012E,Anti-social behaviour,,
,2019-05,Lancashire Constabulary,Lancashire Constabulary,-2.984345,53.879440,On or near River Road,E01025596,Wyre 012E,Anti-social behaviour,,
934d3d7fccd7700a495281b486adbfa39c2801caeba991d75332364932392f50,2019-05,Lancashire Constabulary,Lancashire Constabulary,-2.992738,53.874158,On or near Woodfield Road,E01025596,Wyre 012E,Criminal damage and arson,Status update unavailable,
b39d66ae7e2014a20451ba547828d141c0e4f7fb87a09ad10548844f69aa8100,2019-05,Lancashire Constabulary,Lancashire Constabulary,-2.992738,53.874158,On or near Woodfield Road,E01025596,Wyre 012E,Robbery,Local resolution,
143f698c2554e0c5a02ed6cb0b153fdee6b1808121ed4940bb36b95a0a159b87,2019-05,Lancashire Constabulary,Lancashire Constabulary,-2.992738,53.874158,On or near Woodfield Road,E01025596,Wyre 012E,Violence and sexual offences,Status update unavailable,
59fc94874264e7d0566477de5d8241690831000734414806115a5b815393ba99,2019-05,Lancashire Constabulary,Lancashire Constabulary,-2.992511,53.874834,On or near Brades Avenue,E01025596,Wyre 012E,Violence and sexual offences,Status update unavailable,
5c8e43f2cdf3d7c6691d1b36dc30969d0544c61f10a5f330db3a3961d70b5072,2019-05,Lancashire Constabulary,Lancashire Constabulary,-2.993877,53.876638,On or near Tretower Way,E01025596,Wyre 012E,Violence and sexual offences,Status update unavailable,
,2019-05,Lancashire Constabulary,Lancashire Constabulary,-2.999157,53.872235,On or near Hastings Close,E01025597,Wyre 012F,Anti-social behaviour,,
,2019-05,Lancashire Constabulary,Lancashire Constabulary,-2.993660,53.871948,On or near Willow Close,E01025597,Wyre 012F,Anti-social behaviour,,
,2019-05,Lancashire Constabulary,Lancashire Constabulary,-2.997908,53.875356,On or near Stuart Road,E01025597,Wyre 012F,Anti-social behaviour,,
2e42fe3a10187e0eb118968f367e8b529bd6885aada821f685fe2d6ef69741be,2019-05,Lancashire Constabulary,Lancashire Constabulary,-2.996295,53.872762,On or near Wharton Avenue,E01025597,Wyre 012F,Violence and sexual offences,Action to be taken by another organisation,
,2019-05,Lancashire Constabulary,Lancashire Constabulary,-2.984482,53.850974,On or near Moorland Avenue,E01025545,Wyre 013A,Anti-social behaviour,,
,2019-05,Lancashire Constabulary,Lancashire Constabulary,-2.978281,53.845820,On or near Poulton Gardens,E01025545,Wyre 013A,Anti-social behaviour,,
,2019-05,Lancashire Constabulary,Lancashire Constabulary,-2.984482,53.850974,On or near Moorland Avenue,E01025545,Wyre 013A,Anti-social behaviour,,
f2a2c806d0584dbe76b3c6146f50d684bb7c65d63e28921af74fb0f169e7a2cb,2019-05,Lancashire Constabulary,Lancashire Constabulary,-2.971660,53.843429,On or near Beacon Road,E01025545,Wyre 013A,Burglary,Status update unavailable,
64b2dbdb195fcc7c5175da5a10cad99179f9674a0b5616f73cce7ab7a258b242,2019-05,Lancashire Constabulary,Lancashire Constabulary,-2.965956,53.845228,On or near Bus/Coach Station,E01025545,Wyre 013A,Burglary,Status update unavailable,
2b6c746173750bd2b528a706cc92e6dde7e74fe523060e6aa1943908cd820e37,2019-05,Lancashire Constabulary,Lancashire Constabulary,-2.991573,53.850601,On or near Derby Road,E01025545,Wyre 013A,Burglary,Status update unavailable,
68279e3e6a0889480d5cdd8e78c6e8c2c64e0f71c360408935beaca3b7944447,2019-05,Lancashire Constabulary,Lancashire Constabulary,-2.969784,53.844460,On or near Bracewell Avenue,E01025545,Wyre 013A,Burglary,Status update unavailable,
4bf97d1a72696cf77a94931c93e7f16afe3804f2360e9273157ec252a7036d87,2019-05,Lancashire Constabulary,Lancashire Constabulary,-2.971660,53.843429,On or near Beacon Road,E01025545,Wyre 013A,Burglary,Status update unavailable,
a23052365770803227f37bc58d198884aa351e2b6d1179e80f0552369f8b037d,2019-05,Lancashire Constabulary,Lancashire Constabulary,-2.974155,53.843526,On or near Wood Street,E01025545,Wyre 013A,Criminal damage and arson,Unable to prosecute suspect,
66bcf70712e46a1af013731a1d7ceae6763acf8778c6485298c1b86070f116c3,2019-05,Lancashire Constabulary,Lancashire Constabulary,-2.982513,53.848689,On or near Moorland Road,E01025545,Wyre 013A,Possession of weapons,Local resolution,
1acf22a836f405cc65f1b690467c7306b2f9a69eec0eaa31196364e607053966,2019-05,Lancashire Constabulary,Lancashire Constabulary,-2.965956,53.845228,On or near Bus/Coach Station,E01025545,Wyre 013A,Vehicle crime,Status update unavailable,
4feef3d12610d75a1d1f92f50934c33436cae04bb9e0644d6c05688cf45139d0,2019-05,Lancashire Constabulary,Lancashire Constabulary,-2.982441,53.854019,On or near Breckside Close,E01025545,Wyre 013A,Vehicle crime,Status update unavailable,
c71c0506d5a92a8259ae1e3b602325bd7ce885cba1bd1eb9aec6f028edc04469,2019-05,Lancashire Constabulary,Lancashire Constabulary,-2.965956,53.845228,On or near Bus/Coach Station,E01025545,Wyre 013A,Vehicle crime,Status update unavailable,
e3d154273375925228b9ad620a046ec9927c4439b4357c3e9a29e8c87bed82db,2019-05,Lancashire Constabulary,Lancashire Constabulary,-2.981945,53.849718,On or near Moorway,E01025545,Wyre 013A,Vehicle crime,Status update unavailable,
81efaf3bb49771f3502c6f5bb307e54fcbccb9f0450cbad758fcd95a026093ef,2019-05,Lancashire Constabulary,Lancashire Constabulary,-2.993149,53.852313,On or near Furlong Lane,E01025545,Wyre 013A,Vehicle crime,Status update unavailable,
bc24909fa328f1d9877946dc58d61dbc0a2ec6591bcd15db17e8de227e7d8b37,2019-05,Lancashire Constabulary,Lancashire Constabulary,-2.979216,53.845498,On or near Garden Close,E01025545,Wyre 013A,Vehicle crime,Status update unavailable,
3ad424bd97e909fa8be012c3cdecabee7833d90855368b3515aa08f456dc1346,2019-05,Lancashire Constabulary,Lancashire Constabulary,-2.982513,53.848689,On or near Moorland Road,E01025545,Wyre 013A,Violence and sexual offences,Further investigation is not in the public interest,
48dd2d78065ed7068cd8ff7faf8ec383de5d235b7c7bb08657b281b3533c317e,2019-05,Lancashire Constabulary,Lancashire Constabulary,-2.982513,53.848689,On or near Moorland Road,E01025545,Wyre 013A,Violence and sexual offences,Status update unavailable,
3f326720ee4a1d699de491c78e99958573beb9a3426d78bacd90e25409159385,2019-05,Lancashire Constabulary,Lancashire Constabulary,-2.969784,53.844460,On or near Bracewell Avenue,E01025545,Wyre 013A,Violence and sexual offences,Status update unavailable,
a0a343b70382152f9710f2899dd680b8ff59a9c4b4bf7108c21d73926c68004a,2019-05,Lancashire Constabulary,Lancashire Constabulary,-2.982513,53.848689,On or near Moorland Road,E01025545,Wyre 013A,Violence and sexual offences,Status update unavailable,
160d311bc38677221c70f14c3a89a0d10df3206ce6cffa1995cd5c0a8850f8c0,2019-05,Lancashire Constabulary,Lancashire Constabulary,-2.982513,53.848689,On or near Moorland Road,E01025545,Wyre 013A,Violence and sexual offences,Status update unavailable,
,2019-05,Lancashire Constabulary,Lancashire Constabulary,-2.986576,53.846912,On or near Windsor Court,E01025546,Wyre 013B,Anti-social behaviour,,
,2019-05,Lancashire Constabulary,Lancashire Constabulary,-2.991313,53.847987,On or near Breck Road,E01025546,Wyre 013B,Anti-social behaviour,,
,2019-05,Lancashire Constabulary,Lancashire Constabulary,-2.991283,53.846046,On or near Stocks Court,E01025546,Wyre 013B,Anti-social behaviour,,
,2019-05,Lancashire Constabulary,Lancashire Constabulary,-2.987141,53.848327,On or near Station Road,E01025546,Wyre 013B,Anti-social behaviour,,
,2019-05,Lancashire Constabulary,Lancashire Constabulary,-2.985253,53.847552,On or near Howarth Crescent,E01025546,Wyre 013B,Anti-social behaviour,,
,2019-05,Lancashire Constabulary,Lancashire Constabulary,-2.992243,53.844869,On or near Hardhorn Road,E01025546,Wyre 013B,Anti-social behaviour,,
,2019-05,Lancashire Constabulary,Lancashire Constabulary,-2.989367,53.846017,On or near Higher Green,E01025546,Wyre 013B,Anti-social behaviour,,
,2019-05,Lancashire Constabulary,Lancashire Constabulary,-2.985580,53.847864,On or near Crescent Road,E01025546,Wyre 013B,Anti-social behaviour,,
3f9c6c0391c79476b71435502c4b59c96e0ff8198dd8d6ddb5c221bfb7357c42,2019-05,Lancashire Constabulary,Lancashire Constabulary,-2.990284,53.844328,On or near Princess Avenue,E01025546,Wyre 013B,Burglary,Status update unavailable,
f81b31a944023e504b66ed267af8b3984b2559397dbff8fc90ca54cea86943b2,2019-05,Lancashire Constabulary,Lancashire Constabulary,-2.989367,53.846017,On or near Higher Green,E01025546,Wyre 013B,Drugs,Offender given a caution,
44da271654b3e69fda244107fab9496eb9c547106f533ecc20d7d3338b35ea0a,2019-05,Lancashire Constabulary,Lancashire Constabulary,-2.990284,53.844328,On or near Princess Avenue,E01025546,Wyre 013B,Other theft,Status update unavailable,
699ae98edcabd432655e5bba3971d0ccf456c2f80ba04cc234b3e5ddbd35ea51,2019-05,Lancashire Constabulary,Lancashire Constabulary,-2.989367,53.846017,On or near Higher Green,E01025546,Wyre 013B,Possession of weapons,Offender given a caution,
7815df702afbfd4b483adcd7757e117face1288a23b5fa13186430c9448328f5,2019-05,Lancashire Constabulary,Lancashire Constabulary,-2.991485,53.846269,On or near Queen'S Square,E01025546,Wyre 013B,Public order,Further investigation is not in the public interest,
605f064f1cac65b83eb0439e8d15fc1d1943fe00738888e8f8b7ecaa69854190,2019-05,Lancashire Constabulary,Lancashire Constabulary,-2.992454,53.849290,On or near Lockwood Avenue,E01025546,Wyre 013B,Vehicle crime,Status update unavailable,
8793d04499aab9db8a0e389e481cba310fd013c67395dc9619c0ae60453420ce,2019-05,Lancashire Constabulary,Lancashire Constabulary,-2.988584,53.849565,On or near Park Road,E01025546,Wyre 013B,Vehicle crime,Status update unavailable,
a8b55d99c29959a048283ba00e05dc8a774bc44be1ecfd47548b188f3e6fb372,2019-05,Lancashire Constabulary,Lancashire Constabulary,-2.988584,53.849565,On or near Park Road,E01025546,Wyre 013B,Vehicle crime,Local resolution,
b7edcfb9b5bb0afe79fd97add60ef2982f675dad813a053f3b05571342d13ed4,2019-05,Lancashire Constabulary,Lancashire Constabulary,-2.985253,53.847552,On or near Howarth Crescent,E01025546,Wyre 013B,Violence and sexual offences,Status update unavailable,
1398c88fe8c989bf254438cb9c32bf89c430d74846fae4e22124378aa0df6c13,2019-05,Lancashire Constabulary,Lancashire Constabulary,-2.990639,53.847741,On or near Prudy Hill,E01025546,Wyre 013B,Violence and sexual offences,Status update unavailable,
1f3a43cc173c3850a2a223e3efc568aee36f8e426a47d3bd53cb27e7a53a3f2c,2019-05,Lancashire Constabulary,Lancashire Constabulary,-2.992243,53.844869,On or near Hardhorn Road,E01025546,Wyre 013B,Violence and sexual offences,Status update unavailable,
9e351e4d2e63e55222d732a2962a6925b05043d47190f2fe6cf6a6297bf16799,2019-05,Lancashire Constabulary,Lancashire Constabulary,-2.991283,53.846046,On or near Stocks Court,E01025546,Wyre 013B,Violence and sexual offences,Unable to prosecute suspect,
a2a0301a3a16752ff17a86d1891285594f9461a7985a39da1615beee5096aec6,2019-05,Lancashire Constabulary,Lancashire Constabulary,-2.985253,53.847552,On or near Howarth Crescent,E01025546,Wyre 013B,Violence and sexual offences,Unable to prosecute suspect,
8db40f4686e901786bf92174f6a8b656043333129c42ef5f790c6569b785523a,2019-05,Lancashire Constabulary,Lancashire Constabulary,-2.985950,53.846144,On or near Hayfield Avenue,E01025546,Wyre 013B,Violence and sexual offences,Unable to prosecute suspect,
9e1f51f7ad1889c9aff1473f193705fd552219cfd7819785ed34fc0e899eba52,2019-05,Lancashire Constabulary,Lancashire Constabulary,-2.990639,53.847741,On or near Prudy Hill,E01025546,Wyre 013B,Violence and sexual offences,Status update unavailable,
c1a1aabff3efa344aa660bc19730603aae2a170b40c96f248182778cac0f190a,2019-05,Lancashire Constabulary,Lancashire Constabulary,-2.985950,53.846144,On or near Hayfield Avenue,E01025546,Wyre 013B,Violence and sexual offences,Unable to prosecute suspect,
5347efc5ef9c5faa00028bf60c7d632945352766aea2f6a2e908bc07f6f674b8,2019-05,Lancashire Constabulary,Lancashire Constabulary,-2.985253,53.847552,On or near Howarth Crescent,E01025546,Wyre 013B,Violence and sexual offences,Unable to prosecute suspect,
a23181f6b9e16cf0b56d15d900ef640c2ab36ffb55b090bafe761c13397ff52d,2019-05,Lancashire Constabulary,Lancashire Constabulary,-2.985253,53.847552,On or near Howarth Crescent,E01025546,Wyre 013B,Violence and sexual offences,Unable to prosecute suspect,
9138da97c4cfd2c409dfe4630d5a58590459466ad09f6990a298fe2273ed09eb,2019-05,Lancashire Constabulary,Lancashire Constabulary,-2.988584,53.849565,On or near Park Road,E01025546,Wyre 013B,Violence and sexual offences,Unable to prosecute suspect,
f33ba255b0ff75822c87ab9bd0b986de97616dea5d89e19efeab962dd5407f7b,2019-05,Lancashire Constabulary,Lancashire Constabulary,-2.990639,53.847741,On or near Prudy Hill,E01025546,Wyre 013B,Violence and sexual offences,Status update unavailable,
79ad146d6078eea7d26a095c17f636cea9602405322d36c6f849a3c5411dcf02,2019-05,Lancashire Constabulary,Lancashire Constabulary,-2.990639,53.847741,On or near Prudy Hill,E01025546,Wyre 013B,Violence and sexual offences,Status update unavailable,
7f204a903147f0444818835cb561d7b5f1af16f0dac02c2901e2e09f8d8e694b,2019-05,Lancashire Constabulary,Lancashire Constabulary,-2.991313,53.847987,On or near Breck Road,E01025546,Wyre 013B,Violence and sexual offences,Unable to prosecute suspect,
,2019-05,Lancashire Constabulary,Lancashire Constabulary,-3.002723,53.854750,On or near Canterbury Close,E01025551,Wyre 013C,Anti-social behaviour,,
,2019-05,Lancashire Constabulary,Lancashire Constabulary,-3.001737,53.854192,On or near Arundel Drive,E01025551,Wyre 013C,Anti-social behaviour,,
,2019-05,Lancashire Constabulary,Lancashire Constabulary,-3.004723,53.853835,On or near Parking Area,E01025551,Wyre 013C,Anti-social behaviour,,
c3c5c1fd50a9a2e0d7262a2904d24e0b8680d46c82c99481f713a4b0e54ec713,2019-05,Lancashire Constabulary,Lancashire Constabulary,-2.999250,53.855085,On or near Harewood Close,E01025551,Wyre 013C,Criminal damage and arson,Status update unavailable,
e01f523f33a4ef978454c37b96b6862657cf9e1499503509662f1b82e26a6080,2019-05,Lancashire Constabulary,Lancashire Constabulary,-2.999250,53.855085,On or near Harewood Close,E01025551,Wyre 013C,Criminal damage and arson,Status update unavailable,
5d1a18e8d98994778bbe08ecc60c16044b88175a8be9ca9cd4ea97a170395318,2019-05,Lancashire Constabulary,Lancashire Constabulary,-3.001484,53.856963,On or near Elvaston Road,E01025551,Wyre 013C,Other theft,Unable to prosecute suspect,
db666cdb20cf9fa865596c1f150fe21e6e5feda85be477e7e5332d8b671f5e1f,2019-05,Lancashire Constabulary,Lancashire Constabulary,-2.997846,53.853596,On or near Heaton Close,E01025551,Wyre 013C,Violence and sexual offences,Status update unavailable,
0d991cb2c1a0852e899f134a3c05bc7ad7ddd3043144518510732c4fb124bc4b,2019-05,Lancashire Constabulary,Lancashire Constabulary,-2.984689,53.844240,On or near Garstang Road East,E01025567,Wyre 013D,Burglary,Status update unavailable,
d6abf6b1bc42ba4d88028f49196a60b7e6e21b48ff3d48ba4a520ccccefec809,2019-05,Lancashire Constabulary,Lancashire Constabulary,-2.985864,53.842495,On or near Poplar Avenue,E01025567,Wyre 013D,Criminal damage and arson,Status update unavailable,
698f7d0e5f63715fe94d14f562b407450840d16b7ce05f5afa7989ff7ed39e03,2019-05,Lancashire Constabulary,Lancashire Constabulary,-2.985864,53.842495,On or near Poplar Avenue,E01025567,Wyre 013D,Other theft,Status update unavailable,
77d31eaf3a9c9c2e258cb7db0a154997190e909119edbc232601b8c7595b835e,2019-05,Lancashire Constabulary,Lancashire Constabulary,-2.984892,53.843159,On or near Main Drive,E01025567,Wyre 013D,Public order,Status update unavailable,
85a5386dc76ddb7bcf8e8e53d54fd70636ece8057bf651ca7b1c82433468a240,2019-05,Lancashire Constabulary,Lancashire Constabulary,-2.984892,53.843159,On or near Main Drive,E01025567,Wyre 013D,Violence and sexual offences,Status update unavailable,
,2019-05,Lancashire Constabulary,Lancashire Constabulary,-2.993799,53.846385,On or near Supermarket,E01025598,Wyre 013E,Anti-social behaviour,,
,2019-05,Lancashire Constabulary,Lancashire Constabulary,-2.993799,53.846385,On or near Supermarket,E01025598,Wyre 013E,Anti-social behaviour,,
,2019-05,Lancashire Constabulary,Lancashire Constabulary,-2.993799,53.846385,On or near Supermarket,E01025598,Wyre 013E,Anti-social behaviour,,
,2019-05,Lancashire Constabulary,Lancashire Constabulary,-3.005482,53.853127,On or near Castle Gardens Crescent,E01025598,Wyre 013E,Anti-social behaviour,,
,2019-05,Lancashire Constabulary,Lancashire Constabulary,-2.993351,53.845471,On or near Parking Area,E01025598,Wyre 013E,Anti-social behaviour,,
b5e51d5eaee53a5cb4ca2b11ae2e073d1929dd74ac244c47f4b0fd872f1d3a6c,2019-05,Lancashire Constabulary,Lancashire Constabulary,-2.993799,53.846385,On or near Supermarket,E01025598,Wyre 013E,Bicycle theft,Status update unavailable,
868efe306390bf176e73d65e38779545e5738e1e7a652cf6025bc556bdd770f0,2019-05,Lancashire Constabulary,Lancashire Constabulary,-2.993458,53.846756,On or near Supermarket,E01025598,Wyre 013E,Other theft,Status update unavailable,
f52941412022eef9535b871b8841dd47e4a39095e05504a4efd2794ba8d38466,2019-05,Lancashire Constabulary,Lancashire Constabulary,-2.991971,53.846247,On or near Blackpool Old Road,E01025598,Wyre 013E,Other theft,Status update unavailable,
783aa6a8c57ec92ea7da7955bdf063c1314430478b0a7d236d4d3c1d1dbb7109,2019-05,Lancashire Constabulary,Lancashire Constabulary,-2.991971,53.846247,On or near Blackpool Old Road,E01025598,Wyre 013E,Other theft,Status update unavailable,
dd029786a1902501825d262319d45b569044f03e49f05934cbde82fb03018120,2019-05,Lancashire Constabulary,Lancashire Constabulary,-2.992746,53.848155,On or near Parking Area,E01025598,Wyre 013E,Shoplifting,Unable to prosecute suspect,
3525d383780cdb92f9b2d949b1592b5c6152ef46adade1c05fe878ce715f57da,2019-05,Lancashire Constabulary,Lancashire Constabulary,-2.992746,53.848155,On or near Parking Area,E01025598,Wyre 013E,Shoplifting,Status update unavailable,
ff0b18b669a10410eba104cd7a8367835595880b0f38b38018854780eb2908ca,2019-05,Lancashire Constabulary,Lancashire Constabulary,-2.992746,53.848155,On or near Parking Area,E01025598,Wyre 013E,Violence and sexual offences,Status update unavailable,
fe4e67ae1063008cf87fa9860f5b0800195042f815bc21ad34755de3e1ef6dfc,2019-05,Lancashire Constabulary,Lancashire Constabulary,-2.994972,53.847148,On or near Queensway,E01025598,Wyre 013E,Violence and sexual offences,Status update unavailable,
,2019-05,Lancashire Constabulary,Lancashire Constabulary,-2.991862,53.837143,On or near Sports/Recreation Area,E01025566,Wyre 014A,Anti-social behaviour,,
,2019-05,Lancashire Constabulary,Lancashire Constabulary,-2.994014,53.831085,On or near Highcross Road,E01025566,Wyre 014A,Anti-social behaviour,,
bdcf21e78fa1b3c07d7a43aabb8adb112e92071bfce4e0ee62ad2ab339551e37,2019-05,Lancashire Constabulary,Lancashire Constabulary,-2.994014,53.831085,On or near Highcross Road,E01025566,Wyre 014A,Criminal damage and arson,Unable to prosecute suspect,
3d2df83237b406201a32569967dee778cad3e0eb0bbc5a82b00bb0fab15d70d9,2019-05,Lancashire Constabulary,Lancashire Constabulary,-2.993607,53.835744,On or near Highcross Road,E01025566,Wyre 014A,Public order,Further investigation is not in the public interest,
d6e248a13ab0fc524ed4129400a1712e9fa68b6e8511c77079af6887398c0abc,2019-05,Lancashire Constabulary,Lancashire Constabulary,-2.991717,53.833540,On or near Highcross Avenue,E01025566,Wyre 014A,Public order,Status update unavailable,
ba580668197b64b543906f26e0939fd28f358e2d0d5413aa09822bca6071e3a4,2019-05,Lancashire Constabulary,Lancashire Constabulary,-2.991214,53.832186,On or near Cedar Avenue,E01025566,Wyre 014A,Vehicle crime,Status update unavailable,
af70ffb60b2d78c18eb3558e9c37b3846eb64d659cbcb309a7e78ba175f5ddc8,2019-05,Lancashire Constabulary,Lancashire Constabulary,-2.990136,53.836770,On or near Hardhorn Road,E01025566,Wyre 014A,Vehicle crime,Status update unavailable,
389e3b508fa02341b7da8e0d03ccacce034090039b649e02203d5b60eef665fe,2019-05,Lancashire Constabulary,Lancashire Constabulary,-2.986873,53.833705,On or near Green Drive,E01025566,Wyre 014A,Vehicle crime,Status update unavailable,
00b2db2e7214cafbfa0916726fc3cc23091fd9f526e95d43c490739e4763d47e,2019-05,Lancashire Constabulary,Lancashire Constabulary,-2.992168,53.835262,On or near Lowick Drive,E01025566,Wyre 014A,Violence and sexual offences,Unable to prosecute suspect,
51a918dcb39e0b8bc9c67e169b06e14ac7244b9e70af74d8250df2ae6845bee3,2019-05,Lancashire Constabulary,Lancashire Constabulary,-2.989680,53.839983,On or near Beech Drive,E01025566,Wyre 014A,Violence and sexual offences,Action to be taken by another organisation,
e439d9d885daf0aa13a350320b29eae19739ddb4867bc9884e05b617ea62ca7b,2019-05,Lancashire Constabulary,Lancashire Constabulary,-2.991322,53.832905,On or near Brocklewood Avenue,E01025566,Wyre 014A,Violence and sexual offences,Unable to prosecute suspect,
a7c792fa1b13985ebc09963d598c9a5ba02a6bff5d064f99fe8eab4ba4615aff,2019-05,Lancashire Constabulary,Lancashire Constabulary,-2.991214,53.832186,On or near Cedar Avenue,E01025566,Wyre 014A,Violence and sexual offences,Unable to prosecute suspect,
,2019-05,Lancashire Constabulary,Lancashire Constabulary,-3.006525,53.827538,On or near Petrol Station,E01025568,Wyre 014B,Anti-social behaviour,,
,2019-05,Lancashire Constabulary,Lancashire Constabulary,-3.012184,53.828488,On or near Newton Place,E01025568,Wyre 014B,Anti-social behaviour,,
,2019-05,Lancashire Constabulary,Lancashire Constabulary,-3.012184,53.828488,On or near Newton Place,E01025568,Wyre 014B,Anti-social behaviour,,
,2019-05,Lancashire Constabulary,Lancashire Constabulary,-3.008604,53.828069,On or near Conway Avenue,E01025568,Wyre 014B,Anti-social behaviour,,
176f171953ef77801cd4a8d9571e399f95c51fec48b18281268a2807f812ff9d,2019-05,Lancashire Constabulary,Lancashire Constabulary,-3.004733,53.828227,On or near Normoss Road,E01025568,Wyre 014B,Other theft,Status update unavailable,
2c6e8164b9c6da5f11c9a6590a5c00e74af3c56fa161d87403876942a0fbc773,2019-05,Lancashire Constabulary,Lancashire Constabulary,-3.012386,53.828046,On or near Normoss Avenue,E01025568,Wyre 014B,Other theft,Status update unavailable,
b5d5aad256f7892b771264b4788d0ebadf34ed40d85c0b8b4a0758b03424bdfd,2019-05,Lancashire Constabulary,Lancashire Constabulary,-3.012184,53.828488,On or near Newton Place,E01025568,Wyre 014B,Public order,Offender given penalty notice,
dba0c57aa582d9039ee0e5357454df0f623b796560bcf4c123778d60f1d500bc,2019-05,Lancashire Constabulary,Lancashire Constabulary,-3.004733,53.828227,On or near Normoss Road,E01025568,Wyre 014B,Shoplifting,Status update unavailable,
8d0144e14dd9dfbc68e6e62cc57c87b0876f4d030582d1510b05e46c55c933aa,2019-05,Lancashire Constabulary,Lancashire Constabulary,-2.995719,53.834423,On or near Derwent Place,E01025568,Wyre 014B,Violence and sexual offences,Unable to prosecute suspect,
5d4cb01dbdb523444ea75b4f683dde046a39a0507baf83cfa5dd1c1cfa092868,2019-05,Lancashire Constabulary,Lancashire Constabulary,-2.995719,53.834423,On or near Derwent Place,E01025568,Wyre 014B,Violence and sexual offences,Status update unavailable,
c4263f6e5ebd707a15439e8620cc24b9aaba0cf7cc7a8738cc95ea0e6c0b60e9,2019-05,Lancashire Constabulary,Lancashire Constabulary,-3.006525,53.827538,On or near Petrol Station,E01025568,Wyre 014B,Violence and sexual offences,Status update unavailable,
be7cf7efe2a81d81b1e67de86efdb575b2206e67ca0c769cede9cc8e4de3542d,2019-05,Lancashire Constabulary,Lancashire Constabulary,-2.995719,53.834423,On or near Derwent Place,E01025568,Wyre 014B,Violence and sexual offences,Status update unavailable,
,2019-05,Lancashire Constabulary,Lancashire Constabulary,-2.993737,53.843122,On or near Whitelees Way,E01025569,Wyre 014C,Anti-social behaviour,,
d4ff5a0a5923797c35c55371af7ae804f4a9d7388eb8d15bedeac377e0abba6f,2019-05,Lancashire Constabulary,Lancashire Constabulary,-2.995687,53.839502,On or near Northwood Way,E01025569,Wyre 014C,Violence and sexual offences,Status update unavailable,
,2019-05,Lancashire Constabulary,Lancashire Constabulary,-3.017898,53.839172,On or near Robson Way,E01025599,Wyre 014D,Anti-social behaviour,,
9923eaa29f2a452f97c69fce9ea22e64695e9349754266e06fc3f0357c23a13e,2019-05,Lancashire Constabulary,Lancashire Constabulary,-3.017898,53.839172,On or near Robson Way,E01025599,Wyre 014D,Violence and sexual offences,Status update unavailable,
c6076b868fe7ef55910ec1b097a4f3b5dc9618176540f29074abf8830dfbab3c,2019-05,Lancashire Constabulary,Lancashire Constabulary,-3.017898,53.839172,On or near Robson Way,E01025599,Wyre 014D,Violence and sexual offences,Unable to prosecute suspect,
47554e7691ff742ef39baf01b21201fe8249e878df554fd408d5517b1eaa263e,2019-05,Lancashire Constabulary,Lancashire Constabulary,-3.016530,53.847956,On or near Robins Lane,E01025599,Wyre 014D,Violence and sexual offences,Unable to prosecute suspect,
c5211b870a7ebf3bc69ba9e2cf607cda47bb2a900456d2b945bf7591d3ff5ae9,2019-05,Lancashire Constabulary,Lancashire Constabulary,-3.017898,53.839172,On or near Robson Way,E01025599,Wyre 014D,Violence and sexual offences,Status update unavailable,
5d19e6da5b9b20dbe06a468f6fceabfb5ba5dbcc7e9a5e4683896da535371e49,2019-05,Lancashire Constabulary,Lancashire Constabulary,-3.016530,53.847956,On or near Robins Lane,E01025599,Wyre 014D,Violence and sexual offences,Unable to prosecute suspect,
b535c364df16fde4888a723fe93e859463bdfaad88519cc4a4e0da0e143e63bf,2019-05,Lancashire Constabulary,Lancashire Constabulary,-3.002079,53.844940,On or near Parking Area,E01025600,Wyre 014E,Violence and sexual offences,Unable to prosecute suspect,
3bcc681a3495b710888d3f9cb592fabd8052cf85f3954ec6bc73e02027552be0,2019-05,Lancashire Constabulary,Lancashire Constabulary,-1.041802,54.027268,On or near Farriers Chase,E01013440,York 001D,Violence and sexual offences,Status update unavailable,
d29c67323f4849327184d82ac5f9297a941bbfc0e26566cfd8ef3f6001e27e67,2019-05,Lancashire Constabulary,Lancashire Constabulary,,,No Location,,,Bicycle theft,Status update unavailable,
399cba2af0a1d4ef5e9764882b4b620ec5c61a16890a47d5c0e51abd8f6d1abf,2019-05,Lancashire Constabulary,Lancashire Constabulary,,,No Location,,,Bicycle theft,Status update unavailable,
5ec17d20c016eaac5004872c1cc1254eba47346e53de3cada6350149c0e3b9b3,2019-05,Lancashire Constabulary,Lancashire Constabulary,,,No Location,,,Bicycle theft,Status update unavailable,
d32197c505ccd1f1922b4e49c54029601438833692a7433971117e4099541e22,2019-05,Lancashire Constabulary,Lancashire Constabulary,,,No Location,,,Bicycle theft,Status update unavailable,
247f253883270d3d29c613f0764f23bb449d2648567a79263a8bfa729bb3748d,2019-05,Lancashire Constabulary,Lancashire Constabulary,,,No Location,,,Bicycle theft,Status update unavailable,
2130f06a2a52dc262a87fe2f0d073434a35579a208aab9fba06a90bccd8228af,2019-05,Lancashire Constabulary,Lancashire Constabulary,,,No Location,,,Bicycle theft,Status update unavailable,
2e6e901efbf724bb232af0fbcb542b4d606d601b148ad274cadea9e8ec06f86a,2019-05,Lancashire Constabulary,Lancashire Constabulary,,,No Location,,,Bicycle theft,Status update unavailable,
ce5472477a7adc53b4c24bfafd1a18d2462968d0b121b5585d2925441ec62dfc,2019-05,Lancashire Constabulary,Lancashire Constabulary,,,No Location,,,Bicycle theft,Status update unavailable,
9920464d0682cd6078e4813a7dd6cfc8c6ace46f43182c849ae31face9774049,2019-05,Lancashire Constabulary,Lancashire Constabulary,,,No Location,,,Bicycle theft,Status update unavailable,
cf08304d07c4c0fac1f8b236ad921a25b9fd7f8264839147cc7f7e7b2092269a,2019-05,Lancashire Constabulary,Lancashire Constabulary,,,No Location,,,Bicycle theft,Status update unavailable,
2cb2bd6516af7ab1ec99cc720486dda4ffa56b0f490685a7a4e798ca16c7f7c8,2019-05,Lancashire Constabulary,Lancashire Constabulary,,,No Location,,,Bicycle theft,Status update unavailable,
5c898301f92cd3884d849a493308fd82b6b3fafbea79fd4a7eb7aec3621904b2,2019-05,Lancashire Constabulary,Lancashire Constabulary,,,No Location,,,Bicycle theft,Status update unavailable,
e7fb71e71d099a8d0a48714c60df6d123739f1f774a98c390c2656739b5932b8,2019-05,Lancashire Constabulary,Lancashire Constabulary,,,No Location,,,Bicycle theft,Unable to prosecute suspect,
2183906b2d0265702bac2b81b8a8b78701b83f0c0d69dfea37c13464dc93fd7b,2019-05,Lancashire Constabulary,Lancashire Constabulary,,,No Location,,,Burglary,Status update unavailable,
316f2f2fe219cfca028626d4a054eee7a0c27590b913afe7b0bb18d2d0fcccae,2019-05,Lancashire Constabulary,Lancashire Constabulary,,,No Location,,,Burglary,Status update unavailable,
094926345290d2b691f985abc0ed36f7c58805f7f83d26f9d20c049ce6b7aee1,2019-05,Lancashire Constabulary,Lancashire Constabulary,,,No Location,,,Burglary,Status update unavailable,
5f50b5044fcb3f6bb32f66cafa808cc0e7c4e9edcd1e78b6fbac6403b637488b,2019-05,Lancashire Constabulary,Lancashire Constabulary,,,No Location,,,Burglary,Status update unavailable,
05d455e8c1028dc856f2a5a30cc367a50049a5f854a2dd7b73a23acbe9d1981a,2019-05,Lancashire Constabulary,Lancashire Constabulary,,,No Location,,,Burglary,Status update unavailable,
8b71fadfb09b21a28a4f2e974dc72d12acdbb5aef9df65a4fb6d729a55d4ce77,2019-05,Lancashire Constabulary,Lancashire Constabulary,,,No Location,,,Burglary,Status update unavailable,
66f9692c11b20e8a00c46c424046b14173c3bb2ab41fcb8141cf3aac8f1c8fcf,2019-05,Lancashire Constabulary,Lancashire Constabulary,,,No Location,,,Burglary,Status update unavailable,
38cbc87ec1b9258df402a3dcd56d716e90fcc3ad5ca899f4c27444b7a8b556b1,2019-05,Lancashire Constabulary,Lancashire Constabulary,,,No Location,,,Burglary,Status update unavailable,
81eb77556d4f43f0951d7b9ebd1b17ba0ef45567d7548f41f92ddc99491fd2a8,2019-05,Lancashire Constabulary,Lancashire Constabulary,,,No Location,,,Burglary,Status update unavailable,
da87eff32e7252708c51cf228bb6dd260f98d3b74d03a74f7675b99a8e04a5e4,2019-05,Lancashire Constabulary,Lancashire Constabulary,,,No Location,,,Burglary,Status update unavailable,
a2fd2d2cbe53d0d5dcb44983ecef78ef07f3520d461a4eb63df95e631297ad7e,2019-05,Lancashire Constabulary,Lancashire Constabulary,,,No Location,,,Burglary,Status update unavailable,
3d8c555743bf94a748a6b0bcd420c8d5b510e5b7c7331d53d2e6fef0e6d58af4,2019-05,Lancashire Constabulary,Lancashire Constabulary,,,No Location,,,Burglary,Awaiting court outcome,
40038ec836bf02ecf711eee09acb6c4c52ec9557e24e25705af6d889d1d23741,2019-05,Lancashire Constabulary,Lancashire Constabulary,,,No Location,,,Burglary,Status update unavailable,
68d49417170fd306b18dfa4c7516eb12beffb690d5e3f4066f3d03ae5cf51df6,2019-05,Lancashire Constabulary,Lancashire Constabulary,,,No Location,,,Burglary,Status update unavailable,
8bfc7ca08ccb903aaf9eab54748fdbde0e2c814bcafb7212e2f84ed2b2230cb5,2019-05,Lancashire Constabulary,Lancashire Constabulary,,,No Location,,,Burglary,Unable to prosecute suspect,
aa52eee893133e9d65d64e0b0825d4c05f7d32dad777814212e7a84c8bf07713,2019-05,Lancashire Constabulary,Lancashire Constabulary,,,No Location,,,Burglary,Status update unavailable,
9832704cd40b7051443b788341de300994f7ad7253563f6c5de7f0ee9749d1a7,2019-05,Lancashire Constabulary,Lancashire Constabulary,,,No Location,,,Burglary,Status update unavailable,
b930f269da826b03eaeec4fc300148978d17c8c480d152989b6a48e8a95e28ec,2019-05,Lancashire Constabulary,Lancashire Constabulary,,,No Location,,,Burglary,Status update unavailable,
00f026fb16286c2aec56c681df4615b2c1c93b41b07446c30b21036d7d78757d,2019-05,Lancashire Constabulary,Lancashire Constabulary,,,No Location,,,Burglary,Status update unavailable,
9b864b56845f2471e72780298f127caa86e4d15596d7074fbf0c282c8ecae5a2,2019-05,Lancashire Constabulary,Lancashire Constabulary,,,No Location,,,Burglary,Status update unavailable,
0bdc15b1952dd11fddb721cc1ef2190a6b4daa2c04495cdbeed92d09f12bfe19,2019-05,Lancashire Constabulary,Lancashire Constabulary,,,No Location,,,Burglary,Status update unavailable,
200503ec8578632489061847862af9725ea2ea3cae9703921ef710b34af42a51,2019-05,Lancashire Constabulary,Lancashire Constabulary,,,No Location,,,Burglary,Status update unavailable,
8364f4a7052c16c9f9b5f196bd899adaa0f1648736e99644db2fe21e0449fac4,2019-05,Lancashire Constabulary,Lancashire Constabulary,,,No Location,,,Burglary,Status update unavailable,
3c41b951544b39c443c2b5d68b41900f91fa1fd647cf5b55de0dc9c042c94aa6,2019-05,Lancashire Constabulary,Lancashire Constabulary,,,No Location,,,Burglary,Status update unavailable,
24842b04abc4f6599e9e582cde4c96baa77cf66ecf951cd52c9a13ecf8fe8557,2019-05,Lancashire Constabulary,Lancashire Constabulary,,,No Location,,,Burglary,Status update unavailable,
a0ed0b18d2624bcfa026fff996f814986df10dcf52f37f661524d68088a157ff,2019-05,Lancashire Constabulary,Lancashire Constabulary,,,No Location,,,Burglary,Status update unavailable,
0acd019b3763f9382c382fed56af2400c7b1440ebbff262da342e179e89fa26e,2019-05,Lancashire Constabulary,Lancashire Constabulary,,,No Location,,,Burglary,Status update unavailable,
a00e0557b102c28d084f66b6ca9febcc60abb054230daebb2da087c82268b53e,2019-05,Lancashire Constabulary,Lancashire Constabulary,,,No Location,,,Burglary,Status update unavailable,
326681aa9dad85a8682159aaec749ebb1d01cec691d141195ffe4aa597396cd3,2019-05,Lancashire Constabulary,Lancashire Constabulary,,,No Location,,,Burglary,Status update unavailable,
e9faf4b50dbef6930481e691fd874937c7f1060dbe8d2fa33771d4324e0efd5a,2019-05,Lancashire Constabulary,Lancashire Constabulary,,,No Location,,,Burglary,Status update unavailable,
73eb8c93e47e9098b56d040a57326f912d2bc426a91c50bb6b7ac695fed673fc,2019-05,Lancashire Constabulary,Lancashire Constabulary,,,No Location,,,Burglary,Status update unavailable,
b31b3b87f11c347b47990672b3792e94fc2f7e3af9465ec2d0ef93920f821ab1,2019-05,Lancashire Constabulary,Lancashire Constabulary,,,No Location,,,Burglary,Status update unavailable,
0b134d2f7b4530c53069858d1364a81bd903a0a6bc8e1f6a122b6ba5097c6162,2019-05,Lancashire Constabulary,Lancashire Constabulary,,,No Location,,,Burglary,Status update unavailable,
a6b9054a4dbf095478ee800c4d1a445f9a857dccfa4515491c270ae0e38e8c92,2019-05,Lancashire Constabulary,Lancashire Constabulary,,,No Location,,,Burglary,Status update unavailable,
d251784b98a5b895a2293cda97ddc23236468923e4a5db25fe235c36dd5fac1c,2019-05,Lancashire Constabulary,Lancashire Constabulary,,,No Location,,,Burglary,Status update unavailable,
0f20d4d323a0e2e678df0ef6d525ed69b4c79716f50d0444a9a0206a3c9d7504,2019-05,Lancashire Constabulary,Lancashire Constabulary,,,No Location,,,Burglary,Status update unavailable,
815b224b22527527d217551a2046fddcf365ed3f4a3b22e4fb8a47e28e2ce678,2019-05,Lancashire Constabulary,Lancashire Constabulary,,,No Location,,,Burglary,Status update unavailable,
397a44ba977997d7e02efa9d161bc527f18863136368760bc43742869c05ef6c,2019-05,Lancashire Constabulary,Lancashire Constabulary,,,No Location,,,Burglary,Unable to prosecute suspect,
f91a1d12c410c5fe64e3cca1dbf177fc3d6480d7f1f75b0111a91a1406ca7c70,2019-05,Lancashire Constabulary,Lancashire Constabulary,,,No Location,,,Burglary,Status update unavailable,
36b03f8cb33323e32f6766b22e63420c25cc1b92445c4b3309ce0ade39de916d,2019-05,Lancashire Constabulary,Lancashire Constabulary,,,No Location,,,Burglary,Status update unavailable,
2b793a26ac10a0e445753983ae30b2712d5c898c79b656392239b35afe4df7f7,2019-05,Lancashire Constabulary,Lancashire Constabulary,,,No Location,,,Burglary,Status update unavailable,
7643d7bad629a435428187dd86cddbb99aa6d4a05846e70d77a66cda15ad1eec,2019-05,Lancashire Constabulary,Lancashire Constabulary,,,No Location,,,Burglary,Unable to prosecute suspect,
d70448f0ad5b018b58522c992ee5c0c27b6993d70cad789e0bade9c6b1c93d84,2019-05,Lancashire Constabulary,Lancashire Constabulary,,,No Location,,,Burglary,Awaiting court outcome,
5edb81796ae6a5209f41e74a6ec56836e2bcb489540085d125e353a645d0420b,2019-05,Lancashire Constabulary,Lancashire Constabulary,,,No Location,,,Burglary,Status update unavailable,
ad6575d634bf23feb7e127939ba9e03991fd72e32f758c1e25bfb742f2ef312b,2019-05,Lancashire Constabulary,Lancashire Constabulary,,,No Location,,,Burglary,Status update unavailable,
875242cefeb1cd0ceeb1591f8bc298ab6605b9908f17d830c0938a3d7769ea1b,2019-05,Lancashire Constabulary,Lancashire Constabulary,,,No Location,,,Burglary,Status update unavailable,
974c1f4a479081799d3723064403e0f71cc2b09f1e0ad829edcbe3a3a4899701,2019-05,Lancashire Constabulary,Lancashire Constabulary,,,No Location,,,Burglary,Status update unavailable,
deebb5fd2c8909ab6f65811c0eea1d18488687243970bf4745b4ba109b146139,2019-05,Lancashire Constabulary,Lancashire Constabulary,,,No Location,,,Burglary,Status update unavailable,
d4d8098f0a5b1cf5f48d51baac095cf6ba9fdd5126bd08767167199ba5fd3743,2019-05,Lancashire Constabulary,Lancashire Constabulary,,,No Location,,,Burglary,Status update unavailable,
6a1ee471540e9e3e6236a75276e41fd2295e9c85a49cb0cb17be8756563bce37,2019-05,Lancashire Constabulary,Lancashire Constabulary,,,No Location,,,Burglary,Status update unavailable,
3d764b41d64ba8ce3bba92cbbc30907ebc0fff26fe8e0ae6bd995af717d6ee6c,2019-05,Lancashire Constabulary,Lancashire Constabulary,,,No Location,,,Burglary,Status update unavailable,
4d556a43f05f8a2f4f9729c166e9bafe5c33777c03eb5247da078f9327c056e3,2019-05,Lancashire Constabulary,Lancashire Constabulary,,,No Location,,,Burglary,Status update unavailable,
67097c6cbd7eb2219e50302d7805774c5cd897f4e48f3c83ce38558edf615eb3,2019-05,Lancashire Constabulary,Lancashire Constabulary,,,No Location,,,Burglary,Status update unavailable,
a57f0ed2e60902e08f32f70ef6ef25d62ced207d8699cd11478a412dad928ae6,2019-05,Lancashire Constabulary,Lancashire Constabulary,,,No Location,,,Burglary,Status update unavailable,
456754e197e88bae4c3769ca47c1c8df5d70b4349f54be6bd527844800c10514,2019-05,Lancashire Constabulary,Lancashire Constabulary,,,No Location,,,Burglary,Status update unavailable,
c2edcb061bcf188e18b37721691d37a5c30a83b8daa8c6a2f2c2a705421d4f6e,2019-05,Lancashire Constabulary,Lancashire Constabulary,,,No Location,,,Burglary,Status update unavailable,
8933008c96aca82e70219432683fd792a1e2ff67ca1710ee3357efd54d31d898,2019-05,Lancashire Constabulary,Lancashire Constabulary,,,No Location,,,Burglary,Status update unavailable,
83d80e2dcc4c0eb985c99e3dcceff943e53ba5ead0f6c4990b59469bd80a52ea,2019-05,Lancashire Constabulary,Lancashire Constabulary,,,No Location,,,Burglary,Status update unavailable,
5a5ef2fd68ecea5fd223c25e149dcfd124a9cedfa372201bce57253537aafaac,2019-05,Lancashire Constabulary,Lancashire Constabulary,,,No Location,,,Burglary,Status update unavailable,
48179ce7000bf18d54aeebde0007d19b24240c14ff472c77acd3e2d830954814,2019-05,Lancashire Constabulary,Lancashire Constabulary,,,No Location,,,Burglary,Status update unavailable,
4e74b211d443cb724c5c86425afc2340af75695b3158dd0ac30976f98be89b1f,2019-05,Lancashire Constabulary,Lancashire Constabulary,,,No Location,,,Burglary,Status update unavailable,
337ce8107819211f3cd7e43327fe90ad2f43f7faaba3da2a3519b90207a73921,2019-05,Lancashire Constabulary,Lancashire Constabulary,,,No Location,,,Burglary,Status update unavailable,
601f8ec19c678ff80b8d1f5afa1ac80f79d40bb96b203f456c48df08e975197b,2019-05,Lancashire Constabulary,Lancashire Constabulary,,,No Location,,,Burglary,Status update unavailable,
f576d67fb13d02d5e435c866b0fbe825e809d8b9d988633419901b0cdeac78f9,2019-05,Lancashire Constabulary,Lancashire Constabulary,,,No Location,,,Burglary,Status update unavailable,
b087442803aa6fddc8a5d40197828cac0056869d708b73a63b4661c8ba0bd4f6,2019-05,Lancashire Constabulary,Lancashire Constabulary,,,No Location,,,Burglary,Status update unavailable,
07bc45a9975c7f3960d9c50fbacc013c00abc241d1d0228a4b51ddb0163b94e0,2019-05,Lancashire Constabulary,Lancashire Constabulary,,,No Location,,,Burglary,Status update unavailable,
794b6f5b51c9ecb3adb6c1cb547b275bda8fc634f7eddde6ee77f3bb1410aee8,2019-05,Lancashire Constabulary,Lancashire Constabulary,,,No Location,,,Burglary,Status update unavailable,
3815d20d6b32317e757a8c221f36563fc05fd3df74bad3144d56d161d64bcaa4,2019-05,Lancashire Constabulary,Lancashire Constabulary,,,No Location,,,Burglary,Status update unavailable,
301668ccc205054c08bb4d498c990d8c9c7ac21a238a8b617b610d5f43d183ce,2019-05,Lancashire Constabulary,Lancashire Constabulary,,,No Location,,,Burglary,Status update unavailable,
65a4812880d391d546fcd974268e8676291fa04224a3b1b9a5650892b28523d1,2019-05,Lancashire Constabulary,Lancashire Constabulary,,,No Location,,,Burglary,Status update unavailable,
05cd6bea768ec8dcaac530471fcad0d78c68b9bb117372042e1c26a8cec4282d,2019-05,Lancashire Constabulary,Lancashire Constabulary,,,No Location,,,Burglary,Status update unavailable,
00c4b31ca43de301db2bcdd10965d233a70cb7f2b6d710b70a1ffe2c2693a4d8,2019-05,Lancashire Constabulary,Lancashire Constabulary,,,No Location,,,Burglary,Investigation complete; no suspect identified,
bd3170b15b8716ee6dfff35898b8d9cae0ff358272bb6e1047dc031f8271d4a1,2019-05,Lancashire Constabulary,Lancashire Constabulary,,,No Location,,,Burglary,Status update unavailable,
24bad038959ab0fd60ca5ce582cde9c4c9e8604a9b4aa0a16421d28dc271b43e,2019-05,Lancashire Constabulary,Lancashire Constabulary,,,No Location,,,Burglary,Status update unavailable,
9a55dde8e460e7ae8b328e317137d3b84ec0798bdc4acbf8167927a88d32b7a4,2019-05,Lancashire Constabulary,Lancashire Constabulary,,,No Location,,,Burglary,Status update unavailable,
540068d64974d8314db0d3c2b414b72e238dc26f6ca7f85c4865e144649a2ba8,2019-05,Lancashire Constabulary,Lancashire Constabulary,,,No Location,,,Burglary,Status update unavailable,
08b6ff5ede53cb16376e95f3e12422f4a564ea67c1f09673e7070eb4b64bd28a,2019-05,Lancashire Constabulary,Lancashire Constabulary,,,No Location,,,Burglary,Status update unavailable,
dd2818e87f9d78b741419f4b1f236bdad5aa01c43a0182e87cd3745f7347842a,2019-05,Lancashire Constabulary,Lancashire Constabulary,,,No Location,,,Burglary,Status update unavailable,
db8fb2cfc4ff038c028521816cad47c57d1286bd095fc17c413fd5e9f421506e,2019-05,Lancashire Constabulary,Lancashire Constabulary,,,No Location,,,Burglary,Status update unavailable,
3a57887e1e281283bc726fdea87f89aafdc7a94534ddaaafa4ae215b7790afa0,2019-05,Lancashire Constabulary,Lancashire Constabulary,,,No Location,,,Burglary,Status update unavailable,
19f65eaa89e19b242c8683a62f640979d36370e03456707473f4ee920097d8f4,2019-05,Lancashire Constabulary,Lancashire Constabulary,,,No Location,,,Burglary,Status update unavailable,
809aee50129cf3b6b976660731f63199cf8ecd4cde674f01e5ab84bf7d3a7f65,2019-05,Lancashire Constabulary,Lancashire Constabulary,,,No Location,,,Burglary,Status update unavailable,
94788af302cb2f14a8f22bfef887213e3161acd57c791334b9a0fa1ecf5cf7ce,2019-05,Lancashire Constabulary,Lancashire Constabulary,,,No Location,,,Burglary,Status update unavailable,
ee9e36621f85880d8e5886e9be759fbe4e29c226296aa23cd40447cb97c29ab8,2019-05,Lancashire Constabulary,Lancashire Constabulary,,,No Location,,,Burglary,Status update unavailable,
d3b7c6ee100632dce3be5fba238c35c02ff3de9c43392b8f9057a858dee2ad30,2019-05,Lancashire Constabulary,Lancashire Constabulary,,,No Location,,,Burglary,Status update unavailable,
232207116e7b100bee130f8291f32cb1d0990971496dd46d135420db18257b9b,2019-05,Lancashire Constabulary,Lancashire Constabulary,,,No Location,,,Burglary,Status update unavailable,
9162347f20ccac73efc141d358d29ff7940230a55c308ab339e5d2d3bb6cab1c,2019-05,Lancashire Constabulary,Lancashire Constabulary,,,No Location,,,Burglary,Status update unavailable,
902dcb13d9a04ca5ba7f5f081fb97c5ae8f0805c3b44eefd5b4ee02e60a95e3d,2019-05,Lancashire Constabulary,Lancashire Constabulary,,,No Location,,,Burglary,Status update unavailable,
88ca3af05c7f6282449a1a8f6f00bd416bb436b8bc4a0653f4739376d71430e6,2019-05,Lancashire Constabulary,Lancashire Constabulary,,,No Location,,,Burglary,Status update unavailable,
bc0881a0fa284b9873d0a1019249b8a7f74c582dd60b4d7447111f3100717f02,2019-05,Lancashire Constabulary,Lancashire Constabulary,,,No Location,,,Burglary,Status update unavailable,
ecc07d6d4a6cef2d429247531431eed557e869f9521fc9415b08d0581f035bb3,2019-05,Lancashire Constabulary,Lancashire Constabulary,,,No Location,,,Burglary,Status update unavailable,
552555568d2c343d5c8adbbf4f14e39e6fbc42baed72ba51f5b8a7c0a6dc0732,2019-05,Lancashire Constabulary,Lancashire Constabulary,,,No Location,,,Burglary,Status update unavailable,
11ddeb1cc9d6b4bbab680552dc083c1d4eacc576412e41e42e8df0f769abb8b4,2019-05,Lancashire Constabulary,Lancashire Constabulary,,,No Location,,,Burglary,Status update unavailable,
bcd4c87ad49db06f88c88d1030d765f8bc41d6b25d3310588e5852521b47bd85,2019-05,Lancashire Constabulary,Lancashire Constabulary,,,No Location,,,Burglary,Status update unavailable,
fc9ca4cc14ec6b4b0213e291533d3db29af673bddf6fe35eac1500053a38dbf1,2019-05,Lancashire Constabulary,Lancashire Constabulary,,,No Location,,,Burglary,Status update unavailable,
52627bd0c84c3212cd21f0407832b25d02fd0c7075cb6dbb1293255f221fceba,2019-05,Lancashire Constabulary,Lancashire Constabulary,,,No Location,,,Burglary,Status update unavailable,
0e52cc45cd2b342c098fc1e941a3db6d167fa0c618e8a4a4f4101dffaabb481a,2019-05,Lancashire Constabulary,Lancashire Constabulary,,,No Location,,,Burglary,Status update unavailable,
24b8570202cbcd44b9789c8c36e8b470f08022d066e072300137aba6f242e6bd,2019-05,Lancashire Constabulary,Lancashire Constabulary,,,No Location,,,Burglary,Status update unavailable,
35bc7729978c6da9ac538fd953ec8090f983b9a69ea16edc113f7fae624c6843,2019-05,Lancashire Constabulary,Lancashire Constabulary,,,No Location,,,Burglary,Status update unavailable,
d19f2f3aff5c36eb15e7c419d67207d0d63ffecbeb5068aee4f2c5caf23efdbe,2019-05,Lancashire Constabulary,Lancashire Constabulary,,,No Location,,,Burglary,Status update unavailable,
740028ba6b4b7033d5236e8d620c41f3149955001459932cc3c9ef2abb757945,2019-05,Lancashire Constabulary,Lancashire Constabulary,,,No Location,,,Burglary,Status update unavailable,
2b648061d5f791773f3f2a19bb1902544e4c27d62e3faea8d38211d353d2dee7,2019-05,Lancashire Constabulary,Lancashire Constabulary,,,No Location,,,Burglary,Status update unavailable,
25121f76e355390755696ac849d2746aad0ce2138859ee79b38014ad8814a4e6,2019-05,Lancashire Constabulary,Lancashire Constabulary,,,No Location,,,Burglary,Status update unavailable,
beb2ff1745a5271f75aa0cc5af3883e42ed6738a8a60f12225073185b6c6a881,2019-05,Lancashire Constabulary,Lancashire Constabulary,,,No Location,,,Burglary,Status update unavailable,
7608da4e193b8801c68cc868049b8df878a8b4881fea93660e54a7b76449b664,2019-05,Lancashire Constabulary,Lancashire Constabulary,,,No Location,,,Burglary,Status update unavailable,
6bcfa2224289915296d34f0dcdb7a1dbb3f9633457cca9bffc2c1af3020379e1,2019-05,Lancashire Constabulary,Lancashire Constabulary,,,No Location,,,Burglary,Status update unavailable,
d71829889d7e064836caccb9120a740483b46a67d121f0f044c5cc5fd7c10163,2019-05,Lancashire Constabulary,Lancashire Constabulary,,,No Location,,,Burglary,Status update unavailable,
369698b074cebe521d9d4457f8521f8d13989bb1378d9a0e36dfd9afd8032941,2019-05,Lancashire Constabulary,Lancashire Constabulary,,,No Location,,,Burglary,Status update unavailable,
88b56c3c4b3a031b7489750234a0f9a3eaf9590f7701f96f7012d23437a0de76,2019-05,Lancashire Constabulary,Lancashire Constabulary,,,No Location,,,Burglary,Status update unavailable,
7cac544910a8e326ea156b194aef1edd86af908a615f8e7dd307d797d67d8877,2019-05,Lancashire Constabulary,Lancashire Constabulary,,,No Location,,,Burglary,Status update unavailable,
1d21cfec51691bf033443a14c9eeb00d5560c083d838b6eab2d0bd484d1989d0,2019-05,Lancashire Constabulary,Lancashire Constabulary,,,No Location,,,Burglary,Status update unavailable,
845e18e141ce3e554a91915673ca6ca6aa6986c140d413baf7936c10fcea55f0,2019-05,Lancashire Constabulary,Lancashire Constabulary,,,No Location,,,Burglary,Status update unavailable,
19ad69361b87982ba3d945a33b2107ac3cabe4aa8ef84b65ac169e3b386f907b,2019-05,Lancashire Constabulary,Lancashire Constabulary,,,No Location,,,Burglary,Status update unavailable,
0833397e06a3e70f38a5196ce6dff79143d08dde5e0708497399d2f104a16410,2019-05,Lancashire Constabulary,Lancashire Constabulary,,,No Location,,,Burglary,Status update unavailable,
2e418447dfdf550ae30773440ab3870768cd21ace34c37667cf9e53bd772ea66,2019-05,Lancashire Constabulary,Lancashire Constabulary,,,No Location,,,Burglary,Status update unavailable,
c8d79d7a872aa071537f883fe80a1938d48d77430cb3af3cb83d9c1d65f73b18,2019-05,Lancashire Constabulary,Lancashire Constabulary,,,No Location,,,Burglary,Status update unavailable,
e4ca9e6ceb15d9e5c788ccedcc6380551f9a6473d622d9dea457b0eef040a910,2019-05,Lancashire Constabulary,Lancashire Constabulary,,,No Location,,,Burglary,Unable to prosecute suspect,
323635b3c5662e9e768ebff55054ece1659cafdb84028690ba5a4ffeb10f2ea8,2019-05,Lancashire Constabulary,Lancashire Constabulary,,,No Location,,,Burglary,Status update unavailable,
58b227e33f70edddbcec05972c78cf9601059c189906c767e1d13835da02387b,2019-05,Lancashire Constabulary,Lancashire Constabulary,,,No Location,,,Burglary,Status update unavailable,
9ac397b2e6f17e3a75a5e0432e397db95ba216cf461937a64fc9906e51168d22,2019-05,Lancashire Constabulary,Lancashire Constabulary,,,No Location,,,Burglary,Status update unavailable,
0a3358dc2670c1fcb3bdedf3f88af9ee3b2473a8351070a3a8675343bdec2362,2019-05,Lancashire Constabulary,Lancashire Constabulary,,,No Location,,,Burglary,Status update unavailable,
86c7a5f605eec954c975cdcd8e9ad48fbec85912f6587597586641b1963d9edb,2019-05,Lancashire Constabulary,Lancashire Constabulary,,,No Location,,,Burglary,Status update unavailable,
fcef1ddd6f72b57a8ba75d51bce65a760acb5135881253d70b12fd5ce2ba8c62,2019-05,Lancashire Constabulary,Lancashire Constabulary,,,No Location,,,Burglary,Status update unavailable,
71f9009bf197d412f3a16a3d14a8711b4c767daec32c997095ef50789f8d1e0c,2019-05,Lancashire Constabulary,Lancashire Constabulary,,,No Location,,,Burglary,Status update unavailable,
82075bc380383dac9bd47d60a120ebad0c0314627f4096277cfe6c883d9d8f41,2019-05,Lancashire Constabulary,Lancashire Constabulary,,,No Location,,,Burglary,Investigation complete; no suspect identified,
dc7e45a6fc241329ed6706ac09231d64322fbc2d9e97b6299d10a06530b6ca1b,2019-05,Lancashire Constabulary,Lancashire Constabulary,,,No Location,,,Burglary,Status update unavailable,
25df0009cf09a0b186178662102831bbd708b833e804a5ac6f2a0def0e1bdd09,2019-05,Lancashire Constabulary,Lancashire Constabulary,,,No Location,,,Burglary,Status update unavailable,
42a2112a4f5197e300071597ebf584f065fd07dbb8fbfe23bffef8707ffdeb12,2019-05,Lancashire Constabulary,Lancashire Constabulary,,,No Location,,,Burglary,Status update unavailable,
2d69e0d807bfc3909a0262f7a8ee8a1ed2a22c8da11cb24c23a2b776f20c61ea,2019-05,Lancashire Constabulary,Lancashire Constabulary,,,No Location,,,Burglary,Status update unavailable,
ba47b1924703c62d2ee59f1b18835c7751e13cf659d11b2e6e8237fef657bde5,2019-05,Lancashire Constabulary,Lancashire Constabulary,,,No Location,,,Burglary,Status update unavailable,
b115e7cec219aeb8036c4870ad42ac5ddd93b29ee6381ce19a5d9350d54d35e1,2019-05,Lancashire Constabulary,Lancashire Constabulary,,,No Location,,,Burglary,Unable to prosecute suspect,
52bb8267ee0a89a6bf31289309b7d357f3f30a69303dd9b8d098fb07b0224d1b,2019-05,Lancashire Constabulary,Lancashire Constabulary,,,No Location,,,Burglary,Status update unavailable,
43d312fc4eee33d8a4a89e4670d29c92f9f2ab4c6f67695c89b46ca6a9653417,2019-05,Lancashire Constabulary,Lancashire Constabulary,,,No Location,,,Burglary,Status update unavailable,
2ee3cf6b9c18ac5299a49505fb1510f7d6cd599d429131bb60fb47dbb7578fdb,2019-05,Lancashire Constabulary,Lancashire Constabulary,,,No Location,,,Burglary,Status update unavailable,
98d81515b119933e693c98c6ceae63f4c3434e1e61f2f45aa426c14c7083d2bd,2019-05,Lancashire Constabulary,Lancashire Constabulary,,,No Location,,,Burglary,Status update unavailable,
0921a98bd0ffb1954368d2e7250e91a3c1473a141f01cf2b67c28be2a33aaf20,2019-05,Lancashire Constabulary,Lancashire Constabulary,,,No Location,,,Burglary,Status update unavailable,
86bed01407bfebdd0a669f8a9c84f1bfdc4e0b309976b32ca6dc3a04c71c0b12,2019-05,Lancashire Constabulary,Lancashire Constabulary,,,No Location,,,Burglary,Status update unavailable,
ade8070ffccec1cc353c3219748a35d85b1519c982ed60352c87c4c6f565a7b4,2019-05,Lancashire Constabulary,Lancashire Constabulary,,,No Location,,,Burglary,Status update unavailable,
c552eca4871c732ac08ee7d3a56210c94c7d6a3dcc1641f64ab827a13e0efa5f,2019-05,Lancashire Constabulary,Lancashire Constabulary,,,No Location,,,Burglary,Status update unavailable,
51fca03e3c4bbb0e82dae542bde0fc484b9fa1dfd944ea4cd9f7a240426b71d4,2019-05,Lancashire Constabulary,Lancashire Constabulary,,,No Location,,,Burglary,Status update unavailable,
d2f280b919bd72e3c607c0aac97d57326ef26f0d6c3f722baa88956ea743e8ae,2019-05,Lancashire Constabulary,Lancashire Constabulary,,,No Location,,,Burglary,Status update unavailable,
c053c68e8dfa96b8353c7ac1dda5c47c9d123e9630c7a7b6b2b68bc6ca3dba62,2019-05,Lancashire Constabulary,Lancashire Constabulary,,,No Location,,,Burglary,Status update unavailable,
9adcd9e723a163d34908e11ed271ce38de295277adaa27eb033c985157223a6d,2019-05,Lancashire Constabulary,Lancashire Constabulary,,,No Location,,,Burglary,Status update unavailable,
dcfcd5b3c4efac78fc1908bce34988e3c75a8077753ff5fceff78cf2ac871adc,2019-05,Lancashire Constabulary,Lancashire Constabulary,,,No Location,,,Burglary,Status update unavailable,
226e74bdfec3e4b61e07a3641bc85e8e69a071ecb04d20a638365b84101e1e10,2019-05,Lancashire Constabulary,Lancashire Constabulary,,,No Location,,,Burglary,Status update unavailable,
61c47731a1944f4c851246d1906abb1ac85ebadbefd60a0c721de3fa9b51774a,2019-05,Lancashire Constabulary,Lancashire Constabulary,,,No Location,,,Burglary,Status update unavailable,
fd1fff793cb4757e56ea02e8d76f09902fc6ec361765634443beb79f735c1940,2019-05,Lancashire Constabulary,Lancashire Constabulary,,,No Location,,,Burglary,Status update unavailable,
b27c1b139898876d9e10012f52d0cc2083ec68a313c03cffd6a757752e594525,2019-05,Lancashire Constabulary,Lancashire Constabulary,,,No Location,,,Burglary,Status update unavailable,
993cc9e356af5f9c6fe805df7de2c788757716a158ba05161c4b6979247aade9,2019-05,Lancashire Constabulary,Lancashire Constabulary,,,No Location,,,Burglary,Status update unavailable,
0c2f0828f5cc118aaffc29777ad9abe8b66f307537fc9f5fe8a1f0612aac7bb0,2019-05,Lancashire Constabulary,Lancashire Constabulary,,,No Location,,,Burglary,Status update unavailable,
e8c0b5e1c13b605667a8351a314c233528736e120c9753ebc0426aeeb8f0cbc3,2019-05,Lancashire Constabulary,Lancashire Constabulary,,,No Location,,,Burglary,Status update unavailable,
02471d31203e12cd4a4b65d14eeced2bd53f8a7c4b2419e037f163a6697ebc99,2019-05,Lancashire Constabulary,Lancashire Constabulary,,,No Location,,,Burglary,Status update unavailable,
0cd43219ee1eb46526b7cf603654c7835587f0e403f7b2b94a8baf7d0bf47585,2019-05,Lancashire Constabulary,Lancashire Constabulary,,,No Location,,,Burglary,Status update unavailable,
89efa2f310e9548ac76411eba6bacbf198f8e0440d62419250bf5bd2d66ec0d9,2019-05,Lancashire Constabulary,Lancashire Constabulary,,,No Location,,,Burglary,Status update unavailable,
4e18eda18823a28dd2ca3274692462db4aa61592bc5f7c9377a526b17fc13262,2019-05,Lancashire Constabulary,Lancashire Constabulary,,,No Location,,,Burglary,Status update unavailable,
8028e6cb5731726019a371eff3363ef5b72bfbd1d1a56ab22160bdf1608ed2bf,2019-05,Lancashire Constabulary,Lancashire Constabulary,,,No Location,,,Burglary,Status update unavailable,
45e93fb16dc7f6bfd0e09885b785d46ebd332b9b0acd380394fb9bb1dadac3d9,2019-05,Lancashire Constabulary,Lancashire Constabulary,,,No Location,,,Burglary,Status update unavailable,
3c9763a46f2dfa2abbd08d27ba686733b5b0b4b8863d6b3dfa9847693d3e0ee0,2019-05,Lancashire Constabulary,Lancashire Constabulary,,,No Location,,,Burglary,Status update unavailable,
274529b44c4523ecd73d19702853a207095172176fb640f0b24c6dfb7acb5a28,2019-05,Lancashire Constabulary,Lancashire Constabulary,,,No Location,,,Burglary,Unable to prosecute suspect,
bc8d084a9f4d1854aa6201e4b3ce0dac97ea25855d4b0fa770ad3f62bd201f6c,2019-05,Lancashire Constabulary,Lancashire Constabulary,,,No Location,,,Burglary,Status update unavailable,
d2174f915219a55118a77099603fea3c7f422cd907934150a00e77db0e736417,2019-05,Lancashire Constabulary,Lancashire Constabulary,,,No Location,,,Burglary,Status update unavailable,
23e4db77290e23557e03eac374c87c1a139baf29bf7547ad3907f31538118c82,2019-05,Lancashire Constabulary,Lancashire Constabulary,,,No Location,,,Burglary,Status update unavailable,
24c61596709b7a58bbea04bbf2e5c7bdbf0c8ec8303f77adb69d19462e93414d,2019-05,Lancashire Constabulary,Lancashire Constabulary,,,No Location,,,Burglary,Unable to prosecute suspect,
190d1d63b5bea6e163a24b6399a5d794974f8092f05b078fd3ace32cfb991a9c,2019-05,Lancashire Constabulary,Lancashire Constabulary,,,No Location,,,Burglary,Status update unavailable,
2ae41f1420cee7431e27af99106fd289f91420cc71103e971a3f3445c53c5f89,2019-05,Lancashire Constabulary,Lancashire Constabulary,,,No Location,,,Burglary,Status update unavailable,
399e6abca0300aaa0d81894666a84d7cccd3331cc393c2033327a313eb0fa302,2019-05,Lancashire Constabulary,Lancashire Constabulary,,,No Location,,,Burglary,Status update unavailable,
d1cae462b80770b6ef11de4ccb67afdb234dcb0a46e5d07aba22deafbe164ec1,2019-05,Lancashire Constabulary,Lancashire Constabulary,,,No Location,,,Burglary,Status update unavailable,
998a4e84bd01621f77096c8063dd51f800574b00f340e13550bc125fbc8dacb7,2019-05,Lancashire Constabulary,Lancashire Constabulary,,,No Location,,,Burglary,Status update unavailable,
d7ab7ce6730183c2489a407d7b1820b788a7db1ab87d47a76464cdcc61b8c5f2,2019-05,Lancashire Constabulary,Lancashire Constabulary,,,No Location,,,Criminal damage and arson,Awaiting court outcome,
907dffe9884daf588069f6a8e973fa8869aa339e6a303e98f123d89ee7d46c8a,2019-05,Lancashire Constabulary,Lancashire Constabulary,,,No Location,,,Criminal damage and arson,Status update unavailable,
25efd7a261a2f3d8b67c51700ebcc2593151e3efb38d0b39ee7a38bf73e2b1de,2019-05,Lancashire Constabulary,Lancashire Constabulary,,,No Location,,,Criminal damage and arson,Unable to prosecute suspect,
f02fdd84afad957bcb60728c6be6ef838a575396e607daa7ac0a392951409c1b,2019-05,Lancashire Constabulary,Lancashire Constabulary,,,No Location,,,Criminal damage and arson,Status update unavailable,
de121e425d893675992b0e9ccf52d69f8a3eaaad70894aefbd510fdf62750d6a,2019-05,Lancashire Constabulary,Lancashire Constabulary,,,No Location,,,Criminal damage and arson,Unable to prosecute suspect,
a8b11ccbf1615f8e51d1385c209d94a2dd6a79fb411d6ed8e145618a799291ef,2019-05,Lancashire Constabulary,Lancashire Constabulary,,,No Location,,,Criminal damage and arson,Status update unavailable,
18fd421874804746d3d0076b304f124b92d098fdfdbc19e8e1b4894b7e9302f0,2019-05,Lancashire Constabulary,Lancashire Constabulary,,,No Location,,,Criminal damage and arson,Awaiting court outcome,
2068100edfd0c9fd34d24f66874d9cf5b3b9564685fe9dec4399e4cba195d2f5,2019-05,Lancashire Constabulary,Lancashire Constabulary,,,No Location,,,Criminal damage and arson,Status update unavailable,
a8746a5bc72028a58ea209dad8efbc154d4a4d4b1c3b455d065f83d73f11b17b,2019-05,Lancashire Constabulary,Lancashire Constabulary,,,No Location,,,Criminal damage and arson,Status update unavailable,
950b10a217c5f56bb695900d31e16904c38b7ee19c9d3f69d3c347eb2e912eea,2019-05,Lancashire Constabulary,Lancashire Constabulary,,,No Location,,,Criminal damage and arson,Status update unavailable,
a6e3f41ce086b92812ebed074e269eb5daafba00b8615987dd402aa586fbcc73,2019-05,Lancashire Constabulary,Lancashire Constabulary,,,No Location,,,Criminal damage and arson,Status update unavailable,
333ee95db5be4fd4e5a98997a7fba3f3cb76df9d14fec7d5d2240b516ed45384,2019-05,Lancashire Constabulary,Lancashire Constabulary,,,No Location,,,Criminal damage and arson,Status update unavailable,
cfed61b84122ee24a1bcc999c6fcd70c360203fe97ec06a231cb889da068b216,2019-05,Lancashire Constabulary,Lancashire Constabulary,,,No Location,,,Criminal damage and arson,Status update unavailable,
b1afb46cc6f98c928ceb9b83f056949493b483547fad05cfa6c407186fad43d2,2019-05,Lancashire Constabulary,Lancashire Constabulary,,,No Location,,,Criminal damage and arson,Status update unavailable,
2fdca24500c3dc0d07bd7f0e794dffabe89cb796aeca690234b46cc9d6ed496a,2019-05,Lancashire Constabulary,Lancashire Constabulary,,,No Location,,,Criminal damage and arson,Status update unavailable,
6d2db5d3b67319a52c619efb473206481e2da0e149909573dc1a77d140ca5ad6,2019-05,Lancashire Constabulary,Lancashire Constabulary,,,No Location,,,Criminal damage and arson,Status update unavailable,
a9dd42797cc61e0d4213686a1249477b93559b389e8263dac0f38a4c97754046,2019-05,Lancashire Constabulary,Lancashire Constabulary,,,No Location,,,Criminal damage and arson,Status update unavailable,
bd83501526cb155b1fb080cf682ae8ca28e2989cf2bc0569e92ccd1346c16f5f,2019-05,Lancashire Constabulary,Lancashire Constabulary,,,No Location,,,Criminal damage and arson,Unable to prosecute suspect,
1da00ce06edc19d078523ea1464121e2308f0747d9dc18c11e1122d58a934a8e,2019-05,Lancashire Constabulary,Lancashire Constabulary,,,No Location,,,Criminal damage and arson,Status update unavailable,
313401633369e5d14f502b1bdc318d44cfbc5aa15076bc7ce090272c960d2d74,2019-05,Lancashire Constabulary,Lancashire Constabulary,,,No Location,,,Criminal damage and arson,Unable to prosecute suspect,
2f8a6adc27ecb186687df13b61f68165da4416faf960126106693564945e51be,2019-05,Lancashire Constabulary,Lancashire Constabulary,,,No Location,,,Criminal damage and arson,Status update unavailable,
7ab599b1cdf9b21b86c5af35addcabf5ad5243187e12239f386159e73ae8e352,2019-05,Lancashire Constabulary,Lancashire Constabulary,,,No Location,,,Criminal damage and arson,Status update unavailable,
8b2d092abdc82b1ce9610e3f57f0c451b835e7473392617b38e8dd2c373bafd1,2019-05,Lancashire Constabulary,Lancashire Constabulary,,,No Location,,,Criminal damage and arson,Status update unavailable,
d0563c4caa874e26c1d5e03f3600e98b46591189faff3598408f9c69a9673778,2019-05,Lancashire Constabulary,Lancashire Constabulary,,,No Location,,,Criminal damage and arson,Status update unavailable,
966026fb81be369aeabf67979679665fbd1bbb1c9ff3b361734d31cbe9979d8d,2019-05,Lancashire Constabulary,Lancashire Constabulary,,,No Location,,,Criminal damage and arson,Status update unavailable,
2a4a5ab75a00d3db28ee4418c60986c47dbb1476918f5d6be6bcdfd41c1b9338,2019-05,Lancashire Constabulary,Lancashire Constabulary,,,No Location,,,Criminal damage and arson,Status update unavailable,
9761d3c7278d5cd534a8d8cfc5b740d34f8efd0d54d6b02e06f62bbf8e52fcd3,2019-05,Lancashire Constabulary,Lancashire Constabulary,,,No Location,,,Criminal damage and arson,Status update unavailable,
4de296935fde6ad7c71158d7da1ae0ef583d48f044663ab86312bea70cd481fd,2019-05,Lancashire Constabulary,Lancashire Constabulary,,,No Location,,,Criminal damage and arson,Investigation complete; no suspect identified,
abfa4abcabb35ac7be3888acc507128e6b97456478beb94c50395f70ce8d4d93,2019-05,Lancashire Constabulary,Lancashire Constabulary,,,No Location,,,Criminal damage and arson,Unable to prosecute suspect,
f6e7a45096413c91274ec51b7a1af953e1b4b8451ea77a10e461aea5edf890d4,2019-05,Lancashire Constabulary,Lancashire Constabulary,,,No Location,,,Criminal damage and arson,Investigation complete; no suspect identified,
0348d48965f39fc95c2b96f45168e27030aa238afd7ac2f525a109f2321480de,2019-05,Lancashire Constabulary,Lancashire Constabulary,,,No Location,,,Criminal damage and arson,Status update unavailable,
89a6d4c7e07bd9d635e3dec94372d6f03476b3f50897b810f73927cb90bcd822,2019-05,Lancashire Constabulary,Lancashire Constabulary,,,No Location,,,Criminal damage and arson,Status update unavailable,
8323e6c82e27c58fdad4a9616dad62efd0c03708703bf49f24215fbe277a3e16,2019-05,Lancashire Constabulary,Lancashire Constabulary,,,No Location,,,Criminal damage and arson,Unable to prosecute suspect,
60cf02eaa7cd3522da519e799a7923149c42753e4ddd72871af271729c0c60bd,2019-05,Lancashire Constabulary,Lancashire Constabulary,,,No Location,,,Criminal damage and arson,Status update unavailable,
23e184f5d5752f7f0881afbe436e8fac9c9648c8f6229e74996408ba24e49842,2019-05,Lancashire Constabulary,Lancashire Constabulary,,,No Location,,,Criminal damage and arson,Unable to prosecute suspect,
69237347ea1dc6a9585f4af27dd49a2f9fbeb379e891e8763467af865573445d,2019-05,Lancashire Constabulary,Lancashire Constabulary,,,No Location,,,Criminal damage and arson,Status update unavailable,
ac0eff8e6b3676d739e4abff3ec5e76c53979b0418b9b82b5d6ccc6cad27c109,2019-05,Lancashire Constabulary,Lancashire Constabulary,,,No Location,,,Criminal damage and arson,Status update unavailable,
cfc7e8a42a74b8c36d5738983466cd7133b308c643363e17a57f06b4455a2ae7,2019-05,Lancashire Constabulary,Lancashire Constabulary,,,No Location,,,Criminal damage and arson,Status update unavailable,
b25b6bdfeb4f531c2e01f213f2670ae7452ea104630e5060c2b287caaab39448,2019-05,Lancashire Constabulary,Lancashire Constabulary,,,No Location,,,Criminal damage and arson,Status update unavailable,
1377990b376c9ce10dd31f93a78d114d7f8569fe45f778f58ce16134dcc7bfff,2019-05,Lancashire Constabulary,Lancashire Constabulary,,,No Location,,,Criminal damage and arson,Status update unavailable,
670ec1f471a655a3e75b8c0a4a0883ea6259418af4c9eda32a55aaca1c914e8e,2019-05,Lancashire Constabulary,Lancashire Constabulary,,,No Location,,,Criminal damage and arson,Status update unavailable,
e56395849866163a6eb08ce8c3a33cb06610f6198170993a810f5e5a8ed1d686,2019-05,Lancashire Constabulary,Lancashire Constabulary,,,No Location,,,Criminal damage and arson,Status update unavailable,
190204f2fd466d4a624368f5012397e79ce0fe87a19fca93b97675f6ba264ae5,2019-05,Lancashire Constabulary,Lancashire Constabulary,,,No Location,,,Criminal damage and arson,Status update unavailable,
d8fff241924950862b95b319267f9b415e3959f9cb53e59f7032dca3c8e87541,2019-05,Lancashire Constabulary,Lancashire Constabulary,,,No Location,,,Criminal damage and arson,Local resolution,
10d545ff583a1a9194182aaae6c1f0a8065493cb370e2f31d8ff5eac7ff7ad7b,2019-05,Lancashire Constabulary,Lancashire Constabulary,,,No Location,,,Criminal damage and arson,Unable to prosecute suspect,
ee1e9d0d80e088c4482ca46b9e709a6034ca5e8f7626ceb4363bd185589902c3,2019-05,Lancashire Constabulary,Lancashire Constabulary,,,No Location,,,Criminal damage and arson,Status update unavailable,
23638f2ebd4d0008dfcda8238baf47075e38b54f0975ae3e50e1d70816619138,2019-05,Lancashire Constabulary,Lancashire Constabulary,,,No Location,,,Criminal damage and arson,Status update unavailable,
75c21487322def1486459641d808dcd00e6bb3a54a1c15db2db467f48c8ed05b,2019-05,Lancashire Constabulary,Lancashire Constabulary,,,No Location,,,Criminal damage and arson,Status update unavailable,
c6c62ac506971f53a290590afe01446a3bc6db6a8d12c67320d933394bdc1f11,2019-05,Lancashire Constabulary,Lancashire Constabulary,,,No Location,,,Criminal damage and arson,Status update unavailable,
191b2fb08f0a0db516bb0a059309c7305f3b965c272a79fd3756da98c850bf35,2019-05,Lancashire Constabulary,Lancashire Constabulary,,,No Location,,,Criminal damage and arson,Status update unavailable,
39e8af9297d984dfdbefd60e7a45d4fee6138efa526ea5f306ea0ece985b1300,2019-05,Lancashire Constabulary,Lancashire Constabulary,,,No Location,,,Criminal damage and arson,Unable to prosecute suspect,
522d45d6b572dbf16e862826fd0d875fa1c6deda8e741e63ad151da7bfc31465,2019-05,Lancashire Constabulary,Lancashire Constabulary,,,No Location,,,Criminal damage and arson,Status update unavailable,
3ccb715dd894dfeeaa10475594d77def8601a7b08b65c7f37357b6735637ae8b,2019-05,Lancashire Constabulary,Lancashire Constabulary,,,No Location,,,Criminal damage and arson,Status update unavailable,
13d38b185e2c8c5c362e38dc050476357f0fde49cd7d31d8a75e7543a6391fb0,2019-05,Lancashire Constabulary,Lancashire Constabulary,,,No Location,,,Criminal damage and arson,Offender given a caution,
d395bc0f4efaa4fb2be5c31c5a4f7afbf1853df7be85fe7874eefe90646faa66,2019-05,Lancashire Constabulary,Lancashire Constabulary,,,No Location,,,Criminal damage and arson,Unable to prosecute suspect,
7df1273ca3c95d7b2357ede3b166581429b29c325c7e50149bd09d53b50efce0,2019-05,Lancashire Constabulary,Lancashire Constabulary,,,No Location,,,Criminal damage and arson,Status update unavailable,
99c279a29cd5a8af5760678755745720895f7f561af121fe254cc08af93458cf,2019-05,Lancashire Constabulary,Lancashire Constabulary,,,No Location,,,Criminal damage and arson,Status update unavailable,
24a2e2326d509ac3558626c71dfe00773edcf2990d79218763bcd6a8c9fe58aa,2019-05,Lancashire Constabulary,Lancashire Constabulary,,,No Location,,,Criminal damage and arson,Unable to prosecute suspect,
71e4a7437c8ad910e70fab22d8b009c20bfd30b4309b13326788cd28d5b4bf34,2019-05,Lancashire Constabulary,Lancashire Constabulary,,,No Location,,,Criminal damage and arson,Status update unavailable,
3fd4c78b75948b98bcf44124cba4a211ffe7cded5a9f21a4919f7f03b4a6d957,2019-05,Lancashire Constabulary,Lancashire Constabulary,,,No Location,,,Criminal damage and arson,Status update unavailable,
a9673621db9e4684d39f63848b0b38ed25f8a8f85dbcb815866fd2c930e593fa,2019-05,Lancashire Constabulary,Lancashire Constabulary,,,No Location,,,Criminal damage and arson,Status update unavailable,
81344e2d31f49d302010afa311acc0f78fbef1fd67db70afe71ac27f7d793c51,2019-05,Lancashire Constabulary,Lancashire Constabulary,,,No Location,,,Criminal damage and arson,Status update unavailable,
0fdc1de3bda666820090c66bf677d13d7b4ebe49949939022ec14bb753b51a97,2019-05,Lancashire Constabulary,Lancashire Constabulary,,,No Location,,,Criminal damage and arson,Status update unavailable,
767b32f1eed02bd4d15efa0ac165107d62067a8a37338baeb296ebc27c786f41,2019-05,Lancashire Constabulary,Lancashire Constabulary,,,No Location,,,Criminal damage and arson,Local resolution,
e4feedf12972bfd6bc7107e43d463a244bdc565954f81aa361b415be0093a79c,2019-05,Lancashire Constabulary,Lancashire Constabulary,,,No Location,,,Criminal damage and arson,Status update unavailable,
6ee66f729d39e04b1bf28a05444c068595441daacb6d79881e0bd95217c78b28,2019-05,Lancashire Constabulary,Lancashire Constabulary,,,No Location,,,Criminal damage and arson,Unable to prosecute suspect,
29275ae2678f6e7c6d0c16ae0e0b01b1e313798846a18e2b68e955dc52b87da2,2019-05,Lancashire Constabulary,Lancashire Constabulary,,,No Location,,,Criminal damage and arson,Further investigation is not in the public interest,
ccde4c1a00615686697e6126e2d0f9f0c621eda15989fb684e01f9f7a7d273bd,2019-05,Lancashire Constabulary,Lancashire Constabulary,,,No Location,,,Criminal damage and arson,Status update unavailable,
6b99c990ea2f64f5c3c75afe7e01be1973a60f0813bde652ef44c9b20ca309c4,2019-05,Lancashire Constabulary,Lancashire Constabulary,,,No Location,,,Criminal damage and arson,Investigation complete; no suspect identified,
be6fbd8972c6eb6ddfea7a64aa859f8317d411e818881b869fbdde3934eea3d2,2019-05,Lancashire Constabulary,Lancashire Constabulary,,,No Location,,,Criminal damage and arson,Status update unavailable,
060a0b83153f8fa935442df58b14a640aff2e7f76c2ff9ea47dfe5c8dff16f90,2019-05,Lancashire Constabulary,Lancashire Constabulary,,,No Location,,,Criminal damage and arson,Status update unavailable,
7e313843b696d2bb7f287bd2c5279849aefde115351bd2436e7d36090b9c0f3b,2019-05,Lancashire Constabulary,Lancashire Constabulary,,,No Location,,,Criminal damage and arson,Status update unavailable,
05c811c116b0af0d15e8235f6d98c0e3236d90812476c934081787060dc94c08,2019-05,Lancashire Constabulary,Lancashire Constabulary,,,No Location,,,Criminal damage and arson,Status update unavailable,
b85ecd7f02e9dc0a540daf6e4715240c1421dcc100e617a57d9a41cde9cfa04e,2019-05,Lancashire Constabulary,Lancashire Constabulary,,,No Location,,,Criminal damage and arson,Unable to prosecute suspect,
a55fb58895049a5ce9ee8d688e0fd0c5fb46d49f49de6f78868559285880983b,2019-05,Lancashire Constabulary,Lancashire Constabulary,,,No Location,,,Criminal damage and arson,Status update unavailable,
030960d5aefb98c2d1ed389a0b09dbf0f966d14c68f716cc92f897ae48c39b1e,2019-05,Lancashire Constabulary,Lancashire Constabulary,,,No Location,,,Criminal damage and arson,Unable to prosecute suspect,
1fda20a8f9eb8cc55fee35a41a2fb3764a1956fd8315534f4f94012c18f79196,2019-05,Lancashire Constabulary,Lancashire Constabulary,,,No Location,,,Criminal damage and arson,Status update unavailable,
1e9783a0d293db8f48e33ce3db0cdab6df6cf1a30c618da7191719949fbd833f,2019-05,Lancashire Constabulary,Lancashire Constabulary,,,No Location,,,Criminal damage and arson,Status update unavailable,
c27366b28f857b141b808bbbac82541dceaf52c88468a9e7eae39f34056ddfcc,2019-05,Lancashire Constabulary,Lancashire Constabulary,,,No Location,,,Criminal damage and arson,Status update unavailable,
d1a0ba9086f9aba301d6c059adead0e20ababf05073d0f20c1606a8f35f5044a,2019-05,Lancashire Constabulary,Lancashire Constabulary,,,No Location,,,Criminal damage and arson,Status update unavailable,
daa55f8b5e9d393a7ef9202201b17ad05612cef751ae9bbec7b8058fce3227f8,2019-05,Lancashire Constabulary,Lancashire Constabulary,,,No Location,,,Criminal damage and arson,Status update unavailable,
114238639b01e65e1b055e9ff20305ab371102dbcc45f40ee4097bfa9afa139a,2019-05,Lancashire Constabulary,Lancashire Constabulary,,,No Location,,,Criminal damage and arson,Status update unavailable,
d9f7f7f4780f0db554448d31766551e0511da468525b57129d5737087cbe28f1,2019-05,Lancashire Constabulary,Lancashire Constabulary,,,No Location,,,Criminal damage and arson,Status update unavailable,
0b2df2ce2343f2c74e82d1e06edf859d535b5b2de505015dc2380ff9ade5f7de,2019-05,Lancashire Constabulary,Lancashire Constabulary,,,No Location,,,Criminal damage and arson,Status update unavailable,
0e9b8b7ca8482369cfa3ded61e6e1aa42229e5ff2a6dd06106b14eb4a84f9d6d,2019-05,Lancashire Constabulary,Lancashire Constabulary,,,No Location,,,Criminal damage and arson,Status update unavailable,
3babc99d39fde06ca8cb1940c551535988cccce8fc0db4b8348d5ed0f3e26ddc,2019-05,Lancashire Constabulary,Lancashire Constabulary,,,No Location,,,Criminal damage and arson,Status update unavailable,
4d029f73d56490208a8e2a85721428cd391843547007cf1ab100a5a3f52069e1,2019-05,Lancashire Constabulary,Lancashire Constabulary,,,No Location,,,Criminal damage and arson,Unable to prosecute suspect,
a510f183c57160b39c921aaf71a747c36c6fd50401d22e642f4edc8b47c15fd0,2019-05,Lancashire Constabulary,Lancashire Constabulary,,,No Location,,,Criminal damage and arson,Investigation complete; no suspect identified,
4ad7c8c520766b8117592f657f2bd5d6be078ccc5d34d176a9a0530753e17241,2019-05,Lancashire Constabulary,Lancashire Constabulary,,,No Location,,,Criminal damage and arson,Status update unavailable,
688e63fd4bdc006aa4b99e9c3234a5b868872494331ffe576e70446f2e2f4b15,2019-05,Lancashire Constabulary,Lancashire Constabulary,,,No Location,,,Criminal damage and arson,Status update unavailable,
b673832efc1169a9c2a81672d57f6be5a7f4ffbfe8537967b89b4fbd331a910a,2019-05,Lancashire Constabulary,Lancashire Constabulary,,,No Location,,,Criminal damage and arson,Unable to prosecute suspect,
345b3b6ae9fd394e2d5d96e63d2395f7cfb881c4222751951f50a80743acf0d2,2019-05,Lancashire Constabulary,Lancashire Constabulary,,,No Location,,,Criminal damage and arson,Status update unavailable,
04a27069e7f6aa094cbaaeca23b513a986e4b2c49f4c77616b78b4e19fdf666b,2019-05,Lancashire Constabulary,Lancashire Constabulary,,,No Location,,,Criminal damage and arson,Unable to prosecute suspect,
134a01dae7773706af19e4f80a96c1986363fb9720dda0b3bd6aa4dc7c035a7e,2019-05,Lancashire Constabulary,Lancashire Constabulary,,,No Location,,,Criminal damage and arson,Status update unavailable,
d0d3517d0b09f1ec5bc1aa3c6988b33218ece407b217676a817e8d6b0a45d941,2019-05,Lancashire Constabulary,Lancashire Constabulary,,,No Location,,,Criminal damage and arson,Status update unavailable,
8e0d16fc519ac9f849c2e0be2ef21c952f7aa72e78b9decdf43967f24aa3e900,2019-05,Lancashire Constabulary,Lancashire Constabulary,,,No Location,,,Criminal damage and arson,Unable to prosecute suspect,
326587fd5e7fe9df4a2000591258f50ecfa7fb6ccdf4f6c2335dbe04e913463f,2019-05,Lancashire Constabulary,Lancashire Constabulary,,,No Location,,,Criminal damage and arson,Unable to prosecute suspect,
1ce43041a8e18921b6909095669eddd55463bba513ca0302b92e693458121f38,2019-05,Lancashire Constabulary,Lancashire Constabulary,,,No Location,,,Criminal damage and arson,Status update unavailable,
d8e7af9d654e5b9de4b1665d5bb8c3dcaff888c45670f2805178ee1474f08261,2019-05,Lancashire Constabulary,Lancashire Constabulary,,,No Location,,,Criminal damage and arson,Status update unavailable,
13496c7e57491c12ae36a55812e87ff44dce09f51b33a4fe00fb4cdc8ef39135,2019-05,Lancashire Constabulary,Lancashire Constabulary,,,No Location,,,Criminal damage and arson,Status update unavailable,
6b7c496a01c0a359d2a7326c7022c22a7739eae44cb268abceecf572257c68cf,2019-05,Lancashire Constabulary,Lancashire Constabulary,,,No Location,,,Criminal damage and arson,Status update unavailable,
ba69f19d0acf99d128f09c2596929ec8f064b37fcca019d9fb27a2240e9a16c6,2019-05,Lancashire Constabulary,Lancashire Constabulary,,,No Location,,,Criminal damage and arson,Status update unavailable,
179b04089fc39cb5468e6456da5b1c4872bfd633dee72537504b63a89c2f82c2,2019-05,Lancashire Constabulary,Lancashire Constabulary,,,No Location,,,Criminal damage and arson,Status update unavailable,
8612156603192248f3e8aaaed372a726084cdf1b44b1ef33385aa69c102043cd,2019-05,Lancashire Constabulary,Lancashire Constabulary,,,No Location,,,Criminal damage and arson,Local resolution,
55ad40ed82b7b630944fb916d5b045bd9a85e25f29648412a39241df04b01d65,2019-05,Lancashire Constabulary,Lancashire Constabulary,,,No Location,,,Criminal damage and arson,Unable to prosecute suspect,
2fd2d7615fa9384163579e74722907f7be3d4b9aa5536ed41574684c627d1bd2,2019-05,Lancashire Constabulary,Lancashire Constabulary,,,No Location,,,Criminal damage and arson,Status update unavailable,
274482d1e6ea28628d2924aa6a10493506632e051586bccb14851029931baf97,2019-05,Lancashire Constabulary,Lancashire Constabulary,,,No Location,,,Criminal damage and arson,Status update unavailable,
e6fee9fe8e60aec39ed7754aa8b98e462506f0332811856be3e70df628b26196,2019-05,Lancashire Constabulary,Lancashire Constabulary,,,No Location,,,Criminal damage and arson,Status update unavailable,
c4224ed1a181d5941716ea2e076aad769b425fe732895a509eef6644dc880392,2019-05,Lancashire Constabulary,Lancashire Constabulary,,,No Location,,,Criminal damage and arson,Status update unavailable,
17c798eb09bbfa88881dcffd147ea240b890fa268555dac5b984308dd95f9897,2019-05,Lancashire Constabulary,Lancashire Constabulary,,,No Location,,,Criminal damage and arson,Status update unavailable,
1c51b908d3f2aef0f507874d1028ac2e87e4c42d40e6723efc1ccc07325b5737,2019-05,Lancashire Constabulary,Lancashire Constabulary,,,No Location,,,Criminal damage and arson,Status update unavailable,
d9c656f2cb0a50f0ff82f2737652fc4ca2f5d68fa1529509f4d1aeae8659819b,2019-05,Lancashire Constabulary,Lancashire Constabulary,,,No Location,,,Criminal damage and arson,Status update unavailable,
7fe114ad8410b698357c8c8dc9511a901ffeae9e8589c9fdcce21e537b1447f6,2019-05,Lancashire Constabulary,Lancashire Constabulary,,,No Location,,,Criminal damage and arson,Status update unavailable,
c89fe82c996ddfb6306a3c07dde45ceee8b6a9774bf61a52bd31c75f6a429331,2019-05,Lancashire Constabulary,Lancashire Constabulary,,,No Location,,,Criminal damage and arson,Local resolution,
6977603d8861d9142a315882306456af75aa777c97fd06e1e97781254f292d04,2019-05,Lancashire Constabulary,Lancashire Constabulary,,,No Location,,,Criminal damage and arson,Status update unavailable,
1c67719a58430040d03ecabdd4eaaa3f718358c5bfc2afb4ebdc9d61552c9b91,2019-05,Lancashire Constabulary,Lancashire Constabulary,,,No Location,,,Criminal damage and arson,Status update unavailable,
5b62315916498d915780f7414f4d5eb230db086daf1606ef53b7969a69a41b6f,2019-05,Lancashire Constabulary,Lancashire Constabulary,,,No Location,,,Criminal damage and arson,Status update unavailable,
d171e1bc57c48a86654ffea70702ef2a6e570b4f942ef2c63a345e3a595b33f2,2019-05,Lancashire Constabulary,Lancashire Constabulary,,,No Location,,,Criminal damage and arson,Status update unavailable,
e51b8515d64c479071ffe49a6020331c88cc2019c18d302ab3047a23dab05f26,2019-05,Lancashire Constabulary,Lancashire Constabulary,,,No Location,,,Criminal damage and arson,Status update unavailable,
69857581b373f9ccbd0eba012eb44e28c37f017748805e7848971b9fc33dd2ae,2019-05,Lancashire Constabulary,Lancashire Constabulary,,,No Location,,,Criminal damage and arson,Status update unavailable,
66bba8dbfa5bb9818c8ae5194b3e679ceb6783189d3c6e3c06f789fb0fb78a2b,2019-05,Lancashire Constabulary,Lancashire Constabulary,,,No Location,,,Criminal damage and arson,Status update unavailable,
18859908b907f440910f4bb74378adf8238185ab87ebb3980583789745f25814,2019-05,Lancashire Constabulary,Lancashire Constabulary,,,No Location,,,Criminal damage and arson,Status update unavailable,
cfd7be756baa8fab9e9c2f855bd108523436c398f8f61d7ecc9c4c5cf83f7232,2019-05,Lancashire Constabulary,Lancashire Constabulary,,,No Location,,,Criminal damage and arson,Status update unavailable,
2c0413f845daad9dcbef55f2edb511b9b568a149e0c3f5f1ade0f4f383976692,2019-05,Lancashire Constabulary,Lancashire Constabulary,,,No Location,,,Criminal damage and arson,Investigation complete; no suspect identified,
9c9275679756f21d2679341d7d091a3d4eb82f0c865f97e91e9805816cce7c6c,2019-05,Lancashire Constabulary,Lancashire Constabulary,,,No Location,,,Criminal damage and arson,Status update unavailable,
0846a74fbc36732edff022d88db42283d1019a2bcda81f10253ab64840521d66,2019-05,Lancashire Constabulary,Lancashire Constabulary,,,No Location,,,Criminal damage and arson,Status update unavailable,
538d61f4f5915e8408bf106c713b0ce2c71df2ef1932e70e1b50bde882aec751,2019-05,Lancashire Constabulary,Lancashire Constabulary,,,No Location,,,Criminal damage and arson,Status update unavailable,
0db762f507ddb24a0edeef0d392a1144cc6586256641ad4c2c865eaad72a4b3d,2019-05,Lancashire Constabulary,Lancashire Constabulary,,,No Location,,,Criminal damage and arson,Status update unavailable,
2437050fbe3213ce527b541a81684b9639431fa10b3098c69b711999f2f942b8,2019-05,Lancashire Constabulary,Lancashire Constabulary,,,No Location,,,Criminal damage and arson,Status update unavailable,
737e33253cecbf78a4c42597e20fa507369b1d0d901a16e49d4deb7db419d94f,2019-05,Lancashire Constabulary,Lancashire Constabulary,,,No Location,,,Criminal damage and arson,Status update unavailable,
a884831109ce1683082f33051c1d3446fa46780300354e751d3d94c2d8f10b60,2019-05,Lancashire Constabulary,Lancashire Constabulary,,,No Location,,,Criminal damage and arson,Status update unavailable,
1fcbeefb5dd699f24ad117c427a8f1767c2bad8d82cf5e3610da2ab3027d53a3,2019-05,Lancashire Constabulary,Lancashire Constabulary,,,No Location,,,Criminal damage and arson,Unable to prosecute suspect,
1f3764935ffbed2e7471bf1ba40b6bb3b395e77db4babc6d6dd758cfca891975,2019-05,Lancashire Constabulary,Lancashire Constabulary,,,No Location,,,Criminal damage and arson,Status update unavailable,
374bd361e7f7099261a039d010d37a37f028ce82d3a5355fbf279f202dc02fcd,2019-05,Lancashire Constabulary,Lancashire Constabulary,,,No Location,,,Criminal damage and arson,Awaiting court outcome,
eedbe7857735b6c14b900c2513fa492d021bb78d68f8ab6f88349ba906366f0e,2019-05,Lancashire Constabulary,Lancashire Constabulary,,,No Location,,,Criminal damage and arson,Status update unavailable,
f3b8202e466bec04f0c1d4dd19f9436a27c33fc0ae0fa5bf3195fc30d54f5a7b,2019-05,Lancashire Constabulary,Lancashire Constabulary,,,No Location,,,Criminal damage and arson,Status update unavailable,
cb8189514c58bdac10c5709b282f0cfff21b42e18ccc3a594a150b332074e958,2019-05,Lancashire Constabulary,Lancashire Constabulary,,,No Location,,,Criminal damage and arson,Status update unavailable,
08d37a0630dc6e2ec7a1f353bcfe3fa1a2cb14d6051ceddd3035acd8563b8f2b,2019-05,Lancashire Constabulary,Lancashire Constabulary,,,No Location,,,Criminal damage and arson,Status update unavailable,
5678b03bf75a51dafc06cdd196b2128bb42ef39881427ba5774696c079324dca,2019-05,Lancashire Constabulary,Lancashire Constabulary,,,No Location,,,Criminal damage and arson,Status update unavailable,
fe644e400ce709b1dd5875b755de9964043f404aa76ec6090fb2c3de190881ee,2019-05,Lancashire Constabulary,Lancashire Constabulary,,,No Location,,,Criminal damage and arson,Status update unavailable,
ac161c39bb17e410dbe286b6a8265d9c1bd10b5467d10b8e4d27e8516f460a14,2019-05,Lancashire Constabulary,Lancashire Constabulary,,,No Location,,,Criminal damage and arson,Further investigation is not in the public interest,
d06d89d323b4b792724eae29424ec249450d2b0ba9227c6e94624b530b87c0d0,2019-05,Lancashire Constabulary,Lancashire Constabulary,,,No Location,,,Criminal damage and arson,Status update unavailable,
413d14f634259be6cda1e25d91309d338def5708139ca61f7a1319c1074bda1c,2019-05,Lancashire Constabulary,Lancashire Constabulary,,,No Location,,,Criminal damage and arson,Unable to prosecute suspect,
3a68fb26416ff1bf9a3103454a4819f4db2b7bd1c5f5b98aca13d111b13a0d39,2019-05,Lancashire Constabulary,Lancashire Constabulary,,,No Location,,,Criminal damage and arson,Status update unavailable,
af250b136bfa4405b0c2a5de503092830400fe0e8f9753385e6649de8be0a383,2019-05,Lancashire Constabulary,Lancashire Constabulary,,,No Location,,,Criminal damage and arson,Status update unavailable,
1f83a15ccf838c8366bdb0918987e3ef9f637ee7db4ebcf09434bc6065f37d2b,2019-05,Lancashire Constabulary,Lancashire Constabulary,,,No Location,,,Criminal damage and arson,Unable to prosecute suspect,
e97a81714c4e740e143b6cc850aff54ae6bd0068f1d924e239c9e8ea72280131,2019-05,Lancashire Constabulary,Lancashire Constabulary,,,No Location,,,Criminal damage and arson,Awaiting court outcome,
ac268aa2984d99f3aad4fae79cbb019a3493495e62f2e52ade170b2e59246d28,2019-05,Lancashire Constabulary,Lancashire Constabulary,,,No Location,,,Criminal damage and arson,Status update unavailable,
13d05291ee413166e945ceb5c87f4fdf5e943f070e72cfd694cee1cf5ca18b5f,2019-05,Lancashire Constabulary,Lancashire Constabulary,,,No Location,,,Criminal damage and arson,Unable to prosecute suspect,
49b87372f27a790fe05eaae3c31641e1b587828bb66b5672822546f77fc81c81,2019-05,Lancashire Constabulary,Lancashire Constabulary,,,No Location,,,Criminal damage and arson,Status update unavailable,
49da62cdfecebb1957fd5ef541d7e58343a12c3ffeac0d6cc0adce21ebfa6a27,2019-05,Lancashire Constabulary,Lancashire Constabulary,,,No Location,,,Criminal damage and arson,Unable to prosecute suspect,
b8a7281aa2c224b1070c5b601bad34c89dcec6ef798664e21d447215f021f3ac,2019-05,Lancashire Constabulary,Lancashire Constabulary,,,No Location,,,Criminal damage and arson,Unable to prosecute suspect,
c26970bf648c5064c206634ffac8ddc7ab39bd6955a7ebe2003e70683a132651,2019-05,Lancashire Constabulary,Lancashire Constabulary,,,No Location,,,Criminal damage and arson,Status update unavailable,
776991833a1338bea679382357bea5d1dd11dc379a29f7ef4aacc3b5bf1460f5,2019-05,Lancashire Constabulary,Lancashire Constabulary,,,No Location,,,Criminal damage and arson,Action to be taken by another organisation,
7871b1497364cb32066525767d75d3e769893434c764e547206a0a7e87c9cc6f,2019-05,Lancashire Constabulary,Lancashire Constabulary,,,No Location,,,Criminal damage and arson,Status update unavailable,
1f0ba4c43899e5fe714c43bc0eb62a474bd867760b547186050050f7b45a3e40,2019-05,Lancashire Constabulary,Lancashire Constabulary,,,No Location,,,Criminal damage and arson,Status update unavailable,
43ddf180f0c439b793774f9342baefeb211686f842ddadafee97c14427cae6aa,2019-05,Lancashire Constabulary,Lancashire Constabulary,,,No Location,,,Criminal damage and arson,Status update unavailable,
4ee482a4ba3c06a1d85c7d489baf8aad52ddaeddc4f2dc11c4dd340660462dd6,2019-05,Lancashire Constabulary,Lancashire Constabulary,,,No Location,,,Criminal damage and arson,Status update unavailable,
167ca9dca270181a224573e962781f4df410ead04c8e0add0e91325aac4d3f0a,2019-05,Lancashire Constabulary,Lancashire Constabulary,,,No Location,,,Criminal damage and arson,Status update unavailable,
03a7a75227495c8b2ae531b7f4aec5e3e1f6cb805398a6a4398c9e336e67ece6,2019-05,Lancashire Constabulary,Lancashire Constabulary,,,No Location,,,Criminal damage and arson,Status update unavailable,
81da538fcc6231a501ad07506fda40ce604e1a9c6565a20431a54092c1e6fd43,2019-05,Lancashire Constabulary,Lancashire Constabulary,,,No Location,,,Criminal damage and arson,Awaiting court outcome,
238ecbb87ece652f2915e059cc883815800e4a63fd4a4dd5fefa47eca3aae3ce,2019-05,Lancashire Constabulary,Lancashire Constabulary,,,No Location,,,Criminal damage and arson,Unable to prosecute suspect,
3a1f8332ce741c193fe38a0c06bb8fe26af53b7e235f41130d8c290ab3aeffb3,2019-05,Lancashire Constabulary,Lancashire Constabulary,,,No Location,,,Criminal damage and arson,Further investigation is not in the public interest,
5e5fc8b05ae6c7603daa25cf8fcce627b36a5b78bcc88d13e410483e5605a3b4,2019-05,Lancashire Constabulary,Lancashire Constabulary,,,No Location,,,Criminal damage and arson,Status update unavailable,
948d012b2f9d896b1330b80ad51bb9ab319bfd88b66e91b5e26633dd7a2c7e71,2019-05,Lancashire Constabulary,Lancashire Constabulary,,,No Location,,,Criminal damage and arson,Unable to prosecute suspect,
cbd41ce7d19174abcd17275868963c0cb6dbfb99605e7385586816abaf57742a,2019-05,Lancashire Constabulary,Lancashire Constabulary,,,No Location,,,Criminal damage and arson,Unable to prosecute suspect,
d42bb4fbc12bc7c56e1241b0604229dd744b6b90e05d4f9660639a1234a1c56f,2019-05,Lancashire Constabulary,Lancashire Constabulary,,,No Location,,,Criminal damage and arson,Status update unavailable,
3e81dd7665865ced393d61e626b47c09737b363f7b98929b716cd31441231550,2019-05,Lancashire Constabulary,Lancashire Constabulary,,,No Location,,,Criminal damage and arson,Unable to prosecute suspect,
28e379432800d10eaaf7910e70c9c6765775bbd0d89553bd251cb89027f0b563,2019-05,Lancashire Constabulary,Lancashire Constabulary,,,No Location,,,Criminal damage and arson,Status update unavailable,
aa6e174f371216cbb6e62ea50d7b699002b511d50fa294face691440abbc54c1,2019-05,Lancashire Constabulary,Lancashire Constabulary,,,No Location,,,Criminal damage and arson,Status update unavailable,
2ca03daab95a5a2de7930cca1253effb3be29d1d70747067e15bef9141c3d8be,2019-05,Lancashire Constabulary,Lancashire Constabulary,,,No Location,,,Criminal damage and arson,Unable to prosecute suspect,
0d6fe3f1ee8b6f547ad815df4292b4d9243808c18035affb7e31104f8bbd0681,2019-05,Lancashire Constabulary,Lancashire Constabulary,,,No Location,,,Criminal damage and arson,Status update unavailable,
f0e3ea962ca996a942868da2866cce852ef7f9a853c23613d60f3ffe2ffb9b40,2019-05,Lancashire Constabulary,Lancashire Constabulary,,,No Location,,,Criminal damage and arson,Status update unavailable,
a7ea49242fe44f01b58f31e5a5667757878c1f612392dc3b4d6c46f1daabdfb3,2019-05,Lancashire Constabulary,Lancashire Constabulary,,,No Location,,,Criminal damage and arson,Status update unavailable,
13faf932ef6dca9dd069af008b388c7efc02b8f52bfe92536729da12ec6d4159,2019-05,Lancashire Constabulary,Lancashire Constabulary,,,No Location,,,Criminal damage and arson,Status update unavailable,
4a1ce2d7982b56e2b906fcebabf63b2d3631cb796f3bc036d07b82471d9b36f1,2019-05,Lancashire Constabulary,Lancashire Constabulary,,,No Location,,,Criminal damage and arson,Status update unavailable,
51eb025e02bc547c1d6d42ec469e27b022c0df1cd936f4b01968eb9d2712bf13,2019-05,Lancashire Constabulary,Lancashire Constabulary,,,No Location,,,Criminal damage and arson,Status update unavailable,
2552ed9c310125b6b9f6f785be060a108ae811fda435267f0839fba4884cdd48,2019-05,Lancashire Constabulary,Lancashire Constabulary,,,No Location,,,Criminal damage and arson,Status update unavailable,
b7eeda1be13ac68e5e042134ec61bd3057223927bb6191ca1959284de37796a2,2019-05,Lancashire Constabulary,Lancashire Constabulary,,,No Location,,,Criminal damage and arson,Status update unavailable,
e8f34d2cce91950d96666f89eab889f61e2f26875181fa9fbb84b69c914bb0d2,2019-05,Lancashire Constabulary,Lancashire Constabulary,,,No Location,,,Criminal damage and arson,Status update unavailable,
ed2eeac357526a387d1b8609e91f22a17e7199cbaea57bd555a5e779b7b8ecdb,2019-05,Lancashire Constabulary,Lancashire Constabulary,,,No Location,,,Criminal damage and arson,Status update unavailable,
def58f885750b4acc45ca3d651509603cce4c9fc861fd21053a80585d47b45dd,2019-05,Lancashire Constabulary,Lancashire Constabulary,,,No Location,,,Criminal damage and arson,Status update unavailable,
fd5e72639fbe895ec94e4c37428d60a2ab0d01fc1e269630f4080668e4d7b83c,2019-05,Lancashire Constabulary,Lancashire Constabulary,,,No Location,,,Criminal damage and arson,Status update unavailable,
bc89f3ae53487082b789329fdd55c7c578acb974ff177dec57668aeb9ca87fa3,2019-05,Lancashire Constabulary,Lancashire Constabulary,,,No Location,,,Criminal damage and arson,Status update unavailable,
2282ac2823932af161ad20ae57801bf21a0ee1e159c419664291fb504580e166,2019-05,Lancashire Constabulary,Lancashire Constabulary,,,No Location,,,Criminal damage and arson,Status update unavailable,
036f39ed4c3345ca9b83816dcef0227be1b2a62edbbc35e0980a7c0a72b8e90f,2019-05,Lancashire Constabulary,Lancashire Constabulary,,,No Location,,,Criminal damage and arson,Status update unavailable,
7322e88ab9831ff8d1eb03f735e333d28aca5b17e7d053d9f48de0068f8ce686,2019-05,Lancashire Constabulary,Lancashire Constabulary,,,No Location,,,Criminal damage and arson,Status update unavailable,
6f9b7fbbb722914255cd573909ca4e0a4651fb8a6a11d751dbf652ee0f88c559,2019-05,Lancashire Constabulary,Lancashire Constabulary,,,No Location,,,Criminal damage and arson,Status update unavailable,
8905c49528a77b9578b512546da6a34171378b2b329b032d133cc341c2c7b0aa,2019-05,Lancashire Constabulary,Lancashire Constabulary,,,No Location,,,Criminal damage and arson,Status update unavailable,
ee95ae7e5ae166563d1a7fb69a060e6beec2031679a29b9c053f893e60193244,2019-05,Lancashire Constabulary,Lancashire Constabulary,,,No Location,,,Criminal damage and arson,Status update unavailable,
4845c6f71f6bdde47ac6d259e799dcfc0a3c3f8a99b095c9474d37d51aaa56f4,2019-05,Lancashire Constabulary,Lancashire Constabulary,,,No Location,,,Criminal damage and arson,Status update unavailable,
1932ab10e2c231c014bd52de7b8b11bb7652712c2b10b00155463c58a7a67287,2019-05,Lancashire Constabulary,Lancashire Constabulary,,,No Location,,,Criminal damage and arson,Status update unavailable,
c243b757bde7efadcb7e0d0536a7473317dd814a29ae0429a8dae8c2f1e4e75c,2019-05,Lancashire Constabulary,Lancashire Constabulary,,,No Location,,,Criminal damage and arson,Unable to prosecute suspect,
9769422b4ceca33023883ea5a77338f8d87bf72be630903fe6ba5bc3e8b526e8,2019-05,Lancashire Constabulary,Lancashire Constabulary,,,No Location,,,Criminal damage and arson,Status update unavailable,
57e999713b6c514b5c3584289ac249ab95b4208a7223201a8282ca0e0722b220,2019-05,Lancashire Constabulary,Lancashire Constabulary,,,No Location,,,Criminal damage and arson,Status update unavailable,
8efbfaf79343822e69da461d22cd08274d4f9da43237a434c954cf5d25faf66f,2019-05,Lancashire Constabulary,Lancashire Constabulary,,,No Location,,,Criminal damage and arson,Status update unavailable,
0df4b9f5c0ae625a0e403cd20a646e48cc4590627b53d3cbd160885eb7bf4cef,2019-05,Lancashire Constabulary,Lancashire Constabulary,,,No Location,,,Criminal damage and arson,Status update unavailable,
1460f798c625af631e88190360bc59433acc3e5cccf8d323c8b796a6239ec740,2019-05,Lancashire Constabulary,Lancashire Constabulary,,,No Location,,,Criminal damage and arson,Status update unavailable,
7545daeffde252aa73d3b195749eedb40e2aa340a6fe41717a834e5fe570db8a,2019-05,Lancashire Constabulary,Lancashire Constabulary,,,No Location,,,Criminal damage and arson,Status update unavailable,
6625e081f61e0110a408228337928f26774cafd11d6fa33f053f3a5dfcb7602f,2019-05,Lancashire Constabulary,Lancashire Constabulary,,,No Location,,,Criminal damage and arson,Status update unavailable,
8db30c1d9a7d2f1c9ddfaa39675060c44400f99938235357174699da810a65bf,2019-05,Lancashire Constabulary,Lancashire Constabulary,,,No Location,,,Criminal damage and arson,Unable to prosecute suspect,
8f46d70e6cc29e123f511859609320185b9970bdf65480446e892000330682b2,2019-05,Lancashire Constabulary,Lancashire Constabulary,,,No Location,,,Criminal damage and arson,Status update unavailable,
5e1b349a45b762a0fe7f96835747ee1e83342eb5a5ee55b61aec93f1b1722885,2019-05,Lancashire Constabulary,Lancashire Constabulary,,,No Location,,,Criminal damage and arson,Status update unavailable,
49d1c4570d7c6cbc6140cbc5ee4df0099fc45bd16b4cc62952977fe256b2451a,2019-05,Lancashire Constabulary,Lancashire Constabulary,,,No Location,,,Criminal damage and arson,Status update unavailable,
90d2841a1098c887220006967bda1a7b4eaea7785297e6906ffd0b34b1e3cd42,2019-05,Lancashire Constabulary,Lancashire Constabulary,,,No Location,,,Criminal damage and arson,Status update unavailable,
b953f95be675022314207f8478a87492609906b7d76109f34146c5a3a527b4df,2019-05,Lancashire Constabulary,Lancashire Constabulary,,,No Location,,,Criminal damage and arson,Status update unavailable,
7163cb4418c212d1b3f16efcc27f6353ce401f2e7f66c1e447a93869de0002b6,2019-05,Lancashire Constabulary,Lancashire Constabulary,,,No Location,,,Criminal damage and arson,Offender given penalty notice,
a0e5b0907bcb682f1f7153c2c05d2ba0436ff584ce5f8be445bfc56fa568045f,2019-05,Lancashire Constabulary,Lancashire Constabulary,,,No Location,,,Criminal damage and arson,Unable to prosecute suspect,
92cf92710173effd0ae0b331e6f487b326f70b8ebb0b92b7bcbda58d44922691,2019-05,Lancashire Constabulary,Lancashire Constabulary,,,No Location,,,Criminal damage and arson,Unable to prosecute suspect,
daf17b919845c26af7980a33a85fe71958de4154252c1969c93b5d97c46855cc,2019-05,Lancashire Constabulary,Lancashire Constabulary,,,No Location,,,Criminal damage and arson,Status update unavailable,
aa4297da652fdb0b1029352b7d027ed39a28273ea4cad0a8fac5c791f25c43f5,2019-05,Lancashire Constabulary,Lancashire Constabulary,,,No Location,,,Criminal damage and arson,Status update unavailable,
472da0c4a132ecde0be10a0b5e188290f4d776d0c4638758f18bea6ed789881e,2019-05,Lancashire Constabulary,Lancashire Constabulary,,,No Location,,,Criminal damage and arson,Unable to prosecute suspect,
95d224f6331aceaa5886c85d452797767edb65f56d3b4ba8f805294ed3024ff4,2019-05,Lancashire Constabulary,Lancashire Constabulary,,,No Location,,,Criminal damage and arson,Status update unavailable,
4323f46dec6f572beb867103a72fbe6b87f74767c52fa1daa509a124ead123da,2019-05,Lancashire Constabulary,Lancashire Constabulary,,,No Location,,,Criminal damage and arson,Status update unavailable,
ed76a4c27f56de7abaec9689e14c7472090e5c13ca9dfe49c271a38d0ff80bba,2019-05,Lancashire Constabulary,Lancashire Constabulary,,,No Location,,,Criminal damage and arson,Status update unavailable,
4bb5ca548ba97a332cad254c015285e04684dd484e3f5dda81a1e52eb82e8ed4,2019-05,Lancashire Constabulary,Lancashire Constabulary,,,No Location,,,Criminal damage and arson,Status update unavailable,
942b93ddbfc08a4eda9858438143eb4c5f6ce665b5a64fd4ff9a2f1b124d934f,2019-05,Lancashire Constabulary,Lancashire Constabulary,,,No Location,,,Criminal damage and arson,Status update unavailable,
f079f6bb686a612f879f6fc6231e016f3713a6e3142f377bad1bb3a4986755cd,2019-05,Lancashire Constabulary,Lancashire Constabulary,,,No Location,,,Criminal damage and arson,Offender fined,
40b507f466aa09ddabb3eb7ff6bc6e5682300c45a23511f041b28ca84a93ff85,2019-05,Lancashire Constabulary,Lancashire Constabulary,,,No Location,,,Criminal damage and arson,Status update unavailable,
4517c63aaff4fdb8bf97939265ef53824b4021c49190702e15b3a50e3445be29,2019-05,Lancashire Constabulary,Lancashire Constabulary,,,No Location,,,Criminal damage and arson,Status update unavailable,
9a2e4bc675bfa89bd7ee9c6f75ba1c45bfb1e57b079f04500b23b3fc45fa12ff,2019-05,Lancashire Constabulary,Lancashire Constabulary,,,No Location,,,Criminal damage and arson,Status update unavailable,
8ed6e5d01f850dc119ba09016357d9e816a1fd3084e4bba42f437bb7596f34fb,2019-05,Lancashire Constabulary,Lancashire Constabulary,,,No Location,,,Criminal damage and arson,Offender given a caution,
8c04aa82fd1a591e8d690d56eefad3a89030fafeb6b5e861c4ad742c48be5c23,2019-05,Lancashire Constabulary,Lancashire Constabulary,,,No Location,,,Criminal damage and arson,Status update unavailable,
97e582a7a21aeffa0a5845d51008fd9e22cadd488a97f25312358491fe8ef7c2,2019-05,Lancashire Constabulary,Lancashire Constabulary,,,No Location,,,Criminal damage and arson,Status update unavailable,
4515e5b9e6204a4a52c5c412317704fbd215e8b16e1cf2348c27675b40ff2429,2019-05,Lancashire Constabulary,Lancashire Constabulary,,,No Location,,,Criminal damage and arson,Status update unavailable,
f9c2372409ddb3386137ae0278df1f38ace8012ebbc172fc844e75d409694cf9,2019-05,Lancashire Constabulary,Lancashire Constabulary,,,No Location,,,Criminal damage and arson,Status update unavailable,
c7eaf57f5a1fcf3fee40152f1965a4ac81ce461f6d32eb6ef5d3ed418ad917dd,2019-05,Lancashire Constabulary,Lancashire Constabulary,,,No Location,,,Criminal damage and arson,Status update unavailable,
e527dd04c1de31c92246d409a6b9d561a180a8c3d6406d361b78c56a46130ba5,2019-05,Lancashire Constabulary,Lancashire Constabulary,,,No Location,,,Criminal damage and arson,Status update unavailable,
f4bddfd8beeac9f3c8e518e2033958d2224513f79357be75a9dc88f88193b78f,2019-05,Lancashire Constabulary,Lancashire Constabulary,,,No Location,,,Criminal damage and arson,Status update unavailable,
0efca5de42cb5033a81c0714a55b4e12fde546fbd6091472c37055614bca450f,2019-05,Lancashire Constabulary,Lancashire Constabulary,,,No Location,,,Criminal damage and arson,Status update unavailable,
2cc4bdb29cdfae24f79903f990f1d2d16be506ca5f99b9e933a45b880d5ffb9a,2019-05,Lancashire Constabulary,Lancashire Constabulary,,,No Location,,,Criminal damage and arson,Status update unavailable,
9b0b134520c80992b5f3b88f94a38083bf385e83ab2748bad63154863f7bfddc,2019-05,Lancashire Constabulary,Lancashire Constabulary,,,No Location,,,Criminal damage and arson,Status update unavailable,
7d64c7206f60e096f275b2444a12783c4325d9825ca51bb98e228bbc3d37309a,2019-05,Lancashire Constabulary,Lancashire Constabulary,,,No Location,,,Criminal damage and arson,Status update unavailable,
4bffa5d7b480ffd357b96a35e0bf62b75c759320bdfdde8d2e03f668d69c2799,2019-05,Lancashire Constabulary,Lancashire Constabulary,,,No Location,,,Criminal damage and arson,Status update unavailable,
c8227c41d01f174362216b6eac56749280fd8a9c9760d1d838b8d92f45329223,2019-05,Lancashire Constabulary,Lancashire Constabulary,,,No Location,,,Criminal damage and arson,Status update unavailable,
e4691087a3cde0cafa7d1a413274b2c1d765844ef464515c160e95cdb2a629ca,2019-05,Lancashire Constabulary,Lancashire Constabulary,,,No Location,,,Criminal damage and arson,Status update unavailable,
f3133b9dc89982b47da8e85d0f70ab2f578037b086b6516634907ab920abcd19,2019-05,Lancashire Constabulary,Lancashire Constabulary,,,No Location,,,Criminal damage and arson,Status update unavailable,
0a291ed10d739093244596199eb3aeb1fb5edcfcdfbc65aee1707ff5c455dc56,2019-05,Lancashire Constabulary,Lancashire Constabulary,,,No Location,,,Criminal damage and arson,Status update unavailable,
05c253f1bdc84a9f27f92311c9f28d3f10001b3f413c7a7a0da8fa4d0e8e43d2,2019-05,Lancashire Constabulary,Lancashire Constabulary,,,No Location,,,Criminal damage and arson,Status update unavailable,
cce7081c6ee1e81bf5def2d7a94fec891d11176e33f08012a746b4805cac7124,2019-05,Lancashire Constabulary,Lancashire Constabulary,,,No Location,,,Criminal damage and arson,Status update unavailable,
ef76ae7f4d2de95ad295662427657d3cfd256a77e6bbf8c2d21e2f0515f09815,2019-05,Lancashire Constabulary,Lancashire Constabulary,,,No Location,,,Criminal damage and arson,Status update unavailable,
93d2d32b882fdec88b944d4e022ca5d6e782da6edefcd2b35a18eb86c95994d6,2019-05,Lancashire Constabulary,Lancashire Constabulary,,,No Location,,,Criminal damage and arson,Awaiting court outcome,
f9ceabf8aa35ed40ae6957acc48c6d0d4b53573043d56919ef536d4efd84d814,2019-05,Lancashire Constabulary,Lancashire Constabulary,,,No Location,,,Criminal damage and arson,Status update unavailable,
d45d53844ac6d32f54acaa9814114dd66cc950e6410e86f407f46d6f24fe10ba,2019-05,Lancashire Constabulary,Lancashire Constabulary,,,No Location,,,Criminal damage and arson,Offender given conditional discharge,
1f63bf894013b026639907235e08cafe09c94cfdef577860dbd0b182afcd2359,2019-05,Lancashire Constabulary,Lancashire Constabulary,,,No Location,,,Criminal damage and arson,Status update unavailable,
44d612d5fd68eae5dc31b6a9938ef71dde44a4c11b31fa70581084b339188e17,2019-05,Lancashire Constabulary,Lancashire Constabulary,,,No Location,,,Criminal damage and arson,Status update unavailable,
485dd3a0839ae9ced797e688f717f4bf697e671b391d79f689aadfccb12a15c2,2019-05,Lancashire Constabulary,Lancashire Constabulary,,,No Location,,,Criminal damage and arson,Status update unavailable,
9be01a18cf01d5b7431148d89003f64e8580dbd244480f84709d0dec46d5386d,2019-05,Lancashire Constabulary,Lancashire Constabulary,,,No Location,,,Criminal damage and arson,Status update unavailable,
4bb31db1c8a77cd190f80c9c4abd9df2b3624c2e42da1d79792977d416995921,2019-05,Lancashire Constabulary,Lancashire Constabulary,,,No Location,,,Criminal damage and arson,Status update unavailable,
3a4d08ef593ee9c6569fc1cd41d681882f1c98e0efd6e4481fd7e1f4c4950456,2019-05,Lancashire Constabulary,Lancashire Constabulary,,,No Location,,,Criminal damage and arson,Status update unavailable,
c43606e7c5e810ade51e2b5d9eb7023d3f39698ffd7392aa4426ef04ad57e7f8,2019-05,Lancashire Constabulary,Lancashire Constabulary,,,No Location,,,Criminal damage and arson,Status update unavailable,
572e055d358856e437bf787fb3021c59df5bff7538aaf50dc1472235231dd35d,2019-05,Lancashire Constabulary,Lancashire Constabulary,,,No Location,,,Criminal damage and arson,Status update unavailable,
0223f7caae96e75f1a8ef752de17849ae75066e2d90bd52bb23051612487e5cb,2019-05,Lancashire Constabulary,Lancashire Constabulary,,,No Location,,,Criminal damage and arson,Status update unavailable,
021013d6b13d728137e645ed1e7f4f21dd318ff259822b769626233dc8733130,2019-05,Lancashire Constabulary,Lancashire Constabulary,,,No Location,,,Criminal damage and arson,Local resolution,
ad940b7461db9fb32d1753a1187fa7d69853fa3e814d68de20e8ff863bd45cc3,2019-05,Lancashire Constabulary,Lancashire Constabulary,,,No Location,,,Criminal damage and arson,Status update unavailable,
c65702c5c4b42ab8793efe5e279a570def6e5c8be6955401883552c24a949780,2019-05,Lancashire Constabulary,Lancashire Constabulary,,,No Location,,,Criminal damage and arson,Status update unavailable,
ccedf2dfb34724014213450055898ca732bd1330165d2013fc5166447ace1103,2019-05,Lancashire Constabulary,Lancashire Constabulary,,,No Location,,,Criminal damage and arson,Status update unavailable,
ef35425aea362999c7747d793b7f68af637bcd1ebf806eaefe0cae6fc8a08500,2019-05,Lancashire Constabulary,Lancashire Constabulary,,,No Location,,,Criminal damage and arson,Status update unavailable,
d1cd0655cccd951c2ce11bfe663cd9763696003322108fe96840edd47b689de5,2019-05,Lancashire Constabulary,Lancashire Constabulary,,,No Location,,,Criminal damage and arson,Status update unavailable,
f06261e6d5f16377fa76dae09747e9aa5270b8bef2aa7b6535e06dfff8fcaf3e,2019-05,Lancashire Constabulary,Lancashire Constabulary,,,No Location,,,Criminal damage and arson,Status update unavailable,
d7b3400002c88e884cc550861eec7ce15bf39d01eb5cabcdee19f2d339b5bdb5,2019-05,Lancashire Constabulary,Lancashire Constabulary,,,No Location,,,Criminal damage and arson,Unable to prosecute suspect,
8f39ae78e06c1ef6fbd5b2467e59a460cf657595cdcbd2f4904a9c796d952f89,2019-05,Lancashire Constabulary,Lancashire Constabulary,,,No Location,,,Criminal damage and arson,Status update unavailable,
32c4323d805156ca82f93a589fd36fe0578f065ff5ce533d4a6ff8227589b965,2019-05,Lancashire Constabulary,Lancashire Constabulary,,,No Location,,,Criminal damage and arson,Status update unavailable,
1de40ec33c4389edb1eae9ebb84f9353cf200adf9f9f69cf4799a47086e6d152,2019-05,Lancashire Constabulary,Lancashire Constabulary,,,No Location,,,Criminal damage and arson,Status update unavailable,
cca3da799b57e4b16c9c46c289fd7ab701d1576718332b363b2e1190470e1db4,2019-05,Lancashire Constabulary,Lancashire Constabulary,,,No Location,,,Criminal damage and arson,Status update unavailable,
f84219d6c7cdb3b6541507e77de20fcf2138f208a66b97d7b686d5d89f24818c,2019-05,Lancashire Constabulary,Lancashire Constabulary,,,No Location,,,Criminal damage and arson,Status update unavailable,
724249f632b8641735d85edd09bd5611b0d176a8c300581f65c35b86b0e7f68e,2019-05,Lancashire Constabulary,Lancashire Constabulary,,,No Location,,,Criminal damage and arson,Status update unavailable,
2c0d5e7fc269fbf4e5b6fc9e7dd79a0ebd2f57c800927f2419ffde29604322b0,2019-05,Lancashire Constabulary,Lancashire Constabulary,,,No Location,,,Drugs,Local resolution,
c5581f90483da27ec708887202fc1ab9ad0c2233cf4c9d71af027ed311c6d038,2019-05,Lancashire Constabulary,Lancashire Constabulary,,,No Location,,,Drugs,Offender given a caution,
cd228f448b2c87ba839a6e4ef3b72b67c5203ec26c10d98e6aab1b740fae42c0,2019-05,Lancashire Constabulary,Lancashire Constabulary,,,No Location,,,Drugs,Local resolution,
b3575e02765ed732ff553fb0a3ddbcd1d09287141c40f8d344a2caf1ad16a373,2019-05,Lancashire Constabulary,Lancashire Constabulary,,,No Location,,,Drugs,Local resolution,
a5dc66d1a41c34e9d3730acde6e621b525e8a47719b4a494fcdfe23faf347021,2019-05,Lancashire Constabulary,Lancashire Constabulary,,,No Location,,,Drugs,Status update unavailable,
d4110a6695f077eada050e1d25ebf2329d36a470936a43894bda2208e71d730f,2019-05,Lancashire Constabulary,Lancashire Constabulary,,,No Location,,,Drugs,Status update unavailable,
d9cb66d5145fd7ffada63632dd95306d5f6a96bccf21731209e7b9babfeda70f,2019-05,Lancashire Constabulary,Lancashire Constabulary,,,No Location,,,Drugs,Local resolution,
70b30460fcbc00eb64ba12512e3a6a3a023332d738ff43ae9aa8060bc2223554,2019-05,Lancashire Constabulary,Lancashire Constabulary,,,No Location,,,Drugs,Status update unavailable,
b7a3bdfc72ae3fcc613de21a181ee09b6b8ece139cf0edc2dba7836518915935,2019-05,Lancashire Constabulary,Lancashire Constabulary,,,No Location,,,Drugs,Status update unavailable,
d031d2bead83607b33d7b708462c9777d6cbd3ca586fa4a75911cd96ba9187ba,2019-05,Lancashire Constabulary,Lancashire Constabulary,,,No Location,,,Drugs,Status update unavailable,
4d23c21d29f497f6e8b1dbdcc8ea4ab8a0b84ee8158c95badb80c9205f7b7638,2019-05,Lancashire Constabulary,Lancashire Constabulary,,,No Location,,,Drugs,Further investigation is not in the public interest,
7fdc0d1d86b6d4a50ed517aeb9a54d8643758e31a444b58e150c7868ab07de6d,2019-05,Lancashire Constabulary,Lancashire Constabulary,,,No Location,,,Drugs,Investigation complete; no suspect identified,
910c51abc3e0c312e586c99ab91d7f0fbbb13b28b6eb9da0c206a97e45612cbf,2019-05,Lancashire Constabulary,Lancashire Constabulary,,,No Location,,,Drugs,Status update unavailable,
9e72691d3cfca97a1c1a1d76e2fd5da3bdbe39db9304243922960bee50d123cc,2019-05,Lancashire Constabulary,Lancashire Constabulary,,,No Location,,,Drugs,Awaiting court outcome,
abc529e3f24f7d9b146713866f6928c056bae2596bb86dd9ba40d1b0dc5ef11f,2019-05,Lancashire Constabulary,Lancashire Constabulary,,,No Location,,,Drugs,Status update unavailable,
bcd772ceaf5f4d6093a740c97f523a2f0dbf450d71723eec5793b9dbd04800b4,2019-05,Lancashire Constabulary,Lancashire Constabulary,,,No Location,,,Drugs,Unable to prosecute suspect,
749b5f2f628c9de8a6f0d42e6e7d5b5801e4dfd0048840aa83b83f0957d469b7,2019-05,Lancashire Constabulary,Lancashire Constabulary,,,No Location,,,Drugs,Offender given a caution,
a050ed9c3d38836d647ea3318f6ad5f7182a8cabc91663218e495296f10d27cc,2019-05,Lancashire Constabulary,Lancashire Constabulary,,,No Location,,,Drugs,Further investigation is not in the public interest,
ab098d9085ea82a04355649a6c3e7a5d681133f04ace4f6d82ad8eb678473e89,2019-05,Lancashire Constabulary,Lancashire Constabulary,,,No Location,,,Drugs,Offender given a caution,
51dca645071bfd1a0a4f854de99bed41be2377124dab94c990eb506ae8b81d0f,2019-05,Lancashire Constabulary,Lancashire Constabulary,,,No Location,,,Drugs,Status update unavailable,
e732300d59dfe5b53980a950849590a075f608169fa1999386207213719b88a4,2019-05,Lancashire Constabulary,Lancashire Constabulary,,,No Location,,,Drugs,Status update unavailable,
dd652b08bdaa9840618f733bccff00d1fb884997ec6aebd65bdd20c6dd567465,2019-05,Lancashire Constabulary,Lancashire Constabulary,,,No Location,,,Drugs,Status update unavailable,
2f7c14166db8df5951b4dcb88991159dc9a52b297b150c8d9e52e95f8f61f19b,2019-05,Lancashire Constabulary,Lancashire Constabulary,,,No Location,,,Drugs,Status update unavailable,
aebb67b5fa3e02512b455b6c8ad2f5a372342a3299adff511febc1f6fbbfd0f8,2019-05,Lancashire Constabulary,Lancashire Constabulary,,,No Location,,,Drugs,Further investigation is not in the public interest,
e950b7862b68a24a66d3f2c7425e8d866a4bd5f287489f8f05df68f4ef90a9c9,2019-05,Lancashire Constabulary,Lancashire Constabulary,,,No Location,,,Drugs,Further investigation is not in the public interest,
307b86f901062d6854ddfe3bfae70349fc4c3bb49cf8fd5900a93e4c49922938,2019-05,Lancashire Constabulary,Lancashire Constabulary,,,No Location,,,Drugs,Status update unavailable,
d1cd2ba74caf2f605e3795cc07e08c9be9636834c0a5323ea2d5af5cbaf9f314,2019-05,Lancashire Constabulary,Lancashire Constabulary,,,No Location,,,Drugs,Awaiting court outcome,
2ebf4687f8bbfc3ba7b81587c296e69c5cae3725ea376da3a7a50603a18faf24,2019-05,Lancashire Constabulary,Lancashire Constabulary,,,No Location,,,Drugs,Awaiting court outcome,
0aebdb9cb8a565cbfe3c92d2028937697d15aaa90aeac03af77ce09fc7526363,2019-05,Lancashire Constabulary,Lancashire Constabulary,,,No Location,,,Drugs,Status update unavailable,
d784f2f61b88db65e6859241b7d66900de58a71cd78eea6b59570a803ecdf073,2019-05,Lancashire Constabulary,Lancashire Constabulary,,,No Location,,,Drugs,Status update unavailable,
ba34a25c0b8506ab1003b96e0b798e0eaaa4e1dc9db15713a0f8dcbaa7d0e9cf,2019-05,Lancashire Constabulary,Lancashire Constabulary,,,No Location,,,Drugs,Awaiting court outcome,
5fd3e31b06f8edc207db6400e3680da5b384cac9ceba1c802adb4cb9e22197f1,2019-05,Lancashire Constabulary,Lancashire Constabulary,,,No Location,,,Drugs,Status update unavailable,
8ed763b9b0447643e9792c86871355e87557e707d26a636f8c63248300e19d58,2019-05,Lancashire Constabulary,Lancashire Constabulary,,,No Location,,,Drugs,Status update unavailable,
16d2f792fc939f667d9c91dfade34561ce2c73abab47a3dab5bbfa26df3f74ad,2019-05,Lancashire Constabulary,Lancashire Constabulary,,,No Location,,,Drugs,Status update unavailable,
4831627da6e5857616a55252aebfd20be0f4ea73855e21131e18da3937c3e953,2019-05,Lancashire Constabulary,Lancashire Constabulary,,,No Location,,,Other theft,Status update unavailable,
4fd631c789183bba75c532f2899fe26c23f4aab1496e62345153cf8ff762686d,2019-05,Lancashire Constabulary,Lancashire Constabulary,,,No Location,,,Other theft,Further investigation is not in the public interest,
38578c2384ac5940f53e14e34f9579fa2fc18e8f1e5b3f1aab7fa0f8c70dca98,2019-05,Lancashire Constabulary,Lancashire Constabulary,,,No Location,,,Other theft,Status update unavailable,
c5a158edebd5ee4432932f3b4839f826943350f1525ae6f214d24524798ced46,2019-05,Lancashire Constabulary,Lancashire Constabulary,,,No Location,,,Other theft,Unable to prosecute suspect,
c0d4c437014a0d8ec56c97025932ef256561ce17ae66f0b96e00419e9a42e345,2019-05,Lancashire Constabulary,Lancashire Constabulary,,,No Location,,,Other theft,Status update unavailable,
2ea06362fea8f93e52f19b4e8533f90c9d01d814a323e1f289602ce1345d1295,2019-05,Lancashire Constabulary,Lancashire Constabulary,,,No Location,,,Other theft,Status update unavailable,
046d25c409d50ce141bc361112f8fdde5fc45ec237f6d7147aea816621485b68,2019-05,Lancashire Constabulary,Lancashire Constabulary,,,No Location,,,Other theft,Status update unavailable,
26d2f5e911a24132632809a7b609236038c19e246c2b157a5c615c00d0a25b87,2019-05,Lancashire Constabulary,Lancashire Constabulary,,,No Location,,,Other theft,Unable to prosecute suspect,
91d79e3e71ae6d818a414729261d9dc124f237c743b0e35a444abc633a21df33,2019-05,Lancashire Constabulary,Lancashire Constabulary,,,No Location,,,Other theft,Status update unavailable,
2855571c570d36f42b34f9f405ebd34cfc11a35e1a72e2b842f91941ace4658b,2019-05,Lancashire Constabulary,Lancashire Constabulary,,,No Location,,,Other theft,Status update unavailable,
0a44862dc257ed5fbfeb25a995059cd67fde8ab3113e4ac80f0bb73de52d3d06,2019-05,Lancashire Constabulary,Lancashire Constabulary,,,No Location,,,Other theft,Status update unavailable,
811f90d20abe269d734f84325eba732feef5a69ad538c0aa7d606f5af8ca8b4b,2019-05,Lancashire Constabulary,Lancashire Constabulary,,,No Location,,,Other theft,Status update unavailable,
1d5c9a08ff0c898b34a9ffb7fe88be6c1fc4abf5c78a0c02fed2084fc74656e1,2019-05,Lancashire Constabulary,Lancashire Constabulary,,,No Location,,,Other theft,Unable to prosecute suspect,
f0c5b7f157cace6d2f610046e32deceb4859763cca4153bee07e7d5780a4311d,2019-05,Lancashire Constabulary,Lancashire Constabulary,,,No Location,,,Other theft,Status update unavailable,
0a5c989e3bd316526855052539e207049801fd0ad02048af97be3d1c9b1e8967,2019-05,Lancashire Constabulary,Lancashire Constabulary,,,No Location,,,Other theft,Unable to prosecute suspect,
27125d31d13bbcb6b4477be48e0be088d0d50fabd3959a4072955f1286a57402,2019-05,Lancashire Constabulary,Lancashire Constabulary,,,No Location,,,Other theft,Status update unavailable,
746908b724e0e61f159ebf2b2ef62e9af36f8961b671e59a9b66286d7f1d01c0,2019-05,Lancashire Constabulary,Lancashire Constabulary,,,No Location,,,Other theft,Status update unavailable,
a41139dd71560a124b139af148953e0e53b35dfdb1c6e16df0111f958aa26cf2,2019-05,Lancashire Constabulary,Lancashire Constabulary,,,No Location,,,Other theft,Status update unavailable,
f48e46007f8954a543ada6d4271b28f472eed84ef195d18f235f1fd63f786005,2019-05,Lancashire Constabulary,Lancashire Constabulary,,,No Location,,,Other theft,Status update unavailable,
4497e5a0bf5d6154701ea3de761c79059256cf85dc5f1829636d3cd890b97ca8,2019-05,Lancashire Constabulary,Lancashire Constabulary,,,No Location,,,Other theft,Status update unavailable,
e5e85886075a25124b4efcb16ffa130eab493ebe49e2b8921f59762f3a40b151,2019-05,Lancashire Constabulary,Lancashire Constabulary,,,No Location,,,Other theft,Status update unavailable,
467d0294352bbcc81015b758c8dcc33032a3a7e5219e745aae5fcbd08b6a4a43,2019-05,Lancashire Constabulary,Lancashire Constabulary,,,No Location,,,Other theft,Status update unavailable,
2561cbc7fe06aad4e3c59ba82ec84f2b44265835b01d23957593ecacefb3b756,2019-05,Lancashire Constabulary,Lancashire Constabulary,,,No Location,,,Other theft,Status update unavailable,
9fba544b3cd06bcdd91db96f89fe099824ee43c3c392c36c14710b7ae3b6103d,2019-05,Lancashire Constabulary,Lancashire Constabulary,,,No Location,,,Other theft,Status update unavailable,
f3ab3c2c43fb938dc35232c77f83da0a9f9ef9986376fa190f488eb64883f854,2019-05,Lancashire Constabulary,Lancashire Constabulary,,,No Location,,,Other theft,Status update unavailable,
b34a4a228304339bbb4cca8d6ade11054525719129965c6cf827cc87100f7fab,2019-05,Lancashire Constabulary,Lancashire Constabulary,,,No Location,,,Other theft,Status update unavailable,
88b2e19d3d92ddc2b914f93f7d67317c8bafbe2a666ec8aba2bbaa4000d0299a,2019-05,Lancashire Constabulary,Lancashire Constabulary,,,No Location,,,Other theft,Status update unavailable,
48983b7044024866bf787a4cd816f2f8f024d0b0bba894d65223f3b4b8dbd757,2019-05,Lancashire Constabulary,Lancashire Constabulary,,,No Location,,,Other theft,Status update unavailable,
213b4e892b4b63b062c6b6cd4a34b9e3ba3f4586b52e4fd4f1092744e40041ac,2019-05,Lancashire Constabulary,Lancashire Constabulary,,,No Location,,,Other theft,Status update unavailable,
3b18e64544cf335a156c5edc97d0ccec377abb4b6946f3863a36be60aac2a7e2,2019-05,Lancashire Constabulary,Lancashire Constabulary,,,No Location,,,Other theft,Status update unavailable,
4d05bfee71bb37a6e69ed30702d1709297f4348b0862508422b7d200a0db260b,2019-05,Lancashire Constabulary,Lancashire Constabulary,,,No Location,,,Other theft,Status update unavailable,
e4e88274fd08d36a73dd4dcea6d7879dc70c9454513a7c8b43933857f581f037,2019-05,Lancashire Constabulary,Lancashire Constabulary,,,No Location,,,Other theft,Status update unavailable,
68c46d2423775264aaa312d6b483d3a86adb6457a754cde85269510203e8192f,2019-05,Lancashire Constabulary,Lancashire Constabulary,,,No Location,,,Other theft,Status update unavailable,
142caf518cfcc2569e28810224b94e1359a6fb0c3326e110b61cd03ed98bbd21,2019-05,Lancashire Constabulary,Lancashire Constabulary,,,No Location,,,Other theft,Status update unavailable,
f9983be6534fdb7afc8e0d65b72f16fd5a1f96a1be0442ce8e68b2d7f4887d02,2019-05,Lancashire Constabulary,Lancashire Constabulary,,,No Location,,,Other theft,Status update unavailable,
e19982116d11b98b505250f26101efd652669254ad0a0c6842585a709ac32af9,2019-05,Lancashire Constabulary,Lancashire Constabulary,,,No Location,,,Other theft,Status update unavailable,
5f47e47109ee2a7204ef7e3584660702134b021939fbf7c911c69297e2c9fd37,2019-05,Lancashire Constabulary,Lancashire Constabulary,,,No Location,,,Other theft,Unable to prosecute suspect,
751d3008d4a2a1d235861d5751a2322086c1ea2224fc33ccc8dde83dd5519420,2019-05,Lancashire Constabulary,Lancashire Constabulary,,,No Location,,,Other theft,Unable to prosecute suspect,
74040e9c5d7dd57a2ad213279e1d18d30c19347a6ecdbdbaeb8879e598a1050a,2019-05,Lancashire Constabulary,Lancashire Constabulary,,,No Location,,,Other theft,Status update unavailable,
590d6870bb46c9049d8e30dfcb9096ca849d072eaa4bd2f2c83410b96d2921da,2019-05,Lancashire Constabulary,Lancashire Constabulary,,,No Location,,,Other theft,Status update unavailable,
e09642db6630bb1ae5ee5f2ccf689c33f41cd3d39740c61541d98498cc024a4f,2019-05,Lancashire Constabulary,Lancashire Constabulary,,,No Location,,,Other theft,Awaiting court outcome,
7fb2777620ac5c40d09ec1b106279e9874c78b0f56218b5defa769d569127fad,2019-05,Lancashire Constabulary,Lancashire Constabulary,,,No Location,,,Other theft,Status update unavailable,
a8930ee2e7b4f5821d34fe570ec600b79530f7664fc1f71f764ef014dce28796,2019-05,Lancashire Constabulary,Lancashire Constabulary,,,No Location,,,Other theft,Status update unavailable,
9ceffc26eadccaffd7dd1e97035ccf5224eb6400079f26fccae789acfce0d144,2019-05,Lancashire Constabulary,Lancashire Constabulary,,,No Location,,,Other theft,Status update unavailable,
0e017bd20e13ea7b75d8c9c166b4c80740514a3deee71f213c41f5d8d48fb5b9,2019-05,Lancashire Constabulary,Lancashire Constabulary,,,No Location,,,Other theft,Local resolution,
7f6c5a6c97b150d87e019ca4aebabe48902979ae1b41bd1812dd12ddbfa00fce,2019-05,Lancashire Constabulary,Lancashire Constabulary,,,No Location,,,Other theft,Status update unavailable,
76e6e434c1884a44efec99b1eb688ff0ab385e216417aef8b4e62746fc39863d,2019-05,Lancashire Constabulary,Lancashire Constabulary,,,No Location,,,Other theft,Status update unavailable,
db44dd8517e29de29e6a0f9796be202e09e5cce236b2846b374b5124ee2de7a0,2019-05,Lancashire Constabulary,Lancashire Constabulary,,,No Location,,,Other theft,Status update unavailable,
6946427b73c7b8fd9ee7e41ea852faf04d5ffdf9819ea88109e05a6100f3dc84,2019-05,Lancashire Constabulary,Lancashire Constabulary,,,No Location,,,Other theft,Status update unavailable,
97bc7d10471614ec8e834f720fcc47678552b76018a8ab8e0e49963b9657a4e1,2019-05,Lancashire Constabulary,Lancashire Constabulary,,,No Location,,,Other theft,Unable to prosecute suspect,
974e3005df30ef7b849831379ddf5f64f50d61b820d25caabbda2e0d13a1e8d7,2019-05,Lancashire Constabulary,Lancashire Constabulary,,,No Location,,,Other theft,Status update unavailable,
b90710ae33a2674f8cdfb5f8ebd05537ac6f3f775a61a096ebdce1c6373231a3,2019-05,Lancashire Constabulary,Lancashire Constabulary,,,No Location,,,Other theft,Awaiting court outcome,
09b5035013bad13bec265f89fdb93a455c4654c65d1cf81a4c33129837016ad8,2019-05,Lancashire Constabulary,Lancashire Constabulary,,,No Location,,,Other theft,Status update unavailable,
5cf70508b4f3478f4275cc3c6aaf7cdfe2f3692e6c5029824c05101abbc3dc9c,2019-05,Lancashire Constabulary,Lancashire Constabulary,,,No Location,,,Other theft,Status update unavailable,
2b9115fea1c0991ccf60e6e24dc6436242bafd89df51a41aac29fd6ad741df4a,2019-05,Lancashire Constabulary,Lancashire Constabulary,,,No Location,,,Other theft,Status update unavailable,
da54bd7754b3309ee4a2aac6f9f1ed5d93ca76b1a6e5dd8a055cca76ad8d24c0,2019-05,Lancashire Constabulary,Lancashire Constabulary,,,No Location,,,Other theft,Status update unavailable,
a95871aee805d0b107a659a2151c6002f886c964dc4b6d9548387c2f9c41359f,2019-05,Lancashire Constabulary,Lancashire Constabulary,,,No Location,,,Other theft,Status update unavailable,
93fa8c79b9db6ed76d5d26d9033403067a7fb8c56c5a94bbd5875e3a23e9b269,2019-05,Lancashire Constabulary,Lancashire Constabulary,,,No Location,,,Other theft,Status update unavailable,
0085a0f60c8060a1d3d5965bd5b837e17f5f9af7c417d74d513cd51951c6f2a5,2019-05,Lancashire Constabulary,Lancashire Constabulary,,,No Location,,,Other theft,Status update unavailable,
4f24eed55ed1077a0d76b6bcc4613842011f56622fd482187c5d91080e8b5d2b,2019-05,Lancashire Constabulary,Lancashire Constabulary,,,No Location,,,Other theft,Status update unavailable,
8aa125d82417132f4b6f96e6c3be23c22bab73c9480b7a0c5d577eddab9a2b8a,2019-05,Lancashire Constabulary,Lancashire Constabulary,,,No Location,,,Other theft,Status update unavailable,
38bbb45b4dde7f4070c2d0b2ad2778716dfa2b22c8ff16f9bcd91f0721df4799,2019-05,Lancashire Constabulary,Lancashire Constabulary,,,No Location,,,Other theft,Status update unavailable,
75c2e4a650bd76c38ef27fc3d1fc8776133d56ddc343f58eb298ed52954dfd2d,2019-05,Lancashire Constabulary,Lancashire Constabulary,,,No Location,,,Other theft,Status update unavailable,
f0b6636dfe1b34e4f204824ddd4c33c7499a1799fcfa908f009762c6e43b688d,2019-05,Lancashire Constabulary,Lancashire Constabulary,,,No Location,,,Other theft,Unable to prosecute suspect,
abbf0228daecf6e862b721c9b3246b8357176a42260e365a2ba0a536e7767842,2019-05,Lancashire Constabulary,Lancashire Constabulary,,,No Location,,,Other theft,Unable to prosecute suspect,
a02b1c08db888d064f4ba36a5a94165b421304240c4f0b43554c44b12ab3d5e3,2019-05,Lancashire Constabulary,Lancashire Constabulary,,,No Location,,,Other theft,Status update unavailable,
4f6c0818aeeb1a11723b11783643956b833ff620fe96fa11ad6a570fbfc26ac0,2019-05,Lancashire Constabulary,Lancashire Constabulary,,,No Location,,,Other theft,Status update unavailable,
17277d6b1272b16980cae3e7025eca35f8353b63cc991073e734a7de550da883,2019-05,Lancashire Constabulary,Lancashire Constabulary,,,No Location,,,Other theft,Status update unavailable,
14af90f541f50290b98c6529f9a182f25a835d867b3e4e3ba50ca15f1a1fc130,2019-05,Lancashire Constabulary,Lancashire Constabulary,,,No Location,,,Other theft,Status update unavailable,
26676609af343781eecada84a1785628fe7da1fb0ff6e6160131af1615ba0132,2019-05,Lancashire Constabulary,Lancashire Constabulary,,,No Location,,,Other theft,Status update unavailable,
ba23b09b9cb58f174f7cd495ddf0ecc848c46e80f697fb6fd48b72b029fccba9,2019-05,Lancashire Constabulary,Lancashire Constabulary,,,No Location,,,Other theft,Status update unavailable,
cfa571661c6bb7f41bc5957ee9ce3b49c924cc06efcac9500dd4bdfd80953f04,2019-05,Lancashire Constabulary,Lancashire Constabulary,,,No Location,,,Other theft,Status update unavailable,
66f3d17f6d5e608a404b74235382911a35aec334382260195bf01558fd64ef67,2019-05,Lancashire Constabulary,Lancashire Constabulary,,,No Location,,,Other theft,Status update unavailable,
31e4f5a01e794e0217c1606c7375e9943b4d70ebd46f97e483a3a3eb6ddeb663,2019-05,Lancashire Constabulary,Lancashire Constabulary,,,No Location,,,Other theft,Status update unavailable,
dc7c4eb30386e452237aee0ded25c7080c9de76100ba287d097148f43762a66c,2019-05,Lancashire Constabulary,Lancashire Constabulary,,,No Location,,,Other theft,Status update unavailable,
238b43a126306975f270eda6dc9a77c79fa6f695245b5317e8778ffcb36b9cb3,2019-05,Lancashire Constabulary,Lancashire Constabulary,,,No Location,,,Other theft,Investigation complete; no suspect identified,
c2d6c0ba11ee27a89679d3fcfde2b9aef5d9fbdf24af3f3f6228fc47e73efad0,2019-05,Lancashire Constabulary,Lancashire Constabulary,,,No Location,,,Other theft,Unable to prosecute suspect,
29f8788f81a4ea8c83c153d8338e9973d8a2f60245f2c248aab851be921e25c4,2019-05,Lancashire Constabulary,Lancashire Constabulary,,,No Location,,,Other theft,Status update unavailable,
5722192ff203fa2089323e5327754757379704bf2aefd3b5519b9cb854a3abd3,2019-05,Lancashire Constabulary,Lancashire Constabulary,,,No Location,,,Other theft,Status update unavailable,
83a68b9ce5d4b7533c1a643f59e4c86c43647d6836403e43cfd4eef196eeffb6,2019-05,Lancashire Constabulary,Lancashire Constabulary,,,No Location,,,Other theft,Status update unavailable,
fb7328008fc5251eeba867575a4242ec825e04d5485f8052b374cdfa2dbb5252,2019-05,Lancashire Constabulary,Lancashire Constabulary,,,No Location,,,Other theft,Status update unavailable,
4e1d46206a8d00d01f306342e916d428fc1627f49a7511ca1eb010f7c9f8fe72,2019-05,Lancashire Constabulary,Lancashire Constabulary,,,No Location,,,Other theft,Status update unavailable,
b796de2d2dcf4ce719d963d6e16e1f0d2fd8f0ef919d9d081ead043845bc0fa6,2019-05,Lancashire Constabulary,Lancashire Constabulary,,,No Location,,,Other theft,Status update unavailable,
6a56f310eafa6a3bb72d76b7d572fb9872f20e97fc4b2b9097161064c5f383cc,2019-05,Lancashire Constabulary,Lancashire Constabulary,,,No Location,,,Other theft,Unable to prosecute suspect,
cfdd05eef51c1c671044b4aa7f6d86521a7df024170b3bfd9861309a08cacf6e,2019-05,Lancashire Constabulary,Lancashire Constabulary,,,No Location,,,Other theft,Unable to prosecute suspect,
7f65a600f595ab730cf1e319f11718558429e4e709ee80658dd9bf74d5b13058,2019-05,Lancashire Constabulary,Lancashire Constabulary,,,No Location,,,Other theft,Status update unavailable,
8d4d5aaa50d75caad04b7b743b4d64cde72532b9d35f7f8a4d2b71129d657c84,2019-05,Lancashire Constabulary,Lancashire Constabulary,,,No Location,,,Other theft,Status update unavailable,
54b895553f6e7ffadb8b5d5b4bca6d6d1eae58443d7f5f1f7755a224bc7cdf3c,2019-05,Lancashire Constabulary,Lancashire Constabulary,,,No Location,,,Other theft,Status update unavailable,
b0fda75276d5263a0038279df5d481aad7cd6e908d0db6f5530ef75f49332dcc,2019-05,Lancashire Constabulary,Lancashire Constabulary,,,No Location,,,Other theft,Unable to prosecute suspect,
27cebbb34243d55cc26df4cb2f48e6dfa354b58254427d9dc3b84fad7ed41a85,2019-05,Lancashire Constabulary,Lancashire Constabulary,,,No Location,,,Other theft,Status update unavailable,
1b96afb88cc95b843376a465c7bfdec3d907e38ad1d59962684582f5e3c7ad39,2019-05,Lancashire Constabulary,Lancashire Constabulary,,,No Location,,,Other theft,Status update unavailable,
708b1cc2f8dfcfdf3cba1ab6a6c19267e6a5ec33fe4fac01c96ae161086b336b,2019-05,Lancashire Constabulary,Lancashire Constabulary,,,No Location,,,Other theft,Status update unavailable,
f2fb6c8c8241dc80e24e8e02ce5138222961811ee74d9469d8bbf516551e4982,2019-05,Lancashire Constabulary,Lancashire Constabulary,,,No Location,,,Other theft,Status update unavailable,
d3552e31de5da4d958b9118ce29740d2a54a81ad2c578dde494f86e8c6d63652,2019-05,Lancashire Constabulary,Lancashire Constabulary,,,No Location,,,Other theft,Status update unavailable,
0ebea9f7ac3f6406dd788e9ef948bf2139e36bab36a34cd37ab28d58f3928e27,2019-05,Lancashire Constabulary,Lancashire Constabulary,,,No Location,,,Other theft,Status update unavailable,
42d7d7db2a40edc343594cfadcb7c9a8a9c4de87b1cd08fee81c26fbf80b75e8,2019-05,Lancashire Constabulary,Lancashire Constabulary,,,No Location,,,Other theft,Unable to prosecute suspect,
41b106d7ba7939fb4d6b30535754256028fa9c5d8af8cc37a04772ac6ef417fa,2019-05,Lancashire Constabulary,Lancashire Constabulary,,,No Location,,,Other theft,Status update unavailable,
e78de05e0cfaa480f5987ddc4ec18889117896a0841391ff0c9d5699629b3747,2019-05,Lancashire Constabulary,Lancashire Constabulary,,,No Location,,,Other theft,Status update unavailable,
cebc0164e417827452440e685db6d353235a9ad92ba084eddd38096aece35298,2019-05,Lancashire Constabulary,Lancashire Constabulary,,,No Location,,,Other theft,Status update unavailable,
e005ed08aa3c854587cec21b7b3a8db276770623918f0c3ab683eceda9587df3,2019-05,Lancashire Constabulary,Lancashire Constabulary,,,No Location,,,Other theft,Status update unavailable,
fe9348ac40a1b6b1142139ad5bedb3ebda7bbf8de21e479a370cf37e68c41eb5,2019-05,Lancashire Constabulary,Lancashire Constabulary,,,No Location,,,Other theft,Status update unavailable,
12a81d775a37667f0263e655495e22ded8dd4522d4154e56d13acb5b3a884c8d,2019-05,Lancashire Constabulary,Lancashire Constabulary,,,No Location,,,Other theft,Status update unavailable,
1044ee2f6312f2a141ea6d349676c42d42eb40d42272331fe3137b6d80496fd8,2019-05,Lancashire Constabulary,Lancashire Constabulary,,,No Location,,,Other theft,Status update unavailable,
3900bf321a6287ea9476701ff188b392a6595a0091f1f04bd97d1752c04540be,2019-05,Lancashire Constabulary,Lancashire Constabulary,,,No Location,,,Other theft,Status update unavailable,
955466a47aa5cb96c4a86e29abe7f2857bb5190d2780042692bc97407822007c,2019-05,Lancashire Constabulary,Lancashire Constabulary,,,No Location,,,Other theft,Status update unavailable,
c5c3bf4dde0d2cb1ab41637df3e904e2a964b8aac91890ef1717b1cfe9b0f008,2019-05,Lancashire Constabulary,Lancashire Constabulary,,,No Location,,,Other theft,Status update unavailable,
ad047c2178e3a9a35570c37cb90deb5109049f913d5d4b75b42b916a8e0f419d,2019-05,Lancashire Constabulary,Lancashire Constabulary,,,No Location,,,Other theft,Status update unavailable,
ff3797598c63b7ee937c4688954807d0c4d86c4afbdb83ea372db9ce4fb28f74,2019-05,Lancashire Constabulary,Lancashire Constabulary,,,No Location,,,Other theft,Status update unavailable,
a285a8013e6b8ca210e56111e74b5390cf87286561109c485bcdd5c3bb2a5c11,2019-05,Lancashire Constabulary,Lancashire Constabulary,,,No Location,,,Other theft,Status update unavailable,
0620056f82f7a83473c1b6ad1cffd7dc0a8360fed042b8bfc88e7606e7fbe24c,2019-05,Lancashire Constabulary,Lancashire Constabulary,,,No Location,,,Other theft,Status update unavailable,
3435914b586c05676ceff6e887f088743e9b7f46b68a7faa37f4f15c152f49c3,2019-05,Lancashire Constabulary,Lancashire Constabulary,,,No Location,,,Other theft,Status update unavailable,
a1509e126e72fdcf8e7b3d087f41b55b5202cb8d42700cb84a7299a6e76dac90,2019-05,Lancashire Constabulary,Lancashire Constabulary,,,No Location,,,Other theft,Status update unavailable,
0584d41c9104e8242fdb96e5e6a8c89741313c5af53fa5f6d80874b685caf72f,2019-05,Lancashire Constabulary,Lancashire Constabulary,,,No Location,,,Other theft,Status update unavailable,
cdf2c7ac860c0cd8eb24824773ac333229c895a2600dbdfa623569c681847d85,2019-05,Lancashire Constabulary,Lancashire Constabulary,,,No Location,,,Other theft,Status update unavailable,
e1543546818d011b32a95a11f4edd0b99b26e8557b817864791c5a1e36b46dd0,2019-05,Lancashire Constabulary,Lancashire Constabulary,,,No Location,,,Other theft,Investigation complete; no suspect identified,
7513e36e87adef81f5345b4818b2dd5b5b7d2455627f2c7eaf5b323b07b1ef01,2019-05,Lancashire Constabulary,Lancashire Constabulary,,,No Location,,,Other theft,Status update unavailable,
65965210fc072be037b18916ed8cd438488ee4eb83b28fac018ffb02044c9ae9,2019-05,Lancashire Constabulary,Lancashire Constabulary,,,No Location,,,Other theft,Status update unavailable,
4b95699f8a11cb591db10e49081910ed3009ff090bdb8935155f90129f766c4a,2019-05,Lancashire Constabulary,Lancashire Constabulary,,,No Location,,,Other theft,Status update unavailable,
aeb497a08145966ee35e3bfe89d9f6468244b5092fa9ea0e5366e38393181620,2019-05,Lancashire Constabulary,Lancashire Constabulary,,,No Location,,,Other theft,Status update unavailable,
bbebf241c10fb53474cb1901b630f846bd1853fedb46f62ed75a3ffcf0cf2da2,2019-05,Lancashire Constabulary,Lancashire Constabulary,,,No Location,,,Other theft,Status update unavailable,
e9fe9f539b595ecf6369fee5c9bc466b5799aada5d328304d1242da1b3463dbb,2019-05,Lancashire Constabulary,Lancashire Constabulary,,,No Location,,,Other theft,Status update unavailable,
7b05a43665a3ee60dbf2bffd8d1d47d64290684f56220bcb363214f846c08117,2019-05,Lancashire Constabulary,Lancashire Constabulary,,,No Location,,,Other theft,Status update unavailable,
de2bef3bcc79b41874108cda9644295d0652f09cf11aa945006f08ac57be4b73,2019-05,Lancashire Constabulary,Lancashire Constabulary,,,No Location,,,Other theft,Status update unavailable,
62f46bd259785e48cd3997639cf0857cd9b26d29c67a5d3ffe02419804ca45af,2019-05,Lancashire Constabulary,Lancashire Constabulary,,,No Location,,,Other theft,Status update unavailable,
c69af88fe7b0cbf4e6f030c29711a322825ba9f0b5dc9a696454cd6b3117d552,2019-05,Lancashire Constabulary,Lancashire Constabulary,,,No Location,,,Other theft,Status update unavailable,
16311a27a8547d83fdfc529a146e4211b5688c439d2f48baa4d3fcd334238b18,2019-05,Lancashire Constabulary,Lancashire Constabulary,,,No Location,,,Other theft,Status update unavailable,
8332ea17b77e3c76ac9878faea49852a11fafe1a94f9c1088eef092e25025d61,2019-05,Lancashire Constabulary,Lancashire Constabulary,,,No Location,,,Other theft,Status update unavailable,
32a0e8ec82fdfd8dff6131b13a0fe5279f800e0d43b1d0370f80a57bf60996e2,2019-05,Lancashire Constabulary,Lancashire Constabulary,,,No Location,,,Other theft,Unable to prosecute suspect,
982b1848acadb10cc7501138e9ebaa6a7af8683f5634f318f9aad1f26a883614,2019-05,Lancashire Constabulary,Lancashire Constabulary,,,No Location,,,Other theft,Status update unavailable,
b6ed5cb3e9e2c78f1f5579cc90dc4dd6a9e536acb0b27d89e036ae38cedd3461,2019-05,Lancashire Constabulary,Lancashire Constabulary,,,No Location,,,Other theft,Status update unavailable,
6ffd29169a4298056735cc685f771fc43e35cc64d8749d1771dad5cfffaab553,2019-05,Lancashire Constabulary,Lancashire Constabulary,,,No Location,,,Other theft,Status update unavailable,
7e252b7c839e7a9b365a1ee9f98f47a2aee6adaba889e950574af011f10857bd,2019-05,Lancashire Constabulary,Lancashire Constabulary,,,No Location,,,Other theft,Status update unavailable,
a794cfa30c8c5e3b302c6b290bb0021171c65a66be8bebdf2a1c1fcb0273b35e,2019-05,Lancashire Constabulary,Lancashire Constabulary,,,No Location,,,Other theft,Status update unavailable,
518a9f4f14d21c2e8e4dd6dea39aee59086012581f70212b679bc4dfb052518e,2019-05,Lancashire Constabulary,Lancashire Constabulary,,,No Location,,,Other theft,Status update unavailable,
805f1ee73159b205e493ad457f8e6855ca36876dc53867a89cd04469d46ac593,2019-05,Lancashire Constabulary,Lancashire Constabulary,,,No Location,,,Other theft,Status update unavailable,
ee1be834a404747f65628333f5fc3cfbeae260a1393a5b82512e577f2e222cf2,2019-05,Lancashire Constabulary,Lancashire Constabulary,,,No Location,,,Other theft,Status update unavailable,
7209d9eae60aa668763c2fa4a93353b479f8292de915e0e00801caeb3e44b50c,2019-05,Lancashire Constabulary,Lancashire Constabulary,,,No Location,,,Other theft,Status update unavailable,
a7b8e28db8cfc6a8e04f6e41b5c3eee464bd958d8a406af703d5214a7bceef14,2019-05,Lancashire Constabulary,Lancashire Constabulary,,,No Location,,,Other theft,Status update unavailable,
4e4473743552f19995374be8bf31eff24803341619412fd6f53fe280197de1b5,2019-05,Lancashire Constabulary,Lancashire Constabulary,,,No Location,,,Other theft,Status update unavailable,
25dd4db13d9f1623db68c837028ea8a0df24e5f5e4855cfc82c547deaa7578d9,2019-05,Lancashire Constabulary,Lancashire Constabulary,,,No Location,,,Other theft,Status update unavailable,
2e5f1d0fcff1f8abe4674b2aaace1e64c6b298e6eda1f3816f1ba5bfba91fd13,2019-05,Lancashire Constabulary,Lancashire Constabulary,,,No Location,,,Other theft,Status update unavailable,
fde98f7e38d8d46d4d8f811bc1b1498d4d1faf56432ec0a6e1b0c8b1c18481ac,2019-05,Lancashire Constabulary,Lancashire Constabulary,,,No Location,,,Other theft,Status update unavailable,
ea6abed750bbede29085b47dd7ac3a61d8456cc93a6b980a012733eec6f66b68,2019-05,Lancashire Constabulary,Lancashire Constabulary,,,No Location,,,Other theft,Status update unavailable,
d72ba242328bc447b2407df9d31115164dd14a457418be42fa245f9e37b69a34,2019-05,Lancashire Constabulary,Lancashire Constabulary,,,No Location,,,Other theft,Status update unavailable,
36cf903439f2f6513f2b632681e33ecdda35060bc8b834154a2443e559a1a696,2019-05,Lancashire Constabulary,Lancashire Constabulary,,,No Location,,,Other theft,Status update unavailable,
ee86122f1bcc659f2a6733e19685a08460839c8085b3048f0437f47fa7678d2f,2019-05,Lancashire Constabulary,Lancashire Constabulary,,,No Location,,,Other theft,Status update unavailable,
3cf70b90330ef197e28622457c3ff369808cd0eef11a8f4190b3529a311cf4b8,2019-05,Lancashire Constabulary,Lancashire Constabulary,,,No Location,,,Other theft,Status update unavailable,
9ae08cc72a36891a4146c717a25b35f2c0af2af22b3f4a0ee7ca9813ef645fa8,2019-05,Lancashire Constabulary,Lancashire Constabulary,,,No Location,,,Other theft,Status update unavailable,
86ccfd22f93f5af7c4c58b61b38563443a5256806a48ce60b2c081666a784bfc,2019-05,Lancashire Constabulary,Lancashire Constabulary,,,No Location,,,Other theft,Status update unavailable,
01a34e9cdeb46425f833e1d5699fb647aaae8471ef6fd8f4173ed6195b414ec4,2019-05,Lancashire Constabulary,Lancashire Constabulary,,,No Location,,,Other theft,Status update unavailable,
87b6c8d9b0dbf2c2c0af72cf967dab0cb201e5e4857fed2b15ecc431fda349d7,2019-05,Lancashire Constabulary,Lancashire Constabulary,,,No Location,,,Other theft,Status update unavailable,
ebaa67b8266a8af7787a5defe70f66964a178d1affad914eb430257f15c97aeb,2019-05,Lancashire Constabulary,Lancashire Constabulary,,,No Location,,,Other theft,Status update unavailable,
5b7fa1a2589ef221b6841eb9767972788ce57137078e947d89d4a049659984d0,2019-05,Lancashire Constabulary,Lancashire Constabulary,,,No Location,,,Other theft,Status update unavailable,
065fd2821c001550396430ffc3bef0bec7cff51e448684afd61b6becfecd8d86,2019-05,Lancashire Constabulary,Lancashire Constabulary,,,No Location,,,Other theft,Status update unavailable,
e5cd5838fbfaec21c487b52e9853d8b73b22f881f7dde35a392f7ce08f608e6b,2019-05,Lancashire Constabulary,Lancashire Constabulary,,,No Location,,,Other theft,Status update unavailable,
6bd3e120b9d243cffdf02f332022dc8197aff054a0407f66bacd70e7b8b31fb5,2019-05,Lancashire Constabulary,Lancashire Constabulary,,,No Location,,,Other theft,Status update unavailable,
51d9ad6792565f00630502a2caaa7d6ac783737bfe22b5b0c65a1adfa22d403a,2019-05,Lancashire Constabulary,Lancashire Constabulary,,,No Location,,,Other theft,Status update unavailable,
25b8af61dee1351face16d69df6a8231c0bed326ff1e7f4495c6b90696336faa,2019-05,Lancashire Constabulary,Lancashire Constabulary,,,No Location,,,Other theft,Status update unavailable,
a6594f4aa5e8a6753b5ec215ba1633777db2751ae01677169dbf8fd597b9d423,2019-05,Lancashire Constabulary,Lancashire Constabulary,,,No Location,,,Other theft,Unable to prosecute suspect,
1dec956f9f4e76dd3e464ced0c969ab3eb1a3e4c2080a994cb132d1faeb009b0,2019-05,Lancashire Constabulary,Lancashire Constabulary,,,No Location,,,Other theft,Status update unavailable,
89aeb803496e44b3052670b3c6c5829c70aaab99d61caea0428ab4c004d0397c,2019-05,Lancashire Constabulary,Lancashire Constabulary,,,No Location,,,Other theft,Status update unavailable,
738a8e0a404cd3b55e603c02ac2155bf76bca729b659af99e48ee8fa51a10f95,2019-05,Lancashire Constabulary,Lancashire Constabulary,,,No Location,,,Other theft,Status update unavailable,
ab2aca97c7c8f86d645f3262073cff079580d235d944c8431924a3aa6fa1a20f,2019-05,Lancashire Constabulary,Lancashire Constabulary,,,No Location,,,Other theft,Status update unavailable,
65e8e84d087e7ed8d031ed7fd578370dd9457b6f1cdf70e3ccfe178e364bc261,2019-05,Lancashire Constabulary,Lancashire Constabulary,,,No Location,,,Other theft,Status update unavailable,
0f6c28b3409e964c21f46930e339c48d67789d3687802550731b80d653ab288b,2019-05,Lancashire Constabulary,Lancashire Constabulary,,,No Location,,,Other theft,Status update unavailable,
f4b77a57d67810d82040d555872853fc440f5647f36a21f9547ed3275d94ecbc,2019-05,Lancashire Constabulary,Lancashire Constabulary,,,No Location,,,Other theft,Status update unavailable,
b6f25a37f452624375753e8e6bad301bfc878aa4b9c49725b9450ba7cec2f80a,2019-05,Lancashire Constabulary,Lancashire Constabulary,,,No Location,,,Other theft,Unable to prosecute suspect,
08d70613bc758015cd8f346519fcf9c716afae133c02f829fc8d898a146ecc89,2019-05,Lancashire Constabulary,Lancashire Constabulary,,,No Location,,,Other theft,Unable to prosecute suspect,
33251e189ee20e5691a56c3ff448589d814d873acada0f4ecf3c31355dc0bc3a,2019-05,Lancashire Constabulary,Lancashire Constabulary,,,No Location,,,Other theft,Status update unavailable,
256d8dca2988c10e3ba36617d6a3e6d5b6556edfd752c09b059a37de9ae202b5,2019-05,Lancashire Constabulary,Lancashire Constabulary,,,No Location,,,Other theft,Status update unavailable,
9e04d86c9cb5b0373bf493d5d7d062f2cee3e5e385ab659ee039d58b76ea0ece,2019-05,Lancashire Constabulary,Lancashire Constabulary,,,No Location,,,Other theft,Status update unavailable,
36c5f0393477874c71368be211edbedc252fcea2220d400a1102e975b890176a,2019-05,Lancashire Constabulary,Lancashire Constabulary,,,No Location,,,Other theft,Status update unavailable,
779fc22e4c3766cf28874f44940606b5f52ebdf6933b418cf73e36a6747cf347,2019-05,Lancashire Constabulary,Lancashire Constabulary,,,No Location,,,Other theft,Status update unavailable,
28da2fb0be34d3581f96a5a4d9f50a93bf4283985672a11d66a0033df2c878a6,2019-05,Lancashire Constabulary,Lancashire Constabulary,,,No Location,,,Other theft,Status update unavailable,
02350d72e9ce8e07a277cd389bbc22d5c48d3e973fd147a19a52cdf38b858e71,2019-05,Lancashire Constabulary,Lancashire Constabulary,,,No Location,,,Other theft,Status update unavailable,
2eaf011cab6f7b7d8076a4632fba0ed12821b1b88051bcd80397a934330a5d59,2019-05,Lancashire Constabulary,Lancashire Constabulary,,,No Location,,,Other theft,Status update unavailable,
01610a04889b0e0a94fc0483c9c99146898f5bec11ad0c190e0597888ea0ae91,2019-05,Lancashire Constabulary,Lancashire Constabulary,,,No Location,,,Other theft,Status update unavailable,
7d327e077c62f7564b6c5260c130709ab58d80dbf6d12008f82e2c4a804a4479,2019-05,Lancashire Constabulary,Lancashire Constabulary,,,No Location,,,Other theft,Status update unavailable,
7b0ad34a63d333cfb46673b12ced6f7a29b376a5611f67e87a15b431c9ca1dba,2019-05,Lancashire Constabulary,Lancashire Constabulary,,,No Location,,,Other theft,Unable to prosecute suspect,
850649639f7dfe79ff90013dc5dbc97ec86780356069807704395145a99fc2a4,2019-05,Lancashire Constabulary,Lancashire Constabulary,,,No Location,,,Other theft,Status update unavailable,
86b3debdd6246fef04928d2ef817473048b0d3b66b3d02d1355e262034d3b043,2019-05,Lancashire Constabulary,Lancashire Constabulary,,,No Location,,,Other theft,Local resolution,
494d9e1233fffe80754af40104eef861753cf7ba94bf75ccf54fec99fc117673,2019-05,Lancashire Constabulary,Lancashire Constabulary,,,No Location,,,Other theft,Status update unavailable,
c6bc70a9dd00b7ae3736b2611bb8d0f2a368a82c090ec965b805dfb4f7da2953,2019-05,Lancashire Constabulary,Lancashire Constabulary,,,No Location,,,Other theft,Unable to prosecute suspect,
81961a58a387d2a2811516aaf654ae7eca6d56b1c0c2b590aff4930ef05ef9c4,2019-05,Lancashire Constabulary,Lancashire Constabulary,,,No Location,,,Other theft,Status update unavailable,
d22bf797cec611fb69be13c848faf708714391be7bef610e548bf97f2e2e9cc0,2019-05,Lancashire Constabulary,Lancashire Constabulary,,,No Location,,,Other theft,Status update unavailable,
eaed6aff5a68aae5cfb0d87e1cd794dad08080191dfb5289bab3fe92ada1a3aa,2019-05,Lancashire Constabulary,Lancashire Constabulary,,,No Location,,,Other theft,Status update unavailable,
f33a68ca5aeeb18ce8d58cdc3965ec1491fc02abc474d7a83db0f8cfa3e73832,2019-05,Lancashire Constabulary,Lancashire Constabulary,,,No Location,,,Other theft,Unable to prosecute suspect,
cbcef7a8a58b1123f2406f255c2e1491a51581d71fc0f43f7f364bb37404ab9d,2019-05,Lancashire Constabulary,Lancashire Constabulary,,,No Location,,,Other theft,Status update unavailable,
679bd04171952c216d4bd3e8341bfd30a83c33a91bfeb9340020f658c1c01d75,2019-05,Lancashire Constabulary,Lancashire Constabulary,,,No Location,,,Other theft,Status update unavailable,
f797cbde68a53e103970549a7c4d48eb8eacaa3b35bbb5125c806ae446188f9c,2019-05,Lancashire Constabulary,Lancashire Constabulary,,,No Location,,,Other theft,Status update unavailable,
227a5ca9ac79d0e769539429d3e09807a6650012933cca3c7c0f10da25a4ea5e,2019-05,Lancashire Constabulary,Lancashire Constabulary,,,No Location,,,Other theft,Status update unavailable,
9fcf86a3e3240ed00c04694833267dcffa9e762dcc47597337adfebe01f3a87a,2019-05,Lancashire Constabulary,Lancashire Constabulary,,,No Location,,,Other theft,Unable to prosecute suspect,
9ef66c157f18cdd8d94d14ecfdef610c3448d392d95cd3ca61f1d1407e9e053a,2019-05,Lancashire Constabulary,Lancashire Constabulary,,,No Location,,,Other theft,Status update unavailable,
5c60bb407640174c08df84a195bf0e7ece3f2474279e63d163b16523114ddffa,2019-05,Lancashire Constabulary,Lancashire Constabulary,,,No Location,,,Other theft,Status update unavailable,
4610dba91bc12052500d436486228c0c0e4a83e4603f8cbeb6338593744709f8,2019-05,Lancashire Constabulary,Lancashire Constabulary,,,No Location,,,Other theft,Unable to prosecute suspect,
2f02070f0f423c9a0e35633f5e1c816cd3a0eabc4b53642f65c4f8d6fd6d1e55,2019-05,Lancashire Constabulary,Lancashire Constabulary,,,No Location,,,Other theft,Status update unavailable,
5acebb62273d7d5a85fbac1b8a05d299f4d4a84484dff23f00bbb5ebf5f8b416,2019-05,Lancashire Constabulary,Lancashire Constabulary,,,No Location,,,Possession of weapons,Unable to prosecute suspect,
d0d9a981bf4c4d1435b17a99a5331be22ecae9545360e7c6325d8f680ed02062,2019-05,Lancashire Constabulary,Lancashire Constabulary,,,No Location,,,Possession of weapons,Status update unavailable,
e053c029a1b8079f76119f83729f45cdce0925f77f0fa049d8d214b2d3492f53,2019-05,Lancashire Constabulary,Lancashire Constabulary,,,No Location,,,Possession of weapons,Awaiting court outcome,
10e078f151baecdfd21add27021a9ba8ccae93eeeae44d5de71ce2755b549582,2019-05,Lancashire Constabulary,Lancashire Constabulary,,,No Location,,,Possession of weapons,Offender given a caution,
c5dfcf8d6657802245e8e8b02b4b3bd97867ee602b62df9edb08ab177728c6df,2019-05,Lancashire Constabulary,Lancashire Constabulary,,,No Location,,,Possession of weapons,Status update unavailable,
da4dfa89100f2078a96177ad74ccd5c5c4665bf14dc92e460e2331a21dcbee4b,2019-05,Lancashire Constabulary,Lancashire Constabulary,,,No Location,,,Possession of weapons,Awaiting court outcome,
cff3df61bcc3bbf52797f4d25fa20044e9494c3c5e6636737dfe9cecba6dd982,2019-05,Lancashire Constabulary,Lancashire Constabulary,,,No Location,,,Possession of weapons,Further investigation is not in the public interest,
417ab3fe9543460cb66ee7da7c6795fc3c40a1af00f48fce2a00096f50b697bc,2019-05,Lancashire Constabulary,Lancashire Constabulary,,,No Location,,,Possession of weapons,Status update unavailable,
ff0165804bee61b76cc02fd0354ea3ff9b96b6490c08c56f840f7ad775767c46,2019-05,Lancashire Constabulary,Lancashire Constabulary,,,No Location,,,Possession of weapons,Status update unavailable,
ed957f5197554bd544f88de156c943cb69cce5fb6794e5cb5b9f7e0ece53a107,2019-05,Lancashire Constabulary,Lancashire Constabulary,,,No Location,,,Possession of weapons,Status update unavailable,
c10c88192f18fd64f332c87d9c7c669718db5dcf023a6ff54543cac9af60c67a,2019-05,Lancashire Constabulary,Lancashire Constabulary,,,No Location,,,Possession of weapons,Status update unavailable,
e6e4ea5d1ca3198a7c64ae348445c694fef908173f8197b837531619d3b157df,2019-05,Lancashire Constabulary,Lancashire Constabulary,,,No Location,,,Public order,Unable to prosecute suspect,
59234cedd0efcb74f13d82aa05bd2f1eaddae33dfa008a07c7136c9d8fac3aa4,2019-05,Lancashire Constabulary,Lancashire Constabulary,,,No Location,,,Public order,Status update unavailable,
cae45b76b8dbc0cfd53a4b1d46d6b4706a314f2da231be897b94f604e0430daf,2019-05,Lancashire Constabulary,Lancashire Constabulary,,,No Location,,,Public order,Unable to prosecute suspect,
91204d17b910f7dfc7e7371904e4b7566235ff9faee2b459217b7f304dcd1954,2019-05,Lancashire Constabulary,Lancashire Constabulary,,,No Location,,,Public order,Status update unavailable,
aa5ec6ab79e7b84aae058b667e2ddd25ef263770988f6fdd8927eeb671837c56,2019-05,Lancashire Constabulary,Lancashire Constabulary,,,No Location,,,Public order,Status update unavailable,
1b746b5f15bc754c9d0763a2b5bec7378b054cde2445706646439abd4fd65e97,2019-05,Lancashire Constabulary,Lancashire Constabulary,,,No Location,,,Public order,Local resolution,
89c62d261b603d9bd12e0342752b798336a9cea6325a50ec9ed00fa4fa454b13,2019-05,Lancashire Constabulary,Lancashire Constabulary,,,No Location,,,Public order,Status update unavailable,
d3f5672c7cc99324b6baf969274bdaea2fdf8730476c36c9c82f9cecef174788,2019-05,Lancashire Constabulary,Lancashire Constabulary,,,No Location,,,Public order,Status update unavailable,
6819db773773ab934599440393fb0266d73d0e0de70c827b0f3a443661572186,2019-05,Lancashire Constabulary,Lancashire Constabulary,,,No Location,,,Public order,Unable to prosecute suspect,
0281f6411b4270f8b908ecce6f24aa59d7b3e9c8317cecfaa8865a86b6865062,2019-05,Lancashire Constabulary,Lancashire Constabulary,,,No Location,,,Public order,Status update unavailable,
df617be4baab9c990ed6aa738bf2fa0240889ead7abd53f00b69be6bbc787ea2,2019-05,Lancashire Constabulary,Lancashire Constabulary,,,No Location,,,Public order,Status update unavailable,
1a0e14aa6bbacef37b1b79416ac4e377639c83049f7a65eb8191363f764f07f3,2019-05,Lancashire Constabulary,Lancashire Constabulary,,,No Location,,,Public order,Status update unavailable,
49fc8f9f397507f31946582f76324f071fdbc57cf34d244fabc425fd44a52702,2019-05,Lancashire Constabulary,Lancashire Constabulary,,,No Location,,,Public order,Unable to prosecute suspect,
e1ac61de16d247860d63fc4a62ea6e56daeb6b2914f6812b573c0b55f5f1d001,2019-05,Lancashire Constabulary,Lancashire Constabulary,,,No Location,,,Public order,Unable to prosecute suspect,
c4437118ad53e051e365831041f01198ccf6f3e107a4533dd9b370335f5109e9,2019-05,Lancashire Constabulary,Lancashire Constabulary,,,No Location,,,Public order,Unable to prosecute suspect,
e08a7d3d647cbc02fb7053b356ffa7f16639014f39e8c57f9b8da539a64f607f,2019-05,Lancashire Constabulary,Lancashire Constabulary,,,No Location,,,Public order,Unable to prosecute suspect,
6e8cf670836b9937ee6a58b44557dcef592847c9e2dfe245960a0e8a36df06e2,2019-05,Lancashire Constabulary,Lancashire Constabulary,,,No Location,,,Public order,Status update unavailable,
a4678fa21cacad41ca6d830d07bc121293ac7da7cd1763a1f72128b257bd0d97,2019-05,Lancashire Constabulary,Lancashire Constabulary,,,No Location,,,Public order,Further investigation is not in the public interest,
ab92327b2e3d19618e7305c7622e462e7a70a88dc4d56aba6445b7ed19785c32,2019-05,Lancashire Constabulary,Lancashire Constabulary,,,No Location,,,Public order,Unable to prosecute suspect,
1cc516854feca700348880b46e55990787c9ddbe2096d9c74e024f205ebf460c,2019-05,Lancashire Constabulary,Lancashire Constabulary,,,No Location,,,Public order,Awaiting court outcome,
024aa17bbdedc74fa1831aaf240a8f0b107a6958b095a50bc9c9a4b9b8c1dab4,2019-05,Lancashire Constabulary,Lancashire Constabulary,,,No Location,,,Public order,Unable to prosecute suspect,
e5fb7c9365434b5879efb69f4a6d56e5e2e2d5346631b13e9906478a4c61fac1,2019-05,Lancashire Constabulary,Lancashire Constabulary,,,No Location,,,Public order,Unable to prosecute suspect,
e174bc3a2bb42736302427a9f5e151ef02fe3ef073187330db579db98a90c61d,2019-05,Lancashire Constabulary,Lancashire Constabulary,,,No Location,,,Public order,Unable to prosecute suspect,
aa4057a49d1556b7e8c0ab340b393f819daf12790c6e47a4688634f99d1be3cd,2019-05,Lancashire Constabulary,Lancashire Constabulary,,,No Location,,,Public order,Status update unavailable,
bdd0b28561d96ac734a08659d08a19bb042b6bdc19ef17f4c972785e4c0f155e,2019-05,Lancashire Constabulary,Lancashire Constabulary,,,No Location,,,Public order,Unable to prosecute suspect,
c5d9f1ea2e976f01094a26d71a9e6abba641201ef398a5a9b000d061348bc643,2019-05,Lancashire Constabulary,Lancashire Constabulary,,,No Location,,,Public order,Further investigation is not in the public interest,
150eea0a8387aa3cda696b6a47b22195ca30f3f68a3fc057d3636032d9b5db9c,2019-05,Lancashire Constabulary,Lancashire Constabulary,,,No Location,,,Public order,Further investigation is not in the public interest,
9b05ce81437a03ba25e562f1b3b64b901854807b7d9a4eac94393d401e265c3a,2019-05,Lancashire Constabulary,Lancashire Constabulary,,,No Location,,,Public order,Status update unavailable,
36525cd3e47aee9274352a3c3393215244668117829affed3055256009b5ba77,2019-05,Lancashire Constabulary,Lancashire Constabulary,,,No Location,,,Public order,Status update unavailable,
c888543ad3f0815e14ce21d5aa269826ceddaf4c84363566b40904dc3ca41fcb,2019-05,Lancashire Constabulary,Lancashire Constabulary,,,No Location,,,Public order,Awaiting court outcome,
b0ef3c651443e036a0ac68ef4b675c7aeb1a4df852e2077c7f092aafd78f1086,2019-05,Lancashire Constabulary,Lancashire Constabulary,,,No Location,,,Public order,Further investigation is not in the public interest,
341e15adc8466a13e7bcf1da0314ef112b38a15d3903f5dcdff6bead790824b1,2019-05,Lancashire Constabulary,Lancashire Constabulary,,,No Location,,,Public order,Status update unavailable,
f0fabea83711271865be5e61f02e33b7ac365a1744e577bab2b66a13c1f60e21,2019-05,Lancashire Constabulary,Lancashire Constabulary,,,No Location,,,Public order,Status update unavailable,
83ae6df99ee7ca98c005ef611647692e6342e7f1419daadd09fdcb1e003181ae,2019-05,Lancashire Constabulary,Lancashire Constabulary,,,No Location,,,Public order,Status update unavailable,
d034ce59f00aab706a41b4fda88702b8acd0a471db31801383b14d3bc72a136b,2019-05,Lancashire Constabulary,Lancashire Constabulary,,,No Location,,,Public order,Unable to prosecute suspect,
292730e69488af1c9dbdd27bb69d482544fe1a4ee2bff044218d7d3b254acbe4,2019-05,Lancashire Constabulary,Lancashire Constabulary,,,No Location,,,Public order,Awaiting court outcome,
6f8b8396e93e84105a7effec0e89a3bbbdb0f3ef44bfea1da7cee78aba3da837,2019-05,Lancashire Constabulary,Lancashire Constabulary,,,No Location,,,Public order,Unable to prosecute suspect,
8d5895ad6540b9f3ad1c8df5a8a25c67ca63811a64890a60af0a9bc62fe220f3,2019-05,Lancashire Constabulary,Lancashire Constabulary,,,No Location,,,Public order,Status update unavailable,
bfb60f8f710f4d0d1383dd5d0c8957a744bbf475453aaa1ebe2211f65786fa7a,2019-05,Lancashire Constabulary,Lancashire Constabulary,,,No Location,,,Public order,Unable to prosecute suspect,
0837178072c02d5401c87be4c753df63ce4f046290e9ec9398f82e11861d6723,2019-05,Lancashire Constabulary,Lancashire Constabulary,,,No Location,,,Public order,Status update unavailable,
d2d12fd81a3478671a24a66938ad0f219d1646020485a0f69ba568f09ff01de4,2019-05,Lancashire Constabulary,Lancashire Constabulary,,,No Location,,,Public order,Unable to prosecute suspect,
ebc33193db2235e8a3e5cea93a0158261d0f53afcbd1b99c7f1513789d1bd03d,2019-05,Lancashire Constabulary,Lancashire Constabulary,,,No Location,,,Public order,Further investigation is not in the public interest,
bba61ba3d4c6cf384d4c762ab7c62df32560130f4b06c50743bfe7f535feb302,2019-05,Lancashire Constabulary,Lancashire Constabulary,,,No Location,,,Public order,Unable to prosecute suspect,
347c649963ee4fa54795ae759666559af98995e5d08bae9b96dc3cb168fdc189,2019-05,Lancashire Constabulary,Lancashire Constabulary,,,No Location,,,Public order,Status update unavailable,
45a582bb7386031bd80a701dd4e79a9a69e6b88442d2b27dce620459248d7a54,2019-05,Lancashire Constabulary,Lancashire Constabulary,,,No Location,,,Public order,Status update unavailable,
01064284899a3addb03e8ab7429c6370d828df8530d912cf73e1864ae8328d70,2019-05,Lancashire Constabulary,Lancashire Constabulary,,,No Location,,,Public order,Status update unavailable,
c43adbcac15c9a3b741d1cc1ee2aa4c07f5c723fe74be967bb204bb541a1dc9a,2019-05,Lancashire Constabulary,Lancashire Constabulary,,,No Location,,,Public order,Unable to prosecute suspect,
c0dcb81c6ea66ec83b1aaea4af9645ff82a4471b6ef2825ea53424518c2117a7,2019-05,Lancashire Constabulary,Lancashire Constabulary,,,No Location,,,Public order,Unable to prosecute suspect,
b6fd155a0c337d7055cdb10506f29949817b9402406b33173e534c2f474c1f40,2019-05,Lancashire Constabulary,Lancashire Constabulary,,,No Location,,,Public order,Unable to prosecute suspect,
4ffba64c73449475dcf92554e81a746cfd67aab6cfe4ac238b5a8b7365e19cd6,2019-05,Lancashire Constabulary,Lancashire Constabulary,,,No Location,,,Public order,Status update unavailable,
7c88bcfafd59c0bdb599928ce36223381a576562db3e27b4aed5da1e46d539e6,2019-05,Lancashire Constabulary,Lancashire Constabulary,,,No Location,,,Public order,Status update unavailable,
a923c9f1bc2057eae901ff0a9459b9e7f94985772033afce2e3365cce163148b,2019-05,Lancashire Constabulary,Lancashire Constabulary,,,No Location,,,Public order,Unable to prosecute suspect,
62a5cbcc0e5fbb65ea7b940872a2e6ee3b406c640f559c3eb75de26db5fa5606,2019-05,Lancashire Constabulary,Lancashire Constabulary,,,No Location,,,Public order,Unable to prosecute suspect,
36f351ac7cc0ba5f16a3f2c1f0c3ed30f73e8006f799e163de531bbe0daf9813,2019-05,Lancashire Constabulary,Lancashire Constabulary,,,No Location,,,Public order,Status update unavailable,
f08beeaa0dc3ac447c617b6e12574fa97c6a4abc1d89d57506e68532cf29635e,2019-05,Lancashire Constabulary,Lancashire Constabulary,,,No Location,,,Public order,Unable to prosecute suspect,
8c3dd60fe151e1b618e3f5d7359e277ffeea12888cbce2921395559992fc23c3,2019-05,Lancashire Constabulary,Lancashire Constabulary,,,No Location,,,Public order,Further investigation is not in the public interest,
187e6f558bc69c7a847488453cfe41db64ec03a7b88cf49c9a86101b3a4535f3,2019-05,Lancashire Constabulary,Lancashire Constabulary,,,No Location,,,Public order,Unable to prosecute suspect,
002d7095ce1a6e472ec58bc51716d659d1ce394ada571de88fadd43786d3013d,2019-05,Lancashire Constabulary,Lancashire Constabulary,,,No Location,,,Public order,Unable to prosecute suspect,
f818259087157f8f601af31ba6ad2b847c033d92eb6be833b27bb51b4bcab184,2019-05,Lancashire Constabulary,Lancashire Constabulary,,,No Location,,,Public order,Unable to prosecute suspect,
9141fe3c38b6b1bc712a49a5da5a4b265e578ae4694371f7e2d0e42f66df40f0,2019-05,Lancashire Constabulary,Lancashire Constabulary,,,No Location,,,Public order,Status update unavailable,
36f8c3fd5e3a916cd381038a504b48701d8fc63637fa65e1a7a7b174c7918e7f,2019-05,Lancashire Constabulary,Lancashire Constabulary,,,No Location,,,Public order,Further investigation is not in the public interest,
e03dbc5be3fb2db61e25b4210d16bb1ef3c05f5a276a63b198054dec664e97da,2019-05,Lancashire Constabulary,Lancashire Constabulary,,,No Location,,,Public order,Status update unavailable,
0d679a800c581d8ef21587bd690fb3177840975d648e8b43848101acd6a9e630,2019-05,Lancashire Constabulary,Lancashire Constabulary,,,No Location,,,Public order,Unable to prosecute suspect,
6731e9ddbcd58141273802ef035bf1c830664c4168c5afbaa3cb53e3d9d42a60,2019-05,Lancashire Constabulary,Lancashire Constabulary,,,No Location,,,Public order,Status update unavailable,
1791fbb19c5ceac3aa933c04fe0e988e1266dabb740af946fe045f067d1145a5,2019-05,Lancashire Constabulary,Lancashire Constabulary,,,No Location,,,Public order,Unable to prosecute suspect,
f0f44a2414a641ab12a76da2a1b6a1e73156497b0cf1859fb7c342105ffb98bd,2019-05,Lancashire Constabulary,Lancashire Constabulary,,,No Location,,,Public order,Status update unavailable,
75d204f332155d4dc2dca9e5a9aee717fa1ca574665e6ae36e46f534c4208cb3,2019-05,Lancashire Constabulary,Lancashire Constabulary,,,No Location,,,Public order,Status update unavailable,
78164793e0fc47e8c9268994ab471a156a4ff536d872ff71d81b38d6ab2bc6e2,2019-05,Lancashire Constabulary,Lancashire Constabulary,,,No Location,,,Public order,Status update unavailable,
213f1b993bb6d4b0d56d00555bb38e4d93d2d4e337461a373d729b79ccf125b4,2019-05,Lancashire Constabulary,Lancashire Constabulary,,,No Location,,,Public order,Unable to prosecute suspect,
242063accdcb12f6714914e223064271a869e1c3edbdafd68647ad949336f044,2019-05,Lancashire Constabulary,Lancashire Constabulary,,,No Location,,,Public order,Status update unavailable,
fae2a0b3c310e9e261be413f1ab4802ca6099c56029c7eee86195e79ebff4f5e,2019-05,Lancashire Constabulary,Lancashire Constabulary,,,No Location,,,Public order,Status update unavailable,
1617d73f491a1bc324adaac4629f266a13ebba932d964d343941d106dc639f7b,2019-05,Lancashire Constabulary,Lancashire Constabulary,,,No Location,,,Public order,Investigation complete; no suspect identified,
690d88b77b0bcc25a516a6c7447b57db2d2765d85ae50deb24678deeca535b8f,2019-05,Lancashire Constabulary,Lancashire Constabulary,,,No Location,,,Public order,Status update unavailable,
0a0f7da214ba4393eb17403404dbe14c5b721582329f4aba77120638be28b1d7,2019-05,Lancashire Constabulary,Lancashire Constabulary,,,No Location,,,Public order,Status update unavailable,
4e4144fa4915991896474c995cfdeb614dae18692e2e621bca8177cf1a31f2c5,2019-05,Lancashire Constabulary,Lancashire Constabulary,,,No Location,,,Public order,Unable to prosecute suspect,
a838aa2e6460e65726f6fd8cdf445b7d3b00cac0839cafc92fd42126d4bbf829,2019-05,Lancashire Constabulary,Lancashire Constabulary,,,No Location,,,Public order,Further investigation is not in the public interest,
5c744daccd2c8d7d1130dbc3a6a4713db8ef0eb67b5628f4ce4a4b03cbd8db31,2019-05,Lancashire Constabulary,Lancashire Constabulary,,,No Location,,,Public order,Status update unavailable,
1f8670c8e76504ebb03d655e11a8bd43806da21940374d6b76bcdfe1404b529e,2019-05,Lancashire Constabulary,Lancashire Constabulary,,,No Location,,,Public order,Status update unavailable,
a38d51ad124a69cd5729f5120016260f09f2378159e3286aa5c1bc428e2e23aa,2019-05,Lancashire Constabulary,Lancashire Constabulary,,,No Location,,,Public order,Status update unavailable,
40e7fb186ac080077ed0ba63a101c5fce0d0dd337b7a0329e33b1d120193e7e3,2019-05,Lancashire Constabulary,Lancashire Constabulary,,,No Location,,,Public order,Status update unavailable,
1bac17a06c0ece202cc41566cae353abe12e33b70fca6a5b463246c31de24e08,2019-05,Lancashire Constabulary,Lancashire Constabulary,,,No Location,,,Public order,Status update unavailable,
665f57e9f4f357714d2599744a9b886777508e24dcc7215f1cb0d616a3a9b9fa,2019-05,Lancashire Constabulary,Lancashire Constabulary,,,No Location,,,Public order,Status update unavailable,
6217ca2af5512bd3245997f8580ee0023fabf9aa5722f8aeabf93ec987d76b12,2019-05,Lancashire Constabulary,Lancashire Constabulary,,,No Location,,,Public order,Status update unavailable,
13b9ebca947354946c45ebd04d66b76b9349dc3765c6d292a1824090cb918de2,2019-05,Lancashire Constabulary,Lancashire Constabulary,,,No Location,,,Public order,Unable to prosecute suspect,
24b5e70444ad17220cf324b42a5296f6b5fd310861f44c9d934a9d36e7eecb6c,2019-05,Lancashire Constabulary,Lancashire Constabulary,,,No Location,,,Public order,Unable to prosecute suspect,
d01d15eb3eb79b5722c42b35ff1606309ff86dc9e6734427e20d8a0fa3abcba2,2019-05,Lancashire Constabulary,Lancashire Constabulary,,,No Location,,,Public order,Status update unavailable,
8d1f159df494caa1319d1a5482378b2cea7b30382ebc5eba9dda812fe6ff66ba,2019-05,Lancashire Constabulary,Lancashire Constabulary,,,No Location,,,Public order,Unable to prosecute suspect,
2f5898ab6d2666d7b66ed695535ecdace9a53a5d781024576cdf063162f69046,2019-05,Lancashire Constabulary,Lancashire Constabulary,,,No Location,,,Public order,Awaiting court outcome,
6f2e0e1aa90ea7f4d0b40f7fa8ebe7d1f14dffa85c4f7f0594d3d86e941944bc,2019-05,Lancashire Constabulary,Lancashire Constabulary,,,No Location,,,Public order,Status update unavailable,
933d37cbca90a80c3175ea5ae3797ed0f3ccf4a4a3737250df4301871bc93352,2019-05,Lancashire Constabulary,Lancashire Constabulary,,,No Location,,,Public order,Unable to prosecute suspect,
32a8fbb378bcf25a047762c66803f93fd1ac0dd0a58e6aa7b0d16042e2887b48,2019-05,Lancashire Constabulary,Lancashire Constabulary,,,No Location,,,Public order,Status update unavailable,
12a8fc78dc9c816f15e4610a4929a75f5529172ff5270c53e8f3157a49ec3e92,2019-05,Lancashire Constabulary,Lancashire Constabulary,,,No Location,,,Public order,Status update unavailable,
cf0880189356576202c37cb383a0bfcf045c947b54edb0d4bee5a600630186ed,2019-05,Lancashire Constabulary,Lancashire Constabulary,,,No Location,,,Public order,Status update unavailable,
3cba9566fd16b7443b7f25df79c8012f90c53008cf47064a538c3be4cbbbbe9b,2019-05,Lancashire Constabulary,Lancashire Constabulary,,,No Location,,,Public order,Unable to prosecute suspect,
0e1d98a471929f6ed42cff568c7949f224ba0c38bbace5aa3bd7858a9b77b4e2,2019-05,Lancashire Constabulary,Lancashire Constabulary,,,No Location,,,Public order,Status update unavailable,
2157fad6276cb8e71fc3dd9d7263298c0316ad500790ffc3f141941c3c38558c,2019-05,Lancashire Constabulary,Lancashire Constabulary,,,No Location,,,Public order,Unable to prosecute suspect,
5f24bbe5ba37d331c779d1d5ceb63fbc65c8041dd20d961dad4a29029daa5cc3,2019-05,Lancashire Constabulary,Lancashire Constabulary,,,No Location,,,Public order,Status update unavailable,
f17af7db87f46c6e329fe574a4cf35f32a61b87de4fe80779df957b666797351,2019-05,Lancashire Constabulary,Lancashire Constabulary,,,No Location,,,Public order,Status update unavailable,
d8ea8905348c4f3d0a13fdbdb2a9e509038668f556f46f4e1333ce140f13bb5c,2019-05,Lancashire Constabulary,Lancashire Constabulary,,,No Location,,,Public order,Status update unavailable,
10645926bc4d06645340576f13500d2b2accb65a587a51bbf44ba18d8400e12b,2019-05,Lancashire Constabulary,Lancashire Constabulary,,,No Location,,,Public order,Status update unavailable,
6efdc4c362a28145677acfc3357753fa0d42f3265f3c57a1f2b918a41e012e61,2019-05,Lancashire Constabulary,Lancashire Constabulary,,,No Location,,,Public order,Unable to prosecute suspect,
817770c531038f0d74bf55dcdebceeb3da247f853a7b368bf98ead2870c4b026,2019-05,Lancashire Constabulary,Lancashire Constabulary,,,No Location,,,Public order,Status update unavailable,
c553ff32a5f8eeb8f02821508fb3a0da920cb7c10062c26a393f4f0a18251f89,2019-05,Lancashire Constabulary,Lancashire Constabulary,,,No Location,,,Public order,Unable to prosecute suspect,
7a409b14ab14800b2ce0c6e33147f070038fac74447240d00e662f07808f3a21,2019-05,Lancashire Constabulary,Lancashire Constabulary,,,No Location,,,Public order,Status update unavailable,
0864db91e46c92ee3ca44d1ebe75d2f380164cb7ad64c5635d914d749c8523ba,2019-05,Lancashire Constabulary,Lancashire Constabulary,,,No Location,,,Public order,Status update unavailable,
16081313b4b3f2c9ca978d6eab538e2681935649a393e69d81fc5567447003d0,2019-05,Lancashire Constabulary,Lancashire Constabulary,,,No Location,,,Public order,Status update unavailable,
c0687954f558783fe5ce6bea5bd59cb57fdcbfd205a55df4265a2e5cf2a99303,2019-05,Lancashire Constabulary,Lancashire Constabulary,,,No Location,,,Public order,Status update unavailable,
1aa153df14045fdec395938e506e085971b2f7882e04baff074b334367f0fa8c,2019-05,Lancashire Constabulary,Lancashire Constabulary,,,No Location,,,Public order,Awaiting court outcome,
aacc5f2727a253f5a9b64c54e668b10bbb016761a84e7b50d97e9d566bb4247d,2019-05,Lancashire Constabulary,Lancashire Constabulary,,,No Location,,,Public order,Status update unavailable,
96b3aaa39f9af0b0c6cb3c66b5caf881294b5add05f1e3008c77433bef96d07b,2019-05,Lancashire Constabulary,Lancashire Constabulary,,,No Location,,,Public order,Unable to prosecute suspect,
10cda11fb4358e271ed80b67f7e569a3ffd4323c36d3c37a8b24d4701c92c180,2019-05,Lancashire Constabulary,Lancashire Constabulary,,,No Location,,,Public order,Further investigation is not in the public interest,
36795e32f9b4136ff450735356cdc16a81a5d1648b201e5495a55ca338ce318a,2019-05,Lancashire Constabulary,Lancashire Constabulary,,,No Location,,,Public order,Unable to prosecute suspect,
5c32e4382ba63fb4f0c9c8cea6dcdcc61352828058a8a03f7083063f2d087d76,2019-05,Lancashire Constabulary,Lancashire Constabulary,,,No Location,,,Public order,Unable to prosecute suspect,
a761259664091984dc4c073e11e17440aa0afdedcde99cab0bfdf81477733bd6,2019-05,Lancashire Constabulary,Lancashire Constabulary,,,No Location,,,Public order,Unable to prosecute suspect,
0bd98abd6570b636eeb3376e6f49a8147d34728b516ef26b4ae5dc40258bd784,2019-05,Lancashire Constabulary,Lancashire Constabulary,,,No Location,,,Public order,Status update unavailable,
ba469775960570400653e18fe413fb05bee30efedb00fb295b777028251b1e99,2019-05,Lancashire Constabulary,Lancashire Constabulary,,,No Location,,,Public order,Status update unavailable,
42402a336d485d79732d763c9819c7d8d822cff5e2a54de511c5f3e8553a5250,2019-05,Lancashire Constabulary,Lancashire Constabulary,,,No Location,,,Public order,Status update unavailable,
1808276250094591000726150052503b416549b1eedbc870c42d8f0d7bab7a0c,2019-05,Lancashire Constabulary,Lancashire Constabulary,,,No Location,,,Public order,Status update unavailable,
08f7a513699622adb858a06abd4a207b5dc17f1c9b698b2351dd88c06008e13c,2019-05,Lancashire Constabulary,Lancashire Constabulary,,,No Location,,,Public order,Unable to prosecute suspect,
7772ab21a27d5315ef6f65a529cc4dfe76db4ec144250400cd84018983502609,2019-05,Lancashire Constabulary,Lancashire Constabulary,,,No Location,,,Public order,Status update unavailable,
0cee3d44692d623b8a17fc874aee1db218948fe6d4d7605b184bc141d5fea2d6,2019-05,Lancashire Constabulary,Lancashire Constabulary,,,No Location,,,Public order,Further investigation is not in the public interest,
c59adeb599cf1eb4142c0414fc5eece73c9f37d04f530fd4aa7b8902db80afc5,2019-05,Lancashire Constabulary,Lancashire Constabulary,,,No Location,,,Public order,Status update unavailable,
450c02671901e0e35e389fd667a4356f67b178b2b3022f50bcbe2797568a40ab,2019-05,Lancashire Constabulary,Lancashire Constabulary,,,No Location,,,Public order,Status update unavailable,
f6dc7625ef6517db192354025e6cb339112e3b57366ed6417ad79af54e199022,2019-05,Lancashire Constabulary,Lancashire Constabulary,,,No Location,,,Public order,Status update unavailable,
ce13401fb49931b1ab2eebf5c2364276f4bcad718fdf8f94494d1744a60d4903,2019-05,Lancashire Constabulary,Lancashire Constabulary,,,No Location,,,Public order,Status update unavailable,
1fe5dd74b6f1c4c2e50559157cb2085dfbf3d924f4914481f4cd7d916b2f1972,2019-05,Lancashire Constabulary,Lancashire Constabulary,,,No Location,,,Public order,Unable to prosecute suspect,
dbfa4f9c78dabec5bf480e6c96cd749cb4621ea948e44804739d777c7d149263,2019-05,Lancashire Constabulary,Lancashire Constabulary,,,No Location,,,Public order,Status update unavailable,
254e14012476f7708fd2cb8021755e6200c070d1722ebf28a9328157ffb8729a,2019-05,Lancashire Constabulary,Lancashire Constabulary,,,No Location,,,Public order,Status update unavailable,
5a644e985f3731232dd89046c18fdb33e994a26f67f5446738a97848d068e76a,2019-05,Lancashire Constabulary,Lancashire Constabulary,,,No Location,,,Public order,Status update unavailable,
389a01bf28c5c34f6c39b5ec192cfdef5e620cb3f4723ad0cead7bf4f48e03e6,2019-05,Lancashire Constabulary,Lancashire Constabulary,,,No Location,,,Public order,Status update unavailable,
96f9f7194853fe62c67f7a0ce4233e5ce7a7ab84f6f107ad12f3fdd216c397c9,2019-05,Lancashire Constabulary,Lancashire Constabulary,,,No Location,,,Public order,Status update unavailable,
c6ea829eb3f72404e71dae951a1431af7cee2eb51a695eda57b9027d9363b06e,2019-05,Lancashire Constabulary,Lancashire Constabulary,,,No Location,,,Public order,Status update unavailable,
d6a8dc05e9dbe68bc4694b2ac999976bb6d6cbb14c25b072f2b3150746f77436,2019-05,Lancashire Constabulary,Lancashire Constabulary,,,No Location,,,Public order,Status update unavailable,
5d4f26e328f7728bbe8133dccfe4132a010db81acb524f6eff6c73f18e64244f,2019-05,Lancashire Constabulary,Lancashire Constabulary,,,No Location,,,Public order,Status update unavailable,
a3c0a3ca3d43f9bdfdb5058cbce60499fcbf574963e198a0ba2650b344387b61,2019-05,Lancashire Constabulary,Lancashire Constabulary,,,No Location,,,Public order,Status update unavailable,
57acb7f2e0000419ff287d1140728da52b65a4c275ede1a8cfeae5bea8a466c0,2019-05,Lancashire Constabulary,Lancashire Constabulary,,,No Location,,,Public order,Status update unavailable,
e411e02fd2b1217915f79148a83dceea0891ddc6d7c4ead70465c35f1cc7d64c,2019-05,Lancashire Constabulary,Lancashire Constabulary,,,No Location,,,Public order,Status update unavailable,
feb38c9ca17eff3213ba102246ecb76415fdfe93582410b53d476e2b905bdc09,2019-05,Lancashire Constabulary,Lancashire Constabulary,,,No Location,,,Public order,Unable to prosecute suspect,
7d0874c40fdcdcff69ee243164b23975eefc668f629e0e2542cc28d2b603a317,2019-05,Lancashire Constabulary,Lancashire Constabulary,,,No Location,,,Public order,Further investigation is not in the public interest,
896e8aa019ea6353d78b733e5067b4a8f45fc9969a8f1f82c101a708a7cf27bf,2019-05,Lancashire Constabulary,Lancashire Constabulary,,,No Location,,,Public order,Status update unavailable,
2c8f7aab15d35b331a8a684450d4b68e2030143db65ac39e085aa5a859429347,2019-05,Lancashire Constabulary,Lancashire Constabulary,,,No Location,,,Public order,Offender given penalty notice,
c5f1f1095ff94d403a1f28485ff2826829d18103ff7156f9408966d413ada1fd,2019-05,Lancashire Constabulary,Lancashire Constabulary,,,No Location,,,Public order,Status update unavailable,
e34f3ad45e5f27b34aab0d731541b0340f14882e0b2102d04cae481a6bfceea2,2019-05,Lancashire Constabulary,Lancashire Constabulary,,,No Location,,,Public order,Unable to prosecute suspect,
41781286f72c2f50fb1b25aa51352df97f38f7634e0d5e3f0411ce83c60471c4,2019-05,Lancashire Constabulary,Lancashire Constabulary,,,No Location,,,Public order,Status update unavailable,
ddb1269fd3935ec8280004d58affb297619711fa75c8cb0fd48bfc4dc9448193,2019-05,Lancashire Constabulary,Lancashire Constabulary,,,No Location,,,Public order,Status update unavailable,
a4a10aca058193f5ac2fbf48709c5d46e6b03c93c225f365a03d8a7847a734aa,2019-05,Lancashire Constabulary,Lancashire Constabulary,,,No Location,,,Public order,Further investigation is not in the public interest,
7acc8212f31777d73858ef8edd94b77be58a25bd9db3c8f7f02401c15bb0b0c3,2019-05,Lancashire Constabulary,Lancashire Constabulary,,,No Location,,,Public order,Status update unavailable,
cdb36b954d9baa27b51fd4949ab3d0df79c992e439c6975288c4abef1a64f161,2019-05,Lancashire Constabulary,Lancashire Constabulary,,,No Location,,,Public order,Status update unavailable,
1d8d9e95e841895aba6268c9afff4798da11f0e03650d047442bc00e702dee42,2019-05,Lancashire Constabulary,Lancashire Constabulary,,,No Location,,,Robbery,Status update unavailable,
a41d806857314e8a0d97a97fedf99362428c8de5d92f95ab46bb2f47dae34da9,2019-05,Lancashire Constabulary,Lancashire Constabulary,,,No Location,,,Robbery,Status update unavailable,
73ec97bb597a0aadef37542a9583a34b48ab9482f27d8daa3a6bcddcce8b1223,2019-05,Lancashire Constabulary,Lancashire Constabulary,,,No Location,,,Robbery,Status update unavailable,
94d461e98522b08770b1c11737b77de88cf6cf9fd06d9a92129b415117f510e3,2019-05,Lancashire Constabulary,Lancashire Constabulary,,,No Location,,,Robbery,Status update unavailable,
e6fc2d60aab0329c97c57bcaea3c54d0e1a9f9532b77478fb7c90d3731eab048,2019-05,Lancashire Constabulary,Lancashire Constabulary,,,No Location,,,Robbery,Status update unavailable,
fdc2424e6efcb13b41299c917a28a49bb45134f365c8be6c886ebd38af1ef808,2019-05,Lancashire Constabulary,Lancashire Constabulary,,,No Location,,,Robbery,Status update unavailable,
71f35f1a3fe259a987d872c9e94789d08c1de6d18007410b7f38d0ed0009b72f,2019-05,Lancashire Constabulary,Lancashire Constabulary,,,No Location,,,Robbery,Status update unavailable,
bde137a1443b2daac18871b76bf207fdfb57d5916aa4a32c392c0a902aaeedbe,2019-05,Lancashire Constabulary,Lancashire Constabulary,,,No Location,,,Robbery,Status update unavailable,
140c6b7f342b55fd3510bf160c9445e0e68fdff33385f89b55161d6904d72dd1,2019-05,Lancashire Constabulary,Lancashire Constabulary,,,No Location,,,Robbery,Status update unavailable,
7fd7618daa512918eecb7773a0da2719bd7f45852072036b4b4ab7754b81e563,2019-05,Lancashire Constabulary,Lancashire Constabulary,,,No Location,,,Robbery,Awaiting court outcome,
a731e36ed34aa7e78697c5ff21c4d175c7274e0705148a3e4e6e7bbf73a0c638,2019-05,Lancashire Constabulary,Lancashire Constabulary,,,No Location,,,Robbery,Status update unavailable,
d54abb8efbededc8e0751e754db4fb9d269985c826d78ac1b014a5d492f050f1,2019-05,Lancashire Constabulary,Lancashire Constabulary,,,No Location,,,Robbery,Status update unavailable,
0c1e4f6deaaa39d112a7a369ea4566c80618ba1a6dcb1103fe6e76b1845b5fc9,2019-05,Lancashire Constabulary,Lancashire Constabulary,,,No Location,,,Robbery,Status update unavailable,
20110d184c68d6c7c8d361ffe51b937c6a9d6a8e93460f08267c03103a403136,2019-05,Lancashire Constabulary,Lancashire Constabulary,,,No Location,,,Robbery,Status update unavailable,
d935a78c78ec5f988f3acb303581adf78807ac71eace86b99e757c1ca6139066,2019-05,Lancashire Constabulary,Lancashire Constabulary,,,No Location,,,Robbery,Status update unavailable,
2c2cc2ed97a464d806a6b14d01639c8e24d459f2436d8ca5ae84ef4357bed734,2019-05,Lancashire Constabulary,Lancashire Constabulary,,,No Location,,,Robbery,Status update unavailable,
84ba9c60620275a02490544d8eb0cc4838741c2f1bdd40710b2ff25c33787cb2,2019-05,Lancashire Constabulary,Lancashire Constabulary,,,No Location,,,Shoplifting,Unable to prosecute suspect,
9aec47702557742cf9e23283fb0431dcb958a06cdee0510d0e0aba74cc2226ee,2019-05,Lancashire Constabulary,Lancashire Constabulary,,,No Location,,,Shoplifting,Awaiting court outcome,
8167ac053bd23ee57ce7956f6aa027612d9ef2f3d2790d30fbaa62a2c51f4284,2019-05,Lancashire Constabulary,Lancashire Constabulary,,,No Location,,,Shoplifting,Status update unavailable,
0427ac2870aec4ad95b26cdaae986393591ff9212538168962efb38a54863156,2019-05,Lancashire Constabulary,Lancashire Constabulary,,,No Location,,,Shoplifting,Status update unavailable,
64986babd971e397f18c5ffffebe266fee15ba04bd542d402ba57d9ec201ea2c,2019-05,Lancashire Constabulary,Lancashire Constabulary,,,No Location,,,Shoplifting,Status update unavailable,
fc3bb9b421b4261052569aa92419348200dc1ea40861258f07ca89a795b6057f,2019-05,Lancashire Constabulary,Lancashire Constabulary,,,No Location,,,Shoplifting,Status update unavailable,
2b9a98f3efc1590a81cea5976973ecd9e49b87114bdbd94e835ca2bda8aed1b5,2019-05,Lancashire Constabulary,Lancashire Constabulary,,,No Location,,,Shoplifting,Status update unavailable,
a157e5e279e5b4f891547124a61bd41ec6349540026b1d41df37b42135cc4bfd,2019-05,Lancashire Constabulary,Lancashire Constabulary,,,No Location,,,Shoplifting,Status update unavailable,
4a6f6d85bf26ec2f810af6840f07b9a443221d56484b25d9086f410f34dbdca5,2019-05,Lancashire Constabulary,Lancashire Constabulary,,,No Location,,,Shoplifting,Status update unavailable,
c36cc2f11dbef5bc415e4198cb2d20258a0579aa6837e7fb1d602610fbfdb3c8,2019-05,Lancashire Constabulary,Lancashire Constabulary,,,No Location,,,Shoplifting,Investigation complete; no suspect identified,
534d3b1c4c369b83293b34c0f70ceaad4408197335200a05eef5aff47a5036d7,2019-05,Lancashire Constabulary,Lancashire Constabulary,,,No Location,,,Shoplifting,Status update unavailable,
5fe594b5b27b9d11de0152e0ea533d0192a49be61f465202b7d2a73c4369d551,2019-05,Lancashire Constabulary,Lancashire Constabulary,,,No Location,,,Shoplifting,Awaiting court outcome,
64cceb51e06327f99a7cdccd3809e392bd000832dd07ea1659ad3d5600f1a02b,2019-05,Lancashire Constabulary,Lancashire Constabulary,,,No Location,,,Shoplifting,Awaiting court outcome,
282daf8b5d451577e9120f364be8ab59c0bd321b3c1318757a2b3051ef43d66b,2019-05,Lancashire Constabulary,Lancashire Constabulary,,,No Location,,,Shoplifting,Status update unavailable,
5ae81254b9ccb8035cd01b6c29bb949c52f414bfca29db9dad95e25137762e27,2019-05,Lancashire Constabulary,Lancashire Constabulary,,,No Location,,,Shoplifting,Further investigation is not in the public interest,
44fb2a15d29f2e15b395595e31501895bd7f708af3bace9e1030ff81ef0fecc7,2019-05,Lancashire Constabulary,Lancashire Constabulary,,,No Location,,,Shoplifting,Status update unavailable,
38623bcb5338dded1f961eae762086be39631d7175b65b0ea4bfc61f687599a5,2019-05,Lancashire Constabulary,Lancashire Constabulary,,,No Location,,,Shoplifting,Awaiting court outcome,
78997c5ca0ef9116a1772f90cbb35c6e164a919fd1da5d4df81638d1f7dfc214,2019-05,Lancashire Constabulary,Lancashire Constabulary,,,No Location,,,Shoplifting,Status update unavailable,
c740571a6ec707ad400c42cd5628e91015b9d92adad8a4ede3fa66b3d833ebf6,2019-05,Lancashire Constabulary,Lancashire Constabulary,,,No Location,,,Shoplifting,Status update unavailable,
92784e150bb8691fa83bc2a7498fe32c82abe60ddad140c456a70b7907eafcc0,2019-05,Lancashire Constabulary,Lancashire Constabulary,,,No Location,,,Shoplifting,Status update unavailable,
41601b6edde38bfcf580f47a0ed40c0f14aa90511d6b87b8e8a9fa4213cfd1dc,2019-05,Lancashire Constabulary,Lancashire Constabulary,,,No Location,,,Shoplifting,Status update unavailable,
581c9b9463fb00e203981d092990c6dba0a30f40dd0395a55df3b357feeafe52,2019-05,Lancashire Constabulary,Lancashire Constabulary,,,No Location,,,Shoplifting,Status update unavailable,
3933e73177bc3bf6c659cc9b8059c237968484bf5ba461d793ac2667eeaafebc,2019-05,Lancashire Constabulary,Lancashire Constabulary,,,No Location,,,Shoplifting,Status update unavailable,
11b1e776bbf00154f489ec81be9c3eb1b23257780c81e8d354f01fc39009cbeb,2019-05,Lancashire Constabulary,Lancashire Constabulary,,,No Location,,,Shoplifting,Status update unavailable,
07df7656c183f26923246515fcbf38f7404444f097ddbc4f446a47b6f20dff32,2019-05,Lancashire Constabulary,Lancashire Constabulary,,,No Location,,,Shoplifting,Status update unavailable,
2d1b6924a6dc8d1f0705e9c18633a25606810c52b82214cc8cc63a16a9e34555,2019-05,Lancashire Constabulary,Lancashire Constabulary,,,No Location,,,Shoplifting,Awaiting court outcome,
20bda1be6640c1b79f7aaaaca91a258b4adec69047f26a9e8927f1b7e83c8752,2019-05,Lancashire Constabulary,Lancashire Constabulary,,,No Location,,,Shoplifting,Awaiting court outcome,
fa0c34e863d4e60fc892f8fa4c67978b2255040f0be51e61bee99f9a64849cf9,2019-05,Lancashire Constabulary,Lancashire Constabulary,,,No Location,,,Shoplifting,Unable to prosecute suspect,
0e361e5c6932a59783db162244a38f5c67b8a44aa7bd10870b1c111159fc8f20,2019-05,Lancashire Constabulary,Lancashire Constabulary,,,No Location,,,Shoplifting,Local resolution,
62a607a3d5cfbc35e41fdb0b0185cfcbc970d3debae5145eac4263ac4f3441e3,2019-05,Lancashire Constabulary,Lancashire Constabulary,,,No Location,,,Shoplifting,Awaiting court outcome,
e8816f0caba5a3db78b122be0c6565acda9b55eff6dbe5d3d8b21fba261b06cd,2019-05,Lancashire Constabulary,Lancashire Constabulary,,,No Location,,,Shoplifting,Status update unavailable,
73c11016245939e5100cbcbac2423666f12bcf9a0383e8c774610018d0ac78ff,2019-05,Lancashire Constabulary,Lancashire Constabulary,,,No Location,,,Shoplifting,Unable to prosecute suspect,
910f81b531911cf2745a263d6ec2ee7628fa03483b662c411ac68174a0bedf4b,2019-05,Lancashire Constabulary,Lancashire Constabulary,,,No Location,,,Shoplifting,Status update unavailable,
b14d1830e70aadbf84f1be7d30facc77e1130c9b9f3a9624f4e6582ee6e1d5bf,2019-05,Lancashire Constabulary,Lancashire Constabulary,,,No Location,,,Shoplifting,Unable to prosecute suspect,
5d04666a5644469ef60adbd1e4152e77e95b960c9c9f9dc27fadc66ce8473ad8,2019-05,Lancashire Constabulary,Lancashire Constabulary,,,No Location,,,Shoplifting,Status update unavailable,
6ab044b56c03101f4b5cfd41d3d1f6eb81403c6bf746fdbfda02c9651c0ab5bb,2019-05,Lancashire Constabulary,Lancashire Constabulary,,,No Location,,,Shoplifting,Status update unavailable,
da88fe6ee59a4ac1d926dacaed9237f11836cfae4bc01b2543a7e411e730e5a9,2019-05,Lancashire Constabulary,Lancashire Constabulary,,,No Location,,,Shoplifting,Awaiting court outcome,
d6ae153247c4cc8d6cadced5f238a6498bac0c4d74593ab104b035823b3d47ed,2019-05,Lancashire Constabulary,Lancashire Constabulary,,,No Location,,,Shoplifting,Status update unavailable,
768e5ff64b44977d7b1d4328303fea03d24fcc0edd854edec29a28ee88056f9d,2019-05,Lancashire Constabulary,Lancashire Constabulary,,,No Location,,,Shoplifting,Status update unavailable,
842aeed020781a2df495ab3a46a0fd9a74e52f2bc3a948f010b1509bf09d924b,2019-05,Lancashire Constabulary,Lancashire Constabulary,,,No Location,,,Shoplifting,Status update unavailable,
f9f81aeefe13065be156fd1be3f1ddc8473fb241049fb2a2b979abf4eb25acff,2019-05,Lancashire Constabulary,Lancashire Constabulary,,,No Location,,,Shoplifting,Unable to prosecute suspect,
65637225e5563ca2c5dbb26cd9cd032bea81f71c01f914c9f348e5447e24132c,2019-05,Lancashire Constabulary,Lancashire Constabulary,,,No Location,,,Shoplifting,Status update unavailable,
89fd4332f2abb5ac190336a1c04012be2e91f47429cef3fb1c266d9b903b77e9,2019-05,Lancashire Constabulary,Lancashire Constabulary,,,No Location,,,Shoplifting,Status update unavailable,
a5344887247ca96da74596eaf036b64d5e1b6ef1070161d4c3cf0ecf4bd44fc5,2019-05,Lancashire Constabulary,Lancashire Constabulary,,,No Location,,,Shoplifting,Status update unavailable,
a7d4f1b1404c79d1212570f2a500fa3f84f6e2ff234068dd5b15f70700ce5b35,2019-05,Lancashire Constabulary,Lancashire Constabulary,,,No Location,,,Shoplifting,Status update unavailable,
cbbec131af4ce9b089c42a12202d360d9df32fced17674330d5f92150218a5f0,2019-05,Lancashire Constabulary,Lancashire Constabulary,,,No Location,,,Shoplifting,Unable to prosecute suspect,
7a00fdd87bf2f920140ada3ac1f1a0cf388f0261840d34c05951b46477981dd3,2019-05,Lancashire Constabulary,Lancashire Constabulary,,,No Location,,,Shoplifting,Status update unavailable,
266779795f8d7b8be74df73eb2d540117054be130ad30dddbd1c56e81e9d9ba5,2019-05,Lancashire Constabulary,Lancashire Constabulary,,,No Location,,,Shoplifting,Status update unavailable,
a0b94e0a158acb9c9dd561af2c14033816e8184764e5192b08aaac28bc770c9a,2019-05,Lancashire Constabulary,Lancashire Constabulary,,,No Location,,,Shoplifting,Status update unavailable,
497b9c32a34e4615fb353f928bddaf8fc4e5ca0cb38305458b05f60a9de45ddb,2019-05,Lancashire Constabulary,Lancashire Constabulary,,,No Location,,,Shoplifting,Status update unavailable,
3a2bf630f498bfd18e3dc0a7bbe115c31a499bbe1ecd5745338bb62f34ced732,2019-05,Lancashire Constabulary,Lancashire Constabulary,,,No Location,,,Shoplifting,Status update unavailable,
6e681bfcc74660e8915c3b1e9e64362a5a07164a374d05c98850f75911dbdc69,2019-05,Lancashire Constabulary,Lancashire Constabulary,,,No Location,,,Shoplifting,Awaiting court outcome,
462aca607ccfe5119402f0cf4ccc4dbd97bcb85c896fb25c2ec78385e2c59892,2019-05,Lancashire Constabulary,Lancashire Constabulary,,,No Location,,,Shoplifting,Status update unavailable,
be9ff6a3df3484b7d7c4cd53d1c4645d51010bd8a1120e7930eb039fceacaa40,2019-05,Lancashire Constabulary,Lancashire Constabulary,,,No Location,,,Shoplifting,Status update unavailable,
510b9980f8010457d00f8a0e331d90f850db5d240f1f0b633158636979b420e8,2019-05,Lancashire Constabulary,Lancashire Constabulary,,,No Location,,,Shoplifting,Status update unavailable,
fd78e8a3b012f5a1867745675009d85741a1de143b35564cca1d4b334720bd10,2019-05,Lancashire Constabulary,Lancashire Constabulary,,,No Location,,,Shoplifting,Awaiting court outcome,
8fc2c432e8f73851527df6715df88a792f8c5e773be7f17f99cf7b0be232077f,2019-05,Lancashire Constabulary,Lancashire Constabulary,,,No Location,,,Shoplifting,Status update unavailable,
16520927190dde55f1eff4224e186000e81e968b778722f17ca533dd2defeac2,2019-05,Lancashire Constabulary,Lancashire Constabulary,,,No Location,,,Shoplifting,Status update unavailable,
c39db58ced829c80fa71abcbb036733d20d921dcc07051a4a7991dfe52d4725d,2019-05,Lancashire Constabulary,Lancashire Constabulary,,,No Location,,,Shoplifting,Status update unavailable,
54fc9266acd3a6d4f3de10f9cfa744253e990dcebb023bcb85411e2c862e48fc,2019-05,Lancashire Constabulary,Lancashire Constabulary,,,No Location,,,Shoplifting,Status update unavailable,
73f8f9b50bb1c2fed939ff1e253fbe986554ecd061376d1f0d279bdc0bb5648d,2019-05,Lancashire Constabulary,Lancashire Constabulary,,,No Location,,,Shoplifting,Status update unavailable,
c027ff78f635740b5d2dd7a7234422046e3af17895b6c4079f9b3cb8fdb90132,2019-05,Lancashire Constabulary,Lancashire Constabulary,,,No Location,,,Shoplifting,Status update unavailable,
5d82e09df8cda406db75e393ad9241a0db5dbdbcdea0152c3746de6ab8c5bc61,2019-05,Lancashire Constabulary,Lancashire Constabulary,,,No Location,,,Shoplifting,Status update unavailable,
bb59bbbe7c734990452c1b735cf80b1caada3bbb01cb9d05803e62e045aa73f0,2019-05,Lancashire Constabulary,Lancashire Constabulary,,,No Location,,,Shoplifting,Status update unavailable,
0f1f8cc944ac7e40871e67e2fa0953037ddd4714499eef7e4898ba1a0096f63e,2019-05,Lancashire Constabulary,Lancashire Constabulary,,,No Location,,,Shoplifting,Status update unavailable,
2ffec3811b0c30ef8400634a44db9aa307d1e29f30b9ba184b239c107ae6d28b,2019-05,Lancashire Constabulary,Lancashire Constabulary,,,No Location,,,Shoplifting,Status update unavailable,
e4f3d5b22ed5d4430fbdc78216cf44bfd173d61cbb3736f7a0d91a4424b1a1a7,2019-05,Lancashire Constabulary,Lancashire Constabulary,,,No Location,,,Shoplifting,Status update unavailable,
14d497802e0bda212f07b39cbbafb7e17fb09adb580f22ebeecdeab38a3b2e81,2019-05,Lancashire Constabulary,Lancashire Constabulary,,,No Location,,,Shoplifting,Further investigation is not in the public interest,
060e053304eeffb7916beef5d398049dd4c6e4a89c29f50747fd82a5000b5cb4,2019-05,Lancashire Constabulary,Lancashire Constabulary,,,No Location,,,Shoplifting,Unable to prosecute suspect,
31cc3dc78f7208fc64422417b8554674b640305f979b0911ce0157cda1e28065,2019-05,Lancashire Constabulary,Lancashire Constabulary,,,No Location,,,Shoplifting,Status update unavailable,
f4a09cc518a22a78d7e7b489bcf76e911f2cb9f5b21286a08fa5027eeb23ab57,2019-05,Lancashire Constabulary,Lancashire Constabulary,,,No Location,,,Shoplifting,Unable to prosecute suspect,
bc6226cc0126cb34a0d3d1776ef304ff480b63a559636e71c6de7276f28a8f72,2019-05,Lancashire Constabulary,Lancashire Constabulary,,,No Location,,,Shoplifting,Status update unavailable,
f7815e9eb810bde072b21d4830c55d6a51407dbe746913d13fd5504486eaf46b,2019-05,Lancashire Constabulary,Lancashire Constabulary,,,No Location,,,Shoplifting,Awaiting court outcome,
8f23bbfe830b0fa0a1fadade3d9b4b23dcbb8b23fe6506376f9992260d825bf9,2019-05,Lancashire Constabulary,Lancashire Constabulary,,,No Location,,,Theft from the person,Status update unavailable,
b007a04b3c86bd08fc8401e65730e795a8e29cd8b17212f651f328ec91fd392c,2019-05,Lancashire Constabulary,Lancashire Constabulary,,,No Location,,,Theft from the person,Status update unavailable,
fdd05709066e37d2b8c1accfa8b6bebd59f0a3d07de2b972a609124e0e605fa4,2019-05,Lancashire Constabulary,Lancashire Constabulary,,,No Location,,,Theft from the person,Status update unavailable,
bb4fef8fe3ad3dc9988936f0f1f26f37fe1f6e96096a634c2fde051cea6ba98f,2019-05,Lancashire Constabulary,Lancashire Constabulary,,,No Location,,,Theft from the person,Status update unavailable,
081c62f208e3220384c2b8c9b9f3058d899ff97724e211494a369d1113a64059,2019-05,Lancashire Constabulary,Lancashire Constabulary,,,No Location,,,Theft from the person,Unable to prosecute suspect,
7aee0622d0b8922934c1061467f4ddc2268f646c2370a62e5c97b281938d520d,2019-05,Lancashire Constabulary,Lancashire Constabulary,,,No Location,,,Theft from the person,Unable to prosecute suspect,
94775b36316fb4a9b6825428bd71e706d6d67fd01221aa17ec62a8bbcf40267e,2019-05,Lancashire Constabulary,Lancashire Constabulary,,,No Location,,,Theft from the person,Status update unavailable,
489df7844c5abd3c165dd99878beda754d35ff3d8175fb063bca029c61de7db0,2019-05,Lancashire Constabulary,Lancashire Constabulary,,,No Location,,,Theft from the person,Formal action is not in the public interest,
1932ff40efb5340e497ff6ee753052e06043ec51918c965d3db0cb9b03af33a3,2019-05,Lancashire Constabulary,Lancashire Constabulary,,,No Location,,,Theft from the person,Status update unavailable,
90a413f2a757e3a90da0e160cb76bc90746792160d9952b6c01274fcb8394cdd,2019-05,Lancashire Constabulary,Lancashire Constabulary,,,No Location,,,Theft from the person,Unable to prosecute suspect,
00d1e5c082c2442083a37bfc8afe604d1c61073775f9d0b4c22ceec0fe16360d,2019-05,Lancashire Constabulary,Lancashire Constabulary,,,No Location,,,Theft from the person,Status update unavailable,
0372d7bf3f280a0c2b109055cba2af972b9cdd90f6ff233420cbc21df9966f87,2019-05,Lancashire Constabulary,Lancashire Constabulary,,,No Location,,,Theft from the person,Status update unavailable,
d14135e2c12ce60d4432b6414c6f54e73a576926679d5f64cf6fa5a953313356,2019-05,Lancashire Constabulary,Lancashire Constabulary,,,No Location,,,Theft from the person,Unable to prosecute suspect,
9d64eb80194ddff940929d2de6b94fe6bec5f7af069491d20e785ffae99deaee,2019-05,Lancashire Constabulary,Lancashire Constabulary,,,No Location,,,Theft from the person,Status update unavailable,
8426c4154949d795d816abc660981d5b6970c20dfa58c75d7c39211b5d20de4e,2019-05,Lancashire Constabulary,Lancashire Constabulary,,,No Location,,,Theft from the person,Status update unavailable,
d9ee1680197373c4c159fbd615425f5baa77b606617df59fa42e5e8fd1b418c9,2019-05,Lancashire Constabulary,Lancashire Constabulary,,,No Location,,,Theft from the person,Status update unavailable,
436d817b29cccebdcb7d5e06584b3ab3f789b5c61b76e6513df4c9f013f4f160,2019-05,Lancashire Constabulary,Lancashire Constabulary,,,No Location,,,Theft from the person,Unable to prosecute suspect,
b029e98a14c2d84bc148e27f08771329e56ce4f8f0cf24543c94a349572d4999,2019-05,Lancashire Constabulary,Lancashire Constabulary,,,No Location,,,Theft from the person,Status update unavailable,
8e9d30228cd1b41e6e9cd46fe53ce9f2f307db9b06c9bb8a089b58564f78ec99,2019-05,Lancashire Constabulary,Lancashire Constabulary,,,No Location,,,Theft from the person,Status update unavailable,
7ef80ee0fcc4f27cfa5275d42840552531983668c9a44cec8627586a888eee62,2019-05,Lancashire Constabulary,Lancashire Constabulary,,,No Location,,,Theft from the person,Status update unavailable,
017ea0c842a1f3a52e3c7653a8272d04298ac0deb14652134e044f10de0d1b94,2019-05,Lancashire Constabulary,Lancashire Constabulary,,,No Location,,,Theft from the person,Status update unavailable,
8c90bde75394caa2233cb519ed392a6fcc8be970e24286577092baafb6a8b35a,2019-05,Lancashire Constabulary,Lancashire Constabulary,,,No Location,,,Theft from the person,Status update unavailable,
d694caa2c9e0bfeab7090836d5d552844077141e717a7ba698c85067008bbd51,2019-05,Lancashire Constabulary,Lancashire Constabulary,,,No Location,,,Theft from the person,Status update unavailable,
df3c0499b1d19be95ca566f79eb09a6c378da566ca8d661b7eda69d514252a82,2019-05,Lancashire Constabulary,Lancashire Constabulary,,,No Location,,,Theft from the person,Status update unavailable,
abe35cdc493012dd4220d3eb61977150d01c5fa36fde235779dbf86c2aa1be9f,2019-05,Lancashire Constabulary,Lancashire Constabulary,,,No Location,,,Theft from the person,Status update unavailable,
77c5ae27d10d6693b29da20f9d36fa66a7630d6c056169d4f01d0c6c764e1750,2019-05,Lancashire Constabulary,Lancashire Constabulary,,,No Location,,,Vehicle crime,Status update unavailable,
bb328304a5521fa41179623f05545a21ed27e5e5de71f55da6648c330e24f926,2019-05,Lancashire Constabulary,Lancashire Constabulary,,,No Location,,,Vehicle crime,Status update unavailable,
62e45f731be51c3d77210ec0929a01194439c3c9d49fbd13e5f4dbfce3e350d5,2019-05,Lancashire Constabulary,Lancashire Constabulary,,,No Location,,,Vehicle crime,Status update unavailable,
467c1d6b1acd1ad48fe310bf6b408a77e4b780797d0ffe3d89b38d77819c9ab0,2019-05,Lancashire Constabulary,Lancashire Constabulary,,,No Location,,,Vehicle crime,Status update unavailable,
6ff5de22de8d857f93588e94bf63ad1eb88caf4a7b5fe07ad05fefeb85c994e4,2019-05,Lancashire Constabulary,Lancashire Constabulary,,,No Location,,,Vehicle crime,Status update unavailable,
a0a43ed6d9482ce94c4d9ef972dfe2b7b50448d9f2d996daefda7deb39326c68,2019-05,Lancashire Constabulary,Lancashire Constabulary,,,No Location,,,Vehicle crime,Status update unavailable,
0186cfd93d981e23d1a976be90d4b9d1865e5f8dc2c3a6021cb3c7a245b796e2,2019-05,Lancashire Constabulary,Lancashire Constabulary,,,No Location,,,Vehicle crime,Status update unavailable,
ac19ebfdedba7b11f2b6092261291ffb8fa42873e7f2dcfdad2a5d00495460c4,2019-05,Lancashire Constabulary,Lancashire Constabulary,,,No Location,,,Vehicle crime,Status update unavailable,
6584ffdc29768936f6801368d60f6a13a08f206e8fc4a6d7508c72f520fc6b93,2019-05,Lancashire Constabulary,Lancashire Constabulary,,,No Location,,,Vehicle crime,Status update unavailable,
e8fdb350394a3100aab88b832e66ac0d38a95896f7705f374d38f0ee0954c13c,2019-05,Lancashire Constabulary,Lancashire Constabulary,,,No Location,,,Vehicle crime,Status update unavailable,
5c92cb90900a95a31ef60abba2c553f64781688baca03b9b2e6363a049835337,2019-05,Lancashire Constabulary,Lancashire Constabulary,,,No Location,,,Vehicle crime,Status update unavailable,
28ad344038f93a124d3f66cea458eb758714969941701617c31ddd104a696285,2019-05,Lancashire Constabulary,Lancashire Constabulary,,,No Location,,,Vehicle crime,Status update unavailable,
ead31982f28a9490f19075bbb1bfe5e615228fe31dfa1606aba4f1c21a0f794e,2019-05,Lancashire Constabulary,Lancashire Constabulary,,,No Location,,,Vehicle crime,Status update unavailable,
af9faecc19d62e1de8deab9fd46eb082a5a9cfb4caa57feeb997460bc95fa274,2019-05,Lancashire Constabulary,Lancashire Constabulary,,,No Location,,,Vehicle crime,Unable to prosecute suspect,
42c1f40162f6b038f40cbaad5832325cd8cddcd7174ed46188dcd55c5a900349,2019-05,Lancashire Constabulary,Lancashire Constabulary,,,No Location,,,Vehicle crime,Status update unavailable,
f0ceefd141045ec29c9ce8aee1e3886a32526f8b938917929be00e136af3cc5e,2019-05,Lancashire Constabulary,Lancashire Constabulary,,,No Location,,,Vehicle crime,Status update unavailable,
9613183fdda2c99d8239f197e038bd561ab0f21336c44856770714945700607c,2019-05,Lancashire Constabulary,Lancashire Constabulary,,,No Location,,,Vehicle crime,Status update unavailable,
00202be8cf39d02510a6753085e12af761ff37299f5078f7249bff58854a40a1,2019-05,Lancashire Constabulary,Lancashire Constabulary,,,No Location,,,Vehicle crime,Status update unavailable,
2b5b06084d1858ff38e6c5914a5b6bb51e19916e84334fb758605ea12bfdaba8,2019-05,Lancashire Constabulary,Lancashire Constabulary,,,No Location,,,Vehicle crime,Status update unavailable,
d3090eaa60175ec64d57693e14038722ab4cce91536e056494e6d06245ff614e,2019-05,Lancashire Constabulary,Lancashire Constabulary,,,No Location,,,Vehicle crime,Status update unavailable,
80926982f3381c5509c47c2e2a6ba710bf9ead7998bb81121a7835a7cd989d2d,2019-05,Lancashire Constabulary,Lancashire Constabulary,,,No Location,,,Vehicle crime,Status update unavailable,
f2a33b820be1892497a5b7194de3ad47fb46e7b03bb3bddbfcc7ecb6eb77e8eb,2019-05,Lancashire Constabulary,Lancashire Constabulary,,,No Location,,,Vehicle crime,Status update unavailable,
2297ee788eec25cd95d017b7b48a25fa4690895858f078367e450920f36cd7cb,2019-05,Lancashire Constabulary,Lancashire Constabulary,,,No Location,,,Vehicle crime,Status update unavailable,
2373b9e28eab82dc41807965b7634fc2f8075e4b99d2e01b2ae912a7d38b41d7,2019-05,Lancashire Constabulary,Lancashire Constabulary,,,No Location,,,Vehicle crime,Status update unavailable,
109b845cabd688b72997d8794c00bb393af2a4e19ec0641e9ad192cfa08dc2ea,2019-05,Lancashire Constabulary,Lancashire Constabulary,,,No Location,,,Vehicle crime,Status update unavailable,
a1f55f134e064396b082dca0f10f05a44711fe6e7e8e295005da38c93583a1e0,2019-05,Lancashire Constabulary,Lancashire Constabulary,,,No Location,,,Vehicle crime,Status update unavailable,
75f1ed636d0057a7aeef45632edbe78faf9c97a6e5cf550ee69238573ce79df3,2019-05,Lancashire Constabulary,Lancashire Constabulary,,,No Location,,,Vehicle crime,Status update unavailable,
d249da5c25a0d2256651cce85d2e7d7d4f970dd35042cf654aca4ecd74c6ef60,2019-05,Lancashire Constabulary,Lancashire Constabulary,,,No Location,,,Vehicle crime,Status update unavailable,
9f0d33e7086cc78df359cd8ccf0879c6c4459a67fdefbf34e65d72d36951d69a,2019-05,Lancashire Constabulary,Lancashire Constabulary,,,No Location,,,Vehicle crime,Status update unavailable,
abd238f03f3cd4597a562164624389cdf7c90fab607d016d9cbc3a731f78cb82,2019-05,Lancashire Constabulary,Lancashire Constabulary,,,No Location,,,Vehicle crime,Status update unavailable,
bedf967d22a8f2e24eea1b66befa30b91f2b81d1f08297480aee6dd655c417fa,2019-05,Lancashire Constabulary,Lancashire Constabulary,,,No Location,,,Vehicle crime,Status update unavailable,
7c46f00c5c24a378c17d513b174a80ae4d8edc1484b42ed0ab874dd3e39c99fc,2019-05,Lancashire Constabulary,Lancashire Constabulary,,,No Location,,,Vehicle crime,Status update unavailable,
70cad5fb5e23d39eb8eef42d44347865f494583e9bccb4295b31ed11a0d6dfd8,2019-05,Lancashire Constabulary,Lancashire Constabulary,,,No Location,,,Vehicle crime,Status update unavailable,
e55abda3bb794b87cd480a4b3208c081dd7737754d177f12ff38d62e7054ca36,2019-05,Lancashire Constabulary,Lancashire Constabulary,,,No Location,,,Vehicle crime,Status update unavailable,
84d2cf8598d89e105a1372c2ea983ce38b6a1656dbc7a2dbdf16dc5557fafcc4,2019-05,Lancashire Constabulary,Lancashire Constabulary,,,No Location,,,Vehicle crime,Status update unavailable,
b1ee3d3656bac6a060b3b0de95809aaf7bf67aa5a11d1c9c45000c6f57d19594,2019-05,Lancashire Constabulary,Lancashire Constabulary,,,No Location,,,Vehicle crime,Status update unavailable,
3e8732498d0db626d139110d7f2f3fcbcf4aabd5185acc7b1d131d8cb913b221,2019-05,Lancashire Constabulary,Lancashire Constabulary,,,No Location,,,Vehicle crime,Status update unavailable,
76043573a9cc029748eeb46bf16327fe84b16b4646472c78be987f2bf1c27c47,2019-05,Lancashire Constabulary,Lancashire Constabulary,,,No Location,,,Vehicle crime,Status update unavailable,
119dc0e5a7369e9a452a297e92c70439bf79a9cd7efd505c1c51ac5d70205df3,2019-05,Lancashire Constabulary,Lancashire Constabulary,,,No Location,,,Vehicle crime,Status update unavailable,
3a30a86a0814345d445d6b722e510330799aad6957789cf7334c8c775f94f7d6,2019-05,Lancashire Constabulary,Lancashire Constabulary,,,No Location,,,Vehicle crime,Status update unavailable,
736c41d6923118907599cd74125efb0cd21d1790f9794587d58d03821a4caf5c,2019-05,Lancashire Constabulary,Lancashire Constabulary,,,No Location,,,Vehicle crime,Status update unavailable,
6d0bdedd9fdfe42efc885782de997fec32ef70696ddaac8b93846e3d460c7ff3,2019-05,Lancashire Constabulary,Lancashire Constabulary,,,No Location,,,Vehicle crime,Status update unavailable,
016e244bdbf45bb9f7e445ce0b17f4414003d9ccfd9a5f4b30984207a529cea0,2019-05,Lancashire Constabulary,Lancashire Constabulary,,,No Location,,,Vehicle crime,Unable to prosecute suspect,
502ca74a8064519ebf6948830942681968e4c204464e2f86dc0519e92f637b4b,2019-05,Lancashire Constabulary,Lancashire Constabulary,,,No Location,,,Vehicle crime,Status update unavailable,
9977a814bddf597aedd280cd83936d0bdd1228447a79cddf100e0fbd41987468,2019-05,Lancashire Constabulary,Lancashire Constabulary,,,No Location,,,Vehicle crime,Status update unavailable,
648ddba9b38272149c4536b778c30cd032a48a356d923c4f46aac6bb726e3d27,2019-05,Lancashire Constabulary,Lancashire Constabulary,,,No Location,,,Vehicle crime,Status update unavailable,
3fb16acc9ee2083ca45e4b01e2810f880bc0e474eb20c0b03b985f18e99fdee1,2019-05,Lancashire Constabulary,Lancashire Constabulary,,,No Location,,,Vehicle crime,Status update unavailable,
9a421fcc5b8f7dba5edb109da8094f39e73ee82d8e5c202ba9fd5359bee1aae2,2019-05,Lancashire Constabulary,Lancashire Constabulary,,,No Location,,,Vehicle crime,Status update unavailable,
ba564fbeb61c9cbc0baac700eb86b2d88ed4a0367b8b02403f23dced4de2bd61,2019-05,Lancashire Constabulary,Lancashire Constabulary,,,No Location,,,Vehicle crime,Status update unavailable,
faf77af19529e30b524259a4febcb211c319b91d9673baf0ea7fca34692b424c,2019-05,Lancashire Constabulary,Lancashire Constabulary,,,No Location,,,Vehicle crime,Status update unavailable,
e4dd389357bbe9e4b63816ddf3d53d37cc4e985ee1ac41307c5b3b05198238ad,2019-05,Lancashire Constabulary,Lancashire Constabulary,,,No Location,,,Vehicle crime,Status update unavailable,
2d8e37cbdf7712a92210999114d1d5285b64073e5164211258bd648bd738cf69,2019-05,Lancashire Constabulary,Lancashire Constabulary,,,No Location,,,Vehicle crime,Status update unavailable,
00fa9e0ad3c37503d79b3d667ca4b9b8215e9cb35b01a91e12500cd14e1927d3,2019-05,Lancashire Constabulary,Lancashire Constabulary,,,No Location,,,Vehicle crime,Status update unavailable,
0fe678e8e18318c16dbccc7673b3607dcc9531bcfe0bc8f29c62461abd9f96b7,2019-05,Lancashire Constabulary,Lancashire Constabulary,,,No Location,,,Vehicle crime,Status update unavailable,
50e20b19d31b404311f49e80f33bfa19d4512d23a1eefec412d330392c4d421f,2019-05,Lancashire Constabulary,Lancashire Constabulary,,,No Location,,,Vehicle crime,Status update unavailable,
a4bbedd0ed7906e6f18f5d0e14d5e1c39ed9a32d2857da773114032fc0c02a2f,2019-05,Lancashire Constabulary,Lancashire Constabulary,,,No Location,,,Vehicle crime,Status update unavailable,
cf656ba41e7000890ddc2daa552e96f814e65da3db2194edcfffa69f8fa07f21,2019-05,Lancashire Constabulary,Lancashire Constabulary,,,No Location,,,Vehicle crime,Status update unavailable,
4a63dcbfb7a71f6d05570bbc22efe205af64ae2935ac0ff752e225c05ffe5808,2019-05,Lancashire Constabulary,Lancashire Constabulary,,,No Location,,,Vehicle crime,Unable to prosecute suspect,
d3ed69fd6eeae950a89bf81a18519aa0cfda454c8ad3e66258b327cb874249fd,2019-05,Lancashire Constabulary,Lancashire Constabulary,,,No Location,,,Vehicle crime,Status update unavailable,
c1452b7c016f8313f90653f105ab4d8ae3f9e29ca16b5e1f1c08af41d2403a4c,2019-05,Lancashire Constabulary,Lancashire Constabulary,,,No Location,,,Vehicle crime,Status update unavailable,
1f031de80806df346a8fa88304539af716efd2d5a504ddf32af04e5011e31d65,2019-05,Lancashire Constabulary,Lancashire Constabulary,,,No Location,,,Vehicle crime,Status update unavailable,
963899eee041fe2e4c5ae6467283ef507451fe9dad1bbfaf17b5e628dedc572c,2019-05,Lancashire Constabulary,Lancashire Constabulary,,,No Location,,,Vehicle crime,Status update unavailable,
34c82063fb8af0cdc25ed497b1104322e05a1b4d12f2cc077e91b55f0e816d36,2019-05,Lancashire Constabulary,Lancashire Constabulary,,,No Location,,,Vehicle crime,Status update unavailable,
44b399f1d9eb8a590a6b326d59f22e0c197b8b4ccd45a68061e81aae6e866111,2019-05,Lancashire Constabulary,Lancashire Constabulary,,,No Location,,,Vehicle crime,Status update unavailable,
6e951f2c498b9550310d1eea94b359ee26711b25021beeab8390dce1939e14ea,2019-05,Lancashire Constabulary,Lancashire Constabulary,,,No Location,,,Vehicle crime,Status update unavailable,
ab7644885efa8018c1917df270c12e273fdb287e09c9eb14a87dab97c5b32dc7,2019-05,Lancashire Constabulary,Lancashire Constabulary,,,No Location,,,Vehicle crime,Status update unavailable,
34b98949c5e9dfb1b8ae0a7d6a7be3bc0779c746c2f8afeaa9ad06fc03655ba7,2019-05,Lancashire Constabulary,Lancashire Constabulary,,,No Location,,,Vehicle crime,Status update unavailable,
9d440c23f6af9dbbea7528fe21789b19671b79cef817a8f52b474e39b4743e6c,2019-05,Lancashire Constabulary,Lancashire Constabulary,,,No Location,,,Vehicle crime,Status update unavailable,
0d0f1baa77680fa3e822572ace6bc29351b45f5444739be3695f4bb41b433ab5,2019-05,Lancashire Constabulary,Lancashire Constabulary,,,No Location,,,Vehicle crime,Status update unavailable,
919ce4449c47a41ede7a082892e31fe6c4e5957fb50d8264412ad477efbae13e,2019-05,Lancashire Constabulary,Lancashire Constabulary,,,No Location,,,Vehicle crime,Status update unavailable,
05a7d3d93f10031aa276cf40c4de5bb0ff5cfb1513a873a3761d62e55a5d4f01,2019-05,Lancashire Constabulary,Lancashire Constabulary,,,No Location,,,Vehicle crime,Status update unavailable,
b504750af5ad2551f79ab8090efbe1d88c6542ba172a52e9ae8bca6e910dad4b,2019-05,Lancashire Constabulary,Lancashire Constabulary,,,No Location,,,Vehicle crime,Status update unavailable,
fdb79a4ff06a234d47043fc5a0c4a79dbcb262075bf6aa3c486f45de271ee1ec,2019-05,Lancashire Constabulary,Lancashire Constabulary,,,No Location,,,Vehicle crime,Status update unavailable,
7c005ca4f54475366848cadb1547b1bf8ab75a920ad047b61339e97803b03dcc,2019-05,Lancashire Constabulary,Lancashire Constabulary,,,No Location,,,Vehicle crime,Status update unavailable,
dde1153cd82504245b27ffee24b629db21ed25599fcd3ce1eefd5ba389bdd887,2019-05,Lancashire Constabulary,Lancashire Constabulary,,,No Location,,,Vehicle crime,Status update unavailable,
162a75fc318636e9462572eab73b942a8a11145df460b0ea9f00a63a0e780317,2019-05,Lancashire Constabulary,Lancashire Constabulary,,,No Location,,,Vehicle crime,Status update unavailable,
84d984a4e65d0307c2c7e46d5e26d911fd18594980098d2ed558743ec7ac699d,2019-05,Lancashire Constabulary,Lancashire Constabulary,,,No Location,,,Vehicle crime,Status update unavailable,
362fc87ec59f7b3757bc045f7dafff7356aeedeb928d5a7ba8f2234f1a57666d,2019-05,Lancashire Constabulary,Lancashire Constabulary,,,No Location,,,Vehicle crime,Status update unavailable,
28d3a65450156b82d8a741d03aef92c3a2f68e18689029ed77afb99a5eb43823,2019-05,Lancashire Constabulary,Lancashire Constabulary,,,No Location,,,Vehicle crime,Status update unavailable,
7a56e3702445ec4240bbcd709e37f1148c318944651aa95bc49627db209c3e7f,2019-05,Lancashire Constabulary,Lancashire Constabulary,,,No Location,,,Vehicle crime,Status update unavailable,
4dc18b4c418fd00de13b90e8cf20f052d79149e23b1ce30bba177a36c9065ebb,2019-05,Lancashire Constabulary,Lancashire Constabulary,,,No Location,,,Vehicle crime,Status update unavailable,
20134f70eaeb55197255b6c69a4cac90960f24c8bc121701d830c7633c31dd03,2019-05,Lancashire Constabulary,Lancashire Constabulary,,,No Location,,,Vehicle crime,Status update unavailable,
cd44bd7dfd4673553b44ae3b01da7158af4c3174066106c92fa56a6207978b91,2019-05,Lancashire Constabulary,Lancashire Constabulary,,,No Location,,,Vehicle crime,Status update unavailable,
1e4081f69171b7e0dd825bc6e686025bb3dec8b20a8c42a443da6805f93db6a6,2019-05,Lancashire Constabulary,Lancashire Constabulary,,,No Location,,,Vehicle crime,Status update unavailable,
8c5140e881adaed6c4011876f44c5219c1f4749a9b0c2bb632eb35c81953ed07,2019-05,Lancashire Constabulary,Lancashire Constabulary,,,No Location,,,Vehicle crime,Status update unavailable,
219761b805c5b73e06746019214fde0bf497109ec778985aa3040576ff8c3e0f,2019-05,Lancashire Constabulary,Lancashire Constabulary,,,No Location,,,Vehicle crime,Status update unavailable,
278ac97e0f49921e978a09295e77dabc2dcae1fa448245ac12538c78068779dd,2019-05,Lancashire Constabulary,Lancashire Constabulary,,,No Location,,,Vehicle crime,Status update unavailable,
d71d70f6efd97247bd1bc68f2d14f333cbd12ac44e29f20d60d37005fae3c1bb,2019-05,Lancashire Constabulary,Lancashire Constabulary,,,No Location,,,Vehicle crime,Status update unavailable,
3293531e35e39953eac23064063751aeb1404051cd6bc912ab233462c2184ce3,2019-05,Lancashire Constabulary,Lancashire Constabulary,,,No Location,,,Vehicle crime,Status update unavailable,
dbc479dc4f9d454111162a66ed902103fc0f12c56ea21b865b823bf9b16a89ed,2019-05,Lancashire Constabulary,Lancashire Constabulary,,,No Location,,,Vehicle crime,Status update unavailable,
3ee9ab040aaf00a1ce7a211d63b8522fbf34efdabaef7eb4cfb98810e08ee7ca,2019-05,Lancashire Constabulary,Lancashire Constabulary,,,No Location,,,Vehicle crime,Status update unavailable,
b87f2c82059d1ae357fd3240c55522f4a96646d6c7fdfc45425a8aea7627c2e0,2019-05,Lancashire Constabulary,Lancashire Constabulary,,,No Location,,,Vehicle crime,Status update unavailable,
4bf5f4b557778901e7eb79f0a25fb71f062bf6556df5ad778630690e4d92ec05,2019-05,Lancashire Constabulary,Lancashire Constabulary,,,No Location,,,Vehicle crime,Status update unavailable,
bef3fd6de00f4044b832868e983312362c7d495298c53286b663a733c39a8b83,2019-05,Lancashire Constabulary,Lancashire Constabulary,,,No Location,,,Vehicle crime,Status update unavailable,
77c29f4a6f7af75a75b8cd73d6ff0b8092279d74dd07a481c7f3c96eef3d563a,2019-05,Lancashire Constabulary,Lancashire Constabulary,,,No Location,,,Vehicle crime,Status update unavailable,
f1ee05a41db79fe67911a3624eefd23963fd985cb94197e37849c0fafe2d5325,2019-05,Lancashire Constabulary,Lancashire Constabulary,,,No Location,,,Vehicle crime,Status update unavailable,
ebe9b453ff1692de80761538d60f7ba649d84a61cf48658ca4e056d225a33778,2019-05,Lancashire Constabulary,Lancashire Constabulary,,,No Location,,,Violence and sexual offences,Unable to prosecute suspect,
95f2cc1a3700942cea8f7fa69e14b0f8039a0d79dae4405ad510e9a949d2ca8a,2019-05,Lancashire Constabulary,Lancashire Constabulary,,,No Location,,,Violence and sexual offences,Unable to prosecute suspect,
5972373d115b446770a43cac7e993e19db4dcb56ba14f65bc3e2ed2a2fdb88c3,2019-05,Lancashire Constabulary,Lancashire Constabulary,,,No Location,,,Violence and sexual offences,Status update unavailable,
5eccd3482adfa8f8fda19a50c7d45955a19151fb5c19afafe3f8e5fde9675b94,2019-05,Lancashire Constabulary,Lancashire Constabulary,,,No Location,,,Violence and sexual offences,Further investigation is not in the public interest,
44c45fa35e77e42c75ec389972b2b0ea79e32c773b0d2b2b9a06dee070985133,2019-05,Lancashire Constabulary,Lancashire Constabulary,,,No Location,,,Violence and sexual offences,Unable to prosecute suspect,
7127ea6b56add6f970680bfdedd2a8e5aae912867a4f1452e4613ef8edd20e94,2019-05,Lancashire Constabulary,Lancashire Constabulary,,,No Location,,,Violence and sexual offences,Status update unavailable,
26597e95c69e7ccbc8241c093e2ddb0affbbeea219652c485a6b9268614db4b2,2019-05,Lancashire Constabulary,Lancashire Constabulary,,,No Location,,,Violence and sexual offences,Status update unavailable,
76ac4c3e454591eebd15b4dfc1df19cf6313253896533e715653d46b4e5ae8d6,2019-05,Lancashire Constabulary,Lancashire Constabulary,,,No Location,,,Violence and sexual offences,Unable to prosecute suspect,
41383f384560f5701816d4a5b1f414f4b1d1c34928cb04686e742640f36d5266,2019-05,Lancashire Constabulary,Lancashire Constabulary,,,No Location,,,Violence and sexual offences,Status update unavailable,
b203fa60a9d01b55f1698695e72520b1359f54934f2f9a72d0cfdf3a49f185a4,2019-05,Lancashire Constabulary,Lancashire Constabulary,,,No Location,,,Violence and sexual offences,Investigation complete; no suspect identified,
3802f1d8b10e6f59c315f4ba73c688edf2fc39e1460addbc3afe9139f393e4d0,2019-05,Lancashire Constabulary,Lancashire Constabulary,,,No Location,,,Violence and sexual offences,Status update unavailable,
58b05d986a6512d1e7062d40647213e50c77bba8f4f4bad305693366c44deff1,2019-05,Lancashire Constabulary,Lancashire Constabulary,,,No Location,,,Violence and sexual offences,Status update unavailable,
bf826f0ce3aaebacfc278bbb0da00ffcb24113190e939bab05068744363823c6,2019-05,Lancashire Constabulary,Lancashire Constabulary,,,No Location,,,Violence and sexual offences,Status update unavailable,
0bad13f322898ae552e0f3ebdf0617a5d2a9c7af11445085a8a968854f7627c4,2019-05,Lancashire Constabulary,Lancashire Constabulary,,,No Location,,,Violence and sexual offences,Unable to prosecute suspect,
6b6e89e58f6545e50c429088d0f19d4e2669b45edcb6ad03c55184a102876cd8,2019-05,Lancashire Constabulary,Lancashire Constabulary,,,No Location,,,Violence and sexual offences,Unable to prosecute suspect,
7a11079fa1a08548b72badcab7ada090c6b627d31e0545917b023d615dd623ec,2019-05,Lancashire Constabulary,Lancashire Constabulary,,,No Location,,,Violence and sexual offences,Unable to prosecute suspect,
614026f79c187a00424134485266345bf980d8076b0ede221de773a04a756db5,2019-05,Lancashire Constabulary,Lancashire Constabulary,,,No Location,,,Violence and sexual offences,Status update unavailable,
012a62fc0470f221ab87382da152d09a2ced116785c52739f3c68bace3b1f915,2019-05,Lancashire Constabulary,Lancashire Constabulary,,,No Location,,,Violence and sexual offences,Status update unavailable,
7913d75b1cefa9ad05d078b0387b8011f95adbf90083bca67dbb0f7561efaa19,2019-05,Lancashire Constabulary,Lancashire Constabulary,,,No Location,,,Violence and sexual offences,Unable to prosecute suspect,
fab696d1819b17a8076af03c50c0953fbe70027c54e233e99c789ce2a8629fc9,2019-05,Lancashire Constabulary,Lancashire Constabulary,,,No Location,,,Violence and sexual offences,Unable to prosecute suspect,
65b8dbd7472146f9e61633f55cb97f2e64824b91673e56759aa30ad6d3299dc8,2019-05,Lancashire Constabulary,Lancashire Constabulary,,,No Location,,,Violence and sexual offences,Status update unavailable,
93e05702c3638c0f090e09938e2aae2e3a84d2e86c7770c059b16526b80735a2,2019-05,Lancashire Constabulary,Lancashire Constabulary,,,No Location,,,Violence and sexual offences,Status update unavailable,
e8d9ac4321f9f59597cfa14f181fbac40e23f785b4b0d89bfb0901e4579441c6,2019-05,Lancashire Constabulary,Lancashire Constabulary,,,No Location,,,Violence and sexual offences,Action to be taken by another organisation,
464c2c690f07351addcbcb4df341e0d17f487f5c2f9f64061058b34618634569,2019-05,Lancashire Constabulary,Lancashire Constabulary,,,No Location,,,Violence and sexual offences,Action to be taken by another organisation,
fa17bda666d01242e82ba9a62555a1b8abc9b1151858674eb1558d48ab7ca685,2019-05,Lancashire Constabulary,Lancashire Constabulary,,,No Location,,,Violence and sexual offences,Unable to prosecute suspect,
725e5f8b1c36e1a51e3bc9e12784e2e5cd3a87cc2b0957741038b9c21d746628,2019-05,Lancashire Constabulary,Lancashire Constabulary,,,No Location,,,Violence and sexual offences,Unable to prosecute suspect,
cc24cf6c32ce3e142e7df5a0b13413652e0826809d0654dd8f7746ec5fc8d97f,2019-05,Lancashire Constabulary,Lancashire Constabulary,,,No Location,,,Violence and sexual offences,Status update unavailable,
5ceda2b55c57dd19f14daf704e0ab831387c881ab179d6f12a77f977526d362e,2019-05,Lancashire Constabulary,Lancashire Constabulary,,,No Location,,,Violence and sexual offences,Unable to prosecute suspect,
59520e76bf9af610fcee32aa234fa40fbf51d0bf4870579b20ec63b935eaf8c9,2019-05,Lancashire Constabulary,Lancashire Constabulary,,,No Location,,,Violence and sexual offences,Unable to prosecute suspect,
ed2a349821beebf913992ba6edd3a7bc99bd825e29af41c0e938738902c9d06b,2019-05,Lancashire Constabulary,Lancashire Constabulary,,,No Location,,,Violence and sexual offences,Unable to prosecute suspect,
f0ca53a4f844cd1d6b7a954362d2309ae39832cf773821cfcb5bd8390aeefff5,2019-05,Lancashire Constabulary,Lancashire Constabulary,,,No Location,,,Violence and sexual offences,Unable to prosecute suspect,
337674fed152d61581ad2b3d3bed8e7aa46ff33d931b47c9720ca73be12e6553,2019-05,Lancashire Constabulary,Lancashire Constabulary,,,No Location,,,Violence and sexual offences,Status update unavailable,
bce0dba51dc06dc24847ec4f89f4ee3eaffa67138561e24db143e2fbb3a70709,2019-05,Lancashire Constabulary,Lancashire Constabulary,,,No Location,,,Violence and sexual offences,Status update unavailable,
32b120bd56159fc213c3a72cf13fc1bdd1d8cc42407303f6c083396d40d155b3,2019-05,Lancashire Constabulary,Lancashire Constabulary,,,No Location,,,Violence and sexual offences,Status update unavailable,
1e1c8bc5cf93b352d3805326924714315df42699bec3253cfed89bc54709233f,2019-05,Lancashire Constabulary,Lancashire Constabulary,,,No Location,,,Violence and sexual offences,Status update unavailable,
4ba54344720efd9539f98a5169a6e4674a2c7662ad36ae2581fecbfa28f30ef4,2019-05,Lancashire Constabulary,Lancashire Constabulary,,,No Location,,,Violence and sexual offences,Status update unavailable,
0be2edef7f8f03747cb1f78a05b64377461d219b6467b06838979a665bbe86f9,2019-05,Lancashire Constabulary,Lancashire Constabulary,,,No Location,,,Violence and sexual offences,Unable to prosecute suspect,
77466d50d343773d2bf728151bdee05499efaa9e0dede69fad31c30e492a2cf7,2019-05,Lancashire Constabulary,Lancashire Constabulary,,,No Location,,,Violence and sexual offences,Unable to prosecute suspect,
02fdb6fd607c50062444d9cec7f4c3714209260ae3c707dc45691727a74fd480,2019-05,Lancashire Constabulary,Lancashire Constabulary,,,No Location,,,Violence and sexual offences,Status update unavailable,
175e709ce69da91322b60261e9c3d9f040564bb8472d8e7ed084759af5c8b153,2019-05,Lancashire Constabulary,Lancashire Constabulary,,,No Location,,,Violence and sexual offences,Status update unavailable,
a181934e5ba8e20c6fafa8e84856f454003c26971f9f352ff0a4b462cadfcd99,2019-05,Lancashire Constabulary,Lancashire Constabulary,,,No Location,,,Violence and sexual offences,Status update unavailable,
8448358a9dd717178dc1ccad4f7cb7afa108c7dc567000ed373f8c42fc5c2d74,2019-05,Lancashire Constabulary,Lancashire Constabulary,,,No Location,,,Violence and sexual offences,Status update unavailable,
9486f519fed05d69fe8340f0bd184fd6ed9edebeb552d15316d29bb16dff6142,2019-05,Lancashire Constabulary,Lancashire Constabulary,,,No Location,,,Violence and sexual offences,Status update unavailable,
9b4b603f7a2338d8998fb02922b0eec137d8cf83055153c2e6268798020bcc6b,2019-05,Lancashire Constabulary,Lancashire Constabulary,,,No Location,,,Violence and sexual offences,Status update unavailable,
67422acddad8121ccbaaf12ddb7f70487dd614197ffb0c5b8126b26bc47a718d,2019-05,Lancashire Constabulary,Lancashire Constabulary,,,No Location,,,Violence and sexual offences,Unable to prosecute suspect,
1bef5bd04a0d8a4db33ccbc994225a010fdd0b6ded8b9e4b37f8f122c27dc276,2019-05,Lancashire Constabulary,Lancashire Constabulary,,,No Location,,,Violence and sexual offences,Status update unavailable,
e10eaa032f3cff5fed92e963b424b5c2467bf426e17fbca57e0c7a7e74c92731,2019-05,Lancashire Constabulary,Lancashire Constabulary,,,No Location,,,Violence and sexual offences,Unable to prosecute suspect,
7900aced27dc340a2e1a69c48976a51c862fc73a793b7544e08ba63d909271a2,2019-05,Lancashire Constabulary,Lancashire Constabulary,,,No Location,,,Violence and sexual offences,Action to be taken by another organisation,
5ef738e2353d11822b7a7c8a864c8d31880b5a379b8a54af71f9fe0abbda9df3,2019-05,Lancashire Constabulary,Lancashire Constabulary,,,No Location,,,Violence and sexual offences,Status update unavailable,
cb201f1076bfee4594f3f24580fe41ea3ef0595d8625154bdb5dc635c300d4a0,2019-05,Lancashire Constabulary,Lancashire Constabulary,,,No Location,,,Violence and sexual offences,Status update unavailable,
e7d279e4084a5036099280aa5bac4306eb65c70a80bd5930aff5cb147f17af9c,2019-05,Lancashire Constabulary,Lancashire Constabulary,,,No Location,,,Violence and sexual offences,Unable to prosecute suspect,
2260329b8e974e9c81fcc42b8d11b0cc1e0dcc16db8b9207467ce05ac936b39c,2019-05,Lancashire Constabulary,Lancashire Constabulary,,,No Location,,,Violence and sexual offences,Unable to prosecute suspect,
e0074e8afe2579099c0d6c10af3be9b014145b20b0259ca08b61f8b2daf59036,2019-05,Lancashire Constabulary,Lancashire Constabulary,,,No Location,,,Violence and sexual offences,Status update unavailable,
628cdad5d4a0a15a23082e5f61608bc12de08dafc559898c7cc55eeeda610b7d,2019-05,Lancashire Constabulary,Lancashire Constabulary,,,No Location,,,Violence and sexual offences,Unable to prosecute suspect,
b52f41bdbe8f54c4d721cc2c11bb95d626367c6a39bfb324b4c7c4067fa3386d,2019-05,Lancashire Constabulary,Lancashire Constabulary,,,No Location,,,Violence and sexual offences,Status update unavailable,
369bd5027a80cda032384e3eea75ce1525e5c34e05a242e6181b05f012948500,2019-05,Lancashire Constabulary,Lancashire Constabulary,,,No Location,,,Violence and sexual offences,Status update unavailable,
35d7b4d01dae64d93a60b56606500201223fee8118ae819cbf8c1d7f58c1dc60,2019-05,Lancashire Constabulary,Lancashire Constabulary,,,No Location,,,Violence and sexual offences,Unable to prosecute suspect,
cbb5ff441c0060b2e6daf7a3aeae3f73913c69246495b1e8468b67ac1a982a1b,2019-05,Lancashire Constabulary,Lancashire Constabulary,,,No Location,,,Violence and sexual offences,Action to be taken by another organisation,
a490609947ce4879416962a7c3b226dd8b2a82e7126ee9b9d2498be3a8681eb4,2019-05,Lancashire Constabulary,Lancashire Constabulary,,,No Location,,,Violence and sexual offences,Unable to prosecute suspect,
2da2e86916067edad3903e5a0a6c2ed5dfbb3e93f147c545a0ec75c9970a96cc,2019-05,Lancashire Constabulary,Lancashire Constabulary,,,No Location,,,Violence and sexual offences,Unable to prosecute suspect,
2651f2891b50140ba043cc315935dfbe6afaf36ba0836477d0eefb49a6310152,2019-05,Lancashire Constabulary,Lancashire Constabulary,,,No Location,,,Violence and sexual offences,Further investigation is not in the public interest,
ea437d56230856187c340292ae146ff952234c5f37a24ed0fd35fd518d8cc05e,2019-05,Lancashire Constabulary,Lancashire Constabulary,,,No Location,,,Violence and sexual offences,Unable to prosecute suspect,
aaf36cafe84d95c1ad46269de674f46aaf647634d10117393e36ab1f28b22c1d,2019-05,Lancashire Constabulary,Lancashire Constabulary,,,No Location,,,Violence and sexual offences,Status update unavailable,
32c8ced382b93e7bdb5cf2e8b2de88e2055eea1a325440ee45d449c23c656d8b,2019-05,Lancashire Constabulary,Lancashire Constabulary,,,No Location,,,Violence and sexual offences,Status update unavailable,
2038506a7f323221f961ead6242d3c896c91741ecbdfa43d7eefec240bd37b22,2019-05,Lancashire Constabulary,Lancashire Constabulary,,,No Location,,,Violence and sexual offences,Unable to prosecute suspect,
514ce1bbd2245106a6d7ff85db4a9df7699beb88cfdf6181371ed013fae9559f,2019-05,Lancashire Constabulary,Lancashire Constabulary,,,No Location,,,Violence and sexual offences,Status update unavailable,
9444861b55d00f830da651ccb73705845166b232307571482d7ab0054cc76b36,2019-05,Lancashire Constabulary,Lancashire Constabulary,,,No Location,,,Violence and sexual offences,Status update unavailable,
9bcec40d6b49cc64857d7cc22466af58a78baefabcf0ae6e7c20d43270e9c67e,2019-05,Lancashire Constabulary,Lancashire Constabulary,,,No Location,,,Violence and sexual offences,Status update unavailable,
a92a26e5c3b4923297f9e723b78400c87ac5f6f1daa75755a0623ec2d2be895c,2019-05,Lancashire Constabulary,Lancashire Constabulary,,,No Location,,,Violence and sexual offences,Status update unavailable,
fb1360f2f89d7575b5e0b4ae59da694e0ce1995ac20d5967b1572a81e7362625,2019-05,Lancashire Constabulary,Lancashire Constabulary,,,No Location,,,Violence and sexual offences,Unable to prosecute suspect,
5c11cff24d7be0ec942f34071af2bff881950a2f3e63c512af36572d69e7ffd5,2019-05,Lancashire Constabulary,Lancashire Constabulary,,,No Location,,,Violence and sexual offences,Unable to prosecute suspect,
ad930a78ae7444636282e9138ac928c4b48b351c240d75a384bedfaaee8c5618,2019-05,Lancashire Constabulary,Lancashire Constabulary,,,No Location,,,Violence and sexual offences,Unable to prosecute suspect,
db60b5fe243a1cbf585b72738e6b635ab28b72ac90c2dd9a4b9bedc0facf69fd,2019-05,Lancashire Constabulary,Lancashire Constabulary,,,No Location,,,Violence and sexual offences,Unable to prosecute suspect,
00540a74993146a3f2ece8a85b79b7a64083f8e2627099923fbfcfa1aa6854af,2019-05,Lancashire Constabulary,Lancashire Constabulary,,,No Location,,,Violence and sexual offences,Status update unavailable,
1b1ca9228ef76a66e449dc7a25ba6c11b504c7203a98b8a9108ec5485f32cc22,2019-05,Lancashire Constabulary,Lancashire Constabulary,,,No Location,,,Violence and sexual offences,Status update unavailable,
761826841e7b28a416f2982b05ab0dc1b7d6b7c5e575ba9c8270fab5833dd2eb,2019-05,Lancashire Constabulary,Lancashire Constabulary,,,No Location,,,Violence and sexual offences,Status update unavailable,
c010efb19dc425e99858018a65b2e650e850b31a56cb81c9ca94fa4a6501f045,2019-05,Lancashire Constabulary,Lancashire Constabulary,,,No Location,,,Violence and sexual offences,Unable to prosecute suspect,
0323c661bf1536e48f6b498c06e639e92054a581570f3172cd1f92258174c621,2019-05,Lancashire Constabulary,Lancashire Constabulary,,,No Location,,,Violence and sexual offences,Unable to prosecute suspect,
0425558bfd1334c4249a3d56f7a8d307a6c78286fa8030c6a91ca3fa23429fea,2019-05,Lancashire Constabulary,Lancashire Constabulary,,,No Location,,,Violence and sexual offences,Status update unavailable,
c210e49343dc9ed2acd1c48770e401de58bf4a58a1725ef71eb953d5b2d2287a,2019-05,Lancashire Constabulary,Lancashire Constabulary,,,No Location,,,Violence and sexual offences,Status update unavailable,
8ec683f5a20c2cbf36c3e80846e4b11606533b835b15db7547ecf827835eef4b,2019-05,Lancashire Constabulary,Lancashire Constabulary,,,No Location,,,Violence and sexual offences,Status update unavailable,
5c576a4d258877b8236b212fa4bcc7b05659aa0d442ecc919c201a00d2e72226,2019-05,Lancashire Constabulary,Lancashire Constabulary,,,No Location,,,Violence and sexual offences,Status update unavailable,
9439e105e72d55e685cf069ae85b5619cb81feda9ad806d772aa63f96324da86,2019-05,Lancashire Constabulary,Lancashire Constabulary,,,No Location,,,Violence and sexual offences,Status update unavailable,
6dfaeaa0d7ecffc9fea312f12b64573ea3f544bc9b23e8a68ca0dfdd3192cc04,2019-05,Lancashire Constabulary,Lancashire Constabulary,,,No Location,,,Violence and sexual offences,Status update unavailable,
3f7ef7083987000557534c2a2792ae1e31dbfe03e0c90f2f5c6e1c8309c77a7d,2019-05,Lancashire Constabulary,Lancashire Constabulary,,,No Location,,,Violence and sexual offences,Unable to prosecute suspect,
d9490200f72a173388db03fb22138e593f3ea40b20c1e743ffd28e84e9d3d48d,2019-05,Lancashire Constabulary,Lancashire Constabulary,,,No Location,,,Violence and sexual offences,Status update unavailable,
abcc62dd71203860b07e2db16ee55fb09d06846a9a175ca3288e5bc8a707a3d6,2019-05,Lancashire Constabulary,Lancashire Constabulary,,,No Location,,,Violence and sexual offences,Status update unavailable,
b5a707f177555346e1e4206364f195da2b934ecc81b3f5dfa999f41950c0e293,2019-05,Lancashire Constabulary,Lancashire Constabulary,,,No Location,,,Violence and sexual offences,Unable to prosecute suspect,
3e02e93f02976fc245688282c724fb5f20008020433fb6b7b0c9ac99c24038c0,2019-05,Lancashire Constabulary,Lancashire Constabulary,,,No Location,,,Violence and sexual offences,Unable to prosecute suspect,
356a97a56a4701e7c5838df7e8422e65c4dd19ab86157b7745f800c8729f25e2,2019-05,Lancashire Constabulary,Lancashire Constabulary,,,No Location,,,Violence and sexual offences,Unable to prosecute suspect,
c2b725a64fca2b747964e1880ae4f0a55c68be91abcf6f73ca61200406755f38,2019-05,Lancashire Constabulary,Lancashire Constabulary,,,No Location,,,Violence and sexual offences,Status update unavailable,
07eeab0cc56579a680f47faa90e8d97488b70a8ddb5ba24356077b26967b3e8d,2019-05,Lancashire Constabulary,Lancashire Constabulary,,,No Location,,,Violence and sexual offences,Status update unavailable,
df4f5d36cd314c01f39c9c8e99187e8e944d3b10c94a5342ff889be8179ac2ce,2019-05,Lancashire Constabulary,Lancashire Constabulary,,,No Location,,,Violence and sexual offences,Status update unavailable,
3c43e38f878c31acf8cee6bc6426dc01b523deed3fc5130357be163ef9213de4,2019-05,Lancashire Constabulary,Lancashire Constabulary,,,No Location,,,Violence and sexual offences,Unable to prosecute suspect,
2ecc7af27b90f3d0b01e1389a664d7df68cac7b957d412b55330a053df3c655e,2019-05,Lancashire Constabulary,Lancashire Constabulary,,,No Location,,,Violence and sexual offences,Status update unavailable,
aeebc00a574560f5001b0ec88eb1bfab9f9c8ef5e3b7985d188b388b5332f473,2019-05,Lancashire Constabulary,Lancashire Constabulary,,,No Location,,,Violence and sexual offences,Unable to prosecute suspect,
90988b1a475672b6f92e0eae8890eb35b8d0da9e9e4c81e138d07352af648bcf,2019-05,Lancashire Constabulary,Lancashire Constabulary,,,No Location,,,Violence and sexual offences,Unable to prosecute suspect,
9aad5c92d60f7a4109d0a57ce27f69ce6b8613df1c07aac6900e6cc353ea1843,2019-05,Lancashire Constabulary,Lancashire Constabulary,,,No Location,,,Violence and sexual offences,Unable to prosecute suspect,
5fe0f949c2efca010706d91ac1c65b0ced21fb30c0f042554962da1f65385b2b,2019-05,Lancashire Constabulary,Lancashire Constabulary,,,No Location,,,Violence and sexual offences,Further investigation is not in the public interest,
c48eb123348fbe350727828ccfa6ac86b7b327a94d6b226a499ff941ae4d91ba,2019-05,Lancashire Constabulary,Lancashire Constabulary,,,No Location,,,Violence and sexual offences,Status update unavailable,
12172828eaab94c1e1ac0dc78b529d10be1f97e53bb16c3d019bf234da006af1,2019-05,Lancashire Constabulary,Lancashire Constabulary,,,No Location,,,Violence and sexual offences,Unable to prosecute suspect,
c13af376bf8f961ac7b0cbe081461422d67b4800879225ba0ae0bb14f1646bce,2019-05,Lancashire Constabulary,Lancashire Constabulary,,,No Location,,,Violence and sexual offences,Unable to prosecute suspect,
48d0531d88a01f0e5e916fb72faf45ae5cb54d9767b72663088786a7e3160488,2019-05,Lancashire Constabulary,Lancashire Constabulary,,,No Location,,,Violence and sexual offences,Offender given a caution,
d47438f8a07592564f7e4dd68ea21bf60d9f1fa058fb96271f9fe82f67f1a7f1,2019-05,Lancashire Constabulary,Lancashire Constabulary,,,No Location,,,Violence and sexual offences,Status update unavailable,
2ebe51723850ae6b9da486f79048d99ddba93863aee7e594eddd64e455b02449,2019-05,Lancashire Constabulary,Lancashire Constabulary,,,No Location,,,Violence and sexual offences,Status update unavailable,
2aa727e53e4567ca42fca5fe7bf585dc5fe19ae2595b347847e77937fad51cbd,2019-05,Lancashire Constabulary,Lancashire Constabulary,,,No Location,,,Violence and sexual offences,Further investigation is not in the public interest,
c3ef60350b0dcb203514244b8ab781ee038773356a4a7d2fd7ef37ff21d9a23d,2019-05,Lancashire Constabulary,Lancashire Constabulary,,,No Location,,,Violence and sexual offences,Status update unavailable,
b7155161281ee9973b9856fccfbccc45f66714b916a478a22e763edd88a11972,2019-05,Lancashire Constabulary,Lancashire Constabulary,,,No Location,,,Violence and sexual offences,Status update unavailable,
a2d4e792080ef689c33b87c88d782b37630e4f8affcf3a127069a151a9c1ab9b,2019-05,Lancashire Constabulary,Lancashire Constabulary,,,No Location,,,Violence and sexual offences,Status update unavailable,
4ac36cb331f05f9f88d3be97e75c2740094a428c7864dbd56ca1310ac1edb7d7,2019-05,Lancashire Constabulary,Lancashire Constabulary,,,No Location,,,Violence and sexual offences,Status update unavailable,
05c07e50a9388fc2432f16aa57659403f409f63c4ee17b42eec6f8d6ad62e670,2019-05,Lancashire Constabulary,Lancashire Constabulary,,,No Location,,,Violence and sexual offences,Status update unavailable,
fbd725ed90f9d8a9639cd040e3a7bcf40cf898f961f74efef899f27cb74188a2,2019-05,Lancashire Constabulary,Lancashire Constabulary,,,No Location,,,Violence and sexual offences,Status update unavailable,
a4f6438ca5346970fae20ca9859669f688cdaa19d777ef580924c97ed7f05ddc,2019-05,Lancashire Constabulary,Lancashire Constabulary,,,No Location,,,Violence and sexual offences,Status update unavailable,
02d81ff133455be40bb96a70e649b1c54c22df15c500efae4afabace2c730453,2019-05,Lancashire Constabulary,Lancashire Constabulary,,,No Location,,,Violence and sexual offences,Status update unavailable,
6ce2db854a6c805f1109c97e550093dc7a180155d5e3463833a573da3bbf4bd5,2019-05,Lancashire Constabulary,Lancashire Constabulary,,,No Location,,,Violence and sexual offences,Status update unavailable,
3acf3514827dcf7681318c02e28e2c204f20b76b39f37976f59eef0a5560aba7,2019-05,Lancashire Constabulary,Lancashire Constabulary,,,No Location,,,Violence and sexual offences,Status update unavailable,
392133a5dd5fc0e35fadfdeb4527e1aaffcceb2311a582ff84f48adbbb95ca90,2019-05,Lancashire Constabulary,Lancashire Constabulary,,,No Location,,,Violence and sexual offences,Status update unavailable,
e13cf04e24b97570e5351d8865032131e73c2e7cb096f62bc7c4bcc14e7a8eef,2019-05,Lancashire Constabulary,Lancashire Constabulary,,,No Location,,,Violence and sexual offences,Unable to prosecute suspect,
7b4db6c18d167d195d3e54f3db047ded0461c882e1eeb8fe3dd6251ad14561fc,2019-05,Lancashire Constabulary,Lancashire Constabulary,,,No Location,,,Violence and sexual offences,Status update unavailable,
d7f9aea14333ab815b049c31010e660cf57fd95175a2de813434bf945368370b,2019-05,Lancashire Constabulary,Lancashire Constabulary,,,No Location,,,Violence and sexual offences,Status update unavailable,
44c0ed63749619c04b7d5034486a2d75a151aeb26e97ad3b49996eeb03f38651,2019-05,Lancashire Constabulary,Lancashire Constabulary,,,No Location,,,Violence and sexual offences,Further investigation is not in the public interest,
76922a2f65f7e86309756800a7697e8dcc1e0cf309da494e1ddf8ee6f1cb4d66,2019-05,Lancashire Constabulary,Lancashire Constabulary,,,No Location,,,Violence and sexual offences,Status update unavailable,
e5d5865c75c5288055512573fb0a8e54e840c49384b360e175d848a4960d06e9,2019-05,Lancashire Constabulary,Lancashire Constabulary,,,No Location,,,Violence and sexual offences,Offender given a caution,
ca5a8f28ad1b3c5ebd1865eeb32d77416f2278e51bb08b3e621c097dbc753564,2019-05,Lancashire Constabulary,Lancashire Constabulary,,,No Location,,,Violence and sexual offences,Action to be taken by another organisation,
61b9362aae71a5ce2b88ab53996621e12b9f0a8ce44a62a567ba4eb17aa3d45f,2019-05,Lancashire Constabulary,Lancashire Constabulary,,,No Location,,,Violence and sexual offences,Status update unavailable,
10a807fe7f2065be8d38c9686a88db5ede6d65e3a838009e048d86914a58ad2c,2019-05,Lancashire Constabulary,Lancashire Constabulary,,,No Location,,,Violence and sexual offences,Status update unavailable,
eb68562d17bf15144328815b4fe8a112f6c76e2dcc45f91c7d48408f25c288b5,2019-05,Lancashire Constabulary,Lancashire Constabulary,,,No Location,,,Violence and sexual offences,Status update unavailable,
d1a12cb04325a7f9491707dde06203de012fbd3b14d718ff89134a9ed9e556de,2019-05,Lancashire Constabulary,Lancashire Constabulary,,,No Location,,,Violence and sexual offences,Status update unavailable,
702e3cf7d5370f373db2d05aa939a8c532d57a8ac6c8b780dd15bf9fe8694f78,2019-05,Lancashire Constabulary,Lancashire Constabulary,,,No Location,,,Violence and sexual offences,Status update unavailable,
c3440a62323b536423157fbcabfa2cc57f70c613773b403b72970e720d4c1a0a,2019-05,Lancashire Constabulary,Lancashire Constabulary,,,No Location,,,Violence and sexual offences,Status update unavailable,
e492cfee794c5168ae1bf28dee28ddd218241236596f10b26488ab6de551bd83,2019-05,Lancashire Constabulary,Lancashire Constabulary,,,No Location,,,Violence and sexual offences,Status update unavailable,
354dad479138ce1caf7cfa4ceae81078366bbcf48908a8592b4de9cddbccaa34,2019-05,Lancashire Constabulary,Lancashire Constabulary,,,No Location,,,Violence and sexual offences,Unable to prosecute suspect,
f456e990694f332d376e4b9925c662b439553d7d40db6cd06ed699ec36843274,2019-05,Lancashire Constabulary,Lancashire Constabulary,,,No Location,,,Violence and sexual offences,Unable to prosecute suspect,
18378da235be970d94ef220de9f4bb0b63590d02b98d671f28385012627eeddb,2019-05,Lancashire Constabulary,Lancashire Constabulary,,,No Location,,,Violence and sexual offences,Unable to prosecute suspect,
ddec18d8eb867d16520ef389d3b7ca842ea778e7ba04d5f3f610f783f3c2f37b,2019-05,Lancashire Constabulary,Lancashire Constabulary,,,No Location,,,Violence and sexual offences,Unable to prosecute suspect,
1afb0ceed957bcbef79b2be5bcc460845d383f6265a5b15b0a07eace62279700,2019-05,Lancashire Constabulary,Lancashire Constabulary,,,No Location,,,Violence and sexual offences,Status update unavailable,
f03e19b892ffd94e68be81faf698248d74b6b758f8325b475478986e91ab06bd,2019-05,Lancashire Constabulary,Lancashire Constabulary,,,No Location,,,Violence and sexual offences,Unable to prosecute suspect,
778ae45980263ff15a3e96097442d4aef92c068866855392f5021163de834fb9,2019-05,Lancashire Constabulary,Lancashire Constabulary,,,No Location,,,Violence and sexual offences,Status update unavailable,
ce0c26c1f3d4306ef14f0f98990e31d1fc85aae951b9c0f94ea1c3a8272ff794,2019-05,Lancashire Constabulary,Lancashire Constabulary,,,No Location,,,Violence and sexual offences,Awaiting court outcome,
732ddfd6628b7622fd7a71a49fb686734053bb6a086de57992a8f36f944cfa6a,2019-05,Lancashire Constabulary,Lancashire Constabulary,,,No Location,,,Violence and sexual offences,Unable to prosecute suspect,
e46085a90a37f7644b3c609f0b648d32747c33018c9c272214bd6dbc6412ed5b,2019-05,Lancashire Constabulary,Lancashire Constabulary,,,No Location,,,Violence and sexual offences,Status update unavailable,
cb6dc75c93e7f3a54ed2736bf0b761deb060b47eeb1259399fda76ebc0e61d73,2019-05,Lancashire Constabulary,Lancashire Constabulary,,,No Location,,,Violence and sexual offences,Status update unavailable,
9ef31e5f2b79b4794fac1b6e9fe488643702bf6bb11a066a2491fe2eeb52bf7c,2019-05,Lancashire Constabulary,Lancashire Constabulary,,,No Location,,,Violence and sexual offences,Status update unavailable,
8b7d951ec495a165499843275dd68b868e81d22d1f50e8978d21a457243eb5e7,2019-05,Lancashire Constabulary,Lancashire Constabulary,,,No Location,,,Violence and sexual offences,Unable to prosecute suspect,
2c3e07cda50094fa14513761ef45eb4961f1f00134e3efc20d87dcd935789f07,2019-05,Lancashire Constabulary,Lancashire Constabulary,,,No Location,,,Violence and sexual offences,Unable to prosecute suspect,
104eb6daa2b47a76ba23944e6d5dd798b298226d519fb722ef1e574377190ae2,2019-05,Lancashire Constabulary,Lancashire Constabulary,,,No Location,,,Violence and sexual offences,Status update unavailable,
f7b19369d5414455b9fe336b7e3464d72e6076f259d3cc3b016a711838950d40,2019-05,Lancashire Constabulary,Lancashire Constabulary,,,No Location,,,Violence and sexual offences,Unable to prosecute suspect,
78769c4f00786cae47666b85af5497b4c797e02b6f1b4818c270a76cf21c2e53,2019-05,Lancashire Constabulary,Lancashire Constabulary,,,No Location,,,Violence and sexual offences,Status update unavailable,
be75433a567202c1555b10bec1523adf2d95be7817b372535e889e3f9217c9ff,2019-05,Lancashire Constabulary,Lancashire Constabulary,,,No Location,,,Violence and sexual offences,Status update unavailable,
b422aa31891a99c30dc7df28b2b59163c95818523bd020bce513cae626615b46,2019-05,Lancashire Constabulary,Lancashire Constabulary,,,No Location,,,Violence and sexual offences,Status update unavailable,
ff8ae1b5726dda03df3fff4316c8e52a1d38559a7511611a2d7195ad9dbcea06,2019-05,Lancashire Constabulary,Lancashire Constabulary,,,No Location,,,Violence and sexual offences,Unable to prosecute suspect,
c3e81babf7010968de0e1e8ad13e830e9f71f8add86e62ee8a19a240e2579ef6,2019-05,Lancashire Constabulary,Lancashire Constabulary,,,No Location,,,Violence and sexual offences,Unable to prosecute suspect,
0dea2d7f5e30aaddcc78e9ac7f1173d0766411cbb2ae02f6983774280aba30e4,2019-05,Lancashire Constabulary,Lancashire Constabulary,,,No Location,,,Violence and sexual offences,Further investigation is not in the public interest,
c6d9bb51543cc1b84347bab872a167159f0141cd574e7c2f75dc5b30a9faea71,2019-05,Lancashire Constabulary,Lancashire Constabulary,,,No Location,,,Violence and sexual offences,Status update unavailable,
10ce69272d38a6eaf0a0d9a72041d270364ec6d4f14ec10a5987e2a19dba4a19,2019-05,Lancashire Constabulary,Lancashire Constabulary,,,No Location,,,Violence and sexual offences,Unable to prosecute suspect,
24ba900f94f51bc579426c9aee79e5bf64feea77234cc95302d3862a4904810d,2019-05,Lancashire Constabulary,Lancashire Constabulary,,,No Location,,,Violence and sexual offences,Status update unavailable,
d6ef4202c21bf507b67f5f554b8b2f172846cffedf00c1dec3b49737354a6a61,2019-05,Lancashire Constabulary,Lancashire Constabulary,,,No Location,,,Violence and sexual offences,Status update unavailable,
ce370e4a9700d726abd7d2b06b3b2cadc48534d909ac290c9d5033384c854cd2,2019-05,Lancashire Constabulary,Lancashire Constabulary,,,No Location,,,Violence and sexual offences,Unable to prosecute suspect,
1d9ad484d5ad544498bc37f201039c1feed064ae21bb5eaec1d87a15430460f3,2019-05,Lancashire Constabulary,Lancashire Constabulary,,,No Location,,,Violence and sexual offences,Unable to prosecute suspect,
4837a70036d789491db6c67372c1ed94eccb2bf6f15a076da11e80af131def03,2019-05,Lancashire Constabulary,Lancashire Constabulary,,,No Location,,,Violence and sexual offences,Unable to prosecute suspect,
f3f6426b16e91b245f6cf4fe5d233e1c0c20c7ad970909fb79e7aacdc63091e6,2019-05,Lancashire Constabulary,Lancashire Constabulary,,,No Location,,,Violence and sexual offences,Status update unavailable,
72e0253e867f6ab95ed6f676c2b953061576b6f1fb6cd50a92ad36f1227ad3a1,2019-05,Lancashire Constabulary,Lancashire Constabulary,,,No Location,,,Violence and sexual offences,Status update unavailable,
e6500f71c3de58f35c5280564e3f9fc0404b2d102b88bc0c17df935de5885a3d,2019-05,Lancashire Constabulary,Lancashire Constabulary,,,No Location,,,Violence and sexual offences,Unable to prosecute suspect,
9b869a48f4c3eb0815ee8765a54d3a329560e1851a586a84053d3dc1aa81a988,2019-05,Lancashire Constabulary,Lancashire Constabulary,,,No Location,,,Violence and sexual offences,Unable to prosecute suspect,
b7851511656e2831aa8b7decb3b7e415dfb7c8aac389129354ef2a962e8fca69,2019-05,Lancashire Constabulary,Lancashire Constabulary,,,No Location,,,Violence and sexual offences,Status update unavailable,
a80b59509874d79c7fb08ef146dc6899041d19c8ab20dcc615572db773befc66,2019-05,Lancashire Constabulary,Lancashire Constabulary,,,No Location,,,Violence and sexual offences,Status update unavailable,
d3722a1dc72bdb3d9da5f22ce20f462c1730e6db4c0f3af94a26f454d0726e99,2019-05,Lancashire Constabulary,Lancashire Constabulary,,,No Location,,,Violence and sexual offences,Status update unavailable,
b377347b9a5cabd5d0dc79cae2e27735ac19c8e4e9b54baa740db2cc730af45f,2019-05,Lancashire Constabulary,Lancashire Constabulary,,,No Location,,,Violence and sexual offences,Status update unavailable,
48ba37d36026c5714b04566eaa8098fd233e9b19c8e3dcc6b1c6a7ff8d1ffb9b,2019-05,Lancashire Constabulary,Lancashire Constabulary,,,No Location,,,Violence and sexual offences,Status update unavailable,
dc0945e0b04c62113392cb616955a012a8999fb9ff7877d7517271545e55ada7,2019-05,Lancashire Constabulary,Lancashire Constabulary,,,No Location,,,Violence and sexual offences,Unable to prosecute suspect,
dd84a4516d9e0d4b9070b30a0f4bde485a455c1d3026d2b4d0de0ac7a7b93a4e,2019-05,Lancashire Constabulary,Lancashire Constabulary,,,No Location,,,Violence and sexual offences,Status update unavailable,
ba43098e519c00b35f6bf98abac123962d87e9be121cbbb2c0a12cfe68d1d13c,2019-05,Lancashire Constabulary,Lancashire Constabulary,,,No Location,,,Violence and sexual offences,Status update unavailable,
e8d0ce0e8b41e85e9d968f6c90bb0aab37215220fbadb5b9242999fb3ff0e954,2019-05,Lancashire Constabulary,Lancashire Constabulary,,,No Location,,,Violence and sexual offences,Status update unavailable,
01ec8da83952fff1daf6920669640fa982994fa5f4626748c10bf1f2e8d019ec,2019-05,Lancashire Constabulary,Lancashire Constabulary,,,No Location,,,Violence and sexual offences,Status update unavailable,
65262bce3fb8980d36a9a1a557bad6759ee1149a266a0d254c7d296d4e505be9,2019-05,Lancashire Constabulary,Lancashire Constabulary,,,No Location,,,Violence and sexual offences,Status update unavailable,
ec4bea888c55f987b8a6e8b933332659f655a6650ce669ff228527bc0b45e589,2019-05,Lancashire Constabulary,Lancashire Constabulary,,,No Location,,,Violence and sexual offences,Unable to prosecute suspect,
43f0e9cdab3d7ceba9a69de052929b6a9cbd4e2635d3d39abf8dae7c679614ca,2019-05,Lancashire Constabulary,Lancashire Constabulary,,,No Location,,,Violence and sexual offences,Unable to prosecute suspect,
ba4dd26106a18db035477690b6609007f6f53083dfec828222ebbae40d906af6,2019-05,Lancashire Constabulary,Lancashire Constabulary,,,No Location,,,Violence and sexual offences,Unable to prosecute suspect,
b24db9bcfbb54ebdebcc9e89b8c3029abdb05fa9f9f45a08905d4802bc27e0c5,2019-05,Lancashire Constabulary,Lancashire Constabulary,,,No Location,,,Violence and sexual offences,Unable to prosecute suspect,
43714424f7e38d6463ca6060de57ca58c8eb4f39569d58bdb28cf23a4f70e0ca,2019-05,Lancashire Constabulary,Lancashire Constabulary,,,No Location,,,Violence and sexual offences,Unable to prosecute suspect,
6d86ac0fe907dbc19a1b9525f6676d9a50fa749816bbf7f5d01e6c2d74656fcd,2019-05,Lancashire Constabulary,Lancashire Constabulary,,,No Location,,,Violence and sexual offences,Unable to prosecute suspect,
787306a0532391472e21fcefa760ceb98cc8a7e553b8444530f04d4b2e14a1de,2019-05,Lancashire Constabulary,Lancashire Constabulary,,,No Location,,,Violence and sexual offences,Unable to prosecute suspect,
081afb2f9517f4baec4076a52a6e7342e2f6920826dd9a341e73b19223d97f29,2019-05,Lancashire Constabulary,Lancashire Constabulary,,,No Location,,,Violence and sexual offences,Unable to prosecute suspect,
87c26843d6e9ea8885ca4dfd06810e8e19aa3e9671ebac4de3522047cbc26ef9,2019-05,Lancashire Constabulary,Lancashire Constabulary,,,No Location,,,Violence and sexual offences,Status update unavailable,
bb5a690525a01c93c56606b46cd7b1fa0c1fdac9e9502145d61c1852fda4eeb2,2019-05,Lancashire Constabulary,Lancashire Constabulary,,,No Location,,,Violence and sexual offences,Status update unavailable,
63e11d0fa5bcd2039ae00390d6afaceb0b36131ffb28887780842e7f884188aa,2019-05,Lancashire Constabulary,Lancashire Constabulary,,,No Location,,,Violence and sexual offences,Unable to prosecute suspect,
39cfe982a4173fbbf376b0d78792e76a90a9f663c6de40f5cfc6dc0e97b13206,2019-05,Lancashire Constabulary,Lancashire Constabulary,,,No Location,,,Violence and sexual offences,Unable to prosecute suspect,
449d5497b4f332eef0f6a8e77c512a79166f0e0899e1197e13e0a745a3755d21,2019-05,Lancashire Constabulary,Lancashire Constabulary,,,No Location,,,Violence and sexual offences,Status update unavailable,
fccf5d921691e1d1c1091b365525dccf4fa9710edc6aa9ea52385fc95899c7fe,2019-05,Lancashire Constabulary,Lancashire Constabulary,,,No Location,,,Violence and sexual offences,Status update unavailable,
4a2837f84707db0a225a77325588af66e628811f670ed943aa68c0d490698a05,2019-05,Lancashire Constabulary,Lancashire Constabulary,,,No Location,,,Violence and sexual offences,Unable to prosecute suspect,
dd5069a2258173a956796eb2d7a8bae89660bd15fabd400791c58f7043205d54,2019-05,Lancashire Constabulary,Lancashire Constabulary,,,No Location,,,Violence and sexual offences,Unable to prosecute suspect,
99b246c9260082bfd9e0e077e719c66c62ed40f22ce9cd8532abae584e06cf7e,2019-05,Lancashire Constabulary,Lancashire Constabulary,,,No Location,,,Violence and sexual offences,Unable to prosecute suspect,
74d3242f29349f237f0077b9cf833b58ed863520349c5c12e6c31eca4305aeec,2019-05,Lancashire Constabulary,Lancashire Constabulary,,,No Location,,,Violence and sexual offences,Unable to prosecute suspect,
50a39823e33b87e752d029fbef8188f8393d70e665e30dbd0744fc21fd49f390,2019-05,Lancashire Constabulary,Lancashire Constabulary,,,No Location,,,Violence and sexual offences,Status update unavailable,
389a23c2b763c0e7c206aa2e5782927a8bef0e12607e82fa522e52cdd0ec63c8,2019-05,Lancashire Constabulary,Lancashire Constabulary,,,No Location,,,Violence and sexual offences,Status update unavailable,
0212c735d6aba9c99d2b2c5aa4a11aeda6fe657a2e0c12cc950db9aae34e02a4,2019-05,Lancashire Constabulary,Lancashire Constabulary,,,No Location,,,Violence and sexual offences,Unable to prosecute suspect,
57cebe3b156e9ce5544b491d866c128ae38b8516cfac344d89c1e047a28c2e6d,2019-05,Lancashire Constabulary,Lancashire Constabulary,,,No Location,,,Violence and sexual offences,Further investigation is not in the public interest,
edde8bb44279c227b2872e296282599dcfd59e182bb338970ccdc3869808219a,2019-05,Lancashire Constabulary,Lancashire Constabulary,,,No Location,,,Violence and sexual offences,Status update unavailable,
e25ae460f2bbde0f628c94b5c0ff64d8ab8b804071c915505efb7269a71f6537,2019-05,Lancashire Constabulary,Lancashire Constabulary,,,No Location,,,Violence and sexual offences,Local resolution,
bf973543717e5f664e6444c8cc70247482aefa0b04a3d743027495cc251f37aa,2019-05,Lancashire Constabulary,Lancashire Constabulary,,,No Location,,,Violence and sexual offences,Status update unavailable,
c1565bc613e112a5f7f7867209a44bb02fd0dacad69bdb6cda8d9ba3cafdf9b3,2019-05,Lancashire Constabulary,Lancashire Constabulary,,,No Location,,,Violence and sexual offences,Formal action is not in the public interest,
100c8944f129ed95b1e9d83988564df4d758a1a48120070c77011c180c035e20,2019-05,Lancashire Constabulary,Lancashire Constabulary,,,No Location,,,Violence and sexual offences,Unable to prosecute suspect,
7f031aef6f72a98e5384cb24261f937af20da2e2f73165c24590d942b3ccf4b2,2019-05,Lancashire Constabulary,Lancashire Constabulary,,,No Location,,,Violence and sexual offences,Awaiting court outcome,
ee27ad6160d0550e7e2d8cfc3466f9e7a648f917a7106b301a78984fab3e10ef,2019-05,Lancashire Constabulary,Lancashire Constabulary,,,No Location,,,Violence and sexual offences,Unable to prosecute suspect,
7a6a430c3885dd6bc5cc3a44198fd61d4c803c85a58356a3e47f5f32e9c4c4c8,2019-05,Lancashire Constabulary,Lancashire Constabulary,,,No Location,,,Violence and sexual offences,Awaiting court outcome,
cb4aef9bcd1d4743c0d02497fc68694b343e1166adb1d1b7a542ccf75905c979,2019-05,Lancashire Constabulary,Lancashire Constabulary,,,No Location,,,Violence and sexual offences,Unable to prosecute suspect,
e04300ff2887a99f76bcc8db464399bf66526db47697d274ce60b26590effc9d,2019-05,Lancashire Constabulary,Lancashire Constabulary,,,No Location,,,Violence and sexual offences,Unable to prosecute suspect,
b7628b2f3efdba4ea2fe27129c1d1ec7f1250aceb2efa34ea10d18a0f09af676,2019-05,Lancashire Constabulary,Lancashire Constabulary,,,No Location,,,Violence and sexual offences,Unable to prosecute suspect,
93eb9a54c1cfd48d96d09d36a4e48ba5b13efc511782ea0e72079acf9bec9752,2019-05,Lancashire Constabulary,Lancashire Constabulary,,,No Location,,,Violence and sexual offences,Unable to prosecute suspect,
a7e6ce968bd4cc54e4a1a09be28aec8caf3803bc974e39f4cba807609b9aa81d,2019-05,Lancashire Constabulary,Lancashire Constabulary,,,No Location,,,Violence and sexual offences,Unable to prosecute suspect,
7ecce0816a17e4903901cc1f4756a03a37d84cfd2f1b77e1ac7f726cd57b9423,2019-05,Lancashire Constabulary,Lancashire Constabulary,,,No Location,,,Violence and sexual offences,Unable to prosecute suspect,
8ce07baf7480f38d07be08d9a4fa6506eff1070c9e77dd18c4db0105f006e3d1,2019-05,Lancashire Constabulary,Lancashire Constabulary,,,No Location,,,Violence and sexual offences,Status update unavailable,
57136df2e6dc0d1ef656498f3dc908f45e1dec159443b8ced863eece27c37a7d,2019-05,Lancashire Constabulary,Lancashire Constabulary,,,No Location,,,Violence and sexual offences,Status update unavailable,
e2898115a1f6bf3bdcad977ef169c942fcedbc90511ac5bb9306591f3ab999ce,2019-05,Lancashire Constabulary,Lancashire Constabulary,,,No Location,,,Violence and sexual offences,Status update unavailable,
b71844037342d727609774f99c98dbbebfed136f1909bc067f2cdf0a64777f9a,2019-05,Lancashire Constabulary,Lancashire Constabulary,,,No Location,,,Violence and sexual offences,Unable to prosecute suspect,
e4351cf4ee024f702639ee9ac09fbbc2589a35a270ff14f9f0bb1fd71da0093f,2019-05,Lancashire Constabulary,Lancashire Constabulary,,,No Location,,,Violence and sexual offences,Unable to prosecute suspect,
00f9c0c94e780e76bd940856e4160ccdfa21b17abe83bed50766030eee6fbafe,2019-05,Lancashire Constabulary,Lancashire Constabulary,,,No Location,,,Violence and sexual offences,Status update unavailable,
d7c9930a8d61960d0d008ef9bee51743ff3a7d131dd18bd6f51e0ad352c8e72a,2019-05,Lancashire Constabulary,Lancashire Constabulary,,,No Location,,,Violence and sexual offences,Further investigation is not in the public interest,
ccd7636a20a6da2bdcf88e4a49f239550de835d7471b5d4cf4c03d7ca3e4ccc3,2019-05,Lancashire Constabulary,Lancashire Constabulary,,,No Location,,,Violence and sexual offences,Status update unavailable,
08045109b5ffac9002f5e83cd3bf3ba3391663c1379f1e5bf5990efca0b7871a,2019-05,Lancashire Constabulary,Lancashire Constabulary,,,No Location,,,Violence and sexual offences,Unable to prosecute suspect,
c39c4205a263c076c98053ab8a42bd8f8c35c9eb4a8afb413727c76240e17a5e,2019-05,Lancashire Constabulary,Lancashire Constabulary,,,No Location,,,Violence and sexual offences,Status update unavailable,
ecd4f996ce6fea6b4b97a644321378e875cb9b813e6002520b4d63f00765fa08,2019-05,Lancashire Constabulary,Lancashire Constabulary,,,No Location,,,Violence and sexual offences,Status update unavailable,
fc2e184112e4461e2b459046efaa25be6c30a39d29ca85a8355852f986fa681b,2019-05,Lancashire Constabulary,Lancashire Constabulary,,,No Location,,,Violence and sexual offences,Unable to prosecute suspect,
67025869bf9938009e59e8e846eb1bdcd69aa2dfd2703b74a808c8565a0f4b8a,2019-05,Lancashire Constabulary,Lancashire Constabulary,,,No Location,,,Violence and sexual offences,Status update unavailable,
c121e8886a5fd2c7b37b71fea2b474db3b2bc20a4e6d9b3cacab2336febe7e70,2019-05,Lancashire Constabulary,Lancashire Constabulary,,,No Location,,,Violence and sexual offences,Status update unavailable,
91e0deca9d04b24e433f1adc35f27f60d4528126ff20d818e9337a6a60aec2c6,2019-05,Lancashire Constabulary,Lancashire Constabulary,,,No Location,,,Violence and sexual offences,Status update unavailable,
b68bf05874303d43823392e26e1c3b7d0bd59e8ca6bcfacd93161f69b2fd1d92,2019-05,Lancashire Constabulary,Lancashire Constabulary,,,No Location,,,Violence and sexual offences,Status update unavailable,
8597b34bf55a17b2015f1f7386b566b0356e6802a3a9db040499635cc707adbe,2019-05,Lancashire Constabulary,Lancashire Constabulary,,,No Location,,,Violence and sexual offences,Status update unavailable,
a5aa3a640f3f3c41544bb059519ce4e3447b51e12695928d1f406448493e16df,2019-05,Lancashire Constabulary,Lancashire Constabulary,,,No Location,,,Violence and sexual offences,Status update unavailable,
9fd20f704d3036ee723b87dd769bc50db39c42157422f5c8c5e070ae9e9b0b26,2019-05,Lancashire Constabulary,Lancashire Constabulary,,,No Location,,,Violence and sexual offences,Status update unavailable,
1feb71556e7e29cd49db59346cfc4bf273a2da72a13d7375b93204227c9bf75b,2019-05,Lancashire Constabulary,Lancashire Constabulary,,,No Location,,,Violence and sexual offences,Status update unavailable,
0d29c2a64b94ef56d4dcf614253a26583eacfe557379cc26803ae0e1d1d47211,2019-05,Lancashire Constabulary,Lancashire Constabulary,,,No Location,,,Violence and sexual offences,Status update unavailable,
c8cd67d9fcfd2d74b581a337892ef8ae0a8f3668caa10b5e5cdd5372c4a34898,2019-05,Lancashire Constabulary,Lancashire Constabulary,,,No Location,,,Violence and sexual offences,Unable to prosecute suspect,
dededd702b0e15eede3836887fdfebd21a94c7796121a89e51347c54b096fe9d,2019-05,Lancashire Constabulary,Lancashire Constabulary,,,No Location,,,Violence and sexual offences,Further investigation is not in the public interest,
8a1adddc3592cbe4d14564978d484279e287f9cf052d687cef5178f8a5fcd390,2019-05,Lancashire Constabulary,Lancashire Constabulary,,,No Location,,,Violence and sexual offences,Status update unavailable,
ff848a727b3b734e65310543e5c7e94ae1c5926c35080d570955f7b708a836f2,2019-05,Lancashire Constabulary,Lancashire Constabulary,,,No Location,,,Violence and sexual offences,Unable to prosecute suspect,
309bdea75cf22b39cd1b0256e665c72c3693ccb81ee059d708397c394dca0a9a,2019-05,Lancashire Constabulary,Lancashire Constabulary,,,No Location,,,Violence and sexual offences,Unable to prosecute suspect,
29e798e79f1b41fef77372add7af8524fa490de227f8dbf00a252a1c090c3f6b,2019-05,Lancashire Constabulary,Lancashire Constabulary,,,No Location,,,Violence and sexual offences,Unable to prosecute suspect,
fd71cfa0e07cf681c9f26d95c18450b45c848a3a3c0f9759f68ec82cb486bc98,2019-05,Lancashire Constabulary,Lancashire Constabulary,,,No Location,,,Violence and sexual offences,Unable to prosecute suspect,
f35fbfba9942e27d8c303356418c0cdae4ce8711fbd756a6d9e9fda31269c1ff,2019-05,Lancashire Constabulary,Lancashire Constabulary,,,No Location,,,Violence and sexual offences,Status update unavailable,
d3e54123c805cdfe13a1578225cc64edeb7da9366e90b8711538e5b89539d949,2019-05,Lancashire Constabulary,Lancashire Constabulary,,,No Location,,,Violence and sexual offences,Status update unavailable,
df550726bb10da038cd2a365a067cb8da1a01be0b97d33e6d8b115ac622b3c71,2019-05,Lancashire Constabulary,Lancashire Constabulary,,,No Location,,,Violence and sexual offences,Status update unavailable,
9deafef708d5865bc99e388bd2689461a4cdb119cead21b588f7d1931efab12d,2019-05,Lancashire Constabulary,Lancashire Constabulary,,,No Location,,,Violence and sexual offences,Unable to prosecute suspect,
875cbbf37d76e960340207b0244f84e64dcc116ed8bc602efdcc9824f62f76ee,2019-05,Lancashire Constabulary,Lancashire Constabulary,,,No Location,,,Violence and sexual offences,Unable to prosecute suspect,
d8d444eb425a65c39ef9c0b6ae1223dc1cdc58805d443932d6a7b520df9747fa,2019-05,Lancashire Constabulary,Lancashire Constabulary,,,No Location,,,Violence and sexual offences,Further investigation is not in the public interest,
f54bd5ae130463d426659803c11387733615e9453920416ad213a2f5ab6c1cc9,2019-05,Lancashire Constabulary,Lancashire Constabulary,,,No Location,,,Violence and sexual offences,Further investigation is not in the public interest,
a94e244930fd7b5fb827dfb98d652706632444ea6707c0906aab3e43afea7808,2019-05,Lancashire Constabulary,Lancashire Constabulary,,,No Location,,,Violence and sexual offences,Unable to prosecute suspect,
9b6d5b61de44106c75587e89f37605e4924e8f6f8bcb3801d8ff149961734425,2019-05,Lancashire Constabulary,Lancashire Constabulary,,,No Location,,,Violence and sexual offences,Status update unavailable,
cf68a3b77d3cfc55ca2a4cb3b845334e5b629295104e3452bcc496ec151360df,2019-05,Lancashire Constabulary,Lancashire Constabulary,,,No Location,,,Violence and sexual offences,Status update unavailable,
7fba99b3e367c30d23cef6ab3963396be51b8320d5d7a82175668998a9dc0ea2,2019-05,Lancashire Constabulary,Lancashire Constabulary,,,No Location,,,Violence and sexual offences,Unable to prosecute suspect,
14ddef7ce44d4b5491773eb4fe4070be5223ee6225cae831cc9ddef6efb98e50,2019-05,Lancashire Constabulary,Lancashire Constabulary,,,No Location,,,Violence and sexual offences,Unable to prosecute suspect,
5f61b243c04daf4350e59485cb0e71131f9f66e001dbc58f4bc07f21f7b43d62,2019-05,Lancashire Constabulary,Lancashire Constabulary,,,No Location,,,Violence and sexual offences,Unable to prosecute suspect,
8d06fb3d9a32c6d230ff6e1f0b57879c20dabb1345b08d3f8f0fa33879c09eb9,2019-05,Lancashire Constabulary,Lancashire Constabulary,,,No Location,,,Violence and sexual offences,Further investigation is not in the public interest,
bdc5f87170af8feac036fc0709d3eb6eaee4ae28520b565571cc96ec34dbc6dd,2019-05,Lancashire Constabulary,Lancashire Constabulary,,,No Location,,,Violence and sexual offences,Unable to prosecute suspect,
93c10b33c275ade282b6eb42e6e91d0f72c743718692fbed87e685323eacc863,2019-05,Lancashire Constabulary,Lancashire Constabulary,,,No Location,,,Violence and sexual offences,Further investigation is not in the public interest,
01e736e49358a8e4042a2dfa0c97300c2f02fc6747d8c3cd21f8632de997cd12,2019-05,Lancashire Constabulary,Lancashire Constabulary,,,No Location,,,Violence and sexual offences,Unable to prosecute suspect,
f761a1496e423c17fc369b76db2fc57e6a7f7cf0301823c0913ea538a540615c,2019-05,Lancashire Constabulary,Lancashire Constabulary,,,No Location,,,Violence and sexual offences,Unable to prosecute suspect,
b38e4ce75e0337664bde7c3ebbeba074a210ef07aa91581da4e477a6009aa26e,2019-05,Lancashire Constabulary,Lancashire Constabulary,,,No Location,,,Violence and sexual offences,Status update unavailable,
ea6c5fc44fcb392540ccd07266b02e1c301888ae6836d6f34eacb965d0fbe244,2019-05,Lancashire Constabulary,Lancashire Constabulary,,,No Location,,,Violence and sexual offences,Status update unavailable,
6e22b3baf8e85a1762c3173743099c01acba06bce39b722b23f5fdef684c5121,2019-05,Lancashire Constabulary,Lancashire Constabulary,,,No Location,,,Violence and sexual offences,Status update unavailable,
9483b4315c88e3a2cf50742749c103bf431a3ea4c44e62a71d9297fdea8e3213,2019-05,Lancashire Constabulary,Lancashire Constabulary,,,No Location,,,Violence and sexual offences,Further investigation is not in the public interest,
b067b4bb706a608d6c57f5660884642f9747564db725e046236a1634e42e4611,2019-05,Lancashire Constabulary,Lancashire Constabulary,,,No Location,,,Violence and sexual offences,Status update unavailable,
6c75d066c45d77749b06cf387ad88afeb003121709dfa3ea971cff6676237b03,2019-05,Lancashire Constabulary,Lancashire Constabulary,,,No Location,,,Violence and sexual offences,Status update unavailable,
5cd59a14b2dffcb570062e0c3923f126a695f3e1b38348ceb93f1b9557a7f461,2019-05,Lancashire Constabulary,Lancashire Constabulary,,,No Location,,,Violence and sexual offences,Status update unavailable,
fa9bfa6fe1c0f74e8f5ec1b24d7cf60dd7e957c0901479076800b2e9e5b4409e,2019-05,Lancashire Constabulary,Lancashire Constabulary,,,No Location,,,Violence and sexual offences,Status update unavailable,
d2dabe6d37c8e22e2cedb94ab1234e6cc76974c7db7075c09ca650555b9ddbbb,2019-05,Lancashire Constabulary,Lancashire Constabulary,,,No Location,,,Violence and sexual offences,Unable to prosecute suspect,
221108818a826e6679e9eaf6707f520d7358ef738c65546b2e861f2408b68122,2019-05,Lancashire Constabulary,Lancashire Constabulary,,,No Location,,,Violence and sexual offences,Unable to prosecute suspect,
0c43cd75c4c4f5cabbeb18ab1b697f0ec06f1697544eed39f5c68ffb63aca50d,2019-05,Lancashire Constabulary,Lancashire Constabulary,,,No Location,,,Violence and sexual offences,Unable to prosecute suspect,
5e76d646d1b865e37566818b65ed990de48edc89fd9e00d8fc428b9fc766c570,2019-05,Lancashire Constabulary,Lancashire Constabulary,,,No Location,,,Violence and sexual offences,Unable to prosecute suspect,
5a568c1a536126580965e7308fa4fc6aa7e467699e16fdd2664cb78fb3adfb17,2019-05,Lancashire Constabulary,Lancashire Constabulary,,,No Location,,,Violence and sexual offences,Status update unavailable,
56efb10a0d0f8a19a69628ea698010829530d0233647d0be562447bcfa322fa3,2019-05,Lancashire Constabulary,Lancashire Constabulary,,,No Location,,,Violence and sexual offences,Unable to prosecute suspect,
9fed8a1bd16b67a80a8876cba51ecb9283c3d8799144cc4b01e505fc21f24487,2019-05,Lancashire Constabulary,Lancashire Constabulary,,,No Location,,,Violence and sexual offences,Status update unavailable,
5cb2bca541d3daaf8695e5f539045aa11b1883f4e1cd67216f047d8f3a878280,2019-05,Lancashire Constabulary,Lancashire Constabulary,,,No Location,,,Violence and sexual offences,Unable to prosecute suspect,
59a35f9e8875034f79b9fe9b43705ba87d4aaaa5e4b2e2eb0fd44d5f66c85d1d,2019-05,Lancashire Constabulary,Lancashire Constabulary,,,No Location,,,Violence and sexual offences,Action to be taken by another organisation,
ea372106e8eb23c2d73d6cc5627a8ce32ec84b1c9322420023a189b671e4037d,2019-05,Lancashire Constabulary,Lancashire Constabulary,,,No Location,,,Violence and sexual offences,Unable to prosecute suspect,
4365f15def3c2041efba75665cd14030e2514ab1f0daf58f0e82842c79bf2e81,2019-05,Lancashire Constabulary,Lancashire Constabulary,,,No Location,,,Violence and sexual offences,Status update unavailable,
6e47f641da946839fb92158be784366a54600bf314ab59bb1360255c06e5dfb8,2019-05,Lancashire Constabulary,Lancashire Constabulary,,,No Location,,,Violence and sexual offences,Unable to prosecute suspect,
be3f2ddd221c64b2691567a75ed62095f093b159ed9cc9a107f0f3660f166547,2019-05,Lancashire Constabulary,Lancashire Constabulary,,,No Location,,,Violence and sexual offences,Unable to prosecute suspect,
cbed4ab014186e0a11a846e866d6354658023a1bf5ece9ca55ffe5b04237df86,2019-05,Lancashire Constabulary,Lancashire Constabulary,,,No Location,,,Violence and sexual offences,Status update unavailable,
6bb09e16f2fdafb73d1c11a9cbb420bd647e9baf69802a66932e9541266ced35,2019-05,Lancashire Constabulary,Lancashire Constabulary,,,No Location,,,Violence and sexual offences,Status update unavailable,
0cc66411ec07477132af8a914fab5977ecdc93a3f8d73c57e0d8750145f33a7f,2019-05,Lancashire Constabulary,Lancashire Constabulary,,,No Location,,,Violence and sexual offences,Awaiting court outcome,
433f0584ccde5d1982f2f7de8bd93533432e94a472544c1ad622a002cbbe47d5,2019-05,Lancashire Constabulary,Lancashire Constabulary,,,No Location,,,Violence and sexual offences,Status update unavailable,
91464def11b4cbd059ae35422bdf8e34f254c714eb43f53fa07c66ad43412035,2019-05,Lancashire Constabulary,Lancashire Constabulary,,,No Location,,,Violence and sexual offences,Further investigation is not in the public interest,
04c03ccfdd9c23a31073ad32ecdb392d5914dc60e8679522532c0ed4039fd89a,2019-05,Lancashire Constabulary,Lancashire Constabulary,,,No Location,,,Violence and sexual offences,Status update unavailable,
ca9ba0d4f7e233b09a3d40364888d5c614ef6ae76438fe40d4bb8c2164722341,2019-05,Lancashire Constabulary,Lancashire Constabulary,,,No Location,,,Violence and sexual offences,Status update unavailable,
4f1dc3c3ee1700a5a3c89b23a285e007df141f8a0c53c9af03ac3b006eaf068d,2019-05,Lancashire Constabulary,Lancashire Constabulary,,,No Location,,,Violence and sexual offences,Unable to prosecute suspect,
22526a61c316357047f3cb1550adbc93d29d22f2e8cf054c6cce09f5d9b9d273,2019-05,Lancashire Constabulary,Lancashire Constabulary,,,No Location,,,Violence and sexual offences,Unable to prosecute suspect,
bac341fd7bcbc01d3b50631d3cb783dc9613ebdce5b3ca44d6e2b3b560d8baca,2019-05,Lancashire Constabulary,Lancashire Constabulary,,,No Location,,,Violence and sexual offences,Status update unavailable,
b9e705ae41caffad53bffb3421cc3dc3fdbc9f3d3c787fb2b2b796b0b26f0665,2019-05,Lancashire Constabulary,Lancashire Constabulary,,,No Location,,,Violence and sexual offences,Unable to prosecute suspect,
58518ed042788e9cbec0a26f8a3ca4c8d1b9ae70958902dad4c14c97d16d0915,2019-05,Lancashire Constabulary,Lancashire Constabulary,,,No Location,,,Violence and sexual offences,Status update unavailable,
9dc813b4eae72751c9b01005f36511e92400e0ff8e9ae96cfd0c08222676910d,2019-05,Lancashire Constabulary,Lancashire Constabulary,,,No Location,,,Violence and sexual offences,Status update unavailable,
915ecc1230c0454968ead5ff43236e944dc110d58366e8b5802941c50e44e3b2,2019-05,Lancashire Constabulary,Lancashire Constabulary,,,No Location,,,Violence and sexual offences,Unable to prosecute suspect,
26c8bbc89e7c6aabc1f610dd7ed91d2f6442af82ffd1298174d2bf1017bc7830,2019-05,Lancashire Constabulary,Lancashire Constabulary,,,No Location,,,Violence and sexual offences,Status update unavailable,
affff9b2499733e82b7031bb6d7730a55857fa8d7f77422a9c87fb0dc95bfed6,2019-05,Lancashire Constabulary,Lancashire Constabulary,,,No Location,,,Violence and sexual offences,Unable to prosecute suspect,
ed25280ecb0f8883c36f268e17b853ef2aef15b56d346d502e9df9e13f3d0151,2019-05,Lancashire Constabulary,Lancashire Constabulary,,,No Location,,,Violence and sexual offences,Unable to prosecute suspect,
ee9367dccb3a8c7d165755b6d0b66202cb0fc4a64c9af0d0b79c17b8fa230975,2019-05,Lancashire Constabulary,Lancashire Constabulary,,,No Location,,,Violence and sexual offences,Status update unavailable,
53cb68cff671c476e7b147b58df67a6ca88b4d915d77dab9a5942156c7473c8f,2019-05,Lancashire Constabulary,Lancashire Constabulary,,,No Location,,,Violence and sexual offences,Status update unavailable,
b8e40eb53a86dc9e8da8c759cd603a419f0a1b21c89f33b105fdc4cf587b4698,2019-05,Lancashire Constabulary,Lancashire Constabulary,,,No Location,,,Violence and sexual offences,Status update unavailable,
9b70ada55d1f25a0bee1982e7d8c27c6aabd8a38d2e61f82d2fcc97fd5a97333,2019-05,Lancashire Constabulary,Lancashire Constabulary,,,No Location,,,Violence and sexual offences,Unable to prosecute suspect,
9f5e1b06464edb2f042f673ca4630c24f3db22fea763884eb48dea5af8c72444,2019-05,Lancashire Constabulary,Lancashire Constabulary,,,No Location,,,Violence and sexual offences,Status update unavailable,
d24b1bdb697b9e55b9e380bb910689f650fcd239fb67126d9fe32a6106add8e4,2019-05,Lancashire Constabulary,Lancashire Constabulary,,,No Location,,,Violence and sexual offences,Unable to prosecute suspect,
8383b4eba1bf043b401cbbbb4e75211bf519704891118ddcb1a40d7ab0ef4c2d,2019-05,Lancashire Constabulary,Lancashire Constabulary,,,No Location,,,Violence and sexual offences,Status update unavailable,
93838c3a4625cf421a152e6fe76d8e8b75b330e59e5fbfd94e80d897c5f700e9,2019-05,Lancashire Constabulary,Lancashire Constabulary,,,No Location,,,Violence and sexual offences,Status update unavailable,
6f2f2d46eefc72e701f332555b011b66cca3f01539cb5827ac0d74e4e8ec680a,2019-05,Lancashire Constabulary,Lancashire Constabulary,,,No Location,,,Violence and sexual offences,Status update unavailable,
bf72a5dca27d5f30f6d8f0d48ba8069527033bbf90bd0480bebe8d4fd29b8eec,2019-05,Lancashire Constabulary,Lancashire Constabulary,,,No Location,,,Violence and sexual offences,Status update unavailable,
d364c55b702e259020d231284e283a392e5485affdf20b121a7b5eb48ea9fc80,2019-05,Lancashire Constabulary,Lancashire Constabulary,,,No Location,,,Violence and sexual offences,Unable to prosecute suspect,
264d3b9482ed9ba122f66a87ea762a58b137bb07c5a9fb42968e167c6bf9cf9e,2019-05,Lancashire Constabulary,Lancashire Constabulary,,,No Location,,,Violence and sexual offences,Unable to prosecute suspect,
1f58acdce61eb08942933776724ff543b3eef688a0624a72fd731dbb0840bcfb,2019-05,Lancashire Constabulary,Lancashire Constabulary,,,No Location,,,Violence and sexual offences,Status update unavailable,
972081f690d41fa53f74a18cda834329df2a395bcf672e60ac126336e5fbba2b,2019-05,Lancashire Constabulary,Lancashire Constabulary,,,No Location,,,Violence and sexual offences,Status update unavailable,
ffc684b7eaed8d04085e73a3802b257f0876f1485083a594a960c87e42ed2a9b,2019-05,Lancashire Constabulary,Lancashire Constabulary,,,No Location,,,Violence and sexual offences,Status update unavailable,
e42f5f4bebfcaae2ba990bb43752e585d7f138a9248e30864774a63a978bb4e0,2019-05,Lancashire Constabulary,Lancashire Constabulary,,,No Location,,,Violence and sexual offences,Status update unavailable,
455f2ac37843c18ae2f7c768845dcd78d8c36a20b65a9c25c5f54c195ced9cba,2019-05,Lancashire Constabulary,Lancashire Constabulary,,,No Location,,,Violence and sexual offences,Status update unavailable,
992a381a52a9a6390cdd7c38103f516745e3e03ef760d95a70a94181b96baf7c,2019-05,Lancashire Constabulary,Lancashire Constabulary,,,No Location,,,Violence and sexual offences,Unable to prosecute suspect,
b5015667b58563ae749864a78a729be182b10d1d1fc396724a6325eff8cf5ee6,2019-05,Lancashire Constabulary,Lancashire Constabulary,,,No Location,,,Violence and sexual offences,Unable to prosecute suspect,
67105d50db92049ccd841dca29d1322b298d3851b3c20767fd4477115b8c0b7f,2019-05,Lancashire Constabulary,Lancashire Constabulary,,,No Location,,,Violence and sexual offences,Status update unavailable,
b7261e7596c1809b9b00b918a5731666f40538fb8011d8509ceb67d0cfc12084,2019-05,Lancashire Constabulary,Lancashire Constabulary,,,No Location,,,Violence and sexual offences,Status update unavailable,
f47db94017dce9a3689a0280ec71bea08de46654eaebf7579b9945804096171a,2019-05,Lancashire Constabulary,Lancashire Constabulary,,,No Location,,,Violence and sexual offences,Unable to prosecute suspect,
73b0bc7f7395b920e173d5a1e4df7a14d2cfa76f1f82564201208a168aac38ec,2019-05,Lancashire Constabulary,Lancashire Constabulary,,,No Location,,,Violence and sexual offences,Unable to prosecute suspect,
6d020c4e839b53fd3af3be3f6b07e0190a9c27e2947899b8472671ca2c4d9c7a,2019-05,Lancashire Constabulary,Lancashire Constabulary,,,No Location,,,Violence and sexual offences,Further investigation is not in the public interest,
d061ebd5955ddda4415479e3a50dccc48d0294f99c4db53146c2baa1c48c7a4f,2019-05,Lancashire Constabulary,Lancashire Constabulary,,,No Location,,,Violence and sexual offences,Unable to prosecute suspect,
2766890228e93f02ccc3d0bbe54568d2f88908d0c931aac9af6e706a650149d8,2019-05,Lancashire Constabulary,Lancashire Constabulary,,,No Location,,,Violence and sexual offences,Unable to prosecute suspect,
193ed2c8afb1b17ccd5a75f8c6b37cc4bf9cdb262f813114f824e5f29f6153e1,2019-05,Lancashire Constabulary,Lancashire Constabulary,,,No Location,,,Violence and sexual offences,Further investigation is not in the public interest,
3637a420a2744550cba832ff4e41f6cb5afc7e33845642e2299927578c08f683,2019-05,Lancashire Constabulary,Lancashire Constabulary,,,No Location,,,Violence and sexual offences,Unable to prosecute suspect,
e999b6783cf40a6377ac9575a44e82fdfcfff2d8559b341d4b723ff1c7bfab13,2019-05,Lancashire Constabulary,Lancashire Constabulary,,,No Location,,,Violence and sexual offences,Unable to prosecute suspect,
ed177615e86002e53748b829bc79d1f319592417c1c806cd089f3013f5b09f4c,2019-05,Lancashire Constabulary,Lancashire Constabulary,,,No Location,,,Violence and sexual offences,Unable to prosecute suspect,
d2282cc83bcb735a1bfbf5f4165aed3e59526922a4cab963201ad8f57f891bb8,2019-05,Lancashire Constabulary,Lancashire Constabulary,,,No Location,,,Violence and sexual offences,Unable to prosecute suspect,
08b64d1fe0ec048ec60f55a0d25854d177d9468d8da680eca75039695a24f914,2019-05,Lancashire Constabulary,Lancashire Constabulary,,,No Location,,,Violence and sexual offences,Status update unavailable,
025cd72b63cd17cb8c9a2816d1802ff359a9e6cab2312e36bbdef63648d5985b,2019-05,Lancashire Constabulary,Lancashire Constabulary,,,No Location,,,Violence and sexual offences,Unable to prosecute suspect,
6066a5b7f0795fe9e58e998054b64ccfed1cead7c21f0cddc20c5c5fcf31c018,2019-05,Lancashire Constabulary,Lancashire Constabulary,,,No Location,,,Violence and sexual offences,Unable to prosecute suspect,
34a6c08d08a575950185a3505f6fe7d173952e2e75db8d71258bdfab8233672e,2019-05,Lancashire Constabulary,Lancashire Constabulary,,,No Location,,,Violence and sexual offences,Unable to prosecute suspect,
072055c7de62d7ed6bfaa5cc9044386a91f45a1e4528aba56b9c5156cc1a82a3,2019-05,Lancashire Constabulary,Lancashire Constabulary,,,No Location,,,Violence and sexual offences,Unable to prosecute suspect,
b743e3e4abb497d3ebb315813217973623e5f2053ac188442adc9040ba0b1b68,2019-05,Lancashire Constabulary,Lancashire Constabulary,,,No Location,,,Violence and sexual offences,Further investigation is not in the public interest,
7cf96d82f7d21439594e9afbbbcd7c146ecbb17574d244b624a4e6cb94f93843,2019-05,Lancashire Constabulary,Lancashire Constabulary,,,No Location,,,Violence and sexual offences,Status update unavailable,
76415bff6bee1817c77d127c5a971562276f85e0dbee3ace5ee5f5857336818b,2019-05,Lancashire Constabulary,Lancashire Constabulary,,,No Location,,,Violence and sexual offences,Status update unavailable,
c7fcf1ea847a4adbf6ef9a184855a7fde04640bb04312ed5afe20274b7911a5c,2019-05,Lancashire Constabulary,Lancashire Constabulary,,,No Location,,,Violence and sexual offences,Awaiting court outcome,
efe98782a78ae49369128aa9c031fcbd0b69c47bc70c8ede640240b117f98071,2019-05,Lancashire Constabulary,Lancashire Constabulary,,,No Location,,,Violence and sexual offences,Unable to prosecute suspect,
9ac61913ef9bf4d0f453a1d1db5336e116dd07f1e97b8a13a57ef07e02f94922,2019-05,Lancashire Constabulary,Lancashire Constabulary,,,No Location,,,Violence and sexual offences,Unable to prosecute suspect,
7eb9d6046a276d2f5d5e2cb4d54a85387e57f299e8cf619bdf7a3cb14ce364f6,2019-05,Lancashire Constabulary,Lancashire Constabulary,,,No Location,,,Violence and sexual offences,Status update unavailable,
ba1e2012e0af0126fa6c1781e8fd8edcefa5def61ffaa839b3c32e739466ace9,2019-05,Lancashire Constabulary,Lancashire Constabulary,,,No Location,,,Violence and sexual offences,Unable to prosecute suspect,
07a5146da1879f402f0c9d9b3b623ef34cb10f742ff5756a147cfc488bea2607,2019-05,Lancashire Constabulary,Lancashire Constabulary,,,No Location,,,Violence and sexual offences,Unable to prosecute suspect,
32d9e3d27a7718ccc7d6e941b42f223a2e66341e027eac22d9c308fe98d0c623,2019-05,Lancashire Constabulary,Lancashire Constabulary,,,No Location,,,Violence and sexual offences,Status update unavailable,
1544c0873295303af8f61ab8c308268da08c369346a999fae1c0e5f213b2f692,2019-05,Lancashire Constabulary,Lancashire Constabulary,,,No Location,,,Violence and sexual offences,Status update unavailable,
a29414774d0679f0bd8564ec66b6f754563b4a1d18835496fef21e2b3d99ee41,2019-05,Lancashire Constabulary,Lancashire Constabulary,,,No Location,,,Violence and sexual offences,Status update unavailable,
0cabbe68a68ac6f4bf1f41611bd69da34ce53d99a732006b2db3ce3ba476cb78,2019-05,Lancashire Constabulary,Lancashire Constabulary,,,No Location,,,Violence and sexual offences,Unable to prosecute suspect,
e15b19cf5f47f0bcfb2a7b0b97a3c78eb6378ab8c4f531a0563bbbe944bb4405,2019-05,Lancashire Constabulary,Lancashire Constabulary,,,No Location,,,Violence and sexual offences,Status update unavailable,
b1707c56e067263ff4a7e86853917053d2bce6f7555a883128d8911ec665aa11,2019-05,Lancashire Constabulary,Lancashire Constabulary,,,No Location,,,Violence and sexual offences,Offender given a caution,
8daaaf77850e2da3733665c8097300034c2ca77db50820a8f367ec8400cb9e7f,2019-05,Lancashire Constabulary,Lancashire Constabulary,,,No Location,,,Violence and sexual offences,Status update unavailable,
2a30511f7cb97ffb42c165afc6309feb7c07aaae5e1d69198d817d48333115c5,2019-05,Lancashire Constabulary,Lancashire Constabulary,,,No Location,,,Violence and sexual offences,Local resolution,
6b7dd18934524db266f2a3d5cef1a87403310b3ff8478b288d281ed45b1ffe6b,2019-05,Lancashire Constabulary,Lancashire Constabulary,,,No Location,,,Violence and sexual offences,Further investigation is not in the public interest,
306c7c70fe6949e06bf3dde546fef014ae499fce81e87e5cb27eefcc725e2af8,2019-05,Lancashire Constabulary,Lancashire Constabulary,,,No Location,,,Violence and sexual offences,Status update unavailable,
615dc1d756ec3904d23cd0ee1dd0928e371f6829daa8713fec2417e81f2fe1b4,2019-05,Lancashire Constabulary,Lancashire Constabulary,,,No Location,,,Violence and sexual offences,Status update unavailable,
912822abcd9ae9097e63e331716a11e2451465b8ad64a4197a673442cd119411,2019-05,Lancashire Constabulary,Lancashire Constabulary,,,No Location,,,Violence and sexual offences,Status update unavailable,
cead8805d1d394b2104c958a71051990569ac33356a96eef51e48ec382e14e59,2019-05,Lancashire Constabulary,Lancashire Constabulary,,,No Location,,,Violence and sexual offences,Status update unavailable,
2c36df9dc81fa4f6188775078bb5d068285de6a795ef7432d066caa92d3369f0,2019-05,Lancashire Constabulary,Lancashire Constabulary,,,No Location,,,Violence and sexual offences,Unable to prosecute suspect,
d4ad61226a525e3a3fd94397e0166f3c76e8016792a493b23bc1c58dd6319b19,2019-05,Lancashire Constabulary,Lancashire Constabulary,,,No Location,,,Violence and sexual offences,Status update unavailable,
b3c8dfc261f26e39d45f494ea1998d52aeed35cd0ead269853103d5a9683d266,2019-05,Lancashire Constabulary,Lancashire Constabulary,,,No Location,,,Violence and sexual offences,Unable to prosecute suspect,
58a025adc2a74b1c6bf8493ef6c5e00d99072fa35c6e9b84c54349361dcc2a31,2019-05,Lancashire Constabulary,Lancashire Constabulary,,,No Location,,,Violence and sexual offences,Unable to prosecute suspect,
de6e799bf885164caf39a9bca3babe2cb43d99c298fb74b0222485c29fb63807,2019-05,Lancashire Constabulary,Lancashire Constabulary,,,No Location,,,Violence and sexual offences,Unable to prosecute suspect,
4750cf8c52dd52356961938b2527b86d92e663008f784bd1b6e50d4b6c6c454c,2019-05,Lancashire Constabulary,Lancashire Constabulary,,,No Location,,,Violence and sexual offences,Unable to prosecute suspect,
113f56bbee974908ab0c633d08ca2821de813a3251e3e81affd9e7e1b2a56356,2019-05,Lancashire Constabulary,Lancashire Constabulary,,,No Location,,,Violence and sexual offences,Unable to prosecute suspect,
b61f143371d1d989591a7e4eb66569e5c416e38d59c431ee7fd7d7a8011a4a87,2019-05,Lancashire Constabulary,Lancashire Constabulary,,,No Location,,,Violence and sexual offences,Status update unavailable,
83d65ae3fb342a8056c58565a3f874e3c21c4b8fd9826408bb750e0c7c810538,2019-05,Lancashire Constabulary,Lancashire Constabulary,,,No Location,,,Violence and sexual offences,Status update unavailable,
e4e00f51638a60c0f75caa65df5d7f9d26242cd0b24bbf1b72b6fbde29bfdf52,2019-05,Lancashire Constabulary,Lancashire Constabulary,,,No Location,,,Violence and sexual offences,Unable to prosecute suspect,
e928f4e2a044a4e8d69f3dcce0fcc37a38c4937b19fcefa8ec5dac7f3b997cfe,2019-05,Lancashire Constabulary,Lancashire Constabulary,,,No Location,,,Violence and sexual offences,Action to be taken by another organisation,
52f7fa6a1f460500f00312594fc6670a4fe1db43c3aad9b0ca2b395868050528,2019-05,Lancashire Constabulary,Lancashire Constabulary,,,No Location,,,Violence and sexual offences,Status update unavailable,
55e39f7900f76f26958a74cc45ca90254ff40ea70132184a9e4a45c455bad3a4,2019-05,Lancashire Constabulary,Lancashire Constabulary,,,No Location,,,Violence and sexual offences,Status update unavailable,
5d88d8c28f9aff97a37daffb2cb214a471c4fba83c363f0490b507dcd6fc494b,2019-05,Lancashire Constabulary,Lancashire Constabulary,,,No Location,,,Violence and sexual offences,Status update unavailable,
600b1fdd6421e44075ff4926069b1f57154ab45921d769590ca1bcbc0f7be318,2019-05,Lancashire Constabulary,Lancashire Constabulary,,,No Location,,,Violence and sexual offences,Status update unavailable,
dd7bba22ac2cd599bfe44c67e772eb8ccff1ad8e6cae05120afd7c6b0bccfa31,2019-05,Lancashire Constabulary,Lancashire Constabulary,,,No Location,,,Violence and sexual offences,Status update unavailable,
02f92ea76a57a32a162ac175437918cf40ec839ce13c7dadb967b70a9234d00b,2019-05,Lancashire Constabulary,Lancashire Constabulary,,,No Location,,,Violence and sexual offences,Status update unavailable,
fc9f9b094dc8442bdbbd834a0b1bf7b04f8da122eef469590fac77869624d648,2019-05,Lancashire Constabulary,Lancashire Constabulary,,,No Location,,,Violence and sexual offences,Status update unavailable,
2c420c153cdb7b35a84976fc032386001cce089fedf177082d5e3f28283bed01,2019-05,Lancashire Constabulary,Lancashire Constabulary,,,No Location,,,Violence and sexual offences,Formal action is not in the public interest,
47f46a5b745f93ad64f98778c3d1b6da7ca1a40af71c696b7922da932764c544,2019-05,Lancashire Constabulary,Lancashire Constabulary,,,No Location,,,Violence and sexual offences,Unable to prosecute suspect,
3af9c36c63a626c3dc143e0794b6858988d4ba799b66827a9251c2af49dc1255,2019-05,Lancashire Constabulary,Lancashire Constabulary,,,No Location,,,Violence and sexual offences,Status update unavailable,
1bee6762b3873fc125b8700f583bdb92dbd347062bdd9a1757c781fb3364e9ef,2019-05,Lancashire Constabulary,Lancashire Constabulary,,,No Location,,,Violence and sexual offences,Status update unavailable,
0f2df04f4b5f56db6fc3cfd8683d1dd0c51372c1b78807a76f8cc8c424d4ceca,2019-05,Lancashire Constabulary,Lancashire Constabulary,,,No Location,,,Violence and sexual offences,Status update unavailable,
cb194a80607f569a31b4272e686e004e1f093bdc12c6026348d3ec21f9765c5e,2019-05,Lancashire Constabulary,Lancashire Constabulary,,,No Location,,,Violence and sexual offences,Unable to prosecute suspect,
f0055799a428fafeadc96cca53b67b13260265d38488b8878ee0d4bfb676e564,2019-05,Lancashire Constabulary,Lancashire Constabulary,,,No Location,,,Violence and sexual offences,Status update unavailable,
f79b7f4017877493063cd123979efe37f7e46cb8a71fe334baeecb2cfc998fb1,2019-05,Lancashire Constabulary,Lancashire Constabulary,,,No Location,,,Violence and sexual offences,Status update unavailable,
f2b90a2de29edcd427bb00744e4de8a1fe45be890b73f7e43cc4514fce8a4a87,2019-05,Lancashire Constabulary,Lancashire Constabulary,,,No Location,,,Violence and sexual offences,Status update unavailable,
4d39d33d1b7541b4ee4e5ce235d0798167c7f5e298ddc6d95c81c821e24aee43,2019-05,Lancashire Constabulary,Lancashire Constabulary,,,No Location,,,Violence and sexual offences,Status update unavailable,
759e412b3c3cd01d62e06ca9a28dc317348046b25dfa4bc4de9cf4c4d52ce314,2019-05,Lancashire Constabulary,Lancashire Constabulary,,,No Location,,,Violence and sexual offences,Unable to prosecute suspect,
f886d95918fb332b1e024c7173d867f0ebd2626aa4218c6bc70b3aa52fc92d5d,2019-05,Lancashire Constabulary,Lancashire Constabulary,,,No Location,,,Violence and sexual offences,Unable to prosecute suspect,
5985495d7104b1fd11295956ca0b67fd983329f36d3700238ebd6d7f561597d1,2019-05,Lancashire Constabulary,Lancashire Constabulary,,,No Location,,,Violence and sexual offences,Unable to prosecute suspect,
676cc2100b5aacb1de515f463308c093d98a399280f45a510bdf851b58d83c93,2019-05,Lancashire Constabulary,Lancashire Constabulary,,,No Location,,,Violence and sexual offences,Status update unavailable,
205b22cdea142e889398a5d0c4ca7ec0315534d88939d16198d3c844681660e8,2019-05,Lancashire Constabulary,Lancashire Constabulary,,,No Location,,,Violence and sexual offences,Status update unavailable,
2ca5160bb577b8891c8d99ae8aca2afb2c0875c793e34fcec64b4f48664ed854,2019-05,Lancashire Constabulary,Lancashire Constabulary,,,No Location,,,Violence and sexual offences,Unable to prosecute suspect,
b6f8f1c1856d2bfd475cb66dab324541bc9b48e41a287008a000ede7af7810bf,2019-05,Lancashire Constabulary,Lancashire Constabulary,,,No Location,,,Violence and sexual offences,Unable to prosecute suspect,
45686ec32c063034e6dacf3955804fefd4477781bbb7958c7a219951b41bcc01,2019-05,Lancashire Constabulary,Lancashire Constabulary,,,No Location,,,Violence and sexual offences,Status update unavailable,
18104197fb11557878410724427d839e22983cc396c8d648d98197810bb459ef,2019-05,Lancashire Constabulary,Lancashire Constabulary,,,No Location,,,Violence and sexual offences,Further investigation is not in the public interest,
af479c9365c2904554911f162bd94127b09d04987f11b50a79d9c5eae6121b3c,2019-05,Lancashire Constabulary,Lancashire Constabulary,,,No Location,,,Violence and sexual offences,Unable to prosecute suspect,
396cb0a24967837023ce2aa95b5036eb116c8c7a4c20f3914578f9bf870b1a93,2019-05,Lancashire Constabulary,Lancashire Constabulary,,,No Location,,,Violence and sexual offences,Unable to prosecute suspect,
68cb9ec4e0f90daa1dfd9ce97add303d5c5271fcb09ba6c269d8ed022a2c6691,2019-05,Lancashire Constabulary,Lancashire Constabulary,,,No Location,,,Violence and sexual offences,Status update unavailable,
77fbb3be177e53be08db1727b8d88329725d5d9580a215320ff5cc4cd68dfb71,2019-05,Lancashire Constabulary,Lancashire Constabulary,,,No Location,,,Violence and sexual offences,Status update unavailable,
7e4780f9d2d469826fd4e28bef326da0769b8648017968b3a673dcc10492be76,2019-05,Lancashire Constabulary,Lancashire Constabulary,,,No Location,,,Violence and sexual offences,Status update unavailable,
4d858092fb2551f7468ca8cd9229ec695632e0785a5879257926766bc95966e1,2019-05,Lancashire Constabulary,Lancashire Constabulary,,,No Location,,,Violence and sexual offences,Status update unavailable,
9d23155f06559c63306965b83d27baa9b6ea7cdb3a915025bcf6864a1d92f632,2019-05,Lancashire Constabulary,Lancashire Constabulary,,,No Location,,,Violence and sexual offences,Status update unavailable,
41937d3f2d7d9950c969483f601aa11392a7bb123e460c3bffc4158f0ac5d397,2019-05,Lancashire Constabulary,Lancashire Constabulary,,,No Location,,,Violence and sexual offences,Status update unavailable,
234a7fa73fd665aa87cd80e194a319eef6414f06f1c4022a9b4a85c2970086ff,2019-05,Lancashire Constabulary,Lancashire Constabulary,,,No Location,,,Violence and sexual offences,Unable to prosecute suspect,
39da7e72526aba789e4edf9d007e251f977792dca69b0e2a4ffa414b45e6e627,2019-05,Lancashire Constabulary,Lancashire Constabulary,,,No Location,,,Violence and sexual offences,Status update unavailable,
251ff0c183744da15a85da4feb5484e528ecbac68cbdeb37cc2b605f1ec4b78f,2019-05,Lancashire Constabulary,Lancashire Constabulary,,,No Location,,,Violence and sexual offences,Status update unavailable,
389aa97cf90a0602abe7d6b12ba22d51ed06f56d14d8498b659a2780f3b1b2bd,2019-05,Lancashire Constabulary,Lancashire Constabulary,,,No Location,,,Violence and sexual offences,Status update unavailable,
1f10c19220536d9a1beaf8025b884ec4f8e10b4a1e30c79f7d328de0c870fee1,2019-05,Lancashire Constabulary,Lancashire Constabulary,,,No Location,,,Violence and sexual offences,Status update unavailable,
0b4f45bc8d9db77b2c744ed84b6700b4b07d2b2cc58585d44dd6cfe49ed833b8,2019-05,Lancashire Constabulary,Lancashire Constabulary,,,No Location,,,Violence and sexual offences,Status update unavailable,
60b04c9d85f889ba056a774ee1e8825b8b611880b9bddd7ea6f352dfb6251a1d,2019-05,Lancashire Constabulary,Lancashire Constabulary,,,No Location,,,Violence and sexual offences,Status update unavailable,
505bc1978b50f3fc3eaffae033a7cef664d564e2a66c128f57beb4e70a3b4e05,2019-05,Lancashire Constabulary,Lancashire Constabulary,,,No Location,,,Violence and sexual offences,Unable to prosecute suspect,
9afc6b79ca25e44d319119c40477874197f4c6aa5137e7dc933dec34a96cb7d5,2019-05,Lancashire Constabulary,Lancashire Constabulary,,,No Location,,,Violence and sexual offences,Unable to prosecute suspect,
e46d78fe5b412450d58fccd496b2aa7a19cb33dd0652404e891b76146924c434,2019-05,Lancashire Constabulary,Lancashire Constabulary,,,No Location,,,Violence and sexual offences,Status update unavailable,
3b66581f83359163904b60adf72644df66d3f901146f327b91fc6e2f3e6fa7ef,2019-05,Lancashire Constabulary,Lancashire Constabulary,,,No Location,,,Violence and sexual offences,Status update unavailable,
21494566bf246c4c0e4ddd5552d5f6e7b8c7417ed0a6b768b33add132e47e775,2019-05,Lancashire Constabulary,Lancashire Constabulary,,,No Location,,,Violence and sexual offences,Unable to prosecute suspect,
5d6c1e9f04f2e5b3292a65463db1d365319ae91aade0e6eb0459beb75da0e9e5,2019-05,Lancashire Constabulary,Lancashire Constabulary,,,No Location,,,Violence and sexual offences,Status update unavailable,
52e3cc32a8c4508816e951bead798ddc5eb322a08f9abe13d1fa442116cd6df2,2019-05,Lancashire Constabulary,Lancashire Constabulary,,,No Location,,,Violence and sexual offences,Status update unavailable,
328839d61459970fff1d3253ebe11d70f22db2d0ab9fed3481a673923e18f095,2019-05,Lancashire Constabulary,Lancashire Constabulary,,,No Location,,,Violence and sexual offences,Status update unavailable,
f24fde61bbb07d4abd5a89fbcecdd8e3694d5e30538fba812fac5d6c637ab161,2019-05,Lancashire Constabulary,Lancashire Constabulary,,,No Location,,,Violence and sexual offences,Status update unavailable,
55d9d8ce2513e6faddf30d845fc379006cd3f8bd309837d9ef0bf853784d5af6,2019-05,Lancashire Constabulary,Lancashire Constabulary,,,No Location,,,Violence and sexual offences,Unable to prosecute suspect,
6348ac9f9ec1a9d12dc00439b0c999372949bdfdbb623148c5694cf7b7a4203e,2019-05,Lancashire Constabulary,Lancashire Constabulary,,,No Location,,,Violence and sexual offences,Unable to prosecute suspect,
1b424e316345f517911ce68ac10278eecff800c9bda5b13eb8f282b3766d42f3,2019-05,Lancashire Constabulary,Lancashire Constabulary,,,No Location,,,Violence and sexual offences,Unable to prosecute suspect,
7f89b09aee6c3da3eb56d969fbd0a71e703bd8278c52c2ee6686ac135b8cb7f4,2019-05,Lancashire Constabulary,Lancashire Constabulary,,,No Location,,,Violence and sexual offences,Unable to prosecute suspect,
1bfab243c065a2fd3c9cfc1caba4f966240524f34a6cfb7e80a2218b0aae304e,2019-05,Lancashire Constabulary,Lancashire Constabulary,,,No Location,,,Violence and sexual offences,Status update unavailable,
46d21238357385dd854ea718337c08970674b3f17c67eb236db619e01a9795cb,2019-05,Lancashire Constabulary,Lancashire Constabulary,,,No Location,,,Violence and sexual offences,Status update unavailable,
ec7e67dc5b2a0c97c629dd45d08702566930a9f0bc4330f9793dea25faf3853f,2019-05,Lancashire Constabulary,Lancashire Constabulary,,,No Location,,,Violence and sexual offences,Status update unavailable,
cdaa8482e8a3496e2485c5ea6e9c9dd9d230972472766a9e8ad7aaf700e121cd,2019-05,Lancashire Constabulary,Lancashire Constabulary,,,No Location,,,Violence and sexual offences,Status update unavailable,
9fd802188753ac34182a617b7a53388f7cdd2c0e07c1285e069baa207cde164f,2019-05,Lancashire Constabulary,Lancashire Constabulary,,,No Location,,,Violence and sexual offences,Unable to prosecute suspect,
80d4ca71e8fbad8720ba54ddd46ab63be86270804e9d965aea5fd7846bd71116,2019-05,Lancashire Constabulary,Lancashire Constabulary,,,No Location,,,Violence and sexual offences,Unable to prosecute suspect,
ae8f02998e285e1006a9adcc35b2bf7711b379d8eb1414b17517638e6278e40b,2019-05,Lancashire Constabulary,Lancashire Constabulary,,,No Location,,,Violence and sexual offences,Status update unavailable,
cde6a08df8bb6cb406058a6d5d12c9d6995bbd6c287e6c003d752f629105133a,2019-05,Lancashire Constabulary,Lancashire Constabulary,,,No Location,,,Violence and sexual offences,Unable to prosecute suspect,
e462e4b163abb66867979873d4340385e86c9a5671cddb164e2356bd4401dd78,2019-05,Lancashire Constabulary,Lancashire Constabulary,,,No Location,,,Violence and sexual offences,Status update unavailable,
f3e90d1aa06fff06fa06375defd07149474bac749e42548a9ca824309761302b,2019-05,Lancashire Constabulary,Lancashire Constabulary,,,No Location,,,Violence and sexual offences,Unable to prosecute suspect,
c61ebd5c37fe96cdd24a4635d46375a44631e267debb559560481f29cf6f5d9e,2019-05,Lancashire Constabulary,Lancashire Constabulary,,,No Location,,,Violence and sexual offences,Unable to prosecute suspect,
890b01a07739e461b9bbe684df509ee6c602bc210ae90552fa899d155acb1826,2019-05,Lancashire Constabulary,Lancashire Constabulary,,,No Location,,,Violence and sexual offences,Action to be taken by another organisation,
87eeae23e96532d35d7a728ca74d1a1959c77e47766eb63478bcd4185e78d1f8,2019-05,Lancashire Constabulary,Lancashire Constabulary,,,No Location,,,Violence and sexual offences,Status update unavailable,
ce498e9ddac724ecb3dd4f408ff82dddbd459181c9bb81c1c52a16eaaff21c45,2019-05,Lancashire Constabulary,Lancashire Constabulary,,,No Location,,,Violence and sexual offences,Unable to prosecute suspect,
800b9048e3e56da2f8d03741f1776aea94598b497253103b76b47d0ad9aa4c95,2019-05,Lancashire Constabulary,Lancashire Constabulary,,,No Location,,,Violence and sexual offences,Unable to prosecute suspect,
3761c597cfa133e700ce193f88b79cb4d5c0c9f76818da06a070208d63c9ee4e,2019-05,Lancashire Constabulary,Lancashire Constabulary,,,No Location,,,Violence and sexual offences,Status update unavailable,
3648ca7fac62b78d0de11631f620222cd0e25179a14646a20867272513e2c728,2019-05,Lancashire Constabulary,Lancashire Constabulary,,,No Location,,,Violence and sexual offences,Unable to prosecute suspect,
29518771e8b615ac17e2d2afbb266adeb1577489f6a8dd516e22958f3d543b83,2019-05,Lancashire Constabulary,Lancashire Constabulary,,,No Location,,,Violence and sexual offences,Status update unavailable,
1940ebccb014858ca6efab1190e2b0cc4353ba6fdd056320299c49e7cfbae1e9,2019-05,Lancashire Constabulary,Lancashire Constabulary,,,No Location,,,Violence and sexual offences,Unable to prosecute suspect,
748c3cce604907fb33f39db38ed88d13ae3520ebdad61c39d266153f417e4575,2019-05,Lancashire Constabulary,Lancashire Constabulary,,,No Location,,,Violence and sexual offences,Status update unavailable,
61b1fee7e2a606358b6528e40888de63be1f0b00f30e105c835732b019c83e51,2019-05,Lancashire Constabulary,Lancashire Constabulary,,,No Location,,,Violence and sexual offences,Status update unavailable,
4b724ed881922edc52b729966724a26bc21f3cab7d71dd0dae22e407f9890817,2019-05,Lancashire Constabulary,Lancashire Constabulary,,,No Location,,,Violence and sexual offences,Status update unavailable,
3bd08579e95801654ad35e3c677b4f7c3c69774e38bf28d1c4699cd89dd0495b,2019-05,Lancashire Constabulary,Lancashire Constabulary,,,No Location,,,Violence and sexual offences,Unable to prosecute suspect,
aa694a039879bfb2359b253bc1aa8e7b916eaf24bc48cfdf56b5f7abf0988c69,2019-05,Lancashire Constabulary,Lancashire Constabulary,,,No Location,,,Violence and sexual offences,Status update unavailable,
ab809b96efe26c0778cc021ed68ecdcfaea4fca42e80ba11e92522680200de7d,2019-05,Lancashire Constabulary,Lancashire Constabulary,,,No Location,,,Violence and sexual offences,Unable to prosecute suspect,
88a9e5c17d44d3e9506d44b7f2cf30d9419fc3ac2380b692a58a4c1ae5e6005a,2019-05,Lancashire Constabulary,Lancashire Constabulary,,,No Location,,,Violence and sexual offences,Status update unavailable,
3d2df5b5e55f729031a46a012aa11e820e15f9ca3b603b1f0edfb4efaaf7e949,2019-05,Lancashire Constabulary,Lancashire Constabulary,,,No Location,,,Violence and sexual offences,Status update unavailable,
7bc42694b0c716ac7c2ca17ef75e31240998b1aeab83828cd41feedc16569fd6,2019-05,Lancashire Constabulary,Lancashire Constabulary,,,No Location,,,Violence and sexual offences,Local resolution,
72a923bc9936a035fdbc044b098d6094705e6236b298f9a378da47f1a0b2bee5,2019-05,Lancashire Constabulary,Lancashire Constabulary,,,No Location,,,Violence and sexual offences,Status update unavailable,
9bfd74cc94e2131675b0753fcc073f49ea88747090aed61c38c5ea31ed0f60af,2019-05,Lancashire Constabulary,Lancashire Constabulary,,,No Location,,,Violence and sexual offences,Status update unavailable,
642d40606145c8cfb60fec56ed3fd18200ac1fe92c67f9abffe68248aa391b35,2019-05,Lancashire Constabulary,Lancashire Constabulary,,,No Location,,,Violence and sexual offences,Status update unavailable,
cd2706c8c274e27511af68c8a52f4ea5753fc92c172f6c6222d739e1928f8710,2019-05,Lancashire Constabulary,Lancashire Constabulary,,,No Location,,,Violence and sexual offences,Unable to prosecute suspect,
43cf5141445b76a33746a879953cab00bcd7f561326d0c71597a995da17fddeb,2019-05,Lancashire Constabulary,Lancashire Constabulary,,,No Location,,,Violence and sexual offences,Status update unavailable,
d549965d297faaa27c41fbe8ba40d7cdae273c16f3c416c3bbe6968907d7c7f0,2019-05,Lancashire Constabulary,Lancashire Constabulary,,,No Location,,,Violence and sexual offences,Status update unavailable,
1014c9517241a86316d7063cf01e2d131f763f4d36029a045eee82629829a4ce,2019-05,Lancashire Constabulary,Lancashire Constabulary,,,No Location,,,Violence and sexual offences,Status update unavailable,
ba1a1ff022f5d7a1f90df93ac4e30c7ce4ec9c51c6cb72b8cde0f9c55b15ee6d,2019-05,Lancashire Constabulary,Lancashire Constabulary,,,No Location,,,Violence and sexual offences,Unable to prosecute suspect,
967e9ab4e02c50dea4b27c05bdbbc48ea9c2d6707f40d33598c9c2c0729bd948,2019-05,Lancashire Constabulary,Lancashire Constabulary,,,No Location,,,Violence and sexual offences,Status update unavailable,
b8b043da50e862d463811eee365e5c72f86bc83b433fabb79c049fe2b693de05,2019-05,Lancashire Constabulary,Lancashire Constabulary,,,No Location,,,Violence and sexual offences,Status update unavailable,
7c36792f9d43d26daec4d442712fa6c22465a11341ca627d99363d4bbd72a0ee,2019-05,Lancashire Constabulary,Lancashire Constabulary,,,No Location,,,Violence and sexual offences,Unable to prosecute suspect,
ca394615b1b661b6f28a0746b23e539d620c8ad02c7f03de0cc42ad02a87b8ce,2019-05,Lancashire Constabulary,Lancashire Constabulary,,,No Location,,,Violence and sexual offences,Further investigation is not in the public interest,
84318a845dea9290e4ce0eb28f67863dc8b0898e37bed0f6e120421aa5dd6672,2019-05,Lancashire Constabulary,Lancashire Constabulary,,,No Location,,,Violence and sexual offences,Status update unavailable,
1b4b539693fa86aaafdb1c6a5b31fe2ccb991892a2099f7bba48de1a042b3be5,2019-05,Lancashire Constabulary,Lancashire Constabulary,,,No Location,,,Violence and sexual offences,Status update unavailable,
aa0a2bddb423072d628942ec496095bac517b14d533431efc7943d41252f0db4,2019-05,Lancashire Constabulary,Lancashire Constabulary,,,No Location,,,Violence and sexual offences,Unable to prosecute suspect,
3e2bd75e3ec2c69264ac28fca63669d7f31d66368d14b15d6b5973f1fe2ebfbe,2019-05,Lancashire Constabulary,Lancashire Constabulary,,,No Location,,,Violence and sexual offences,Unable to prosecute suspect,
507c2005b19e5b5655756afde27eca0313bba998deb4d3cac9709390921279ac,2019-05,Lancashire Constabulary,Lancashire Constabulary,,,No Location,,,Violence and sexual offences,Unable to prosecute suspect,
e03b265a4855a07cc7957e28c70f6d00648a6f9cc530cd4011e275378a609612,2019-05,Lancashire Constabulary,Lancashire Constabulary,,,No Location,,,Violence and sexual offences,Status update unavailable,
51831ccb0cae072cf0d8b00127e0e4ff2d9f6034321589dd1365f7633bea5c0d,2019-05,Lancashire Constabulary,Lancashire Constabulary,,,No Location,,,Violence and sexual offences,Unable to prosecute suspect,
a89833f81a7a6a041649ae3b33a141218bc4ddbccc96747b1025976f9890a5ff,2019-05,Lancashire Constabulary,Lancashire Constabulary,,,No Location,,,Violence and sexual offences,Unable to prosecute suspect,
2b3642da9f61a7e7e2564b590bf1c8d16f33fc28944cd7e0bfb9462b605dd4b2,2019-05,Lancashire Constabulary,Lancashire Constabulary,,,No Location,,,Violence and sexual offences,Unable to prosecute suspect,
9aff48a4d4699d2ef5ff67dad7af57a8b81b71c9a4506629ae8068d6d9abb918,2019-05,Lancashire Constabulary,Lancashire Constabulary,,,No Location,,,Violence and sexual offences,Unable to prosecute suspect,
4544e862b1419b5bec6b976bc0e8d4bded93b861df29c92fed13daf0e5ee3d45,2019-05,Lancashire Constabulary,Lancashire Constabulary,,,No Location,,,Violence and sexual offences,Status update unavailable,
36dfef686d987b0bf47f1bde7a2829251e85da6e59ef1859be172a8a6f99cde1,2019-05,Lancashire Constabulary,Lancashire Constabulary,,,No Location,,,Violence and sexual offences,Status update unavailable,
d646d650ab1606b6d706b26950b2f804a3f17b0a7be01e844f7f8caa778f015d,2019-05,Lancashire Constabulary,Lancashire Constabulary,,,No Location,,,Violence and sexual offences,Unable to prosecute suspect,
77d1887ae36fadf7b0a959e360d0e4cd1c69851450cae12600f9680978d7a0a6,2019-05,Lancashire Constabulary,Lancashire Constabulary,,,No Location,,,Violence and sexual offences,Status update unavailable,
c9f0134b7d9a07b0dc1a184122a30f10d371ab6dc4ef2d34277d5f7312ed8bb1,2019-05,Lancashire Constabulary,Lancashire Constabulary,,,No Location,,,Violence and sexual offences,Status update unavailable,
bd01fe663781beb6736ae68b80a3d32ad831cc9c2db3c0ad096ddbbda82de1bc,2019-05,Lancashire Constabulary,Lancashire Constabulary,,,No Location,,,Violence and sexual offences,Unable to prosecute suspect,
4bfe6db2b37d4078328e29a974bc014144049cd8ea5719977469ca5b23dece0d,2019-05,Lancashire Constabulary,Lancashire Constabulary,,,No Location,,,Violence and sexual offences,Unable to prosecute suspect,
671cb142e7a99bd12bf80e6232de32e2193e5caba24186164c19c7025e728bca,2019-05,Lancashire Constabulary,Lancashire Constabulary,,,No Location,,,Violence and sexual offences,Status update unavailable,
249ed36631260c18ab8ea0b1107db52f64b8f4c3b96c3ddd777885b08c6abc96,2019-05,Lancashire Constabulary,Lancashire Constabulary,,,No Location,,,Violence and sexual offences,Unable to prosecute suspect,
bde3bab7eb4a8957bf735233df315c231c78d5b25f1057a4305fff374faec6c2,2019-05,Lancashire Constabulary,Lancashire Constabulary,,,No Location,,,Violence and sexual offences,Investigation complete; no suspect identified,
8f7d116e500573b594faef162446cf3638777e4e2cd843caf03547e6a74b84de,2019-05,Lancashire Constabulary,Lancashire Constabulary,,,No Location,,,Violence and sexual offences,Status update unavailable,
88fcd8deb7c5bb55b4fb684d9823f056514359f6b008986cc5ca09d5f4ae3909,2019-05,Lancashire Constabulary,Lancashire Constabulary,,,No Location,,,Violence and sexual offences,Status update unavailable,
ee55f61d8afd215dd985a9235b6e2b79f35981fa7c60031585421f57164ff06b,2019-05,Lancashire Constabulary,Lancashire Constabulary,,,No Location,,,Violence and sexual offences,Unable to prosecute suspect,
f43a2932c8f1d53d39064f254a68c0786b6a5e1de9c502518232a4f0beb15fe0,2019-05,Lancashire Constabulary,Lancashire Constabulary,,,No Location,,,Violence and sexual offences,Status update unavailable,
68466755b9a790bc938843600ac291ffe35e3accd0f634ad840d37991b8e8d9e,2019-05,Lancashire Constabulary,Lancashire Constabulary,,,No Location,,,Violence and sexual offences,Unable to prosecute suspect,
c91760e6961d6de3a08e0e4a5aa0d769cfbd9d1b61c837d116c656338d6a3fe0,2019-05,Lancashire Constabulary,Lancashire Constabulary,,,No Location,,,Violence and sexual offences,Awaiting court outcome,
3e3a5594ede39d87114b4463eb4a1dcb2f4ae431c8b03487855dc8635977219d,2019-05,Lancashire Constabulary,Lancashire Constabulary,,,No Location,,,Violence and sexual offences,Unable to prosecute suspect,
889368c888ff20ada81039e67183cd2aff6e19c1c8d2c5fc6553e7e4f3659af5,2019-05,Lancashire Constabulary,Lancashire Constabulary,,,No Location,,,Violence and sexual offences,Status update unavailable,
9de9cacbc530d1e56aeb33c2e1b02c9fa5a6928de472196d1f6d83f7d1a4b274,2019-05,Lancashire Constabulary,Lancashire Constabulary,,,No Location,,,Violence and sexual offences,Status update unavailable,
ee2261c963a116cd1a501b48ab9f6b4d810a42662ddd8d310098691d7fab6bd0,2019-05,Lancashire Constabulary,Lancashire Constabulary,,,No Location,,,Violence and sexual offences,Status update unavailable,
0fbf630a95b85a0ea2bb0b4bb2b6d59202fbfed583ef201d53274f52646963e9,2019-05,Lancashire Constabulary,Lancashire Constabulary,,,No Location,,,Violence and sexual offences,Unable to prosecute suspect,
2880a6c3e70f15c0ccefa75d2459d55ff1dbe024ac153523f173883a16a906f4,2019-05,Lancashire Constabulary,Lancashire Constabulary,,,No Location,,,Violence and sexual offences,Unable to prosecute suspect,
2247b4d32c083200fe9b063c20c4dab3b31f4026669d80ffdc3e7cbd3f1c3705,2019-05,Lancashire Constabulary,Lancashire Constabulary,,,No Location,,,Violence and sexual offences,Unable to prosecute suspect,
30d1f1ce1e3634405dec072862121d74947a92ea41d711a46739047476b79d74,2019-05,Lancashire Constabulary,Lancashire Constabulary,,,No Location,,,Violence and sexual offences,Unable to prosecute suspect,
0d9fc217ba7e1aa114fcd8ea0db577c908055833917d9d91a84ad11da4d8dd64,2019-05,Lancashire Constabulary,Lancashire Constabulary,,,No Location,,,Violence and sexual offences,Unable to prosecute suspect,
787d45037d62ba9607ea2f48ee370a576bc502371f937d1a49719d60ff82ed37,2019-05,Lancashire Constabulary,Lancashire Constabulary,,,No Location,,,Violence and sexual offences,Action to be taken by another organisation,
6a5ac23ec4d0a8450eeffd7b840dcac6084fb982ece578e25c2ca869ce9336fd,2019-05,Lancashire Constabulary,Lancashire Constabulary,,,No Location,,,Violence and sexual offences,Unable to prosecute suspect,
158365dec417585501857ad78ae3aa12cc66ed8cb819be3e5cd3742ce56fa11b,2019-05,Lancashire Constabulary,Lancashire Constabulary,,,No Location,,,Violence and sexual offences,Unable to prosecute suspect,
023a52dc906e9b32274ef898c399e2a9d0fef19ce358ba35278c5334b9df0497,2019-05,Lancashire Constabulary,Lancashire Constabulary,,,No Location,,,Violence and sexual offences,Unable to prosecute suspect,
90e02f0c6fa4fe4303e45455d377fb16f25b7b855f68233ca4642a9d043fd100,2019-05,Lancashire Constabulary,Lancashire Constabulary,,,No Location,,,Violence and sexual offences,Status update unavailable,
80bad951153ba38dffd3323a8584268c61e901f3d9daf2b4fb6621d0f453b854,2019-05,Lancashire Constabulary,Lancashire Constabulary,,,No Location,,,Violence and sexual offences,Status update unavailable,
c0b7cfad71513064107314ccdcc1a5d7cd7c1582a3713b5f99d6809c34d6f62f,2019-05,Lancashire Constabulary,Lancashire Constabulary,,,No Location,,,Violence and sexual offences,Unable to prosecute suspect,
09ec794bd9eab3b7957b45cb59e84e55f9117d71133ee8f000aaa2585aa76d94,2019-05,Lancashire Constabulary,Lancashire Constabulary,,,No Location,,,Violence and sexual offences,Status update unavailable,
a3a8ce353c9261365b9d404d30a67eb7007df7fcbfc10a7eae40648fc35a0ede,2019-05,Lancashire Constabulary,Lancashire Constabulary,,,No Location,,,Violence and sexual offences,Unable to prosecute suspect,
465648085a61a3e9205512ca33bee1ebdecfec7e5d4cba7049b7946ba23b4dbb,2019-05,Lancashire Constabulary,Lancashire Constabulary,,,No Location,,,Violence and sexual offences,Unable to prosecute suspect,
549f94e2d809764e6b64b0a163ab153b169bc4da908971e870b92b1d8bf55b8a,2019-05,Lancashire Constabulary,Lancashire Constabulary,,,No Location,,,Violence and sexual offences,Status update unavailable,
37c7309017d5e102c68a0a4909e8c49d9b9bde6c72c723028701f8f44b8659fd,2019-05,Lancashire Constabulary,Lancashire Constabulary,,,No Location,,,Violence and sexual offences,Status update unavailable,
b8691b7f76a16befa0117c481e57dcad54cf1e21c717781e226d0e729448a94e,2019-05,Lancashire Constabulary,Lancashire Constabulary,,,No Location,,,Violence and sexual offences,Unable to prosecute suspect,
95b4b12d5764aa5b59351e979130862d63b679acf5d23d58b0cd5e73908e468b,2019-05,Lancashire Constabulary,Lancashire Constabulary,,,No Location,,,Violence and sexual offences,Unable to prosecute suspect,
28c7fc697701a43f77f9b31db9a2cf3c5fe9b722fd06e4e52e651eea9ffbfe82,2019-05,Lancashire Constabulary,Lancashire Constabulary,,,No Location,,,Violence and sexual offences,Status update unavailable,
f34083ecc70d6190bd4c6109e970b080cf2e5285f52ebf348244b7f87e48112a,2019-05,Lancashire Constabulary,Lancashire Constabulary,,,No Location,,,Violence and sexual offences,Unable to prosecute suspect,
c929b2c68505105fc8075f5ac6f9e495ac84f5d50f8bd5dda40f9873c0a3d914,2019-05,Lancashire Constabulary,Lancashire Constabulary,,,No Location,,,Violence and sexual offences,Status update unavailable,
c59a01562645b42e79f56abb0cc83accb7e692acf135ccfc1bccfca756cb90c0,2019-05,Lancashire Constabulary,Lancashire Constabulary,,,No Location,,,Violence and sexual offences,Status update unavailable,
5959a440c9d3e8ec46c5da63336ff6549a0d6a20fc543a0ce23f9247f4a08264,2019-05,Lancashire Constabulary,Lancashire Constabulary,,,No Location,,,Violence and sexual offences,Status update unavailable,
91fa43deb371333a6a86eb7b3db98a3dc058e32d1a43eebe252008be07bfad99,2019-05,Lancashire Constabulary,Lancashire Constabulary,,,No Location,,,Violence and sexual offences,Unable to prosecute suspect,
34b971440d89498b1f6c1f7d0f5121052cb2ab3f870b3eab24ff20b82c84ff99,2019-05,Lancashire Constabulary,Lancashire Constabulary,,,No Location,,,Violence and sexual offences,Formal action is not in the public interest,
59ac4a22fd2af616158899d639949982e54b8cf94cf194edc6cb6624786cddfb,2019-05,Lancashire Constabulary,Lancashire Constabulary,,,No Location,,,Violence and sexual offences,Status update unavailable,
072982e2a3f4c5d8a1fe34546d99425e246c4a03cddc08c460752bdf03caddb8,2019-05,Lancashire Constabulary,Lancashire Constabulary,,,No Location,,,Violence and sexual offences,Status update unavailable,
46edd5c60c2668a4cb6bcd743956177c3c0f8ad3a3d3ebfc32696eec7013b1fc,2019-05,Lancashire Constabulary,Lancashire Constabulary,,,No Location,,,Violence and sexual offences,Status update unavailable,
dfbc52e8300d209eb9442b840fc02c570949fdc9bc27923d14baf0860e13b6df,2019-05,Lancashire Constabulary,Lancashire Constabulary,,,No Location,,,Violence and sexual offences,Unable to prosecute suspect,
a5463ea3d6900064827b562567ad678c2f59058b17f0913aaf628c1634287115,2019-05,Lancashire Constabulary,Lancashire Constabulary,,,No Location,,,Violence and sexual offences,Status update unavailable,
23c9c3a395d45ede4273d885023ee52e3afc94db24b5a7c7648c29a089573e81,2019-05,Lancashire Constabulary,Lancashire Constabulary,,,No Location,,,Violence and sexual offences,Unable to prosecute suspect,
1fad914e5c6c7b97d93dd6da40f86fdfaaf7ac261623f588caa2831fd1c3a049,2019-05,Lancashire Constabulary,Lancashire Constabulary,,,No Location,,,Violence and sexual offences,Status update unavailable,
f52ff24f661072e688875c9634189893be05c14406d67fad5f11015320113c5f,2019-05,Lancashire Constabulary,Lancashire Constabulary,,,No Location,,,Violence and sexual offences,Status update unavailable,
2057681b7846cbf5e5fd7f7bf8c427f14f66cea279ce7f7a44a08607cae9dc8c,2019-05,Lancashire Constabulary,Lancashire Constabulary,,,No Location,,,Violence and sexual offences,Status update unavailable,
9c70f316e5ee43c7b0659a6cc84a5d4f027b650ba0cdaa03b71d051610c4e2c3,2019-05,Lancashire Constabulary,Lancashire Constabulary,,,No Location,,,Violence and sexual offences,Status update unavailable,
3c3a73e8c9af306598802254173d9544c4e7515fe9e4f18182e5e1d080da5512,2019-05,Lancashire Constabulary,Lancashire Constabulary,,,No Location,,,Violence and sexual offences,Awaiting court outcome,
1c52348dc2e4311ec33d54f9cb814fac25a92f4d10c25a8d311c59093c01c581,2019-05,Lancashire Constabulary,Lancashire Constabulary,,,No Location,,,Violence and sexual offences,Status update unavailable,
ee27b46a5e5385863c5ff4a64987306284bbb630bcefb874f3ef6ce996a61f83,2019-05,Lancashire Constabulary,Lancashire Constabulary,,,No Location,,,Violence and sexual offences,Status update unavailable,
daa3125a74534ceb988d720a507de5499b6317f70ba1cb2a3f07c4a7ff24adc4,2019-05,Lancashire Constabulary,Lancashire Constabulary,,,No Location,,,Violence and sexual offences,Unable to prosecute suspect,
488b8ffd6765330816c37d1cc0ed59dce2f6414c786265d5ee27c867549e9ce8,2019-05,Lancashire Constabulary,Lancashire Constabulary,,,No Location,,,Violence and sexual offences,Unable to prosecute suspect,
0ffae25708e4e8e02d18e49a8e4c663e3ffa3f31737e343e7b23559040f8a559,2019-05,Lancashire Constabulary,Lancashire Constabulary,,,No Location,,,Violence and sexual offences,Further investigation is not in the public interest,
c74ae85005dadb12f4deb1995f07db907f572b16825795e3f20c059b5bf834b3,2019-05,Lancashire Constabulary,Lancashire Constabulary,,,No Location,,,Violence and sexual offences,Status update unavailable,
3c47e7bb33de99db11e056852fc812a4f9e0fae96bc961b0380230163f285cf5,2019-05,Lancashire Constabulary,Lancashire Constabulary,,,No Location,,,Violence and sexual offences,Unable to prosecute suspect,
3f456c959792df9c61e3ad8088cd70a9b0d9b06f7a73b99a3b4c695b2278ba1d,2019-05,Lancashire Constabulary,Lancashire Constabulary,,,No Location,,,Violence and sexual offences,Unable to prosecute suspect,
2cacc29acd876db30f15a4af5c92c233461dc5242f81591ab7dc10f8f1c18461,2019-05,Lancashire Constabulary,Lancashire Constabulary,,,No Location,,,Violence and sexual offences,Status update unavailable,
6120ad859cecf1eb994a16f023f0ac4dba274e0950c26e58cbdc42fadc9057a6,2019-05,Lancashire Constabulary,Lancashire Constabulary,,,No Location,,,Violence and sexual offences,Status update unavailable,
282c4f0afed4c8d11f79ccc8c46eebc0b5c8455ae580d2546144de4f889ca479,2019-05,Lancashire Constabulary,Lancashire Constabulary,,,No Location,,,Violence and sexual offences,Status update unavailable,
ffa674c5efb1f89a0d23dcbe0d2a95611962c2fa20cd40a269d9473e9627291c,2019-05,Lancashire Constabulary,Lancashire Constabulary,,,No Location,,,Violence and sexual offences,Status update unavailable,
29082df519ba0d82321f3e94a7c11bba66252e022fc58ace96203e826178f8d7,2019-05,Lancashire Constabulary,Lancashire Constabulary,,,No Location,,,Violence and sexual offences,Status update unavailable,
4f12bd12327b7e87957d33bbbd5428000428557f48cd4321e3daeda31bd7d92e,2019-05,Lancashire Constabulary,Lancashire Constabulary,,,No Location,,,Violence and sexual offences,Status update unavailable,
2f870b717c2159d5473222c625eb4b9ee9c99ec5fa661dbc98bc0f8a5d01e13f,2019-05,Lancashire Constabulary,Lancashire Constabulary,,,No Location,,,Violence and sexual offences,Status update unavailable,
48aef78c40a326df30e7d5363b3e9e668681e83ed16054999ca988a99b9b8e0b,2019-05,Lancashire Constabulary,Lancashire Constabulary,,,No Location,,,Violence and sexual offences,Status update unavailable,
19a24c57df4c9c9cf3e7a1be488987a66226c650df671c1a14c80de5291d77e6,2019-05,Lancashire Constabulary,Lancashire Constabulary,,,No Location,,,Violence and sexual offences,Unable to prosecute suspect,
1dc1f4ae1aa566bc223734acfb6b1dcfb04ffd1acd7dee3882c3c6b35573eddf,2019-05,Lancashire Constabulary,Lancashire Constabulary,,,No Location,,,Violence and sexual offences,Unable to prosecute suspect,
4d62fba29cc1de72962e62b489c71220156f8a548d20a1f0f0583fc62b825493,2019-05,Lancashire Constabulary,Lancashire Constabulary,,,No Location,,,Violence and sexual offences,Status update unavailable,
f2e89400c99c79f178f4e6edd9ef70ed8efc7cf7f6e720abbe9be2f1d1167480,2019-05,Lancashire Constabulary,Lancashire Constabulary,,,No Location,,,Violence and sexual offences,Status update unavailable,
f4e03bb7c20135358be75146cdd7fa8aa930120216dda4393a6dd4558ff84c97,2019-05,Lancashire Constabulary,Lancashire Constabulary,,,No Location,,,Violence and sexual offences,Local resolution,
00d4a81d36e31da2b04b0505605c782d0d2cf2627c56826b5984fcf94548881c,2019-05,Lancashire Constabulary,Lancashire Constabulary,,,No Location,,,Violence and sexual offences,Status update unavailable,
8a9f2c4a0982e55986467b693757875d3fa524d87c64f429f1abfa85482ed604,2019-05,Lancashire Constabulary,Lancashire Constabulary,,,No Location,,,Violence and sexual offences,Status update unavailable,
69eb114f78e001e5c462f1cffaf7f835e7a512d7f29d0dec77ce5635ceb35209,2019-05,Lancashire Constabulary,Lancashire Constabulary,,,No Location,,,Violence and sexual offences,Status update unavailable,
5d21fa41d1072ace861e870d81fbc86319694bfe59a3f84c779e2dcdef6c0c71,2019-05,Lancashire Constabulary,Lancashire Constabulary,,,No Location,,,Violence and sexual offences,Status update unavailable,
a36933379a9e947a8aae306d4fc1c09615b142055c028e7ffb690977824f6d49,2019-05,Lancashire Constabulary,Lancashire Constabulary,,,No Location,,,Violence and sexual offences,Status update unavailable,
6ade2227d956757b8bc4508aff5f75a1e6586e4da73ffeaadbca14fe62f0e582,2019-05,Lancashire Constabulary,Lancashire Constabulary,,,No Location,,,Violence and sexual offences,Unable to prosecute suspect,
7a694f2ca0cd0f674b0c78c7707fd6a9d1dfd1b6687d16c825f4ecff149c9508,2019-05,Lancashire Constabulary,Lancashire Constabulary,,,No Location,,,Violence and sexual offences,Status update unavailable,
04ce58b87a19076eef76938dfbc0f4b1c97462beacb8bdb14716a733be101da1,2019-05,Lancashire Constabulary,Lancashire Constabulary,,,No Location,,,Violence and sexual offences,Unable to prosecute suspect,
8ce500e116a84dede7bd12b8a915998b5f9375e81bc2628b308edb4f8ce52e38,2019-05,Lancashire Constabulary,Lancashire Constabulary,,,No Location,,,Violence and sexual offences,Unable to prosecute suspect,
430b2107c26bf21886b78e16f1a3c90b4bcb52f787d03d02de4ba40b64322573,2019-05,Lancashire Constabulary,Lancashire Constabulary,,,No Location,,,Violence and sexual offences,Awaiting court outcome,
2eb2c2a282f2cdc8c1207c81245a07ce214311dae2f38144f21b4ceacb63f720,2019-05,Lancashire Constabulary,Lancashire Constabulary,,,No Location,,,Violence and sexual offences,Unable to prosecute suspect,
4ee524886f12027ad74d518d83e3e0c0a5d7c6e8a85b709db280f0a248a37fff,2019-05,Lancashire Constabulary,Lancashire Constabulary,,,No Location,,,Violence and sexual offences,Status update unavailable,
6473e84f470ea31ef9a848118f30f2dc7ff9c6d2ebb5b2672d5772e89071aa51,2019-05,Lancashire Constabulary,Lancashire Constabulary,,,No Location,,,Violence and sexual offences,Unable to prosecute suspect,
87debb900c4345dbf46ddd9360598921e10f5da68e738adfcd3d833679146017,2019-05,Lancashire Constabulary,Lancashire Constabulary,,,No Location,,,Violence and sexual offences,Status update unavailable,
5d83810a30930874b0d1dcd6eb9fec88af68b84e38a86db8c36bd47de9702eba,2019-05,Lancashire Constabulary,Lancashire Constabulary,,,No Location,,,Violence and sexual offences,Unable to prosecute suspect,
fa170ab2974c75348d12a2edfbbcd576c6fa32f613af2878dba2fc03808c33fb,2019-05,Lancashire Constabulary,Lancashire Constabulary,,,No Location,,,Violence and sexual offences,Status update unavailable,
1a2c0916eb050e82d63f56aa3382a56fc981b22f19314b39d739cc4fa1f09e05,2019-05,Lancashire Constabulary,Lancashire Constabulary,,,No Location,,,Violence and sexual offences,Status update unavailable,
a7035054a4233f11e06542a294d369c21333c073bc55c7e753c9587c6d76b874,2019-05,Lancashire Constabulary,Lancashire Constabulary,,,No Location,,,Violence and sexual offences,Status update unavailable,
16bf691c35c0b4dec23c83c163fae371c778bbef3ba62246b69790e0470e30cf,2019-05,Lancashire Constabulary,Lancashire Constabulary,,,No Location,,,Violence and sexual offences,Status update unavailable,
bc75a7a216ff20785d4062209f5d43c38eca3e9ec8c2727bedf0993210bf3538,2019-05,Lancashire Constabulary,Lancashire Constabulary,,,No Location,,,Violence and sexual offences,Status update unavailable,
79b9df90c19685872b4665d38b04c2fb31368c837208d176f562df1103cf9fe7,2019-05,Lancashire Constabulary,Lancashire Constabulary,,,No Location,,,Violence and sexual offences,Status update unavailable,
d486229c74be2be1979d5a78783a49e62db2360e8b07fc2d094e6bbfa51663a5,2019-05,Lancashire Constabulary,Lancashire Constabulary,,,No Location,,,Violence and sexual offences,Unable to prosecute suspect,
8f3e3498e070ee6edea847b14292267cdc0f5d6ac9b49d83d11d4334fd11e9cb,2019-05,Lancashire Constabulary,Lancashire Constabulary,,,No Location,,,Violence and sexual offences,Unable to prosecute suspect,
71dd911b5a8fd7b4643a66c8bc0cb8a0168140efc8b41d32cc0cff3aeeaf5ff9,2019-05,Lancashire Constabulary,Lancashire Constabulary,,,No Location,,,Violence and sexual offences,Status update unavailable,
26104684aa99f951b649a3009f9d5cbaa76358d78cf804ebb028c84d738f059d,2019-05,Lancashire Constabulary,Lancashire Constabulary,,,No Location,,,Violence and sexual offences,Status update unavailable,
04d3a52b0d4ab5f0d14484e85449cb1efd82e907c1a3fa00efe6f89338613d3a,2019-05,Lancashire Constabulary,Lancashire Constabulary,,,No Location,,,Violence and sexual offences,Status update unavailable,
cf2320b6117b1a461434783986ed8b044c8f0c7a846e966a98f2e36c4510afa8,2019-05,Lancashire Constabulary,Lancashire Constabulary,,,No Location,,,Violence and sexual offences,Status update unavailable,
0f07304d2da66e757adcb26dc42c451c8c09f51b5db26155dec036769c90d308,2019-05,Lancashire Constabulary,Lancashire Constabulary,,,No Location,,,Violence and sexual offences,Unable to prosecute suspect,
02390c378f854157b3ba39336d36042725b87cafb25dec7feef9f287d65fda3d,2019-05,Lancashire Constabulary,Lancashire Constabulary,,,No Location,,,Violence and sexual offences,Status update unavailable,
a3aefc9e7a7a6bdb2b7cc25b04455f12fa864781ae944482fd75102b879e7a64,2019-05,Lancashire Constabulary,Lancashire Constabulary,,,No Location,,,Violence and sexual offences,Unable to prosecute suspect,
100a2f43705a966bd58aa56d92bf6bd5f24c0cf7480d877660bf2494ebe5e545,2019-05,Lancashire Constabulary,Lancashire Constabulary,,,No Location,,,Violence and sexual offences,Status update unavailable,
c00a77a9e169086d3ae9db6c17bdf67478d4c2f9426f173e747bfe570a548378,2019-05,Lancashire Constabulary,Lancashire Constabulary,,,No Location,,,Violence and sexual offences,Status update unavailable,
e48195a2ad34e0e1d20bea49eee71f6794452efc351e0ba48077ce5e6c43c9fd,2019-05,Lancashire Constabulary,Lancashire Constabulary,,,No Location,,,Violence and sexual offences,Status update unavailable,
987db9f9fcebf5e5511daf4d64fcc358c45c5e2c94ead69a394639a30b30a52d,2019-05,Lancashire Constabulary,Lancashire Constabulary,,,No Location,,,Violence and sexual offences,Unable to prosecute suspect,
814ce92e6d90d672298750848cacf345a2b81a0b9195a74e0600f9b7332accdd,2019-05,Lancashire Constabulary,Lancashire Constabulary,,,No Location,,,Violence and sexual offences,Action to be taken by another organisation,
1aeab01d1aaaf695f02f2c95e69166d129edafd326c1ff08db31edcd4c157729,2019-05,Lancashire Constabulary,Lancashire Constabulary,,,No Location,,,Violence and sexual offences,Unable to prosecute suspect,
595531ad95e6727dbc12a45b562ad90a6160c3c5d4752763ed02003fe2a63661,2019-05,Lancashire Constabulary,Lancashire Constabulary,,,No Location,,,Violence and sexual offences,Unable to prosecute suspect,
2121b9ec544108dad71caa1900cc8b20c5b4e50d77f34db1b0984ad1e0176a82,2019-05,Lancashire Constabulary,Lancashire Constabulary,,,No Location,,,Violence and sexual offences,Status update unavailable,
1b6fc96aa7215178db366f2fd9fef8ab4e921e01af8bd3351ce08314c5074772,2019-05,Lancashire Constabulary,Lancashire Constabulary,,,No Location,,,Violence and sexual offences,Unable to prosecute suspect,
28ca3098c170698025ed8382bfdde79be1f7a4777f91e6c663583df14df48f87,2019-05,Lancashire Constabulary,Lancashire Constabulary,,,No Location,,,Violence and sexual offences,Unable to prosecute suspect,
f1b8c2ee42ea7252c5ea0a80366f5707f88f674e55809f8603edd1e9b48e8b1a,2019-05,Lancashire Constabulary,Lancashire Constabulary,,,No Location,,,Violence and sexual offences,Unable to prosecute suspect,
752aab664b65b98306d28e1de75b81fb949967b5531fba898517bd94e3f44518,2019-05,Lancashire Constabulary,Lancashire Constabulary,,,No Location,,,Violence and sexual offences,Status update unavailable,
2ed1da0f3b8dfab9359b225d9452dbd0a7d00c7dbeb765d4c89c6f10ac43ed63,2019-05,Lancashire Constabulary,Lancashire Constabulary,,,No Location,,,Violence and sexual offences,Unable to prosecute suspect,
d1de478491ec938dd25dadbb7f9cc34ca7cb19bcfe03c2e8d41e20a993f87362,2019-05,Lancashire Constabulary,Lancashire Constabulary,,,No Location,,,Violence and sexual offences,Unable to prosecute suspect,
4f8316f1bbe4623c763dab242d2bb484e0cb1c841cdeeeb65818d7dd7745de73,2019-05,Lancashire Constabulary,Lancashire Constabulary,,,No Location,,,Violence and sexual offences,Status update unavailable,
185e9e98f83ddfe8726ca0025a383f30171adecbb43e82497f181355f45281cd,2019-05,Lancashire Constabulary,Lancashire Constabulary,,,No Location,,,Violence and sexual offences,Awaiting court outcome,
ccc868c5350fde349eb8522d266e0fa4d65f4467be7636c2b344209f9f7db5a6,2019-05,Lancashire Constabulary,Lancashire Constabulary,,,No Location,,,Violence and sexual offences,Unable to prosecute suspect,
99d59dbfecaa2d76be0cc78fc482c70024daaf84c4bcf1ec3d3d568bc176a805,2019-05,Lancashire Constabulary,Lancashire Constabulary,,,No Location,,,Violence and sexual offences,Unable to prosecute suspect,
df38ac8a9c49de20a57e60706909e2cfb12c53e89082416434a19dc80c41f61c,2019-05,Lancashire Constabulary,Lancashire Constabulary,,,No Location,,,Violence and sexual offences,Status update unavailable,
524bce7fed1b8db46c03b9f97afa6765ff1e04384f2a9fd80f3e3a0dcc6389c1,2019-05,Lancashire Constabulary,Lancashire Constabulary,,,No Location,,,Violence and sexual offences,Status update unavailable,
9b288ce9138e9f858c75ca3a2dc8e015b39cf91cacf44e0e0ed6a2233f3e7387,2019-05,Lancashire Constabulary,Lancashire Constabulary,,,No Location,,,Violence and sexual offences,Awaiting court outcome,
622538b4984e6aaf065c2807200d9cbaa7a1c879ae15862dfae06c9911b8d5d5,2019-05,Lancashire Constabulary,Lancashire Constabulary,,,No Location,,,Violence and sexual offences,Status update unavailable,
1588875426e0069657c43084cc06ccf76e338c2d5921a842e3cc61d246f09733,2019-05,Lancashire Constabulary,Lancashire Constabulary,,,No Location,,,Violence and sexual offences,Status update unavailable,
b4d412dc8d6e949b046c2d5047625b71b8a759c8d13b90308d30cca494808f21,2019-05,Lancashire Constabulary,Lancashire Constabulary,,,No Location,,,Violence and sexual offences,Unable to prosecute suspect,
4c792d648b87d4f5490c50bde8d6f6cdcde24e09f1a56297242ea98dc43f9367,2019-05,Lancashire Constabulary,Lancashire Constabulary,,,No Location,,,Violence and sexual offences,Status update unavailable,
7e3f84d8ce5d26dd60b6f556b705a8d0a9d952d8aebe94342b33d055525d2a36,2019-05,Lancashire Constabulary,Lancashire Constabulary,,,No Location,,,Violence and sexual offences,Local resolution,
9e937616a5b5867d95b3e863b787eea89576ab56ec3755f9301cadfdc232477a,2019-05,Lancashire Constabulary,Lancashire Constabulary,,,No Location,,,Violence and sexual offences,Status update unavailable,
2056d049f055ed915c7c02181c01a62b1b6332c110588aa1d95b79b9b8d3de78,2019-05,Lancashire Constabulary,Lancashire Constabulary,,,No Location,,,Violence and sexual offences,Awaiting court outcome,
61ce75a311f6819bfadab4251ef079332724df7da469ff4d9487327732e7bed7,2019-05,Lancashire Constabulary,Lancashire Constabulary,,,No Location,,,Violence and sexual offences,Unable to prosecute suspect,
6140a7d1b8e5b6a96ac770086453e4c700575ded4e8e5e7708c97e3b417367da,2019-05,Lancashire Constabulary,Lancashire Constabulary,,,No Location,,,Violence and sexual offences,Status update unavailable,
a435f29ff4f3aaf9dd8af718670f776db757c9edfe2ce7f08e148af114cdee6c,2019-05,Lancashire Constabulary,Lancashire Constabulary,,,No Location,,,Violence and sexual offences,Unable to prosecute suspect,
0d65579799653f5b01a618bb015fdbf7be31b2d3c329cbef99c73b621c359681,2019-05,Lancashire Constabulary,Lancashire Constabulary,,,No Location,,,Violence and sexual offences,Unable to prosecute suspect,
13ee3cce5e21cf55eaae8c208829c7397e487e4ce88c7dc23b82955bdb09b194,2019-05,Lancashire Constabulary,Lancashire Constabulary,,,No Location,,,Violence and sexual offences,Unable to prosecute suspect,
0ed56e3d5c1f707a06932348212a1ad92e98b8bea1164cf0629d7d1f027b5b53,2019-05,Lancashire Constabulary,Lancashire Constabulary,,,No Location,,,Violence and sexual offences,Status update unavailable,
0c7fe9819b51aef99c45b5a0ceaeb96fdb853aafe6355edb1593e7637906e1ca,2019-05,Lancashire Constabulary,Lancashire Constabulary,,,No Location,,,Violence and sexual offences,Unable to prosecute suspect,
c2a4ded13a7ddf33f416ec1122e607e6879ff0d0c86165d589bd6500d9c878ef,2019-05,Lancashire Constabulary,Lancashire Constabulary,,,No Location,,,Violence and sexual offences,Unable to prosecute suspect,
8a40c6e60f7d4d9acde8038de9276d2a815b3c0d82c2a09c6790fccbc4e32dc9,2019-05,Lancashire Constabulary,Lancashire Constabulary,,,No Location,,,Violence and sexual offences,Status update unavailable,
8cde19a633495d46a09a18e0dceda1b7d8b0690ecb142cc0048833effae04c75,2019-05,Lancashire Constabulary,Lancashire Constabulary,,,No Location,,,Violence and sexual offences,Awaiting court outcome,
f6ddfd22773524119a5bf37fe44cbc5aecacea52a1739d122a16c3fc4562d60e,2019-05,Lancashire Constabulary,Lancashire Constabulary,,,No Location,,,Violence and sexual offences,Status update unavailable,
bb914f49ef8fe975d6e20f754fe041db61adc02886df6b85e1cdb25a9d53bf38,2019-05,Lancashire Constabulary,Lancashire Constabulary,,,No Location,,,Violence and sexual offences,Status update unavailable,
b876cccaf64c8d8ee94afb595e231275bb7bdacca7d20ce5a9f70a6612947101,2019-05,Lancashire Constabulary,Lancashire Constabulary,,,No Location,,,Violence and sexual offences,Status update unavailable,
add26333a4a99b93fab8e2de3c91e3482adec7a020e54e5477c0ae772b9a1177,2019-05,Lancashire Constabulary,Lancashire Constabulary,,,No Location,,,Violence and sexual offences,Status update unavailable,
e52372e899e7ce618061579cb53c18a48a5485676e6c77a4bdbb3fb870f4d59c,2019-05,Lancashire Constabulary,Lancashire Constabulary,,,No Location,,,Violence and sexual offences,Unable to prosecute suspect,
3ccc5406709386e29fae3da7bb2e03f7b0e64017278f81bd0027385a864c488f,2019-05,Lancashire Constabulary,Lancashire Constabulary,,,No Location,,,Violence and sexual offences,Status update unavailable,
0520bacfd53100bbbdc8afc864ccc7bd9845046688b3dd68f38db4cd939ac0d6,2019-05,Lancashire Constabulary,Lancashire Constabulary,,,No Location,,,Violence and sexual offences,Status update unavailable,
28997a3a9a51b9104dc28d31f5687ad7535044c9d9a0f754bc15e4de10452fcf,2019-05,Lancashire Constabulary,Lancashire Constabulary,,,No Location,,,Violence and sexual offences,Status update unavailable,
6fff8ae15d1dac68e9ec01e51def868544a753bddb0110ca44e8a4ed652e39dd,2019-05,Lancashire Constabulary,Lancashire Constabulary,,,No Location,,,Violence and sexual offences,Status update unavailable,
c5be6853dcb39f62ff6506925030eb930f18b55b210cb5ce57189907434aefd3,2019-05,Lancashire Constabulary,Lancashire Constabulary,,,No Location,,,Violence and sexual offences,Unable to prosecute suspect,
4a2a0937fe8b694f40e522442b8274e3d11594fc857450c3b4c60894621f2ab2,2019-05,Lancashire Constabulary,Lancashire Constabulary,,,No Location,,,Violence and sexual offences,Action to be taken by another organisation,
34ebf15f94eed183cb1dd261938714b12c5231df0f1738bdb93b7b805e72759f,2019-05,Lancashire Constabulary,Lancashire Constabulary,,,No Location,,,Violence and sexual offences,Unable to prosecute suspect,
59fb1879045fa404e0ea785190648c084e744a0840124668be40d7f8aa57fc70,2019-05,Lancashire Constabulary,Lancashire Constabulary,,,No Location,,,Violence and sexual offences,Status update unavailable,
72833e7edf8fcc840168d51cdc4c9b47deecf45fabd43028d156f2fe6f014c75,2019-05,Lancashire Constabulary,Lancashire Constabulary,,,No Location,,,Violence and sexual offences,Status update unavailable,
3502579f69267df7ee0cbdab7808a09e277408809f83721c1e6e2d051b37437f,2019-05,Lancashire Constabulary,Lancashire Constabulary,,,No Location,,,Violence and sexual offences,Unable to prosecute suspect,
d7ef9254cf275da201644f45c56c1323cf228a801713b3b42566b8696c163c7a,2019-05,Lancashire Constabulary,Lancashire Constabulary,,,No Location,,,Violence and sexual offences,Status update unavailable,
5d5d0d62d9a03004adcf4c08d2f779c1f7e22553358d24d234475481061a04f9,2019-05,Lancashire Constabulary,Lancashire Constabulary,,,No Location,,,Violence and sexual offences,Status update unavailable,
a385a7d71dbd95ee0e5923e115068e274ed8abdad57228f3e4a8dcdacf1ac5b3,2019-05,Lancashire Constabulary,Lancashire Constabulary,,,No Location,,,Violence and sexual offences,Unable to prosecute suspect,
ff25ae1fb6b69640572eaa7d4bd20f8c3d2b7da952f579526b2217e35586962e,2019-05,Lancashire Constabulary,Lancashire Constabulary,,,No Location,,,Violence and sexual offences,Unable to prosecute suspect,
d090bdf5a2397e27fef0b0fc4542fb6616e37127ccba2e38e9e3b8bf0b6646a8,2019-05,Lancashire Constabulary,Lancashire Constabulary,,,No Location,,,Violence and sexual offences,Status update unavailable,
bf614fba0fcc6e216464ee2ce13cf8e8ecfaa04a10e5a81ae746896659a9aac0,2019-05,Lancashire Constabulary,Lancashire Constabulary,,,No Location,,,Violence and sexual offences,Unable to prosecute suspect,
033bf4a679a25dcc6e26c9215f8dce62252f3a35e9d927fb38293fb8b2f993f4,2019-05,Lancashire Constabulary,Lancashire Constabulary,,,No Location,,,Violence and sexual offences,Status update unavailable,
90f88c4c500fd82d610ba2e26212104fe35ade60b9b792e1188463d233dbbaae,2019-05,Lancashire Constabulary,Lancashire Constabulary,,,No Location,,,Violence and sexual offences,Status update unavailable,
89493a8156b075752094b4e28c6cd439eee08a08f75d060d705eeb223052eb86,2019-05,Lancashire Constabulary,Lancashire Constabulary,,,No Location,,,Violence and sexual offences,Status update unavailable,
6bf8475b274668b835c705725a18c81f384636268db794d7b62630efcaa3c1e3,2019-05,Lancashire Constabulary,Lancashire Constabulary,,,No Location,,,Violence and sexual offences,Status update unavailable,
57bd6177050c5d2ec680b1d217c61c6162f4dc10bbbbb12993f24eea3848ed17,2019-05,Lancashire Constabulary,Lancashire Constabulary,,,No Location,,,Violence and sexual offences,Status update unavailable,
665836998bc7d718ab98fcf46eea86cc66874c96badd1eb4d8bcae7bc34256e7,2019-05,Lancashire Constabulary,Lancashire Constabulary,,,No Location,,,Violence and sexual offences,Status update unavailable,
07a24cb37210d1f30a54c74f5814dbd96b9dc3e9d956cb1c73c205f261051b2e,2019-05,Lancashire Constabulary,Lancashire Constabulary,,,No Location,,,Violence and sexual offences,Unable to prosecute suspect,
90dd6a6b0702727be40b462d19491bc72cf0714df1d9462ddc22d39ab4037a59,2019-05,Lancashire Constabulary,Lancashire Constabulary,,,No Location,,,Violence and sexual offences,Status update unavailable,
be278b50ba72352996b8a819ebe0e0a9c201019987d8a725ce3753a795098333,2019-05,Lancashire Constabulary,Lancashire Constabulary,,,No Location,,,Violence and sexual offences,Status update unavailable,
3a2f440d33642c48d8bd8d766f2cbb1167933908fe53e33d23613ae8f26bb67c,2019-05,Lancashire Constabulary,Lancashire Constabulary,,,No Location,,,Violence and sexual offences,Status update unavailable,
1365863e54fb5e77a54c3df50507fd7899337ee067ede79e65501aa7a731e009,2019-05,Lancashire Constabulary,Lancashire Constabulary,,,No Location,,,Violence and sexual offences,Status update unavailable,
a7184ad394c671a86dc4e9246dcd15ff5d7d01dda14f6544292fdda1344d08b2,2019-05,Lancashire Constabulary,Lancashire Constabulary,,,No Location,,,Violence and sexual offences,Unable to prosecute suspect,
234e934daf51e78cb959fded794674e4c69237795557bfbd6e9c642eb2b1fb76,2019-05,Lancashire Constabulary,Lancashire Constabulary,,,No Location,,,Violence and sexual offences,Status update unavailable,
f392ddcf01b18529ba06284734228e9ee368afb4a7a58a3a8a899d7bdaddedbe,2019-05,Lancashire Constabulary,Lancashire Constabulary,,,No Location,,,Violence and sexual offences,Status update unavailable,
dcc13cf27cae6e3c32eb9a8e3b365d835c860a93f651235020b7165bba1387db,2019-05,Lancashire Constabulary,Lancashire Constabulary,,,No Location,,,Violence and sexual offences,Status update unavailable,
b89bcd102fdecf514c9324fa0797d97de54ab5f44d619496fc5f7e941858a42b,2019-05,Lancashire Constabulary,Lancashire Constabulary,,,No Location,,,Violence and sexual offences,Unable to prosecute suspect,
f0f26d8cc9fe7dd1142a328bc833e9e1b372578365419719f14a23f51548a348,2019-05,Lancashire Constabulary,Lancashire Constabulary,,,No Location,,,Violence and sexual offences,Unable to prosecute suspect,
3593f573b9202fb7fa3200b503b04adfc1f9ce1126017352bf6d1b60c453ad0a,2019-05,Lancashire Constabulary,Lancashire Constabulary,,,No Location,,,Violence and sexual offences,Unable to prosecute suspect,
7e13bbafe118c8f977443029787a27dfa0282d2e7790fd314350b52acc88ec55,2019-05,Lancashire Constabulary,Lancashire Constabulary,,,No Location,,,Violence and sexual offences,Unable to prosecute suspect,
4050430e19bf5b1eaaa9230b58ef1f5cbcc5f522058a20870c25b08884e6b110,2019-05,Lancashire Constabulary,Lancashire Constabulary,,,No Location,,,Violence and sexual offences,Awaiting court outcome,
33b58610deec7d0bd00301eb48c768cd88ea5d2ad1df61e69bf740dbc160822c,2019-05,Lancashire Constabulary,Lancashire Constabulary,,,No Location,,,Violence and sexual offences,Status update unavailable,
725f1f19b73815d986ec97d9877de34210bda368562cd6714e7ff1f0a841d38b,2019-05,Lancashire Constabulary,Lancashire Constabulary,,,No Location,,,Violence and sexual offences,Unable to prosecute suspect,
3a9831d86b67686cd755af551b5fb8356a3cbdd4e61f306f7568a521aa4f06a5,2019-05,Lancashire Constabulary,Lancashire Constabulary,,,No Location,,,Violence and sexual offences,Status update unavailable,
2536f62f75d7ff4baa117a6c2879a8282a2999d445f09e37d8f379e72ccab05c,2019-05,Lancashire Constabulary,Lancashire Constabulary,,,No Location,,,Violence and sexual offences,Status update unavailable,
eeadfc634ce561ec5134baf8a62d8e9c4a5c487d001573986d451ee20456c24f,2019-05,Lancashire Constabulary,Lancashire Constabulary,,,No Location,,,Violence and sexual offences,Awaiting court outcome,
cbb1fdb172de585ab51b08ced2e1ce50a24a20d5a0fe3d3ba02bfb050ac27cc2,2019-05,Lancashire Constabulary,Lancashire Constabulary,,,No Location,,,Violence and sexual offences,Status update unavailable,
9eb4c42f06f9e4007d63a27b970da415f1a672467f35d4397b36868dbff702eb,2019-05,Lancashire Constabulary,Lancashire Constabulary,,,No Location,,,Violence and sexual offences,Unable to prosecute suspect,
604eef8e5ddd5c842f9fc1f95bb9dcbf447efc2a3a00daa84b35af27e7aeaae9,2019-05,Lancashire Constabulary,Lancashire Constabulary,,,No Location,,,Violence and sexual offences,Unable to prosecute suspect,
c4a24451787948e52248699f68afdd396c404ecffb3c18c7af3aadb600e234f6,2019-05,Lancashire Constabulary,Lancashire Constabulary,,,No Location,,,Violence and sexual offences,Unable to prosecute suspect,
3d45c2068255218dce99b717e7dad95cb9a85e6d69f192c8024bd262d6fdb8d8,2019-05,Lancashire Constabulary,Lancashire Constabulary,,,No Location,,,Violence and sexual offences,Status update unavailable,
e326e5330f1b0591b8311823593c45683acebfd085491a1ad08b96fafbacd4ac,2019-05,Lancashire Constabulary,Lancashire Constabulary,,,No Location,,,Violence and sexual offences,Status update unavailable,
ffadc55fb5982e6fd12e6c0856928f9fc8d1ee917a59089564d5d004572b8ef4,2019-05,Lancashire Constabulary,Lancashire Constabulary,,,No Location,,,Violence and sexual offences,Unable to prosecute suspect,
e7b27a8ab46d36611a83d97670d097fcc6a9bf13573ec98833f5052f02db3742,2019-05,Lancashire Constabulary,Lancashire Constabulary,,,No Location,,,Violence and sexual offences,Status update unavailable,
c43e2b9633d4cae4de23e582de75867d8687ab1b7306820c69780dcdc7b9ace8,2019-05,Lancashire Constabulary,Lancashire Constabulary,,,No Location,,,Violence and sexual offences,Status update unavailable,
ba3be4c7716c607a1f3346a04671613861d5fa34643fca24cbe4e9abe6642991,2019-05,Lancashire Constabulary,Lancashire Constabulary,,,No Location,,,Violence and sexual offences,Further investigation is not in the public interest,
e806609226b63dde975c93df835fd4b6bacf2ad5d815f8d7af498bae8a0ac4f2,2019-05,Lancashire Constabulary,Lancashire Constabulary,,,No Location,,,Violence and sexual offences,Status update unavailable,
f296fe9abdf09bf446015ab1616c0b1413cdd6e409d3662be2dc70d0f6fe9b46,2019-05,Lancashire Constabulary,Lancashire Constabulary,,,No Location,,,Violence and sexual offences,Awaiting court outcome,
f581abd6787b0fb354b20953c0e0acad275e21916e1b5b6fbb6f8893b0c2b866,2019-05,Lancashire Constabulary,Lancashire Constabulary,,,No Location,,,Violence and sexual offences,Unable to prosecute suspect,
b927cf3601b3c654f9d86e56e3b5e233eb97408712692bf5b17006c9a692ea7a,2019-05,Lancashire Constabulary,Lancashire Constabulary,,,No Location,,,Violence and sexual offences,Status update unavailable,
f1cfd24a9d7ca330dc865096f0b01fac75a66631f85a836fb4a3ade98854708c,2019-05,Lancashire Constabulary,Lancashire Constabulary,,,No Location,,,Violence and sexual offences,Investigation complete; no suspect identified,
c6fe57ca830b037cbff9713aea092f67e44c93fad1c44c47f7e4e82300cc2d9e,2019-05,Lancashire Constabulary,Lancashire Constabulary,,,No Location,,,Violence and sexual offences,Further investigation is not in the public interest,
4c795aa5f5468a78e18d5c60d03f6ced388a67024f681a16c7c19c18bf80a1ae,2019-05,Lancashire Constabulary,Lancashire Constabulary,,,No Location,,,Violence and sexual offences,Unable to prosecute suspect,
60f43af47bf9e8affe3d5b25974aa4253be1b45cdbf5e2ffc9ecee0d8a038c91,2019-05,Lancashire Constabulary,Lancashire Constabulary,,,No Location,,,Violence and sexual offences,Unable to prosecute suspect,
5ad6fcda30a052706272fad0369986d81bb667a759b15af1ce6113e4880b27ac,2019-05,Lancashire Constabulary,Lancashire Constabulary,,,No Location,,,Violence and sexual offences,Local resolution,
4f7af7a0967ccb2c55358b38c626aaf0961e7fcaddf02fd5ab0aec8fcc85eabc,2019-05,Lancashire Constabulary,Lancashire Constabulary,,,No Location,,,Violence and sexual offences,Status update unavailable,
375dc2b82c2adb461b86ef1d70c9e515f8ada24706fe5eff3424aa96d5a96f65,2019-05,Lancashire Constabulary,Lancashire Constabulary,,,No Location,,,Violence and sexual offences,Formal action is not in the public interest,
149449c88f0b3c09b30075082dea9787fa4086b3388be5829cbb4fc1ead0cba8,2019-05,Lancashire Constabulary,Lancashire Constabulary,,,No Location,,,Violence and sexual offences,Unable to prosecute suspect,
f82c4e437e759c91ccdf4dd5b0f77349442bfee3b390961d0cb961077d1c55cb,2019-05,Lancashire Constabulary,Lancashire Constabulary,,,No Location,,,Violence and sexual offences,Unable to prosecute suspect,
0111b03024b1ad77187eada8480f2afe2daa052783d4b52588e11eae3bc0c27e,2019-05,Lancashire Constabulary,Lancashire Constabulary,,,No Location,,,Violence and sexual offences,Status update unavailable,
8e7bf022a04683f41211eb160a6bfae3b9812f2b1b927a2a800db51184f166fb,2019-05,Lancashire Constabulary,Lancashire Constabulary,,,No Location,,,Violence and sexual offences,Unable to prosecute suspect,
c4fc4c14c7ef6afc79c47aa48633e4d59d452f59b224dbd7008017b2dbf6f00a,2019-05,Lancashire Constabulary,Lancashire Constabulary,,,No Location,,,Violence and sexual offences,Unable to prosecute suspect,
56fc52c2befe48ffe92163d55d6ff3fc7a8dd815d6da78a4d3c98c0763182257,2019-05,Lancashire Constabulary,Lancashire Constabulary,,,No Location,,,Violence and sexual offences,Unable to prosecute suspect,
d8d41201d89d0308ff1b6df69c482acd0f790c92a71e67fd610f97cad9bfd3ee,2019-05,Lancashire Constabulary,Lancashire Constabulary,,,No Location,,,Violence and sexual offences,Status update unavailable,
f3347551c36addf8d82dee5f75704ab356a594cacf38a2b8d697196730b90fad,2019-05,Lancashire Constabulary,Lancashire Constabulary,,,No Location,,,Violence and sexual offences,Unable to prosecute suspect,
886da6110cd7e467f3146ef54de2aa791de78e0068f4e6d0143e9059113ca6bf,2019-05,Lancashire Constabulary,Lancashire Constabulary,,,No Location,,,Violence and sexual offences,Unable to prosecute suspect,
36d03b2385ea1e91abd57efc061631de0d9f86468962eda0b8bac8c6bf46220e,2019-05,Lancashire Constabulary,Lancashire Constabulary,,,No Location,,,Violence and sexual offences,Unable to prosecute suspect,
ccbfd4d0ba8c9b0cde704b7890a46ea435ff0b93a348f2ddaca91f9bfba653fe,2019-05,Lancashire Constabulary,Lancashire Constabulary,,,No Location,,,Violence and sexual offences,Unable to prosecute suspect,
9492cc953e495e978b7574b0548b8d9406321cd818ca888b47eca156b29f4483,2019-05,Lancashire Constabulary,Lancashire Constabulary,,,No Location,,,Violence and sexual offences,Unable to prosecute suspect,
385cc1f3b4d445e208ee03753cc7e8f8b90512b118f6d449c9ea2f97e9797c36,2019-05,Lancashire Constabulary,Lancashire Constabulary,,,No Location,,,Violence and sexual offences,Status update unavailable,
447ac9a970a9ab6dd3ac4361fd3f3dd498a811feb745ddc7da4aace9b5b2cbf7,2019-05,Lancashire Constabulary,Lancashire Constabulary,,,No Location,,,Violence and sexual offences,Status update unavailable,
50c53a3473d1423770a2d24b748f3aedbd95963c902f4189cd9be73ee4f1d644,2019-05,Lancashire Constabulary,Lancashire Constabulary,,,No Location,,,Violence and sexual offences,Unable to prosecute suspect,
b8b6ce48e23a7ceed1f7a4770f2518bd1dd54254791c3b45785da58cf1995e93,2019-05,Lancashire Constabulary,Lancashire Constabulary,,,No Location,,,Violence and sexual offences,Awaiting court outcome,
ba4ca868dfacd1575cf3807a5ec43f505f010a87033757541200bfff4de64c40,2019-05,Lancashire Constabulary,Lancashire Constabulary,,,No Location,,,Violence and sexual offences,Status update unavailable,
2e27119186b0a744f4a15d602295f7c38485149fb8aa033e9fda6c7890f6a3d0,2019-05,Lancashire Constabulary,Lancashire Constabulary,,,No Location,,,Violence and sexual offences,Awaiting court outcome,
97266b620ef9ce19d3ea26ce94e53cf695af0f818ae896510bf26ee54e1aa06e,2019-05,Lancashire Constabulary,Lancashire Constabulary,,,No Location,,,Violence and sexual offences,Status update unavailable,
0cca85a7c0ba75746252bc07fdf7e7c1ea084928c269f2be4ed40bc6c44d7195,2019-05,Lancashire Constabulary,Lancashire Constabulary,,,No Location,,,Violence and sexual offences,Unable to prosecute suspect,
1ac926394050fd270d7f51e038bd5b0ba9b9957ae81523d6386980a4fd045340,2019-05,Lancashire Constabulary,Lancashire Constabulary,,,No Location,,,Violence and sexual offences,Awaiting court outcome,
35a039975d4c391b7725e09604b23a99e2c95289ef957ea1920b0ad70f88c4e2,2019-05,Lancashire Constabulary,Lancashire Constabulary,,,No Location,,,Violence and sexual offences,Status update unavailable,
1eaeb72fb635edcb731686edb5c3a161c7b91f6e9fa619392bc8231b5fd4756d,2019-05,Lancashire Constabulary,Lancashire Constabulary,,,No Location,,,Violence and sexual offences,Unable to prosecute suspect,
3b542384e15357293a9ed3e1365c78b35ab82fada15a4f56d55cdab77c1ac19a,2019-05,Lancashire Constabulary,Lancashire Constabulary,,,No Location,,,Violence and sexual offences,Status update unavailable,
e1d3fdab5388d8c3804865b931c76235f9e8ba211f483d664938b7fa2d0670f0,2019-05,Lancashire Constabulary,Lancashire Constabulary,,,No Location,,,Violence and sexual offences,Unable to prosecute suspect,
33dff34f73cf262648ef84cbe65e18438ad1981533c431ca79f15db9e3944ef1,2019-05,Lancashire Constabulary,Lancashire Constabulary,,,No Location,,,Violence and sexual offences,Status update unavailable,
3b6c427473f013dc9c02b67926d301b3ca46b260e5054a76c47ce238c1de9f91,2019-05,Lancashire Constabulary,Lancashire Constabulary,,,No Location,,,Violence and sexual offences,Status update unavailable,
7522312aa70de4fcd537c7173a55d4e5f4de224b45a656aa41806e2d4a9712a8,2019-05,Lancashire Constabulary,Lancashire Constabulary,,,No Location,,,Violence and sexual offences,Status update unavailable,
275db561483fa0b288346e224909fbe56ed5ce9c61e2cbfe9d79b0b393369678,2019-05,Lancashire Constabulary,Lancashire Constabulary,,,No Location,,,Violence and sexual offences,Unable to prosecute suspect,
6fb965d6458c937ae33014e57a22db456658cde9851bf4f4b8ff608a5b80edc8,2019-05,Lancashire Constabulary,Lancashire Constabulary,,,No Location,,,Violence and sexual offences,Unable to prosecute suspect,
3739a2a3fb431c8076c248451c3a93a694942385dc8223875e0a2479716c5351,2019-05,Lancashire Constabulary,Lancashire Constabulary,,,No Location,,,Violence and sexual offences,Unable to prosecute suspect,
6b9ee7753c892a85b5831b2e1a335ff368f9645a5decca1acd68111f8331c570,2019-05,Lancashire Constabulary,Lancashire Constabulary,,,No Location,,,Violence and sexual offences,Unable to prosecute suspect,
de5d06c55ed7d4881ac07ba01a5b6bb98d79a1595b093b79e4940cdc4be68282,2019-05,Lancashire Constabulary,Lancashire Constabulary,,,No Location,,,Violence and sexual offences,Unable to prosecute suspect,
7257637d4367b36bf2fb43f2da0acec868ba7fcfd0929e5261cdff1927ef0885,2019-05,Lancashire Constabulary,Lancashire Constabulary,,,No Location,,,Violence and sexual offences,Status update unavailable,
3ee3e979c1eef81c41d2948a582f7c2d4a1d8a12e46fca0a4a9d7db58bcb0424,2019-05,Lancashire Constabulary,Lancashire Constabulary,,,No Location,,,Violence and sexual offences,Further investigation is not in the public interest,
e0d9c0901a369518585f931dcd98bade94a8bbc5f2941f3e3ec17b6cec946db6,2019-05,Lancashire Constabulary,Lancashire Constabulary,,,No Location,,,Violence and sexual offences,Unable to prosecute suspect,
de771bfce6cfbff695307b6395b5fa8fd317d832eb1e4f530e7f4c35b3923515,2019-05,Lancashire Constabulary,Lancashire Constabulary,,,No Location,,,Violence and sexual offences,Unable to prosecute suspect,
6213807c6aad58ed9a44d12d8e67a8478559bc4400b67d5ae69e8e221f233603,2019-05,Lancashire Constabulary,Lancashire Constabulary,,,No Location,,,Violence and sexual offences,Unable to prosecute suspect,
034303f2db72be5a503cefd33b57e8c6dcec5f4b21dbd790e6a9f0defea88556,2019-05,Lancashire Constabulary,Lancashire Constabulary,,,No Location,,,Violence and sexual offences,Unable to prosecute suspect,
0efb4166cb2aceff07ad6822421fa1e9327d04f2fad23f34eed843ce5c615d90,2019-05,Lancashire Constabulary,Lancashire Constabulary,,,No Location,,,Violence and sexual offences,Unable to prosecute suspect,
12674831606b431bf1c4d8b4cd9927b4d5e2928bb0b4a0d9f3c28ed4fe1ca673,2019-05,Lancashire Constabulary,Lancashire Constabulary,,,No Location,,,Violence and sexual offences,Unable to prosecute suspect,
9d74a5f22558480c5d4eb9e85969349b6db1e877f144f935ece6424da53f7ffa,2019-05,Lancashire Constabulary,Lancashire Constabulary,,,No Location,,,Violence and sexual offences,Status update unavailable,
b9bc39d433f4aee1156e3885cfada754e10e2c47c874c97d856ae2735511108c,2019-05,Lancashire Constabulary,Lancashire Constabulary,,,No Location,,,Violence and sexual offences,Status update unavailable,
bbbce0c3332b179bc3dc826bb4e6cb90391f000026ef0fef7879aa248ad2fb94,2019-05,Lancashire Constabulary,Lancashire Constabulary,,,No Location,,,Violence and sexual offences,Unable to prosecute suspect,
6f1657d9fe594e17ebbee505d33b7b0aff760e4bf41a64eb836ffd3660c263a0,2019-05,Lancashire Constabulary,Lancashire Constabulary,,,No Location,,,Violence and sexual offences,Status update unavailable,
0d08df32080d26616e33881787093d3181f428c9c0ec20541f4bc011f2957c13,2019-05,Lancashire Constabulary,Lancashire Constabulary,,,No Location,,,Violence and sexual offences,Unable to prosecute suspect,
30b4af3ae69f91af3a271f1002418f0994855ee4885bd1866757c2c14abcb796,2019-05,Lancashire Constabulary,Lancashire Constabulary,,,No Location,,,Violence and sexual offences,Local resolution,
32edd673d23b0aff279d04b032e2947ad4067e07616841d61353a670639d7e49,2019-05,Lancashire Constabulary,Lancashire Constabulary,,,No Location,,,Violence and sexual offences,Unable to prosecute suspect,
e864a05b6496a5585bf3459218fab709dfdece96e38847d1021e5cd621fd565d,2019-05,Lancashire Constabulary,Lancashire Constabulary,,,No Location,,,Violence and sexual offences,Unable to prosecute suspect,
0383f4fb839844f76b65413757e8af9c2acccbec81460231606dc4ff27bc3c89,2019-05,Lancashire Constabulary,Lancashire Constabulary,,,No Location,,,Violence and sexual offences,Status update unavailable,
a7a1c15dcb22d1f00c49dde7e3473b496a2e6c2994abfebf35738f9515ed02b2,2019-05,Lancashire Constabulary,Lancashire Constabulary,,,No Location,,,Violence and sexual offences,Status update unavailable,
6404cca2095ced7e07fbeaa6fe8ccfe3d8e89ce4a4df24fb73b4e85fa6d99349,2019-05,Lancashire Constabulary,Lancashire Constabulary,,,No Location,,,Violence and sexual offences,Status update unavailable,
e3199ad9f6a056e6d015b5f682396044ccd481bc8fdbc8b6f97af28f87d9aef8,2019-05,Lancashire Constabulary,Lancashire Constabulary,,,No Location,,,Violence and sexual offences,Status update unavailable,
5a058fb7f18b5b97cf67a9493a0596c54c830d23969682fc3adce5b80e78d103,2019-05,Lancashire Constabulary,Lancashire Constabulary,,,No Location,,,Violence and sexual offences,Unable to prosecute suspect,
7b1f96bb0193ea5a0625375dca77340bffdffb5050446ef5fde8e6acc557cfc3,2019-05,Lancashire Constabulary,Lancashire Constabulary,,,No Location,,,Violence and sexual offences,Status update unavailable,
74aa84fd910978e69038e9c560c898d1f60b80e9aed427baf1c873dbac1b714d,2019-05,Lancashire Constabulary,Lancashire Constabulary,,,No Location,,,Violence and sexual offences,Unable to prosecute suspect,
2fc031d4ca09efae1d133fbfd5ba7af088ffd5b9a4f2b002dd08b9b7de51a0fc,2019-05,Lancashire Constabulary,Lancashire Constabulary,,,No Location,,,Violence and sexual offences,Unable to prosecute suspect,
fda43c72d540ea9c66c344047d530e6bea987d274e44659e6ce11c9de87c6823,2019-05,Lancashire Constabulary,Lancashire Constabulary,,,No Location,,,Violence and sexual offences,Further investigation is not in the public interest,
7aeb992b5c5a015a663827e96f1e9bd460e9efc6194347c50bcd449b0250d02b,2019-05,Lancashire Constabulary,Lancashire Constabulary,,,No Location,,,Violence and sexual offences,Status update unavailable,
85e6082e45598cdc55fb7ae62306147666b96835a4486c28cc0cc5d3cc1e32fc,2019-05,Lancashire Constabulary,Lancashire Constabulary,,,No Location,,,Violence and sexual offences,Status update unavailable,
5712cbc7cc58c67dfa522b8842171634ab3a298bd666446d0f35317d96885993,2019-05,Lancashire Constabulary,Lancashire Constabulary,,,No Location,,,Violence and sexual offences,Unable to prosecute suspect,
eb9b41466a3bbf4514a659a58c4db78de416aca9a968576bfb75835e2de4ad8a,2019-05,Lancashire Constabulary,Lancashire Constabulary,,,No Location,,,Violence and sexual offences,Unable to prosecute suspect,
f6677fc98c6eaf9a43f574b1da5168d433e108079998fa898595506d85c48a8f,2019-05,Lancashire Constabulary,Lancashire Constabulary,,,No Location,,,Violence and sexual offences,Unable to prosecute suspect,
35bd83757c25404902950a77b789b9f877727d40b44916f1c4c3aef1a5865920,2019-05,Lancashire Constabulary,Lancashire Constabulary,,,No Location,,,Violence and sexual offences,Status update unavailable,
de2355dced67f6d8533b4b05f89396e6c5104dd3922689473dce648a344e6a2f,2019-05,Lancashire Constabulary,Lancashire Constabulary,,,No Location,,,Violence and sexual offences,Status update unavailable,
46097480c661148029d711803028dcc0a26f42356c09e131fe616d4c054c8feb,2019-05,Lancashire Constabulary,Lancashire Constabulary,,,No Location,,,Violence and sexual offences,Unable to prosecute suspect,
92cb480853002a4e4b5c09eaa74d2a3e71f066f5d339fb68bce15e85571df64c,2019-05,Lancashire Constabulary,Lancashire Constabulary,,,No Location,,,Violence and sexual offences,Further investigation is not in the public interest,
ce13c5b8c6bc55a1afc8721aff6e8f5e49aa146ebf7e6134de809a69b1f171a4,2019-05,Lancashire Constabulary,Lancashire Constabulary,,,No Location,,,Violence and sexual offences,Status update unavailable,
10208117ee87707b5555c602350971afedfc6f09895524078764b4fe6a46fa67,2019-05,Lancashire Constabulary,Lancashire Constabulary,,,No Location,,,Violence and sexual offences,Unable to prosecute suspect,
9e73b24f6c70b9ef767ed622eed610cc76436a2cc88be3ed4631ab4e8468491b,2019-05,Lancashire Constabulary,Lancashire Constabulary,,,No Location,,,Violence and sexual offences,Unable to prosecute suspect,
9e6b112ddfe0d110e09adb4f8b9d06d7142e5801fee603cc1df9db8321e9e0cc,2019-05,Lancashire Constabulary,Lancashire Constabulary,,,No Location,,,Violence and sexual offences,Unable to prosecute suspect,
4376581856333df3edde31b249c36610ea51f60a659434fc2d760d491ad2f74a,2019-05,Lancashire Constabulary,Lancashire Constabulary,,,No Location,,,Violence and sexual offences,Status update unavailable,
54a0fecb4179c9df0277289c4a84a34ef94e1f2275fd06c95b899e64ceb15f80,2019-05,Lancashire Constabulary,Lancashire Constabulary,,,No Location,,,Violence and sexual offences,Status update unavailable,
a33b701c3225d42d2ccda296510579bd33a818bf494dcee9d6c7aef4b92ea22b,2019-05,Lancashire Constabulary,Lancashire Constabulary,,,No Location,,,Violence and sexual offences,Unable to prosecute suspect,
4738a99068d33d773786bb7fc251c489f566a34ac7731fbfbf129e1e4d5ef42d,2019-05,Lancashire Constabulary,Lancashire Constabulary,,,No Location,,,Violence and sexual offences,Unable to prosecute suspect,
83eb5014de71d3409806ab0c2a8e9f44b85fa50409cdc87c896bea36044a4110,2019-05,Lancashire Constabulary,Lancashire Constabulary,,,No Location,,,Violence and sexual offences,Unable to prosecute suspect,
2aa8f1b7825f4ef1bf253e003e0388cb689bf89a67dd06c8109f79e6c7247e03,2019-05,Lancashire Constabulary,Lancashire Constabulary,,,No Location,,,Violence and sexual offences,Action to be taken by another organisation,
2240b654f11ae46594ddf8bcb3004b1a214af1332a52ed346d6031d804819a86,2019-05,Lancashire Constabulary,Lancashire Constabulary,,,No Location,,,Violence and sexual offences,Unable to prosecute suspect,
31fc73ee66887e076d0a4bf4a3eeb192f1691400c7376bba3211f2351d2a44a7,2019-05,Lancashire Constabulary,Lancashire Constabulary,,,No Location,,,Violence and sexual offences,Status update unavailable,
d709c5ecc6378c042204268aeccd206143676293920510ef1184f3434238da8a,2019-05,Lancashire Constabulary,Lancashire Constabulary,,,No Location,,,Violence and sexual offences,Unable to prosecute suspect,
d0c6e5ffc6344516a35ba527fc19be5a6c1373c96210359a7805fcf7fba4f2ef,2019-05,Lancashire Constabulary,Lancashire Constabulary,,,No Location,,,Violence and sexual offences,Unable to prosecute suspect,
e3838e7c77cbb6c322edd3ed9657c926ecf7b06345b8fdaa5719a46dc9f375c6,2019-05,Lancashire Constabulary,Lancashire Constabulary,,,No Location,,,Violence and sexual offences,Status update unavailable,
88f13ecb1b03043e3a7216adad7bdc124129c0536c7cb28aeb520ae74f57f6e9,2019-05,Lancashire Constabulary,Lancashire Constabulary,,,No Location,,,Violence and sexual offences,Status update unavailable,
4abf821abbfa728a690250964a3d01ff3d612b1187c9593a7cc90af430084bf0,2019-05,Lancashire Constabulary,Lancashire Constabulary,,,No Location,,,Violence and sexual offences,Local resolution,
883109b84f610da5f2864f5dc60fd50af17ee05fff2e5fede7529affd335760d,2019-05,Lancashire Constabulary,Lancashire Constabulary,,,No Location,,,Violence and sexual offences,Status update unavailable,
7a1587c4a94ab23dce2bd409ce50cf9b5c2b227e4f3abbc709740c2bbac9a01f,2019-05,Lancashire Constabulary,Lancashire Constabulary,,,No Location,,,Violence and sexual offences,Status update unavailable,
5320dd654d7c19035cffa7eb219d5c5dfdcc904a926c2ae9aeb570e03b5de500,2019-05,Lancashire Constabulary,Lancashire Constabulary,,,No Location,,,Violence and sexual offences,Unable to prosecute suspect,
2e942945d3d1bfceb149df234a60299e2868abae56dd53e6c432150e199a7c2a,2019-05,Lancashire Constabulary,Lancashire Constabulary,,,No Location,,,Violence and sexual offences,Unable to prosecute suspect,
6c16ada22f6e84ddf95014bea4715b09090469856a19eb613c8a608632835b1d,2019-05,Lancashire Constabulary,Lancashire Constabulary,,,No Location,,,Violence and sexual offences,Further investigation is not in the public interest,
0c9bded7ab899b3167e9e1fa43fbdecab1694cc376c8451ff3006d5fa1efedaf,2019-05,Lancashire Constabulary,Lancashire Constabulary,,,No Location,,,Violence and sexual offences,Status update unavailable,
f08f0f01e016ea50e4e4d0758d824281169efa69e97ca3633317ada45e243c17,2019-05,Lancashire Constabulary,Lancashire Constabulary,,,No Location,,,Violence and sexual offences,Status update unavailable,
5b5deab923b1a43dbd65300430517a967c359c772dede46af1c74b3a6b50147d,2019-05,Lancashire Constabulary,Lancashire Constabulary,,,No Location,,,Violence and sexual offences,Unable to prosecute suspect,
2be2e52a7b23350fd6f8d1fda2ee93c924d8eca9d5c283ee65ebc941097a5aee,2019-05,Lancashire Constabulary,Lancashire Constabulary,,,No Location,,,Violence and sexual offences,Status update unavailable,
4810c6e53980e39714059c98516a3d821621b7b60e07597c37a2d9848703aa85,2019-05,Lancashire Constabulary,Lancashire Constabulary,,,No Location,,,Violence and sexual offences,Unable to prosecute suspect,
4e68f7b3ad6a13b4c6afb6205b199e8ac625b09e3db1a3d8d659a6bc31532e5a,2019-05,Lancashire Constabulary,Lancashire Constabulary,,,No Location,,,Violence and sexual offences,Status update unavailable,
dd63a6cc26a7322a5ebc58b1be2a042ca5d316db67ff8721b2f742fa5c3fed51,2019-05,Lancashire Constabulary,Lancashire Constabulary,,,No Location,,,Violence and sexual offences,Status update unavailable,
f647e7e412ee656320d8e4d6de6f2a7b6ac720632248222c6f5e7524502ae9ac,2019-05,Lancashire Constabulary,Lancashire Constabulary,,,No Location,,,Violence and sexual offences,Unable to prosecute suspect,
a21111aa880c3d3ce3063488739b3775ecc1aa3fe680de382868c5be2642fdf9,2019-05,Lancashire Constabulary,Lancashire Constabulary,,,No Location,,,Violence and sexual offences,Unable to prosecute suspect,
b5697cfe06d76f9eced1418cb10da9b38cf4bf469b89a0f9f2d73686180931d3,2019-05,Lancashire Constabulary,Lancashire Constabulary,,,No Location,,,Violence and sexual offences,Status update unavailable,
2800fffd7dbbb600fef7bf1f58a37fa31b2103b59bb648ac12085162dbcc2c62,2019-05,Lancashire Constabulary,Lancashire Constabulary,,,No Location,,,Violence and sexual offences,Unable to prosecute suspect,
1bc27a2274a08d9e681df88d9b208014378ebf5170abc2074c5cf6a40d67df13,2019-05,Lancashire Constabulary,Lancashire Constabulary,,,No Location,,,Violence and sexual offences,Unable to prosecute suspect,
00f28c7d3ddf11bb779598023666732363e1e8417ef9def207cca3bc4746dd57,2019-05,Lancashire Constabulary,Lancashire Constabulary,,,No Location,,,Violence and sexual offences,Status update unavailable,
0d95c93c54cec8728e0284b865354969a3a89a4c9fab2caadef671f4ffa7d1a2,2019-05,Lancashire Constabulary,Lancashire Constabulary,,,No Location,,,Violence and sexual offences,Further investigation is not in the public interest,
3ad31e3a2d62a48031d535d025f8a670deac092df21bf754aab95a8d3ba9d547,2019-05,Lancashire Constabulary,Lancashire Constabulary,,,No Location,,,Violence and sexual offences,Unable to prosecute suspect,
9efbdcc80d6d7bae192b2098208a8dc813fc196441c37203dda4ffd77c4c2640,2019-05,Lancashire Constabulary,Lancashire Constabulary,,,No Location,,,Violence and sexual offences,Status update unavailable,
e97b4472eeb2694b3d9e8b0fa856e333b75b97c5d6e020991e11f9e9b30ed990,2019-05,Lancashire Constabulary,Lancashire Constabulary,,,No Location,,,Violence and sexual offences,Status update unavailable,
8e2b259269230607263ff7a745c67066bb3376383073652db29ca6140c51b021,2019-05,Lancashire Constabulary,Lancashire Constabulary,,,No Location,,,Violence and sexual offences,Unable to prosecute suspect,
97c9dd02b362d04670c9c9341afbb38c48f40849f31b1636be7af56c42209da4,2019-05,Lancashire Constabulary,Lancashire Constabulary,,,No Location,,,Violence and sexual offences,Status update unavailable,
46915ed45a2851b56969725e5dc66c93df09c85c4eeae0a2567ecfe23ebea957,2019-05,Lancashire Constabulary,Lancashire Constabulary,,,No Location,,,Violence and sexual offences,Local resolution,
c63d2347b8803e884667b27fef81d80f6945cd5717d6a935a9e75f8484964006,2019-05,Lancashire Constabulary,Lancashire Constabulary,,,No Location,,,Violence and sexual offences,Unable to prosecute suspect,
1ec1fb27395af95ef10831e91ce4aac2ebfe071e4bcaea39c3d30d5eec2c8bb3,2019-05,Lancashire Constabulary,Lancashire Constabulary,,,No Location,,,Violence and sexual offences,Unable to prosecute suspect,
ff941576de13c5f8a62ed6f2194942f3b23493ee678ccf92d0f970039a69e6eb,2019-05,Lancashire Constabulary,Lancashire Constabulary,,,No Location,,,Violence and sexual offences,Status update unavailable,
c7c171a712d837c5b1f9f0bab2a0ccd2cdd66e269ae318f1efba5d95f04977f7,2019-05,Lancashire Constabulary,Lancashire Constabulary,,,No Location,,,Violence and sexual offences,Status update unavailable,
e6b24bb29760ee9ffe6c92e835a3e8f59be16e151f5d1de0217b22970d217ca3,2019-05,Lancashire Constabulary,Lancashire Constabulary,,,No Location,,,Violence and sexual offences,Unable to prosecute suspect,
83e56f67ae46f35924b0e6176bbe4b0c68215b1f17bec64b97de084349c076ea,2019-05,Lancashire Constabulary,Lancashire Constabulary,,,No Location,,,Violence and sexual offences,Unable to prosecute suspect,
bc39cc7ec69fa5b32e6243c40e8c92fb628aa3590b95da9ea2f8edd9d66ee883,2019-05,Lancashire Constabulary,Lancashire Constabulary,,,No Location,,,Violence and sexual offences,Unable to prosecute suspect,
edb44ef7284e97d93c5807083767c122f33973ebf85fa16c716cdba2384a695c,2019-05,Lancashire Constabulary,Lancashire Constabulary,,,No Location,,,Violence and sexual offences,Status update unavailable,
a7f3c178fafacdb6c1e9c782c87a945057245d0adaeaf546da494234f1ba297f,2019-05,Lancashire Constabulary,Lancashire Constabulary,,,No Location,,,Violence and sexual offences,Unable to prosecute suspect,
330e7d9f1c82f3068f641430ee4d743bca7c83c9aee916b1490b15cd908d2d8d,2019-05,Lancashire Constabulary,Lancashire Constabulary,,,No Location,,,Violence and sexual offences,Unable to prosecute suspect,
1994163ef6a570e0e10f25a70e2938746d65705676c7ef7b931c0ea0c64862ed,2019-05,Lancashire Constabulary,Lancashire Constabulary,,,No Location,,,Violence and sexual offences,Unable to prosecute suspect,
f6fe38a83fb06e2324e20bb33940522e10d63c8a01d2d1f76c11f039ea773931,2019-05,Lancashire Constabulary,Lancashire Constabulary,,,No Location,,,Violence and sexual offences,Status update unavailable,
d4f6135342ff99111af997c60368b104dd9e24343ce02d9c5bc9f969872a7110,2019-05,Lancashire Constabulary,Lancashire Constabulary,,,No Location,,,Violence and sexual offences,Status update unavailable,
ad9ee9fe40a282bf5467e259eace1304ffb8673c47412a1eb4e843cca35e8678,2019-05,Lancashire Constabulary,Lancashire Constabulary,,,No Location,,,Violence and sexual offences,Local resolution,
bb98f370cb994fdaf5f5a86aeb6e0292e4666b4461929cfb49b9a4fc404b026c,2019-05,Lancashire Constabulary,Lancashire Constabulary,,,No Location,,,Violence and sexual offences,Status update unavailable,
f4abe88cfa93c25b174f5b469c83d3767db4e10d20ff2c348bd2c3340a7fe1c8,2019-05,Lancashire Constabulary,Lancashire Constabulary,,,No Location,,,Violence and sexual offences,Unable to prosecute suspect,
0ff7a67f76b8ab89d00d83a34b94c85d7303c75ce861f15a45c3e1ee03d2f4e9,2019-05,Lancashire Constabulary,Lancashire Constabulary,,,No Location,,,Violence and sexual offences,Status update unavailable,
f457cd97785c02770cf4349c59534535bf024b64fd4967bebe33ec50d2bc771f,2019-05,Lancashire Constabulary,Lancashire Constabulary,,,No Location,,,Violence and sexual offences,Action to be taken by another organisation,
6bb6e9b95cf6fd88e7004d14da0cc85f63892c14025e1243d9e5d4d40e11cffb,2019-05,Lancashire Constabulary,Lancashire Constabulary,,,No Location,,,Violence and sexual offences,Unable to prosecute suspect,
b1418f3dc86da0f25292cadb4fecc9a396bf10d6e98c4ab5b9730ac4d18e720d,2019-05,Lancashire Constabulary,Lancashire Constabulary,,,No Location,,,Violence and sexual offences,Unable to prosecute suspect,
61bed2cf277e45b59fca0083815a727ffde19f51c891c407d8b919d8aea2aa8e,2019-05,Lancashire Constabulary,Lancashire Constabulary,,,No Location,,,Violence and sexual offences,Status update unavailable,
41b4ee96a394e470ebe9aba45ae91bdec51f4720663a78027cd64e9caf0516fc,2019-05,Lancashire Constabulary,Lancashire Constabulary,,,No Location,,,Violence and sexual offences,Unable to prosecute suspect,
48c187efbc5391d7fdcf70e4b0f8ae6909ba99065185a1887e1d1ab0e553fe3c,2019-05,Lancashire Constabulary,Lancashire Constabulary,,,No Location,,,Violence and sexual offences,Unable to prosecute suspect,
3adc72365754b9d2d00bfcbc85a7d5a5bd9593e4696378d6121de3f945d3d2aa,2019-05,Lancashire Constabulary,Lancashire Constabulary,,,No Location,,,Violence and sexual offences,Unable to prosecute suspect,
53d70fe8f12fa8bf31ce3a5799e8e8865e809649c81cdd43a63ca4ae5bafb016,2019-05,Lancashire Constabulary,Lancashire Constabulary,,,No Location,,,Violence and sexual offences,Unable to prosecute suspect,
2f6679b54635a09ed57ebba68dc703983af7b9aea86505b2a00f0ee3466b2a06,2019-05,Lancashire Constabulary,Lancashire Constabulary,,,No Location,,,Violence and sexual offences,Unable to prosecute suspect,
bfee513db42b6a0ff7311161e08114b77f07a8bc88e6d211f4360e95d2e76d8e,2019-05,Lancashire Constabulary,Lancashire Constabulary,,,No Location,,,Violence and sexual offences,Status update unavailable,
bd3063b46916910bb5b1053e84dc091800c93a275a1ddec5cff7cb932ec9aa73,2019-05,Lancashire Constabulary,Lancashire Constabulary,,,No Location,,,Violence and sexual offences,Status update unavailable,
eb4a54f249aede86d2c9d3ccaf9067a8d884013cf0c40cfe78f3d9e48fa27ba4,2019-05,Lancashire Constabulary,Lancashire Constabulary,,,No Location,,,Violence and sexual offences,Status update unavailable,
dc424f5a9e47c132e99e16826b5bafe541c0fb6e15b9811bf438440e1c60d423,2019-05,Lancashire Constabulary,Lancashire Constabulary,,,No Location,,,Violence and sexual offences,Status update unavailable,
60fc08a48e78a515a46ad69eb6cb4b41946e15adbec0163dbc82bcfb62a68e73,2019-05,Lancashire Constabulary,Lancashire Constabulary,,,No Location,,,Violence and sexual offences,Status update unavailable,
b03b44079c8dc9092f642de148832a422f69958117e55e77dd01d2f07387183a,2019-05,Lancashire Constabulary,Lancashire Constabulary,,,No Location,,,Violence and sexual offences,Status update unavailable,
35f22143f62bdd37b6f57a41e8c6411e75565eb11cc96a19cfb67620ec8af301,2019-05,Lancashire Constabulary,Lancashire Constabulary,,,No Location,,,Other crime,Status update unavailable,
b133deb446be66495df0425f69ba590f201a5da531cf31696d68e68986c18d61,2019-05,Lancashire Constabulary,Lancashire Constabulary,,,No Location,,,Other crime,Unable to prosecute suspect,
6819973353c6b8ee4f16e1378eb1e5784b9ccd2a9507876ef516d84480d9441e,2019-05,Lancashire Constabulary,Lancashire Constabulary,,,No Location,,,Other crime,Unable to prosecute suspect,
126bca9cf267a78dff38cdcc542d2a942ac3da49d483f7d92871b0a4c939fb6e,2019-05,Lancashire Constabulary,Lancashire Constabulary,,,No Location,,,Other crime,Status update unavailable,
ad0d2b367d96f0c18bf1ddba6330335154fc789265823bbd22fa19b7b2a0d2fc,2019-05,Lancashire Constabulary,Lancashire Constabulary,,,No Location,,,Other crime,Local resolution,
7f00f8be62dc42155431a7b4a2f6e9212d15862e70a699eb49e9c28e9ef24f35,2019-05,Lancashire Constabulary,Lancashire Constabulary,,,No Location,,,Other crime,Status update unavailable,
f3bae494d434ce3d03841173690c1297b1a353c7e50e417b60ebaa338ab18d8a,2019-05,Lancashire Constabulary,Lancashire Constabulary,,,No Location,,,Other crime,Investigation complete; no suspect identified,
5a25b9eb782591043ea5099778450d372e2426dcf62dafe0e0df73fb4643acd9,2019-05,Lancashire Constabulary,Lancashire Constabulary,,,No Location,,,Other crime,Further investigation is not in the public interest,
d866252263f7c2bc0d1bafd9787c4f0f0896bad75b59f6a797f1aacabbcc7fd3,2019-05,Lancashire Constabulary,Lancashire Constabulary,,,No Location,,,Other crime,Offender given a caution,
5ef557bd29be609606744e3d97ab0a09661b426ba6182b3d61a750d62f1dc93c,2019-05,Lancashire Constabulary,Lancashire Constabulary,,,No Location,,,Other crime,Status update unavailable,
64d87a17f849c9e3d58c75ae8a7d69b7eb1d586c9af38c08e15be472dad0b847,2019-05,Lancashire Constabulary,Lancashire Constabulary,,,No Location,,,Other crime,Status update unavailable,
c15fd4cf284af485ae6f69a7263afb78ab71ba1bfc5b72b7fc8cfd9642244323,2019-05,Lancashire Constabulary,Lancashire Constabulary,,,No Location,,,Other crime,Unable to prosecute suspect,
4f5e3759190e93a1a204c2828990494ccc9e0f382f371e7019e9f1a6173caebe,2019-05,Lancashire Constabulary,Lancashire Constabulary,,,No Location,,,Other crime,Unable to prosecute suspect,
89256c6bfe909c35ca40ff187a1f4d3c280899c0dd15cd64e571472fd5ebdca1,2019-05,Lancashire Constabulary,Lancashire Constabulary,,,No Location,,,Other crime,Status update unavailable,
70e13679d6123499fbbc7e5bed0cae1602ce6127cd6ae5d2578e766880aca0d0,2019-05,Lancashire Constabulary,Lancashire Constabulary,,,No Location,,,Other crime,Action to be taken by another organisation,
3dc9a6efd1f4d16f5290c0e33e9c37eea611ee75bdec22e49de31099613b577c,2019-05,Lancashire Constabulary,Lancashire Constabulary,,,No Location,,,Other crime,Unable to prosecute suspect,
385446ee9606f32440260c216cbbc1fad2a82009315d8f3b734c26fe16d5c262,2019-05,Lancashire Constabulary,Lancashire Constabulary,,,No Location,,,Other crime,Unable to prosecute suspect,
67bd3f3f703d73a7c18680a54163fddd01d0708eb9eb13a2b68fcbf0d55bf5ee,2019-05,Lancashire Constabulary,Lancashire Constabulary,,,No Location,,,Other crime,Awaiting court outcome,
4392f6994eb6aeb8c517eae409652b8db2aa97ca777152fe4c02f20e2c5593d5,2019-05,Lancashire Constabulary,Lancashire Constabulary,,,No Location,,,Other crime,Status update unavailable,
12a222e16e91fa31cf97759aa9bd88b74c9ea02a9f156f7b4f4bb5940128ae18,2019-05,Lancashire Constabulary,Lancashire Constabulary,,,No Location,,,Other crime,Status update unavailable,
5d81eed1b552bb91462a3ceff8636efad39de5657c26cf7e372520c7e1cd56d1,2019-05,Lancashire Constabulary,Lancashire Constabulary,,,No Location,,,Other crime,Further investigation is not in the public interest,
82c61353262b6ace9a3aba79fe3304c047480ddfac2461c8fb2bd5567e3c9d38,2019-05,Lancashire Constabulary,Lancashire Constabulary,,,No Location,,,Other crime,Unable to prosecute suspect,
c2fe1e2d44ef7567e15ecfcb73887b79a55a890efc30e2f9edb8318727f5af3c,2019-05,Lancashire Constabulary,Lancashire Constabulary,,,No Location,,,Other crime,Status update unavailable,
c3edeae79ff8ce0346b92cd421c7006ef0e3eb5a77b2cd5790f60775d67c2ec1,2019-05,Lancashire Constabulary,Lancashire Constabulary,,,No Location,,,Other crime,Unable to prosecute suspect,
0da1411d043c6858d253b3ec68bf59b9bd5cf2129bbb5a1d9af02b871b6da08e,2019-05,Lancashire Constabulary,Lancashire Constabulary,,,No Location,,,Other crime,Status update unavailable,
00339866be4235e680b41c162d355f80128c51d00fbaa462f2eddad75e86d6cf,2019-05,Lancashire Constabulary,Lancashire Constabulary,,,No Location,,,Other crime,Unable to prosecute suspect,
a1d4c65b4d082ba885a34c58206245275088d61262503130d573a3090dc47676,2019-05,Lancashire Constabulary,Lancashire Constabulary,,,No Location,,,Other crime,Status update unavailable,
8417d97454700a01b629cb579c448e7789851c9f077c0d02d38c4752168116f2,2019-05,Lancashire Constabulary,Lancashire Constabulary,,,No Location,,,Other crime,Unable to prosecute suspect,
f287c4214e4cb0f178a34f370c17df468d552d5a755a8c5f5115c5c0a64ea97a,2019-05,Lancashire Constabulary,Lancashire Constabulary,,,No Location,,,Other crime,Status update unavailable,
c5d5da6491080b4baa0aba9bb102499e0cf206b10819e72128f23d534f785a23,2019-05,Lancashire Constabulary,Lancashire Constabulary,,,No Location,,,Other crime,Further investigation is not in the public interest,
343373a9f64aaa9afd382d96b2b20573c878c8eb6075e981ea795efb2ee0ba13,2019-05,Lancashire Constabulary,Lancashire Constabulary,,,No Location,,,Other crime,Status update unavailable,
20f1a19e84f37612d0ebf0009751586ddc904fc40659bf7a9d7f3819790faaf6,2019-05,Lancashire Constabulary,Lancashire Constabulary,,,No Location,,,Other crime,Status update unavailable,
cd474e0f8cdc202ca531219618cec84ec0dacd70367feb4e94126be3bdb52538,2019-05,Lancashire Constabulary,Lancashire Constabulary,,,No Location,,,Other crime,Status update unavailable,
0c83db05ca201adbb0ce7ae09bcd19a8ee0a0efd85aa2b410acdb55b4aa6630b,2019-05,Lancashire Constabulary,Lancashire Constabulary,,,No Location,,,Other crime,Action to be taken by another organisation,
4012cfe61b5f5e2360494c562867a1901c7252b9340350f1df1383a813693502,2019-05,Lancashire Constabulary,Lancashire Constabulary,,,No Location,,,Other crime,Status update unavailable,
2339ef987a2be86de94bc7fac9dd2f80806c8dc2d20b058092590fddcc0d12e7,2019-05,Lancashire Constabulary,Lancashire Constabulary,,,No Location,,,Other crime,Unable to prosecute suspect,
b6d60516bcca12986ec70497ef6bb5a9cdd37a77202daed2d8e6d32f432c46d1,2019-05,Lancashire Constabulary,Lancashire Constabulary,,,No Location,,,Other crime,Unable to prosecute suspect,
b23ac4f8401df8a8b8f21a18f42554719295a858269b458972b814538adee691,2019-05,Lancashire Constabulary,Lancashire Constabulary,,,No Location,,,Other crime,Unable to prosecute suspect,
409a01c5fe0c4ddd289526e96b835460ca00762c60f3a641ec359031dd0d570b,2019-05,Lancashire Constabulary,Lancashire Constabulary,,,No Location,,,Other crime,Unable to prosecute suspect,
87c92f8378b8bf7fa979f9b60663fef41efcbeee340e4f308cf1e15e6a7b1d7c,2019-05,Lancashire Constabulary,Lancashire Constabulary,,,No Location,,,Other crime,Status update unavailable,
c218fdf64068d627d4d1f5a1b43d176c2e47c04430ebbd22bddd13e37f722b09,2019-05,Lancashire Constabulary,Lancashire Constabulary,,,No Location,,,Other crime,Unable to prosecute suspect,
ed5a1580d791b5af43f405627ea2d9e628c0aeb02b63d711c58c2c3fb385d733,2019-05,Lancashire Constabulary,Lancashire Constabulary,,,No Location,,,Other crime,Status update unavailable,
